t # 15000
v 0 1
v 1 1
v 2 2
v 3 3
v 4 3
v 5 3
v 6 3
v 7 3
v 8 3
v 9 3
v 10 3
v 11 3
v 12 3
v 13 4
v 14 4
v 15 4
v 16 4
v 17 4
v 18 4
v 19 4
v 20 4
v 21 4
v 22 4
v 23 4
v 24 4
v 25 4
e 0 7 1
e 0 12 1
e 1 8 1
e 1 12 1
e 2 10 1
e 2 24 1
e 2 25 1
e 3 4 1
e 3 5 1
e 3 13 1
e 3 14 1
e 4 6 2
e 4 9 1
e 5 10 1
e 5 15 1
e 5 16 1
e 6 7 1
e 6 17 1
e 7 8 2
e 8 11 1
e 9 11 2
e 9 20 1
e 10 18 1
e 10 19 1
e 11 21 1
e 12 22 1
e 12 23 1
t # 15001
v 0 1
v 1 1
v 2 1
v 3 2
v 4 3
v 5 3
v 6 3
v 7 3
v 8 3
v 9 3
v 10 3
v 11 3
v 12 3
v 13 3
v 14 3
v 15 3
v 16 3
v 17 3
v 18 3
v 19 3
v 20 3
v 21 3
v 22 4
v 23 4
v 24 4
v 25 4
v 26 4
v 27 4
v 28 4
v 29 4
v 30 4
v 31 4
v 32 4
v 33 4
v 34 4
v 35 4
v 36 4
v 37 4
v 38 4
v 39 4
v 40 4
e 0 17 1
e 0 36 1
e 1 18 1
e 1 37 1
e 2 19 1
e 2 21 1
e 3 4 1
e 3 8 1
e 3 13 1
e 4 5 1
e 4 6 1
e 4 22 1
e 5 7 2
e 5 10 1
e 6 11 1
e 6 23 1
e 6 24 1
e 7 9 1
e 7 14 1
e 8 9 1
e 8 25 1
e 8 26 1
e 9 27 1
e 9 28 1
e 10 12 1
e 10 15 2
e 11 12 2
e 11 16 1
e 12 17 1
e 13 29 1
e 13 30 1
e 13 31 1
e 14 18 2
e 14 32 1
e 15 18 1
e 15 33 1
e 16 20 2
e 16 34 1
e 17 19 2
e 19 20 1
e 20 35 1
e 21 38 1
e 21 39 1
e 21 40 1
t # 15002
v 0 1
v 1 1
v 2 1
v 3 1
v 4 1
v 5 1
v 6 2
v 7 2
v 8 3
v 9 3
v 10 3
v 11 3
v 12 3
v 13 3
v 14 3
v 15 3
v 16 3
v 17 3
v 18 3
v 19 3
v 20 3
v 21 3
v 22 3
v 23 3
v 24 3
v 25 3
v 26 3
v 27 3
v 28 3
v 29 3
v 30 3
v 31 3
v 32 3
v 33 3
v 34 3
v 35 3
v 36 3
v 37 4
v 38 4
v 39 4
v 40 4
v 41 4
v 42 4
v 43 4
v 44 4
v 45 4
v 46 4
v 47 4
v 48 4
v 49 4
v 50 4
v 51 4
v 52 4
v 53 4
v 54 4
v 55 4
v 56 4
v 57 4
v 58 4
v 59 4
v 60 4
v 61 4
v 62 4
v 63 4
v 64 4
v 65 4
v 66 4
v 67 4
v 68 4
v 69 4
v 70 4
v 71 4
v 72 4
e 0 14 1
e 0 18 1
e 1 15 1
e 1 20 1
e 2 20 2
e 3 31 1
e 3 34 1
e 4 32 1
e 4 35 1
e 5 33 1
e 5 36 1
e 6 12 1
e 6 13 1
e 6 16 1
e 7 22 1
e 7 24 1
e 7 57 1
e 8 9 1
e 8 10 1
e 8 12 1
e 8 37 1
e 9 11 1
e 9 13 1
e 9 38 1
e 10 14 1
e 10 39 1
e 10 40 1
e 11 15 1
e 11 41 1
e 11 42 1
e 12 43 1
e 12 44 1
e 13 45 1
e 13 46 1
e 14 15 1
e 14 47 1
e 15 48 1
e 16 17 1
e 16 49 1
e 16 50 1
e 17 19 1
e 17 51 1
e 17 52 1
e 18 53 1
e 18 54 1
e 18 55 1
e 19 21 1
e 19 22 2
e 20 23 1
e 21 24 1
e 21 25 2
e 22 56 1
e 23 26 2
e 23 27 1
e 24 28 2
e 25 29 1
e 25 58 1
e 26 32 1
e 26 59 1
e 27 31 2
e 27 60 1
e 28 30 1
e 28 61 1
e 29 30 2
e 29 62 1
e 30 63 1
e 31 33 1
e 32 33 2
e 34 64 1
e 34 65 1
e 34 66 1
e 35 67 1
e 35 68 1
e 35 69 1
e 36 70 1
e 36 71 1
e 36 72 1
t # 15003
v 0 11
v 1 1
v 2 1
v 3 1
v 4 3
v 5 3
v 6 3
v 7 3
v 8 3
v 9 3
v 10 3
v 11 3
v 12 3
v 13 3
v 14 4
v 15 4
v 16 4
v 17 4
v 18 4
v 19 4
v 20 4
v 21 4
v 22 4
v 23 4
v 24 4
v 25 4
e 0 8 1
e 0 13 1
e 1 4 1
e 1 5 1
e 2 9 1
e 2 24 1
e 3 9 2
e 4 5 1
e 4 6 1
e 4 9 1
e 5 7 1
e 5 8 1
e 6 10 1
e 6 14 1
e 6 15 1
e 7 16 1
e 7 17 1
e 7 18 1
e 8 11 2
e 10 19 1
e 10 20 1
e 10 21 1
e 11 12 1
e 11 22 1
e 12 13 2
e 12 23 1
e 13 25 1
t # 15004
v 0 1
v 1 2
v 2 2
v 3 3
v 4 3
v 5 3
v 6 3
v 7 3
v 8 3
v 9 3
v 10 3
v 11 3
v 12 3
v 13 3
v 14 3
v 15 3
v 16 3
v 17 3
v 18 4
v 19 4
v 20 4
v 21 4
v 22 4
v 23 4
v 24 4
v 25 4
v 26 4
v 27 4
v 28 4
v 29 4
v 30 4
v 31 4
v 32 4
v 33 4
v 34 4
v 35 4
v 36 4
v 37 4
v 38 4
v 39 4
v 40 4
v 41 4
v 42 4
v 43 4
v 44 4
v 45 4
e 0 8 2
e 1 6 1
e 1 14 1
e 1 15 1
e 2 7 1
e 2 16 1
e 2 17 1
e 3 4 1
e 3 6 1
e 3 7 1
e 3 8 1
e 4 5 1
e 4 9 1
e 4 10 1
e 5 11 1
e 5 18 1
e 5 19 1
e 6 20 1
e 6 21 1
e 7 22 1
e 7 23 1
e 8 12 1
e 9 24 1
e 9 25 1
e 9 26 1
e 10 27 1
e 10 28 1
e 10 29 1
e 11 12 2
e 11 13 1
e 12 30 1
e 13 31 1
e 13 32 1
e 13 33 1
e 14 34 1
e 14 35 1
e 14 36 1
e 15 37 1
e 15 38 1
e 15 39 1
e 16 40 1
e 16 41 1
e 16 42 1
e 17 43 1
e 17 44 1
e 17 45 1
t # 15005
v 0 2
v 1 2
v 2 3
v 3 3
v 4 3
v 5 3
v 6 3
v 7 3
v 8 3
v 9 3
v 10 3
v 11 3
v 12 3
v 13 3
v 14 3
v 15 3
v 16 3
v 17 3
v 18 3
v 19 3
v 20 4
v 21 4
v 22 4
v 23 4
v 24 4
v 25 4
v 26 4
v 27 4
v 28 4
v 29 4
v 30 4
v 31 4
v 32 4
v 33 4
v 34 4
v 35 4
v 36 4
v 37 4
v 38 4
v 39 4
v 40 4
v 41 4
v 42 4
v 43 4
v 44 4
v 45 4
e 0 11 1
e 0 17 1
e 0 18 1
e 2 3 1
e 2 4 1
e 2 5 1
e 2 20 1
e 3 9 1
e 3 10 1
e 3 12 1
e 4 6 1
e 4 21 1
e 4 22 1
e 5 7 1
e 5 23 1
e 5 24 1
e 6 8 1
e 6 25 1
e 6 26 1
e 7 8 1
e 7 27 1
e 7 28 1
e 8 29 1
e 8 30 1
e 9 11 1
e 9 31 1
e 9 32 1
e 10 13 2
e 10 14 1
e 11 33 1
e 11 34 1
e 13 15 1
e 13 35 1
e 14 16 2
e 14 36 1
e 15 19 2
e 15 37 1
e 16 19 1
e 16 38 1
e 17 39 1
e 17 40 1
e 17 41 1
e 18 42 1
e 18 43 1
e 18 44 1
e 19 45 1
t # 15006
v 0 1
v 1 1
v 2 2
v 3 3
v 4 3
v 5 3
v 6 3
v 7 3
v 8 3
v 9 3
v 10 3
v 11 3
v 12 3
v 13 3
v 14 3
v 15 3
v 16 3
v 17 3
v 18 3
v 19 3
v 20 4
v 21 4
v 22 4
v 23 4
v 24 4
v 25 4
v 26 4
v 27 4
v 28 4
v 29 4
v 30 4
v 31 4
v 32 4
v 33 4
v 34 4
v 35 4
v 36 4
v 37 4
v 38 4
v 39 4
v 40 4
v 41 4
v 42 4
v 43 4
v 44 4
v 45 4
v 46 4
v 47 4
v 48 4
v 49 4
v 50 4
v 51 4
v 52 4
e 0 12 1
e 0 14 1
e 1 12 2
e 2 15 1
e 2 16 1
e 2 17 1
e 3 4 1
e 3 5 1
e 3 11 1
e 3 20 1
e 4 6 1
e 4 21 1
e 4 22 1
e 5 7 1
e 5 23 1
e 5 24 1
e 6 8 1
e 6 25 1
e 6 26 1
e 7 9 1
e 7 27 1
e 7 28 1
e 8 10 1
e 8 29 1
e 8 30 1
e 9 10 1
e 9 31 1
e 9 32 1
e 10 33 1
e 10 34 1
e 11 12 1
e 11 35 1
e 11 36 1
e 13 14 1
e 13 15 1
e 13 37 1
e 13 38 1
e 14 39 1
e 14 40 1
e 15 41 1
e 15 42 1
e 16 18 1
e 16 43 1
e 16 44 1
e 17 19 1
e 17 45 1
e 17 46 1
e 18 47 1
e 18 48 1
e 18 49 1
e 19 50 1
e 19 51 1
e 19 52 1
t # 15007
v 0 1
v 1 1
v 2 2
v 3 2
v 4 2
v 5 3
v 6 3
v 7 3
v 8 3
v 9 3
v 10 3
v 11 4
v 12 4
v 13 4
v 14 4
v 15 4
v 16 4
v 17 4
v 18 4
v 19 4
v 20 4
v 21 4
v 22 4
v 23 4
e 0 7 2
e 1 8 2
e 2 6 1
e 2 9 1
e 2 10 1
e 3 7 1
e 3 20 1
e 3 21 1
e 4 8 1
e 4 22 1
e 4 23 1
e 5 6 1
e 5 7 1
e 5 8 1
e 5 11 1
e 6 12 1
e 6 13 1
e 9 14 1
e 9 15 1
e 9 16 1
e 10 17 1
e 10 18 1
e 10 19 1
t # 15008
v 0 8
v 1 1
v 2 1
v 3 1
v 4 2
v 5 3
v 6 3
v 7 3
v 8 3
v 9 3
v 10 3
v 11 3
v 12 3
v 13 3
v 14 3
v 15 3
v 16 3
v 17 3
v 18 3
v 19 3
v 20 3
v 21 3
v 22 3
v 23 3
v 24 3
v 25 3
v 26 3
v 27 4
v 28 4
v 29 4
v 30 4
v 31 4
v 32 4
v 33 4
v 34 4
v 35 4
v 36 4
v 37 4
v 38 4
v 39 4
v 40 4
v 41 4
v 42 4
v 43 4
v 44 4
v 45 4
v 46 4
v 47 4
v 48 4
v 49 4
v 50 4
v 51 4
v 52 4
v 53 4
v 54 4
v 55 4
v 56 4
v 57 4
v 58 4
e 1 15 1
e 2 16 1
e 4 12 1
e 4 45 1
e 5 6 1
e 5 7 1
e 5 27 1
e 5 28 1
e 6 8 1
e 6 29 1
e 6 30 1
e 7 9 1
e 7 31 1
e 7 32 1
e 8 10 1
e 8 33 1
e 8 34 1
e 9 11 1
e 9 35 1
e 9 36 1
e 10 12 1
e 10 37 1
e 10 38 1
e 11 13 1
e 11 39 1
e 11 40 1
e 12 41 1
e 12 42 1
e 13 14 1
e 13 43 1
e 13 44 1
e 14 46 1
e 14 47 1
e 14 48 1
e 15 17 2
e 15 19 1
e 16 18 2
e 16 20 1
e 17 21 1
e 17 49 1
e 18 22 1
e 18 50 1
e 19 23 2
e 19 51 1
e 20 24 2
e 20 52 1
e 21 25 2
e 21 53 1
e 22 26 2
e 22 54 1
e 23 25 1
e 23 55 1
e 24 26 1
e 24 56 1
e 25 57 1
e 26 58 1
t # 15009
v 0 1
v 1 2
v 2 3
v 3 3
v 4 3
v 5 3
v 6 3
v 7 3
v 8 3
v 9 3
v 10 3
v 11 3
v 12 4
v 13 4
v 14 4
v 15 4
v 16 4
v 17 4
v 18 4
v 19 4
v 20 4
v 21 4
v 22 4
e 0 7 2
e 1 3 1
e 1 19 1
e 1 20 1
e 2 3 1
e 2 4 1
e 2 12 1
e 2 13 1
e 3 7 1
e 3 14 1
e 4 5 1
e 4 15 1
e 4 16 1
e 5 6 1
e 5 8 2
e 6 7 1
e 6 9 2
e 8 10 1
e 8 17 1
e 9 11 1
e 9 18 1
e 10 11 2
e 10 21 1
e 11 22 1
t # 15010
v 0 1
v 1 1
v 2 2
v 3 2
v 4 2
v 5 2
v 6 2
v 7 3
v 8 3
v 9 3
v 10 3
v 11 3
v 12 3
v 13 3
v 14 3
v 15 3
v 16 4
v 17 4
v 18 4
v 19 4
v 20 4
v 21 4
v 22 4
v 23 4
v 24 4
v 25 4
v 26 4
e 0 13 1
e 0 26 1
e 1 13 2
e 2 7 1
e 2 10 1
e 2 20 1
e 3 8 1
e 3 14 2
e 4 10 2
e 4 15 1
e 5 11 2
e 5 14 1
e 6 11 1
e 6 15 2
e 7 9 1
e 7 13 1
e 7 16 1
e 8 10 1
e 8 11 1
e 8 17 1
e 9 12 1
e 9 18 1
e 9 19 1
e 12 21 1
e 12 22 1
e 12 23 1
e 14 24 1
e 15 25 1
t # 15011
v 0 1
v 1 1
v 2 1
v 3 2
v 4 2
v 5 2
v 6 3
v 7 3
v 8 3
v 9 3
v 10 3
v 11 3
v 12 4
v 13 4
v 14 4
v 15 4
v 16 4
v 17 4
v 18 4
e 0 7 2
e 1 8 2
e 2 11 2
e 3 8 1
e 3 11 1
e 3 15 1
e 4 9 1
e 4 11 1
e 4 16 1
e 5 10 1
e 5 17 1
e 5 18 1
e 6 7 1
e 6 8 1
e 6 9 2
e 7 10 1
e 9 12 1
e 10 13 1
e 10 14 1
t # 15012
v 0 1
v 1 1
v 2 2
v 3 2
v 4 3
v 5 3
v 6 3
v 7 3
v 8 3
v 9 3
v 10 3
v 11 3
v 12 3
v 13 3
v 14 3
v 15 4
v 16 4
v 17 4
v 18 4
v 19 4
v 20 4
v 21 4
v 22 4
v 23 4
v 24 4
v 25 4
v 26 4
v 27 4
v 28 4
v 29 4
v 30 4
v 31 4
e 0 14 1
e 0 31 1
e 1 14 2
e 2 4 1
e 2 5 1
e 2 6 1
e 2 7 1
e 3 13 1
e 3 29 1
e 3 30 1
e 4 8 2
e 4 9 1
e 5 15 1
e 5 16 1
e 5 17 1
e 6 18 1
e 6 19 1
e 6 20 1
e 7 21 1
e 7 22 1
e 7 23 1
e 8 11 1
e 8 24 1
e 9 12 2
e 9 25 1
e 10 11 2
e 10 12 1
e 10 13 1
e 11 26 1
e 12 27 1
e 13 14 1
e 13 28 1
t # 15013
v 0 1
v 1 1
v 2 1
v 3 2
v 4 3
v 5 3
v 6 3
v 7 3
v 8 3
v 9 3
v 10 3
v 11 3
v 12 3
v 13 3
v 14 3
v 15 3
v 16 3
v 17 3
v 18 4
v 19 4
v 20 4
v 21 4
v 22 4
v 23 4
v 24 4
v 25 4
v 26 4
v 27 4
v 28 4
v 29 4
v 30 4
v 31 4
v 32 4
v 33 4
v 34 4
v 35 4
v 36 4
v 37 4
v 38 4
v 39 4
v 40 4
v 41 4
e 0 12 1
e 0 15 1
e 1 13 1
e 1 16 1
e 2 14 1
e 2 17 1
e 3 4 1
e 3 6 1
e 3 7 1
e 3 8 1
e 4 5 1
e 4 18 1
e 4 19 1
e 5 9 1
e 5 20 1
e 5 21 1
e 6 22 1
e 6 23 1
e 6 24 1
e 7 25 1
e 7 26 1
e 7 27 1
e 8 28 1
e 8 29 1
e 8 30 1
e 9 10 2
e 9 11 1
e 10 13 1
e 10 31 1
e 11 12 2
e 11 32 1
e 12 14 1
e 13 14 2
e 15 33 1
e 15 34 1
e 15 35 1
e 16 36 1
e 16 37 1
e 16 38 1
e 17 39 1
e 17 40 1
e 17 41 1
t # 15014
v 0 1
v 1 2
v 2 2
v 3 3
v 4 3
v 5 3
v 6 3
v 7 3
v 8 3
v 9 3
v 10 3
v 11 3
v 12 3
v 13 3
v 14 3
v 15 3
v 16 3
v 17 3
v 18 3
v 19 3
v 20 3
v 21 3
v 22 3
v 23 4
v 24 4
v 25 4
v 26 4
v 27 4
v 28 4
v 29 4
v 30 4
v 31 4
v 32 4
v 33 4
v 34 4
v 35 4
v 36 4
v 37 4
v 38 4
v 39 4
v 40 4
v 41 4
v 42 4
v 43 4
v 44 4
v 45 4
v 46 4
v 47 4
v 48 4
v 49 4
v 50 4
v 51 4
v 52 4
e 0 9 2
e 1 6 1
e 1 7 1
e 1 8 1
e 2 9 1
e 2 19 1
e 2 20 1
e 3 4 1
e 3 5 1
e 3 9 1
e 3 23 1
e 4 6 1
e 4 24 1
e 4 25 1
e 5 7 1
e 5 26 1
e 5 27 1
e 6 28 1
e 6 29 1
e 7 30 1
e 7 31 1
e 8 10 1
e 8 32 1
e 8 33 1
e 10 16 2
e 10 17 1
e 11 12 2
e 11 13 1
e 11 16 1
e 12 14 1
e 12 18 1
e 13 15 1
e 13 34 1
e 13 35 1
e 14 15 1
e 14 36 1
e 14 37 1
e 15 38 1
e 15 39 1
e 16 40 1
e 17 18 2
e 17 41 1
e 18 42 1
e 19 21 1
e 19 43 1
e 19 44 1
e 20 22 1
e 20 45 1
e 20 46 1
e 21 47 1
e 21 48 1
e 21 49 1
e 22 50 1
e 22 51 1
e 22 52 1
t # 15015
v 0 1
v 1 1
v 2 2
v 3 3
v 4 3
v 5 3
v 6 3
v 7 3
v 8 3
v 9 3
v 10 3
v 11 3
v 12 3
v 13 3
v 14 3
v 15 3
v 16 3
v 17 3
v 18 3
v 19 4
v 20 4
v 21 4
v 22 4
v 23 4
v 24 4
v 25 4
v 26 4
v 27 4
v 28 4
v 29 4
v 30 4
v 31 4
v 32 4
v 33 4
v 34 4
v 35 4
v 36 4
v 37 4
v 38 4
v 39 4
v 40 4
v 41 4
e 0 9 1
e 0 11 1
e 1 7 2
e 2 10 1
e 2 14 1
e 2 15 1
e 3 4 1
e 3 5 1
e 3 8 2
e 4 6 1
e 4 19 1
e 4 20 1
e 5 7 1
e 5 9 2
e 6 7 1
e 6 21 1
e 6 22 1
e 8 12 1
e 8 16 1
e 9 13 1
e 10 11 1
e 10 23 1
e 10 24 1
e 11 25 1
e 11 26 1
e 12 13 2
e 12 27 1
e 13 28 1
e 14 17 1
e 14 29 1
e 14 30 1
e 15 18 1
e 15 31 1
e 15 32 1
e 16 33 1
e 16 34 1
e 16 35 1
e 17 36 1
e 17 37 1
e 17 38 1
e 18 39 1
e 18 40 1
e 18 41 1
t # 15016
v 0 2
v 1 2
v 2 2
v 3 2
v 4 3
v 5 3
v 6 3
v 7 3
v 8 3
v 9 3
v 10 3
v 11 3
v 12 3
v 13 3
v 14 3
v 15 3
v 16 3
v 17 3
v 18 3
v 19 3
v 20 3
v 21 3
v 22 3
v 23 3
v 24 3
v 25 3
v 26 4
v 27 4
v 28 4
v 29 4
v 30 4
v 31 4
v 32 4
v 33 4
v 34 4
v 35 4
v 36 4
v 37 4
v 38 4
v 39 4
v 40 4
v 41 4
v 42 4
v 43 4
v 44 4
v 45 4
v 46 4
v 47 4
v 48 4
v 49 4
e 0 4 1
e 0 5 1
e 0 8 1
e 1 6 1
e 1 7 1
e 1 9 1
e 2 14 1
e 2 16 1
e 2 40 1
e 3 15 1
e 3 17 1
e 3 41 1
e 4 6 1
e 4 26 1
e 4 27 1
e 5 7 1
e 5 28 1
e 5 29 1
e 6 30 1
e 6 31 1
e 7 32 1
e 7 33 1
e 8 10 1
e 8 34 1
e 8 35 1
e 9 11 1
e 9 36 1
e 9 37 1
e 10 12 1
e 10 14 2
e 11 13 1
e 11 15 2
e 12 16 1
e 12 18 2
e 13 17 1
e 13 19 2
e 14 38 1
e 15 39 1
e 16 20 2
e 17 21 2
e 18 22 1
e 18 42 1
e 19 23 1
e 19 43 1
e 20 24 1
e 20 44 1
e 21 25 1
e 21 45 1
e 22 24 2
e 22 46 1
e 23 25 2
e 23 47 1
e 24 48 1
e 25 49 1
t # 15017
v 0 1
v 1 2
v 2 2
v 3 2
v 4 3
v 5 3
v 6 3
v 7 3
v 8 3
v 9 3
v 10 3
v 11 3
v 12 3
v 13 3
v 14 3
v 15 3
v 16 3
v 17 3
v 18 3
v 19 3
v 20 3
v 21 4
v 22 4
v 23 4
v 24 4
v 25 4
v 26 4
v 27 4
v 28 4
v 29 4
v 30 4
v 31 4
v 32 4
v 33 4
v 34 4
v 35 4
v 36 4
v 37 4
v 38 4
v 39 4
v 40 4
v 41 4
v 42 4
v 43 4
e 0 10 2
e 1 7 1
e 1 8 1
e 1 9 1
e 2 10 1
e 2 15 1
e 2 16 1
e 3 13 1
e 3 14 1
e 3 33 1
e 4 5 1
e 4 6 1
e 4 10 1
e 4 21 1
e 5 7 1
e 5 22 1
e 5 23 1
e 6 8 1
e 6 24 1
e 6 25 1
e 7 26 1
e 7 27 1
e 8 28 1
e 8 29 1
e 9 11 1
e 9 30 1
e 9 31 1
e 11 12 1
e 11 13 2
e 12 14 1
e 12 17 2
e 13 32 1
e 14 18 2
e 15 35 1
e 15 36 1
e 15 37 1
e 16 38 1
e 16 39 1
e 16 40 1
e 17 19 1
e 17 34 1
e 18 20 1
e 18 41 1
e 19 20 2
e 19 42 1
e 20 43 1
t # 15018
v 0 1
v 1 2
v 2 2
v 3 2
v 4 3
v 5 3
v 6 3
v 7 3
v 8 3
v 9 3
v 10 3
v 11 3
v 12 3
v 13 3
v 14 3
v 15 3
v 16 3
v 17 3
v 18 3
v 19 3
v 20 3
v 21 3
v 22 3
v 23 3
v 24 3
v 25 3
v 26 4
v 27 4
v 28 4
v 29 4
v 30 4
v 31 4
v 32 4
v 33 4
v 34 4
v 35 4
v 36 4
v 37 4
v 38 4
v 39 4
v 40 4
v 41 4
v 42 4
v 43 4
v 44 4
v 45 4
v 46 4
v 47 4
v 48 4
v 49 4
v 50 4
e 0 10 2
e 1 7 1
e 1 8 1
e 1 9 1
e 2 10 1
e 2 15 1
e 2 37 1
e 3 13 1
e 3 14 1
e 3 39 1
e 4 5 1
e 4 6 1
e 4 10 1
e 4 26 1
e 5 7 1
e 5 27 1
e 5 28 1
e 6 8 1
e 6 29 1
e 6 30 1
e 7 31 1
e 7 32 1
e 8 33 1
e 8 34 1
e 9 11 1
e 9 35 1
e 9 36 1
e 11 12 1
e 11 13 2
e 12 14 1
e 12 16 2
e 13 38 1
e 14 17 2
e 15 18 1
e 15 40 1
e 15 41 1
e 16 19 1
e 16 42 1
e 17 20 1
e 17 43 1
e 18 21 2
e 18 22 1
e 19 20 2
e 19 44 1
e 20 45 1
e 21 23 1
e 21 46 1
e 22 24 2
e 22 47 1
e 23 25 2
e 23 48 1
e 24 25 1
e 24 49 1
e 25 50 1
t # 15019
v 0 1
v 1 1
v 2 2
v 3 3
v 4 3
v 5 3
v 6 3
v 7 3
v 8 3
v 9 3
v 10 3
v 11 3
v 12 3
v 13 3
v 14 3
v 15 3
v 16 3
v 17 3
v 18 4
v 19 4
v 20 4
v 21 4
v 22 4
v 23 4
v 24 4
v 25 4
v 26 4
v 27 4
v 28 4
v 29 4
v 30 4
v 31 4
v 32 4
v 33 4
v 34 4
v 35 4
v 36 4
v 37 4
v 38 4
e 0 11 1
e 0 12 1
e 1 7 2
e 2 13 1
e 2 16 1
e 2 17 1
e 3 4 1
e 3 7 1
e 3 8 1
e 3 18 1
e 4 5 1
e 4 19 1
e 4 20 1
e 5 6 2
e 5 10 1
e 6 7 1
e 6 9 1
e 8 21 1
e 8 22 1
e 8 23 1
e 9 12 2
e 9 24 1
e 10 14 2
e 10 25 1
e 11 13 1
e 11 15 1
e 11 26 1
e 12 14 1
e 13 27 1
e 13 28 1
e 14 29 1
e 15 30 1
e 15 31 1
e 15 32 1
e 16 33 1
e 16 34 1
e 16 35 1
e 17 36 1
e 17 37 1
e 17 38 1
t # 15020
v 0 18
v 1 1
v 2 2
v 3 2
v 4 2
v 5 2
v 6 3
v 7 3
v 8 3
v 9 3
v 10 3
v 11 3
v 12 3
v 13 4
v 14 4
v 15 4
v 16 4
v 17 4
v 18 4
v 19 4
e 1 17 1
e 2 4 1
e 2 6 1
e 3 8 2
e 3 12 1
e 4 12 2
e 5 12 1
e 5 18 1
e 5 19 1
e 6 8 1
e 6 9 2
e 7 9 1
e 7 11 1
e 7 13 1
e 8 10 1
e 9 14 1
e 10 11 2
e 10 15 1
e 11 16 1
t # 15021
v 0 2
v 1 2
v 2 3
v 3 3
v 4 3
v 5 3
v 6 3
v 7 3
v 8 3
v 9 3
v 10 3
v 11 3
v 12 3
v 13 3
v 14 3
v 15 3
v 16 3
v 17 3
v 18 3
v 19 3
v 20 3
v 21 3
v 22 3
v 23 3
v 24 4
v 25 4
v 26 4
v 27 4
v 28 4
v 29 4
v 30 4
v 31 4
v 32 4
v 33 4
v 34 4
v 35 4
v 36 4
v 37 4
v 38 4
v 39 4
v 40 4
v 41 4
v 42 4
v 43 4
v 44 4
v 45 4
v 46 4
v 47 4
v 48 4
v 49 4
v 50 4
v 51 4
v 52 4
v 53 4
e 0 3 1
e 0 6 1
e 0 8 1
e 1 10 1
e 1 11 1
e 1 12 1
e 2 3 1
e 2 4 1
e 2 9 1
e 2 24 1
e 3 25 1
e 3 26 1
e 4 5 1
e 4 27 1
e 4 28 1
e 5 7 1
e 5 29 1
e 5 30 1
e 6 7 1
e 6 31 1
e 6 32 1
e 7 33 1
e 7 34 1
e 8 10 1
e 8 35 1
e 8 36 1
e 9 37 1
e 9 38 1
e 9 39 1
e 10 40 1
e 10 41 1
e 11 13 1
e 11 42 1
e 11 43 1
e 12 14 2
e 12 15 1
e 13 16 2
e 13 17 1
e 14 18 1
e 14 44 1
e 15 19 2
e 15 45 1
e 16 21 1
e 16 46 1
e 17 22 2
e 17 47 1
e 18 20 2
e 18 48 1
e 19 20 1
e 19 49 1
e 20 50 1
e 21 23 2
e 21 51 1
e 22 23 1
e 22 52 1
e 23 53 1
t # 15022
v 0 1
v 1 2
v 2 3
v 3 3
v 4 3
v 5 3
v 6 3
v 7 3
v 8 3
v 9 3
v 10 3
v 11 4
v 12 4
v 13 4
v 14 4
v 15 4
v 16 4
v 17 4
v 18 4
v 19 4
v 20 4
v 21 4
v 22 4
v 23 4
v 24 4
v 25 4
v 26 4
v 27 4
v 28 4
v 29 4
e 0 10 1
e 0 29 1
e 1 5 1
e 1 7 1
e 1 9 1
e 2 3 1
e 2 4 1
e 2 8 1
e 2 11 1
e 3 5 1
e 3 12 1
e 3 13 1
e 4 6 1
e 4 14 1
e 4 15 1
e 5 16 1
e 5 17 1
e 6 7 1
e 6 18 1
e 6 19 1
e 7 20 1
e 7 21 1
e 8 22 1
e 8 23 1
e 8 24 1
e 9 10 1
e 9 25 1
e 9 26 1
e 10 27 1
e 10 28 1
t # 15023
v 0 12
v 1 1
v 2 2
v 3 2
v 4 3
v 5 3
v 6 3
v 7 3
v 8 3
v 9 3
v 10 3
v 11 3
v 12 3
v 13 3
v 14 3
v 15 3
v 16 3
v 17 3
v 18 4
v 19 4
v 20 4
v 21 4
v 22 4
v 23 4
v 24 4
v 25 4
v 26 4
v 27 4
v 28 4
v 29 4
v 30 4
v 31 4
v 32 4
v 33 4
v 34 4
v 35 4
v 36 4
v 37 4
v 38 4
e 0 14 1
e 1 9 2
e 2 5 1
e 2 6 1
e 2 22 1
e 3 9 1
e 3 11 1
e 3 32 1
e 4 5 1
e 4 7 1
e 4 8 1
e 4 18 1
e 5 19 1
e 5 20 1
e 6 9 1
e 6 10 1
e 6 21 1
e 7 23 1
e 7 24 1
e 7 25 1
e 8 26 1
e 8 27 1
e 8 28 1
e 10 29 1
e 10 30 1
e 10 31 1
e 11 12 2
e 11 13 1
e 12 14 1
e 12 15 1
e 13 16 2
e 13 33 1
e 14 17 2
e 15 34 1
e 15 35 1
e 15 36 1
e 16 17 1
e 16 37 1
e 17 38 1
t # 15024
v 0 2
v 1 3
v 2 3
v 3 3
v 4 3
v 5 3
v 6 3
v 7 3
v 8 3
v 9 3
v 10 3
v 11 3
v 12 3
v 13 4
v 14 4
v 15 4
v 16 4
v 17 4
v 18 4
v 19 4
v 20 4
v 21 4
v 22 4
v 23 4
v 24 4
v 25 4
v 26 4
v 27 4
v 28 4
v 29 4
v 30 4
v 31 4
e 0 2 1
e 0 3 1
e 0 18 1
e 1 2 1
e 1 5 1
e 1 6 1
e 1 13 1
e 2 14 1
e 2 15 1
e 3 4 1
e 3 16 1
e 3 17 1
e 4 7 1
e 4 19 1
e 4 20 1
e 5 21 1
e 5 22 1
e 5 23 1
e 6 24 1
e 6 25 1
e 6 26 1
e 7 8 2
e 7 9 1
e 8 10 1
e 8 27 1
e 9 11 2
e 9 28 1
e 10 12 2
e 10 29 1
e 11 12 1
e 11 30 1
e 12 31 1
t # 15025
v 0 1
v 1 1
v 2 1
v 3 2
v 4 3
v 5 3
v 6 3
v 7 3
v 8 3
v 9 3
v 10 3
v 11 3
v 12 3
v 13 3
v 14 3
v 15 3
v 16 3
v 17 3
v 18 4
v 19 4
v 20 4
v 21 4
v 22 4
v 23 4
v 24 4
v 25 4
v 26 4
v 27 4
v 28 4
v 29 4
v 30 4
v 31 4
v 32 4
v 33 4
v 34 4
v 35 4
v 36 4
v 37 4
v 38 4
e 0 8 1
e 0 9 1
e 1 5 1
e 1 31 1
e 2 16 1
e 2 17 1
e 3 4 1
e 3 6 1
e 3 7 1
e 4 5 1
e 4 18 1
e 4 19 1
e 5 10 1
e 5 20 1
e 6 8 1
e 6 21 1
e 6 22 1
e 7 9 1
e 7 23 1
e 7 24 1
e 8 25 1
e 8 26 1
e 9 27 1
e 9 28 1
e 10 11 1
e 10 29 1
e 10 30 1
e 11 12 2
e 11 13 1
e 12 14 1
e 12 32 1
e 13 15 2
e 13 33 1
e 14 16 2
e 14 34 1
e 15 16 1
e 15 35 1
e 17 36 1
e 17 37 1
e 17 38 1
t # 15026
v 0 1
v 1 1
v 2 1
v 3 1
v 4 2
v 5 2
v 6 3
v 7 3
v 8 3
v 9 3
v 10 3
v 11 3
v 12 3
v 13 3
v 14 3
v 15 3
v 16 3
v 17 3
v 18 3
v 19 3
v 20 3
v 21 3
v 22 3
v 23 3
v 24 3
v 25 3
v 26 4
v 27 4
v 28 4
v 29 4
v 30 4
v 31 4
v 32 4
v 33 4
v 34 4
v 35 4
v 36 4
v 37 4
v 38 4
v 39 4
v 40 4
v 41 4
v 42 4
v 43 4
v 44 4
v 45 4
v 46 4
v 47 4
v 48 4
v 49 4
v 50 4
v 51 4
v 52 4
v 53 4
v 54 4
v 55 4
e 0 10 1
e 0 11 1
e 1 14 2
e 2 23 1
e 2 24 1
e 3 24 2
e 4 6 1
e 4 7 1
e 4 8 1
e 5 14 1
e 5 15 1
e 5 42 1
e 6 9 1
e 6 12 1
e 6 26 1
e 7 10 1
e 7 27 1
e 7 28 1
e 8 11 1
e 8 29 1
e 8 30 1
e 9 13 1
e 9 31 1
e 9 32 1
e 10 33 1
e 10 34 1
e 11 35 1
e 11 36 1
e 12 37 1
e 12 38 1
e 12 39 1
e 13 14 1
e 13 40 1
e 13 41 1
e 15 16 2
e 15 17 1
e 16 20 1
e 16 43 1
e 17 21 2
e 17 44 1
e 18 22 1
e 18 23 1
e 18 45 1
e 18 46 1
e 19 20 2
e 19 21 1
e 19 24 1
e 20 47 1
e 21 48 1
e 22 25 1
e 22 49 1
e 22 50 1
e 23 51 1
e 23 52 1
e 25 53 1
e 25 54 1
e 25 55 1
t # 15027
v 0 12
v 1 1
v 2 2
v 3 2
v 4 3
v 5 3
v 6 3
v 7 3
v 8 3
v 9 3
v 10 3
v 11 3
v 12 3
v 13 3
v 14 3
v 15 3
v 16 3
v 17 3
v 18 3
v 19 3
v 20 4
v 21 4
v 22 4
v 23 4
v 24 4
v 25 4
v 26 4
v 27 4
v 28 4
v 29 4
v 30 4
v 31 4
v 32 4
v 33 4
v 34 4
v 35 4
v 36 4
v 37 4
v 38 4
v 39 4
v 40 4
v 41 4
v 42 4
v 43 4
v 44 4
e 0 17 1
e 1 13 2
e 2 4 1
e 2 5 1
e 2 8 1
e 3 13 1
e 3 14 1
e 3 40 1
e 4 6 1
e 4 20 1
e 4 21 1
e 5 7 1
e 5 22 1
e 5 23 1
e 6 9 1
e 6 10 1
e 6 24 1
e 7 11 1
e 7 12 1
e 7 25 1
e 8 13 1
e 8 26 1
e 8 27 1
e 9 28 1
e 9 29 1
e 9 30 1
e 10 31 1
e 10 32 1
e 10 33 1
e 11 34 1
e 11 35 1
e 11 36 1
e 12 37 1
e 12 38 1
e 12 39 1
e 14 15 2
e 14 16 1
e 15 17 1
e 15 41 1
e 16 18 2
e 16 42 1
e 17 19 2
e 18 19 1
e 18 43 1
e 19 44 1
t # 15028
v 0 1
v 1 1
v 2 1
v 3 2
v 4 2
v 5 3
v 6 3
v 7 3
v 8 3
v 9 3
v 10 3
v 11 3
v 12 3
v 13 3
v 14 3
v 15 3
v 16 3
v 17 3
v 18 4
v 19 4
v 20 4
v 21 4
v 22 4
v 23 4
v 24 4
v 25 4
v 26 4
v 27 4
v 28 4
v 29 4
v 30 4
v 31 4
v 32 4
v 33 4
v 34 4
v 35 4
e 0 14 1
e 0 16 1
e 1 8 2
e 2 14 2
e 3 5 1
e 3 8 1
e 3 20 1
e 4 6 1
e 4 9 1
e 4 21 1
e 5 7 1
e 5 10 2
e 6 8 1
e 6 18 1
e 6 19 1
e 7 11 2
e 7 14 1
e 9 15 1
e 9 22 1
e 9 23 1
e 10 12 1
e 10 24 1
e 11 13 1
e 11 25 1
e 12 13 2
e 12 26 1
e 13 27 1
e 15 28 1
e 15 29 1
e 15 30 1
e 16 17 1
e 16 31 1
e 16 32 1
e 17 33 1
e 17 34 1
e 17 35 1
t # 15029
v 0 1
v 1 1
v 2 1
v 3 1
v 4 2
v 5 2
v 6 3
v 7 3
v 8 3
v 9 3
v 10 3
v 11 3
v 12 3
v 13 3
v 14 3
v 15 3
v 16 3
v 17 3
v 18 3
v 19 3
v 20 3
v 21 3
v 22 4
v 23 4
v 24 4
v 25 4
v 26 4
v 27 4
v 28 4
v 29 4
v 30 4
v 31 4
v 32 4
v 33 4
v 34 4
v 35 4
v 36 4
v 37 4
v 38 4
v 39 4
v 40 4
v 41 4
v 42 4
v 43 4
e 0 11 1
e 0 14 1
e 1 14 2
e 4 7 1
e 4 9 1
e 4 30 1
e 5 19 1
e 6 7 1
e 6 8 1
e 6 22 1
e 6 23 1
e 7 24 1
e 7 25 1
e 8 10 1
e 8 26 1
e 8 27 1
e 9 11 1
e 9 28 1
e 9 29 1
e 10 12 1
e 10 31 1
e 10 32 1
e 11 13 1
e 11 33 1
e 12 34 1
e 12 35 1
e 12 36 1
e 13 16 2
e 13 37 1
e 14 15 1
e 15 17 2
e 15 18 1
e 16 38 1
e 16 39 1
e 17 20 1
e 17 40 1
e 18 21 2
e 18 41 1
e 19 20 2
e 19 21 1
e 20 42 1
e 21 43 1
t # 15030
v 0 12
v 1 1
v 2 1
v 3 1
v 4 1
v 5 1
v 6 1
v 7 1
v 8 2
v 9 3
v 10 3
v 11 3
v 12 3
v 13 3
v 14 3
v 15 3
v 16 3
v 17 3
v 18 3
v 19 3
v 20 3
v 21 3
v 22 3
v 23 3
v 24 3
v 25 3
v 26 3
v 27 4
v 28 4
v 29 4
v 30 4
v 31 4
v 32 4
v 33 4
v 34 4
v 35 4
v 36 4
v 37 4
v 38 4
v 39 4
v 40 4
v 41 4
v 42 4
v 43 4
v 44 4
v 45 4
v 46 4
v 47 4
v 48 4
v 49 4
v 50 4
e 1 9 1
e 1 35 1
e 2 19 1
e 2 24 1
e 3 22 1
e 3 25 1
e 4 48 1
e 5 49 1
e 6 50 1
e 8 15 2
e 8 22 1
e 9 10 1
e 9 11 1
e 9 15 1
e 10 12 1
e 10 27 1
e 10 28 1
e 11 13 1
e 11 29 1
e 11 30 1
e 12 14 1
e 12 31 1
e 12 32 1
e 13 14 2
e 13 16 1
e 14 17 1
e 15 18 1
e 16 20 2
e 16 33 1
e 17 19 2
e 17 34 1
e 18 21 2
e 18 36 1
e 19 20 1
e 20 37 1
e 21 23 1
e 21 38 1
e 22 23 2
e 23 39 1
e 24 40 1
e 24 41 1
e 24 42 1
e 25 26 1
e 25 43 1
e 25 44 1
e 26 45 1
e 26 46 1
e 26 47 1
t # 15031
v 0 12
v 1 12
v 2 11
v 3 11
v 4 2
v 5 3
v 6 3
v 7 3
v 8 3
v 9 3
v 10 3
v 11 3
v 12 3
v 13 4
v 14 4
v 15 4
v 16 4
v 17 4
v 18 4
v 19 4
v 20 4
v 21 4
v 22 4
v 23 4
v 24 4
v 25 4
v 26 4
v 27 4
v 28 4
v 29 4
e 0 11 1
e 1 12 1
e 2 7 1
e 2 9 1
e 3 8 1
e 3 10 1
e 4 5 1
e 4 6 1
e 4 17 1
e 5 7 1
e 5 13 1
e 5 14 1
e 6 8 1
e 6 15 1
e 6 16 1
e 7 18 1
e 7 19 1
e 8 20 1
e 8 21 1
e 9 11 1
e 9 22 1
e 9 23 1
e 10 12 1
e 10 24 1
e 10 25 1
e 11 26 1
e 11 27 1
e 12 28 1
e 12 29 1
t # 15032
v 0 11
v 1 8
v 2 1
v 3 1
v 4 2
v 5 2
v 6 2
v 7 3
v 8 3
v 9 3
v 10 3
v 11 3
v 12 3
v 13 3
v 14 3
v 15 3
v 16 3
v 17 3
v 18 4
v 19 4
v 20 4
v 21 4
v 22 4
v 23 4
v 24 4
v 25 4
v 26 4
v 27 4
v 28 4
v 29 4
v 30 4
v 31 4
e 0 14 1
e 0 16 1
e 2 10 1
e 4 14 1
e 4 18 1
e 5 14 2
e 5 17 1
e 6 13 1
e 6 28 1
e 6 29 1
e 7 8 2
e 7 9 1
e 8 11 1
e 8 19 1
e 9 12 2
e 9 20 1
e 10 15 1
e 10 21 1
e 10 22 1
e 11 13 2
e 11 23 1
e 12 13 1
e 12 24 1
e 15 25 1
e 15 26 1
e 15 27 1
e 16 17 2
e 16 30 1
e 17 31 1
t # 15033
v 0 1
v 1 2
v 2 3
v 3 3
v 4 3
v 5 3
v 6 3
v 7 3
v 8 3
v 9 3
v 10 3
v 11 3
v 12 3
v 13 3
v 14 4
v 15 4
v 16 4
v 17 4
v 18 4
v 19 4
v 20 4
v 21 4
v 22 4
v 23 4
v 24 4
v 25 4
v 26 4
e 0 3 1
e 0 7 1
e 1 6 2
e 1 8 1
e 2 3 1
e 2 4 1
e 2 14 1
e 2 15 1
e 3 6 1
e 3 16 1
e 4 5 1
e 4 17 1
e 4 18 1
e 5 7 2
e 5 19 1
e 6 20 1
e 7 21 1
e 8 9 2
e 8 10 1
e 9 11 1
e 9 22 1
e 10 12 2
e 10 23 1
e 11 13 2
e 11 24 1
e 12 13 1
e 12 25 1
e 13 26 1
t # 15034
v 0 57
v 1 2
v 2 2
v 3 2
v 4 2
v 5 2
v 6 2
v 7 3
v 8 3
v 9 3
v 10 3
v 11 3
v 12 3
v 13 3
v 14 3
v 15 3
v 16 3
v 17 3
v 18 3
v 19 4
v 20 4
v 21 4
v 22 4
v 23 4
v 24 4
v 25 4
v 26 4
v 27 4
v 28 4
v 29 4
v 30 4
v 31 4
v 32 4
v 33 4
v 34 4
v 35 4
v 36 4
v 37 4
v 38 4
v 39 4
v 40 4
v 41 4
v 42 4
v 43 4
v 44 4
v 45 4
v 46 4
v 47 4
v 48 4
e 1 7 1
e 1 19 1
e 2 8 1
e 2 20 1
e 3 9 1
e 3 21 1
e 4 10 1
e 4 22 1
e 5 11 1
e 5 23 1
e 6 12 1
e 6 24 1
e 7 8 1
e 7 13 1
e 7 25 1
e 8 14 1
e 8 26 1
e 9 10 1
e 9 15 1
e 9 27 1
e 10 16 1
e 10 28 1
e 11 12 1
e 11 17 1
e 11 29 1
e 12 18 1
e 12 30 1
e 13 31 1
e 13 32 1
e 13 33 1
e 14 34 1
e 14 35 1
e 14 36 1
e 15 37 1
e 15 38 1
e 15 39 1
e 16 40 1
e 16 41 1
e 16 42 1
e 17 43 1
e 17 44 1
e 17 45 1
e 18 46 1
e 18 47 1
e 18 48 1
t # 15035
v 0 1
v 1 1
v 2 1
v 3 1
v 4 1
v 5 1
v 6 2
v 7 2
v 8 3
v 9 3
v 10 3
v 11 3
v 12 3
v 13 3
v 14 3
v 15 3
v 16 3
v 17 3
v 18 3
v 19 3
v 20 3
v 21 3
v 22 3
v 23 4
v 24 4
v 25 4
v 26 4
v 27 4
v 28 4
v 29 4
v 30 4
v 31 4
v 32 4
v 33 4
v 34 4
v 35 4
v 36 4
v 37 4
v 38 4
v 39 4
v 40 4
v 41 4
v 42 4
v 43 4
v 44 4
e 0 8 1
e 0 14 1
e 1 9 1
e 1 13 1
e 2 11 1
e 2 17 1
e 3 13 2
e 6 10 1
e 6 12 1
e 6 29 1
e 7 22 1
e 8 9 1
e 8 10 1
e 8 23 1
e 9 11 1
e 9 24 1
e 10 25 1
e 10 26 1
e 11 27 1
e 11 28 1
e 12 15 1
e 12 30 1
e 12 31 1
e 13 16 1
e 14 32 1
e 14 33 1
e 14 34 1
e 15 35 1
e 15 36 1
e 15 37 1
e 16 18 2
e 16 19 1
e 17 38 1
e 17 39 1
e 17 40 1
e 18 20 1
e 18 41 1
e 19 21 2
e 19 42 1
e 20 22 2
e 20 43 1
e 21 22 1
e 21 44 1
t # 15036
v 0 12
v 1 12
v 2 12
v 3 1
v 4 1
v 5 2
v 6 3
v 7 3
v 8 3
v 9 3
v 10 3
v 11 3
v 12 3
v 13 3
v 14 3
v 15 3
v 16 3
v 17 3
v 18 4
v 19 4
v 20 4
v 21 4
v 22 4
v 23 4
v 24 4
v 25 4
v 26 4
v 27 4
v 28 4
v 29 4
v 30 4
v 31 4
e 0 13 1
e 1 15 1
e 2 16 1
e 3 6 1
e 3 9 1
e 4 6 1
e 4 26 1
e 5 7 1
e 5 8 1
e 5 10 1
e 6 7 1
e 6 11 1
e 7 18 1
e 7 19 1
e 8 9 1
e 8 20 1
e 8 21 1
e 9 22 1
e 9 23 1
e 10 12 1
e 10 24 1
e 10 25 1
e 11 13 2
e 11 14 1
e 12 27 1
e 12 28 1
e 12 29 1
e 13 15 1
e 14 16 2
e 14 30 1
e 15 17 2
e 16 17 1
e 17 31 1
t # 15037
v 0 11
v 1 1
v 2 1
v 3 1
v 4 1
v 5 1
v 6 1
v 7 3
v 8 3
v 9 3
v 10 3
v 11 3
v 12 3
v 13 3
v 14 3
v 15 3
v 16 3
v 17 3
v 18 4
v 19 4
v 20 4
v 21 4
v 22 4
v 23 4
v 24 4
v 25 4
e 0 3 2
e 0 4 2
e 0 8 1
e 1 10 1
e 1 23 1
e 2 24 1
e 5 17 1
e 5 25 1
e 6 17 2
e 7 8 1
e 7 9 1
e 7 13 2
e 8 10 2
e 9 12 1
e 9 14 2
e 10 11 1
e 11 12 2
e 11 17 1
e 12 18 1
e 13 15 1
e 13 19 1
e 14 16 1
e 14 20 1
e 15 16 2
e 15 21 1
e 16 22 1
t # 15038
v 0 2
v 1 2
v 2 2
v 3 2
v 4 2
v 5 2
v 6 3
v 7 3
v 8 3
v 9 3
v 10 3
v 11 4
v 12 4
v 13 4
v 14 4
v 15 4
v 16 4
e 0 7 1
e 0 10 1
e 0 12 1
e 1 6 1
e 2 7 2
e 2 9 1
e 3 8 1
e 3 9 2
e 4 5 1
e 4 8 2
e 6 7 1
e 6 8 1
e 6 11 1
e 9 13 1
e 10 14 1
e 10 15 1
e 10 16 1
t # 15039
v 0 1
v 1 2
v 2 2
v 3 3
v 4 3
v 5 3
v 6 3
v 7 3
v 8 3
v 9 3
v 10 3
v 11 3
v 12 3
v 13 3
v 14 3
v 15 3
v 16 3
v 17 3
v 18 3
v 19 3
v 20 3
v 21 3
v 22 3
v 23 3
v 24 3
v 25 3
v 26 3
v 27 3
v 28 3
v 29 3
v 30 3
v 31 3
v 32 3
v 33 3
v 34 3
v 35 3
v 36 3
v 37 3
v 38 3
v 39 3
v 40 3
v 41 3
v 42 4
v 43 4
v 44 4
v 45 4
v 46 4
v 47 4
v 48 4
v 49 4
v 50 4
v 51 4
v 52 4
v 53 4
v 54 4
v 55 4
v 56 4
v 57 4
v 58 4
v 59 4
v 60 4
v 61 4
v 62 4
v 63 4
v 64 4
v 65 4
v 66 4
v 67 4
v 68 4
v 69 4
v 70 4
v 71 4
v 72 4
v 73 4
v 74 4
v 75 4
v 76 4
v 77 4
v 78 4
v 79 4
v 80 4
v 81 4
v 82 4
v 83 4
v 84 4
v 85 4
v 86 4
v 87 4
v 88 4
v 89 4
v 90 4
v 91 4
v 92 4
v 93 4
e 0 8 1
e 0 70 1
e 1 3 1
e 1 4 1
e 1 5 1
e 2 20 1
e 2 23 2
e 3 6 1
e 3 42 1
e 3 43 1
e 4 7 1
e 4 44 1
e 4 45 1
e 5 8 1
e 5 46 1
e 5 47 1
e 6 9 1
e 6 48 1
e 6 49 1
e 7 10 1
e 7 50 1
e 7 51 1
e 8 13 1
e 8 52 1
e 9 11 1
e 9 53 1
e 9 54 1
e 10 12 1
e 10 55 1
e 10 56 1
e 11 14 1
e 11 57 1
e 11 58 1
e 12 15 1
e 12 59 1
e 12 60 1
e 13 18 1
e 13 19 2
e 14 16 1
e 14 61 1
e 14 62 1
e 15 17 1
e 15 63 1
e 15 64 1
e 16 21 1
e 16 65 1
e 16 66 1
e 17 22 1
e 17 67 1
e 17 68 1
e 18 20 2
e 18 24 1
e 19 23 1
e 19 69 1
e 20 25 1
e 21 27 1
e 21 71 1
e 21 72 1
e 22 28 1
e 22 73 1
e 22 74 1
e 23 30 1
e 24 26 2
e 24 75 1
e 25 29 2
e 25 31 1
e 26 29 1
e 26 76 1
e 27 77 1
e 27 78 1
e 27 79 1
e 28 80 1
e 28 81 1
e 28 82 1
e 29 83 1
e 30 32 2
e 30 33 1
e 31 34 2
e 31 35 1
e 32 36 1
e 32 84 1
e 33 37 2
e 33 85 1
e 34 38 1
e 34 86 1
e 35 39 2
e 35 87 1
e 36 40 2
e 36 88 1
e 37 40 1
e 37 89 1
e 38 41 2
e 38 90 1
e 39 41 1
e 39 91 1
e 40 92 1
e 41 93 1
t # 15040
v 0 12
v 1 11
v 2 2
v 3 2
v 4 2
v 5 2
v 6 2
v 7 2
v 8 3
v 9 3
v 10 3
v 11 3
v 12 3
v 13 3
v 14 3
v 15 3
v 16 3
v 17 3
v 18 3
v 19 4
v 20 4
v 21 4
v 22 4
v 23 4
v 24 4
v 25 4
v 26 4
v 27 4
e 0 18 1
e 1 9 1
e 1 11 1
e 2 8 1
e 3 9 2
e 3 13 1
e 4 10 1
e 4 13 2
e 5 6 1
e 5 10 2
e 7 13 1
e 7 26 1
e 7 27 1
e 8 9 1
e 8 10 1
e 8 19 1
e 11 12 1
e 11 20 1
e 11 21 1
e 12 14 2
e 12 15 1
e 14 16 1
e 14 22 1
e 15 17 2
e 15 23 1
e 16 18 2
e 16 24 1
e 17 18 1
e 17 25 1
t # 15041
v 0 2
v 1 2
v 2 2
v 3 2
v 4 2
v 5 2
v 6 3
v 7 3
v 8 3
v 9 3
v 10 3
v 11 3
v 12 3
v 13 3
v 14 4
v 15 4
v 16 4
v 17 4
v 18 4
v 19 4
v 20 4
v 21 4
v 22 4
v 23 4
v 24 4
v 25 4
e 0 6 1
e 0 8 1
e 0 9 1
e 1 6 2
e 1 13 1
e 2 7 1
e 3 10 1
e 3 13 2
e 4 5 1
e 4 10 2
e 6 7 1
e 7 10 1
e 7 14 1
e 8 11 1
e 8 15 1
e 8 16 1
e 9 12 1
e 9 17 1
e 9 18 1
e 11 19 1
e 11 20 1
e 11 21 1
e 12 22 1
e 12 23 1
e 12 24 1
e 13 25 1
t # 15042
v 0 2
v 1 2
v 2 3
v 3 3
v 4 3
v 5 3
v 6 3
v 7 3
v 8 3
v 9 3
v 10 3
v 11 3
v 12 3
v 13 3
v 14 3
v 15 3
v 16 3
v 17 3
v 18 3
v 19 3
v 20 3
v 21 3
v 22 3
v 23 3
v 24 3
v 25 4
v 26 4
v 27 4
v 28 4
v 29 4
v 30 4
v 31 4
v 32 4
v 33 4
v 34 4
v 35 4
v 36 4
v 37 4
v 38 4
v 39 4
v 40 4
v 41 4
v 42 4
v 43 4
v 44 4
v 45 4
v 46 4
v 47 4
v 48 4
v 49 4
v 50 4
v 51 4
v 52 4
e 0 2 1
e 0 5 1
e 0 6 1
e 1 4 1
e 1 7 1
e 1 8 1
e 2 3 1
e 2 25 1
e 2 26 1
e 3 4 1
e 3 27 1
e 3 28 1
e 4 29 1
e 4 30 1
e 5 9 2
e 5 11 1
e 6 10 2
e 6 12 1
e 7 13 1
e 7 31 1
e 7 32 1
e 8 14 1
e 8 33 1
e 8 34 1
e 9 10 1
e 9 35 1
e 10 36 1
e 11 15 2
e 11 17 1
e 12 16 2
e 12 18 1
e 13 37 1
e 13 38 1
e 13 39 1
e 14 40 1
e 14 41 1
e 14 42 1
e 15 19 1
e 15 43 1
e 16 20 1
e 16 44 1
e 17 21 2
e 17 45 1
e 18 22 2
e 18 46 1
e 19 23 2
e 19 47 1
e 20 24 2
e 20 48 1
e 21 23 1
e 21 49 1
e 22 24 1
e 22 50 1
e 23 51 1
e 24 52 1
t # 15043
v 0 11
v 1 11
v 2 1
v 3 1
v 4 1
v 5 1
v 6 1
v 7 1
v 8 1
v 9 1
v 10 1
v 11 2
v 12 3
v 13 3
v 14 3
v 15 3
v 16 3
v 17 3
v 18 3
v 19 3
v 20 3
v 21 3
v 22 4
v 23 4
v 24 4
v 25 4
v 26 4
v 27 4
v 28 4
e 0 6 2
e 0 7 2
e 0 14 1
e 1 8 2
e 1 9 2
e 1 18 1
e 2 16 1
e 2 25 1
e 3 19 1
e 3 26 1
e 4 27 1
e 5 28 1
e 11 20 1
e 12 13 1
e 12 15 1
e 12 17 2
e 13 16 1
e 13 19 2
e 14 15 2
e 14 20 1
e 15 22 1
e 16 20 2
e 17 18 1
e 17 23 1
e 18 21 2
e 19 21 1
e 21 24 1
t # 15044
v 0 1
v 1 1
v 2 1
v 3 2
v 4 2
v 5 3
v 6 3
v 7 3
v 8 3
v 9 3
v 10 3
v 11 3
v 12 3
v 13 3
v 14 3
v 15 3
v 16 3
v 17 3
v 18 3
v 19 3
v 20 3
v 21 3
v 22 3
v 23 3
v 24 4
v 25 4
v 26 4
v 27 4
v 28 4
v 29 4
v 30 4
v 31 4
v 32 4
v 33 4
v 34 4
v 35 4
v 36 4
v 37 4
v 38 4
v 39 4
v 40 4
v 41 4
v 42 4
v 43 4
v 44 4
v 45 4
v 46 4
v 47 4
v 48 4
v 49 4
v 50 4
v 51 4
v 52 4
v 53 4
e 0 12 2
e 1 16 1
e 1 23 1
e 2 23 2
e 3 5 1
e 3 7 1
e 3 8 1
e 4 12 1
e 4 13 1
e 4 40 1
e 5 6 1
e 5 24 1
e 5 25 1
e 6 9 1
e 6 26 1
e 6 27 1
e 7 10 1
e 7 28 1
e 7 29 1
e 8 11 1
e 8 30 1
e 8 31 1
e 9 12 1
e 9 32 1
e 9 33 1
e 10 34 1
e 10 35 1
e 10 36 1
e 11 37 1
e 11 38 1
e 11 39 1
e 13 17 2
e 13 18 1
e 14 15 1
e 14 16 1
e 14 41 1
e 14 42 1
e 15 22 1
e 15 43 1
e 15 44 1
e 16 45 1
e 16 46 1
e 17 20 1
e 17 47 1
e 18 21 2
e 18 48 1
e 19 20 2
e 19 21 1
e 19 23 1
e 20 49 1
e 21 50 1
e 22 51 1
e 22 52 1
e 22 53 1
t # 15045
v 0 1
v 1 1
v 2 1
v 3 2
v 4 2
v 5 3
v 6 3
v 7 3
v 8 3
v 9 3
v 10 3
v 11 3
v 12 3
v 13 3
v 14 3
v 15 3
v 16 3
v 17 3
v 18 3
v 19 3
v 20 4
v 21 4
v 22 4
v 23 4
v 24 4
v 25 4
v 26 4
v 27 4
v 28 4
v 29 4
v 30 4
v 31 4
v 32 4
v 33 4
v 34 4
v 35 4
v 36 4
v 37 4
v 38 4
v 39 4
v 40 4
v 41 4
e 0 9 2
e 1 17 1
e 1 18 1
e 2 17 2
e 3 5 1
e 3 6 1
e 3 26 1
e 4 9 1
e 4 10 1
e 4 29 1
e 5 7 1
e 5 20 1
e 5 21 1
e 6 8 1
e 6 22 1
e 6 23 1
e 7 9 1
e 7 24 1
e 7 25 1
e 8 11 1
e 8 27 1
e 8 28 1
e 10 12 1
e 10 13 2
e 11 30 1
e 11 31 1
e 11 32 1
e 12 14 2
e 12 17 1
e 13 15 1
e 13 33 1
e 14 16 1
e 14 34 1
e 15 16 2
e 15 35 1
e 16 36 1
e 18 19 1
e 18 37 1
e 18 38 1
e 19 39 1
e 19 40 1
e 19 41 1
t # 15046
v 0 1
v 1 1
v 2 1
v 3 2
v 4 2
v 5 3
v 6 3
v 7 3
v 8 3
v 9 3
v 10 3
v 11 3
v 12 3
v 13 3
v 14 3
v 15 3
v 16 3
v 17 3
v 18 3
v 19 3
v 20 3
v 21 4
v 22 4
v 23 4
v 24 4
v 25 4
v 26 4
v 27 4
v 28 4
v 29 4
v 30 4
v 31 4
v 32 4
v 33 4
v 34 4
v 35 4
v 36 4
v 37 4
v 38 4
v 39 4
v 40 4
v 41 4
v 42 4
v 43 4
v 44 4
e 0 12 1
e 0 18 1
e 1 10 2
e 2 18 2
e 3 6 1
e 3 8 1
e 3 27 1
e 4 10 1
e 4 11 1
e 4 33 1
e 5 6 1
e 5 7 1
e 5 21 1
e 5 22 1
e 6 23 1
e 6 24 1
e 7 9 1
e 7 25 1
e 7 26 1
e 8 10 1
e 8 28 1
e 8 29 1
e 9 30 1
e 9 31 1
e 9 32 1
e 11 14 2
e 11 15 1
e 12 19 1
e 12 20 1
e 12 34 1
e 13 16 2
e 13 17 1
e 13 18 1
e 14 16 1
e 14 35 1
e 15 17 2
e 15 36 1
e 16 37 1
e 17 38 1
e 19 39 1
e 19 40 1
e 19 41 1
e 20 42 1
e 20 43 1
e 20 44 1
t # 15047
v 0 1
v 1 1
v 2 1
v 3 2
v 4 2
v 5 3
v 6 3
v 7 3
v 8 3
v 9 3
v 10 3
v 11 3
v 12 3
v 13 3
v 14 3
v 15 3
v 16 3
v 17 3
v 18 4
v 19 4
v 20 4
v 21 4
v 22 4
v 23 4
v 24 4
v 25 4
v 26 4
v 27 4
v 28 4
v 29 4
v 30 4
v 31 4
v 32 4
v 33 4
v 34 4
v 35 4
e 0 8 2
e 1 16 1
e 1 17 1
e 2 16 2
e 3 5 1
e 3 7 1
e 3 24 1
e 4 8 1
e 4 9 1
e 4 28 1
e 5 6 1
e 5 18 1
e 5 19 1
e 6 10 1
e 6 20 1
e 6 21 1
e 7 8 1
e 7 22 1
e 7 23 1
e 9 11 2
e 9 12 1
e 10 25 1
e 10 26 1
e 10 27 1
e 11 14 1
e 11 29 1
e 12 15 2
e 12 30 1
e 13 14 2
e 13 15 1
e 13 16 1
e 14 31 1
e 15 32 1
e 17 33 1
e 17 34 1
e 17 35 1
t # 15048
v 0 1
v 1 1
v 2 2
v 3 3
v 4 3
v 5 3
v 6 3
v 7 3
v 8 3
v 9 3
v 10 3
v 11 3
v 12 3
v 13 3
v 14 3
v 15 3
v 16 3
v 17 3
v 18 3
v 19 3
v 20 3
v 21 4
v 22 4
v 23 4
v 24 4
v 25 4
v 26 4
v 27 4
v 28 4
v 29 4
v 30 4
v 31 4
v 32 4
v 33 4
v 34 4
v 35 4
v 36 4
v 37 4
v 38 4
v 39 4
v 40 4
v 41 4
e 0 9 1
e 0 40 1
e 1 7 2
e 2 3 1
e 2 4 1
e 2 5 1
e 3 6 1
e 3 7 1
e 3 21 1
e 4 8 1
e 4 22 1
e 4 23 1
e 5 9 1
e 5 24 1
e 5 25 1
e 6 10 2
e 6 11 1
e 7 12 1
e 8 13 2
e 8 14 1
e 9 26 1
e 9 27 1
e 10 15 1
e 10 28 1
e 11 16 2
e 11 29 1
e 12 30 1
e 12 31 1
e 12 32 1
e 13 18 1
e 13 33 1
e 14 19 2
e 14 34 1
e 15 17 2
e 15 35 1
e 16 17 1
e 16 36 1
e 17 37 1
e 18 20 2
e 18 38 1
e 19 20 1
e 19 39 1
e 20 41 1
t # 15049
v 0 1
v 1 1
v 2 1
v 3 2
v 4 3
v 5 3
v 6 3
v 7 3
v 8 3
v 9 3
v 10 3
v 11 3
v 12 3
v 13 3
v 14 3
v 15 3
v 16 3
v 17 3
v 18 3
v 19 4
v 20 4
v 21 4
v 22 4
v 23 4
v 24 4
v 25 4
v 26 4
v 27 4
v 28 4
v 29 4
e 0 11 1
e 0 29 1
e 1 8 2
e 2 9 2
e 3 10 1
e 3 27 1
e 3 28 1
e 4 5 1
e 4 8 1
e 4 10 2
e 5 9 1
e 5 11 2
e 6 7 1
e 6 8 1
e 6 15 2
e 7 9 1
e 7 14 2
e 10 13 1
e 11 12 1
e 12 13 2
e 12 16 1
e 13 19 1
e 14 17 1
e 14 20 1
e 15 18 1
e 15 21 1
e 16 22 1
e 16 23 1
e 16 24 1
e 17 18 2
e 17 25 1
e 18 26 1
t # 15050
v 0 12
v 1 1
v 2 2
v 3 3
v 4 3
v 5 3
v 6 3
v 7 3
v 8 3
v 9 3
v 10 3
v 11 3
v 12 3
v 13 3
v 14 3
v 15 3
v 16 3
v 17 3
v 18 4
v 19 4
v 20 4
v 21 4
v 22 4
v 23 4
v 24 4
v 25 4
v 26 4
v 27 4
v 28 4
v 29 4
v 30 4
v 31 4
e 0 17 1
e 1 6 2
e 2 3 1
e 2 4 1
e 2 22 1
e 3 5 1
e 3 18 1
e 3 19 1
e 4 6 1
e 4 20 1
e 4 21 1
e 5 8 2
e 5 9 1
e 6 7 1
e 7 10 2
e 7 11 1
e 8 12 1
e 8 23 1
e 9 13 2
e 9 24 1
e 10 15 1
e 10 25 1
e 11 16 2
e 11 26 1
e 12 14 2
e 12 27 1
e 13 14 1
e 13 28 1
e 14 29 1
e 15 17 2
e 15 30 1
e 16 17 1
e 16 31 1
t # 15051
v 0 1
v 1 1
v 2 1
v 3 2
v 4 2
v 5 3
v 6 3
v 7 3
v 8 3
v 9 3
v 10 3
v 11 3
v 12 3
v 13 3
v 14 3
v 15 3
v 16 3
v 17 4
v 18 4
v 19 4
v 20 4
v 21 4
v 22 4
v 23 4
v 24 4
v 25 4
v 26 4
v 27 4
v 28 4
v 29 4
v 30 4
v 31 4
v 32 4
e 0 8 2
e 1 15 1
e 1 16 1
e 2 15 2
e 3 5 1
e 3 7 1
e 3 21 1
e 4 6 1
e 4 8 1
e 4 22 1
e 5 8 1
e 5 17 1
e 5 18 1
e 6 9 2
e 6 10 1
e 7 14 1
e 7 19 1
e 7 20 1
e 9 12 1
e 9 23 1
e 10 13 2
e 10 24 1
e 11 12 2
e 11 13 1
e 11 15 1
e 12 25 1
e 13 26 1
e 14 27 1
e 14 28 1
e 14 29 1
e 16 30 1
e 16 31 1
e 16 32 1
t # 15052
v 0 1
v 1 1
v 2 1
v 3 2
v 4 2
v 5 3
v 6 3
v 7 3
v 8 3
v 9 3
v 10 3
v 11 3
v 12 3
v 13 3
v 14 3
v 15 3
v 16 3
v 17 3
v 18 3
v 19 3
v 20 3
v 21 3
v 22 4
v 23 4
v 24 4
v 25 4
v 26 4
v 27 4
v 28 4
v 29 4
v 30 4
v 31 4
v 32 4
v 33 4
v 34 4
v 35 4
v 36 4
v 37 4
v 38 4
v 39 4
v 40 4
v 41 4
v 42 4
v 43 4
v 44 4
v 45 4
e 0 12 2
e 1 19 1
e 1 20 1
e 2 19 2
e 3 5 1
e 3 11 1
e 3 33 1
e 4 12 1
e 4 13 1
e 4 36 1
e 5 6 1
e 5 7 1
e 5 22 1
e 6 8 1
e 6 23 1
e 6 24 1
e 7 9 1
e 7 25 1
e 7 26 1
e 8 10 1
e 8 27 1
e 8 28 1
e 9 10 1
e 9 29 1
e 9 30 1
e 10 31 1
e 10 32 1
e 11 12 1
e 11 34 1
e 11 35 1
e 13 14 2
e 13 15 1
e 14 17 1
e 14 37 1
e 15 18 2
e 15 38 1
e 16 17 2
e 16 18 1
e 16 19 1
e 17 39 1
e 18 40 1
e 20 21 1
e 20 41 1
e 20 42 1
e 21 43 1
e 21 44 1
e 21 45 1
t # 15053
v 0 12
v 1 1
v 2 1
v 3 2
v 4 2
v 5 3
v 6 3
v 7 3
v 8 3
v 9 3
v 10 3
v 11 3
v 12 3
v 13 3
v 14 3
v 15 3
v 16 3
v 17 4
v 18 4
v 19 4
v 20 4
v 21 4
v 22 4
v 23 4
v 24 4
v 25 4
v 26 4
v 27 4
v 28 4
v 29 4
v 30 4
v 31 4
e 0 14 1
e 1 7 1
e 1 8 1
e 2 10 2
e 3 5 1
e 3 6 1
e 3 9 1
e 4 10 1
e 4 11 1
e 4 27 1
e 5 7 1
e 5 17 1
e 5 18 1
e 6 8 1
e 6 19 1
e 6 20 1
e 7 21 1
e 7 22 1
e 8 23 1
e 8 24 1
e 9 10 1
e 9 25 1
e 9 26 1
e 11 12 2
e 11 13 1
e 12 14 1
e 12 28 1
e 13 15 2
e 13 29 1
e 14 16 2
e 15 16 1
e 15 30 1
e 16 31 1
t # 15054
v 0 1
v 1 1
v 2 1
v 3 1
v 4 1
v 5 2
v 6 2
v 7 2
v 8 3
v 9 3
v 10 3
v 11 3
v 12 3
v 13 3
v 14 3
v 15 3
v 16 3
v 17 3
v 18 3
v 19 3
v 20 3
v 21 3
v 22 3
v 23 3
v 24 3
v 25 3
v 26 3
v 27 3
v 28 3
v 29 3
v 30 3
v 31 4
v 32 4
v 33 4
v 34 4
v 35 4
v 36 4
v 37 4
v 38 4
v 39 4
v 40 4
v 41 4
v 42 4
v 43 4
v 44 4
v 45 4
v 46 4
v 47 4
v 48 4
v 49 4
v 50 4
v 51 4
v 52 4
v 53 4
v 54 4
v 55 4
v 56 4
v 57 4
v 58 4
v 59 4
v 60 4
v 61 4
v 62 4
v 63 4
v 64 4
v 65 4
v 66 4
v 67 4
e 0 10 1
e 0 11 1
e 1 18 1
e 1 21 1
e 2 19 1
e 2 27 1
e 3 13 2
e 4 27 2
e 5 8 1
e 5 9 1
e 5 12 1
e 6 14 1
e 6 16 1
e 6 17 1
e 7 13 1
e 7 15 1
e 7 43 1
e 8 10 1
e 8 31 1
e 8 32 1
e 9 11 1
e 9 33 1
e 9 34 1
e 10 35 1
e 10 36 1
e 11 37 1
e 11 38 1
e 12 13 1
e 12 39 1
e 12 40 1
e 14 19 1
e 14 41 1
e 14 42 1
e 15 18 1
e 15 23 2
e 16 24 1
e 16 44 1
e 16 45 1
e 17 25 1
e 17 46 1
e 17 47 1
e 18 20 2
e 19 48 1
e 19 49 1
e 20 26 1
e 20 27 1
e 21 22 1
e 21 50 1
e 21 51 1
e 22 28 1
e 22 52 1
e 22 53 1
e 23 29 1
e 23 54 1
e 24 55 1
e 24 56 1
e 24 57 1
e 25 58 1
e 25 59 1
e 25 60 1
e 26 29 2
e 26 61 1
e 28 30 1
e 28 62 1
e 28 63 1
e 29 64 1
e 30 65 1
e 30 66 1
e 30 67 1
t # 15055
v 0 12
v 1 12
v 2 2
v 3 2
v 4 2
v 5 3
v 6 3
v 7 3
v 8 3
v 9 3
v 10 3
v 11 3
v 12 3
v 13 3
v 14 3
v 15 3
v 16 3
v 17 3
v 18 3
v 19 4
v 20 4
v 21 4
v 22 4
v 23 4
v 24 4
v 25 4
v 26 4
v 27 4
v 28 4
v 29 4
v 30 4
v 31 4
v 32 4
v 33 4
v 34 4
v 35 4
v 36 4
v 37 4
e 0 15 1
e 1 16 1
e 2 5 1
e 2 9 1
e 2 10 1
e 3 6 1
e 3 7 1
e 3 25 1
e 4 6 2
e 4 8 1
e 5 6 1
e 5 19 1
e 5 20 1
e 7 8 1
e 7 12 2
e 8 11 2
e 9 15 1
e 9 21 1
e 9 22 1
e 10 16 1
e 10 23 1
e 10 24 1
e 11 14 1
e 11 17 1
e 12 13 1
e 12 26 1
e 13 14 2
e 13 18 1
e 14 27 1
e 15 28 1
e 15 29 1
e 16 30 1
e 16 31 1
e 17 32 1
e 17 33 1
e 17 34 1
e 18 35 1
e 18 36 1
e 18 37 1
t # 15056
v 0 11
v 1 1
v 2 1
v 3 2
v 4 2
v 5 2
v 6 2
v 7 3
v 8 3
v 9 3
v 10 3
v 11 3
v 12 3
v 13 3
v 14 3
v 15 4
v 16 4
v 17 4
v 18 4
v 19 4
v 20 4
v 21 4
v 22 4
v 23 4
v 24 4
e 0 9 1
e 0 10 1
e 1 8 1
e 1 23 1
e 2 12 1
e 2 24 1
e 3 7 1
e 3 13 2
e 4 10 2
e 4 14 1
e 5 11 2
e 5 13 1
e 6 11 1
e 6 14 2
e 7 10 1
e 7 11 1
e 7 15 1
e 8 9 1
e 8 12 1
e 8 16 1
e 9 17 1
e 9 18 1
e 12 19 1
e 12 20 1
e 13 21 1
e 14 22 1
t # 15057
v 0 11
v 1 1
v 2 1
v 3 2
v 4 2
v 5 2
v 6 2
v 7 2
v 8 3
v 9 3
v 10 3
v 11 3
v 12 3
v 13 3
v 14 3
v 15 3
v 16 3
v 17 3
v 18 4
v 19 4
v 20 4
v 21 4
v 22 4
v 23 4
v 24 4
v 25 4
v 26 4
v 27 4
v 28 4
v 29 4
v 30 4
e 0 8 1
e 0 12 1
e 1 15 1
e 1 28 1
e 2 15 2
e 3 10 1
e 3 17 2
e 4 12 2
e 4 16 1
e 5 13 1
e 5 16 2
e 6 13 2
e 6 17 1
e 7 16 1
e 7 29 1
e 7 30 1
e 8 9 1
e 8 15 1
e 8 18 1
e 9 11 1
e 9 19 1
e 9 20 1
e 10 12 1
e 10 13 1
e 10 21 1
e 11 14 1
e 11 22 1
e 11 23 1
e 14 24 1
e 14 25 1
e 14 26 1
e 17 27 1
t # 15058
v 0 11
v 1 2
v 2 2
v 3 2
v 4 2
v 5 2
v 6 3
v 7 3
v 8 3
v 9 3
v 10 3
v 11 3
v 12 3
v 13 3
v 14 3
v 15 3
v 16 3
v 17 3
v 18 3
v 19 3
v 20 4
v 21 4
v 22 4
v 23 4
v 24 4
v 25 4
v 26 4
v 27 4
v 28 4
v 29 4
v 30 4
v 31 4
v 32 4
v 33 4
v 34 4
e 0 9 1
e 0 10 1
e 1 8 1
e 1 16 2
e 2 10 2
e 2 15 1
e 3 12 1
e 3 15 2
e 4 12 2
e 4 16 1
e 5 15 1
e 5 33 1
e 5 34 1
e 6 7 1
e 6 9 1
e 6 20 1
e 6 21 1
e 7 11 1
e 7 22 1
e 7 23 1
e 8 10 1
e 8 12 1
e 8 24 1
e 9 25 1
e 9 26 1
e 11 13 2
e 11 14 1
e 13 17 1
e 13 27 1
e 14 18 2
e 14 28 1
e 16 29 1
e 17 19 2
e 17 30 1
e 18 19 1
e 18 31 1
e 19 32 1
t # 15059
v 0 11
v 1 2
v 2 2
v 3 2
v 4 2
v 5 2
v 6 3
v 7 3
v 8 3
v 9 3
v 10 3
v 11 3
v 12 3
v 13 3
v 14 3
v 15 4
v 16 4
v 17 4
v 18 4
v 19 4
v 20 4
v 21 4
v 22 4
v 23 4
v 24 4
v 25 4
v 26 4
v 27 4
e 0 6 1
e 0 9 1
e 1 7 1
e 1 14 2
e 2 9 2
e 2 13 1
e 3 10 1
e 3 13 2
e 4 10 2
e 4 14 1
e 5 13 1
e 5 26 1
e 5 27 1
e 6 8 1
e 6 11 1
e 6 15 1
e 7 9 1
e 7 10 1
e 7 16 1
e 8 12 1
e 8 17 1
e 8 18 1
e 11 19 1
e 11 20 1
e 11 21 1
e 12 22 1
e 12 23 1
e 12 24 1
e 14 25 1
t # 15060
v 0 1
v 1 1
v 2 2
v 3 2
v 4 3
v 5 3
v 6 3
v 7 3
v 8 3
v 9 3
v 10 3
v 11 3
v 12 3
v 13 3
v 14 3
v 15 3
v 16 4
v 17 4
v 18 4
v 19 4
v 20 4
v 21 4
v 22 4
v 23 4
v 24 4
e 0 15 1
e 1 15 2
e 2 3 1
e 2 4 1
e 2 12 2
e 3 22 1
e 4 7 2
e 4 8 1
e 5 6 1
e 5 7 1
e 5 10 2
e 6 9 1
e 6 11 2
e 7 16 1
e 8 9 2
e 8 17 1
e 9 18 1
e 10 13 1
e 10 19 1
e 11 14 1
e 11 20 1
e 12 15 1
e 12 21 1
e 13 14 2
e 13 23 1
e 14 24 1
t # 15061
v 0 11
v 1 1
v 2 1
v 3 2
v 4 3
v 5 3
v 6 3
v 7 3
v 8 3
v 9 3
v 10 3
v 11 3
v 12 3
v 13 3
v 14 3
v 15 3
v 16 3
v 17 3
v 18 3
v 19 3
v 20 4
v 21 4
v 22 4
v 23 4
v 24 4
v 25 4
v 26 4
v 27 4
v 28 4
v 29 4
v 30 4
v 31 4
v 32 4
v 33 4
v 34 4
v 35 4
v 36 4
v 37 4
v 38 4
v 39 4
v 40 4
v 41 4
v 42 4
v 43 4
v 44 4
v 45 4
v 46 4
e 0 12 1
e 0 18 1
e 1 6 1
e 1 16 1
e 2 16 2
e 3 7 1
e 3 10 1
e 3 11 1
e 4 5 1
e 4 6 1
e 4 9 1
e 4 20 1
e 5 7 1
e 5 21 1
e 5 22 1
e 6 8 1
e 6 23 1
e 7 24 1
e 7 25 1
e 8 12 1
e 8 26 1
e 8 27 1
e 9 28 1
e 9 29 1
e 9 30 1
e 10 13 1
e 10 31 1
e 10 32 1
e 11 14 1
e 11 33 1
e 11 34 1
e 12 15 2
e 13 35 1
e 13 36 1
e 13 37 1
e 14 38 1
e 14 39 1
e 14 40 1
e 15 17 1
e 15 41 1
e 16 19 1
e 17 18 2
e 17 42 1
e 18 43 1
e 19 44 1
e 19 45 1
e 19 46 1
t # 15062
v 0 1
v 1 1
v 2 1
v 3 1
v 4 2
v 5 2
v 6 3
v 7 3
v 8 3
v 9 3
v 10 3
v 11 3
v 12 3
v 13 3
v 14 3
v 15 3
v 16 3
v 17 3
v 18 3
v 19 3
v 20 3
v 21 3
v 22 4
v 23 4
v 24 4
v 25 4
v 26 4
v 27 4
v 28 4
v 29 4
v 30 4
v 31 4
v 32 4
v 33 4
v 34 4
v 35 4
v 36 4
v 37 4
v 38 4
v 39 4
v 40 4
v 41 4
v 42 4
v 43 4
v 44 4
v 45 4
e 0 15 1
e 0 16 1
e 1 17 1
e 1 18 1
e 2 14 1
e 2 44 1
e 3 21 1
e 3 45 1
e 4 6 1
e 4 8 1
e 4 9 1
e 5 7 1
e 5 10 1
e 5 11 1
e 6 12 1
e 6 22 1
e 6 23 1
e 7 13 1
e 7 24 1
e 7 25 1
e 8 15 1
e 8 26 1
e 8 27 1
e 9 16 1
e 9 28 1
e 9 29 1
e 10 17 1
e 10 30 1
e 10 31 1
e 11 18 1
e 11 32 1
e 11 33 1
e 12 14 2
e 12 19 1
e 13 14 1
e 13 20 2
e 15 34 1
e 15 35 1
e 16 36 1
e 16 37 1
e 17 38 1
e 17 39 1
e 18 40 1
e 18 41 1
e 19 21 2
e 19 42 1
e 20 21 1
e 20 43 1
t # 15063
v 0 11
v 1 1
v 2 1
v 3 2
v 4 3
v 5 3
v 6 3
v 7 3
v 8 3
v 9 3
v 10 3
v 11 3
v 12 3
v 13 3
v 14 4
v 15 4
v 16 4
v 17 4
v 18 4
v 19 4
v 20 4
v 21 4
v 22 4
v 23 4
v 24 4
v 25 4
v 26 4
v 27 4
v 28 4
e 0 4 1
e 0 13 1
e 1 9 1
e 1 27 1
e 2 11 1
e 2 28 1
e 3 5 1
e 3 12 1
e 3 19 1
e 4 5 1
e 4 6 1
e 4 14 1
e 5 15 1
e 5 16 1
e 6 7 2
e 6 8 1
e 7 9 1
e 7 17 1
e 8 10 2
e 8 18 1
e 9 11 2
e 10 11 1
e 10 20 1
e 12 21 1
e 12 22 1
e 12 23 1
e 13 24 1
e 13 25 1
e 13 26 1
t # 15064
v 0 1
v 1 1
v 2 2
v 3 2
v 4 3
v 5 3
v 6 3
v 7 3
v 8 3
v 9 3
v 10 3
v 11 3
v 12 3
v 13 3
v 14 3
v 15 3
v 16 3
v 17 3
v 18 3
v 19 3
v 20 3
v 21 3
v 22 3
v 23 3
v 24 3
v 25 3
v 26 3
v 27 3
v 28 3
v 29 3
v 30 3
v 31 3
v 32 3
v 33 3
v 34 3
v 35 3
v 36 3
v 37 3
v 38 3
v 39 3
v 40 4
v 41 4
v 42 4
v 43 4
v 44 4
v 45 4
v 46 4
v 47 4
v 48 4
v 49 4
v 50 4
v 51 4
v 52 4
v 53 4
v 54 4
v 55 4
v 56 4
v 57 4
v 58 4
v 59 4
v 60 4
v 61 4
v 62 4
v 63 4
v 64 4
v 65 4
v 66 4
v 67 4
v 68 4
v 69 4
v 70 4
v 71 4
v 72 4
v 73 4
v 74 4
v 75 4
v 76 4
v 77 4
e 0 4 1
e 0 51 1
e 1 11 2
e 2 9 1
e 2 10 1
e 2 17 1
e 3 8 1
e 3 14 1
e 3 21 1
e 4 5 1
e 4 6 1
e 4 7 1
e 5 8 1
e 5 11 1
e 5 12 1
e 6 9 1
e 6 15 1
e 6 40 1
e 7 10 1
e 7 16 1
e 7 41 1
e 8 42 1
e 8 43 1
e 9 44 1
e 9 45 1
e 10 46 1
e 10 47 1
e 11 13 1
e 12 19 2
e 12 20 1
e 13 14 1
e 13 18 1
e 13 48 1
e 14 49 1
e 14 50 1
e 15 22 2
e 15 24 1
e 16 23 2
e 16 25 1
e 17 52 1
e 17 53 1
e 17 54 1
e 18 28 2
e 18 29 1
e 19 26 1
e 19 55 1
e 20 27 2
e 20 56 1
e 21 57 1
e 21 58 1
e 21 59 1
e 22 30 1
e 22 60 1
e 23 31 1
e 23 61 1
e 24 32 2
e 24 62 1
e 25 33 2
e 25 63 1
e 26 34 2
e 26 64 1
e 27 34 1
e 27 65 1
e 28 37 1
e 28 66 1
e 29 38 2
e 29 67 1
e 30 35 2
e 30 68 1
e 31 36 2
e 31 69 1
e 32 35 1
e 32 70 1
e 33 36 1
e 33 71 1
e 34 72 1
e 35 73 1
e 36 74 1
e 37 39 2
e 37 75 1
e 38 39 1
e 38 76 1
e 39 77 1
t # 15065
v 0 1
v 1 1
v 2 1
v 3 2
v 4 2
v 5 3
v 6 3
v 7 3
v 8 3
v 9 3
v 10 3
v 11 3
v 12 3
v 13 3
v 14 3
v 15 3
v 16 3
v 17 3
v 18 3
v 19 3
v 20 3
v 21 3
v 22 3
v 23 3
v 24 3
v 25 3
v 26 4
v 27 4
v 28 4
v 29 4
v 30 4
v 31 4
v 32 4
v 33 4
v 34 4
v 35 4
v 36 4
v 37 4
v 38 4
v 39 4
v 40 4
v 41 4
v 42 4
v 43 4
v 44 4
v 45 4
v 46 4
v 47 4
v 48 4
v 49 4
v 50 4
v 51 4
e 0 8 1
e 0 11 1
e 1 11 2
e 2 14 2
e 3 5 1
e 3 6 1
e 3 7 1
e 4 14 1
e 4 19 1
e 4 43 1
e 5 8 1
e 5 26 1
e 5 27 1
e 6 12 1
e 6 28 1
e 6 29 1
e 7 13 1
e 7 30 1
e 7 31 1
e 8 32 1
e 8 33 1
e 9 10 1
e 9 11 1
e 9 14 1
e 9 34 1
e 10 15 2
e 10 16 1
e 12 35 1
e 12 36 1
e 12 37 1
e 13 38 1
e 13 39 1
e 13 40 1
e 15 17 1
e 15 41 1
e 16 18 2
e 16 42 1
e 17 20 2
e 17 44 1
e 18 20 1
e 18 45 1
e 19 21 2
e 19 22 1
e 20 46 1
e 21 23 1
e 21 47 1
e 22 24 2
e 22 48 1
e 23 25 2
e 23 49 1
e 24 25 1
e 24 50 1
e 25 51 1
t # 15066
v 0 1
v 1 2
v 2 3
v 3 3
v 4 3
v 5 3
v 6 3
v 7 3
v 8 3
v 9 3
v 10 3
v 11 3
v 12 3
v 13 3
v 14 3
v 15 3
v 16 3
v 17 3
v 18 3
v 19 3
v 20 4
v 21 4
v 22 4
v 23 4
v 24 4
v 25 4
v 26 4
v 27 4
v 28 4
v 29 4
v 30 4
v 31 4
v 32 4
v 33 4
v 34 4
v 35 4
v 36 4
v 37 4
v 38 4
v 39 4
v 40 4
e 0 2 1
e 0 27 1
e 1 5 1
e 1 6 1
e 1 9 1
e 2 3 1
e 2 4 1
e 2 7 1
e 3 5 1
e 3 8 1
e 3 20 1
e 4 6 1
e 4 21 1
e 4 22 1
e 5 23 1
e 5 24 1
e 6 25 1
e 6 26 1
e 7 10 2
e 7 11 1
e 8 12 2
e 8 13 1
e 9 28 1
e 9 29 1
e 9 30 1
e 10 14 1
e 10 31 1
e 11 15 2
e 11 32 1
e 12 16 1
e 12 33 1
e 13 17 2
e 13 34 1
e 14 18 2
e 14 35 1
e 15 18 1
e 15 36 1
e 16 19 2
e 16 37 1
e 17 19 1
e 17 38 1
e 18 39 1
e 19 40 1
t # 15067
v 0 1
v 1 2
v 2 3
v 3 3
v 4 3
v 5 3
v 6 3
v 7 3
v 8 3
v 9 3
v 10 3
v 11 3
v 12 3
v 13 3
v 14 3
v 15 3
v 16 3
v 17 3
v 18 4
v 19 4
v 20 4
v 21 4
v 22 4
v 23 4
v 24 4
v 25 4
v 26 4
v 27 4
v 28 4
v 29 4
v 30 4
v 31 4
v 32 4
v 33 4
v 34 4
v 35 4
v 36 4
v 37 4
v 38 4
v 39 4
v 40 4
e 0 11 2
e 1 2 1
e 1 4 1
e 1 8 1
e 2 3 1
e 2 9 1
e 2 18 1
e 3 5 1
e 3 19 1
e 3 20 1
e 4 6 1
e 4 21 1
e 4 22 1
e 5 7 1
e 5 23 1
e 5 24 1
e 6 7 1
e 6 25 1
e 6 26 1
e 7 27 1
e 7 28 1
e 8 10 1
e 8 29 1
e 8 30 1
e 9 31 1
e 9 32 1
e 9 33 1
e 10 11 1
e 10 34 1
e 10 35 1
e 11 12 1
e 12 13 2
e 12 14 1
e 13 15 1
e 13 36 1
e 14 16 2
e 14 37 1
e 15 17 2
e 15 38 1
e 16 17 1
e 16 39 1
e 17 40 1
t # 15068
v 0 1
v 1 1
v 2 2
v 3 2
v 4 3
v 5 3
v 6 3
v 7 3
v 8 3
v 9 3
v 10 3
v 11 3
v 12 3
v 13 3
v 14 3
v 15 3
v 16 4
v 17 4
v 18 4
v 19 4
v 20 4
v 21 4
v 22 4
v 23 4
v 24 4
v 25 4
v 26 4
v 27 4
v 28 4
v 29 4
v 30 4
v 31 4
v 32 4
v 33 4
v 34 4
v 35 4
e 0 8 1
e 0 34 1
e 1 11 1
e 1 35 1
e 2 6 1
e 2 12 1
e 2 13 1
e 3 7 1
e 3 14 1
e 3 15 1
e 4 6 1
e 4 8 2
e 4 9 1
e 5 7 1
e 5 8 1
e 5 10 2
e 6 16 1
e 6 17 1
e 7 18 1
e 7 19 1
e 9 11 2
e 9 20 1
e 10 11 1
e 10 21 1
e 12 22 1
e 12 23 1
e 12 24 1
e 13 25 1
e 13 26 1
e 13 27 1
e 14 28 1
e 14 29 1
e 14 30 1
e 15 31 1
e 15 32 1
e 15 33 1
t # 15069
v 0 1
v 1 2
v 2 3
v 3 3
v 4 3
v 5 3
v 6 3
v 7 3
v 8 3
v 9 3
v 10 3
v 11 3
v 12 3
v 13 3
v 14 4
v 15 4
v 16 4
v 17 4
v 18 4
v 19 4
v 20 4
v 21 4
v 22 4
v 23 4
v 24 4
v 25 4
v 26 4
v 27 4
v 28 4
v 29 4
v 30 4
e 0 5 2
e 1 2 1
e 1 7 1
e 1 8 1
e 2 3 1
e 2 14 1
e 2 15 1
e 3 5 1
e 3 16 1
e 3 17 1
e 4 5 1
e 4 6 1
e 4 18 1
e 4 19 1
e 6 9 2
e 6 10 1
e 7 20 1
e 7 21 1
e 7 22 1
e 8 23 1
e 8 24 1
e 8 25 1
e 9 11 1
e 9 26 1
e 10 12 2
e 10 27 1
e 11 13 2
e 11 28 1
e 12 13 1
e 12 29 1
e 13 30 1
t # 15070
v 0 1
v 1 1
v 2 2
v 3 3
v 4 3
v 5 3
v 6 3
v 7 3
v 8 3
v 9 3
v 10 3
v 11 3
v 12 3
v 13 4
v 14 4
v 15 4
v 16 4
v 17 4
v 18 4
v 19 4
v 20 4
v 21 4
v 22 4
v 23 4
v 24 4
v 25 4
v 26 4
v 27 4
v 28 4
v 29 4
v 30 4
v 31 4
v 32 4
v 33 4
e 0 10 1
e 0 32 1
e 1 11 1
e 1 33 1
e 2 4 1
e 2 5 1
e 2 6 1
e 3 4 1
e 3 10 1
e 3 11 1
e 3 12 1
e 4 13 1
e 4 14 1
e 5 7 1
e 5 15 1
e 5 16 1
e 6 8 1
e 6 17 1
e 6 18 1
e 7 9 1
e 7 19 1
e 7 20 1
e 8 9 1
e 8 21 1
e 8 22 1
e 9 23 1
e 9 24 1
e 10 25 1
e 10 26 1
e 11 27 1
e 11 28 1
e 12 29 1
e 12 30 1
e 12 31 1
t # 15071
v 0 1
v 1 1
v 2 1
v 3 1
v 4 2
v 5 3
v 6 3
v 7 3
v 8 3
v 9 3
v 10 3
v 11 3
v 12 3
v 13 3
v 14 3
v 15 3
v 16 3
v 17 3
v 18 3
v 19 3
v 20 3
v 21 4
v 22 4
v 23 4
v 24 4
v 25 4
v 26 4
v 27 4
v 28 4
v 29 4
v 30 4
v 31 4
v 32 4
v 33 4
v 34 4
v 35 4
v 36 4
v 37 4
v 38 4
v 39 4
v 40 4
v 41 4
v 42 4
v 43 4
v 44 4
v 45 4
e 0 9 2
e 1 15 1
e 1 18 1
e 2 16 1
e 2 19 1
e 3 17 1
e 3 20 1
e 4 5 1
e 4 7 1
e 4 8 1
e 5 6 1
e 5 21 1
e 5 22 1
e 6 9 1
e 6 23 1
e 6 24 1
e 7 11 1
e 7 25 1
e 7 26 1
e 8 12 1
e 8 27 1
e 8 28 1
e 9 10 1
e 10 13 2
e 10 14 1
e 11 29 1
e 11 30 1
e 11 31 1
e 12 32 1
e 12 33 1
e 12 34 1
e 13 16 1
e 13 35 1
e 14 15 2
e 14 36 1
e 15 17 1
e 16 17 2
e 18 37 1
e 18 38 1
e 18 39 1
e 19 40 1
e 19 41 1
e 19 42 1
e 20 43 1
e 20 44 1
e 20 45 1
t # 15072
v 0 1
v 1 1
v 2 2
v 3 2
v 4 2
v 5 2
v 6 3
v 7 3
v 8 3
v 9 3
v 10 3
v 11 3
v 12 3
v 13 3
v 14 3
v 15 3
v 16 3
v 17 3
v 18 3
v 19 4
v 20 4
v 21 4
v 22 4
v 23 4
v 24 4
v 25 4
v 26 4
v 27 4
v 28 4
v 29 4
v 30 4
v 31 4
v 32 4
v 33 4
v 34 4
v 35 4
v 36 4
e 2 6 1
e 2 8 1
e 2 10 1
e 3 9 1
e 3 17 1
e 3 18 1
e 4 10 2
e 4 11 1
e 5 12 1
e 6 7 1
e 6 19 1
e 6 20 1
e 7 9 1
e 7 21 1
e 7 22 1
e 8 11 2
e 8 12 1
e 9 23 1
e 9 24 1
e 10 13 1
e 11 14 1
e 12 15 2
e 13 25 1
e 13 26 1
e 13 27 1
e 14 16 2
e 14 28 1
e 15 16 1
e 15 29 1
e 16 30 1
e 17 31 1
e 17 32 1
e 17 33 1
e 18 34 1
e 18 35 1
e 18 36 1
t # 15073
v 0 12
v 1 12
v 2 2
v 3 2
v 4 2
v 5 3
v 6 3
v 7 3
v 8 3
v 9 3
v 10 3
v 11 3
v 12 3
v 13 3
v 14 3
v 15 3
v 16 3
v 17 4
v 18 4
v 19 4
v 20 4
v 21 4
v 22 4
v 23 4
v 24 4
v 25 4
v 26 4
v 27 4
v 28 4
v 29 4
v 30 4
v 31 4
e 0 15 1
e 1 16 1
e 2 6 1
e 2 8 1
e 2 10 1
e 3 7 1
e 3 12 1
e 3 13 1
e 4 9 1
e 4 10 2
e 5 6 1
e 5 7 1
e 5 17 1
e 5 18 1
e 6 19 1
e 6 20 1
e 7 21 1
e 7 22 1
e 8 9 1
e 8 11 2
e 9 14 2
e 10 23 1
e 11 15 1
e 11 24 1
e 12 25 1
e 12 26 1
e 12 27 1
e 13 28 1
e 13 29 1
e 13 30 1
e 14 16 1
e 14 31 1
e 15 16 2
t # 15074
v 0 2
v 1 3
v 2 3
v 3 3
v 4 3
v 5 3
v 6 3
v 7 3
v 8 3
v 9 3
v 10 3
v 11 3
v 12 3
v 13 3
v 14 3
v 15 3
v 16 4
v 17 4
v 18 4
v 19 4
v 20 4
v 21 4
v 22 4
v 23 4
v 24 4
v 25 4
v 26 4
v 27 4
v 28 4
v 29 4
v 30 4
v 31 4
v 32 4
v 33 4
v 34 4
v 35 4
v 36 4
v 37 4
v 38 4
v 39 4
v 40 4
v 41 4
v 42 4
v 43 4
v 44 4
e 0 6 1
e 0 7 1
e 0 11 1
e 1 2 1
e 1 3 1
e 1 4 1
e 1 5 1
e 2 6 1
e 2 16 1
e 2 17 1
e 3 7 1
e 3 18 1
e 3 19 1
e 4 8 1
e 4 20 1
e 4 21 1
e 5 9 1
e 5 22 1
e 5 23 1
e 6 24 1
e 6 25 1
e 7 26 1
e 7 27 1
e 8 10 1
e 8 28 1
e 8 29 1
e 9 10 1
e 9 30 1
e 9 31 1
e 10 32 1
e 10 33 1
e 11 12 1
e 11 34 1
e 11 35 1
e 12 13 1
e 12 36 1
e 12 37 1
e 13 14 1
e 13 15 1
e 13 38 1
e 14 39 1
e 14 40 1
e 14 41 1
e 15 42 1
e 15 43 1
e 15 44 1
t # 15075
v 0 11
v 1 1
v 2 1
v 3 2
v 4 2
v 5 2
v 6 2
v 7 2
v 8 2
v 9 3
v 10 3
v 11 3
v 12 3
v 13 3
v 14 3
v 15 3
v 16 3
v 17 3
v 18 3
v 19 3
v 20 3
v 21 4
v 22 4
v 23 4
v 24 4
v 25 4
v 26 4
v 27 4
v 28 4
v 29 4
v 30 4
e 0 10 1
e 0 12 1
e 3 9 1
e 3 17 2
e 4 10 2
e 4 16 1
e 5 11 1
e 5 16 2
e 6 11 2
e 6 17 1
e 7 14 1
e 8 16 1
e 8 29 1
e 8 30 1
e 9 10 1
e 9 11 1
e 9 21 1
e 12 13 1
e 12 22 1
e 12 23 1
e 13 14 1
e 13 15 2
e 14 18 2
e 15 19 1
e 15 24 1
e 17 25 1
e 18 20 1
e 18 26 1
e 19 20 2
e 19 27 1
e 20 28 1
t # 15076
v 0 11
v 1 1
v 2 1
v 3 2
v 4 2
v 5 2
v 6 2
v 7 2
v 8 3
v 9 3
v 10 3
v 11 3
v 12 3
v 13 3
v 14 3
v 15 3
v 16 3
v 17 3
v 18 4
v 19 4
v 20 4
v 21 4
v 22 4
v 23 4
v 24 4
v 25 4
v 26 4
v 27 4
v 28 4
v 29 4
v 30 4
e 0 9 1
e 0 13 1
e 1 15 1
e 1 28 1
e 2 15 2
e 3 10 1
e 3 17 2
e 4 13 2
e 4 16 1
e 5 14 1
e 5 16 2
e 6 14 2
e 6 17 1
e 7 16 1
e 7 29 1
e 7 30 1
e 8 9 1
e 8 11 1
e 8 12 1
e 8 18 1
e 9 15 1
e 9 19 1
e 10 13 1
e 10 14 1
e 10 20 1
e 11 21 1
e 11 22 1
e 11 23 1
e 12 24 1
e 12 25 1
e 12 26 1
e 17 27 1
t # 15077
v 0 18
v 1 11
v 2 1
v 3 2
v 4 2
v 5 2
v 6 2
v 7 2
v 8 3
v 9 3
v 10 3
v 11 3
v 12 3
v 13 3
v 14 3
v 15 3
v 16 3
v 17 3
v 18 3
v 19 3
v 20 3
v 21 4
v 22 4
v 23 4
v 24 4
v 25 4
v 26 4
v 27 4
v 28 4
v 29 4
v 30 4
e 1 9 1
e 1 11 1
e 2 12 2
e 3 8 1
e 3 15 2
e 4 9 2
e 4 13 1
e 5 10 1
e 5 13 2
e 6 10 2
e 6 15 1
e 7 13 1
e 7 29 1
e 7 30 1
e 8 9 1
e 8 10 1
e 8 21 1
e 11 12 1
e 11 22 1
e 11 23 1
e 12 14 1
e 14 16 2
e 14 17 1
e 15 24 1
e 16 18 1
e 16 25 1
e 17 19 2
e 17 26 1
e 18 20 2
e 18 27 1
e 19 20 1
e 19 28 1
t # 15078
v 0 11
v 1 1
v 2 1
v 3 2
v 4 2
v 5 2
v 6 2
v 7 2
v 8 2
v 9 2
v 10 2
v 11 2
v 12 3
v 13 3
v 14 3
v 15 3
v 16 3
v 17 3
v 18 3
v 19 3
v 20 3
v 21 3
v 22 4
v 23 4
v 24 4
v 25 4
v 26 4
v 27 4
v 28 4
v 29 4
v 30 4
e 0 13 1
e 0 15 1
e 3 12 1
e 3 19 2
e 4 13 2
e 4 17 1
e 5 14 1
e 5 17 2
e 6 14 2
e 6 19 1
e 7 18 1
e 7 21 1
e 7 24 1
e 8 15 2
e 8 20 1
e 9 18 1
e 9 20 2
e 10 16 1
e 11 17 1
e 11 29 1
e 11 30 1
e 12 13 1
e 12 14 1
e 12 22 1
e 15 16 1
e 16 18 2
e 19 23 1
e 20 25 1
e 21 26 1
e 21 27 1
e 21 28 1
t # 15079
v 0 1
v 1 2
v 2 3
v 3 3
v 4 3
v 5 3
v 6 3
v 7 3
v 8 3
v 9 3
v 10 3
v 11 3
v 12 4
v 13 4
v 14 4
v 15 4
v 16 4
v 17 4
v 18 4
v 19 4
v 20 4
v 21 4
v 22 4
v 23 4
v 24 4
v 25 4
v 26 4
v 27 4
v 28 4
v 29 4
v 30 4
v 31 4
v 32 4
v 33 4
e 0 11 1
e 0 33 1
e 1 2 1
e 1 3 1
e 1 5 1
e 1 9 1
e 2 4 1
e 2 10 1
e 2 12 1
e 3 6 1
e 3 13 1
e 3 14 1
e 4 7 1
e 4 15 1
e 4 16 1
e 5 11 1
e 5 17 1
e 5 18 1
e 6 8 1
e 6 19 1
e 6 20 1
e 7 8 1
e 7 21 1
e 7 22 1
e 8 23 1
e 8 24 1
e 9 25 1
e 9 26 1
e 9 27 1
e 10 28 1
e 10 29 1
e 10 30 1
e 11 31 1
e 11 32 1
t # 15080
v 0 2
v 1 2
v 2 3
v 3 3
v 4 3
v 5 3
v 6 3
v 7 3
v 8 3
v 9 3
v 10 3
v 11 3
v 12 3
v 13 3
v 14 3
v 15 3
v 16 3
v 17 3
v 18 3
v 19 3
v 20 4
v 21 4
v 22 4
v 23 4
v 24 4
v 25 4
v 26 4
v 27 4
v 28 4
v 29 4
v 30 4
v 31 4
v 32 4
v 33 4
v 34 4
v 35 4
v 36 4
v 37 4
v 38 4
v 39 4
v 40 4
v 41 4
v 42 4
v 43 4
v 44 4
v 45 4
v 46 4
v 47 4
v 48 4
v 49 4
v 50 4
v 51 4
v 52 4
v 53 4
v 54 4
v 55 4
e 0 2 1
e 0 3 1
e 0 6 1
e 0 8 1
e 1 4 1
e 1 5 1
e 1 7 1
e 1 9 1
e 2 4 1
e 2 20 1
e 2 21 1
e 3 5 1
e 3 22 1
e 3 23 1
e 4 24 1
e 4 25 1
e 5 26 1
e 5 27 1
e 6 10 1
e 6 16 1
e 6 28 1
e 7 11 1
e 7 17 1
e 7 29 1
e 8 12 1
e 8 30 1
e 8 31 1
e 9 13 1
e 9 32 1
e 9 33 1
e 10 14 1
e 10 34 1
e 10 35 1
e 11 15 1
e 11 36 1
e 11 37 1
e 12 18 1
e 12 38 1
e 12 39 1
e 13 19 1
e 13 40 1
e 13 41 1
e 14 18 1
e 14 42 1
e 14 43 1
e 15 19 1
e 15 44 1
e 15 45 1
e 16 46 1
e 16 47 1
e 16 48 1
e 17 49 1
e 17 50 1
e 17 51 1
e 18 52 1
e 18 53 1
e 19 54 1
e 19 55 1
t # 15081
v 0 1
v 1 1
v 2 1
v 3 1
v 4 1
v 5 2
v 6 2
v 7 2
v 8 3
v 9 3
v 10 3
v 11 3
v 12 3
v 13 3
v 14 3
v 15 3
v 16 3
v 17 3
v 18 3
v 19 3
v 20 3
v 21 3
v 22 4
v 23 4
v 24 4
v 25 4
v 26 4
v 27 4
v 28 4
v 29 4
v 30 4
v 31 4
v 32 4
v 33 4
v 34 4
v 35 4
v 36 4
v 37 4
v 38 4
e 0 11 1
e 0 17 1
e 1 16 1
e 2 17 2
e 5 8 1
e 5 9 1
e 5 10 1
e 6 15 2
e 7 20 1
e 8 11 1
e 8 22 1
e 8 23 1
e 9 12 1
e 9 24 1
e 9 25 1
e 10 13 1
e 10 26 1
e 10 27 1
e 11 28 1
e 11 29 1
e 12 30 1
e 12 31 1
e 12 32 1
e 13 33 1
e 13 34 1
e 13 35 1
e 14 15 1
e 14 16 2
e 14 18 1
e 15 17 1
e 16 19 1
e 18 21 2
e 18 36 1
e 19 20 2
e 19 37 1
e 20 21 1
e 21 38 1
t # 15082
v 0 1
v 1 1
v 2 2
v 3 2
v 4 2
v 5 2
v 6 2
v 7 2
v 8 3
v 9 3
v 10 3
v 11 3
v 12 3
v 13 3
v 14 3
v 15 3
v 16 3
v 17 3
v 18 3
v 19 3
v 20 3
v 21 4
v 22 4
v 23 4
v 24 4
v 25 4
v 26 4
v 27 4
v 28 4
v 29 4
v 30 4
v 31 4
v 32 4
v 33 4
v 34 4
v 35 4
v 36 4
v 37 4
v 38 4
v 39 4
v 40 4
v 41 4
v 42 4
e 0 15 2
e 1 16 2
e 2 8 1
e 2 10 1
e 2 11 1
e 3 9 1
e 3 14 1
e 3 29 1
e 4 12 1
e 4 14 1
e 4 30 1
e 5 13 1
e 5 16 1
e 5 19 1
e 6 15 1
e 6 16 1
e 6 20 1
e 7 13 1
e 7 14 2
e 8 9 1
e 8 21 1
e 8 22 1
e 9 23 1
e 9 24 1
e 10 17 1
e 10 25 1
e 10 26 1
e 11 18 1
e 11 27 1
e 11 28 1
e 12 13 2
e 12 15 1
e 17 31 1
e 17 32 1
e 17 33 1
e 18 34 1
e 18 35 1
e 18 36 1
e 19 37 1
e 19 38 1
e 19 39 1
e 20 40 1
e 20 41 1
e 20 42 1
t # 15083
v 0 1
v 1 1
v 2 2
v 3 2
v 4 2
v 5 2
v 6 2
v 7 2
v 8 3
v 9 3
v 10 3
v 11 3
v 12 3
v 13 3
v 14 3
v 15 3
v 16 3
v 17 3
v 18 3
v 19 3
v 20 3
v 21 4
v 22 4
v 23 4
v 24 4
v 25 4
v 26 4
v 27 4
v 28 4
v 29 4
v 30 4
v 31 4
v 32 4
v 33 4
v 34 4
v 35 4
v 36 4
v 37 4
v 38 4
v 39 4
v 40 4
e 0 16 2
e 1 18 2
e 2 8 1
e 2 9 1
e 2 12 1
e 3 10 1
e 3 11 1
e 3 15 1
e 4 12 1
e 4 13 1
e 4 17 1
e 5 12 2
e 5 14 1
e 6 14 1
e 6 18 1
e 6 19 1
e 7 16 1
e 7 18 1
e 7 20 1
e 8 10 1
e 8 21 1
e 8 22 1
e 9 11 1
e 9 23 1
e 9 24 1
e 10 25 1
e 10 26 1
e 11 27 1
e 11 28 1
e 13 14 2
e 13 16 1
e 15 29 1
e 15 30 1
e 15 31 1
e 17 32 1
e 17 33 1
e 17 34 1
e 19 35 1
e 19 36 1
e 19 37 1
e 20 38 1
e 20 39 1
e 20 40 1
t # 15084
v 0 11
v 1 1
v 2 1
v 3 2
v 4 2
v 5 2
v 6 2
v 7 2
v 8 3
v 9 3
v 10 3
v 11 3
v 12 3
v 13 3
v 14 3
v 15 3
v 16 4
v 17 4
v 18 4
v 19 4
v 20 4
v 21 4
v 22 4
v 23 4
v 24 4
e 0 9 1
e 0 11 1
e 1 15 1
e 1 24 1
e 2 15 2
e 3 8 1
e 3 14 2
e 4 9 2
e 4 13 1
e 5 10 1
e 5 13 2
e 6 10 2
e 6 14 1
e 7 13 1
e 7 22 1
e 7 23 1
e 8 9 1
e 8 10 1
e 8 16 1
e 11 12 1
e 11 15 1
e 11 17 1
e 12 18 1
e 12 19 1
e 12 20 1
e 14 21 1
t # 15085
v 0 12
v 1 2
v 2 3
v 3 3
v 4 3
v 5 3
v 6 3
v 7 3
v 8 3
v 9 3
v 10 3
v 11 3
v 12 3
v 13 3
v 14 3
v 15 3
v 16 3
v 17 3
v 18 3
v 19 3
v 20 3
v 21 3
v 22 3
v 23 3
v 24 3
v 25 3
v 26 3
v 27 3
v 28 3
v 29 3
v 30 3
v 31 4
v 32 4
v 33 4
v 34 4
v 35 4
v 36 4
v 37 4
v 38 4
v 39 4
v 40 4
v 41 4
v 42 4
v 43 4
v 44 4
v 45 4
v 46 4
v 47 4
v 48 4
v 49 4
v 50 4
v 51 4
v 52 4
v 53 4
v 54 4
v 55 4
v 56 4
v 57 4
v 58 4
v 59 4
v 60 4
v 61 4
v 62 4
v 63 4
v 64 4
v 65 4
v 66 4
v 67 4
v 68 4
v 69 4
v 70 4
v 71 4
v 72 4
v 73 4
v 74 4
v 75 4
v 76 4
v 77 4
v 78 4
v 79 4
v 80 4
v 81 4
v 82 4
e 0 28 1
e 1 21 1
e 1 25 1
e 1 67 1
e 2 3 1
e 2 7 1
e 2 9 1
e 2 16 1
e 3 4 1
e 3 11 1
e 3 31 1
e 4 5 1
e 4 12 1
e 4 32 1
e 5 6 1
e 5 10 1
e 5 33 1
e 6 8 1
e 6 15 1
e 6 19 1
e 7 13 1
e 7 18 1
e 7 34 1
e 8 14 1
e 8 17 1
e 8 35 1
e 9 10 1
e 9 36 1
e 9 37 1
e 10 38 1
e 10 39 1
e 11 13 1
e 11 40 1
e 11 41 1
e 12 14 1
e 12 42 1
e 12 43 1
e 13 44 1
e 13 45 1
e 14 46 1
e 14 47 1
e 15 20 1
e 15 48 1
e 15 49 1
e 16 50 1
e 16 51 1
e 16 52 1
e 17 21 1
e 17 53 1
e 17 54 1
e 18 22 1
e 18 23 1
e 18 55 1
e 19 56 1
e 19 57 1
e 19 58 1
e 20 21 1
e 20 59 1
e 20 60 1
e 21 61 1
e 22 24 1
e 22 62 1
e 22 63 1
e 23 64 1
e 23 65 1
e 23 66 1
e 24 26 1
e 24 68 1
e 24 69 1
e 25 28 1
e 25 70 1
e 25 71 1
e 26 27 1
e 26 72 1
e 26 73 1
e 27 29 1
e 27 30 1
e 27 74 1
e 28 75 1
e 28 76 1
e 29 77 1
e 29 78 1
e 29 79 1
e 30 80 1
e 30 81 1
e 30 82 1
t # 15086
v 0 11
v 1 11
v 2 1
v 3 1
v 4 1
v 5 1
v 6 2
v 7 2
v 8 2
v 9 2
v 10 2
v 11 2
v 12 3
v 13 3
v 14 3
v 15 3
v 16 3
v 17 3
v 18 3
v 19 3
v 20 3
v 21 3
v 22 3
v 23 3
v 24 3
v 25 3
v 26 3
v 27 3
v 28 3
v 29 3
v 30 3
v 31 3
v 32 3
v 33 3
v 34 3
v 35 3
v 36 3
v 37 3
v 38 3
v 39 3
v 40 4
v 41 4
v 42 4
v 43 4
v 44 4
v 45 4
v 46 4
v 47 4
v 48 4
v 49 4
v 50 4
v 51 4
v 52 4
v 53 4
v 54 4
v 55 4
v 56 4
v 57 4
v 58 4
v 59 4
v 60 4
v 61 4
v 62 4
v 63 4
v 64 4
v 65 4
e 0 2 2
e 0 3 2
e 0 13 1
e 1 4 2
e 1 5 2
e 1 15 1
e 6 21 1
e 6 45 1
e 7 23 1
e 7 47 1
e 8 26 1
e 8 29 1
e 8 58 1
e 9 27 1
e 9 30 1
e 9 59 1
e 10 26 2
e 10 32 1
e 11 27 2
e 11 33 1
e 12 13 1
e 12 14 2
e 12 17 1
e 13 19 2
e 14 16 1
e 14 20 1
e 15 16 2
e 15 18 1
e 16 40 1
e 17 18 2
e 17 41 1
e 18 42 1
e 19 22 1
e 19 43 1
e 20 22 2
e 20 44 1
e 21 28 1
e 21 34 2
e 22 46 1
e 23 31 1
e 23 36 2
e 24 26 1
e 24 28 2
e 24 35 1
e 25 27 1
e 25 31 2
e 25 37 1
e 28 48 1
e 29 32 1
e 29 49 1
e 29 50 1
e 30 33 1
e 30 51 1
e 30 52 1
e 31 53 1
e 32 54 1
e 32 55 1
e 33 56 1
e 33 57 1
e 34 38 1
e 34 60 1
e 35 38 2
e 35 61 1
e 36 39 1
e 36 62 1
e 37 39 2
e 37 63 1
e 38 64 1
e 39 65 1
t # 15087
v 0 11
v 1 11
v 2 1
v 3 1
v 4 1
v 5 1
v 6 1
v 7 2
v 8 2
v 9 2
v 10 2
v 11 2
v 12 2
v 13 3
v 14 3
v 15 3
v 16 3
v 17 3
v 18 3
v 19 3
v 20 3
v 21 3
v 22 3
v 23 3
v 24 3
v 25 3
v 26 3
v 27 3
v 28 3
v 29 3
v 30 3
v 31 3
v 32 3
v 33 3
v 34 3
v 35 3
v 36 3
v 37 3
v 38 3
v 39 3
v 40 3
v 41 3
v 42 3
v 43 4
v 44 4
v 45 4
v 46 4
v 47 4
v 48 4
v 49 4
v 50 4
v 51 4
v 52 4
v 53 4
v 54 4
v 55 4
v 56 4
v 57 4
v 58 4
v 59 4
v 60 4
v 61 4
v 62 4
v 63 4
v 64 4
v 65 4
v 66 4
v 67 4
v 68 4
v 69 4
v 70 4
e 0 3 2
e 0 4 2
e 0 25 1
e 1 5 2
e 1 6 2
e 1 26 1
e 2 37 1
e 2 38 1
e 7 13 1
e 7 15 1
e 7 51 1
e 8 14 1
e 8 16 1
e 8 52 1
e 9 21 1
e 9 55 1
e 10 22 1
e 10 56 1
e 11 13 2
e 11 19 1
e 12 14 2
e 12 20 1
e 13 17 1
e 14 18 1
e 15 19 1
e 15 43 1
e 15 44 1
e 16 20 1
e 16 45 1
e 16 46 1
e 17 23 2
e 17 27 1
e 18 24 2
e 18 28 1
e 19 47 1
e 19 48 1
e 20 49 1
e 20 50 1
e 21 23 1
e 21 29 2
e 22 24 1
e 22 30 2
e 23 53 1
e 24 54 1
e 25 33 2
e 25 35 1
e 26 34 2
e 26 36 1
e 27 31 2
e 27 57 1
e 28 32 2
e 28 58 1
e 29 31 1
e 29 59 1
e 30 32 1
e 30 60 1
e 31 61 1
e 32 62 1
e 33 39 1
e 33 63 1
e 34 40 1
e 34 64 1
e 35 41 2
e 35 65 1
e 36 42 2
e 36 66 1
e 37 39 2
e 37 41 1
e 38 40 2
e 38 42 1
e 39 67 1
e 40 68 1
e 41 69 1
e 42 70 1
t # 15088
v 0 11
v 1 11
v 2 1
v 3 1
v 4 1
v 5 1
v 6 2
v 7 2
v 8 2
v 9 2
v 10 2
v 11 2
v 12 3
v 13 3
v 14 3
v 15 3
v 16 3
v 17 3
v 18 3
v 19 3
v 20 3
v 21 3
v 22 3
v 23 3
v 24 3
v 25 3
v 26 3
v 27 3
v 28 3
v 29 3
v 30 3
v 31 3
v 32 3
v 33 3
v 34 3
v 35 3
v 36 3
v 37 3
v 38 3
v 39 3
v 40 4
v 41 4
v 42 4
v 43 4
v 44 4
v 45 4
v 46 4
v 47 4
v 48 4
v 49 4
v 50 4
v 51 4
v 52 4
v 53 4
v 54 4
v 55 4
v 56 4
v 57 4
v 58 4
v 59 4
v 60 4
v 61 4
v 62 4
v 63 4
v 64 4
v 65 4
e 0 2 2
e 0 3 2
e 0 14 1
e 1 4 2
e 1 5 2
e 1 15 1
e 6 22 1
e 6 46 1
e 7 23 1
e 7 47 1
e 8 26 1
e 8 30 1
e 8 58 1
e 9 27 1
e 9 31 1
e 9 59 1
e 10 26 2
e 10 32 1
e 11 27 2
e 11 33 1
e 12 13 2
e 12 14 1
e 12 16 1
e 13 15 1
e 13 17 1
e 14 18 2
e 15 19 2
e 16 20 2
e 16 40 1
e 17 21 2
e 17 41 1
e 18 21 1
e 18 42 1
e 19 20 1
e 19 43 1
e 20 44 1
e 21 45 1
e 22 28 1
e 22 34 2
e 23 29 1
e 23 35 2
e 24 26 1
e 24 28 2
e 24 36 1
e 25 27 1
e 25 29 2
e 25 37 1
e 28 48 1
e 29 49 1
e 30 32 1
e 30 50 1
e 30 51 1
e 31 33 1
e 31 52 1
e 31 53 1
e 32 54 1
e 32 55 1
e 33 56 1
e 33 57 1
e 34 38 1
e 34 60 1
e 35 39 1
e 35 61 1
e 36 38 2
e 36 62 1
e 37 39 2
e 37 63 1
e 38 64 1
e 39 65 1
t # 15089
v 0 1
v 1 1
v 2 1
v 3 1
v 4 1
v 5 1
v 6 1
v 7 1
v 8 1
v 9 1
v 10 1
v 11 1
v 12 1
v 13 1
v 14 1
v 15 1
v 16 1
v 17 1
v 18 1
v 19 1
v 20 1
v 21 1
v 22 1
v 23 1
v 24 1
v 25 1
v 26 3
v 27 3
v 28 3
v 29 3
v 30 3
v 31 3
v 32 3
v 33 3
v 34 3
v 35 3
v 36 3
v 37 3
v 38 3
v 39 3
v 40 3
v 41 3
v 42 3
v 43 3
v 44 3
v 45 3
v 46 3
v 47 3
v 48 3
v 49 3
v 50 3
v 51 3
v 52 3
v 53 3
v 54 3
v 55 3
v 56 3
v 57 3
v 58 3
v 59 3
v 60 3
v 61 3
v 62 3
v 63 3
v 64 3
v 65 3
v 66 3
v 67 3
v 68 3
v 69 3
v 70 3
v 71 3
v 72 3
v 73 3
v 74 3
v 75 3
v 76 3
v 77 3
v 78 3
v 79 3
v 80 3
v 81 3
v 82 3
v 83 3
v 84 4
v 85 4
v 86 4
v 87 4
v 88 4
v 89 4
v 90 4
v 91 4
v 92 4
v 93 4
v 94 4
v 95 4
v 96 4
v 97 4
v 98 4
v 99 4
v 100 4
v 101 4
v 102 4
v 103 4
v 104 4
v 105 4
v 106 4
v 107 4
v 108 4
v 109 4
v 110 4
v 111 4
v 112 4
v 113 4
v 114 4
v 115 4
v 116 4
v 117 4
v 118 4
v 119 4
v 120 4
v 121 4
v 122 4
v 123 4
v 124 4
v 125 4
v 126 4
v 127 4
v 128 4
v 129 4
v 130 4
v 131 4
v 132 4
v 133 4
v 134 4
v 135 4
v 136 4
v 137 4
v 138 4
v 139 4
v 140 4
v 141 4
v 142 4
v 143 4
v 144 4
v 145 4
v 146 4
v 147 4
v 148 4
v 149 4
v 150 4
v 151 4
v 152 4
v 153 4
v 154 4
v 155 4
v 156 4
v 157 4
v 158 4
v 159 4
v 160 4
v 161 4
v 162 4
v 163 4
v 164 4
v 165 4
v 166 4
v 167 4
e 0 26 1
e 0 32 1
e 1 28 1
e 1 34 1
e 2 32 1
e 2 38 1
e 3 34 1
e 3 41 1
e 4 39 1
e 4 40 1
e 5 39 1
e 5 42 1
e 6 29 1
e 6 68 1
e 7 27 1
e 7 118 1
e 8 33 1
e 8 120 1
e 9 37 1
e 9 123 1
e 10 44 1
e 10 75 1
e 11 52 1
e 11 61 1
e 12 57 1
e 12 62 1
e 13 61 1
e 13 67 1
e 14 47 2
e 15 62 1
e 15 72 1
e 16 54 1
e 16 81 1
e 17 56 1
e 17 148 1
e 18 53 2
e 19 66 1
e 19 82 1
e 20 65 1
e 20 149 1
e 21 64 1
e 21 156 1
e 22 68 2
e 23 73 1
e 23 160 1
e 24 74 1
e 24 161 1
e 25 81 2
e 26 31 1
e 26 33 1
e 26 84 1
e 27 29 1
e 27 30 1
e 27 45 1
e 28 36 1
e 28 37 1
e 28 85 1
e 29 38 1
e 29 86 1
e 30 32 1
e 30 87 1
e 30 88 1
e 31 34 1
e 31 89 1
e 31 90 1
e 32 91 1
e 33 41 1
e 33 92 1
e 34 93 1
e 35 40 1
e 35 43 1
e 35 44 1
e 35 94 1
e 36 39 1
e 36 95 1
e 36 96 1
e 37 42 1
e 37 97 1
e 38 49 1
e 38 98 1
e 39 99 1
e 40 47 1
e 40 100 1
e 41 50 1
e 41 101 1
e 42 51 1
e 42 102 1
e 43 46 1
e 43 103 1
e 43 104 1
e 44 53 1
e 44 105 1
e 45 106 1
e 45 107 1
e 45 108 1
e 46 48 1
e 46 55 2
e 47 48 1
e 48 56 2
e 49 109 1
e 49 110 1
e 49 111 1
e 50 112 1
e 50 113 1
e 50 114 1
e 51 115 1
e 51 116 1
e 51 117 1
e 52 54 1
e 52 57 1
e 52 119 1
e 53 64 1
e 54 58 1
e 54 121 1
e 55 59 1
e 55 122 1
e 56 60 1
e 57 70 1
e 57 124 1
e 58 62 1
e 58 125 1
e 58 126 1
e 59 60 1
e 59 69 2
e 60 73 2
e 61 63 1
e 61 127 1
e 62 128 1
e 63 65 1
e 63 129 1
e 63 130 1
e 64 74 1
e 64 132 1
e 65 66 1
e 65 131 1
e 66 67 1
e 66 133 1
e 67 77 1
e 67 134 1
e 68 71 1
e 69 72 1
e 69 135 1
e 70 136 1
e 70 137 1
e 70 138 1
e 71 78 1
e 71 79 1
e 71 139 1
e 72 76 2
e 73 76 1
e 74 80 1
e 74 140 1
e 75 141 1
e 75 142 1
e 75 143 1
e 76 144 1
e 77 145 1
e 77 146 1
e 77 147 1
e 78 150 1
e 78 151 1
e 78 152 1
e 79 153 1
e 79 154 1
e 79 155 1
e 80 157 1
e 80 158 1
e 80 159 1
e 81 83 1
e 82 162 1
e 82 163 1
e 82 164 1
e 83 165 1
e 83 166 1
e 83 167 1
t # 15090
v 0 12
v 1 1
v 2 1
v 3 2
v 4 3
v 5 3
v 6 3
v 7 3
v 8 3
v 9 3
v 10 3
v 11 3
v 12 3
v 13 3
v 14 3
v 15 3
v 16 3
v 17 3
v 18 3
v 19 3
v 20 3
v 21 3
v 22 4
v 23 4
v 24 4
v 25 4
v 26 4
v 27 4
v 28 4
v 29 4
v 30 4
v 31 4
v 32 4
v 33 4
v 34 4
v 35 4
v 36 4
v 37 4
v 38 4
v 39 4
v 40 4
v 41 4
e 0 18 1
e 1 4 1
e 1 11 1
e 2 7 2
e 3 5 1
e 3 9 1
e 3 10 1
e 4 5 1
e 4 6 1
e 4 7 1
e 5 22 1
e 5 23 1
e 6 24 1
e 6 25 1
e 6 26 1
e 7 8 1
e 8 12 2
e 8 13 1
e 9 27 1
e 9 28 1
e 9 29 1
e 10 30 1
e 10 31 1
e 10 32 1
e 11 14 2
e 11 15 1
e 12 16 1
e 12 33 1
e 13 17 2
e 13 34 1
e 14 19 1
e 14 35 1
e 15 20 2
e 15 36 1
e 16 18 2
e 16 37 1
e 17 18 1
e 17 38 1
e 19 21 2
e 19 39 1
e 20 21 1
e 20 40 1
e 21 41 1
t # 15091
v 0 11
v 1 11
v 2 1
v 3 2
v 4 2
v 5 2
v 6 2
v 7 2
v 8 2
v 9 3
v 10 3
v 11 3
v 12 3
v 13 3
v 14 3
v 15 3
v 16 3
v 17 3
v 18 3
v 19 3
v 20 3
v 21 3
v 22 4
v 23 4
v 24 4
v 25 4
v 26 4
v 27 4
v 28 4
v 29 4
v 30 4
v 31 4
v 32 4
v 33 4
v 34 4
v 35 4
v 36 4
v 37 4
v 38 4
v 39 4
v 40 4
v 41 4
v 42 4
v 43 4
v 44 4
v 45 4
e 0 11 1
e 0 14 1
e 1 12 1
e 1 15 1
e 2 13 2
e 3 9 1
e 3 10 1
e 3 13 1
e 4 13 1
e 4 30 1
e 4 31 1
e 5 14 2
e 5 16 1
e 6 15 2
e 6 17 1
e 7 14 1
e 7 32 1
e 7 33 1
e 8 15 1
e 8 34 1
e 8 35 1
e 9 11 1
e 9 22 1
e 9 23 1
e 10 12 1
e 10 24 1
e 10 25 1
e 11 26 1
e 11 27 1
e 12 28 1
e 12 29 1
e 16 18 1
e 16 36 1
e 16 37 1
e 17 19 1
e 17 38 1
e 17 39 1
e 18 20 2
e 18 40 1
e 19 21 2
e 19 41 1
e 20 42 1
e 20 43 1
e 21 44 1
e 21 45 1
t # 15092
v 0 1
v 1 2
v 2 2
v 3 3
v 4 3
v 5 3
v 6 3
v 7 3
v 8 3
v 9 3
v 10 3
v 11 3
v 12 3
v 13 3
v 14 3
v 15 3
v 16 3
v 17 3
v 18 3
v 19 3
v 20 3
v 21 3
v 22 4
v 23 4
v 24 4
v 25 4
v 26 4
v 27 4
v 28 4
v 29 4
v 30 4
v 31 4
v 32 4
v 33 4
v 34 4
v 35 4
v 36 4
v 37 4
v 38 4
v 39 4
v 40 4
v 41 4
v 42 4
v 43 4
v 44 4
v 45 4
v 46 4
v 47 4
v 48 4
v 49 4
v 50 4
v 51 4
e 0 17 1
e 0 51 1
e 1 3 1
e 1 4 1
e 1 13 1
e 2 5 1
e 2 6 1
e 2 14 1
e 3 7 1
e 3 22 1
e 3 23 1
e 4 8 1
e 4 24 1
e 4 25 1
e 5 9 1
e 5 26 1
e 5 27 1
e 6 10 1
e 6 28 1
e 6 29 1
e 7 11 1
e 7 30 1
e 7 31 1
e 8 11 1
e 8 32 1
e 8 33 1
e 9 12 1
e 9 34 1
e 9 35 1
e 10 12 1
e 10 36 1
e 10 37 1
e 11 38 1
e 11 39 1
e 12 40 1
e 12 41 1
e 13 15 1
e 13 42 1
e 13 43 1
e 14 16 1
e 14 44 1
e 14 45 1
e 15 17 2
e 15 18 1
e 16 17 1
e 16 19 2
e 18 20 2
e 18 46 1
e 19 20 1
e 19 47 1
e 20 21 1
e 21 48 1
e 21 49 1
e 21 50 1
t # 15093
v 0 1
v 1 1
v 2 1
v 3 1
v 4 2
v 5 3
v 6 3
v 7 3
v 8 3
v 9 3
v 10 3
v 11 3
v 12 3
v 13 3
v 14 3
v 15 3
v 16 3
v 17 3
v 18 3
v 19 3
v 20 3
v 21 3
v 22 3
v 23 3
v 24 3
v 25 4
v 26 4
v 27 4
v 28 4
v 29 4
v 30 4
v 31 4
v 32 4
v 33 4
v 34 4
v 35 4
v 36 4
v 37 4
v 38 4
v 39 4
v 40 4
v 41 4
v 42 4
v 43 4
v 44 4
v 45 4
e 0 7 1
e 0 11 1
e 1 14 2
e 2 15 2
e 3 20 1
e 3 45 1
e 4 5 1
e 4 8 1
e 4 9 1
e 5 7 1
e 5 25 1
e 5 26 1
e 6 10 2
e 6 11 1
e 6 14 1
e 7 27 1
e 7 28 1
e 8 18 1
e 8 29 1
e 8 30 1
e 9 19 1
e 9 31 1
e 9 32 1
e 10 15 1
e 10 16 1
e 11 17 2
e 12 13 2
e 12 14 1
e 12 20 1
e 13 15 1
e 13 22 1
e 16 21 2
e 16 33 1
e 17 21 1
e 17 34 1
e 18 35 1
e 18 36 1
e 18 37 1
e 19 38 1
e 19 39 1
e 19 40 1
e 20 23 2
e 21 41 1
e 22 24 2
e 22 42 1
e 23 24 1
e 23 43 1
e 24 44 1
t # 15094
v 0 1
v 1 2
v 2 2
v 3 2
v 4 2
v 5 3
v 6 3
v 7 3
v 8 3
v 9 3
v 10 3
v 11 3
v 12 3
v 13 4
v 14 4
v 15 4
v 16 4
v 17 4
v 18 4
v 19 4
v 20 4
v 21 4
v 22 4
e 0 11 2
e 1 6 1
e 1 17 1
e 1 18 1
e 2 11 1
e 2 12 2
e 3 12 1
e 3 19 1
e 3 20 1
e 4 12 1
e 4 21 1
e 4 22 1
e 5 7 2
e 5 8 1
e 5 11 1
e 6 9 2
e 6 10 1
e 7 9 1
e 7 13 1
e 8 10 2
e 8 14 1
e 9 15 1
e 10 16 1
t # 15095
v 0 11
v 1 1
v 2 2
v 3 2
v 4 2
v 5 2
v 6 2
v 7 3
v 8 3
v 9 3
v 10 3
v 11 3
v 12 3
v 13 3
v 14 4
v 15 4
v 16 4
v 17 4
v 18 4
v 19 4
v 20 4
v 21 4
v 22 4
e 0 10 1
e 0 11 1
e 1 13 1
e 1 22 1
e 2 7 1
e 2 10 2
e 3 8 2
e 3 10 1
e 4 8 1
e 4 12 2
e 5 9 2
e 5 12 1
e 6 9 1
e 6 20 1
e 6 21 1
e 7 8 1
e 7 9 1
e 7 14 1
e 11 13 1
e 11 15 1
e 11 16 1
e 12 17 1
e 13 18 1
e 13 19 1
t # 15096
v 0 1
v 1 2
v 2 2
v 3 2
v 4 2
v 5 2
v 6 3
v 7 3
v 8 3
v 9 3
v 10 3
v 11 3
v 12 4
v 13 4
v 14 4
v 15 4
v 16 4
v 17 4
v 18 4
e 0 10 1
e 0 18 1
e 1 6 1
e 1 9 2
e 2 7 2
e 2 9 1
e 3 7 1
e 3 11 2
e 4 8 2
e 4 11 1
e 5 8 1
e 5 16 1
e 5 17 1
e 6 7 1
e 6 8 1
e 6 12 1
e 9 10 1
e 10 13 1
e 10 14 1
e 11 15 1
t # 15097
v 0 11
v 1 1
v 2 1
v 3 2
v 4 2
v 5 2
v 6 2
v 7 2
v 8 3
v 9 3
v 10 3
v 11 3
v 12 3
v 13 3
v 14 4
v 15 4
v 16 4
v 17 4
v 18 4
v 19 4
v 20 4
e 0 1 2
e 0 2 2
e 0 10 1
e 0 12 1
e 3 8 1
e 3 10 2
e 4 9 2
e 4 10 1
e 5 9 1
e 5 13 2
e 6 11 2
e 6 13 1
e 7 11 1
e 7 19 1
e 7 20 1
e 8 9 1
e 8 11 1
e 8 14 1
e 12 15 1
e 12 16 1
e 12 17 1
e 13 18 1
t # 15098
v 0 12
v 1 11
v 2 2
v 3 2
v 4 2
v 5 2
v 6 2
v 7 3
v 8 3
v 9 3
v 10 3
v 11 3
v 12 3
v 13 3
v 14 3
v 15 3
v 16 3
v 17 3
v 18 3
v 19 4
v 20 4
v 21 4
v 22 4
v 23 4
v 24 4
v 25 4
v 26 4
v 27 4
v 28 4
e 0 18 1
e 1 10 1
e 1 11 1
e 2 7 1
e 2 10 2
e 3 8 2
e 3 10 1
e 4 8 1
e 4 15 2
e 5 9 2
e 5 15 1
e 6 9 1
e 6 25 1
e 6 26 1
e 7 8 1
e 7 9 1
e 7 19 1
e 11 12 1
e 11 20 1
e 11 21 1
e 12 13 2
e 12 14 1
e 13 16 1
e 13 22 1
e 14 17 2
e 14 23 1
e 15 24 1
e 16 18 2
e 16 27 1
e 17 18 1
e 17 28 1
t # 15099
v 0 11
v 1 2
v 2 2
v 3 2
v 4 2
v 5 2
v 6 2
v 7 3
v 8 3
v 9 3
v 10 3
v 11 3
v 12 3
v 13 3
v 14 4
v 15 4
v 16 4
v 17 4
v 18 4
v 19 4
v 20 4
v 21 4
v 22 4
v 23 4
e 0 12 1
e 0 13 1
e 1 8 1
e 1 10 1
e 1 11 1
e 2 8 2
e 2 12 1
e 3 7 1
e 4 9 1
e 4 12 2
e 5 6 1
e 5 9 2
e 7 8 1
e 7 9 1
e 7 14 1
e 10 15 1
e 10 16 1
e 10 17 1
e 11 18 1
e 11 19 1
e 11 20 1
e 13 21 1
e 13 22 1
e 13 23 1
