t # 68700
v 0 8
v 1 1
v 2 1
v 3 1
v 4 1
v 5 3
v 6 3
v 7 3
v 8 3
v 9 3
v 10 3
v 11 3
v 12 3
v 13 4
v 14 4
v 15 4
v 16 4
v 17 4
v 18 4
v 19 4
v 20 4
v 21 4
v 22 4
v 23 4
v 24 4
v 25 4
v 26 4
v 27 4
v 28 4
v 29 4
v 30 4
v 31 4
e 1 7 1
e 2 8 1
e 3 31 1
e 5 7 1
e 5 9 1
e 5 13 1
e 5 14 1
e 6 8 1
e 6 10 1
e 6 15 1
e 6 16 1
e 7 17 1
e 7 18 1
e 8 19 1
e 8 20 1
e 9 11 1
e 9 21 1
e 9 22 1
e 10 12 1
e 10 23 1
e 10 24 1
e 11 25 1
e 11 26 1
e 11 27 1
e 12 28 1
e 12 29 1
e 12 30 1
t # 68701
v 0 1
v 1 2
v 2 3
v 3 3
v 4 3
v 5 3
v 6 3
v 7 3
v 8 3
v 9 4
v 10 4
v 11 4
v 12 4
v 13 4
v 14 4
v 15 4
v 16 4
v 17 4
v 18 4
v 19 4
v 20 4
v 21 4
e 0 6 2
e 1 2 1
e 1 6 1
e 1 18 1
e 2 3 1
e 2 4 1
e 2 5 1
e 3 9 1
e 3 10 1
e 3 11 1
e 4 12 1
e 4 13 1
e 4 14 1
e 5 15 1
e 5 16 1
e 5 17 1
e 6 7 1
e 7 8 2
e 7 19 1
e 8 20 1
e 8 21 1
t # 68702
v 0 11
v 1 11
v 2 8
v 3 1
v 4 1
v 5 3
v 6 3
v 7 3
v 8 3
v 9 3
v 10 3
v 11 4
v 12 4
v 13 4
v 14 4
v 15 4
v 16 4
v 17 4
v 18 4
v 19 4
v 20 4
v 21 4
v 22 4
v 23 4
v 24 4
v 25 4
e 3 5 1
e 4 6 1
e 5 7 1
e 5 8 1
e 5 11 1
e 6 9 1
e 6 10 1
e 6 12 1
e 7 13 1
e 7 14 1
e 7 15 1
e 8 16 1
e 8 17 1
e 8 18 1
e 9 19 1
e 9 20 1
e 9 21 1
e 10 22 1
e 10 23 1
e 10 24 1
t # 68703
v 0 8
v 1 8
v 2 1
v 3 1
v 4 1
v 5 1
v 6 1
v 7 1
v 8 1
v 9 3
v 10 3
v 11 3
v 12 3
v 13 3
v 14 3
v 15 3
v 16 3
v 17 4
v 18 4
v 19 4
v 20 4
v 21 4
v 22 4
v 23 4
v 24 4
v 25 4
v 26 4
v 27 4
v 28 4
v 29 4
v 30 4
v 31 4
v 32 4
v 33 4
v 34 4
v 35 4
v 36 4
e 3 9 1
e 4 10 1
e 5 11 1
e 6 12 1
e 9 13 1
e 9 17 1
e 9 18 1
e 10 14 1
e 10 19 1
e 10 20 1
e 11 15 1
e 11 21 1
e 11 22 1
e 12 16 1
e 12 23 1
e 12 24 1
e 13 25 1
e 13 26 1
e 13 27 1
e 14 28 1
e 14 29 1
e 14 30 1
e 15 31 1
e 15 32 1
e 15 33 1
e 16 34 1
e 16 35 1
e 16 36 1
t # 68704
v 0 11
v 1 3
v 2 3
v 3 3
v 4 3
v 5 3
v 6 3
v 7 3
v 8 3
v 9 4
v 10 4
v 11 4
v 12 4
v 13 4
v 14 4
v 15 4
v 16 4
v 17 4
v 18 4
v 19 4
v 20 4
v 21 4
v 22 4
v 23 4
v 24 4
v 25 4
v 26 4
e 0 1 1
e 0 2 1
e 1 3 1
e 1 4 1
e 1 5 1
e 2 6 1
e 2 7 1
e 2 8 1
e 3 9 1
e 3 10 1
e 3 11 1
e 4 12 1
e 4 13 1
e 4 14 1
e 5 15 1
e 5 16 1
e 5 17 1
e 6 18 1
e 6 19 1
e 6 20 1
e 7 21 1
e 7 22 1
e 7 23 1
e 8 24 1
e 8 25 1
e 8 26 1
t # 68705
v 0 1
v 1 1
v 2 3
v 3 3
v 4 3
v 5 3
v 6 3
v 7 3
v 8 4
v 9 4
v 10 4
v 11 4
v 12 4
v 13 4
v 14 4
v 15 4
v 16 4
v 17 4
v 18 4
v 19 4
v 20 4
v 21 4
e 0 2 1
e 0 20 1
e 1 4 1
e 1 21 1
e 2 3 1
e 2 5 1
e 2 6 1
e 3 4 1
e 3 8 1
e 3 9 1
e 4 7 1
e 4 10 1
e 5 11 1
e 5 12 1
e 5 13 1
e 6 14 1
e 6 15 1
e 6 16 1
e 7 17 1
e 7 18 1
e 7 19 1
t # 68706
v 0 11
v 1 1
v 2 1
v 3 1
v 4 1
v 5 3
v 6 3
v 7 4
v 8 4
v 9 4
v 10 4
v 11 4
v 12 4
e 0 3 2
e 0 4 2
e 0 5 1
e 1 11 1
e 2 6 1
e 2 12 1
e 5 6 1
e 5 7 1
e 5 8 1
e 6 9 1
e 6 10 1
t # 68707
v 0 1
v 1 1
v 2 3
v 3 3
v 4 4
v 5 4
e 0 2 2
e 1 3 2
e 2 3 1
e 2 4 1
e 3 5 1
t # 68708
v 0 1
v 1 2
v 2 3
v 3 3
v 4 4
v 5 4
v 6 4
e 0 2 1
e 0 6 1
e 2 3 1
e 2 4 1
e 2 5 1
t # 68709
v 0 18
v 1 2
v 2 3
v 3 3
v 4 4
v 5 4
v 6 4
v 7 4
v 8 4
v 9 4
e 1 2 1
e 1 8 1
e 1 9 1
e 2 3 1
e 2 4 1
e 2 5 1
e 3 6 1
e 3 7 1
t # 68710
v 0 1
v 1 1
v 2 3
v 3 3
v 4 3
v 5 3
v 6 3
v 7 3
v 8 4
v 9 4
v 10 4
v 11 4
v 12 4
v 13 4
v 14 4
v 15 4
v 16 4
v 17 4
e 0 2 1
e 0 3 1
e 1 4 1
e 1 5 1
e 2 3 1
e 2 4 1
e 2 8 1
e 3 9 1
e 3 10 1
e 4 11 1
e 4 12 1
e 5 6 1
e 5 13 1
e 5 14 1
e 6 7 2
e 6 15 1
e 7 16 1
e 7 17 1
t # 68711
v 0 1
v 1 1
v 2 3
v 3 3
v 4 3
v 5 3
v 6 3
v 7 3
v 8 3
v 9 3
v 10 4
v 11 4
v 12 4
v 13 4
v 14 4
v 15 4
v 16 4
v 17 4
v 18 4
v 19 4
v 20 4
v 21 4
e 0 2 1
e 0 4 1
e 1 6 1
e 1 9 1
e 2 4 1
e 2 5 1
e 2 11 1
e 3 5 1
e 3 6 1
e 3 7 1
e 3 10 1
e 4 8 1
e 4 12 1
e 5 13 1
e 5 14 1
e 6 9 1
e 6 15 1
e 7 8 1
e 7 16 1
e 7 17 1
e 8 18 1
e 8 19 1
e 9 20 1
e 9 21 1
t # 68712
v 0 1
v 1 1
v 2 1
v 3 1
v 4 3
v 5 3
v 6 3
v 7 3
v 8 3
v 9 3
v 10 3
v 11 3
v 12 3
v 13 3
v 14 3
v 15 3
v 16 4
v 17 4
v 18 4
v 19 4
v 20 4
v 21 4
v 22 4
v 23 4
v 24 4
v 25 4
v 26 4
v 27 4
v 28 4
v 29 4
v 30 4
v 31 4
v 32 4
v 33 4
v 34 4
v 35 4
v 36 4
v 37 4
e 0 12 1
e 0 14 1
e 1 13 1
e 1 15 1
e 2 12 2
e 3 13 2
e 4 5 1
e 4 6 1
e 4 16 1
e 4 17 1
e 5 7 1
e 5 18 1
e 5 19 1
e 6 8 1
e 6 20 1
e 6 21 1
e 7 9 1
e 7 22 1
e 7 23 1
e 8 10 1
e 8 24 1
e 8 25 1
e 9 11 1
e 9 26 1
e 9 27 1
e 10 12 1
e 10 28 1
e 10 29 1
e 11 13 1
e 11 30 1
e 11 31 1
e 14 32 1
e 14 33 1
e 14 34 1
e 15 35 1
e 15 36 1
e 15 37 1
t # 68713
v 0 12
v 1 12
v 2 1
v 3 1
v 4 1
v 5 1
v 6 1
v 7 3
v 8 3
v 9 3
v 10 3
v 11 3
v 12 3
v 13 4
v 14 4
v 15 4
v 16 4
v 17 4
v 18 4
v 19 4
v 20 4
e 0 11 1
e 1 12 1
e 2 7 1
e 2 8 1
e 3 9 1
e 3 11 1
e 4 10 1
e 4 12 1
e 5 11 2
e 6 12 2
e 7 9 1
e 7 13 1
e 7 14 1
e 8 10 1
e 8 15 1
e 8 16 1
e 9 17 1
e 9 18 1
e 10 19 1
e 10 20 1
t # 68714
v 0 1
v 1 1
v 2 2
v 3 3
v 4 3
v 5 3
v 6 3
v 7 3
v 8 3
v 9 4
v 10 4
v 11 4
v 12 4
v 13 4
v 14 4
v 15 4
e 0 3 1
e 0 5 1
e 1 5 2
e 3 4 1
e 3 9 1
e 3 10 1
e 4 6 1
e 4 11 1
e 4 12 1
e 5 7 1
e 7 8 2
e 7 13 1
e 8 14 1
e 8 15 1
t # 68715
v 0 1
v 1 1
v 2 3
v 3 3
v 4 3
v 5 3
v 6 3
v 7 3
v 8 3
v 9 4
v 10 4
v 11 4
v 12 4
v 13 4
v 14 4
v 15 4
v 16 4
v 17 4
v 18 4
v 19 4
v 20 4
v 21 4
v 22 4
e 0 7 1
e 0 8 1
e 1 7 2
e 2 3 1
e 2 4 1
e 2 9 1
e 2 10 1
e 3 5 1
e 3 11 1
e 3 12 1
e 4 6 1
e 4 13 1
e 4 14 1
e 5 7 1
e 5 15 1
e 5 16 1
e 6 17 1
e 6 18 1
e 6 19 1
e 8 20 1
e 8 21 1
e 8 22 1
t # 68716
v 0 1
v 1 1
v 2 1
v 3 3
v 4 3
v 5 3
v 6 3
v 7 3
v 8 3
v 9 4
v 10 4
v 11 4
v 12 4
v 13 4
v 14 4
v 15 4
v 16 4
v 17 4
v 18 4
v 19 4
v 20 4
v 21 4
v 22 4
e 0 5 1
e 0 20 1
e 1 7 1
e 1 21 1
e 2 8 1
e 2 22 1
e 3 4 1
e 3 5 1
e 3 9 1
e 3 10 1
e 4 6 1
e 4 11 1
e 4 12 1
e 5 7 1
e 5 13 1
e 6 8 1
e 6 14 1
e 6 15 1
e 7 16 1
e 7 17 1
e 8 18 1
e 8 19 1
t # 68717
v 0 12
v 1 11
v 2 3
v 3 3
v 4 3
v 5 3
v 6 3
v 7 3
v 8 4
v 9 4
v 10 4
v 11 4
v 12 4
e 0 7 1
e 1 2 1
e 2 3 2
e 2 4 1
e 3 5 1
e 3 8 1
e 4 6 2
e 4 9 1
e 5 7 2
e 5 10 1
e 6 7 1
e 6 11 1
t # 68718
v 0 2
v 1 2
v 2 3
v 3 3
v 4 3
v 5 3
v 6 3
v 7 3
v 8 4
v 9 4
v 10 4
v 11 4
v 12 4
v 13 4
v 14 4
v 15 4
e 0 2 1
e 0 12 1
e 0 13 1
e 1 3 1
e 1 14 1
e 1 15 1
e 2 4 2
e 2 6 1
e 3 5 2
e 3 7 1
e 4 5 1
e 4 8 1
e 5 9 1
e 6 7 2
e 6 10 1
e 7 11 1
t # 68719
v 0 2
v 1 3
v 2 3
v 3 3
v 4 3
v 5 3
v 6 3
v 7 3
v 8 4
v 9 4
v 10 4
v 11 4
v 12 4
v 13 4
v 14 4
v 15 4
v 16 4
e 0 2 1
e 0 15 1
e 0 16 1
e 1 3 2
e 1 4 1
e 1 7 1
e 2 5 2
e 2 6 1
e 3 5 1
e 3 8 1
e 4 6 2
e 4 9 1
e 5 10 1
e 6 11 1
e 7 12 1
e 7 13 1
e 7 14 1
t # 68720
v 0 11
v 1 3
v 2 3
v 3 3
v 4 3
v 5 3
v 6 3
v 7 3
v 8 4
v 9 4
v 10 4
v 11 4
v 12 4
v 13 4
v 14 4
v 15 4
e 0 6 1
e 1 2 2
e 1 3 1
e 1 7 1
e 2 4 1
e 2 8 1
e 3 5 2
e 3 9 1
e 4 6 2
e 4 10 1
e 5 6 1
e 5 11 1
e 7 12 1
e 7 13 1
e 7 14 1
t # 68721
v 0 18
v 1 1
v 2 3
v 3 3
v 4 3
v 5 3
v 6 3
v 7 3
v 8 4
v 9 4
v 10 4
v 11 4
v 12 4
e 1 2 1
e 1 12 1
e 2 3 2
e 2 4 1
e 3 5 1
e 3 8 1
e 4 6 2
e 4 9 1
e 5 7 2
e 5 10 1
e 6 7 1
e 6 11 1
t # 68722
v 0 18
v 1 12
v 2 3
v 3 3
v 4 3
v 5 3
v 6 3
v 7 3
v 8 4
v 9 4
v 10 4
v 11 4
e 1 7 1
e 2 3 2
e 2 4 1
e 3 5 1
e 3 8 1
e 4 6 2
e 4 9 1
e 5 7 2
e 5 10 1
e 6 7 1
e 6 11 1
t # 68723
v 0 1
v 1 1
v 2 3
v 3 3
v 4 3
v 5 3
v 6 3
v 7 3
v 8 3
v 9 3
v 10 3
v 11 3
v 12 3
v 13 3
v 14 3
v 15 3
v 16 4
v 17 4
v 18 4
v 19 4
v 20 4
v 21 4
v 22 4
v 23 4
v 24 4
v 25 4
v 26 4
v 27 4
v 28 4
v 29 4
v 30 4
v 31 4
v 32 4
v 33 4
v 34 4
v 35 4
v 36 4
v 37 4
v 38 4
v 39 4
v 40 4
v 41 4
v 42 4
v 43 4
e 0 13 1
e 0 14 1
e 1 13 2
e 2 3 1
e 2 4 1
e 2 16 1
e 2 17 1
e 3 5 1
e 3 18 1
e 3 19 1
e 4 6 1
e 4 20 1
e 4 21 1
e 5 7 1
e 5 22 1
e 5 23 1
e 6 8 1
e 6 24 1
e 6 25 1
e 7 9 1
e 7 26 1
e 7 27 1
e 8 10 1
e 8 28 1
e 8 29 1
e 9 11 1
e 9 30 1
e 9 31 1
e 10 12 1
e 10 32 1
e 10 33 1
e 11 13 1
e 11 34 1
e 11 35 1
e 12 36 1
e 12 37 1
e 12 38 1
e 14 15 1
e 14 39 1
e 14 40 1
e 15 41 1
e 15 42 1
e 15 43 1
t # 68724
v 0 1
v 1 1
v 2 3
v 3 3
v 4 3
v 5 3
v 6 3
v 7 3
v 8 3
v 9 3
v 10 3
v 11 4
v 12 4
v 13 4
v 14 4
v 15 4
v 16 4
v 17 4
v 18 4
v 19 4
v 20 4
v 21 4
v 22 4
v 23 4
v 24 4
v 25 4
v 26 4
v 27 4
v 28 4
e 0 8 1
e 0 9 1
e 1 8 2
e 2 3 1
e 2 4 1
e 2 11 1
e 2 12 1
e 3 5 1
e 3 13 1
e 3 14 1
e 4 6 1
e 4 15 1
e 4 16 1
e 5 7 1
e 5 17 1
e 5 18 1
e 6 8 1
e 6 19 1
e 6 20 1
e 7 21 1
e 7 22 1
e 7 23 1
e 9 10 1
e 9 24 1
e 9 25 1
e 10 26 1
e 10 27 1
e 10 28 1
t # 68725
v 0 1
v 1 1
v 2 3
v 3 3
v 4 3
v 5 3
v 6 3
v 7 3
v 8 3
v 9 3
v 10 3
v 11 4
v 12 4
v 13 4
v 14 4
v 15 4
v 16 4
v 17 4
v 18 4
v 19 4
v 20 4
v 21 4
v 22 4
v 23 4
v 24 4
v 25 4
v 26 4
v 27 4
v 28 4
e 0 4 1
e 0 9 1
e 1 9 2
e 2 3 1
e 2 5 1
e 2 6 1
e 2 11 1
e 3 4 1
e 3 12 1
e 3 13 1
e 4 14 1
e 4 15 1
e 5 16 1
e 5 17 1
e 5 18 1
e 6 19 1
e 6 20 1
e 6 21 1
e 7 8 1
e 7 9 1
e 7 22 1
e 7 23 1
e 8 10 1
e 8 24 1
e 8 25 1
e 10 26 1
e 10 27 1
e 10 28 1
t # 68726
v 0 1
v 1 3
v 2 3
v 3 3
v 4 3
v 5 3
v 6 3
v 7 3
v 8 3
v 9 3
v 10 3
v 11 4
v 12 4
v 13 4
v 14 4
v 15 4
v 16 4
v 17 4
v 18 4
v 19 4
v 20 4
v 21 4
v 22 4
v 23 4
v 24 4
v 25 4
v 26 4
v 27 4
v 28 4
e 0 8 2
e 1 2 1
e 1 4 1
e 1 5 1
e 1 11 1
e 2 3 1
e 2 12 1
e 2 13 1
e 3 6 1
e 3 14 1
e 3 15 1
e 4 8 1
e 4 16 1
e 4 17 1
e 5 18 1
e 5 19 1
e 5 20 1
e 6 7 2
e 6 21 1
e 7 9 1
e 7 10 1
e 8 22 1
e 9 23 1
e 9 24 1
e 9 25 1
e 10 26 1
e 10 27 1
e 10 28 1
t # 68727
v 0 1
v 1 3
v 2 3
v 3 3
v 4 3
v 5 3
v 6 3
v 7 3
v 8 3
v 9 3
v 10 3
v 11 4
v 12 4
v 13 4
v 14 4
v 15 4
v 16 4
v 17 4
v 18 4
v 19 4
v 20 4
v 21 4
v 22 4
v 23 4
v 24 4
v 25 4
v 26 4
v 27 4
v 28 4
v 29 4
v 30 4
v 31 4
v 32 4
e 0 8 1
e 0 32 1
e 1 2 1
e 1 6 1
e 1 7 1
e 1 11 1
e 2 3 1
e 2 12 1
e 2 13 1
e 3 4 1
e 3 14 1
e 3 15 1
e 4 5 1
e 4 16 1
e 4 17 1
e 5 9 1
e 5 10 1
e 5 18 1
e 6 8 1
e 6 19 1
e 6 20 1
e 7 21 1
e 7 22 1
e 7 23 1
e 8 24 1
e 8 25 1
e 9 26 1
e 9 27 1
e 9 28 1
e 10 29 1
e 10 30 1
e 10 31 1
t # 68728
v 0 2
v 1 3
v 2 3
v 3 3
v 4 3
v 5 3
v 6 3
v 7 3
v 8 3
v 9 3
v 10 3
v 11 3
v 12 3
v 13 3
v 14 3
v 15 3
v 16 3
v 17 4
v 18 4
v 19 4
v 20 4
v 21 4
v 22 4
v 23 4
v 24 4
v 25 4
v 26 4
v 27 4
v 28 4
v 29 4
v 30 4
v 31 4
v 32 4
v 33 4
v 34 4
v 35 4
v 36 4
v 37 4
v 38 4
v 39 4
v 40 4
v 41 4
v 42 4
v 43 4
v 44 4
v 45 4
v 46 4
v 47 4
v 48 4
v 49 4
v 50 4
v 51 4
e 0 3 1
e 0 4 1
e 0 27 1
e 1 3 1
e 1 5 1
e 1 7 1
e 1 17 1
e 2 4 1
e 2 6 1
e 2 8 1
e 2 18 1
e 3 19 1
e 3 20 1
e 4 21 1
e 4 22 1
e 5 9 1
e 5 23 1
e 5 24 1
e 6 10 1
e 6 25 1
e 6 26 1
e 7 13 1
e 7 28 1
e 7 29 1
e 8 14 1
e 8 30 1
e 8 31 1
e 9 11 1
e 9 32 1
e 9 33 1
e 10 12 1
e 10 34 1
e 10 35 1
e 11 15 1
e 11 36 1
e 11 37 1
e 12 16 1
e 12 38 1
e 12 39 1
e 13 40 1
e 13 41 1
e 13 42 1
e 14 43 1
e 14 44 1
e 14 45 1
e 15 46 1
e 15 47 1
e 15 48 1
e 16 49 1
e 16 50 1
e 16 51 1
t # 68729
v 0 1
v 1 1
v 2 1
v 3 1
v 4 3
v 5 3
v 6 3
v 7 3
v 8 3
v 9 3
v 10 3
v 11 3
v 12 3
v 13 3
v 14 3
v 15 3
v 16 4
v 17 4
v 18 4
v 19 4
v 20 4
v 21 4
v 22 4
v 23 4
v 24 4
v 25 4
v 26 4
v 27 4
v 28 4
v 29 4
v 30 4
v 31 4
v 32 4
v 33 4
v 34 4
v 35 4
v 36 4
v 37 4
e 0 8 1
e 0 10 1
e 1 9 1
e 1 11 1
e 2 8 2
e 3 9 2
e 4 5 1
e 4 6 1
e 4 16 1
e 4 17 1
e 5 7 1
e 5 18 1
e 5 19 1
e 6 8 1
e 6 20 1
e 6 21 1
e 7 9 1
e 7 22 1
e 7 23 1
e 10 12 1
e 10 24 1
e 10 25 1
e 11 13 1
e 11 26 1
e 11 27 1
e 12 14 1
e 12 28 1
e 12 29 1
e 13 15 1
e 13 30 1
e 13 31 1
e 14 32 1
e 14 33 1
e 14 34 1
e 15 35 1
e 15 36 1
e 15 37 1
t # 68730
v 0 1
v 1 1
v 2 1
v 3 3
v 4 3
v 5 3
v 6 3
v 7 3
v 8 3
v 9 3
v 10 3
v 11 3
v 12 3
v 13 3
v 14 3
v 15 3
v 16 3
v 17 3
v 18 3
v 19 3
v 20 3
v 21 4
v 22 4
v 23 4
v 24 4
v 25 4
v 26 4
v 27 4
v 28 4
v 29 4
v 30 4
v 31 4
v 32 4
v 33 4
v 34 4
v 35 4
v 36 4
v 37 4
v 38 4
v 39 4
v 40 4
v 41 4
v 42 4
v 43 4
v 44 4
v 45 4
v 46 4
v 47 4
v 48 4
v 49 4
v 50 4
v 51 4
v 52 4
v 53 4
v 54 4
v 55 4
v 56 4
e 0 4 1
e 0 50 1
e 1 20 1
e 1 56 1
e 2 20 2
e 3 4 1
e 3 5 1
e 3 21 1
e 3 22 1
e 4 8 1
e 4 23 1
e 5 6 1
e 5 24 1
e 5 25 1
e 6 7 1
e 6 26 1
e 6 27 1
e 7 9 1
e 7 28 1
e 7 29 1
e 8 10 1
e 8 30 1
e 8 31 1
e 9 11 1
e 9 32 1
e 9 33 1
e 10 13 1
e 10 34 1
e 10 35 1
e 11 12 1
e 11 36 1
e 11 37 1
e 12 14 1
e 12 38 1
e 12 39 1
e 13 15 1
e 13 40 1
e 13 41 1
e 14 16 1
e 14 42 1
e 14 43 1
e 15 17 1
e 15 44 1
e 15 45 1
e 16 18 1
e 16 46 1
e 16 47 1
e 17 19 1
e 17 48 1
e 17 49 1
e 18 20 1
e 18 51 1
e 18 52 1
e 19 53 1
e 19 54 1
e 19 55 1
t # 68731
v 0 1
v 1 1
v 2 1
v 3 1
v 4 3
v 5 3
v 6 3
v 7 3
v 8 3
v 9 3
v 10 3
v 11 3
v 12 3
v 13 3
v 14 3
v 15 3
v 16 3
v 17 3
v 18 3
v 19 3
v 20 3
v 21 3
v 22 3
v 23 3
v 24 3
v 25 3
v 26 4
v 27 4
v 28 4
v 29 4
v 30 4
v 31 4
v 32 4
v 33 4
v 34 4
v 35 4
v 36 4
v 37 4
v 38 4
v 39 4
v 40 4
v 41 4
v 42 4
v 43 4
v 44 4
v 45 4
v 46 4
v 47 4
v 48 4
v 49 4
v 50 4
v 51 4
v 52 4
v 53 4
v 54 4
v 55 4
v 56 4
v 57 4
v 58 4
v 59 4
v 60 4
v 61 4
v 62 4
v 63 4
v 64 4
v 65 4
v 66 4
v 67 4
v 68 4
v 69 4
e 0 21 1
e 0 22 1
e 1 21 2
e 2 23 1
e 2 24 1
e 3 25 1
e 3 69 1
e 4 5 1
e 4 6 1
e 4 26 1
e 4 27 1
e 5 7 1
e 5 28 1
e 5 29 1
e 6 8 1
e 6 30 1
e 6 31 1
e 7 9 1
e 7 32 1
e 7 33 1
e 8 10 1
e 8 34 1
e 8 35 1
e 9 11 1
e 9 36 1
e 9 37 1
e 10 12 1
e 10 38 1
e 10 39 1
e 11 13 1
e 11 40 1
e 11 41 1
e 12 14 1
e 12 42 1
e 12 43 1
e 13 15 1
e 13 44 1
e 13 45 1
e 14 16 1
e 14 46 1
e 14 47 1
e 15 17 1
e 15 48 1
e 15 49 1
e 16 18 1
e 16 50 1
e 16 51 1
e 17 19 1
e 17 52 1
e 17 53 1
e 18 20 1
e 18 54 1
e 18 55 1
e 19 21 1
e 19 56 1
e 19 57 1
e 20 58 1
e 20 59 1
e 20 60 1
e 22 23 1
e 22 61 1
e 22 62 1
e 23 63 1
e 23 64 1
e 24 25 1
e 24 65 1
e 24 66 1
e 25 67 1
e 25 68 1
t # 68732
v 0 1
v 1 1
v 2 1
v 3 1
v 4 3
v 5 3
v 6 3
v 7 3
v 8 3
v 9 3
v 10 3
v 11 3
v 12 3
v 13 3
v 14 3
v 15 3
v 16 3
v 17 3
v 18 3
v 19 3
v 20 3
v 21 3
v 22 3
v 23 3
v 24 3
v 25 3
v 26 3
v 27 3
v 28 3
v 29 3
v 30 4
v 31 4
v 32 4
v 33 4
v 34 4
v 35 4
v 36 4
v 37 4
v 38 4
v 39 4
v 40 4
v 41 4
v 42 4
v 43 4
v 44 4
v 45 4
v 46 4
v 47 4
v 48 4
v 49 4
v 50 4
v 51 4
v 52 4
v 53 4
v 54 4
v 55 4
v 56 4
v 57 4
v 58 4
v 59 4
v 60 4
v 61 4
v 62 4
v 63 4
v 64 4
v 65 4
v 66 4
v 67 4
v 68 4
v 69 4
v 70 4
v 71 4
v 72 4
v 73 4
v 74 4
v 75 4
v 76 4
v 77 4
v 78 4
v 79 4
e 0 20 1
e 0 28 1
e 1 21 1
e 1 29 1
e 2 28 2
e 3 29 2
e 4 6 1
e 4 8 1
e 4 30 1
e 4 31 1
e 5 7 1
e 5 9 1
e 5 32 1
e 5 33 1
e 6 10 1
e 6 34 1
e 6 35 1
e 7 11 1
e 7 36 1
e 7 37 1
e 8 12 1
e 8 38 1
e 8 39 1
e 9 13 1
e 9 40 1
e 9 41 1
e 10 14 1
e 10 42 1
e 10 43 1
e 11 15 1
e 11 44 1
e 11 45 1
e 12 16 1
e 12 46 1
e 12 47 1
e 13 17 1
e 13 48 1
e 13 49 1
e 14 18 1
e 14 50 1
e 14 51 1
e 15 19 1
e 15 52 1
e 15 53 1
e 16 20 1
e 16 54 1
e 16 55 1
e 17 21 1
e 17 56 1
e 17 57 1
e 18 22 1
e 18 58 1
e 18 59 1
e 19 23 1
e 19 60 1
e 19 61 1
e 20 62 1
e 20 63 1
e 21 64 1
e 21 65 1
e 22 66 1
e 22 67 1
e 22 68 1
e 23 69 1
e 23 70 1
e 23 71 1
e 24 25 1
e 24 26 1
e 24 72 1
e 24 73 1
e 25 27 1
e 25 74 1
e 25 75 1
e 26 28 1
e 26 76 1
e 26 77 1
e 27 29 1
e 27 78 1
e 27 79 1
t # 68733
v 0 1
v 1 1
v 2 3
v 3 3
v 4 3
v 5 3
v 6 3
v 7 3
v 8 3
v 9 3
v 10 3
v 11 3
v 12 3
v 13 3
v 14 4
v 15 4
v 16 4
v 17 4
v 18 4
v 19 4
v 20 4
v 21 4
v 22 4
v 23 4
v 24 4
v 25 4
v 26 4
v 27 4
v 28 4
v 29 4
v 30 4
v 31 4
v 32 4
v 33 4
e 0 9 1
e 0 12 1
e 1 12 2
e 2 3 1
e 2 4 1
e 2 14 1
e 2 15 1
e 3 5 1
e 3 16 1
e 3 17 1
e 4 6 2
e 4 7 1
e 5 8 2
e 5 18 1
e 6 9 1
e 6 19 1
e 7 20 1
e 7 21 1
e 7 22 1
e 8 10 1
e 8 11 1
e 9 23 1
e 9 24 1
e 10 25 1
e 10 26 1
e 10 27 1
e 11 28 1
e 11 29 1
e 11 30 1
e 12 13 1
e 13 31 1
e 13 32 1
e 13 33 1
t # 68734
v 0 2
v 1 2
v 2 2
v 3 3
v 4 3
v 5 3
v 6 3
v 7 3
v 8 3
v 9 3
v 10 4
v 11 4
v 12 4
v 13 4
v 14 4
v 15 4
v 16 4
v 17 4
v 18 4
v 19 4
v 20 4
v 21 4
v 22 4
v 23 4
v 24 4
v 25 4
v 26 4
v 27 4
v 28 4
e 0 3 1
e 0 4 1
e 0 7 1
e 1 8 1
e 1 25 1
e 1 26 1
e 2 9 1
e 2 27 1
e 2 28 1
e 3 5 1
e 3 10 1
e 3 11 1
e 4 6 1
e 4 12 1
e 4 13 1
e 5 8 1
e 5 14 1
e 5 15 1
e 6 9 1
e 6 16 1
e 6 17 1
e 7 18 1
e 7 19 1
e 7 20 1
e 8 21 1
e 8 22 1
e 9 23 1
e 9 24 1
t # 68735
v 0 1
v 1 1
v 2 1
v 3 1
v 4 3
v 5 3
v 6 3
v 7 3
v 8 3
v 9 3
v 10 3
v 11 3
v 12 3
v 13 3
v 14 3
v 15 3
v 16 4
v 17 4
v 18 4
v 19 4
v 20 4
v 21 4
v 22 4
v 23 4
v 24 4
v 25 4
v 26 4
v 27 4
v 28 4
v 29 4
v 30 4
v 31 4
v 32 4
v 33 4
v 34 4
v 35 4
e 0 8 1
e 0 12 1
e 1 9 1
e 1 13 1
e 2 12 2
e 3 13 2
e 4 6 1
e 4 8 1
e 4 16 1
e 4 17 1
e 5 7 1
e 5 9 1
e 5 18 1
e 5 19 1
e 6 10 1
e 6 20 1
e 6 21 1
e 7 11 1
e 7 22 1
e 7 23 1
e 8 24 1
e 8 25 1
e 9 26 1
e 9 27 1
e 10 28 1
e 10 29 1
e 10 30 1
e 11 31 1
e 11 32 1
e 11 33 1
e 12 14 1
e 13 15 1
e 14 15 2
e 14 34 1
e 15 35 1
t # 68736
v 0 1
v 1 1
v 2 3
v 3 3
v 4 3
v 5 3
v 6 3
v 7 3
v 8 3
v 9 3
v 10 4
v 11 4
v 12 4
v 13 4
v 14 4
v 15 4
v 16 4
v 17 4
v 18 4
v 19 4
v 20 4
v 21 4
v 22 4
v 23 4
v 24 4
v 25 4
e 0 4 1
e 0 7 1
e 1 7 2
e 2 3 1
e 2 5 1
e 2 6 1
e 2 10 1
e 3 4 1
e 3 11 1
e 3 12 1
e 4 13 1
e 4 14 1
e 5 15 1
e 5 16 1
e 5 17 1
e 6 18 1
e 6 19 1
e 6 20 1
e 7 8 1
e 8 9 1
e 8 21 1
e 8 22 1
e 9 23 1
e 9 24 1
e 9 25 1
t # 68737
v 0 1
v 1 3
v 2 3
v 3 3
v 4 3
v 5 3
v 6 3
v 7 3
v 8 3
v 9 4
v 10 4
v 11 4
v 12 4
v 13 4
v 14 4
v 15 4
v 16 4
v 17 4
v 18 4
e 0 4 1
e 0 18 1
e 1 3 1
e 1 4 2
e 1 7 1
e 2 3 2
e 2 5 1
e 2 8 1
e 3 9 1
e 4 6 1
e 5 6 2
e 5 10 1
e 6 11 1
e 7 12 1
e 7 13 1
e 7 14 1
e 8 15 1
e 8 16 1
e 8 17 1
t # 68738
v 0 1
v 1 2
v 2 3
v 3 3
v 4 3
v 5 3
v 6 3
v 7 3
v 8 4
v 9 4
v 10 4
v 11 4
v 12 4
v 13 4
v 14 4
v 15 4
v 16 4
v 17 4
v 18 4
e 0 7 2
e 1 5 1
e 1 7 1
e 1 18 1
e 2 3 1
e 2 4 1
e 2 8 1
e 2 9 1
e 3 5 1
e 3 10 1
e 3 11 1
e 4 6 1
e 4 12 1
e 4 13 1
e 5 14 1
e 5 15 1
e 6 7 1
e 6 16 1
e 6 17 1
t # 68739
v 0 1
v 1 1
v 2 2
v 3 3
v 4 3
v 5 3
v 6 3
v 7 3
v 8 4
v 9 4
v 10 4
v 11 4
v 12 4
v 13 4
v 14 4
v 15 4
v 16 4
v 17 4
v 18 4
v 19 4
v 20 4
e 0 6 1
e 0 19 1
e 1 7 1
e 1 20 1
e 2 3 1
e 2 4 1
e 2 5 1
e 3 6 1
e 3 8 1
e 3 9 1
e 4 7 1
e 4 10 1
e 4 11 1
e 5 12 1
e 5 13 1
e 5 14 1
e 6 15 1
e 6 16 1
e 7 17 1
e 7 18 1
t # 68740
v 0 1
v 1 1
v 2 2
v 3 3
v 4 3
v 5 3
v 6 3
v 7 3
v 8 4
v 9 4
v 10 4
v 11 4
v 12 4
v 13 4
v 14 4
e 0 3 1
e 0 5 1
e 1 5 2
e 3 4 1
e 3 8 1
e 3 9 1
e 4 10 1
e 4 11 1
e 4 12 1
e 5 6 1
e 6 7 1
e 6 13 1
e 6 14 1
t # 68741
v 0 1
v 1 1
v 2 1
v 3 1
v 4 3
v 5 3
v 6 3
v 7 3
v 8 3
v 9 3
v 10 3
v 11 4
v 12 4
v 13 4
v 14 4
v 15 4
v 16 4
v 17 4
v 18 4
v 19 4
v 20 4
v 21 4
v 22 4
e 0 5 1
e 0 7 1
e 1 6 1
e 1 8 1
e 2 7 2
e 3 8 2
e 4 7 1
e 4 8 1
e 4 11 1
e 4 12 1
e 5 9 1
e 5 13 1
e 5 14 1
e 6 10 1
e 6 15 1
e 6 16 1
e 9 17 1
e 9 18 1
e 9 19 1
e 10 20 1
e 10 21 1
e 10 22 1
t # 68742
v 0 2
v 1 3
v 2 3
v 3 3
v 4 3
v 5 3
v 6 3
v 7 3
v 8 4
v 9 4
v 10 4
v 11 4
v 12 4
v 13 4
v 14 4
v 15 4
v 16 4
v 17 4
v 18 4
v 19 4
v 20 4
v 21 4
v 22 4
v 23 4
v 24 4
e 0 3 1
e 0 23 1
e 0 24 1
e 1 2 1
e 1 4 1
e 1 5 1
e 1 8 1
e 2 3 1
e 2 9 1
e 2 10 1
e 3 6 1
e 3 11 1
e 4 7 1
e 4 12 1
e 4 13 1
e 5 14 1
e 5 15 1
e 5 16 1
e 6 17 1
e 6 18 1
e 6 19 1
e 7 20 1
e 7 21 1
e 7 22 1
t # 68743
v 0 1
v 1 1
v 2 2
v 3 3
v 4 3
v 5 3
v 6 3
v 7 4
v 8 4
v 9 4
v 10 4
v 11 4
v 12 4
v 13 4
v 14 4
v 15 4
e 0 3 1
e 0 5 1
e 1 5 2
e 2 5 1
e 2 6 1
e 2 12 1
e 3 4 1
e 3 7 1
e 3 8 1
e 4 9 1
e 4 10 1
e 4 11 1
e 6 13 1
e 6 14 1
e 6 15 1
t # 68744
v 0 1
v 1 1
v 2 2
v 3 3
v 4 3
v 5 3
v 6 3
v 7 4
v 8 4
v 9 4
v 10 4
v 11 4
e 0 4 1
e 0 5 1
e 1 4 2
e 3 4 1
e 3 6 1
e 3 7 1
e 3 8 1
e 5 9 1
e 5 10 1
e 5 11 1
t # 68745
v 0 2
v 1 2
v 2 3
v 3 3
v 4 3
v 5 3
v 6 3
v 7 3
v 8 3
v 9 3
v 10 3
v 11 3
v 12 3
v 13 3
v 14 4
v 15 4
v 16 4
v 17 4
v 18 4
v 19 4
v 20 4
v 21 4
v 22 4
v 23 4
v 24 4
v 25 4
v 26 4
v 27 4
v 28 4
v 29 4
v 30 4
v 31 4
v 32 4
v 33 4
v 34 4
v 35 4
v 36 4
v 37 4
e 0 2 1
e 0 3 1
e 0 6 1
e 1 4 1
e 1 5 1
e 1 7 1
e 2 8 1
e 2 14 1
e 2 15 1
e 3 9 1
e 3 16 1
e 3 17 1
e 4 10 1
e 4 18 1
e 4 19 1
e 5 11 1
e 5 20 1
e 5 21 1
e 6 12 1
e 6 22 1
e 6 23 1
e 7 13 1
e 7 24 1
e 7 25 1
e 8 26 1
e 8 27 1
e 8 28 1
e 9 29 1
e 9 30 1
e 9 31 1
e 10 32 1
e 10 33 1
e 10 34 1
e 11 35 1
e 11 36 1
e 11 37 1
t # 68746
v 0 1
v 1 2
v 2 3
v 3 3
v 4 3
v 5 3
v 6 3
v 7 3
v 8 3
v 9 3
v 10 3
v 11 4
v 12 4
v 13 4
v 14 4
v 15 4
v 16 4
v 17 4
v 18 4
v 19 4
v 20 4
v 21 4
v 22 4
v 23 4
v 24 4
v 25 4
v 26 4
v 27 4
v 28 4
v 29 4
e 0 9 2
e 1 2 1
e 1 4 1
e 1 5 1
e 2 3 1
e 2 11 1
e 2 12 1
e 3 6 1
e 3 13 1
e 3 14 1
e 4 7 1
e 4 15 1
e 4 16 1
e 5 8 1
e 5 17 1
e 5 18 1
e 6 9 1
e 6 19 1
e 6 20 1
e 7 21 1
e 7 22 1
e 7 23 1
e 8 24 1
e 8 25 1
e 8 26 1
e 9 10 1
e 10 27 1
e 10 28 1
e 10 29 1
t # 68747
v 0 1
v 1 1
v 2 3
v 3 3
v 4 3
v 5 3
v 6 3
v 7 3
v 8 3
v 9 3
v 10 4
v 11 4
v 12 4
v 13 4
v 14 4
v 15 4
v 16 4
v 17 4
v 18 4
v 19 4
e 0 5 1
e 0 9 1
e 1 6 1
e 1 19 1
e 2 3 2
e 2 4 1
e 2 6 1
e 3 7 1
e 3 10 1
e 4 8 2
e 4 11 1
e 5 7 2
e 5 8 1
e 6 12 1
e 6 13 1
e 7 14 1
e 8 15 1
e 9 16 1
e 9 17 1
e 9 18 1
t # 68748
v 0 1
v 1 1
v 2 2
v 3 2
v 4 3
v 5 3
v 6 3
v 7 3
v 8 3
v 9 3
v 10 4
v 11 4
v 12 4
v 13 4
v 14 4
v 15 4
e 0 15 1
e 2 4 1
e 2 14 1
e 3 7 1
e 4 5 2
e 4 6 1
e 5 8 1
e 5 10 1
e 6 9 2
e 6 11 1
e 7 8 2
e 7 9 1
e 8 12 1
e 9 13 1
t # 68749
v 0 2
v 1 3
v 2 3
v 3 3
v 4 3
v 5 3
v 6 3
v 7 3
v 8 3
v 9 4
v 10 4
v 11 4
v 12 4
v 13 4
v 14 4
v 15 4
v 16 4
v 17 4
v 18 4
v 19 4
v 20 4
v 21 4
v 22 4
v 23 4
v 24 4
v 25 4
e 0 4 1
e 0 5 1
e 0 17 1
e 1 2 1
e 1 5 1
e 1 6 1
e 1 9 1
e 2 3 1
e 2 10 1
e 2 11 1
e 3 4 1
e 3 12 1
e 3 13 1
e 4 7 1
e 4 14 1
e 5 15 1
e 5 16 1
e 6 8 1
e 6 18 1
e 6 19 1
e 7 20 1
e 7 21 1
e 7 22 1
e 8 23 1
e 8 24 1
e 8 25 1
t # 68750
v 0 12
v 1 1
v 2 3
v 3 3
v 4 3
v 5 3
v 6 3
v 7 3
v 8 3
v 9 4
v 10 4
v 11 4
v 12 4
v 13 4
e 0 7 1
e 1 8 2
e 2 3 2
e 2 4 1
e 2 8 1
e 3 5 1
e 3 9 1
e 4 6 2
e 4 10 1
e 5 7 2
e 5 11 1
e 6 7 1
e 6 12 1
e 8 13 1
t # 68751
v 0 1
v 1 3
v 2 3
v 3 3
v 4 3
v 5 3
v 6 3
v 7 3
v 8 3
v 9 4
v 10 4
v 11 4
v 12 4
v 13 4
v 14 4
v 15 4
v 16 4
e 0 8 2
e 1 2 2
e 1 3 1
e 1 7 1
e 2 5 1
e 2 9 1
e 3 6 2
e 3 10 1
e 4 5 2
e 4 6 1
e 4 8 1
e 5 11 1
e 6 12 1
e 7 13 1
e 7 14 1
e 7 15 1
e 8 16 1
t # 68752
v 0 18
v 1 3
v 2 3
v 3 3
v 4 3
v 5 3
v 6 3
v 7 3
v 8 3
v 9 4
v 10 4
v 11 4
v 12 4
v 13 4
v 14 4
v 15 4
v 16 4
v 17 4
e 1 3 2
e 1 4 1
e 1 7 1
e 2 5 2
e 2 6 1
e 2 8 1
e 3 5 1
e 3 9 1
e 4 6 2
e 4 10 1
e 5 11 1
e 6 12 1
e 7 13 1
e 7 14 1
e 8 15 1
e 8 16 1
e 8 17 1
t # 68753
v 0 1
v 1 3
v 2 3
v 3 3
v 4 3
v 5 3
v 6 3
v 7 3
v 8 3
v 9 4
v 10 4
v 11 4
v 12 4
v 13 4
v 14 4
v 15 4
v 16 4
v 17 4
v 18 4
v 19 4
v 20 4
v 21 4
v 22 4
v 23 4
v 24 4
v 25 4
v 26 4
e 0 5 1
e 0 26 1
e 1 2 1
e 1 4 1
e 1 5 1
e 1 9 1
e 2 3 1
e 2 10 1
e 2 11 1
e 3 6 1
e 3 12 1
e 3 13 1
e 4 7 1
e 4 14 1
e 4 15 1
e 5 16 1
e 5 17 1
e 6 8 1
e 6 18 1
e 6 19 1
e 7 20 1
e 7 21 1
e 7 22 1
e 8 23 1
e 8 24 1
e 8 25 1
t # 68754
v 0 1
v 1 1
v 2 3
v 3 3
v 4 3
v 5 3
v 6 3
v 7 3
v 8 3
v 9 3
v 10 3
v 11 3
v 12 3
v 13 3
v 14 3
v 15 3
v 16 4
v 17 4
v 18 4
v 19 4
v 20 4
v 21 4
v 22 4
v 23 4
v 24 4
v 25 4
v 26 4
v 27 4
v 28 4
v 29 4
e 0 2 1
e 0 4 1
e 1 3 1
e 1 5 1
e 2 3 1
e 2 16 1
e 2 17 1
e 3 18 1
e 3 19 1
e 4 6 2
e 4 8 1
e 5 7 2
e 5 9 1
e 6 10 1
e 6 20 1
e 7 11 1
e 7 21 1
e 8 12 2
e 8 22 1
e 9 13 2
e 9 23 1
e 10 14 2
e 10 24 1
e 11 15 2
e 11 25 1
e 12 14 1
e 12 26 1
e 13 15 1
e 13 27 1
e 14 28 1
e 15 29 1
t # 68755
v 0 1
v 1 1
v 2 3
v 3 3
v 4 3
v 5 3
v 6 3
v 7 3
v 8 3
v 9 3
v 10 3
v 11 4
v 12 4
v 13 4
v 14 4
v 15 4
v 16 4
v 17 4
v 18 4
v 19 4
v 20 4
e 0 4 1
e 0 10 1
e 1 10 2
e 2 3 1
e 2 4 1
e 2 11 1
e 2 12 1
e 3 5 2
e 3 6 1
e 4 13 1
e 4 14 1
e 5 7 1
e 5 15 1
e 6 8 2
e 6 16 1
e 7 9 2
e 7 17 1
e 8 9 1
e 8 18 1
e 9 19 1
e 10 20 1
t # 68756
v 0 1
v 1 1
v 2 3
v 3 3
v 4 3
v 5 3
v 6 3
v 7 3
v 8 3
v 9 3
v 10 4
v 11 4
v 12 4
v 13 4
v 14 4
v 15 4
v 16 4
v 17 4
e 0 3 1
e 0 9 1
e 1 9 2
e 2 3 1
e 2 4 2
e 2 5 1
e 3 10 1
e 3 11 1
e 4 6 1
e 4 12 1
e 5 7 2
e 5 13 1
e 6 8 2
e 6 14 1
e 7 8 1
e 7 15 1
e 8 16 1
e 9 17 1
t # 68757
v 0 1
v 1 3
v 2 3
v 3 3
v 4 3
v 5 3
v 6 3
v 7 3
v 8 3
v 9 3
v 10 4
v 11 4
v 12 4
v 13 4
v 14 4
v 15 4
v 16 4
v 17 4
v 18 4
v 19 4
e 0 9 2
e 1 2 1
e 1 3 1
e 1 10 1
e 1 11 1
e 2 4 2
e 2 5 1
e 3 9 1
e 3 12 1
e 3 13 1
e 4 6 1
e 4 14 1
e 5 7 2
e 5 15 1
e 6 8 2
e 6 16 1
e 7 8 1
e 7 17 1
e 8 18 1
e 9 19 1
t # 68758
v 0 12
v 1 3
v 2 3
v 3 3
v 4 3
v 5 3
v 6 3
v 7 3
v 8 3
v 9 3
v 10 4
v 11 4
v 12 4
v 13 4
v 14 4
v 15 4
v 16 4
v 17 4
v 18 4
v 19 4
v 20 4
e 0 4 1
e 1 2 1
e 1 3 1
e 1 10 1
e 1 11 1
e 2 4 1
e 2 12 1
e 2 13 1
e 3 5 2
e 3 6 1
e 4 14 1
e 4 15 1
e 5 7 1
e 5 16 1
e 6 8 2
e 6 17 1
e 7 9 2
e 7 18 1
e 8 9 1
e 8 19 1
e 9 20 1
t # 68759
v 0 1
v 1 1
v 2 1
v 3 1
v 4 2
v 5 3
v 6 3
v 7 3
v 8 3
v 9 3
v 10 3
v 11 3
v 12 3
v 13 3
v 14 3
v 15 4
v 16 4
v 17 4
v 18 4
v 19 4
v 20 4
v 21 4
v 22 4
v 23 4
v 24 4
v 25 4
e 0 7 1
e 0 13 1
e 1 13 2
e 4 12 1
e 5 6 1
e 5 7 1
e 5 15 1
e 5 16 1
e 6 8 2
e 6 9 1
e 7 17 1
e 7 18 1
e 8 10 1
e 8 19 1
e 9 11 2
e 9 20 1
e 10 12 2
e 10 21 1
e 11 12 1
e 11 22 1
e 13 14 1
e 14 23 1
e 14 24 1
e 14 25 1
t # 68760
v 0 12
v 1 1
v 2 1
v 3 1
v 4 3
v 5 3
v 6 3
v 7 3
v 8 3
v 9 3
v 10 3
v 11 3
v 12 3
v 13 4
v 14 4
v 15 4
v 16 4
v 17 4
v 18 4
v 19 4
v 20 4
v 21 4
v 22 4
v 23 4
e 0 12 1
e 1 5 1
e 1 7 1
e 2 4 1
e 2 20 1
e 3 6 1
e 3 23 1
e 4 5 1
e 4 6 1
e 4 13 1
e 5 14 1
e 5 15 1
e 6 16 1
e 6 17 1
e 7 8 2
e 7 9 1
e 8 10 1
e 8 18 1
e 9 11 2
e 9 19 1
e 10 12 2
e 10 21 1
e 11 12 1
e 11 22 1
t # 68761
v 0 12
v 1 1
v 2 2
v 3 3
v 4 3
v 5 3
v 6 3
v 7 3
v 8 3
v 9 3
v 10 4
v 11 4
v 12 4
v 13 4
e 0 8 1
e 1 9 2
e 2 3 1
e 2 9 2
e 3 4 2
e 3 5 1
e 4 6 1
e 4 10 1
e 5 7 2
e 5 11 1
e 6 8 2
e 6 12 1
e 7 8 1
e 7 13 1
t # 68762
v 0 1
v 1 1
v 2 1
v 3 2
v 4 2
v 5 3
v 6 3
v 7 3
v 8 3
v 9 3
v 10 3
v 11 3
v 12 3
v 13 4
v 14 4
v 15 4
v 16 4
v 17 4
v 18 4
v 19 4
v 20 4
e 0 11 2
e 3 5 1
e 3 11 1
e 3 17 1
e 4 8 1
e 5 6 2
e 5 7 1
e 6 9 1
e 6 13 1
e 7 10 2
e 7 14 1
e 8 9 2
e 8 10 1
e 9 15 1
e 10 16 1
e 11 12 1
e 12 18 1
e 12 19 1
e 12 20 1
t # 68763
v 0 1
v 1 1
v 2 2
v 3 3
v 4 3
v 5 3
v 6 3
v 7 3
v 8 3
v 9 3
v 10 3
v 11 3
v 12 3
v 13 3
v 14 3
v 15 3
v 16 3
v 17 3
v 18 3
v 19 3
v 20 3
v 21 3
v 22 3
v 23 3
v 24 3
v 25 3
v 26 3
v 27 4
v 28 4
v 29 4
v 30 4
v 31 4
v 32 4
v 33 4
v 34 4
v 35 4
v 36 4
v 37 4
v 38 4
v 39 4
v 40 4
v 41 4
v 42 4
v 43 4
v 44 4
v 45 4
v 46 4
v 47 4
v 48 4
v 49 4
v 50 4
v 51 4
v 52 4
v 53 4
v 54 4
v 55 4
v 56 4
v 57 4
v 58 4
v 59 4
v 60 4
v 61 4
v 62 4
v 63 4
v 64 4
v 65 4
v 66 4
v 67 4
e 0 20 2
e 1 26 1
e 1 67 1
e 2 20 1
e 2 21 1
e 2 62 1
e 3 4 1
e 3 5 1
e 3 27 1
e 3 28 1
e 4 6 1
e 4 29 1
e 4 30 1
e 5 7 1
e 5 31 1
e 5 32 1
e 6 8 1
e 6 33 1
e 6 34 1
e 7 9 1
e 7 35 1
e 7 36 1
e 8 10 1
e 8 37 1
e 8 38 1
e 9 11 1
e 9 39 1
e 9 40 1
e 10 12 1
e 10 41 1
e 10 42 1
e 11 13 1
e 11 43 1
e 11 44 1
e 12 14 1
e 12 45 1
e 12 46 1
e 13 15 1
e 13 47 1
e 13 48 1
e 14 16 1
e 14 49 1
e 14 50 1
e 15 17 1
e 15 51 1
e 15 52 1
e 16 18 1
e 16 53 1
e 16 54 1
e 17 19 1
e 17 55 1
e 17 56 1
e 18 20 1
e 18 57 1
e 18 58 1
e 19 59 1
e 19 60 1
e 19 61 1
e 21 22 2
e 21 23 1
e 22 24 1
e 22 63 1
e 23 25 2
e 23 64 1
e 24 26 2
e 24 65 1
e 25 26 1
e 25 66 1
t # 68764
v 0 1
v 1 2
v 2 3
v 3 3
v 4 3
v 5 3
v 6 3
v 7 3
v 8 3
v 9 3
v 10 3
v 11 4
v 12 4
v 13 4
v 14 4
v 15 4
v 16 4
v 17 4
v 18 4
v 19 4
v 20 4
v 21 4
e 0 9 2
e 1 2 1
e 1 9 1
e 1 15 1
e 2 4 2
e 2 5 1
e 3 6 2
e 3 7 1
e 3 8 1
e 4 6 1
e 4 11 1
e 5 7 2
e 5 12 1
e 6 13 1
e 7 14 1
e 8 16 1
e 8 17 1
e 8 18 1
e 9 10 1
e 10 19 1
e 10 20 1
e 10 21 1
t # 68765
v 0 18
v 1 1
v 2 2
v 3 3
v 4 3
v 5 3
v 6 3
v 7 3
v 8 3
v 9 3
v 10 3
v 11 4
v 12 4
v 13 4
v 14 4
v 15 4
v 16 4
v 17 4
v 18 4
e 1 9 2
e 2 3 1
e 2 9 1
e 2 13 1
e 3 4 2
e 3 5 1
e 4 6 1
e 4 11 1
e 5 7 2
e 5 12 1
e 6 8 2
e 6 14 1
e 7 8 1
e 7 15 1
e 9 10 1
e 10 16 1
e 10 17 1
e 10 18 1
t # 68766
v 0 2
v 1 3
v 2 3
v 3 3
v 4 3
v 5 3
v 6 3
v 7 3
v 8 3
v 9 3
v 10 4
v 11 4
v 12 4
v 13 4
v 14 4
v 15 4
v 16 4
v 17 4
v 18 4
v 19 4
v 20 4
v 21 4
v 22 4
e 0 1 1
e 0 3 1
e 0 4 1
e 1 2 1
e 1 10 1
e 1 11 1
e 2 5 2
e 2 6 1
e 3 12 1
e 3 13 1
e 3 14 1
e 4 15 1
e 4 16 1
e 4 17 1
e 5 7 1
e 5 18 1
e 6 8 2
e 6 19 1
e 7 9 2
e 7 20 1
e 8 9 1
e 8 21 1
e 9 22 1
t # 68767
v 0 1
v 1 2
v 2 3
v 3 3
v 4 3
v 5 3
v 6 3
v 7 3
v 8 3
v 9 3
v 10 4
v 11 4
v 12 4
v 13 4
v 14 4
v 15 4
v 16 4
v 17 4
v 18 4
e 0 8 2
e 1 8 1
e 1 17 1
e 1 18 1
e 2 3 1
e 2 4 2
e 2 5 1
e 3 8 1
e 3 10 1
e 3 11 1
e 4 6 1
e 4 12 1
e 5 7 2
e 5 13 1
e 6 9 2
e 6 14 1
e 7 9 1
e 7 15 1
e 9 16 1
t # 68768
v 0 1
v 1 2
v 2 2
v 3 3
v 4 3
v 5 3
v 6 3
v 7 3
v 8 3
v 9 4
v 10 4
v 11 4
v 12 4
v 13 4
v 14 4
v 15 4
v 16 4
v 17 4
v 18 4
v 19 4
v 20 4
v 21 4
v 22 4
e 0 8 1
e 0 22 1
e 1 3 1
e 1 4 1
e 1 7 1
e 2 5 1
e 2 6 1
e 2 19 1
e 3 5 1
e 3 9 1
e 3 10 1
e 4 6 1
e 4 11 1
e 4 12 1
e 5 13 1
e 5 14 1
e 6 15 1
e 6 16 1
e 7 8 1
e 7 17 1
e 7 18 1
e 8 20 1
e 8 21 1
t # 68769
v 0 1
v 1 1
v 2 3
v 3 3
v 4 3
v 5 3
v 6 3
v 7 3
v 8 3
v 9 4
v 10 4
v 11 4
v 12 4
v 13 4
v 14 4
v 15 4
v 16 4
v 17 4
v 18 4
v 19 4
v 20 4
e 0 3 1
e 0 6 1
e 1 3 1
e 1 7 1
e 2 3 1
e 2 4 1
e 2 9 1
e 2 10 1
e 3 11 1
e 4 5 1
e 4 12 1
e 4 13 1
e 5 7 2
e 5 14 1
e 6 8 1
e 6 15 1
e 6 16 1
e 7 17 1
e 8 18 1
e 8 19 1
e 8 20 1
t # 68770
v 0 1
v 1 2
v 2 3
v 3 3
v 4 3
v 5 3
v 6 3
v 7 3
v 8 3
v 9 4
v 10 4
v 11 4
v 12 4
v 13 4
v 14 4
v 15 4
v 16 4
v 17 4
e 0 4 1
e 0 17 1
e 1 3 1
e 1 8 2
e 2 3 1
e 2 4 1
e 2 9 1
e 2 10 1
e 3 5 2
e 4 11 1
e 4 12 1
e 5 6 1
e 5 13 1
e 6 7 2
e 6 14 1
e 7 8 1
e 7 15 1
e 8 16 1
t # 68771
v 0 1
v 1 2
v 2 3
v 3 3
v 4 3
v 5 3
v 6 3
v 7 3
v 8 3
v 9 4
v 10 4
v 11 4
v 12 4
v 13 4
v 14 4
v 15 4
e 0 8 2
e 1 2 1
e 1 8 1
e 1 14 1
e 2 3 2
e 2 4 1
e 3 5 1
e 3 9 1
e 4 6 2
e 4 10 1
e 5 7 2
e 5 11 1
e 6 7 1
e 6 12 1
e 7 13 1
e 8 15 1
t # 68772
v 0 2
v 1 3
v 2 3
v 3 3
v 4 3
v 5 3
v 6 3
v 7 3
v 8 3
v 9 4
v 10 4
v 11 4
v 12 4
v 13 4
v 14 4
v 15 4
v 16 4
v 17 4
v 18 4
v 19 4
e 0 1 1
e 0 2 1
e 0 11 1
e 1 3 2
e 1 4 1
e 2 5 1
e 2 9 1
e 2 10 1
e 3 6 1
e 3 12 1
e 4 7 2
e 4 13 1
e 5 14 1
e 5 15 1
e 5 16 1
e 6 8 2
e 6 17 1
e 7 8 1
e 7 18 1
e 8 19 1
t # 68773
v 0 2
v 1 3
v 2 3
v 3 3
v 4 3
v 5 3
v 6 3
v 7 3
v 8 3
v 9 4
v 10 4
v 11 4
v 12 4
v 13 4
v 14 4
v 15 4
v 16 4
v 17 4
v 18 4
v 19 4
e 0 1 1
e 0 8 1
e 0 13 1
e 1 2 1
e 1 9 1
e 1 10 1
e 2 3 2
e 2 4 1
e 3 5 1
e 3 11 1
e 4 6 2
e 4 12 1
e 5 7 2
e 5 14 1
e 6 7 1
e 6 15 1
e 7 16 1
e 8 17 1
e 8 18 1
e 8 19 1
t # 68774
v 0 18
v 1 3
v 2 3
v 3 3
v 4 3
v 5 3
v 6 3
v 7 3
v 8 3
v 9 4
v 10 4
v 11 4
v 12 4
v 13 4
v 14 4
v 15 4
e 1 2 2
e 1 3 1
e 1 7 1
e 2 4 1
e 2 9 1
e 3 5 2
e 3 10 1
e 4 6 2
e 4 11 1
e 5 6 1
e 5 12 1
e 6 13 1
e 7 8 2
e 7 14 1
e 8 15 1
t # 68775
v 0 1
v 1 1
v 2 3
v 3 3
v 4 3
v 5 3
v 6 3
v 7 3
v 8 3
v 9 3
v 10 3
v 11 3
v 12 3
v 13 3
v 14 3
v 15 4
v 16 4
v 17 4
v 18 4
v 19 4
v 20 4
v 21 4
v 22 4
v 23 4
v 24 4
v 25 4
v 26 4
v 27 4
v 28 4
v 29 4
v 30 4
v 31 4
v 32 4
e 0 4 1
e 0 7 1
e 1 7 2
e 2 3 1
e 2 4 1
e 2 15 1
e 2 16 1
e 3 6 1
e 3 17 1
e 3 18 1
e 4 19 1
e 4 20 1
e 5 7 1
e 5 8 1
e 5 9 1
e 5 21 1
e 6 10 2
e 6 11 1
e 8 22 1
e 8 23 1
e 8 24 1
e 9 25 1
e 9 26 1
e 9 27 1
e 10 12 1
e 10 28 1
e 11 13 2
e 11 29 1
e 12 14 2
e 12 30 1
e 13 14 1
e 13 31 1
e 14 32 1
t # 68776
v 0 1
v 1 1
v 2 3
v 3 3
v 4 3
v 5 3
v 6 3
v 7 3
v 8 3
v 9 3
v 10 3
v 11 3
v 12 3
v 13 3
v 14 4
v 15 4
v 16 4
v 17 4
v 18 4
v 19 4
v 20 4
v 21 4
v 22 4
v 23 4
v 24 4
v 25 4
v 26 4
v 27 4
v 28 4
v 29 4
e 0 3 1
e 0 7 1
e 1 7 2
e 2 3 1
e 2 4 1
e 2 14 1
e 2 15 1
e 3 16 1
e 3 17 1
e 4 8 2
e 4 9 1
e 5 6 1
e 5 7 1
e 5 18 1
e 5 19 1
e 6 10 1
e 6 20 1
e 6 21 1
e 8 11 1
e 8 22 1
e 9 12 2
e 9 23 1
e 10 24 1
e 10 25 1
e 10 26 1
e 11 13 2
e 11 27 1
e 12 13 1
e 12 28 1
e 13 29 1
t # 68777
v 0 2
v 1 3
v 2 3
v 3 3
v 4 3
v 5 3
v 6 3
v 7 3
v 8 3
v 9 3
v 10 3
v 11 3
v 12 3
v 13 3
v 14 3
v 15 4
v 16 4
v 17 4
v 18 4
v 19 4
v 20 4
v 21 4
v 22 4
v 23 4
v 24 4
v 25 4
v 26 4
v 27 4
v 28 4
v 29 4
e 0 1 1
e 0 2 1
e 0 19 1
e 1 3 1
e 1 15 1
e 1 16 1
e 2 4 1
e 2 17 1
e 2 18 1
e 3 5 2
e 3 7 1
e 4 6 2
e 4 8 1
e 5 9 1
e 5 20 1
e 6 10 1
e 6 21 1
e 7 11 2
e 7 22 1
e 8 12 2
e 8 23 1
e 9 13 2
e 9 24 1
e 10 14 2
e 10 25 1
e 11 13 1
e 11 26 1
e 12 14 1
e 12 27 1
e 13 28 1
e 14 29 1
t # 68778
v 0 1
v 1 1
v 2 1
v 3 1
v 4 3
v 5 3
v 6 3
v 7 3
v 8 3
v 9 3
v 10 3
v 11 3
v 12 3
v 13 3
v 14 3
v 15 3
v 16 3
v 17 3
v 18 3
v 19 3
v 20 3
v 21 3
v 22 4
v 23 4
v 24 4
v 25 4
v 26 4
v 27 4
v 28 4
v 29 4
v 30 4
v 31 4
v 32 4
v 33 4
v 34 4
v 35 4
v 36 4
v 37 4
v 38 4
v 39 4
e 0 6 1
e 0 10 1
e 1 7 1
e 1 11 1
e 2 10 2
e 3 11 2
e 4 5 1
e 4 10 1
e 4 22 1
e 4 23 1
e 5 11 1
e 5 24 1
e 5 25 1
e 6 8 1
e 6 26 1
e 6 27 1
e 7 9 1
e 7 28 1
e 7 29 1
e 8 12 2
e 8 14 1
e 9 13 2
e 9 15 1
e 12 16 1
e 12 30 1
e 13 17 1
e 13 31 1
e 14 18 2
e 14 32 1
e 15 19 2
e 15 33 1
e 16 20 2
e 16 34 1
e 17 21 2
e 17 35 1
e 18 20 1
e 18 36 1
e 19 21 1
e 19 37 1
e 20 38 1
e 21 39 1
t # 68779
v 0 1
v 1 1
v 2 3
v 3 3
v 4 3
v 5 3
v 6 3
v 7 3
v 8 3
v 9 3
v 10 3
v 11 3
v 12 3
v 13 4
v 14 4
v 15 4
v 16 4
v 17 4
v 18 4
v 19 4
v 20 4
v 21 4
v 22 4
v 23 4
v 24 4
v 25 4
v 26 4
e 0 4 1
e 0 6 1
e 1 6 2
e 2 3 1
e 2 6 1
e 2 13 1
e 2 14 1
e 3 7 1
e 3 15 1
e 3 16 1
e 4 5 1
e 4 17 1
e 4 18 1
e 5 8 2
e 5 9 1
e 7 19 1
e 7 20 1
e 7 21 1
e 8 10 1
e 8 22 1
e 9 11 2
e 9 23 1
e 10 12 2
e 10 24 1
e 11 12 1
e 11 25 1
e 12 26 1
t # 68780
v 0 3
v 1 3
v 2 3
v 3 3
v 4 3
v 5 3
v 6 3
v 7 3
v 8 3
v 9 3
v 10 3
v 11 3
v 12 3
v 13 3
v 14 4
v 15 4
v 16 4
v 17 4
v 18 4
v 19 4
v 20 4
v 21 4
v 22 4
v 23 4
v 24 4
v 25 4
v 26 4
v 27 4
e 0 1 1
e 0 2 1
e 0 14 1
e 0 15 1
e 1 3 1
e 1 16 1
e 1 17 1
e 2 4 2
e 2 6 1
e 3 5 2
e 3 7 1
e 4 8 1
e 4 18 1
e 5 9 1
e 5 19 1
e 6 10 2
e 6 20 1
e 7 11 2
e 7 21 1
e 8 12 2
e 8 22 1
e 9 13 2
e 9 23 1
e 10 12 1
e 10 24 1
e 11 13 1
e 11 25 1
e 12 26 1
e 13 27 1
t # 68781
v 0 1
v 1 1
v 2 3
v 3 3
v 4 3
v 5 3
v 6 3
v 7 3
v 8 3
v 9 3
v 10 3
v 11 3
v 12 3
v 13 4
v 14 4
v 15 4
v 16 4
v 17 4
v 18 4
v 19 4
v 20 4
v 21 4
v 22 4
v 23 4
v 24 4
v 25 4
v 26 4
e 0 5 1
e 0 6 1
e 1 5 2
e 2 3 1
e 2 4 1
e 2 5 1
e 2 13 1
e 3 14 1
e 3 15 1
e 3 16 1
e 4 17 1
e 4 18 1
e 4 19 1
e 6 7 1
e 6 20 1
e 6 21 1
e 7 8 2
e 7 9 1
e 8 10 1
e 8 22 1
e 9 11 2
e 9 23 1
e 10 12 2
e 10 24 1
e 11 12 1
e 11 25 1
e 12 26 1
t # 68782
v 0 1
v 1 1
v 2 3
v 3 3
v 4 3
v 5 3
v 6 3
v 7 3
v 8 3
v 9 3
v 10 3
v 11 3
v 12 4
v 13 4
v 14 4
v 15 4
v 16 4
v 17 4
v 18 4
v 19 4
v 20 4
v 21 4
v 22 4
v 23 4
e 0 7 1
e 0 11 1
e 1 7 2
e 2 3 1
e 2 4 1
e 2 12 1
e 2 13 1
e 3 5 2
e 3 6 1
e 4 7 1
e 4 14 1
e 4 15 1
e 5 8 1
e 5 16 1
e 6 9 2
e 6 17 1
e 8 10 2
e 8 18 1
e 9 10 1
e 9 19 1
e 10 20 1
e 11 21 1
e 11 22 1
e 11 23 1
t # 68783
v 0 1
v 1 1
v 2 3
v 3 3
v 4 3
v 5 3
v 6 3
v 7 3
v 8 3
v 9 3
v 10 3
v 11 3
v 12 3
v 13 3
v 14 3
v 15 4
v 16 4
v 17 4
v 18 4
v 19 4
v 20 4
v 21 4
v 22 4
v 23 4
v 24 4
v 25 4
v 26 4
e 0 3 1
e 0 4 1
e 1 14 1
e 1 26 1
e 2 3 1
e 2 5 2
e 2 6 1
e 3 15 1
e 3 16 1
e 4 7 2
e 4 8 1
e 5 9 1
e 5 17 1
e 6 10 2
e 6 18 1
e 7 12 1
e 7 19 1
e 8 13 2
e 8 20 1
e 9 11 2
e 9 21 1
e 10 11 1
e 10 22 1
e 11 25 1
e 12 14 2
e 12 23 1
e 13 14 1
e 13 24 1
t # 68784
v 0 1
v 1 2
v 2 3
v 3 3
v 4 3
v 5 3
v 6 3
v 7 3
v 8 3
v 9 3
v 10 3
v 11 3
v 12 3
v 13 3
v 14 3
v 15 4
v 16 4
v 17 4
v 18 4
v 19 4
v 20 4
v 21 4
v 22 4
v 23 4
v 24 4
v 25 4
v 26 4
v 27 4
e 0 13 1
e 0 27 1
e 1 2 1
e 1 4 1
e 1 17 1
e 2 3 1
e 2 15 1
e 2 16 1
e 3 5 2
e 3 6 1
e 4 7 2
e 4 8 1
e 5 9 1
e 5 18 1
e 6 10 2
e 6 19 1
e 7 11 1
e 7 20 1
e 8 12 2
e 8 21 1
e 9 14 2
e 9 22 1
e 10 14 1
e 10 23 1
e 11 13 2
e 11 24 1
e 12 13 1
e 12 25 1
e 14 26 1
t # 68785
v 0 1
v 1 1
v 2 3
v 3 3
v 4 3
v 5 3
v 6 3
v 7 3
v 8 3
v 9 3
v 10 3
v 11 3
v 12 3
v 13 4
v 14 4
v 15 4
v 16 4
v 17 4
v 18 4
v 19 4
v 20 4
v 21 4
v 22 4
v 23 4
v 24 4
v 25 4
v 26 4
v 27 4
v 28 4
v 29 4
v 30 4
v 31 4
v 32 4
e 0 6 1
e 0 10 1
e 1 10 2
e 2 3 1
e 2 4 1
e 2 6 1
e 2 13 1
e 3 5 1
e 3 14 1
e 3 15 1
e 4 8 1
e 4 16 1
e 4 17 1
e 5 7 1
e 5 18 1
e 5 19 1
e 6 20 1
e 6 21 1
e 7 9 1
e 7 22 1
e 7 23 1
e 8 24 1
e 8 25 1
e 8 26 1
e 9 27 1
e 9 28 1
e 9 29 1
e 10 11 1
e 11 12 2
e 11 30 1
e 12 31 1
e 12 32 1
t # 68786
v 0 1
v 1 1
v 2 3
v 3 3
v 4 3
v 5 3
v 6 3
v 7 3
v 8 3
v 9 3
v 10 3
v 11 3
v 12 4
v 13 4
v 14 4
v 15 4
v 16 4
v 17 4
v 18 4
v 19 4
v 20 4
v 21 4
v 22 4
v 23 4
v 24 4
v 25 4
v 26 4
v 27 4
v 28 4
v 29 4
v 30 4
v 31 4
e 0 6 1
e 0 10 1
e 1 10 2
e 2 3 1
e 2 4 1
e 2 6 1
e 2 12 1
e 3 5 1
e 3 13 1
e 3 14 1
e 4 8 1
e 4 15 1
e 4 16 1
e 5 7 1
e 5 17 1
e 5 18 1
e 6 19 1
e 6 20 1
e 7 9 1
e 7 21 1
e 7 22 1
e 8 23 1
e 8 24 1
e 8 25 1
e 9 26 1
e 9 27 1
e 9 28 1
e 10 11 1
e 11 29 1
e 11 30 1
e 11 31 1
t # 68787
v 0 1
v 1 3
v 2 3
v 3 3
v 4 3
v 5 3
v 6 3
v 7 3
v 8 3
v 9 3
v 10 3
v 11 3
v 12 4
v 13 4
v 14 4
v 15 4
v 16 4
v 17 4
v 18 4
v 19 4
v 20 4
v 21 4
v 22 4
v 23 4
v 24 4
v 25 4
v 26 4
v 27 4
v 28 4
v 29 4
v 30 4
v 31 4
v 32 4
v 33 4
v 34 4
v 35 4
e 0 7 1
e 0 35 1
e 1 2 1
e 1 3 1
e 1 4 1
e 1 12 1
e 2 5 1
e 2 13 1
e 2 14 1
e 3 6 1
e 3 15 1
e 3 16 1
e 4 9 1
e 4 17 1
e 4 18 1
e 5 7 1
e 5 19 1
e 5 20 1
e 6 8 1
e 6 21 1
e 6 22 1
e 7 10 1
e 7 23 1
e 8 11 1
e 8 24 1
e 8 25 1
e 9 26 1
e 9 27 1
e 9 28 1
e 10 29 1
e 10 30 1
e 10 31 1
e 11 32 1
e 11 33 1
e 11 34 1
t # 68788
v 0 1
v 1 3
v 2 3
v 3 3
v 4 3
v 5 3
v 6 3
v 7 3
v 8 3
v 9 3
v 10 3
v 11 3
v 12 4
v 13 4
v 14 4
v 15 4
v 16 4
v 17 4
v 18 4
v 19 4
v 20 4
v 21 4
v 22 4
v 23 4
v 24 4
v 25 4
v 26 4
v 27 4
e 0 1 1
e 0 22 1
e 1 2 1
e 1 4 1
e 1 5 1
e 2 3 1
e 2 12 1
e 2 13 1
e 3 6 1
e 3 14 1
e 3 15 1
e 4 16 1
e 4 17 1
e 4 18 1
e 5 19 1
e 5 20 1
e 5 21 1
e 6 7 2
e 6 8 1
e 7 9 1
e 7 23 1
e 8 10 2
e 8 24 1
e 9 11 2
e 9 25 1
e 10 11 1
e 10 26 1
e 11 27 1
t # 68789
v 0 2
v 1 3
v 2 3
v 3 3
v 4 3
v 5 3
v 6 3
v 7 3
v 8 3
v 9 3
v 10 3
v 11 3
v 12 3
v 13 3
v 14 3
v 15 3
v 16 3
v 17 3
v 18 3
v 19 3
v 20 3
v 21 3
v 22 3
v 23 3
v 24 3
v 25 3
v 26 3
v 27 3
v 28 3
v 29 3
v 30 3
v 31 3
v 32 3
v 33 3
v 34 3
v 35 3
v 36 3
v 37 4
v 38 4
v 39 4
v 40 4
v 41 4
v 42 4
v 43 4
v 44 4
v 45 4
v 46 4
v 47 4
v 48 4
v 49 4
v 50 4
v 51 4
v 52 4
v 53 4
v 54 4
v 55 4
v 56 4
v 57 4
v 58 4
v 59 4
v 60 4
v 61 4
v 62 4
v 63 4
v 64 4
v 65 4
v 66 4
v 67 4
v 68 4
v 69 4
v 70 4
v 71 4
v 72 4
v 73 4
v 74 4
v 75 4
v 76 4
v 77 4
v 78 4
v 79 4
v 80 4
v 81 4
v 82 4
v 83 4
v 84 4
v 85 4
v 86 4
v 87 4
v 88 4
v 89 4
v 90 4
v 91 4
v 92 4
v 93 4
v 94 4
v 95 4
v 96 4
v 97 4
v 98 4
v 99 4
v 100 4
v 101 4
v 102 4
v 103 4
v 104 4
v 105 4
v 106 4
v 107 4
v 108 4
v 109 4
v 110 4
v 111 4
e 0 1 1
e 0 2 1
e 0 3 1
e 1 4 1
e 1 37 1
e 1 38 1
e 2 5 1
e 2 39 1
e 2 40 1
e 3 6 1
e 3 41 1
e 3 42 1
e 4 7 1
e 4 43 1
e 4 44 1
e 5 8 1
e 5 45 1
e 5 46 1
e 6 9 1
e 6 47 1
e 6 48 1
e 7 10 1
e 7 49 1
e 7 50 1
e 8 11 1
e 8 51 1
e 8 52 1
e 9 12 1
e 9 53 1
e 9 54 1
e 10 13 1
e 10 55 1
e 10 56 1
e 11 14 1
e 11 57 1
e 11 58 1
e 12 15 1
e 12 59 1
e 12 60 1
e 13 16 1
e 13 61 1
e 13 62 1
e 14 17 1
e 14 63 1
e 14 64 1
e 15 18 1
e 15 65 1
e 15 66 1
e 16 19 1
e 16 67 1
e 16 68 1
e 17 20 1
e 17 69 1
e 17 70 1
e 18 21 1
e 18 71 1
e 18 72 1
e 19 22 1
e 19 73 1
e 19 74 1
e 20 23 1
e 20 75 1
e 20 76 1
e 21 24 1
e 21 77 1
e 21 78 1
e 22 25 1
e 22 79 1
e 22 80 1
e 23 26 1
e 23 81 1
e 23 82 1
e 24 27 1
e 24 83 1
e 24 84 1
e 25 28 1
e 25 85 1
e 25 86 1
e 26 29 1
e 26 87 1
e 26 88 1
e 27 30 1
e 27 89 1
e 27 90 1
e 28 31 1
e 28 91 1
e 28 92 1
e 29 32 1
e 29 93 1
e 29 94 1
e 30 33 1
e 30 95 1
e 30 96 1
e 31 34 1
e 31 97 1
e 31 98 1
e 32 35 1
e 32 99 1
e 32 100 1
e 33 36 1
e 33 101 1
e 33 102 1
e 34 103 1
e 34 104 1
e 34 105 1
e 35 106 1
e 35 107 1
e 35 108 1
e 36 109 1
e 36 110 1
e 36 111 1
t # 68790
v 0 8
v 1 1
v 2 1
v 3 1
v 4 3
v 5 3
v 6 3
v 7 3
v 8 3
v 9 3
v 10 3
v 11 3
v 12 3
v 13 3
v 14 3
v 15 3
v 16 4
v 17 4
v 18 4
v 19 4
v 20 4
v 21 4
v 22 4
v 23 4
v 24 4
v 25 4
v 26 4
v 27 4
v 28 4
v 29 4
v 30 4
v 31 4
v 32 4
v 33 4
v 34 4
v 35 4
v 36 4
v 37 4
v 38 4
v 39 4
v 40 4
v 41 4
v 42 4
e 1 10 1
e 2 11 1
e 3 12 1
e 4 7 1
e 4 10 1
e 4 16 1
e 4 17 1
e 5 8 1
e 5 11 1
e 5 18 1
e 5 19 1
e 6 9 1
e 6 12 1
e 6 20 1
e 6 21 1
e 7 13 1
e 7 22 1
e 7 23 1
e 8 14 1
e 8 24 1
e 8 25 1
e 9 15 1
e 9 26 1
e 9 27 1
e 10 28 1
e 10 29 1
e 11 30 1
e 11 31 1
e 12 32 1
e 12 33 1
e 13 34 1
e 13 35 1
e 13 36 1
e 14 37 1
e 14 38 1
e 14 39 1
e 15 40 1
e 15 41 1
e 15 42 1
t # 68791
v 0 1
v 1 2
v 2 3
v 3 3
v 4 3
v 5 3
v 6 3
v 7 3
v 8 3
v 9 3
v 10 3
v 11 3
v 12 4
v 13 4
v 14 4
v 15 4
v 16 4
v 17 4
v 18 4
v 19 4
v 20 4
v 21 4
v 22 4
v 23 4
v 24 4
v 25 4
v 26 4
v 27 4
v 28 4
v 29 4
v 30 4
v 31 4
v 32 4
v 33 4
v 34 4
e 0 9 1
e 0 34 1
e 1 2 1
e 1 3 1
e 1 6 1
e 2 4 1
e 2 12 1
e 2 13 1
e 3 5 1
e 3 14 1
e 3 15 1
e 4 7 1
e 4 16 1
e 4 17 1
e 5 8 1
e 5 18 1
e 5 19 1
e 6 9 1
e 6 20 1
e 6 21 1
e 7 10 1
e 7 22 1
e 7 23 1
e 8 11 1
e 8 24 1
e 8 25 1
e 9 26 1
e 9 27 1
e 10 28 1
e 10 29 1
e 10 30 1
e 11 31 1
e 11 32 1
e 11 33 1
t # 68792
v 0 1
v 1 1
v 2 2
v 3 3
v 4 3
v 5 3
v 6 3
v 7 3
v 8 3
v 9 3
v 10 3
v 11 4
v 12 4
v 13 4
v 14 4
v 15 4
v 16 4
v 17 4
v 18 4
v 19 4
v 20 4
v 21 4
v 22 4
v 23 4
v 24 4
v 25 4
v 26 4
v 27 4
v 28 4
v 29 4
e 0 8 1
e 0 28 1
e 1 9 1
e 1 29 1
e 2 3 1
e 2 5 1
e 2 6 1
e 3 4 1
e 3 11 1
e 3 12 1
e 4 7 1
e 4 13 1
e 4 14 1
e 5 8 1
e 5 15 1
e 5 16 1
e 6 9 1
e 6 17 1
e 6 18 1
e 7 10 1
e 7 19 1
e 7 20 1
e 8 21 1
e 8 22 1
e 9 23 1
e 9 24 1
e 10 25 1
e 10 26 1
e 10 27 1
t # 68793
v 0 1
v 1 1
v 2 1
v 3 1
v 4 2
v 5 2
v 6 3
v 7 3
v 8 3
v 9 3
v 10 3
v 11 3
v 12 3
v 13 3
v 14 3
v 15 3
v 16 3
v 17 3
v 18 3
v 19 3
v 20 4
v 21 4
v 22 4
v 23 4
v 24 4
v 25 4
v 26 4
v 27 4
v 28 4
v 29 4
v 30 4
v 31 4
v 32 4
v 33 4
v 34 4
v 35 4
v 36 4
v 37 4
v 38 4
v 39 4
v 40 4
v 41 4
v 42 4
v 43 4
v 44 4
v 45 4
v 46 4
v 47 4
v 48 4
v 49 4
v 50 4
v 51 4
e 0 12 1
e 0 48 1
e 1 13 1
e 1 49 1
e 2 14 1
e 2 50 1
e 3 15 1
e 3 51 1
e 4 6 1
e 4 8 1
e 4 9 1
e 5 7 1
e 5 10 1
e 5 11 1
e 6 7 1
e 6 20 1
e 6 21 1
e 7 22 1
e 7 23 1
e 8 12 1
e 8 24 1
e 8 25 1
e 9 13 1
e 9 26 1
e 9 27 1
e 10 14 1
e 10 28 1
e 10 29 1
e 11 15 1
e 11 30 1
e 11 31 1
e 12 16 1
e 12 32 1
e 13 17 1
e 13 33 1
e 14 18 1
e 14 34 1
e 15 19 1
e 15 35 1
e 16 36 1
e 16 37 1
e 16 38 1
e 17 39 1
e 17 40 1
e 17 41 1
e 18 42 1
e 18 43 1
e 18 44 1
e 19 45 1
e 19 46 1
e 19 47 1
t # 68794
v 0 1
v 1 1
v 2 2
v 3 3
v 4 3
v 5 3
v 6 3
v 7 3
v 8 3
v 9 3
v 10 3
v 11 4
v 12 4
v 13 4
v 14 4
v 15 4
v 16 4
v 17 4
v 18 4
v 19 4
v 20 4
v 21 4
e 0 4 1
e 0 9 1
e 1 5 1
e 1 10 1
e 2 3 1
e 2 14 1
e 2 15 1
e 3 4 2
e 3 6 1
e 4 7 1
e 5 6 2
e 5 8 1
e 6 11 1
e 7 8 2
e 7 12 1
e 8 13 1
e 9 16 1
e 9 17 1
e 9 18 1
e 10 19 1
e 10 20 1
e 10 21 1
t # 68795
v 0 12
v 1 12
v 2 12
v 3 3
v 4 3
v 5 3
v 6 3
v 7 3
v 8 3
v 9 3
v 10 4
v 11 4
v 12 4
v 13 4
v 14 4
e 0 6 1
e 1 7 1
e 2 9 1
e 3 4 2
e 3 5 1
e 3 6 1
e 4 7 1
e 4 10 1
e 5 8 2
e 5 11 1
e 6 12 1
e 6 13 1
e 7 9 2
e 8 9 1
e 8 14 1
t # 68796
v 0 12
v 1 12
v 2 1
v 3 2
v 4 3
v 5 3
v 6 3
v 7 3
v 8 3
v 9 3
v 10 3
v 11 4
v 12 4
v 13 4
e 0 7 1
e 1 9 1
e 2 10 2
e 3 4 1
e 3 10 2
e 4 5 2
e 4 6 1
e 5 7 1
e 5 11 1
e 6 8 2
e 6 12 1
e 7 9 2
e 8 9 1
e 8 13 1
t # 68797
v 0 1
v 1 2
v 2 2
v 3 3
v 4 3
v 5 3
v 6 3
v 7 3
v 8 3
v 9 3
v 10 3
v 11 4
v 12 4
v 13 4
v 14 4
v 15 4
v 16 4
v 17 4
v 18 4
v 19 4
v 20 4
e 0 9 2
e 1 3 1
e 1 9 1
e 1 13 1
e 2 5 1
e 2 19 1
e 2 20 1
e 3 4 1
e 3 6 2
e 4 5 2
e 4 11 1
e 5 7 1
e 6 8 1
e 6 12 1
e 7 8 2
e 7 14 1
e 8 15 1
e 9 10 1
e 10 16 1
e 10 17 1
e 10 18 1
t # 68798
v 0 2
v 1 3
v 2 3
v 3 3
v 4 3
v 5 3
v 6 3
v 7 3
v 8 3
v 9 3
v 10 4
v 11 4
v 12 4
v 13 4
v 14 4
v 15 4
v 16 4
v 17 4
v 18 4
v 19 4
v 20 4
v 21 4
v 22 4
e 0 1 1
e 0 3 1
e 0 12 1
e 1 4 1
e 1 5 2
e 2 4 2
e 2 6 1
e 2 9 1
e 3 8 1
e 3 10 1
e 3 11 1
e 4 13 1
e 5 7 1
e 5 14 1
e 6 7 2
e 6 15 1
e 7 16 1
e 8 17 1
e 8 18 1
e 8 19 1
e 9 20 1
e 9 21 1
e 9 22 1
t # 68799
v 0 1
v 1 1
v 2 3
v 3 3
v 4 3
v 5 3
v 6 3
v 7 3
v 8 3
v 9 3
v 10 3
v 11 3
v 12 3
v 13 3
v 14 3
v 15 3
v 16 3
v 17 3
v 18 4
v 19 4
v 20 4
v 21 4
v 22 4
v 23 4
v 24 4
v 25 4
v 26 4
v 27 4
v 28 4
v 29 4
v 30 4
v 31 4
v 32 4
v 33 4
e 0 4 1
e 0 9 1
e 1 9 2
e 2 3 1
e 2 4 1
e 2 18 1
e 2 19 1
e 3 7 2
e 3 8 1
e 4 20 1
e 4 21 1
e 5 6 1
e 5 9 1
e 5 22 1
e 5 23 1
e 6 10 2
e 6 11 1
e 7 12 1
e 7 24 1
e 8 13 2
e 8 25 1
e 10 15 1
e 10 26 1
e 11 16 2
e 11 27 1
e 12 14 2
e 12 28 1
e 13 14 1
e 13 29 1
e 14 30 1
e 15 17 2
e 15 31 1
e 16 17 1
e 16 32 1
e 17 33 1
