t # 56900
v 0 1
v 1 2
v 2 3
v 3 3
v 4 3
v 5 3
v 6 3
v 7 3
v 8 3
v 9 3
v 10 3
v 11 3
v 12 3
v 13 3
v 14 4
v 15 4
v 16 4
v 17 4
v 18 4
v 19 4
v 20 4
v 21 4
v 22 4
v 23 4
v 24 4
v 25 4
v 26 4
v 27 4
v 28 4
v 29 4
v 30 4
e 0 6 2
e 1 3 1
e 1 6 1
e 1 20 1
e 2 3 1
e 2 4 1
e 2 14 1
e 2 15 1
e 3 16 1
e 3 17 1
e 4 7 1
e 4 18 1
e 4 19 1
e 5 6 1
e 5 8 1
e 5 9 2
e 7 21 1
e 7 22 1
e 7 23 1
e 8 10 2
e 8 11 1
e 9 12 1
e 9 24 1
e 10 13 1
e 10 25 1
e 11 26 1
e 11 27 1
e 11 28 1
e 12 13 2
e 12 29 1
e 13 30 1
t # 56901
v 0 1
v 1 1
v 2 3
v 3 3
v 4 3
v 5 3
v 6 3
v 7 3
v 8 3
v 9 3
v 10 3
v 11 3
v 12 3
v 13 3
v 14 4
v 15 4
v 16 4
v 17 4
v 18 4
v 19 4
v 20 4
v 21 4
v 22 4
v 23 4
v 24 4
v 25 4
v 26 4
v 27 4
v 28 4
v 29 4
e 0 2 1
e 0 7 1
e 1 7 2
e 2 3 1
e 2 4 1
e 2 14 1
e 3 5 1
e 3 15 1
e 3 16 1
e 4 17 1
e 4 18 1
e 4 19 1
e 5 20 1
e 5 21 1
e 5 22 1
e 6 7 1
e 6 8 1
e 6 10 2
e 8 9 2
e 8 23 1
e 9 11 1
e 9 13 1
e 10 12 1
e 10 24 1
e 11 12 2
e 11 25 1
e 12 26 1
e 13 27 1
e 13 28 1
e 13 29 1
t # 56902
v 0 1
v 1 1
v 2 3
v 3 3
v 4 3
v 5 3
v 6 3
v 7 3
v 8 3
v 9 3
v 10 3
v 11 3
v 12 3
v 13 4
v 14 4
v 15 4
v 16 4
v 17 4
v 18 4
v 19 4
v 20 4
v 21 4
v 22 4
v 23 4
v 24 4
v 25 4
v 26 4
v 27 4
v 28 4
v 29 4
v 30 4
v 31 4
v 32 4
v 33 4
v 34 4
e 0 3 1
e 0 8 1
e 1 8 2
e 2 4 1
e 2 8 1
e 2 9 1
e 2 13 1
e 3 5 1
e 3 6 1
e 3 14 1
e 4 7 1
e 4 15 1
e 4 16 1
e 5 10 1
e 5 17 1
e 5 18 1
e 6 11 1
e 6 19 1
e 6 20 1
e 7 12 1
e 7 21 1
e 7 22 1
e 9 23 1
e 9 24 1
e 9 25 1
e 10 26 1
e 10 27 1
e 10 28 1
e 11 29 1
e 11 30 1
e 11 31 1
e 12 32 1
e 12 33 1
e 12 34 1
t # 56903
v 0 1
v 1 1
v 2 3
v 3 3
v 4 3
v 5 3
v 6 3
v 7 3
v 8 3
v 9 3
v 10 3
v 11 3
v 12 3
v 13 4
v 14 4
v 15 4
v 16 4
v 17 4
v 18 4
v 19 4
v 20 4
v 21 4
v 22 4
v 23 4
v 24 4
v 25 4
v 26 4
v 27 4
v 28 4
v 29 4
v 30 4
v 31 4
v 32 4
e 0 2 1
e 0 9 1
e 1 9 2
e 2 3 1
e 2 4 1
e 2 13 1
e 3 5 1
e 3 14 1
e 3 15 1
e 4 6 1
e 4 16 1
e 4 17 1
e 5 6 1
e 5 18 1
e 5 19 1
e 6 20 1
e 6 21 1
e 7 8 1
e 7 9 1
e 7 11 1
e 7 22 1
e 8 10 1
e 8 23 1
e 8 24 1
e 10 12 1
e 10 25 1
e 10 26 1
e 11 27 1
e 11 28 1
e 11 29 1
e 12 30 1
e 12 31 1
e 12 32 1
t # 56904
v 0 1
v 1 1
v 2 1
v 3 3
v 4 3
v 5 3
v 6 3
v 7 3
v 8 3
v 9 3
v 10 3
v 11 3
v 12 3
v 13 3
v 14 4
v 15 4
v 16 4
v 17 4
v 18 4
v 19 4
v 20 4
v 21 4
v 22 4
v 23 4
v 24 4
v 25 4
v 26 4
v 27 4
e 0 6 1
e 0 10 1
e 1 8 1
e 1 13 1
e 2 10 2
e 3 5 1
e 3 7 2
e 3 10 1
e 4 5 2
e 4 9 1
e 4 12 1
e 5 14 1
e 6 8 1
e 6 15 1
e 6 16 1
e 7 11 1
e 7 19 1
e 8 17 1
e 8 18 1
e 9 11 2
e 9 20 1
e 11 21 1
e 12 22 1
e 12 23 1
e 12 24 1
e 13 25 1
e 13 26 1
e 13 27 1
t # 56905
v 0 1
v 1 1
v 2 1
v 3 3
v 4 3
v 5 3
v 6 3
v 7 3
v 8 3
v 9 3
v 10 3
v 11 3
v 12 3
v 13 3
v 14 4
v 15 4
v 16 4
v 17 4
v 18 4
v 19 4
v 20 4
v 21 4
v 22 4
v 23 4
v 24 4
v 25 4
v 26 4
v 27 4
e 0 5 1
e 0 8 1
e 1 9 1
e 1 13 1
e 2 8 2
e 3 4 1
e 3 6 2
e 3 8 1
e 4 7 2
e 4 10 1
e 5 9 1
e 5 14 1
e 5 15 1
e 6 11 1
e 6 16 1
e 7 12 1
e 7 17 1
e 9 18 1
e 9 19 1
e 10 20 1
e 10 21 1
e 10 22 1
e 11 12 2
e 11 23 1
e 12 24 1
e 13 25 1
e 13 26 1
e 13 27 1
t # 56906
v 0 1
v 1 1
v 2 3
v 3 3
v 4 3
v 5 3
v 6 3
v 7 3
v 8 3
v 9 3
v 10 3
v 11 3
v 12 3
v 13 4
v 14 4
v 15 4
v 16 4
v 17 4
v 18 4
v 19 4
v 20 4
v 21 4
v 22 4
v 23 4
v 24 4
v 25 4
v 26 4
e 0 2 1
e 0 8 1
e 1 8 2
e 2 4 1
e 2 5 1
e 2 13 1
e 3 7 1
e 3 8 1
e 3 9 2
e 4 14 1
e 4 15 1
e 4 16 1
e 5 17 1
e 5 18 1
e 5 19 1
e 6 7 2
e 6 10 1
e 6 12 1
e 7 20 1
e 9 11 1
e 9 21 1
e 10 11 2
e 10 22 1
e 11 23 1
e 12 24 1
e 12 25 1
e 12 26 1
t # 56907
v 0 1
v 1 1
v 2 3
v 3 3
v 4 3
v 5 3
v 6 3
v 7 3
v 8 3
v 9 3
v 10 3
v 11 3
v 12 3
v 13 4
v 14 4
v 15 4
v 16 4
v 17 4
v 18 4
v 19 4
v 20 4
v 21 4
v 22 4
v 23 4
v 24 4
v 25 4
v 26 4
e 0 3 1
e 0 9 1
e 1 9 2
e 2 3 1
e 2 7 1
e 2 13 1
e 2 14 1
e 3 15 1
e 3 16 1
e 4 6 1
e 4 8 2
e 4 9 1
e 5 6 2
e 5 10 1
e 5 12 1
e 6 17 1
e 7 18 1
e 7 19 1
e 7 20 1
e 8 11 1
e 8 21 1
e 10 11 2
e 10 22 1
e 11 23 1
e 12 24 1
e 12 25 1
e 12 26 1
t # 56908
v 0 1
v 1 1
v 2 3
v 3 3
v 4 3
v 5 3
v 6 3
v 7 3
v 8 3
v 9 3
v 10 3
v 11 3
v 12 3
v 13 4
v 14 4
v 15 4
v 16 4
v 17 4
v 18 4
v 19 4
v 20 4
v 21 4
v 22 4
v 23 4
v 24 4
e 0 9 1
e 0 10 1
e 1 9 2
e 2 4 2
e 2 5 1
e 2 8 1
e 3 4 1
e 3 6 2
e 3 9 1
e 4 13 1
e 5 7 2
e 5 14 1
e 6 7 1
e 6 15 1
e 7 16 1
e 8 17 1
e 8 18 1
e 8 19 1
e 10 11 1
e 10 20 1
e 10 21 1
e 11 12 2
e 11 22 1
e 12 23 1
e 12 24 1
t # 56909
v 0 1
v 1 1
v 2 1
v 3 3
v 4 3
v 5 3
v 6 3
v 7 3
v 8 3
v 9 3
v 10 3
v 11 3
v 12 3
v 13 4
v 14 4
v 15 4
v 16 4
v 17 4
v 18 4
v 19 4
v 20 4
v 21 4
v 22 4
v 23 4
v 24 4
v 25 4
v 26 4
v 27 4
v 28 4
v 29 4
v 30 4
v 31 4
v 32 4
e 0 7 1
e 0 9 1
e 1 10 1
e 1 11 1
e 2 7 2
e 3 4 1
e 3 6 1
e 3 7 1
e 3 13 1
e 4 5 1
e 4 14 1
e 4 15 1
e 5 8 1
e 5 16 1
e 5 17 1
e 6 18 1
e 6 19 1
e 6 20 1
e 8 21 1
e 8 22 1
e 8 23 1
e 9 10 1
e 9 24 1
e 9 25 1
e 10 26 1
e 10 27 1
e 11 12 1
e 11 28 1
e 11 29 1
e 12 30 1
e 12 31 1
e 12 32 1
t # 56910
v 0 1
v 1 2
v 2 3
v 3 3
v 4 3
v 5 3
v 6 3
v 7 3
v 8 3
v 9 3
v 10 3
v 11 3
v 12 4
v 13 4
v 14 4
v 15 4
v 16 4
v 17 4
v 18 4
v 19 4
v 20 4
v 21 4
v 22 4
v 23 4
v 24 4
e 0 4 2
e 1 4 1
e 1 10 1
e 1 11 1
e 2 3 1
e 2 4 1
e 2 5 2
e 3 6 2
e 3 7 1
e 5 8 1
e 5 12 1
e 6 9 1
e 6 13 1
e 7 14 1
e 7 15 1
e 7 16 1
e 8 9 2
e 8 17 1
e 9 18 1
e 10 19 1
e 10 20 1
e 10 21 1
e 11 22 1
e 11 23 1
e 11 24 1
t # 56911
v 0 12
v 1 1
v 2 1
v 3 3
v 4 3
v 5 3
v 6 3
v 7 3
v 8 3
v 9 3
v 10 3
v 11 3
v 12 3
v 13 4
v 14 4
v 15 4
v 16 4
v 17 4
v 18 4
v 19 4
v 20 4
v 21 4
v 22 4
v 23 4
e 0 12 1
e 1 9 1
e 1 11 1
e 2 9 2
e 3 5 1
e 3 6 2
e 3 9 1
e 4 5 2
e 4 7 1
e 4 10 1
e 5 13 1
e 6 8 1
e 6 14 1
e 7 8 2
e 7 15 1
e 8 16 1
e 10 17 1
e 10 18 1
e 10 19 1
e 11 12 1
e 11 20 1
e 11 21 1
e 12 22 1
e 12 23 1
t # 56912
v 0 18
v 1 1
v 2 1
v 3 3
v 4 3
v 5 3
v 6 3
v 7 3
v 8 3
v 9 3
v 10 3
v 11 3
v 12 3
v 13 4
v 14 4
v 15 4
v 16 4
v 17 4
v 18 4
v 19 4
v 20 4
v 21 4
v 22 4
v 23 4
e 1 9 1
e 1 11 1
e 2 9 2
e 3 5 1
e 3 6 2
e 3 9 1
e 4 5 2
e 4 7 1
e 4 10 1
e 5 13 1
e 6 8 1
e 6 14 1
e 7 8 2
e 7 15 1
e 8 16 1
e 10 17 1
e 10 18 1
e 10 19 1
e 11 12 1
e 11 20 1
e 11 21 1
e 12 22 1
e 12 23 1
t # 56913
v 0 18
v 1 1
v 2 1
v 3 3
v 4 3
v 5 3
v 6 3
v 7 3
v 8 3
v 9 3
v 10 3
v 11 3
v 12 3
v 13 4
v 14 4
v 15 4
v 16 4
v 17 4
v 18 4
v 19 4
v 20 4
v 21 4
v 22 4
v 23 4
e 1 8 1
e 1 11 1
e 2 8 2
e 3 4 1
e 3 5 2
e 3 8 1
e 4 6 2
e 4 7 1
e 5 9 1
e 5 13 1
e 6 10 1
e 6 14 1
e 7 15 1
e 7 16 1
e 7 17 1
e 9 10 2
e 9 18 1
e 10 19 1
e 11 12 1
e 11 20 1
e 11 21 1
e 12 22 1
e 12 23 1
t # 56914
v 0 1
v 1 1
v 2 1
v 3 3
v 4 3
v 5 3
v 6 3
v 7 3
v 8 3
v 9 3
v 10 3
v 11 3
v 12 4
v 13 4
v 14 4
v 15 4
v 16 4
v 17 4
v 18 4
v 19 4
v 20 4
v 21 4
v 22 4
v 23 4
v 24 4
v 25 4
v 26 4
v 27 4
v 28 4
v 29 4
e 0 7 1
e 0 9 1
e 1 7 2
e 2 10 1
e 2 11 1
e 3 4 1
e 3 6 1
e 3 7 1
e 3 12 1
e 4 5 1
e 4 13 1
e 4 14 1
e 5 8 1
e 5 15 1
e 5 16 1
e 6 17 1
e 6 18 1
e 6 19 1
e 8 20 1
e 8 21 1
e 8 22 1
e 9 10 1
e 9 23 1
e 9 24 1
e 10 25 1
e 10 26 1
e 11 27 1
e 11 28 1
e 11 29 1
t # 56915
v 0 1
v 1 1
v 2 3
v 3 3
v 4 3
v 5 3
v 6 3
v 7 3
v 8 3
v 9 3
v 10 3
v 11 4
v 12 4
v 13 4
v 14 4
v 15 4
v 16 4
v 17 4
v 18 4
v 19 4
v 20 4
v 21 4
v 22 4
v 23 4
v 24 4
v 25 4
v 26 4
v 27 4
v 28 4
e 0 6 1
e 0 7 1
e 1 6 2
e 2 3 1
e 2 5 1
e 2 6 1
e 2 11 1
e 3 4 1
e 3 12 1
e 3 13 1
e 4 8 1
e 4 14 1
e 4 15 1
e 5 16 1
e 5 17 1
e 5 18 1
e 7 9 1
e 7 10 1
e 7 19 1
e 8 20 1
e 8 21 1
e 8 22 1
e 9 23 1
e 9 24 1
e 9 25 1
e 10 26 1
e 10 27 1
e 10 28 1
t # 56916
v 0 12
v 1 1
v 2 2
v 3 3
v 4 3
v 5 3
v 6 3
v 7 3
v 8 3
v 9 3
v 10 3
v 11 3
v 12 3
v 13 3
v 14 4
v 15 4
v 16 4
v 17 4
v 18 4
v 19 4
v 20 4
v 21 4
v 22 4
v 23 4
e 0 11 1
e 1 4 1
e 1 9 1
e 2 5 2
e 2 12 1
e 3 4 2
e 3 5 1
e 3 6 1
e 4 8 1
e 5 7 1
e 6 10 2
e 6 14 1
e 7 11 2
e 7 15 1
e 8 12 2
e 8 16 1
e 9 13 1
e 9 17 1
e 9 18 1
e 10 11 1
e 10 19 1
e 12 20 1
e 13 21 1
e 13 22 1
e 13 23 1
t # 56917
v 0 12
v 1 1
v 2 1
v 3 1
v 4 1
v 5 2
v 6 3
v 7 3
v 8 3
v 9 3
v 10 3
v 11 3
v 12 3
v 13 3
v 14 3
v 15 4
v 16 4
v 17 4
v 18 4
v 19 4
v 20 4
v 21 4
v 22 4
e 0 14 1
e 1 10 1
e 1 21 1
e 2 13 1
e 2 22 1
e 3 12 2
e 4 13 2
e 5 6 1
e 5 12 1
e 5 18 1
e 6 8 2
e 6 9 1
e 7 8 1
e 7 10 2
e 7 13 1
e 8 15 1
e 9 11 2
e 9 16 1
e 10 11 1
e 11 17 1
e 12 14 1
e 14 19 1
e 14 20 1
t # 56918
v 0 11
v 1 2
v 2 2
v 3 2
v 4 3
v 5 3
v 6 3
v 7 3
v 8 3
v 9 3
v 10 3
v 11 3
v 12 4
v 13 4
v 14 4
v 15 4
v 16 4
v 17 4
v 18 4
e 0 7 1
e 0 11 1
e 1 5 1
e 2 3 1
e 2 7 2
e 4 5 1
e 4 6 2
e 4 7 1
e 5 8 2
e 6 9 1
e 6 12 1
e 8 10 1
e 8 13 1
e 9 10 2
e 9 14 1
e 10 15 1
e 11 16 1
e 11 17 1
e 11 18 1
t # 56919
v 0 12
v 1 1
v 2 2
v 3 2
v 4 2
v 5 3
v 6 3
v 7 3
v 8 3
v 9 3
v 10 3
v 11 3
v 12 4
v 13 4
v 14 4
v 15 4
e 0 9 1
e 1 11 2
e 2 3 1
e 2 5 1
e 2 15 1
e 4 11 1
e 5 6 2
e 5 7 1
e 6 8 1
e 6 11 1
e 7 9 2
e 7 12 1
e 8 10 2
e 8 13 1
e 9 10 1
e 10 14 1
t # 56920
v 0 14
v 1 1
v 2 1
v 3 1
v 4 2
v 5 3
v 6 3
v 7 3
v 8 3
v 9 3
v 10 3
v 11 3
v 12 3
v 13 4
v 14 4
v 15 4
v 16 4
v 17 4
v 18 4
v 19 4
v 20 4
v 21 4
v 22 4
v 23 4
v 24 4
v 25 4
v 26 4
e 1 10 1
e 1 26 1
e 2 10 2
e 3 11 2
e 4 7 1
e 4 11 1
e 4 23 1
e 5 6 1
e 5 8 1
e 5 9 1
e 5 13 1
e 6 7 1
e 6 14 1
e 6 15 1
e 7 10 1
e 7 16 1
e 8 17 1
e 8 18 1
e 8 19 1
e 9 20 1
e 9 21 1
e 9 22 1
e 11 12 1
e 12 24 1
e 12 25 1
t # 56921
v 0 1
v 1 1
v 2 2
v 3 3
v 4 3
v 5 3
v 6 3
v 7 3
v 8 3
v 9 3
v 10 3
v 11 3
v 12 3
v 13 3
v 14 4
v 15 4
v 16 4
v 17 4
v 18 4
v 19 4
v 20 4
v 21 4
v 22 4
v 23 4
v 24 4
v 25 4
v 26 4
e 0 4 1
e 0 7 1
e 1 5 1
e 1 21 1
e 2 3 1
e 2 7 2
e 3 4 1
e 3 5 1
e 3 6 1
e 4 14 1
e 4 15 1
e 5 16 1
e 5 17 1
e 6 18 1
e 6 19 1
e 6 20 1
e 7 8 1
e 8 9 2
e 8 10 1
e 9 11 1
e 9 22 1
e 10 12 2
e 10 23 1
e 11 13 2
e 11 24 1
e 12 13 1
e 12 25 1
e 13 26 1
t # 56922
v 0 1
v 1 1
v 2 1
v 3 2
v 4 2
v 5 3
v 6 3
v 7 3
v 8 3
v 9 3
v 10 3
v 11 3
v 12 3
v 13 4
v 14 4
v 15 4
v 16 4
v 17 4
v 18 4
v 19 4
v 20 4
v 21 4
v 22 4
v 23 4
v 24 4
v 25 4
v 26 4
v 27 4
v 28 4
v 29 4
v 30 4
e 0 8 1
e 0 30 1
e 3 5 1
e 3 7 1
e 3 15 1
e 4 6 1
e 5 8 1
e 5 9 1
e 5 10 1
e 6 7 1
e 6 11 1
e 6 12 1
e 7 13 1
e 7 14 1
e 8 16 1
e 8 17 1
e 9 18 1
e 9 19 1
e 9 20 1
e 10 21 1
e 10 22 1
e 10 23 1
e 11 24 1
e 11 25 1
e 11 26 1
e 12 27 1
e 12 28 1
e 12 29 1
t # 56923
v 0 1
v 1 1
v 2 2
v 3 2
v 4 3
v 5 3
v 6 3
v 7 3
v 8 3
v 9 3
v 10 3
v 11 4
v 12 4
v 13 4
v 14 4
v 15 4
v 16 4
v 17 4
v 18 4
v 19 4
v 20 4
v 21 4
v 22 4
v 23 4
v 24 4
v 25 4
v 26 4
e 2 5 1
e 2 6 1
e 2 14 1
e 3 4 1
e 4 5 1
e 4 7 1
e 4 8 1
e 5 11 1
e 5 12 1
e 6 9 1
e 6 10 1
e 6 13 1
e 7 15 1
e 7 16 1
e 7 17 1
e 8 18 1
e 8 19 1
e 8 20 1
e 9 21 1
e 9 22 1
e 9 23 1
e 10 24 1
e 10 25 1
e 10 26 1
t # 56924
v 0 2
v 1 2
v 2 2
v 3 3
v 4 3
v 5 3
v 6 3
v 7 3
v 8 3
v 9 3
v 10 3
v 11 4
v 12 4
v 13 4
v 14 4
v 15 4
v 16 4
v 17 4
v 18 4
v 19 4
v 20 4
v 21 4
v 22 4
v 23 4
v 24 4
v 25 4
v 26 4
v 27 4
v 28 4
v 29 4
v 30 4
v 31 4
e 0 5 1
e 0 6 1
e 0 15 1
e 1 3 1
e 1 28 1
e 1 29 1
e 2 4 1
e 2 30 1
e 2 31 1
e 3 5 1
e 3 7 1
e 3 8 1
e 4 6 1
e 4 9 1
e 4 10 1
e 5 11 1
e 5 12 1
e 6 13 1
e 6 14 1
e 7 16 1
e 7 17 1
e 7 18 1
e 8 19 1
e 8 20 1
e 8 21 1
e 9 22 1
e 9 23 1
e 9 24 1
e 10 25 1
e 10 26 1
e 10 27 1
t # 56925
v 0 1
v 1 1
v 2 2
v 3 2
v 4 3
v 5 3
v 6 3
v 7 3
v 8 3
v 9 3
v 10 3
v 11 3
v 12 3
v 13 4
v 14 4
v 15 4
v 16 4
v 17 4
v 18 4
v 19 4
v 20 4
v 21 4
v 22 4
v 23 4
v 24 4
v 25 4
v 26 4
v 27 4
v 28 4
v 29 4
v 30 4
v 31 4
v 32 4
v 33 4
v 34 4
e 0 6 1
e 0 12 1
e 1 7 1
e 1 12 1
e 2 4 1
e 2 31 1
e 2 32 1
e 3 5 1
e 3 33 1
e 3 34 1
e 4 6 1
e 4 8 1
e 4 9 1
e 5 7 1
e 5 10 1
e 5 11 1
e 6 13 1
e 6 14 1
e 7 15 1
e 7 16 1
e 8 17 1
e 8 18 1
e 8 19 1
e 9 20 1
e 9 21 1
e 9 22 1
e 10 23 1
e 10 24 1
e 10 25 1
e 11 26 1
e 11 27 1
e 11 28 1
e 12 29 1
e 12 30 1
t # 56926
v 0 1
v 1 2
v 2 2
v 3 3
v 4 3
v 5 3
v 6 3
v 7 3
v 8 3
v 9 3
v 10 3
v 11 4
v 12 4
v 13 4
v 14 4
v 15 4
v 16 4
v 17 4
v 18 4
v 19 4
v 20 4
v 21 4
v 22 4
v 23 4
v 24 4
v 25 4
v 26 4
v 27 4
v 28 4
v 29 4
v 30 4
e 0 6 1
e 0 30 1
e 1 3 1
e 1 5 1
e 1 13 1
e 2 4 1
e 2 28 1
e 2 29 1
e 3 6 1
e 3 7 1
e 3 8 1
e 4 5 1
e 4 9 1
e 4 10 1
e 5 11 1
e 5 12 1
e 6 14 1
e 6 15 1
e 7 16 1
e 7 17 1
e 7 18 1
e 8 19 1
e 8 20 1
e 8 21 1
e 9 22 1
e 9 23 1
e 9 24 1
e 10 25 1
e 10 26 1
e 10 27 1
t # 56927
v 0 1
v 1 2
v 2 2
v 3 3
v 4 3
v 5 3
v 6 3
v 7 3
v 8 3
v 9 3
v 10 4
v 11 4
v 12 4
v 13 4
v 14 4
v 15 4
v 16 4
v 17 4
v 18 4
v 19 4
v 20 4
v 21 4
v 22 4
v 23 4
v 24 4
v 25 4
v 26 4
v 27 4
e 0 8 1
e 0 27 1
e 1 4 1
e 1 5 1
e 1 12 1
e 2 3 1
e 2 22 1
e 2 23 1
e 3 4 1
e 3 6 1
e 3 7 1
e 4 10 1
e 4 11 1
e 5 8 1
e 5 13 1
e 5 14 1
e 6 15 1
e 6 16 1
e 6 17 1
e 7 18 1
e 7 19 1
e 7 20 1
e 8 9 1
e 8 21 1
e 9 24 1
e 9 25 1
e 9 26 1
t # 56928
v 0 1
v 1 2
v 2 2
v 3 3
v 4 3
v 5 3
v 6 3
v 7 3
v 8 3
v 9 4
v 10 4
v 11 4
v 12 4
v 13 4
v 14 4
v 15 4
v 16 4
v 17 4
v 18 4
v 19 4
v 20 4
v 21 4
v 22 4
v 23 4
v 24 4
e 0 8 1
e 0 24 1
e 1 4 1
e 1 7 1
e 1 17 1
e 2 3 1
e 2 20 1
e 2 21 1
e 3 4 1
e 3 5 1
e 3 6 1
e 4 9 1
e 4 10 1
e 5 11 1
e 5 12 1
e 5 13 1
e 6 14 1
e 6 15 1
e 6 16 1
e 7 8 1
e 7 18 1
e 7 19 1
e 8 22 1
e 8 23 1
t # 56929
v 0 2
v 1 2
v 2 3
v 3 3
v 4 3
v 5 3
v 6 3
v 7 3
v 8 3
v 9 3
v 10 3
v 11 3
v 12 4
v 13 4
v 14 4
v 15 4
v 16 4
v 17 4
v 18 4
v 19 4
v 20 4
v 21 4
v 22 4
v 23 4
v 24 4
v 25 4
v 26 4
v 27 4
e 0 3 1
e 0 6 1
e 0 20 1
e 1 2 1
e 1 21 1
e 1 22 1
e 2 3 1
e 2 4 1
e 2 5 1
e 3 12 1
e 3 13 1
e 4 14 1
e 4 15 1
e 4 16 1
e 5 17 1
e 5 18 1
e 5 19 1
e 6 7 2
e 6 8 1
e 7 9 1
e 7 23 1
e 8 10 2
e 8 24 1
e 9 11 2
e 9 25 1
e 10 11 1
e 10 26 1
e 11 27 1
t # 56930
v 0 1
v 1 1
v 2 2
v 3 3
v 4 3
v 5 3
v 6 3
v 7 3
v 8 3
v 9 3
v 10 4
v 11 4
v 12 4
v 13 4
v 14 4
v 15 4
v 16 4
v 17 4
v 18 4
v 19 4
v 20 4
v 21 4
v 22 4
v 23 4
v 24 4
v 25 4
v 26 4
e 0 5 1
e 0 25 1
e 1 6 1
e 1 26 1
e 2 3 1
e 2 8 1
e 2 9 1
e 3 4 1
e 3 5 1
e 3 6 1
e 4 7 1
e 4 10 1
e 4 11 1
e 5 12 1
e 5 13 1
e 6 14 1
e 6 15 1
e 7 16 1
e 7 17 1
e 7 18 1
e 8 19 1
e 8 20 1
e 8 21 1
e 9 22 1
e 9 23 1
e 9 24 1
t # 56931
v 0 1
v 1 1
v 2 2
v 3 3
v 4 3
v 5 3
v 6 3
v 7 3
v 8 3
v 9 4
v 10 4
v 11 4
v 12 4
v 13 4
v 14 4
v 15 4
v 16 4
v 17 4
v 18 4
v 19 4
v 20 4
v 21 4
v 22 4
v 23 4
e 0 4 1
e 0 22 1
e 1 5 1
e 1 23 1
e 2 3 1
e 2 7 1
e 2 8 1
e 3 4 1
e 3 5 1
e 3 6 1
e 4 9 1
e 4 10 1
e 5 11 1
e 5 12 1
e 6 13 1
e 6 14 1
e 6 15 1
e 7 16 1
e 7 17 1
e 7 18 1
e 8 19 1
e 8 20 1
e 8 21 1
t # 56932
v 0 1
v 1 2
v 2 3
v 3 3
v 4 3
v 5 3
v 6 3
v 7 3
v 8 4
v 9 4
v 10 4
v 11 4
v 12 4
v 13 4
v 14 4
v 15 4
v 16 4
v 17 4
v 18 4
v 19 4
v 20 4
v 21 4
v 22 4
e 0 4 1
e 0 22 1
e 1 2 1
e 1 6 1
e 1 7 1
e 2 3 1
e 2 4 1
e 2 8 1
e 3 5 1
e 3 9 1
e 3 10 1
e 4 11 1
e 4 12 1
e 5 13 1
e 5 14 1
e 5 15 1
e 6 16 1
e 6 17 1
e 6 18 1
e 7 19 1
e 7 20 1
e 7 21 1
t # 56933
v 0 1
v 1 2
v 2 3
v 3 3
v 4 3
v 5 3
v 6 3
v 7 3
v 8 3
v 9 4
v 10 4
v 11 4
v 12 4
v 13 4
v 14 4
v 15 4
v 16 4
v 17 4
v 18 4
v 19 4
v 20 4
v 21 4
v 22 4
v 23 4
v 24 4
v 25 4
e 0 2 1
e 0 25 1
e 1 3 1
e 1 17 1
e 1 18 1
e 2 3 1
e 2 4 1
e 2 9 1
e 3 5 1
e 3 10 1
e 4 6 1
e 4 11 1
e 4 12 1
e 5 7 1
e 5 13 1
e 5 14 1
e 6 8 1
e 6 15 1
e 6 16 1
e 7 19 1
e 7 20 1
e 7 21 1
e 8 22 1
e 8 23 1
e 8 24 1
t # 56934
v 0 1
v 1 2
v 2 3
v 3 3
v 4 3
v 5 3
v 6 3
v 7 3
v 8 4
v 9 4
v 10 4
v 11 4
v 12 4
v 13 4
v 14 4
v 15 4
v 16 4
v 17 4
v 18 4
v 19 4
v 20 4
v 21 4
v 22 4
e 0 3 1
e 0 22 1
e 1 2 1
e 1 17 1
e 1 18 1
e 2 3 1
e 2 5 1
e 2 6 1
e 3 4 1
e 3 8 1
e 4 7 1
e 4 9 1
e 4 10 1
e 5 11 1
e 5 12 1
e 5 13 1
e 6 14 1
e 6 15 1
e 6 16 1
e 7 19 1
e 7 20 1
e 7 21 1
t # 56935
v 0 1
v 1 2
v 2 3
v 3 3
v 4 3
v 5 3
v 6 3
v 7 3
v 8 4
v 9 4
v 10 4
v 11 4
v 12 4
v 13 4
v 14 4
v 15 4
v 16 4
v 17 4
v 18 4
v 19 4
v 20 4
v 21 4
v 22 4
e 0 2 1
e 0 22 1
e 1 4 1
e 1 20 1
e 1 21 1
e 2 3 1
e 2 4 1
e 2 8 1
e 3 5 1
e 3 6 1
e 3 9 1
e 4 7 1
e 4 10 1
e 5 11 1
e 5 12 1
e 5 13 1
e 6 14 1
e 6 15 1
e 6 16 1
e 7 17 1
e 7 18 1
e 7 19 1
t # 56936
v 0 1
v 1 2
v 2 3
v 3 3
v 4 3
v 5 3
v 6 3
v 7 4
v 8 4
v 9 4
v 10 4
v 11 4
v 12 4
v 13 4
v 14 4
v 15 4
v 16 4
v 17 4
v 18 4
v 19 4
e 0 3 1
e 0 19 1
e 1 2 1
e 1 17 1
e 1 18 1
e 2 3 1
e 2 4 1
e 2 7 1
e 3 5 1
e 3 8 1
e 4 6 1
e 4 9 1
e 4 10 1
e 5 11 1
e 5 12 1
e 5 13 1
e 6 14 1
e 6 15 1
e 6 16 1
t # 56937
v 0 1
v 1 1
v 2 1
v 3 2
v 4 3
v 5 3
v 6 3
v 7 3
v 8 3
v 9 3
v 10 3
v 11 3
v 12 4
v 13 4
v 14 4
v 15 4
v 16 4
v 17 4
v 18 4
v 19 4
v 20 4
e 0 4 1
e 0 20 1
e 3 6 1
e 4 5 1
e 4 6 1
e 4 12 1
e 5 7 2
e 5 8 1
e 6 13 1
e 6 14 1
e 7 9 1
e 7 15 1
e 8 10 2
e 8 16 1
e 9 11 2
e 9 17 1
e 10 11 1
e 10 18 1
e 11 19 1
t # 56938
v 0 1
v 1 1
v 2 1
v 3 2
v 4 3
v 5 3
v 6 3
v 7 3
v 8 3
v 9 3
v 10 3
v 11 4
v 12 4
v 13 4
v 14 4
v 15 4
v 16 4
v 17 4
v 18 4
v 19 4
v 20 4
v 21 4
v 22 4
v 23 4
v 24 4
v 25 4
e 0 5 1
e 0 22 1
e 3 4 1
e 4 5 1
e 4 7 1
e 4 8 1
e 5 6 1
e 5 11 1
e 6 9 1
e 6 12 1
e 6 13 1
e 7 14 1
e 7 15 1
e 7 16 1
e 8 17 1
e 8 18 1
e 8 19 1
e 9 10 1
e 9 20 1
e 9 21 1
e 10 23 1
e 10 24 1
e 10 25 1
t # 56939
v 0 1
v 1 1
v 2 1
v 3 2
v 4 3
v 5 3
v 6 3
v 7 3
v 8 3
v 9 3
v 10 3
v 11 4
v 12 4
v 13 4
v 14 4
v 15 4
v 16 4
v 17 4
v 18 4
v 19 4
v 20 4
v 21 4
v 22 4
v 23 4
v 24 4
v 25 4
e 0 4 1
e 0 25 1
e 3 5 1
e 4 5 1
e 4 6 1
e 4 11 1
e 5 7 1
e 5 12 1
e 6 8 1
e 6 9 1
e 6 13 1
e 7 10 1
e 7 14 1
e 7 15 1
e 8 16 1
e 8 17 1
e 8 18 1
e 9 19 1
e 9 20 1
e 9 21 1
e 10 22 1
e 10 23 1
e 10 24 1
t # 56940
v 0 1
v 1 1
v 2 1
v 3 2
v 4 3
v 5 3
v 6 3
v 7 3
v 8 3
v 9 3
v 10 3
v 11 4
v 12 4
v 13 4
v 14 4
v 15 4
v 16 4
v 17 4
v 18 4
v 19 4
v 20 4
v 21 4
v 22 4
v 23 4
v 24 4
v 25 4
e 0 4 1
e 0 25 1
e 3 5 1
e 4 5 1
e 4 6 1
e 4 11 1
e 5 7 1
e 5 12 1
e 6 8 1
e 6 13 1
e 6 14 1
e 7 9 1
e 7 15 1
e 7 16 1
e 8 10 1
e 8 17 1
e 8 18 1
e 9 19 1
e 9 20 1
e 9 21 1
e 10 22 1
e 10 23 1
e 10 24 1
t # 56941
v 0 1
v 1 1
v 2 1
v 3 2
v 4 3
v 5 3
v 6 3
v 7 3
v 8 3
v 9 3
v 10 4
v 11 4
v 12 4
v 13 4
v 14 4
v 15 4
v 16 4
v 17 4
v 18 4
v 19 4
v 20 4
v 21 4
v 22 4
e 0 5 1
e 0 22 1
e 3 4 1
e 4 5 1
e 4 7 1
e 4 8 1
e 5 6 1
e 5 10 1
e 6 9 1
e 6 11 1
e 6 12 1
e 7 13 1
e 7 14 1
e 7 15 1
e 8 16 1
e 8 17 1
e 8 18 1
e 9 19 1
e 9 20 1
e 9 21 1
t # 56942
v 0 1
v 1 1
v 2 1
v 3 2
v 4 3
v 5 3
v 6 3
v 7 3
v 8 3
v 9 3
v 10 4
v 11 4
v 12 4
v 13 4
v 14 4
v 15 4
v 16 4
v 17 4
v 18 4
v 19 4
v 20 4
v 21 4
v 22 4
e 0 4 1
e 0 22 1
e 3 6 1
e 4 5 1
e 4 6 1
e 4 10 1
e 5 7 1
e 5 8 1
e 5 11 1
e 6 9 1
e 6 12 1
e 7 13 1
e 7 14 1
e 7 15 1
e 8 16 1
e 8 17 1
e 8 18 1
e 9 19 1
e 9 20 1
e 9 21 1
t # 56943
v 0 1
v 1 1
v 2 1
v 3 2
v 4 3
v 5 3
v 6 3
v 7 3
v 8 3
v 9 3
v 10 4
v 11 4
v 12 4
v 13 4
v 14 4
v 15 4
v 16 4
v 17 4
v 18 4
v 19 4
v 20 4
v 21 4
v 22 4
e 0 4 1
e 0 22 1
e 3 5 1
e 4 5 1
e 4 6 1
e 4 10 1
e 5 8 1
e 5 11 1
e 6 7 1
e 6 12 1
e 6 13 1
e 7 9 1
e 7 14 1
e 7 15 1
e 8 16 1
e 8 17 1
e 8 18 1
e 9 19 1
e 9 20 1
e 9 21 1
t # 56944
v 0 1
v 1 1
v 2 1
v 3 2
v 4 3
v 5 3
v 6 3
v 7 3
v 8 3
v 9 4
v 10 4
v 11 4
v 12 4
v 13 4
v 14 4
v 15 4
v 16 4
v 17 4
v 18 4
v 19 4
e 0 5 1
e 0 19 1
e 3 4 1
e 4 5 1
e 4 6 1
e 4 7 1
e 5 8 1
e 5 9 1
e 6 10 1
e 6 11 1
e 6 12 1
e 7 13 1
e 7 14 1
e 7 15 1
e 8 16 1
e 8 17 1
e 8 18 1
t # 56945
v 0 1
v 1 1
v 2 1
v 3 2
v 4 3
v 5 3
v 6 3
v 7 3
v 8 3
v 9 4
v 10 4
v 11 4
v 12 4
v 13 4
v 14 4
v 15 4
v 16 4
v 17 4
v 18 4
v 19 4
e 0 5 1
e 0 19 1
e 3 6 1
e 4 5 1
e 4 7 1
e 4 8 1
e 4 9 1
e 5 6 1
e 5 10 1
e 6 11 1
e 6 12 1
e 7 13 1
e 7 14 1
e 7 15 1
e 8 16 1
e 8 17 1
e 8 18 1
t # 56946
v 0 1
v 1 1
v 2 1
v 3 2
v 4 3
v 5 3
v 6 3
v 7 3
v 8 3
v 9 4
v 10 4
v 11 4
v 12 4
v 13 4
v 14 4
v 15 4
v 16 4
v 17 4
v 18 4
v 19 4
e 0 4 1
e 0 19 1
e 3 5 1
e 4 5 1
e 4 6 1
e 4 9 1
e 5 7 1
e 5 10 1
e 6 8 1
e 6 11 1
e 6 12 1
e 7 13 1
e 7 14 1
e 7 15 1
e 8 16 1
e 8 17 1
e 8 18 1
t # 56947
v 0 1
v 1 1
v 2 1
v 3 2
v 4 3
v 5 3
v 6 3
v 7 3
v 8 3
v 9 4
v 10 4
v 11 4
v 12 4
v 13 4
v 14 4
v 15 4
v 16 4
v 17 4
v 18 4
v 19 4
e 0 4 1
e 0 19 1
e 3 7 1
e 4 5 1
e 4 7 1
e 4 9 1
e 5 6 1
e 5 10 1
e 5 11 1
e 6 8 1
e 6 12 1
e 6 13 1
e 7 14 1
e 7 15 1
e 8 16 1
e 8 17 1
e 8 18 1
t # 56948
v 0 12
v 1 11
v 2 1
v 3 1
v 4 2
v 5 2
v 6 3
v 7 3
v 8 3
v 9 3
v 10 3
v 11 3
v 12 4
v 13 4
v 14 4
v 15 4
v 16 4
v 17 4
v 18 4
e 0 11 1
e 1 2 2
e 1 3 2
e 1 6 1
e 4 5 1
e 4 16 1
e 5 17 1
e 5 18 1
e 6 7 2
e 6 8 1
e 7 9 1
e 7 12 1
e 8 10 2
e 8 13 1
e 9 11 2
e 9 14 1
e 10 11 1
e 10 15 1
t # 56949
v 0 12
v 1 12
v 2 1
v 3 1
v 4 1
v 5 3
v 6 3
v 7 3
v 8 3
v 9 3
v 10 3
v 11 3
v 12 3
v 13 3
v 14 3
v 15 4
v 16 4
v 17 4
v 18 4
v 19 4
v 20 4
v 21 4
v 22 4
v 23 4
v 24 4
e 0 13 1
e 1 14 1
e 2 5 1
e 2 6 1
e 3 7 1
e 3 10 1
e 4 10 2
e 5 8 2
e 5 9 1
e 6 10 1
e 6 15 1
e 6 16 1
e 7 13 1
e 7 17 1
e 7 18 1
e 8 11 1
e 8 19 1
e 9 12 2
e 9 20 1
e 11 14 2
e 11 21 1
e 12 14 1
e 12 22 1
e 13 23 1
e 13 24 1
t # 56950
v 0 1
v 1 2
v 2 3
v 3 3
v 4 3
v 5 3
v 6 3
v 7 3
v 8 3
v 9 3
v 10 3
v 11 3
v 12 3
v 13 3
v 14 3
v 15 3
v 16 3
v 17 3
v 18 3
v 19 4
v 20 4
v 21 4
v 22 4
v 23 4
v 24 4
v 25 4
v 26 4
v 27 4
v 28 4
v 29 4
e 0 2 1
e 0 3 1
e 2 4 1
e 2 6 2
e 3 5 1
e 3 7 2
e 4 8 1
e 4 9 2
e 5 10 2
e 5 11 1
e 6 7 1
e 6 19 1
e 7 20 1
e 8 12 2
e 8 21 1
e 9 13 1
e 9 22 1
e 10 15 1
e 10 23 1
e 11 16 2
e 11 24 1
e 12 14 1
e 12 18 1
e 13 14 2
e 13 25 1
e 14 26 1
e 15 17 2
e 15 27 1
e 16 17 1
e 16 28 1
e 17 29 1
t # 56951
v 0 11
v 1 1
v 2 2
v 3 3
v 4 3
v 5 3
v 6 3
v 7 3
v 8 3
v 9 3
v 10 3
v 11 4
v 12 4
v 13 4
v 14 4
v 15 4
v 16 4
v 17 4
v 18 4
v 19 4
v 20 4
v 21 4
v 22 4
v 23 4
v 24 4
v 25 4
e 0 4 1
e 0 5 1
e 1 6 2
e 2 3 1
e 2 6 1
e 2 13 1
e 3 5 1
e 3 7 1
e 3 8 1
e 4 6 1
e 4 9 1
e 4 10 1
e 5 11 1
e 5 12 1
e 7 14 1
e 7 15 1
e 7 16 1
e 8 17 1
e 8 18 1
e 8 19 1
e 9 20 1
e 9 21 1
e 9 22 1
e 10 23 1
e 10 24 1
e 10 25 1
t # 56952
v 0 1
v 1 1
v 2 2
v 3 3
v 4 3
v 5 3
v 6 3
v 7 3
v 8 3
v 9 3
v 10 3
v 11 3
v 12 3
v 13 3
v 14 3
v 15 3
v 16 3
v 17 3
v 18 4
v 19 4
v 20 4
v 21 4
v 22 4
v 23 4
v 24 4
v 25 4
v 26 4
v 27 4
v 28 4
v 29 4
v 30 4
v 31 4
v 32 4
e 0 4 1
e 0 11 1
e 1 8 2
e 2 3 1
e 2 8 1
e 2 18 1
e 3 4 1
e 3 5 2
e 4 7 2
e 5 9 1
e 5 19 1
e 6 8 1
e 6 12 2
e 6 13 1
e 7 10 1
e 7 20 1
e 9 10 2
e 9 21 1
e 10 22 1
e 11 16 1
e 11 23 1
e 11 24 1
e 12 14 1
e 12 25 1
e 13 15 2
e 13 26 1
e 14 17 2
e 14 27 1
e 15 17 1
e 15 28 1
e 16 29 1
e 16 30 1
e 16 31 1
e 17 32 1
t # 56953
v 0 12
v 1 12
v 2 2
v 3 2
v 4 2
v 5 3
v 6 3
v 7 3
v 8 3
v 9 3
v 10 3
v 11 4
v 12 4
v 13 4
e 0 8 1
e 1 9 1
e 2 5 1
e 2 8 2
e 3 5 2
e 3 9 1
e 5 6 1
e 6 10 1
e 6 11 1
e 6 12 1
e 7 8 1
e 7 9 2
e 7 13 1
t # 56954
v 0 1
v 1 1
v 2 1
v 3 2
v 4 2
v 5 2
v 6 3
v 7 3
v 8 3
v 9 3
v 10 3
v 11 3
v 12 4
v 13 4
v 14 4
v 15 4
v 16 4
v 17 4
v 18 4
e 0 9 1
e 0 18 1
e 1 8 2
e 2 10 2
e 3 6 1
e 3 8 1
e 3 14 1
e 4 6 2
e 4 9 1
e 5 10 1
e 5 16 1
e 5 17 1
e 6 7 1
e 7 10 1
e 7 12 1
e 7 13 1
e 8 11 1
e 9 11 2
e 11 15 1
t # 56955
v 0 1
v 1 1
v 2 3
v 3 3
v 4 3
v 5 3
v 6 3
v 7 3
v 8 3
v 9 3
v 10 3
v 11 3
v 12 4
v 13 4
v 14 4
v 15 4
v 16 4
v 17 4
v 18 4
v 19 4
v 20 4
v 21 4
v 22 4
v 23 4
e 0 8 1
e 0 23 1
e 1 5 2
e 2 4 2
e 2 5 1
e 2 7 1
e 3 4 1
e 3 8 2
e 3 10 1
e 4 12 1
e 5 6 1
e 6 11 1
e 6 13 1
e 6 14 1
e 7 9 2
e 7 15 1
e 8 9 1
e 9 16 1
e 10 17 1
e 10 18 1
e 10 19 1
e 11 20 1
e 11 21 1
e 11 22 1
t # 56956
v 0 1
v 1 3
v 2 3
v 3 3
v 4 3
v 5 3
v 6 3
v 7 3
v 8 3
v 9 3
v 10 3
v 11 3
v 12 4
v 13 4
v 14 4
v 15 4
v 16 4
v 17 4
v 18 4
v 19 4
v 20 4
v 21 4
v 22 4
v 23 4
v 24 4
v 25 4
e 0 9 1
e 0 25 1
e 1 2 1
e 1 3 1
e 1 12 1
e 1 13 1
e 2 4 1
e 2 14 1
e 2 15 1
e 3 5 1
e 3 16 1
e 3 17 1
e 4 6 2
e 4 7 1
e 5 6 1
e 5 18 1
e 5 19 1
e 6 8 1
e 7 9 2
e 7 11 1
e 8 10 2
e 8 20 1
e 9 10 1
e 10 21 1
e 11 22 1
e 11 23 1
e 11 24 1
t # 56957
v 0 1
v 1 1
v 2 3
v 3 3
v 4 3
v 5 3
v 6 3
v 7 3
v 8 3
v 9 3
v 10 3
v 11 3
v 12 3
v 13 3
v 14 3
v 15 3
v 16 3
v 17 3
v 18 4
v 19 4
v 20 4
v 21 4
v 22 4
v 23 4
v 24 4
v 25 4
v 26 4
v 27 4
v 28 4
v 29 4
v 30 4
v 31 4
e 0 9 2
e 1 13 2
e 2 4 1
e 2 5 2
e 2 6 1
e 3 7 2
e 3 8 1
e 3 9 1
e 4 11 2
e 4 12 1
e 5 7 1
e 5 18 1
e 6 8 2
e 6 19 1
e 7 20 1
e 8 21 1
e 9 10 1
e 10 13 1
e 10 22 1
e 10 23 1
e 11 14 1
e 11 24 1
e 12 15 2
e 12 25 1
e 13 17 1
e 14 16 2
e 14 26 1
e 15 16 1
e 15 27 1
e 16 28 1
e 17 29 1
e 17 30 1
e 17 31 1
t # 56958
v 0 1
v 1 1
v 2 1
v 3 3
v 4 3
v 5 3
v 6 3
v 7 3
v 8 3
v 9 3
v 10 3
v 11 3
v 12 3
v 13 3
v 14 3
v 15 3
v 16 3
v 17 4
v 18 4
v 19 4
v 20 4
v 21 4
v 22 4
v 23 4
v 24 4
v 25 4
v 26 4
v 27 4
v 28 4
v 29 4
v 30 4
e 0 11 1
e 0 16 1
e 1 13 1
e 1 14 1
e 2 13 2
e 3 4 2
e 3 5 1
e 3 9 1
e 4 7 1
e 4 8 1
e 5 6 2
e 5 17 1
e 6 10 1
e 6 13 1
e 7 10 2
e 7 18 1
e 8 11 2
e 8 19 1
e 9 12 2
e 9 20 1
e 10 21 1
e 11 12 1
e 12 22 1
e 14 15 1
e 14 23 1
e 14 24 1
e 15 25 1
e 15 26 1
e 15 27 1
e 16 28 1
e 16 29 1
e 16 30 1
t # 56959
v 0 1
v 1 1
v 2 3
v 3 3
v 4 3
v 5 3
v 6 3
v 7 3
v 8 3
v 9 3
v 10 3
v 11 3
v 12 3
v 13 3
v 14 4
v 15 4
v 16 4
v 17 4
v 18 4
v 19 4
v 20 4
v 21 4
v 22 4
v 23 4
v 24 4
v 25 4
v 26 4
v 27 4
v 28 4
v 29 4
v 30 4
v 31 4
e 0 10 2
e 1 12 2
e 2 3 1
e 2 4 1
e 2 14 1
e 2 15 1
e 3 5 1
e 3 16 1
e 3 17 1
e 4 6 1
e 4 18 1
e 4 19 1
e 5 8 1
e 5 20 1
e 5 21 1
e 6 7 1
e 6 9 2
e 7 10 1
e 7 22 1
e 7 23 1
e 8 13 1
e 8 24 1
e 8 25 1
e 9 12 1
e 9 26 1
e 10 11 1
e 11 12 1
e 11 27 1
e 11 28 1
e 13 29 1
e 13 30 1
e 13 31 1
t # 56960
v 0 3
v 1 3
v 2 3
v 3 3
v 4 3
v 5 3
v 6 3
v 7 3
v 8 3
v 9 3
v 10 3
v 11 3
v 12 3
v 13 3
v 14 3
v 15 3
v 16 3
v 17 3
v 18 4
v 19 4
v 20 4
v 21 4
v 22 4
v 23 4
v 24 4
v 25 4
v 26 4
v 27 4
v 28 4
v 29 4
v 30 4
v 31 4
v 32 4
v 33 4
v 34 4
v 35 4
v 36 4
v 37 4
v 38 4
v 39 4
e 0 1 1
e 0 2 2
e 0 4 1
e 1 3 2
e 1 5 1
e 2 8 1
e 2 12 1
e 3 9 1
e 3 13 1
e 4 10 2
e 4 14 1
e 5 11 2
e 5 15 1
e 6 8 2
e 6 10 1
e 6 16 1
e 7 9 2
e 7 11 1
e 7 17 1
e 8 18 1
e 9 19 1
e 10 20 1
e 11 21 1
e 12 22 1
e 12 23 1
e 12 24 1
e 13 25 1
e 13 26 1
e 13 27 1
e 14 28 1
e 14 29 1
e 14 30 1
e 15 31 1
e 15 32 1
e 15 33 1
e 16 34 1
e 16 35 1
e 16 36 1
e 17 37 1
e 17 38 1
e 17 39 1
t # 56961
v 0 1
v 1 1
v 2 3
v 3 3
v 4 3
v 5 3
v 6 3
v 7 3
v 8 3
v 9 3
v 10 3
v 11 3
v 12 3
v 13 4
v 14 4
v 15 4
v 16 4
v 17 4
v 18 4
v 19 4
v 20 4
v 21 4
v 22 4
v 23 4
v 24 4
e 0 5 1
e 0 11 1
e 1 6 1
e 1 12 1
e 2 3 1
e 2 4 1
e 2 13 1
e 2 14 1
e 3 5 1
e 3 15 1
e 3 16 1
e 4 6 1
e 4 17 1
e 4 18 1
e 5 7 2
e 6 8 2
e 7 9 1
e 7 19 1
e 8 10 1
e 8 20 1
e 9 11 2
e 9 21 1
e 10 12 2
e 10 22 1
e 11 23 1
e 12 24 1
t # 56962
v 0 1
v 1 1
v 2 1
v 3 3
v 4 3
v 5 3
v 6 3
v 7 3
v 8 3
v 9 3
v 10 3
v 11 3
v 12 3
v 13 4
v 14 4
v 15 4
v 16 4
v 17 4
v 18 4
v 19 4
v 20 4
v 21 4
v 22 4
v 23 4
v 24 4
v 25 4
v 26 4
e 0 5 1
e 0 12 1
e 1 9 1
e 1 25 1
e 2 10 1
e 2 26 1
e 3 5 2
e 3 7 1
e 3 9 1
e 4 5 1
e 4 8 2
e 4 10 1
e 6 7 2
e 6 8 1
e 6 11 1
e 7 13 1
e 8 14 1
e 9 15 1
e 9 16 1
e 10 17 1
e 10 18 1
e 11 19 1
e 11 20 1
e 11 21 1
e 12 22 1
e 12 23 1
e 12 24 1
t # 56963
v 0 1
v 1 1
v 2 3
v 3 3
v 4 3
v 5 3
v 6 3
v 7 3
v 8 3
v 9 3
v 10 3
v 11 3
v 12 3
v 13 3
v 14 3
v 15 3
v 16 3
v 17 3
v 18 4
v 19 4
v 20 4
v 21 4
v 22 4
v 23 4
v 24 4
v 25 4
v 26 4
v 27 4
v 28 4
v 29 4
e 0 16 1
e 0 17 1
e 1 16 2
e 2 3 1
e 2 4 1
e 2 8 2
e 3 5 1
e 3 9 2
e 4 6 1
e 4 10 2
e 5 7 1
e 5 11 2
e 6 7 2
e 6 16 1
e 7 18 1
e 8 12 1
e 8 19 1
e 9 14 1
e 9 20 1
e 10 13 1
e 10 21 1
e 11 15 1
e 11 22 1
e 12 13 2
e 12 23 1
e 13 24 1
e 14 15 2
e 14 25 1
e 15 26 1
e 17 27 1
e 17 28 1
e 17 29 1
t # 56964
v 0 1
v 1 1
v 2 3
v 3 3
v 4 3
v 5 3
v 6 3
v 7 3
v 8 3
v 9 3
v 10 3
v 11 3
v 12 3
v 13 3
v 14 3
v 15 3
v 16 3
v 17 3
v 18 3
v 19 3
v 20 3
v 21 3
v 22 4
v 23 4
v 24 4
v 25 4
v 26 4
v 27 4
v 28 4
v 29 4
v 30 4
v 31 4
v 32 4
v 33 4
v 34 4
v 35 4
v 36 4
v 37 4
v 38 4
v 39 4
v 40 4
v 41 4
v 42 4
v 43 4
v 44 4
v 45 4
e 0 13 1
e 0 20 1
e 1 19 1
e 1 21 1
e 2 3 1
e 2 4 1
e 2 8 1
e 2 22 1
e 3 5 1
e 3 7 1
e 3 23 1
e 4 6 1
e 4 9 1
e 4 24 1
e 5 6 2
e 5 10 1
e 6 11 1
e 7 12 1
e 7 25 1
e 7 26 1
e 8 27 1
e 8 28 1
e 8 29 1
e 9 15 2
e 9 16 1
e 10 14 2
e 10 30 1
e 11 13 2
e 11 31 1
e 12 32 1
e 12 33 1
e 12 34 1
e 13 14 1
e 14 35 1
e 15 17 1
e 15 36 1
e 16 18 2
e 16 37 1
e 17 19 2
e 17 38 1
e 18 19 1
e 18 39 1
e 20 40 1
e 20 41 1
e 20 42 1
e 21 43 1
e 21 44 1
e 21 45 1
t # 56965
v 0 1
v 1 1
v 2 1
v 3 1
v 4 3
v 5 3
v 6 3
v 7 3
v 8 3
v 9 3
v 10 3
v 11 3
v 12 3
v 13 3
v 14 3
v 15 3
v 16 4
v 17 4
v 18 4
v 19 4
v 20 4
v 21 4
v 22 4
v 23 4
v 24 4
v 25 4
v 26 4
v 27 4
v 28 4
v 29 4
e 0 7 2
e 1 10 1
e 1 14 1
e 2 13 1
e 2 15 1
e 3 13 2
e 4 5 1
e 4 7 1
e 4 16 1
e 4 17 1
e 5 13 1
e 5 18 1
e 5 19 1
e 6 7 1
e 6 8 2
e 6 9 1
e 8 11 1
e 8 20 1
e 9 12 2
e 9 21 1
e 10 11 2
e 10 12 1
e 11 22 1
e 12 23 1
e 14 24 1
e 14 25 1
e 14 26 1
e 15 27 1
e 15 28 1
e 15 29 1
t # 56966
v 0 1
v 1 1
v 2 1
v 3 2
v 4 2
v 5 3
v 6 3
v 7 3
v 8 3
v 9 3
v 10 3
v 11 3
v 12 3
v 13 3
v 14 3
v 15 3
v 16 3
v 17 4
v 18 4
v 19 4
v 20 4
v 21 4
v 22 4
v 23 4
v 24 4
v 25 4
v 26 4
v 27 4
v 28 4
v 29 4
v 30 4
e 0 13 1
e 0 16 1
e 1 8 2
e 2 13 2
e 3 5 1
e 4 7 1
e 5 8 1
e 5 13 1
e 5 17 1
e 6 9 2
e 6 10 1
e 6 14 1
e 7 11 2
e 7 12 1
e 8 15 1
e 9 11 1
e 9 18 1
e 10 12 2
e 10 19 1
e 11 20 1
e 12 21 1
e 14 22 1
e 14 23 1
e 14 24 1
e 15 25 1
e 15 26 1
e 15 27 1
e 16 28 1
e 16 29 1
e 16 30 1
t # 56967
v 0 12
v 1 12
v 2 12
v 3 1
v 4 1
v 5 3
v 6 3
v 7 3
v 8 3
v 9 3
v 10 3
v 11 4
v 12 4
v 13 4
v 14 4
v 15 4
v 16 4
v 17 4
v 18 4
v 19 4
e 0 10 1
e 1 10 1
e 2 10 1
e 3 5 1
e 3 9 1
e 4 9 2
e 5 6 1
e 5 7 1
e 5 11 1
e 6 8 1
e 6 12 1
e 6 13 1
e 7 14 1
e 7 15 1
e 7 16 1
e 8 17 1
e 8 18 1
e 8 19 1
e 9 10 1
t # 56968
v 0 1
v 1 1
v 2 1
v 3 2
v 4 2
v 5 3
v 6 3
v 7 3
v 8 3
v 9 3
v 10 3
v 11 3
v 12 3
v 13 3
v 14 3
v 15 4
v 16 4
v 17 4
v 18 4
v 19 4
v 20 4
v 21 4
v 22 4
v 23 4
v 24 4
e 0 10 1
e 0 12 1
e 1 9 2
e 2 10 2
e 3 6 1
e 3 9 1
e 3 16 1
e 5 7 1
e 5 8 2
e 5 10 1
e 6 7 2
e 6 11 1
e 7 15 1
e 8 9 1
e 8 14 1
e 11 17 1
e 11 18 1
e 11 19 1
e 12 13 1
e 12 20 1
e 12 21 1
e 13 22 1
e 13 23 1
e 13 24 1
t # 56969
v 0 1
v 1 1
v 2 1
v 3 1
v 4 2
v 5 3
v 6 3
v 7 3
v 8 3
v 9 3
v 10 3
v 11 3
v 12 3
v 13 4
v 14 4
v 15 4
v 16 4
v 17 4
v 18 4
v 19 4
v 20 4
v 21 4
v 22 4
v 23 4
v 24 4
v 25 4
e 0 6 1
e 0 8 1
e 1 7 1
e 1 9 1
e 2 8 2
e 3 9 2
e 4 12 1
e 4 24 1
e 4 25 1
e 5 8 1
e 5 9 1
e 5 12 2
e 6 10 1
e 6 13 1
e 6 14 1
e 7 11 1
e 7 15 1
e 7 16 1
e 10 17 1
e 10 18 1
e 10 19 1
e 11 20 1
e 11 21 1
e 11 22 1
e 12 23 1
t # 56970
v 0 1
v 1 1
v 2 1
v 3 2
v 4 3
v 5 3
v 6 3
v 7 3
v 8 3
v 9 3
v 10 3
v 11 3
v 12 3
v 13 4
v 14 4
v 15 4
v 16 4
v 17 4
v 18 4
v 19 4
v 20 4
v 21 4
v 22 4
v 23 4
v 24 4
v 25 4
v 26 4
v 27 4
v 28 4
v 29 4
e 0 6 1
e 0 9 1
e 1 6 1
e 1 10 1
e 2 6 1
e 2 11 1
e 4 5 1
e 4 6 1
e 4 13 1
e 4 14 1
e 5 7 1
e 5 15 1
e 5 16 1
e 7 8 1
e 7 17 1
e 7 18 1
e 8 12 1
e 8 19 1
e 8 20 1
e 9 21 1
e 9 22 1
e 9 23 1
e 10 24 1
e 10 25 1
e 10 26 1
e 11 27 1
e 11 28 1
e 11 29 1
t # 56971
v 0 1
v 1 1
v 2 3
v 3 3
v 4 3
v 5 3
v 6 3
v 7 3
v 8 3
v 9 3
v 10 3
v 11 3
v 12 3
v 13 3
v 14 3
v 15 3
v 16 3
v 17 3
v 18 4
v 19 4
v 20 4
v 21 4
v 22 4
v 23 4
v 24 4
v 25 4
v 26 4
v 27 4
v 28 4
v 29 4
v 30 4
v 31 4
v 32 4
v 33 4
e 0 5 1
e 0 16 1
e 1 5 2
e 2 3 1
e 2 4 1
e 2 5 1
e 2 18 1
e 3 6 2
e 3 8 1
e 4 7 2
e 4 9 1
e 6 10 1
e 6 19 1
e 7 11 1
e 7 20 1
e 8 12 2
e 8 21 1
e 9 13 2
e 9 22 1
e 10 14 2
e 10 23 1
e 11 15 2
e 11 24 1
e 12 14 1
e 12 25 1
e 13 15 1
e 13 26 1
e 14 27 1
e 15 28 1
e 16 17 1
e 16 29 1
e 16 30 1
e 17 31 1
e 17 32 1
e 17 33 1
t # 56972
v 0 1
v 1 1
v 2 3
v 3 3
v 4 3
v 5 3
v 6 3
v 7 3
v 8 3
v 9 4
v 10 4
v 11 4
v 12 4
v 13 4
v 14 4
v 15 4
v 16 4
v 17 4
v 18 4
v 19 4
v 20 4
v 21 4
v 22 4
e 0 2 1
e 0 21 1
e 1 3 1
e 1 22 1
e 2 3 1
e 2 4 1
e 2 7 1
e 3 5 1
e 3 8 1
e 4 6 1
e 4 9 1
e 4 10 1
e 5 6 1
e 5 11 1
e 5 12 1
e 6 13 1
e 6 14 1
e 7 15 1
e 7 16 1
e 7 17 1
e 8 18 1
e 8 19 1
e 8 20 1
t # 56973
v 0 1
v 1 3
v 2 3
v 3 3
v 4 3
v 5 3
v 6 3
v 7 3
v 8 3
v 9 3
v 10 3
v 11 3
v 12 3
v 13 4
v 14 4
v 15 4
v 16 4
v 17 4
v 18 4
v 19 4
v 20 4
v 21 4
v 22 4
e 0 11 1
e 0 22 1
e 1 4 2
e 1 5 1
e 1 6 1
e 2 3 1
e 2 4 1
e 2 13 1
e 2 14 1
e 3 5 1
e 3 15 1
e 3 16 1
e 4 7 1
e 5 8 2
e 6 9 2
e 6 10 1
e 7 11 2
e 7 17 1
e 8 12 1
e 8 18 1
e 9 11 1
e 9 19 1
e 10 12 2
e 10 20 1
e 12 21 1
t # 56974
v 0 1
v 1 3
v 2 3
v 3 3
v 4 3
v 5 3
v 6 3
v 7 3
v 8 3
v 9 3
v 10 3
v 11 3
v 12 3
v 13 3
v 14 4
v 15 4
v 16 4
v 17 4
v 18 4
v 19 4
v 20 4
v 21 4
v 22 4
v 23 4
v 24 4
v 25 4
v 26 4
v 27 4
v 28 4
v 29 4
v 30 4
v 31 4
e 0 1 1
e 0 25 1
e 1 2 1
e 1 4 1
e 1 6 1
e 2 3 1
e 2 8 1
e 2 14 1
e 3 5 1
e 3 15 1
e 3 16 1
e 4 7 1
e 4 9 2
e 5 7 1
e 5 17 1
e 5 18 1
e 6 10 1
e 6 19 1
e 6 20 1
e 7 11 2
e 8 21 1
e 8 22 1
e 8 23 1
e 9 12 1
e 9 24 1
e 10 26 1
e 10 27 1
e 10 28 1
e 11 13 1
e 11 29 1
e 12 13 2
e 12 30 1
e 13 31 1
t # 56975
v 0 1
v 1 3
v 2 3
v 3 3
v 4 3
v 5 3
v 6 3
v 7 3
v 8 3
v 9 3
v 10 3
v 11 3
v 12 3
v 13 3
v 14 3
v 15 3
v 16 3
v 17 3
v 18 3
v 19 3
v 20 3
v 21 3
v 22 3
v 23 3
v 24 3
v 25 4
v 26 4
v 27 4
v 28 4
v 29 4
v 30 4
v 31 4
v 32 4
v 33 4
v 34 4
v 35 4
v 36 4
v 37 4
v 38 4
e 0 10 2
e 1 2 1
e 1 3 2
e 1 4 1
e 2 6 1
e 2 25 1
e 2 26 1
e 3 7 1
e 3 10 1
e 4 5 1
e 4 13 2
e 5 6 1
e 5 11 2
e 6 14 2
e 7 8 1
e 7 15 2
e 8 9 1
e 8 12 2
e 9 10 1
e 9 18 2
e 11 16 1
e 11 17 1
e 12 21 1
e 12 22 1
e 13 19 1
e 13 27 1
e 14 20 1
e 14 28 1
e 15 23 1
e 15 29 1
e 16 19 2
e 16 30 1
e 17 20 2
e 17 31 1
e 18 24 1
e 18 32 1
e 19 33 1
e 20 34 1
e 21 23 2
e 21 35 1
e 22 24 2
e 22 36 1
e 23 37 1
e 24 38 1
t # 56976
v 0 1
v 1 2
v 2 3
v 3 3
v 4 3
v 5 3
v 6 3
v 7 3
v 8 3
v 9 3
v 10 3
v 11 3
v 12 3
v 13 3
v 14 3
v 15 3
v 16 4
v 17 4
v 18 4
v 19 4
v 20 4
v 21 4
v 22 4
v 23 4
v 24 4
v 25 4
v 26 4
v 27 4
v 28 4
e 0 15 2
e 1 15 1
e 1 27 1
e 1 28 1
e 2 3 1
e 2 6 2
e 2 7 1
e 3 4 1
e 3 9 2
e 4 5 1
e 4 16 1
e 4 17 1
e 5 6 1
e 5 18 1
e 5 19 1
e 6 10 1
e 7 8 1
e 7 12 2
e 8 11 2
e 8 13 1
e 9 11 1
e 9 20 1
e 10 14 2
e 10 21 1
e 11 22 1
e 12 14 1
e 12 23 1
e 13 15 1
e 13 24 1
e 13 25 1
e 14 26 1
t # 56977
v 0 26
v 1 1
v 2 1
v 3 1
v 4 1
v 5 2
v 6 2
v 7 2
v 8 2
v 9 3
v 10 3
v 11 3
v 12 3
v 13 3
v 14 3
v 15 3
v 16 3
v 17 3
v 18 3
v 19 3
v 20 3
v 21 3
v 22 3
v 23 3
v 24 3
v 25 3
v 26 3
v 27 3
v 28 3
v 29 3
v 30 3
v 31 3
v 32 3
v 33 3
v 34 3
v 35 3
v 36 3
v 37 3
v 38 3
v 39 3
v 40 3
v 41 3
v 42 3
v 43 3
v 44 3
v 45 4
v 46 4
v 47 4
v 48 4
v 49 4
v 50 4
v 51 4
v 52 4
v 53 4
v 54 4
v 55 4
v 56 4
v 57 4
v 58 4
v 59 4
v 60 4
v 61 4
v 62 4
v 63 4
v 64 4
v 65 4
v 66 4
v 67 4
v 68 4
v 69 4
v 70 4
v 71 4
v 72 4
v 73 4
v 74 4
v 75 4
v 76 4
v 77 4
v 78 4
v 79 4
v 80 4
e 1 41 1
e 1 43 1
e 2 42 1
e 2 44 1
e 3 41 2
e 4 42 2
e 5 9 2
e 5 11 1
e 6 10 1
e 6 12 1
e 7 13 1
e 7 16 1
e 8 14 2
e 8 15 1
e 9 17 1
e 9 18 1
e 10 17 2
e 10 19 1
e 11 20 2
e 11 22 1
e 12 21 2
e 12 23 1
e 13 20 1
e 13 25 2
e 14 21 1
e 14 27 1
e 15 24 2
e 15 26 1
e 16 24 1
e 16 28 2
e 17 45 1
e 18 22 2
e 18 29 1
e 19 23 2
e 19 30 1
e 20 46 1
e 21 47 1
e 22 31 1
e 23 32 1
e 24 48 1
e 25 28 1
e 25 33 1
e 26 27 2
e 26 34 1
e 27 35 1
e 28 36 1
e 29 37 1
e 29 49 1
e 29 50 1
e 30 38 1
e 30 51 1
e 30 52 1
e 31 53 1
e 31 54 1
e 31 55 1
e 32 56 1
e 32 57 1
e 32 58 1
e 33 59 1
e 33 60 1
e 33 61 1
e 34 62 1
e 34 63 1
e 34 64 1
e 35 39 2
e 35 65 1
e 36 40 2
e 36 66 1
e 37 41 1
e 37 67 1
e 37 68 1
e 38 42 1
e 38 69 1
e 38 70 1
e 39 71 1
e 39 72 1
e 40 73 1
e 40 74 1
e 43 75 1
e 43 76 1
e 43 77 1
e 44 78 1
e 44 79 1
e 44 80 1
t # 56978
v 0 18
v 1 1
v 2 1
v 3 1
v 4 1
v 5 2
v 6 3
v 7 3
v 8 3
v 9 3
v 10 3
v 11 3
v 12 3
v 13 3
v 14 3
v 15 3
v 16 3
v 17 4
v 18 4
v 19 4
v 20 4
v 21 4
v 22 4
v 23 4
v 24 4
v 25 4
v 26 4
v 27 4
v 28 4
v 29 4
v 30 4
e 1 11 1
e 1 13 1
e 2 12 1
e 2 14 1
e 3 11 2
e 4 12 2
e 5 7 1
e 5 9 1
e 5 17 1
e 6 7 2
e 6 8 1
e 6 10 1
e 7 11 1
e 8 9 2
e 8 12 1
e 10 18 1
e 10 19 1
e 10 20 1
e 13 15 1
e 13 21 1
e 13 22 1
e 14 16 1
e 14 23 1
e 14 24 1
e 15 25 1
e 15 26 1
e 15 27 1
e 16 28 1
e 16 29 1
e 16 30 1
t # 56979
v 0 25
v 1 1
v 2 1
v 3 1
v 4 1
v 5 2
v 6 2
v 7 2
v 8 2
v 9 3
v 10 3
v 11 3
v 12 3
v 13 3
v 14 3
v 15 3
v 16 3
v 17 3
v 18 3
v 19 3
v 20 3
v 21 3
v 22 3
v 23 3
v 24 3
v 25 3
v 26 3
v 27 3
v 28 3
v 29 3
v 30 3
v 31 3
v 32 3
v 33 3
v 34 3
v 35 3
v 36 3
v 37 3
v 38 3
v 39 3
v 40 3
v 41 3
v 42 3
v 43 3
v 44 3
v 45 4
v 46 4
v 47 4
v 48 4
v 49 4
v 50 4
v 51 4
v 52 4
v 53 4
v 54 4
v 55 4
v 56 4
v 57 4
v 58 4
v 59 4
v 60 4
v 61 4
v 62 4
v 63 4
v 64 4
v 65 4
v 66 4
v 67 4
v 68 4
v 69 4
v 70 4
v 71 4
v 72 4
v 73 4
v 74 4
v 75 4
v 76 4
v 77 4
v 78 4
v 79 4
v 80 4
v 81 4
v 82 4
v 83 4
v 84 4
e 1 41 1
e 1 43 1
e 2 42 1
e 2 44 1
e 3 41 2
e 4 42 2
e 5 9 1
e 5 12 1
e 6 10 1
e 6 14 2
e 7 11 1
e 7 15 2
e 8 13 1
e 8 16 1
e 9 17 1
e 9 21 2
e 10 17 2
e 10 22 1
e 11 18 2
e 11 23 1
e 12 18 1
e 12 25 2
e 13 19 2
e 13 24 1
e 14 20 1
e 14 26 1
e 15 19 1
e 15 27 1
e 16 20 2
e 16 28 1
e 17 45 1
e 18 46 1
e 19 47 1
e 20 48 1
e 21 25 1
e 21 29 1
e 22 26 2
e 22 30 1
e 23 27 2
e 23 31 1
e 24 28 2
e 24 32 1
e 25 33 1
e 26 34 1
e 27 35 1
e 28 36 1
e 29 37 1
e 29 49 1
e 29 50 1
e 30 38 1
e 30 51 1
e 30 52 1
e 31 39 1
e 31 53 1
e 31 54 1
e 32 40 1
e 32 55 1
e 32 56 1
e 33 57 1
e 33 58 1
e 33 59 1
e 34 60 1
e 34 61 1
e 34 62 1
e 35 63 1
e 35 64 1
e 35 65 1
e 36 66 1
e 36 67 1
e 36 68 1
e 37 41 1
e 37 69 1
e 37 70 1
e 38 42 1
e 38 71 1
e 38 72 1
e 39 73 1
e 39 74 1
e 39 75 1
e 40 76 1
e 40 77 1
e 40 78 1
e 43 79 1
e 43 80 1
e 43 81 1
e 44 82 1
e 44 83 1
e 44 84 1
t # 56980
v 0 1
v 1 1
v 2 1
v 3 1
v 4 2
v 5 2
v 6 3
v 7 3
v 8 3
v 9 3
v 10 3
v 11 3
v 12 3
v 13 3
v 14 3
v 15 3
v 16 3
v 17 3
v 18 4
v 19 4
v 20 4
v 21 4
v 22 4
v 23 4
v 24 4
v 25 4
v 26 4
v 27 4
v 28 4
v 29 4
v 30 4
v 31 4
e 0 11 1
e 0 13 1
e 1 12 1
e 1 14 1
e 2 11 2
e 3 12 2
e 4 8 1
e 4 9 1
e 4 18 1
e 6 7 1
e 6 8 2
e 6 10 1
e 7 9 2
e 7 11 1
e 8 12 1
e 9 15 1
e 10 19 1
e 10 20 1
e 10 21 1
e 13 16 1
e 13 22 1
e 13 23 1
e 14 17 1
e 14 24 1
e 14 25 1
e 16 26 1
e 16 27 1
e 16 28 1
e 17 29 1
e 17 30 1
e 17 31 1
t # 56981
v 0 1
v 1 1
v 2 1
v 3 1
v 4 2
v 5 3
v 6 3
v 7 3
v 8 3
v 9 3
v 10 3
v 11 3
v 12 3
v 13 3
v 14 3
v 15 3
v 16 4
v 17 4
v 18 4
v 19 4
v 20 4
v 21 4
v 22 4
v 23 4
v 24 4
v 25 4
v 26 4
v 27 4
v 28 4
v 29 4
v 30 4
e 0 10 1
e 0 12 1
e 1 11 1
e 1 13 1
e 2 10 2
e 3 11 2
e 4 6 1
e 4 8 1
e 4 16 1
e 5 6 2
e 5 7 1
e 5 9 1
e 6 10 1
e 7 8 2
e 7 11 1
e 8 17 1
e 9 18 1
e 9 19 1
e 9 20 1
e 12 14 1
e 12 21 1
e 12 22 1
e 13 15 1
e 13 23 1
e 13 24 1
e 14 25 1
e 14 26 1
e 14 27 1
e 15 28 1
e 15 29 1
e 15 30 1
t # 56982
v 0 1
v 1 1
v 2 2
v 3 2
v 4 3
v 5 3
v 6 3
v 7 3
v 8 3
v 9 3
v 10 3
v 11 3
v 12 3
v 13 3
v 14 4
v 15 4
v 16 4
v 17 4
v 18 4
v 19 4
v 20 4
v 21 4
v 22 4
v 23 4
v 24 4
v 25 4
e 0 10 1
e 0 11 1
e 1 10 2
e 2 5 1
e 2 6 1
e 2 14 1
e 4 5 2
e 4 7 1
e 4 8 1
e 5 10 1
e 6 7 2
e 6 9 1
e 7 12 1
e 8 15 1
e 8 16 1
e 8 17 1
e 9 18 1
e 9 19 1
e 9 20 1
e 11 13 1
e 11 21 1
e 11 22 1
e 13 23 1
e 13 24 1
e 13 25 1
t # 56983
v 0 1
v 1 1
v 2 1
v 3 1
v 4 1
v 5 2
v 6 3
v 7 3
v 8 3
v 9 3
v 10 3
v 11 3
v 12 3
v 13 3
v 14 3
v 15 3
v 16 4
v 17 4
v 18 4
v 19 4
v 20 4
v 21 4
v 22 4
v 23 4
v 24 4
v 25 4
v 26 4
e 0 11 1
e 0 14 1
e 1 11 2
e 2 12 1
e 2 26 1
e 3 12 2
e 4 13 2
e 5 8 1
e 5 9 1
e 5 16 1
e 6 7 1
e 6 8 2
e 6 10 1
e 7 9 2
e 7 11 1
e 8 12 1
e 9 13 1
e 10 17 1
e 10 18 1
e 10 19 1
e 13 20 1
e 14 15 1
e 14 21 1
e 14 22 1
e 15 23 1
e 15 24 1
e 15 25 1
t # 56984
v 0 1
v 1 1
v 2 1
v 3 1
v 4 2
v 5 3
v 6 3
v 7 3
v 8 3
v 9 3
v 10 3
v 11 3
v 12 3
v 13 3
v 14 4
v 15 4
v 16 4
v 17 4
v 18 4
v 19 4
v 20 4
v 21 4
v 22 4
v 23 4
v 24 4
e 0 10 1
e 0 12 1
e 1 10 2
e 2 11 1
e 2 24 1
e 3 11 2
e 4 6 1
e 4 8 1
e 4 14 1
e 5 6 2
e 5 7 1
e 5 9 1
e 6 10 1
e 7 8 2
e 7 11 1
e 8 15 1
e 9 16 1
e 9 17 1
e 9 18 1
e 12 13 1
e 12 19 1
e 12 20 1
e 13 21 1
e 13 22 1
e 13 23 1
t # 56985
v 0 27
v 1 27
v 2 1
v 3 1
v 4 2
v 5 3
v 6 3
v 7 3
v 8 3
v 9 3
v 10 3
v 11 3
v 12 3
v 13 4
v 14 4
v 15 4
v 16 4
v 17 4
v 18 4
v 19 4
v 20 4
v 21 4
e 2 10 1
e 2 11 1
e 3 10 2
e 4 7 1
e 4 8 1
e 4 13 1
e 5 6 1
e 5 7 2
e 5 9 1
e 6 8 2
e 6 10 1
e 9 14 1
e 9 15 1
e 9 16 1
e 11 12 1
e 11 17 1
e 11 18 1
e 12 19 1
e 12 20 1
e 12 21 1
t # 56986
v 0 1
v 1 3
v 2 3
v 3 3
v 4 3
v 5 3
v 6 3
v 7 3
v 8 3
v 9 3
v 10 3
v 11 3
v 12 3
v 13 3
v 14 3
v 15 3
v 16 3
v 17 3
v 18 3
v 19 3
v 20 3
v 21 3
v 22 4
v 23 4
v 24 4
v 25 4
v 26 4
v 27 4
v 28 4
v 29 4
v 30 4
v 31 4
v 32 4
v 33 4
v 34 4
v 35 4
v 36 4
v 37 4
v 38 4
v 39 4
v 40 4
v 41 4
v 42 4
v 43 4
v 44 4
v 45 4
v 46 4
v 47 4
v 48 4
v 49 4
v 50 4
v 51 4
v 52 4
v 53 4
v 54 4
v 55 4
e 0 15 1
e 0 17 1
e 1 3 1
e 1 5 1
e 1 7 1
e 1 8 1
e 2 4 1
e 2 6 1
e 2 9 1
e 2 10 1
e 3 4 1
e 3 22 1
e 3 23 1
e 4 24 1
e 4 25 1
e 5 6 2
e 5 11 1
e 6 12 1
e 7 26 1
e 7 27 1
e 7 28 1
e 8 29 1
e 8 30 1
e 8 31 1
e 9 32 1
e 9 33 1
e 9 34 1
e 10 35 1
e 10 36 1
e 10 37 1
e 11 13 2
e 11 38 1
e 12 14 2
e 12 39 1
e 13 14 1
e 13 15 1
e 14 16 1
e 15 40 1
e 15 41 1
e 16 42 1
e 16 43 1
e 16 44 1
e 17 18 1
e 17 45 1
e 17 46 1
e 18 19 1
e 18 47 1
e 18 48 1
e 19 20 1
e 19 21 1
e 19 49 1
e 20 50 1
e 20 51 1
e 20 52 1
e 21 53 1
e 21 54 1
e 21 55 1
t # 56987
v 0 1
v 1 3
v 2 3
v 3 3
v 4 3
v 5 3
v 6 3
v 7 3
v 8 3
v 9 3
v 10 3
v 11 3
v 12 3
v 13 3
v 14 3
v 15 3
v 16 3
v 17 3
v 18 3
v 19 3
v 20 3
v 21 4
v 22 4
v 23 4
v 24 4
v 25 4
v 26 4
v 27 4
v 28 4
v 29 4
v 30 4
v 31 4
v 32 4
v 33 4
v 34 4
v 35 4
v 36 4
v 37 4
v 38 4
v 39 4
v 40 4
v 41 4
v 42 4
v 43 4
v 44 4
v 45 4
v 46 4
v 47 4
v 48 4
v 49 4
v 50 4
e 0 17 2
e 1 2 1
e 1 5 1
e 1 7 1
e 1 8 1
e 2 4 1
e 2 9 1
e 2 21 1
e 3 4 1
e 3 6 1
e 3 10 1
e 3 11 1
e 4 22 1
e 4 23 1
e 5 6 2
e 5 12 1
e 6 13 1
e 7 24 1
e 7 25 1
e 7 26 1
e 8 27 1
e 8 28 1
e 8 29 1
e 9 30 1
e 9 31 1
e 9 32 1
e 10 33 1
e 10 34 1
e 10 35 1
e 11 36 1
e 11 37 1
e 11 38 1
e 12 14 2
e 12 39 1
e 13 15 2
e 13 40 1
e 14 15 1
e 14 16 1
e 15 17 1
e 16 18 1
e 16 19 1
e 16 41 1
e 17 20 1
e 18 42 1
e 18 43 1
e 18 44 1
e 19 45 1
e 19 46 1
e 19 47 1
e 20 48 1
e 20 49 1
e 20 50 1
t # 56988
v 0 1
v 1 1
v 2 3
v 3 3
v 4 3
v 5 3
v 6 3
v 7 3
v 8 3
v 9 3
v 10 3
v 11 3
v 12 3
v 13 3
v 14 3
v 15 3
v 16 3
v 17 3
v 18 3
v 19 3
v 20 3
v 21 4
v 22 4
v 23 4
v 24 4
v 25 4
v 26 4
v 27 4
v 28 4
v 29 4
v 30 4
v 31 4
v 32 4
v 33 4
v 34 4
v 35 4
v 36 4
v 37 4
v 38 4
v 39 4
v 40 4
v 41 4
v 42 4
v 43 4
v 44 4
v 45 4
v 46 4
v 47 4
v 48 4
e 0 17 1
e 0 19 1
e 1 19 2
e 2 4 1
e 2 6 1
e 2 8 1
e 2 9 1
e 3 5 1
e 3 7 1
e 3 10 1
e 3 11 1
e 4 5 1
e 4 21 1
e 4 22 1
e 5 23 1
e 5 24 1
e 6 7 2
e 6 12 1
e 7 13 1
e 8 25 1
e 8 26 1
e 8 27 1
e 9 28 1
e 9 29 1
e 9 30 1
e 10 31 1
e 10 32 1
e 10 33 1
e 11 34 1
e 11 35 1
e 11 36 1
e 12 14 2
e 12 37 1
e 13 15 2
e 13 38 1
e 14 15 1
e 14 16 1
e 15 17 1
e 16 18 1
e 16 39 1
e 16 40 1
e 17 41 1
e 17 42 1
e 18 43 1
e 18 44 1
e 18 45 1
e 19 20 1
e 20 46 1
e 20 47 1
e 20 48 1
t # 56989
v 0 3
v 1 3
v 2 3
v 3 3
v 4 3
v 5 3
v 6 3
v 7 3
v 8 3
v 9 3
v 10 3
v 11 3
v 12 3
v 13 3
v 14 3
v 15 3
v 16 3
v 17 3
v 18 4
v 19 4
v 20 4
v 21 4
v 22 4
v 23 4
v 24 4
v 25 4
v 26 4
v 27 4
v 28 4
v 29 4
v 30 4
v 31 4
v 32 4
v 33 4
v 34 4
v 35 4
v 36 4
v 37 4
v 38 4
v 39 4
v 40 4
v 41 4
v 42 4
v 43 4
v 44 4
v 45 4
e 0 2 1
e 0 4 1
e 0 6 1
e 0 7 1
e 1 3 1
e 1 5 1
e 1 8 1
e 1 9 1
e 2 3 1
e 2 18 1
e 2 19 1
e 3 20 1
e 3 21 1
e 4 5 2
e 4 10 1
e 5 11 1
e 6 22 1
e 6 23 1
e 6 24 1
e 7 25 1
e 7 26 1
e 7 27 1
e 8 28 1
e 8 29 1
e 8 30 1
e 9 31 1
e 9 32 1
e 9 33 1
e 10 12 2
e 10 34 1
e 11 14 2
e 11 35 1
e 12 13 1
e 12 14 1
e 13 15 1
e 13 16 1
e 13 17 1
e 14 36 1
e 15 37 1
e 15 38 1
e 15 39 1
e 16 40 1
e 16 41 1
e 16 42 1
e 17 43 1
e 17 44 1
e 17 45 1
t # 56990
v 0 3
v 1 3
v 2 3
v 3 3
v 4 3
v 5 3
v 6 3
v 7 3
v 8 3
v 9 3
v 10 3
v 11 3
v 12 3
v 13 3
v 14 3
v 15 3
v 16 3
v 17 4
v 18 4
v 19 4
v 20 4
v 21 4
v 22 4
v 23 4
v 24 4
v 25 4
v 26 4
v 27 4
v 28 4
v 29 4
v 30 4
v 31 4
v 32 4
v 33 4
v 34 4
v 35 4
v 36 4
v 37 4
v 38 4
v 39 4
v 40 4
v 41 4
v 42 4
e 0 2 1
e 0 4 1
e 0 6 1
e 0 7 1
e 1 3 1
e 1 5 1
e 1 8 1
e 1 9 1
e 2 3 1
e 2 17 1
e 2 18 1
e 3 19 1
e 3 20 1
e 4 5 2
e 4 10 1
e 5 11 1
e 6 21 1
e 6 22 1
e 6 23 1
e 7 24 1
e 7 25 1
e 7 26 1
e 8 27 1
e 8 28 1
e 8 29 1
e 9 30 1
e 9 31 1
e 9 32 1
e 10 12 2
e 10 33 1
e 11 13 2
e 11 34 1
e 12 13 1
e 12 14 1
e 13 35 1
e 14 15 1
e 14 16 1
e 14 36 1
e 15 37 1
e 15 38 1
e 15 39 1
e 16 40 1
e 16 41 1
e 16 42 1
t # 56991
v 0 1
v 1 3
v 2 3
v 3 3
v 4 3
v 5 3
v 6 3
v 7 3
v 8 3
v 9 3
v 10 3
v 11 3
v 12 3
v 13 3
v 14 3
v 15 3
v 16 3
v 17 3
v 18 4
v 19 4
v 20 4
v 21 4
v 22 4
v 23 4
v 24 4
v 25 4
v 26 4
v 27 4
v 28 4
v 29 4
v 30 4
v 31 4
v 32 4
v 33 4
v 34 4
v 35 4
v 36 4
v 37 4
v 38 4
v 39 4
v 40 4
v 41 4
e 0 16 2
e 1 2 1
e 1 5 1
e 1 7 1
e 1 8 1
e 2 4 1
e 2 9 1
e 2 18 1
e 3 4 1
e 3 6 1
e 3 10 1
e 3 11 1
e 4 19 1
e 4 20 1
e 5 6 2
e 5 12 1
e 6 13 1
e 7 21 1
e 7 22 1
e 7 23 1
e 8 24 1
e 8 25 1
e 8 26 1
e 9 27 1
e 9 28 1
e 9 29 1
e 10 30 1
e 10 31 1
e 10 32 1
e 11 33 1
e 11 34 1
e 11 35 1
e 12 14 2
e 12 36 1
e 13 15 2
e 13 37 1
e 14 15 1
e 14 16 1
e 15 38 1
e 16 17 1
e 17 39 1
e 17 40 1
e 17 41 1
t # 56992
v 0 1
v 1 1
v 2 3
v 3 3
v 4 3
v 5 3
v 6 3
v 7 3
v 8 3
v 9 3
v 10 3
v 11 3
v 12 3
v 13 3
v 14 3
v 15 3
v 16 3
v 17 3
v 18 4
v 19 4
v 20 4
v 21 4
v 22 4
v 23 4
v 24 4
v 25 4
v 26 4
v 27 4
v 28 4
v 29 4
v 30 4
v 31 4
v 32 4
v 33 4
v 34 4
v 35 4
v 36 4
v 37 4
v 38 4
v 39 4
v 40 4
v 41 4
e 0 12 1
e 0 16 1
e 1 14 1
e 1 17 1
e 2 4 1
e 2 6 1
e 2 8 1
e 2 9 1
e 3 5 1
e 3 7 1
e 3 10 1
e 3 11 1
e 4 5 1
e 4 18 1
e 4 19 1
e 5 20 1
e 5 21 1
e 6 7 2
e 6 12 1
e 7 13 1
e 8 22 1
e 8 23 1
e 8 24 1
e 9 25 1
e 9 26 1
e 9 27 1
e 10 28 1
e 10 29 1
e 10 30 1
e 11 31 1
e 11 32 1
e 11 33 1
e 12 15 2
e 13 14 2
e 13 34 1
e 14 15 1
e 15 35 1
e 16 36 1
e 16 37 1
e 16 38 1
e 17 39 1
e 17 40 1
e 17 41 1
t # 56993
v 0 1
v 1 1
v 2 3
v 3 3
v 4 3
v 5 3
v 6 3
v 7 3
v 8 3
v 9 3
v 10 3
v 11 3
v 12 3
v 13 3
v 14 3
v 15 3
v 16 3
v 17 3
v 18 4
v 19 4
v 20 4
v 21 4
v 22 4
v 23 4
v 24 4
v 25 4
v 26 4
v 27 4
v 28 4
v 29 4
v 30 4
v 31 4
v 32 4
v 33 4
v 34 4
v 35 4
v 36 4
v 37 4
v 38 4
v 39 4
v 40 4
v 41 4
e 0 14 1
e 0 16 1
e 1 15 1
e 1 17 1
e 2 4 1
e 2 6 1
e 2 8 1
e 2 9 1
e 3 5 1
e 3 7 1
e 3 10 1
e 3 11 1
e 4 5 1
e 4 18 1
e 4 19 1
e 5 20 1
e 5 21 1
e 6 7 1
e 6 12 2
e 7 13 2
e 8 22 1
e 8 23 1
e 8 24 1
e 9 25 1
e 9 26 1
e 9 27 1
e 10 28 1
e 10 29 1
e 10 30 1
e 11 31 1
e 11 32 1
e 11 33 1
e 12 14 1
e 12 34 1
e 13 15 1
e 13 35 1
e 14 15 2
e 16 36 1
e 16 37 1
e 16 38 1
e 17 39 1
e 17 40 1
e 17 41 1
t # 56994
v 0 1
v 1 3
v 2 3
v 3 3
v 4 3
v 5 3
v 6 3
v 7 3
v 8 3
v 9 3
v 10 3
v 11 3
v 12 3
v 13 3
v 14 3
v 15 3
v 16 3
v 17 4
v 18 4
v 19 4
v 20 4
v 21 4
v 22 4
v 23 4
v 24 4
v 25 4
v 26 4
v 27 4
v 28 4
v 29 4
v 30 4
v 31 4
v 32 4
v 33 4
v 34 4
v 35 4
v 36 4
v 37 4
v 38 4
v 39 4
v 40 4
e 0 13 1
e 0 15 1
e 1 3 1
e 1 5 1
e 1 7 1
e 1 8 1
e 2 4 1
e 2 6 1
e 2 9 1
e 2 10 1
e 3 4 1
e 3 17 1
e 3 18 1
e 4 19 1
e 4 20 1
e 5 6 2
e 5 11 1
e 6 12 1
e 7 21 1
e 7 22 1
e 7 23 1
e 8 24 1
e 8 25 1
e 8 26 1
e 9 27 1
e 9 28 1
e 9 29 1
e 10 30 1
e 10 31 1
e 10 32 1
e 11 13 2
e 11 33 1
e 12 14 2
e 12 34 1
e 13 14 1
e 14 35 1
e 15 16 1
e 15 36 1
e 15 37 1
e 16 38 1
e 16 39 1
e 16 40 1
t # 56995
v 0 1
v 1 3
v 2 3
v 3 3
v 4 3
v 5 3
v 6 3
v 7 3
v 8 3
v 9 3
v 10 3
v 11 3
v 12 3
v 13 3
v 14 3
v 15 3
v 16 3
v 17 4
v 18 4
v 19 4
v 20 4
v 21 4
v 22 4
v 23 4
v 24 4
v 25 4
v 26 4
v 27 4
v 28 4
v 29 4
v 30 4
v 31 4
v 32 4
v 33 4
v 34 4
v 35 4
v 36 4
v 37 4
v 38 4
v 39 4
v 40 4
e 0 14 1
e 0 40 1
e 1 3 1
e 1 5 1
e 1 7 1
e 1 8 1
e 2 4 1
e 2 6 1
e 2 9 1
e 2 10 1
e 3 4 1
e 3 17 1
e 3 18 1
e 4 19 1
e 4 20 1
e 5 6 2
e 5 11 1
e 6 12 1
e 7 21 1
e 7 22 1
e 7 23 1
e 8 24 1
e 8 25 1
e 8 26 1
e 9 27 1
e 9 28 1
e 9 29 1
e 10 30 1
e 10 31 1
e 10 32 1
e 11 13 2
e 11 33 1
e 12 14 2
e 12 34 1
e 13 14 1
e 13 15 1
e 15 16 1
e 15 35 1
e 15 36 1
e 16 37 1
e 16 38 1
e 16 39 1
t # 56996
v 0 1
v 1 3
v 2 3
v 3 3
v 4 3
v 5 3
v 6 3
v 7 3
v 8 3
v 9 3
v 10 3
v 11 3
v 12 3
v 13 3
v 14 3
v 15 3
v 16 3
v 17 4
v 18 4
v 19 4
v 20 4
v 21 4
v 22 4
v 23 4
v 24 4
v 25 4
v 26 4
v 27 4
v 28 4
v 29 4
v 30 4
v 31 4
v 32 4
v 33 4
v 34 4
v 35 4
v 36 4
v 37 4
v 38 4
v 39 4
v 40 4
e 0 14 1
e 0 16 1
e 1 3 1
e 1 5 1
e 1 7 1
e 1 8 1
e 2 4 1
e 2 6 1
e 2 9 1
e 2 10 1
e 3 4 1
e 3 17 1
e 3 18 1
e 4 19 1
e 4 20 1
e 5 6 2
e 5 11 1
e 6 12 1
e 7 21 1
e 7 22 1
e 7 23 1
e 8 24 1
e 8 25 1
e 8 26 1
e 9 27 1
e 9 28 1
e 9 29 1
e 10 30 1
e 10 31 1
e 10 32 1
e 11 13 2
e 11 33 1
e 12 14 2
e 12 34 1
e 13 14 1
e 13 15 1
e 15 35 1
e 15 36 1
e 15 37 1
e 16 38 1
e 16 39 1
e 16 40 1
t # 56997
v 0 1
v 1 3
v 2 3
v 3 3
v 4 3
v 5 3
v 6 3
v 7 3
v 8 3
v 9 3
v 10 3
v 11 3
v 12 3
v 13 3
v 14 3
v 15 3
v 16 3
v 17 4
v 18 4
v 19 4
v 20 4
v 21 4
v 22 4
v 23 4
v 24 4
v 25 4
v 26 4
v 27 4
v 28 4
v 29 4
v 30 4
v 31 4
v 32 4
v 33 4
v 34 4
v 35 4
v 36 4
v 37 4
v 38 4
v 39 4
v 40 4
e 0 11 1
e 0 16 1
e 1 3 1
e 1 5 1
e 1 7 1
e 1 8 1
e 2 4 1
e 2 6 1
e 2 9 1
e 2 10 1
e 3 4 1
e 3 17 1
e 3 18 1
e 4 19 1
e 4 20 1
e 5 6 2
e 5 11 1
e 6 12 1
e 7 21 1
e 7 22 1
e 7 23 1
e 8 24 1
e 8 25 1
e 8 26 1
e 9 27 1
e 9 28 1
e 9 29 1
e 10 30 1
e 10 31 1
e 10 32 1
e 11 14 2
e 12 13 2
e 12 33 1
e 13 14 1
e 13 15 1
e 14 34 1
e 15 35 1
e 15 36 1
e 15 37 1
e 16 38 1
e 16 39 1
e 16 40 1
t # 56998
v 0 1
v 1 3
v 2 3
v 3 3
v 4 3
v 5 3
v 6 3
v 7 3
v 8 3
v 9 3
v 10 3
v 11 3
v 12 3
v 13 3
v 14 3
v 15 3
v 16 3
v 17 4
v 18 4
v 19 4
v 20 4
v 21 4
v 22 4
v 23 4
v 24 4
v 25 4
v 26 4
v 27 4
v 28 4
v 29 4
v 30 4
v 31 4
v 32 4
v 33 4
v 34 4
v 35 4
v 36 4
v 37 4
v 38 4
e 0 16 2
e 1 3 1
e 1 5 1
e 1 7 1
e 1 8 1
e 2 4 1
e 2 6 1
e 2 9 1
e 2 10 1
e 3 4 1
e 3 17 1
e 3 18 1
e 4 19 1
e 4 20 1
e 5 6 2
e 5 11 1
e 6 12 1
e 7 21 1
e 7 22 1
e 7 23 1
e 8 24 1
e 8 25 1
e 8 26 1
e 9 27 1
e 9 28 1
e 9 29 1
e 10 30 1
e 10 31 1
e 10 32 1
e 11 13 2
e 11 33 1
e 12 14 2
e 12 34 1
e 13 14 1
e 13 15 1
e 14 16 1
e 15 35 1
e 15 36 1
e 15 37 1
e 16 38 1
t # 56999
v 0 1
v 1 3
v 2 3
v 3 3
v 4 3
v 5 3
v 6 3
v 7 3
v 8 3
v 9 3
v 10 3
v 11 3
v 12 3
v 13 3
v 14 3
v 15 3
v 16 3
v 17 4
v 18 4
v 19 4
v 20 4
v 21 4
v 22 4
v 23 4
v 24 4
v 25 4
v 26 4
v 27 4
v 28 4
v 29 4
v 30 4
v 31 4
v 32 4
v 33 4
v 34 4
v 35 4
v 36 4
v 37 4
v 38 4
e 0 15 2
e 1 2 1
e 1 5 1
e 1 7 1
e 1 8 1
e 2 4 1
e 2 17 1
e 2 18 1
e 3 4 1
e 3 6 1
e 3 10 1
e 3 19 1
e 4 20 1
e 4 21 1
e 5 6 2
e 5 9 1
e 6 11 1
e 7 22 1
e 7 23 1
e 7 24 1
e 8 25 1
e 8 26 1
e 8 27 1
e 9 12 2
e 9 28 1
e 10 29 1
e 10 30 1
e 10 31 1
e 11 13 2
e 11 32 1
e 12 13 1
e 12 14 1
e 13 15 1
e 14 33 1
e 14 34 1
e 14 35 1
e 15 16 1
e 16 36 1
e 16 37 1
e 16 38 1
