t # 60400
v 0 12
v 1 1
v 2 1
v 3 1
v 4 2
v 5 3
v 6 3
v 7 3
v 8 3
v 9 3
v 10 3
v 11 3
v 12 3
v 13 3
v 14 3
v 15 3
v 16 3
v 17 3
v 18 3
v 19 3
v 20 3
v 21 3
v 22 4
v 23 4
v 24 4
v 25 4
v 26 4
v 27 4
v 28 4
v 29 4
v 30 4
v 31 4
v 32 4
v 33 4
v 34 4
v 35 4
e 0 13 1
e 1 5 1
e 1 26 1
e 2 9 2
e 3 12 2
e 4 7 1
e 4 9 1
e 4 24 1
e 5 6 1
e 5 8 1
e 5 9 1
e 6 7 2
e 6 11 1
e 7 10 1
e 8 12 1
e 8 22 1
e 8 23 1
e 10 13 2
e 10 15 1
e 11 14 2
e 11 25 1
e 12 16 1
e 13 14 1
e 14 27 1
e 15 28 1
e 15 29 1
e 15 30 1
e 16 17 2
e 16 18 1
e 17 19 1
e 17 31 1
e 18 20 2
e 18 32 1
e 19 21 2
e 19 33 1
e 20 21 1
e 20 34 1
e 21 35 1
t # 60401
v 0 12
v 1 12
v 2 2
v 3 2
v 4 3
v 5 3
v 6 3
v 7 3
v 8 3
v 9 3
v 10 3
v 11 3
v 12 3
v 13 3
v 14 3
v 15 4
v 16 4
v 17 4
v 18 4
v 19 4
v 20 4
v 21 4
v 22 4
v 23 4
v 24 4
v 25 4
v 26 4
v 27 4
v 28 4
v 29 4
v 30 4
e 0 11 1
e 1 12 1
e 2 4 1
e 2 5 1
e 2 6 1
e 3 10 1
e 3 29 1
e 3 30 1
e 4 7 2
e 4 9 1
e 5 11 1
e 5 15 1
e 5 16 1
e 6 12 1
e 6 17 1
e 6 18 1
e 7 8 1
e 7 19 1
e 8 10 2
e 8 14 1
e 9 13 2
e 9 20 1
e 10 13 1
e 11 21 1
e 11 22 1
e 12 23 1
e 12 24 1
e 13 25 1
e 14 26 1
e 14 27 1
e 14 28 1
t # 60402
v 0 1
v 1 1
v 2 1
v 3 3
v 4 3
v 5 3
v 6 3
v 7 3
v 8 3
v 9 3
v 10 3
v 11 3
v 12 3
v 13 3
v 14 3
v 15 3
v 16 3
v 17 3
v 18 3
v 19 3
v 20 3
v 21 3
v 22 3
v 23 4
v 24 4
v 25 4
v 26 4
v 27 4
v 28 4
v 29 4
v 30 4
v 31 4
v 32 4
v 33 4
v 34 4
v 35 4
v 36 4
v 37 4
v 38 4
v 39 4
v 40 4
v 41 4
v 42 4
v 43 4
v 44 4
v 45 4
v 46 4
v 47 4
v 48 4
v 49 4
v 50 4
v 51 4
v 52 4
v 53 4
v 54 4
v 55 4
v 56 4
e 0 21 1
e 0 22 1
e 1 21 2
e 2 22 2
e 3 4 1
e 3 5 1
e 3 23 1
e 3 24 1
e 4 6 1
e 4 25 1
e 4 26 1
e 5 7 1
e 5 27 1
e 5 28 1
e 6 8 1
e 6 29 1
e 6 30 1
e 7 9 1
e 7 31 1
e 7 32 1
e 8 10 1
e 8 33 1
e 8 34 1
e 9 11 1
e 9 35 1
e 9 36 1
e 10 12 1
e 10 37 1
e 10 38 1
e 11 13 1
e 11 39 1
e 11 40 1
e 12 14 1
e 12 41 1
e 12 42 1
e 13 15 1
e 13 43 1
e 13 44 1
e 14 17 1
e 14 45 1
e 14 46 1
e 15 20 1
e 15 47 1
e 15 48 1
e 16 18 1
e 16 19 1
e 16 21 1
e 16 49 1
e 17 18 2
e 17 50 1
e 18 51 1
e 19 22 1
e 19 52 1
e 19 53 1
e 20 54 1
e 20 55 1
e 20 56 1
t # 60403
v 0 11
v 1 11
v 2 1
v 3 1
v 4 3
v 5 3
v 6 3
v 7 3
v 8 3
v 9 3
v 10 3
v 11 4
v 12 4
v 13 4
v 14 4
v 15 4
v 16 4
v 17 4
v 18 4
e 0 3 2
e 0 4 1
e 2 18 1
e 4 6 2
e 4 7 1
e 5 8 2
e 5 9 1
e 5 10 1
e 6 8 1
e 6 11 1
e 7 9 2
e 7 12 1
e 8 13 1
e 9 14 1
e 10 15 1
e 10 16 1
e 10 17 1
t # 60404
v 0 1
v 1 1
v 2 1
v 3 1
v 4 1
v 5 1
v 6 1
v 7 1
v 8 3
v 9 3
v 10 3
v 11 3
v 12 3
v 13 3
v 14 3
v 15 3
v 16 3
v 17 3
v 18 3
v 19 3
v 20 3
v 21 3
v 22 3
v 23 3
v 24 3
v 25 3
v 26 3
v 27 3
v 28 3
v 29 3
v 30 3
v 31 3
v 32 3
v 33 3
v 34 3
v 35 3
v 36 3
v 37 3
v 38 3
v 39 3
v 40 4
v 41 4
v 42 4
v 43 4
v 44 4
v 45 4
v 46 4
v 47 4
v 48 4
v 49 4
v 50 4
v 51 4
v 52 4
v 53 4
v 54 4
v 55 4
v 56 4
v 57 4
v 58 4
v 59 4
v 60 4
v 61 4
v 62 4
v 63 4
v 64 4
v 65 4
v 66 4
v 67 4
v 68 4
v 69 4
v 70 4
v 71 4
v 72 4
v 73 4
v 74 4
v 75 4
v 76 4
v 77 4
v 78 4
v 79 4
v 80 4
v 81 4
e 0 13 1
e 0 54 1
e 1 14 1
e 1 55 1
e 2 15 1
e 2 56 1
e 3 16 1
e 3 57 1
e 4 23 1
e 4 35 1
e 5 24 1
e 5 60 1
e 6 27 2
e 7 28 2
e 8 9 1
e 8 11 1
e 8 12 1
e 8 40 1
e 9 10 1
e 9 41 1
e 9 42 1
e 10 17 1
e 10 18 1
e 10 43 1
e 11 13 1
e 11 15 2
e 12 14 1
e 12 16 2
e 13 19 2
e 14 20 2
e 15 21 1
e 16 22 1
e 17 44 1
e 17 45 1
e 17 46 1
e 18 47 1
e 18 48 1
e 18 49 1
e 19 23 1
e 19 25 1
e 20 24 1
e 20 26 1
e 21 23 2
e 21 27 1
e 22 24 2
e 22 28 1
e 25 29 1
e 25 50 1
e 25 51 1
e 26 30 1
e 26 52 1
e 26 53 1
e 27 31 1
e 28 32 1
e 29 33 2
e 29 58 1
e 30 34 2
e 30 59 1
e 31 61 1
e 31 62 1
e 31 63 1
e 32 64 1
e 32 65 1
e 32 66 1
e 33 36 1
e 33 37 1
e 34 38 1
e 34 39 1
e 35 67 1
e 35 68 1
e 35 69 1
e 36 70 1
e 36 71 1
e 36 72 1
e 37 73 1
e 37 74 1
e 37 75 1
e 38 76 1
e 38 77 1
e 38 78 1
e 39 79 1
e 39 80 1
e 39 81 1
t # 60405
v 0 11
v 1 1
v 2 1
v 3 3
v 4 3
v 5 3
v 6 3
v 7 3
v 8 3
v 9 4
v 10 4
v 11 4
v 12 4
v 13 4
v 14 4
v 15 4
v 16 4
v 17 4
v 18 4
e 0 1 2
e 0 2 2
e 0 3 1
e 0 4 1
e 3 5 1
e 3 9 1
e 3 10 1
e 4 6 1
e 4 11 1
e 4 12 1
e 5 7 2
e 5 13 1
e 6 8 2
e 6 14 1
e 7 15 1
e 7 16 1
e 8 17 1
e 8 18 1
t # 60406
v 0 12
v 1 12
v 2 1
v 3 1
v 4 1
v 5 3
v 6 3
v 7 3
v 8 3
v 9 3
v 10 3
v 11 3
v 12 3
v 13 3
v 14 3
v 15 3
v 16 4
v 17 4
v 18 4
v 19 4
v 20 4
v 21 4
v 22 4
v 23 4
v 24 4
v 25 4
v 26 4
v 27 4
e 0 9 1
e 1 11 1
e 2 6 1
e 2 10 1
e 3 13 1
e 3 14 1
e 4 13 2
e 5 6 2
e 5 7 1
e 5 9 1
e 6 8 1
e 7 11 2
e 7 16 1
e 8 12 2
e 8 17 1
e 9 20 1
e 9 21 1
e 10 13 1
e 10 18 1
e 10 19 1
e 11 12 1
e 12 22 1
e 14 15 1
e 14 23 1
e 14 24 1
e 15 25 1
e 15 26 1
e 15 27 1
t # 60407
v 0 1
v 1 1
v 2 1
v 3 2
v 4 2
v 5 3
v 6 3
v 7 3
v 8 3
v 9 3
v 10 3
v 11 3
v 12 3
v 13 3
v 14 3
v 15 3
v 16 4
v 17 4
v 18 4
v 19 4
v 20 4
v 21 4
v 22 4
v 23 4
v 24 4
v 25 4
v 26 4
v 27 4
e 0 8 2
e 1 14 1
e 1 27 1
e 2 14 2
e 3 8 1
e 3 10 1
e 3 20 1
e 4 9 1
e 4 24 1
e 4 25 1
e 5 6 1
e 5 7 1
e 5 8 1
e 5 16 1
e 6 9 1
e 6 17 1
e 6 18 1
e 7 10 1
e 7 11 2
e 9 14 1
e 9 19 1
e 10 12 2
e 11 13 1
e 11 21 1
e 12 15 1
e 12 22 1
e 13 15 2
e 13 23 1
e 15 26 1
t # 60408
v 0 2
v 1 2
v 2 2
v 3 2
v 4 3
v 5 3
v 6 3
v 7 3
v 8 3
v 9 3
v 10 3
v 11 3
v 12 4
v 13 4
v 14 4
v 15 4
v 16 4
v 17 4
v 18 4
v 19 4
v 20 4
v 21 4
e 0 10 1
e 0 16 1
e 0 17 1
e 1 11 1
e 1 18 1
e 1 19 1
e 2 10 2
e 2 20 1
e 3 11 2
e 3 21 1
e 4 6 2
e 4 8 1
e 4 10 1
e 5 7 2
e 5 9 1
e 5 11 1
e 6 7 1
e 6 12 1
e 7 13 1
e 8 9 2
e 8 14 1
e 9 15 1
t # 60409
v 0 1
v 1 2
v 2 3
v 3 3
v 4 3
v 5 3
v 6 3
v 7 3
v 8 3
v 9 3
v 10 3
v 11 3
v 12 4
v 13 4
v 14 4
v 15 4
v 16 4
v 17 4
v 18 4
v 19 4
v 20 4
v 21 4
v 22 4
v 23 4
v 24 4
v 25 4
v 26 4
e 0 6 1
e 0 11 1
e 1 3 1
e 1 19 1
e 1 20 1
e 2 3 1
e 2 4 1
e 2 12 1
e 2 13 1
e 3 5 1
e 3 14 1
e 4 6 1
e 4 7 2
e 5 15 1
e 5 16 1
e 5 17 1
e 6 8 2
e 7 9 1
e 7 18 1
e 8 10 1
e 8 21 1
e 9 10 2
e 9 22 1
e 10 23 1
e 11 24 1
e 11 25 1
e 11 26 1
t # 60410
v 0 8
v 1 3
v 2 3
v 3 3
v 4 3
v 5 3
v 6 3
v 7 3
v 8 3
v 9 3
v 10 3
v 11 3
v 12 3
v 13 3
v 14 3
v 15 3
v 16 3
v 17 3
v 18 3
v 19 3
v 20 3
v 21 3
v 22 3
v 23 4
v 24 4
v 25 4
v 26 4
v 27 4
v 28 4
v 29 4
v 30 4
v 31 4
v 32 4
v 33 4
v 34 4
v 35 4
v 36 4
v 37 4
v 38 4
v 39 4
v 40 4
v 41 4
v 42 4
v 43 4
v 44 4
v 45 4
v 46 4
e 1 5 1
e 1 23 1
e 1 24 1
e 2 7 2
e 2 10 1
e 3 8 2
e 3 11 1
e 4 9 2
e 4 12 1
e 5 6 1
e 5 25 1
e 5 26 1
e 6 13 1
e 6 27 1
e 6 28 1
e 7 14 1
e 7 29 1
e 8 15 1
e 8 30 1
e 9 16 1
e 9 31 1
e 10 17 2
e 10 32 1
e 11 18 2
e 11 33 1
e 12 19 2
e 12 34 1
e 13 35 1
e 13 36 1
e 13 37 1
e 14 20 2
e 14 38 1
e 15 21 2
e 15 39 1
e 16 22 2
e 16 40 1
e 17 20 1
e 17 41 1
e 18 21 1
e 18 42 1
e 19 22 1
e 19 43 1
e 20 44 1
e 21 45 1
e 22 46 1
t # 60411
v 0 1
v 1 3
v 2 3
v 3 3
v 4 3
v 5 3
v 6 3
v 7 3
v 8 3
v 9 3
v 10 3
v 11 3
v 12 3
v 13 3
v 14 3
v 15 3
v 16 4
v 17 4
v 18 4
v 19 4
v 20 4
v 21 4
v 22 4
v 23 4
v 24 4
v 25 4
v 26 4
v 27 4
v 28 4
v 29 4
v 30 4
v 31 4
v 32 4
v 33 4
v 34 4
v 35 4
e 0 14 2
e 1 2 1
e 1 3 1
e 1 7 1
e 1 8 1
e 2 4 1
e 2 16 1
e 2 17 1
e 3 6 2
e 3 9 1
e 4 5 1
e 4 18 1
e 4 19 1
e 5 6 1
e 5 20 1
e 5 21 1
e 6 10 1
e 7 22 1
e 7 23 1
e 7 24 1
e 8 25 1
e 8 26 1
e 8 27 1
e 9 11 2
e 9 28 1
e 10 12 2
e 10 29 1
e 11 12 1
e 11 14 1
e 12 13 1
e 13 30 1
e 13 31 1
e 13 32 1
e 14 15 1
e 15 33 1
e 15 34 1
e 15 35 1
t # 60412
v 0 18
v 1 12
v 2 12
v 3 8
v 4 1
v 5 1
v 6 2
v 7 2
v 8 3
v 9 3
v 10 3
v 11 3
v 12 3
v 13 3
v 14 3
v 15 4
v 16 4
v 17 4
v 18 4
v 19 4
v 20 4
v 21 4
v 22 4
v 23 4
v 24 4
v 25 4
v 26 4
v 27 4
v 28 4
e 1 13 1
e 2 14 1
e 4 10 1
e 6 11 1
e 6 12 1
e 7 8 1
e 8 9 1
e 8 15 1
e 8 16 1
e 9 10 1
e 9 17 1
e 9 18 1
e 10 19 1
e 10 20 1
e 11 13 1
e 11 21 1
e 11 22 1
e 12 14 1
e 12 23 1
e 12 24 1
e 13 25 1
e 13 26 1
e 14 27 1
e 14 28 1
t # 60413
v 0 1
v 1 1
v 2 1
v 3 1
v 4 2
v 5 2
v 6 3
v 7 3
v 8 3
v 9 3
v 10 3
v 11 3
v 12 3
v 13 3
v 14 3
v 15 3
v 16 3
v 17 3
v 18 3
v 19 3
v 20 3
v 21 3
v 22 3
v 23 3
v 24 3
v 25 3
v 26 3
v 27 3
v 28 3
v 29 3
v 30 3
v 31 3
v 32 3
v 33 3
v 34 3
v 35 3
v 36 3
v 37 3
v 38 3
v 39 3
v 40 3
v 41 3
v 42 3
v 43 3
v 44 3
v 45 3
v 46 3
v 47 3
v 48 3
v 49 3
v 50 3
v 51 3
v 52 3
v 53 3
v 54 3
v 55 3
v 56 3
v 57 3
v 58 4
v 59 4
v 60 4
v 61 4
v 62 4
v 63 4
v 64 4
v 65 4
v 66 4
v 67 4
v 68 4
v 69 4
v 70 4
v 71 4
v 72 4
v 73 4
v 74 4
v 75 4
v 76 4
v 77 4
v 78 4
v 79 4
v 80 4
v 81 4
v 82 4
v 83 4
v 84 4
v 85 4
v 86 4
v 87 4
v 88 4
v 89 4
v 90 4
v 91 4
v 92 4
v 93 4
v 94 4
v 95 4
v 96 4
v 97 4
v 98 4
v 99 4
v 100 4
v 101 4
v 102 4
v 103 4
v 104 4
v 105 4
v 106 4
v 107 4
e 0 30 2
e 1 31 2
e 2 32 2
e 3 33 2
e 4 20 1
e 4 30 1
e 4 32 1
e 5 21 1
e 5 31 1
e 5 33 1
e 6 8 2
e 6 10 1
e 6 12 1
e 7 9 2
e 7 11 1
e 7 13 1
e 8 9 1
e 8 24 1
e 9 25 1
e 10 11 1
e 10 26 2
e 11 27 2
e 12 14 2
e 12 16 1
e 13 15 2
e 13 17 1
e 14 30 1
e 14 36 1
e 15 31 1
e 15 37 1
e 16 32 1
e 16 38 2
e 17 33 1
e 17 39 2
e 18 22 1
e 18 44 1
e 18 45 1
e 18 46 1
e 19 23 1
e 19 47 1
e 19 48 1
e 19 49 1
e 20 22 2
e 20 40 1
e 21 23 2
e 21 41 1
e 22 42 1
e 23 43 1
e 24 36 2
e 24 58 1
e 25 37 2
e 25 59 1
e 26 38 1
e 26 60 1
e 27 39 1
e 27 61 1
e 28 34 1
e 28 52 1
e 28 53 1
e 28 54 1
e 29 35 1
e 29 55 1
e 29 56 1
e 29 57 1
e 34 40 2
e 34 50 1
e 35 41 2
e 35 51 1
e 36 62 1
e 37 63 1
e 38 64 1
e 39 65 1
e 40 66 1
e 41 67 1
e 42 50 2
e 42 68 1
e 43 51 2
e 43 69 1
e 44 70 1
e 44 71 1
e 44 72 1
e 45 73 1
e 45 74 1
e 45 75 1
e 46 76 1
e 46 77 1
e 46 78 1
e 47 79 1
e 47 80 1
e 47 81 1
e 48 82 1
e 48 83 1
e 48 84 1
e 49 85 1
e 49 86 1
e 49 87 1
e 50 88 1
e 51 89 1
e 52 90 1
e 52 91 1
e 52 92 1
e 53 93 1
e 53 94 1
e 53 95 1
e 54 96 1
e 54 97 1
e 54 98 1
e 55 99 1
e 55 100 1
e 55 101 1
e 56 102 1
e 56 103 1
e 56 104 1
e 57 105 1
e 57 106 1
e 57 107 1
t # 60414
v 0 1
v 1 1
v 2 2
v 3 3
v 4 3
v 5 3
v 6 3
v 7 3
v 8 3
v 9 3
v 10 3
v 11 4
v 12 4
v 13 4
v 14 4
v 15 4
v 16 4
v 17 4
v 18 4
v 19 4
v 20 4
v 21 4
v 22 4
v 23 4
v 24 4
v 25 4
v 26 4
v 27 4
e 0 8 1
e 0 9 1
e 1 8 2
e 2 5 1
e 2 21 1
e 2 22 1
e 3 4 1
e 3 6 1
e 3 7 1
e 3 11 1
e 4 5 1
e 4 12 1
e 4 13 1
e 5 8 1
e 5 14 1
e 6 15 1
e 6 16 1
e 6 17 1
e 7 18 1
e 7 19 1
e 7 20 1
e 9 10 1
e 9 23 1
e 9 24 1
e 10 25 1
e 10 26 1
e 10 27 1
t # 60415
v 0 14
v 1 14
v 2 14
v 3 2
v 4 2
v 5 2
v 6 3
v 7 3
v 8 3
v 9 3
v 10 3
v 11 3
v 12 3
v 13 3
v 14 3
v 15 3
v 16 3
v 17 3
v 18 4
v 19 4
v 20 4
v 21 4
v 22 4
v 23 4
v 24 4
v 25 4
e 3 6 1
e 3 7 1
e 3 8 1
e 4 8 2
e 4 9 1
e 5 8 1
e 5 11 2
e 6 9 1
e 6 12 2
e 7 10 2
e 7 13 1
e 9 14 2
e 10 11 1
e 10 18 1
e 11 17 1
e 12 15 1
e 12 19 1
e 13 20 1
e 13 21 1
e 13 22 1
e 14 16 1
e 14 23 1
e 15 16 2
e 15 24 1
e 16 25 1
t # 60416
v 0 2
v 1 3
v 2 3
v 3 3
v 4 3
v 5 3
v 6 3
v 7 3
v 8 3
v 9 4
v 10 4
v 11 4
v 12 4
v 13 4
v 14 4
v 15 4
v 16 4
v 17 4
v 18 4
v 19 4
v 20 4
v 21 4
v 22 4
v 23 4
v 24 4
e 0 1 1
e 0 2 1
e 0 4 1
e 0 8 1
e 1 3 1
e 1 5 1
e 1 9 1
e 2 3 1
e 2 10 1
e 2 11 1
e 3 12 1
e 3 13 1
e 4 6 1
e 4 14 1
e 4 15 1
e 5 7 1
e 5 16 1
e 5 17 1
e 6 7 1
e 6 18 1
e 6 19 1
e 7 20 1
e 7 21 1
e 8 22 1
e 8 23 1
e 8 24 1
t # 60417
v 0 1
v 1 1
v 2 2
v 3 2
v 4 3
v 5 3
v 6 3
v 7 3
v 8 3
v 9 3
v 10 3
v 11 3
v 12 3
v 13 3
v 14 3
v 15 3
v 16 4
v 17 4
v 18 4
v 19 4
v 20 4
v 21 4
v 22 4
v 23 4
v 24 4
v 25 4
v 26 4
v 27 4
v 28 4
v 29 4
v 30 4
v 31 4
v 32 4
v 33 4
v 34 4
v 35 4
e 0 12 2
e 1 13 2
e 2 4 1
e 2 6 1
e 2 20 1
e 3 5 1
e 3 7 1
e 3 21 1
e 4 5 1
e 4 16 1
e 4 17 1
e 5 18 1
e 5 19 1
e 6 8 1
e 6 10 2
e 7 9 1
e 7 11 2
e 8 22 1
e 8 23 1
e 8 24 1
e 9 25 1
e 9 26 1
e 9 27 1
e 10 12 1
e 10 28 1
e 11 13 1
e 11 29 1
e 12 14 1
e 13 15 1
e 14 30 1
e 14 31 1
e 14 32 1
e 15 33 1
e 15 34 1
e 15 35 1
t # 60418
v 0 1
v 1 1
v 2 1
v 3 1
v 4 1
v 5 2
v 6 2
v 7 3
v 8 3
v 9 3
v 10 3
v 11 3
v 12 3
v 13 3
v 14 3
v 15 3
v 16 3
v 17 3
v 18 3
v 19 3
v 20 3
v 21 3
v 22 3
v 23 3
v 24 3
v 25 3
v 26 3
v 27 3
v 28 3
v 29 4
v 30 4
v 31 4
v 32 4
v 33 4
v 34 4
v 35 4
v 36 4
v 37 4
v 38 4
v 39 4
v 40 4
v 41 4
v 42 4
v 43 4
v 44 4
v 45 4
v 46 4
v 47 4
v 48 4
v 49 4
v 50 4
v 51 4
v 52 4
e 0 12 1
e 0 51 1
e 1 19 1
e 1 52 1
e 2 18 2
e 3 20 2
e 4 22 2
e 5 7 1
e 5 14 1
e 5 15 1
e 6 9 1
e 6 22 1
e 6 40 1
e 7 9 1
e 7 29 1
e 7 30 1
e 8 10 1
e 8 12 2
e 8 18 1
e 9 31 1
e 9 32 1
e 10 19 2
e 10 20 1
e 11 12 1
e 11 13 1
e 11 21 2
e 13 22 1
e 13 33 1
e 13 34 1
e 14 23 1
e 14 35 1
e 14 36 1
e 15 24 1
e 15 37 1
e 15 38 1
e 16 17 1
e 16 18 1
e 16 25 2
e 17 20 1
e 17 26 2
e 19 21 1
e 21 39 1
e 23 41 1
e 23 42 1
e 23 43 1
e 24 44 1
e 24 45 1
e 24 46 1
e 25 27 1
e 25 47 1
e 26 28 1
e 26 48 1
e 27 28 2
e 27 49 1
e 28 50 1
t # 60419
v 0 1
v 1 1
v 2 1
v 3 2
v 4 3
v 5 3
v 6 3
v 7 3
v 8 3
v 9 3
v 10 3
v 11 4
v 12 4
v 13 4
v 14 4
v 15 4
e 0 5 1
e 0 10 1
e 1 8 1
e 1 15 1
e 2 10 2
e 3 4 1
e 3 10 1
e 3 12 1
e 4 5 2
e 4 6 1
e 5 7 1
e 6 9 2
e 6 11 1
e 7 8 2
e 7 13 1
e 8 9 1
e 9 14 1
t # 60420
v 0 1
v 1 1
v 2 1
v 3 1
v 4 1
v 5 1
v 6 1
v 7 1
v 8 1
v 9 1
v 10 1
v 11 1
v 12 1
v 13 2
v 14 3
v 15 3
v 16 3
v 17 3
v 18 3
v 19 3
v 20 3
v 21 3
v 22 3
v 23 3
v 24 3
v 25 3
v 26 3
v 27 3
v 28 3
v 29 3
v 30 3
v 31 3
v 32 3
v 33 3
v 34 3
v 35 3
v 36 3
v 37 3
v 38 3
v 39 3
v 40 3
v 41 3
v 42 3
v 43 3
v 44 3
v 45 3
v 46 3
v 47 3
v 48 3
v 49 3
v 50 3
v 51 3
v 52 3
v 53 3
v 54 4
v 55 4
v 56 4
v 57 4
v 58 4
v 59 4
v 60 4
v 61 4
v 62 4
v 63 4
v 64 4
v 65 4
v 66 4
v 67 4
v 68 4
v 69 4
v 70 4
v 71 4
v 72 4
v 73 4
v 74 4
v 75 4
v 76 4
v 77 4
v 78 4
v 79 4
v 80 4
v 81 4
v 82 4
v 83 4
v 84 4
v 85 4
v 86 4
v 87 4
v 88 4
v 89 4
v 90 4
v 91 4
v 92 4
v 93 4
v 94 4
v 95 4
v 96 4
v 97 4
v 98 4
v 99 4
v 100 4
v 101 4
v 102 4
v 103 4
v 104 4
v 105 4
v 106 4
v 107 4
v 108 4
e 0 20 1
e 0 75 1
e 1 21 1
e 1 76 1
e 2 29 1
e 2 34 1
e 3 31 1
e 3 80 1
e 4 32 1
e 4 81 1
e 5 31 2
e 6 32 2
e 7 34 1
e 7 37 1
e 8 36 1
e 8 41 1
e 9 38 1
e 9 89 1
e 10 39 1
e 10 92 1
e 11 40 2
e 12 41 2
e 13 35 1
e 13 40 1
e 13 86 1
e 14 15 1
e 14 18 1
e 14 19 1
e 14 21 1
e 15 16 1
e 15 22 1
e 15 54 1
e 16 17 1
e 16 24 1
e 16 28 1
e 17 23 1
e 17 25 1
e 17 55 1
e 18 20 1
e 18 56 1
e 18 57 1
e 19 23 1
e 19 58 1
e 19 59 1
e 20 26 1
e 20 27 1
e 21 27 1
e 21 60 1
e 22 26 1
e 22 61 1
e 22 62 1
e 23 63 1
e 23 64 1
e 24 29 1
e 24 65 1
e 24 66 1
e 25 30 1
e 25 31 1
e 25 32 1
e 26 67 1
e 26 68 1
e 27 33 2
e 28 69 1
e 28 70 1
e 28 71 1
e 29 30 1
e 29 72 1
e 30 73 1
e 30 74 1
e 33 77 1
e 33 78 1
e 34 35 1
e 34 79 1
e 35 36 1
e 35 82 1
e 36 38 1
e 36 83 1
e 37 38 1
e 37 39 1
e 37 84 1
e 38 85 1
e 39 87 1
e 39 88 1
e 40 42 1
e 41 44 1
e 42 43 1
e 42 90 1
e 42 91 1
e 43 46 1
e 43 47 1
e 43 93 1
e 44 45 1
e 44 94 1
e 44 95 1
e 45 48 1
e 45 96 1
e 45 97 1
e 46 98 1
e 46 99 1
e 46 100 1
e 47 101 1
e 47 102 1
e 47 103 1
e 48 49 2
e 48 50 1
e 49 51 1
e 49 104 1
e 50 52 2
e 50 105 1
e 51 53 2
e 51 106 1
e 52 53 1
e 52 107 1
e 53 108 1
t # 60421
v 0 11
v 1 1
v 2 2
v 3 2
v 4 2
v 5 2
v 6 3
v 7 3
v 8 3
v 9 3
v 10 3
v 11 3
v 12 3
v 13 3
v 14 3
v 15 3
v 16 3
v 17 3
v 18 3
v 19 3
v 20 3
v 21 3
v 22 4
v 23 4
v 24 4
v 25 4
v 26 4
v 27 4
v 28 4
v 29 4
v 30 4
v 31 4
v 32 4
v 33 4
e 0 9 1
e 0 16 1
e 1 15 1
e 1 16 1
e 2 6 1
e 2 7 1
e 2 22 1
e 3 7 2
e 3 8 1
e 4 5 1
e 4 15 2
e 5 16 2
e 6 8 1
e 6 10 2
e 7 9 1
e 8 11 2
e 9 23 1
e 9 24 1
e 10 12 1
e 10 25 1
e 11 13 1
e 11 26 1
e 12 13 2
e 12 27 1
e 13 28 1
e 14 15 1
e 14 17 2
e 14 18 1
e 17 19 1
e 17 29 1
e 18 20 2
e 18 30 1
e 19 21 2
e 19 31 1
e 20 21 1
e 20 32 1
e 21 33 1
t # 60422
v 0 12
v 1 12
v 2 1
v 3 1
v 4 2
v 5 3
v 6 3
v 7 3
v 8 3
v 9 3
v 10 3
v 11 3
v 12 3
v 13 3
v 14 3
v 15 3
v 16 3
v 17 3
v 18 3
v 19 3
v 20 3
v 21 3
v 22 4
v 23 4
v 24 4
v 25 4
v 26 4
v 27 4
v 28 4
v 29 4
v 30 4
v 31 4
v 32 4
v 33 4
v 34 4
v 35 4
v 36 4
v 37 4
v 38 4
v 39 4
v 40 4
v 41 4
v 42 4
e 0 10 1
e 1 11 1
e 2 9 1
e 2 12 1
e 3 6 1
e 3 35 1
e 4 5 1
e 4 7 1
e 4 8 1
e 5 6 1
e 5 22 1
e 5 23 1
e 6 9 1
e 6 24 1
e 7 10 1
e 7 25 1
e 7 26 1
e 8 11 1
e 8 27 1
e 8 28 1
e 9 29 1
e 9 30 1
e 10 31 1
e 10 32 1
e 11 33 1
e 11 34 1
e 12 13 1
e 12 15 2
e 13 14 1
e 13 16 2
e 14 17 1
e 14 19 2
e 15 18 1
e 15 36 1
e 16 20 1
e 16 37 1
e 17 18 2
e 17 38 1
e 18 39 1
e 19 21 1
e 19 40 1
e 20 21 2
e 20 41 1
e 21 42 1
t # 60423
v 0 38
v 1 1
v 2 1
v 3 3
v 4 3
v 5 3
v 6 3
v 7 3
v 8 3
v 9 3
v 10 3
v 11 3
v 12 3
v 13 3
v 14 3
v 15 3
v 16 3
v 17 4
v 18 4
v 19 4
v 20 4
v 21 4
v 22 4
v 23 4
v 24 4
v 25 4
v 26 4
v 27 4
v 28 4
v 29 4
v 30 4
e 1 9 1
e 1 15 1
e 2 10 1
e 2 16 1
e 3 5 2
e 3 7 1
e 4 6 2
e 4 8 1
e 5 11 1
e 5 17 1
e 6 12 1
e 6 18 1
e 7 13 2
e 7 19 1
e 8 14 2
e 8 20 1
e 9 11 2
e 9 13 1
e 10 12 2
e 10 14 1
e 11 21 1
e 12 22 1
e 13 23 1
e 14 24 1
e 15 25 1
e 15 26 1
e 15 27 1
e 16 28 1
e 16 29 1
e 16 30 1
t # 60424
v 0 1
v 1 1
v 2 1
v 3 3
v 4 3
v 5 3
v 6 3
v 7 3
v 8 3
v 9 3
v 10 3
v 11 3
v 12 3
v 13 3
v 14 3
v 15 3
v 16 3
v 17 3
v 18 3
v 19 4
v 20 4
v 21 4
v 22 4
v 23 4
v 24 4
v 25 4
v 26 4
v 27 4
v 28 4
v 29 4
v 30 4
v 31 4
v 32 4
e 0 3 1
e 0 4 1
e 1 6 2
e 2 17 1
e 2 18 1
e 3 4 1
e 3 5 1
e 3 19 1
e 4 6 1
e 4 20 1
e 5 8 2
e 5 9 1
e 6 7 1
e 7 10 2
e 7 11 1
e 8 12 1
e 8 21 1
e 9 13 2
e 9 22 1
e 10 15 1
e 10 23 1
e 11 16 2
e 11 24 1
e 12 14 2
e 12 25 1
e 13 14 1
e 13 26 1
e 14 27 1
e 15 17 2
e 15 28 1
e 16 17 1
e 16 29 1
e 18 30 1
e 18 31 1
e 18 32 1
t # 60425
v 0 1
v 1 1
v 2 2
v 3 2
v 4 2
v 5 3
v 6 3
v 7 3
v 8 3
v 9 3
v 10 3
v 11 3
v 12 3
v 13 3
v 14 3
v 15 4
v 16 4
v 17 4
v 18 4
v 19 4
v 20 4
v 21 4
v 22 4
v 23 4
v 24 4
v 25 4
e 0 7 2
e 1 8 2
e 2 5 1
e 2 7 1
e 2 9 1
e 3 4 1
e 3 6 1
e 3 8 1
e 4 21 1
e 4 22 1
e 5 8 1
e 5 15 1
e 5 16 1
e 6 7 1
e 6 17 1
e 6 18 1
e 9 10 2
e 9 11 1
e 10 12 1
e 10 19 1
e 11 13 2
e 11 20 1
e 12 14 2
e 12 23 1
e 13 14 1
e 13 24 1
e 14 25 1
t # 60426
v 0 1
v 1 1
v 2 1
v 3 1
v 4 1
v 5 1
v 6 1
v 7 3
v 8 3
v 9 3
v 10 3
v 11 3
v 12 3
v 13 3
v 14 3
v 15 3
v 16 3
v 17 3
v 18 3
v 19 3
v 20 3
v 21 3
v 22 3
v 23 3
v 24 3
v 25 3
v 26 3
v 27 3
v 28 3
v 29 3
v 30 3
v 31 3
v 32 3
v 33 3
v 34 3
v 35 4
v 36 4
v 37 4
v 38 4
v 39 4
v 40 4
v 41 4
v 42 4
v 43 4
v 44 4
v 45 4
v 46 4
v 47 4
v 48 4
v 49 4
v 50 4
v 51 4
v 52 4
v 53 4
v 54 4
v 55 4
v 56 4
e 0 8 1
e 0 10 1
e 1 19 1
e 1 47 1
e 2 22 1
e 2 48 1
e 3 23 1
e 3 49 1
e 4 24 1
e 4 50 1
e 5 27 1
e 5 51 1
e 6 34 1
e 6 56 1
e 7 8 1
e 7 9 1
e 7 11 1
e 7 35 1
e 8 12 1
e 8 36 1
e 9 10 1
e 9 13 2
e 10 14 2
e 11 15 2
e 11 16 1
e 12 18 2
e 12 20 1
e 13 17 1
e 13 21 1
e 14 19 1
e 14 37 1
e 15 23 1
e 15 38 1
e 16 22 2
e 16 39 1
e 17 19 2
e 17 40 1
e 18 24 1
e 18 41 1
e 20 25 2
e 20 42 1
e 21 28 2
e 21 43 1
e 22 26 1
e 23 26 2
e 24 27 2
e 25 27 1
e 25 44 1
e 26 45 1
e 28 29 1
e 28 46 1
e 29 30 2
e 29 31 1
e 30 32 1
e 30 52 1
e 31 33 2
e 31 53 1
e 32 34 2
e 32 54 1
e 33 34 1
e 33 55 1
t # 60427
v 0 1
v 1 1
v 2 1
v 3 1
v 4 1
v 5 1
v 6 1
v 7 1
v 8 3
v 9 3
v 10 3
v 11 3
v 12 3
v 13 3
v 14 3
v 15 3
v 16 3
v 17 3
v 18 3
v 19 3
v 20 3
v 21 3
v 22 3
v 23 3
v 24 3
v 25 3
v 26 3
v 27 3
v 28 4
v 29 4
v 30 4
v 31 4
v 32 4
v 33 4
v 34 4
v 35 4
v 36 4
v 37 4
v 38 4
v 39 4
v 40 4
v 41 4
v 42 4
v 43 4
v 44 4
v 45 4
v 46 4
v 47 4
v 48 4
v 49 4
e 0 8 1
e 0 10 1
e 1 12 1
e 1 26 1
e 2 18 1
e 2 27 1
e 3 14 1
e 3 41 1
e 4 15 1
e 4 42 1
e 5 17 1
e 5 43 1
e 6 21 2
e 7 22 2
e 8 14 1
e 8 15 2
e 9 12 1
e 9 14 2
e 9 20 1
e 10 13 2
e 10 19 1
e 11 12 2
e 11 15 1
e 11 21 1
e 13 17 1
e 13 22 1
e 16 17 2
e 16 18 1
e 16 23 1
e 18 19 2
e 19 28 1
e 20 29 1
e 20 30 1
e 20 31 1
e 21 24 1
e 22 25 1
e 23 32 1
e 23 33 1
e 23 34 1
e 24 35 1
e 24 36 1
e 24 37 1
e 25 38 1
e 25 39 1
e 25 40 1
e 26 44 1
e 26 45 1
e 26 46 1
e 27 47 1
e 27 48 1
e 27 49 1
t # 60428
v 0 14
v 1 14
v 2 14
v 3 14
v 4 14
v 5 14
v 6 1
v 7 2
v 8 2
v 9 3
v 10 3
v 11 3
v 12 3
v 13 3
v 14 3
v 15 3
v 16 3
v 17 3
v 18 3
v 19 3
v 20 3
v 21 3
v 22 3
v 23 3
v 24 3
v 25 3
v 26 3
v 27 3
v 28 3
v 29 3
v 30 3
v 31 3
v 32 3
v 33 3
v 34 3
v 35 3
v 36 3
v 37 3
v 38 4
v 39 4
v 40 4
v 41 4
v 42 4
v 43 4
v 44 4
v 45 4
v 46 4
v 47 4
v 48 4
v 49 4
v 50 4
v 51 4
v 52 4
v 53 4
v 54 4
v 55 4
v 56 4
v 57 4
v 58 4
v 59 4
v 60 4
v 61 4
v 62 4
v 63 4
v 64 4
v 65 4
v 66 4
v 67 4
v 68 4
v 69 4
e 6 12 1
e 6 61 1
e 7 9 1
e 7 10 1
e 7 11 1
e 8 22 2
e 8 23 1
e 9 12 1
e 9 38 1
e 9 39 1
e 10 13 1
e 10 40 1
e 10 41 1
e 11 14 1
e 11 42 1
e 11 43 1
e 12 15 1
e 12 44 1
e 13 16 1
e 13 45 1
e 13 46 1
e 14 17 1
e 14 47 1
e 14 48 1
e 15 18 2
e 15 19 1
e 16 20 1
e 16 49 1
e 16 50 1
e 17 21 1
e 17 51 1
e 17 52 1
e 18 22 1
e 18 53 1
e 19 23 2
e 19 54 1
e 20 55 1
e 20 56 1
e 20 57 1
e 21 58 1
e 21 59 1
e 21 60 1
e 22 24 1
e 23 25 1
e 24 26 2
e 24 27 1
e 25 28 2
e 25 29 1
e 26 30 1
e 26 62 1
e 27 31 2
e 27 63 1
e 28 32 1
e 28 64 1
e 29 33 2
e 29 65 1
e 30 34 2
e 30 66 1
e 31 34 1
e 31 67 1
e 32 35 2
e 32 68 1
e 33 35 1
e 33 69 1
e 34 36 1
e 35 37 1
t # 60429
v 0 8
v 1 1
v 2 1
v 3 1
v 4 1
v 5 3
v 6 3
v 7 3
v 8 3
v 9 3
v 10 4
v 11 4
v 12 4
v 13 4
v 14 4
v 15 4
v 16 4
v 17 4
v 18 4
v 19 4
v 20 4
e 1 7 2
e 2 19 1
e 3 20 1
e 5 7 1
e 5 8 1
e 5 9 1
e 5 10 1
e 6 7 1
e 6 11 1
e 6 12 1
e 8 13 1
e 8 14 1
e 8 15 1
e 9 16 1
e 9 17 1
e 9 18 1
t # 60430
v 0 1
v 1 1
v 2 2
v 3 2
v 4 2
v 5 2
v 6 3
v 7 3
v 8 3
v 9 3
v 10 3
v 11 3
v 12 3
v 13 3
v 14 3
v 15 3
v 16 3
v 17 3
v 18 3
v 19 3
v 20 3
v 21 3
v 22 3
v 23 3
v 24 3
v 25 3
v 26 3
v 27 3
v 28 4
v 29 4
v 30 4
v 31 4
v 32 4
v 33 4
v 34 4
v 35 4
v 36 4
v 37 4
v 38 4
v 39 4
v 40 4
v 41 4
v 42 4
v 43 4
v 44 4
v 45 4
v 46 4
v 47 4
v 48 4
v 49 4
v 50 4
v 51 4
v 52 4
v 53 4
e 0 15 2
e 1 25 1
e 1 53 1
e 2 6 1
e 2 9 1
e 2 16 1
e 3 8 1
e 3 13 1
e 3 34 1
e 4 14 1
e 4 20 1
e 4 21 1
e 5 10 1
e 5 16 2
e 6 7 1
e 6 10 2
e 7 8 2
e 7 15 1
e 8 17 1
e 9 12 2
e 9 19 1
e 10 18 1
e 11 13 1
e 11 14 1
e 11 28 1
e 11 29 1
e 12 15 1
e 12 22 1
e 13 30 1
e 13 31 1
e 14 32 1
e 14 33 1
e 16 23 1
e 17 18 2
e 17 35 1
e 18 36 1
e 19 24 2
e 19 41 1
e 20 26 1
e 20 37 1
e 20 38 1
e 21 27 1
e 21 39 1
e 21 40 1
e 22 25 2
e 22 42 1
e 23 43 1
e 23 44 1
e 23 45 1
e 24 25 1
e 24 46 1
e 26 47 1
e 26 48 1
e 26 49 1
e 27 50 1
e 27 51 1
e 27 52 1
t # 60431
v 0 1
v 1 1
v 2 2
v 3 2
v 4 2
v 5 2
v 6 2
v 7 3
v 8 3
v 9 3
v 10 3
v 11 3
v 12 3
v 13 3
v 14 3
v 15 3
v 16 3
v 17 3
v 18 4
v 19 4
v 20 4
v 21 4
v 22 4
v 23 4
v 24 4
e 2 7 1
e 2 9 1
e 2 18 1
e 3 7 2
e 3 10 1
e 4 10 2
e 4 17 1
e 5 16 1
e 5 17 2
e 6 13 1
e 7 8 1
e 8 11 2
e 8 12 1
e 9 10 1
e 9 16 2
e 11 14 1
e 11 19 1
e 12 15 2
e 12 20 1
e 13 14 2
e 13 15 1
e 14 21 1
e 15 22 1
e 16 23 1
e 17 24 1
t # 60432
v 0 1
v 1 1
v 2 2
v 3 2
v 4 2
v 5 2
v 6 3
v 7 3
v 8 3
v 9 3
v 10 3
v 11 3
v 12 3
v 13 3
v 14 3
v 15 3
v 16 3
v 17 3
v 18 4
v 19 4
v 20 4
v 21 4
v 22 4
v 23 4
v 24 4
v 25 4
e 2 6 1
e 2 8 1
e 2 18 1
e 3 6 2
e 3 9 1
e 4 13 2
e 4 17 1
e 5 14 1
e 6 7 1
e 7 10 2
e 7 11 1
e 8 9 2
e 8 13 1
e 9 12 1
e 10 15 1
e 10 19 1
e 11 16 2
e 11 20 1
e 12 17 2
e 12 21 1
e 13 22 1
e 14 15 2
e 14 16 1
e 15 23 1
e 16 24 1
e 17 25 1
t # 60433
v 0 1
v 1 1
v 2 1
v 3 1
v 4 1
v 5 1
v 6 1
v 7 1
v 8 1
v 9 1
v 10 2
v 11 3
v 12 3
v 13 3
v 14 3
v 15 3
v 16 3
v 17 3
v 18 3
v 19 3
v 20 3
v 21 3
v 22 3
v 23 3
v 24 3
v 25 3
v 26 3
v 27 3
v 28 3
v 29 3
v 30 3
v 31 3
v 32 3
v 33 3
v 34 3
v 35 3
v 36 3
v 37 3
v 38 4
v 39 4
v 40 4
v 41 4
v 42 4
v 43 4
v 44 4
v 45 4
v 46 4
v 47 4
v 48 4
v 49 4
v 50 4
v 51 4
v 52 4
v 53 4
v 54 4
v 55 4
v 56 4
v 57 4
v 58 4
v 59 4
v 60 4
v 61 4
v 62 4
v 63 4
v 64 4
v 65 4
v 66 4
v 67 4
v 68 4
e 0 13 1
e 0 18 1
e 1 11 1
e 1 50 1
e 2 18 1
e 2 24 1
e 3 17 1
e 3 54 1
e 4 21 1
e 4 60 1
e 5 22 1
e 5 61 1
e 6 23 1
e 6 62 1
e 7 29 2
e 8 30 2
e 9 33 1
e 9 37 1
e 10 20 1
e 10 58 1
e 10 59 1
e 11 12 1
e 11 14 1
e 11 17 1
e 12 13 1
e 12 38 1
e 12 39 1
e 13 15 1
e 13 40 1
e 14 16 1
e 14 41 1
e 14 42 1
e 15 16 2
e 15 22 1
e 16 23 1
e 17 27 1
e 17 43 1
e 18 19 1
e 18 44 1
e 19 20 1
e 19 45 1
e 19 46 1
e 20 21 1
e 20 47 1
e 21 24 1
e 21 48 1
e 22 25 2
e 23 26 2
e 24 28 1
e 24 49 1
e 25 26 1
e 25 29 1
e 26 30 1
e 27 51 1
e 27 52 1
e 27 53 1
e 28 55 1
e 28 56 1
e 28 57 1
e 29 31 1
e 30 32 1
e 31 32 2
e 31 33 1
e 32 34 1
e 33 35 2
e 34 36 2
e 34 63 1
e 35 36 1
e 35 64 1
e 36 65 1
e 37 66 1
e 37 67 1
e 37 68 1
t # 60434
v 0 12
v 1 12
v 2 2
v 3 2
v 4 2
v 5 3
v 6 3
v 7 3
v 8 3
v 9 3
v 10 3
v 11 3
v 12 3
v 13 3
v 14 3
v 15 4
v 16 4
v 17 4
v 18 4
v 19 4
v 20 4
v 21 4
v 22 4
v 23 4
v 24 4
v 25 4
v 26 4
v 27 4
v 28 4
v 29 4
e 0 10 1
e 1 11 1
e 2 5 1
e 2 6 1
e 2 7 1
e 3 12 1
e 3 26 1
e 3 27 1
e 4 13 1
e 4 28 1
e 4 29 1
e 5 8 2
e 5 9 1
e 6 10 1
e 6 15 1
e 6 16 1
e 7 11 1
e 7 17 1
e 7 18 1
e 8 13 1
e 8 19 1
e 9 12 2
e 9 20 1
e 10 21 1
e 10 22 1
e 11 23 1
e 11 24 1
e 12 14 1
e 13 14 2
e 14 25 1
t # 60435
v 0 12
v 1 12
v 2 2
v 3 3
v 4 3
v 5 3
v 6 3
v 7 3
v 8 3
v 9 3
v 10 3
v 11 4
v 12 4
v 13 4
v 14 4
v 15 4
v 16 4
v 17 4
v 18 4
v 19 4
v 20 4
v 21 4
v 22 4
v 23 4
v 24 4
v 25 4
e 0 9 1
e 1 10 1
e 2 3 1
e 2 6 1
e 2 8 1
e 3 4 1
e 3 9 1
e 3 11 1
e 4 5 1
e 4 12 1
e 4 13 1
e 5 7 1
e 5 14 1
e 5 15 1
e 6 7 1
e 6 16 1
e 6 17 1
e 7 18 1
e 7 19 1
e 8 10 1
e 8 20 1
e 8 21 1
e 9 22 1
e 9 23 1
e 10 24 1
e 10 25 1
t # 60436
v 0 12
v 1 8
v 2 1
v 3 1
v 4 1
v 5 1
v 6 1
v 7 2
v 8 2
v 9 3
v 10 3
v 11 3
v 12 3
v 13 3
v 14 3
v 15 4
v 16 4
v 17 4
v 18 4
v 19 4
v 20 4
v 21 4
v 22 4
e 2 11 1
e 2 13 1
e 3 12 1
e 3 14 1
e 5 13 2
e 6 14 2
e 7 9 1
e 7 13 1
e 8 10 1
e 8 14 1
e 9 11 1
e 9 15 1
e 9 16 1
e 10 12 1
e 10 17 1
e 10 18 1
e 11 19 1
e 11 20 1
e 12 21 1
e 12 22 1
t # 60437
v 0 11
v 1 2
v 2 2
v 3 2
v 4 3
v 5 3
v 6 3
v 7 4
v 8 4
v 9 4
v 10 4
v 11 4
e 0 4 1
e 0 6 1
e 1 5 2
e 1 6 1
e 2 5 1
e 2 9 1
e 2 10 1
e 3 6 2
e 3 11 1
e 4 5 1
e 4 7 1
e 4 8 1
t # 60438
v 0 1
v 1 1
v 2 1
v 3 1
v 4 1
v 5 2
v 6 3
v 7 3
v 8 3
v 9 3
v 10 3
v 11 3
v 12 3
v 13 3
v 14 3
v 15 3
v 16 3
v 17 3
v 18 3
v 19 3
v 20 3
v 21 3
v 22 3
v 23 3
v 24 4
v 25 4
v 26 4
v 27 4
v 28 4
v 29 4
v 30 4
v 31 4
v 32 4
v 33 4
v 34 4
v 35 4
v 36 4
v 37 4
v 38 4
v 39 4
v 40 4
e 0 8 1
e 0 16 1
e 1 11 1
e 1 16 1
e 2 12 1
e 2 23 1
e 3 15 1
e 3 20 1
e 4 13 1
e 4 31 1
e 5 9 1
e 5 15 2
e 6 7 2
e 6 8 1
e 6 10 1
e 7 9 1
e 7 12 1
e 8 11 2
e 9 13 2
e 10 17 1
e 10 24 1
e 10 25 1
e 11 13 1
e 12 14 2
e 14 15 1
e 14 18 1
e 16 26 1
e 16 27 1
e 17 19 2
e 17 28 1
e 18 20 2
e 18 29 1
e 19 21 1
e 19 22 1
e 20 30 1
e 21 32 1
e 21 33 1
e 21 34 1
e 22 35 1
e 22 36 1
e 22 37 1
e 23 38 1
e 23 39 1
e 23 40 1
t # 60439
v 0 1
v 1 1
v 2 1
v 3 1
v 4 1
v 5 1
v 6 1
v 7 1
v 8 1
v 9 2
v 10 3
v 11 3
v 12 3
v 13 3
v 14 3
v 15 3
v 16 3
v 17 3
v 18 3
v 19 3
v 20 3
v 21 3
v 22 3
v 23 3
v 24 3
v 25 3
v 26 3
v 27 3
v 28 3
v 29 3
v 30 3
v 31 3
v 32 3
v 33 3
v 34 3
v 35 4
v 36 4
v 37 4
v 38 4
v 39 4
v 40 4
v 41 4
v 42 4
v 43 4
v 44 4
v 45 4
v 46 4
v 47 4
v 48 4
v 49 4
v 50 4
v 51 4
v 52 4
v 53 4
v 54 4
v 55 4
v 56 4
v 57 4
v 58 4
v 59 4
v 60 4
v 61 4
e 0 10 1
e 0 12 1
e 1 12 1
e 1 20 1
e 2 15 1
e 2 52 1
e 3 17 1
e 3 53 1
e 4 21 1
e 4 54 1
e 5 22 1
e 5 55 1
e 6 26 2
e 7 27 2
e 8 30 1
e 8 34 1
e 9 13 1
e 9 50 1
e 9 51 1
e 10 11 1
e 10 14 1
e 10 35 1
e 11 15 1
e 11 36 1
e 11 37 1
e 12 16 1
e 12 38 1
e 13 16 1
e 13 17 1
e 13 39 1
e 14 19 2
e 14 21 1
e 15 18 1
e 15 40 1
e 16 41 1
e 16 42 1
e 17 20 1
e 17 43 1
e 18 19 1
e 18 44 1
e 18 45 1
e 19 22 1
e 20 25 1
e 20 46 1
e 21 23 2
e 22 24 2
e 23 24 1
e 23 26 1
e 24 27 1
e 25 47 1
e 25 48 1
e 25 49 1
e 26 28 1
e 27 29 1
e 28 29 2
e 28 30 1
e 29 31 1
e 30 32 2
e 31 33 2
e 31 56 1
e 32 33 1
e 32 57 1
e 33 58 1
e 34 59 1
e 34 60 1
e 34 61 1
t # 60440
v 0 1
v 1 1
v 2 1
v 3 2
v 4 2
v 5 2
v 6 2
v 7 2
v 8 3
v 9 3
v 10 3
v 11 3
v 12 3
v 13 3
v 14 3
v 15 3
v 16 3
v 17 3
v 18 3
v 19 3
v 20 3
v 21 3
v 22 3
v 23 3
v 24 4
v 25 4
v 26 4
v 27 4
v 28 4
v 29 4
v 30 4
v 31 4
v 32 4
v 33 4
v 34 4
v 35 4
v 36 4
v 37 4
v 38 4
e 3 8 1
e 3 9 1
e 3 12 1
e 4 10 1
e 4 11 1
e 4 13 1
e 5 14 2
e 6 16 2
e 7 20 1
e 8 10 1
e 8 24 1
e 8 25 1
e 9 11 1
e 9 26 1
e 9 27 1
e 10 28 1
e 10 29 1
e 11 30 1
e 11 31 1
e 12 14 1
e 12 15 2
e 13 17 2
e 13 18 1
e 14 16 1
e 15 19 1
e 15 32 1
e 16 20 1
e 17 21 1
e 17 33 1
e 18 22 2
e 18 34 1
e 19 20 2
e 19 35 1
e 21 23 2
e 21 36 1
e 22 23 1
e 22 37 1
e 23 38 1
t # 60441
v 0 1
v 1 1
v 2 1
v 3 2
v 4 2
v 5 2
v 6 3
v 7 3
v 8 3
v 9 3
v 10 3
v 11 3
v 12 3
v 13 3
v 14 3
v 15 3
v 16 4
v 17 4
v 18 4
v 19 4
v 20 4
v 21 4
v 22 4
v 23 4
v 24 4
e 0 7 2
e 1 8 2
e 2 11 2
e 3 6 1
e 3 7 1
e 3 8 1
e 4 5 1
e 4 7 1
e 4 11 1
e 5 8 1
e 5 16 1
e 6 9 2
e 6 10 1
e 9 12 1
e 9 17 1
e 10 13 2
e 10 18 1
e 11 14 1
e 12 15 2
e 12 19 1
e 13 15 1
e 13 20 1
e 14 21 1
e 14 22 1
e 14 23 1
e 15 24 1
t # 60442
v 0 1
v 1 1
v 2 1
v 3 2
v 4 3
v 5 3
v 6 3
v 7 3
v 8 3
v 9 3
v 10 3
v 11 3
v 12 3
v 13 3
v 14 3
v 15 3
v 16 4
v 17 4
v 18 4
v 19 4
v 20 4
v 21 4
v 22 4
v 23 4
v 24 4
v 25 4
v 26 4
v 27 4
v 28 4
v 29 4
v 30 4
e 0 5 1
e 0 9 1
e 1 9 2
e 2 15 2
e 3 4 1
e 3 6 1
e 3 7 1
e 4 5 1
e 4 16 1
e 4 17 1
e 5 18 1
e 5 19 1
e 6 20 1
e 6 21 1
e 6 22 1
e 7 23 1
e 7 24 1
e 7 25 1
e 8 9 1
e 8 10 2
e 8 11 1
e 10 13 1
e 10 26 1
e 11 14 2
e 11 27 1
e 12 13 2
e 12 14 1
e 12 15 1
e 13 28 1
e 14 29 1
e 15 30 1
t # 60443
v 0 1
v 1 1
v 2 2
v 3 3
v 4 3
v 5 3
v 6 3
v 7 3
v 8 3
v 9 3
v 10 3
v 11 3
v 12 3
v 13 3
v 14 3
v 15 3
v 16 3
v 17 3
v 18 3
v 19 3
v 20 4
v 21 4
v 22 4
v 23 4
v 24 4
v 25 4
v 26 4
v 27 4
v 28 4
v 29 4
v 30 4
v 31 4
v 32 4
v 33 4
v 34 4
e 0 12 2
e 1 17 2
e 2 4 1
e 2 17 1
e 2 26 1
e 3 5 2
e 3 6 1
e 3 9 1
e 4 7 2
e 4 8 1
e 5 7 1
e 5 20 1
e 6 8 2
e 6 21 1
e 7 22 1
e 8 23 1
e 9 11 2
e 9 24 1
e 10 12 1
e 10 13 2
e 10 14 1
e 11 12 1
e 11 25 1
e 13 15 1
e 13 27 1
e 14 16 2
e 14 28 1
e 15 18 2
e 15 29 1
e 16 18 1
e 16 30 1
e 17 19 1
e 18 31 1
e 19 32 1
e 19 33 1
e 19 34 1
t # 60444
v 0 8
v 1 1
v 2 1
v 3 1
v 4 2
v 5 3
v 6 3
v 7 3
v 8 3
v 9 3
v 10 4
v 11 4
v 12 4
v 13 4
v 14 4
v 15 4
v 16 4
v 17 4
v 18 4
v 19 4
v 20 4
v 21 4
v 22 4
v 23 4
v 24 4
e 1 23 1
e 2 24 1
e 4 5 1
e 4 7 1
e 4 8 1
e 4 9 1
e 5 6 1
e 5 10 1
e 5 11 1
e 6 12 1
e 6 13 1
e 7 14 1
e 7 15 1
e 7 16 1
e 8 17 1
e 8 18 1
e 8 19 1
e 9 20 1
e 9 21 1
e 9 22 1
t # 60445
v 0 1
v 1 1
v 2 3
v 3 3
v 4 3
v 5 3
v 6 3
v 7 3
v 8 3
v 9 3
v 10 3
v 11 3
v 12 3
v 13 3
v 14 3
v 15 3
v 16 3
v 17 3
v 18 3
v 19 3
v 20 4
v 21 4
v 22 4
v 23 4
v 24 4
v 25 4
v 26 4
v 27 4
v 28 4
v 29 4
v 30 4
v 31 4
v 32 4
v 33 4
v 34 4
v 35 4
v 36 4
v 37 4
v 38 4
v 39 4
v 40 4
v 41 4
v 42 4
v 43 4
v 44 4
v 45 4
v 46 4
v 47 4
e 0 16 1
e 0 47 1
e 1 16 2
e 2 3 1
e 2 4 1
e 2 20 1
e 2 21 1
e 3 5 1
e 3 22 1
e 3 23 1
e 4 6 1
e 4 24 1
e 4 25 1
e 5 7 1
e 5 26 1
e 5 27 1
e 6 8 1
e 6 28 1
e 6 29 1
e 7 9 1
e 7 30 1
e 7 31 1
e 8 10 1
e 8 32 1
e 8 33 1
e 9 11 1
e 9 34 1
e 9 35 1
e 10 12 1
e 10 36 1
e 10 37 1
e 11 13 1
e 11 38 1
e 11 39 1
e 12 16 1
e 12 40 1
e 12 41 1
e 13 14 2
e 13 15 1
e 14 17 1
e 14 42 1
e 15 18 2
e 15 43 1
e 17 19 2
e 17 44 1
e 18 19 1
e 18 45 1
e 19 46 1
t # 60446
v 0 1
v 1 2
v 2 3
v 3 3
v 4 3
v 5 3
v 6 3
v 7 3
v 8 4
v 9 4
v 10 4
v 11 4
v 12 4
v 13 4
v 14 4
v 15 4
v 16 4
v 17 4
v 18 4
v 19 4
v 20 4
v 21 4
e 0 6 2
e 1 2 1
e 1 3 1
e 1 4 1
e 1 5 1
e 2 6 1
e 2 8 1
e 2 9 1
e 3 10 1
e 3 11 1
e 3 12 1
e 4 13 1
e 4 14 1
e 4 15 1
e 5 16 1
e 5 17 1
e 5 18 1
e 6 7 1
e 7 19 1
e 7 20 1
e 7 21 1
t # 60447
v 0 1
v 1 2
v 2 2
v 3 3
v 4 3
v 5 3
v 6 3
v 7 4
v 8 4
v 9 4
v 10 4
v 11 4
v 12 4
v 13 4
v 14 4
v 15 4
v 16 4
e 0 5 2
e 1 4 1
e 1 13 1
e 1 14 1
e 2 6 1
e 2 15 1
e 2 16 1
e 3 4 1
e 3 5 1
e 3 7 1
e 3 8 1
e 4 9 1
e 4 10 1
e 5 6 1
e 6 11 1
e 6 12 1
t # 60448
v 0 11
v 1 11
v 2 1
v 3 1
v 4 1
v 5 1
v 6 1
v 7 1
v 8 2
v 9 2
v 10 2
v 11 3
v 12 3
v 13 3
v 14 3
v 15 3
v 16 3
v 17 3
v 18 3
v 19 3
v 20 3
v 21 3
v 22 3
v 23 3
v 24 3
v 25 3
v 26 3
v 27 3
v 28 3
v 29 3
v 30 3
v 31 3
v 32 3
v 33 3
v 34 4
v 35 4
v 36 4
v 37 4
v 38 4
v 39 4
v 40 4
v 41 4
v 42 4
v 43 4
v 44 4
v 45 4
v 46 4
v 47 4
v 48 4
v 49 4
v 50 4
v 51 4
v 52 4
v 53 4
v 54 4
v 55 4
v 56 4
v 57 4
v 58 4
e 0 3 2
e 0 4 2
e 0 26 1
e 1 6 2
e 1 7 2
e 1 33 1
e 2 17 1
e 2 32 1
e 5 58 1
e 8 11 1
e 8 16 1
e 8 34 1
e 9 14 2
e 9 15 1
e 10 18 1
e 10 42 1
e 11 12 2
e 11 13 1
e 12 14 1
e 12 19 1
e 13 15 1
e 13 20 2
e 14 23 1
e 15 24 2
e 16 17 2
e 16 21 1
e 17 22 1
e 18 22 2
e 18 25 1
e 19 27 2
e 19 35 1
e 20 28 1
e 20 36 1
e 21 25 2
e 21 37 1
e 22 38 1
e 23 29 2
e 23 40 1
e 24 30 1
e 24 41 1
e 25 39 1
e 26 31 1
e 26 43 1
e 26 44 1
e 27 29 1
e 27 45 1
e 28 30 2
e 28 46 1
e 29 47 1
e 30 48 1
e 31 49 1
e 31 50 1
e 31 51 1
e 32 52 1
e 32 53 1
e 32 54 1
e 33 55 1
e 33 56 1
e 33 57 1
t # 60449
v 0 12
v 1 12
v 2 2
v 3 2
v 4 3
v 5 3
v 6 3
v 7 3
v 8 3
v 9 3
v 10 3
v 11 3
v 12 3
v 13 3
v 14 3
v 15 3
v 16 4
v 17 4
v 18 4
v 19 4
v 20 4
v 21 4
v 22 4
v 23 4
v 24 4
v 25 4
v 26 4
v 27 4
v 28 4
v 29 4
v 30 4
v 31 4
v 32 4
v 33 4
e 0 13 1
e 1 14 1
e 2 4 1
e 2 5 1
e 2 6 1
e 3 15 1
e 3 32 1
e 3 33 1
e 4 9 2
e 4 10 1
e 5 13 1
e 5 16 1
e 5 17 1
e 6 14 1
e 6 18 1
e 6 19 1
e 7 8 1
e 7 11 2
e 7 12 1
e 8 15 1
e 8 20 1
e 8 21 1
e 9 11 1
e 9 22 1
e 10 12 2
e 10 23 1
e 11 24 1
e 12 25 1
e 13 26 1
e 13 27 1
e 14 28 1
e 14 29 1
e 15 30 1
e 15 31 1
t # 60450
v 0 1
v 1 1
v 2 1
v 3 1
v 4 2
v 5 2
v 6 3
v 7 3
v 8 3
v 9 3
v 10 3
v 11 3
v 12 3
v 13 3
v 14 3
v 15 3
v 16 3
v 17 3
v 18 3
v 19 4
v 20 4
v 21 4
v 22 4
v 23 4
v 24 4
v 25 4
v 26 4
v 27 4
v 28 4
v 29 4
v 30 4
e 0 13 1
e 0 29 1
e 1 14 1
e 1 30 1
e 2 13 2
e 3 14 2
e 4 9 1
e 4 10 1
e 4 23 1
e 5 8 1
e 5 12 1
e 5 24 1
e 6 7 1
e 6 8 2
e 6 11 1
e 7 9 1
e 7 19 1
e 7 20 1
e 8 10 1
e 9 13 1
e 9 21 1
e 10 14 1
e 10 22 1
e 11 12 1
e 11 15 2
e 12 16 2
e 15 17 1
e 15 25 1
e 16 18 1
e 16 26 1
e 17 18 2
e 17 27 1
e 18 28 1
t # 60451
v 0 1
v 1 2
v 2 2
v 3 3
v 4 3
v 5 3
v 6 4
v 7 4
v 8 4
v 9 4
v 10 4
v 11 4
v 12 4
v 13 4
e 0 4 2
e 1 3 1
e 1 5 1
e 1 8 1
e 2 4 1
e 2 12 1
e 2 13 1
e 3 4 1
e 3 6 1
e 3 7 1
e 5 9 1
e 5 10 1
e 5 11 1
t # 60452
v 0 12
v 1 12
v 2 1
v 3 1
v 4 2
v 5 2
v 6 2
v 7 2
v 8 2
v 9 3
v 10 3
v 11 3
v 12 3
v 13 3
v 14 3
v 15 3
v 16 3
v 17 3
v 18 3
v 19 3
v 20 3
v 21 3
v 22 3
v 23 3
v 24 3
v 25 3
v 26 3
v 27 3
v 28 3
v 29 3
v 30 3
v 31 3
v 32 3
v 33 3
v 34 3
v 35 3
v 36 3
v 37 3
v 38 3
v 39 3
v 40 3
v 41 3
v 42 3
v 43 4
v 44 4
v 45 4
v 46 4
v 47 4
v 48 4
v 49 4
v 50 4
v 51 4
v 52 4
v 53 4
v 54 4
v 55 4
v 56 4
v 57 4
v 58 4
v 59 4
v 60 4
v 61 4
v 62 4
v 63 4
v 64 4
v 65 4
v 66 4
v 67 4
v 68 4
v 69 4
v 70 4
v 71 4
v 72 4
v 73 4
v 74 4
v 75 4
e 0 39 1
e 1 40 1
e 2 33 1
e 2 41 1
e 3 34 1
e 3 42 1
e 4 11 1
e 4 12 1
e 4 55 1
e 5 13 1
e 5 15 1
e 5 56 1
e 6 14 1
e 6 16 1
e 6 57 1
e 7 21 2
e 7 23 1
e 8 22 2
e 8 24 1
e 9 11 1
e 9 13 1
e 9 43 1
e 9 44 1
e 10 12 1
e 10 14 1
e 10 45 1
e 10 46 1
e 11 47 1
e 11 48 1
e 12 49 1
e 12 50 1
e 13 51 1
e 13 52 1
e 14 53 1
e 14 54 1
e 15 17 2
e 15 19 1
e 16 18 2
e 16 20 1
e 17 21 1
e 17 25 1
e 18 22 1
e 18 26 1
e 19 23 2
e 19 27 1
e 20 24 2
e 20 28 1
e 21 29 1
e 22 30 1
e 23 31 1
e 24 32 1
e 25 33 2
e 25 58 1
e 26 34 2
e 26 59 1
e 27 37 2
e 27 60 1
e 28 38 2
e 28 61 1
e 29 35 2
e 29 62 1
e 30 36 2
e 30 63 1
e 31 39 2
e 31 64 1
e 32 40 2
e 32 65 1
e 33 35 1
e 34 36 1
e 35 66 1
e 36 67 1
e 37 39 1
e 37 68 1
e 38 40 1
e 38 69 1
e 41 70 1
e 41 71 1
e 41 72 1
e 42 73 1
e 42 74 1
e 42 75 1
t # 60453
v 0 1
v 1 1
v 2 3
v 3 3
v 4 3
v 5 3
v 6 3
v 7 3
v 8 3
v 9 4
v 10 4
v 11 4
v 12 4
v 13 4
v 14 4
v 15 4
v 16 4
v 17 4
v 18 4
e 0 8 1
e 0 18 1
e 1 8 2
e 2 3 1
e 2 4 1
e 2 5 1
e 2 9 1
e 3 4 1
e 3 6 1
e 3 10 1
e 4 8 1
e 4 11 1
e 5 7 1
e 5 12 1
e 5 13 1
e 6 7 1
e 6 14 1
e 6 15 1
e 7 16 1
e 7 17 1
t # 60454
v 0 2
v 1 3
v 2 3
v 3 3
v 4 3
v 5 3
v 6 3
v 7 3
v 8 3
v 9 3
v 10 3
v 11 3
v 12 3
v 13 3
v 14 3
v 15 3
v 16 3
v 17 3
v 18 4
v 19 4
v 20 4
v 21 4
v 22 4
v 23 4
v 24 4
v 25 4
v 26 4
v 27 4
v 28 4
v 29 4
v 30 4
v 31 4
v 32 4
v 33 4
v 34 4
v 35 4
v 36 4
v 37 4
v 38 4
e 0 3 1
e 0 10 1
e 0 11 1
e 1 2 1
e 1 4 1
e 1 5 1
e 1 18 1
e 2 3 1
e 2 19 1
e 2 20 1
e 3 21 1
e 3 22 1
e 4 6 2
e 4 8 1
e 5 7 2
e 5 9 1
e 6 12 1
e 6 23 1
e 7 13 1
e 7 24 1
e 8 14 2
e 8 25 1
e 9 15 2
e 9 26 1
e 10 27 1
e 10 28 1
e 10 29 1
e 11 30 1
e 11 31 1
e 11 32 1
e 12 16 2
e 12 33 1
e 13 17 2
e 13 34 1
e 14 16 1
e 14 35 1
e 15 17 1
e 15 36 1
e 16 37 1
e 17 38 1
t # 60455
v 0 1
v 1 1
v 2 1
v 3 1
v 4 3
v 5 3
v 6 3
v 7 3
v 8 3
v 9 3
v 10 3
v 11 3
v 12 3
v 13 3
v 14 4
v 15 4
v 16 4
v 17 4
v 18 4
v 19 4
v 20 4
v 21 4
v 22 4
v 23 4
v 24 4
v 25 4
e 0 4 1
e 0 5 1
e 1 9 1
e 1 13 1
e 2 12 1
e 2 25 1
e 3 12 2
e 4 6 1
e 4 12 1
e 4 14 1
e 5 7 2
e 5 8 1
e 6 15 1
e 6 16 1
e 6 17 1
e 7 10 1
e 7 18 1
e 8 11 2
e 8 19 1
e 9 10 2
e 9 11 1
e 10 20 1
e 11 21 1
e 13 22 1
e 13 23 1
e 13 24 1
t # 60456
v 0 1
v 1 1
v 2 1
v 3 1
v 4 3
v 5 3
v 6 3
v 7 3
v 8 3
v 9 3
v 10 3
v 11 3
v 12 3
v 13 3
v 14 4
v 15 4
v 16 4
v 17 4
v 18 4
v 19 4
v 20 4
v 21 4
v 22 4
v 23 4
v 24 4
v 25 4
v 26 4
v 27 4
e 0 12 1
e 0 26 1
e 1 13 1
e 1 27 1
e 2 12 2
e 3 13 2
e 4 6 1
e 4 8 1
e 4 14 1
e 4 15 1
e 5 7 1
e 5 9 1
e 5 16 1
e 5 17 1
e 6 10 1
e 6 18 1
e 6 19 1
e 7 11 1
e 7 20 1
e 7 21 1
e 8 12 1
e 8 22 1
e 8 23 1
e 9 13 1
e 9 24 1
e 9 25 1
t # 60457
v 0 11
v 1 2
v 2 3
v 3 3
v 4 3
v 5 3
v 6 3
v 7 3
v 8 3
v 9 4
v 10 4
v 11 4
v 12 4
v 13 4
v 14 4
v 15 4
v 16 4
v 17 4
e 0 4 1
e 1 3 1
e 1 8 2
e 2 3 1
e 2 4 1
e 2 9 1
e 2 10 1
e 3 5 2
e 4 11 1
e 4 12 1
e 5 6 1
e 5 13 1
e 6 7 2
e 6 14 1
e 7 8 1
e 7 15 1
e 8 16 1
t # 60458
v 0 11
v 1 11
v 2 2
v 3 3
v 4 3
v 5 3
v 6 3
v 7 4
v 8 4
v 9 4
v 10 4
v 11 4
v 12 4
v 13 4
v 14 4
v 15 4
e 0 6 1
e 2 5 1
e 2 13 1
e 2 14 1
e 3 4 1
e 3 5 1
e 3 7 1
e 3 8 1
e 4 6 1
e 4 9 1
e 4 10 1
e 5 11 1
e 5 12 1
t # 60459
v 0 1
v 1 1
v 2 2
v 3 2
v 4 3
v 5 3
v 6 3
v 7 3
v 8 3
v 9 3
v 10 3
v 11 3
v 12 3
v 13 3
v 14 3
v 15 3
v 16 3
v 17 3
v 18 3
v 19 3
v 20 3
v 21 3
v 22 4
v 23 4
v 24 4
v 25 4
v 26 4
v 27 4
v 28 4
v 29 4
v 30 4
v 31 4
v 32 4
v 33 4
v 34 4
v 35 4
v 36 4
v 37 4
e 0 12 1
e 0 37 1
e 1 12 2
e 2 4 1
e 2 8 1
e 2 26 1
e 3 5 1
e 3 10 1
e 3 27 1
e 4 5 1
e 4 11 1
e 4 22 1
e 5 6 2
e 6 7 1
e 6 9 1
e 7 8 1
e 7 23 1
e 7 24 1
e 8 12 1
e 8 25 1
e 9 10 1
e 9 13 2
e 10 14 2
e 11 15 2
e 11 16 1
e 13 17 1
e 13 28 1
e 14 18 1
e 14 29 1
e 15 19 1
e 15 30 1
e 16 20 2
e 16 31 1
e 17 18 2
e 17 32 1
e 18 33 1
e 19 21 2
e 19 34 1
e 20 21 1
e 20 35 1
e 21 36 1
t # 60460
v 0 1
v 1 1
v 2 1
v 3 2
v 4 2
v 5 3
v 6 3
v 7 3
v 8 3
v 9 3
v 10 3
v 11 3
v 12 3
v 13 3
v 14 3
v 15 3
v 16 3
v 17 3
v 18 4
v 19 4
v 20 4
v 21 4
v 22 4
v 23 4
v 24 4
v 25 4
v 26 4
v 27 4
v 28 4
v 29 4
v 30 4
v 31 4
e 0 12 1
e 0 30 1
e 1 13 1
e 1 31 1
e 2 13 2
e 3 5 1
e 3 9 1
e 3 22 1
e 4 7 1
e 4 11 1
e 4 23 1
e 5 7 1
e 5 12 1
e 5 18 1
e 6 7 2
e 6 8 1
e 6 10 1
e 8 9 1
e 8 19 1
e 8 20 1
e 9 13 1
e 9 21 1
e 10 11 1
e 10 14 2
e 11 15 2
e 12 24 1
e 12 25 1
e 14 16 1
e 14 26 1
e 15 17 1
e 15 27 1
e 16 17 2
e 16 28 1
e 17 29 1
t # 60461
v 0 11
v 1 11
v 2 1
v 3 1
v 4 1
v 5 1
v 6 1
v 7 1
v 8 3
v 9 3
v 10 3
v 11 3
v 12 4
v 13 4
v 14 4
v 15 4
v 16 4
v 17 4
v 18 4
v 19 4
e 0 4 2
e 0 5 2
e 0 8 1
e 1 6 2
e 1 7 2
e 1 8 1
e 2 10 1
e 3 11 1
e 8 12 1
e 8 13 1
e 9 10 1
e 9 11 1
e 9 14 1
e 9 15 1
e 10 16 1
e 10 17 1
e 11 18 1
e 11 19 1
t # 60462
v 0 2
v 1 2
v 2 2
v 3 3
v 4 3
v 5 3
v 6 3
v 7 3
v 8 3
v 9 3
v 10 3
v 11 3
v 12 3
v 13 3
v 14 4
v 15 4
v 16 4
v 17 4
v 18 4
v 19 4
v 20 4
v 21 4
v 22 4
e 0 4 1
e 0 7 1
e 0 14 1
e 1 3 1
e 1 7 2
e 2 6 1
e 2 13 2
e 3 4 2
e 3 5 1
e 4 8 1
e 5 6 2
e 5 10 1
e 6 9 1
e 7 11 1
e 8 9 2
e 8 15 1
e 9 16 1
e 10 12 2
e 10 17 1
e 11 18 1
e 11 19 1
e 11 20 1
e 12 13 1
e 12 21 1
e 13 22 1
t # 60463
v 0 1
v 1 1
v 2 1
v 3 2
v 4 3
v 5 3
v 6 3
v 7 3
v 8 3
v 9 3
v 10 3
v 11 3
v 12 4
v 13 4
v 14 4
v 15 4
v 16 4
v 17 4
v 18 4
e 0 6 1
e 0 9 1
e 1 4 1
e 1 18 1
e 2 9 2
e 3 4 1
e 3 9 1
e 3 13 1
e 4 5 1
e 4 12 1
e 5 6 1
e 5 7 2
e 6 8 2
e 7 10 1
e 7 14 1
e 8 11 1
e 8 15 1
e 10 11 2
e 10 16 1
e 11 17 1
t # 60464
v 0 1
v 1 1
v 2 1
v 3 1
v 4 2
v 5 3
v 6 3
v 7 3
v 8 3
v 9 3
v 10 3
v 11 3
v 12 3
v 13 3
v 14 3
v 15 3
v 16 3
v 17 3
v 18 3
v 19 3
v 20 3
v 21 3
v 22 3
v 23 3
v 24 4
v 25 4
v 26 4
v 27 4
v 28 4
v 29 4
v 30 4
v 31 4
v 32 4
v 33 4
v 34 4
v 35 4
v 36 4
v 37 4
v 38 4
v 39 4
v 40 4
v 41 4
v 42 4
e 0 19 1
e 0 22 1
e 1 17 1
e 1 36 1
e 2 21 1
e 2 23 1
e 3 18 2
e 4 5 1
e 4 10 1
e 4 13 1
e 5 6 1
e 5 7 2
e 6 9 1
e 6 24 1
e 6 25 1
e 7 8 1
e 7 12 1
e 8 11 1
e 8 14 2
e 9 15 2
e 9 16 1
e 10 11 2
e 10 26 1
e 11 27 1
e 12 17 2
e 12 28 1
e 13 29 1
e 13 30 1
e 13 31 1
e 14 18 1
e 14 32 1
e 15 19 1
e 15 33 1
e 16 20 2
e 16 34 1
e 17 18 1
e 19 21 2
e 20 21 1
e 20 35 1
e 22 37 1
e 22 38 1
e 22 39 1
e 23 40 1
e 23 41 1
e 23 42 1
t # 60465
v 0 1
v 1 1
v 2 2
v 3 2
v 4 2
v 5 2
v 6 2
v 7 3
v 8 3
v 9 3
v 10 3
v 11 3
v 12 3
v 13 3
v 14 3
v 15 3
v 16 3
v 17 3
v 18 3
v 19 3
v 20 3
v 21 3
v 22 3
v 23 3
v 24 3
v 25 3
v 26 3
v 27 4
v 28 4
v 29 4
v 30 4
v 31 4
v 32 4
v 33 4
v 34 4
v 35 4
v 36 4
v 37 4
v 38 4
v 39 4
v 40 4
v 41 4
v 42 4
v 43 4
v 44 4
v 45 4
e 0 24 1
e 0 25 1
e 1 24 2
e 2 8 1
e 2 10 1
e 2 29 1
e 3 7 2
e 3 11 1
e 4 17 1
e 4 19 2
e 5 19 1
e 5 24 1
e 5 38 1
e 6 17 1
e 6 39 1
e 6 40 1
e 7 8 1
e 7 9 1
e 8 27 1
e 8 28 1
e 9 13 2
e 9 15 1
e 10 11 1
e 10 16 2
e 11 17 2
e 12 13 1
e 12 14 1
e 12 20 2
e 13 30 1
e 14 18 1
e 14 21 2
e 15 18 2
e 15 31 1
e 16 19 1
e 16 32 1
e 18 33 1
e 20 22 1
e 20 34 1
e 21 23 1
e 21 35 1
e 22 23 2
e 22 36 1
e 23 37 1
e 25 26 1
e 25 41 1
e 25 42 1
e 26 43 1
e 26 44 1
e 26 45 1
t # 60466
v 0 1
v 1 1
v 2 1
v 3 2
v 4 2
v 5 2
v 6 2
v 7 2
v 8 3
v 9 3
v 10 3
v 11 3
v 12 3
v 13 3
v 14 3
v 15 3
v 16 3
v 17 3
v 18 3
v 19 3
v 20 3
v 21 3
v 22 3
v 23 3
v 24 3
v 25 4
v 26 4
v 27 4
v 28 4
v 29 4
v 30 4
v 31 4
v 32 4
v 33 4
v 34 4
v 35 4
v 36 4
v 37 4
v 38 4
v 39 4
v 40 4
v 41 4
v 42 4
v 43 4
e 0 20 1
e 0 23 1
e 1 21 1
e 1 22 1
e 2 21 2
e 3 8 1
e 3 10 1
e 3 27 1
e 4 9 2
e 4 11 1
e 5 14 1
e 5 15 2
e 6 15 1
e 6 21 1
e 6 33 1
e 7 14 1
e 7 34 1
e 7 35 1
e 8 9 1
e 8 25 1
e 8 26 1
e 9 12 1
e 10 11 1
e 10 13 2
e 11 14 2
e 12 16 2
e 12 17 1
e 13 15 1
e 13 28 1
e 16 18 1
e 16 29 1
e 17 19 2
e 17 30 1
e 18 20 2
e 18 31 1
e 19 20 1
e 19 32 1
e 22 24 1
e 22 36 1
e 22 37 1
e 23 38 1
e 23 39 1
e 23 40 1
e 24 41 1
e 24 42 1
e 24 43 1
t # 60467
v 0 1
v 1 1
v 2 1
v 3 2
v 4 2
v 5 3
v 6 3
v 7 3
v 8 3
v 9 3
v 10 3
v 11 3
v 12 3
v 13 3
v 14 3
v 15 3
v 16 3
v 17 3
v 18 3
v 19 3
v 20 3
v 21 3
v 22 3
v 23 3
v 24 3
v 25 3
v 26 3
v 27 3
v 28 3
v 29 4
v 30 4
v 31 4
v 32 4
v 33 4
v 34 4
v 35 4
v 36 4
v 37 4
v 38 4
v 39 4
v 40 4
v 41 4
v 42 4
v 43 4
v 44 4
v 45 4
v 46 4
v 47 4
v 48 4
v 49 4
v 50 4
v 51 4
v 52 4
v 53 4
v 54 4
v 55 4
v 56 4
e 0 12 2
e 1 22 2
e 2 24 2
e 3 8 1
e 3 9 1
e 3 10 1
e 4 7 1
e 4 12 1
e 4 43 1
e 5 6 1
e 5 7 1
e 5 29 1
e 5 30 1
e 6 8 1
e 6 31 1
e 6 32 1
e 7 11 1
e 7 33 1
e 8 34 1
e 8 35 1
e 9 14 1
e 9 36 1
e 9 37 1
e 10 15 1
e 10 38 1
e 10 39 1
e 11 40 1
e 11 41 1
e 11 42 1
e 12 13 1
e 13 18 2
e 13 19 1
e 14 44 1
e 14 45 1
e 14 46 1
e 15 47 1
e 15 48 1
e 15 49 1
e 16 17 2
e 16 18 1
e 16 22 1
e 17 23 1
e 17 24 1
e 18 50 1
e 19 23 2
e 19 51 1
e 20 21 1
e 20 22 1
e 20 25 2
e 21 24 1
e 21 26 2
e 23 52 1
e 25 27 1
e 25 53 1
e 26 28 1
e 26 54 1
e 27 28 2
e 27 55 1
e 28 56 1
t # 60468
v 0 1
v 1 1
v 2 1
v 3 1
v 4 2
v 5 2
v 6 3
v 7 3
v 8 3
v 9 3
v 10 3
v 11 3
v 12 3
v 13 3
v 14 3
v 15 3
v 16 3
v 17 3
v 18 3
v 19 3
v 20 3
v 21 3
v 22 3
v 23 3
v 24 3
v 25 3
v 26 3
v 27 3
v 28 3
v 29 3
v 30 4
v 31 4
v 32 4
v 33 4
v 34 4
v 35 4
v 36 4
v 37 4
v 38 4
v 39 4
v 40 4
v 41 4
v 42 4
v 43 4
v 44 4
v 45 4
v 46 4
v 47 4
v 48 4
v 49 4
v 50 4
v 51 4
v 52 4
v 53 4
v 54 4
v 55 4
v 56 4
v 57 4
e 0 13 2
e 1 19 1
e 1 57 1
e 2 22 2
e 3 25 2
e 4 9 1
e 4 11 1
e 4 12 1
e 5 8 1
e 5 13 1
e 5 37 1
e 6 7 1
e 6 8 1
e 6 30 1
e 6 31 1
e 7 9 1
e 7 32 1
e 7 33 1
e 8 10 1
e 8 34 1
e 9 35 1
e 9 36 1
e 10 38 1
e 10 39 1
e 10 40 1
e 11 17 1
e 11 41 1
e 11 42 1
e 12 18 1
e 12 43 1
e 12 44 1
e 13 14 1
e 14 19 2
e 14 20 1
e 15 16 2
e 15 19 1
e 15 22 1
e 16 24 1
e 16 25 1
e 17 45 1
e 17 46 1
e 17 47 1
e 18 48 1
e 18 49 1
e 18 50 1
e 20 24 2
e 20 51 1
e 21 22 1
e 21 23 1
e 21 26 2
e 23 25 1
e 23 27 2
e 24 52 1
e 26 28 1
e 26 53 1
e 27 29 1
e 27 54 1
e 28 29 2
e 28 55 1
e 29 56 1
t # 60469
v 0 1
v 1 1
v 2 1
v 3 1
v 4 2
v 5 2
v 6 3
v 7 3
v 8 3
v 9 3
v 10 3
v 11 3
v 12 3
v 13 3
v 14 3
v 15 3
v 16 3
v 17 3
v 18 3
v 19 3
v 20 3
v 21 3
v 22 3
v 23 3
v 24 3
v 25 3
v 26 3
v 27 4
v 28 4
v 29 4
v 30 4
v 31 4
v 32 4
v 33 4
v 34 4
v 35 4
v 36 4
v 37 4
v 38 4
v 39 4
v 40 4
v 41 4
v 42 4
v 43 4
v 44 4
v 45 4
v 46 4
v 47 4
v 48 4
e 0 13 1
e 0 48 1
e 1 16 2
e 2 17 2
e 3 18 2
e 4 6 1
e 4 8 1
e 4 9 1
e 5 7 1
e 5 18 1
e 5 35 1
e 6 7 1
e 6 27 1
e 6 28 1
e 7 29 1
e 7 30 1
e 8 21 1
e 8 31 1
e 8 32 1
e 9 22 1
e 9 33 1
e 9 34 1
e 10 11 2
e 10 13 1
e 10 16 1
e 11 17 1
e 11 19 1
e 12 13 2
e 12 18 1
e 12 20 1
e 14 15 1
e 14 16 1
e 14 23 2
e 15 17 1
e 15 24 2
e 19 20 2
e 19 36 1
e 20 37 1
e 21 38 1
e 21 39 1
e 21 40 1
e 22 41 1
e 22 42 1
e 22 43 1
e 23 25 1
e 23 44 1
e 24 26 1
e 24 45 1
e 25 26 2
e 25 46 1
e 26 47 1
t # 60470
v 0 1
v 1 1
v 2 1
v 3 1
v 4 1
v 5 2
v 6 2
v 7 3
v 8 3
v 9 3
v 10 3
v 11 3
v 12 3
v 13 3
v 14 3
v 15 3
v 16 3
v 17 3
v 18 3
v 19 3
v 20 3
v 21 3
v 22 3
v 23 3
v 24 3
v 25 3
v 26 3
v 27 4
v 28 4
v 29 4
v 30 4
v 31 4
v 32 4
v 33 4
v 34 4
v 35 4
v 36 4
v 37 4
v 38 4
v 39 4
v 40 4
v 41 4
v 42 4
v 43 4
v 44 4
v 45 4
v 46 4
e 0 10 1
e 0 39 1
e 1 16 1
e 1 46 1
e 2 14 2
e 3 15 2
e 4 20 2
e 5 18 1
e 5 20 1
e 5 34 1
e 6 19 1
e 6 25 1
e 6 26 1
e 7 8 1
e 7 10 2
e 7 14 1
e 8 15 1
e 8 16 2
e 9 10 1
e 9 12 1
e 9 17 2
e 11 13 1
e 11 14 1
e 11 21 2
e 12 20 1
e 12 27 1
e 12 28 1
e 13 15 1
e 13 22 2
e 16 17 1
e 17 29 1
e 18 19 1
e 18 30 1
e 18 31 1
e 19 32 1
e 19 33 1
e 21 23 1
e 21 35 1
e 22 24 1
e 22 36 1
e 23 24 2
e 23 37 1
e 24 38 1
e 25 40 1
e 25 41 1
e 25 42 1
e 26 43 1
e 26 44 1
e 26 45 1
t # 60471
v 0 1
v 1 1
v 2 1
v 3 2
v 4 3
v 5 3
v 6 3
v 7 3
v 8 3
v 9 3
v 10 3
v 11 4
v 12 4
v 13 4
v 14 4
v 15 4
v 16 4
v 17 4
v 18 4
v 19 4
e 0 8 1
e 0 17 1
e 1 9 1
e 1 18 1
e 2 10 1
e 2 19 1
e 3 5 1
e 3 15 1
e 3 16 1
e 4 5 1
e 4 6 2
e 4 7 1
e 5 11 1
e 5 12 1
e 6 9 1
e 6 13 1
e 7 8 2
e 7 14 1
e 8 10 1
e 9 10 2
t # 60472
v 0 1
v 1 1
v 2 1
v 3 2
v 4 2
v 5 2
v 6 2
v 7 3
v 8 3
v 9 3
v 10 3
v 11 3
v 12 3
v 13 3
v 14 3
v 15 3
v 16 3
v 17 4
v 18 4
v 19 4
v 20 4
v 21 4
v 22 4
v 23 4
v 24 4
v 25 4
v 26 4
v 27 4
v 28 4
v 29 4
v 30 4
v 31 4
v 32 4
e 0 12 1
e 0 30 1
e 3 7 1
e 3 8 1
e 3 9 1
e 4 13 1
e 4 14 1
e 4 15 1
e 5 14 2
e 5 16 1
e 6 14 1
e 7 8 1
e 7 10 1
e 7 17 1
e 8 11 1
e 8 18 1
e 9 12 1
e 9 19 1
e 9 20 1
e 10 21 1
e 10 22 1
e 10 23 1
e 11 24 1
e 11 25 1
e 11 26 1
e 12 13 1
e 12 27 1
e 13 28 1
e 13 29 1
e 15 16 2
e 15 31 1
e 16 32 1
t # 60473
v 0 2
v 1 3
v 2 3
v 3 3
v 4 3
v 5 3
v 6 3
v 7 3
v 8 3
v 9 3
v 10 3
v 11 3
v 12 3
v 13 3
v 14 3
v 15 4
v 16 4
v 17 4
v 18 4
v 19 4
v 20 4
v 21 4
v 22 4
v 23 4
v 24 4
v 25 4
v 26 4
e 0 3 1
e 0 5 2
e 0 10 1
e 1 2 1
e 1 3 1
e 1 6 2
e 2 4 1
e 2 8 2
e 3 7 2
e 4 5 1
e 4 9 2
e 5 15 1
e 6 11 1
e 6 16 1
e 7 12 1
e 7 17 1
e 8 13 1
e 8 18 1
e 9 14 1
e 9 19 1
e 10 20 1
e 10 21 1
e 10 22 1
e 11 12 2
e 11 23 1
e 12 24 1
e 13 14 2
e 13 25 1
e 14 26 1
t # 60474
v 0 12
v 1 1
v 2 1
v 3 1
v 4 2
v 5 3
v 6 3
v 7 3
v 8 3
v 9 3
v 10 3
v 11 3
v 12 3
v 13 3
v 14 4
v 15 4
v 16 4
v 17 4
e 0 9 1
e 1 7 1
e 1 17 1
e 2 8 2
e 3 11 2
e 4 6 1
e 4 13 2
e 5 6 2
e 5 8 1
e 5 10 1
e 6 7 1
e 7 9 2
e 8 11 1
e 9 11 1
e 10 12 2
e 10 14 1
e 12 13 1
e 12 15 1
e 13 16 1
t # 60475
v 0 1
v 1 1
v 2 1
v 3 1
v 4 1
v 5 1
v 6 2
v 7 3
v 8 3
v 9 3
v 10 3
v 11 3
v 12 3
v 13 3
v 14 3
v 15 3
v 16 3
v 17 3
v 18 3
v 19 3
v 20 3
v 21 3
v 22 3
v 23 3
v 24 3
v 25 3
v 26 3
v 27 4
v 28 4
v 29 4
v 30 4
v 31 4
v 32 4
v 33 4
v 34 4
v 35 4
v 36 4
v 37 4
v 38 4
v 39 4
v 40 4
v 41 4
v 42 4
v 43 4
v 44 4
v 45 4
v 46 4
v 47 4
v 48 4
v 49 4
e 0 12 1
e 0 13 1
e 1 18 1
e 1 24 1
e 2 16 1
e 2 25 1
e 3 20 1
e 3 24 1
e 4 15 1
e 4 43 1
e 5 23 1
e 5 26 1
e 6 7 1
e 6 8 1
e 6 9 1
e 7 10 1
e 7 11 1
e 7 27 1
e 8 12 1
e 8 28 1
e 8 29 1
e 9 13 1
e 9 30 1
e 9 31 1
e 10 14 2
e 10 15 1
e 11 16 2
e 11 17 1
e 12 32 1
e 12 33 1
e 13 34 1
e 13 35 1
e 14 18 1
e 14 36 1
e 15 19 2
e 16 21 1
e 17 22 2
e 17 37 1
e 18 20 2
e 19 20 1
e 19 38 1
e 21 23 2
e 21 39 1
e 22 23 1
e 22 40 1
e 24 41 1
e 24 42 1
e 25 44 1
e 25 45 1
e 25 46 1
e 26 47 1
e 26 48 1
e 26 49 1
t # 60476
v 0 1
v 1 1
v 2 1
v 3 1
v 4 2
v 5 2
v 6 2
v 7 3
v 8 3
v 9 3
v 10 3
v 11 3
v 12 3
v 13 3
v 14 3
v 15 3
v 16 3
v 17 3
v 18 3
v 19 3
v 20 3
v 21 3
v 22 3
v 23 3
v 24 3
v 25 3
v 26 3
v 27 3
v 28 4
v 29 4
v 30 4
v 31 4
v 32 4
v 33 4
v 34 4
v 35 4
v 36 4
v 37 4
v 38 4
v 39 4
v 40 4
v 41 4
v 42 4
v 43 4
v 44 4
v 45 4
v 46 4
e 0 13 2
e 1 18 1
e 1 40 1
e 2 23 1
e 2 26 1
e 3 24 1
e 3 27 1
e 4 5 1
e 4 12 1
e 4 13 1
e 5 8 2
e 7 8 1
e 7 9 1
e 7 10 2
e 8 11 1
e 9 14 2
e 9 15 1
e 10 13 1
e 10 25 1
e 11 16 2
e 11 17 1
e 12 18 1
e 12 28 1
e 12 29 1
e 14 19 1
e 14 30 1
e 15 20 2
e 15 31 1
e 16 21 1
e 16 32 1
e 17 22 2
e 17 33 1
e 18 34 1
e 18 35 1
e 19 23 2
e 19 36 1
e 20 23 1
e 20 37 1
e 21 24 2
e 21 38 1
e 22 24 1
e 22 39 1
e 26 41 1
e 26 42 1
e 26 43 1
e 27 44 1
e 27 45 1
e 27 46 1
t # 60477
v 0 1
v 1 1
v 2 2
v 3 2
v 4 3
v 5 3
v 6 3
v 7 3
v 8 3
v 9 3
v 10 3
v 11 3
v 12 3
v 13 3
v 14 3
v 15 3
v 16 3
v 17 3
v 18 4
v 19 4
v 20 4
v 21 4
v 22 4
v 23 4
v 24 4
v 25 4
v 26 4
v 27 4
v 28 4
v 29 4
v 30 4
v 31 4
v 32 4
v 33 4
e 0 12 1
e 0 17 1
e 1 12 2
e 2 4 1
e 2 8 1
e 2 22 1
e 3 5 1
e 3 10 1
e 3 23 1
e 4 5 1
e 4 11 1
e 4 12 1
e 5 6 2
e 6 7 1
e 6 9 1
e 7 8 1
e 7 18 1
e 7 19 1
e 8 20 1
e 8 21 1
e 9 10 1
e 9 13 2
e 10 14 2
e 11 24 1
e 11 25 1
e 11 26 1
e 13 15 1
e 13 27 1
e 14 16 1
e 14 28 1
e 15 16 2
e 15 29 1
e 16 30 1
e 17 31 1
e 17 32 1
e 17 33 1
t # 60478
v 0 11
v 1 11
v 2 1
v 3 1
v 4 1
v 5 1
v 6 1
v 7 2
v 8 2
v 9 2
v 10 3
v 11 3
v 12 3
v 13 3
v 14 3
v 15 3
v 16 3
v 17 3
v 18 3
v 19 3
v 20 3
v 21 3
v 22 3
v 23 3
v 24 3
v 25 3
v 26 3
v 27 3
v 28 3
v 29 3
v 30 3
v 31 4
v 32 4
v 33 4
v 34 4
v 35 4
v 36 4
v 37 4
v 38 4
v 39 4
v 40 4
v 41 4
v 42 4
v 43 4
v 44 4
v 45 4
v 46 4
v 47 4
v 48 4
v 49 4
v 50 4
v 51 4
e 0 2 2
e 0 3 2
e 0 29 1
e 1 5 2
e 1 6 2
e 1 30 1
e 4 51 1
e 7 10 1
e 7 15 1
e 7 31 1
e 8 13 2
e 8 14 1
e 9 24 1
e 9 44 1
e 10 11 2
e 10 12 1
e 11 13 1
e 11 16 1
e 12 14 1
e 12 17 2
e 13 18 1
e 14 19 2
e 15 20 2
e 15 21 1
e 16 22 2
e 16 32 1
e 17 23 1
e 17 33 1
e 18 25 2
e 18 34 1
e 19 26 1
e 19 35 1
e 20 27 1
e 20 36 1
e 21 28 2
e 21 37 1
e 22 25 1
e 22 38 1
e 23 26 2
e 23 39 1
e 24 27 2
e 24 28 1
e 25 40 1
e 26 41 1
e 27 42 1
e 28 43 1
e 29 45 1
e 29 46 1
e 29 47 1
e 30 48 1
e 30 49 1
e 30 50 1
t # 60479
v 0 11
v 1 1
v 2 1
v 3 2
v 4 2
v 5 2
v 6 2
v 7 3
v 8 3
v 9 3
v 10 3
v 11 3
v 12 3
v 13 3
v 14 3
v 15 3
v 16 3
v 17 3
v 18 3
v 19 3
v 20 3
v 21 3
v 22 3
v 23 3
v 24 3
v 25 3
v 26 3
v 27 3
v 28 3
v 29 3
v 30 3
v 31 3
v 32 4
v 33 4
v 34 4
v 35 4
v 36 4
v 37 4
v 38 4
v 39 4
v 40 4
v 41 4
v 42 4
v 43 4
v 44 4
v 45 4
v 46 4
v 47 4
v 48 4
v 49 4
v 50 4
v 51 4
e 0 1 2
e 0 2 2
e 0 22 1
e 3 7 1
e 3 12 1
e 3 32 1
e 4 10 2
e 4 11 1
e 5 15 1
e 5 39 1
e 6 31 1
e 6 50 1
e 6 51 1
e 7 8 2
e 7 9 1
e 8 10 1
e 8 13 1
e 9 11 1
e 9 14 2
e 10 16 1
e 11 17 2
e 12 18 2
e 12 19 1
e 13 23 2
e 13 33 1
e 14 24 1
e 14 34 1
e 15 20 2
e 15 21 1
e 16 25 2
e 16 35 1
e 17 26 1
e 17 36 1
e 18 20 1
e 18 37 1
e 19 21 2
e 19 38 1
e 20 40 1
e 21 41 1
e 22 27 2
e 22 28 1
e 23 25 1
e 23 42 1
e 24 26 2
e 24 43 1
e 25 44 1
e 26 45 1
e 27 29 1
e 27 46 1
e 28 30 2
e 28 47 1
e 29 31 2
e 29 48 1
e 30 31 1
e 30 49 1
t # 60480
v 0 1
v 1 1
v 2 2
v 3 2
v 4 3
v 5 3
v 6 3
v 7 3
v 8 3
v 9 3
v 10 3
v 11 3
v 12 3
v 13 3
v 14 3
v 15 3
v 16 3
v 17 3
v 18 3
v 19 4
v 20 4
v 21 4
v 22 4
v 23 4
v 24 4
v 25 4
v 26 4
v 27 4
v 28 4
v 29 4
v 30 4
e 0 18 1
e 0 30 1
e 1 18 2
e 2 4 1
e 2 13 1
e 2 19 1
e 3 7 2
e 3 8 1
e 4 5 2
e 4 6 1
e 5 7 1
e 5 9 1
e 6 8 1
e 6 10 2
e 7 11 1
e 8 12 2
e 9 14 2
e 9 20 1
e 10 15 1
e 10 21 1
e 11 16 2
e 11 22 1
e 12 17 1
e 12 23 1
e 13 18 1
e 13 24 1
e 13 25 1
e 14 16 1
e 14 26 1
e 15 17 2
e 15 27 1
e 16 28 1
e 17 29 1
t # 60481
v 0 18
v 1 1
v 2 1
v 3 2
v 4 3
v 5 3
v 6 3
v 7 3
v 8 3
v 9 3
v 10 3
v 11 3
v 12 3
v 13 3
v 14 3
v 15 3
v 16 3
v 17 4
v 18 4
v 19 4
v 20 4
v 21 4
v 22 4
v 23 4
v 24 4
v 25 4
v 26 4
v 27 4
v 28 4
v 29 4
v 30 4
v 31 4
v 32 4
v 33 4
v 34 4
v 35 4
e 1 8 1
e 1 9 1
e 2 9 2
e 3 4 1
e 3 5 1
e 3 6 1
e 3 7 1
e 4 8 1
e 4 17 1
e 4 18 1
e 5 19 1
e 5 20 1
e 5 21 1
e 6 22 1
e 6 23 1
e 6 24 1
e 7 25 1
e 7 26 1
e 7 27 1
e 8 28 1
e 8 29 1
e 9 10 1
e 10 11 1
e 10 12 2
e 11 13 2
e 11 14 1
e 12 15 1
e 12 30 1
e 13 16 1
e 13 31 1
e 14 32 1
e 14 33 1
e 15 16 2
e 15 34 1
e 16 35 1
t # 60482
v 0 11
v 1 1
v 2 1
v 3 2
v 4 2
v 5 2
v 6 3
v 7 3
v 8 3
v 9 3
v 10 3
v 11 3
v 12 3
v 13 3
v 14 3
v 15 3
v 16 3
v 17 3
v 18 3
v 19 3
v 20 3
v 21 3
v 22 3
v 23 3
v 24 3
v 25 3
v 26 3
v 27 4
v 28 4
v 29 4
v 30 4
v 31 4
v 32 4
v 33 4
v 34 4
v 35 4
v 36 4
v 37 4
v 38 4
v 39 4
v 40 4
v 41 4
v 42 4
v 43 4
v 44 4
v 45 4
e 0 1 2
e 0 2 2
e 0 26 1
e 3 6 1
e 3 13 1
e 3 27 1
e 4 9 2
e 4 10 1
e 5 23 1
e 5 42 1
e 6 7 2
e 6 8 1
e 7 9 1
e 7 12 1
e 8 10 1
e 8 14 2
e 9 11 1
e 10 16 2
e 11 15 2
e 11 18 1
e 12 17 2
e 12 28 1
e 13 20 2
e 13 21 1
e 14 19 1
e 14 29 1
e 15 17 1
e 15 30 1
e 16 22 1
e 16 31 1
e 17 32 1
e 18 33 1
e 18 34 1
e 18 35 1
e 19 22 2
e 19 38 1
e 20 24 1
e 20 36 1
e 21 25 2
e 21 37 1
e 22 39 1
e 23 24 2
e 23 25 1
e 24 40 1
e 25 41 1
e 26 43 1
e 26 44 1
e 26 45 1
t # 60483
v 0 1
v 1 2
v 2 2
v 3 3
v 4 3
v 5 3
v 6 3
v 7 3
v 8 3
v 9 3
v 10 3
v 11 3
v 12 3
v 13 3
v 14 3
v 15 3
v 16 3
v 17 3
v 18 4
v 19 4
v 20 4
v 21 4
v 22 4
v 23 4
v 24 4
v 25 4
v 26 4
v 27 4
e 0 11 1
e 0 17 1
e 1 3 1
e 1 6 1
e 1 18 1
e 2 7 2
e 2 12 1
e 3 4 2
e 3 7 1
e 4 5 1
e 4 8 1
e 5 6 1
e 5 9 2
e 6 10 2
e 7 11 1
e 8 12 2
e 8 19 1
e 9 13 1
e 9 20 1
e 10 14 1
e 10 21 1
e 11 15 2
e 12 22 1
e 13 14 2
e 13 23 1
e 14 24 1
e 15 16 1
e 15 25 1
e 16 17 2
e 16 26 1
e 17 27 1
t # 60484
v 0 1
v 1 2
v 2 3
v 3 3
v 4 3
v 5 3
v 6 3
v 7 3
v 8 3
v 9 3
v 10 3
v 11 3
v 12 3
v 13 3
v 14 3
v 15 4
v 16 4
v 17 4
v 18 4
v 19 4
v 20 4
v 21 4
v 22 4
v 23 4
e 0 14 2
e 1 4 1
e 1 5 1
e 1 14 1
e 2 3 1
e 2 4 1
e 2 6 2
e 3 5 1
e 3 7 2
e 4 8 2
e 5 9 2
e 6 10 1
e 6 15 1
e 7 11 1
e 7 16 1
e 8 12 1
e 8 17 1
e 9 13 1
e 9 18 1
e 10 12 2
e 10 19 1
e 11 13 2
e 11 20 1
e 12 21 1
e 13 22 1
e 14 23 1
t # 60485
v 0 1
v 1 1
v 2 1
v 3 3
v 4 3
v 5 3
v 6 3
v 7 3
v 8 3
v 9 3
v 10 3
v 11 3
v 12 3
v 13 3
v 14 3
v 15 3
v 16 3
v 17 3
v 18 4
v 19 4
v 20 4
v 21 4
v 22 4
v 23 4
v 24 4
v 25 4
v 26 4
v 27 4
v 28 4
v 29 4
v 30 4
v 31 4
v 32 4
v 33 4
v 34 4
v 35 4
e 6 0 1
e 0 28 1
e 1 9 2
e 2 16 1
e 2 35 1
e 3 4 1
e 3 5 1
e 3 6 1
e 3 7 1
e 4 5 1
e 4 18 1
e 4 19 1
e 5 20 1
e 5 21 1
e 6 9 1
e 6 10 1
e 7 8 2
e 7 12 1
e 8 11 1
e 8 13 1
e 9 11 1
e 10 22 1
e 10 23 1
e 10 24 1
e 11 14 2
e 12 25 1
e 12 26 1
e 12 27 1
e 13 15 2
e 13 16 1
e 14 15 1
e 14 29 1
e 15 17 1
e 16 30 1
e 16 31 1
e 17 32 1
e 17 33 1
e 17 34 1
t # 60486
v 0 11
v 1 2
v 2 2
v 3 3
v 4 3
v 5 3
v 6 3
v 7 3
v 8 3
v 9 3
v 10 3
v 11 3
v 12 3
v 13 3
v 14 4
v 15 4
v 16 4
v 17 4
v 18 4
v 19 4
v 20 4
v 21 4
v 22 4
v 23 4
v 24 4
v 25 4
e 0 3 1
e 0 10 1
e 1 4 1
e 1 10 2
e 2 10 1
e 2 24 1
e 2 25 1
e 3 4 2
e 3 5 1
e 4 6 1
e 5 7 1
e 5 14 1
e 5 15 1
e 6 8 2
e 6 9 1
e 7 16 1
e 7 17 1
e 7 18 1
e 8 11 1
e 8 19 1
e 9 12 2
e 9 20 1
e 11 13 2
e 11 21 1
e 12 13 1
e 12 22 1
e 13 23 1
t # 60487
v 0 1
v 1 1
v 2 1
v 3 1
v 4 1
v 5 1
v 6 3
v 7 3
v 8 3
v 9 3
v 10 3
v 11 3
v 12 3
v 13 3
v 14 3
v 15 3
v 16 3
v 17 3
v 18 3
v 19 3
v 20 3
v 21 3
v 22 3
v 23 3
v 24 3
v 25 3
v 26 4
v 27 4
v 28 4
v 29 4
v 30 4
v 31 4
v 32 4
v 33 4
v 34 4
v 35 4
v 36 4
v 37 4
v 38 4
v 39 4
v 40 4
v 41 4
v 42 4
v 43 4
v 44 4
v 45 4
v 46 4
v 47 4
e 0 8 1
e 0 12 1
e 1 8 1
e 1 36 1
e 2 17 1
e 2 23 1
e 3 19 1
e 3 23 1
e 4 16 1
e 4 24 1
e 5 20 1
e 5 25 1
e 6 7 1
e 6 8 1
e 6 11 1
e 6 26 1
e 7 9 1
e 7 10 1
e 7 27 1
e 8 13 1
e 9 12 1
e 9 14 2
e 10 16 2
e 10 18 1
e 11 28 1
e 11 29 1
e 11 30 1
e 12 15 2
e 13 31 1
e 13 32 1
e 13 33 1
e 14 17 1
e 14 34 1
e 15 19 1
e 15 35 1
e 16 20 1
e 17 19 2
e 18 21 2
e 18 37 1
e 20 22 2
e 21 22 1
e 21 38 1
e 22 39 1
e 23 40 1
e 23 41 1
e 24 42 1
e 24 43 1
e 24 44 1
e 25 45 1
e 25 46 1
e 25 47 1
t # 60488
v 0 1
v 1 1
v 2 1
v 3 1
v 4 1
v 5 1
v 6 1
v 7 3
v 8 3
v 9 3
v 10 3
v 11 3
v 12 3
v 13 3
v 14 3
v 15 3
v 16 3
v 17 3
v 18 3
v 19 3
v 20 3
v 21 3
v 22 3
v 23 3
v 24 3
v 25 3
v 26 3
v 27 3
v 28 3
v 29 3
v 30 3
v 31 4
v 32 4
v 33 4
v 34 4
v 35 4
v 36 4
v 37 4
v 38 4
v 39 4
v 40 4
v 41 4
v 42 4
v 43 4
v 44 4
v 45 4
v 46 4
v 47 4
v 48 4
v 49 4
v 50 4
v 51 4
v 52 4
v 53 4
v 54 4
v 55 4
v 56 4
v 57 4
v 58 4
v 59 4
v 60 4
e 0 9 1
e 0 13 1
e 1 9 1
e 1 20 1
e 2 19 1
e 2 26 1
e 3 21 1
e 3 26 1
e 4 22 1
e 4 28 1
e 5 23 1
e 5 29 1
e 6 25 1
e 6 30 1
e 7 8 1
e 7 9 1
e 7 11 1
e 7 31 1
e 8 10 1
e 8 12 1
e 8 32 1
e 9 14 1
e 10 13 1
e 10 15 2
e 11 33 1
e 11 34 1
e 11 35 1
e 12 17 2
e 12 18 1
e 13 16 2
e 14 36 1
e 14 37 1
e 14 38 1
e 15 19 1
e 15 39 1
e 16 21 1
e 16 40 1
e 17 23 1
e 17 41 1
e 18 22 2
e 18 42 1
e 19 21 2
e 20 24 1
e 20 43 1
e 20 44 1
e 22 25 1
e 23 25 2
e 24 27 1
e 24 45 1
e 24 46 1
e 26 47 1
e 26 48 1
e 27 49 1
e 27 50 1
e 27 51 1
e 28 52 1
e 28 53 1
e 28 54 1
e 29 55 1
e 29 56 1
e 29 57 1
e 30 58 1
e 30 59 1
e 30 60 1
t # 60489
v 0 1
v 1 1
v 2 1
v 3 1
v 4 1
v 5 1
v 6 1
v 7 3
v 8 3
v 9 3
v 10 3
v 11 3
v 12 3
v 13 3
v 14 3
v 15 3
v 16 3
v 17 3
v 18 3
v 19 3
v 20 3
v 21 3
v 22 3
v 23 3
v 24 3
v 25 3
v 26 3
v 27 3
v 28 3
v 29 4
v 30 4
v 31 4
v 32 4
v 33 4
v 34 4
v 35 4
v 36 4
v 37 4
v 38 4
v 39 4
v 40 4
v 41 4
v 42 4
v 43 4
v 44 4
v 45 4
v 46 4
v 47 4
v 48 4
v 49 4
v 50 4
e 0 11 1
e 0 12 1
e 1 14 1
e 1 24 1
e 2 16 1
e 2 24 1
e 3 21 1
e 3 26 1
e 4 22 1
e 4 27 1
e 5 19 2
e 6 23 1
e 6 28 1
e 7 8 1
e 7 9 1
e 7 10 1
e 7 29 1
e 8 11 1
e 8 13 2
e 9 12 2
e 9 19 1
e 10 17 2
e 10 18 1
e 11 15 2
e 12 20 1
e 13 14 1
e 13 30 1
e 14 16 2
e 15 16 1
e 15 31 1
e 17 22 1
e 17 32 1
e 18 21 2
e 18 33 1
e 19 25 1
e 20 34 1
e 20 35 1
e 20 36 1
e 21 23 1
e 22 23 2
e 24 37 1
e 24 38 1
e 25 39 1
e 25 40 1
e 25 41 1
e 26 42 1
e 26 43 1
e 26 44 1
e 27 45 1
e 27 46 1
e 27 47 1
e 28 48 1
e 28 49 1
e 28 50 1
t # 60490
v 0 1
v 1 1
v 2 1
v 3 1
v 4 1
v 5 2
v 6 3
v 7 3
v 8 3
v 9 3
v 10 3
v 11 3
v 12 3
v 13 3
v 14 3
v 15 3
v 16 3
v 17 3
v 18 3
v 19 3
v 20 3
v 21 3
v 22 3
v 23 3
v 24 3
v 25 3
v 26 3
v 27 3
v 28 3
v 29 4
v 30 4
v 31 4
v 32 4
v 33 4
v 34 4
v 35 4
v 36 4
v 37 4
v 38 4
v 39 4
v 40 4
v 41 4
v 42 4
v 43 4
v 44 4
v 45 4
v 46 4
v 47 4
v 48 4
v 49 4
v 50 4
v 51 4
v 52 4
v 53 4
v 54 4
v 55 4
e 0 6 1
e 0 15 1
e 1 19 1
e 1 26 1
e 2 21 1
e 2 26 1
e 3 20 1
e 3 27 1
e 4 25 1
e 4 28 1
e 5 6 1
e 5 9 1
e 5 10 1
e 6 7 1
e 6 13 1
e 7 8 1
e 7 29 1
e 7 30 1
e 8 14 1
e 8 16 1
e 8 31 1
e 9 11 1
e 9 32 1
e 9 33 1
e 10 12 1
e 10 34 1
e 10 35 1
e 11 12 1
e 11 36 1
e 11 37 1
e 12 38 1
e 12 39 1
e 13 40 1
e 13 41 1
e 13 42 1
e 14 15 1
e 14 17 2
e 15 18 2
e 16 20 2
e 16 22 1
e 17 19 1
e 17 43 1
e 18 21 1
e 18 44 1
e 19 21 2
e 20 23 1
e 22 24 2
e 22 45 1
e 23 25 2
e 23 46 1
e 24 25 1
e 24 47 1
e 26 48 1
e 26 49 1
e 27 50 1
e 27 51 1
e 27 52 1
e 28 53 1
e 28 54 1
e 28 55 1
t # 60491
v 0 1
v 1 1
v 2 1
v 3 1
v 4 1
v 5 1
v 6 1
v 7 3
v 8 3
v 9 3
v 10 3
v 11 3
v 12 3
v 13 3
v 14 3
v 15 3
v 16 3
v 17 3
v 18 3
v 19 3
v 20 3
v 21 3
v 22 3
v 23 3
v 24 3
v 25 3
v 26 4
v 27 4
v 28 4
v 29 4
v 30 4
v 31 4
v 32 4
v 33 4
v 34 4
v 35 4
v 36 4
v 37 4
v 38 4
v 39 4
v 40 4
v 41 4
v 42 4
v 43 4
v 44 4
v 45 4
e 0 9 1
e 0 12 1
e 1 9 1
e 1 36 1
e 2 16 1
e 2 23 1
e 3 17 1
e 3 23 1
e 4 20 1
e 4 24 1
e 5 21 1
e 5 25 1
e 6 22 1
e 6 39 1
e 7 8 1
e 7 10 1
e 7 11 1
e 7 26 1
e 8 9 1
e 8 27 1
e 8 28 1
e 9 13 1
e 10 12 1
e 10 14 2
e 11 18 2
e 11 19 1
e 12 15 2
e 13 29 1
e 13 30 1
e 13 31 1
e 14 16 1
e 14 32 1
e 15 17 1
e 15 33 1
e 16 17 2
e 18 21 1
e 18 34 1
e 19 20 2
e 19 35 1
e 20 22 1
e 21 22 2
e 23 37 1
e 23 38 1
e 24 40 1
e 24 41 1
e 24 42 1
e 25 43 1
e 25 44 1
e 25 45 1
t # 60492
v 0 1
v 1 1
v 2 1
v 3 1
v 4 1
v 5 1
v 6 1
v 7 3
v 8 3
v 9 3
v 10 3
v 11 3
v 12 3
v 13 3
v 14 3
v 15 3
v 16 3
v 17 3
v 18 3
v 19 3
v 20 3
v 21 3
v 22 3
v 23 3
v 24 3
v 25 3
v 26 3
v 27 4
v 28 4
v 29 4
v 30 4
v 31 4
v 32 4
v 33 4
v 34 4
v 35 4
v 36 4
v 37 4
v 38 4
v 39 4
v 40 4
v 41 4
v 42 4
v 43 4
v 44 4
v 45 4
v 46 4
v 47 4
v 48 4
e 0 9 1
e 0 12 1
e 1 9 1
e 1 35 1
e 2 18 1
e 2 23 1
e 3 19 1
e 3 23 1
e 4 16 1
e 4 24 1
e 5 17 1
e 5 25 1
e 6 22 1
e 6 26 1
e 7 8 1
e 7 10 1
e 7 11 1
e 7 27 1
e 8 9 1
e 8 28 1
e 8 29 1
e 9 13 1
e 10 12 1
e 10 14 2
e 11 16 2
e 11 17 1
e 12 15 2
e 13 30 1
e 13 31 1
e 13 32 1
e 14 18 1
e 14 33 1
e 15 19 1
e 15 34 1
e 16 20 1
e 17 21 2
e 18 19 2
e 20 22 2
e 20 36 1
e 21 22 1
e 21 37 1
e 23 38 1
e 23 39 1
e 24 40 1
e 24 41 1
e 24 42 1
e 25 43 1
e 25 44 1
e 25 45 1
e 26 46 1
e 26 47 1
e 26 48 1
t # 60493
v 0 1
v 1 1
v 2 1
v 3 1
v 4 1
v 5 1
v 6 2
v 7 3
v 8 3
v 9 3
v 10 3
v 11 3
v 12 3
v 13 3
v 14 3
v 15 3
v 16 3
v 17 3
v 18 3
v 19 3
v 20 3
v 21 3
v 22 3
v 23 3
v 24 3
v 25 3
v 26 3
v 27 3
v 28 3
v 29 3
v 30 3
v 31 4
v 32 4
v 33 4
v 34 4
v 35 4
v 36 4
v 37 4
v 38 4
v 39 4
v 40 4
v 41 4
v 42 4
v 43 4
v 44 4
v 45 4
v 46 4
v 47 4
v 48 4
v 49 4
v 50 4
v 51 4
v 52 4
v 53 4
v 54 4
v 55 4
v 56 4
v 57 4
v 58 4
v 59 4
e 0 7 1
e 0 16 1
e 1 22 1
e 1 27 1
e 2 23 1
e 2 27 1
e 3 20 1
e 3 28 1
e 4 21 1
e 4 29 1
e 5 26 1
e 5 30 1
e 6 7 1
e 6 10 1
e 6 11 1
e 7 8 1
e 7 14 1
e 8 9 1
e 8 31 1
e 8 32 1
e 9 15 1
e 9 17 1
e 9 33 1
e 10 12 1
e 10 34 1
e 10 35 1
e 11 13 1
e 11 36 1
e 11 37 1
e 12 13 1
e 12 38 1
e 12 39 1
e 13 40 1
e 13 41 1
e 14 42 1
e 14 43 1
e 14 44 1
e 15 16 1
e 15 18 2
e 16 19 2
e 17 20 2
e 17 21 1
e 18 22 1
e 18 45 1
e 19 23 1
e 19 46 1
e 20 24 1
e 21 25 2
e 22 23 2
e 24 26 2
e 24 47 1
e 25 26 1
e 25 48 1
e 27 49 1
e 27 50 1
e 28 51 1
e 28 52 1
e 28 53 1
e 29 54 1
e 29 55 1
e 29 56 1
e 30 57 1
e 30 58 1
e 30 59 1
t # 60494
v 0 1
v 1 1
v 2 1
v 3 1
v 4 1
v 5 1
v 6 1
v 7 3
v 8 3
v 9 3
v 10 3
v 11 3
v 12 3
v 13 3
v 14 3
v 15 3
v 16 3
v 17 3
v 18 3
v 19 3
v 20 3
v 21 3
v 22 3
v 23 3
v 24 3
v 25 3
v 26 3
v 27 3
v 28 4
v 29 4
v 30 4
v 31 4
v 32 4
v 33 4
v 34 4
v 35 4
v 36 4
v 37 4
v 38 4
v 39 4
v 40 4
v 41 4
v 42 4
v 43 4
v 44 4
v 45 4
v 46 4
v 47 4
v 48 4
v 49 4
v 50 4
v 51 4
e 0 9 1
e 0 13 1
e 1 9 1
e 1 38 1
e 2 19 1
e 2 24 1
e 3 20 1
e 3 24 1
e 4 17 1
e 4 25 1
e 5 21 1
e 5 26 1
e 6 23 1
e 6 27 1
e 7 8 1
e 7 9 1
e 7 12 1
e 7 28 1
e 8 10 1
e 8 11 1
e 8 29 1
e 9 14 1
e 10 13 1
e 10 15 2
e 11 17 2
e 11 18 1
e 12 30 1
e 12 31 1
e 12 32 1
e 13 16 2
e 14 33 1
e 14 34 1
e 14 35 1
e 15 19 1
e 15 36 1
e 16 20 1
e 16 37 1
e 17 21 1
e 18 22 2
e 18 39 1
e 19 20 2
e 21 23 2
e 22 23 1
e 22 40 1
e 24 41 1
e 24 42 1
e 25 43 1
e 25 44 1
e 25 45 1
e 26 46 1
e 26 47 1
e 26 48 1
e 27 49 1
e 27 50 1
e 27 51 1
t # 60495
v 0 1
v 1 1
v 2 2
v 3 3
v 4 3
v 5 3
v 6 3
v 7 3
v 8 3
v 9 3
v 10 3
v 11 3
v 12 3
v 13 3
v 14 3
v 15 3
v 16 3
v 17 3
v 18 3
v 19 3
v 20 3
v 21 3
v 22 3
v 23 3
v 24 3
v 25 4
v 26 4
v 27 4
v 28 4
v 29 4
v 30 4
v 31 4
v 32 4
v 33 4
v 34 4
v 35 4
v 36 4
v 37 4
v 38 4
v 39 4
v 40 4
v 41 4
v 42 4
v 43 4
v 44 4
v 45 4
e 0 18 1
e 0 45 1
e 1 18 2
e 2 3 1
e 2 4 1
e 2 7 1
e 3 5 1
e 3 8 2
e 4 6 1
e 4 25 1
e 4 26 1
e 5 6 1
e 5 27 1
e 5 28 1
e 6 29 1
e 6 30 1
e 7 9 2
e 7 10 1
e 8 9 1
e 8 11 1
e 9 12 1
e 10 13 1
e 10 31 1
e 10 32 1
e 11 14 2
e 11 15 1
e 12 16 2
e 12 17 1
e 13 18 1
e 13 33 1
e 13 34 1
e 14 19 1
e 14 35 1
e 15 20 2
e 15 36 1
e 16 21 1
e 16 37 1
e 17 22 2
e 17 38 1
e 19 23 2
e 19 39 1
e 20 23 1
e 20 40 1
e 21 24 2
e 21 41 1
e 22 24 1
e 22 42 1
e 23 43 1
e 24 44 1
t # 60496
v 0 1
v 1 1
v 2 1
v 3 2
v 4 2
v 5 2
v 6 2
v 7 2
v 8 3
v 9 3
v 10 3
v 11 3
v 12 3
v 13 3
v 14 3
v 15 3
v 16 4
v 17 4
v 18 4
v 19 4
v 20 4
v 21 4
v 22 4
v 23 4
v 24 4
e 0 9 1
e 0 20 1
e 1 14 1
e 1 24 1
e 2 14 2
e 3 8 1
e 3 10 1
e 3 12 1
e 4 11 1
e 4 12 2
e 5 10 2
e 5 15 1
e 6 13 1
e 6 15 2
e 7 13 1
e 7 22 1
e 7 23 1
e 8 9 1
e 8 16 1
e 8 17 1
e 9 14 1
e 9 18 1
e 10 11 1
e 11 13 2
e 12 19 1
e 15 21 1
t # 60497
v 0 2
v 1 2
v 2 2
v 3 3
v 4 3
v 5 3
v 6 3
v 7 3
v 8 3
v 9 3
v 10 3
v 11 3
v 12 3
v 13 3
v 14 3
v 15 3
v 16 3
v 17 3
v 18 3
v 19 3
v 20 3
v 21 3
v 22 3
v 23 4
v 24 4
v 25 4
v 26 4
v 27 4
v 28 4
v 29 4
v 30 4
v 31 4
v 32 4
v 33 4
v 34 4
v 35 4
v 36 4
v 37 4
v 38 4
v 39 4
v 40 4
v 41 4
v 42 4
v 43 4
v 44 4
v 45 4
v 46 4
v 47 4
e 0 3 1
e 0 7 1
e 0 8 1
e 1 5 1
e 1 6 1
e 1 33 1
e 2 11 2
e 2 12 1
e 3 4 1
e 3 23 1
e 3 24 1
e 4 5 1
e 4 25 1
e 4 26 1
e 5 27 1
e 5 28 1
e 6 9 2
e 6 10 1
e 7 13 1
e 7 29 1
e 7 30 1
e 8 14 1
e 8 31 1
e 8 32 1
e 9 11 1
e 9 15 1
e 10 12 1
e 10 16 2
e 11 17 1
e 12 18 2
e 13 34 1
e 13 35 1
e 13 36 1
e 14 37 1
e 14 38 1
e 14 39 1
e 15 19 2
e 15 40 1
e 16 20 1
e 16 41 1
e 17 21 2
e 17 42 1
e 18 22 1
e 18 43 1
e 19 21 1
e 19 44 1
e 20 22 2
e 20 45 1
e 21 46 1
e 22 47 1
t # 60498
v 0 1
v 1 1
v 2 1
v 3 1
v 4 1
v 5 3
v 6 3
v 7 3
v 8 3
v 9 3
v 10 3
v 11 3
v 12 3
v 13 3
v 14 3
v 15 3
v 16 3
v 17 3
v 18 3
v 19 3
v 20 3
v 21 3
v 22 3
v 23 3
v 24 3
v 25 4
v 26 4
v 27 4
v 28 4
v 29 4
v 30 4
v 31 4
v 32 4
v 33 4
v 34 4
v 35 4
v 36 4
v 37 4
v 38 4
v 39 4
v 40 4
v 41 4
v 42 4
v 43 4
v 44 4
v 45 4
v 46 4
e 0 7 1
e 0 10 1
e 1 7 1
e 1 19 1
e 2 15 1
e 2 22 1
e 3 18 1
e 3 22 1
e 4 20 1
e 4 24 1
e 5 6 1
e 5 7 1
e 5 9 1
e 5 25 1
e 6 8 1
e 6 11 1
e 6 26 1
e 7 12 1
e 8 10 1
e 8 13 2
e 9 27 1
e 9 28 1
e 9 29 1
e 10 14 2
e 11 16 2
e 11 17 1
e 12 30 1
e 12 31 1
e 12 32 1
e 13 15 1
e 13 33 1
e 14 18 1
e 14 34 1
e 15 18 2
e 16 20 1
e 16 35 1
e 17 21 2
e 17 36 1
e 19 37 1
e 19 38 1
e 19 39 1
e 20 23 2
e 21 23 1
e 21 40 1
e 22 41 1
e 22 42 1
e 23 43 1
e 24 44 1
e 24 45 1
e 24 46 1
t # 60499
v 0 1
v 1 1
v 2 1
v 3 1
v 4 1
v 5 3
v 6 3
v 7 3
v 8 3
v 9 3
v 10 3
v 11 3
v 12 3
v 13 3
v 14 3
v 15 3
v 16 3
v 17 3
v 18 3
v 19 3
v 20 3
v 21 3
v 22 3
v 23 4
v 24 4
v 25 4
v 26 4
v 27 4
v 28 4
v 29 4
v 30 4
v 31 4
v 32 4
v 33 4
v 34 4
v 35 4
v 36 4
v 37 4
v 38 4
v 39 4
v 40 4
e 0 7 1
e 0 9 1
e 1 7 1
e 1 33 1
e 2 14 1
e 2 20 1
e 3 15 1
e 3 20 1
e 4 18 1
e 4 22 1
e 5 6 1
e 5 8 1
e 5 10 1
e 5 23 1
e 6 7 1
e 6 24 1
e 6 25 1
e 7 11 1
e 8 9 1
e 8 12 2
e 9 13 2
e 10 16 2
e 10 17 1
e 11 26 1
e 11 27 1
e 11 28 1
e 12 14 1
e 12 29 1
e 13 15 1
e 13 30 1
e 14 15 2
e 16 18 1
e 16 31 1
e 17 19 2
e 17 32 1
e 18 21 2
e 19 21 1
e 19 34 1
e 20 35 1
e 20 36 1
e 21 37 1
e 22 38 1
e 22 39 1
e 22 40 1
