t # 7200
v 0 1
v 1 1
v 2 2
v 3 2
v 4 3
v 5 3
v 6 3
v 7 3
v 8 3
v 9 3
v 10 3
v 11 3
v 12 3
v 13 3
v 14 3
v 15 3
v 16 3
v 17 3
v 18 3
v 19 3
v 20 3
v 21 3
v 22 3
v 23 3
v 24 4
v 25 4
v 26 4
v 27 4
v 28 4
v 29 4
v 30 4
v 31 4
v 32 4
v 33 4
v 34 4
v 35 4
v 36 4
v 37 4
v 38 4
v 39 4
v 40 4
v 41 4
v 42 4
v 43 4
v 44 4
v 45 4
e 0 18 2
e 1 19 2
e 2 6 1
e 2 18 1
e 2 32 1
e 3 7 1
e 3 19 1
e 3 33 1
e 4 6 1
e 4 8 1
e 4 24 1
e 4 25 1
e 5 7 1
e 5 9 1
e 5 26 1
e 5 27 1
e 6 28 1
e 6 29 1
e 7 30 1
e 7 31 1
e 8 10 2
e 8 12 1
e 9 11 2
e 9 13 1
e 10 14 1
e 10 34 1
e 11 15 1
e 11 35 1
e 12 16 2
e 12 36 1
e 13 17 2
e 13 37 1
e 14 20 2
e 14 38 1
e 15 21 2
e 15 39 1
e 16 20 1
e 16 40 1
e 17 21 1
e 17 41 1
e 18 22 1
e 19 23 1
e 20 42 1
e 21 43 1
e 22 23 2
e 22 44 1
e 23 45 1
t # 7201
v 0 1
v 1 1
v 2 1
v 3 3
v 4 3
v 5 3
v 6 3
v 7 3
v 8 3
v 9 3
v 10 3
v 11 3
v 12 3
v 13 3
v 14 3
v 15 3
v 16 3
v 17 3
v 18 4
v 19 4
v 20 4
v 21 4
v 22 4
v 23 4
v 24 4
v 25 4
v 26 4
v 27 4
v 28 4
v 29 4
e 0 4 1
e 0 7 1
e 1 17 1
e 1 29 1
e 2 17 2
e 3 4 1
e 3 5 2
e 3 6 1
e 4 13 2
e 5 8 1
e 5 18 1
e 6 9 2
e 6 19 1
e 7 10 2
e 7 11 1
e 8 12 2
e 8 20 1
e 9 12 1
e 9 21 1
e 10 14 1
e 10 22 1
e 11 15 2
e 11 23 1
e 12 24 1
e 13 17 1
e 13 25 1
e 14 16 2
e 14 26 1
e 15 16 1
e 15 27 1
e 16 28 1
t # 7202
v 0 1
v 1 1
v 2 2
v 3 2
v 4 3
v 5 3
v 6 3
v 7 3
v 8 3
v 9 3
v 10 3
v 11 3
v 12 3
v 13 3
v 14 3
v 15 3
v 16 3
v 17 4
v 18 4
v 19 4
v 20 4
v 21 4
v 22 4
v 23 4
v 24 4
v 25 4
v 26 4
v 27 4
v 28 4
v 29 4
v 30 4
e 0 13 1
e 0 14 1
e 1 14 2
e 2 4 1
e 2 11 1
e 2 21 1
e 4 6 2
e 4 7 1
e 5 8 2
e 5 9 1
e 5 10 1
e 6 8 1
e 6 17 1
e 7 9 2
e 7 18 1
e 8 19 1
e 9 20 1
e 10 22 1
e 10 23 1
e 10 24 1
e 11 12 2
e 11 25 1
e 12 14 1
e 12 16 1
e 13 15 1
e 13 26 1
e 13 27 1
e 15 28 1
e 15 29 1
e 15 30 1
t # 7203
v 0 1
v 1 3
v 2 3
v 3 3
v 4 3
v 5 3
v 6 3
v 7 3
v 8 3
v 9 3
v 10 3
v 11 3
v 12 3
v 13 3
v 14 3
v 15 3
v 16 3
v 17 4
v 18 4
v 19 4
v 20 4
v 21 4
v 22 4
v 23 4
v 24 4
v 25 4
v 26 4
v 27 4
v 28 4
v 29 4
v 30 4
e 0 15 2
e 1 2 1
e 1 4 2
e 1 5 1
e 2 8 2
e 2 9 1
e 3 6 2
e 3 7 1
e 3 10 1
e 4 6 1
e 4 17 1
e 5 7 2
e 5 18 1
e 6 19 1
e 7 20 1
e 8 11 1
e 8 21 1
e 9 12 2
e 9 22 1
e 10 14 2
e 10 23 1
e 11 13 2
e 11 24 1
e 12 13 1
e 12 25 1
e 13 26 1
e 14 15 1
e 14 27 1
e 15 16 1
e 16 28 1
e 16 29 1
e 16 30 1
t # 7204
v 0 1
v 1 1
v 2 1
v 3 1
v 4 1
v 5 3
v 6 3
v 7 3
v 8 3
v 9 3
v 10 3
v 11 3
v 12 3
v 13 3
v 14 4
v 15 4
v 16 4
v 17 4
v 18 4
v 19 4
v 20 4
v 21 4
v 22 4
v 23 4
v 24 4
v 25 4
v 26 4
v 27 4
e 0 6 1
e 0 7 1
e 1 10 1
e 1 11 1
e 2 6 1
e 2 27 1
e 3 8 2
e 4 11 2
e 5 6 2
e 5 8 1
e 5 9 1
e 7 12 1
e 7 14 1
e 7 15 1
e 8 11 1
e 9 16 1
e 9 17 1
e 9 18 1
e 10 13 1
e 10 19 1
e 10 20 1
e 12 21 1
e 12 22 1
e 12 23 1
e 13 24 1
e 13 25 1
e 13 26 1
t # 7205
v 0 12
v 1 1
v 2 1
v 3 3
v 4 3
v 5 3
v 6 3
v 7 3
v 8 3
v 9 3
v 10 3
v 11 3
v 12 3
v 13 3
v 14 3
v 15 3
v 16 3
v 17 3
v 18 4
v 19 4
v 20 4
v 21 4
v 22 4
v 23 4
v 24 4
v 25 4
v 26 4
v 27 4
v 28 4
e 0 17 1
e 1 14 1
e 1 28 1
e 2 6 2
e 3 5 1
e 3 7 2
e 3 8 1
e 4 6 1
e 4 10 2
e 4 11 1
e 5 9 2
e 5 18 1
e 6 9 1
e 7 12 1
e 7 19 1
e 8 13 2
e 8 20 1
e 9 21 1
e 10 15 1
e 10 22 1
e 11 16 2
e 11 23 1
e 12 14 2
e 12 24 1
e 13 14 1
e 13 25 1
e 15 17 2
e 15 26 1
e 16 17 1
e 16 27 1
t # 7206
v 0 12
v 1 12
v 2 1
v 3 1
v 4 3
v 5 3
v 6 3
v 7 3
v 8 3
v 9 3
v 10 3
v 11 3
v 12 3
v 13 3
v 14 3
v 15 3
v 16 3
v 17 3
v 18 3
v 19 4
v 20 4
v 21 4
v 22 4
v 23 4
v 24 4
v 25 4
v 26 4
v 27 4
v 28 4
e 0 14 1
e 1 18 1
e 2 6 1
e 2 28 1
e 3 7 2
e 4 6 2
e 4 7 1
e 4 8 1
e 5 9 1
e 5 12 2
e 5 13 1
e 6 11 1
e 7 10 1
e 8 14 2
e 8 19 1
e 9 10 2
e 9 20 1
e 10 21 1
e 11 15 2
e 11 22 1
e 12 16 1
e 12 23 1
e 13 17 2
e 13 24 1
e 14 15 1
e 15 25 1
e 16 18 2
e 16 26 1
e 17 18 1
e 17 27 1
t # 7207
v 0 12
v 1 11
v 2 1
v 3 1
v 4 3
v 5 3
v 6 3
v 7 3
v 8 3
v 9 3
v 10 3
v 11 3
v 12 3
v 13 3
v 14 3
v 15 3
v 16 3
v 17 3
v 18 4
v 19 4
v 20 4
v 21 4
v 22 4
v 23 4
v 24 4
v 25 4
v 26 4
v 27 4
v 28 4
e 0 16 1
e 1 11 1
e 1 16 1
e 2 8 1
e 2 17 1
e 3 13 2
e 4 5 2
e 4 6 1
e 4 7 1
e 5 9 1
e 5 18 1
e 6 10 2
e 6 19 1
e 7 12 2
e 7 20 1
e 8 9 2
e 8 10 1
e 9 21 1
e 10 22 1
e 11 13 1
e 11 14 2
e 12 13 1
e 12 23 1
e 14 15 1
e 14 24 1
e 15 16 2
e 15 25 1
e 17 26 1
e 17 27 1
e 17 28 1
t # 7208
v 0 12
v 1 11
v 2 11
v 3 1
v 4 3
v 5 3
v 6 3
v 7 3
v 8 3
v 9 3
v 10 3
v 11 3
v 12 3
v 13 3
v 14 3
v 15 4
v 16 4
v 17 4
v 18 4
v 19 4
v 20 4
v 21 4
e 0 12 1
e 1 4 1
e 1 12 1
e 2 5 1
e 2 14 1
e 3 6 2
e 4 6 1
e 4 8 2
e 5 7 1
e 5 10 2
e 6 9 1
e 7 9 2
e 7 15 1
e 8 11 1
e 8 16 1
e 9 17 1
e 10 13 1
e 10 18 1
e 11 12 2
e 11 19 1
e 13 14 2
e 13 20 1
e 14 21 1
t # 7209
v 0 2
v 1 3
v 2 3
v 3 3
v 4 3
v 5 3
v 6 3
v 7 3
v 8 3
v 9 3
v 10 3
v 11 3
v 12 4
v 13 4
v 14 4
v 15 4
v 16 4
v 17 4
v 18 4
v 19 4
v 20 4
v 21 4
v 22 4
v 23 4
v 24 4
v 25 4
v 26 4
v 27 4
v 28 4
v 29 4
v 30 4
e 0 1 1
e 0 4 2
e 1 2 1
e 1 5 1
e 1 6 1
e 2 3 1
e 2 12 1
e 2 13 1
e 3 4 1
e 3 7 2
e 4 9 1
e 5 14 1
e 5 15 1
e 5 16 1
e 6 17 1
e 6 18 1
e 6 19 1
e 7 8 1
e 7 10 1
e 8 11 1
e 8 20 1
e 8 21 1
e 9 22 1
e 9 23 1
e 9 24 1
e 10 25 1
e 10 26 1
e 10 27 1
e 11 28 1
e 11 29 1
e 11 30 1
t # 7210
v 0 12
v 1 12
v 2 11
v 3 1
v 4 2
v 5 2
v 6 2
v 7 2
v 8 3
v 9 3
v 10 3
v 11 3
v 12 3
v 13 3
v 14 3
v 15 3
v 16 3
v 17 4
v 18 4
v 19 4
v 20 4
v 21 4
v 22 4
e 0 13 1
e 1 14 1
e 3 12 2
e 4 10 2
e 4 12 1
e 5 6 1
e 5 9 1
e 5 18 1
e 6 16 1
e 6 20 1
e 7 16 1
e 7 21 1
e 7 22 1
e 8 9 2
e 8 10 1
e 8 11 1
e 9 12 1
e 10 13 1
e 11 14 2
e 11 17 1
e 13 15 2
e 14 15 1
e 15 19 1
t # 7211
v 0 3
v 1 3
v 2 3
v 3 3
v 4 3
v 5 3
v 6 3
v 7 3
v 8 3
v 9 3
v 10 3
v 11 3
v 12 3
v 13 3
v 14 3
v 15 3
v 16 3
v 17 3
v 18 4
v 19 4
v 20 4
v 21 4
v 22 4
v 23 4
v 24 4
v 25 4
v 26 4
v 27 4
v 28 4
v 29 4
v 30 4
v 31 4
v 32 4
v 33 4
v 34 4
v 35 4
v 36 4
v 37 4
e 0 1 1
e 0 2 1
e 0 3 1
e 0 4 1
e 1 6 2
e 1 7 1
e 2 5 2
e 2 18 1
e 3 19 1
e 3 20 1
e 3 21 1
e 4 22 1
e 4 23 1
e 4 24 1
e 5 8 1
e 5 9 1
e 6 10 1
e 6 25 1
e 7 11 2
e 7 26 1
e 8 13 2
e 8 14 1
e 9 27 1
e 9 28 1
e 9 29 1
e 10 12 2
e 10 30 1
e 11 12 1
e 11 31 1
e 12 32 1
e 13 15 1
e 13 33 1
e 14 16 2
e 14 34 1
e 15 17 2
e 15 35 1
e 16 17 1
e 16 36 1
e 17 37 1
t # 7212
v 0 1
v 1 1
v 2 2
v 3 2
v 4 2
v 5 3
v 6 3
v 7 3
v 8 3
v 9 3
v 10 3
v 11 3
v 12 3
v 13 3
v 14 3
v 15 3
v 16 3
v 17 3
v 18 3
v 19 3
v 20 3
v 21 3
v 22 3
v 23 4
v 24 4
v 25 4
v 26 4
v 27 4
v 28 4
v 29 4
v 30 4
v 31 4
v 32 4
v 33 4
v 34 4
v 35 4
v 36 4
v 37 4
e 0 8 2
e 1 17 2
e 2 3 1
e 2 9 1
e 2 27 1
e 3 17 1
e 3 33 1
e 4 21 2
e 4 22 1
e 5 8 1
e 5 9 2
e 5 10 1
e 6 7 1
e 6 8 1
e 6 12 2
e 7 11 1
e 7 13 2
e 9 14 1
e 10 11 2
e 10 23 1
e 11 24 1
e 12 15 1
e 12 25 1
e 13 16 1
e 13 26 1
e 14 28 1
e 14 29 1
e 14 30 1
e 15 16 2
e 15 31 1
e 16 32 1
e 17 18 1
e 18 19 2
e 18 20 1
e 19 21 1
e 19 34 1
e 20 22 2
e 20 35 1
e 21 36 1
e 22 37 1
t # 7213
v 0 2
v 1 2
v 2 2
v 3 2
v 4 2
v 5 3
v 6 3
v 7 3
v 8 4
v 9 4
v 10 4
v 11 4
v 12 4
e 0 2 1
e 0 5 1
e 0 7 1
e 1 6 1
e 1 7 2
e 2 4 1
e 2 12 1
e 3 7 1
e 5 6 1
e 5 8 1
e 5 9 1
e 6 10 1
e 6 11 1
t # 7214
v 0 2
v 1 2
v 2 2
v 3 3
v 4 3
v 5 3
v 6 3
v 7 3
v 8 3
v 9 3
v 10 3
v 11 3
v 12 3
v 13 3
v 14 3
v 15 3
v 16 3
v 17 4
v 18 4
v 19 4
v 20 4
v 21 4
v 22 4
v 23 4
v 24 4
v 25 4
e 0 5 1
e 0 6 1
e 0 17 1
e 1 4 2
e 1 7 1
e 2 6 2
e 2 8 1
e 3 4 1
e 3 5 1
e 3 9 2
e 4 6 1
e 5 10 2
e 7 8 1
e 7 13 2
e 8 14 2
e 9 11 1
e 9 18 1
e 10 12 1
e 10 19 1
e 11 12 2
e 11 20 1
e 12 21 1
e 13 15 1
e 13 22 1
e 14 16 1
e 14 23 1
e 15 16 2
e 15 24 1
e 16 25 1
t # 7215
v 0 12
v 1 12
v 2 14
v 3 14
v 4 14
v 5 14
v 6 14
v 7 14
v 8 1
v 9 1
v 10 1
v 11 1
v 12 1
v 13 1
v 14 2
v 15 2
v 16 3
v 17 3
v 18 3
v 19 3
v 20 3
v 21 3
v 22 3
v 23 3
v 24 3
v 25 3
v 26 3
v 27 3
v 28 3
v 29 3
v 30 3
v 31 3
v 32 3
v 33 3
v 34 3
v 35 3
v 36 3
v 37 3
v 38 3
v 39 3
v 40 3
v 41 3
v 42 3
v 43 3
v 44 3
v 45 3
v 46 3
v 47 3
v 48 3
v 49 3
v 50 3
v 51 3
v 52 3
v 53 3
v 54 3
v 55 3
v 56 3
v 57 3
v 58 3
v 59 3
v 60 4
v 61 4
v 62 4
v 63 4
v 64 4
v 65 4
v 66 4
v 67 4
v 68 4
v 69 4
v 70 4
v 71 4
v 72 4
v 73 4
v 74 4
v 75 4
v 76 4
v 77 4
v 78 4
v 79 4
v 80 4
v 81 4
v 82 4
v 83 4
v 84 4
v 85 4
v 86 4
v 87 4
v 88 4
v 89 4
v 90 4
v 91 4
v 92 4
v 93 4
v 94 4
v 95 4
e 0 50 1
e 1 51 1
e 8 26 1
e 8 84 1
e 9 27 1
e 9 85 1
e 10 34 1
e 10 86 1
e 11 35 1
e 11 87 1
e 12 36 2
e 13 37 2
e 14 44 1
e 14 46 1
e 14 88 1
e 15 45 1
e 15 47 1
e 15 89 1
e 16 17 1
e 16 24 1
e 16 26 2
e 17 25 1
e 17 27 2
e 18 20 2
e 18 22 1
e 18 30 1
e 19 21 2
e 19 23 1
e 19 31 1
e 20 26 1
e 20 32 1
e 21 27 1
e 21 33 1
e 22 28 1
e 22 34 2
e 23 29 1
e 23 35 2
e 24 30 2
e 24 38 1
e 25 31 2
e 25 39 1
e 28 40 1
e 28 41 1
e 28 60 1
e 29 42 1
e 29 43 1
e 29 61 1
e 30 62 1
e 31 63 1
e 32 36 1
e 32 44 2
e 33 37 1
e 33 45 2
e 34 36 1
e 35 37 1
e 38 64 1
e 38 65 1
e 38 66 1
e 39 67 1
e 39 68 1
e 39 69 1
e 40 70 1
e 40 71 1
e 40 72 1
e 41 73 1
e 41 74 1
e 41 75 1
e 42 76 1
e 42 77 1
e 42 78 1
e 43 79 1
e 43 80 1
e 43 81 1
e 44 82 1
e 45 83 1
e 46 48 1
e 46 50 2
e 47 49 1
e 47 51 2
e 48 52 2
e 48 90 1
e 49 53 2
e 49 91 1
e 50 54 1
e 51 55 1
e 52 56 1
e 52 58 1
e 53 57 1
e 53 59 1
e 54 56 2
e 54 92 1
e 55 57 2
e 55 93 1
e 56 94 1
e 57 95 1
t # 7216
v 0 1
v 1 1
v 2 3
v 3 3
v 4 3
v 5 3
v 6 3
v 7 3
v 8 3
v 9 3
v 10 4
v 11 4
v 12 4
v 13 4
v 14 4
v 15 4
v 16 4
v 17 4
v 18 4
v 19 4
v 20 4
v 21 4
v 22 4
v 23 4
e 0 6 1
e 0 8 1
e 1 8 2
e 2 3 1
e 2 4 1
e 2 5 1
e 2 10 1
e 3 6 2
e 3 11 1
e 4 12 1
e 4 13 1
e 4 14 1
e 5 15 1
e 5 16 1
e 5 17 1
e 6 7 1
e 7 18 1
e 7 19 1
e 7 20 1
e 8 9 1
e 9 21 1
e 9 22 1
e 9 23 1
t # 7217
v 0 1
v 1 1
v 2 1
v 3 1
v 4 3
v 5 3
v 6 3
v 7 3
v 8 3
v 9 3
v 10 3
v 11 3
v 12 3
v 13 3
v 14 3
v 15 3
v 16 3
v 17 3
v 18 3
v 19 3
v 20 3
v 21 4
v 22 4
v 23 4
v 24 4
v 25 4
v 26 4
v 27 4
v 28 4
v 29 4
v 30 4
v 31 4
v 32 4
v 33 4
v 34 4
v 35 4
v 36 4
e 0 5 1
e 0 18 1
e 1 8 1
e 1 20 1
e 2 6 1
e 2 27 1
e 3 10 2
e 4 5 1
e 4 6 2
e 4 10 1
e 5 7 2
e 6 9 1
e 7 8 1
e 7 21 1
e 8 9 2
e 9 22 1
e 10 11 1
e 11 13 2
e 11 23 1
e 12 13 1
e 12 14 2
e 12 15 1
e 13 24 1
e 14 16 1
e 14 25 1
e 15 17 2
e 15 26 1
e 16 19 2
e 16 28 1
e 17 19 1
e 17 29 1
e 18 30 1
e 18 31 1
e 18 32 1
e 19 33 1
e 20 34 1
e 20 35 1
e 20 36 1
t # 7218
v 0 12
v 1 1
v 2 1
v 3 3
v 4 3
v 5 3
v 6 3
v 7 3
v 8 3
v 9 3
v 10 4
v 11 4
v 12 4
v 13 4
v 14 4
v 15 4
v 16 4
v 17 4
v 18 4
v 19 4
v 20 4
e 0 6 1
e 1 3 1
e 1 5 1
e 2 4 1
e 2 5 1
e 3 4 1
e 3 6 1
e 3 10 1
e 4 11 1
e 4 12 1
e 5 7 1
e 5 13 1
e 6 14 1
e 6 15 1
e 7 8 2
e 7 16 1
e 8 9 1
e 8 17 1
e 9 18 1
e 9 19 1
e 9 20 1
t # 7219
v 0 11
v 1 1
v 2 1
v 3 1
v 4 1
v 5 2
v 6 2
v 7 2
v 8 2
v 9 3
v 10 3
v 11 3
v 12 3
v 13 3
v 14 3
v 15 3
v 16 3
v 17 3
v 18 3
v 19 3
v 20 3
v 21 3
v 22 3
v 23 3
v 24 3
v 25 3
v 26 3
v 27 3
v 28 4
v 29 4
v 30 4
v 31 4
v 32 4
v 33 4
v 34 4
v 35 4
v 36 4
v 37 4
v 38 4
v 39 4
v 40 4
v 41 4
v 42 4
v 43 4
v 44 4
v 45 4
v 46 4
v 47 4
v 48 4
v 49 4
e 1 11 1
e 1 23 1
e 2 12 1
e 2 24 1
e 3 17 2
e 4 18 2
e 5 7 1
e 5 21 1
e 5 40 1
e 6 8 1
e 6 22 1
e 6 41 1
e 7 27 1
e 7 42 1
e 8 27 1
e 8 43 1
e 9 13 1
e 9 15 1
e 9 21 2
e 10 14 1
e 10 16 1
e 10 22 2
e 11 13 2
e 11 17 1
e 12 14 2
e 12 18 1
e 13 28 1
e 14 29 1
e 15 19 2
e 15 30 1
e 16 20 2
e 16 31 1
e 17 19 1
e 18 20 1
e 19 32 1
e 20 33 1
e 21 34 1
e 22 35 1
e 23 25 1
e 23 36 1
e 23 37 1
e 24 26 1
e 24 38 1
e 24 39 1
e 25 44 1
e 25 45 1
e 25 46 1
e 26 47 1
e 26 48 1
e 26 49 1
t # 7220
v 0 1
v 1 1
v 2 2
v 3 3
v 4 3
v 5 3
v 6 3
v 7 3
v 8 3
v 9 3
v 10 3
v 11 3
v 12 3
v 13 3
v 14 3
v 15 3
v 16 3
v 17 3
v 18 3
v 19 3
v 20 3
v 21 3
v 22 3
v 23 3
v 24 4
v 25 4
v 26 4
v 27 4
v 28 4
v 29 4
v 30 4
v 31 4
v 32 4
v 33 4
v 34 4
v 35 4
v 36 4
v 37 4
v 38 4
v 39 4
v 40 4
v 41 4
v 42 4
v 43 4
v 44 4
e 0 5 1
e 0 40 1
e 1 17 2
e 2 6 1
e 2 14 1
e 2 33 1
e 3 4 1
e 3 9 1
e 3 10 1
e 3 24 1
e 4 5 2
e 4 8 1
e 5 6 1
e 6 7 2
e 7 11 1
e 7 15 1
e 8 11 2
e 8 25 1
e 9 26 1
e 9 27 1
e 9 28 1
e 10 29 1
e 10 30 1
e 10 31 1
e 11 32 1
e 12 13 1
e 12 14 2
e 12 17 1
e 13 16 1
e 13 18 2
e 14 34 1
e 15 35 1
e 15 36 1
e 15 37 1
e 16 19 1
e 16 21 2
e 17 20 1
e 18 22 1
e 18 38 1
e 19 20 2
e 19 39 1
e 20 41 1
e 21 23 1
e 21 42 1
e 22 23 2
e 22 43 1
e 23 44 1
t # 7221
v 0 12
v 1 11
v 2 1
v 3 1
v 4 2
v 5 2
v 6 2
v 7 3
v 8 3
v 9 3
v 10 3
v 11 3
v 12 3
v 13 3
v 14 3
v 15 3
v 16 3
v 17 3
v 18 3
v 19 3
v 20 3
v 21 3
v 22 3
v 23 3
v 24 3
v 25 4
v 26 4
v 27 4
v 28 4
v 29 4
v 30 4
v 31 4
v 32 4
v 33 4
v 34 4
v 35 4
v 36 4
v 37 4
v 38 4
v 39 4
v 40 4
v 41 4
v 42 4
v 43 4
v 44 4
e 0 22 1
e 2 9 1
e 2 38 1
e 3 21 2
e 4 10 1
e 4 17 1
e 4 37 1
e 5 6 1
e 5 17 1
e 5 39 1
e 6 19 1
e 6 40 1
e 7 8 1
e 7 12 1
e 7 13 1
e 7 25 1
e 8 9 2
e 8 11 1
e 9 10 1
e 10 14 2
e 11 15 2
e 11 26 1
e 12 27 1
e 12 28 1
e 12 29 1
e 13 30 1
e 13 31 1
e 13 32 1
e 14 15 1
e 14 16 1
e 15 33 1
e 16 34 1
e 16 35 1
e 16 36 1
e 18 19 2
e 18 20 1
e 18 21 1
e 19 41 1
e 20 22 2
e 20 42 1
e 21 23 1
e 22 24 1
e 23 24 2
e 23 43 1
e 24 44 1
t # 7222
v 0 12
v 1 1
v 2 1
v 3 1
v 4 2
v 5 2
v 6 3
v 7 3
v 8 3
v 9 3
v 10 3
v 11 3
v 12 3
v 13 3
v 14 3
v 15 3
v 16 4
v 17 4
v 18 4
v 19 4
v 20 4
v 21 4
v 22 4
v 23 4
v 24 4
e 0 13 1
e 1 7 1
e 2 8 2
e 3 12 2
e 4 6 1
e 4 9 1
e 4 19 1
e 5 8 1
e 5 20 1
e 6 7 1
e 6 8 1
e 6 16 1
e 7 17 1
e 7 18 1
e 9 10 2
e 9 21 1
e 10 11 1
e 10 12 1
e 11 13 2
e 11 22 1
e 12 14 1
e 13 15 1
e 14 15 2
e 14 23 1
e 15 24 1
t # 7223
v 0 1
v 1 1
v 2 1
v 3 2
v 4 2
v 5 3
v 6 3
v 7 3
v 8 3
v 9 3
v 10 3
v 11 3
v 12 3
v 13 3
v 14 3
v 15 3
v 16 3
v 17 3
v 18 3
v 19 3
v 20 3
v 21 3
v 22 3
v 23 4
v 24 4
v 25 4
v 26 4
v 27 4
v 28 4
v 29 4
v 30 4
v 31 4
v 32 4
v 33 4
v 34 4
v 35 4
v 36 4
v 37 4
v 38 4
v 39 4
v 40 4
v 41 4
v 42 4
e 0 7 1
e 0 8 1
e 1 19 1
e 1 22 1
e 2 21 2
e 3 5 1
e 3 6 1
e 3 9 1
e 4 12 1
e 4 15 1
e 4 35 1
e 5 7 1
e 5 23 1
e 5 24 1
e 6 8 1
e 6 25 1
e 6 26 1
e 7 27 1
e 7 28 1
e 8 29 1
e 8 30 1
e 9 10 2
e 9 11 1
e 10 13 1
e 10 31 1
e 11 14 2
e 11 32 1
e 12 13 2
e 12 14 1
e 13 33 1
e 14 34 1
e 15 16 2
e 15 36 1
e 16 17 1
e 16 18 1
e 17 19 2
e 17 37 1
e 18 20 2
e 18 38 1
e 19 21 1
e 20 21 1
e 20 39 1
e 22 40 1
e 22 41 1
e 22 42 1
t # 7224
v 0 1
v 1 1
v 2 1
v 3 2
v 4 2
v 5 2
v 6 3
v 7 3
v 8 3
v 9 3
v 10 3
v 11 3
v 12 3
v 13 3
v 14 3
v 15 3
v 16 3
v 17 3
v 18 3
v 19 3
v 20 3
v 21 3
v 22 3
v 23 3
v 24 3
v 25 3
v 26 3
v 27 3
v 28 3
v 29 3
v 30 4
v 31 4
v 32 4
v 33 4
v 34 4
v 35 4
v 36 4
v 37 4
v 38 4
v 39 4
v 40 4
v 41 4
v 42 4
v 43 4
v 44 4
v 45 4
v 46 4
v 47 4
v 48 4
v 49 4
v 50 4
v 51 4
v 52 4
v 53 4
v 54 4
v 55 4
v 56 4
e 0 19 2
e 1 26 1
e 1 29 1
e 2 28 2
e 3 10 2
e 3 15 1
e 4 5 1
e 4 19 1
e 4 48 1
e 5 22 1
e 5 49 1
e 6 7 1
e 6 8 1
e 6 30 1
e 6 31 1
e 7 9 1
e 7 32 1
e 7 33 1
e 8 10 1
e 8 34 1
e 8 35 1
e 9 11 1
e 9 36 1
e 9 37 1
e 10 12 1
e 11 16 1
e 11 38 1
e 11 39 1
e 12 13 2
e 12 40 1
e 13 14 1
e 13 19 1
e 14 15 1
e 14 17 2
e 15 18 2
e 16 41 1
e 16 42 1
e 16 43 1
e 17 20 1
e 17 44 1
e 18 21 1
e 18 45 1
e 20 21 2
e 20 46 1
e 21 47 1
e 22 23 2
e 22 50 1
e 23 24 1
e 23 25 1
e 24 26 2
e 24 51 1
e 25 27 2
e 25 52 1
e 26 28 1
e 27 28 1
e 27 53 1
e 29 54 1
e 29 55 1
e 29 56 1
t # 7225
v 0 1
v 1 1
v 2 2
v 3 2
v 4 2
v 5 3
v 6 3
v 7 3
v 8 3
v 9 3
v 10 3
v 11 3
v 12 3
v 13 3
v 14 3
v 15 3
v 16 3
v 17 3
v 18 3
v 19 3
v 20 3
v 21 3
v 22 3
v 23 3
v 24 3
v 25 3
v 26 3
v 27 3
v 28 4
v 29 4
v 30 4
v 31 4
v 32 4
v 33 4
v 34 4
v 35 4
v 36 4
v 37 4
v 38 4
v 39 4
v 40 4
v 41 4
v 42 4
v 43 4
v 44 4
v 45 4
v 46 4
v 47 4
v 48 4
v 49 4
v 50 4
v 51 4
v 52 4
e 0 18 2
e 1 23 2
e 2 9 2
e 2 14 1
e 3 4 1
e 3 18 1
e 3 46 1
e 4 21 1
e 4 47 1
e 5 6 1
e 5 7 1
e 5 28 1
e 5 29 1
e 6 8 1
e 6 30 1
e 6 31 1
e 7 9 1
e 7 32 1
e 7 33 1
e 8 10 1
e 8 34 1
e 8 35 1
e 9 11 1
e 10 15 1
e 10 36 1
e 10 37 1
e 11 12 2
e 11 38 1
e 12 13 1
e 12 18 1
e 13 14 1
e 13 16 2
e 14 17 2
e 15 39 1
e 15 40 1
e 15 41 1
e 16 19 1
e 16 42 1
e 17 20 1
e 17 43 1
e 19 20 2
e 19 44 1
e 20 45 1
e 21 22 2
e 21 48 1
e 22 23 1
e 22 24 1
e 23 25 1
e 24 26 2
e 24 49 1
e 25 27 2
e 25 50 1
e 26 27 1
e 26 51 1
e 27 52 1
t # 7226
v 0 1
v 1 1
v 2 1
v 3 1
v 4 2
v 5 3
v 6 3
v 7 3
v 8 3
v 9 3
v 10 3
v 11 3
v 12 3
v 13 3
v 14 3
v 15 3
v 16 3
v 17 3
v 18 3
v 19 3
v 20 3
v 21 3
v 22 4
v 23 4
v 24 4
v 25 4
v 26 4
v 27 4
v 28 4
v 29 4
v 30 4
v 31 4
v 32 4
e 0 9 2
e 1 18 2
e 2 21 1
e 2 32 1
e 3 21 2
e 4 10 1
e 4 18 1
e 4 28 1
e 5 6 1
e 5 7 2
e 5 10 1
e 6 8 1
e 6 12 2
e 7 9 1
e 7 11 1
e 8 9 1
e 8 13 2
e 10 14 2
e 11 15 2
e 11 22 1
e 12 16 1
e 12 23 1
e 13 17 1
e 13 24 1
e 14 15 1
e 14 25 1
e 15 26 1
e 16 17 2
e 16 27 1
e 17 29 1
e 18 19 1
e 19 20 2
e 19 30 1
e 20 21 1
e 20 31 1
t # 7227
v 0 14
v 1 14
v 2 14
v 3 1
v 4 1
v 5 1
v 6 1
v 7 1
v 8 1
v 9 3
v 10 3
v 11 3
v 12 3
v 13 3
v 14 3
v 15 3
v 16 3
v 17 3
v 18 3
v 19 3
v 20 3
v 21 3
v 22 3
v 23 3
v 24 3
v 25 3
v 26 3
v 27 3
v 28 3
v 29 3
v 30 3
v 31 3
v 32 3
v 33 3
v 34 3
v 35 3
v 36 4
v 37 4
v 38 4
v 39 4
v 40 4
v 41 4
v 42 4
v 43 4
v 44 4
v 45 4
v 46 4
v 47 4
v 48 4
v 49 4
v 50 4
v 51 4
v 52 4
v 53 4
v 54 4
v 55 4
v 56 4
v 57 4
v 58 4
v 59 4
v 60 4
v 61 4
v 62 4
v 63 4
v 64 4
v 65 4
v 66 4
v 67 4
v 68 4
v 69 4
v 70 4
e 3 20 2
e 27 4 1
e 4 30 1
e 5 28 2
e 6 31 1
e 6 34 1
e 7 30 2
e 8 34 2
e 9 10 1
e 9 11 1
e 9 15 1
e 9 36 1
e 10 13 1
e 10 17 1
e 10 37 1
e 11 12 1
e 11 20 1
e 11 38 1
e 12 14 1
e 12 21 1
e 12 24 1
e 13 16 1
e 13 18 1
e 13 25 1
e 14 19 1
e 14 23 1
e 14 39 1
e 15 19 1
e 15 40 1
e 15 41 1
e 16 22 1
e 16 28 1
e 16 42 1
e 17 22 1
e 17 43 1
e 17 44 1
e 18 20 1
e 18 45 1
e 18 46 1
e 19 47 1
e 19 48 1
e 21 26 1
e 21 49 1
e 21 50 1
e 22 51 1
e 22 52 1
e 23 27 1
e 23 53 1
e 23 54 1
e 24 55 1
e 24 56 1
e 24 57 1
e 25 58 1
e 25 59 1
e 25 60 1
e 26 27 1
e 26 61 1
e 26 62 1
e 27 63 1
e 28 29 1
e 29 31 2
e 29 64 1
e 30 32 1
e 31 33 1
e 32 65 1
e 32 66 1
e 32 67 1
e 34 35 1
e 35 68 1
e 35 69 1
e 35 70 1
t # 7228
v 0 1
v 1 1
v 2 1
v 3 1
v 4 1
v 5 1
v 6 1
v 7 1
v 8 1
v 9 3
v 10 3
v 11 3
v 12 3
v 13 3
v 14 3
v 15 3
v 16 3
v 17 3
v 18 3
v 19 3
v 20 3
v 21 3
v 22 3
v 23 3
v 24 3
v 25 3
v 26 3
v 27 3
v 28 3
v 29 3
v 30 3
v 31 3
v 32 3
v 33 3
v 34 3
v 35 3
v 36 3
v 37 3
v 38 3
v 39 3
v 40 3
v 41 3
v 42 3
v 43 4
v 44 4
v 45 4
v 46 4
v 47 4
v 48 4
v 49 4
v 50 4
v 51 4
v 52 4
v 53 4
v 54 4
v 55 4
v 56 4
v 57 4
v 58 4
v 59 4
v 60 4
v 61 4
v 62 4
v 63 4
v 64 4
v 65 4
v 66 4
v 67 4
v 68 4
v 69 4
v 70 4
v 71 4
v 72 4
v 73 4
v 74 4
v 75 4
v 76 4
v 77 4
v 78 4
v 79 4
v 80 4
v 81 4
v 82 4
v 83 4
v 84 4
v 85 4
v 86 4
v 87 4
v 88 4
v 89 4
v 90 4
e 15 0 1
e 0 34 1
e 1 18 2
e 22 2 1
e 2 69 1
e 28 3 1
e 3 77 1
e 4 30 2
e 5 31 2
e 6 34 2
e 7 38 1
e 7 41 1
e 8 41 2
e 9 10 1
e 9 11 1
e 9 14 1
e 9 20 1
e 10 13 1
e 10 16 1
e 10 21 1
e 11 12 1
e 11 19 1
e 11 43 1
e 12 17 1
e 12 18 1
e 12 24 1
e 13 15 1
e 13 22 1
e 13 44 1
e 14 15 1
e 14 45 1
e 14 46 1
e 15 47 1
e 16 18 1
e 16 48 1
e 16 49 1
e 17 23 1
e 17 25 1
e 17 50 1
e 19 26 1
e 19 51 1
e 19 52 1
e 20 53 1
e 20 54 1
e 20 55 1
e 21 56 1
e 21 57 1
e 21 58 1
e 22 29 1
e 22 30 1
e 23 26 2
e 23 27 1
e 24 59 1
e 24 60 1
e 24 61 1
e 25 28 1
e 25 62 1
e 25 63 1
e 26 64 1
e 27 31 1
e 27 32 1
e 27 33 1
e 28 31 1
e 28 65 1
e 29 66 1
e 29 67 1
e 29 68 1
e 30 35 1
e 32 70 1
e 32 71 1
e 32 72 1
e 33 73 1
e 33 74 1
e 33 75 1
e 34 36 1
e 35 37 2
e 35 76 1
e 36 78 1
e 36 79 1
e 36 80 1
e 37 38 1
e 37 81 1
e 38 39 1
e 38 40 1
e 39 82 1
e 39 83 1
e 39 84 1
e 40 85 1
e 40 86 1
e 40 87 1
e 41 42 1
e 42 88 1
e 42 89 1
e 42 90 1
t # 7229
v 0 1
v 1 1
v 2 3
v 3 3
v 4 3
v 5 3
v 6 3
v 7 3
v 8 3
v 9 3
v 10 3
v 11 3
v 12 3
v 13 3
v 14 4
v 15 4
v 16 4
v 17 4
v 18 4
v 19 4
v 20 4
v 21 4
v 22 4
v 23 4
v 24 4
v 25 4
v 26 4
v 27 4
e 0 7 2
e 1 10 1
e 1 13 1
e 2 3 1
e 2 4 1
e 2 7 1
e 2 14 1
e 3 5 1
e 3 15 1
e 3 16 1
e 4 6 1
e 4 17 1
e 4 18 1
e 5 6 1
e 5 19 1
e 5 20 1
e 6 21 1
e 6 22 1
e 7 8 1
e 8 9 2
e 8 23 1
e 9 10 1
e 9 24 1
e 10 11 2
e 11 12 1
e 11 25 1
e 12 13 2
e 12 26 1
e 13 27 1
t # 7230
v 0 1
v 1 1
v 2 1
v 3 1
v 4 1
v 5 1
v 6 3
v 7 3
v 8 3
v 9 3
v 10 3
v 11 3
v 12 3
v 13 3
v 14 3
v 15 3
v 16 3
v 17 3
v 18 3
v 19 3
v 20 3
v 21 3
v 22 3
v 23 3
v 24 3
v 25 3
v 26 3
v 27 3
v 28 3
v 29 3
v 30 3
v 31 3
v 32 3
v 33 3
v 34 4
v 35 4
v 36 4
v 37 4
v 38 4
v 39 4
v 40 4
v 41 4
v 42 4
v 43 4
v 44 4
v 45 4
v 46 4
v 47 4
v 48 4
v 49 4
v 50 4
v 51 4
v 52 4
v 53 4
v 54 4
v 55 4
v 56 4
v 57 4
v 58 4
v 59 4
v 60 4
v 61 4
v 62 4
v 63 4
v 64 4
v 65 4
v 66 4
v 67 4
v 68 4
v 69 4
v 70 4
v 71 4
v 72 4
v 73 4
v 74 4
v 75 4
e 9 0 1
e 0 61 1
e 1 19 1
e 1 28 1
e 2 19 1
e 2 29 1
e 3 16 2
e 4 32 1
e 4 33 1
e 5 32 2
e 6 8 1
e 6 9 1
e 6 14 1
e 6 21 1
e 7 8 1
e 7 10 1
e 7 13 1
e 7 34 1
e 8 16 1
e 8 35 1
e 9 11 1
e 9 15 1
e 10 12 1
e 10 18 1
e 10 36 1
e 11 13 1
e 11 24 1
e 11 37 1
e 12 17 1
e 12 22 1
e 12 25 1
e 13 38 1
e 13 39 1
e 14 20 1
e 14 40 1
e 14 41 1
e 15 19 1
e 15 42 1
e 15 43 1
e 16 17 1
e 17 44 1
e 17 45 1
e 18 23 1
e 18 46 1
e 18 47 1
e 19 20 1
e 20 48 1
e 20 49 1
e 21 50 1
e 21 51 1
e 21 52 1
e 22 23 1
e 22 26 2
e 23 53 1
e 23 54 1
e 24 55 1
e 24 56 1
e 24 57 1
e 25 58 1
e 25 59 1
e 25 60 1
e 26 32 1
e 26 62 1
e 27 28 1
e 27 29 1
e 27 30 1
e 27 31 1
e 28 63 1
e 28 64 1
e 29 65 1
e 29 66 1
e 30 67 1
e 30 68 1
e 30 69 1
e 31 70 1
e 31 71 1
e 31 72 1
e 33 73 1
e 33 74 1
e 33 75 1
t # 7231
v 0 1
v 1 1
v 2 1
v 3 3
v 4 3
v 5 3
v 6 3
v 7 3
v 8 3
v 9 3
v 10 3
v 11 3
v 12 3
v 13 3
v 14 3
v 15 3
v 16 3
v 17 3
v 18 3
v 19 3
v 20 3
v 21 3
v 22 3
v 23 3
v 24 4
v 25 4
v 26 4
v 27 4
v 28 4
v 29 4
v 30 4
v 31 4
v 32 4
v 33 4
v 34 4
v 35 4
v 36 4
v 37 4
v 38 4
v 39 4
v 40 4
v 41 4
v 42 4
v 43 4
v 44 4
v 45 4
v 46 4
v 47 4
v 48 4
v 49 4
v 50 4
v 51 4
e 0 7 1
e 0 46 1
e 1 22 2
e 2 23 1
e 2 51 1
e 3 4 1
e 3 5 1
e 3 10 1
e 3 24 1
e 4 6 1
e 4 11 1
e 4 25 1
e 5 8 1
e 5 12 1
e 5 16 1
e 6 7 1
e 6 9 1
e 6 26 1
e 7 8 1
e 7 27 1
e 8 28 1
e 8 29 1
e 9 14 1
e 9 17 1
e 9 18 1
e 10 13 1
e 10 30 1
e 10 31 1
e 11 15 1
e 11 32 1
e 11 33 1
e 12 13 1
e 12 19 2
e 13 34 1
e 13 35 1
e 14 15 1
e 14 20 2
e 15 36 1
e 15 37 1
e 16 38 1
e 16 39 1
e 16 40 1
e 17 41 1
e 17 42 1
e 17 43 1
e 18 21 2
e 18 44 1
e 19 23 1
e 19 45 1
e 20 22 1
e 20 47 1
e 21 22 1
e 21 48 1
e 23 49 1
e 23 50 1
t # 7232
v 0 1
v 1 1
v 2 1
v 3 1
v 4 3
v 5 3
v 6 3
v 7 3
v 8 3
v 9 3
v 10 3
v 11 3
v 12 3
v 13 3
v 14 3
v 15 3
v 16 3
v 17 3
v 18 3
v 19 3
v 20 3
v 21 3
v 22 3
v 23 3
v 24 3
v 25 3
v 26 4
v 27 4
v 28 4
v 29 4
v 30 4
v 31 4
v 32 4
v 33 4
v 34 4
v 35 4
v 36 4
v 37 4
v 38 4
v 39 4
v 40 4
v 41 4
v 42 4
v 43 4
v 44 4
v 45 4
v 46 4
v 47 4
v 48 4
v 49 4
v 50 4
v 51 4
e 0 13 2
e 1 23 2
e 2 24 1
e 2 25 1
e 3 24 2
e 4 5 1
e 4 6 1
e 4 9 1
e 4 26 1
e 5 7 1
e 5 11 1
e 5 27 1
e 6 10 1
e 6 12 1
e 6 17 1
e 7 8 1
e 7 13 1
e 7 28 1
e 8 16 1
e 8 18 1
e 8 19 1
e 9 14 1
e 9 29 1
e 9 30 1
e 10 13 1
e 10 31 1
e 10 32 1
e 11 15 1
e 11 33 1
e 11 34 1
e 12 14 1
e 12 20 2
e 14 35 1
e 14 36 1
e 15 16 1
e 15 37 1
e 15 38 1
e 16 21 2
e 17 39 1
e 17 40 1
e 17 41 1
e 18 42 1
e 18 43 1
e 18 44 1
e 19 22 2
e 19 45 1
e 20 24 1
e 20 46 1
e 21 23 1
e 21 47 1
e 22 23 1
e 22 48 1
e 25 49 1
e 25 50 1
e 25 51 1
t # 7233
v 0 1
v 1 1
v 2 1
v 3 1
v 4 1
v 5 1
v 6 1
v 7 1
v 8 1
v 9 1
v 10 1
v 11 1
v 12 1
v 13 1
v 14 1
v 15 1
v 16 2
v 17 3
v 18 3
v 19 3
v 20 3
v 21 3
v 22 3
v 23 3
v 24 3
v 25 3
v 26 3
v 27 3
v 28 3
v 29 3
v 30 3
v 31 3
v 32 3
v 33 3
v 34 3
v 35 3
v 36 3
v 37 3
v 38 3
v 39 3
v 40 3
v 41 3
v 42 3
v 43 3
v 44 3
v 45 3
v 46 3
v 47 3
v 48 3
v 49 3
v 50 3
v 51 3
v 52 3
v 53 3
v 54 3
v 55 3
v 56 3
v 57 3
v 58 3
v 59 4
v 60 4
v 61 4
v 62 4
v 63 4
v 64 4
v 65 4
v 66 4
v 67 4
v 68 4
v 69 4
v 70 4
v 71 4
v 72 4
v 73 4
v 74 4
v 75 4
v 76 4
v 77 4
v 78 4
v 79 4
v 80 4
v 81 4
v 82 4
v 83 4
v 84 4
v 85 4
v 86 4
v 87 4
v 88 4
v 89 4
v 90 4
v 91 4
v 92 4
v 93 4
v 94 4
v 95 4
v 96 4
v 97 4
v 98 4
v 99 4
v 100 4
v 101 4
v 102 4
v 103 4
v 104 4
v 105 4
v 106 4
v 107 4
v 108 4
v 109 4
v 110 4
v 111 4
e 18 0 1
e 0 34 1
e 20 1 1
e 1 72 1
e 22 2 1
e 2 80 1
e 23 3 1
e 3 82 1
e 24 4 1
e 4 83 1
e 25 5 1
e 5 84 1
e 6 28 1
e 6 39 1
e 7 28 2
e 8 34 2
e 9 35 1
e 9 46 1
e 10 42 1
e 10 46 1
e 11 47 1
e 11 57 1
e 12 48 1
e 12 108 1
e 13 51 2
e 14 54 2
e 15 57 2
e 16 52 1
e 16 54 1
e 16 101 1
e 17 18 1
e 17 20 1
e 17 28 1
e 17 59 1
e 18 19 1
e 18 60 1
e 19 22 1
e 19 26 1
e 19 61 1
e 20 21 1
e 20 62 1
e 21 23 1
e 21 27 1
e 21 63 1
e 22 24 1
e 22 64 1
e 23 25 1
e 23 65 1
e 24 29 1
e 24 30 1
e 25 31 1
e 25 32 1
e 26 66 1
e 26 67 1
e 26 68 1
e 27 69 1
e 27 70 1
e 27 71 1
e 29 73 1
e 29 74 1
e 29 75 1
e 30 33 2
e 30 76 1
e 31 77 1
e 31 78 1
e 31 79 1
e 32 36 2
e 32 81 1
e 33 35 1
e 33 37 1
e 34 38 1
e 35 40 2
e 36 43 1
e 36 85 1
e 37 86 1
e 37 87 1
e 37 88 1
e 38 89 1
e 38 90 1
e 38 91 1
e 39 92 1
e 39 93 1
e 39 94 1
e 40 41 1
e 40 42 1
e 41 44 1
e 41 47 2
e 42 45 2
e 43 49 2
e 43 95 1
e 44 48 2
e 44 51 1
e 45 48 1
e 45 53 1
e 46 96 1
e 46 97 1
e 47 50 1
e 49 54 1
e 49 55 1
e 50 52 2
e 50 56 1
e 51 52 1
e 53 98 1
e 53 99 1
e 53 100 1
e 55 102 1
e 55 103 1
e 55 104 1
e 56 105 1
e 56 106 1
e 56 107 1
e 57 58 1
e 58 109 1
e 58 110 1
e 58 111 1
t # 7234
v 0 1
v 1 1
v 2 2
v 3 3
v 4 3
v 5 3
v 6 3
v 7 3
v 8 3
v 9 3
v 10 3
v 11 3
v 12 3
v 13 3
v 14 3
v 15 3
v 16 3
v 17 3
v 18 3
v 19 3
v 20 3
v 21 3
v 22 3
v 23 3
v 24 3
v 25 4
v 26 4
v 27 4
v 28 4
v 29 4
v 30 4
v 31 4
v 32 4
v 33 4
v 34 4
v 35 4
v 36 4
v 37 4
v 38 4
v 39 4
v 40 4
v 41 4
e 0 7 1
e 0 41 1
e 1 16 2
e 2 5 1
e 2 13 1
e 2 27 1
e 3 4 1
e 3 5 1
e 3 7 2
e 4 6 1
e 4 11 2
e 5 25 1
e 5 26 1
e 6 10 1
e 6 15 2
e 7 14 1
e 8 9 1
e 8 13 2
e 8 16 1
e 9 12 1
e 9 18 2
e 10 14 2
e 10 28 1
e 11 17 1
e 11 29 1
e 12 19 1
e 12 21 2
e 13 30 1
e 14 31 1
e 15 20 1
e 15 32 1
e 16 22 1
e 17 20 2
e 17 33 1
e 18 23 1
e 18 34 1
e 19 22 2
e 19 35 1
e 20 36 1
e 21 24 1
e 21 37 1
e 22 38 1
e 23 24 2
e 23 39 1
e 24 40 1
t # 7235
v 0 1
v 1 1
v 2 2
v 3 2
v 4 2
v 5 2
v 6 3
v 7 3
v 8 3
v 9 3
v 10 3
v 11 3
v 12 3
v 13 3
v 14 3
v 15 3
v 16 3
v 17 3
v 18 3
v 19 3
v 20 3
v 21 3
v 22 4
v 23 4
v 24 4
v 25 4
v 26 4
v 27 4
v 28 4
v 29 4
v 30 4
v 31 4
v 32 4
v 33 4
v 34 4
v 35 4
e 0 10 1
e 1 11 1
e 2 6 1
e 2 12 2
e 3 7 1
e 3 13 2
e 6 7 1
e 6 22 1
e 6 23 1
e 7 24 1
e 7 25 1
e 8 10 1
e 8 12 1
e 8 14 2
e 9 11 1
e 9 13 1
e 9 15 2
e 10 16 2
e 11 17 2
e 12 26 1
e 13 27 1
e 14 18 1
e 14 28 1
e 15 19 1
e 15 29 1
e 16 20 1
e 16 30 1
e 17 21 1
e 17 31 1
e 18 20 2
e 18 32 1
e 19 21 2
e 19 33 1
e 20 34 1
e 21 35 1
t # 7236
v 0 1
v 1 2
v 2 3
v 3 3
v 4 3
v 5 3
v 6 3
v 7 3
v 8 3
v 9 3
v 10 3
v 11 3
v 12 3
v 13 3
v 14 3
v 15 3
v 16 3
v 17 3
v 18 3
v 19 3
v 20 4
v 21 4
v 22 4
v 23 4
v 24 4
v 25 4
v 26 4
v 27 4
v 28 4
v 29 4
v 30 4
v 31 4
v 32 4
v 33 4
v 34 4
e 0 5 2
e 1 6 1
e 1 9 1
e 1 25 1
e 2 3 1
e 2 4 1
e 2 7 2
e 3 5 1
e 3 6 2
e 4 8 1
e 4 10 2
e 5 11 1
e 6 20 1
e 7 12 1
e 7 21 1
e 8 11 2
e 8 22 1
e 9 15 2
e 9 16 1
e 10 13 1
e 10 23 1
e 11 24 1
e 12 13 2
e 12 26 1
e 13 27 1
e 14 17 2
e 14 18 1
e 14 19 1
e 15 17 1
e 15 28 1
e 16 18 2
e 16 29 1
e 17 30 1
e 18 31 1
e 19 32 1
e 19 33 1
e 19 34 1
t # 7237
v 0 11
v 1 1
v 2 1
v 3 2
v 4 2
v 5 2
v 6 2
v 7 3
v 8 3
v 9 3
v 10 3
v 11 3
v 12 3
v 13 3
v 14 3
v 15 3
v 16 4
v 17 4
v 18 4
v 19 4
v 20 4
v 21 4
v 22 4
v 23 4
v 24 4
v 25 4
v 26 4
v 27 4
e 1 11 1
e 1 25 1
e 2 9 2
e 3 10 2
e 3 12 1
e 4 5 1
e 4 13 1
e 4 23 1
e 5 15 1
e 5 24 1
e 6 15 1
e 6 26 1
e 6 27 1
e 7 8 1
e 7 9 1
e 7 13 2
e 8 11 1
e 8 12 2
e 9 10 1
e 10 14 1
e 11 16 1
e 11 17 1
e 12 18 1
e 13 19 1
e 14 20 1
e 14 21 1
e 14 22 1
t # 7238
v 0 12
v 1 1
v 2 1
v 3 1
v 4 1
v 5 1
v 6 1
v 7 2
v 8 2
v 9 3
v 10 3
v 11 3
v 12 3
v 13 3
v 14 3
v 15 3
v 16 3
v 17 3
v 18 3
v 19 3
v 20 3
v 21 3
v 22 3
v 23 4
v 24 4
v 25 4
v 26 4
v 27 4
v 28 4
v 29 4
v 30 4
v 31 4
v 32 4
v 33 4
e 0 12 1
e 1 15 2
e 2 16 2
e 3 21 1
e 3 32 1
e 4 22 1
e 4 33 1
e 5 21 2
e 6 22 2
e 7 9 1
e 7 15 1
e 7 26 1
e 8 10 1
e 8 16 1
e 8 27 1
e 9 11 1
e 9 12 2
e 10 11 2
e 10 13 1
e 11 23 1
e 12 14 1
e 13 14 2
e 13 24 1
e 14 25 1
e 15 17 1
e 16 18 1
e 17 19 2
e 17 28 1
e 18 20 2
e 18 29 1
e 19 21 1
e 19 30 1
e 20 22 1
e 20 31 1
t # 7239
v 0 1
v 1 1
v 2 1
v 3 1
v 4 1
v 5 1
v 6 2
v 7 2
v 8 3
v 9 3
v 10 3
v 11 3
v 12 3
v 13 3
v 14 3
v 15 3
v 16 3
v 17 3
v 18 3
v 19 4
v 20 4
v 21 4
v 22 4
v 23 4
v 24 4
v 25 4
v 26 4
v 27 4
v 28 4
v 29 4
v 30 4
v 31 4
v 32 4
e 0 11 2
e 1 12 2
e 2 17 1
e 2 31 1
e 3 18 1
e 3 32 1
e 4 17 2
e 5 18 2
e 6 9 1
e 6 11 1
e 6 25 1
e 7 10 1
e 7 12 1
e 7 26 1
e 8 9 1
e 8 10 1
e 8 19 1
e 8 20 1
e 9 21 1
e 9 22 1
e 10 23 1
e 10 24 1
e 11 13 1
e 12 14 1
e 13 15 2
e 13 27 1
e 14 16 2
e 14 28 1
e 15 17 1
e 15 29 1
e 16 18 1
e 16 30 1
t # 7240
v 0 12
v 1 1
v 2 1
v 3 1
v 4 1
v 5 3
v 6 3
v 7 3
v 8 3
v 9 3
v 10 3
v 11 3
v 12 3
v 13 3
v 14 3
v 15 3
v 16 3
v 17 3
v 18 3
v 19 3
v 20 4
v 21 4
v 22 4
v 23 4
v 24 4
v 25 4
v 26 4
v 27 4
v 28 4
e 0 19 1
e 1 6 1
e 1 7 1
e 2 9 1
e 2 27 1
e 3 10 2
e 4 13 1
e 4 28 1
e 5 6 2
e 5 10 1
e 5 11 1
e 6 12 1
e 7 8 1
e 7 9 2
e 8 15 2
e 8 16 1
e 9 10 1
e 11 14 2
e 11 20 1
e 12 13 2
e 12 21 1
e 13 14 1
e 14 22 1
e 15 17 1
e 15 23 1
e 16 18 2
e 16 24 1
e 17 19 2
e 17 25 1
e 18 19 1
e 18 26 1
t # 7241
v 0 1
v 1 3
v 2 3
v 3 3
v 4 3
v 5 3
v 6 3
v 7 3
v 8 3
v 9 3
v 10 3
v 11 3
v 12 3
v 13 3
v 14 3
v 15 4
v 16 4
v 17 4
v 18 4
v 19 4
v 20 4
v 21 4
v 22 4
v 23 4
v 24 4
v 25 4
v 26 4
v 27 4
v 28 4
v 29 4
v 30 4
v 31 4
v 32 4
v 33 4
v 34 4
v 35 4
v 36 4
e 0 13 2
e 1 2 1
e 1 3 1
e 1 5 1
e 1 6 1
e 2 4 1
e 2 7 1
e 2 15 1
e 3 4 1
e 3 8 1
e 3 16 1
e 4 17 1
e 4 18 1
e 5 19 1
e 5 20 1
e 5 21 1
e 6 22 1
e 6 23 1
e 6 24 1
e 7 25 1
e 7 26 1
e 7 27 1
e 8 9 1
e 8 10 2
e 9 28 1
e 9 29 1
e 9 30 1
e 10 11 1
e 10 31 1
e 11 12 2
e 11 32 1
e 12 13 1
e 12 33 1
e 13 14 1
e 14 34 1
e 14 35 1
e 14 36 1
t # 7242
v 0 1
v 1 1
v 2 3
v 3 3
v 4 3
v 5 3
v 6 3
v 7 3
v 8 3
v 9 3
v 10 3
v 11 3
v 12 3
v 13 3
v 14 4
v 15 4
v 16 4
v 17 4
v 18 4
v 19 4
v 20 4
v 21 4
v 22 4
v 23 4
v 24 4
v 25 4
v 26 4
v 27 4
e 0 2 1
e 0 4 1
e 1 3 1
e 1 4 1
e 2 3 1
e 2 5 1
e 2 14 1
e 3 15 1
e 3 16 1
e 4 6 1
e 4 17 1
e 5 7 2
e 5 8 1
e 6 11 2
e 6 18 1
e 7 9 1
e 7 19 1
e 8 10 2
e 8 20 1
e 9 12 2
e 9 21 1
e 10 12 1
e 10 22 1
e 11 13 1
e 11 23 1
e 12 24 1
e 13 25 1
e 13 26 1
e 13 27 1
t # 7243
v 0 1
v 1 1
v 2 1
v 3 1
v 4 2
v 5 2
v 6 2
v 7 2
v 8 3
v 9 3
v 10 3
v 11 3
v 12 3
v 13 3
v 14 3
v 15 3
v 16 3
v 17 3
v 18 3
v 19 3
v 20 3
v 21 3
v 22 3
v 23 3
v 24 3
v 25 3
v 26 3
v 27 3
v 28 3
v 29 3
v 30 3
v 31 4
v 32 4
v 33 4
v 34 4
v 35 4
v 36 4
v 37 4
v 38 4
v 39 4
v 40 4
v 41 4
v 42 4
v 43 4
v 44 4
v 45 4
v 46 4
e 0 13 2
e 1 16 2
e 4 6 1
e 4 10 2
e 5 16 1
e 5 20 1
e 5 36 1
e 6 19 1
e 6 37 1
e 7 23 1
e 8 9 1
e 8 10 1
e 8 14 2
e 9 12 1
e 9 15 2
e 10 13 1
e 11 12 2
e 11 13 1
e 11 16 1
e 12 31 1
e 14 17 1
e 14 32 1
e 15 18 1
e 15 33 1
e 17 18 2
e 17 34 1
e 18 35 1
e 19 21 2
e 19 22 1
e 20 24 2
e 20 25 1
e 21 23 1
e 21 38 1
e 22 26 2
e 22 39 1
e 23 27 2
e 24 28 1
e 24 40 1
e 25 29 2
e 25 41 1
e 26 27 1
e 26 42 1
e 27 43 1
e 28 30 2
e 28 44 1
e 29 30 1
e 29 45 1
e 30 46 1
t # 7244
v 0 1
v 1 2
v 2 2
v 3 2
v 4 2
v 5 3
v 6 3
v 7 3
v 8 3
v 9 3
v 10 3
v 11 3
v 12 3
v 13 3
v 14 3
v 15 3
v 16 3
v 17 3
v 18 3
v 19 3
v 20 3
v 21 3
v 22 3
v 23 3
v 24 3
v 25 3
v 26 3
v 27 4
v 28 4
v 29 4
v 30 4
v 31 4
v 32 4
v 33 4
v 34 4
v 35 4
v 36 4
v 37 4
v 38 4
v 39 4
v 40 4
v 41 4
v 42 4
e 0 9 2
e 1 2 1
e 1 7 2
e 2 15 1
e 2 33 1
e 3 18 1
e 4 21 1
e 5 6 1
e 5 7 1
e 5 8 2
e 6 9 1
e 6 10 2
e 7 11 1
e 8 13 1
e 8 27 1
e 9 12 1
e 10 14 1
e 10 28 1
e 11 12 2
e 11 29 1
e 12 30 1
e 13 14 2
e 13 31 1
e 14 32 1
e 15 16 2
e 15 17 1
e 16 19 1
e 16 34 1
e 17 20 2
e 17 35 1
e 18 19 2
e 18 20 1
e 19 36 1
e 20 37 1
e 21 22 2
e 21 23 1
e 22 24 1
e 22 38 1
e 23 25 2
e 23 39 1
e 24 26 2
e 24 40 1
e 25 26 1
e 25 41 1
e 26 42 1
t # 7245
v 0 11
v 1 1
v 2 1
v 3 1
v 4 1
v 5 2
v 6 2
v 7 2
v 8 2
v 9 3
v 10 3
v 11 3
v 12 3
v 13 3
v 14 3
v 15 3
v 16 3
v 17 3
v 18 3
v 19 3
v 20 3
v 21 3
v 22 3
v 23 3
v 24 3
v 25 3
v 26 3
v 27 4
v 28 4
v 29 4
v 30 4
v 31 4
v 32 4
v 33 4
v 34 4
v 35 4
v 36 4
v 37 4
v 38 4
v 39 4
v 40 4
v 41 4
v 42 4
v 43 4
v 44 4
e 0 1 2
e 0 2 2
e 0 9 1
e 3 21 2
e 4 22 2
e 5 16 1
e 5 17 1
e 6 8 1
e 6 10 1
e 6 30 1
e 7 18 1
e 7 22 1
e 7 40 1
e 8 19 2
e 9 10 2
e 9 11 1
e 10 13 1
e 11 12 2
e 11 27 1
e 12 14 1
e 12 20 1
e 13 14 2
e 13 28 1
e 14 29 1
e 15 18 1
e 15 21 1
e 15 23 2
e 16 31 1
e 16 32 1
e 16 33 1
e 17 34 1
e 17 35 1
e 17 36 1
e 18 24 2
e 19 21 1
e 19 22 1
e 20 37 1
e 20 38 1
e 20 39 1
e 23 25 1
e 23 41 1
e 24 26 1
e 24 42 1
e 25 26 2
e 25 43 1
e 26 44 1
t # 7246
v 0 1
v 1 1
v 2 1
v 3 2
v 4 2
v 5 2
v 6 3
v 7 3
v 8 3
v 9 3
v 10 3
v 11 3
v 12 3
v 13 3
v 14 3
v 15 3
v 16 3
v 17 3
v 18 3
v 19 3
v 20 3
v 21 3
v 22 4
v 23 4
v 24 4
v 25 4
v 26 4
v 27 4
v 28 4
v 29 4
v 30 4
v 31 4
v 32 4
e 0 8 2
e 3 4 1
e 3 14 1
e 3 28 1
e 4 9 2
e 5 19 1
e 6 7 1
e 6 8 1
e 6 11 2
e 7 10 1
e 7 13 2
e 8 9 1
e 9 12 1
e 10 12 2
e 10 22 1
e 11 15 1
e 11 24 1
e 12 23 1
e 13 16 1
e 13 25 1
e 14 17 2
e 14 18 1
e 15 16 2
e 15 26 1
e 16 27 1
e 17 20 1
e 17 29 1
e 18 21 2
e 18 30 1
e 19 20 2
e 19 21 1
e 20 31 1
e 21 32 1
t # 7247
v 0 14
v 1 14
v 2 14
v 3 1
v 4 1
v 5 1
v 6 1
v 7 3
v 8 3
v 9 3
v 10 3
v 11 3
v 12 3
v 13 3
v 14 3
v 15 3
v 16 3
v 17 3
v 18 3
v 19 3
v 20 3
v 21 3
v 22 3
v 23 3
v 24 3
v 25 3
v 26 3
v 27 3
v 28 3
v 29 3
v 30 4
v 31 4
v 32 4
v 33 4
v 34 4
v 35 4
v 36 4
v 37 4
v 38 4
v 39 4
v 40 4
v 41 4
v 42 4
v 43 4
v 44 4
v 45 4
v 46 4
v 47 4
v 48 4
v 49 4
v 50 4
e 3 12 2
e 4 19 1
e 4 27 1
e 5 26 1
e 5 29 1
e 6 27 2
e 7 8 1
e 7 9 1
e 7 12 1
e 7 16 1
e 8 10 1
e 8 11 1
e 8 30 1
e 9 13 1
e 9 31 1
e 9 32 1
e 10 14 1
e 10 33 1
e 10 34 1
e 11 15 2
e 11 17 1
e 12 14 1
e 13 15 1
e 13 35 1
e 13 36 1
e 14 19 2
e 15 18 1
e 16 37 1
e 16 38 1
e 16 39 1
e 17 21 2
e 17 40 1
e 18 20 2
e 18 22 1
e 19 23 1
e 20 21 1
e 20 24 1
e 21 41 1
e 22 25 2
e 22 42 1
e 24 26 2
e 24 43 1
e 25 26 1
e 25 44 1
e 27 28 1
e 28 45 1
e 28 46 1
e 28 47 1
e 29 48 1
e 29 49 1
e 29 50 1
t # 7248
v 0 12
v 1 12
v 2 1
v 3 1
v 4 2
v 5 2
v 6 2
v 7 2
v 8 2
v 9 2
v 10 2
v 11 3
v 12 3
v 13 3
v 14 3
v 15 3
v 16 3
v 17 3
v 18 3
v 19 3
v 20 3
v 21 3
v 22 4
v 23 4
v 24 4
v 25 4
v 26 4
v 27 4
v 28 4
v 29 4
v 30 4
v 31 4
v 32 4
v 33 4
v 34 4
v 35 4
v 36 4
e 0 20 1
e 1 21 1
e 2 15 2
e 3 16 2
e 4 11 1
e 4 15 1
e 4 18 1
e 5 7 1
e 5 13 1
e 5 14 1
e 6 15 1
e 6 16 1
e 6 19 1
e 7 10 1
e 7 29 1
e 8 11 2
e 8 17 1
e 9 12 2
e 9 17 1
e 10 17 2
e 11 12 1
e 12 16 1
e 13 20 1
e 13 22 1
e 13 23 1
e 14 21 1
e 14 24 1
e 14 25 1
e 18 26 1
e 18 27 1
e 18 28 1
e 19 34 1
e 19 35 1
e 19 36 1
e 20 30 1
e 20 31 1
e 21 32 1
e 21 33 1
t # 7249
v 0 1
v 1 2
v 2 2
v 3 2
v 4 2
v 5 3
v 6 3
v 7 3
v 8 3
v 9 3
v 10 3
v 11 3
v 12 3
v 13 3
v 14 3
v 15 3
v 16 3
v 17 3
v 18 3
v 19 3
v 20 3
v 21 4
v 22 4
v 23 4
v 24 4
v 25 4
v 26 4
v 27 4
v 28 4
v 29 4
v 30 4
v 31 4
v 32 4
v 33 4
v 34 4
v 35 4
v 36 4
v 37 4
v 38 4
e 1 5 1
e 1 11 1
e 1 12 1
e 2 3 1
e 2 6 1
e 2 31 1
e 3 13 2
e 4 19 1
e 5 7 2
e 5 8 1
e 6 9 2
e 6 10 1
e 7 9 1
e 7 21 1
e 8 10 2
e 8 22 1
e 9 23 1
e 10 24 1
e 11 25 1
e 11 26 1
e 11 27 1
e 12 28 1
e 12 29 1
e 12 30 1
e 13 15 1
e 13 16 1
e 14 17 1
e 14 18 1
e 14 19 2
e 15 17 2
e 15 32 1
e 16 18 2
e 16 33 1
e 17 34 1
e 18 35 1
e 19 20 1
e 20 36 1
e 20 37 1
e 20 38 1
t # 7250
v 0 1
v 1 1
v 2 1
v 3 1
v 4 1
v 5 1
v 6 1
v 7 1
v 8 1
v 9 1
v 10 1
v 11 1
v 12 2
v 13 2
v 14 2
v 15 3
v 16 3
v 17 3
v 18 3
v 19 3
v 20 3
v 21 3
v 22 3
v 23 3
v 24 3
v 25 3
v 26 3
v 27 3
v 28 3
v 29 3
v 30 3
v 31 3
v 32 3
v 33 3
v 34 3
v 35 3
v 36 3
v 37 3
v 38 3
v 39 3
v 40 3
v 41 3
v 42 3
v 43 3
v 44 3
v 45 3
v 46 4
v 47 4
v 48 4
v 49 4
v 50 4
v 51 4
v 52 4
v 53 4
v 54 4
v 55 4
v 56 4
v 57 4
v 58 4
v 59 4
v 60 4
v 61 4
v 62 4
v 63 4
v 64 4
v 65 4
v 66 4
v 67 4
v 68 4
v 69 4
v 70 4
v 71 4
v 72 4
v 73 4
v 74 4
v 75 4
v 76 4
e 18 0 1
e 0 54 1
e 20 1 1
e 1 55 1
e 2 22 2
e 3 26 1
e 3 63 1
e 4 23 2
e 5 25 2
e 6 33 1
e 6 67 1
e 7 34 1
e 7 68 1
e 8 44 1
e 8 75 1
e 9 44 2
e 10 45 1
e 10 76 1
e 11 45 2
e 19 12 1
e 12 31 1
e 12 32 1
e 13 34 1
e 13 37 1
e 13 66 1
e 14 37 1
e 14 38 1
e 14 71 1
e 15 17 1
e 15 18 1
e 15 19 1
e 15 46 1
e 16 17 1
e 16 20 1
e 16 21 1
e 16 47 1
e 17 48 1
e 17 49 1
e 18 22 1
e 18 23 1
e 19 25 1
e 19 50 1
e 20 24 1
e 20 29 1
e 21 22 1
e 21 26 2
e 23 27 1
e 24 28 2
e 24 30 1
e 25 27 1
e 26 28 1
e 27 34 2
e 28 33 1
e 29 51 1
e 29 52 1
e 29 53 1
e 30 35 2
e 30 56 1
e 31 57 1
e 31 58 1
e 31 59 1
e 32 60 1
e 32 61 1
e 32 62 1
e 33 36 2
e 35 36 1
e 35 64 1
e 36 65 1
e 37 69 1
e 37 70 1
e 38 39 1
e 38 40 2
e 39 41 2
e 39 44 1
e 40 42 1
e 40 72 1
e 41 43 1
e 41 45 1
e 42 43 2
e 42 73 1
e 43 74 1
t # 7251
v 0 1
v 1 1
v 2 2
v 3 3
v 4 3
v 5 3
v 6 3
v 7 3
v 8 3
v 9 3
v 10 3
v 11 3
v 12 3
v 13 3
v 14 3
v 15 3
v 16 3
v 17 4
v 18 4
v 19 4
v 20 4
v 21 4
v 22 4
v 23 4
v 24 4
v 25 4
e 0 6 2
e 1 7 2
e 2 8 1
e 2 14 1
e 2 19 1
e 3 6 1
e 3 7 1
e 3 8 2
e 4 5 1
e 4 6 1
e 4 9 2
e 5 7 1
e 5 10 2
e 8 11 1
e 9 12 1
e 9 17 1
e 10 13 1
e 10 18 1
e 11 15 2
e 11 20 1
e 12 13 2
e 12 21 1
e 13 22 1
e 14 16 2
e 14 23 1
e 15 16 1
e 15 24 1
e 16 25 1
t # 7252
v 0 1
v 1 1
v 2 3
v 3 3
v 4 3
v 5 3
v 6 3
v 7 3
v 8 3
v 9 3
v 10 3
v 11 3
v 12 3
v 13 3
v 14 3
v 15 3
v 16 3
v 17 3
v 18 3
v 19 3
v 20 3
v 21 3
v 22 3
v 23 4
v 24 4
v 25 4
v 26 4
v 27 4
v 28 4
v 29 4
v 30 4
v 31 4
v 32 4
v 33 4
v 34 4
v 35 4
v 36 4
v 37 4
v 38 4
e 0 3 1
e 0 10 1
e 1 8 2
e 2 4 2
e 2 5 1
e 2 8 1
e 3 6 2
e 3 7 1
e 4 6 1
e 4 23 1
e 5 7 2
e 5 24 1
e 6 25 1
e 7 26 1
e 8 11 1
e 9 12 1
e 9 13 2
e 9 14 1
e 10 15 2
e 10 16 1
e 11 12 2
e 11 27 1
e 12 28 1
e 13 17 1
e 13 29 1
e 14 18 2
e 14 30 1
e 15 19 1
e 15 31 1
e 16 20 2
e 16 32 1
e 17 21 2
e 17 33 1
e 18 21 1
e 18 34 1
e 19 22 2
e 19 35 1
e 20 22 1
e 20 36 1
e 21 37 1
e 22 38 1
t # 7253
v 0 1
v 1 1
v 2 1
v 3 1
v 4 2
v 5 2
v 6 3
v 7 3
v 8 3
v 9 3
v 10 3
v 11 3
v 12 3
v 13 3
v 14 3
v 15 3
v 16 3
v 17 3
v 18 3
v 19 3
v 20 3
v 21 3
v 22 4
v 23 4
v 24 4
v 25 4
v 26 4
v 27 4
v 28 4
v 29 4
v 30 4
v 31 4
v 32 4
v 33 4
v 34 4
v 35 4
v 36 4
v 37 4
v 38 4
v 39 4
v 40 4
v 41 4
v 42 4
v 43 4
v 44 4
v 45 4
v 46 4
v 47 4
e 0 20 1
e 0 46 1
e 1 21 1
e 1 47 1
e 2 20 2
e 3 21 2
e 4 6 1
e 4 7 1
e 4 12 1
e 5 12 2
e 5 17 1
e 6 8 1
e 6 22 1
e 6 23 1
e 7 9 1
e 7 24 1
e 7 25 1
e 8 10 1
e 8 26 1
e 8 27 1
e 9 11 1
e 9 28 1
e 9 29 1
e 10 11 1
e 10 30 1
e 10 31 1
e 11 32 1
e 11 33 1
e 12 13 1
e 13 14 1
e 13 34 1
e 13 35 1
e 14 15 1
e 14 36 1
e 14 37 1
e 15 16 1
e 15 38 1
e 15 39 1
e 16 17 1
e 16 40 1
e 16 41 1
e 17 42 1
e 17 43 1
e 18 19 2
e 18 20 1
e 18 44 1
e 19 21 1
e 19 45 1
t # 7254
v 0 1
v 1 1
v 2 1
v 3 1
v 4 1
v 5 1
v 6 1
v 7 2
v 8 2
v 9 3
v 10 3
v 11 3
v 12 3
v 13 3
v 14 3
v 15 3
v 16 3
v 17 3
v 18 3
v 19 3
v 20 3
v 21 3
v 22 4
v 23 4
v 24 4
v 25 4
v 26 4
v 27 4
v 28 4
v 29 4
v 30 4
v 31 4
v 32 4
v 33 4
v 34 4
v 35 4
v 36 4
v 37 4
v 38 4
v 39 4
v 40 4
v 41 4
v 42 4
v 43 4
e 0 15 1
e 0 16 1
e 1 14 1
e 1 34 1
e 2 15 2
e 3 20 1
e 3 42 1
e 4 21 1
e 4 43 1
e 5 20 2
e 6 21 2
e 7 9 1
e 7 10 1
e 7 13 1
e 8 11 1
e 8 12 1
e 8 15 1
e 9 11 1
e 9 22 1
e 9 23 1
e 10 12 1
e 10 24 1
e 10 25 1
e 11 26 1
e 11 27 1
e 12 28 1
e 12 29 1
e 13 14 1
e 13 30 1
e 13 31 1
e 14 32 1
e 14 33 1
e 16 17 1
e 16 35 1
e 16 36 1
e 17 37 1
e 17 38 1
e 17 39 1
e 18 19 2
e 18 20 1
e 18 40 1
e 19 21 1
e 19 41 1
t # 7255
v 0 1
v 1 1
v 2 1
v 3 1
v 4 2
v 5 2
v 6 2
v 7 3
v 8 3
v 9 3
v 10 3
v 11 3
v 12 3
v 13 3
v 14 3
v 15 3
v 16 3
v 17 3
v 18 3
v 19 3
v 20 3
v 21 3
v 22 4
v 23 4
v 24 4
v 25 4
v 26 4
v 27 4
v 28 4
v 29 4
v 30 4
v 31 4
v 32 4
v 33 4
v 34 4
v 35 4
v 36 4
v 37 4
v 38 4
v 39 4
v 40 4
v 41 4
v 42 4
v 43 4
v 44 4
v 45 4
v 46 4
v 47 4
v 48 4
v 49 4
v 50 4
e 0 20 1
e 0 49 1
e 1 21 1
e 1 50 1
e 2 20 2
e 3 21 2
e 4 7 1
e 4 8 1
e 4 9 1
e 5 7 1
e 5 10 1
e 5 11 1
e 6 7 2
e 6 16 1
e 8 12 1
e 8 22 1
e 8 23 1
e 9 13 1
e 9 24 1
e 9 25 1
e 10 14 1
e 10 26 1
e 10 27 1
e 11 15 1
e 11 28 1
e 11 29 1
e 12 30 1
e 12 31 1
e 12 32 1
e 13 33 1
e 13 34 1
e 13 35 1
e 14 36 1
e 14 37 1
e 14 38 1
e 15 39 1
e 15 40 1
e 15 41 1
e 16 17 1
e 16 42 1
e 16 43 1
e 17 44 1
e 17 45 1
e 17 46 1
e 18 19 2
e 18 20 1
e 18 47 1
e 19 21 1
e 19 48 1
t # 7256
v 0 1
v 1 1
v 2 1
v 3 1
v 4 2
v 5 2
v 6 2
v 7 3
v 8 3
v 9 3
v 10 3
v 11 3
v 12 3
v 13 3
v 14 3
v 15 3
v 16 3
v 17 3
v 18 3
v 19 3
v 20 4
v 21 4
v 22 4
v 23 4
v 24 4
v 25 4
v 26 4
v 27 4
v 28 4
v 29 4
v 30 4
v 31 4
v 32 4
v 33 4
v 34 4
v 35 4
v 36 4
v 37 4
v 38 4
v 39 4
v 40 4
v 41 4
v 42 4
v 43 4
v 44 4
e 0 18 1
e 0 43 1
e 1 19 1
e 1 44 1
e 2 18 2
e 3 19 2
e 4 7 1
e 4 8 1
e 4 9 1
e 5 9 1
e 5 12 1
e 5 24 1
e 6 9 2
e 6 13 1
e 7 10 1
e 7 20 1
e 7 21 1
e 8 11 1
e 8 22 1
e 8 23 1
e 10 25 1
e 10 26 1
e 10 27 1
e 11 28 1
e 11 29 1
e 11 30 1
e 12 14 1
e 12 31 1
e 12 32 1
e 13 15 1
e 13 33 1
e 13 34 1
e 14 35 1
e 14 36 1
e 14 37 1
e 15 38 1
e 15 39 1
e 15 40 1
e 16 17 2
e 16 18 1
e 16 41 1
e 17 19 1
e 17 42 1
t # 7257
v 0 1
v 1 1
v 2 1
v 3 3
v 4 3
v 5 3
v 6 3
v 7 3
v 8 3
v 9 3
v 10 3
v 11 3
v 12 3
v 13 4
v 14 4
v 15 4
v 16 4
v 17 4
v 18 4
v 19 4
v 20 4
e 0 5 1
e 0 12 1
e 1 9 1
e 1 20 1
e 2 12 2
e 3 4 1
e 3 5 2
e 3 8 1
e 4 6 2
e 4 10 1
e 5 7 1
e 6 9 1
e 6 13 1
e 7 9 2
e 7 14 1
e 8 11 2
e 8 15 1
e 10 16 1
e 10 17 1
e 10 18 1
e 11 12 1
e 11 19 1
t # 7258
v 0 1
v 1 1
v 2 1
v 3 1
v 4 1
v 5 3
v 6 3
v 7 3
v 8 3
v 9 3
v 10 3
v 11 3
v 12 3
v 13 3
v 14 3
v 15 4
v 16 4
v 17 4
v 18 4
v 19 4
v 20 4
v 21 4
v 22 4
v 23 4
v 24 4
v 25 4
v 26 4
v 27 4
v 28 4
v 29 4
v 30 4
e 0 8 1
e 0 12 1
e 1 11 1
e 1 29 1
e 2 13 1
e 2 30 1
e 3 11 2
e 4 13 2
e 5 6 1
e 5 8 1
e 5 15 1
e 5 16 1
e 6 7 2
e 6 11 1
e 7 9 1
e 7 13 1
e 8 17 1
e 8 18 1
e 9 10 1
e 9 19 1
e 9 20 1
e 10 21 1
e 10 22 1
e 10 23 1
e 12 14 1
e 12 24 1
e 12 25 1
e 14 26 1
e 14 27 1
e 14 28 1
t # 7259
v 0 1
v 1 1
v 2 1
v 3 3
v 4 3
v 5 3
v 6 3
v 7 3
v 8 3
v 9 3
v 10 3
v 11 3
v 12 3
v 13 3
v 14 3
v 15 3
v 16 4
v 17 4
v 18 4
v 19 4
v 20 4
v 21 4
v 22 4
v 23 4
v 24 4
v 25 4
v 26 4
v 27 4
v 28 4
v 29 4
e 0 11 2
e 1 15 1
e 1 29 1
e 2 15 2
e 3 4 2
e 3 5 1
e 3 11 1
e 4 7 1
e 4 9 1
e 5 8 2
e 5 10 1
e 6 7 2
e 6 8 1
e 6 12 1
e 7 16 1
e 8 17 1
e 9 18 1
e 9 19 1
e 9 20 1
e 10 21 1
e 10 22 1
e 10 23 1
e 11 13 1
e 12 24 1
e 12 25 1
e 12 26 1
e 13 14 2
e 13 27 1
e 14 15 1
e 14 28 1
t # 7260
v 0 1
v 1 1
v 2 1
v 3 1
v 4 1
v 5 1
v 6 2
v 7 2
v 8 2
v 9 2
v 10 2
v 11 2
v 12 3
v 13 3
v 14 3
v 15 3
v 16 3
v 17 3
v 18 3
v 19 3
v 20 3
v 21 3
v 22 3
v 23 3
v 24 3
v 25 3
v 26 3
v 27 3
v 28 3
v 29 3
v 30 3
v 31 3
v 32 3
v 33 3
v 34 3
v 35 3
v 36 3
v 37 3
v 38 3
v 39 3
v 40 3
v 41 3
v 42 3
v 43 3
v 44 3
v 45 3
v 46 3
v 47 3
v 48 3
v 49 3
v 50 3
v 51 3
v 52 3
v 53 3
v 54 3
v 55 3
v 56 3
v 57 3
v 58 3
v 59 3
v 60 3
v 61 3
v 62 3
v 63 3
v 64 3
v 65 3
v 66 4
v 67 4
v 68 4
v 69 4
v 70 4
v 71 4
v 72 4
v 73 4
v 74 4
v 75 4
v 76 4
v 77 4
v 78 4
v 79 4
v 80 4
v 81 4
v 82 4
v 83 4
v 84 4
v 85 4
v 86 4
v 87 4
v 88 4
v 89 4
v 90 4
v 91 4
v 92 4
v 93 4
v 94 4
v 95 4
v 96 4
v 97 4
v 98 4
v 99 4
v 100 4
v 101 4
v 102 4
v 103 4
v 104 4
v 105 4
v 106 4
v 107 4
v 108 4
v 109 4
v 110 4
v 111 4
v 112 4
v 113 4
e 0 22 2
e 1 29 1
e 1 90 1
e 2 26 2
e 3 31 2
e 4 32 2
e 5 35 2
e 6 40 1
e 6 42 1
e 6 91 1
e 7 41 2
e 7 43 1
e 8 10 1
e 8 48 1
e 8 100 1
e 9 11 1
e 9 53 1
e 9 101 1
e 10 54 1
e 10 102 1
e 11 55 1
e 11 103 1
e 12 15 1
e 12 16 2
e 12 25 1
e 13 14 2
e 13 21 1
e 13 22 1
e 14 23 1
e 14 26 1
e 15 18 1
e 15 29 2
e 16 22 1
e 16 28 1
e 17 19 1
e 17 20 2
e 17 27 1
e 18 33 1
e 18 34 1
e 18 66 1
e 19 26 1
e 19 30 2
e 20 24 1
e 20 32 1
e 21 25 2
e 21 36 1
e 23 27 2
e 23 37 1
e 24 38 1
e 24 39 1
e 24 67 1
e 25 68 1
e 27 69 1
e 28 31 1
e 28 40 2
e 29 31 1
e 30 35 1
e 30 41 1
e 32 35 1
e 33 70 1
e 33 71 1
e 33 72 1
e 34 73 1
e 34 74 1
e 34 75 1
e 36 76 1
e 36 77 1
e 36 78 1
e 37 79 1
e 37 80 1
e 37 81 1
e 38 82 1
e 38 83 1
e 38 84 1
e 39 85 1
e 39 86 1
e 39 87 1
e 40 88 1
e 41 89 1
e 42 44 2
e 42 45 1
e 43 49 2
e 43 50 1
e 44 46 1
e 44 92 1
e 45 47 2
e 45 93 1
e 46 48 2
e 46 94 1
e 47 48 1
e 47 95 1
e 49 51 1
e 49 96 1
e 50 52 2
e 50 97 1
e 51 53 2
e 51 98 1
e 52 53 1
e 52 99 1
e 54 56 2
e 54 57 1
e 55 58 2
e 55 59 1
e 56 60 1
e 56 104 1
e 57 61 2
e 57 105 1
e 58 63 1
e 58 106 1
e 59 64 2
e 59 107 1
e 60 62 2
e 60 108 1
e 61 62 1
e 61 109 1
e 62 110 1
e 63 65 2
e 63 111 1
e 64 65 1
e 64 112 1
e 65 113 1
t # 7261
v 0 18
v 1 18
v 2 1
v 3 1
v 4 1
v 5 1
v 6 1
v 7 1
v 8 2
v 9 2
v 10 3
v 11 3
v 12 3
v 13 3
v 14 3
v 15 3
v 16 3
v 17 3
v 18 3
v 19 3
v 20 3
v 21 3
v 22 3
v 23 3
v 24 3
v 25 3
v 26 3
v 27 3
v 28 3
v 29 3
v 30 3
v 31 3
v 32 3
v 33 3
v 34 3
v 35 3
v 36 3
v 37 3
v 38 3
v 39 3
v 40 3
v 41 3
v 42 3
v 43 3
v 44 3
v 45 3
v 46 3
v 47 3
v 48 3
v 49 3
v 50 3
v 51 3
v 52 3
v 53 3
v 54 4
v 55 4
v 56 4
v 57 4
v 58 4
v 59 4
v 60 4
v 61 4
v 62 4
v 63 4
v 64 4
v 65 4
v 66 4
v 67 4
v 68 4
v 69 4
v 70 4
v 71 4
v 72 4
v 73 4
v 74 4
v 75 4
v 76 4
v 77 4
v 78 4
v 79 4
v 80 4
v 81 4
v 82 4
v 83 4
v 84 4
v 85 4
v 86 4
v 87 4
v 88 4
v 89 4
v 90 4
v 91 4
v 92 4
v 93 4
v 94 4
v 95 4
e 2 20 1
e 2 78 1
e 3 21 1
e 3 79 1
e 4 28 1
e 4 80 1
e 5 29 1
e 5 81 1
e 6 30 2
e 7 31 2
e 8 38 1
e 8 40 1
e 8 82 1
e 9 39 1
e 9 41 1
e 9 83 1
e 10 11 1
e 10 18 1
e 10 20 2
e 11 19 1
e 11 21 2
e 12 14 2
e 12 16 1
e 12 24 1
e 13 15 2
e 13 17 1
e 13 25 1
e 14 20 1
e 14 26 1
e 15 21 1
e 15 27 1
e 16 22 1
e 16 28 2
e 17 23 1
e 17 29 2
e 18 24 2
e 18 32 1
e 19 25 2
e 19 33 1
e 22 34 1
e 22 35 1
e 22 54 1
e 23 36 1
e 23 37 1
e 23 55 1
e 24 56 1
e 25 57 1
e 26 30 1
e 26 38 2
e 27 31 1
e 27 39 2
e 28 30 1
e 29 31 1
e 32 58 1
e 32 59 1
e 32 60 1
e 33 61 1
e 33 62 1
e 33 63 1
e 34 64 1
e 34 65 1
e 34 66 1
e 35 67 1
e 35 68 1
e 35 69 1
e 36 70 1
e 36 71 1
e 36 72 1
e 37 73 1
e 37 74 1
e 37 75 1
e 38 76 1
e 39 77 1
e 40 42 1
e 40 84 1
e 40 85 1
e 41 43 1
e 41 86 1
e 41 87 1
e 42 44 2
e 42 46 1
e 43 45 2
e 43 47 1
e 44 48 1
e 44 88 1
e 45 49 1
e 45 89 1
e 46 50 2
e 46 90 1
e 47 51 2
e 47 91 1
e 48 52 2
e 48 92 1
e 49 53 2
e 49 93 1
e 50 52 1
e 50 94 1
e 51 53 1
e 51 95 1
t # 7262
v 0 1
v 1 1
v 2 2
v 3 3
v 4 3
v 5 3
v 6 3
v 7 3
v 8 3
v 9 3
v 10 3
v 11 3
v 12 3
v 13 3
v 14 3
v 15 3
v 16 3
v 17 3
v 18 3
v 19 3
v 20 3
v 21 3
v 22 3
v 23 3
v 24 3
v 25 4
v 26 4
v 27 4
v 28 4
v 29 4
v 30 4
v 31 4
v 32 4
v 33 4
v 34 4
v 35 4
v 36 4
v 37 4
v 38 4
v 39 4
v 40 4
v 41 4
v 42 4
v 43 4
v 44 4
v 45 4
v 46 4
v 47 4
v 48 4
v 49 4
e 0 15 2
e 1 16 2
e 2 17 1
e 2 48 1
e 2 49 1
e 3 5 2
e 3 6 1
e 3 15 1
e 4 7 2
e 4 8 1
e 4 16 1
e 5 11 1
e 5 18 1
e 6 12 2
e 6 19 1
e 7 13 1
e 7 21 1
e 8 14 2
e 8 22 1
e 9 11 2
e 9 12 1
e 9 23 1
e 10 13 2
e 10 14 1
e 10 24 1
e 11 25 1
e 12 26 1
e 13 27 1
e 14 28 1
e 15 17 1
e 16 20 1
e 17 20 2
e 18 29 1
e 18 30 1
e 18 31 1
e 19 32 1
e 19 33 1
e 19 34 1
e 20 35 1
e 21 36 1
e 21 37 1
e 21 38 1
e 22 39 1
e 22 40 1
e 22 41 1
e 23 42 1
e 23 43 1
e 23 44 1
e 24 45 1
e 24 46 1
e 24 47 1
t # 7263
v 0 1
v 1 1
v 2 3
v 3 3
v 4 3
v 5 3
v 6 3
v 7 3
v 8 3
v 9 3
v 10 3
v 11 3
v 12 3
v 13 3
v 14 3
v 15 3
v 16 3
v 17 3
v 18 3
v 19 3
v 20 3
v 21 3
v 22 3
v 23 3
v 24 3
v 25 3
v 26 3
v 27 3
v 28 3
v 29 3
v 30 4
v 31 4
v 32 4
v 33 4
v 34 4
v 35 4
v 36 4
v 37 4
v 38 4
v 39 4
v 40 4
v 41 4
v 42 4
v 43 4
v 44 4
v 45 4
v 46 4
v 47 4
v 48 4
v 49 4
e 0 6 2
e 1 7 2
e 2 3 2
e 2 4 1
e 2 6 1
e 3 5 1
e 3 7 1
e 4 10 2
e 4 12 1
e 5 11 2
e 5 13 1
e 6 8 1
e 7 9 1
e 8 18 2
e 8 20 1
e 9 19 2
e 9 21 1
e 10 14 1
e 10 30 1
e 11 15 1
e 11 31 1
e 12 16 2
e 12 32 1
e 13 17 2
e 13 33 1
e 14 22 2
e 14 34 1
e 15 23 2
e 15 35 1
e 16 22 1
e 16 36 1
e 17 23 1
e 17 37 1
e 18 24 1
e 18 38 1
e 19 25 1
e 19 39 1
e 20 26 2
e 20 40 1
e 21 27 2
e 21 41 1
e 22 42 1
e 23 43 1
e 24 28 2
e 24 44 1
e 25 29 2
e 25 45 1
e 26 28 1
e 26 46 1
e 27 29 1
e 27 47 1
e 28 48 1
e 29 49 1
t # 7264
v 0 1
v 1 1
v 2 3
v 3 3
v 4 3
v 5 42
v 6 4
v 7 4
v 8 4
v 9 4
v 10 4
v 11 4
v 12 4
e 0 11 1
e 1 12 1
e 2 3 2
e 2 4 1
e 2 6 1
e 3 7 1
e 4 8 1
e 4 9 1
e 4 10 1
t # 7265
v 0 1
v 1 1
v 2 2
v 3 2
v 4 2
v 5 3
v 6 3
v 7 3
v 8 3
v 9 3
v 10 3
v 11 3
v 12 3
v 13 3
v 14 3
v 15 3
v 16 3
v 17 3
v 18 3
v 19 4
v 20 4
v 21 4
v 22 4
v 23 4
v 24 4
v 25 4
v 26 4
v 27 4
v 28 4
v 29 4
v 30 4
v 31 4
v 32 4
v 33 4
v 34 4
v 35 4
v 36 4
v 37 4
v 38 4
v 39 4
v 40 4
v 41 4
e 0 11 2
e 1 13 2
e 2 5 1
e 2 6 1
e 2 9 1
e 3 7 1
e 3 8 1
e 3 11 1
e 4 10 1
e 4 13 1
e 4 31 1
e 5 7 1
e 5 19 1
e 5 20 1
e 6 8 1
e 6 21 1
e 6 22 1
e 7 23 1
e 7 24 1
e 8 25 1
e 8 26 1
e 9 10 1
e 9 27 1
e 9 28 1
e 10 29 1
e 10 30 1
e 11 12 1
e 12 14 2
e 12 32 1
e 13 15 1
e 14 16 1
e 14 33 1
e 15 17 2
e 15 34 1
e 16 35 1
e 16 36 1
e 16 37 1
e 17 18 1
e 17 38 1
e 18 39 1
e 18 40 1
e 18 41 1
t # 7266
v 0 3
v 1 3
v 2 3
v 3 3
v 4 3
v 5 3
v 6 3
v 7 3
v 8 3
v 9 3
v 10 3
v 11 3
v 12 3
v 13 3
v 14 3
v 15 3
v 16 3
v 17 3
v 18 3
v 19 3
v 20 3
v 21 3
v 22 3
v 23 3
v 24 3
v 25 3
v 26 3
v 27 3
v 28 4
v 29 4
v 30 4
v 31 4
v 32 4
v 33 4
v 34 4
v 35 4
v 36 4
v 37 4
v 38 4
v 39 4
v 40 4
v 41 4
v 42 4
v 43 4
v 44 4
v 45 4
v 46 4
v 47 4
v 48 4
v 49 4
e 0 2 1
e 0 6 2
e 0 7 1
e 1 3 1
e 1 8 2
e 1 9 1
e 2 14 2
e 2 15 1
e 3 16 2
e 3 17 1
e 4 10 2
e 4 11 1
e 4 18 1
e 5 12 2
e 5 13 1
e 5 19 1
e 6 10 1
e 6 28 1
e 7 11 2
e 7 29 1
e 8 12 1
e 8 30 1
e 9 13 2
e 9 31 1
e 10 32 1
e 11 33 1
e 12 34 1
e 13 35 1
e 14 22 1
e 14 36 1
e 15 23 2
e 15 37 1
e 16 24 1
e 16 38 1
e 17 25 2
e 17 39 1
e 18 20 2
e 18 40 1
e 19 21 2
e 19 41 1
e 20 21 1
e 20 42 1
e 21 43 1
e 22 26 2
e 22 44 1
e 23 26 1
e 23 45 1
e 24 27 2
e 24 46 1
e 25 27 1
e 25 47 1
e 26 48 1
e 27 49 1
t # 7267
v 0 12
v 1 1
v 2 3
v 3 3
v 4 3
v 5 3
v 6 4
v 7 4
v 8 4
v 9 4
v 10 4
e 0 4 1
e 1 5 2
e 2 3 1
e 2 4 2
e 2 6 1
e 3 7 1
e 3 8 1
e 3 9 1
e 4 5 1
e 5 10 1
t # 7268
v 0 1
v 1 1
v 2 1
v 3 2
v 4 3
v 5 3
v 6 3
v 7 3
v 8 3
v 9 3
v 10 3
v 11 3
v 12 3
v 13 3
v 14 3
v 15 3
v 16 4
v 17 4
v 18 4
v 19 4
v 20 4
v 21 4
v 22 4
v 23 4
v 24 4
v 25 4
v 26 4
v 27 4
v 28 4
e 0 7 1
e 0 10 1
e 1 5 2
e 2 7 2
e 3 14 2
e 3 15 1
e 4 5 1
e 4 7 1
e 4 16 1
e 4 17 1
e 5 8 1
e 6 9 1
e 6 11 2
e 6 12 1
e 8 9 2
e 8 18 1
e 9 21 1
e 10 13 1
e 10 19 1
e 10 20 1
e 11 14 1
e 11 25 1
e 12 15 2
e 12 26 1
e 13 22 1
e 13 23 1
e 13 24 1
e 14 27 1
e 15 28 1
t # 7269
v 0 1
v 1 3
v 2 3
v 3 3
v 4 3
v 5 3
v 6 3
v 7 3
v 8 3
v 9 3
v 10 3
v 11 3
v 12 3
v 13 3
v 14 3
v 15 3
v 16 3
v 17 3
v 18 3
v 19 4
v 20 4
v 21 4
v 22 4
v 23 4
v 24 4
v 25 4
v 26 4
v 27 4
v 28 4
v 29 4
v 30 4
v 31 4
v 32 4
v 33 4
v 34 4
v 35 4
v 36 4
e 0 7 2
e 1 2 2
e 1 3 1
e 1 7 1
e 2 5 1
e 2 8 1
e 3 6 2
e 3 9 1
e 4 5 2
e 4 6 1
e 4 10 1
e 5 19 1
e 6 20 1
e 7 11 1
e 8 21 1
e 8 22 1
e 8 23 1
e 9 24 1
e 9 25 1
e 9 26 1
e 10 27 1
e 10 28 1
e 10 29 1
e 11 12 2
e 11 30 1
e 12 13 1
e 12 31 1
e 13 14 2
e 13 15 1
e 14 16 1
e 14 32 1
e 15 17 2
e 15 33 1
e 16 18 2
e 16 34 1
e 17 18 1
e 17 35 1
e 18 36 1
t # 7270
v 0 1
v 1 1
v 2 3
v 3 3
v 4 3
v 5 3
v 6 3
v 7 3
v 8 3
v 9 3
v 10 3
v 11 3
v 12 3
v 13 3
v 14 4
v 15 4
v 16 4
v 17 4
v 18 4
v 19 4
v 20 4
v 21 4
v 22 4
v 23 4
v 24 4
v 25 4
v 26 4
v 27 4
e 0 8 1
e 0 9 1
e 1 8 2
e 2 4 1
e 2 5 2
e 2 6 1
e 3 4 2
e 3 7 1
e 3 8 1
e 4 14 1
e 5 10 1
e 5 15 1
e 6 11 2
e 6 16 1
e 7 17 1
e 7 18 1
e 7 19 1
e 9 13 1
e 9 20 1
e 9 21 1
e 10 12 2
e 10 22 1
e 11 12 1
e 11 23 1
e 12 24 1
e 13 25 1
e 13 26 1
e 13 27 1
t # 7271
v 0 1
v 1 1
v 2 1
v 3 1
v 4 1
v 5 1
v 6 1
v 7 1
v 8 3
v 9 3
v 10 3
v 11 3
v 12 3
v 13 3
v 14 3
v 15 3
v 16 3
v 17 3
v 18 3
v 19 3
v 20 3
v 21 3
v 22 3
v 23 3
v 24 3
v 25 3
v 26 3
v 27 3
v 28 3
v 29 3
v 30 3
v 31 3
v 32 4
v 33 4
v 34 4
v 35 4
v 36 4
v 37 4
v 38 4
v 39 4
v 40 4
v 41 4
v 42 4
v 43 4
v 44 4
v 45 4
v 46 4
v 47 4
v 48 4
v 49 4
v 50 4
v 51 4
v 52 4
v 53 4
v 54 4
v 55 4
v 56 4
v 57 4
e 0 16 1
e 0 26 1
e 1 14 2
e 2 16 2
e 3 20 1
e 3 28 1
e 4 21 1
e 4 29 1
e 5 22 1
e 5 42 1
e 6 23 1
e 6 30 1
e 7 25 1
e 7 31 1
e 8 9 1
e 8 10 1
e 8 12 1
e 8 32 1
e 9 11 1
e 9 16 1
e 9 33 1
e 10 13 1
e 10 15 2
e 11 14 1
e 11 22 2
e 12 18 2
e 12 19 1
e 13 14 1
e 13 17 2
e 15 20 1
e 15 34 1
e 17 21 1
e 17 35 1
e 18 23 1
e 18 36 1
e 19 24 2
e 19 37 1
e 20 21 2
e 22 38 1
e 23 25 2
e 24 25 1
e 24 39 1
e 26 27 1
e 26 40 1
e 26 41 1
e 27 43 1
e 27 44 1
e 27 45 1
e 28 46 1
e 28 47 1
e 28 48 1
e 29 49 1
e 29 50 1
e 29 51 1
e 30 52 1
e 30 53 1
e 30 54 1
e 31 55 1
e 31 56 1
e 31 57 1
t # 7272
v 0 1
v 1 1
v 2 2
v 3 2
v 4 2
v 5 3
v 6 3
v 7 3
v 8 3
v 9 3
v 10 3
v 11 3
v 12 3
v 13 3
v 14 3
v 15 3
v 16 3
v 17 3
v 18 3
v 19 3
v 20 3
v 21 3
v 22 4
v 23 4
v 24 4
v 25 4
v 26 4
v 27 4
v 28 4
v 29 4
v 30 4
v 31 4
v 32 4
v 33 4
v 34 4
e 0 10 2
e 1 15 2
e 2 3 1
e 2 7 2
e 3 16 1
e 3 27 1
e 4 15 1
e 4 33 1
e 4 34 1
e 5 6 1
e 5 7 1
e 5 11 2
e 6 8 1
e 6 12 2
e 7 10 1
e 8 9 2
e 8 22 1
e 9 10 1
e 9 15 1
e 11 13 1
e 11 23 1
e 12 14 1
e 12 24 1
e 13 14 2
e 13 25 1
e 14 26 1
e 16 17 2
e 16 18 1
e 17 19 1
e 17 28 1
e 18 20 2
e 18 29 1
e 19 21 2
e 19 30 1
e 20 21 1
e 20 31 1
e 21 32 1
t # 7273
v 0 1
v 1 1
v 2 1
v 3 1
v 4 3
v 5 3
v 6 3
v 7 3
v 8 3
v 9 3
v 10 3
v 11 3
v 12 3
v 13 3
v 14 3
v 15 4
v 16 4
v 17 4
v 18 4
v 19 4
v 20 4
v 21 4
v 22 4
v 23 4
v 24 4
e 0 4 1
e 0 10 1
e 1 5 1
e 1 10 1
e 2 14 1
e 2 24 1
e 3 14 2
e 4 5 2
e 4 7 1
e 5 8 1
e 6 7 2
e 6 9 1
e 6 11 1
e 7 15 1
e 8 9 2
e 8 16 1
e 9 17 1
e 10 18 1
e 10 19 1
e 11 12 2
e 11 20 1
e 12 13 1
e 12 14 1
e 13 21 1
e 13 22 1
e 13 23 1
t # 7274
v 0 1
v 1 1
v 2 1
v 3 2
v 4 3
v 5 3
v 6 3
v 7 3
v 8 3
v 9 3
v 10 3
v 11 3
v 12 3
v 13 3
v 14 3
v 15 3
v 16 3
v 17 3
v 18 3
v 19 3
v 20 3
v 21 3
v 22 4
v 23 4
v 24 4
v 25 4
v 26 4
v 27 4
v 28 4
v 29 4
v 30 4
v 31 4
v 32 4
v 33 4
v 34 4
v 35 4
v 36 4
v 37 4
v 38 4
v 39 4
v 40 4
v 41 4
v 42 4
v 43 4
v 44 4
e 0 15 2
e 1 16 1
e 1 41 1
e 2 19 1
e 2 21 1
e 3 6 1
e 3 12 1
e 3 17 1
e 4 5 1
e 4 7 1
e 4 9 1
e 4 10 1
e 5 6 1
e 5 8 1
e 5 22 1
e 6 11 1
e 6 23 1
e 7 12 1
e 7 24 1
e 7 25 1
e 8 14 1
e 8 26 1
e 8 27 1
e 9 15 1
e 9 28 1
e 9 29 1
e 10 13 2
e 10 16 1
e 11 13 1
e 11 30 1
e 11 31 1
e 12 32 1
e 12 33 1
e 13 18 1
e 14 15 1
e 14 34 1
e 14 35 1
e 16 19 2
e 17 36 1
e 17 37 1
e 17 38 1
e 18 20 2
e 18 39 1
e 19 20 1
e 20 40 1
e 21 42 1
e 21 43 1
e 21 44 1
t # 7275
v 0 1
v 1 1
v 2 1
v 3 1
v 4 1
v 5 1
v 6 1
v 7 1
v 8 2
v 9 3
v 10 3
v 11 3
v 12 3
v 13 3
v 14 3
v 15 3
v 16 3
v 17 3
v 18 3
v 19 3
v 20 3
v 21 3
v 22 3
v 23 3
v 24 3
v 25 3
v 26 3
v 27 3
v 28 3
v 29 3
v 30 4
v 31 4
v 32 4
v 33 4
v 34 4
v 35 4
v 36 4
v 37 4
v 38 4
v 39 4
v 40 4
v 41 4
v 42 4
v 43 4
v 44 4
v 45 4
v 46 4
v 47 4
v 48 4
v 49 4
v 50 4
v 51 4
v 52 4
v 53 4
v 54 4
v 55 4
v 56 4
v 57 4
v 58 4
v 59 4
v 60 4
v 61 4
v 62 4
e 10 0 1
e 0 17 1
e 2 16 1
e 2 19 1
e 18 3 1
e 3 51 1
e 4 17 2
e 5 20 1
e 5 52 1
e 21 6 1
e 6 28 1
e 7 19 2
e 8 9 1
e 8 11 1
e 8 13 1
e 9 10 1
e 9 14 1
e 9 30 1
e 10 12 1
e 10 31 1
e 11 12 1
e 11 32 1
e 11 33 1
e 12 34 1
e 12 35 1
e 13 15 1
e 13 36 1
e 13 37 1
e 14 15 2
e 14 16 1
e 15 38 1
e 16 39 1
e 16 40 1
e 17 22 1
e 18 19 1
e 18 20 1
e 18 21 1
e 20 23 1
e 20 24 1
e 21 25 1
e 21 41 1
e 22 26 1
e 22 27 2
e 23 42 1
e 23 43 1
e 23 44 1
e 24 45 1
e 24 46 1
e 24 47 1
e 25 48 1
e 25 49 1
e 25 50 1
e 26 53 1
e 26 54 1
e 26 55 1
e 27 29 1
e 27 56 1
e 28 57 1
e 28 58 1
e 28 59 1
e 29 60 1
e 29 61 1
e 29 62 1
t # 7276
v 0 1
v 1 1
v 2 1
v 3 1
v 4 3
v 5 3
v 6 3
v 7 3
v 8 3
v 9 3
v 10 3
v 11 3
v 12 3
v 13 3
v 14 3
v 15 3
v 16 3
v 17 3
v 18 3
v 19 3
v 20 4
v 21 4
v 22 4
v 23 4
v 24 4
v 25 4
v 26 4
v 27 4
v 28 4
v 29 4
v 30 4
v 31 4
v 32 4
v 33 4
v 34 4
v 35 4
v 36 4
v 37 4
e 0 8 1
e 0 14 1
e 1 12 1
e 1 16 1
e 2 14 2
e 3 16 2
e 4 5 1
e 4 6 1
e 4 20 1
e 4 21 1
e 5 7 1
e 5 22 1
e 5 23 1
e 6 8 1
e 6 24 1
e 6 25 1
e 7 9 1
e 7 26 1
e 7 27 1
e 8 28 1
e 8 29 1
e 9 30 1
e 9 31 1
e 9 32 1
e 10 11 1
e 10 12 1
e 10 15 2
e 11 16 1
e 11 17 2
e 12 13 2
e 13 14 1
e 13 33 1
e 15 18 1
e 15 34 1
e 17 19 1
e 17 35 1
e 18 19 2
e 18 36 1
e 19 37 1
t # 7277
v 0 1
v 1 1
v 2 1
v 3 1
v 4 1
v 5 1
v 6 1
v 7 1
v 8 2
v 9 3
v 10 3
v 11 3
v 12 3
v 13 3
v 14 3
v 15 3
v 16 3
v 17 3
v 18 3
v 19 3
v 20 3
v 21 3
v 22 3
v 23 3
v 24 3
v 25 3
v 26 3
v 27 3
v 28 3
v 29 3
v 30 3
v 31 3
v 32 3
v 33 3
v 34 3
v 35 3
v 36 4
v 37 4
v 38 4
v 39 4
v 40 4
v 41 4
v 42 4
v 43 4
v 44 4
v 45 4
v 46 4
v 47 4
v 48 4
v 49 4
v 50 4
v 51 4
v 52 4
v 53 4
v 54 4
v 55 4
v 56 4
e 0 17 1
e 0 22 1
e 1 18 1
e 1 23 1
e 2 17 1
e 2 47 1
e 3 18 1
e 3 48 1
e 4 13 2
e 5 14 2
e 6 32 1
e 6 55 1
e 7 33 1
e 7 56 1
e 8 21 1
e 8 34 1
e 8 35 1
e 9 10 1
e 9 11 1
e 9 12 1
e 9 36 1
e 10 13 1
e 10 17 2
e 11 14 1
e 11 18 2
e 12 15 2
e 12 16 1
e 13 19 1
e 14 20 1
e 15 24 1
e 15 37 1
e 16 25 2
e 16 38 1
e 19 22 2
e 19 26 1
e 20 23 2
e 20 27 1
e 21 24 2
e 21 25 1
e 22 28 1
e 23 29 1
e 24 39 1
e 25 40 1
e 26 30 2
e 26 41 1
e 27 31 2
e 27 42 1
e 28 32 2
e 28 43 1
e 29 33 2
e 29 44 1
e 30 32 1
e 30 45 1
e 31 33 1
e 31 46 1
e 34 49 1
e 34 50 1
e 34 51 1
e 35 52 1
e 35 53 1
e 35 54 1
t # 7278
v 0 1
v 1 1
v 2 1
v 3 1
v 4 2
v 5 2
v 6 2
v 7 2
v 8 3
v 9 3
v 10 3
v 11 3
v 12 3
v 13 3
v 14 3
v 15 3
v 16 4
v 17 4
v 18 4
v 19 4
v 20 4
v 21 4
v 22 4
v 23 4
v 24 4
v 25 4
v 26 4
v 27 4
v 28 4
v 29 4
e 0 8 1
e 0 10 1
e 1 9 1
e 1 11 1
e 2 10 2
e 3 11 2
e 4 10 1
e 4 12 2
e 5 11 1
e 5 13 2
e 6 12 1
e 6 26 1
e 6 27 1
e 7 13 1
e 7 28 1
e 7 29 1
e 8 9 1
e 8 16 1
e 8 17 1
e 9 18 1
e 9 19 1
e 12 14 1
e 13 15 1
e 14 20 1
e 14 21 1
e 14 22 1
e 15 23 1
e 15 24 1
e 15 25 1
t # 7279
v 0 1
v 1 1
v 2 1
v 3 1
v 4 2
v 5 2
v 6 2
v 7 2
v 8 3
v 9 3
v 10 3
v 11 3
v 12 3
v 13 3
v 14 3
v 15 3
v 16 3
v 17 3
v 18 3
v 19 3
v 20 3
v 21 3
v 22 3
v 23 3
v 24 3
v 25 3
v 26 4
v 27 4
v 28 4
v 29 4
v 30 4
v 31 4
v 32 4
v 33 4
v 34 4
v 35 4
v 36 4
v 37 4
v 38 4
v 39 4
v 40 4
v 41 4
v 42 4
v 43 4
e 0 10 1
e 0 24 1
e 1 11 1
e 1 25 1
e 2 24 2
e 3 25 2
e 4 16 2
e 4 24 1
e 5 17 2
e 5 25 1
e 6 16 1
e 6 40 1
e 6 41 1
e 7 17 1
e 7 42 1
e 7 43 1
e 8 12 2
e 8 13 1
e 8 16 1
e 9 14 2
e 9 15 1
e 9 17 1
e 10 11 1
e 10 26 1
e 10 27 1
e 11 28 1
e 11 29 1
e 12 18 1
e 12 30 1
e 13 19 2
e 13 31 1
e 14 20 1
e 14 32 1
e 15 21 2
e 15 33 1
e 18 22 2
e 18 34 1
e 19 22 1
e 19 35 1
e 20 23 2
e 20 36 1
e 21 23 1
e 21 37 1
e 22 38 1
e 23 39 1
t # 7280
v 0 18
v 1 1
v 2 3
v 3 3
v 4 3
v 5 3
v 6 3
v 7 3
v 8 3
v 9 3
v 10 3
v 11 3
v 12 3
v 13 3
v 14 3
v 15 3
v 16 3
v 17 3
v 18 3
v 19 3
v 20 3
v 21 3
v 22 3
v 23 4
v 24 4
v 25 4
v 26 4
v 27 4
v 28 4
v 29 4
v 30 4
v 31 4
v 32 4
v 33 4
v 34 4
v 35 4
v 36 4
v 37 4
e 1 4 2
e 2 3 1
e 2 4 1
e 2 5 2
e 3 8 2
e 3 9 1
e 4 6 1
e 5 7 1
e 5 23 1
e 6 10 2
e 6 11 1
e 7 12 2
e 7 13 1
e 8 14 1
e 8 24 1
e 9 15 2
e 9 25 1
e 10 17 1
e 10 26 1
e 11 18 2
e 11 27 1
e 12 19 1
e 12 28 1
e 13 20 2
e 13 29 1
e 14 16 2
e 14 30 1
e 15 16 1
e 15 31 1
e 16 32 1
e 17 21 2
e 17 33 1
e 18 21 1
e 18 34 1
e 19 22 2
e 19 35 1
e 20 22 1
e 20 36 1
e 22 37 1
t # 7281
v 0 1
v 1 1
v 2 1
v 3 3
v 4 3
v 5 3
v 6 3
v 7 3
v 8 3
v 9 3
v 10 3
v 11 3
v 12 3
v 13 3
v 14 3
v 15 3
v 16 3
v 17 3
v 18 3
v 19 3
v 20 3
v 21 3
v 22 3
v 23 3
v 24 3
v 25 3
v 26 3
v 27 3
v 28 3
v 29 4
v 30 4
v 31 4
v 32 4
v 33 4
v 34 4
v 35 4
v 36 4
v 37 4
v 38 4
v 39 4
v 40 4
v 41 4
v 42 4
v 43 4
v 44 4
v 45 4
v 46 4
v 47 4
v 48 4
e 0 4 2
e 1 5 2
e 2 6 2
e 3 4 1
e 3 5 1
e 3 6 1
e 3 29 1
e 4 7 1
e 5 8 1
e 6 9 1
e 7 10 2
e 7 11 1
e 8 12 2
e 8 30 1
e 9 13 2
e 9 31 1
e 10 16 1
e 10 32 1
e 11 17 2
e 11 33 1
e 12 14 1
e 12 34 1
e 13 15 1
e 13 35 1
e 14 19 2
e 14 20 1
e 15 21 2
e 15 22 1
e 16 18 2
e 16 36 1
e 17 18 1
e 17 37 1
e 18 38 1
e 19 23 1
e 19 39 1
e 20 24 2
e 20 40 1
e 21 25 1
e 21 41 1
e 22 26 2
e 22 42 1
e 23 27 2
e 23 43 1
e 24 27 1
e 24 44 1
e 25 28 2
e 25 45 1
e 26 28 1
e 26 46 1
e 27 47 1
e 28 48 1
t # 7282
v 0 1
v 1 1
v 2 1
v 3 2
v 4 3
v 5 3
v 6 3
v 7 3
v 8 3
v 9 3
v 10 3
v 11 3
v 12 3
v 13 3
v 14 3
v 15 3
v 16 3
v 17 3
v 18 3
v 19 3
v 20 3
v 21 3
v 22 3
v 23 3
v 24 3
v 25 3
v 26 4
v 27 4
v 28 4
v 29 4
v 30 4
v 31 4
v 32 4
v 33 4
v 34 4
v 35 4
v 36 4
v 37 4
v 38 4
v 39 4
v 40 4
v 41 4
v 42 4
v 43 4
v 44 4
v 45 4
v 46 4
v 47 4
v 48 4
v 49 4
v 50 4
v 51 4
v 52 4
v 53 4
v 54 4
v 55 4
v 56 4
v 57 4
v 58 4
v 59 4
v 60 4
v 61 4
v 62 4
v 63 4
v 64 4
v 65 4
v 66 4
e 0 21 2
e 1 25 1
e 1 66 1
e 2 25 2
e 3 17 1
e 3 21 1
e 3 56 1
e 4 5 1
e 4 6 1
e 4 26 1
e 4 27 1
e 5 9 1
e 5 28 1
e 5 29 1
e 6 10 1
e 6 30 1
e 6 31 1
e 7 8 1
e 7 11 1
e 7 32 1
e 7 33 1
e 8 12 1
e 8 34 1
e 8 35 1
e 9 13 1
e 9 36 1
e 9 37 1
e 10 14 1
e 10 38 1
e 10 39 1
e 11 15 1
e 11 40 1
e 11 41 1
e 12 16 1
e 12 42 1
e 12 43 1
e 13 19 1
e 13 44 1
e 13 45 1
e 14 21 1
e 14 46 1
e 14 47 1
e 15 18 1
e 15 48 1
e 15 49 1
e 16 20 1
e 16 50 1
e 16 51 1
e 17 22 1
e 17 23 1
e 17 25 1
e 18 24 1
e 18 52 1
e 18 53 1
e 19 20 2
e 19 54 1
e 20 55 1
e 22 57 1
e 22 58 1
e 22 59 1
e 23 60 1
e 23 61 1
e 23 62 1
e 24 63 1
e 24 64 1
e 24 65 1
t # 7283
v 0 1
v 1 1
v 2 2
v 3 3
v 4 3
v 5 3
v 6 3
v 7 3
v 8 3
v 9 3
v 10 3
v 11 3
v 12 3
v 13 3
v 14 3
v 15 3
v 16 3
v 17 3
v 18 3
v 19 3
v 20 4
v 21 4
v 22 4
v 23 4
v 24 4
v 25 4
v 26 4
v 27 4
v 28 4
v 29 4
v 30 4
v 31 4
v 32 4
v 33 4
v 34 4
v 35 4
v 36 4
v 37 4
v 38 4
e 0 7 1
e 0 34 1
e 1 19 2
e 2 6 1
e 2 13 1
e 2 29 1
e 3 4 1
e 3 9 1
e 3 10 1
e 3 20 1
e 4 5 1
e 4 7 2
e 5 6 2
e 5 21 1
e 6 8 1
e 7 11 1
e 8 11 2
e 8 12 1
e 9 22 1
e 9 23 1
e 9 24 1
e 10 25 1
e 10 26 1
e 10 27 1
e 11 28 1
e 12 30 1
e 12 31 1
e 12 32 1
e 13 14 2
e 13 33 1
e 14 15 1
e 14 16 1
e 15 17 2
e 15 35 1
e 16 18 2
e 16 36 1
e 17 19 1
e 17 37 1
e 18 19 1
e 18 38 1
t # 7284
v 0 1
v 1 2
v 2 2
v 3 2
v 4 2
v 5 2
v 6 3
v 7 3
v 8 3
v 9 3
v 10 3
v 11 3
v 12 3
v 13 3
v 14 4
v 15 4
v 16 4
v 17 4
v 18 4
v 19 4
v 20 4
v 21 4
v 22 4
e 0 10 2
e 1 6 1
e 1 11 1
e 1 14 1
e 2 6 2
e 2 8 1
e 3 7 2
e 3 9 1
e 4 10 1
e 4 11 2
e 5 11 1
e 5 21 1
e 5 22 1
e 6 7 1
e 7 10 1
e 8 9 2
e 8 12 1
e 9 13 1
e 12 15 1
e 12 16 1
e 12 17 1
e 13 18 1
e 13 19 1
e 13 20 1
t # 7285
v 0 1
v 1 1
v 2 1
v 3 1
v 4 2
v 5 3
v 6 3
v 7 3
v 8 3
v 9 3
v 10 3
v 11 3
v 12 3
v 13 3
v 14 3
v 15 3
v 16 3
v 17 3
v 18 3
v 19 3
v 20 3
v 21 4
v 22 4
v 23 4
v 24 4
v 25 4
v 26 4
v 27 4
v 28 4
v 29 4
v 30 4
v 31 4
v 32 4
v 33 4
v 34 4
v 35 4
e 0 5 1
e 0 6 1
e 1 8 1
e 1 20 1
e 4 19 1
e 5 8 2
e 5 10 1
e 6 7 1
e 6 21 1
e 6 22 1
e 7 13 2
e 7 14 1
e 8 11 1
e 9 10 2
e 9 12 1
e 9 15 1
e 10 23 1
e 11 12 2
e 11 24 1
e 12 25 1
e 13 16 1
e 13 26 1
e 14 17 2
e 14 27 1
e 15 19 2
e 15 28 1
e 16 18 2
e 16 29 1
e 17 18 1
e 17 30 1
e 18 31 1
e 19 32 1
e 20 33 1
e 20 34 1
e 20 35 1
t # 7286
v 0 1
v 1 1
v 2 2
v 3 2
v 4 3
v 5 3
v 6 3
v 7 3
v 8 3
v 9 3
v 10 3
v 11 3
v 12 3
v 13 3
v 14 4
v 15 4
v 16 4
v 17 4
v 18 4
v 19 4
v 20 4
v 21 4
v 22 4
v 23 4
e 0 12 2
e 1 23 1
e 2 4 2
e 2 12 1
e 3 8 1
e 3 22 1
e 4 5 1
e 4 6 1
e 5 8 2
e 5 9 1
e 6 7 2
e 6 11 1
e 7 10 1
e 7 13 1
e 8 12 1
e 9 10 2
e 9 14 1
e 10 15 1
e 11 16 1
e 11 17 1
e 11 18 1
e 13 19 1
e 13 20 1
e 13 21 1
t # 7287
v 0 12
v 1 1
v 2 1
v 3 2
v 4 2
v 5 3
v 6 3
v 7 3
v 8 3
v 9 3
v 10 3
v 11 3
v 12 3
v 13 4
v 14 4
v 15 4
v 16 4
v 17 4
e 0 9 1
e 1 10 2
e 2 17 1
e 3 6 2
e 3 10 1
e 4 7 1
e 4 16 1
e 5 6 1
e 5 7 2
e 5 8 1
e 6 9 1
e 7 10 1
e 8 11 2
e 8 13 1
e 9 12 2
e 11 12 1
e 11 14 1
e 12 15 1
t # 7288
v 0 1
v 1 1
v 2 2
v 3 3
v 4 3
v 5 3
v 6 3
v 7 3
v 8 3
v 9 3
v 10 3
v 11 3
v 12 3
v 13 3
v 14 3
v 15 3
v 16 3
v 17 3
v 18 3
v 19 3
v 20 4
v 21 4
v 22 4
v 23 4
v 24 4
v 25 4
v 26 4
v 27 4
v 28 4
v 29 4
v 30 4
v 31 4
v 32 4
v 33 4
v 34 4
v 35 4
v 36 4
v 37 4
v 38 4
e 0 7 1
e 0 34 1
e 1 15 2
e 2 6 1
e 2 13 1
e 2 29 1
e 3 4 1
e 3 9 1
e 3 10 1
e 3 20 1
e 4 5 1
e 4 7 2
e 5 6 2
e 5 21 1
e 6 8 1
e 7 11 1
e 8 11 2
e 8 12 1
e 9 22 1
e 9 23 1
e 9 24 1
e 10 25 1
e 10 26 1
e 10 27 1
e 11 28 1
e 12 30 1
e 12 31 1
e 12 32 1
e 13 14 2
e 13 33 1
e 14 15 1
e 14 16 1
e 15 17 1
e 16 18 2
e 16 35 1
e 17 19 2
e 17 36 1
e 18 19 1
e 18 37 1
e 19 38 1
t # 7289
v 0 1
v 1 1
v 2 1
v 3 1
v 4 1
v 5 1
v 6 2
v 7 3
v 8 3
v 9 3
v 10 3
v 11 3
v 12 3
v 13 3
v 14 3
v 15 3
v 16 3
v 17 3
v 18 3
v 19 3
v 20 3
v 21 3
v 22 3
v 23 4
v 24 4
v 25 4
v 26 4
v 27 4
v 28 4
v 29 4
v 30 4
v 31 4
v 32 4
v 33 4
v 34 4
v 35 4
v 36 4
v 37 4
v 38 4
v 39 4
v 40 4
v 41 4
v 42 4
v 43 4
v 44 4
v 45 4
v 46 4
v 47 4
v 48 4
v 49 4
e 8 1 1
e 1 34 1
e 2 14 1
e 2 17 1
e 15 3 1
e 3 46 1
e 18 4 1
e 4 22 1
e 5 17 2
e 6 7 1
e 6 9 1
e 6 11 1
e 7 8 1
e 7 12 1
e 7 23 1
e 8 10 1
e 8 24 1
e 9 10 1
e 9 25 1
e 9 26 1
e 10 27 1
e 10 28 1
e 11 13 1
e 11 29 1
e 11 30 1
e 12 13 2
e 12 14 1
e 13 31 1
e 14 32 1
e 14 33 1
e 15 16 1
e 15 17 1
e 15 18 1
e 16 19 1
e 16 20 1
e 16 35 1
e 18 21 1
e 18 36 1
e 19 37 1
e 19 38 1
e 19 39 1
e 20 40 1
e 20 41 1
e 20 42 1
e 21 43 1
e 21 44 1
e 21 45 1
e 22 47 1
e 22 48 1
e 22 49 1
t # 7290
v 0 1
v 1 1
v 2 1
v 3 1
v 4 1
v 5 2
v 6 3
v 7 3
v 8 3
v 9 3
v 10 3
v 11 3
v 12 3
v 13 3
v 14 3
v 15 3
v 16 3
v 17 3
v 18 3
v 19 3
v 20 3
v 21 3
v 22 4
v 23 4
v 24 4
v 25 4
v 26 4
v 27 4
v 28 4
v 29 4
v 30 4
v 31 4
v 32 4
v 33 4
v 34 4
v 35 4
v 36 4
v 37 4
v 38 4
v 39 4
v 40 4
v 41 4
v 42 4
v 43 4
v 44 4
v 45 4
v 46 4
v 47 4
v 48 4
e 7 0 1
e 0 33 1
e 1 13 1
e 1 17 1
e 14 2 1
e 2 45 1
e 16 3 1
e 3 21 1
e 4 17 2
e 5 6 1
e 5 8 1
e 5 11 1
e 6 7 1
e 6 10 1
e 6 22 1
e 7 9 1
e 7 23 1
e 8 9 1
e 8 24 1
e 8 25 1
e 9 26 1
e 9 27 1
e 10 12 2
e 10 13 1
e 11 12 1
e 11 28 1
e 11 29 1
e 12 30 1
e 13 31 1
e 13 32 1
e 14 15 1
e 14 16 1
e 14 17 1
e 15 18 1
e 15 19 1
e 15 34 1
e 16 20 1
e 16 35 1
e 18 36 1
e 18 37 1
e 18 38 1
e 19 39 1
e 19 40 1
e 19 41 1
e 20 42 1
e 20 43 1
e 20 44 1
e 21 46 1
e 21 47 1
e 21 48 1
t # 7291
v 0 1
v 1 1
v 2 1
v 3 1
v 4 1
v 5 1
v 6 1
v 7 1
v 8 1
v 9 1
v 10 3
v 11 3
v 12 3
v 13 3
v 14 3
v 15 3
v 16 3
v 17 3
v 18 3
v 19 3
v 20 3
v 21 3
v 22 3
v 23 3
v 24 3
v 25 3
v 26 3
v 27 3
v 28 3
v 29 3
v 30 4
v 31 4
v 32 4
v 33 4
v 34 4
v 35 4
v 36 4
v 37 4
v 38 4
v 39 4
v 40 4
v 41 4
v 42 4
v 43 4
e 0 15 1
e 0 36 1
e 1 19 1
e 1 37 1
e 2 17 2
e 3 18 2
e 4 24 1
e 4 41 1
e 5 25 2
e 6 27 1
e 6 42 1
e 7 27 2
e 8 29 1
e 8 43 1
e 9 29 2
e 10 11 1
e 10 15 2
e 10 18 1
e 11 17 1
e 11 19 2
e 12 14 1
e 12 17 1
e 12 21 2
e 13 15 1
e 13 16 2
e 13 20 1
e 14 18 1
e 14 22 2
e 16 19 1
e 16 25 1
e 20 26 1
e 20 30 1
e 20 31 1
e 21 23 1
e 21 27 1
e 22 24 1
e 22 32 1
e 23 24 2
e 23 29 1
e 25 28 1
e 26 33 1
e 26 34 1
e 26 35 1
e 28 38 1
e 28 39 1
e 28 40 1
t # 7292
v 0 1
v 1 1
v 2 1
v 3 1
v 4 3
v 5 3
v 6 3
v 7 3
v 8 3
v 9 3
v 10 3
v 11 3
v 12 3
v 13 3
v 14 3
v 15 3
v 16 3
v 17 3
v 18 3
v 19 3
v 20 3
v 21 3
v 22 3
v 23 3
v 24 3
v 25 3
v 26 3
v 27 3
v 28 3
v 29 3
v 30 3
v 31 3
v 32 3
v 33 3
v 34 3
v 35 3
v 36 3
v 37 3
v 38 3
v 39 3
v 40 4
v 41 4
v 42 4
v 43 4
v 44 4
v 45 4
v 46 4
v 47 4
v 48 4
v 49 4
v 50 4
v 51 4
v 52 4
v 53 4
v 54 4
v 55 4
v 56 4
v 57 4
v 58 4
v 59 4
v 60 4
v 61 4
v 62 4
v 63 4
v 64 4
v 65 4
v 66 4
v 67 4
v 68 4
v 69 4
v 70 4
v 71 4
v 72 4
v 73 4
v 74 4
v 75 4
v 76 4
v 77 4
v 78 4
v 79 4
v 80 4
v 81 4
v 82 4
v 83 4
v 84 4
v 85 4
v 86 4
v 87 4
v 88 4
v 89 4
v 90 4
v 91 4
v 92 4
v 93 4
v 94 4
v 95 4
v 96 4
v 97 4
v 98 4
v 99 4
v 100 4
v 101 4
v 102 4
v 103 4
e 0 37 1
e 0 102 1
e 1 37 2
e 2 39 1
e 2 103 1
e 3 39 2
e 4 5 1
e 4 6 1
e 4 8 1
e 4 40 1
e 5 7 1
e 5 13 1
e 5 41 1
e 6 9 1
e 6 10 1
e 6 42 1
e 7 11 1
e 7 12 1
e 7 43 1
e 8 14 1
e 8 44 1
e 8 45 1
e 9 15 1
e 9 46 1
e 9 47 1
e 10 12 2
e 10 48 1
e 11 16 1
e 11 49 1
e 11 50 1
e 12 51 1
e 13 20 2
e 13 52 1
e 14 17 1
e 14 53 1
e 14 54 1
e 15 18 1
e 15 55 1
e 15 56 1
e 16 19 1
e 16 57 1
e 16 58 1
e 17 21 1
e 17 59 1
e 17 60 1
e 18 23 1
e 18 61 1
e 18 62 1
e 19 22 1
e 19 63 1
e 19 64 1
e 20 24 1
e 20 65 1
e 21 25 1
e 21 66 1
e 21 67 1
e 22 27 1
e 22 68 1
e 22 69 1
e 23 28 1
e 23 70 1
e 23 71 1
e 24 26 1
e 24 72 1
e 24 73 1
e 25 31 1
e 25 74 1
e 25 75 1
e 26 29 1
e 26 76 1
e 26 77 1
e 27 30 1
e 27 78 1
e 27 79 1
e 28 32 1
e 28 80 1
e 28 81 1
e 29 33 1
e 29 82 1
e 29 83 1
e 30 34 1
e 30 84 1
e 30 85 1
e 31 86 1
e 31 87 1
e 31 88 1
e 32 89 1
e 32 90 1
e 32 91 1
e 33 35 1
e 33 92 1
e 33 93 1
e 34 37 1
e 34 94 1
e 34 95 1
e 35 36 1
e 35 96 1
e 35 97 1
e 36 38 1
e 36 98 1
e 36 99 1
e 38 39 1
e 38 100 1
e 38 101 1
t # 7293
v 0 12
v 1 12
v 2 1
v 3 1
v 4 1
v 5 1
v 6 1
v 7 3
v 8 3
v 9 3
v 10 3
v 11 3
v 12 3
v 13 3
v 14 3
v 15 3
v 16 3
v 17 4
v 18 4
v 19 4
v 20 4
v 21 4
v 22 4
e 0 8 1
e 1 12 1
e 2 7 1
e 2 13 1
e 3 15 1
e 3 21 1
e 4 15 2
e 5 16 1
e 5 22 1
e 6 16 2
e 7 8 2
e 7 9 1
e 8 10 1
e 9 11 2
e 9 17 1
e 10 12 2
e 10 18 1
e 11 12 1
e 11 19 1
e 13 14 2
e 13 15 1
e 14 16 1
e 14 20 1
t # 7294
v 0 1
v 1 1
v 2 1
v 3 1
v 4 3
v 5 3
v 6 3
v 7 3
v 8 3
v 9 3
v 10 3
v 11 4
v 12 4
v 13 4
v 14 4
v 15 4
v 16 4
v 17 4
v 18 4
v 19 4
v 20 4
e 0 6 1
e 0 9 1
e 1 8 1
e 1 10 1
e 2 6 2
e 3 8 2
e 4 5 1
e 4 6 1
e 4 11 1
e 4 12 1
e 5 7 2
e 5 13 1
e 7 8 1
e 7 14 1
e 9 15 1
e 9 16 1
e 9 17 1
e 10 18 1
e 10 19 1
e 10 20 1
t # 7295
v 0 1
v 1 1
v 2 3
v 3 3
v 4 3
v 5 3
v 6 3
v 7 3
v 8 3
v 9 3
v 10 3
v 11 4
v 12 4
v 13 4
v 14 4
v 15 4
v 16 4
v 17 4
v 18 4
v 19 4
v 20 4
v 21 4
v 22 4
v 23 4
v 24 4
v 25 4
v 26 4
e 0 10 1
e 0 26 1
e 1 10 2
e 2 3 1
e 2 4 1
e 2 11 1
e 2 12 1
e 3 5 1
e 3 13 1
e 3 14 1
e 4 6 1
e 4 15 1
e 4 16 1
e 5 7 1
e 5 17 1
e 5 18 1
e 6 8 1
e 6 9 2
e 7 19 1
e 7 20 1
e 7 21 1
e 8 22 1
e 8 23 1
e 8 24 1
e 9 10 1
e 9 25 1
t # 7296
v 0 11
v 1 1
v 2 1
v 3 1
v 4 1
v 5 2
v 6 2
v 7 2
v 8 2
v 9 3
v 10 3
v 11 3
v 12 3
v 13 3
v 14 3
v 15 3
v 16 3
v 17 3
v 18 3
v 19 3
v 20 3
v 21 3
v 22 3
v 23 3
v 24 3
v 25 3
v 26 3
v 27 3
v 28 3
v 29 3
v 30 3
v 31 4
v 32 4
v 33 4
v 34 4
v 35 4
v 36 4
v 37 4
v 38 4
v 39 4
v 40 4
v 41 4
v 42 4
v 43 4
v 44 4
v 45 4
v 46 4
v 47 4
v 48 4
v 49 4
v 50 4
v 51 4
v 52 4
v 53 4
v 54 4
v 55 4
v 56 4
e 0 11 1
e 0 12 1
e 1 15 2
e 2 16 2
e 3 21 2
e 4 23 2
e 5 7 1
e 5 15 1
e 5 43 1
e 6 8 1
e 6 16 1
e 6 44 1
e 7 17 1
e 7 45 1
e 8 18 1
e 8 46 1
e 9 11 1
e 9 13 1
e 9 31 1
e 9 32 1
e 10 12 1
e 10 14 1
e 10 33 1
e 10 34 1
e 11 35 1
e 11 36 1
e 12 37 1
e 12 38 1
e 13 15 1
e 13 39 1
e 13 40 1
e 14 16 1
e 14 41 1
e 14 42 1
e 17 19 2
e 17 47 1
e 18 20 2
e 18 48 1
e 19 21 1
e 19 22 1
e 20 23 1
e 20 24 1
e 21 25 1
e 22 26 2
e 22 49 1
e 23 27 1
e 24 28 2
e 24 50 1
e 25 29 2
e 25 51 1
e 26 29 1
e 26 52 1
e 27 30 2
e 27 53 1
e 28 30 1
e 28 54 1
e 29 55 1
e 30 56 1
t # 7297
v 0 12
v 1 12
v 2 1
v 3 2
v 4 2
v 5 2
v 6 2
v 7 2
v 8 2
v 9 3
v 10 3
v 11 3
v 12 3
v 13 3
v 14 3
v 15 3
v 16 3
v 17 3
v 18 3
v 19 3
v 20 3
v 21 3
v 22 3
v 23 3
v 24 3
v 25 4
v 26 4
v 27 4
v 28 4
v 29 4
v 30 4
v 31 4
v 32 4
v 33 4
v 34 4
v 35 4
v 36 4
e 0 15 1
e 1 18 1
e 2 17 2
e 3 9 1
e 3 10 1
e 3 25 1
e 4 10 2
e 4 19 1
e 5 6 1
e 5 14 1
e 5 29 1
e 6 11 2
e 7 17 1
e 7 19 2
e 8 19 1
e 8 35 1
e 8 36 1
e 9 12 2
e 9 13 1
e 10 11 1
e 11 17 1
e 12 15 1
e 12 26 1
e 13 16 2
e 13 27 1
e 14 20 2
e 14 21 1
e 15 18 2
e 16 18 1
e 16 28 1
e 20 22 1
e 20 30 1
e 21 23 2
e 21 31 1
e 22 24 2
e 22 32 1
e 23 24 1
e 23 33 1
e 24 34 1
t # 7298
v 0 12
v 1 1
v 2 1
v 3 2
v 4 2
v 5 2
v 6 3
v 7 3
v 8 3
v 9 3
v 10 3
v 11 3
v 12 3
v 13 3
v 14 3
v 15 3
v 16 3
v 17 3
v 18 3
v 19 3
v 20 3
v 21 3
v 22 3
v 23 4
v 24 4
v 25 4
v 26 4
v 27 4
v 28 4
v 29 4
v 30 4
v 31 4
v 32 4
v 33 4
v 34 4
v 35 4
v 36 4
v 37 4
v 38 4
v 39 4
v 40 4
e 0 14 1
e 1 13 2
e 2 17 2
e 3 4 1
e 3 8 1
e 3 32 1
e 4 17 1
e 4 34 1
e 5 21 2
e 5 22 1
e 6 7 1
e 6 9 1
e 6 10 1
e 6 23 1
e 7 8 1
e 7 24 1
e 7 25 1
e 8 11 2
e 9 26 1
e 9 27 1
e 9 28 1
e 10 29 1
e 10 30 1
e 10 31 1
e 11 12 1
e 11 13 1
e 12 14 2
e 12 33 1
e 13 15 1
e 14 16 1
e 15 16 2
e 15 35 1
e 16 36 1
e 17 18 1
e 18 19 2
e 18 20 1
e 19 21 1
e 19 37 1
e 20 22 2
e 20 38 1
e 21 39 1
e 22 40 1
t # 7299
v 0 11
v 1 1
v 2 1
v 3 1
v 4 1
v 5 1
v 6 2
v 7 2
v 8 2
v 9 3
v 10 3
v 11 3
v 12 3
v 13 3
v 14 3
v 15 3
v 16 3
v 17 3
v 18 3
v 19 3
v 20 3
v 21 3
v 22 4
v 23 4
v 24 4
v 25 4
v 26 4
v 27 4
v 28 4
v 29 4
v 30 4
v 31 4
v 32 4
e 0 1 2
e 0 2 2
e 0 9 1
e 3 19 2
e 4 21 1
e 4 32 1
e 5 21 2
e 6 7 1
e 6 10 1
e 6 26 1
e 7 15 2
e 8 29 1
e 8 30 1
e 9 11 2
e 9 12 1
e 10 13 2
e 10 14 1
e 11 13 1
e 11 22 1
e 12 14 2
e 12 23 1
e 13 24 1
e 14 25 1
e 15 16 1
e 15 18 1
e 16 17 2
e 16 27 1
e 17 19 1
e 17 21 1
e 18 20 2
e 18 28 1
e 19 20 1
e 20 31 1
