t # 37400
v 0 12
v 1 2
v 2 2
v 3 2
v 4 2
v 5 3
v 6 3
v 7 3
v 8 3
v 9 3
v 10 3
v 11 3
v 12 3
v 13 3
v 14 3
v 15 3
v 16 3
v 17 3
v 18 3
v 19 4
v 20 4
v 21 4
v 22 4
v 23 4
v 24 4
v 25 4
v 26 4
v 27 4
e 0 15 1
e 1 3 1
e 1 5 1
e 1 6 1
e 2 5 1
e 2 8 1
e 2 9 1
e 3 10 2
e 5 7 2
e 6 11 2
e 6 12 1
e 7 10 1
e 7 18 1
e 8 13 2
e 8 19 1
e 9 14 2
e 9 20 1
e 10 21 1
e 11 15 1
e 11 22 1
e 12 16 2
e 12 23 1
e 13 14 1
e 13 24 1
e 14 25 1
e 15 17 2
e 16 17 1
e 16 26 1
e 17 27 1
t # 37401
v 0 11
v 1 1
v 2 1
v 3 1
v 4 1
v 5 1
v 6 2
v 7 3
v 8 3
v 9 3
v 10 3
v 11 3
v 12 3
v 13 3
v 14 3
v 15 3
v 16 3
v 17 3
v 18 3
v 19 3
v 20 3
v 21 3
v 22 3
v 23 3
v 24 3
v 25 4
v 26 4
v 27 4
v 28 4
v 29 4
v 30 4
v 31 4
v 32 4
v 33 4
v 34 4
v 35 4
v 36 4
v 37 4
v 38 4
v 39 4
v 40 4
v 41 4
e 0 4 2
e 0 5 2
e 0 24 1
e 1 9 1
e 2 10 2
e 3 11 2
e 6 7 1
e 6 10 1
e 6 11 1
e 7 8 1
e 7 9 1
e 7 25 1
e 8 14 1
e 8 26 1
e 8 27 1
e 9 28 1
e 9 29 1
e 10 12 1
e 11 13 1
e 12 13 1
e 12 15 2
e 13 16 2
e 14 17 2
e 14 18 1
e 15 19 1
e 15 30 1
e 16 20 1
e 16 31 1
e 17 21 1
e 17 32 1
e 18 22 2
e 18 33 1
e 19 20 2
e 19 34 1
e 20 35 1
e 21 23 2
e 21 36 1
e 22 23 1
e 22 37 1
e 23 38 1
e 24 39 1
e 24 40 1
e 24 41 1
t # 37402
v 0 1
v 1 1
v 2 1
v 3 1
v 4 1
v 5 1
v 6 2
v 7 2
v 8 2
v 9 3
v 10 3
v 11 3
v 12 3
v 13 3
v 14 3
v 15 3
v 16 3
v 17 3
v 18 3
v 19 3
v 20 3
v 21 3
v 22 3
v 23 3
v 24 3
v 25 3
v 26 4
v 27 4
v 28 4
v 29 4
v 30 4
v 31 4
v 32 4
v 33 4
v 34 4
v 35 4
v 36 4
v 37 4
v 38 4
v 39 4
v 40 4
v 41 4
v 42 4
e 0 10 1
e 0 23 1
e 1 11 1
e 1 24 1
e 2 12 1
e 2 25 1
e 3 15 2
e 6 7 1
e 6 15 1
e 6 28 1
e 7 20 2
e 8 18 1
e 9 13 2
e 9 14 1
e 9 15 1
e 10 11 2
e 10 12 1
e 11 13 1
e 12 14 2
e 13 26 1
e 14 27 1
e 16 17 2
e 16 19 1
e 16 20 1
e 17 18 1
e 17 29 1
e 18 21 2
e 19 22 2
e 19 30 1
e 20 31 1
e 21 22 1
e 21 32 1
e 22 33 1
e 23 34 1
e 23 35 1
e 23 36 1
e 24 37 1
e 24 38 1
e 24 39 1
e 25 40 1
e 25 41 1
e 25 42 1
t # 37403
v 0 18
v 1 8
v 2 1
v 3 1
v 4 2
v 5 3
v 6 3
v 7 3
v 8 3
v 9 3
v 10 4
v 11 4
v 12 4
v 13 4
v 14 4
v 15 4
v 16 4
v 17 4
v 18 4
v 19 4
v 20 4
e 2 8 1
e 4 5 1
e 4 14 1
e 5 6 1
e 5 10 1
e 5 11 1
e 6 8 1
e 6 12 1
e 6 13 1
e 7 9 1
e 7 15 1
e 7 16 1
e 8 17 1
e 8 18 1
e 9 19 1
e 9 20 1
t # 37404
v 0 27
v 1 12
v 2 1
v 3 1
v 4 2
v 5 3
v 6 3
v 7 3
v 8 3
v 9 3
v 10 3
v 11 3
v 12 3
v 13 3
v 14 3
v 15 4
v 16 4
v 17 4
v 18 4
v 19 4
e 1 8 1
e 2 6 2
e 3 7 2
e 4 5 1
e 4 6 1
e 4 7 1
e 5 8 2
e 5 9 1
e 6 10 1
e 7 11 1
e 8 12 1
e 9 13 2
e 9 15 1
e 10 11 2
e 10 16 1
e 11 17 1
e 12 14 2
e 12 18 1
e 13 14 1
e 13 19 1
t # 37405
v 0 12
v 1 11
v 2 11
v 3 1
v 4 1
v 5 2
v 6 2
v 7 3
v 8 3
v 9 3
v 10 3
v 11 3
v 12 3
v 13 3
v 14 3
v 15 3
v 16 3
v 17 3
v 18 3
v 19 3
v 20 3
v 21 3
v 22 3
v 23 4
v 24 4
v 25 4
v 26 4
v 27 4
v 28 4
v 29 4
v 30 4
v 31 4
v 32 4
v 33 4
v 34 4
v 35 4
e 0 22 1
e 1 7 1
e 1 10 1
e 2 9 1
e 2 10 1
e 3 11 1
e 3 19 1
e 4 19 2
e 5 8 1
e 5 10 2
e 6 14 1
e 6 19 1
e 6 31 1
e 7 8 1
e 7 12 2
e 8 13 2
e 9 11 1
e 9 23 1
e 9 24 1
e 11 25 1
e 11 26 1
e 12 15 1
e 12 27 1
e 13 16 1
e 13 28 1
e 14 17 2
e 14 18 1
e 15 16 2
e 15 29 1
e 16 30 1
e 17 20 1
e 17 32 1
e 18 21 2
e 18 33 1
e 20 22 2
e 20 34 1
e 21 22 1
e 21 35 1
t # 37406
v 0 12
v 1 1
v 2 1
v 3 2
v 4 3
v 5 3
v 6 3
v 7 3
v 8 3
v 9 3
v 10 3
v 11 3
v 12 3
v 13 3
v 14 3
v 15 3
v 16 3
v 17 3
v 18 3
v 19 4
v 20 4
v 21 4
v 22 4
v 23 4
v 24 4
v 25 4
v 26 4
v 27 4
v 28 4
e 0 12 1
e 1 6 1
e 1 11 1
e 2 11 2
e 3 6 2
e 3 7 1
e 4 5 1
e 4 6 1
e 4 9 2
e 5 10 2
e 5 12 1
e 7 8 1
e 7 13 2
e 8 11 1
e 8 14 2
e 9 15 1
e 9 19 1
e 10 16 1
e 10 20 1
e 12 21 1
e 12 22 1
e 13 17 1
e 13 23 1
e 14 18 1
e 14 24 1
e 15 16 2
e 15 25 1
e 16 26 1
e 17 18 2
e 17 27 1
e 18 28 1
t # 37407
v 0 1
v 1 1
v 2 2
v 3 2
v 4 3
v 5 3
v 6 3
v 7 3
v 8 3
v 9 3
v 10 3
v 11 3
v 12 3
v 13 3
v 14 3
v 15 3
v 16 3
v 17 3
v 18 3
v 19 3
v 20 3
v 21 3
v 22 3
v 23 4
v 24 4
v 25 4
v 26 4
v 27 4
v 28 4
v 29 4
v 30 4
v 31 4
v 32 4
v 33 4
v 34 4
v 35 4
v 36 4
e 0 17 1
e 0 22 1
e 1 10 2
e 2 5 1
e 2 10 1
e 2 24 1
e 4 6 1
e 4 7 1
e 4 9 2
e 5 7 2
e 5 8 1
e 6 11 2
e 6 12 1
e 7 23 1
e 8 13 2
e 8 14 1
e 9 10 1
e 9 21 1
e 11 15 1
e 11 25 1
e 12 16 2
e 12 26 1
e 13 18 1
e 13 27 1
e 14 19 2
e 14 28 1
e 15 17 2
e 15 29 1
e 16 17 1
e 16 30 1
e 18 20 2
e 18 31 1
e 19 20 1
e 19 32 1
e 20 33 1
e 22 34 1
e 22 35 1
e 22 36 1
t # 37408
v 0 11
v 1 1
v 2 1
v 3 2
v 4 2
v 5 2
v 6 3
v 7 3
v 8 3
v 9 3
v 10 3
v 11 3
v 12 3
v 13 3
v 14 3
v 15 3
v 16 3
v 17 3
v 18 3
v 19 3
v 20 3
v 21 3
v 22 4
v 23 4
v 24 4
v 25 4
v 26 4
v 27 4
v 28 4
v 29 4
v 30 4
v 31 4
v 32 4
v 33 4
v 34 4
e 0 14 1
e 0 21 1
e 1 8 1
e 1 16 1
e 2 16 2
e 3 8 2
e 3 10 1
e 4 21 1
e 4 32 1
e 4 33 1
e 5 21 2
e 5 34 1
e 6 8 1
e 6 9 1
e 6 12 2
e 7 9 2
e 7 13 1
e 7 14 1
e 9 22 1
e 10 11 1
e 10 17 2
e 11 16 1
e 11 18 2
e 12 15 1
e 12 23 1
e 13 15 2
e 13 24 1
e 14 25 1
e 14 26 1
e 15 27 1
e 17 19 1
e 17 28 1
e 18 20 1
e 18 29 1
e 19 20 2
e 19 30 1
e 20 31 1
t # 37409
v 0 11
v 1 11
v 2 2
v 3 2
v 4 3
v 5 3
v 6 3
v 7 3
v 8 3
v 9 3
v 10 3
v 11 3
v 12 3
v 13 3
v 14 3
v 15 3
v 16 3
v 17 3
v 18 3
v 19 3
v 20 3
v 21 3
v 22 3
v 23 3
v 24 3
v 25 3
v 26 3
v 27 4
v 28 4
v 29 4
v 30 4
v 31 4
v 32 4
v 33 4
v 34 4
v 35 4
v 36 4
v 37 4
v 38 4
v 39 4
v 40 4
v 41 4
v 42 4
v 43 4
v 44 4
v 45 4
v 46 4
v 47 4
v 48 4
v 49 4
v 50 4
v 51 4
v 52 4
v 53 4
v 54 4
v 55 4
v 56 4
e 0 19 1
e 0 26 1
e 2 8 1
e 2 9 1
e 2 19 1
e 3 8 1
e 3 13 1
e 3 26 1
e 4 6 1
e 4 10 1
e 4 11 1
e 4 12 1
e 5 7 1
e 5 14 1
e 5 15 1
e 5 16 1
e 6 17 2
e 6 18 1
e 7 20 2
e 7 21 1
e 8 27 1
e 8 28 1
e 9 22 2
e 9 23 1
e 10 29 1
e 10 30 1
e 10 31 1
e 11 32 1
e 11 33 1
e 11 34 1
e 12 35 1
e 12 36 1
e 12 37 1
e 13 24 2
e 13 25 1
e 14 38 1
e 14 39 1
e 14 40 1
e 15 41 1
e 15 42 1
e 15 43 1
e 16 44 1
e 16 45 1
e 16 46 1
e 17 22 1
e 17 47 1
e 18 23 2
e 18 48 1
e 19 49 1
e 19 50 1
e 20 24 1
e 20 51 1
e 21 25 2
e 21 52 1
e 22 53 1
e 23 54 1
e 24 55 1
e 25 56 1
t # 37410
v 0 11
v 1 2
v 2 2
v 3 2
v 4 2
v 5 3
v 6 3
v 7 3
v 8 3
v 9 3
v 10 3
v 11 3
v 12 3
v 13 3
v 14 3
v 15 4
v 16 4
v 17 4
v 18 4
v 19 4
v 20 4
v 21 4
v 22 4
e 0 8 1
e 0 12 1
e 1 2 1
e 1 5 1
e 1 8 1
e 3 4 1
e 3 8 2
e 5 6 2
e 5 7 1
e 6 9 1
e 6 15 1
e 7 10 2
e 7 16 1
e 9 11 2
e 9 17 1
e 10 11 1
e 10 18 1
e 11 19 1
e 12 13 1
e 12 20 1
e 12 21 1
e 14 22 1
t # 37411
v 0 1
v 1 2
v 2 2
v 3 3
v 4 3
v 5 3
v 6 3
v 7 3
v 8 3
v 9 3
v 10 3
v 11 3
v 12 3
v 13 3
v 14 3
v 15 3
v 16 3
v 17 3
v 18 3
v 19 3
v 20 3
v 21 3
v 22 3
v 23 3
v 24 3
v 25 3
v 26 4
v 27 4
v 28 4
v 29 4
v 30 4
v 31 4
v 32 4
v 33 4
v 34 4
v 35 4
v 36 4
v 37 4
v 38 4
v 39 4
v 40 4
v 41 4
v 42 4
v 43 4
e 0 20 1
e 0 25 1
e 1 2 1
e 1 4 2
e 2 7 2
e 3 4 1
e 3 5 1
e 3 6 2
e 4 8 1
e 5 10 2
e 5 11 1
e 6 7 1
e 6 26 1
e 7 9 1
e 8 14 2
e 8 15 1
e 9 12 2
e 9 13 1
e 10 16 1
e 10 27 1
e 11 17 2
e 11 28 1
e 12 18 1
e 12 29 1
e 13 19 2
e 13 30 1
e 14 21 1
e 14 31 1
e 15 22 2
e 15 32 1
e 16 23 2
e 16 33 1
e 17 23 1
e 17 34 1
e 18 20 2
e 18 35 1
e 19 20 1
e 19 36 1
e 21 24 2
e 21 37 1
e 22 24 1
e 22 38 1
e 23 39 1
e 24 40 1
e 25 41 1
e 25 42 1
e 25 43 1
t # 37412
v 0 1
v 1 1
v 2 1
v 3 2
v 4 2
v 5 2
v 6 3
v 7 3
v 8 3
v 9 3
v 10 3
v 11 3
v 12 3
v 13 3
v 14 3
v 15 3
v 16 3
v 17 3
v 18 3
v 19 3
v 20 3
v 21 4
v 22 4
v 23 4
v 24 4
v 25 4
v 26 4
v 27 4
v 28 4
v 29 4
v 30 4
v 31 4
v 32 4
v 33 4
e 0 11 1
e 1 20 1
e 1 33 1
e 2 20 2
e 3 6 1
e 3 14 1
e 3 15 1
e 4 8 1
e 4 11 2
e 5 8 2
e 6 7 1
e 6 10 2
e 7 8 1
e 7 12 2
e 9 11 1
e 9 13 1
e 9 21 1
e 9 22 1
e 10 16 1
e 10 23 1
e 12 17 1
e 12 24 1
e 13 20 1
e 13 25 1
e 13 26 1
e 14 18 2
e 14 27 1
e 15 19 2
e 15 28 1
e 16 17 2
e 16 29 1
e 17 30 1
e 18 19 1
e 18 31 1
e 19 32 1
t # 37413
v 0 11
v 1 1
v 2 1
v 3 2
v 4 3
v 5 3
v 6 3
v 7 3
v 8 3
v 9 3
v 10 3
v 11 3
v 12 3
v 13 3
v 14 3
v 15 3
v 16 4
v 17 4
v 18 4
v 19 4
v 20 4
v 21 4
v 22 4
e 0 4 1
e 0 13 1
e 1 5 1
e 1 14 1
e 2 8 2
e 4 7 1
e 4 9 2
e 5 8 1
e 5 10 2
e 6 7 2
e 6 8 1
e 6 15 1
e 7 16 1
e 9 11 1
e 9 17 1
e 10 12 1
e 10 18 1
e 11 13 2
e 11 19 1
e 12 14 2
e 12 20 1
e 13 21 1
e 14 22 1
t # 37414
v 0 1
v 1 2
v 2 2
v 3 2
v 4 2
v 5 2
v 6 2
v 7 3
v 8 3
v 9 3
v 10 3
v 11 3
v 12 3
v 13 3
v 14 3
v 15 3
v 16 3
v 17 3
v 18 3
v 19 3
v 20 3
v 21 4
v 22 4
v 23 4
v 24 4
v 25 4
v 26 4
v 27 4
v 28 4
v 29 4
v 30 4
v 31 4
v 32 4
v 33 4
v 34 4
e 0 11 2
e 1 9 1
e 1 10 1
e 1 11 1
e 2 5 1
e 2 13 1
e 2 14 1
e 3 12 1
e 4 13 1
e 4 16 2
e 6 16 1
e 6 33 1
e 6 34 1
e 7 8 1
e 7 9 1
e 7 21 1
e 7 22 1
e 8 10 1
e 8 23 1
e 8 24 1
e 9 25 1
e 9 26 1
e 10 27 1
e 10 28 1
e 11 12 1
e 12 13 2
e 14 15 1
e 14 17 2
e 15 16 1
e 15 18 2
e 17 19 1
e 17 29 1
e 18 20 1
e 18 30 1
e 19 20 2
e 19 31 1
e 20 32 1
t # 37415
v 0 1
v 1 2
v 2 2
v 3 2
v 4 3
v 5 3
v 6 3
v 7 3
v 8 3
v 9 3
v 10 3
v 11 3
v 12 3
v 13 3
v 14 3
v 15 3
v 16 3
v 17 4
v 18 4
v 19 4
v 20 4
v 21 4
v 22 4
v 23 4
v 24 4
v 25 4
v 26 4
v 27 4
e 0 15 1
e 1 4 1
e 1 9 1
e 1 10 1
e 2 8 1
e 2 15 2
e 3 8 2
e 4 5 1
e 4 6 2
e 5 7 2
e 5 8 1
e 6 11 1
e 6 17 1
e 7 12 1
e 7 18 1
e 9 13 2
e 9 19 1
e 10 14 2
e 10 20 1
e 11 12 2
e 11 21 1
e 12 22 1
e 13 14 1
e 13 23 1
e 14 24 1
e 15 16 1
e 16 25 1
e 16 26 1
e 16 27 1
t # 37416
v 0 1
v 1 1
v 2 1
v 3 2
v 4 2
v 5 3
v 6 3
v 7 3
v 8 3
v 9 3
v 10 3
v 11 3
v 12 3
v 13 3
v 14 4
v 15 4
v 16 4
v 17 4
v 18 4
v 19 4
v 20 4
v 21 4
v 22 4
v 23 4
v 24 4
v 25 4
v 26 4
v 27 4
e 0 5 1
e 0 11 1
e 1 6 1
e 1 12 1
e 2 13 2
e 3 7 1
e 3 9 1
e 3 13 1
e 4 8 1
e 4 10 1
e 4 13 1
e 5 7 1
e 5 11 1
e 5 14 1
e 6 8 1
e 6 12 1
e 6 15 1
e 7 16 1
e 7 17 1
e 8 18 1
e 8 19 1
e 9 10 1
e 9 20 1
e 9 21 1
e 10 22 1
e 10 23 1
e 11 24 1
e 11 25 1
e 12 26 1
e 12 27 1
t # 37417
v 0 34
v 1 11
v 2 1
v 3 1
v 4 1
v 5 2
v 6 2
v 7 3
v 8 3
v 9 3
v 10 3
v 11 3
v 12 3
v 13 3
v 14 3
v 15 3
v 16 3
v 17 3
v 18 3
v 19 3
v 20 4
v 21 4
v 22 4
v 23 4
v 24 4
v 25 4
v 26 4
v 27 4
v 28 4
v 29 4
v 30 4
v 31 4
v 32 4
v 33 4
v 34 4
v 35 4
v 36 4
v 37 4
v 38 4
e 1 12 1
e 2 7 1
e 2 8 1
e 3 14 2
e 4 16 2
e 5 9 1
e 5 13 1
e 5 14 1
e 6 14 1
e 6 16 1
e 6 29 1
e 7 9 1
e 7 10 1
e 7 20 1
e 8 11 1
e 8 12 1
e 8 21 1
e 9 22 1
e 9 23 1
e 10 11 2
e 10 24 1
e 11 25 1
e 12 26 1
e 12 27 1
e 13 15 2
e 13 28 1
e 15 16 1
e 15 17 1
e 17 30 1
e 17 31 1
e 17 32 1
e 18 33 1
e 18 34 1
e 18 35 1
e 19 36 1
e 19 37 1
e 19 38 1
t # 37418
v 0 12
v 1 12
v 2 12
v 3 1
v 4 1
v 5 3
v 6 3
v 7 3
v 8 3
v 9 3
v 10 4
v 11 4
v 12 4
e 0 6 1
e 1 6 1
e 2 7 1
e 3 5 1
e 3 12 1
e 4 8 2
e 5 6 1
e 5 7 1
e 5 10 1
e 6 8 1
e 7 9 2
e 8 9 1
e 9 11 1
t # 37419
v 0 1
v 1 1
v 2 2
v 3 2
v 4 3
v 5 3
v 6 3
v 7 3
v 8 3
v 9 3
v 10 3
v 11 3
v 12 3
v 13 3
v 14 3
v 15 3
v 16 3
v 17 3
v 18 3
v 19 3
v 20 3
v 21 3
v 22 3
v 23 3
v 24 3
v 25 4
v 26 4
v 27 4
v 28 4
v 29 4
v 30 4
v 31 4
v 32 4
v 33 4
v 34 4
v 35 4
v 36 4
v 37 4
v 38 4
v 39 4
v 40 4
v 41 4
v 42 4
v 43 4
v 44 4
v 45 4
v 46 4
e 0 19 2
e 1 21 2
e 2 4 1
e 2 13 1
e 2 24 1
e 3 11 1
e 3 12 1
e 3 41 1
e 4 5 2
e 4 6 1
e 5 7 1
e 5 19 1
e 6 9 1
e 6 25 1
e 6 26 1
e 7 10 1
e 7 27 1
e 7 28 1
e 8 11 1
e 8 13 2
e 8 19 1
e 9 10 1
e 9 29 1
e 9 30 1
e 10 31 1
e 10 32 1
e 11 20 2
e 12 14 2
e 12 15 1
e 13 22 1
e 14 16 1
e 14 21 1
e 15 17 1
e 15 33 1
e 15 34 1
e 16 18 1
e 16 35 1
e 16 36 1
e 17 18 1
e 17 37 1
e 17 38 1
e 18 39 1
e 18 40 1
e 20 21 1
e 20 23 1
e 22 23 2
e 22 42 1
e 23 43 1
e 24 44 1
e 24 45 1
e 24 46 1
t # 37420
v 0 1
v 1 1
v 2 2
v 3 2
v 4 3
v 5 3
v 6 3
v 7 3
v 8 3
v 9 3
v 10 3
v 11 3
v 12 3
v 13 3
v 14 3
v 15 3
v 16 3
v 17 3
v 18 3
v 19 3
v 20 3
v 21 3
v 22 3
v 23 3
v 24 4
v 25 4
v 26 4
v 27 4
v 28 4
v 29 4
v 30 4
v 31 4
v 32 4
v 33 4
v 34 4
v 35 4
v 36 4
v 37 4
v 38 4
v 39 4
v 40 4
v 41 4
v 42 4
v 43 4
e 0 20 2
e 1 21 2
e 2 5 1
e 2 11 1
e 2 40 1
e 3 6 1
e 3 18 1
e 3 41 1
e 4 6 2
e 4 8 1
e 4 20 1
e 5 7 2
e 5 9 1
e 6 12 1
e 7 13 1
e 7 21 1
e 8 14 1
e 8 24 1
e 8 25 1
e 9 15 1
e 9 26 1
e 9 27 1
e 10 11 1
e 10 18 2
e 10 20 1
e 11 19 2
e 12 16 1
e 12 28 1
e 12 29 1
e 13 17 1
e 13 30 1
e 13 31 1
e 14 16 1
e 14 32 1
e 14 33 1
e 15 17 1
e 15 34 1
e 15 35 1
e 16 36 1
e 16 37 1
e 17 38 1
e 17 39 1
e 18 22 1
e 19 21 1
e 19 23 1
e 22 23 2
e 22 42 1
e 23 43 1
t # 37421
v 0 12
v 1 12
v 2 1
v 3 1
v 4 1
v 5 1
v 6 1
v 7 2
v 8 2
v 9 2
v 10 3
v 11 3
v 12 3
v 13 3
v 14 3
v 15 3
v 16 3
v 17 3
v 18 3
v 19 3
v 20 3
v 21 3
v 22 3
v 23 3
v 24 3
v 25 3
v 26 3
v 27 3
v 28 3
v 29 3
v 30 3
v 31 3
v 32 3
v 33 4
v 34 4
v 35 4
v 36 4
v 37 4
v 38 4
v 39 4
v 40 4
v 41 4
v 42 4
v 43 4
v 44 4
v 45 4
v 46 4
v 47 4
v 48 4
v 49 4
v 50 4
v 51 4
v 52 4
v 53 4
v 54 4
v 55 4
v 56 4
v 57 4
v 58 4
v 59 4
v 60 4
v 61 4
e 0 22 1
e 1 24 1
e 11 2 1
e 2 42 1
e 3 17 1
e 3 25 1
e 4 19 1
e 4 26 1
e 5 25 2
e 6 26 2
e 7 10 1
e 7 13 1
e 7 15 1
e 8 25 1
e 8 27 1
e 8 46 1
e 9 26 1
e 9 28 1
e 9 47 1
e 10 12 1
e 10 14 2
e 11 12 1
e 11 13 1
e 11 33 1
e 12 34 1
e 12 35 1
e 13 36 1
e 13 37 1
e 14 16 1
e 14 17 1
e 15 16 2
e 15 18 1
e 16 19 1
e 17 38 1
e 17 39 1
e 18 20 2
e 18 21 1
e 19 40 1
e 19 41 1
e 20 22 1
e 20 43 1
e 21 23 2
e 21 44 1
e 22 24 2
e 23 24 1
e 23 45 1
e 27 29 1
e 27 30 1
e 27 48 1
e 28 31 1
e 28 32 1
e 28 49 1
e 29 50 1
e 29 51 1
e 29 52 1
e 30 53 1
e 30 54 1
e 30 55 1
e 31 56 1
e 31 57 1
e 31 58 1
e 32 59 1
e 32 60 1
e 32 61 1
t # 37422
v 0 12
v 1 12
v 2 12
v 3 12
v 4 8
v 5 8
v 6 1
v 7 1
v 8 1
v 9 1
v 10 2
v 11 2
v 12 2
v 13 2
v 14 3
v 15 3
v 16 3
v 17 3
v 18 3
v 19 3
v 20 3
v 21 3
v 22 3
v 23 3
v 24 3
v 25 3
v 26 3
v 27 3
v 28 3
v 29 3
v 30 3
v 31 3
v 32 3
v 33 3
v 34 3
v 35 3
v 36 3
v 37 3
v 38 3
v 39 3
v 40 4
v 41 4
v 42 4
v 43 4
v 44 4
v 45 4
v 46 4
v 47 4
v 48 4
v 49 4
v 50 4
v 51 4
v 52 4
v 53 4
v 54 4
v 55 4
v 56 4
v 57 4
v 58 4
v 59 4
v 60 4
v 61 4
v 62 4
v 63 4
v 64 4
v 65 4
v 66 4
v 67 4
v 68 4
v 69 4
v 70 4
v 71 4
v 72 4
v 73 4
v 74 4
v 75 4
v 76 4
v 77 4
e 0 36 1
e 1 37 1
e 2 38 1
e 3 39 1
e 6 28 1
e 7 29 1
e 10 20 1
e 10 21 1
e 11 22 1
e 11 23 1
e 12 74 1
e 12 75 1
e 13 76 1
e 13 77 1
e 14 15 2
e 14 16 1
e 14 18 1
e 15 17 1
e 15 19 1
e 16 24 2
e 16 26 1
e 17 25 2
e 17 27 1
e 18 30 1
e 18 40 1
e 18 41 1
e 19 31 1
e 19 42 1
e 19 43 1
e 20 36 1
e 20 44 1
e 20 45 1
e 21 37 1
e 21 46 1
e 21 47 1
e 22 38 1
e 22 48 1
e 22 49 1
e 23 39 1
e 23 50 1
e 23 51 1
e 24 32 1
e 24 52 1
e 25 33 1
e 25 53 1
e 26 34 2
e 26 54 1
e 27 35 2
e 27 55 1
e 28 32 2
e 28 34 1
e 29 33 2
e 29 35 1
e 30 56 1
e 30 57 1
e 30 58 1
e 31 59 1
e 31 60 1
e 31 61 1
e 32 62 1
e 33 63 1
e 34 64 1
e 35 65 1
e 36 66 1
e 36 67 1
e 37 68 1
e 37 69 1
e 38 70 1
e 38 71 1
e 39 72 1
e 39 73 1
t # 37423
v 0 1
v 1 1
v 2 1
v 3 1
v 4 3
v 5 3
v 6 3
v 7 3
v 8 3
v 9 3
v 10 3
v 11 4
v 12 4
v 13 4
v 14 4
v 15 4
v 16 4
v 17 4
v 18 4
e 4 0 1
e 5 0 1
e 6 1 1
e 1 17 1
e 2 7 2
e 3 10 1
e 3 18 1
e 4 5 1
e 4 6 1
e 4 11 1
e 5 7 1
e 5 12 1
e 6 8 1
e 6 13 1
e 7 9 1
e 8 9 2
e 8 14 1
e 9 10 1
e 10 15 1
e 10 16 1
t # 37424
v 0 1
v 1 1
v 2 3
v 3 3
v 4 3
v 5 3
v 6 3
v 7 3
v 8 3
v 9 3
v 10 3
v 11 3
v 12 3
v 13 3
v 14 3
v 15 3
v 16 4
v 17 4
v 18 4
v 19 4
v 20 4
v 21 4
v 22 4
v 23 4
v 24 4
v 25 4
v 26 4
v 27 4
v 28 4
v 29 4
v 30 4
v 31 4
v 32 4
v 33 4
v 34 4
v 35 4
e 0 6 1
e 0 28 1
e 1 8 1
e 1 29 1
e 2 3 1
e 2 6 2
e 2 7 1
e 3 8 2
e 3 9 1
e 4 5 2
e 4 6 1
e 4 11 1
e 5 8 1
e 5 12 1
e 7 10 1
e 7 16 1
e 7 17 1
e 9 18 1
e 9 19 1
e 9 20 1
e 10 13 2
e 10 21 1
e 11 22 1
e 11 23 1
e 11 24 1
e 12 25 1
e 12 26 1
e 12 27 1
e 13 14 1
e 13 15 1
e 14 30 1
e 14 31 1
e 14 32 1
e 15 33 1
e 15 34 1
e 15 35 1
t # 37425
v 0 11
v 1 1
v 2 2
v 3 2
v 4 2
v 5 3
v 6 3
v 7 3
v 8 3
v 9 3
v 10 3
v 11 4
v 12 4
v 13 4
v 14 4
v 15 4
v 16 4
v 17 4
v 18 4
v 19 4
e 0 6 1
e 0 10 1
e 1 9 2
e 2 5 1
e 2 7 1
e 2 8 1
e 3 6 1
e 3 7 2
e 4 9 1
e 4 18 1
e 4 19 1
e 5 6 2
e 5 9 1
e 7 11 1
e 8 12 1
e 8 13 1
e 8 14 1
e 10 15 1
e 10 16 1
e 10 17 1
t # 37426
v 0 1
v 1 1
v 2 1
v 3 2
v 4 2
v 5 2
v 6 3
v 7 3
v 8 3
v 9 3
v 10 3
v 11 3
v 12 3
v 13 3
v 14 3
v 15 3
v 16 3
v 17 3
v 18 3
v 19 3
v 20 3
v 21 3
v 22 3
v 23 4
v 24 4
v 25 4
v 26 4
v 27 4
v 28 4
v 29 4
v 30 4
v 31 4
v 32 4
v 33 4
v 34 4
v 35 4
v 36 4
v 37 4
e 0 9 1
e 0 19 1
e 1 10 1
e 1 19 1
e 2 17 1
e 2 20 1
e 3 6 1
e 3 20 1
e 3 28 1
e 4 5 1
e 4 17 2
e 5 20 2
e 6 7 2
e 6 15 1
e 7 13 1
e 7 21 1
e 8 11 2
e 8 14 1
e 8 17 1
e 9 10 2
e 9 11 1
e 10 16 1
e 11 23 1
e 12 13 2
e 12 18 1
e 12 22 1
e 13 24 1
e 14 16 2
e 14 25 1
e 15 18 2
e 15 26 1
e 16 27 1
e 18 29 1
e 19 30 1
e 19 31 1
e 21 32 1
e 21 33 1
e 21 34 1
e 22 35 1
e 22 36 1
e 22 37 1
t # 37427
v 0 12
v 1 12
v 2 12
v 3 12
v 4 11
v 5 11
v 6 1
v 7 1
v 8 1
v 9 1
v 10 1
v 11 1
v 12 1
v 13 1
v 14 2
v 15 2
v 16 2
v 17 2
v 18 2
v 19 2
v 20 2
v 21 2
v 22 2
v 23 2
v 24 2
v 25 2
v 26 3
v 27 3
v 28 3
v 29 3
v 30 3
v 31 3
v 32 3
v 33 3
v 34 3
v 35 3
v 36 3
v 37 3
v 38 3
v 39 3
v 40 3
v 41 3
v 42 3
v 43 3
v 44 3
v 45 3
v 46 3
v 47 3
v 48 3
v 49 3
v 50 3
v 51 3
v 52 3
v 53 3
v 54 3
v 55 3
v 56 3
v 57 3
v 58 3
v 59 3
v 60 3
v 61 3
v 62 3
v 63 3
v 64 3
v 65 3
v 66 4
v 67 4
v 68 4
v 69 4
v 70 4
v 71 4
v 72 4
v 73 4
v 74 4
v 75 4
v 76 4
v 77 4
v 78 4
v 79 4
v 80 4
v 81 4
v 82 4
v 83 4
v 84 4
v 85 4
v 86 4
v 87 4
v 88 4
v 89 4
v 90 4
v 91 4
v 92 4
v 93 4
v 94 4
v 95 4
v 96 4
v 97 4
v 98 4
v 99 4
v 100 4
v 101 4
e 0 50 1
e 1 50 1
e 2 53 1
e 3 53 1
e 4 8 2
e 4 9 2
e 4 37 1
e 5 10 2
e 5 11 2
e 5 38 1
e 6 30 1
e 6 45 1
e 7 36 2
e 12 45 2
e 13 65 2
e 14 28 1
e 14 36 1
e 14 70 1
e 15 29 1
e 16 31 1
e 17 39 1
e 18 40 1
e 19 51 1
e 19 79 1
e 20 52 1
e 20 80 1
e 21 51 2
e 21 58 1
e 22 52 2
e 22 59 1
e 23 56 1
e 23 58 2
e 24 57 1
e 24 59 2
e 25 64 1
e 25 65 1
e 25 100 1
e 26 27 2
e 26 28 1
e 26 29 1
e 27 30 1
e 27 32 1
e 28 34 2
e 29 33 2
e 30 31 2
e 31 33 1
e 32 35 2
e 32 66 1
e 33 67 1
e 34 35 1
e 34 68 1
e 35 69 1
e 36 50 1
e 37 41 2
e 37 42 1
e 38 46 2
e 38 47 1
e 39 43 2
e 39 44 1
e 40 48 2
e 40 49 1
e 41 43 1
e 41 71 1
e 42 44 2
e 42 72 1
e 43 73 1
e 44 74 1
e 45 53 1
e 46 48 1
e 46 75 1
e 47 49 2
e 47 76 1
e 48 77 1
e 49 78 1
e 50 81 1
e 51 54 1
e 52 55 1
e 53 82 1
e 54 56 2
e 54 83 1
e 55 57 2
e 55 84 1
e 56 60 1
e 57 61 1
e 58 62 1
e 59 63 1
e 60 85 1
e 60 86 1
e 60 87 1
e 61 88 1
e 61 89 1
e 61 90 1
e 62 91 1
e 62 92 1
e 62 93 1
e 63 94 1
e 63 95 1
e 63 96 1
e 64 97 1
e 64 98 1
e 64 99 1
e 65 101 1
t # 37428
v 0 3
v 1 3
v 2 3
v 3 3
v 4 3
v 5 3
v 6 3
v 7 3
v 8 3
v 9 3
v 10 3
v 11 3
v 12 3
v 13 3
v 14 3
v 15 3
v 16 3
v 17 3
v 18 3
v 19 3
v 20 3
v 21 3
v 22 3
v 23 3
v 24 3
v 25 3
v 26 3
v 27 3
v 28 3
v 29 3
v 30 3
v 31 3
v 32 4
v 33 4
v 34 4
v 35 4
v 36 4
v 37 4
v 38 4
v 39 4
v 40 4
v 41 4
v 42 4
v 43 4
v 44 4
v 45 4
v 46 4
v 47 4
v 48 4
v 49 4
v 50 4
v 51 4
v 52 4
v 53 4
v 54 4
v 55 4
v 56 4
v 57 4
v 58 4
v 59 4
e 0 1 2
e 0 2 1
e 0 3 1
e 1 4 1
e 1 6 1
e 2 7 2
e 2 8 1
e 3 5 1
e 3 12 2
e 4 5 1
e 4 14 2
e 5 11 2
e 6 9 2
e 6 10 1
e 7 9 1
e 7 13 1
e 8 15 1
e 8 32 1
e 8 33 1
e 9 34 1
e 10 16 1
e 10 35 1
e 10 36 1
e 11 17 1
e 11 18 1
e 12 19 1
e 12 37 1
e 13 21 1
e 13 22 2
e 14 20 1
e 14 38 1
e 15 23 1
e 15 39 1
e 15 40 1
e 16 25 1
e 16 41 1
e 16 42 1
e 17 19 2
e 17 43 1
e 18 20 2
e 18 44 1
e 19 45 1
e 20 46 1
e 21 24 1
e 21 26 2
e 22 27 1
e 22 47 1
e 23 48 1
e 23 49 1
e 23 50 1
e 24 28 1
e 24 29 2
e 25 51 1
e 25 52 1
e 25 53 1
e 26 30 1
e 26 54 1
e 27 28 2
e 27 55 1
e 28 56 1
e 29 31 1
e 29 57 1
e 30 31 2
e 30 58 1
e 31 59 1
t # 37429
v 0 1
v 1 1
v 2 3
v 3 3
v 4 3
v 5 3
v 6 3
v 7 3
v 8 3
v 9 3
v 10 3
v 11 3
v 12 3
v 13 3
v 14 3
v 15 3
v 16 3
v 17 3
v 18 3
v 19 3
v 20 3
v 21 3
v 22 3
v 23 3
v 24 3
v 25 3
v 26 3
v 27 3
v 28 3
v 29 3
v 30 3
v 31 3
v 32 3
v 33 3
v 34 3
v 35 4
v 36 4
v 37 4
v 38 4
v 39 4
v 40 4
v 41 4
v 42 4
v 43 4
v 44 4
v 45 4
v 46 4
v 47 4
v 48 4
v 49 4
v 50 4
v 51 4
v 52 4
v 53 4
v 54 4
v 55 4
v 56 4
v 57 4
v 58 4
v 59 4
v 60 4
v 61 4
v 62 4
e 0 24 1
e 0 60 1
e 1 24 2
e 2 3 2
e 2 4 1
e 2 6 1
e 3 5 1
e 3 7 1
e 4 9 2
e 4 11 1
e 5 10 2
e 5 12 1
e 6 8 1
e 6 15 2
e 7 8 1
e 7 16 2
e 8 13 2
e 9 10 1
e 9 14 1
e 10 24 1
e 11 17 1
e 11 35 1
e 11 36 1
e 12 18 1
e 12 37 1
e 12 38 1
e 13 19 1
e 13 20 1
e 14 23 1
e 14 25 2
e 15 21 1
e 15 39 1
e 16 22 1
e 16 40 1
e 17 26 1
e 17 41 1
e 17 42 1
e 18 28 1
e 18 43 1
e 18 44 1
e 19 21 2
e 19 45 1
e 20 22 2
e 20 46 1
e 21 47 1
e 22 48 1
e 23 27 1
e 23 29 2
e 25 30 1
e 25 49 1
e 26 50 1
e 26 51 1
e 26 52 1
e 27 31 1
e 27 32 2
e 28 53 1
e 28 54 1
e 28 55 1
e 29 33 1
e 29 56 1
e 30 31 2
e 30 57 1
e 31 58 1
e 32 34 1
e 32 59 1
e 33 34 2
e 33 61 1
e 34 62 1
t # 37430
v 0 3
v 1 3
v 2 3
v 3 3
v 4 3
v 5 3
v 6 3
v 7 3
v 8 3
v 9 3
v 10 3
v 11 3
v 12 3
v 13 3
v 14 3
v 15 3
v 16 3
v 17 3
v 18 3
v 19 3
v 20 3
v 21 3
v 22 3
v 23 3
v 24 3
v 25 3
v 26 3
v 27 3
v 28 3
v 29 3
v 30 3
v 31 4
v 32 4
v 33 4
v 34 4
v 35 4
v 36 4
v 37 4
v 38 4
v 39 4
v 40 4
v 41 4
v 42 4
v 43 4
v 44 4
v 45 4
v 46 4
v 47 4
v 48 4
v 49 4
v 50 4
v 51 4
v 52 4
v 53 4
v 54 4
v 55 4
v 56 4
v 57 4
v 58 4
v 59 4
v 60 4
v 61 4
v 62 4
e 0 1 2
e 0 2 1
e 0 3 1
e 1 4 1
e 1 6 1
e 2 7 2
e 2 8 1
e 3 5 1
e 3 13 2
e 4 5 1
e 4 14 2
e 5 11 2
e 6 9 1
e 6 10 2
e 7 10 1
e 7 16 1
e 8 12 1
e 8 31 1
e 8 32 1
e 9 15 1
e 9 33 1
e 9 34 1
e 10 35 1
e 11 17 1
e 11 18 1
e 12 21 1
e 12 36 1
e 12 37 1
e 13 19 1
e 13 38 1
e 14 20 1
e 14 39 1
e 15 22 1
e 15 40 1
e 15 41 1
e 16 23 2
e 16 24 1
e 17 19 2
e 17 42 1
e 18 20 2
e 18 43 1
e 19 44 1
e 20 45 1
e 21 25 1
e 21 46 1
e 21 47 1
e 22 26 1
e 22 48 1
e 22 49 1
e 23 27 1
e 23 50 1
e 24 28 2
e 24 51 1
e 25 52 1
e 25 53 1
e 25 54 1
e 26 55 1
e 26 56 1
e 26 57 1
e 27 29 2
e 27 58 1
e 28 29 1
e 28 59 1
e 29 30 1
e 30 60 1
e 30 61 1
e 30 62 1
t # 37431
v 0 3
v 1 3
v 2 3
v 3 3
v 4 3
v 5 3
v 6 3
v 7 3
v 8 3
v 9 3
v 10 3
v 11 3
v 12 3
v 13 3
v 14 3
v 15 3
v 16 3
v 17 3
v 18 3
v 19 3
v 20 3
v 21 3
v 22 3
v 23 3
v 24 3
v 25 3
v 26 3
v 27 3
v 28 3
v 29 3
v 30 3
v 31 3
v 32 3
v 33 3
v 34 3
v 35 3
v 36 3
v 37 3
v 38 3
v 39 4
v 40 4
v 41 4
v 42 4
v 43 4
v 44 4
v 45 4
v 46 4
v 47 4
v 48 4
v 49 4
v 50 4
v 51 4
v 52 4
v 53 4
v 54 4
v 55 4
v 56 4
v 57 4
v 58 4
v 59 4
v 60 4
v 61 4
v 62 4
v 63 4
v 64 4
v 65 4
v 66 4
v 67 4
v 68 4
e 0 1 1
e 0 2 1
e 0 3 2
e 1 4 1
e 1 5 2
e 2 6 1
e 2 39 1
e 2 40 1
e 3 7 1
e 3 9 1
e 4 6 1
e 4 11 2
e 5 8 1
e 5 10 1
e 6 12 2
e 7 8 2
e 7 13 1
e 8 14 1
e 9 17 2
e 9 18 1
e 10 19 2
e 10 20 1
e 11 15 1
e 11 41 1
e 12 16 1
e 12 42 1
e 13 21 2
e 13 22 1
e 14 23 2
e 14 24 1
e 15 16 2
e 15 43 1
e 16 44 1
e 17 25 1
e 17 45 1
e 18 26 2
e 18 46 1
e 19 27 1
e 19 47 1
e 20 28 2
e 20 48 1
e 21 31 1
e 21 49 1
e 22 32 2
e 22 50 1
e 23 33 1
e 23 51 1
e 24 34 2
e 24 52 1
e 25 29 2
e 25 53 1
e 26 29 1
e 26 54 1
e 27 30 2
e 27 55 1
e 28 30 1
e 28 56 1
e 29 37 1
e 30 38 1
e 31 35 2
e 31 57 1
e 32 35 1
e 32 58 1
e 33 36 2
e 33 59 1
e 34 36 1
e 34 60 1
e 35 61 1
e 36 62 1
e 37 63 1
e 37 64 1
e 37 65 1
e 38 66 1
e 38 67 1
e 38 68 1
t # 37432
v 0 3
v 1 3
v 2 3
v 3 3
v 4 3
v 5 3
v 6 3
v 7 3
v 8 3
v 9 3
v 10 3
v 11 3
v 12 3
v 13 3
v 14 3
v 15 3
v 16 3
v 17 3
v 18 3
v 19 3
v 20 3
v 21 3
v 22 3
v 23 3
v 24 3
v 25 3
v 26 4
v 27 4
v 28 4
v 29 4
v 30 4
v 31 4
v 32 4
v 33 4
v 34 4
v 35 4
v 36 4
v 37 4
v 38 4
v 39 4
v 40 4
v 41 4
v 42 4
v 43 4
v 44 4
v 45 4
v 46 4
v 47 4
e 0 1 2
e 0 2 1
e 0 6 1
e 1 4 1
e 1 7 1
e 2 3 2
e 2 9 1
e 3 5 1
e 3 8 1
e 4 5 2
e 4 10 1
e 5 26 1
e 6 11 2
e 6 12 1
e 7 13 2
e 7 14 1
e 8 15 2
e 8 16 1
e 9 27 1
e 9 28 1
e 9 29 1
e 10 30 1
e 10 31 1
e 10 32 1
e 11 17 1
e 11 33 1
e 12 18 2
e 12 34 1
e 13 19 1
e 13 35 1
e 14 20 2
e 14 36 1
e 15 21 1
e 15 37 1
e 16 22 2
e 16 38 1
e 17 23 2
e 17 39 1
e 18 23 1
e 18 40 1
e 19 24 2
e 19 41 1
e 20 24 1
e 20 42 1
e 21 25 2
e 21 43 1
e 22 25 1
e 22 44 1
e 23 45 1
e 24 46 1
e 25 47 1
t # 37433
v 0 12
v 1 12
v 2 11
v 3 1
v 4 3
v 5 3
v 6 3
v 7 3
v 8 3
v 9 3
v 10 3
v 11 3
v 12 3
v 13 3
v 14 3
v 15 3
v 16 3
v 17 3
v 18 3
v 19 3
v 20 3
v 21 3
v 22 4
v 23 4
v 24 4
v 25 4
v 26 4
v 27 4
v 28 4
v 29 4
v 30 4
v 31 4
v 32 4
v 33 4
v 34 4
v 35 4
v 36 4
v 37 4
v 38 4
v 39 4
v 40 4
v 41 4
v 42 4
v 43 4
v 44 4
v 45 4
e 0 19 1
e 1 21 1
e 2 8 1
e 2 13 1
e 3 10 2
e 4 5 1
e 4 8 1
e 4 10 1
e 4 22 1
e 5 6 1
e 5 23 1
e 5 24 1
e 6 7 1
e 6 25 1
e 6 26 1
e 7 9 1
e 7 27 1
e 7 28 1
e 8 29 1
e 8 30 1
e 9 11 1
e 9 31 1
e 9 32 1
e 10 12 1
e 11 33 1
e 11 34 1
e 11 35 1
e 12 14 2
e 12 36 1
e 13 15 1
e 13 37 1
e 13 38 1
e 14 16 1
e 14 39 1
e 15 40 1
e 15 41 1
e 15 42 1
e 16 17 2
e 16 18 1
e 17 19 1
e 17 43 1
e 18 20 2
e 18 44 1
e 19 21 2
e 20 21 1
e 20 45 1
t # 37434
v 0 11
v 1 1
v 2 3
v 3 3
v 4 3
v 5 3
v 6 3
v 7 3
v 8 3
v 9 3
v 10 3
v 11 3
v 12 3
v 13 3
v 14 3
v 15 3
v 16 3
v 17 3
v 18 3
v 19 3
v 20 4
v 21 4
v 22 4
v 23 4
v 24 4
v 25 4
v 26 4
v 27 4
v 28 4
v 29 4
v 30 4
v 31 4
v 32 4
v 33 4
v 34 4
v 35 4
v 36 4
v 37 4
v 38 4
v 39 4
v 40 4
v 41 4
v 42 4
v 43 4
v 44 4
v 45 4
e 0 6 1
e 0 11 1
e 1 8 2
e 2 3 1
e 2 6 1
e 2 8 1
e 2 20 1
e 3 4 1
e 3 21 1
e 3 22 1
e 4 5 1
e 4 23 1
e 4 24 1
e 5 7 1
e 5 25 1
e 5 26 1
e 6 27 1
e 6 28 1
e 7 9 1
e 7 29 1
e 7 30 1
e 8 10 1
e 9 31 1
e 9 32 1
e 9 33 1
e 10 12 2
e 10 34 1
e 11 13 1
e 11 35 1
e 11 36 1
e 12 14 1
e 12 37 1
e 13 38 1
e 13 39 1
e 13 40 1
e 14 15 2
e 14 16 1
e 15 17 1
e 15 41 1
e 16 18 2
e 16 42 1
e 17 19 2
e 17 43 1
e 18 19 1
e 18 44 1
e 19 45 1
t # 37435
v 0 2
v 1 2
v 2 2
v 3 2
v 4 2
v 5 3
v 6 3
v 7 3
v 8 3
v 9 3
v 10 3
v 11 3
v 12 3
v 13 3
v 14 3
v 15 4
v 16 4
v 17 4
v 18 4
v 19 4
v 20 4
v 21 4
v 22 4
v 23 4
v 24 4
v 25 4
v 26 4
v 27 4
v 28 4
v 29 4
v 30 4
v 31 4
e 0 5 1
e 0 7 1
e 0 8 1
e 1 6 1
e 1 9 1
e 1 12 1
e 2 12 2
e 2 13 1
e 3 9 1
e 3 30 1
e 3 31 1
e 5 6 1
e 5 15 1
e 5 16 1
e 6 17 1
e 6 18 1
e 7 10 1
e 7 19 1
e 7 20 1
e 8 11 1
e 8 21 1
e 8 22 1
e 9 13 2
e 10 23 1
e 10 24 1
e 10 25 1
e 11 26 1
e 11 27 1
e 11 28 1
e 12 29 1
e 13 14 1
t # 37436
v 0 11
v 1 11
v 2 2
v 3 2
v 4 3
v 5 3
v 6 3
v 7 3
v 8 3
v 9 3
v 10 3
v 11 3
v 12 3
v 13 3
v 14 4
v 15 4
v 16 4
v 17 4
v 18 4
v 19 4
e 0 4 1
e 0 6 1
e 1 5 1
e 1 7 1
e 2 6 1
e 2 12 2
e 3 7 1
e 3 13 2
e 4 7 2
e 4 8 1
e 5 6 2
e 5 9 1
e 8 10 2
e 8 14 1
e 9 11 2
e 9 15 1
e 10 13 1
e 10 16 1
e 11 12 1
e 11 17 1
e 12 18 1
e 13 19 1
t # 37437
v 0 18
v 1 11
v 2 11
v 3 1
v 4 2
v 5 2
v 6 3
v 7 3
v 8 3
v 9 3
v 10 3
v 11 3
v 12 3
v 13 3
v 14 3
v 15 3
v 16 3
v 17 3
v 18 3
v 19 4
v 20 4
v 21 4
v 22 4
v 23 4
v 24 4
v 25 4
v 26 4
v 27 4
v 28 4
v 29 4
v 30 4
v 31 4
e 1 8 1
e 1 15 1
e 2 14 1
e 2 17 1
e 3 16 2
e 4 13 1
e 4 16 1
e 4 17 1
e 5 15 1
e 5 17 2
e 6 7 1
e 6 8 2
e 6 9 1
e 7 10 1
e 7 19 1
e 7 20 1
e 8 11 1
e 9 15 2
e 9 16 1
e 10 12 1
e 10 21 1
e 10 22 1
e 11 12 1
e 11 23 1
e 11 24 1
e 12 25 1
e 12 26 1
e 13 14 1
e 13 27 1
e 13 28 1
e 14 18 1
e 14 29 1
e 18 30 1
e 18 31 1
t # 37438
v 0 11
v 1 11
v 2 1
v 3 2
v 4 2
v 5 3
v 6 3
v 7 3
v 8 3
v 9 3
v 10 3
v 11 3
v 12 3
v 13 3
v 14 3
v 15 3
v 16 3
v 17 3
v 18 4
v 19 4
v 20 4
v 21 4
v 22 4
v 23 4
v 24 4
v 25 4
v 26 4
v 27 4
v 28 4
v 29 4
v 30 4
v 31 4
e 0 7 1
e 0 14 1
e 1 13 1
e 1 16 1
e 2 15 2
e 3 12 1
e 3 15 1
e 3 16 1
e 4 14 1
e 4 16 2
e 5 6 1
e 5 7 2
e 5 9 1
e 6 8 1
e 6 18 1
e 6 19 1
e 7 10 1
e 8 11 1
e 8 20 1
e 8 21 1
e 9 14 2
e 9 15 1
e 10 11 1
e 10 22 1
e 10 23 1
e 11 24 1
e 11 25 1
e 12 13 1
e 12 26 1
e 12 27 1
e 13 17 1
e 13 28 1
e 17 29 1
e 17 30 1
e 17 31 1
t # 37439
v 0 1
v 1 1
v 2 1
v 3 2
v 4 3
v 5 3
v 6 3
v 7 3
v 8 3
v 9 3
v 10 3
v 11 3
v 12 3
v 13 3
v 14 3
v 15 3
v 16 3
v 17 3
v 18 3
v 19 3
v 20 4
v 21 4
v 22 4
v 23 4
v 24 4
v 25 4
v 26 4
v 27 4
v 28 4
v 29 4
v 30 4
v 31 4
v 32 4
v 33 4
v 34 4
e 0 8 2
e 1 17 1
e 1 19 1
e 2 15 2
e 3 15 1
e 3 30 1
e 3 31 1
e 4 5 1
e 4 8 1
e 4 9 1
e 4 20 1
e 5 6 1
e 5 21 1
e 5 22 1
e 6 7 2
e 6 11 1
e 7 8 1
e 7 10 1
e 9 15 1
e 9 23 1
e 9 24 1
e 10 12 2
e 10 14 1
e 11 13 2
e 11 25 1
e 12 13 1
e 12 16 1
e 13 26 1
e 14 17 2
e 14 27 1
e 16 18 2
e 16 28 1
e 17 18 1
e 18 29 1
e 19 32 1
e 19 33 1
e 19 34 1
t # 37440
v 0 11
v 1 1
v 2 1
v 3 1
v 4 1
v 5 1
v 6 2
v 7 2
v 8 2
v 9 2
v 10 3
v 11 3
v 12 3
v 13 3
v 14 3
v 15 3
v 16 3
v 17 3
v 18 3
v 19 3
v 20 3
v 21 3
v 22 3
v 23 3
v 24 3
v 25 3
v 26 4
v 27 4
v 28 4
v 29 4
v 30 4
v 31 4
v 32 4
v 33 4
v 34 4
v 35 4
e 0 12 1
e 0 14 1
e 1 22 2
e 6 10 1
e 6 14 1
e 6 26 1
e 7 14 2
e 7 22 1
e 8 13 1
e 9 18 1
e 10 11 1
e 10 15 2
e 11 19 2
e 11 20 1
e 12 13 2
e 12 16 1
e 13 17 1
e 15 22 1
e 15 27 1
e 16 21 2
e 16 28 1
e 17 18 2
e 17 29 1
e 18 21 1
e 19 23 1
e 19 30 1
e 20 24 2
e 20 31 1
e 21 32 1
e 23 25 2
e 23 33 1
e 24 25 1
e 24 34 1
e 25 35 1
t # 37441
v 0 18
v 1 11
v 2 1
v 3 1
v 4 1
v 5 2
v 6 2
v 7 2
v 8 3
v 9 3
v 10 3
v 11 3
v 12 3
v 13 3
v 14 3
v 15 3
v 16 3
v 17 3
v 18 3
v 19 3
v 20 3
v 21 3
v 22 3
v 23 3
v 24 3
v 25 4
v 26 4
v 27 4
v 28 4
v 29 4
v 30 4
v 31 4
v 32 4
v 33 4
v 34 4
v 35 4
v 36 4
v 37 4
v 38 4
v 39 4
v 40 4
e 1 13 1
e 1 16 1
e 2 11 2
e 3 14 1
e 3 18 1
e 4 14 2
e 5 6 1
e 5 11 1
e 5 13 1
e 6 9 2
e 7 13 2
e 7 15 1
e 8 9 1
e 8 10 1
e 8 11 1
e 8 25 1
e 9 12 1
e 10 14 1
e 10 26 1
e 10 27 1
e 12 28 1
e 12 29 1
e 12 30 1
e 15 16 2
e 15 17 1
e 16 31 1
e 17 19 2
e 17 20 1
e 18 21 1
e 18 32 1
e 18 33 1
e 19 22 1
e 19 34 1
e 20 23 2
e 20 35 1
e 21 36 1
e 21 37 1
e 21 38 1
e 22 24 2
e 22 39 1
e 23 24 1
e 23 40 1
t # 37442
v 0 11
v 1 2
v 2 2
v 3 2
v 4 3
v 5 3
v 6 3
v 7 3
v 8 3
v 9 3
v 10 3
v 11 3
v 12 3
v 13 3
v 14 3
v 15 3
v 16 3
v 17 3
v 18 3
v 19 4
v 20 4
v 21 4
v 22 4
v 23 4
v 24 4
v 25 4
v 26 4
v 27 4
v 28 4
v 29 4
v 30 4
v 31 4
v 32 4
v 33 4
e 0 7 1
e 0 13 1
e 1 2 1
e 1 4 1
e 1 7 1
e 2 6 2
e 3 7 2
e 3 11 1
e 4 5 2
e 4 8 1
e 5 6 1
e 5 9 1
e 6 10 1
e 8 19 1
e 8 20 1
e 8 21 1
e 9 22 1
e 9 23 1
e 9 24 1
e 10 25 1
e 10 26 1
e 10 27 1
e 11 12 1
e 11 13 2
e 12 14 2
e 12 15 1
e 13 28 1
e 14 16 1
e 14 29 1
e 15 17 2
e 15 30 1
e 16 18 2
e 16 31 1
e 17 18 1
e 17 32 1
e 18 33 1
t # 37443
v 0 18
v 1 11
v 2 2
v 3 2
v 4 2
v 5 3
v 6 3
v 7 3
v 8 3
v 9 3
v 10 3
v 11 3
v 12 3
v 13 3
v 14 3
v 15 3
v 16 3
v 17 3
v 18 3
v 19 3
v 20 4
v 21 4
v 22 4
v 23 4
v 24 4
v 25 4
v 26 4
v 27 4
v 28 4
v 29 4
v 30 4
v 31 4
v 32 4
v 33 4
e 1 8 1
e 1 14 1
e 2 3 1
e 2 5 1
e 2 8 1
e 3 7 2
e 4 8 2
e 4 12 1
e 5 6 2
e 5 9 1
e 6 7 1
e 6 10 1
e 7 11 1
e 9 20 1
e 9 21 1
e 9 22 1
e 10 23 1
e 10 24 1
e 10 25 1
e 11 26 1
e 11 27 1
e 11 28 1
e 12 13 1
e 12 14 2
e 13 15 2
e 13 16 1
e 14 29 1
e 15 17 1
e 15 30 1
e 16 18 2
e 16 31 1
e 17 19 2
e 17 32 1
e 18 19 1
e 18 33 1
t # 37444
v 0 12
v 1 11
v 2 1
v 3 1
v 4 2
v 5 2
v 6 3
v 7 3
v 8 3
v 9 3
v 10 3
v 11 3
v 12 3
v 13 3
v 14 3
v 15 3
v 16 3
v 17 3
v 18 3
v 19 3
v 20 3
v 21 3
v 22 3
v 23 3
v 24 3
v 25 4
v 26 4
v 27 4
v 28 4
v 29 4
v 30 4
v 31 4
v 32 4
v 33 4
v 34 4
v 35 4
v 36 4
v 37 4
v 38 4
v 39 4
v 40 4
v 41 4
e 0 23 1
e 1 14 1
e 1 15 1
e 2 16 1
e 2 20 1
e 3 16 2
e 4 9 1
e 4 14 2
e 5 14 1
e 5 17 1
e 5 32 1
e 6 8 1
e 6 10 2
e 6 11 1
e 7 9 1
e 7 12 2
e 7 13 1
e 8 16 1
e 8 25 1
e 8 26 1
e 9 15 2
e 10 12 1
e 10 27 1
e 11 13 2
e 11 28 1
e 12 29 1
e 13 30 1
e 15 31 1
e 17 18 2
e 17 19 1
e 18 21 1
e 18 33 1
e 19 22 2
e 19 34 1
e 20 24 1
e 20 35 1
e 20 36 1
e 21 23 2
e 21 37 1
e 22 23 1
e 22 38 1
e 24 39 1
e 24 40 1
e 24 41 1
t # 37445
v 0 11
v 1 2
v 2 2
v 3 3
v 4 3
v 5 3
v 6 3
v 7 3
v 8 3
v 9 3
v 10 3
v 11 3
v 12 3
v 13 3
v 14 3
v 15 3
v 16 3
v 17 3
v 18 4
v 19 4
v 20 4
v 21 4
v 22 4
v 23 4
v 24 4
v 25 4
v 26 4
v 27 4
e 0 7 1
e 0 8 1
e 1 3 1
e 1 4 1
e 1 18 1
e 2 7 2
e 2 9 1
e 3 6 2
e 3 7 1
e 4 5 1
e 4 10 2
e 5 6 1
e 5 11 2
e 6 19 1
e 8 9 1
e 8 14 2
e 9 15 2
e 10 12 1
e 10 20 1
e 11 13 1
e 11 21 1
e 12 13 2
e 12 22 1
e 13 23 1
e 14 16 1
e 14 24 1
e 15 17 1
e 15 25 1
e 16 17 2
e 16 26 1
e 17 27 1
t # 37446
v 0 11
v 1 11
v 2 14
v 3 1
v 4 1
v 5 2
v 6 2
v 7 2
v 8 3
v 9 3
v 10 3
v 11 3
v 12 3
v 13 3
v 14 3
v 15 3
v 16 3
v 17 3
v 18 3
v 19 3
v 20 3
v 21 3
v 22 3
v 23 3
v 24 3
v 25 3
v 26 4
v 27 4
v 28 4
v 29 4
v 30 4
v 31 4
v 32 4
v 33 4
v 34 4
v 35 4
v 36 4
v 37 4
e 0 12 1
e 0 13 1
e 1 11 1
e 1 24 1
e 3 25 1
e 3 37 1
e 4 25 2
e 5 9 1
e 5 10 1
e 5 11 1
e 6 8 1
e 6 11 2
e 7 12 2
e 7 14 1
e 8 9 2
e 8 12 1
e 9 26 1
e 10 15 2
e 10 16 1
e 13 14 1
e 13 17 2
e 14 18 2
e 15 19 1
e 15 27 1
e 16 20 2
e 16 28 1
e 17 21 1
e 17 29 1
e 18 22 1
e 18 30 1
e 19 23 2
e 19 31 1
e 20 23 1
e 20 32 1
e 21 22 2
e 21 33 1
e 22 34 1
e 24 25 1
e 24 35 1
e 24 36 1
t # 37447
v 0 11
v 1 1
v 2 1
v 3 2
v 4 2
v 5 3
v 6 3
v 7 3
v 8 3
v 9 3
v 10 3
v 11 3
v 12 3
v 13 3
v 14 3
v 15 3
v 16 3
v 17 3
v 18 3
v 19 3
v 20 3
v 21 3
v 22 4
v 23 4
v 24 4
v 25 4
v 26 4
v 27 4
v 28 4
v 29 4
v 30 4
v 31 4
v 32 4
v 33 4
e 0 6 1
e 0 9 1
e 1 21 1
e 1 33 1
e 2 21 2
e 3 5 1
e 3 6 1
e 3 8 1
e 4 6 2
e 4 7 1
e 5 9 1
e 5 11 2
e 7 8 2
e 7 10 1
e 8 22 1
e 9 12 2
e 10 13 2
e 10 14 1
e 11 18 1
e 11 23 1
e 12 19 1
e 12 24 1
e 13 16 1
e 13 25 1
e 14 17 2
e 14 26 1
e 15 16 2
e 15 17 1
e 15 20 1
e 16 27 1
e 17 28 1
e 18 19 2
e 18 29 1
e 19 30 1
e 20 21 1
e 20 31 1
e 20 32 1
t # 37448
v 0 11
v 1 1
v 2 1
v 3 2
v 4 2
v 5 3
v 6 3
v 7 3
v 8 3
v 9 3
v 10 3
v 11 3
v 12 3
v 13 3
v 14 3
v 15 3
v 16 3
v 17 3
v 18 3
v 19 3
v 20 3
v 21 3
v 22 3
v 23 3
v 24 4
v 25 4
v 26 4
v 27 4
v 28 4
v 29 4
v 30 4
v 31 4
v 32 4
v 33 4
v 34 4
v 35 4
v 36 4
v 37 4
v 38 4
v 39 4
e 0 6 1
e 0 9 1
e 1 21 1
e 1 22 1
e 2 21 2
e 3 5 1
e 3 6 1
e 3 8 1
e 4 6 2
e 4 7 1
e 5 9 1
e 5 11 2
e 7 8 2
e 7 10 1
e 8 24 1
e 9 15 2
e 10 13 2
e 10 14 1
e 11 19 1
e 11 25 1
e 12 16 2
e 12 17 1
e 12 18 1
e 13 16 1
e 13 26 1
e 14 17 2
e 14 27 1
e 15 20 1
e 15 28 1
e 16 29 1
e 17 30 1
e 18 21 1
e 18 31 1
e 18 32 1
e 19 20 2
e 19 33 1
e 20 34 1
e 22 23 1
e 22 35 1
e 22 36 1
e 23 37 1
e 23 38 1
e 23 39 1
t # 37449
v 0 11
v 1 1
v 2 1
v 3 1
v 4 2
v 5 2
v 6 3
v 7 3
v 8 3
v 9 3
v 10 3
v 11 3
v 12 3
v 13 3
v 14 3
v 15 3
v 16 3
v 17 3
v 18 3
v 19 3
v 20 3
v 21 3
v 22 3
v 23 3
v 24 3
v 25 3
v 26 4
v 27 4
v 28 4
v 29 4
v 30 4
v 31 4
v 32 4
v 33 4
v 34 4
v 35 4
v 36 4
v 37 4
v 38 4
v 39 4
v 40 4
v 41 4
v 42 4
v 43 4
e 0 7 1
e 0 8 1
e 1 19 1
e 1 23 1
e 2 22 1
e 2 25 1
e 3 19 2
e 4 6 1
e 4 8 1
e 4 9 1
e 5 8 2
e 5 11 1
e 6 7 2
e 6 13 1
e 7 12 1
e 9 11 2
e 9 26 1
e 10 12 2
e 10 14 1
e 10 15 1
e 11 16 1
e 12 27 1
e 13 14 2
e 13 28 1
e 14 29 1
e 15 19 1
e 15 30 1
e 15 31 1
e 16 17 2
e 16 18 1
e 17 20 1
e 17 32 1
e 18 21 2
e 18 33 1
e 20 22 2
e 20 34 1
e 21 22 1
e 21 35 1
e 23 24 1
e 23 36 1
e 23 37 1
e 24 38 1
e 24 39 1
e 24 40 1
e 25 41 1
e 25 42 1
e 25 43 1
t # 37450
v 0 18
v 1 11
v 2 1
v 3 1
v 4 2
v 5 2
v 6 3
v 7 3
v 8 3
v 9 3
v 10 3
v 11 3
v 12 3
v 13 3
v 14 3
v 15 3
v 16 3
v 17 3
v 18 3
v 19 3
v 20 3
v 21 3
v 22 3
v 23 4
v 24 4
v 25 4
v 26 4
v 27 4
v 28 4
v 29 4
v 30 4
v 31 4
v 32 4
v 33 4
e 1 7 1
e 1 8 1
e 2 19 1
e 2 33 1
e 3 19 2
e 4 6 1
e 4 8 1
e 4 9 1
e 5 8 2
e 5 10 1
e 6 7 2
e 6 12 1
e 7 13 1
e 9 10 2
e 9 23 1
e 10 15 1
e 11 13 2
e 11 14 1
e 11 16 1
e 12 14 2
e 12 24 1
e 13 25 1
e 14 26 1
e 15 17 2
e 15 18 1
e 16 19 1
e 16 27 1
e 16 28 1
e 17 20 1
e 17 29 1
e 18 21 2
e 18 30 1
e 20 22 2
e 20 31 1
e 21 22 1
e 21 32 1
t # 37451
v 0 11
v 1 1
v 2 1
v 3 2
v 4 3
v 5 3
v 6 3
v 7 3
v 8 3
v 9 3
v 10 3
v 11 3
v 12 3
v 13 3
v 14 3
v 15 3
v 16 3
v 17 3
v 18 3
v 19 3
v 20 3
v 21 3
v 22 3
v 23 3
v 24 3
v 25 3
v 26 4
v 27 4
v 28 4
v 29 4
v 30 4
v 31 4
v 32 4
v 33 4
v 34 4
v 35 4
v 36 4
v 37 4
v 38 4
v 39 4
v 40 4
e 0 1 2
e 0 2 2
e 0 20 1
e 3 10 1
e 3 33 1
e 4 5 1
e 4 6 1
e 4 7 2
e 5 8 1
e 5 9 2
e 6 10 2
e 6 11 1
e 7 13 1
e 7 14 1
e 8 12 1
e 8 17 2
e 9 15 1
e 9 18 1
e 10 16 1
e 11 12 2
e 11 26 1
e 12 27 1
e 13 15 2
e 13 28 1
e 14 16 2
e 14 29 1
e 15 30 1
e 16 31 1
e 17 19 1
e 17 32 1
e 18 19 2
e 18 34 1
e 19 35 1
e 20 21 2
e 20 22 1
e 21 23 1
e 21 36 1
e 22 24 2
e 22 37 1
e 23 25 2
e 23 38 1
e 24 25 1
e 24 39 1
e 25 40 1
t # 37452
v 0 2
v 1 2
v 2 2
v 3 3
v 4 3
v 5 3
v 6 3
v 7 3
v 8 3
v 9 3
v 10 3
v 11 3
v 12 3
v 13 3
v 14 3
v 15 3
v 16 3
v 17 3
v 18 4
v 19 4
v 20 4
v 21 4
v 22 4
v 23 4
v 24 4
v 25 4
v 26 4
v 27 4
v 28 4
v 29 4
v 30 4
v 31 4
v 32 4
v 33 4
v 34 4
v 35 4
v 36 4
v 37 4
v 38 4
e 0 4 1
e 0 14 1
e 0 15 1
e 1 5 1
e 1 10 2
e 2 10 1
e 2 16 1
e 2 17 1
e 3 4 1
e 3 5 2
e 3 7 1
e 4 9 2
e 5 11 1
e 6 7 2
e 6 8 1
e 6 12 1
e 7 18 1
e 8 11 2
e 8 13 1
e 9 10 1
e 9 19 1
e 11 20 1
e 12 21 1
e 12 22 1
e 12 23 1
e 13 24 1
e 13 25 1
e 13 26 1
e 14 27 1
e 14 28 1
e 14 29 1
e 15 30 1
e 15 31 1
e 15 32 1
e 16 33 1
e 16 34 1
e 16 35 1
e 17 36 1
e 17 37 1
e 17 38 1
t # 37453
v 0 2
v 1 2
v 2 2
v 3 3
v 4 3
v 5 3
v 6 3
v 7 3
v 8 3
v 9 3
v 10 3
v 11 3
v 12 3
v 13 3
v 14 3
v 15 3
v 16 3
v 17 4
v 18 4
v 19 4
v 20 4
v 21 4
v 22 4
v 23 4
v 24 4
v 25 4
v 26 4
v 27 4
v 28 4
v 29 4
v 30 4
v 31 4
v 32 4
v 33 4
v 34 4
v 35 4
e 0 4 1
e 0 12 1
e 0 13 1
e 1 7 1
e 1 15 1
e 1 16 1
e 2 5 1
e 2 7 2
e 3 4 1
e 3 5 2
e 3 8 1
e 4 6 2
e 5 10 1
e 6 7 1
e 6 17 1
e 8 9 2
e 8 18 1
e 9 11 1
e 9 14 1
e 10 11 2
e 10 19 1
e 11 20 1
e 12 21 1
e 12 22 1
e 12 23 1
e 13 24 1
e 13 25 1
e 13 26 1
e 14 27 1
e 14 28 1
e 14 29 1
e 15 30 1
e 15 31 1
e 15 32 1
e 16 33 1
e 16 34 1
e 16 35 1
t # 37454
v 0 2
v 1 2
v 2 2
v 3 3
v 4 3
v 5 3
v 6 3
v 7 3
v 8 3
v 9 3
v 10 3
v 11 3
v 12 3
v 13 3
v 14 3
v 15 3
v 16 3
v 17 3
v 18 4
v 19 4
v 20 4
v 21 4
v 22 4
v 23 4
v 24 4
v 25 4
v 26 4
v 27 4
v 28 4
v 29 4
v 30 4
v 31 4
v 32 4
v 33 4
v 34 4
v 35 4
v 36 4
v 37 4
v 38 4
e 0 5 1
e 0 14 1
e 0 15 1
e 1 4 1
e 1 8 2
e 2 8 1
e 2 16 1
e 2 17 1
e 3 4 2
e 3 5 1
e 3 10 1
e 4 6 1
e 5 9 2
e 6 7 2
e 6 12 1
e 7 11 1
e 7 13 1
e 8 9 1
e 9 18 1
e 10 11 2
e 10 19 1
e 11 20 1
e 12 21 1
e 12 22 1
e 12 23 1
e 13 24 1
e 13 25 1
e 13 26 1
e 14 27 1
e 14 28 1
e 14 29 1
e 15 30 1
e 15 31 1
e 15 32 1
e 16 33 1
e 16 34 1
e 16 35 1
e 17 36 1
e 17 37 1
e 17 38 1
t # 37455
v 0 1
v 1 2
v 2 2
v 3 2
v 4 3
v 5 3
v 6 3
v 7 3
v 8 3
v 9 3
v 10 3
v 11 3
v 12 3
v 13 3
v 14 3
v 15 3
v 16 3
v 17 3
v 18 4
v 19 4
v 20 4
v 21 4
v 22 4
v 23 4
v 24 4
v 25 4
v 26 4
v 27 4
v 28 4
v 29 4
v 30 4
v 31 4
v 32 4
v 33 4
v 34 4
v 35 4
v 36 4
e 0 11 1
e 0 17 1
e 1 4 1
e 1 13 1
e 1 14 1
e 2 7 1
e 2 15 1
e 2 16 1
e 3 6 1
e 3 7 2
e 4 5 1
e 4 8 2
e 5 6 2
e 5 9 1
e 6 10 1
e 7 8 1
e 8 18 1
e 9 11 2
e 9 19 1
e 10 12 2
e 10 20 1
e 11 12 1
e 12 21 1
e 13 22 1
e 13 23 1
e 13 24 1
e 14 25 1
e 14 26 1
e 14 27 1
e 15 28 1
e 15 29 1
e 15 30 1
e 16 31 1
e 16 32 1
e 16 33 1
e 17 34 1
e 17 35 1
e 17 36 1
t # 37456
v 0 2
v 1 2
v 2 2
v 3 2
v 4 3
v 5 3
v 6 3
v 7 3
v 8 3
v 9 3
v 10 3
v 11 3
v 12 3
v 13 3
v 14 3
v 15 3
v 16 3
v 17 3
v 18 4
v 19 4
v 20 4
v 21 4
v 22 4
v 23 4
v 24 4
v 25 4
v 26 4
v 27 4
v 28 4
v 29 4
v 30 4
v 31 4
v 32 4
v 33 4
e 0 4 1
e 0 12 1
e 0 13 1
e 1 7 1
e 1 15 1
e 1 16 1
e 2 6 1
e 2 7 2
e 4 5 1
e 4 8 2
e 5 6 2
e 5 9 1
e 6 10 1
e 7 8 1
e 8 18 1
e 9 11 2
e 9 19 1
e 10 14 2
e 10 20 1
e 11 14 1
e 11 17 1
e 12 21 1
e 12 22 1
e 12 23 1
e 13 24 1
e 13 25 1
e 13 26 1
e 14 27 1
e 15 28 1
e 15 29 1
e 15 30 1
e 16 31 1
e 16 32 1
e 16 33 1
t # 37457
v 0 11
v 1 11
v 2 2
v 3 2
v 4 2
v 5 3
v 6 3
v 7 3
v 8 3
v 9 3
v 10 3
v 11 3
v 12 3
v 13 3
v 14 3
v 15 4
v 16 4
v 17 4
v 18 4
v 19 4
v 20 4
v 21 4
v 22 4
v 23 4
v 24 4
v 25 4
v 26 4
v 27 4
e 0 12 1
e 0 13 1
e 1 12 1
e 1 14 1
e 2 5 1
e 2 11 2
e 3 4 1
e 3 6 2
e 4 12 2
e 5 6 1
e 5 7 2
e 6 8 1
e 7 9 1
e 7 15 1
e 8 16 1
e 8 17 1
e 8 18 1
e 9 10 2
e 9 19 1
e 10 11 1
e 10 20 1
e 11 21 1
e 13 22 1
e 13 23 1
e 13 24 1
e 14 25 1
e 14 26 1
e 14 27 1
t # 37458
v 0 38
v 1 38
v 2 11
v 3 11
v 4 2
v 5 2
v 6 2
v 7 2
v 8 2
v 9 2
v 10 3
v 11 3
v 12 3
v 13 3
v 14 3
v 15 3
v 16 3
v 17 3
v 18 3
v 19 3
v 20 3
v 21 3
v 22 3
v 23 3
v 24 3
v 25 3
v 26 3
v 27 3
v 28 4
v 29 4
v 30 4
v 31 4
v 32 4
v 33 4
v 34 4
v 35 4
v 36 4
v 37 4
v 38 4
v 39 4
v 40 4
v 41 4
v 42 4
v 43 4
v 44 4
v 45 4
v 46 4
v 47 4
e 2 24 1
e 2 26 1
e 3 25 1
e 3 27 1
e 4 10 1
e 4 22 2
e 5 11 1
e 5 23 2
e 6 8 1
e 6 12 2
e 7 9 1
e 7 13 2
e 8 24 2
e 9 25 2
e 10 12 1
e 10 14 2
e 11 13 1
e 11 15 2
e 12 18 1
e 13 19 1
e 14 16 1
e 14 28 1
e 15 17 1
e 15 29 1
e 16 20 2
e 16 30 1
e 17 21 2
e 17 31 1
e 18 32 1
e 18 33 1
e 18 34 1
e 19 35 1
e 19 36 1
e 19 37 1
e 20 22 1
e 20 38 1
e 21 23 1
e 21 39 1
e 22 40 1
e 23 41 1
e 26 42 1
e 26 43 1
e 26 44 1
e 27 45 1
e 27 46 1
e 27 47 1
t # 37459
v 0 11
v 1 1
v 2 1
v 3 1
v 4 1
v 5 1
v 6 2
v 7 3
v 8 3
v 9 3
v 10 3
v 11 3
v 12 3
v 13 3
v 14 3
v 15 3
v 16 3
v 17 3
v 18 3
v 19 3
v 20 3
v 21 3
v 22 3
v 23 3
v 24 3
v 25 3
v 26 3
v 27 3
v 28 4
v 29 4
v 30 4
v 31 4
v 32 4
v 33 4
v 34 4
v 35 4
v 36 4
v 37 4
v 38 4
v 39 4
v 40 4
v 41 4
v 42 4
v 43 4
v 44 4
v 45 4
v 46 4
v 47 4
v 48 4
v 49 4
v 50 4
v 51 4
v 52 4
v 53 4
v 54 4
v 55 4
v 56 4
v 57 4
v 58 4
e 0 7 1
e 0 15 1
e 1 13 1
e 1 19 1
e 2 14 1
e 2 20 1
e 3 13 2
e 4 14 2
e 5 16 2
e 6 10 1
e 6 16 1
e 6 38 1
e 7 8 1
e 7 11 1
e 7 12 1
e 8 9 1
e 8 28 1
e 8 29 1
e 9 10 1
e 9 30 1
e 9 31 1
e 10 13 1
e 10 14 1
e 11 32 1
e 11 33 1
e 11 34 1
e 12 35 1
e 12 36 1
e 12 37 1
e 15 17 1
e 15 39 1
e 15 40 1
e 16 18 1
e 17 21 2
e 17 22 1
e 18 41 1
e 18 42 1
e 18 43 1
e 19 23 1
e 19 44 1
e 19 45 1
e 20 24 1
e 20 46 1
e 20 47 1
e 21 25 1
e 21 48 1
e 22 26 2
e 22 49 1
e 23 50 1
e 23 51 1
e 23 52 1
e 24 53 1
e 24 54 1
e 24 55 1
e 25 27 2
e 25 56 1
e 26 27 1
e 26 57 1
e 27 58 1
t # 37460
v 0 11
v 1 1
v 2 1
v 3 1
v 4 2
v 5 3
v 6 3
v 7 3
v 8 3
v 9 3
v 10 3
v 11 3
v 12 3
v 13 3
v 14 3
v 15 3
v 16 3
v 17 3
v 18 3
v 19 3
v 20 3
v 21 4
v 22 4
v 23 4
v 24 4
v 25 4
v 26 4
v 27 4
v 28 4
v 29 4
v 30 4
v 31 4
v 32 4
v 33 4
v 34 4
v 35 4
v 36 4
v 37 4
v 38 4
v 39 4
v 40 4
v 41 4
v 42 4
v 43 4
e 0 5 1
e 0 11 1
e 1 12 1
e 1 37 1
e 2 12 2
e 3 14 2
e 4 8 1
e 4 14 1
e 4 34 1
e 5 6 1
e 5 9 1
e 5 10 1
e 6 7 1
e 6 21 1
e 6 22 1
e 7 8 1
e 7 23 1
e 7 24 1
e 8 12 1
e 8 25 1
e 9 26 1
e 9 27 1
e 9 28 1
e 10 29 1
e 10 30 1
e 10 31 1
e 11 13 1
e 11 32 1
e 11 33 1
e 13 15 2
e 13 16 1
e 14 17 1
e 15 18 1
e 15 35 1
e 16 19 2
e 16 36 1
e 17 38 1
e 17 39 1
e 17 40 1
e 18 20 2
e 18 41 1
e 19 20 1
e 19 42 1
e 20 43 1
t # 37461
v 0 1
v 1 1
v 2 1
v 3 1
v 4 2
v 5 3
v 6 3
v 7 3
v 8 3
v 9 3
v 10 3
v 11 3
v 12 3
v 13 3
v 14 3
v 15 3
v 16 3
v 17 4
v 18 4
v 19 4
v 20 4
v 21 4
v 22 4
v 23 4
v 24 4
v 25 4
v 26 4
v 27 4
v 28 4
v 29 4
v 30 4
v 31 4
e 0 7 1
e 0 10 1
e 1 8 1
e 1 11 1
e 2 7 2
e 3 8 2
e 4 6 1
e 4 13 2
e 5 6 1
e 5 7 1
e 5 8 1
e 5 17 1
e 6 9 2
e 9 12 1
e 9 18 1
e 10 15 1
e 10 19 1
e 10 20 1
e 11 16 1
e 11 21 1
e 11 22 1
e 12 14 2
e 12 23 1
e 13 14 1
e 13 24 1
e 14 25 1
e 15 26 1
e 15 27 1
e 15 28 1
e 16 29 1
e 16 30 1
e 16 31 1
t # 37462
v 0 1
v 1 1
v 2 2
v 3 2
v 4 2
v 5 3
v 6 3
v 7 3
v 8 3
v 9 3
v 10 3
v 11 3
v 12 3
v 13 3
v 14 3
v 15 3
v 16 3
v 17 3
v 18 3
v 19 3
v 20 3
v 21 3
v 22 3
v 23 3
v 24 3
v 25 4
v 26 4
v 27 4
v 28 4
v 29 4
v 30 4
v 31 4
v 32 4
v 33 4
v 34 4
v 35 4
v 36 4
v 37 4
e 0 8 2
e 1 12 2
e 2 5 1
e 2 8 1
e 2 11 1
e 3 13 1
e 3 21 2
e 4 19 1
e 4 24 2
e 5 6 2
e 5 10 1
e 6 9 1
e 6 12 1
e 7 8 1
e 7 9 2
e 7 13 1
e 9 25 1
e 10 14 2
e 10 26 1
e 11 15 2
e 11 27 1
e 12 16 1
e 13 17 2
e 14 15 1
e 14 28 1
e 15 29 1
e 16 18 1
e 16 19 2
e 17 20 1
e 17 30 1
e 18 23 2
e 18 31 1
e 19 32 1
e 20 22 2
e 20 33 1
e 21 22 1
e 21 34 1
e 22 35 1
e 23 24 1
e 23 36 1
e 24 37 1
t # 37463
v 0 1
v 1 1
v 2 2
v 3 2
v 4 3
v 5 3
v 6 3
v 7 3
v 8 3
v 9 3
v 10 3
v 11 3
v 12 3
v 13 3
v 14 3
v 15 3
v 16 3
v 17 3
v 18 3
v 19 3
v 20 4
v 21 4
v 22 4
v 23 4
v 24 4
v 25 4
v 26 4
v 27 4
v 28 4
v 29 4
v 30 4
v 31 4
e 0 7 2
e 1 12 2
e 2 4 1
e 2 7 1
e 2 10 1
e 3 11 1
e 3 18 2
e 4 5 2
e 4 9 1
e 5 8 1
e 5 12 1
e 6 7 1
e 6 8 2
e 6 11 1
e 8 20 1
e 9 13 2
e 9 21 1
e 10 14 2
e 10 22 1
e 11 15 2
e 12 16 1
e 13 14 1
e 13 23 1
e 14 24 1
e 15 17 1
e 15 25 1
e 16 26 1
e 16 27 1
e 16 28 1
e 17 19 2
e 17 29 1
e 18 19 1
e 18 30 1
e 19 31 1
t # 37464
v 0 1
v 1 1
v 2 1
v 3 1
v 4 1
v 5 1
v 6 1
v 7 1
v 8 2
v 9 2
v 10 2
v 11 2
v 12 3
v 13 3
v 14 3
v 15 3
v 16 3
v 17 3
v 18 3
v 19 3
v 20 3
v 21 3
v 22 3
v 23 3
v 24 3
v 25 3
v 26 3
v 27 3
v 28 3
v 29 3
v 30 3
v 31 3
v 32 3
v 33 3
v 34 3
v 35 3
v 36 3
v 37 3
v 38 3
v 39 3
v 40 4
v 41 4
v 42 4
v 43 4
v 44 4
v 45 4
v 46 4
v 47 4
v 48 4
v 49 4
v 50 4
v 51 4
v 52 4
v 53 4
v 54 4
v 55 4
v 56 4
v 57 4
v 58 4
v 59 4
e 0 14 1
e 7 39 2
e 8 13 1
e 8 18 1
e 9 31 1
e 10 34 1
e 11 35 1
e 12 13 1
e 12 14 1
e 12 15 1
e 12 40 1
e 13 16 1
e 13 41 1
e 14 17 1
e 14 42 1
e 15 19 2
e 15 20 1
e 16 21 2
e 16 22 1
e 17 23 2
e 17 24 1
e 18 25 2
e 18 26 1
e 19 27 1
e 19 43 1
e 20 28 2
e 20 44 1
e 21 29 1
e 21 45 1
e 22 30 2
e 22 46 1
e 23 32 1
e 23 47 1
e 24 33 2
e 24 48 1
e 25 36 1
e 25 49 1
e 26 37 2
e 26 50 1
e 27 31 2
e 27 51 1
e 28 31 1
e 28 52 1
e 29 34 2
e 29 53 1
e 30 34 1
e 30 54 1
e 32 35 2
e 32 55 1
e 33 35 1
e 33 56 1
e 36 38 2
e 36 57 1
e 37 38 1
e 37 58 1
e 38 39 1
e 39 59 1
t # 37465
v 0 1
v 1 1
v 2 1
v 3 2
v 4 2
v 5 2
v 6 2
v 7 2
v 8 3
v 9 3
v 10 3
v 11 3
v 12 3
v 13 3
v 14 3
v 15 3
v 16 3
v 17 3
v 18 3
v 19 3
v 20 3
v 21 3
v 22 4
v 23 4
v 24 4
v 25 4
v 26 4
v 27 4
v 28 4
v 29 4
v 30 4
v 31 4
v 32 4
v 33 4
v 34 4
e 0 14 2
e 1 19 1
e 1 20 1
e 2 19 2
e 3 4 1
e 3 8 1
e 3 14 1
e 4 13 1
e 4 23 1
e 5 8 2
e 5 10 1
e 6 13 2
e 6 14 1
e 7 13 1
e 7 19 1
e 7 29 1
e 8 11 1
e 9 10 1
e 9 12 1
e 9 15 2
e 10 16 2
e 11 12 2
e 11 22 1
e 12 24 1
e 15 17 1
e 15 25 1
e 16 18 1
e 16 26 1
e 17 18 2
e 17 27 1
e 18 28 1
e 20 21 1
e 20 30 1
e 20 31 1
e 21 32 1
e 21 33 1
e 21 34 1
t # 37466
v 0 14
v 1 14
v 2 14
v 3 14
v 4 14
v 5 14
v 6 1
v 7 1
v 8 1
v 9 1
v 10 1
v 11 1
v 12 2
v 13 2
v 14 3
v 15 3
v 16 3
v 17 3
v 18 3
v 19 3
v 20 3
v 21 3
v 22 3
v 23 3
v 24 3
v 25 3
v 26 3
v 27 3
v 28 3
v 29 3
v 30 3
v 31 3
v 32 4
v 33 4
v 34 4
v 35 4
v 36 4
v 37 4
v 38 4
v 39 4
v 40 4
v 41 4
e 6 20 1
e 6 28 1
e 7 21 1
e 7 29 1
e 12 16 1
e 13 17 1
e 14 16 2
e 14 18 1
e 14 26 1
e 15 17 2
e 15 19 1
e 15 27 1
e 16 22 1
e 17 23 1
e 18 20 2
e 18 32 1
e 19 21 2
e 19 33 1
e 20 24 1
e 21 25 1
e 22 24 2
e 22 34 1
e 23 25 2
e 23 35 1
e 24 36 1
e 25 37 1
e 28 30 1
e 28 38 1
e 28 39 1
e 29 31 1
e 29 40 1
e 29 41 1
t # 37467
v 0 1
v 1 1
v 2 1
v 3 1
v 4 1
v 5 1
v 6 3
v 7 3
v 8 3
v 9 3
v 10 3
v 11 3
v 12 3
v 13 3
v 14 3
v 15 3
v 16 3
v 17 3
v 18 3
v 19 3
v 20 3
v 21 3
v 22 3
v 23 3
v 24 4
v 25 4
v 26 4
v 27 4
v 28 4
v 29 4
v 30 4
v 31 4
v 32 4
v 33 4
v 34 4
v 35 4
v 36 4
v 37 4
e 0 6 1
e 0 16 1
e 1 7 1
e 1 17 1
e 2 8 1
e 2 16 1
e 3 9 1
e 3 17 1
e 4 12 1
e 4 20 1
e 5 13 1
e 5 21 1
e 6 8 2
e 6 10 1
e 7 9 2
e 7 11 1
e 8 14 1
e 9 15 1
e 10 12 2
e 10 24 1
e 11 13 2
e 11 25 1
e 12 18 1
e 13 19 1
e 14 18 2
e 14 26 1
e 15 19 2
e 15 27 1
e 16 28 1
e 16 29 1
e 17 30 1
e 17 31 1
e 18 32 1
e 19 33 1
e 20 22 1
e 20 34 1
e 20 35 1
e 21 23 1
e 21 36 1
e 21 37 1
t # 37468
v 0 1
v 1 2
v 2 2
v 3 3
v 4 3
v 5 3
v 6 3
v 7 3
v 8 4
v 9 4
v 10 4
v 11 4
v 12 4
v 13 4
v 14 4
v 15 4
e 0 7 2
e 1 3 1
e 1 7 1
e 1 14 1
e 2 4 1
e 2 7 1
e 2 15 1
e 3 5 1
e 3 8 1
e 3 9 1
e 4 6 1
e 4 10 1
e 4 11 1
e 5 6 2
e 5 12 1
e 6 13 1
t # 37469
v 0 1
v 1 1
v 2 1
v 3 1
v 4 1
v 5 2
v 6 3
v 7 3
v 8 3
v 9 3
v 10 3
v 11 3
v 12 3
v 13 3
v 14 3
v 15 3
v 16 3
v 17 4
v 18 4
v 19 4
v 20 4
v 21 4
v 22 4
v 23 4
v 24 4
v 25 4
v 26 4
v 27 4
e 0 8 1
e 0 14 1
e 1 7 1
e 1 24 1
e 2 13 1
e 2 15 1
e 3 14 2
e 4 15 2
e 5 7 1
e 5 14 1
e 5 21 1
e 6 7 1
e 6 8 2
e 6 9 1
e 7 17 1
e 8 11 1
e 9 10 2
e 9 18 1
e 10 12 1
e 10 13 1
e 11 12 2
e 11 19 1
e 12 20 1
e 13 22 1
e 13 23 1
e 15 16 1
e 16 25 1
e 16 26 1
e 16 27 1
t # 37470
v 0 1
v 1 1
v 2 1
v 3 1
v 4 1
v 5 1
v 6 1
v 7 3
v 8 3
v 9 3
v 10 3
v 11 3
v 12 3
v 13 3
v 14 3
v 15 3
v 16 3
v 17 3
v 18 3
v 19 3
v 20 3
v 21 3
v 22 3
v 23 3
v 24 3
v 25 3
v 26 3
v 27 3
v 28 3
v 29 3
v 30 3
v 31 3
v 32 3
v 33 3
v 34 3
v 35 4
v 36 4
v 37 4
v 38 4
v 39 4
v 40 4
v 41 4
v 42 4
v 43 4
v 44 4
v 45 4
v 46 4
v 47 4
v 48 4
v 49 4
v 50 4
v 51 4
v 52 4
v 53 4
v 54 4
v 55 4
v 56 4
v 57 4
v 58 4
v 59 4
v 60 4
v 61 4
v 62 4
v 63 4
v 64 4
v 65 4
v 66 4
v 67 4
v 68 4
v 69 4
v 70 4
v 71 4
v 72 4
e 11 0 1
e 0 14 1
e 13 1 1
e 1 62 1
e 2 24 1
e 2 33 1
e 21 3 1
e 3 68 1
e 4 27 2
e 29 5 1
e 5 72 1
e 6 33 2
e 7 9 1
e 7 13 1
e 7 16 1
e 7 22 1
e 8 9 1
e 8 10 1
e 8 15 1
e 8 35 1
e 9 18 1
e 9 36 1
e 10 12 1
e 10 17 1
e 10 37 1
e 11 12 1
e 11 14 1
e 11 21 1
e 12 26 1
e 12 27 1
e 13 19 1
e 13 20 1
e 14 15 1
e 14 38 1
e 15 39 1
e 15 40 1
e 16 17 1
e 16 41 1
e 16 42 1
e 17 43 1
e 17 44 1
e 18 20 1
e 18 45 1
e 18 46 1
e 19 23 1
e 19 24 1
e 19 47 1
e 20 48 1
e 20 49 1
e 21 30 1
e 21 50 1
e 22 51 1
e 22 52 1
e 22 53 1
e 23 25 1
e 23 54 1
e 23 55 1
e 24 28 1
e 24 56 1
e 25 28 1
e 25 29 1
e 25 32 1
e 26 57 1
e 26 58 1
e 26 59 1
e 27 31 1
e 28 60 1
e 28 61 1
e 29 33 1
e 29 34 1
e 30 31 2
e 30 63 1
e 31 64 1
e 32 65 1
e 32 66 1
e 32 67 1
e 34 69 1
e 34 70 1
e 34 71 1
t # 37471
v 0 9
v 1 2
v 2 2
v 3 2
v 4 2
v 5 3
v 6 3
v 7 3
v 8 3
v 9 3
v 10 3
v 11 3
v 12 3
v 13 3
v 14 3
v 15 3
v 16 3
v 17 3
v 18 3
v 19 3
v 20 3
v 21 3
v 22 3
v 23 3
v 24 3
v 25 4
v 26 4
v 27 4
v 28 4
v 29 4
v 30 4
v 31 4
v 32 4
v 33 4
v 34 4
v 35 4
v 36 4
v 37 4
v 38 4
v 39 4
v 40 4
v 41 4
v 42 4
v 43 4
v 44 4
v 45 4
v 46 4
v 47 4
v 48 4
v 49 4
v 50 4
v 51 4
v 52 4
v 53 4
v 54 4
v 55 4
v 56 4
v 57 4
v 58 4
v 59 4
v 60 4
v 61 4
v 62 4
v 63 4
v 64 4
v 65 4
v 66 4
v 67 4
v 68 4
v 69 4
v 70 4
v 71 4
v 72 4
e 1 13 1
e 1 17 1
e 1 18 1
e 2 14 1
e 2 19 1
e 2 20 1
e 3 15 1
e 3 21 1
e 3 22 1
e 4 16 1
e 4 23 1
e 4 24 1
e 5 9 1
e 5 25 1
e 5 26 1
e 6 10 1
e 6 27 1
e 6 28 1
e 7 11 1
e 7 29 1
e 7 30 1
e 8 12 1
e 8 31 1
e 8 32 1
e 9 13 1
e 9 33 1
e 9 34 1
e 10 14 1
e 10 35 1
e 10 36 1
e 11 15 1
e 11 37 1
e 11 38 1
e 12 16 1
e 12 39 1
e 12 40 1
e 13 41 1
e 13 42 1
e 14 43 1
e 14 44 1
e 15 45 1
e 15 46 1
e 16 47 1
e 16 48 1
e 17 49 1
e 17 50 1
e 17 51 1
e 18 52 1
e 18 53 1
e 18 54 1
e 19 55 1
e 19 56 1
e 19 57 1
e 20 58 1
e 20 59 1
e 20 60 1
e 21 61 1
e 21 62 1
e 21 63 1
e 22 64 1
e 22 65 1
e 22 66 1
e 23 67 1
e 23 68 1
e 23 69 1
e 24 70 1
e 24 71 1
e 24 72 1
t # 37472
v 0 9
v 1 2
v 2 2
v 3 2
v 4 3
v 5 3
v 6 3
v 7 3
v 8 3
v 9 3
v 10 3
v 11 3
v 12 3
v 13 3
v 14 3
v 15 3
v 16 3
v 17 3
v 18 3
v 19 3
v 20 3
v 21 3
v 22 3
v 23 4
v 24 4
v 25 4
v 26 4
v 27 4
v 28 4
v 29 4
v 30 4
v 31 4
v 32 4
v 33 4
v 34 4
v 35 4
v 36 4
v 37 4
v 38 4
v 39 4
v 40 4
v 41 4
v 42 4
v 43 4
v 44 4
v 45 4
v 46 4
v 47 4
v 48 4
v 49 4
v 50 4
v 51 4
v 52 4
v 53 4
v 54 4
v 55 4
v 56 4
v 57 4
v 58 4
v 59 4
v 60 4
v 61 4
v 62 4
v 63 4
v 64 4
v 65 4
v 66 4
v 67 4
e 1 12 1
e 1 17 1
e 1 18 1
e 2 13 1
e 2 19 1
e 2 20 1
e 3 14 1
e 3 21 1
e 3 22 1
e 4 8 1
e 4 23 1
e 4 24 1
e 5 9 1
e 5 25 1
e 5 26 1
e 6 10 1
e 6 27 1
e 6 28 1
e 7 11 1
e 7 29 1
e 7 30 1
e 8 12 1
e 8 31 1
e 8 32 1
e 9 13 1
e 9 33 1
e 9 34 1
e 10 14 1
e 10 35 1
e 10 36 1
e 11 15 1
e 11 37 1
e 11 38 1
e 12 39 1
e 12 40 1
e 13 41 1
e 13 42 1
e 14 43 1
e 14 44 1
e 15 16 1
e 15 45 1
e 15 46 1
e 16 47 1
e 16 48 1
e 16 49 1
e 17 50 1
e 17 51 1
e 17 52 1
e 18 53 1
e 18 54 1
e 18 55 1
e 19 56 1
e 19 57 1
e 19 58 1
e 20 59 1
e 20 60 1
e 20 61 1
e 21 62 1
e 21 63 1
e 21 64 1
e 22 65 1
e 22 66 1
e 22 67 1
t # 37473
v 0 9
v 1 2
v 2 2
v 3 3
v 4 3
v 5 3
v 6 3
v 7 3
v 8 3
v 9 3
v 10 3
v 11 3
v 12 3
v 13 3
v 14 3
v 15 3
v 16 3
v 17 3
v 18 3
v 19 3
v 20 3
v 21 4
v 22 4
v 23 4
v 24 4
v 25 4
v 26 4
v 27 4
v 28 4
v 29 4
v 30 4
v 31 4
v 32 4
v 33 4
v 34 4
v 35 4
v 36 4
v 37 4
v 38 4
v 39 4
v 40 4
v 41 4
v 42 4
v 43 4
v 44 4
v 45 4
v 46 4
v 47 4
v 48 4
v 49 4
v 50 4
v 51 4
v 52 4
v 53 4
v 54 4
v 55 4
v 56 4
v 57 4
v 58 4
v 59 4
v 60 4
v 61 4
v 62 4
e 1 11 1
e 1 17 1
e 1 18 1
e 2 12 1
e 2 19 1
e 2 20 1
e 3 7 1
e 3 21 1
e 3 22 1
e 4 8 1
e 4 23 1
e 4 24 1
e 5 9 1
e 5 25 1
e 5 26 1
e 6 10 1
e 6 27 1
e 6 28 1
e 7 11 1
e 7 29 1
e 7 30 1
e 8 12 1
e 8 31 1
e 8 32 1
e 9 13 1
e 9 33 1
e 9 34 1
e 10 14 1
e 10 35 1
e 10 36 1
e 11 37 1
e 11 38 1
e 12 39 1
e 12 40 1
e 13 15 1
e 13 41 1
e 13 42 1
e 14 16 1
e 14 43 1
e 14 44 1
e 15 45 1
e 15 46 1
e 15 47 1
e 16 48 1
e 16 49 1
e 16 50 1
e 17 51 1
e 17 52 1
e 17 53 1
e 18 54 1
e 18 55 1
e 18 56 1
e 19 57 1
e 19 58 1
e 19 59 1
e 20 60 1
e 20 61 1
e 20 62 1
t # 37474
v 0 9
v 1 1
v 2 1
v 3 1
v 4 1
v 5 3
v 6 3
v 7 3
v 8 3
v 9 3
v 10 3
v 11 3
v 12 3
v 13 3
v 14 3
v 15 4
v 16 4
v 17 4
v 18 4
v 19 4
v 20 4
v 21 4
v 22 4
v 23 4
v 24 4
v 25 4
v 26 4
v 27 4
v 28 4
v 29 4
v 30 4
v 31 4
v 32 4
v 33 4
v 34 4
e 1 11 1
e 1 13 1
e 2 12 1
e 2 14 1
e 3 11 2
e 4 12 2
e 5 9 1
e 5 15 1
e 5 16 1
e 6 10 1
e 6 17 1
e 6 18 1
e 7 11 1
e 7 19 1
e 7 20 1
e 8 12 1
e 8 21 1
e 8 22 1
e 9 23 1
e 9 24 1
e 9 25 1
e 10 26 1
e 10 27 1
e 10 28 1
e 13 29 1
e 13 30 1
e 13 31 1
e 14 32 1
e 14 33 1
e 14 34 1
t # 37475
v 0 9
v 1 1
v 2 3
v 3 3
v 4 3
v 5 3
v 6 3
v 7 3
v 8 3
v 9 3
v 10 3
v 11 3
v 12 4
v 13 4
v 14 4
v 15 4
v 16 4
v 17 4
v 18 4
v 19 4
v 20 4
v 21 4
v 22 4
v 23 4
v 24 4
v 25 4
e 2 4 1
e 2 12 1
e 2 13 1
e 3 5 1
e 3 14 1
e 3 15 1
e 4 6 1
e 4 16 1
e 4 17 1
e 5 7 2
e 5 8 1
e 6 18 1
e 6 19 1
e 6 20 1
e 7 9 1
e 7 21 1
e 8 10 2
e 8 22 1
e 9 11 2
e 9 23 1
e 10 11 1
e 10 24 1
e 11 25 1
t # 37476
v 0 1
v 1 1
v 2 1
v 3 1
v 4 1
v 5 2
v 6 2
v 7 2
v 8 3
v 9 3
v 10 3
v 11 3
v 12 3
v 13 3
v 14 3
v 15 3
v 16 3
v 17 4
v 18 4
v 19 4
v 20 4
v 21 4
e 0 9 2
e 1 10 2
e 2 13 2
e 5 8 1
e 5 9 1
e 5 10 1
e 6 10 1
e 6 13 1
e 6 19 1
e 7 14 1
e 8 11 2
e 8 12 1
e 9 13 1
e 11 15 1
e 11 17 1
e 12 16 2
e 12 18 1
e 14 15 2
e 14 16 1
e 15 20 1
e 16 21 1
t # 37477
v 0 12
v 1 12
v 2 1
v 3 1
v 4 1
v 5 2
v 6 2
v 7 3
v 8 3
v 9 3
v 10 3
v 11 3
v 12 3
v 13 3
v 14 3
v 15 3
v 16 4
v 17 4
v 18 4
v 19 4
e 0 13 1
e 1 15 1
e 2 8 2
e 3 9 2
e 4 12 2
e 5 7 1
e 5 8 1
e 5 9 1
e 6 9 1
e 6 12 1
e 6 18 1
e 7 10 2
e 7 11 1
e 8 12 1
e 10 13 1
e 10 16 1
e 11 14 2
e 11 17 1
e 13 15 2
e 14 15 1
e 14 19 1
t # 37478
v 0 12
v 1 12
v 2 1
v 3 1
v 4 2
v 5 2
v 6 2
v 7 3
v 8 3
v 9 3
v 10 3
v 11 3
v 12 3
v 13 3
v 14 3
v 15 3
v 16 3
v 17 3
v 18 3
v 19 3
v 20 4
v 21 4
v 22 4
v 23 4
v 24 4
v 25 4
v 26 4
e 0 13 1
e 1 19 1
e 2 11 2
e 3 12 2
e 4 11 1
e 4 12 1
e 4 23 1
e 7 8 1
e 7 9 1
e 7 10 1
e 7 20 1
e 8 11 1
e 8 15 1
e 8 21 1
e 9 12 1
e 9 16 1
e 9 22 1
e 10 13 2
e 10 14 1
e 13 17 1
e 14 18 2
e 14 24 1
e 17 19 2
e 17 25 1
e 18 19 1
e 18 26 1
t # 37479
v 0 1
v 1 1
v 2 1
v 3 2
v 4 2
v 5 2
v 6 2
v 7 3
v 8 3
v 9 3
v 10 3
v 11 3
v 12 3
v 13 3
v 14 3
v 15 3
v 16 3
v 17 3
v 18 3
v 19 3
v 20 3
v 21 3
v 22 4
v 23 4
v 24 4
v 25 4
v 26 4
v 27 4
v 28 4
v 29 4
v 30 4
v 31 4
v 32 4
v 33 4
v 34 4
v 35 4
v 36 4
v 37 4
e 0 13 2
e 1 18 2
e 2 19 2
e 3 9 1
e 3 13 1
e 3 32 1
e 4 18 1
e 4 19 1
e 4 37 1
e 7 8 1
e 7 9 1
e 7 11 1
e 7 22 1
e 8 10 1
e 8 13 1
e 8 23 1
e 9 12 1
e 9 24 1
e 10 16 1
e 10 17 1
e 10 25 1
e 11 14 1
e 11 26 1
e 11 27 1
e 12 15 1
e 12 28 1
e 12 29 1
e 14 15 1
e 14 30 1
e 14 31 1
e 15 33 1
e 15 34 1
e 16 18 1
e 16 20 1
e 16 35 1
e 17 19 1
e 17 21 1
e 17 36 1
t # 37480
v 0 1
v 1 1
v 2 2
v 3 2
v 4 2
v 5 3
v 6 3
v 7 3
v 8 3
v 9 3
v 10 3
v 11 3
v 12 3
v 13 3
v 14 3
v 15 3
v 16 3
v 17 3
v 18 4
v 19 4
v 20 4
v 21 4
v 22 4
v 23 4
v 24 4
v 25 4
v 26 4
e 0 9 2
e 1 10 2
e 2 9 1
e 2 10 1
e 2 21 1
e 5 6 1
e 5 7 1
e 5 8 1
e 5 18 1
e 6 9 1
e 6 13 1
e 6 19 1
e 7 10 1
e 7 14 1
e 7 20 1
e 8 11 2
e 8 12 1
e 11 15 1
e 11 22 1
e 12 16 2
e 12 23 1
e 15 17 2
e 15 24 1
e 16 17 1
e 16 25 1
e 17 26 1
t # 37481
v 0 12
v 1 12
v 2 1
v 3 1
v 4 1
v 5 1
v 6 1
v 7 2
v 8 2
v 9 3
v 10 3
v 11 3
v 12 3
v 13 3
v 14 3
v 15 3
v 16 3
v 17 3
v 18 3
v 19 3
v 20 3
v 21 3
v 22 3
v 23 3
v 24 3
v 25 3
v 26 3
v 27 3
v 28 4
v 29 4
v 30 4
v 31 4
v 32 4
v 33 4
v 34 4
v 35 4
v 36 4
v 37 4
v 38 4
v 39 4
v 40 4
v 41 4
v 42 4
v 43 4
e 0 23 1
e 1 25 1
e 2 12 2
e 3 13 2
e 4 14 2
e 5 18 1
e 5 26 1
e 6 20 1
e 6 27 1
e 7 9 1
e 7 12 1
e 7 13 1
e 8 12 1
e 8 14 1
e 8 15 1
e 9 10 1
e 9 28 1
e 9 29 1
e 10 11 1
e 10 30 1
e 10 31 1
e 11 16 2
e 11 17 1
e 13 14 1
e 15 21 2
e 15 22 1
e 16 18 1
e 16 32 1
e 17 19 2
e 17 33 1
e 18 20 2
e 19 20 1
e 19 34 1
e 21 23 1
e 21 35 1
e 22 24 2
e 22 36 1
e 23 25 2
e 24 25 1
e 24 37 1
e 26 38 1
e 26 39 1
e 26 40 1
e 27 41 1
e 27 42 1
e 27 43 1
t # 37482
v 0 1
v 1 1
v 2 1
v 3 1
v 4 1
v 5 2
v 6 2
v 7 3
v 8 3
v 9 3
v 10 3
v 11 3
v 12 3
v 13 3
v 14 3
v 15 3
v 16 3
v 17 3
v 18 3
v 19 3
v 20 3
v 21 3
v 22 3
v 23 3
v 24 3
v 25 3
v 26 3
v 27 4
v 28 4
v 29 4
v 30 4
v 31 4
v 32 4
v 33 4
v 34 4
v 35 4
v 36 4
v 37 4
v 38 4
v 39 4
v 40 4
v 41 4
v 42 4
v 43 4
v 44 4
v 45 4
v 46 4
e 0 9 2
e 1 11 2
e 2 12 2
e 3 16 1
e 3 25 1
e 4 20 1
e 4 26 1
e 5 7 1
e 5 9 1
e 5 11 1
e 6 9 1
e 6 12 1
e 6 13 1
e 7 8 1
e 7 27 1
e 7 28 1
e 8 10 1
e 8 29 1
e 8 30 1
e 10 14 2
e 10 15 1
e 11 12 1
e 13 17 2
e 13 18 1
e 14 16 1
e 14 31 1
e 15 19 2
e 15 32 1
e 16 20 2
e 17 22 1
e 17 33 1
e 18 23 2
e 18 34 1
e 19 20 1
e 19 35 1
e 21 22 2
e 21 23 1
e 21 24 1
e 22 36 1
e 23 37 1
e 24 38 1
e 24 39 1
e 24 40 1
e 25 41 1
e 25 42 1
e 25 43 1
e 26 44 1
e 26 45 1
e 26 46 1
t # 37483
v 0 12
v 1 1
v 2 1
v 3 1
v 4 2
v 5 2
v 6 3
v 7 3
v 8 3
v 9 3
v 10 3
v 11 3
v 12 3
v 13 3
v 14 3
v 15 3
v 16 3
v 17 3
v 18 3
v 19 3
v 20 3
v 21 3
v 22 4
v 23 4
v 24 4
v 25 4
v 26 4
v 27 4
v 28 4
v 29 4
v 30 4
v 31 4
v 32 4
e 0 18 1
e 1 7 2
e 2 8 2
e 3 10 2
e 4 6 1
e 4 7 1
e 4 8 1
e 5 7 1
e 5 10 1
e 5 11 1
e 6 9 1
e 6 22 1
e 6 23 1
e 8 10 1
e 9 12 2
e 9 13 1
e 11 14 2
e 11 15 1
e 12 16 1
e 12 24 1
e 13 17 2
e 13 25 1
e 14 18 1
e 14 26 1
e 15 19 2
e 15 27 1
e 16 21 2
e 16 29 1
e 17 21 1
e 17 30 1
e 18 20 2
e 19 20 1
e 19 28 1
e 20 31 1
e 21 32 1
t # 37484
v 0 12
v 1 1
v 2 1
v 3 1
v 4 2
v 5 2
v 6 3
v 7 3
v 8 3
v 9 3
v 10 3
v 11 3
v 12 3
v 13 3
v 14 3
v 15 3
v 16 3
v 17 3
v 18 3
v 19 3
v 20 3
v 21 3
v 22 4
v 23 4
v 24 4
v 25 4
v 26 4
v 27 4
v 28 4
v 29 4
v 30 4
v 31 4
v 32 4
e 0 14 1
e 1 7 2
e 2 8 2
e 3 10 2
e 4 6 1
e 4 7 1
e 4 8 1
e 5 7 1
e 5 10 1
e 5 11 1
e 6 9 1
e 6 22 1
e 6 23 1
e 8 10 1
e 9 12 2
e 9 13 1
e 11 14 1
e 11 15 2
e 12 18 1
e 12 24 1
e 13 19 2
e 13 25 1
e 14 16 2
e 15 17 1
e 15 26 1
e 16 20 1
e 16 27 1
e 17 20 2
e 17 28 1
e 18 21 2
e 18 29 1
e 19 21 1
e 19 30 1
e 20 31 1
e 21 32 1
t # 37485
v 0 1
v 1 1
v 2 1
v 3 1
v 4 1
v 5 1
v 6 1
v 7 2
v 8 2
v 9 2
v 10 3
v 11 3
v 12 3
v 13 3
v 14 3
v 15 3
v 16 3
v 17 3
v 18 3
v 19 3
v 20 3
v 21 3
v 22 3
v 23 3
v 24 3
v 25 3
v 26 3
v 27 3
v 28 3
v 29 4
v 30 4
v 31 4
v 32 4
v 33 4
v 34 4
v 35 4
v 36 4
v 37 4
v 38 4
v 39 4
v 40 4
v 41 4
v 42 4
v 43 4
v 44 4
v 45 4
e 0 13 2
e 1 14 2
e 2 15 2
e 3 19 1
e 3 27 1
e 4 23 1
e 4 28 1
e 7 10 1
e 7 13 1
e 7 14 1
e 8 13 1
e 8 15 1
e 8 16 1
e 9 26 1
e 10 11 1
e 10 29 1
e 10 30 1
e 11 12 1
e 11 31 1
e 11 32 1
e 12 17 2
e 12 18 1
e 14 15 1
e 16 21 2
e 16 22 1
e 17 19 1
e 17 33 1
e 18 20 2
e 18 34 1
e 19 23 2
e 20 23 1
e 20 35 1
e 21 24 1
e 21 36 1
e 22 25 2
e 22 37 1
e 24 26 2
e 24 38 1
e 25 26 1
e 25 39 1
e 27 40 1
e 27 41 1
e 27 42 1
e 28 43 1
e 28 44 1
e 28 45 1
t # 37486
v 0 1
v 1 1
v 2 1
v 3 1
v 4 1
v 5 2
v 6 2
v 7 3
v 8 3
v 9 3
v 10 3
v 11 3
v 12 3
v 13 3
v 14 3
v 15 3
v 16 3
v 17 3
v 18 3
v 19 3
v 20 3
v 21 3
v 22 3
v 23 3
v 24 3
v 25 3
v 26 4
v 27 4
v 28 4
v 29 4
v 30 4
v 31 4
v 32 4
v 33 4
v 34 4
v 35 4
v 36 4
v 37 4
v 38 4
v 39 4
v 40 4
v 41 4
v 42 4
v 43 4
v 44 4
v 45 4
v 46 4
v 47 4
v 48 4
v 49 4
e 0 13 2
e 1 14 2
e 2 15 2
e 3 21 1
e 3 24 1
e 4 23 1
e 4 25 1
e 5 7 1
e 5 13 1
e 5 14 1
e 6 13 1
e 6 15 1
e 6 16 1
e 7 8 1
e 7 9 1
e 7 26 1
e 8 10 1
e 8 27 1
e 8 28 1
e 9 11 1
e 9 29 1
e 9 30 1
e 10 12 1
e 10 31 1
e 10 32 1
e 11 12 1
e 11 33 1
e 11 34 1
e 12 35 1
e 12 36 1
e 14 15 1
e 16 17 1
e 16 37 1
e 16 38 1
e 17 18 1
e 17 39 1
e 17 40 1
e 18 19 2
e 18 20 1
e 19 21 1
e 19 41 1
e 20 22 2
e 20 42 1
e 21 23 2
e 22 23 1
e 22 43 1
e 24 44 1
e 24 45 1
e 24 46 1
e 25 47 1
e 25 48 1
e 25 49 1
t # 37487
v 0 1
v 1 1
v 2 1
v 3 1
v 4 1
v 5 2
v 6 2
v 7 3
v 8 3
v 9 3
v 10 3
v 11 3
v 12 3
v 13 3
v 14 3
v 15 3
v 16 3
v 17 3
v 18 3
v 19 3
v 20 3
v 21 3
v 22 3
v 23 3
v 24 4
v 25 4
v 26 4
v 27 4
v 28 4
v 29 4
v 30 4
v 31 4
v 32 4
v 33 4
v 34 4
v 35 4
v 36 4
v 37 4
v 38 4
v 39 4
v 40 4
v 41 4
v 42 4
v 43 4
v 44 4
v 45 4
e 0 11 2
e 1 12 2
e 2 13 2
e 3 19 1
e 3 22 1
e 4 21 1
e 4 23 1
e 5 7 1
e 5 11 1
e 5 12 1
e 6 8 1
e 6 11 1
e 6 13 1
e 7 9 1
e 7 24 1
e 7 25 1
e 8 10 1
e 8 26 1
e 8 27 1
e 9 14 1
e 9 28 1
e 9 29 1
e 10 15 1
e 10 30 1
e 10 31 1
e 12 13 1
e 14 17 1
e 14 32 1
e 14 33 1
e 15 16 2
e 15 18 1
e 16 19 1
e 16 34 1
e 17 35 1
e 17 36 1
e 17 37 1
e 18 20 2
e 18 38 1
e 19 21 2
e 20 21 1
e 20 39 1
e 22 40 1
e 22 41 1
e 22 42 1
e 23 43 1
e 23 44 1
e 23 45 1
t # 37488
v 0 1
v 1 1
v 2 1
v 3 1
v 4 1
v 5 2
v 6 2
v 7 3
v 8 3
v 9 3
v 10 3
v 11 3
v 12 3
v 13 3
v 14 3
v 15 3
v 16 3
v 17 3
v 18 3
v 19 3
v 20 3
v 21 3
v 22 3
v 23 4
v 24 4
v 25 4
v 26 4
v 27 4
v 28 4
v 29 4
v 30 4
v 31 4
v 32 4
v 33 4
v 34 4
v 35 4
v 36 4
v 37 4
v 38 4
v 39 4
v 40 4
v 41 4
v 42 4
e 0 10 2
e 1 11 2
e 2 12 2
e 3 18 1
e 3 21 1
e 4 20 1
e 4 22 1
e 5 7 1
e 5 10 1
e 5 11 1
e 6 8 1
e 6 10 1
e 6 12 1
e 7 14 1
e 7 15 1
e 7 23 1
e 8 9 1
e 8 24 1
e 8 25 1
e 9 13 1
e 9 26 1
e 9 27 1
e 11 12 1
e 13 16 2
e 13 17 1
e 14 28 1
e 14 29 1
e 14 30 1
e 15 31 1
e 15 32 1
e 15 33 1
e 16 18 1
e 16 34 1
e 17 19 2
e 17 35 1
e 18 20 2
e 19 20 1
e 19 36 1
e 21 37 1
e 21 38 1
e 21 39 1
e 22 40 1
e 22 41 1
e 22 42 1
t # 37489
v 0 12
v 1 12
v 2 1
v 3 1
v 4 2
v 5 2
v 6 2
v 7 3
v 8 3
v 9 3
v 10 3
v 11 3
v 12 3
v 13 3
v 14 3
v 15 3
v 16 3
v 17 3
v 18 3
v 19 3
v 20 4
v 21 4
v 22 4
v 23 4
v 24 4
v 25 4
v 26 4
e 0 17 1
e 1 19 1
e 2 11 2
e 3 12 2
e 4 11 1
e 4 12 1
e 4 23 1
e 7 8 1
e 7 9 1
e 7 10 1
e 7 20 1
e 8 11 1
e 8 15 1
e 8 21 1
e 9 12 1
e 9 16 1
e 9 22 1
e 10 13 2
e 10 14 1
e 13 17 1
e 13 24 1
e 14 18 2
e 14 25 1
e 17 19 2
e 18 19 1
e 18 26 1
t # 37490
v 0 1
v 1 2
v 2 2
v 3 3
v 4 3
v 5 3
v 6 3
v 7 3
v 8 3
v 9 3
v 10 3
v 11 3
v 12 3
v 13 3
v 14 3
v 15 3
v 16 3
v 17 3
v 18 3
v 19 3
v 20 3
v 21 3
v 22 3
v 23 4
v 24 4
v 25 4
v 26 4
v 27 4
v 28 4
v 29 4
v 30 4
v 31 4
v 32 4
v 33 4
v 34 4
v 35 4
v 36 4
v 37 4
v 38 4
v 39 4
v 40 4
e 0 7 1
e 1 8 2
e 1 9 1
e 2 13 2
e 3 4 1
e 3 5 1
e 3 6 1
e 3 23 1
e 4 7 1
e 4 24 1
e 4 25 1
e 5 8 1
e 5 26 1
e 5 27 1
e 6 11 2
e 6 12 1
e 7 9 2
e 8 10 1
e 9 13 1
e 10 16 2
e 10 17 1
e 11 14 1
e 11 28 1
e 12 15 2
e 12 29 1
e 13 18 1
e 14 19 2
e 14 30 1
e 15 19 1
e 15 31 1
e 16 20 1
e 16 32 1
e 17 21 2
e 17 33 1
e 18 34 1
e 18 35 1
e 18 36 1
e 19 37 1
e 20 22 2
e 20 38 1
e 21 22 1
e 21 39 1
e 22 40 1
t # 37491
v 0 1
v 1 1
v 2 1
v 3 2
v 4 2
v 5 3
v 6 3
v 7 3
v 8 3
v 9 3
v 10 3
v 11 3
v 12 3
v 13 3
v 14 3
v 15 3
v 16 3
v 17 4
v 18 4
v 19 4
v 20 4
v 21 4
v 22 4
v 23 4
v 24 4
v 25 4
v 26 4
v 27 4
v 28 4
e 8 0 1
e 0 26 1
e 1 11 2
e 2 14 2
e 3 11 1
e 3 14 1
e 3 24 1
e 4 15 2
e 4 16 1
e 5 6 1
e 5 7 1
e 5 10 1
e 5 11 1
e 6 8 1
e 6 17 1
e 6 18 1
e 7 9 1
e 7 19 1
e 7 20 1
e 8 9 1
e 8 21 1
e 9 22 1
e 9 23 1
e 10 12 2
e 10 13 1
e 12 14 1
e 12 15 1
e 13 16 2
e 13 25 1
e 15 27 1
e 16 28 1
t # 37492
v 0 12
v 1 2
v 2 2
v 3 2
v 4 2
v 5 3
v 6 3
v 7 3
v 8 3
v 9 3
v 10 3
v 11 3
v 12 3
v 13 3
v 14 3
v 15 3
v 16 4
v 17 4
v 18 4
v 19 4
v 20 4
v 21 4
v 22 4
v 23 4
v 24 4
v 25 4
v 26 4
e 0 9 1
e 1 6 1
e 1 13 2
e 2 7 1
e 3 4 1
e 3 14 1
e 3 15 1
e 5 6 1
e 5 7 2
e 5 8 1
e 6 9 2
e 7 10 1
e 8 12 2
e 8 16 1
e 9 11 1
e 10 11 2
e 10 17 1
e 11 18 1
e 12 13 1
e 12 19 1
e 13 20 1
e 14 21 1
e 14 22 1
e 14 23 1
e 15 24 1
e 15 25 1
e 15 26 1
t # 37493
v 0 1
v 1 1
v 2 1
v 3 3
v 4 3
v 5 3
v 6 3
v 7 3
v 8 3
v 9 3
v 10 3
v 11 4
v 12 4
v 13 4
v 14 4
v 15 4
v 16 4
v 17 4
v 18 4
e 0 5 1
e 0 6 1
e 1 7 1
e 1 10 1
e 2 10 2
e 3 4 1
e 3 5 1
e 3 7 1
e 3 11 1
e 4 6 1
e 4 10 1
e 4 12 1
e 5 8 1
e 5 13 1
e 6 9 1
e 6 14 1
e 7 15 1
e 7 16 1
e 8 9 2
e 8 17 1
e 9 18 1
t # 37494
v 0 1
v 1 1
v 2 1
v 3 1
v 4 3
v 5 3
v 6 3
v 7 3
v 8 3
v 9 3
v 10 3
v 11 3
v 12 3
v 13 3
v 14 3
v 15 4
v 16 4
v 17 4
v 18 4
v 19 4
v 20 4
v 21 4
v 22 4
v 23 4
v 24 4
v 25 4
v 26 4
v 27 4
v 28 4
v 29 4
v 30 4
e 0 5 2
e 1 6 2
e 2 12 1
e 2 13 1
e 3 12 2
e 4 5 1
e 4 6 1
e 4 10 1
e 4 11 1
e 5 7 1
e 6 8 1
e 7 9 1
e 7 15 1
e 7 16 1
e 8 9 1
e 8 17 1
e 8 18 1
e 9 19 1
e 9 20 1
e 10 12 1
e 10 21 1
e 10 22 1
e 11 23 1
e 11 24 1
e 11 25 1
e 13 14 1
e 13 26 1
e 13 27 1
e 14 28 1
e 14 29 1
e 14 30 1
t # 37495
v 0 11
v 1 11
v 2 11
v 3 11
v 4 11
v 5 11
v 6 1
v 7 1
v 8 1
v 9 1
v 10 1
v 11 1
v 12 1
v 13 1
v 14 1
v 15 1
v 16 1
v 17 1
v 18 3
v 19 3
v 20 3
v 21 3
v 22 3
v 23 3
v 24 3
v 25 3
v 26 3
v 27 3
v 28 3
v 29 3
v 30 3
v 31 3
v 32 3
v 33 3
v 34 3
v 35 3
v 36 3
v 37 3
v 38 3
v 39 3
v 40 3
v 41 3
v 42 3
v 43 3
v 44 3
v 45 3
v 46 3
v 47 3
v 48 3
v 49 3
v 50 3
v 51 3
v 52 3
v 53 3
v 54 3
v 55 3
v 56 3
v 57 3
v 58 3
v 59 3
v 60 3
v 61 3
v 62 3
v 63 3
v 64 3
v 65 3
v 66 3
v 67 3
v 68 3
v 69 3
v 70 3
v 71 3
v 72 3
v 73 3
v 74 3
v 75 3
v 76 3
v 77 3
v 78 4
v 79 4
v 80 4
v 81 4
v 82 4
v 83 4
v 84 4
v 85 4
v 86 4
v 87 4
v 88 4
v 89 4
v 90 4
v 91 4
v 92 4
v 93 4
v 94 4
v 95 4
v 96 4
v 97 4
v 98 4
v 99 4
v 100 4
v 101 4
v 102 4
v 103 4
v 104 4
v 105 4
v 106 4
v 107 4
v 108 4
v 109 4
v 110 4
v 111 4
v 112 4
v 113 4
v 114 4
v 115 4
v 116 4
v 117 4
v 118 4
v 119 4
v 120 4
v 121 4
v 122 4
v 123 4
v 124 4
v 125 4
v 126 4
v 127 4
v 128 4
v 129 4
v 130 4
v 131 4
e 0 24 1
e 0 30 1
e 1 25 1
e 1 31 1
e 2 26 1
e 2 32 1
e 3 27 1
e 3 33 1
e 4 28 1
e 4 34 1
e 5 29 1
e 5 35 1
e 6 54 1
e 6 72 1
e 7 55 1
e 7 73 1
e 8 56 1
e 8 74 1
e 9 57 1
e 9 75 1
e 10 58 1
e 10 76 1
e 11 59 1
e 11 77 1
e 12 60 1
e 12 72 1
e 13 61 1
e 13 73 1
e 14 62 1
e 14 74 1
e 15 63 1
e 15 75 1
e 16 64 1
e 16 76 1
e 17 65 1
e 17 77 1
e 18 19 2
e 18 20 1
e 18 24 1
e 19 21 1
e 19 25 1
e 20 22 2
e 20 26 1
e 21 23 2
e 21 27 1
e 22 23 1
e 22 28 1
e 23 29 1
e 24 78 1
e 24 79 1
e 25 80 1
e 25 81 1
e 26 82 1
e 26 83 1
e 27 84 1
e 27 85 1
e 28 86 1
e 28 87 1
e 29 88 1
e 29 89 1
e 30 36 1
e 30 90 1
e 30 91 1
e 31 37 1
e 31 92 1
e 31 93 1
e 32 38 1
e 32 94 1
e 32 95 1
e 33 39 1
e 33 96 1
e 33 97 1
e 34 40 1
e 34 98 1
e 34 99 1
e 35 41 1
e 35 100 1
e 35 101 1
e 36 42 2
e 36 48 1
e 37 43 2
e 37 49 1
e 38 44 2
e 38 50 1
e 39 45 2
e 39 51 1
e 40 46 2
e 40 52 1
e 41 47 2
e 41 53 1
e 42 54 1
e 42 102 1
e 43 55 1
e 43 103 1
e 44 56 1
e 44 104 1
e 45 57 1
e 45 105 1
e 46 58 1
e 46 106 1
e 47 59 1
e 47 107 1
e 48 66 2
e 48 108 1
e 49 67 2
e 49 109 1
e 50 68 2
e 50 110 1
e 51 69 2
e 51 111 1
e 52 70 2
e 52 112 1
e 53 71 2
e 53 113 1
e 54 60 2
e 55 61 2
e 56 62 2
e 57 63 2
e 58 64 2
e 59 65 2
e 60 66 1
e 61 67 1
e 62 68 1
e 63 69 1
e 64 70 1
e 65 71 1
e 66 114 1
e 67 115 1
e 68 116 1
e 69 117 1
e 70 118 1
e 71 119 1
e 72 120 1
e 72 121 1
e 73 122 1
e 73 123 1
e 74 124 1
e 74 125 1
e 75 126 1
e 75 127 1
e 76 128 1
e 76 129 1
e 77 130 1
e 77 131 1
t # 37496
v 0 12
v 1 12
v 2 12
v 3 12
v 4 12
v 5 12
v 6 11
v 7 11
v 8 11
v 9 11
v 10 11
v 11 11
v 12 3
v 13 3
v 14 3
v 15 3
v 16 3
v 17 3
v 18 3
v 19 3
v 20 3
v 21 3
v 22 3
v 23 3
v 24 3
v 25 3
v 26 3
v 27 3
v 28 3
v 29 3
v 30 3
v 31 3
v 32 3
v 33 3
v 34 3
v 35 3
v 36 3
v 37 3
v 38 3
v 39 3
v 40 3
v 41 3
v 42 3
v 43 3
v 44 3
v 45 3
v 46 3
v 47 3
v 48 3
v 49 3
v 50 3
v 51 3
v 52 3
v 53 3
v 54 3
v 55 3
v 56 3
v 57 3
v 58 3
v 59 3
v 60 3
v 61 3
v 62 3
v 63 3
v 64 3
v 65 3
v 66 4
v 67 4
v 68 4
v 69 4
v 70 4
v 71 4
v 72 4
v 73 4
v 74 4
v 75 4
v 76 4
v 77 4
v 78 4
v 79 4
v 80 4
v 81 4
v 82 4
v 83 4
v 84 4
v 85 4
v 86 4
v 87 4
v 88 4
v 89 4
v 90 4
v 91 4
v 92 4
v 93 4
v 94 4
v 95 4
v 96 4
v 97 4
v 98 4
v 99 4
v 100 4
v 101 4
v 102 4
v 103 4
v 104 4
v 105 4
v 106 4
v 107 4
v 108 4
v 109 4
v 110 4
v 111 4
v 112 4
v 113 4
e 0 36 1
e 1 37 1
e 2 38 1
e 3 39 1
e 4 40 1
e 5 41 1
e 6 18 1
e 6 24 1
e 7 19 1
e 7 25 1
e 8 20 1
e 8 26 1
e 9 21 1
e 9 27 1
e 10 22 1
e 10 28 1
e 11 23 1
e 11 29 1
e 12 13 2
e 12 14 1
e 12 18 1
e 13 15 1
e 13 19 1
e 14 16 2
e 14 20 1
e 15 17 2
e 15 21 1
e 16 17 1
e 16 22 1
e 17 23 1
e 18 66 1
e 18 67 1
e 19 68 1
e 19 69 1
e 20 70 1
e 20 71 1
e 21 72 1
e 21 73 1
e 22 74 1
e 22 75 1
e 23 76 1
e 23 77 1
e 24 30 1
e 24 78 1
e 24 79 1
e 25 31 1
e 25 80 1
e 25 81 1
e 26 32 1
e 26 82 1
e 26 83 1
e 27 33 1
e 27 84 1
e 27 85 1
e 28 34 1
e 28 86 1
e 28 87 1
e 29 35 1
e 29 88 1
e 29 89 1
e 30 36 1
e 30 42 2
e 31 37 1
e 31 43 2
e 32 38 1
e 32 44 2
e 33 39 1
e 33 45 2
e 34 40 1
e 34 46 2
e 35 41 1
e 35 47 2
e 36 48 2
e 37 49 2
e 38 50 2
e 39 51 2
e 40 52 2
e 41 53 2
e 42 54 1
e 42 90 1
e 43 55 1
e 43 91 1
e 44 56 1
e 44 92 1
e 45 57 1
e 45 93 1
e 46 58 1
e 46 94 1
e 47 59 1
e 47 95 1
e 48 60 1
e 48 96 1
e 49 61 1
e 49 97 1
e 50 62 1
e 50 98 1
e 51 63 1
e 51 99 1
e 52 64 1
e 52 100 1
e 53 65 1
e 53 101 1
e 54 60 2
e 54 102 1
e 55 61 2
e 55 103 1
e 56 62 2
e 56 104 1
e 57 63 2
e 57 105 1
e 58 64 2
e 58 106 1
e 59 65 2
e 59 107 1
e 60 108 1
e 61 109 1
e 62 110 1
e 63 111 1
e 64 112 1
e 65 113 1
t # 37497
v 0 11
v 1 11
v 2 11
v 3 11
v 4 11
v 5 11
v 6 14
v 7 14
v 8 14
v 9 14
v 10 14
v 11 14
v 12 14
v 13 14
v 14 14
v 15 14
v 16 14
v 17 14
v 18 14
v 19 14
v 20 14
v 21 14
v 22 14
v 23 14
v 24 3
v 25 3
v 26 3
v 27 3
v 28 3
v 29 3
v 30 3
v 31 3
v 32 3
v 33 3
v 34 3
v 35 3
v 36 3
v 37 3
v 38 3
v 39 3
v 40 3
v 41 3
v 42 3
v 43 3
v 44 3
v 45 3
v 46 3
v 47 3
v 48 3
v 49 3
v 50 3
v 51 3
v 52 3
v 53 3
v 54 3
v 55 3
v 56 3
v 57 3
v 58 3
v 59 3
v 60 3
v 61 3
v 62 3
v 63 3
v 64 3
v 65 3
v 66 3
v 67 3
v 68 3
v 69 3
v 70 3
v 71 3
v 72 3
v 73 3
v 74 3
v 75 3
v 76 3
v 77 3
v 78 3
v 79 3
v 80 3
v 81 3
v 82 3
v 83 3
v 84 4
v 85 4
v 86 4
v 87 4
v 88 4
v 89 4
v 90 4
v 91 4
v 92 4
v 93 4
v 94 4
v 95 4
v 96 4
v 97 4
v 98 4
v 99 4
v 100 4
v 101 4
v 102 4
v 103 4
v 104 4
v 105 4
v 106 4
v 107 4
v 108 4
v 109 4
v 110 4
v 111 4
v 112 4
v 113 4
v 114 4
v 115 4
v 116 4
v 117 4
v 118 4
v 119 4
v 120 4
v 121 4
v 122 4
v 123 4
v 124 4
v 125 4
v 126 4
v 127 4
v 128 4
v 129 4
v 130 4
v 131 4
e 0 30 1
e 0 36 1
e 1 31 1
e 1 37 1
e 2 32 1
e 2 38 1
e 3 33 1
e 3 39 1
e 4 34 1
e 4 40 1
e 5 35 1
e 5 41 1
e 24 25 2
e 24 26 1
e 24 30 1
e 25 27 1
e 25 31 1
e 26 28 2
e 26 32 1
e 27 29 2
e 27 33 1
e 28 29 1
e 28 34 1
e 29 35 1
e 30 84 1
e 30 85 1
e 31 86 1
e 31 87 1
e 32 88 1
e 32 89 1
e 33 90 1
e 33 91 1
e 34 92 1
e 34 93 1
e 35 94 1
e 35 95 1
e 36 42 1
e 36 96 1
e 36 97 1
e 37 43 1
e 37 98 1
e 37 99 1
e 38 44 1
e 38 100 1
e 38 101 1
e 39 45 1
e 39 102 1
e 39 103 1
e 40 46 1
e 40 104 1
e 40 105 1
e 41 47 1
e 41 106 1
e 41 107 1
e 42 48 2
e 42 54 1
e 43 49 2
e 43 55 1
e 44 50 2
e 44 56 1
e 45 51 2
e 45 57 1
e 46 52 2
e 46 58 1
e 47 53 2
e 47 59 1
e 48 60 1
e 48 108 1
e 49 61 1
e 49 109 1
e 50 62 1
e 50 110 1
e 51 63 1
e 51 111 1
e 52 64 1
e 52 112 1
e 53 65 1
e 53 113 1
e 54 66 2
e 54 114 1
e 55 67 2
e 55 115 1
e 56 68 2
e 56 116 1
e 57 69 2
e 57 117 1
e 58 70 2
e 58 118 1
e 59 71 2
e 59 119 1
e 60 72 2
e 60 78 1
e 61 73 2
e 61 79 1
e 62 74 2
e 62 80 1
e 63 75 2
e 63 81 1
e 64 76 2
e 64 82 1
e 65 77 2
e 65 83 1
e 66 72 1
e 66 120 1
e 67 73 1
e 67 121 1
e 68 74 1
e 68 122 1
e 69 75 1
e 69 123 1
e 70 76 1
e 70 124 1
e 71 77 1
e 71 125 1
e 72 126 1
e 73 127 1
e 74 128 1
e 75 129 1
e 76 130 1
e 77 131 1
t # 37498
v 0 11
v 1 11
v 2 11
v 3 11
v 4 11
v 5 11
v 6 3
v 7 3
v 8 3
v 9 3
v 10 3
v 11 3
v 12 3
v 13 3
v 14 3
v 15 3
v 16 3
v 17 3
v 18 3
v 19 3
v 20 3
v 21 3
v 22 3
v 23 3
v 24 3
v 25 3
v 26 3
v 27 3
v 28 3
v 29 3
v 30 3
v 31 3
v 32 3
v 33 3
v 34 3
v 35 3
v 36 3
v 37 3
v 38 3
v 39 3
v 40 3
v 41 3
v 42 3
v 43 3
v 44 3
v 45 3
v 46 3
v 47 3
v 48 3
v 49 3
v 50 3
v 51 3
v 52 3
v 53 3
v 54 3
v 55 3
v 56 3
v 57 3
v 58 3
v 59 3
v 60 3
v 61 3
v 62 3
v 63 3
v 64 3
v 65 3
v 66 4
v 67 4
v 68 4
v 69 4
v 70 4
v 71 4
v 72 4
v 73 4
v 74 4
v 75 4
v 76 4
v 77 4
v 78 4
v 79 4
v 80 4
v 81 4
v 82 4
v 83 4
v 84 4
v 85 4
v 86 4
v 87 4
v 88 4
v 89 4
v 90 4
v 91 4
v 92 4
v 93 4
v 94 4
v 95 4
v 96 4
v 97 4
v 98 4
v 99 4
v 100 4
v 101 4
v 102 4
v 103 4
v 104 4
v 105 4
v 106 4
v 107 4
v 108 4
v 109 4
v 110 4
v 111 4
v 112 4
v 113 4
v 114 4
v 115 4
v 116 4
v 117 4
v 118 4
v 119 4
v 120 4
v 121 4
v 122 4
v 123 4
v 124 4
v 125 4
v 126 4
v 127 4
v 128 4
v 129 4
v 130 4
v 131 4
e 0 12 1
e 0 18 1
e 1 13 1
e 1 19 1
e 2 14 1
e 2 20 1
e 3 15 1
e 3 21 1
e 4 16 1
e 4 22 1
e 5 17 1
e 5 23 1
e 6 7 2
e 6 8 1
e 6 12 1
e 7 9 1
e 7 13 1
e 8 10 2
e 8 14 1
e 9 11 2
e 9 15 1
e 10 11 1
e 10 16 1
e 11 17 1
e 12 66 1
e 12 67 1
e 13 68 1
e 13 69 1
e 14 70 1
e 14 71 1
e 15 72 1
e 15 73 1
e 16 74 1
e 16 75 1
e 17 76 1
e 17 77 1
e 18 24 1
e 18 78 1
e 18 79 1
e 19 25 1
e 19 80 1
e 19 81 1
e 20 26 1
e 20 82 1
e 20 83 1
e 21 27 1
e 21 84 1
e 21 85 1
e 22 28 1
e 22 86 1
e 22 87 1
e 23 29 1
e 23 88 1
e 23 89 1
e 24 30 2
e 24 36 1
e 25 31 2
e 25 37 1
e 26 32 2
e 26 38 1
e 27 33 2
e 27 39 1
e 28 34 2
e 28 40 1
e 29 35 2
e 29 41 1
e 30 42 1
e 30 90 1
e 31 43 1
e 31 91 1
e 32 44 1
e 32 92 1
e 33 45 1
e 33 93 1
e 34 46 1
e 34 94 1
e 35 47 1
e 35 95 1
e 36 48 2
e 36 96 1
e 37 49 2
e 37 97 1
e 38 50 2
e 38 98 1
e 39 51 2
e 39 99 1
e 40 52 2
e 40 100 1
e 41 53 2
e 41 101 1
e 42 54 2
e 42 102 1
e 43 55 2
e 43 103 1
e 44 56 2
e 44 104 1
e 45 57 2
e 45 105 1
e 46 58 2
e 46 106 1
e 47 59 2
e 47 107 1
e 48 54 1
e 48 108 1
e 49 55 1
e 49 109 1
e 50 56 1
e 50 110 1
e 51 57 1
e 51 111 1
e 52 58 1
e 52 112 1
e 53 59 1
e 53 113 1
e 54 60 1
e 55 61 1
e 56 62 1
e 57 63 1
e 58 64 1
e 59 65 1
e 60 114 1
e 60 115 1
e 60 116 1
e 61 117 1
e 61 118 1
e 61 119 1
e 62 120 1
e 62 121 1
e 62 122 1
e 63 123 1
e 63 124 1
e 63 125 1
e 64 126 1
e 64 127 1
e 64 128 1
e 65 129 1
e 65 130 1
e 65 131 1
t # 37499
v 0 1
v 1 1
v 2 1
v 3 3
v 4 3
v 5 3
v 6 3
v 7 3
v 8 3
v 9 3
v 10 3
v 11 3
v 12 3
v 13 3
v 14 3
v 15 3
v 16 3
v 17 3
v 18 3
v 19 3
v 20 3
v 21 3
v 22 3
v 23 3
v 24 4
v 25 4
v 26 4
v 27 4
v 28 4
v 29 4
v 30 4
v 31 4
v 32 4
v 33 4
v 34 4
v 35 4
v 36 4
v 37 4
v 38 4
v 39 4
v 40 4
v 41 4
v 42 4
v 43 4
v 44 4
v 45 4
v 46 4
v 47 4
v 48 4
v 49 4
v 50 4
v 51 4
e 0 19 2
e 1 22 2
e 2 23 2
e 3 4 1
e 3 5 1
e 3 11 1
e 3 24 1
e 4 8 1
e 4 9 1
e 4 15 1
e 5 6 1
e 5 12 1
e 5 25 1
e 6 7 1
e 6 10 1
e 6 26 1
e 7 14 1
e 7 17 1
e 7 18 1
e 8 10 1
e 8 27 1
e 8 28 1
e 9 13 1
e 9 19 1
e 9 29 1
e 10 30 1
e 10 31 1
e 11 13 1
e 11 32 1
e 11 33 1
e 12 16 1
e 12 34 1
e 12 35 1
e 13 36 1
e 13 37 1
e 14 16 1
e 14 21 2
e 15 38 1
e 15 39 1
e 15 40 1
e 16 41 1
e 16 42 1
e 17 20 1
e 17 43 1
e 17 44 1
e 18 45 1
e 18 46 1
e 18 47 1
e 19 23 1
e 20 22 1
e 20 48 1
e 20 49 1
e 21 22 1
e 21 50 1
e 23 51 1
