t # 12600
v 0 11
v 1 1
v 2 1
v 3 1
v 4 1
v 5 1
v 6 2
v 7 2
v 8 3
v 9 3
v 10 3
v 11 3
v 12 3
v 13 3
v 14 3
v 15 3
v 16 3
v 17 3
v 18 3
v 19 3
v 20 3
v 21 4
v 22 4
v 23 4
v 24 4
v 25 4
v 26 4
v 27 4
v 28 4
v 29 4
v 30 4
v 31 4
v 32 4
e 0 2 2
e 0 3 2
e 0 8 1
e 1 32 1
e 6 8 1
e 6 10 1
e 6 22 1
e 7 17 1
e 8 9 1
e 8 21 1
e 9 11 2
e 9 12 1
e 10 13 2
e 10 14 1
e 11 15 1
e 11 23 1
e 12 16 2
e 12 24 1
e 13 17 1
e 13 25 1
e 14 19 2
e 14 26 1
e 15 18 2
e 15 27 1
e 16 18 1
e 16 28 1
e 17 20 2
e 18 29 1
e 19 20 1
e 19 30 1
e 20 31 1
t # 12601
v 0 11
v 1 1
v 2 1
v 3 1
v 4 1
v 5 1
v 6 2
v 7 2
v 8 3
v 9 3
v 10 3
v 11 3
v 12 3
v 13 3
v 14 3
v 15 3
v 16 4
v 17 4
v 18 4
v 19 4
v 20 4
v 21 4
v 22 4
v 23 4
v 24 4
v 25 4
e 0 2 2
e 0 3 2
e 0 8 1
e 1 25 1
e 6 8 1
e 6 10 1
e 6 17 1
e 7 15 1
e 8 9 1
e 8 16 1
e 9 18 1
e 9 19 1
e 9 20 1
e 10 11 2
e 10 12 1
e 11 13 1
e 11 21 1
e 12 14 2
e 12 22 1
e 13 15 2
e 13 23 1
e 14 15 1
e 14 24 1
t # 12602
v 0 12
v 1 11
v 2 1
v 3 1
v 4 1
v 5 2
v 6 3
v 7 3
v 8 3
v 9 3
v 10 3
v 11 3
v 12 3
v 13 3
v 14 4
v 15 4
v 16 4
v 17 4
v 18 4
v 19 4
v 20 4
v 21 4
v 22 4
v 23 4
e 0 13 1
e 1 3 2
e 1 4 2
e 1 6 1
e 2 23 1
e 5 6 1
e 5 8 1
e 5 15 1
e 6 7 1
e 6 14 1
e 7 16 1
e 7 17 1
e 7 18 1
e 8 9 2
e 8 10 1
e 9 11 1
e 9 19 1
e 10 12 2
e 10 20 1
e 11 13 2
e 11 21 1
e 12 13 1
e 12 22 1
t # 12603
v 0 12
v 1 11
v 2 1
v 3 1
v 4 1
v 5 2
v 6 3
v 7 3
v 8 3
v 9 3
v 10 3
v 11 3
v 12 3
v 13 3
v 14 3
v 15 3
v 16 3
v 17 3
v 18 3
v 19 4
v 20 4
v 21 4
v 22 4
v 23 4
v 24 4
v 25 4
v 26 4
v 27 4
v 28 4
v 29 4
v 30 4
e 0 18 1
e 1 3 2
e 1 4 2
e 1 6 1
e 2 28 1
e 5 6 1
e 5 8 1
e 5 20 1
e 6 7 1
e 6 19 1
e 7 9 2
e 7 10 1
e 8 11 2
e 8 12 1
e 9 13 1
e 9 21 1
e 10 14 2
e 10 22 1
e 11 16 1
e 11 23 1
e 12 17 2
e 12 24 1
e 13 15 2
e 13 25 1
e 14 15 1
e 14 26 1
e 15 27 1
e 16 18 2
e 16 29 1
e 17 18 1
e 17 30 1
t # 12604
v 0 7
v 1 8
v 2 1
v 3 1
v 4 1
v 5 1
v 6 1
v 7 2
v 8 2
v 9 3
v 10 3
v 11 3
v 12 3
v 13 3
v 14 3
v 15 4
v 16 4
v 17 4
v 18 4
v 19 4
v 20 4
v 21 4
v 22 4
v 23 4
v 24 4
v 25 4
v 26 4
v 27 4
v 28 4
v 29 4
v 30 4
v 31 4
e 2 27 1
e 3 28 1
e 3 29 1
e 4 30 1
e 5 31 1
e 7 9 1
e 7 21 1
e 8 10 1
e 8 22 1
e 9 10 1
e 9 11 1
e 9 15 1
e 10 12 1
e 10 16 1
e 11 13 1
e 11 17 1
e 11 18 1
e 12 14 1
e 12 19 1
e 12 20 1
e 13 14 1
e 13 23 1
e 13 24 1
e 14 25 1
e 14 26 1
t # 12605
v 0 1
v 1 1
v 2 1
v 3 2
v 4 3
v 5 3
v 6 3
v 7 3
v 8 3
v 9 3
v 10 3
v 11 3
v 12 3
v 13 3
v 14 3
v 15 3
v 16 3
v 17 3
v 18 4
v 19 4
v 20 4
v 21 4
v 22 4
v 23 4
v 24 4
v 25 4
v 26 4
v 27 4
v 28 4
v 29 4
v 30 4
e 0 5 1
e 0 6 1
e 3 10 1
e 4 5 1
e 4 7 2
e 4 8 1
e 5 18 1
e 5 19 1
e 6 11 2
e 6 12 1
e 7 13 1
e 7 20 1
e 8 14 2
e 8 21 1
e 9 15 2
e 9 16 1
e 9 17 1
e 10 13 2
e 10 14 1
e 11 15 1
e 11 22 1
e 12 16 2
e 12 23 1
e 13 24 1
e 14 25 1
e 15 26 1
e 16 27 1
e 17 28 1
e 17 29 1
e 17 30 1
t # 12606
v 0 1
v 1 1
v 2 1
v 3 1
v 4 1
v 5 1
v 6 1
v 7 1
v 8 1
v 9 3
v 10 3
v 11 3
v 12 3
v 13 3
v 14 3
v 15 3
v 16 3
v 17 3
v 18 3
v 19 3
v 20 3
v 21 3
v 22 3
v 23 3
v 24 3
v 25 3
v 26 3
v 27 3
v 28 3
v 29 3
v 30 4
v 31 4
v 32 4
v 33 4
v 34 4
v 35 4
v 36 4
v 37 4
v 38 4
v 39 4
v 40 4
v 41 4
v 42 4
v 43 4
v 44 4
v 45 4
v 46 4
v 47 4
v 48 4
v 49 4
e 0 10 1
e 0 24 1
e 1 9 1
e 1 37 1
e 2 11 1
e 2 38 1
e 3 12 1
e 3 39 1
e 4 16 1
e 4 43 1
e 5 20 2
e 6 21 2
e 7 25 1
e 7 46 1
e 8 27 1
e 8 29 1
e 9 10 1
e 9 11 1
e 9 15 1
e 10 12 1
e 10 30 1
e 11 13 1
e 11 31 1
e 12 14 1
e 12 32 1
e 13 14 1
e 13 17 2
e 14 16 2
e 15 33 1
e 15 34 1
e 15 35 1
e 16 18 1
e 17 19 1
e 17 36 1
e 18 19 2
e 18 20 1
e 19 21 1
e 20 22 1
e 21 23 1
e 22 23 2
e 22 25 1
e 23 26 1
e 24 40 1
e 24 41 1
e 24 42 1
e 25 28 2
e 26 27 2
e 26 44 1
e 27 28 1
e 28 45 1
e 29 47 1
e 29 48 1
e 29 49 1
t # 12607
v 0 12
v 1 12
v 2 1
v 3 1
v 4 1
v 5 2
v 6 2
v 7 2
v 8 2
v 9 3
v 10 3
v 11 3
v 12 3
v 13 3
v 14 3
v 15 3
v 16 3
v 17 3
v 18 3
v 19 3
v 20 3
v 21 3
v 22 3
v 23 3
v 24 3
v 25 3
v 26 3
v 27 3
v 28 3
v 29 4
v 30 4
v 31 4
v 32 4
v 33 4
v 34 4
v 35 4
v 36 4
v 37 4
v 38 4
v 39 4
v 40 4
v 41 4
v 42 4
v 43 4
v 44 4
v 45 4
v 46 4
v 47 4
v 48 4
v 49 4
v 50 4
v 51 4
v 52 4
v 53 4
v 54 4
e 0 20 1
e 1 21 1
e 2 18 1
e 2 22 1
e 5 9 1
e 5 15 1
e 5 16 1
e 6 24 1
e 6 25 1
e 6 26 1
e 7 25 2
e 7 27 1
e 8 26 1
e 9 10 1
e 9 11 1
e 9 29 1
e 10 12 1
e 10 30 1
e 10 31 1
e 11 13 1
e 11 32 1
e 11 33 1
e 12 14 1
e 12 34 1
e 12 35 1
e 13 14 1
e 13 36 1
e 13 37 1
e 14 38 1
e 14 39 1
e 15 17 1
e 15 40 1
e 15 41 1
e 16 42 1
e 16 43 1
e 16 44 1
e 17 18 2
e 17 19 1
e 18 20 1
e 19 21 2
e 19 45 1
e 20 23 2
e 21 23 1
e 22 24 1
e 22 46 1
e 22 47 1
e 23 50 1
e 24 48 1
e 24 49 1
e 25 28 1
e 26 27 2
e 27 51 1
e 28 52 1
e 28 53 1
e 28 54 1
t # 12608
v 0 1
v 1 1
v 2 2
v 3 2
v 4 3
v 5 3
v 6 3
v 7 3
v 8 3
v 9 3
v 10 3
v 11 3
v 12 3
v 13 3
v 14 3
v 15 3
v 16 3
v 17 3
v 18 3
v 19 3
v 20 3
v 21 3
v 22 3
v 23 3
v 24 4
v 25 4
v 26 4
v 27 4
v 28 4
v 29 4
v 30 4
v 31 4
v 32 4
v 33 4
v 34 4
v 35 4
v 36 4
v 37 4
v 38 4
v 39 4
v 40 4
v 41 4
v 42 4
v 43 4
e 0 10 2
e 1 11 2
e 2 4 1
e 2 8 1
e 2 10 1
e 3 5 1
e 3 9 1
e 3 11 1
e 4 6 1
e 4 9 1
e 4 24 1
e 5 7 1
e 5 8 1
e 5 25 1
e 6 7 1
e 6 26 1
e 6 27 1
e 7 28 1
e 7 29 1
e 8 30 1
e 8 31 1
e 9 32 1
e 9 33 1
e 10 12 1
e 11 13 1
e 12 14 2
e 12 16 1
e 13 15 2
e 13 17 1
e 14 18 1
e 14 34 1
e 15 19 1
e 15 35 1
e 16 20 2
e 16 36 1
e 17 21 2
e 17 37 1
e 18 22 2
e 18 38 1
e 19 23 2
e 19 39 1
e 20 22 1
e 20 40 1
e 21 23 1
e 21 41 1
e 22 42 1
e 23 43 1
t # 12609
v 0 11
v 1 1
v 2 1
v 3 1
v 4 1
v 5 1
v 6 1
v 7 2
v 8 2
v 9 2
v 10 2
v 11 2
v 12 2
v 13 3
v 14 3
v 15 3
v 16 3
v 17 3
v 18 3
v 19 3
v 20 3
v 21 3
v 22 3
v 23 3
v 24 3
v 25 3
v 26 3
v 27 3
v 28 3
v 29 3
v 30 3
v 31 3
v 32 3
v 33 4
v 34 4
v 35 4
v 36 4
v 37 4
v 38 4
v 39 4
v 40 4
v 41 4
v 42 4
v 43 4
v 44 4
v 45 4
v 46 4
v 47 4
v 48 4
v 49 4
v 50 4
v 51 4
v 52 4
v 53 4
v 54 4
e 0 24 1
e 0 29 1
e 1 19 1
e 1 22 1
e 2 22 2
e 7 23 1
e 7 31 2
e 8 29 2
e 8 32 1
e 9 25 1
e 10 26 1
e 11 30 2
e 11 31 1
e 12 30 1
e 12 32 2
e 13 14 1
e 13 15 1
e 13 33 1
e 13 34 1
e 14 16 1
e 14 35 1
e 14 36 1
e 15 17 1
e 15 37 1
e 15 38 1
e 16 18 1
e 16 39 1
e 16 40 1
e 17 19 1
e 17 41 1
e 17 42 1
e 18 20 1
e 18 43 1
e 18 44 1
e 19 45 1
e 19 46 1
e 20 47 1
e 20 48 1
e 20 49 1
e 21 22 1
e 21 27 2
e 21 28 1
e 23 29 1
e 23 30 1
e 23 50 1
e 24 25 2
e 24 26 1
e 25 27 1
e 26 28 2
e 27 51 1
e 28 52 1
e 31 53 1
e 32 54 1
t # 12610
v 0 11
v 1 1
v 2 1
v 3 1
v 4 1
v 5 1
v 6 1
v 7 2
v 8 2
v 9 2
v 10 2
v 11 2
v 12 2
v 13 3
v 14 3
v 15 3
v 16 3
v 17 3
v 18 3
v 19 3
v 20 3
v 21 3
v 22 3
v 23 3
v 24 3
v 25 3
v 26 4
v 27 4
v 28 4
v 29 4
v 30 4
v 31 4
v 32 4
v 33 4
e 0 14 1
e 0 15 1
e 1 24 1
e 1 25 1
e 2 24 2
e 7 13 1
e 7 22 2
e 8 15 2
e 8 23 1
e 9 16 2
e 9 22 1
e 10 16 1
e 10 23 2
e 11 17 1
e 12 18 1
e 13 15 1
e 13 16 1
e 13 26 1
e 14 17 2
e 14 18 1
e 17 20 1
e 18 21 2
e 19 20 2
e 19 21 1
e 19 24 1
e 20 27 1
e 21 28 1
e 22 29 1
e 23 30 1
e 25 31 1
e 25 32 1
e 25 33 1
t # 12611
v 0 12
v 1 1
v 2 1
v 3 1
v 4 2
v 5 2
v 6 2
v 7 2
v 8 2
v 9 2
v 10 3
v 11 3
v 12 3
v 13 3
v 14 3
v 15 3
v 16 3
v 17 3
v 18 3
v 19 3
v 20 3
v 21 3
v 22 3
v 23 3
v 24 3
v 25 3
v 26 3
v 27 3
v 28 4
v 29 4
v 30 4
v 31 4
v 32 4
v 33 4
v 34 4
v 35 4
v 36 4
v 37 4
v 38 4
v 39 4
v 40 4
v 41 4
v 42 4
v 43 4
v 44 4
v 45 4
v 46 4
v 47 4
v 48 4
e 0 27 1
e 1 25 2
e 4 11 1
e 4 16 1
e 4 20 1
e 5 13 1
e 5 25 1
e 5 40 1
e 6 7 1
e 6 19 1
e 6 22 1
e 8 9 1
e 8 25 1
e 8 26 1
e 10 11 1
e 10 12 1
e 10 15 1
e 10 28 1
e 11 14 1
e 11 29 1
e 12 13 1
e 12 30 1
e 12 31 1
e 13 16 1
e 13 32 1
e 14 18 1
e 14 33 1
e 14 34 1
e 15 17 2
e 15 21 1
e 16 35 1
e 16 36 1
e 17 18 1
e 17 19 1
e 18 22 2
e 19 23 2
e 20 37 1
e 20 38 1
e 20 39 1
e 21 24 2
e 21 41 1
e 22 42 1
e 23 24 1
e 23 43 1
e 24 44 1
e 26 27 1
e 26 45 1
e 26 46 1
e 27 47 1
e 27 48 1
t # 12612
v 0 7
v 1 12
v 2 12
v 3 11
v 4 11
v 5 1
v 6 1
v 7 1
v 8 1
v 9 2
v 10 2
v 11 2
v 12 2
v 13 2
v 14 2
v 15 3
v 16 3
v 17 3
v 18 3
v 19 3
v 20 3
v 21 4
v 22 4
v 23 4
v 24 4
e 3 15 1
e 3 17 1
e 4 16 1
e 4 18 1
e 9 15 1
e 9 21 1
e 10 16 1
e 10 22 1
e 11 15 2
e 11 19 1
e 12 16 2
e 12 20 1
e 13 17 1
e 14 18 1
e 17 19 2
e 18 20 2
e 19 23 1
e 20 24 1
t # 12613
v 0 7
v 1 12
v 2 12
v 3 11
v 4 11
v 5 1
v 6 1
v 7 2
v 8 2
v 9 2
v 10 2
v 11 3
v 12 3
v 13 3
v 14 3
v 15 3
v 16 3
v 17 3
v 18 3
v 19 3
v 20 3
v 21 4
v 22 4
v 23 4
v 24 4
v 25 4
v 26 4
v 27 4
v 28 4
v 29 4
v 30 4
v 31 4
v 32 4
e 3 15 1
e 3 17 1
e 4 16 1
e 4 18 1
e 5 11 2
e 6 12 2
e 7 11 1
e 7 15 1
e 7 21 1
e 8 12 1
e 8 16 1
e 8 22 1
e 9 15 2
e 9 19 1
e 10 16 2
e 10 20 1
e 11 13 1
e 12 14 1
e 13 23 1
e 13 24 1
e 13 25 1
e 14 26 1
e 14 27 1
e 14 28 1
e 17 19 2
e 17 29 1
e 18 20 2
e 18 30 1
e 19 31 1
e 20 32 1
t # 12614
v 0 1
v 1 1
v 2 1
v 3 1
v 4 1
v 5 1
v 6 1
v 7 1
v 8 1
v 9 1
v 10 1
v 11 1
v 12 2
v 13 3
v 14 3
v 15 3
v 16 3
v 17 3
v 18 3
v 19 3
v 20 3
v 21 3
v 22 3
v 23 3
v 24 3
v 25 3
v 26 3
v 27 3
v 28 3
v 29 3
v 30 3
v 31 3
v 32 3
v 33 3
v 34 3
v 35 3
v 36 3
v 37 3
v 38 3
v 39 3
v 40 3
v 41 3
v 42 3
v 43 3
v 44 3
v 45 3
v 46 3
v 47 3
v 48 3
v 49 3
v 50 3
v 51 3
v 52 4
v 53 4
v 54 4
v 55 4
v 56 4
v 57 4
v 58 4
v 59 4
v 60 4
v 61 4
v 62 4
v 63 4
v 64 4
v 65 4
v 66 4
v 67 4
v 68 4
v 69 4
v 70 4
v 71 4
v 72 4
v 73 4
v 74 4
v 75 4
v 76 4
v 77 4
v 78 4
v 79 4
v 80 4
v 81 4
v 82 4
v 83 4
v 84 4
v 85 4
v 86 4
v 87 4
v 88 4
v 89 4
v 90 4
v 91 4
v 92 4
v 93 4
v 94 4
v 95 4
v 96 4
v 97 4
v 98 4
v 99 4
v 100 4
v 101 4
v 102 4
e 0 13 1
e 0 19 1
e 1 19 1
e 1 23 1
e 2 14 1
e 2 67 1
e 3 22 1
e 3 70 1
e 4 24 1
e 4 71 1
e 5 26 1
e 5 74 1
e 6 25 2
e 7 30 1
e 7 80 1
e 8 31 2
e 9 32 2
e 10 33 2
e 11 39 1
e 11 49 1
e 12 18 1
e 12 33 1
e 12 63 1
e 13 15 1
e 13 17 1
e 13 52 1
e 14 15 1
e 14 16 1
e 14 25 1
e 15 53 1
e 15 54 1
e 16 20 1
e 16 55 1
e 16 56 1
e 17 20 2
e 17 24 1
e 18 21 1
e 18 22 1
e 18 57 1
e 19 21 1
e 19 58 1
e 20 26 1
e 21 59 1
e 21 60 1
e 22 23 1
e 22 61 1
e 23 29 1
e 23 62 1
e 24 27 2
e 25 30 1
e 26 28 2
e 27 28 1
e 27 31 1
e 28 32 1
e 29 64 1
e 29 65 1
e 29 66 1
e 30 68 1
e 30 69 1
e 31 34 1
e 32 35 1
e 33 36 1
e 34 35 2
e 34 39 1
e 35 40 1
e 36 37 1
e 36 72 1
e 36 73 1
e 37 38 1
e 37 75 1
e 37 76 1
e 38 41 1
e 38 77 1
e 38 78 1
e 39 43 2
e 40 44 2
e 40 79 1
e 41 42 1
e 41 81 1
e 41 82 1
e 42 45 1
e 42 83 1
e 42 84 1
e 43 44 1
e 43 85 1
e 44 86 1
e 45 46 1
e 45 87 1
e 45 88 1
e 46 47 1
e 46 89 1
e 46 90 1
e 47 48 1
e 47 91 1
e 47 92 1
e 48 50 1
e 48 93 1
e 48 94 1
e 49 97 1
e 49 98 1
e 49 99 1
e 50 51 1
e 50 95 1
e 50 96 1
e 51 100 1
e 51 101 1
e 51 102 1
t # 12615
v 0 1
v 1 1
v 2 1
v 3 2
v 4 3
v 5 3
v 6 3
v 7 3
v 8 3
v 9 3
v 10 3
v 11 3
v 12 3
v 13 3
v 14 3
v 15 3
v 16 3
v 17 3
v 18 3
v 19 3
v 20 4
v 21 4
v 22 4
v 23 4
v 24 4
v 25 4
v 26 4
v 27 4
v 28 4
v 29 4
v 30 4
v 31 4
v 32 4
e 0 17 1
e 0 19 1
e 1 18 1
e 1 19 1
e 2 14 1
e 2 32 1
e 3 4 1
e 3 6 1
e 3 10 1
e 4 5 1
e 4 8 1
e 4 20 1
e 5 7 1
e 5 12 2
e 6 7 1
e 6 21 1
e 6 22 1
e 7 23 1
e 7 24 1
e 8 9 2
e 8 13 1
e 9 11 1
e 9 15 1
e 10 11 2
e 10 25 1
e 11 16 1
e 12 14 1
e 12 26 1
e 13 14 2
e 13 27 1
e 15 17 2
e 15 28 1
e 16 18 2
e 16 29 1
e 17 18 1
e 19 30 1
e 19 31 1
t # 12616
v 0 7
v 1 1
v 2 1
v 3 1
v 4 1
v 5 2
v 6 2
v 7 2
v 8 4
v 9 4
v 10 4
v 11 4
v 12 4
v 13 4
v 14 4
e 1 8 1
e 2 9 1
e 2 10 1
e 5 11 1
e 5 12 1
e 6 13 1
e 6 14 1
t # 12617
v 0 7
v 1 27
v 2 27
v 3 2
v 4 2
v 5 3
v 6 3
v 7 3
v 8 3
v 9 3
v 10 3
v 11 3
v 12 3
v 13 4
v 14 4
v 15 4
v 16 4
v 17 4
v 18 4
v 19 4
v 20 4
v 21 4
v 22 4
v 23 4
v 24 4
v 25 4
v 26 4
v 27 4
v 28 4
v 29 4
v 30 4
v 31 4
v 32 4
e 3 5 1
e 3 21 1
e 4 6 1
e 4 22 1
e 5 7 1
e 5 13 1
e 5 14 1
e 6 8 1
e 6 15 1
e 6 16 1
e 7 9 1
e 7 17 1
e 7 18 1
e 8 10 1
e 8 19 1
e 8 20 1
e 9 11 1
e 9 23 1
e 9 24 1
e 10 12 1
e 10 25 1
e 10 26 1
e 11 27 1
e 11 28 1
e 11 29 1
e 12 30 1
e 12 31 1
e 12 32 1
t # 12618
v 0 1
v 1 1
v 2 1
v 3 1
v 4 1
v 5 1
v 6 1
v 7 1
v 8 1
v 9 1
v 10 2
v 11 2
v 12 2
v 13 2
v 14 2
v 15 2
v 16 2
v 17 2
v 18 2
v 19 2
v 20 3
v 21 3
v 22 3
v 23 3
v 24 3
v 25 3
v 26 3
v 27 3
v 28 3
v 29 3
v 30 3
v 31 3
v 32 3
v 33 3
v 34 3
v 35 3
v 36 3
v 37 3
v 38 3
v 39 3
v 40 3
v 41 3
v 42 3
v 43 3
v 44 3
v 45 3
v 46 3
v 47 3
v 48 3
v 49 3
v 50 3
v 51 3
v 52 3
v 53 3
v 54 3
v 55 3
v 56 3
v 57 3
v 58 3
v 59 3
v 60 3
v 61 3
v 62 3
v 63 3
v 64 3
v 65 3
v 66 3
v 67 3
v 68 3
v 69 3
v 70 3
v 71 3
v 72 3
v 73 3
v 74 3
v 75 3
v 76 3
v 77 3
v 78 3
v 79 3
v 80 3
v 81 3
v 82 3
v 83 3
v 84 4
v 85 4
v 86 4
v 87 4
v 88 4
v 89 4
v 90 4
v 91 4
v 92 4
v 93 4
v 94 4
v 95 4
v 96 4
v 97 4
v 98 4
v 99 4
v 100 4
v 101 4
v 102 4
v 103 4
v 104 4
v 105 4
v 106 4
v 107 4
v 108 4
v 109 4
v 110 4
v 111 4
v 112 4
v 113 4
v 114 4
v 115 4
v 116 4
v 117 4
v 118 4
v 119 4
v 120 4
v 121 4
v 122 4
v 123 4
v 124 4
v 125 4
v 126 4
v 127 4
v 128 4
v 129 4
v 130 4
v 131 4
v 132 4
v 133 4
v 134 4
v 135 4
v 136 4
v 137 4
v 138 4
v 139 4
v 140 4
v 141 4
v 142 4
v 143 4
v 144 4
v 145 4
v 146 4
v 147 4
v 148 4
v 149 4
v 150 4
v 151 4
v 152 4
v 153 4
v 154 4
v 155 4
v 156 4
v 157 4
v 158 4
v 159 4
v 160 4
v 161 4
e 0 28 2
e 1 36 2
e 2 38 2
e 3 40 2
e 4 41 2
e 5 42 2
e 6 50 2
e 7 53 2
e 8 55 2
e 9 57 2
e 10 20 1
e 10 27 1
e 10 38 1
e 11 23 1
e 11 28 1
e 11 30 1
e 12 24 1
e 12 34 1
e 12 36 1
e 13 21 1
e 13 35 1
e 13 40 1
e 14 42 1
e 14 46 1
e 14 115 1
e 15 39 1
e 15 50 1
e 15 116 1
e 16 41 1
e 16 49 1
e 16 117 1
e 17 44 1
e 17 55 1
e 17 128 1
e 18 51 1
e 18 53 1
e 18 133 1
e 19 54 1
e 19 57 1
e 19 139 1
e 20 22 1
e 20 28 1
e 20 84 1
e 21 26 1
e 21 36 1
e 21 85 1
e 22 25 1
e 22 86 1
e 22 87 1
e 23 29 1
e 23 41 1
e 23 88 1
e 24 31 1
e 24 42 1
e 24 89 1
e 25 27 1
e 25 90 1
e 25 91 1
e 26 32 1
e 26 92 1
e 26 93 1
e 27 94 1
e 27 95 1
e 29 33 1
e 29 96 1
e 29 97 1
e 30 33 1
e 30 98 1
e 30 99 1
e 31 37 1
e 31 100 1
e 31 101 1
e 32 35 1
e 32 102 1
e 32 103 1
e 33 106 1
e 33 107 1
e 34 37 1
e 34 104 1
e 34 105 1
e 35 108 1
e 35 109 1
e 37 110 1
e 37 111 1
e 38 39 1
e 39 43 1
e 39 112 1
e 40 44 1
e 43 47 1
e 43 48 1
e 43 113 1
e 44 45 1
e 44 114 1
e 45 56 1
e 45 118 1
e 45 119 1
e 46 52 1
e 46 53 1
e 46 120 1
e 47 121 1
e 47 122 1
e 47 123 1
e 48 124 1
e 48 125 1
e 48 126 1
e 49 57 1
e 49 59 1
e 49 127 1
e 50 51 1
e 51 58 1
e 51 129 1
e 52 61 1
e 52 130 1
e 52 131 1
e 54 55 1
e 54 60 1
e 54 132 1
e 56 62 2
e 56 63 1
e 58 64 1
e 58 134 1
e 58 135 1
e 59 136 1
e 59 137 1
e 59 138 1
e 60 65 1
e 60 140 1
e 60 141 1
e 61 66 2
e 61 67 1
e 62 68 1
e 62 142 1
e 63 69 2
e 63 143 1
e 64 71 2
e 64 72 1
e 65 73 2
e 65 74 1
e 66 75 1
e 66 144 1
e 67 76 2
e 67 145 1
e 68 70 2
e 68 146 1
e 69 70 1
e 69 147 1
e 70 148 1
e 71 78 1
e 71 149 1
e 72 79 2
e 72 150 1
e 73 81 1
e 73 151 1
e 74 82 2
e 74 152 1
e 75 77 2
e 75 153 1
e 76 77 1
e 76 154 1
e 77 155 1
e 78 80 2
e 78 156 1
e 79 80 1
e 79 157 1
e 80 158 1
e 81 83 2
e 81 159 1
e 82 83 1
e 82 160 1
e 83 161 1
t # 12619
v 0 1
v 1 2
v 2 2
v 3 2
v 4 2
v 5 2
v 6 2
v 7 2
v 8 3
v 9 3
v 10 3
v 11 3
v 12 3
v 13 3
v 14 3
v 15 3
v 16 3
v 17 3
v 18 3
v 19 3
v 20 3
v 21 3
v 22 4
v 23 4
v 24 4
v 25 4
v 26 4
v 27 4
v 28 4
v 29 4
v 30 4
v 31 4
v 32 4
v 33 4
v 34 4
v 35 4
v 36 4
v 37 4
v 38 4
e 0 20 2
e 1 2 1
e 1 8 1
e 1 13 1
e 2 10 2
e 3 9 1
e 4 14 1
e 5 15 1
e 5 20 1
e 5 32 1
e 6 13 1
e 6 33 1
e 6 34 1
e 7 13 2
e 7 35 1
e 8 9 2
e 8 11 1
e 9 10 1
e 10 12 1
e 11 22 1
e 11 23 1
e 11 24 1
e 12 25 1
e 12 26 1
e 12 27 1
e 14 16 2
e 14 17 1
e 15 18 2
e 15 19 1
e 16 18 1
e 16 28 1
e 17 19 2
e 17 29 1
e 18 30 1
e 19 31 1
e 20 21 1
e 21 36 1
e 21 37 1
e 21 38 1
t # 12620
v 0 11
v 1 1
v 2 1
v 3 1
v 4 1
v 5 1
v 6 1
v 7 1
v 8 1
v 9 1
v 10 1
v 11 1
v 12 1
v 13 1
v 14 1
v 15 1
v 16 1
v 17 1
v 18 1
v 19 2
v 20 3
v 21 3
v 22 3
v 23 3
v 24 3
v 25 3
v 26 3
v 27 3
v 28 3
v 29 3
v 30 3
v 31 3
v 32 3
v 33 3
v 34 3
v 35 3
v 36 3
v 37 3
v 38 3
v 39 3
v 40 3
v 41 3
v 42 3
v 43 3
v 44 3
v 45 3
v 46 3
v 47 3
v 48 3
v 49 3
v 50 3
v 51 3
v 52 3
v 53 3
v 54 3
v 55 3
v 56 3
v 57 3
v 58 3
v 59 3
v 60 3
v 61 3
v 62 3
v 63 3
v 64 3
v 65 3
v 66 3
v 67 3
v 68 3
v 69 3
v 70 3
v 71 3
v 72 4
v 73 4
v 74 4
v 75 4
v 76 4
v 77 4
v 78 4
v 79 4
v 80 4
v 81 4
v 82 4
v 83 4
v 84 4
v 85 4
v 86 4
v 87 4
v 88 4
v 89 4
v 90 4
v 91 4
v 92 4
v 93 4
v 94 4
v 95 4
v 96 4
v 97 4
v 98 4
v 99 4
v 100 4
v 101 4
v 102 4
v 103 4
v 104 4
v 105 4
v 106 4
v 107 4
v 108 4
v 109 4
v 110 4
v 111 4
v 112 4
v 113 4
v 114 4
v 115 4
v 116 4
v 117 4
v 118 4
v 119 4
v 120 4
v 121 4
v 122 4
v 123 4
v 124 4
v 125 4
v 126 4
v 127 4
v 128 4
v 129 4
v 130 4
v 131 4
v 132 4
v 133 4
v 134 4
v 135 4
v 136 4
v 137 4
v 138 4
v 139 4
v 140 4
v 141 4
v 142 4
v 143 4
v 144 4
v 145 4
v 146 4
v 147 4
v 148 4
v 149 4
v 150 4
v 151 4
v 152 4
v 153 4
v 154 4
v 155 4
v 156 4
v 157 4
v 158 4
v 159 4
v 160 4
v 161 4
v 162 4
v 163 4
v 164 4
v 165 4
v 166 4
v 167 4
v 168 4
e 0 17 2
e 0 18 2
e 1 20 1
e 1 26 1
e 2 23 1
e 2 31 1
e 3 26 1
e 3 37 1
e 4 22 1
e 4 99 1
e 5 31 1
e 5 41 1
e 6 43 1
e 6 44 1
e 7 28 1
e 7 56 1
e 8 32 1
e 8 57 1
e 9 36 1
e 9 123 1
e 10 39 1
e 10 130 1
e 11 40 1
e 11 131 1
e 12 42 2
e 13 44 2
e 14 56 2
e 15 70 1
e 16 168 1
e 19 29 1
e 19 53 1
e 19 54 1
e 20 21 1
e 20 22 1
e 20 72 1
e 21 23 1
e 21 30 1
e 21 73 1
e 22 24 1
e 22 33 1
e 23 25 1
e 23 74 1
e 24 27 1
e 24 75 1
e 24 76 1
e 25 44 1
e 25 45 1
e 25 77 1
e 26 28 1
e 26 78 1
e 27 42 1
e 27 46 1
e 27 79 1
e 28 29 1
e 28 80 1
e 29 35 1
e 29 81 1
e 30 82 1
e 30 83 1
e 30 84 1
e 31 34 1
e 31 85 1
e 32 34 1
e 32 36 1
e 32 47 1
e 33 86 1
e 33 87 1
e 33 88 1
e 34 89 1
e 34 90 1
e 35 37 1
e 35 91 1
e 35 92 1
e 36 41 1
e 36 93 1
e 37 48 1
e 37 94 1
e 38 40 1
e 38 42 1
e 38 49 1
e 38 95 1
e 39 40 1
e 39 43 1
e 39 50 1
e 40 96 1
e 41 52 1
e 41 97 1
e 43 51 1
e 43 98 1
e 45 100 1
e 45 101 1
e 45 102 1
e 46 103 1
e 46 104 1
e 46 105 1
e 47 106 1
e 47 107 1
e 47 108 1
e 48 109 1
e 48 110 1
e 48 111 1
e 49 112 1
e 49 113 1
e 49 114 1
e 50 115 1
e 50 116 1
e 50 117 1
e 51 55 1
e 51 118 1
e 51 119 1
e 52 120 1
e 52 121 1
e 52 122 1
e 53 124 1
e 53 125 1
e 53 126 1
e 54 127 1
e 54 128 1
e 54 129 1
e 55 132 1
e 55 133 1
e 55 134 1
e 56 58 1
e 57 135 1
e 57 136 1
e 57 137 1
e 58 59 1
e 58 138 1
e 58 139 1
e 59 140 1
e 59 141 1
e 59 142 1
e 60 61 1
e 60 62 1
e 60 143 1
e 60 144 1
e 61 63 1
e 61 145 1
e 61 146 1
e 62 64 1
e 62 147 1
e 62 148 1
e 63 65 1
e 63 149 1
e 63 150 1
e 64 66 1
e 64 151 1
e 64 152 1
e 65 67 1
e 65 153 1
e 65 154 1
e 66 68 1
e 66 155 1
e 66 156 1
e 67 69 1
e 67 157 1
e 67 158 1
e 68 70 1
e 68 159 1
e 68 160 1
e 69 71 1
e 69 161 1
e 69 162 1
e 70 163 1
e 70 164 1
e 71 165 1
e 71 166 1
e 71 167 1
t # 12621
v 0 7
v 1 1
v 2 1
v 3 1
v 4 1
v 5 2
v 6 2
v 7 3
v 8 3
v 9 3
v 10 3
v 11 3
v 12 3
v 13 3
v 14 3
v 15 3
v 16 3
v 17 4
v 18 4
v 19 4
v 20 4
v 21 4
v 22 4
v 23 4
v 24 4
v 25 4
v 26 4
v 27 4
v 28 4
v 29 4
v 30 4
v 31 4
v 32 4
v 33 4
v 34 4
e 1 14 1
e 1 29 1
e 2 15 1
e 2 30 1
e 3 14 2
e 4 15 2
e 5 7 1
e 5 23 1
e 6 8 1
e 6 24 1
e 7 8 1
e 7 9 1
e 7 17 1
e 8 10 1
e 8 18 1
e 9 11 1
e 9 19 1
e 9 20 1
e 10 12 1
e 10 21 1
e 10 22 1
e 11 12 1
e 11 25 1
e 11 26 1
e 12 27 1
e 12 28 1
e 13 14 1
e 13 15 1
e 13 16 1
e 13 31 1
e 16 32 1
e 16 33 1
e 16 34 1
t # 12622
v 0 7
v 1 12
v 2 12
v 3 1
v 4 2
v 5 2
v 6 3
v 7 3
v 8 3
v 9 3
v 10 3
v 11 3
v 12 3
v 13 4
v 14 4
v 15 4
v 16 4
v 17 4
v 18 4
v 19 4
v 20 4
e 3 10 1
e 3 12 1
e 4 6 1
e 4 13 1
e 5 7 1
e 5 14 1
e 6 7 2
e 6 8 1
e 7 9 1
e 8 10 2
e 8 15 1
e 9 11 2
e 9 16 1
e 10 11 1
e 11 17 1
e 12 18 1
e 12 19 1
e 12 20 1
t # 12623
v 0 1
v 1 1
v 2 1
v 3 2
v 4 3
v 5 3
v 6 3
v 7 3
v 8 3
v 9 3
v 10 3
v 11 3
v 12 3
v 13 3
v 14 3
v 15 3
v 16 3
v 17 3
v 18 3
v 19 3
v 20 3
v 21 3
v 22 4
v 23 4
v 24 4
v 25 4
v 26 4
v 27 4
v 28 4
v 29 4
v 30 4
v 31 4
v 32 4
v 33 4
v 34 4
v 35 4
v 36 4
v 37 4
v 38 4
v 39 4
v 40 4
v 41 4
v 42 4
v 43 4
v 44 4
v 45 4
v 46 4
v 47 4
e 0 12 2
e 1 18 1
e 1 20 1
e 2 19 1
e 2 21 1
e 3 4 1
e 3 5 1
e 3 6 1
e 3 10 1
e 4 8 1
e 4 9 1
e 4 22 1
e 5 7 1
e 5 23 1
e 5 24 1
e 6 11 1
e 6 25 1
e 6 26 1
e 7 12 1
e 7 14 1
e 7 27 1
e 8 12 1
e 8 28 1
e 8 29 1
e 9 13 1
e 9 15 2
e 10 30 1
e 10 31 1
e 10 32 1
e 11 13 1
e 11 33 1
e 11 34 1
e 13 16 2
e 14 17 1
e 14 35 1
e 14 36 1
e 15 18 1
e 15 37 1
e 16 19 1
e 16 38 1
e 17 39 1
e 17 40 1
e 17 41 1
e 18 19 2
e 20 42 1
e 20 43 1
e 20 44 1
e 21 45 1
e 21 46 1
e 21 47 1
t # 12624
v 0 1
v 1 1
v 2 1
v 3 1
v 4 2
v 5 2
v 6 2
v 7 2
v 8 2
v 9 3
v 10 3
v 11 3
v 12 3
v 13 3
v 14 3
v 15 3
v 16 3
v 17 3
v 18 3
v 19 3
v 20 3
v 21 3
v 22 3
v 23 3
v 24 3
v 25 3
v 26 3
v 27 3
v 28 3
v 29 3
v 30 3
v 31 4
v 32 4
v 33 4
v 34 4
v 35 4
v 36 4
v 37 4
v 38 4
v 39 4
v 40 4
v 41 4
v 42 4
v 43 4
v 44 4
v 45 4
v 46 4
v 47 4
v 48 4
v 49 4
v 50 4
v 51 4
v 52 4
v 53 4
v 54 4
v 55 4
v 56 4
v 57 4
v 58 4
v 59 4
v 60 4
v 61 4
v 62 4
v 63 4
e 0 22 1
e 0 24 1
e 1 15 2
e 2 19 2
e 3 24 2
e 4 10 1
e 4 15 1
e 4 38 1
e 5 12 1
e 5 24 1
e 5 45 1
e 6 20 1
e 6 21 1
e 6 47 1
e 7 8 1
e 7 19 1
e 7 50 1
e 8 62 1
e 8 63 1
e 9 10 1
e 9 11 1
e 9 31 1
e 9 32 1
e 10 19 1
e 10 33 1
e 11 17 1
e 11 18 1
e 11 34 1
e 12 13 1
e 12 15 1
e 12 35 1
e 13 14 1
e 13 36 1
e 13 37 1
e 14 16 1
e 14 21 2
e 16 20 1
e 16 23 2
e 17 39 1
e 17 40 1
e 17 41 1
e 18 42 1
e 18 43 1
e 18 44 1
e 20 25 2
e 21 46 1
e 22 26 1
e 22 27 1
e 22 28 1
e 23 29 1
e 23 48 1
e 25 30 1
e 25 49 1
e 26 51 1
e 26 52 1
e 26 53 1
e 27 54 1
e 27 55 1
e 27 56 1
e 28 57 1
e 28 58 1
e 28 59 1
e 29 30 2
e 29 60 1
e 30 61 1
t # 12625
v 0 1
v 1 1
v 2 1
v 3 1
v 4 1
v 5 1
v 6 1
v 7 2
v 8 3
v 9 3
v 10 3
v 11 3
v 12 3
v 13 3
v 14 3
v 15 3
v 16 3
v 17 3
v 18 3
v 19 3
v 20 3
v 21 3
v 22 3
v 23 3
v 24 3
v 25 3
v 26 3
v 27 3
v 28 3
v 29 3
v 30 3
v 31 3
v 32 4
v 33 4
v 34 4
v 35 4
v 36 4
v 37 4
v 38 4
v 39 4
v 40 4
v 41 4
v 42 4
v 43 4
v 44 4
v 45 4
v 46 4
v 47 4
v 48 4
v 49 4
v 50 4
v 51 4
v 52 4
v 53 4
v 54 4
v 55 4
v 56 4
e 0 8 1
e 0 9 1
e 1 9 1
e 1 15 1
e 2 14 1
e 2 50 1
e 3 19 1
e 3 51 1
e 4 20 1
e 4 52 1
e 5 24 2
e 6 25 2
e 7 10 1
e 7 48 1
e 7 49 1
e 8 12 1
e 8 13 1
e 8 32 1
e 9 11 1
e 9 33 1
e 10 11 1
e 10 14 1
e 10 34 1
e 11 35 1
e 11 36 1
e 12 16 1
e 12 37 1
e 12 38 1
e 13 17 1
e 13 39 1
e 13 40 1
e 14 15 1
e 14 41 1
e 15 21 1
e 15 42 1
e 16 18 1
e 16 43 1
e 16 44 1
e 17 18 2
e 17 19 1
e 18 20 1
e 19 22 2
e 20 23 2
e 21 45 1
e 21 46 1
e 21 47 1
e 22 23 1
e 22 24 1
e 23 25 1
e 24 26 1
e 25 27 1
e 26 27 1
e 26 28 2
e 27 29 2
e 28 30 1
e 28 53 1
e 29 31 1
e 29 54 1
e 30 31 2
e 30 55 1
e 31 56 1
t # 12626
v 0 12
v 1 12
v 2 1
v 3 1
v 4 1
v 5 2
v 6 2
v 7 2
v 8 3
v 9 3
v 10 3
v 11 3
v 12 3
v 13 3
v 14 3
v 15 3
v 16 3
v 17 3
v 18 3
v 19 3
v 20 3
v 21 3
v 22 3
v 23 3
v 24 3
v 25 3
v 26 3
v 27 4
v 28 4
v 29 4
v 30 4
v 31 4
v 32 4
v 33 4
v 34 4
v 35 4
v 36 4
v 37 4
v 38 4
v 39 4
v 40 4
v 41 4
v 42 4
v 43 4
v 44 4
v 45 4
v 46 4
v 47 4
v 48 4
v 49 4
v 50 4
v 51 4
v 52 4
v 53 4
v 54 4
v 55 4
e 0 25 1
e 1 26 1
e 2 15 2
e 3 17 1
e 3 55 1
e 4 17 2
e 5 10 1
e 5 15 1
e 5 34 1
e 6 18 1
e 6 23 1
e 6 24 1
e 7 11 1
e 7 49 1
e 7 50 1
e 8 9 1
e 8 10 1
e 8 27 1
e 8 28 1
e 9 13 1
e 9 14 1
e 9 29 1
e 10 17 1
e 10 30 1
e 11 12 1
e 11 15 1
e 11 31 1
e 12 16 1
e 12 32 1
e 12 33 1
e 13 35 1
e 13 36 1
e 13 37 1
e 14 38 1
e 14 39 1
e 14 40 1
e 16 19 2
e 16 20 1
e 18 21 2
e 18 22 1
e 19 21 1
e 19 41 1
e 20 22 2
e 20 42 1
e 21 43 1
e 22 44 1
e 23 25 1
e 23 45 1
e 23 46 1
e 24 26 1
e 24 47 1
e 24 48 1
e 25 51 1
e 25 52 1
e 26 53 1
e 26 54 1
t # 12627
v 0 11
v 1 11
v 2 1
v 3 1
v 4 2
v 5 2
v 6 2
v 7 2
v 8 3
v 9 3
v 10 3
v 11 3
v 12 3
v 13 3
v 14 3
v 15 3
v 16 3
v 17 3
v 18 3
v 19 3
v 20 3
v 21 4
v 22 4
v 23 4
v 24 4
v 25 4
v 26 4
v 27 4
v 28 4
v 29 4
v 30 4
v 31 4
v 32 4
v 33 4
v 34 4
e 0 8 1
e 0 14 1
e 1 9 1
e 1 14 1
e 2 10 2
e 3 11 2
e 4 8 1
e 4 11 1
e 4 12 1
e 5 9 1
e 5 10 1
e 5 13 1
e 6 7 1
e 6 14 2
e 7 15 1
e 7 29 1
e 8 10 1
e 8 21 1
e 9 11 1
e 9 22 1
e 12 23 1
e 12 24 1
e 12 25 1
e 13 26 1
e 13 27 1
e 13 28 1
e 15 16 2
e 15 17 1
e 16 18 1
e 16 30 1
e 17 19 2
e 17 31 1
e 18 20 2
e 18 32 1
e 19 20 1
e 19 33 1
e 20 34 1
t # 12628
v 0 12
v 1 12
v 2 1
v 3 1
v 4 1
v 5 1
v 6 1
v 7 1
v 8 2
v 9 2
v 10 3
v 11 3
v 12 3
v 13 3
v 14 3
v 15 3
v 16 3
v 17 3
v 18 3
v 19 3
v 20 3
v 21 3
v 22 3
v 23 4
v 24 4
v 25 4
v 26 4
v 27 4
v 28 4
v 29 4
v 30 4
v 31 4
v 32 4
v 33 4
v 34 4
v 35 4
v 36 4
v 37 4
v 38 4
v 39 4
v 40 4
v 41 4
v 42 4
v 43 4
v 44 4
v 45 4
v 46 4
e 0 17 1
e 1 18 1
e 2 19 1
e 2 43 1
e 3 20 1
e 3 44 1
e 4 21 1
e 4 45 1
e 5 22 1
e 5 46 1
e 6 21 2
e 7 22 2
e 8 10 1
e 8 11 1
e 8 12 1
e 8 15 1
e 9 10 1
e 9 13 1
e 9 14 1
e 9 16 1
e 10 23 1
e 10 24 1
e 11 13 1
e 11 25 1
e 11 26 1
e 12 14 1
e 12 27 1
e 12 28 1
e 13 29 1
e 13 30 1
e 14 31 1
e 14 32 1
e 15 17 1
e 15 33 1
e 15 34 1
e 16 18 1
e 16 35 1
e 16 36 1
e 17 37 1
e 17 38 1
e 18 39 1
e 18 40 1
e 19 20 1
e 19 21 1
e 19 41 1
e 20 22 1
e 20 42 1
t # 12629
v 0 12
v 1 12
v 2 1
v 3 1
v 4 1
v 5 1
v 6 2
v 7 2
v 8 2
v 9 3
v 10 3
v 11 3
v 12 3
v 13 3
v 14 3
v 15 3
v 16 3
v 17 3
v 18 3
v 19 3
v 20 3
v 21 3
v 22 3
v 23 3
v 24 3
v 25 3
v 26 3
v 27 3
v 28 3
v 29 3
v 30 4
v 31 4
v 32 4
v 33 4
v 34 4
v 35 4
v 36 4
v 37 4
v 38 4
v 39 4
v 40 4
v 41 4
v 42 4
v 43 4
v 44 4
v 45 4
v 46 4
v 47 4
v 48 4
v 49 4
v 50 4
v 51 4
v 52 4
v 53 4
v 54 4
v 55 4
v 56 4
v 57 4
v 58 4
v 59 4
v 60 4
e 0 27 1
e 1 28 1
e 2 14 2
e 3 18 1
e 3 57 1
e 4 18 2
e 5 26 2
e 6 11 1
e 6 14 1
e 6 37 1
e 7 12 1
e 7 26 1
e 7 44 1
e 8 19 1
e 8 24 1
e 8 25 1
e 9 10 1
e 9 11 1
e 9 30 1
e 9 31 1
e 10 15 1
e 10 16 1
e 10 32 1
e 11 18 1
e 11 33 1
e 12 13 1
e 12 14 1
e 12 34 1
e 13 17 1
e 13 35 1
e 13 36 1
e 15 38 1
e 15 39 1
e 15 40 1
e 16 41 1
e 16 42 1
e 16 43 1
e 17 20 2
e 17 21 1
e 19 22 2
e 19 23 1
e 20 22 1
e 20 45 1
e 21 23 2
e 21 46 1
e 22 47 1
e 23 48 1
e 24 27 1
e 24 49 1
e 24 50 1
e 25 28 1
e 25 51 1
e 25 52 1
e 26 29 1
e 27 53 1
e 27 54 1
e 28 55 1
e 28 56 1
e 29 58 1
e 29 59 1
e 29 60 1
t # 12630
v 0 12
v 1 1
v 2 1
v 3 2
v 4 3
v 5 3
v 6 3
v 7 3
v 8 3
v 9 3
v 10 3
v 11 3
v 12 3
v 13 3
v 14 3
v 15 3
v 16 3
v 17 3
v 18 3
v 19 3
v 20 3
v 21 3
v 22 3
v 23 4
v 24 4
v 25 4
v 26 4
v 27 4
v 28 4
v 29 4
v 30 4
v 31 4
v 32 4
v 33 4
v 34 4
v 35 4
v 36 4
v 37 4
v 38 4
v 39 4
v 40 4
v 41 4
v 42 4
v 43 4
v 44 4
v 45 4
v 46 4
v 47 4
v 48 4
v 49 4
v 50 4
e 0 16 1
e 1 19 1
e 1 21 1
e 2 20 1
e 2 22 1
e 3 6 1
e 3 8 1
e 3 9 1
e 4 5 1
e 4 7 1
e 4 11 1
e 4 23 1
e 5 8 1
e 5 12 1
e 5 24 1
e 6 7 1
e 6 10 1
e 6 25 1
e 7 26 1
e 7 27 1
e 8 28 1
e 8 29 1
e 9 13 1
e 9 30 1
e 9 31 1
e 10 14 1
e 10 15 2
e 11 16 1
e 11 32 1
e 11 33 1
e 12 17 1
e 12 34 1
e 12 35 1
e 13 14 1
e 13 36 1
e 13 37 1
e 14 18 2
e 15 19 1
e 15 38 1
e 16 39 1
e 16 40 1
e 17 41 1
e 17 42 1
e 17 43 1
e 18 20 1
e 18 44 1
e 19 20 2
e 21 45 1
e 21 46 1
e 21 47 1
e 22 48 1
e 22 49 1
e 22 50 1
t # 12631
v 0 1
v 1 1
v 2 1
v 3 2
v 4 3
v 5 3
v 6 3
v 7 3
v 8 3
v 9 3
v 10 3
v 11 3
v 12 3
v 13 3
v 14 3
v 15 3
v 16 3
v 17 3
v 18 3
v 19 3
v 20 3
v 21 3
v 22 4
v 23 4
v 24 4
v 25 4
v 26 4
v 27 4
v 28 4
v 29 4
v 30 4
v 31 4
v 32 4
v 33 4
v 34 4
v 35 4
v 36 4
v 37 4
v 38 4
v 39 4
v 40 4
v 41 4
v 42 4
e 0 12 1
e 0 14 1
e 1 13 1
e 1 15 1
e 2 20 1
e 2 21 1
e 3 5 1
e 3 6 1
e 3 11 1
e 4 5 1
e 4 7 1
e 4 22 1
e 4 23 1
e 5 24 1
e 5 25 1
e 6 8 1
e 6 26 1
e 6 27 1
e 7 8 1
e 7 10 2
e 8 9 2
e 9 12 1
e 9 28 1
e 10 13 1
e 10 29 1
e 11 30 1
e 11 31 1
e 11 32 1
e 12 13 2
e 14 16 2
e 14 17 1
e 15 33 1
e 15 34 1
e 15 35 1
e 16 18 1
e 16 36 1
e 17 19 2
e 17 37 1
e 18 20 2
e 18 38 1
e 19 20 1
e 19 39 1
e 21 40 1
e 21 41 1
e 21 42 1
t # 12632
v 0 1
v 1 1
v 2 1
v 3 2
v 4 3
v 5 3
v 6 3
v 7 3
v 8 3
v 9 3
v 10 3
v 11 3
v 12 3
v 13 3
v 14 3
v 15 3
v 16 3
v 17 3
v 18 3
v 19 3
v 20 3
v 21 3
v 22 4
v 23 4
v 24 4
v 25 4
v 26 4
v 27 4
v 28 4
v 29 4
v 30 4
v 31 4
v 32 4
v 33 4
v 34 4
v 35 4
v 36 4
v 37 4
v 38 4
v 39 4
v 40 4
v 41 4
v 42 4
v 43 4
v 44 4
v 45 4
v 46 4
e 0 10 2
e 1 17 1
e 1 20 1
e 2 18 1
e 2 21 1
e 3 4 1
e 3 6 1
e 3 8 1
e 4 7 1
e 4 9 1
e 4 22 1
e 5 6 1
e 5 10 1
e 5 13 1
e 5 23 1
e 6 24 1
e 6 25 1
e 7 10 1
e 7 26 1
e 7 27 1
e 8 11 1
e 8 28 1
e 8 29 1
e 9 12 1
e 9 14 2
e 11 12 1
e 11 30 1
e 11 31 1
e 12 16 2
e 13 15 1
e 13 32 1
e 13 33 1
e 14 17 1
e 14 34 1
e 15 19 1
e 15 35 1
e 15 36 1
e 16 18 1
e 16 37 1
e 17 18 2
e 19 38 1
e 19 39 1
e 19 40 1
e 20 41 1
e 20 42 1
e 20 43 1
e 21 44 1
e 21 45 1
e 21 46 1
t # 12633
v 0 11
v 1 1
v 2 1
v 3 1
v 4 1
v 5 1
v 6 3
v 7 3
v 8 3
v 9 3
v 10 3
v 11 3
v 12 3
v 13 3
v 14 3
v 15 4
v 16 4
v 17 4
v 18 4
v 19 4
v 20 4
v 21 4
v 22 4
v 23 4
v 24 4
e 0 2 2
e 0 3 2
e 0 6 1
e 1 12 1
e 4 14 1
e 4 24 1
e 5 14 2
e 6 7 2
e 6 8 1
e 7 10 1
e 7 15 1
e 8 11 2
e 8 16 1
e 9 10 2
e 9 11 1
e 9 14 1
e 10 17 1
e 11 18 1
e 12 13 1
e 12 19 1
e 12 20 1
e 13 21 1
e 13 22 1
e 13 23 1
t # 12634
v 0 12
v 1 12
v 2 2
v 3 2
v 4 3
v 5 3
v 6 3
v 7 3
v 8 3
v 9 3
v 10 3
v 11 3
v 12 3
v 13 3
v 14 3
v 15 3
v 16 3
v 17 3
v 18 3
v 19 3
v 20 3
v 21 3
v 22 4
v 23 4
v 24 4
v 25 4
v 26 4
v 27 4
v 28 4
v 29 4
v 30 4
v 31 4
v 32 4
v 33 4
v 34 4
v 35 4
v 36 4
v 37 4
v 38 4
v 39 4
v 40 4
v 41 4
v 42 4
v 43 4
v 44 4
v 45 4
v 46 4
v 47 4
v 48 4
v 49 4
v 50 4
v 51 4
e 0 20 1
e 1 21 1
e 2 6 1
e 2 9 1
e 2 10 1
e 3 11 1
e 3 18 1
e 3 19 1
e 4 5 1
e 4 6 1
e 4 22 1
e 4 23 1
e 5 7 1
e 5 24 1
e 5 25 1
e 6 26 1
e 6 27 1
e 7 8 1
e 7 28 1
e 7 29 1
e 8 12 2
e 8 13 1
e 9 16 1
e 9 30 1
e 9 31 1
e 10 17 1
e 10 32 1
e 10 33 1
e 11 14 2
e 11 15 1
e 12 14 1
e 12 34 1
e 13 15 2
e 13 35 1
e 14 36 1
e 15 37 1
e 16 42 1
e 16 43 1
e 16 44 1
e 17 45 1
e 17 46 1
e 17 47 1
e 18 20 1
e 18 38 1
e 18 39 1
e 19 21 1
e 19 40 1
e 19 41 1
e 20 48 1
e 20 49 1
e 21 50 1
e 21 51 1
t # 12635
v 0 2
v 1 2
v 2 2
v 3 2
v 4 2
v 5 2
v 6 3
v 7 3
v 8 3
v 9 3
v 10 3
v 11 3
v 12 3
v 13 3
v 14 3
v 15 3
v 16 3
v 17 3
v 18 3
v 19 3
v 20 3
v 21 3
v 22 3
v 23 3
v 24 3
v 25 3
v 26 3
v 27 3
v 28 3
v 29 3
v 30 3
v 31 3
v 32 3
v 33 4
v 34 4
v 35 4
v 36 4
v 37 4
v 38 4
v 39 4
v 40 4
v 41 4
v 42 4
v 43 4
v 44 4
v 45 4
v 46 4
v 47 4
v 48 4
v 49 4
v 50 4
v 51 4
v 52 4
v 53 4
v 54 4
v 55 4
v 56 4
e 0 6 1
e 0 7 1
e 0 10 1
e 1 8 2
e 1 9 1
e 2 17 1
e 3 15 2
e 3 46 1
e 4 25 1
e 4 31 1
e 4 32 1
e 5 26 1
e 6 8 1
e 6 11 2
e 7 9 2
e 7 13 1
e 8 12 1
e 9 16 1
e 10 19 2
e 10 20 1
e 11 15 1
e 11 33 1
e 12 14 2
e 12 34 1
e 13 17 2
e 13 35 1
e 14 15 1
e 14 21 1
e 16 18 2
e 16 36 1
e 17 18 1
e 18 37 1
e 19 22 1
e 19 38 1
e 20 23 2
e 20 39 1
e 21 40 1
e 21 41 1
e 21 42 1
e 22 24 2
e 22 43 1
e 23 24 1
e 23 44 1
e 24 45 1
e 25 27 2
e 25 28 1
e 26 29 2
e 26 30 1
e 27 29 1
e 27 47 1
e 28 30 2
e 28 48 1
e 29 49 1
e 30 50 1
e 31 51 1
e 31 52 1
e 31 53 1
e 32 54 1
e 32 55 1
e 32 56 1
t # 12636
v 0 12
v 1 12
v 2 2
v 3 2
v 4 3
v 5 3
v 6 3
v 7 3
v 8 3
v 9 3
v 10 3
v 11 3
v 12 3
v 13 3
v 14 3
v 15 3
v 16 3
v 17 3
v 18 3
v 19 3
v 20 3
v 21 3
v 22 3
v 23 4
v 24 4
v 25 4
v 26 4
v 27 4
v 28 4
v 29 4
v 30 4
v 31 4
v 32 4
v 33 4
v 34 4
v 35 4
v 36 4
v 37 4
v 38 4
v 39 4
v 40 4
v 41 4
v 42 4
v 43 4
v 44 4
v 45 4
v 46 4
v 47 4
v 48 4
v 49 4
v 50 4
v 51 4
v 52 4
e 0 21 1
e 1 22 1
e 2 4 1
e 2 5 1
e 2 9 1
e 3 16 1
e 3 19 1
e 3 20 1
e 4 6 1
e 4 23 1
e 4 24 1
e 5 7 1
e 5 25 1
e 5 26 1
e 6 8 1
e 6 27 1
e 6 28 1
e 7 8 1
e 7 29 1
e 7 30 1
e 8 31 1
e 8 32 1
e 9 10 1
e 9 33 1
e 9 34 1
e 10 11 1
e 10 35 1
e 10 36 1
e 11 12 1
e 11 37 1
e 11 38 1
e 12 13 1
e 12 39 1
e 12 40 1
e 13 14 2
e 13 15 1
e 14 17 1
e 14 41 1
e 15 18 2
e 15 42 1
e 16 17 2
e 16 18 1
e 17 43 1
e 18 44 1
e 19 21 1
e 19 45 1
e 19 46 1
e 20 22 1
e 20 47 1
e 20 48 1
e 21 49 1
e 21 50 1
e 22 51 1
e 22 52 1
t # 12637
v 0 12
v 1 1
v 2 1
v 3 1
v 4 2
v 5 2
v 6 2
v 7 3
v 8 3
v 9 3
v 10 3
v 11 3
v 12 3
v 13 3
v 14 3
v 15 3
v 16 3
v 17 3
v 18 3
v 19 3
v 20 3
v 21 3
v 22 3
v 23 3
v 24 3
v 25 3
v 26 3
v 27 3
v 28 3
v 29 3
v 30 3
v 31 3
v 32 3
v 33 3
v 34 4
v 35 4
v 36 4
v 37 4
v 38 4
v 39 4
v 40 4
v 41 4
v 42 4
v 43 4
v 44 4
v 45 4
v 46 4
v 47 4
v 48 4
v 49 4
e 0 18 1
e 1 20 2
e 4 7 1
e 4 11 1
e 4 12 1
e 5 9 2
e 5 16 1
e 6 33 1
e 7 9 1
e 7 13 2
e 8 10 1
e 8 14 2
e 8 15 1
e 9 14 1
e 10 13 1
e 10 18 2
e 11 16 1
e 11 21 2
e 12 19 1
e 12 34 1
e 12 35 1
e 13 36 1
e 14 37 1
e 15 17 1
e 15 22 2
e 16 23 2
e 17 20 1
e 17 24 2
e 18 20 1
e 19 26 2
e 19 27 1
e 21 25 1
e 21 38 1
e 22 29 1
e 22 39 1
e 23 28 1
e 23 40 1
e 24 30 1
e 24 41 1
e 25 28 2
e 25 42 1
e 26 31 1
e 26 43 1
e 27 32 2
e 27 44 1
e 28 45 1
e 29 30 2
e 29 46 1
e 30 47 1
e 31 33 2
e 31 48 1
e 32 33 1
e 32 49 1
t # 12638
v 0 12
v 1 12
v 2 2
v 3 3
v 4 3
v 5 3
v 6 3
v 7 3
v 8 3
v 9 3
v 10 3
v 11 3
v 12 3
v 13 3
v 14 3
v 15 3
v 16 3
v 17 4
v 18 4
v 19 4
v 20 4
v 21 4
v 22 4
v 23 4
v 24 4
v 25 4
v 26 4
v 27 4
v 28 4
v 29 4
v 30 4
v 31 4
v 32 4
v 33 4
v 34 4
v 35 4
e 0 13 1
e 1 14 1
e 2 3 1
e 2 9 1
e 2 10 1
e 3 4 1
e 3 5 1
e 3 17 1
e 4 6 1
e 4 18 1
e 4 19 1
e 5 7 1
e 5 20 1
e 5 21 1
e 6 8 1
e 6 22 1
e 6 23 1
e 7 8 1
e 7 11 2
e 8 12 2
e 9 13 1
e 9 24 1
e 9 25 1
e 10 14 1
e 10 26 1
e 10 27 1
e 11 15 1
e 11 28 1
e 12 16 1
e 12 29 1
e 13 30 1
e 13 31 1
e 14 32 1
e 14 33 1
e 15 16 2
e 15 34 1
e 16 35 1
t # 12639
v 0 12
v 1 12
v 2 2
v 3 3
v 4 3
v 5 3
v 6 3
v 7 3
v 8 3
v 9 3
v 10 3
v 11 3
v 12 3
v 13 3
v 14 3
v 15 3
v 16 3
v 17 4
v 18 4
v 19 4
v 20 4
v 21 4
v 22 4
v 23 4
v 24 4
v 25 4
v 26 4
v 27 4
v 28 4
v 29 4
v 30 4
v 31 4
v 32 4
v 33 4
v 34 4
v 35 4
e 0 13 1
e 1 14 1
e 2 3 1
e 2 9 1
e 2 10 1
e 3 4 1
e 3 6 1
e 3 17 1
e 4 5 1
e 4 18 1
e 4 19 1
e 5 7 1
e 5 20 1
e 5 21 1
e 6 8 1
e 6 11 2
e 7 8 1
e 7 22 1
e 7 23 1
e 8 12 2
e 9 13 1
e 9 24 1
e 9 25 1
e 10 14 1
e 10 26 1
e 10 27 1
e 11 15 1
e 11 28 1
e 12 16 1
e 12 29 1
e 13 30 1
e 13 31 1
e 14 32 1
e 14 33 1
e 15 16 2
e 15 34 1
e 16 35 1
t # 12640
v 0 1
v 1 1
v 2 1
v 3 1
v 4 1
v 5 1
v 6 1
v 7 1
v 8 1
v 9 2
v 10 2
v 11 2
v 12 2
v 13 2
v 14 2
v 15 3
v 16 3
v 17 3
v 18 3
v 19 3
v 20 3
v 21 3
v 22 3
v 23 3
v 24 3
v 25 3
v 26 3
v 27 3
v 28 3
v 29 3
v 30 3
v 31 3
v 32 3
v 33 3
v 34 3
v 35 3
v 36 3
v 37 3
v 38 3
v 39 3
v 40 3
v 41 3
v 42 3
v 43 3
v 44 3
v 45 3
v 46 3
v 47 3
v 48 3
v 49 3
v 50 3
v 51 3
v 52 3
v 53 3
v 54 3
v 55 4
v 56 4
v 57 4
v 58 4
v 59 4
v 60 4
v 61 4
v 62 4
v 63 4
v 64 4
v 65 4
v 66 4
v 67 4
v 68 4
v 69 4
v 70 4
v 71 4
v 72 4
v 73 4
v 74 4
v 75 4
v 76 4
v 77 4
v 78 4
v 79 4
v 80 4
v 81 4
v 82 4
v 83 4
v 84 4
v 85 4
v 86 4
v 87 4
v 88 4
v 89 4
v 90 4
v 91 4
v 92 4
v 93 4
v 94 4
v 95 4
v 96 4
v 97 4
v 98 4
v 99 4
v 100 4
v 101 4
v 102 4
e 0 18 2
e 1 22 2
e 2 23 2
e 3 42 1
e 3 44 1
e 4 28 2
e 5 32 2
e 6 37 2
e 7 48 1
e 7 99 1
e 8 53 1
e 8 54 1
e 9 16 1
e 9 18 1
e 9 27 1
e 10 15 1
e 10 22 1
e 10 29 1
e 11 20 1
e 11 32 1
e 11 39 1
e 12 21 1
e 12 28 1
e 12 68 1
e 13 23 1
e 13 30 1
e 13 73 1
e 14 31 1
e 14 37 1
e 14 81 1
e 15 17 1
e 15 18 1
e 15 55 1
e 16 19 1
e 16 23 1
e 16 56 1
e 17 24 1
e 17 57 1
e 17 58 1
e 19 26 1
e 19 59 1
e 19 60 1
e 20 25 1
e 20 28 1
e 20 61 1
e 21 22 1
e 21 33 1
e 21 62 1
e 24 35 2
e 24 36 1
e 25 34 1
e 25 63 1
e 25 64 1
e 26 38 2
e 26 40 1
e 27 65 1
e 27 66 1
e 27 67 1
e 29 69 1
e 29 70 1
e 29 71 1
e 30 37 1
e 30 41 1
e 30 72 1
e 31 32 1
e 31 43 1
e 31 74 1
e 33 75 1
e 33 76 1
e 33 77 1
e 34 49 2
e 34 50 1
e 35 45 1
e 35 78 1
e 36 46 2
e 36 79 1
e 38 42 1
e 38 80 1
e 39 82 1
e 39 83 1
e 39 84 1
e 40 47 2
e 40 85 1
e 41 86 1
e 41 87 1
e 41 88 1
e 42 48 2
e 43 89 1
e 43 90 1
e 43 91 1
e 44 45 2
e 44 46 1
e 45 92 1
e 46 93 1
e 47 48 1
e 47 94 1
e 49 51 1
e 49 95 1
e 50 52 2
e 50 96 1
e 51 53 2
e 51 97 1
e 52 53 1
e 52 98 1
e 54 100 1
e 54 101 1
e 54 102 1
t # 12641
v 0 44
v 1 44
v 2 14
v 3 14
v 4 14
v 5 14
v 6 14
v 7 14
v 8 14
v 9 14
v 10 14
v 11 14
v 12 14
v 13 14
v 14 1
v 15 1
v 16 1
v 17 1
v 18 1
v 19 1
v 20 1
v 21 1
v 22 3
v 23 3
v 24 3
v 25 3
v 26 3
v 27 3
v 28 3
v 29 3
v 30 4
v 31 4
v 32 4
v 33 4
e 14 22 1
e 14 30 1
e 15 23 1
e 15 31 1
e 16 24 1
e 16 32 1
e 17 25 1
e 17 33 1
e 18 24 2
e 19 25 2
e 20 22 2
e 21 23 2
e 22 26 1
e 23 27 1
e 24 28 1
e 25 29 1
t # 12642
v 0 1
v 1 1
v 2 2
v 3 2
v 4 2
v 5 3
v 6 3
v 7 3
v 8 3
v 9 3
v 10 3
v 11 3
v 12 3
v 13 3
v 14 4
v 15 4
v 16 4
v 17 4
v 18 4
v 19 4
v 20 4
v 21 4
v 22 4
v 23 4
v 24 4
v 25 4
v 26 4
v 27 4
v 28 4
v 29 4
v 30 4
v 31 4
e 0 11 1
e 0 12 1
e 1 11 2
e 2 4 1
e 2 5 1
e 2 6 1
e 2 7 1
e 3 8 1
e 3 9 1
e 3 10 1
e 4 11 1
e 4 26 1
e 5 8 1
e 5 14 1
e 5 15 1
e 6 9 1
e 6 16 1
e 6 17 1
e 7 10 1
e 7 18 1
e 7 19 1
e 8 20 1
e 8 21 1
e 9 22 1
e 9 23 1
e 10 24 1
e 10 25 1
e 12 13 1
e 12 27 1
e 12 28 1
e 13 29 1
e 13 30 1
e 13 31 1
t # 12643
v 0 14
v 1 1
v 2 1
v 3 2
v 4 2
v 5 2
v 6 3
v 7 3
v 8 3
v 9 3
v 10 3
v 11 3
v 12 3
v 13 3
v 14 3
v 15 3
v 16 4
v 17 4
v 18 4
v 19 4
v 20 4
v 21 4
v 22 4
v 23 4
v 24 4
v 25 4
v 26 4
e 1 6 2
e 2 9 2
e 3 4 1
e 3 6 1
e 3 7 1
e 3 8 1
e 4 9 1
e 4 16 1
e 5 6 1
e 5 9 1
e 5 10 1
e 7 17 1
e 7 18 1
e 7 19 1
e 8 20 1
e 8 21 1
e 8 22 1
e 10 11 1
e 10 12 2
e 11 13 2
e 12 14 1
e 12 23 1
e 13 15 1
e 13 24 1
e 14 15 2
e 14 25 1
e 15 26 1
t # 12644
v 0 12
v 1 12
v 2 2
v 3 2
v 4 3
v 5 3
v 6 3
v 7 3
v 8 3
v 9 3
v 10 3
v 11 3
v 12 3
v 13 3
v 14 3
v 15 3
v 16 3
v 17 4
v 18 4
v 19 4
v 20 4
v 21 4
v 22 4
v 23 4
v 24 4
v 25 4
e 0 8 1
e 1 9 1
e 2 4 1
e 2 6 1
e 2 7 2
e 4 5 1
e 4 17 1
e 4 18 1
e 5 8 2
e 5 9 1
e 6 10 2
e 6 19 1
e 7 11 1
e 7 20 1
e 8 12 1
e 9 13 2
e 10 14 1
e 10 16 1
e 11 14 2
e 11 21 1
e 12 15 2
e 12 22 1
e 13 15 1
e 13 23 1
e 14 24 1
e 15 25 1
t # 12645
v 0 44
v 1 1
v 2 1
v 3 1
v 4 1
v 5 1
v 6 1
v 7 3
v 8 3
v 9 3
v 10 3
v 11 3
v 12 3
v 13 3
v 14 3
v 15 3
v 16 3
v 17 3
v 18 3
v 19 3
v 20 3
v 21 4
v 22 4
v 23 4
v 24 4
v 25 4
v 26 4
v 27 4
v 28 4
v 29 4
v 30 4
v 31 4
v 32 4
e 1 7 1
e 1 21 1
e 2 8 1
e 2 22 1
e 3 11 2
e 4 12 2
e 7 9 1
e 7 13 2
e 8 10 1
e 8 14 2
e 9 12 1
e 9 15 2
e 10 11 1
e 10 16 2
e 11 23 1
e 12 24 1
e 13 17 1
e 13 25 1
e 14 18 1
e 14 26 1
e 15 19 1
e 15 27 1
e 16 20 1
e 16 28 1
e 17 19 2
e 17 29 1
e 18 20 2
e 18 30 1
e 19 31 1
e 20 32 1
t # 12646
v 0 18
v 1 2
v 2 2
v 3 2
v 4 2
v 5 3
v 6 3
v 7 3
v 8 3
v 9 3
v 10 4
v 11 4
v 12 4
e 1 5 1
e 2 6 1
e 2 9 2
e 3 4 1
e 3 6 2
e 5 6 1
e 5 7 1
e 5 10 1
e 7 8 2
e 7 11 1
e 8 9 1
e 9 12 1
t # 12647
v 0 9
v 1 12
v 2 12
v 3 2
v 4 2
v 5 3
v 6 3
v 7 3
v 8 3
v 9 3
v 10 3
v 11 3
v 12 3
v 13 3
v 14 3
v 15 3
v 16 3
v 17 4
v 18 4
v 19 4
v 20 4
v 21 4
v 22 4
v 23 4
v 24 4
v 25 4
v 26 4
v 27 4
v 28 4
v 29 4
v 30 4
v 31 4
v 32 4
v 33 4
v 34 4
v 35 4
v 36 4
v 37 4
v 38 4
e 3 7 1
e 3 8 1
e 4 9 1
e 4 13 1
e 5 17 1
e 5 18 1
e 5 19 1
e 6 20 1
e 6 21 1
e 6 22 1
e 7 10 1
e 7 23 1
e 7 24 1
e 8 11 1
e 8 25 1
e 8 26 1
e 9 14 1
e 9 31 1
e 9 32 1
e 10 12 1
e 10 27 1
e 10 28 1
e 11 12 1
e 11 29 1
e 11 30 1
e 12 33 1
e 12 34 1
e 13 15 2
e 13 35 1
e 14 16 2
e 14 36 1
e 15 16 1
e 15 37 1
e 16 38 1
t # 12648
v 0 1
v 1 1
v 2 1
v 3 1
v 4 1
v 5 1
v 6 1
v 7 1
v 8 1
v 9 1
v 10 1
v 11 1
v 12 1
v 13 2
v 14 2
v 15 3
v 16 3
v 17 3
v 18 3
v 19 3
v 20 3
v 21 3
v 22 3
v 23 3
v 24 3
v 25 3
v 26 3
v 27 3
v 28 3
v 29 3
v 30 3
v 31 4
v 32 4
v 33 4
v 34 4
v 35 4
v 36 4
v 37 4
v 38 4
v 39 4
v 40 4
v 41 4
v 42 4
v 43 4
v 44 4
v 45 4
v 46 4
v 47 4
v 48 4
v 49 4
v 50 4
v 51 4
v 52 4
v 53 4
v 54 4
v 55 4
v 56 4
v 57 4
v 58 4
e 0 15 1
e 0 43 1
e 1 16 1
e 1 45 1
e 2 18 1
e 2 47 1
e 3 19 1
e 3 48 1
e 4 20 1
e 4 49 1
e 5 22 1
e 5 50 1
e 6 23 1
e 6 51 1
e 7 24 2
e 8 26 1
e 8 58 1
e 9 25 2
e 10 26 2
e 11 27 2
e 12 28 2
e 13 17 1
e 13 27 1
e 13 41 1
e 14 21 1
e 14 28 1
e 14 44 1
e 15 16 1
e 15 17 1
e 15 31 1
e 16 18 1
e 16 32 1
e 17 24 1
e 17 33 1
e 18 23 1
e 18 34 1
e 19 20 1
e 19 21 1
e 19 35 1
e 20 22 1
e 20 36 1
e 21 25 1
e 21 37 1
e 22 26 1
e 22 38 1
e 23 39 1
e 23 40 1
e 24 42 1
e 25 46 1
e 27 29 1
e 28 30 1
e 29 52 1
e 29 53 1
e 29 54 1
e 30 55 1
e 30 56 1
e 30 57 1
t # 12649
v 0 1
v 1 1
v 2 1
v 3 1
v 4 2
v 5 3
v 6 3
v 7 3
v 8 3
v 9 3
v 10 3
v 11 3
v 12 3
v 13 3
v 14 3
v 15 3
v 16 3
v 17 3
v 18 3
v 19 3
v 20 3
v 21 3
v 22 3
v 23 3
v 24 3
v 25 3
v 26 3
v 27 4
v 28 4
v 29 4
v 30 4
v 31 4
v 32 4
v 33 4
v 34 4
v 35 4
v 36 4
v 37 4
v 38 4
v 39 4
v 40 4
v 41 4
v 42 4
v 43 4
v 44 4
v 45 4
v 46 4
v 47 4
v 48 4
v 49 4
e 0 9 1
e 0 23 1
e 1 17 1
e 1 24 1
e 2 21 1
e 2 25 1
e 3 22 1
e 3 26 1
e 4 5 1
e 4 8 1
e 4 14 1
e 5 6 2
e 5 11 1
e 6 7 1
e 6 16 1
e 7 10 1
e 7 15 2
e 8 10 2
e 8 18 1
e 9 15 1
e 9 17 1
e 9 27 1
e 10 28 1
e 11 12 2
e 11 29 1
e 12 13 1
e 12 19 1
e 13 14 2
e 13 20 1
e 14 30 1
e 15 31 1
e 16 17 2
e 16 32 1
e 18 33 1
e 18 34 1
e 18 35 1
e 19 21 2
e 19 36 1
e 20 22 2
e 20 37 1
e 21 22 1
e 23 38 1
e 23 39 1
e 23 40 1
e 24 41 1
e 24 42 1
e 24 43 1
e 25 44 1
e 25 45 1
e 25 46 1
e 26 47 1
e 26 48 1
e 26 49 1
t # 12650
v 0 11
v 1 1
v 2 1
v 3 1
v 4 1
v 5 1
v 6 2
v 7 3
v 8 3
v 9 3
v 10 3
v 11 3
v 12 3
v 13 3
v 14 3
v 15 3
v 16 3
v 17 3
v 18 3
v 19 3
v 20 3
v 21 4
v 22 4
v 23 4
v 24 4
v 25 4
v 26 4
v 27 4
v 28 4
v 29 4
v 30 4
v 31 4
v 32 4
v 33 4
v 34 4
v 35 4
v 36 4
v 37 4
v 38 4
v 39 4
v 40 4
v 41 4
v 42 4
v 43 4
v 44 4
v 45 4
v 46 4
v 47 4
v 48 4
v 49 4
v 50 4
v 51 4
v 52 4
e 0 4 2
e 0 5 2
e 1 13 1
e 1 14 1
e 2 20 1
e 3 52 1
e 6 7 1
e 6 9 1
e 6 10 1
e 6 11 1
e 7 8 1
e 7 21 1
e 7 22 1
e 8 12 1
e 8 15 1
e 8 23 1
e 9 13 1
e 9 24 1
e 9 25 1
e 10 14 1
e 10 26 1
e 10 27 1
e 11 28 1
e 11 29 1
e 11 30 1
e 12 16 1
e 12 31 1
e 12 32 1
e 13 33 1
e 13 34 1
e 14 35 1
e 14 36 1
e 15 17 1
e 15 37 1
e 15 38 1
e 16 18 1
e 16 39 1
e 16 40 1
e 17 41 1
e 17 42 1
e 17 43 1
e 18 19 1
e 18 44 1
e 18 45 1
e 19 46 1
e 19 47 1
e 19 48 1
e 20 49 1
e 20 50 1
e 20 51 1
t # 12651
v 0 12
v 1 12
v 2 1
v 3 2
v 4 3
v 5 3
v 6 3
v 7 3
v 8 3
v 9 3
v 10 3
v 11 3
v 12 3
v 13 3
v 14 3
v 15 3
v 16 3
v 17 3
v 18 3
v 19 4
v 20 4
v 21 4
v 22 4
v 23 4
v 24 4
v 25 4
v 26 4
v 27 4
v 28 4
v 29 4
v 30 4
v 31 4
v 32 4
v 33 4
v 34 4
v 35 4
v 36 4
v 37 4
v 38 4
v 39 4
v 40 4
e 0 16 1
e 1 18 1
e 2 9 1
e 2 10 1
e 3 4 1
e 3 5 1
e 3 6 1
e 3 7 1
e 4 8 1
e 4 19 1
e 4 20 1
e 5 9 1
e 5 21 1
e 5 22 1
e 6 10 1
e 6 23 1
e 6 24 1
e 7 11 1
e 7 25 1
e 7 26 1
e 8 12 1
e 8 13 1
e 8 27 1
e 9 28 1
e 9 29 1
e 10 30 1
e 10 31 1
e 11 14 2
e 11 15 1
e 12 32 1
e 12 33 1
e 12 34 1
e 13 35 1
e 13 36 1
e 13 37 1
e 14 16 1
e 14 38 1
e 15 17 2
e 15 39 1
e 16 18 2
e 17 18 1
e 17 40 1
t # 12652
v 0 12
v 1 12
v 2 1
v 3 2
v 4 3
v 5 3
v 6 3
v 7 3
v 8 3
v 9 3
v 10 3
v 11 3
v 12 3
v 13 3
v 14 3
v 15 3
v 16 3
v 17 3
v 18 3
v 19 4
v 20 4
v 21 4
v 22 4
v 23 4
v 24 4
v 25 4
v 26 4
v 27 4
v 28 4
v 29 4
v 30 4
v 31 4
v 32 4
v 33 4
v 34 4
v 35 4
v 36 4
v 37 4
v 38 4
v 39 4
v 40 4
e 0 14 1
e 1 18 1
e 2 9 1
e 2 10 1
e 3 4 1
e 3 5 1
e 3 6 1
e 3 7 1
e 4 8 1
e 4 19 1
e 4 20 1
e 5 9 1
e 5 21 1
e 5 22 1
e 6 10 1
e 6 23 1
e 6 24 1
e 7 11 1
e 7 25 1
e 7 26 1
e 8 12 1
e 8 13 1
e 8 27 1
e 9 28 1
e 9 29 1
e 10 30 1
e 10 31 1
e 11 14 2
e 11 15 1
e 12 32 1
e 12 33 1
e 12 34 1
e 13 35 1
e 13 36 1
e 13 37 1
e 14 16 1
e 15 17 2
e 15 38 1
e 16 18 2
e 16 39 1
e 17 18 1
e 17 40 1
t # 12653
v 0 1
v 1 1
v 2 1
v 3 1
v 4 1
v 5 1
v 6 1
v 7 1
v 8 1
v 9 1
v 10 1
v 11 1
v 12 1
v 13 1
v 14 3
v 15 3
v 16 3
v 17 3
v 18 3
v 19 3
v 20 3
v 21 3
v 22 3
v 23 3
v 24 3
v 25 3
v 26 3
v 27 3
v 28 3
v 29 3
v 30 3
v 31 3
v 32 3
v 33 3
v 34 3
v 35 3
v 36 3
v 37 3
v 38 3
v 39 3
v 40 4
v 41 4
v 42 4
v 43 4
v 44 4
v 45 4
v 46 4
v 47 4
v 48 4
v 49 4
v 50 4
v 51 4
v 52 4
v 53 4
v 54 4
v 55 4
v 56 4
v 57 4
v 58 4
v 59 4
v 60 4
v 61 4
v 62 4
v 63 4
v 64 4
v 65 4
v 66 4
v 67 4
e 0 14 1
e 0 17 1
e 1 16 1
e 1 23 1
e 2 17 1
e 2 22 1
e 3 15 1
e 3 54 1
e 4 23 1
e 4 26 1
e 5 18 1
e 5 55 1
e 6 19 1
e 6 56 1
e 7 20 1
e 7 57 1
e 8 21 1
e 8 58 1
e 9 24 1
e 9 59 1
e 10 25 1
e 10 60 1
e 11 30 2
e 12 34 2
e 13 36 1
e 13 67 1
e 14 15 1
e 14 16 1
e 14 40 1
e 15 18 1
e 15 41 1
e 16 24 1
e 16 42 1
e 17 19 1
e 17 43 1
e 18 23 1
e 18 44 1
e 19 20 1
e 19 45 1
e 20 21 1
e 20 46 1
e 21 22 1
e 21 47 1
e 22 25 1
e 22 48 1
e 23 49 1
e 24 50 1
e 24 51 1
e 25 52 1
e 25 53 1
e 26 27 1
e 26 28 2
e 27 29 2
e 27 30 1
e 28 31 1
e 28 61 1
e 29 33 1
e 29 34 1
e 30 32 1
e 31 33 2
e 31 62 1
e 32 35 2
e 32 36 1
e 33 63 1
e 34 35 1
e 35 37 1
e 36 38 2
e 37 39 2
e 37 64 1
e 38 39 1
e 38 65 1
e 39 66 1
t # 12654
v 0 1
v 1 1
v 2 2
v 3 3
v 4 3
v 5 3
v 6 3
v 7 3
v 8 3
v 9 3
v 10 3
v 11 3
v 12 3
v 13 3
v 14 3
v 15 3
v 16 3
v 17 3
v 18 3
v 19 3
v 20 3
v 21 3
v 22 3
v 23 3
v 24 3
v 25 3
v 26 4
v 27 4
v 28 4
v 29 4
v 30 4
v 31 4
v 32 4
v 33 4
v 34 4
v 35 4
v 36 4
v 37 4
v 38 4
v 39 4
v 40 4
v 41 4
v 42 4
v 43 4
v 44 4
v 45 4
v 46 4
v 47 4
v 48 4
v 49 4
v 50 4
v 51 4
v 52 4
v 53 4
v 54 4
v 55 4
v 56 4
v 57 4
v 58 4
v 59 4
v 60 4
e 0 21 1
e 0 24 1
e 1 23 1
e 1 25 1
e 2 13 1
e 2 15 1
e 2 16 1
e 3 5 1
e 3 8 1
e 3 9 1
e 3 26 1
e 4 5 1
e 4 10 1
e 4 11 1
e 4 27 1
e 5 13 1
e 5 28 1
e 6 8 1
e 6 10 1
e 6 12 1
e 6 29 1
e 7 9 1
e 7 11 1
e 7 12 1
e 7 30 1
e 8 31 1
e 8 32 1
e 9 33 1
e 9 34 1
e 10 35 1
e 10 36 1
e 11 37 1
e 11 38 1
e 12 39 1
e 12 40 1
e 13 14 1
e 13 41 1
e 14 42 1
e 14 43 1
e 14 44 1
e 15 17 1
e 15 45 1
e 15 46 1
e 16 47 1
e 16 48 1
e 16 49 1
e 17 18 1
e 17 50 1
e 17 51 1
e 18 19 2
e 18 20 1
e 19 21 1
e 19 52 1
e 20 22 2
e 20 53 1
e 21 23 2
e 22 23 1
e 22 54 1
e 24 55 1
e 24 56 1
e 24 57 1
e 25 58 1
e 25 59 1
e 25 60 1
t # 12655
v 0 1
v 1 1
v 2 2
v 3 3
v 4 3
v 5 3
v 6 3
v 7 3
v 8 3
v 9 3
v 10 3
v 11 3
v 12 3
v 13 3
v 14 3
v 15 3
v 16 3
v 17 3
v 18 3
v 19 3
v 20 3
v 21 3
v 22 3
v 23 3
v 24 3
v 25 3
v 26 3
v 27 3
v 28 4
v 29 4
v 30 4
v 31 4
v 32 4
v 33 4
v 34 4
v 35 4
v 36 4
v 37 4
v 38 4
v 39 4
v 40 4
v 41 4
v 42 4
v 43 4
v 44 4
v 45 4
v 46 4
v 47 4
v 48 4
v 49 4
v 50 4
v 51 4
v 52 4
e 0 23 1
e 0 26 1
e 1 25 1
e 1 27 1
e 2 3 1
e 2 6 1
e 2 29 1
e 3 4 1
e 3 5 1
e 3 28 1
e 4 7 1
e 4 10 2
e 5 8 1
e 5 11 2
e 6 9 1
e 6 30 1
e 6 31 1
e 7 12 1
e 7 15 2
e 8 13 1
e 8 16 2
e 9 14 1
e 9 32 1
e 9 33 1
e 10 17 1
e 10 34 1
e 11 18 1
e 11 35 1
e 12 13 2
e 12 36 1
e 13 37 1
e 14 21 2
e 14 22 1
e 15 19 1
e 15 38 1
e 16 20 1
e 16 39 1
e 17 19 2
e 17 40 1
e 18 20 2
e 18 41 1
e 19 42 1
e 20 43 1
e 21 23 1
e 21 44 1
e 22 24 2
e 22 45 1
e 23 25 2
e 24 25 1
e 24 46 1
e 26 47 1
e 26 48 1
e 26 49 1
e 27 50 1
e 27 51 1
e 27 52 1
t # 12656
v 0 1
v 1 1
v 2 1
v 3 1
v 4 2
v 5 3
v 6 3
v 7 3
v 8 3
v 9 3
v 10 3
v 11 3
v 12 3
v 13 3
v 14 3
v 15 3
v 16 3
v 17 3
v 18 3
v 19 3
v 20 3
v 21 3
v 22 3
v 23 3
v 24 3
v 25 3
v 26 3
v 27 3
v 28 4
v 29 4
v 30 4
v 31 4
v 32 4
v 33 4
v 34 4
v 35 4
v 36 4
v 37 4
v 38 4
v 39 4
v 40 4
v 41 4
v 42 4
v 43 4
v 44 4
v 45 4
v 46 4
v 47 4
v 48 4
v 49 4
v 50 4
v 51 4
v 52 4
v 53 4
v 54 4
v 55 4
v 56 4
v 57 4
v 58 4
v 59 4
v 60 4
e 0 21 1
e 0 24 1
e 1 23 1
e 1 25 1
e 2 24 2
e 3 25 2
e 4 8 1
e 4 15 1
e 4 16 1
e 5 6 1
e 5 8 1
e 5 10 1
e 5 12 1
e 6 7 1
e 6 13 1
e 6 14 1
e 7 9 1
e 7 11 1
e 7 28 1
e 8 9 1
e 8 29 1
e 9 30 1
e 9 31 1
e 10 11 1
e 10 32 1
e 10 33 1
e 11 34 1
e 11 35 1
e 12 36 1
e 12 37 1
e 12 38 1
e 13 39 1
e 13 40 1
e 13 41 1
e 14 42 1
e 14 43 1
e 14 44 1
e 15 17 1
e 15 45 1
e 15 46 1
e 16 47 1
e 16 48 1
e 16 49 1
e 17 18 1
e 17 50 1
e 17 51 1
e 18 19 2
e 18 20 1
e 19 21 1
e 19 52 1
e 20 22 2
e 20 53 1
e 21 23 2
e 22 23 1
e 22 54 1
e 24 26 1
e 25 27 1
e 26 55 1
e 26 56 1
e 26 57 1
e 27 58 1
e 27 59 1
e 27 60 1
t # 12657
v 0 1
v 1 1
v 2 2
v 3 3
v 4 3
v 5 3
v 6 3
v 7 3
v 8 3
v 9 3
v 10 3
v 11 3
v 12 3
v 13 3
v 14 3
v 15 3
v 16 3
v 17 3
v 18 3
v 19 3
v 20 3
v 21 3
v 22 3
v 23 4
v 24 4
v 25 4
v 26 4
v 27 4
v 28 4
v 29 4
v 30 4
v 31 4
v 32 4
v 33 4
v 34 4
v 35 4
v 36 4
v 37 4
v 38 4
v 39 4
v 40 4
v 41 4
v 42 4
v 43 4
v 44 4
v 45 4
v 46 4
v 47 4
v 48 4
v 49 4
v 50 4
v 51 4
v 52 4
v 53 4
e 0 18 1
e 0 21 1
e 1 20 1
e 1 22 1
e 2 6 1
e 2 13 1
e 2 40 1
e 3 4 1
e 3 6 1
e 3 7 1
e 3 10 1
e 4 5 1
e 4 11 1
e 4 12 1
e 5 8 1
e 5 9 1
e 5 23 1
e 6 8 1
e 6 24 1
e 7 9 1
e 7 25 1
e 7 26 1
e 8 27 1
e 8 28 1
e 9 29 1
e 9 30 1
e 10 31 1
e 10 32 1
e 10 33 1
e 11 34 1
e 11 35 1
e 11 36 1
e 12 37 1
e 12 38 1
e 12 39 1
e 13 14 1
e 13 41 1
e 13 42 1
e 14 15 1
e 14 43 1
e 14 44 1
e 15 16 2
e 15 17 1
e 16 18 1
e 16 45 1
e 17 19 2
e 17 46 1
e 18 20 2
e 19 20 1
e 19 47 1
e 21 48 1
e 21 49 1
e 21 50 1
e 22 51 1
e 22 52 1
e 22 53 1
t # 12658
v 0 27
v 1 27
v 2 25
v 3 2
v 4 2
v 5 3
v 6 3
v 7 3
v 8 3
v 9 3
v 10 3
v 11 3
v 12 3
v 13 3
v 14 3
v 15 3
v 16 3
v 17 4
v 18 4
v 19 4
v 20 4
v 21 4
v 22 4
v 23 4
v 24 4
v 25 4
v 26 4
v 27 4
v 28 4
v 29 4
v 30 4
v 31 4
v 32 4
v 33 4
v 34 4
e 3 5 1
e 3 8 1
e 4 12 1
e 4 13 1
e 5 6 1
e 5 7 1
e 5 17 1
e 6 9 1
e 6 18 1
e 6 19 1
e 7 11 1
e 7 20 1
e 7 21 1
e 8 10 1
e 8 22 1
e 8 23 1
e 9 10 1
e 9 24 1
e 9 25 1
e 10 26 1
e 10 27 1
e 11 12 1
e 11 28 1
e 11 29 1
e 12 14 2
e 13 15 1
e 13 30 1
e 13 31 1
e 14 16 1
e 14 32 1
e 15 16 2
e 15 33 1
e 16 34 1
t # 12659
v 0 27
v 1 27
v 2 23
v 3 2
v 4 2
v 5 3
v 6 3
v 7 3
v 8 3
v 9 3
v 10 3
v 11 3
v 12 3
v 13 3
v 14 3
v 15 3
v 16 3
v 17 4
v 18 4
v 19 4
v 20 4
v 21 4
v 22 4
v 23 4
v 24 4
v 25 4
v 26 4
v 27 4
v 28 4
v 29 4
v 30 4
v 31 4
v 32 4
v 33 4
v 34 4
e 3 5 1
e 3 8 1
e 4 12 1
e 4 13 1
e 5 6 1
e 5 7 1
e 5 17 1
e 6 9 1
e 6 18 1
e 6 19 1
e 7 11 1
e 7 20 1
e 7 21 1
e 8 10 1
e 8 22 1
e 8 23 1
e 9 10 1
e 9 24 1
e 9 25 1
e 10 26 1
e 10 27 1
e 11 12 1
e 11 28 1
e 11 29 1
e 12 14 2
e 13 15 1
e 13 30 1
e 13 31 1
e 14 16 1
e 14 32 1
e 15 16 2
e 15 33 1
e 16 34 1
t # 12660
v 0 2
v 1 2
v 2 3
v 3 3
v 4 3
v 5 3
v 6 3
v 7 3
v 8 3
v 9 3
v 10 3
v 11 3
v 12 3
v 13 3
v 14 3
v 15 3
v 16 4
v 17 4
v 18 4
v 19 4
v 20 4
v 21 4
v 22 4
v 23 4
v 24 4
v 25 4
v 26 4
v 27 4
v 28 4
v 29 4
v 30 4
v 31 4
e 0 4 1
e 0 8 2
e 1 5 1
e 1 9 2
e 2 3 1
e 2 4 1
e 2 16 1
e 2 17 1
e 3 5 1
e 3 18 1
e 3 19 1
e 4 6 2
e 5 7 2
e 6 10 1
e 6 20 1
e 7 11 1
e 7 21 1
e 8 12 1
e 8 14 1
e 9 13 1
e 9 15 1
e 10 12 2
e 10 22 1
e 11 13 2
e 11 23 1
e 12 24 1
e 13 25 1
e 14 26 1
e 14 27 1
e 14 28 1
e 15 29 1
e 15 30 1
e 15 31 1
t # 12661
v 0 11
v 1 1
v 2 1
v 3 1
v 4 1
v 5 1
v 6 1
v 7 2
v 8 2
v 9 3
v 10 3
v 11 3
v 12 3
v 13 3
v 14 3
v 15 3
v 16 3
v 17 3
v 18 3
v 19 3
v 20 3
v 21 3
v 22 3
v 23 3
v 24 3
v 25 3
v 26 3
v 27 3
v 28 3
v 29 3
v 30 4
v 31 4
v 32 4
v 33 4
v 34 4
v 35 4
v 36 4
v 37 4
v 38 4
v 39 4
v 40 4
v 41 4
v 42 4
v 43 4
v 44 4
v 45 4
v 46 4
v 47 4
v 48 4
v 49 4
v 50 4
v 51 4
v 52 4
v 53 4
v 54 4
v 55 4
e 0 5 2
e 0 6 2
e 1 20 1
e 1 28 1
e 2 20 2
e 3 54 1
e 4 55 1
e 7 10 1
e 7 13 1
e 7 17 1
e 8 15 1
e 8 23 1
e 8 43 1
e 9 10 1
e 9 12 1
e 9 15 1
e 9 20 1
e 10 14 1
e 10 30 1
e 11 12 1
e 11 13 1
e 11 16 1
e 11 31 1
e 12 32 1
e 12 33 1
e 13 34 1
e 13 35 1
e 14 16 2
e 14 21 1
e 15 18 2
e 16 36 1
e 17 19 1
e 17 37 1
e 17 38 1
e 18 19 1
e 18 22 1
e 19 39 1
e 19 40 1
e 21 24 1
e 21 41 1
e 21 42 1
e 22 23 1
e 22 25 2
e 23 26 2
e 24 44 1
e 24 45 1
e 24 46 1
e 25 27 1
e 25 47 1
e 26 29 1
e 26 48 1
e 27 29 2
e 27 49 1
e 28 50 1
e 28 51 1
e 28 52 1
e 29 53 1
t # 12662
v 0 12
v 1 1
v 2 2
v 3 3
v 4 3
v 5 3
v 6 3
v 7 3
v 8 3
v 9 3
v 10 3
v 11 3
v 12 3
v 13 3
v 14 3
v 15 3
v 16 3
v 17 3
v 18 3
v 19 3
v 20 3
v 21 3
v 22 3
v 23 3
v 24 4
v 25 4
v 26 4
v 27 4
v 28 4
v 29 4
v 30 4
v 31 4
v 32 4
v 33 4
v 34 4
v 35 4
v 36 4
v 37 4
v 38 4
v 39 4
v 40 4
v 41 4
v 42 4
v 43 4
v 44 4
v 45 4
v 46 4
v 47 4
v 48 4
v 49 4
v 50 4
v 51 4
v 52 4
v 53 4
v 54 4
v 55 4
v 56 4
v 57 4
e 0 13 1
e 1 17 2
e 2 17 1
e 2 18 1
e 2 46 1
e 3 7 1
e 3 8 1
e 3 9 1
e 3 13 1
e 4 7 1
e 4 10 1
e 4 11 1
e 4 14 1
e 5 8 1
e 5 10 1
e 5 12 1
e 5 15 1
e 6 9 1
e 6 11 1
e 6 12 1
e 6 16 1
e 7 24 1
e 7 25 1
e 8 26 1
e 8 27 1
e 9 28 1
e 9 29 1
e 10 30 1
e 10 31 1
e 11 32 1
e 11 33 1
e 12 34 1
e 12 35 1
e 13 17 1
e 13 36 1
e 14 37 1
e 14 38 1
e 14 39 1
e 15 40 1
e 15 41 1
e 15 42 1
e 16 43 1
e 16 44 1
e 16 45 1
e 18 19 1
e 18 20 1
e 18 47 1
e 19 21 1
e 19 48 1
e 19 49 1
e 20 22 1
e 20 50 1
e 20 51 1
e 21 23 1
e 21 52 1
e 21 53 1
e 22 23 1
e 22 54 1
e 22 55 1
e 23 56 1
e 23 57 1
t # 12663
v 0 1
v 1 1
v 2 1
v 3 1
v 4 3
v 5 3
v 6 3
v 7 3
v 8 3
v 9 3
v 10 3
v 11 3
v 12 3
v 13 3
v 14 3
v 15 3
v 16 3
v 17 3
v 18 3
v 19 3
v 20 3
v 21 3
v 22 4
v 23 4
v 24 4
v 25 4
v 26 4
v 27 4
v 28 4
v 29 4
v 30 4
v 31 4
v 32 4
v 33 4
v 34 4
v 35 4
v 36 4
v 37 4
v 38 4
v 39 4
v 40 4
v 41 4
v 42 4
v 43 4
v 44 4
v 45 4
v 46 4
v 47 4
v 48 4
v 49 4
e 0 18 1
e 0 20 1
e 1 19 1
e 1 21 1
e 2 18 2
e 3 19 2
e 4 8 1
e 4 9 1
e 4 10 1
e 4 14 1
e 5 8 1
e 5 11 1
e 5 12 1
e 5 15 1
e 6 9 1
e 6 11 1
e 6 13 1
e 6 16 1
e 7 10 1
e 7 12 1
e 7 13 1
e 7 17 1
e 8 22 1
e 8 23 1
e 9 24 1
e 9 25 1
e 10 26 1
e 10 27 1
e 11 28 1
e 11 29 1
e 12 30 1
e 12 31 1
e 13 32 1
e 13 33 1
e 14 18 1
e 14 34 1
e 14 35 1
e 15 19 1
e 15 36 1
e 15 37 1
e 16 38 1
e 16 39 1
e 16 40 1
e 17 41 1
e 17 42 1
e 17 43 1
e 20 44 1
e 20 45 1
e 20 46 1
e 21 47 1
e 21 48 1
e 21 49 1
t # 12664
v 0 14
v 1 1
v 2 2
v 3 2
v 4 2
v 5 2
v 6 3
v 7 3
v 8 3
v 9 3
v 10 3
v 11 3
v 12 3
v 13 4
v 14 4
v 15 4
v 16 4
v 17 4
v 18 4
v 19 4
e 1 17 1
e 2 4 1
e 2 6 1
e 3 8 2
e 3 12 1
e 4 12 2
e 5 12 1
e 5 18 1
e 5 19 1
e 6 8 1
e 6 9 2
e 7 9 1
e 7 11 1
e 7 13 1
e 8 10 1
e 9 14 1
e 10 11 2
e 10 15 1
e 11 16 1
t # 12665
v 0 1
v 1 1
v 2 2
v 3 3
v 4 3
v 5 3
v 6 3
v 7 3
v 8 3
v 9 3
v 10 3
v 11 3
v 12 3
v 13 3
v 14 3
v 15 3
v 16 3
v 17 3
v 18 3
v 19 3
v 20 3
v 21 3
v 22 4
v 23 4
v 24 4
v 25 4
v 26 4
v 27 4
v 28 4
v 29 4
v 30 4
v 31 4
v 32 4
v 33 4
v 34 4
v 35 4
v 36 4
v 37 4
v 38 4
v 39 4
v 40 4
v 41 4
v 42 4
v 43 4
v 44 4
v 45 4
v 46 4
v 47 4
v 48 4
v 49 4
v 50 4
v 51 4
v 52 4
v 53 4
v 54 4
e 0 17 1
e 0 45 1
e 1 17 2
e 2 13 1
e 2 18 1
e 2 44 1
e 3 7 1
e 3 8 1
e 3 9 1
e 3 13 1
e 4 7 1
e 4 10 1
e 4 11 1
e 4 14 1
e 5 8 1
e 5 10 1
e 5 12 1
e 5 15 1
e 6 9 1
e 6 11 1
e 6 12 1
e 6 16 1
e 7 22 1
e 7 23 1
e 8 24 1
e 8 25 1
e 9 26 1
e 9 27 1
e 10 28 1
e 10 29 1
e 11 30 1
e 11 31 1
e 12 32 1
e 12 33 1
e 13 17 1
e 13 34 1
e 14 35 1
e 14 36 1
e 14 37 1
e 15 38 1
e 15 39 1
e 15 40 1
e 16 41 1
e 16 42 1
e 16 43 1
e 18 19 1
e 18 20 1
e 18 21 1
e 19 46 1
e 19 47 1
e 19 48 1
e 20 49 1
e 20 50 1
e 20 51 1
e 21 52 1
e 21 53 1
e 21 54 1
t # 12666
v 0 12
v 1 12
v 2 1
v 3 1
v 4 1
v 5 1
v 6 3
v 7 3
v 8 3
v 9 3
v 10 3
v 11 3
v 12 3
v 13 3
v 14 3
v 15 3
v 16 3
v 17 3
v 18 3
v 19 3
v 20 3
v 21 3
v 22 4
v 23 4
v 24 4
v 25 4
v 26 4
v 27 4
v 28 4
v 29 4
v 30 4
v 31 4
v 32 4
v 33 4
v 34 4
v 35 4
v 36 4
v 37 4
v 38 4
v 39 4
v 40 4
v 41 4
v 42 4
v 43 4
e 0 16 1
e 1 17 1
e 2 20 1
e 2 42 1
e 3 21 1
e 3 43 1
e 4 20 2
e 5 21 2
e 6 10 1
e 6 11 1
e 6 12 1
e 6 16 1
e 7 10 1
e 7 13 1
e 7 14 1
e 7 17 1
e 8 11 1
e 8 13 1
e 8 15 1
e 8 18 1
e 9 12 1
e 9 14 1
e 9 15 1
e 9 19 1
e 10 22 1
e 10 23 1
e 11 24 1
e 11 25 1
e 12 26 1
e 12 27 1
e 13 28 1
e 13 29 1
e 14 30 1
e 14 31 1
e 15 32 1
e 15 33 1
e 16 20 1
e 16 34 1
e 17 21 1
e 17 35 1
e 18 36 1
e 18 37 1
e 18 38 1
e 19 39 1
e 19 40 1
e 19 41 1
t # 12667
v 0 18
v 1 18
v 2 1
v 3 1
v 4 3
v 5 3
v 6 3
v 7 3
v 8 3
v 9 3
v 10 3
v 11 3
v 12 3
v 13 3
v 14 3
v 15 3
v 16 3
v 17 4
v 18 4
v 19 4
v 20 4
v 21 4
v 22 4
v 23 4
v 24 4
v 25 4
v 26 4
v 27 4
v 28 4
v 29 4
v 30 4
v 31 4
v 32 4
v 33 4
v 34 4
e 2 16 1
e 2 34 1
e 3 16 2
e 4 8 1
e 4 9 1
e 4 10 1
e 4 14 1
e 5 8 1
e 5 11 1
e 5 12 1
e 5 15 1
e 6 9 1
e 6 11 1
e 6 13 1
e 7 10 1
e 7 12 1
e 7 13 1
e 8 17 1
e 8 18 1
e 9 19 1
e 9 20 1
e 10 21 1
e 10 22 1
e 11 23 1
e 11 24 1
e 12 25 1
e 12 26 1
e 13 27 1
e 13 28 1
e 14 16 1
e 14 29 1
e 14 30 1
e 15 31 1
e 15 32 1
e 15 33 1
t # 12668
v 0 7
v 1 12
v 2 12
v 3 1
v 4 1
v 5 2
v 6 3
v 7 3
v 8 3
v 9 4
v 10 4
v 11 4
v 12 4
v 13 4
v 14 4
e 3 7 1
e 3 11 1
e 4 7 2
e 5 6 1
e 5 10 1
e 6 7 1
e 6 8 1
e 6 9 1
e 8 12 1
e 8 13 1
e 8 14 1
t # 12669
v 0 1
v 1 1
v 2 2
v 3 2
v 4 2
v 5 3
v 6 3
v 7 3
v 8 3
v 9 3
v 10 3
v 11 3
v 12 3
v 13 3
v 14 3
v 15 3
v 16 3
v 17 3
v 18 3
v 19 3
v 20 3
v 21 3
v 22 3
v 23 3
v 24 3
v 25 4
v 26 4
v 27 4
v 28 4
v 29 4
v 30 4
v 31 4
v 32 4
v 33 4
v 34 4
v 35 4
v 36 4
v 37 4
v 38 4
v 39 4
v 40 4
v 41 4
v 42 4
v 43 4
e 0 17 2
e 1 18 2
e 2 3 1
e 2 7 1
e 2 17 1
e 3 8 1
e 3 18 1
e 4 17 1
e 4 18 1
e 4 19 1
e 5 6 1
e 5 7 1
e 5 9 1
e 5 11 1
e 6 8 1
e 6 10 1
e 6 12 1
e 7 15 1
e 7 25 1
e 8 16 1
e 8 26 1
e 9 13 1
e 9 27 1
e 9 28 1
e 10 14 1
e 10 29 1
e 10 30 1
e 11 12 2
e 11 31 1
e 12 32 1
e 13 14 1
e 13 33 1
e 13 34 1
e 14 35 1
e 14 36 1
e 15 16 2
e 15 37 1
e 16 38 1
e 19 20 2
e 19 21 1
e 20 22 1
e 20 39 1
e 21 23 2
e 21 40 1
e 22 24 2
e 22 41 1
e 23 24 1
e 23 42 1
e 24 43 1
t # 12670
v 0 1
v 1 1
v 2 1
v 3 3
v 4 3
v 5 3
v 6 3
v 7 3
v 8 3
v 9 3
v 10 3
v 11 3
v 12 3
v 13 3
v 14 3
v 15 3
v 16 3
v 17 3
v 18 3
v 19 3
v 20 3
v 21 3
v 22 3
v 23 3
v 24 3
v 25 3
v 26 3
v 27 4
v 28 4
v 29 4
v 30 4
v 31 4
v 32 4
v 33 4
v 34 4
v 35 4
v 36 4
v 37 4
v 38 4
v 39 4
v 40 4
v 41 4
v 42 4
v 43 4
v 44 4
v 45 4
v 46 4
v 47 4
v 48 4
e 0 13 1
e 0 14 1
e 1 13 2
e 2 14 2
e 3 4 1
e 3 7 1
e 3 9 1
e 3 13 1
e 4 8 1
e 4 10 1
e 4 14 1
e 5 6 1
e 5 7 1
e 5 11 1
e 5 27 1
e 6 8 1
e 6 12 1
e 6 28 1
e 7 29 1
e 7 30 1
e 8 31 1
e 8 32 1
e 9 15 1
e 9 33 1
e 9 34 1
e 10 16 1
e 10 35 1
e 10 36 1
e 11 17 1
e 11 37 1
e 11 38 1
e 12 18 1
e 12 39 1
e 12 40 1
e 15 16 1
e 15 19 2
e 16 20 2
e 17 18 1
e 17 21 2
e 18 22 2
e 19 23 1
e 19 41 1
e 20 24 1
e 20 42 1
e 21 25 1
e 21 43 1
e 22 26 1
e 22 44 1
e 23 24 2
e 23 45 1
e 24 46 1
e 25 26 2
e 25 47 1
e 26 48 1
t # 12671
v 0 11
v 1 1
v 2 3
v 3 3
v 4 3
v 5 3
v 6 3
v 7 3
v 8 3
v 9 3
v 10 3
v 11 3
v 12 4
v 13 4
v 14 4
v 15 4
v 16 4
v 17 4
v 18 4
v 19 4
v 20 4
v 21 4
v 22 4
v 23 4
v 24 4
v 25 4
e 0 4 1
e 0 5 1
e 1 6 1
e 1 7 1
e 2 3 1
e 2 4 1
e 2 6 1
e 2 8 1
e 3 5 1
e 3 7 1
e 3 9 1
e 4 12 1
e 4 13 1
e 5 14 1
e 5 15 1
e 6 16 1
e 6 17 1
e 7 18 1
e 7 19 1
e 8 10 1
e 8 20 1
e 8 21 1
e 9 11 1
e 9 22 1
e 9 23 1
e 10 11 2
e 10 24 1
e 11 25 1
t # 12672
v 0 1
v 1 1
v 2 1
v 3 2
v 4 2
v 5 2
v 6 3
v 7 3
v 8 3
v 9 3
v 10 3
v 11 3
v 12 3
v 13 3
v 14 3
v 15 3
v 16 3
v 17 3
v 18 3
v 19 4
v 20 4
v 21 4
v 22 4
v 23 4
v 24 4
v 25 4
v 26 4
v 27 4
v 28 4
v 29 4
v 30 4
v 31 4
e 0 14 1
e 0 15 1
e 1 16 2
e 2 17 2
e 3 4 1
e 3 12 1
e 3 16 1
e 4 13 1
e 4 17 1
e 5 16 1
e 5 17 1
e 5 18 1
e 6 7 1
e 6 8 1
e 6 12 1
e 6 14 1
e 7 8 1
e 7 13 1
e 7 15 1
e 8 9 1
e 8 19 1
e 9 10 1
e 9 11 1
e 9 20 1
e 10 11 1
e 10 12 1
e 10 21 1
e 11 13 1
e 11 22 1
e 12 23 1
e 13 24 1
e 14 25 1
e 14 26 1
e 15 27 1
e 15 28 1
e 18 29 1
e 18 30 1
e 18 31 1
t # 12673
v 0 1
v 1 1
v 2 1
v 3 2
v 4 2
v 5 2
v 6 3
v 7 3
v 8 3
v 9 3
v 10 3
v 11 3
v 12 3
v 13 3
v 14 3
v 15 3
v 16 3
v 17 3
v 18 3
v 19 3
v 20 3
v 21 3
v 22 4
v 23 4
v 24 4
v 25 4
v 26 4
v 27 4
v 28 4
v 29 4
v 30 4
v 31 4
v 32 4
v 33 4
v 34 4
e 0 11 2
e 1 14 2
e 2 15 2
e 3 4 1
e 3 8 1
e 3 14 1
e 4 9 1
e 4 15 1
e 5 14 1
e 5 15 1
e 5 16 1
e 6 7 1
e 6 8 1
e 6 10 1
e 6 22 1
e 7 9 1
e 7 11 1
e 7 23 1
e 8 12 1
e 8 24 1
e 9 13 1
e 9 25 1
e 10 11 1
e 10 26 1
e 10 27 1
e 12 13 2
e 12 28 1
e 13 29 1
e 16 17 2
e 16 18 1
e 17 19 1
e 17 30 1
e 18 20 2
e 18 31 1
e 19 21 2
e 19 32 1
e 20 21 1
e 20 33 1
e 21 34 1
t # 12674
v 0 14
v 1 1
v 2 1
v 3 2
v 4 2
v 5 2
v 6 3
v 7 3
v 8 3
v 9 3
v 10 3
v 11 3
v 12 3
v 13 3
v 14 3
v 15 3
v 16 3
v 17 3
v 18 3
v 19 3
v 20 3
v 21 3
v 22 4
v 23 4
v 24 4
v 25 4
v 26 4
v 27 4
v 28 4
v 29 4
v 30 4
v 31 4
v 32 4
v 33 4
e 1 14 2
e 2 15 2
e 3 4 1
e 3 12 1
e 3 14 1
e 4 13 1
e 4 15 1
e 5 14 1
e 5 15 1
e 5 16 1
e 6 7 1
e 6 8 1
e 6 9 1
e 6 22 1
e 7 10 1
e 7 11 1
e 7 23 1
e 8 9 1
e 8 12 1
e 9 13 1
e 9 24 1
e 10 11 1
e 10 12 1
e 10 25 1
e 11 13 1
e 11 26 1
e 12 27 1
e 13 28 1
e 16 17 2
e 16 18 1
e 17 19 1
e 17 29 1
e 18 20 2
e 18 30 1
e 19 21 2
e 19 31 1
e 20 21 1
e 20 32 1
e 21 33 1
t # 12675
v 0 14
v 1 1
v 2 1
v 3 2
v 4 2
v 5 2
v 6 3
v 7 3
v 8 3
v 9 3
v 10 3
v 11 3
v 12 3
v 13 3
v 14 3
v 15 3
v 16 3
v 17 3
v 18 3
v 19 3
v 20 3
v 21 3
v 22 4
v 23 4
v 24 4
v 25 4
v 26 4
v 27 4
v 28 4
v 29 4
v 30 4
v 31 4
v 32 4
v 33 4
e 1 14 2
e 2 15 2
e 3 4 1
e 3 12 1
e 3 14 1
e 4 13 1
e 4 15 1
e 5 14 1
e 5 15 1
e 5 16 1
e 6 7 1
e 6 8 1
e 6 9 1
e 6 22 1
e 7 10 1
e 7 11 1
e 7 23 1
e 8 10 1
e 8 12 1
e 9 11 1
e 9 12 1
e 9 24 1
e 10 13 1
e 10 25 1
e 11 13 1
e 11 26 1
e 12 27 1
e 13 28 1
e 16 17 2
e 16 18 1
e 17 19 1
e 17 29 1
e 18 20 2
e 18 30 1
e 19 21 2
e 19 31 1
e 20 21 1
e 20 32 1
e 21 33 1
t # 12676
v 0 1
v 1 1
v 2 2
v 3 2
v 4 2
v 5 3
v 6 3
v 7 3
v 8 3
v 9 3
v 10 3
v 11 3
v 12 3
v 13 3
v 14 3
v 15 3
v 16 3
v 17 3
v 18 3
v 19 3
v 20 3
v 21 3
v 22 4
v 23 4
v 24 4
v 25 4
v 26 4
v 27 4
v 28 4
v 29 4
v 30 4
v 31 4
v 32 4
v 33 4
v 34 4
v 35 4
v 36 4
e 0 13 2
e 1 14 2
e 2 3 1
e 2 7 1
e 2 13 1
e 3 8 1
e 3 14 1
e 4 13 1
e 4 14 1
e 4 18 1
e 5 6 1
e 5 7 1
e 5 9 1
e 5 22 1
e 6 8 1
e 6 10 1
e 6 23 1
e 7 11 1
e 7 24 1
e 8 12 1
e 8 25 1
e 9 10 2
e 9 15 1
e 10 26 1
e 11 12 2
e 11 27 1
e 12 28 1
e 15 16 2
e 15 17 1
e 16 19 1
e 16 29 1
e 17 20 2
e 17 30 1
e 18 31 1
e 18 32 1
e 18 33 1
e 19 21 2
e 19 34 1
e 20 21 1
e 20 35 1
e 21 36 1
t # 12677
v 0 27
v 1 1
v 2 3
v 3 3
v 4 3
v 5 3
v 6 3
v 7 3
v 8 3
v 9 3
v 10 3
v 11 3
v 12 3
v 13 4
v 14 4
v 15 4
v 16 4
v 17 4
v 18 4
v 19 4
v 20 4
v 21 4
v 22 4
v 23 4
v 24 4
v 25 4
e 1 10 1
e 1 25 1
e 2 3 1
e 2 5 1
e 2 6 1
e 2 13 1
e 3 4 1
e 3 7 1
e 3 14 1
e 4 6 1
e 4 9 1
e 4 15 1
e 5 7 1
e 5 8 1
e 5 16 1
e 6 10 1
e 6 17 1
e 7 11 1
e 7 18 1
e 8 9 1
e 8 10 1
e 8 19 1
e 9 11 1
e 9 20 1
e 10 12 1
e 11 21 1
e 12 22 1
e 12 23 1
e 12 24 1
t # 12678
v 0 11
v 1 3
v 2 3
v 3 3
v 4 3
v 5 3
v 6 3
v 7 3
v 8 3
v 9 3
v 10 3
v 11 3
v 12 3
v 13 3
v 14 3
v 15 3
v 16 3
v 17 3
v 18 3
v 19 3
v 20 3
v 21 3
v 22 3
v 23 3
v 24 3
v 25 4
v 26 4
v 27 4
v 28 4
v 29 4
v 30 4
v 31 4
v 32 4
v 33 4
v 34 4
v 35 4
v 36 4
v 37 4
v 38 4
v 39 4
v 40 4
v 41 4
v 42 4
v 43 4
v 44 4
v 45 4
v 46 4
v 47 4
v 48 4
v 49 4
v 50 4
e 0 9 1
e 0 10 1
e 1 2 1
e 1 3 1
e 1 7 1
e 1 9 1
e 2 4 1
e 2 8 1
e 2 10 1
e 3 5 1
e 3 25 1
e 3 26 1
e 4 6 1
e 4 27 1
e 4 28 1
e 5 6 1
e 5 11 1
e 5 29 1
e 6 12 1
e 6 30 1
e 7 13 1
e 7 31 1
e 7 32 1
e 8 14 1
e 8 33 1
e 8 34 1
e 9 35 1
e 9 36 1
e 10 37 1
e 10 38 1
e 11 15 1
e 11 39 1
e 11 40 1
e 12 16 1
e 12 41 1
e 12 42 1
e 13 14 1
e 13 17 2
e 14 18 2
e 15 16 1
e 15 19 2
e 16 20 2
e 17 21 1
e 17 43 1
e 18 22 1
e 18 44 1
e 19 23 1
e 19 45 1
e 20 24 1
e 20 46 1
e 21 22 2
e 21 47 1
e 22 48 1
e 23 24 2
e 23 49 1
e 24 50 1
t # 12679
v 0 1
v 1 1
v 2 1
v 3 3
v 4 3
v 5 3
v 6 3
v 7 3
v 8 3
v 9 3
v 10 3
v 11 3
v 12 3
v 13 3
v 14 3
v 15 3
v 16 3
v 17 3
v 18 4
v 19 4
v 20 4
v 21 4
v 22 4
v 23 4
v 24 4
v 25 4
v 26 4
v 27 4
v 28 4
v 29 4
v 30 4
v 31 4
e 0 16 1
e 0 17 1
e 1 16 2
e 2 17 2
e 3 4 1
e 3 5 1
e 3 7 1
e 3 18 1
e 4 6 1
e 4 11 1
e 4 19 1
e 5 8 1
e 5 14 1
e 5 20 1
e 6 9 1
e 6 15 1
e 6 21 1
e 7 10 1
e 7 11 2
e 8 9 1
e 8 16 1
e 8 22 1
e 9 17 1
e 9 23 1
e 10 12 1
e 10 13 1
e 10 24 1
e 11 25 1
e 12 13 1
e 12 26 1
e 12 27 1
e 13 28 1
e 13 29 1
e 14 15 2
e 14 30 1
e 15 31 1
t # 12680
v 0 11
v 1 1
v 2 1
v 3 3
v 4 3
v 5 3
v 6 3
v 7 3
v 8 3
v 9 3
v 10 3
v 11 4
v 12 4
v 13 4
v 14 4
v 15 4
v 16 4
v 17 4
v 18 4
v 19 4
v 20 4
e 0 1 2
e 0 2 2
e 0 3 1
e 0 4 1
e 3 5 1
e 3 6 1
e 3 11 1
e 4 7 1
e 4 9 1
e 4 12 1
e 5 8 1
e 5 13 1
e 5 14 1
e 6 7 2
e 6 15 1
e 7 16 1
e 8 10 1
e 8 17 1
e 8 18 1
e 9 10 2
e 9 19 1
e 10 20 1
t # 12681
v 0 1
v 1 1
v 2 2
v 3 2
v 4 2
v 5 3
v 6 3
v 7 3
v 8 3
v 9 3
v 10 3
v 11 3
v 12 3
v 13 3
v 14 3
v 15 3
v 16 3
v 17 3
v 18 3
v 19 3
v 20 3
v 21 4
v 22 4
v 23 4
v 24 4
v 25 4
v 26 4
v 27 4
v 28 4
v 29 4
v 30 4
v 31 4
v 32 4
v 33 4
e 0 13 2
e 1 14 2
e 2 3 1
e 2 11 1
e 2 13 1
e 3 12 1
e 3 14 1
e 4 13 1
e 4 14 1
e 4 15 1
e 5 6 1
e 5 7 1
e 5 9 1
e 5 21 1
e 6 8 1
e 6 10 1
e 6 22 1
e 7 9 1
e 7 11 1
e 7 23 1
e 8 10 1
e 8 11 1
e 8 24 1
e 9 12 1
e 9 25 1
e 10 12 1
e 10 26 1
e 11 27 1
e 12 28 1
e 15 16 2
e 15 17 1
e 16 18 1
e 16 29 1
e 17 19 2
e 17 30 1
e 18 20 2
e 18 31 1
e 19 20 1
e 19 32 1
e 20 33 1
t # 12682
v 0 11
v 1 3
v 2 3
v 3 3
v 4 3
v 5 3
v 6 3
v 7 3
v 8 3
v 9 3
v 10 3
v 11 4
v 12 4
v 13 4
v 14 4
v 15 4
v 16 4
v 17 4
v 18 4
v 19 4
v 20 4
v 21 4
v 22 4
v 23 4
v 24 4
e 0 7 1
e 0 8 1
e 1 2 1
e 1 3 1
e 1 7 1
e 1 11 1
e 2 4 1
e 2 8 1
e 2 12 1
e 3 5 1
e 3 9 1
e 3 13 1
e 4 6 1
e 4 10 1
e 4 14 1
e 5 6 1
e 5 15 1
e 5 16 1
e 6 17 1
e 6 18 1
e 7 19 1
e 7 20 1
e 8 21 1
e 8 22 1
e 9 10 2
e 9 23 1
e 10 24 1
t # 12683
v 0 11
v 1 1
v 2 1
v 3 3
v 4 3
v 5 3
v 6 3
v 7 3
v 8 3
v 9 3
v 10 3
v 11 3
v 12 3
v 13 3
v 14 3
v 15 4
v 16 4
v 17 4
v 18 4
v 19 4
v 20 4
v 21 4
v 22 4
v 23 4
v 24 4
v 25 4
v 26 4
e 0 1 2
e 0 2 2
e 0 11 1
e 0 12 1
e 3 4 1
e 3 5 1
e 3 9 1
e 3 15 1
e 4 6 1
e 4 10 1
e 4 16 1
e 5 7 1
e 5 13 1
e 5 17 1
e 6 8 1
e 6 14 1
e 6 18 1
e 7 8 2
e 7 11 1
e 8 12 1
e 9 10 2
e 9 19 1
e 10 20 1
e 11 21 1
e 11 22 1
e 12 23 1
e 12 24 1
e 13 14 2
e 13 25 1
e 14 26 1
t # 12684
v 0 1
v 1 2
v 2 3
v 3 3
v 4 3
v 5 3
v 6 3
v 7 3
v 8 3
v 9 3
v 10 3
v 11 3
v 12 3
v 13 3
v 14 4
v 15 4
v 16 4
v 17 4
v 18 4
v 19 4
v 20 4
v 21 4
v 22 4
v 23 4
v 24 4
e 0 6 2
e 1 2 1
e 1 6 1
e 1 11 1
e 2 4 1
e 2 7 1
e 2 14 1
e 3 5 1
e 3 6 1
e 3 8 1
e 3 15 1
e 4 5 1
e 4 9 2
e 5 10 2
e 7 8 2
e 7 16 1
e 8 17 1
e 9 12 1
e 9 18 1
e 10 13 1
e 10 19 1
e 11 20 1
e 11 21 1
e 11 22 1
e 12 13 2
e 12 23 1
e 13 24 1
t # 12685
v 0 11
v 1 3
v 2 3
v 3 3
v 4 3
v 5 3
v 6 3
v 7 3
v 8 3
v 9 3
v 10 3
v 11 3
v 12 4
v 13 4
v 14 4
v 15 4
v 16 4
v 17 4
v 18 4
v 19 4
v 20 4
v 21 4
v 22 4
v 23 4
v 24 4
v 25 4
e 0 10 1
e 0 11 1
e 1 2 1
e 1 3 1
e 1 5 1
e 1 12 1
e 2 4 1
e 2 5 1
e 2 13 1
e 3 6 1
e 3 8 1
e 3 14 1
e 4 7 1
e 4 9 1
e 4 15 1
e 5 16 1
e 5 17 1
e 6 7 1
e 6 10 1
e 6 18 1
e 7 11 1
e 7 19 1
e 8 9 2
e 8 20 1
e 9 21 1
e 10 22 1
e 10 23 1
e 11 24 1
e 11 25 1
t # 12686
v 0 18
v 1 18
v 2 11
v 3 1
v 4 1
v 5 3
v 6 3
v 7 3
v 8 3
v 9 3
v 10 3
v 11 3
v 12 3
v 13 4
v 14 4
v 15 4
v 16 4
v 17 4
v 18 4
v 19 4
v 20 4
v 21 4
v 22 4
e 2 3 2
e 2 4 2
e 2 5 1
e 2 6 1
e 5 7 1
e 5 11 1
e 5 13 1
e 6 8 1
e 6 12 1
e 6 14 1
e 7 9 1
e 7 15 1
e 8 10 1
e 8 16 1
e 8 17 1
e 9 10 1
e 9 18 1
e 10 19 1
e 10 20 1
e 11 12 2
e 11 21 1
e 12 22 1
t # 12687
v 0 1
v 1 1
v 2 1
v 3 3
v 4 3
v 5 3
v 6 3
v 7 3
v 8 3
v 9 3
v 10 3
v 11 3
v 12 3
v 13 3
v 14 3
v 15 3
v 16 3
v 17 3
v 18 3
v 19 3
v 20 3
v 21 4
v 22 4
v 23 4
v 24 4
v 25 4
v 26 4
v 27 4
v 28 4
v 29 4
v 30 4
v 31 4
v 32 4
v 33 4
v 34 4
e 0 13 1
e 0 14 1
e 1 13 2
e 2 14 2
e 3 4 1
e 3 5 1
e 3 9 1
e 3 21 1
e 4 6 1
e 4 10 1
e 4 22 1
e 5 7 1
e 5 11 1
e 5 23 1
e 6 8 1
e 6 12 1
e 6 24 1
e 7 8 1
e 7 13 1
e 7 25 1
e 8 14 1
e 8 26 1
e 9 10 2
e 9 15 1
e 10 27 1
e 11 12 2
e 11 28 1
e 12 29 1
e 15 16 2
e 15 17 1
e 16 18 1
e 16 30 1
e 17 19 2
e 17 31 1
e 18 20 2
e 18 32 1
e 19 20 1
e 19 33 1
e 20 34 1
t # 12688
v 0 1
v 1 1
v 2 2
v 3 2
v 4 2
v 5 2
v 6 3
v 7 3
v 8 3
v 9 3
v 10 3
v 11 3
v 12 3
v 13 3
v 14 3
v 15 3
v 16 3
v 17 3
v 18 3
v 19 3
v 20 3
v 21 3
v 22 3
v 23 4
v 24 4
v 25 4
v 26 4
v 27 4
v 28 4
v 29 4
v 30 4
v 31 4
v 32 4
v 33 4
v 34 4
e 0 15 2
e 1 16 2
e 2 3 1
e 2 12 1
e 2 15 1
e 3 13 1
e 3 16 1
e 4 15 1
e 4 16 1
e 4 17 1
e 6 7 1
e 6 8 1
e 6 9 1
e 6 14 1
e 7 10 1
e 7 11 1
e 7 23 1
e 8 10 1
e 8 12 1
e 8 24 1
e 9 11 1
e 9 12 1
e 9 25 1
e 10 13 1
e 10 26 1
e 11 13 1
e 11 27 1
e 12 28 1
e 13 29 1
e 17 18 2
e 17 19 1
e 18 20 1
e 18 30 1
e 19 21 2
e 19 31 1
e 20 22 2
e 20 32 1
e 21 22 1
e 21 33 1
e 22 34 1
t # 12689
v 0 11
v 1 1
v 2 1
v 3 3
v 4 3
v 5 3
v 6 3
v 7 3
v 8 3
v 9 3
v 10 3
v 11 4
v 12 4
v 13 4
v 14 4
v 15 4
v 16 4
v 17 4
v 18 4
v 19 4
v 20 4
v 21 4
v 22 4
e 0 1 2
e 0 2 2
e 0 3 1
e 0 4 1
e 3 5 1
e 3 9 1
e 3 11 1
e 4 6 1
e 4 10 1
e 4 12 1
e 5 7 1
e 5 13 1
e 5 14 1
e 6 8 1
e 6 15 1
e 6 16 1
e 7 8 1
e 7 17 1
e 7 18 1
e 8 19 1
e 8 20 1
e 9 10 2
e 9 21 1
e 10 22 1
t # 12690
v 0 2
v 1 2
v 2 3
v 3 3
v 4 3
v 5 3
v 6 3
v 7 3
v 8 3
v 9 3
v 10 3
v 11 3
v 12 3
v 13 3
v 14 3
v 15 3
v 16 3
v 17 3
v 18 3
v 19 3
v 20 3
v 21 3
v 22 3
v 23 3
v 24 3
v 25 3
v 26 4
v 27 4
v 28 4
v 29 4
v 30 4
v 31 4
v 32 4
v 33 4
v 34 4
v 35 4
v 36 4
v 37 4
v 38 4
v 39 4
v 40 4
v 41 4
v 42 4
v 43 4
v 44 4
v 45 4
e 0 2 1
e 0 6 1
e 0 10 1
e 1 16 1
e 1 44 1
e 1 45 1
e 2 3 1
e 2 4 1
e 2 26 1
e 3 5 2
e 3 9 1
e 4 8 1
e 4 12 2
e 5 7 1
e 5 11 1
e 6 7 1
e 6 13 2
e 7 14 2
e 8 15 1
e 8 18 2
e 9 16 2
e 9 27 1
e 10 28 1
e 10 29 1
e 10 30 1
e 11 17 2
e 11 31 1
e 12 19 1
e 12 32 1
e 13 20 1
e 13 33 1
e 14 22 1
e 14 34 1
e 15 21 1
e 15 23 2
e 16 17 1
e 17 35 1
e 18 24 1
e 18 36 1
e 19 21 2
e 19 37 1
e 20 22 2
e 20 39 1
e 21 38 1
e 22 40 1
e 23 25 1
e 23 41 1
e 24 25 2
e 24 42 1
e 25 43 1
t # 12691
v 0 1
v 1 3
v 2 3
v 3 3
v 4 3
v 5 3
v 6 3
v 7 3
v 8 3
v 9 3
v 10 3
v 11 3
v 12 3
v 13 3
v 14 3
v 15 3
v 16 4
v 17 4
v 18 4
v 19 4
v 20 4
v 21 4
v 22 4
v 23 4
v 24 4
v 25 4
v 26 4
v 27 4
v 28 4
v 29 4
v 30 4
v 31 4
v 32 4
v 33 4
e 0 9 2
e 1 3 1
e 1 4 1
e 1 6 1
e 1 9 1
e 2 3 1
e 2 5 1
e 2 7 1
e 2 16 1
e 3 17 1
e 3 18 1
e 4 5 1
e 4 19 1
e 4 20 1
e 5 21 1
e 5 22 1
e 6 8 1
e 6 23 1
e 6 24 1
e 7 8 1
e 7 25 1
e 7 26 1
e 8 27 1
e 8 28 1
e 9 10 1
e 10 11 2
e 10 12 1
e 11 13 1
e 11 29 1
e 12 14 2
e 12 30 1
e 13 15 2
e 13 31 1
e 14 15 1
e 14 32 1
e 15 33 1
t # 12692
v 0 1
v 1 1
v 2 1
v 3 1
v 4 1
v 5 1
v 6 1
v 7 1
v 8 1
v 9 1
v 10 1
v 11 2
v 12 3
v 13 3
v 14 3
v 15 3
v 16 3
v 17 3
v 18 3
v 19 3
v 20 3
v 21 3
v 22 3
v 23 3
v 24 4
v 25 4
v 26 4
v 27 4
v 28 4
v 29 4
v 30 4
v 31 4
v 32 4
v 33 4
v 34 4
v 35 4
v 36 4
v 37 4
v 38 4
v 39 4
v 40 4
v 41 4
v 42 4
v 43 4
v 44 4
v 45 4
v 46 4
e 0 12 1
e 0 38 1
e 1 14 1
e 1 39 1
e 2 15 1
e 2 40 1
e 3 16 1
e 3 41 1
e 4 17 1
e 4 42 1
e 5 18 1
e 5 43 1
e 6 19 1
e 6 44 1
e 7 20 2
e 8 21 1
e 8 45 1
e 9 22 1
e 9 46 1
e 10 23 2
e 11 13 1
e 11 20 1
e 11 32 1
e 12 13 1
e 12 14 1
e 12 24 1
e 13 23 1
e 13 25 1
e 14 18 1
e 14 26 1
e 15 16 1
e 15 17 1
e 15 27 1
e 16 19 1
e 16 28 1
e 17 20 1
e 17 29 1
e 18 21 1
e 18 30 1
e 19 22 1
e 19 31 1
e 21 33 1
e 21 34 1
e 22 35 1
e 22 36 1
e 23 37 1
t # 12693
v 0 1
v 1 3
v 2 3
v 3 3
v 4 3
v 5 3
v 6 3
v 7 3
v 8 3
v 9 3
v 10 3
v 11 3
v 12 3
v 13 3
v 14 3
v 15 3
v 16 3
v 17 3
v 18 3
v 19 4
v 20 4
v 21 4
v 22 4
v 23 4
v 24 4
v 25 4
v 26 4
v 27 4
v 28 4
v 29 4
v 30 4
v 31 4
v 32 4
v 33 4
v 34 4
v 35 4
v 36 4
v 37 4
v 38 4
v 39 4
v 40 4
e 0 12 2
e 1 5 1
e 1 6 1
e 1 10 1
e 1 12 1
e 2 5 1
e 2 7 1
e 2 8 1
e 2 19 1
e 3 6 1
e 3 7 1
e 3 9 1
e 3 20 1
e 4 8 1
e 4 9 1
e 4 11 1
e 4 21 1
e 5 22 1
e 5 23 1
e 6 24 1
e 6 25 1
e 7 26 1
e 7 27 1
e 8 28 1
e 8 29 1
e 9 30 1
e 9 31 1
e 10 11 1
e 10 32 1
e 10 33 1
e 11 34 1
e 11 35 1
e 12 13 1
e 13 14 2
e 13 15 1
e 14 16 1
e 14 36 1
e 15 17 2
e 15 37 1
e 16 18 2
e 16 38 1
e 17 18 1
e 17 39 1
e 18 40 1
t # 12694
v 0 18
v 1 18
v 2 1
v 3 1
v 4 1
v 5 3
v 6 3
v 7 3
v 8 3
v 9 3
v 10 3
v 11 3
v 12 3
v 13 3
v 14 3
v 15 3
v 16 3
v 17 4
v 18 4
v 19 4
v 20 4
v 21 4
v 22 4
v 23 4
v 24 4
v 25 4
v 26 4
e 2 13 1
e 2 15 1
e 3 13 1
e 3 16 1
e 4 14 2
e 5 6 1
e 5 8 1
e 5 9 1
e 5 17 1
e 6 7 1
e 6 11 1
e 6 18 1
e 7 9 1
e 7 12 1
e 7 19 1
e 8 10 1
e 8 11 1
e 8 20 1
e 9 13 1
e 10 12 1
e 10 13 1
e 10 21 1
e 11 14 1
e 12 14 1
e 12 22 1
e 15 16 1
e 15 23 1
e 15 24 1
e 16 25 1
e 16 26 1
t # 12695
v 0 9
v 1 1
v 2 1
v 3 1
v 4 1
v 5 3
v 6 3
v 7 3
v 8 3
v 9 3
v 10 3
v 11 3
v 12 3
v 13 3
v 14 3
v 15 3
v 16 3
v 17 3
v 18 3
v 19 3
v 20 3
v 21 3
v 22 3
v 23 4
v 24 4
v 25 4
v 26 4
v 27 4
v 28 4
v 29 4
v 30 4
v 31 4
v 32 4
v 33 4
v 34 4
v 35 4
v 36 4
v 37 4
v 38 4
v 39 4
v 40 4
v 41 4
v 42 4
v 43 4
v 44 4
e 1 7 1
e 1 27 1
e 2 8 1
e 2 28 1
e 3 9 2
e 4 10 2
e 5 11 1
e 5 23 1
e 5 24 1
e 6 12 1
e 6 25 1
e 6 26 1
e 7 10 1
e 7 13 2
e 8 9 1
e 8 14 2
e 9 15 1
e 10 16 1
e 11 29 1
e 11 30 1
e 11 31 1
e 12 32 1
e 12 33 1
e 12 34 1
e 13 17 1
e 13 35 1
e 14 18 1
e 14 36 1
e 15 19 2
e 15 37 1
e 16 20 2
e 16 38 1
e 17 21 2
e 17 39 1
e 18 22 2
e 18 40 1
e 19 22 1
e 19 41 1
e 20 21 1
e 20 42 1
e 21 43 1
e 22 44 1
t # 12696
v 0 9
v 1 1
v 2 1
v 3 1
v 4 1
v 5 3
v 6 3
v 7 3
v 8 3
v 9 3
v 10 3
v 11 3
v 12 3
v 13 3
v 14 3
v 15 3
v 16 3
v 17 3
v 18 3
v 19 3
v 20 3
v 21 3
v 22 3
v 23 3
v 24 3
v 25 3
v 26 3
v 27 4
v 28 4
v 29 4
v 30 4
v 31 4
v 32 4
v 33 4
v 34 4
v 35 4
v 36 4
v 37 4
v 38 4
v 39 4
v 40 4
v 41 4
v 42 4
v 43 4
v 44 4
v 45 4
v 46 4
v 47 4
v 48 4
v 49 4
v 50 4
v 51 4
v 52 4
e 1 7 2
e 2 8 2
e 3 9 2
e 4 10 2
e 5 27 1
e 5 28 1
e 5 29 1
e 6 30 1
e 6 31 1
e 6 32 1
e 7 11 1
e 7 13 1
e 8 12 1
e 8 14 1
e 9 12 1
e 9 15 1
e 10 11 1
e 10 16 1
e 11 33 1
e 11 34 1
e 12 35 1
e 12 36 1
e 13 37 1
e 13 38 1
e 13 39 1
e 14 40 1
e 14 41 1
e 14 42 1
e 15 17 2
e 15 19 1
e 16 18 2
e 16 20 1
e 17 21 1
e 17 43 1
e 18 22 1
e 18 44 1
e 19 23 2
e 19 45 1
e 20 24 2
e 20 46 1
e 21 25 2
e 21 47 1
e 22 26 2
e 22 48 1
e 23 25 1
e 23 49 1
e 24 26 1
e 24 50 1
e 25 51 1
e 26 52 1
t # 12697
v 0 11
v 1 2
v 2 3
v 3 3
v 4 3
v 5 3
v 6 3
v 7 4
v 8 4
v 9 4
v 10 4
v 11 4
v 12 4
v 13 4
v 14 4
v 15 4
v 16 4
v 17 4
v 18 4
v 19 4
e 0 2 1
e 1 4 1
e 1 18 1
e 1 19 1
e 2 3 1
e 2 4 1
e 2 5 1
e 3 6 1
e 3 7 1
e 3 8 1
e 4 9 1
e 4 10 1
e 5 11 1
e 5 12 1
e 5 13 1
e 6 14 1
e 6 15 1
e 6 16 1
t # 12698
v 0 1
v 1 1
v 2 1
v 3 1
v 4 1
v 5 2
v 6 3
v 7 3
v 8 3
v 9 3
v 10 3
v 11 3
v 12 3
v 13 3
v 14 3
v 15 3
v 16 4
v 17 4
v 18 4
v 19 4
v 20 4
v 21 4
v 22 4
v 23 4
v 24 4
v 25 4
v 26 4
v 27 4
v 28 4
e 0 9 1
e 0 23 1
e 1 10 1
e 1 24 1
e 2 12 2
e 3 15 1
e 3 28 1
e 4 15 2
e 5 6 1
e 5 12 1
e 5 19 1
e 6 7 2
e 6 8 1
e 7 9 1
e 7 16 1
e 8 11 2
e 8 17 1
e 9 10 2
e 10 11 1
e 11 18 1
e 12 13 1
e 13 20 1
e 13 21 1
e 13 22 1
e 14 15 1
e 14 25 1
e 14 26 1
e 14 27 1
t # 12699
v 0 1
v 1 1
v 2 1
v 3 3
v 4 3
v 5 3
v 6 3
v 7 3
v 8 3
v 9 3
v 10 3
v 11 3
v 12 3
v 13 3
v 14 3
v 15 4
v 16 4
v 17 4
v 18 4
v 19 4
v 20 4
v 21 4
v 22 4
v 23 4
v 24 4
v 25 4
v 26 4
v 27 4
v 28 4
v 29 4
v 30 4
v 31 4
v 32 4
e 0 4 1
e 0 31 1
e 1 14 1
e 1 32 1
e 2 14 2
e 3 7 1
e 3 8 1
e 3 9 1
e 3 13 1
e 4 7 1
e 4 10 1
e 4 11 1
e 5 8 1
e 5 10 1
e 5 12 1
e 5 15 1
e 6 9 1
e 6 11 1
e 6 12 1
e 6 16 1
e 7 17 1
e 7 18 1
e 8 19 1
e 8 20 1
e 9 21 1
e 9 22 1
e 10 23 1
e 10 24 1
e 11 25 1
e 11 26 1
e 12 27 1
e 12 28 1
e 13 14 1
e 13 29 1
e 13 30 1
