t # 17800
v 0 2
v 1 2
v 2 2
v 3 2
v 4 3
v 5 3
v 6 3
v 7 3
v 8 3
v 9 3
v 10 3
v 11 3
v 12 3
v 13 3
v 14 3
v 15 4
v 16 4
v 17 4
v 18 4
v 19 4
v 20 4
v 21 4
v 22 4
v 23 4
v 24 4
e 0 5 1
e 0 9 2
e 1 2 1
e 1 9 1
e 1 19 1
e 2 5 2
e 4 5 1
e 4 7 2
e 4 8 1
e 6 10 2
e 6 11 1
e 6 13 1
e 7 10 1
e 7 15 1
e 8 11 2
e 8 16 1
e 9 12 1
e 10 17 1
e 11 18 1
e 12 14 1
e 12 20 1
e 12 21 1
e 13 22 1
e 13 23 1
e 13 24 1
t # 17801
v 0 1
v 1 2
v 2 2
v 3 2
v 4 2
v 5 2
v 6 2
v 7 3
v 8 3
v 9 3
v 10 3
v 11 3
v 12 3
v 13 3
v 14 3
v 15 4
v 16 4
v 17 4
v 18 4
v 19 4
v 20 4
v 21 4
v 22 4
e 0 11 2
e 1 2 1
e 1 7 1
e 1 8 1
e 2 11 1
e 2 15 1
e 3 4 1
e 3 7 2
e 4 8 2
e 7 9 1
e 8 10 1
e 9 13 1
e 9 16 1
e 9 17 1
e 10 18 1
e 10 19 1
e 10 20 1
e 11 12 1
e 12 14 1
e 12 21 1
e 12 22 1
t # 17802
v 0 1
v 1 2
v 2 2
v 3 2
v 4 3
v 5 3
v 6 3
v 7 3
v 8 4
v 9 4
v 10 4
v 11 4
v 12 4
v 13 4
v 14 4
e 0 7 2
e 1 2 1
e 1 5 1
e 1 10 1
e 2 7 1
e 2 14 1
e 3 5 2
e 3 7 1
e 4 5 1
e 4 6 1
e 4 8 1
e 4 9 1
e 6 11 1
e 6 12 1
e 6 13 1
t # 17803
v 0 18
v 1 2
v 2 2
v 3 2
v 4 2
v 5 3
v 6 3
v 7 3
v 8 3
v 9 3
v 10 3
v 11 3
v 12 3
v 13 3
v 14 4
v 15 4
v 16 4
v 17 4
v 18 4
v 19 4
v 20 4
v 21 4
v 22 4
v 23 4
v 24 4
v 25 4
v 26 4
e 1 7 1
e 1 8 1
e 1 10 1
e 2 6 1
e 3 9 1
e 5 6 1
e 5 7 1
e 5 9 1
e 5 14 1
e 6 8 1
e 6 11 1
e 7 15 1
e 7 16 1
e 8 17 1
e 8 18 1
e 9 19 1
e 9 20 1
e 10 12 1
e 10 21 1
e 10 22 1
e 12 13 2
e 12 23 1
e 13 24 1
e 13 25 1
t # 17804
v 0 1
v 1 1
v 2 1
v 3 1
v 4 1
v 5 1
v 6 1
v 7 1
v 8 3
v 9 3
v 10 3
v 11 3
v 12 3
v 13 3
v 14 3
v 15 3
v 16 3
v 17 3
v 18 3
v 19 3
v 20 3
v 21 3
v 22 3
v 23 3
v 24 3
v 25 3
v 26 3
v 27 3
v 28 3
v 29 3
v 30 3
v 31 3
v 32 3
v 33 3
v 34 4
v 35 4
v 36 4
v 37 4
v 38 4
v 39 4
v 40 4
v 41 4
v 42 4
v 43 4
v 44 4
v 45 4
v 46 4
v 47 4
v 48 4
v 49 4
v 50 4
v 51 4
v 52 4
v 53 4
v 54 4
v 55 4
v 56 4
v 57 4
v 58 4
v 59 4
v 60 4
v 61 4
e 0 10 1
e 0 39 1
e 1 13 2
e 2 16 1
e 2 28 1
e 3 17 1
e 3 29 1
e 4 16 2
e 5 17 2
e 6 22 1
e 6 30 1
e 7 26 1
e 7 31 1
e 8 9 1
e 8 10 1
e 8 16 1
e 8 34 1
e 9 11 1
e 9 14 1
e 9 35 1
e 10 12 1
e 10 15 1
e 11 13 1
e 11 17 1
e 11 36 1
e 12 13 1
e 12 37 1
e 12 38 1
e 14 18 2
e 14 19 1
e 15 20 2
e 15 21 1
e 18 22 1
e 18 40 1
e 19 23 2
e 19 41 1
e 20 24 1
e 20 42 1
e 21 25 2
e 21 43 1
e 22 26 2
e 23 26 1
e 23 44 1
e 24 27 2
e 24 45 1
e 25 27 1
e 25 46 1
e 27 47 1
e 28 48 1
e 28 49 1
e 28 50 1
e 29 51 1
e 29 52 1
e 29 53 1
e 30 54 1
e 30 55 1
e 30 56 1
e 31 32 1
e 31 57 1
e 31 58 1
e 32 33 2
e 32 59 1
e 33 60 1
e 33 61 1
t # 17805
v 0 1
v 1 1
v 2 1
v 3 1
v 4 1
v 5 1
v 6 1
v 7 1
v 8 3
v 9 3
v 10 3
v 11 3
v 12 3
v 13 3
v 14 3
v 15 3
v 16 3
v 17 3
v 18 3
v 19 3
v 20 3
v 21 3
v 22 3
v 23 3
v 24 3
v 25 3
v 26 3
v 27 3
v 28 4
v 29 4
v 30 4
v 31 4
v 32 4
v 33 4
v 34 4
v 35 4
v 36 4
v 37 4
v 38 4
v 39 4
v 40 4
v 41 4
v 42 4
v 43 4
v 44 4
v 45 4
v 46 4
v 47 4
v 48 4
v 49 4
v 50 4
v 51 4
v 52 4
v 53 4
e 0 10 1
e 0 36 1
e 1 13 2
e 2 16 1
e 2 23 1
e 3 17 1
e 3 24 1
e 4 16 2
e 5 17 2
e 6 20 1
e 6 27 1
e 7 22 1
e 7 50 1
e 8 9 1
e 8 10 1
e 8 16 1
e 8 28 1
e 9 11 1
e 9 14 1
e 9 29 1
e 10 12 1
e 10 15 1
e 11 13 1
e 11 17 1
e 11 30 1
e 12 13 1
e 12 31 1
e 12 32 1
e 14 18 2
e 14 19 1
e 15 33 1
e 15 34 1
e 15 35 1
e 18 20 1
e 18 37 1
e 19 21 2
e 19 38 1
e 20 22 2
e 21 22 1
e 21 39 1
e 23 25 1
e 23 40 1
e 23 41 1
e 24 26 1
e 24 42 1
e 24 43 1
e 25 44 1
e 25 45 1
e 25 46 1
e 26 47 1
e 26 48 1
e 26 49 1
e 27 51 1
e 27 52 1
e 27 53 1
t # 17806
v 0 1
v 1 1
v 2 1
v 3 1
v 4 1
v 5 1
v 6 2
v 7 3
v 8 3
v 9 3
v 10 3
v 11 3
v 12 3
v 13 3
v 14 3
v 15 3
v 16 3
v 17 3
v 18 3
v 19 3
v 20 3
v 21 3
v 22 3
v 23 3
v 24 3
v 25 3
v 26 3
v 27 3
v 28 3
v 29 3
v 30 3
v 31 3
v 32 3
v 33 4
v 34 4
v 35 4
v 36 4
v 37 4
v 38 4
v 39 4
v 40 4
v 41 4
v 42 4
v 43 4
v 44 4
v 45 4
v 46 4
v 47 4
v 48 4
v 49 4
v 50 4
v 51 4
v 52 4
v 53 4
v 54 4
v 55 4
v 56 4
v 57 4
v 58 4
v 59 4
v 60 4
v 61 4
v 62 4
v 63 4
e 0 9 1
e 0 38 1
e 1 12 2
e 2 15 1
e 2 26 1
e 3 16 1
e 3 28 1
e 4 15 2
e 5 16 2
e 6 23 1
e 6 31 1
e 6 32 1
e 7 8 1
e 7 9 1
e 7 15 1
e 7 33 1
e 8 10 1
e 8 13 1
e 8 34 1
e 9 11 1
e 9 14 1
e 10 12 1
e 10 16 1
e 10 35 1
e 11 12 1
e 11 36 1
e 11 37 1
e 13 17 2
e 13 18 1
e 14 19 2
e 14 20 1
e 17 21 1
e 17 39 1
e 18 22 2
e 18 40 1
e 19 24 1
e 19 41 1
e 20 25 2
e 20 42 1
e 21 23 2
e 21 43 1
e 22 23 1
e 22 44 1
e 24 27 2
e 24 45 1
e 25 27 1
e 25 46 1
e 26 29 1
e 26 47 1
e 26 48 1
e 27 49 1
e 28 30 1
e 28 50 1
e 28 51 1
e 29 52 1
e 29 53 1
e 29 54 1
e 30 55 1
e 30 56 1
e 30 57 1
e 31 58 1
e 31 59 1
e 31 60 1
e 32 61 1
e 32 62 1
e 32 63 1
t # 17807
v 0 1
v 1 1
v 2 1
v 3 1
v 4 1
v 5 1
v 6 2
v 7 3
v 8 3
v 9 3
v 10 3
v 11 3
v 12 3
v 13 3
v 14 3
v 15 3
v 16 3
v 17 3
v 18 3
v 19 3
v 20 3
v 21 3
v 22 3
v 23 3
v 24 3
v 25 3
v 26 4
v 27 4
v 28 4
v 29 4
v 30 4
v 31 4
v 32 4
v 33 4
v 34 4
v 35 4
v 36 4
v 37 4
v 38 4
v 39 4
v 40 4
v 41 4
v 42 4
v 43 4
v 44 4
v 45 4
v 46 4
v 47 4
v 48 4
v 49 4
v 50 4
e 0 9 1
e 0 34 1
e 1 12 2
e 2 15 1
e 2 22 1
e 3 16 1
e 3 23 1
e 4 15 2
e 5 16 2
e 6 21 1
e 6 24 1
e 6 25 1
e 7 8 1
e 7 9 1
e 7 15 1
e 7 26 1
e 8 10 1
e 8 13 1
e 8 27 1
e 9 11 1
e 9 14 1
e 10 12 1
e 10 16 1
e 10 28 1
e 11 12 1
e 11 29 1
e 11 30 1
e 13 17 2
e 13 18 1
e 14 31 1
e 14 32 1
e 14 33 1
e 17 19 1
e 17 35 1
e 18 20 2
e 18 36 1
e 19 21 2
e 19 37 1
e 20 21 1
e 20 38 1
e 22 39 1
e 22 40 1
e 22 41 1
e 23 42 1
e 23 43 1
e 23 44 1
e 24 45 1
e 24 46 1
e 24 47 1
e 25 48 1
e 25 49 1
e 25 50 1
t # 17808
v 0 1
v 1 1
v 2 1
v 3 1
v 4 1
v 5 1
v 6 1
v 7 3
v 8 3
v 9 3
v 10 3
v 11 3
v 12 3
v 13 3
v 14 3
v 15 3
v 16 3
v 17 3
v 18 3
v 19 3
v 20 3
v 21 3
v 22 3
v 23 3
v 24 3
v 25 3
v 26 3
v 27 3
v 28 3
v 29 3
v 30 3
v 31 3
v 32 4
v 33 4
v 34 4
v 35 4
v 36 4
v 37 4
v 38 4
v 39 4
v 40 4
v 41 4
v 42 4
v 43 4
v 44 4
v 45 4
v 46 4
v 47 4
v 48 4
v 49 4
v 50 4
v 51 4
v 52 4
v 53 4
v 54 4
v 55 4
v 56 4
v 57 4
v 58 4
v 59 4
e 0 9 1
e 0 37 1
e 1 12 2
e 2 15 1
e 2 26 1
e 3 16 1
e 3 28 1
e 4 15 2
e 5 16 2
e 6 25 1
e 6 31 1
e 7 8 1
e 7 9 1
e 7 15 1
e 7 32 1
e 8 10 1
e 8 13 1
e 8 33 1
e 9 11 1
e 9 14 1
e 10 12 1
e 10 16 1
e 10 34 1
e 11 12 1
e 11 35 1
e 11 36 1
e 13 17 2
e 13 18 1
e 14 19 2
e 14 20 1
e 17 21 1
e 17 38 1
e 18 22 2
e 18 39 1
e 19 23 1
e 19 40 1
e 20 24 2
e 20 41 1
e 21 25 2
e 21 42 1
e 22 25 1
e 22 43 1
e 23 27 2
e 23 44 1
e 24 27 1
e 24 45 1
e 26 29 1
e 26 46 1
e 26 47 1
e 27 48 1
e 28 30 1
e 28 49 1
e 28 50 1
e 29 51 1
e 29 52 1
e 29 53 1
e 30 54 1
e 30 55 1
e 30 56 1
e 31 57 1
e 31 58 1
e 31 59 1
t # 17809
v 0 1
v 1 1
v 2 1
v 3 1
v 4 1
v 5 1
v 6 2
v 7 3
v 8 3
v 9 3
v 10 3
v 11 3
v 12 3
v 13 3
v 14 3
v 15 3
v 16 3
v 17 3
v 18 3
v 19 3
v 20 3
v 21 3
v 22 3
v 23 3
v 24 3
v 25 3
v 26 3
v 27 3
v 28 4
v 29 4
v 30 4
v 31 4
v 32 4
v 33 4
v 34 4
v 35 4
v 36 4
v 37 4
v 38 4
v 39 4
v 40 4
v 41 4
v 42 4
v 43 4
v 44 4
v 45 4
v 46 4
v 47 4
v 48 4
v 49 4
v 50 4
v 51 4
v 52 4
v 53 4
v 54 4
v 55 4
v 56 4
e 0 9 1
e 0 36 1
e 1 12 2
e 2 15 1
e 2 22 1
e 3 16 1
e 3 23 1
e 4 15 2
e 5 16 2
e 6 21 1
e 6 26 1
e 6 27 1
e 7 8 1
e 7 9 1
e 7 15 1
e 7 28 1
e 8 10 1
e 8 13 1
e 8 29 1
e 9 11 1
e 9 14 1
e 10 12 1
e 10 16 1
e 10 30 1
e 11 12 1
e 11 31 1
e 11 32 1
e 13 17 2
e 13 18 1
e 14 33 1
e 14 34 1
e 14 35 1
e 17 19 1
e 17 37 1
e 18 20 2
e 18 38 1
e 19 21 2
e 19 39 1
e 20 21 1
e 20 40 1
e 22 24 1
e 22 41 1
e 22 42 1
e 23 25 1
e 23 43 1
e 23 44 1
e 24 45 1
e 24 46 1
e 24 47 1
e 25 48 1
e 25 49 1
e 25 50 1
e 26 51 1
e 26 52 1
e 26 53 1
e 27 54 1
e 27 55 1
e 27 56 1
t # 17810
v 0 1
v 1 1
v 2 1
v 3 1
v 4 1
v 5 1
v 6 1
v 7 1
v 8 3
v 9 3
v 10 3
v 11 3
v 12 3
v 13 3
v 14 3
v 15 3
v 16 3
v 17 3
v 18 3
v 19 3
v 20 3
v 21 3
v 22 3
v 23 3
v 24 3
v 25 3
v 26 3
v 27 3
v 28 3
v 29 3
v 30 3
v 31 4
v 32 4
v 33 4
v 34 4
v 35 4
v 36 4
v 37 4
v 38 4
v 39 4
v 40 4
v 41 4
v 42 4
v 43 4
v 44 4
v 45 4
v 46 4
v 47 4
v 48 4
v 49 4
v 50 4
v 51 4
v 52 4
v 53 4
v 54 4
v 55 4
v 56 4
v 57 4
v 58 4
v 59 4
v 60 4
e 0 10 1
e 0 39 1
e 1 13 2
e 2 16 1
e 2 23 1
e 3 17 1
e 3 24 1
e 4 16 2
e 5 17 2
e 6 20 1
e 6 27 1
e 7 22 1
e 7 28 1
e 8 9 1
e 8 10 1
e 8 16 1
e 8 31 1
e 9 11 1
e 9 14 1
e 9 32 1
e 10 12 1
e 10 15 1
e 11 13 1
e 11 17 1
e 11 33 1
e 12 13 1
e 12 34 1
e 12 35 1
e 14 18 2
e 14 19 1
e 15 36 1
e 15 37 1
e 15 38 1
e 18 20 1
e 18 40 1
e 19 21 2
e 19 41 1
e 20 22 2
e 21 22 1
e 21 42 1
e 23 25 1
e 23 43 1
e 23 44 1
e 24 26 1
e 24 45 1
e 24 46 1
e 25 47 1
e 25 48 1
e 25 49 1
e 26 50 1
e 26 51 1
e 26 52 1
e 27 53 1
e 27 54 1
e 27 55 1
e 28 29 1
e 28 56 1
e 28 57 1
e 29 30 2
e 29 58 1
e 30 59 1
e 30 60 1
t # 17811
v 0 1
v 1 1
v 2 1
v 3 1
v 4 1
v 5 1
v 6 1
v 7 3
v 8 3
v 9 3
v 10 3
v 11 3
v 12 3
v 13 3
v 14 3
v 15 3
v 16 3
v 17 3
v 18 3
v 19 3
v 20 3
v 21 3
v 22 3
v 23 3
v 24 3
v 25 3
v 26 3
v 27 4
v 28 4
v 29 4
v 30 4
v 31 4
v 32 4
v 33 4
v 34 4
v 35 4
v 36 4
v 37 4
v 38 4
v 39 4
v 40 4
v 41 4
v 42 4
v 43 4
v 44 4
v 45 4
v 46 4
v 47 4
v 48 4
v 49 4
v 50 4
v 51 4
v 52 4
e 0 9 1
e 0 35 1
e 1 12 2
e 2 15 1
e 2 22 1
e 3 16 1
e 3 23 1
e 4 15 2
e 5 16 2
e 6 21 1
e 6 26 1
e 7 8 1
e 7 9 1
e 7 15 1
e 7 27 1
e 8 10 1
e 8 13 1
e 8 28 1
e 9 11 1
e 9 14 1
e 10 12 1
e 10 16 1
e 10 29 1
e 11 12 1
e 11 30 1
e 11 31 1
e 13 17 2
e 13 18 1
e 14 32 1
e 14 33 1
e 14 34 1
e 17 19 1
e 17 36 1
e 18 20 2
e 18 37 1
e 19 21 2
e 19 38 1
e 20 21 1
e 20 39 1
e 22 24 1
e 22 40 1
e 22 41 1
e 23 25 1
e 23 42 1
e 23 43 1
e 24 44 1
e 24 45 1
e 24 46 1
e 25 47 1
e 25 48 1
e 25 49 1
e 26 50 1
e 26 51 1
e 26 52 1
t # 17812
v 0 12
v 1 12
v 2 1
v 3 1
v 4 2
v 5 2
v 6 3
v 7 3
v 8 3
v 9 3
v 10 3
v 11 4
v 12 4
v 13 4
v 14 4
v 15 4
v 16 4
e 0 7 1
e 1 8 1
e 2 6 1
e 2 9 1
e 3 9 1
e 4 10 1
e 6 7 1
e 6 8 1
e 6 11 1
e 7 12 1
e 7 13 1
e 8 14 1
e 8 15 1
e 9 10 2
e 10 16 1
t # 17813
v 0 1
v 1 1
v 2 2
v 3 2
v 4 2
v 5 2
v 6 3
v 7 3
v 8 3
v 9 3
v 10 3
v 11 3
v 12 3
v 13 3
v 14 3
v 15 3
v 16 3
v 17 3
v 18 3
v 19 3
v 20 3
v 21 3
v 22 3
v 23 4
v 24 4
v 25 4
v 26 4
v 27 4
v 28 4
v 29 4
v 30 4
v 31 4
v 32 4
v 33 4
v 34 4
v 35 4
v 36 4
e 0 9 2
e 1 21 1
e 1 22 1
e 2 6 1
e 2 8 1
e 2 9 1
e 3 7 1
e 3 8 1
e 3 13 1
e 4 5 1
e 4 8 2
e 5 12 2
e 6 7 1
e 6 10 2
e 7 11 2
e 9 12 1
e 10 14 1
e 10 23 1
e 11 15 1
e 11 24 1
e 12 16 1
e 13 25 1
e 13 26 1
e 13 27 1
e 14 15 2
e 14 28 1
e 15 29 1
e 16 17 2
e 16 18 1
e 17 19 1
e 17 30 1
e 18 20 2
e 18 31 1
e 19 21 2
e 19 32 1
e 20 21 1
e 20 33 1
e 22 34 1
e 22 35 1
e 22 36 1
t # 17814
v 0 12
v 1 1
v 2 2
v 3 2
v 4 2
v 5 2
v 6 3
v 7 3
v 8 3
v 9 3
v 10 3
v 11 3
v 12 3
v 13 3
v 14 3
v 15 3
v 16 3
v 17 3
v 18 3
v 19 3
v 20 3
v 21 3
v 22 4
v 23 4
v 24 4
v 25 4
v 26 4
v 27 4
v 28 4
v 29 4
v 30 4
v 31 4
v 32 4
e 0 21 1
e 1 9 2
e 2 6 1
e 2 8 1
e 2 9 1
e 3 7 1
e 3 8 1
e 3 12 1
e 4 5 1
e 4 8 2
e 5 13 2
e 6 7 1
e 6 10 2
e 7 11 2
e 9 13 1
e 10 14 1
e 10 22 1
e 11 15 1
e 11 23 1
e 12 24 1
e 12 25 1
e 12 26 1
e 13 16 1
e 14 15 2
e 14 27 1
e 15 28 1
e 16 17 2
e 16 18 1
e 17 19 1
e 17 29 1
e 18 20 2
e 18 30 1
e 19 21 2
e 19 31 1
e 20 21 1
e 20 32 1
t # 17815
v 0 1
v 1 1
v 2 1
v 3 1
v 4 1
v 5 1
v 6 3
v 7 3
v 8 3
v 9 3
v 10 3
v 11 3
v 12 3
v 13 3
v 14 3
v 15 3
v 16 3
v 17 3
v 18 3
v 19 3
v 20 3
v 21 3
v 22 3
v 23 3
v 24 3
v 25 3
v 26 3
v 27 3
v 28 3
v 29 3
v 30 3
v 31 3
v 32 3
v 33 3
v 34 3
v 35 3
v 36 3
v 37 3
v 38 3
v 39 3
v 40 3
v 41 3
v 42 3
v 43 3
v 44 3
v 45 3
v 46 3
v 47 3
v 48 3
v 49 3
v 50 3
v 51 3
v 52 3
v 53 3
v 54 3
v 55 3
v 56 3
v 57 3
v 58 3
v 59 3
v 60 3
v 61 3
v 62 3
v 63 4
v 64 4
v 65 4
v 66 4
v 67 4
v 68 4
v 69 4
v 70 4
v 71 4
v 72 4
v 73 4
v 74 4
v 75 4
v 76 4
v 77 4
v 78 4
v 79 4
v 80 4
v 81 4
v 82 4
v 83 4
v 84 4
v 85 4
v 86 4
v 87 4
v 88 4
v 89 4
v 90 4
v 91 4
v 92 4
v 93 4
v 94 4
v 95 4
v 96 4
v 97 4
v 98 4
v 99 4
v 100 4
v 101 4
v 102 4
v 103 4
v 104 4
v 105 4
v 106 4
v 107 4
v 108 4
v 109 4
v 110 4
v 111 4
v 112 4
v 113 4
v 114 4
v 115 4
v 116 4
v 117 4
v 118 4
v 119 4
v 120 4
v 121 4
v 122 4
v 123 4
v 124 4
v 125 4
v 126 4
v 127 4
v 128 4
e 0 24 1
e 0 60 1
e 1 25 1
e 1 61 1
e 2 26 1
e 2 62 1
e 3 48 1
e 3 117 1
e 4 49 1
e 4 118 1
e 5 50 1
e 5 119 1
e 6 9 1
e 6 33 1
e 6 34 1
e 6 35 1
e 7 10 1
e 7 36 1
e 7 37 1
e 7 38 1
e 8 11 1
e 8 39 1
e 8 40 1
e 8 41 1
e 9 18 2
e 9 21 1
e 10 19 2
e 10 22 1
e 11 20 2
e 11 23 1
e 12 21 2
e 12 24 1
e 12 27 1
e 13 22 2
e 13 25 1
e 13 28 1
e 14 23 2
e 14 26 1
e 14 29 1
e 15 18 1
e 15 24 2
e 15 30 1
e 16 19 1
e 16 25 2
e 16 31 1
e 17 20 1
e 17 26 2
e 17 32 1
e 18 63 1
e 19 64 1
e 20 65 1
e 21 66 1
e 22 67 1
e 23 68 1
e 27 42 1
e 27 69 1
e 27 70 1
e 28 43 1
e 28 71 1
e 28 72 1
e 29 44 1
e 29 73 1
e 29 74 1
e 30 45 1
e 30 75 1
e 30 76 1
e 31 46 1
e 31 77 1
e 31 78 1
e 32 47 1
e 32 79 1
e 32 80 1
e 33 81 1
e 33 82 1
e 33 83 1
e 34 84 1
e 34 85 1
e 34 86 1
e 35 87 1
e 35 88 1
e 35 89 1
e 36 90 1
e 36 91 1
e 36 92 1
e 37 93 1
e 37 94 1
e 37 95 1
e 38 96 1
e 38 97 1
e 38 98 1
e 39 99 1
e 39 100 1
e 39 101 1
e 40 102 1
e 40 103 1
e 40 104 1
e 41 105 1
e 41 106 1
e 41 107 1
e 42 48 2
e 42 51 1
e 43 49 2
e 43 52 1
e 44 49 1
e 44 53 2
e 45 50 2
e 45 54 1
e 46 50 1
e 46 55 2
e 47 48 1
e 47 56 2
e 51 57 2
e 51 108 1
e 52 58 2
e 52 109 1
e 53 58 1
e 53 110 1
e 54 59 2
e 54 111 1
e 55 59 1
e 55 112 1
e 56 57 1
e 56 113 1
e 57 114 1
e 58 115 1
e 59 116 1
e 60 120 1
e 60 121 1
e 60 122 1
e 61 123 1
e 61 124 1
e 61 125 1
e 62 126 1
e 62 127 1
e 62 128 1
t # 17816
v 0 1
v 1 1
v 2 1
v 3 1
v 4 1
v 5 2
v 6 2
v 7 2
v 8 2
v 9 3
v 10 3
v 11 3
v 12 3
v 13 3
v 14 3
v 15 3
v 16 3
v 17 3
v 18 3
v 19 3
v 20 3
v 21 4
v 22 4
v 23 4
v 24 4
v 25 4
v 26 4
v 27 4
v 28 4
v 29 4
v 30 4
v 31 4
v 32 4
v 33 4
v 34 4
e 0 13 1
e 0 30 1
e 1 14 2
e 2 16 2
e 3 19 2
e 4 20 2
e 5 12 1
e 5 13 1
e 5 17 1
e 6 11 1
e 6 16 1
e 6 18 1
e 7 19 1
e 7 31 1
e 7 32 1
e 8 20 1
e 8 33 1
e 8 34 1
e 9 10 1
e 9 11 1
e 9 15 2
e 10 13 2
e 10 14 1
e 11 21 1
e 11 22 1
e 12 14 1
e 12 23 1
e 12 24 1
e 15 16 1
e 15 25 1
e 17 19 1
e 17 26 1
e 17 27 1
e 18 20 1
e 18 28 1
e 18 29 1
t # 17817
v 0 1
v 1 1
v 2 1
v 3 1
v 4 1
v 5 1
v 6 1
v 7 2
v 8 2
v 9 3
v 10 3
v 11 3
v 12 3
v 13 3
v 14 3
v 15 3
v 16 3
v 17 3
v 18 3
v 19 3
v 20 3
v 21 3
v 22 3
v 23 3
v 24 3
v 25 4
v 26 4
v 27 4
v 28 4
v 29 4
v 30 4
v 31 4
v 32 4
v 33 4
v 34 4
v 35 4
v 36 4
v 37 4
v 38 4
v 39 4
v 40 4
v 41 4
v 42 4
v 43 4
v 44 4
e 0 13 1
e 0 34 1
e 1 14 2
e 2 16 2
e 3 19 1
e 3 21 1
e 4 20 1
e 4 22 1
e 5 19 2
e 6 20 2
e 7 12 1
e 7 13 1
e 7 17 1
e 8 11 1
e 8 16 1
e 8 18 1
e 9 10 1
e 9 11 1
e 9 15 2
e 10 13 2
e 10 14 1
e 11 25 1
e 11 26 1
e 12 14 1
e 12 27 1
e 12 28 1
e 15 16 1
e 15 29 1
e 17 19 1
e 17 30 1
e 17 31 1
e 18 20 1
e 18 32 1
e 18 33 1
e 21 23 1
e 21 35 1
e 21 36 1
e 22 24 1
e 22 37 1
e 22 38 1
e 23 39 1
e 23 40 1
e 23 41 1
e 24 42 1
e 24 43 1
e 24 44 1
t # 17818
v 0 1
v 1 1
v 2 1
v 3 2
v 4 2
v 5 2
v 6 3
v 7 3
v 8 3
v 9 3
v 10 3
v 11 3
v 12 3
v 13 3
v 14 3
v 15 3
v 16 3
v 17 3
v 18 3
v 19 4
v 20 4
v 21 4
v 22 4
v 23 4
v 24 4
v 25 4
v 26 4
v 27 4
v 28 4
v 29 4
v 30 4
v 31 4
v 32 4
v 33 4
e 0 11 1
e 0 12 1
e 1 9 2
e 2 11 2
e 3 6 1
e 3 10 1
e 3 11 1
e 4 9 1
e 4 10 2
e 5 10 1
e 5 25 1
e 5 26 1
e 6 7 1
e 6 8 1
e 6 9 1
e 7 19 1
e 7 20 1
e 7 21 1
e 8 22 1
e 8 23 1
e 8 24 1
e 12 13 1
e 12 27 1
e 12 28 1
e 13 14 2
e 13 15 1
e 14 16 1
e 14 29 1
e 15 17 2
e 15 30 1
e 16 18 2
e 16 31 1
e 17 18 1
e 17 32 1
e 18 33 1
t # 17819
v 0 8
v 1 1
v 2 1
v 3 1
v 4 1
v 5 1
v 6 1
v 7 1
v 8 1
v 9 2
v 10 2
v 11 2
v 12 2
v 13 3
v 14 3
v 15 3
v 16 3
v 17 3
v 18 3
v 19 3
v 20 3
v 21 3
v 22 3
v 23 3
v 24 3
v 25 3
v 26 3
v 27 3
v 28 3
v 29 3
v 30 3
v 31 3
v 32 3
v 33 3
v 34 3
v 35 4
v 36 4
v 37 4
v 38 4
v 39 4
v 40 4
v 41 4
v 42 4
v 43 4
v 44 4
v 45 4
v 46 4
v 47 4
v 48 4
v 49 4
v 50 4
v 51 4
v 52 4
v 53 4
v 54 4
v 55 4
v 56 4
v 57 4
v 58 4
v 59 4
v 60 4
v 61 4
v 62 4
v 63 4
v 64 4
v 65 4
v 66 4
v 67 4
v 68 4
v 69 4
v 70 4
v 71 4
v 72 4
v 73 4
v 74 4
v 75 4
v 76 4
v 77 4
e 1 19 2
e 2 23 1
e 2 27 1
e 3 23 2
e 4 24 2
e 5 29 1
e 6 30 1
e 8 28 2
e 9 16 1
e 9 19 1
e 9 44 1
e 10 13 1
e 10 24 1
e 10 45 1
e 11 20 1
e 11 55 1
e 12 25 1
e 12 28 1
e 12 59 1
e 13 14 1
e 13 19 1
e 13 35 1
e 14 15 1
e 14 36 1
e 14 37 1
e 15 18 1
e 15 38 1
e 15 39 1
e 16 17 1
e 16 23 1
e 16 40 1
e 17 21 1
e 17 22 1
e 17 41 1
e 18 20 1
e 18 42 1
e 18 43 1
e 20 46 1
e 20 47 1
e 21 48 1
e 21 49 1
e 21 50 1
e 22 51 1
e 22 52 1
e 22 53 1
e 24 25 1
e 25 26 1
e 25 54 1
e 26 56 1
e 26 57 1
e 26 58 1
e 27 31 1
e 27 60 1
e 27 61 1
e 28 32 1
e 29 33 1
e 29 62 1
e 29 63 1
e 30 34 1
e 30 64 1
e 30 65 1
e 31 66 1
e 31 67 1
e 31 68 1
e 32 69 1
e 32 70 1
e 32 71 1
e 33 72 1
e 33 73 1
e 33 74 1
e 34 75 1
e 34 76 1
e 34 77 1
t # 17820
v 0 1
v 1 1
v 2 1
v 3 1
v 4 1
v 5 1
v 6 1
v 7 1
v 8 1
v 9 1
v 10 1
v 11 3
v 12 3
v 13 3
v 14 3
v 15 3
v 16 3
v 17 3
v 18 3
v 19 3
v 20 3
v 21 3
v 22 3
v 23 3
v 24 3
v 25 3
v 26 3
v 27 4
v 28 4
v 29 4
v 30 4
v 31 4
v 32 4
v 33 4
v 34 4
v 35 4
v 36 4
v 37 4
v 38 4
v 39 4
v 40 4
v 41 4
v 42 4
v 43 4
v 44 4
v 45 4
v 46 4
v 47 4
v 48 4
v 49 4
v 50 4
v 51 4
v 52 4
v 53 4
v 54 4
e 14 0 1
e 15 0 1
e 1 15 1
e 1 16 1
e 2 14 1
e 2 20 1
e 3 11 1
e 3 42 1
e 4 12 1
e 4 45 1
e 5 13 1
e 5 46 1
e 6 17 1
e 6 47 1
e 7 19 1
e 7 48 1
e 8 21 1
e 8 50 1
e 9 22 1
e 9 51 1
e 10 24 1
e 10 52 1
e 11 12 1
e 11 13 1
e 11 18 1
e 12 15 1
e 12 27 1
e 13 16 1
e 13 28 1
e 14 17 1
e 14 21 1
e 15 29 1
e 16 22 1
e 16 30 1
e 17 19 1
e 17 31 1
e 18 23 1
e 18 33 1
e 18 34 1
e 19 20 1
e 19 32 1
e 20 24 1
e 20 35 1
e 21 36 1
e 21 37 1
e 22 38 1
e 22 39 1
e 23 25 1
e 23 40 1
e 23 41 1
e 24 43 1
e 24 44 1
e 25 26 2
e 25 49 1
e 26 53 1
e 26 54 1
t # 17821
v 0 1
v 1 1
v 2 1
v 3 1
v 4 2
v 5 3
v 6 3
v 7 3
v 8 3
v 9 3
v 10 3
v 11 3
v 12 3
v 13 3
v 14 3
v 15 3
v 16 3
v 17 3
v 18 4
v 19 4
v 20 4
v 21 4
v 22 4
v 23 4
v 24 4
v 25 4
v 26 4
v 27 4
v 28 4
v 29 4
v 30 4
v 31 4
v 32 4
v 33 4
v 34 4
v 35 4
v 36 4
v 37 4
v 38 4
e 0 11 1
e 0 13 1
e 1 9 2
e 2 11 2
e 3 12 2
e 4 9 1
e 4 12 1
e 4 26 1
e 5 6 1
e 5 7 1
e 5 8 1
e 5 18 1
e 6 9 1
e 6 11 1
e 6 19 1
e 7 10 1
e 7 20 1
e 7 21 1
e 8 12 1
e 8 22 1
e 8 23 1
e 10 14 1
e 10 24 1
e 10 25 1
e 13 15 1
e 13 16 1
e 13 17 1
e 14 27 1
e 14 28 1
e 14 29 1
e 15 30 1
e 15 31 1
e 15 32 1
e 16 33 1
e 16 34 1
e 16 35 1
e 17 36 1
e 17 37 1
e 17 38 1
t # 17822
v 0 2
v 1 2
v 2 2
v 3 2
v 4 2
v 5 2
v 6 2
v 7 3
v 8 3
v 9 3
v 10 3
v 11 3
v 12 3
v 13 3
v 14 3
v 15 3
v 16 3
v 17 3
v 18 3
v 19 3
v 20 3
v 21 3
v 22 3
v 23 3
v 24 3
v 25 3
v 26 3
v 27 3
v 28 3
v 29 3
v 30 4
v 31 4
v 32 4
v 33 4
v 34 4
v 35 4
v 36 4
v 37 4
v 38 4
v 39 4
v 40 4
v 41 4
v 42 4
v 43 4
v 44 4
v 45 4
v 46 4
v 47 4
v 48 4
v 49 4
v 50 4
v 51 4
v 52 4
v 53 4
v 54 4
v 55 4
v 56 4
e 0 11 2
e 0 12 1
e 7 1 1
e 1 19 1
e 1 40 1
e 8 2 1
e 2 20 1
e 2 41 1
e 3 19 1
e 3 23 1
e 3 44 1
e 4 20 1
e 4 24 1
e 4 45 1
e 5 19 2
e 5 25 1
e 6 20 2
e 6 26 1
e 7 11 1
e 7 13 1
e 7 30 1
e 8 12 1
e 8 14 1
e 8 31 1
e 9 11 1
e 9 15 1
e 9 17 2
e 10 12 2
e 10 16 1
e 10 17 1
e 13 15 1
e 13 32 1
e 13 33 1
e 14 16 1
e 14 34 1
e 14 35 1
e 15 36 1
e 15 37 1
e 16 38 1
e 16 39 1
e 17 18 1
e 18 21 2
e 18 22 1
e 21 27 1
e 21 42 1
e 22 28 2
e 22 43 1
e 23 25 1
e 23 46 1
e 23 47 1
e 24 26 1
e 24 48 1
e 24 49 1
e 25 50 1
e 25 51 1
e 26 52 1
e 26 53 1
e 27 29 2
e 27 54 1
e 28 29 1
e 28 55 1
e 29 56 1
t # 17823
v 0 18
v 1 1
v 2 1
v 3 1
v 4 2
v 5 2
v 6 3
v 7 3
v 8 3
v 9 3
v 10 3
v 11 3
v 12 3
v 13 3
v 14 3
v 15 3
v 16 3
v 17 3
v 18 3
v 19 3
v 20 3
v 21 3
v 22 3
v 23 3
v 24 4
v 25 4
v 26 4
v 27 4
v 28 4
v 29 4
v 30 4
v 31 4
v 32 4
v 33 4
v 34 4
v 35 4
v 36 4
e 1 8 2
e 2 15 2
e 3 20 2
e 4 6 1
e 4 15 1
e 4 16 1
e 5 15 1
e 5 20 1
e 5 31 1
e 6 8 1
e 6 24 1
e 6 25 1
e 7 8 1
e 7 10 2
e 7 11 1
e 9 12 1
e 9 13 2
e 9 14 1
e 10 13 1
e 10 26 1
e 11 14 2
e 11 27 1
e 12 18 2
e 12 19 1
e 13 28 1
e 14 29 1
e 16 17 2
e 16 30 1
e 17 20 1
e 18 21 1
e 18 32 1
e 19 22 2
e 19 33 1
e 21 23 2
e 21 34 1
e 22 23 1
e 22 35 1
e 23 36 1
t # 17824
v 0 1
v 1 1
v 2 1
v 3 1
v 4 2
v 5 2
v 6 2
v 7 2
v 8 2
v 9 3
v 10 3
v 11 3
v 12 3
v 13 3
v 14 3
v 15 3
v 16 3
v 17 3
v 18 3
v 19 3
v 20 3
v 21 3
v 22 4
v 23 4
v 24 4
v 25 4
v 26 4
v 27 4
v 28 4
v 29 4
v 30 4
v 31 4
v 32 4
e 0 21 1
e 0 32 1
e 1 19 2
e 2 20 2
e 3 21 2
e 4 5 1
e 4 9 1
e 4 10 1
e 5 6 1
e 5 23 1
e 6 13 1
e 6 28 1
e 7 19 1
e 8 20 1
e 9 14 2
e 9 15 1
e 10 13 2
e 10 19 1
e 11 12 1
e 11 16 2
e 11 17 1
e 12 18 1
e 12 21 1
e 12 22 1
e 13 20 1
e 14 16 1
e 14 24 1
e 15 17 2
e 15 25 1
e 16 26 1
e 17 27 1
e 18 29 1
e 18 30 1
e 18 31 1
t # 17825
v 0 1
v 1 1
v 2 1
v 3 1
v 4 2
v 5 2
v 6 2
v 7 2
v 8 2
v 9 3
v 10 3
v 11 3
v 12 3
v 13 3
v 14 3
v 15 3
v 16 3
v 17 4
v 18 4
v 19 4
v 20 4
v 21 4
v 22 4
v 23 4
v 24 4
v 25 4
e 0 14 2
e 1 15 2
e 2 16 1
e 2 25 1
e 3 16 2
e 4 5 1
e 4 9 1
e 4 11 1
e 5 6 1
e 5 21 1
e 6 12 1
e 6 24 1
e 7 14 1
e 8 15 1
e 9 10 1
e 9 17 1
e 9 18 1
e 10 13 1
e 10 19 1
e 10 20 1
e 11 12 2
e 11 14 1
e 12 15 1
e 13 16 1
e 13 22 1
e 13 23 1
t # 17826
v 0 1
v 1 1
v 2 2
v 3 2
v 4 2
v 5 2
v 6 2
v 7 2
v 8 2
v 9 3
v 10 3
v 11 3
v 12 3
v 13 3
v 14 3
v 15 3
v 16 3
v 17 3
v 18 3
v 19 3
v 20 3
v 21 4
v 22 4
v 23 4
v 24 4
v 25 4
v 26 4
v 27 4
v 28 4
v 29 4
v 30 4
v 31 4
v 32 4
v 33 4
v 34 4
v 35 4
e 0 16 2
e 1 19 2
e 2 3 1
e 2 9 1
e 2 12 1
e 4 13 1
e 5 7 1
e 5 16 1
e 5 30 1
e 6 8 1
e 6 19 1
e 6 31 1
e 7 32 1
e 7 33 1
e 8 34 1
e 8 35 1
e 9 10 1
e 9 21 1
e 9 22 1
e 10 11 1
e 10 23 1
e 10 24 1
e 11 14 2
e 11 15 1
e 12 13 2
e 12 16 1
e 13 19 1
e 14 17 1
e 14 25 1
e 15 18 2
e 15 26 1
e 17 20 2
e 17 27 1
e 18 20 1
e 18 28 1
e 20 29 1
t # 17827
v 0 11
v 1 11
v 2 11
v 3 19
v 4 1
v 5 1
v 6 1
v 7 1
v 8 1
v 9 1
v 10 1
v 11 1
v 12 3
v 13 3
v 14 3
v 15 3
v 16 3
v 17 3
v 18 3
v 19 3
v 20 3
v 21 3
v 22 3
v 23 3
v 24 3
v 25 4
v 26 4
v 27 4
v 28 4
v 29 4
v 30 4
v 31 4
v 32 4
v 33 4
v 34 4
v 35 4
e 0 6 2
e 0 7 2
e 0 12 1
e 0 13 1
e 1 8 2
e 1 9 2
e 1 12 1
e 2 10 2
e 2 11 2
e 2 12 1
e 4 15 1
e 5 16 1
e 13 14 2
e 13 18 1
e 14 17 1
e 14 25 1
e 15 16 1
e 15 26 1
e 15 27 1
e 16 28 1
e 16 29 1
e 17 19 1
e 17 21 2
e 18 20 2
e 18 30 1
e 19 20 1
e 19 22 2
e 20 31 1
e 21 23 1
e 21 32 1
e 22 24 1
e 22 33 1
e 23 24 2
e 23 34 1
e 24 35 1
t # 17828
v 0 11
v 1 11
v 2 1
v 3 1
v 4 1
v 5 1
v 6 1
v 7 1
v 8 1
v 9 3
v 10 3
v 11 3
v 12 3
v 13 3
v 14 3
v 15 3
v 16 3
v 17 3
v 18 3
v 19 3
v 20 3
v 21 3
v 22 3
v 23 4
v 24 4
v 25 4
v 26 4
v 27 4
v 28 4
v 29 4
v 30 4
v 31 4
v 32 4
v 33 4
v 34 4
e 0 4 2
e 0 5 2
e 0 9 1
e 1 6 2
e 1 7 2
e 1 9 1
e 2 12 1
e 3 13 1
e 8 10 2
e 9 10 1
e 9 23 1
e 10 11 1
e 11 14 2
e 11 16 1
e 12 13 1
e 12 24 1
e 12 25 1
e 13 26 1
e 13 27 1
e 14 15 1
e 14 28 1
e 15 17 1
e 15 19 2
e 16 18 2
e 16 29 1
e 17 18 1
e 17 20 2
e 18 30 1
e 19 21 1
e 19 31 1
e 20 22 1
e 20 32 1
e 21 22 2
e 21 33 1
e 22 34 1
t # 17829
v 0 11
v 1 11
v 2 11
v 3 19
v 4 1
v 5 1
v 6 1
v 7 1
v 8 1
v 9 1
v 10 1
v 11 1
v 12 3
v 13 3
v 14 3
v 15 3
v 16 3
v 17 3
v 18 3
v 19 3
v 20 3
v 21 3
v 22 3
v 23 3
v 24 3
v 25 4
v 26 4
v 27 4
v 28 4
v 29 4
v 30 4
v 31 4
v 32 4
v 33 4
v 34 4
v 35 4
e 0 6 2
e 0 7 2
e 0 12 1
e 0 13 1
e 1 8 2
e 1 9 2
e 1 12 1
e 2 10 2
e 2 11 2
e 2 12 1
e 4 16 1
e 5 17 1
e 13 14 1
e 13 18 2
e 14 15 1
e 14 19 2
e 15 20 1
e 15 22 2
e 16 17 1
e 16 25 1
e 16 26 1
e 17 27 1
e 17 28 1
e 18 21 1
e 18 29 1
e 19 23 1
e 19 30 1
e 20 21 2
e 20 31 1
e 21 32 1
e 22 24 1
e 22 33 1
e 23 24 2
e 23 34 1
e 24 35 1
t # 17830
v 0 11
v 1 11
v 2 1
v 3 1
v 4 1
v 5 1
v 6 1
v 7 1
v 8 3
v 9 3
v 10 3
v 11 3
v 12 3
v 13 3
v 14 3
v 15 3
v 16 3
v 17 3
v 18 3
v 19 3
v 20 3
v 21 3
v 22 3
v 23 4
v 24 4
v 25 4
v 26 4
v 27 4
v 28 4
v 29 4
v 30 4
v 31 4
v 32 4
v 33 4
v 34 4
v 35 4
v 36 4
v 37 4
v 38 4
e 0 4 2
e 0 5 2
e 0 8 1
e 1 6 2
e 1 7 2
e 1 8 1
e 2 13 1
e 3 14 1
e 8 9 1
e 8 23 1
e 9 10 1
e 9 24 1
e 9 25 1
e 10 11 1
e 10 12 2
e 11 15 1
e 11 18 2
e 12 16 1
e 12 19 1
e 13 14 1
e 13 26 1
e 13 27 1
e 14 28 1
e 14 29 1
e 15 17 1
e 15 20 2
e 16 17 2
e 16 30 1
e 17 31 1
e 18 21 1
e 18 32 1
e 19 33 1
e 19 34 1
e 19 35 1
e 20 22 1
e 20 36 1
e 21 22 2
e 21 37 1
e 22 38 1
t # 17831
v 0 11
v 1 11
v 2 1
v 3 1
v 4 1
v 5 1
v 6 1
v 7 1
v 8 2
v 9 2
v 10 3
v 11 3
v 12 3
v 13 3
v 14 3
v 15 3
v 16 3
v 17 3
v 18 3
v 19 3
v 20 3
v 21 4
v 22 4
v 23 4
v 24 4
v 25 4
v 26 4
v 27 4
v 28 4
v 29 4
v 30 4
v 31 4
v 32 4
e 0 4 2
e 0 5 2
e 0 10 1
e 1 6 2
e 1 7 2
e 1 10 1
e 2 13 1
e 3 14 1
e 8 12 1
e 8 15 1
e 8 28 1
e 9 12 2
e 9 16 1
e 10 11 1
e 10 21 1
e 11 12 1
e 11 22 1
e 11 23 1
e 13 14 1
e 13 24 1
e 13 25 1
e 14 26 1
e 14 27 1
e 15 16 1
e 15 17 2
e 16 18 2
e 17 19 1
e 17 29 1
e 18 20 1
e 18 30 1
e 19 20 2
e 19 31 1
e 20 32 1
t # 17832
v 0 12
v 1 1
v 2 2
v 3 2
v 4 3
v 5 3
v 6 3
v 7 3
v 8 3
v 9 3
v 10 3
v 11 3
v 12 3
v 13 3
v 14 3
v 15 3
v 16 3
v 17 3
v 18 3
v 19 4
v 20 4
v 21 4
v 22 4
v 23 4
v 24 4
v 25 4
v 26 4
v 27 4
v 28 4
v 29 4
e 0 16 1
e 1 8 2
e 2 5 1
e 2 6 1
e 2 19 1
e 3 6 1
e 3 12 2
e 4 6 2
e 4 8 1
e 4 10 1
e 5 7 1
e 5 9 2
e 7 13 2
e 7 14 1
e 8 9 1
e 9 20 1
e 10 11 2
e 10 21 1
e 11 12 1
e 11 15 1
e 12 22 1
e 13 16 1
e 13 23 1
e 14 17 2
e 14 24 1
e 15 25 1
e 15 26 1
e 15 27 1
e 16 18 2
e 17 18 1
e 17 28 1
e 18 29 1
t # 17833
v 0 12
v 1 1
v 2 2
v 3 2
v 4 3
v 5 3
v 6 3
v 7 3
v 8 3
v 9 3
v 10 3
v 11 3
v 12 3
v 13 3
v 14 3
v 15 3
v 16 3
v 17 3
v 18 3
v 19 4
v 20 4
v 21 4
v 22 4
v 23 4
v 24 4
v 25 4
v 26 4
v 27 4
v 28 4
v 29 4
e 0 16 1
e 1 8 2
e 2 5 1
e 2 6 1
e 2 19 1
e 3 6 2
e 3 15 1
e 4 6 1
e 4 7 2
e 4 8 1
e 5 9 1
e 5 10 2
e 7 11 1
e 7 12 1
e 8 10 1
e 9 13 2
e 9 14 1
e 10 20 1
e 11 15 2
e 11 21 1
e 12 22 1
e 12 23 1
e 12 24 1
e 13 16 1
e 13 25 1
e 14 17 2
e 14 26 1
e 15 27 1
e 16 18 2
e 17 18 1
e 17 28 1
e 18 29 1
t # 17834
v 0 12
v 1 1
v 2 2
v 3 2
v 4 3
v 5 3
v 6 3
v 7 3
v 8 3
v 9 3
v 10 3
v 11 3
v 12 3
v 13 3
v 14 3
v 15 3
v 16 3
v 17 3
v 18 3
v 19 4
v 20 4
v 21 4
v 22 4
v 23 4
v 24 4
v 25 4
v 26 4
v 27 4
v 28 4
v 29 4
e 0 18 1
e 1 8 2
e 2 5 1
e 2 6 1
e 2 19 1
e 3 6 1
e 3 12 2
e 4 6 2
e 4 8 1
e 4 10 1
e 5 7 1
e 5 9 2
e 7 13 2
e 7 14 1
e 8 9 1
e 9 20 1
e 10 11 2
e 10 21 1
e 11 12 1
e 11 15 1
e 12 22 1
e 13 16 1
e 13 23 1
e 14 17 2
e 14 24 1
e 15 25 1
e 15 26 1
e 15 27 1
e 16 18 2
e 16 28 1
e 17 18 1
e 17 29 1
t # 17835
v 0 1
v 1 1
v 2 1
v 3 1
v 4 1
v 5 1
v 6 2
v 7 2
v 8 3
v 9 3
v 10 3
v 11 3
v 12 3
v 13 3
v 14 3
v 15 3
v 16 3
v 17 3
v 18 3
v 19 3
v 20 3
v 21 4
v 22 4
v 23 4
v 24 4
v 25 4
v 26 4
v 27 4
v 28 4
v 29 4
v 30 4
v 31 4
v 32 4
v 33 4
v 34 4
v 35 4
v 36 4
e 0 15 1
e 0 17 1
e 1 16 1
e 1 18 1
e 2 11 2
e 3 12 2
e 4 15 2
e 5 16 2
e 6 9 1
e 6 10 1
e 6 11 1
e 7 11 1
e 7 12 1
e 7 22 1
e 8 9 2
e 8 12 1
e 8 13 1
e 9 21 1
e 10 14 2
e 10 15 1
e 13 23 1
e 13 24 1
e 13 25 1
e 14 16 1
e 14 26 1
e 17 19 1
e 17 27 1
e 17 28 1
e 18 20 1
e 18 29 1
e 18 30 1
e 19 31 1
e 19 32 1
e 19 33 1
e 20 34 1
e 20 35 1
e 20 36 1
t # 17836
v 0 12
v 1 1
v 2 2
v 3 2
v 4 2
v 5 2
v 6 2
v 7 3
v 8 3
v 9 3
v 10 3
v 11 3
v 12 3
v 13 3
v 14 3
v 15 3
v 16 3
v 17 3
v 18 3
v 19 3
v 20 3
v 21 3
v 22 3
v 23 3
v 24 4
v 25 4
v 26 4
v 27 4
v 28 4
v 29 4
v 30 4
v 31 4
v 32 4
v 33 4
v 34 4
v 35 4
v 36 4
v 37 4
v 38 4
v 39 4
v 40 4
v 41 4
v 42 4
v 43 4
e 1 13 2
e 2 8 1
e 2 12 1
e 2 28 1
e 3 11 1
e 3 13 1
e 3 29 1
e 4 10 1
e 4 18 1
e 4 19 1
e 5 7 1
e 5 12 2
e 6 22 2
e 6 23 1
e 7 8 1
e 7 9 2
e 8 14 2
e 9 13 1
e 9 15 1
e 10 11 1
e 10 24 1
e 10 25 1
e 11 26 1
e 11 27 1
e 12 17 1
e 14 16 1
e 14 30 1
e 15 16 2
e 15 31 1
e 16 32 1
e 17 20 2
e 17 21 1
e 18 33 1
e 18 34 1
e 18 35 1
e 19 36 1
e 19 37 1
e 19 38 1
e 20 22 1
e 20 39 1
e 21 23 2
e 21 40 1
e 22 41 1
e 23 42 1
t # 17837
v 0 12
v 1 14
v 2 1
v 3 2
v 4 2
v 5 2
v 6 2
v 7 3
v 8 3
v 9 3
v 10 3
v 11 3
v 12 3
v 13 3
v 14 3
v 15 3
v 16 3
v 17 3
v 18 3
v 19 3
v 20 3
v 21 3
v 22 3
v 23 3
v 24 4
v 25 4
v 26 4
v 27 4
v 28 4
v 29 4
v 30 4
v 31 4
v 32 4
v 33 4
v 34 4
v 35 4
v 36 4
v 37 4
v 38 4
v 39 4
v 40 4
v 41 4
e 2 12 2
e 3 7 1
e 3 18 1
e 3 19 1
e 4 8 1
e 4 12 1
e 4 28 1
e 5 10 1
e 5 13 2
e 6 11 1
e 6 14 2
e 7 8 1
e 7 24 1
e 7 25 1
e 8 26 1
e 8 27 1
e 9 10 2
e 9 12 1
e 9 15 1
e 10 11 1
e 11 16 2
e 13 14 1
e 13 20 1
e 14 21 1
e 15 17 2
e 15 29 1
e 16 17 1
e 16 30 1
e 17 31 1
e 18 32 1
e 18 33 1
e 18 34 1
e 19 35 1
e 19 36 1
e 19 37 1
e 20 22 2
e 21 23 2
e 21 38 1
e 22 23 1
e 22 39 1
e 23 40 1
t # 17838
v 0 12
v 1 1
v 2 1
v 3 2
v 4 2
v 5 2
v 6 2
v 7 2
v 8 2
v 9 3
v 10 3
v 11 3
v 12 3
v 13 3
v 14 3
v 15 3
v 16 3
v 17 3
v 18 3
v 19 3
v 20 3
v 21 3
v 22 3
v 23 3
v 24 3
v 25 3
v 26 3
v 27 3
v 28 3
v 29 3
v 30 3
v 31 4
v 32 4
v 33 4
v 34 4
v 35 4
v 36 4
v 37 4
v 38 4
v 39 4
v 40 4
v 41 4
v 42 4
v 43 4
v 44 4
v 45 4
v 46 4
v 47 4
v 48 4
v 49 4
v 50 4
v 51 4
v 52 4
v 53 4
v 54 4
v 55 4
v 56 4
v 57 4
v 58 4
v 59 4
e 1 19 2
e 2 20 2
e 3 9 2
e 3 14 1
e 4 10 1
e 4 13 2
e 5 15 1
e 5 19 1
e 5 39 1
e 6 16 1
e 6 20 1
e 6 40 1
e 7 17 1
e 7 27 1
e 7 28 1
e 8 18 1
e 8 29 1
e 8 30 1
e 9 11 1
e 9 13 1
e 10 12 2
e 10 14 1
e 11 19 1
e 11 21 2
e 12 20 1
e 12 22 1
e 13 23 1
e 14 24 2
e 15 17 1
e 15 31 1
e 15 32 1
e 16 18 1
e 16 33 1
e 16 34 1
e 17 35 1
e 17 36 1
e 18 37 1
e 18 38 1
e 21 25 1
e 21 41 1
e 22 26 2
e 22 42 1
e 23 25 2
e 23 43 1
e 24 26 1
e 24 44 1
e 25 45 1
e 26 46 1
e 27 47 1
e 27 48 1
e 27 49 1
e 28 50 1
e 28 51 1
e 28 52 1
e 29 53 1
e 29 54 1
e 29 55 1
e 30 56 1
e 30 57 1
e 30 58 1
t # 17839
v 0 12
v 1 1
v 2 1
v 3 1
v 4 2
v 5 2
v 6 2
v 7 2
v 8 3
v 9 3
v 10 3
v 11 3
v 12 3
v 13 3
v 14 3
v 15 3
v 16 3
v 17 3
v 18 3
v 19 3
v 20 3
v 21 3
v 22 3
v 23 3
v 24 3
v 25 3
v 26 3
v 27 4
v 28 4
v 29 4
v 30 4
v 31 4
v 32 4
v 33 4
v 34 4
v 35 4
v 36 4
v 37 4
v 38 4
v 39 4
v 40 4
v 41 4
v 42 4
v 43 4
v 44 4
v 45 4
v 46 4
v 47 4
v 48 4
v 49 4
e 1 17 1
e 1 25 1
e 2 19 1
e 2 26 1
e 3 15 2
e 4 10 1
e 4 23 1
e 4 24 1
e 5 11 1
e 5 15 1
e 5 31 1
e 6 8 1
e 6 13 2
e 7 12 1
e 7 14 2
e 8 9 2
e 8 12 1
e 9 15 1
e 9 16 1
e 10 11 1
e 10 27 1
e 10 28 1
e 11 29 1
e 11 30 1
e 12 18 2
e 13 14 1
e 13 17 1
e 14 19 1
e 16 20 2
e 16 32 1
e 17 21 2
e 18 20 1
e 18 33 1
e 19 22 2
e 20 34 1
e 21 22 1
e 21 35 1
e 22 36 1
e 23 37 1
e 23 38 1
e 23 39 1
e 24 40 1
e 24 41 1
e 24 42 1
e 25 43 1
e 25 44 1
e 25 45 1
e 26 46 1
e 26 47 1
e 26 48 1
t # 17840
v 0 12
v 1 1
v 2 2
v 3 2
v 4 2
v 5 2
v 6 3
v 7 3
v 8 3
v 9 3
v 10 3
v 11 3
v 12 3
v 13 3
v 14 3
v 15 3
v 16 3
v 17 3
v 18 3
v 19 3
v 20 3
v 21 3
v 22 3
v 23 3
v 24 3
v 25 3
v 26 3
v 27 3
v 28 4
v 29 4
v 30 4
v 31 4
v 32 4
v 33 4
v 34 4
v 35 4
v 36 4
v 37 4
v 38 4
v 39 4
v 40 4
v 41 4
v 42 4
v 43 4
v 44 4
v 45 4
v 46 4
v 47 4
v 48 4
v 49 4
v 50 4
v 51 4
v 52 4
v 53 4
v 54 4
v 55 4
v 56 4
e 1 15 2
e 2 10 1
e 2 12 1
e 2 40 1
e 3 11 1
e 3 15 1
e 3 41 1
e 4 14 2
e 4 20 1
e 5 17 1
e 5 54 1
e 5 55 1
e 6 7 1
e 6 8 1
e 6 28 1
e 6 29 1
e 7 9 1
e 7 30 1
e 7 31 1
e 8 10 1
e 8 32 1
e 8 33 1
e 9 11 1
e 9 34 1
e 9 35 1
e 10 36 1
e 10 37 1
e 11 38 1
e 11 39 1
e 12 17 1
e 12 42 1
e 12 43 1
e 13 14 1
e 13 15 1
e 13 21 2
e 14 16 1
e 16 19 2
e 16 22 1
e 17 44 1
e 17 45 1
e 18 19 1
e 18 20 1
e 18 24 2
e 19 46 1
e 20 25 2
e 21 23 1
e 21 47 1
e 22 23 2
e 22 48 1
e 23 49 1
e 24 26 1
e 24 50 1
e 25 27 1
e 25 51 1
e 26 27 2
e 26 52 1
e 27 53 1
t # 17841
v 0 12
v 1 1
v 2 1
v 3 2
v 4 2
v 5 2
v 6 3
v 7 3
v 8 3
v 9 3
v 10 3
v 11 3
v 12 3
v 13 3
v 14 3
v 15 3
v 16 3
v 17 3
v 18 3
v 19 3
v 20 3
v 21 3
v 22 3
v 23 3
v 24 3
v 25 4
v 26 4
v 27 4
v 28 4
v 29 4
v 30 4
v 31 4
v 32 4
v 33 4
v 34 4
v 35 4
v 36 4
v 37 4
v 38 4
v 39 4
v 40 4
v 41 4
v 42 4
v 43 4
v 44 4
v 45 4
v 46 4
e 1 13 1
e 1 24 1
e 2 15 2
e 3 9 1
e 3 15 1
e 3 31 1
e 4 6 2
e 4 14 1
e 5 11 1
e 5 20 1
e 5 21 1
e 6 7 1
e 6 8 1
e 7 12 2
e 7 13 1
e 8 15 1
e 8 16 2
e 9 11 1
e 9 25 1
e 9 26 1
e 10 12 1
e 10 14 1
e 10 18 2
e 11 27 1
e 11 28 1
e 12 29 1
e 13 17 2
e 14 19 2
e 16 17 1
e 16 30 1
e 17 32 1
e 18 22 1
e 18 33 1
e 19 23 1
e 19 34 1
e 20 35 1
e 20 36 1
e 20 37 1
e 21 38 1
e 21 39 1
e 21 40 1
e 22 23 2
e 22 41 1
e 23 42 1
e 24 43 1
e 24 44 1
e 24 45 1
t # 17842
v 0 12
v 1 12
v 2 1
v 3 2
v 4 2
v 5 2
v 6 3
v 7 3
v 8 3
v 9 3
v 10 3
v 11 3
v 12 3
v 13 3
v 14 3
v 15 3
v 16 3
v 17 3
v 18 3
v 19 3
v 20 3
v 21 3
v 22 3
v 23 3
v 24 4
v 25 4
v 26 4
v 27 4
v 28 4
v 29 4
v 30 4
v 31 4
v 32 4
v 33 4
v 34 4
v 35 4
v 36 4
v 37 4
v 38 4
v 39 4
v 40 4
v 41 4
v 42 4
e 0 15 1
e 2 14 2
e 3 9 1
e 3 20 1
e 3 21 1
e 4 10 1
e 4 14 1
e 4 29 1
e 5 6 2
e 5 13 1
e 6 7 1
e 6 8 1
e 7 12 2
e 7 15 1
e 8 14 1
e 8 16 2
e 9 10 1
e 9 24 1
e 9 25 1
e 10 26 1
e 10 27 1
e 11 12 1
e 11 13 1
e 11 18 2
e 12 28 1
e 13 19 2
e 15 17 2
e 16 17 1
e 16 30 1
e 17 31 1
e 18 22 1
e 18 32 1
e 19 23 1
e 19 33 1
e 20 34 1
e 20 35 1
e 20 36 1
e 21 37 1
e 21 38 1
e 21 39 1
e 22 23 2
e 22 40 1
e 23 41 1
t # 17843
v 0 12
v 1 1
v 2 1
v 3 2
v 4 2
v 5 2
v 6 3
v 7 3
v 8 3
v 9 3
v 10 3
v 11 3
v 12 3
v 13 3
v 14 3
v 15 3
v 16 3
v 17 3
v 18 3
v 19 3
v 20 3
v 21 3
v 22 3
v 23 3
v 24 3
v 25 4
v 26 4
v 27 4
v 28 4
v 29 4
v 30 4
v 31 4
v 32 4
v 33 4
v 34 4
v 35 4
v 36 4
v 37 4
v 38 4
v 39 4
v 40 4
v 41 4
v 42 4
v 43 4
v 44 4
v 45 4
v 46 4
e 1 17 1
e 1 24 1
e 2 14 2
e 3 10 1
e 3 14 1
e 3 31 1
e 4 6 2
e 4 11 1
e 5 12 1
e 5 22 1
e 5 23 1
e 6 7 1
e 6 8 1
e 7 13 2
e 7 15 1
e 8 14 1
e 8 16 2
e 9 11 2
e 9 13 1
e 9 17 1
e 10 12 1
e 10 25 1
e 10 26 1
e 11 19 1
e 12 27 1
e 12 28 1
e 13 29 1
e 15 18 2
e 15 30 1
e 16 18 1
e 16 32 1
e 17 20 2
e 18 33 1
e 19 21 2
e 19 34 1
e 20 21 1
e 20 35 1
e 21 36 1
e 22 37 1
e 22 38 1
e 22 39 1
e 23 40 1
e 23 41 1
e 23 42 1
e 24 43 1
e 24 44 1
e 24 45 1
t # 17844
v 0 12
v 1 1
v 2 1
v 3 2
v 4 2
v 5 2
v 6 3
v 7 3
v 8 3
v 9 3
v 10 3
v 11 3
v 12 3
v 13 3
v 14 3
v 15 3
v 16 3
v 17 3
v 18 3
v 19 3
v 20 3
v 21 3
v 22 3
v 23 3
v 24 3
v 25 3
v 26 3
v 27 3
v 28 3
v 29 3
v 30 3
v 31 4
v 32 4
v 33 4
v 34 4
v 35 4
v 36 4
v 37 4
v 38 4
v 39 4
v 40 4
v 41 4
v 42 4
v 43 4
v 44 4
v 45 4
v 46 4
v 47 4
v 48 4
v 49 4
v 50 4
v 51 4
v 52 4
v 53 4
v 54 4
v 55 4
v 56 4
e 1 17 2
e 2 27 1
e 2 30 1
e 3 8 1
e 3 10 2
e 4 17 1
e 4 18 1
e 4 40 1
e 5 20 1
e 5 28 1
e 5 29 1
e 6 7 1
e 6 8 2
e 6 12 1
e 7 9 1
e 7 14 2
e 8 11 1
e 9 10 1
e 9 15 2
e 10 13 1
e 11 16 2
e 11 17 1
e 12 19 2
e 12 31 1
e 13 23 2
e 13 24 1
e 14 21 1
e 14 32 1
e 15 22 1
e 15 33 1
e 16 19 1
e 16 34 1
e 18 20 1
e 18 35 1
e 18 36 1
e 19 37 1
e 20 38 1
e 20 39 1
e 21 22 2
e 21 41 1
e 22 42 1
e 23 25 1
e 23 43 1
e 24 26 2
e 24 44 1
e 25 27 2
e 25 45 1
e 26 27 1
e 26 46 1
e 28 47 1
e 28 48 1
e 28 49 1
e 29 50 1
e 29 51 1
e 29 52 1
e 30 53 1
e 30 54 1
e 30 55 1
t # 17845
v 0 1
v 1 1
v 2 1
v 3 1
v 4 1
v 5 1
v 6 3
v 7 3
v 8 3
v 9 3
v 10 3
v 11 3
v 12 3
v 13 3
v 14 3
v 15 3
v 16 3
v 17 3
v 18 3
v 19 3
v 20 3
v 21 3
v 22 3
v 23 3
v 24 3
v 25 3
v 26 3
v 27 3
v 28 3
v 29 4
v 30 4
v 31 4
v 32 4
v 33 4
v 34 4
v 35 4
v 36 4
v 37 4
v 38 4
v 39 4
v 40 4
v 41 4
v 42 4
v 43 4
v 44 4
v 45 4
v 46 4
e 0 13 1
e 0 27 1
e 1 14 1
e 1 28 1
e 2 12 2
e 3 13 2
e 4 14 2
e 5 15 2
e 6 7 1
e 6 8 1
e 6 13 1
e 6 14 1
e 7 10 1
e 7 29 1
e 7 30 1
e 8 9 2
e 8 12 1
e 9 11 1
e 9 15 1
e 10 11 2
e 10 18 1
e 11 19 1
e 12 16 1
e 15 17 1
e 16 17 1
e 16 22 2
e 17 23 2
e 18 21 2
e 18 31 1
e 19 20 2
e 19 32 1
e 20 21 1
e 20 24 1
e 21 33 1
e 22 25 1
e 22 34 1
e 23 26 1
e 23 35 1
e 24 36 1
e 24 37 1
e 24 38 1
e 25 26 2
e 25 39 1
e 26 40 1
e 27 41 1
e 27 42 1
e 27 43 1
e 28 44 1
e 28 45 1
e 28 46 1
t # 17846
v 0 11
v 1 8
v 2 1
v 3 1
v 4 1
v 5 3
v 6 3
v 7 3
v 8 3
v 9 3
v 10 3
v 11 3
v 12 3
v 13 3
v 14 3
v 15 3
v 16 3
v 17 3
v 18 4
v 19 4
v 20 4
v 21 4
v 22 4
v 23 4
v 24 4
v 25 4
v 26 4
v 27 4
v 28 4
v 29 4
v 30 4
v 31 4
v 32 4
v 33 4
v 34 4
v 35 4
v 36 4
e 2 5 1
e 3 6 1
e 4 16 1
e 4 17 1
e 5 6 1
e 5 7 1
e 5 8 1
e 6 9 1
e 6 10 1
e 7 18 1
e 7 19 1
e 7 20 1
e 8 21 1
e 8 22 1
e 8 23 1
e 9 24 1
e 9 25 1
e 9 26 1
e 10 27 1
e 10 28 1
e 10 29 1
e 11 12 2
e 11 13 1
e 12 14 1
e 12 30 1
e 13 15 2
e 13 31 1
e 14 16 2
e 14 32 1
e 15 16 1
e 15 33 1
e 17 34 1
e 17 35 1
e 17 36 1
t # 17847
v 0 1
v 1 1
v 2 1
v 3 1
v 4 2
v 5 3
v 6 3
v 7 3
v 8 3
v 9 3
v 10 3
v 11 3
v 12 3
v 13 3
v 14 3
v 15 3
v 16 3
v 17 3
v 18 3
v 19 3
v 20 3
v 21 3
v 22 3
v 23 3
v 24 3
v 25 3
v 26 4
v 27 4
v 28 4
v 29 4
v 30 4
v 31 4
v 32 4
v 33 4
v 34 4
v 35 4
v 36 4
v 37 4
v 38 4
v 39 4
v 40 4
v 41 4
v 42 4
e 0 15 1
e 0 17 1
e 1 13 2
e 2 17 2
e 3 18 2
e 4 5 1
e 4 6 1
e 4 28 1
e 5 7 1
e 5 26 1
e 5 27 1
e 6 9 2
e 6 10 1
e 7 13 1
e 7 14 2
e 8 11 2
e 8 12 1
e 8 17 1
e 9 11 1
e 9 29 1
e 10 12 2
e 10 30 1
e 11 31 1
e 12 32 1
e 13 19 1
e 14 18 1
e 14 33 1
e 15 16 1
e 15 34 1
e 15 35 1
e 16 21 2
e 16 22 1
e 18 20 1
e 19 20 2
e 19 36 1
e 20 37 1
e 21 23 1
e 21 38 1
e 22 24 2
e 22 39 1
e 23 25 2
e 23 40 1
e 24 25 1
e 24 41 1
e 25 42 1
t # 17848
v 0 1
v 1 1
v 2 1
v 3 1
v 4 2
v 5 3
v 6 3
v 7 3
v 8 3
v 9 3
v 10 3
v 11 3
v 12 3
v 13 3
v 14 3
v 15 3
v 16 3
v 17 3
v 18 3
v 19 3
v 20 3
v 21 3
v 22 4
v 23 4
v 24 4
v 25 4
v 26 4
v 27 4
v 28 4
v 29 4
v 30 4
v 31 4
v 32 4
v 33 4
v 34 4
v 35 4
v 36 4
v 37 4
v 38 4
e 0 8 1
e 0 16 1
e 1 14 2
e 2 16 2
e 3 19 2
e 4 5 1
e 4 6 1
e 4 24 1
e 5 7 1
e 5 22 1
e 5 23 1
e 6 10 2
e 6 11 1
e 7 14 1
e 7 15 2
e 8 17 1
e 8 18 1
e 8 25 1
e 9 12 2
e 9 13 1
e 9 16 1
e 10 12 1
e 10 26 1
e 11 13 2
e 11 27 1
e 12 28 1
e 13 29 1
e 14 20 1
e 15 19 1
e 15 30 1
e 17 31 1
e 17 32 1
e 17 33 1
e 18 34 1
e 18 35 1
e 18 36 1
e 19 21 1
e 20 21 2
e 20 37 1
e 21 38 1
t # 17849
v 0 11
v 1 1
v 2 1
v 3 1
v 4 2
v 5 3
v 6 3
v 7 3
v 8 3
v 9 3
v 10 3
v 11 3
v 12 3
v 13 3
v 14 3
v 15 3
v 16 3
v 17 3
v 18 3
v 19 3
v 20 3
v 21 4
v 22 4
v 23 4
v 24 4
v 25 4
v 26 4
v 27 4
v 28 4
v 29 4
v 30 4
v 31 4
v 32 4
v 33 4
v 34 4
v 35 4
v 36 4
v 37 4
v 38 4
v 39 4
v 40 4
v 41 4
e 0 2 2
e 0 3 2
e 0 12 1
e 1 11 2
e 4 15 1
e 4 36 1
e 5 6 1
e 5 8 1
e 5 11 1
e 5 12 1
e 6 7 1
e 6 13 1
e 6 14 1
e 7 9 1
e 7 10 1
e 7 21 1
e 8 9 1
e 8 22 1
e 8 23 1
e 9 24 1
e 9 25 1
e 10 11 1
e 10 26 1
e 10 27 1
e 12 28 1
e 12 29 1
e 13 30 1
e 13 31 1
e 13 32 1
e 14 33 1
e 14 34 1
e 14 35 1
e 15 16 2
e 15 17 1
e 16 18 1
e 16 37 1
e 17 19 2
e 17 38 1
e 18 20 2
e 18 39 1
e 19 20 1
e 19 40 1
e 20 41 1
t # 17850
v 0 1
v 1 1
v 2 2
v 3 3
v 4 3
v 5 3
v 6 3
v 7 3
v 8 3
v 9 3
v 10 3
v 11 3
v 12 3
v 13 3
v 14 3
v 15 3
v 16 3
v 17 3
v 18 3
v 19 3
v 20 4
v 21 4
v 22 4
v 23 4
v 24 4
v 25 4
v 26 4
v 27 4
v 28 4
v 29 4
v 30 4
v 31 4
v 32 4
v 33 4
v 34 4
v 35 4
v 36 4
v 37 4
v 38 4
v 39 4
v 40 4
v 41 4
v 42 4
e 0 9 2
e 1 18 1
e 1 19 1
e 2 7 1
e 2 13 1
e 2 35 1
e 3 4 1
e 3 5 1
e 3 10 1
e 3 11 1
e 4 6 1
e 4 9 1
e 4 12 1
e 5 7 1
e 5 8 1
e 5 20 1
e 6 8 1
e 6 21 1
e 6 22 1
e 7 9 1
e 7 23 1
e 8 24 1
e 8 25 1
e 10 26 1
e 10 27 1
e 10 28 1
e 11 29 1
e 11 30 1
e 11 31 1
e 12 32 1
e 12 33 1
e 12 34 1
e 13 14 2
e 13 15 1
e 14 16 1
e 14 36 1
e 15 17 2
e 15 37 1
e 16 18 2
e 16 38 1
e 17 18 1
e 17 39 1
e 19 40 1
e 19 41 1
e 19 42 1
t # 17851
v 0 1
v 1 2
v 2 2
v 3 3
v 4 3
v 5 3
v 6 3
v 7 3
v 8 3
v 9 3
v 10 3
v 11 3
v 12 3
v 13 3
v 14 3
v 15 3
v 16 3
v 17 3
v 18 4
v 19 4
v 20 4
v 21 4
v 22 4
v 23 4
v 24 4
v 25 4
v 26 4
v 27 4
v 28 4
v 29 4
v 30 4
v 31 4
v 32 4
v 33 4
v 34 4
v 35 4
v 36 4
v 37 4
e 0 9 2
e 1 7 1
e 1 13 1
e 1 33 1
e 2 13 1
e 2 16 2
e 3 4 1
e 3 5 1
e 3 10 1
e 3 11 1
e 4 6 1
e 4 9 1
e 4 12 1
e 5 7 1
e 5 8 1
e 5 18 1
e 6 8 1
e 6 19 1
e 6 20 1
e 7 9 1
e 7 21 1
e 8 22 1
e 8 23 1
e 10 24 1
e 10 25 1
e 10 26 1
e 11 27 1
e 11 28 1
e 11 29 1
e 12 30 1
e 12 31 1
e 12 32 1
e 13 14 2
e 14 15 1
e 14 34 1
e 15 17 2
e 15 35 1
e 16 17 1
e 16 36 1
e 17 37 1
t # 17852
v 0 12
v 1 12
v 2 1
v 3 3
v 4 3
v 5 3
v 6 3
v 7 3
v 8 3
v 9 3
v 10 3
v 11 3
v 12 4
v 13 4
v 14 4
v 15 4
v 16 4
v 17 4
v 18 4
v 19 4
v 20 4
v 21 4
v 22 4
v 23 4
e 0 7 1
e 1 7 1
e 2 10 2
e 3 4 1
e 3 5 1
e 3 12 1
e 3 13 1
e 4 6 1
e 4 14 1
e 4 15 1
e 5 7 1
e 5 9 2
e 6 8 1
e 6 16 1
e 6 17 1
e 7 10 1
e 8 11 1
e 8 18 1
e 8 19 1
e 9 10 1
e 9 20 1
e 11 21 1
e 11 22 1
e 11 23 1
t # 17853
v 0 12
v 1 12
v 2 1
v 3 3
v 4 3
v 5 3
v 6 3
v 7 3
v 8 3
v 9 3
v 10 3
v 11 3
v 12 3
v 13 3
v 14 3
v 15 3
v 16 3
v 17 3
v 18 3
v 19 4
v 20 4
v 21 4
v 22 4
v 23 4
v 24 4
v 25 4
v 26 4
v 27 4
v 28 4
e 0 4 1
e 1 4 1
e 2 6 2
e 3 4 1
e 3 5 2
e 3 7 1
e 4 6 1
e 5 6 1
e 5 8 1
e 7 9 2
e 7 10 1
e 8 11 2
e 8 12 1
e 9 13 1
e 9 19 1
e 10 14 2
e 10 20 1
e 11 15 1
e 11 21 1
e 12 16 2
e 12 22 1
e 13 17 2
e 13 23 1
e 14 17 1
e 14 24 1
e 15 18 2
e 15 25 1
e 16 18 1
e 16 26 1
e 17 27 1
e 18 28 1
t # 17854
v 0 12
v 1 12
v 2 41
v 3 41
v 4 1
v 5 3
v 6 3
v 7 3
v 8 3
v 9 3
v 10 3
v 11 3
v 12 3
v 13 3
v 14 3
v 15 4
v 16 4
v 17 4
v 18 4
v 19 4
v 20 4
v 21 4
v 22 4
v 23 4
v 24 4
v 25 4
v 26 4
v 27 4
v 28 4
v 29 4
v 30 4
v 31 4
v 32 4
e 0 7 1
e 1 7 1
e 4 8 2
e 5 6 2
e 5 7 1
e 6 8 1
e 7 8 1
e 9 15 1
e 9 16 1
e 9 17 1
e 10 18 1
e 10 19 1
e 10 20 1
e 11 21 1
e 11 22 1
e 11 23 1
e 12 24 1
e 12 25 1
e 12 26 1
e 13 27 1
e 13 28 1
e 13 29 1
e 14 30 1
e 14 31 1
e 14 32 1
t # 17855
v 0 18
v 1 18
v 2 3
v 3 3
v 4 3
v 5 3
v 6 3
v 7 3
v 8 3
v 9 3
v 10 3
v 11 3
v 12 3
v 13 3
v 14 4
v 15 4
v 16 4
v 17 4
v 18 4
v 19 4
v 20 4
v 21 4
v 22 4
v 23 4
v 24 4
v 25 4
v 26 4
v 27 4
e 2 3 1
e 2 4 1
e 2 5 1
e 2 6 1
e 3 4 1
e 4 14 1
e 4 15 1
e 5 7 1
e 5 16 1
e 5 17 1
e 6 18 1
e 6 19 1
e 6 20 1
e 7 8 1
e 7 21 1
e 7 22 1
e 8 9 2
e 8 10 1
e 9 11 1
e 9 23 1
e 10 12 2
e 10 24 1
e 11 13 2
e 11 25 1
e 12 13 1
e 12 26 1
e 13 27 1
t # 17856
v 0 11
v 1 1
v 2 1
v 3 1
v 4 1
v 5 3
v 6 3
v 7 3
v 8 3
v 9 3
v 10 3
v 11 3
v 12 3
v 13 3
v 14 3
v 15 3
v 16 3
v 17 3
v 18 3
v 19 3
v 20 3
v 21 3
v 22 4
v 23 4
v 24 4
v 25 4
v 26 4
v 27 4
v 28 4
v 29 4
v 30 4
v 31 4
v 32 4
v 33 4
v 34 4
v 35 4
v 36 4
v 37 4
e 0 3 2
e 0 4 2
e 0 7 1
e 0 12 1
e 1 5 1
e 1 10 1
e 2 7 1
e 2 11 1
e 5 6 1
e 5 8 1
e 5 9 1
e 6 7 2
e 6 22 1
e 8 23 1
e 8 24 1
e 8 25 1
e 9 26 1
e 9 27 1
e 9 28 1
e 10 11 1
e 10 13 2
e 11 14 2
e 12 15 2
e 12 16 1
e 13 17 1
e 13 29 1
e 14 18 1
e 14 30 1
e 15 19 1
e 15 31 1
e 16 20 2
e 16 32 1
e 17 18 2
e 17 33 1
e 18 34 1
e 19 21 2
e 19 35 1
e 20 21 1
e 20 36 1
e 21 37 1
t # 17857
v 0 1
v 1 1
v 2 1
v 3 3
v 4 3
v 5 3
v 6 3
v 7 3
v 8 3
v 9 3
v 10 3
v 11 3
v 12 3
v 13 4
v 14 4
v 15 4
v 16 4
v 17 4
v 18 4
v 19 4
v 20 4
v 21 4
v 22 4
v 23 4
v 24 4
e 0 3 1
e 0 7 1
e 1 4 1
e 1 8 1
e 2 4 1
e 2 22 1
e 3 4 1
e 3 5 1
e 3 6 1
e 4 13 1
e 5 14 1
e 5 15 1
e 5 16 1
e 6 17 1
e 6 18 1
e 6 19 1
e 7 8 1
e 7 9 2
e 8 10 2
e 9 11 1
e 9 20 1
e 10 12 1
e 10 21 1
e 11 12 2
e 11 23 1
e 12 24 1
t # 17858
v 0 27
v 1 8
v 2 3
v 3 3
v 4 3
v 5 3
v 6 3
v 7 3
v 8 3
v 9 3
v 10 3
v 11 3
v 12 3
v 13 3
v 14 3
v 15 3
v 16 4
v 17 4
v 18 4
v 19 4
v 20 4
v 21 4
v 22 4
v 23 4
v 24 4
v 25 4
v 26 4
v 27 4
v 28 4
v 29 4
v 30 4
v 31 4
v 32 4
v 33 4
v 34 4
v 35 4
v 36 4
v 37 4
e 2 4 1
e 2 8 1
e 2 16 1
e 3 5 1
e 3 9 1
e 3 17 1
e 4 5 1
e 4 18 1
e 4 19 1
e 5 20 1
e 5 21 1
e 6 10 1
e 6 22 1
e 6 23 1
e 7 11 2
e 7 12 1
e 8 24 1
e 8 25 1
e 8 26 1
e 9 27 1
e 9 28 1
e 9 29 1
e 10 30 1
e 10 31 1
e 10 32 1
e 11 13 1
e 11 33 1
e 12 14 2
e 12 34 1
e 13 15 2
e 13 35 1
e 14 15 1
e 14 36 1
e 15 37 1
t # 17859
v 0 8
v 1 3
v 2 3
v 3 3
v 4 3
v 5 3
v 6 3
v 7 3
v 8 3
v 9 3
v 10 3
v 11 3
v 12 3
v 13 3
v 14 3
v 15 4
v 16 4
v 17 4
v 18 4
v 19 4
v 20 4
v 21 4
v 22 4
v 23 4
v 24 4
v 25 4
v 26 4
v 27 4
e 1 3 1
e 1 6 1
e 1 15 1
e 2 4 1
e 2 7 1
e 2 16 1
e 3 4 2
e 3 17 1
e 4 18 1
e 5 10 2
e 5 11 1
e 6 8 2
e 6 19 1
e 7 9 2
e 7 20 1
e 8 9 1
e 8 21 1
e 9 22 1
e 10 12 1
e 10 23 1
e 11 13 2
e 11 24 1
e 12 14 2
e 12 25 1
e 13 14 1
e 13 26 1
e 14 27 1
t # 17860
v 0 8
v 1 1
v 2 3
v 3 3
v 4 3
v 5 3
v 6 3
v 7 3
v 8 3
v 9 3
v 10 3
v 11 3
v 12 3
v 13 3
v 14 3
v 15 3
v 16 3
v 17 3
v 18 3
v 19 3
v 20 3
v 21 3
v 22 3
v 23 3
v 24 4
v 25 4
v 26 4
v 27 4
v 28 4
v 29 4
v 30 4
v 31 4
v 32 4
v 33 4
v 34 4
v 35 4
v 36 4
v 37 4
v 38 4
v 39 4
v 40 4
e 2 5 2
e 2 7 1
e 3 6 2
e 3 8 1
e 4 9 2
e 4 10 1
e 5 6 1
e 5 24 1
e 6 25 1
e 7 11 2
e 7 13 1
e 8 12 2
e 8 14 1
e 9 15 1
e 9 26 1
e 10 16 2
e 10 27 1
e 11 18 1
e 11 28 1
e 12 19 1
e 12 29 1
e 13 20 2
e 13 30 1
e 14 21 2
e 14 31 1
e 15 17 2
e 15 32 1
e 16 17 1
e 16 33 1
e 17 34 1
e 18 22 2
e 18 35 1
e 19 23 2
e 19 36 1
e 20 22 1
e 20 37 1
e 21 23 1
e 21 38 1
e 22 39 1
e 23 40 1
t # 17861
v 0 2
v 1 3
v 2 3
v 3 3
v 4 3
v 5 3
v 6 3
v 7 3
v 8 3
v 9 3
v 10 3
v 11 3
v 12 3
v 13 3
v 14 3
v 15 3
v 16 3
v 17 3
v 18 3
v 19 3
v 20 3
v 21 4
v 22 4
v 23 4
v 24 4
v 25 4
v 26 4
v 27 4
v 28 4
v 29 4
v 30 4
v 31 4
v 32 4
v 33 4
v 34 4
v 35 4
e 0 4 1
e 0 16 2
e 1 2 1
e 1 3 1
e 1 7 2
e 2 4 1
e 2 8 2
e 3 5 1
e 3 9 2
e 4 6 2
e 5 10 1
e 5 15 2
e 6 11 1
e 6 14 1
e 7 12 1
e 7 21 1
e 8 13 1
e 8 22 1
e 9 18 1
e 9 23 1
e 10 12 2
e 10 25 1
e 11 13 2
e 11 24 1
e 12 27 1
e 13 26 1
e 14 17 2
e 14 28 1
e 15 19 1
e 15 29 1
e 16 17 1
e 16 20 1
e 17 30 1
e 18 19 2
e 18 31 1
e 19 32 1
e 20 33 1
e 20 34 1
e 20 35 1
t # 17862
v 0 1
v 1 1
v 2 2
v 3 2
v 4 2
v 5 2
v 6 2
v 7 3
v 8 3
v 9 3
v 10 3
v 11 3
v 12 3
v 13 3
v 14 3
v 15 3
v 16 3
v 17 3
v 18 3
v 19 3
v 20 3
v 21 4
v 22 4
v 23 4
v 24 4
v 25 4
v 26 4
v 27 4
v 28 4
v 29 4
v 30 4
v 31 4
v 32 4
v 33 4
v 34 4
v 35 4
e 0 16 1
e 0 18 1
e 1 16 2
e 2 3 1
e 2 8 1
e 2 10 1
e 3 16 1
e 3 23 1
e 4 5 1
e 4 8 2
e 5 10 2
e 7 8 1
e 7 9 1
e 7 21 1
e 7 22 1
e 9 12 2
e 9 13 1
e 10 11 1
e 11 19 1
e 11 24 1
e 11 25 1
e 12 14 1
e 12 26 1
e 13 15 2
e 13 27 1
e 14 17 2
e 14 28 1
e 15 17 1
e 15 29 1
e 17 30 1
e 18 20 1
e 18 31 1
e 18 32 1
e 20 33 1
e 20 34 1
e 20 35 1
t # 17863
v 0 1
v 1 1
v 2 2
v 3 2
v 4 2
v 5 2
v 6 2
v 7 3
v 8 3
v 9 3
v 10 3
v 11 3
v 12 3
v 13 3
v 14 3
v 15 4
v 16 4
v 17 4
v 18 4
v 19 4
v 20 4
v 21 4
v 22 4
v 23 4
v 24 4
v 25 4
e 0 11 1
e 0 12 1
e 1 11 2
e 2 3 1
e 2 7 1
e 2 8 1
e 3 11 1
e 3 15 1
e 4 5 1
e 4 7 2
e 5 8 2
e 7 9 1
e 8 10 1
e 9 14 1
e 9 16 1
e 9 17 1
e 10 18 1
e 10 19 1
e 10 20 1
e 12 13 1
e 12 21 1
e 12 22 1
e 13 23 1
e 13 24 1
e 13 25 1
t # 17864
v 0 1
v 1 1
v 2 1
v 3 1
v 4 1
v 5 2
v 6 2
v 7 2
v 8 2
v 9 2
v 10 3
v 11 3
v 12 3
v 13 3
v 14 3
v 15 3
v 16 3
v 17 3
v 18 3
v 19 3
v 20 3
v 21 3
v 22 3
v 23 3
v 24 3
v 25 3
v 26 3
v 27 3
v 28 3
v 29 3
v 30 3
v 31 3
v 32 3
v 33 3
v 34 3
v 35 3
v 36 3
v 37 3
v 38 3
v 39 4
v 40 4
v 41 4
v 42 4
v 43 4
v 44 4
v 45 4
v 46 4
v 47 4
v 48 4
v 49 4
v 50 4
v 51 4
v 52 4
v 53 4
v 54 4
v 55 4
v 56 4
v 57 4
v 58 4
v 59 4
v 60 4
v 61 4
v 62 4
v 63 4
v 64 4
v 65 4
v 66 4
v 67 4
v 68 4
v 69 4
v 70 4
v 71 4
v 72 4
v 73 4
v 74 4
v 75 4
v 76 4
v 77 4
v 78 4
v 79 4
v 80 4
v 81 4
v 82 4
v 83 4
v 84 4
v 85 4
e 0 27 2
e 1 29 2
e 2 31 1
e 2 78 1
e 3 31 2
e 4 37 1
e 4 38 1
e 5 10 1
e 5 11 1
e 5 49 1
e 6 24 1
e 6 29 1
e 6 72 1
e 7 27 1
e 7 28 1
e 7 73 1
e 8 29 1
e 9 32 1
e 10 12 1
e 10 13 1
e 10 39 1
e 11 14 1
e 11 15 1
e 11 40 1
e 12 16 1
e 12 41 1
e 12 42 1
e 13 17 1
e 13 43 1
e 13 44 1
e 14 18 1
e 14 45 1
e 14 46 1
e 15 19 1
e 15 47 1
e 15 48 1
e 16 20 1
e 16 50 1
e 16 51 1
e 17 20 1
e 17 52 1
e 17 53 1
e 18 21 1
e 18 54 1
e 18 55 1
e 19 21 1
e 19 56 1
e 19 57 1
e 20 58 1
e 20 59 1
e 21 60 1
e 21 61 1
e 22 23 1
e 22 24 1
e 22 62 1
e 22 63 1
e 23 25 1
e 23 26 1
e 23 64 1
e 24 27 1
e 24 65 1
e 25 66 1
e 25 67 1
e 25 68 1
e 26 69 1
e 26 70 1
e 26 71 1
e 28 30 1
e 28 31 1
e 28 74 1
e 30 75 1
e 30 76 1
e 30 77 1
e 32 33 2
e 32 34 1
e 33 35 1
e 33 79 1
e 34 36 2
e 34 80 1
e 35 37 2
e 35 81 1
e 36 37 1
e 36 82 1
e 38 83 1
e 38 84 1
e 38 85 1
t # 17865
v 0 1
v 1 1
v 2 1
v 3 1
v 4 1
v 5 2
v 6 2
v 7 2
v 8 2
v 9 2
v 10 3
v 11 3
v 12 3
v 13 3
v 14 3
v 15 3
v 16 3
v 17 3
v 18 3
v 19 3
v 20 3
v 21 3
v 22 3
v 23 3
v 24 3
v 25 3
v 26 3
v 27 3
v 28 3
v 29 3
v 30 3
v 31 3
v 32 3
v 33 3
v 34 3
v 35 3
v 36 3
v 37 3
v 38 4
v 39 4
v 40 4
v 41 4
v 42 4
v 43 4
v 44 4
v 45 4
v 46 4
v 47 4
v 48 4
v 49 4
v 50 4
v 51 4
v 52 4
v 53 4
v 54 4
v 55 4
v 56 4
v 57 4
v 58 4
v 59 4
v 60 4
v 61 4
v 62 4
v 63 4
v 64 4
v 65 4
v 66 4
v 67 4
v 68 4
v 69 4
v 70 4
v 71 4
v 72 4
v 73 4
v 74 4
v 75 4
v 76 4
v 77 4
v 78 4
v 79 4
v 80 4
v 81 4
v 82 4
e 0 27 2
e 1 28 2
e 2 30 1
e 2 75 1
e 3 30 2
e 4 36 1
e 4 37 1
e 5 10 1
e 5 11 1
e 5 48 1
e 6 24 1
e 6 28 1
e 6 71 1
e 7 27 1
e 7 29 1
e 7 72 1
e 8 28 1
e 9 31 1
e 10 12 1
e 10 13 1
e 10 38 1
e 11 14 1
e 11 15 1
e 11 39 1
e 12 16 1
e 12 40 1
e 12 41 1
e 13 17 1
e 13 42 1
e 13 43 1
e 14 18 1
e 14 44 1
e 14 45 1
e 15 19 1
e 15 46 1
e 15 47 1
e 16 20 1
e 16 49 1
e 16 50 1
e 17 20 1
e 17 51 1
e 17 52 1
e 18 21 1
e 18 53 1
e 18 54 1
e 19 21 1
e 19 55 1
e 19 56 1
e 20 57 1
e 20 58 1
e 21 59 1
e 21 60 1
e 22 23 1
e 22 25 1
e 22 26 1
e 22 61 1
e 23 24 1
e 23 62 1
e 23 63 1
e 24 27 1
e 24 64 1
e 25 65 1
e 25 66 1
e 25 67 1
e 26 68 1
e 26 69 1
e 26 70 1
e 29 30 1
e 29 73 1
e 29 74 1
e 31 32 2
e 31 33 1
e 32 34 1
e 32 76 1
e 33 35 2
e 33 77 1
e 34 36 2
e 34 78 1
e 35 36 1
e 35 79 1
e 37 80 1
e 37 81 1
e 37 82 1
t # 17866
v 0 18
v 1 1
v 2 2
v 3 2
v 4 2
v 5 3
v 6 3
v 7 3
v 8 3
v 9 3
v 10 3
v 11 3
v 12 3
v 13 4
v 14 4
v 15 4
v 16 4
v 17 4
v 18 4
e 1 11 2
e 2 3 1
e 2 6 1
e 2 13 1
e 3 11 1
e 3 16 1
e 4 6 2
e 4 11 1
e 5 6 1
e 5 7 2
e 5 8 1
e 7 9 1
e 7 14 1
e 8 10 2
e 8 15 1
e 9 12 2
e 10 12 1
e 10 17 1
e 12 18 1
t # 17867
v 0 1
v 1 2
v 2 2
v 3 2
v 4 3
v 5 3
v 6 3
v 7 3
v 8 3
v 9 3
v 10 3
v 11 3
v 12 3
v 13 4
v 14 4
v 15 4
v 16 4
v 17 4
v 18 4
v 19 4
v 20 4
v 21 4
e 0 12 2
e 1 2 1
e 1 5 1
e 1 17 1
e 2 12 1
e 2 18 1
e 3 5 2
e 3 12 1
e 4 5 1
e 4 7 2
e 4 8 1
e 6 9 2
e 6 10 1
e 6 11 1
e 7 9 1
e 7 13 1
e 8 10 2
e 8 14 1
e 9 15 1
e 10 16 1
e 11 19 1
e 11 20 1
e 11 21 1
t # 17868
v 0 1
v 1 1
v 2 1
v 3 3
v 4 3
v 5 3
v 6 3
v 7 3
v 8 3
v 9 3
v 10 3
v 11 3
v 12 3
v 13 3
v 14 3
v 15 3
v 16 3
v 17 3
v 18 3
v 19 3
v 20 3
v 21 3
v 22 3
v 23 3
v 24 4
v 25 4
v 26 4
v 27 4
v 28 4
v 29 4
v 30 4
v 31 4
v 32 4
v 33 4
v 34 4
v 35 4
v 36 4
v 37 4
v 38 4
v 39 4
v 40 4
v 41 4
v 42 4
v 43 4
e 0 8 2
e 1 21 1
e 1 23 1
e 2 21 2
e 3 4 1
e 3 5 1
e 3 7 2
e 4 6 1
e 4 24 1
e 4 25 1
e 5 8 1
e 5 9 2
e 6 8 1
e 6 12 2
e 7 11 1
e 7 13 1
e 9 10 1
e 9 26 1
e 10 11 2
e 10 15 1
e 11 27 1
e 12 14 1
e 12 28 1
e 13 29 1
e 13 30 1
e 13 31 1
e 14 16 2
e 14 17 1
e 15 32 1
e 15 33 1
e 15 34 1
e 16 18 1
e 16 21 1
e 17 20 2
e 17 35 1
e 18 19 2
e 18 36 1
e 19 20 1
e 19 22 1
e 20 37 1
e 22 38 1
e 22 39 1
e 22 40 1
e 23 41 1
e 23 42 1
e 23 43 1
t # 17869
v 0 1
v 1 1
v 2 1
v 3 3
v 4 3
v 5 3
v 6 3
v 7 3
v 8 3
v 9 3
v 10 3
v 11 3
v 12 3
v 13 3
v 14 3
v 15 3
v 16 3
v 17 3
v 18 3
v 19 3
v 20 3
v 21 3
v 22 3
v 23 4
v 24 4
v 25 4
v 26 4
v 27 4
v 28 4
v 29 4
v 30 4
v 31 4
v 32 4
v 33 4
v 34 4
v 35 4
v 36 4
v 37 4
v 38 4
v 39 4
v 40 4
e 0 7 2
e 1 22 1
e 1 40 1
e 2 22 2
e 3 4 1
e 3 5 1
e 3 9 2
e 4 6 1
e 4 23 1
e 4 24 1
e 5 7 1
e 5 8 2
e 6 7 1
e 6 12 2
e 8 11 1
e 8 14 1
e 9 10 1
e 9 25 1
e 10 11 2
e 10 15 1
e 11 27 1
e 12 13 1
e 12 26 1
e 13 16 2
e 13 17 1
e 14 28 1
e 14 29 1
e 14 30 1
e 15 31 1
e 15 32 1
e 15 33 1
e 16 19 1
e 16 22 1
e 17 18 2
e 17 34 1
e 18 20 1
e 18 21 1
e 19 20 2
e 19 35 1
e 20 36 1
e 21 37 1
e 21 38 1
e 21 39 1
t # 17870
v 0 1
v 1 1
v 2 1
v 3 3
v 4 3
v 5 3
v 6 3
v 7 3
v 8 3
v 9 3
v 10 3
v 11 3
v 12 3
v 13 3
v 14 3
v 15 3
v 16 3
v 17 3
v 18 3
v 19 3
v 20 3
v 21 3
v 22 4
v 23 4
v 24 4
v 25 4
v 26 4
v 27 4
v 28 4
v 29 4
v 30 4
v 31 4
v 32 4
v 33 4
v 34 4
v 35 4
v 36 4
v 37 4
e 0 8 2
e 1 21 1
e 1 37 1
e 2 21 2
e 3 4 1
e 3 5 1
e 3 7 2
e 4 6 1
e 4 22 1
e 4 23 1
e 5 8 1
e 5 9 2
e 6 8 1
e 6 12 2
e 7 11 1
e 7 13 1
e 9 10 1
e 9 24 1
e 10 11 2
e 10 15 1
e 11 25 1
e 12 14 1
e 12 26 1
e 13 27 1
e 13 28 1
e 13 29 1
e 14 16 1
e 14 17 2
e 15 30 1
e 15 31 1
e 15 32 1
e 16 18 2
e 16 21 1
e 17 19 1
e 17 33 1
e 18 20 1
e 18 34 1
e 19 20 2
e 19 35 1
e 20 36 1
t # 17871
v 0 1
v 1 1
v 2 1
v 3 2
v 4 2
v 5 3
v 6 3
v 7 3
v 8 3
v 9 3
v 10 3
v 11 3
v 12 3
v 13 3
v 14 3
v 15 3
v 16 3
v 17 3
v 18 3
v 19 3
v 20 3
v 21 4
v 22 4
v 23 4
v 24 4
v 25 4
v 26 4
v 27 4
v 28 4
v 29 4
v 30 4
v 31 4
v 32 4
v 33 4
v 34 4
v 35 4
v 36 4
e 0 7 2
e 1 20 1
e 1 36 1
e 2 20 2
e 3 5 1
e 3 6 1
e 3 9 1
e 4 7 1
e 4 8 1
e 4 26 1
e 5 7 1
e 5 21 1
e 5 22 1
e 6 10 2
e 6 11 1
e 8 12 1
e 8 13 2
e 9 23 1
e 9 24 1
e 9 25 1
e 10 14 1
e 10 27 1
e 11 15 2
e 11 28 1
e 12 16 2
e 12 20 1
e 13 18 1
e 13 29 1
e 14 17 2
e 14 30 1
e 15 17 1
e 15 31 1
e 16 19 1
e 16 32 1
e 17 34 1
e 18 19 2
e 18 33 1
e 19 35 1
t # 17872
v 0 12
v 1 12
v 2 12
v 3 12
v 4 1
v 5 1
v 6 2
v 7 2
v 8 3
v 9 3
v 10 3
v 11 3
v 12 3
v 13 3
v 14 3
v 15 3
v 16 3
v 17 3
v 18 3
v 19 3
v 20 3
v 21 3
v 22 3
v 23 3
v 24 3
v 25 3
v 26 4
v 27 4
v 28 4
v 29 4
v 30 4
v 31 4
v 32 4
v 33 4
v 34 4
v 35 4
v 36 4
v 37 4
v 38 4
v 39 4
e 0 16 1
e 1 17 1
e 2 20 1
e 3 21 1
e 4 12 2
e 5 13 2
e 6 8 1
e 6 9 1
e 6 12 1
e 7 10 1
e 7 11 1
e 7 13 1
e 8 10 1
e 8 26 1
e 8 27 1
e 9 11 1
e 9 28 1
e 9 29 1
e 10 30 1
e 10 31 1
e 11 32 1
e 11 33 1
e 12 14 1
e 13 15 1
e 14 16 2
e 14 18 1
e 15 17 2
e 15 19 1
e 16 22 1
e 17 23 1
e 18 20 2
e 18 34 1
e 19 21 2
e 19 35 1
e 20 24 1
e 21 25 1
e 22 24 2
e 22 36 1
e 23 25 2
e 23 37 1
e 24 38 1
e 25 39 1
t # 17873
v 0 12
v 1 12
v 2 12
v 3 12
v 4 11
v 5 11
v 6 1
v 7 1
v 8 1
v 9 1
v 10 2
v 11 2
v 12 3
v 13 3
v 14 3
v 15 3
v 16 3
v 17 3
v 18 3
v 19 3
v 20 3
v 21 3
v 22 3
v 23 3
v 24 3
v 25 3
v 26 3
v 27 3
v 28 4
v 29 4
v 30 4
v 31 4
v 32 4
v 33 4
v 34 4
v 35 4
v 36 4
v 37 4
v 38 4
v 39 4
v 40 4
v 41 4
e 0 18 1
e 1 19 1
e 2 22 1
e 3 23 1
e 4 6 2
e 4 7 2
e 4 16 1
e 5 8 2
e 5 9 2
e 5 17 1
e 10 12 1
e 10 13 1
e 11 14 1
e 11 15 1
e 12 14 1
e 12 28 1
e 12 29 1
e 13 15 1
e 13 30 1
e 13 31 1
e 14 32 1
e 14 33 1
e 15 34 1
e 15 35 1
e 16 18 2
e 16 20 1
e 17 19 2
e 17 21 1
e 18 24 1
e 19 25 1
e 20 22 2
e 20 36 1
e 21 23 2
e 21 37 1
e 22 26 1
e 23 27 1
e 24 26 2
e 24 38 1
e 25 27 2
e 25 39 1
e 26 40 1
e 27 41 1
t # 17874
v 0 12
v 1 1
v 2 1
v 3 1
v 4 1
v 5 1
v 6 3
v 7 3
v 8 3
v 9 3
v 10 3
v 11 3
v 12 3
v 13 3
v 14 3
v 15 3
v 16 3
v 17 3
v 18 3
v 19 3
v 20 3
v 21 3
v 22 4
v 23 4
v 24 4
v 25 4
v 26 4
v 27 4
v 28 4
v 29 4
v 30 4
v 31 4
v 32 4
e 0 20 1
e 1 7 1
e 1 14 1
e 2 9 1
e 2 15 1
e 3 12 1
e 3 21 1
e 4 8 2
e 5 14 1
e 5 29 1
e 6 7 2
e 6 8 1
e 6 10 1
e 7 11 1
e 8 9 1
e 9 14 2
e 10 13 2
e 10 22 1
e 11 12 2
e 11 23 1
e 12 13 1
e 13 24 1
e 15 16 2
e 15 17 1
e 16 18 1
e 16 25 1
e 17 19 2
e 17 26 1
e 18 20 2
e 18 27 1
e 19 20 1
e 19 28 1
e 21 30 1
e 21 31 1
e 21 32 1
t # 17875
v 0 12
v 1 1
v 2 1
v 3 1
v 4 1
v 5 1
v 6 3
v 7 3
v 8 3
v 9 3
v 10 3
v 11 3
v 12 3
v 13 3
v 14 3
v 15 3
v 16 3
v 17 3
v 18 3
v 19 3
v 20 3
v 21 3
v 22 3
v 23 3
v 24 3
v 25 3
v 26 3
v 27 3
v 28 3
v 29 4
v 30 4
v 31 4
v 32 4
v 33 4
v 34 4
v 35 4
v 36 4
v 37 4
v 38 4
v 39 4
v 40 4
v 41 4
v 42 4
v 43 4
e 0 26 1
e 1 8 1
e 1 13 1
e 2 10 1
e 2 20 1
e 3 14 1
e 3 27 1
e 4 13 2
e 5 27 2
e 6 7 1
e 6 9 1
e 6 10 2
e 7 8 2
e 7 11 1
e 8 12 1
e 9 16 2
e 9 17 1
e 10 13 1
e 11 15 2
e 11 29 1
e 12 14 2
e 12 30 1
e 14 15 1
e 15 31 1
e 16 18 1
e 16 32 1
e 17 19 2
e 17 33 1
e 18 21 2
e 18 34 1
e 19 21 1
e 19 35 1
e 20 22 2
e 20 23 1
e 21 36 1
e 22 24 1
e 22 37 1
e 23 25 2
e 23 38 1
e 24 26 2
e 24 39 1
e 25 26 1
e 25 40 1
e 27 28 1
e 28 41 1
e 28 42 1
e 28 43 1
t # 17876
v 0 1
v 1 1
v 2 1
v 3 1
v 4 2
v 5 2
v 6 2
v 7 3
v 8 3
v 9 3
v 10 3
v 11 3
v 12 3
v 13 3
v 14 3
v 15 3
v 16 3
v 17 3
v 18 3
v 19 3
v 20 3
v 21 3
v 22 3
v 23 4
v 24 4
v 25 4
v 26 4
v 27 4
v 28 4
v 29 4
v 30 4
v 31 4
v 32 4
v 33 4
v 34 4
v 35 4
v 36 4
v 37 4
e 0 11 1
e 0 21 1
e 1 16 1
e 1 22 1
e 4 5 1
e 4 7 1
e 4 8 1
e 5 11 2
e 6 14 1
e 7 9 2
e 7 12 1
e 8 10 1
e 8 23 1
e 8 24 1
e 9 11 1
e 9 13 1
e 10 16 1
e 10 17 2
e 12 15 2
e 12 25 1
e 13 14 2
e 13 26 1
e 14 15 1
e 15 27 1
e 16 18 2
e 17 19 1
e 17 28 1
e 18 20 1
e 18 29 1
e 19 20 2
e 19 30 1
e 20 31 1
e 21 32 1
e 21 33 1
e 21 34 1
e 22 35 1
e 22 36 1
e 22 37 1
t # 17877
v 0 11
v 1 1
v 2 1
v 3 1
v 4 1
v 5 1
v 6 1
v 7 1
v 8 1
v 9 1
v 10 1
v 11 1
v 12 2
v 13 2
v 14 2
v 15 3
v 16 3
v 17 3
v 18 3
v 19 3
v 20 3
v 21 3
v 22 3
v 23 3
v 24 3
v 25 3
v 26 3
v 27 3
v 28 3
v 29 3
v 30 3
v 31 3
v 32 3
v 33 3
v 34 3
v 35 3
v 36 3
v 37 3
v 38 3
v 39 3
v 40 3
v 41 3
v 42 3
v 43 4
v 44 4
v 45 4
v 46 4
v 47 4
v 48 4
v 49 4
v 50 4
v 51 4
v 52 4
v 53 4
v 54 4
v 55 4
v 56 4
v 57 4
v 58 4
v 59 4
v 60 4
v 61 4
v 62 4
v 63 4
v 64 4
v 65 4
v 66 4
v 67 4
v 68 4
v 69 4
e 0 21 1
e 1 18 1
e 1 19 1
e 2 15 1
e 2 24 1
e 3 16 1
e 3 26 1
e 4 17 1
e 4 27 1
e 5 20 1
e 5 32 1
e 6 22 2
e 7 24 2
e 8 26 2
e 9 27 2
e 10 32 2
e 11 41 1
e 11 42 1
e 12 18 1
e 12 21 1
e 12 22 1
e 15 16 1
e 15 17 1
e 15 43 1
e 16 18 1
e 16 44 1
e 17 19 1
e 17 45 1
e 18 46 1
e 19 20 1
e 19 47 1
e 20 48 1
e 20 49 1
e 21 23 2
e 22 25 1
e 23 28 1
e 23 34 1
e 24 29 1
e 25 28 2
e 25 35 1
e 26 30 1
e 27 31 1
e 28 33 1
e 29 51 1
e 29 52 1
e 29 53 1
e 30 54 1
e 30 55 1
e 30 56 1
e 31 57 1
e 31 58 1
e 31 59 1
e 32 36 1
e 33 37 2
e 33 38 1
e 36 60 1
e 36 61 1
e 36 62 1
e 37 39 1
e 37 63 1
e 38 40 2
e 38 64 1
e 39 41 2
e 39 65 1
e 40 41 1
e 40 66 1
e 42 67 1
e 42 68 1
e 42 69 1
t # 17878
v 0 11
v 1 1
v 2 1
v 3 1
v 4 1
v 5 1
v 6 1
v 7 1
v 8 1
v 9 1
v 10 1
v 11 2
v 12 2
v 13 2
v 14 3
v 15 3
v 16 3
v 17 3
v 18 3
v 19 3
v 20 3
v 21 3
v 22 3
v 23 3
v 24 3
v 25 3
v 26 3
v 27 3
v 28 3
v 29 3
v 30 3
v 31 3
v 32 3
v 33 3
v 34 3
v 35 3
v 36 3
v 37 3
v 38 3
v 39 3
v 40 3
v 41 4
v 42 4
v 43 4
v 44 4
v 45 4
v 46 4
v 47 4
v 48 4
v 49 4
v 50 4
v 51 4
v 52 4
v 53 4
v 54 4
v 55 4
v 56 4
v 57 4
v 58 4
v 59 4
v 60 4
v 61 4
v 62 4
v 63 4
v 64 4
v 65 4
e 0 20 1
e 1 17 1
e 1 18 1
e 2 14 1
e 2 23 1
e 3 15 1
e 3 25 1
e 4 16 1
e 4 26 1
e 5 19 1
e 5 31 1
e 6 21 2
e 7 23 2
e 8 25 2
e 9 26 2
e 10 31 2
e 11 17 1
e 11 20 1
e 11 21 1
e 14 15 1
e 14 16 1
e 14 41 1
e 15 17 1
e 15 42 1
e 16 18 1
e 16 43 1
e 17 44 1
e 18 19 1
e 18 45 1
e 19 46 1
e 19 47 1
e 20 22 2
e 21 24 1
e 22 27 1
e 22 33 1
e 23 28 1
e 24 27 2
e 24 34 1
e 25 29 1
e 26 30 1
e 27 32 1
e 28 49 1
e 28 50 1
e 28 51 1
e 29 52 1
e 29 53 1
e 29 54 1
e 30 55 1
e 30 56 1
e 30 57 1
e 31 35 1
e 32 36 2
e 32 37 1
e 35 58 1
e 35 59 1
e 35 60 1
e 36 38 1
e 36 61 1
e 37 39 2
e 37 62 1
e 38 40 2
e 38 63 1
e 39 40 1
e 39 64 1
e 40 65 1
t # 17879
v 0 1
v 1 1
v 2 1
v 3 1
v 4 1
v 5 1
v 6 2
v 7 2
v 8 2
v 9 3
v 10 3
v 11 3
v 12 3
v 13 3
v 14 3
v 15 3
v 16 3
v 17 3
v 18 4
v 19 4
v 20 4
v 21 4
v 22 4
v 23 4
v 24 4
v 25 4
v 26 4
v 27 4
v 28 4
v 29 4
v 30 4
v 31 4
v 32 4
e 0 9 1
e 0 24 1
e 1 10 1
e 1 26 1
e 2 11 1
e 2 27 1
e 3 12 1
e 3 28 1
e 4 13 1
e 4 29 1
e 5 15 2
e 6 7 1
e 6 14 2
e 7 15 1
e 7 30 1
e 9 10 1
e 9 11 1
e 9 18 1
e 10 12 1
e 10 19 1
e 11 13 1
e 11 20 1
e 12 14 1
e 12 21 1
e 13 22 1
e 13 23 1
e 14 25 1
e 15 16 1
e 16 17 1
e 16 31 1
e 16 32 1
t # 17880
v 0 11
v 1 11
v 2 1
v 3 1
v 4 1
v 5 1
v 6 1
v 7 1
v 8 1
v 9 1
v 10 1
v 11 1
v 12 2
v 13 3
v 14 3
v 15 3
v 16 3
v 17 3
v 18 3
v 19 3
v 20 3
v 21 3
v 22 3
v 23 3
v 24 3
v 25 3
v 26 3
v 27 3
v 28 3
v 29 3
v 30 4
v 31 4
v 32 4
v 33 4
v 34 4
v 35 4
v 36 4
v 37 4
v 38 4
v 39 4
v 40 4
v 41 4
v 42 4
v 43 4
v 44 4
v 45 4
v 46 4
v 47 4
v 48 4
v 49 4
v 50 4
e 0 17 1
e 0 22 1
e 1 22 1
e 1 27 1
e 2 16 1
e 2 17 1
e 3 13 1
e 3 19 1
e 4 14 1
e 4 20 1
e 5 15 1
e 5 21 1
e 6 18 1
e 6 25 1
e 7 19 2
e 8 20 2
e 9 21 2
e 10 25 2
e 11 28 2
e 12 22 2
e 12 28 1
e 13 14 1
e 13 15 1
e 13 30 1
e 14 16 1
e 14 31 1
e 15 17 1
e 15 32 1
e 16 18 1
e 16 33 1
e 17 34 1
e 18 35 1
e 18 36 1
e 19 23 1
e 20 24 1
e 21 26 1
e 23 37 1
e 23 38 1
e 23 39 1
e 24 40 1
e 24 41 1
e 24 42 1
e 25 29 1
e 26 43 1
e 26 44 1
e 26 45 1
e 27 28 1
e 27 46 1
e 27 47 1
e 29 48 1
e 29 49 1
e 29 50 1
t # 17881
v 0 12
v 1 11
v 2 1
v 3 1
v 4 1
v 5 1
v 6 1
v 7 1
v 8 1
v 9 1
v 10 1
v 11 2
v 12 2
v 13 3
v 14 3
v 15 3
v 16 3
v 17 3
v 18 3
v 19 3
v 20 3
v 21 3
v 22 3
v 23 3
v 24 3
v 25 3
v 26 3
v 27 3
v 28 3
v 29 3
v 30 3
v 31 3
v 32 3
v 33 3
v 34 3
v 35 3
v 36 3
v 37 3
v 38 3
v 39 4
v 40 4
v 41 4
v 42 4
v 43 4
v 44 4
v 45 4
v 46 4
v 47 4
v 48 4
v 49 4
v 50 4
v 51 4
v 52 4
v 53 4
v 54 4
v 55 4
v 56 4
v 57 4
v 58 4
v 59 4
v 60 4
v 61 4
v 62 4
v 63 4
e 0 38 1
e 2 16 1
e 2 17 1
e 3 13 1
e 3 21 1
e 4 14 1
e 4 23 1
e 5 15 1
e 5 24 1
e 6 18 1
e 6 31 1
e 7 21 2
e 8 23 2
e 9 24 2
e 10 31 2
e 11 16 1
e 11 19 1
e 11 20 1
e 13 14 1
e 13 15 1
e 13 39 1
e 14 16 1
e 14 40 1
e 15 17 1
e 15 41 1
e 16 42 1
e 17 18 1
e 17 43 1
e 18 44 1
e 18 45 1
e 19 22 2
e 19 25 1
e 20 26 1
e 21 28 1
e 22 27 1
e 22 46 1
e 23 29 1
e 24 30 1
e 25 32 2
e 25 33 1
e 26 27 2
e 26 34 1
e 27 47 1
e 28 48 1
e 28 49 1
e 28 50 1
e 29 51 1
e 29 52 1
e 29 53 1
e 30 54 1
e 30 55 1
e 30 56 1
e 31 37 1
e 32 35 1
e 32 57 1
e 33 36 2
e 33 58 1
e 35 38 2
e 35 59 1
e 36 38 1
e 36 60 1
e 37 61 1
e 37 62 1
e 37 63 1
t # 17882
v 0 12
v 1 11
v 2 1
v 3 1
v 4 1
v 5 1
v 6 1
v 7 2
v 8 2
v 9 3
v 10 3
v 11 3
v 12 3
v 13 3
v 14 3
v 15 3
v 16 3
v 17 3
v 18 3
v 19 3
v 20 3
v 21 3
v 22 3
v 23 3
v 24 3
v 25 3
v 26 3
v 27 4
v 28 4
v 29 4
v 30 4
v 31 4
v 32 4
v 33 4
v 34 4
v 35 4
v 36 4
v 37 4
v 38 4
v 39 4
v 40 4
v 41 4
v 42 4
v 43 4
e 0 26 1
e 2 11 1
e 2 13 1
e 3 9 1
e 3 34 1
e 4 10 1
e 4 35 1
e 5 12 1
e 5 36 1
e 6 14 1
e 6 38 1
e 7 11 1
e 7 15 1
e 7 16 1
e 9 10 1
e 9 11 1
e 9 27 1
e 10 12 1
e 10 28 1
e 11 29 1
e 12 13 1
e 12 30 1
e 13 14 1
e 13 31 1
e 14 32 1
e 14 33 1
e 15 17 1
e 15 18 2
e 16 19 1
e 17 21 2
e 17 22 1
e 18 20 1
e 18 37 1
e 19 20 2
e 19 23 1
e 20 39 1
e 21 24 1
e 21 40 1
e 22 25 2
e 22 41 1
e 24 26 2
e 24 42 1
e 25 26 1
e 25 43 1
t # 17883
v 0 11
v 1 1
v 2 1
v 3 1
v 4 1
v 5 1
v 6 2
v 7 2
v 8 3
v 9 3
v 10 3
v 11 3
v 12 3
v 13 3
v 14 3
v 15 3
v 16 3
v 17 3
v 18 3
v 19 3
v 20 3
v 21 3
v 22 4
v 23 4
v 24 4
v 25 4
v 26 4
v 27 4
v 28 4
v 29 4
v 30 4
v 31 4
v 32 4
v 33 4
v 34 4
v 35 4
v 36 4
v 37 4
v 38 4
v 39 4
e 1 10 1
e 1 12 1
e 2 8 1
e 2 29 1
e 3 9 1
e 3 30 1
e 4 11 1
e 4 31 1
e 5 13 1
e 5 36 1
e 6 10 1
e 6 14 1
e 6 15 1
e 8 9 1
e 8 10 1
e 8 22 1
e 9 11 1
e 9 24 1
e 10 23 1
e 11 12 1
e 11 25 1
e 12 13 1
e 12 26 1
e 13 27 1
e 13 28 1
e 14 16 2
e 14 18 1
e 15 17 1
e 16 19 1
e 16 20 1
e 17 19 2
e 17 21 1
e 18 32 1
e 18 33 1
e 18 34 1
e 19 35 1
e 20 37 1
e 20 38 1
e 20 39 1
t # 17884
v 0 11
v 1 1
v 2 1
v 3 1
v 4 1
v 5 1
v 6 1
v 7 1
v 8 1
v 9 1
v 10 2
v 11 2
v 12 3
v 13 3
v 14 3
v 15 3
v 16 3
v 17 3
v 18 3
v 19 3
v 20 3
v 21 3
v 22 3
v 23 3
v 24 3
v 25 3
v 26 3
v 27 3
v 28 3
v 29 3
v 30 3
v 31 3
v 32 3
v 33 3
v 34 4
v 35 4
v 36 4
v 37 4
v 38 4
v 39 4
v 40 4
v 41 4
v 42 4
v 43 4
v 44 4
v 45 4
v 46 4
v 47 4
v 48 4
v 49 4
v 50 4
v 51 4
v 52 4
v 53 4
v 54 4
v 55 4
v 56 4
v 57 4
v 58 4
v 59 4
e 1 15 1
e 1 16 1
e 2 12 1
e 2 23 1
e 3 13 1
e 3 24 1
e 4 14 1
e 4 25 1
e 5 17 1
e 5 31 1
e 6 23 2
e 7 24 2
e 8 25 2
e 9 31 2
e 10 15 1
e 10 18 1
e 10 19 1
e 12 13 1
e 12 14 1
e 12 34 1
e 13 15 1
e 13 35 1
e 14 16 1
e 14 36 1
e 15 37 1
e 16 17 1
e 16 38 1
e 17 39 1
e 17 40 1
e 18 20 2
e 18 22 1
e 19 21 1
e 20 26 1
e 20 27 1
e 21 26 2
e 21 32 1
e 22 41 1
e 22 42 1
e 22 43 1
e 23 28 1
e 24 29 1
e 25 30 1
e 26 44 1
e 27 45 1
e 27 46 1
e 27 47 1
e 28 48 1
e 28 49 1
e 28 50 1
e 29 51 1
e 29 52 1
e 29 53 1
e 30 54 1
e 30 55 1
e 30 56 1
e 31 33 1
e 33 57 1
e 33 58 1
e 33 59 1
t # 17885
v 0 11
v 1 11
v 2 1
v 3 1
v 4 1
v 5 1
v 6 1
v 7 2
v 8 2
v 9 3
v 10 3
v 11 3
v 12 3
v 13 3
v 14 3
v 15 3
v 16 3
v 17 3
v 18 3
v 19 3
v 20 3
v 21 3
v 22 3
v 23 3
v 24 3
v 25 3
v 26 3
v 27 3
v 28 3
v 29 3
v 30 3
v 31 3
v 32 3
v 33 4
v 34 4
v 35 4
v 36 4
v 37 4
v 38 4
v 39 4
v 40 4
v 41 4
v 42 4
v 43 4
v 44 4
v 45 4
v 46 4
v 47 4
v 48 4
v 49 4
v 50 4
v 51 4
v 52 4
v 53 4
v 54 4
e 0 24 1
e 0 32 1
e 2 9 1
e 2 13 1
e 3 10 1
e 3 44 1
e 4 11 1
e 4 45 1
e 5 12 1
e 5 46 1
e 6 17 1
e 6 49 1
e 7 9 1
e 7 14 1
e 7 19 1
e 9 10 1
e 9 33 1
e 10 11 1
e 10 34 1
e 11 12 1
e 11 35 1
e 12 13 1
e 12 36 1
e 13 17 1
e 13 37 1
e 14 15 2
e 14 24 1
e 15 16 1
e 15 18 1
e 16 21 2
e 16 22 1
e 17 40 1
e 17 41 1
e 18 20 1
e 18 38 1
e 18 39 1
e 19 21 1
e 20 23 1
e 20 42 1
e 20 43 1
e 21 28 1
e 22 23 1
e 22 25 2
e 23 26 2
e 24 27 2
e 25 29 1
e 25 47 1
e 26 30 1
e 26 48 1
e 27 31 1
e 27 50 1
e 29 30 2
e 29 51 1
e 30 52 1
e 31 32 2
e 31 53 1
e 32 54 1
t # 17886
v 0 1
v 1 1
v 2 1
v 3 1
v 4 2
v 5 3
v 6 3
v 7 3
v 8 3
v 9 3
v 10 3
v 11 3
v 12 3
v 13 3
v 14 3
v 15 3
v 16 3
v 17 3
v 18 3
v 19 3
v 20 3
v 21 3
v 22 3
v 23 3
v 24 4
v 25 4
v 26 4
v 27 4
v 28 4
v 29 4
v 30 4
v 31 4
v 32 4
v 33 4
v 34 4
v 35 4
v 36 4
v 37 4
v 38 4
v 39 4
v 40 4
v 41 4
v 42 4
v 43 4
v 44 4
e 0 16 1
e 0 17 1
e 1 15 2
e 4 21 1
e 5 9 1
e 5 10 1
e 5 11 1
e 5 15 1
e 6 9 1
e 6 12 1
e 6 13 1
e 6 24 1
e 7 10 1
e 7 12 1
e 7 14 1
e 7 25 1
e 8 11 1
e 8 13 1
e 8 14 1
e 8 26 1
e 9 27 1
e 9 28 1
e 10 29 1
e 10 30 1
e 11 31 1
e 11 32 1
e 12 33 1
e 12 34 1
e 13 35 1
e 13 36 1
e 14 37 1
e 14 38 1
e 15 16 1
e 16 17 1
e 16 39 1
e 17 18 1
e 17 40 1
e 18 19 2
e 18 20 1
e 19 21 1
e 19 41 1
e 20 22 2
e 20 42 1
e 21 23 2
e 22 23 1
e 22 43 1
e 23 44 1
t # 17887
v 0 12
v 1 12
v 2 12
v 3 1
v 4 1
v 5 2
v 6 2
v 7 2
v 8 3
v 9 3
v 10 3
v 11 3
v 12 3
v 13 3
v 14 3
v 15 3
v 16 3
v 17 3
v 18 3
v 19 3
v 20 3
v 21 3
v 22 3
v 23 3
v 24 3
v 25 3
v 26 3
v 27 3
v 28 3
v 29 3
v 30 3
v 31 3
v 32 3
v 33 3
v 34 3
v 35 3
v 36 3
v 37 3
v 38 3
v 39 3
v 40 4
v 41 4
v 42 4
v 43 4
v 44 4
v 45 4
v 46 4
v 47 4
v 48 4
v 49 4
v 50 4
v 51 4
v 52 4
v 53 4
v 54 4
v 55 4
v 56 4
v 57 4
v 58 4
v 59 4
v 60 4
v 61 4
v 62 4
v 63 4
v 64 4
v 65 4
v 66 4
v 67 4
e 0 26 1
e 1 39 1
e 2 39 1
e 5 8 1
e 5 9 1
e 5 10 1
e 6 8 1
e 6 11 1
e 6 12 1
e 7 13 1
e 8 13 2
e 9 14 1
e 9 40 1
e 9 41 1
e 10 15 1
e 10 42 1
e 10 43 1
e 11 16 1
e 11 44 1
e 11 45 1
e 12 17 1
e 12 46 1
e 12 47 1
e 13 26 1
e 14 18 2
e 14 22 1
e 15 19 2
e 15 23 1
e 16 20 2
e 16 24 1
e 17 21 2
e 17 25 1
e 18 27 1
e 18 48 1
e 19 28 1
e 19 49 1
e 20 29 1
e 20 50 1
e 21 30 1
e 21 51 1
e 22 31 2
e 22 52 1
e 23 32 2
e 23 53 1
e 24 33 2
e 24 54 1
e 25 34 2
e 25 55 1
e 26 39 2
e 27 35 2
e 27 56 1
e 28 36 2
e 28 57 1
e 29 37 2
e 29 58 1
e 30 38 2
e 30 59 1
e 31 35 1
e 31 60 1
e 32 36 1
e 32 61 1
e 33 37 1
e 33 62 1
e 34 38 1
e 34 63 1
e 35 64 1
e 36 65 1
e 37 66 1
e 38 67 1
t # 17888
v 0 12
v 1 12
v 2 12
v 3 1
v 4 1
v 5 2
v 6 2
v 7 2
v 8 2
v 9 2
v 10 3
v 11 3
v 12 3
v 13 3
v 14 3
v 15 3
v 16 3
v 17 3
v 18 3
v 19 3
v 20 3
v 21 3
v 22 3
v 23 3
v 24 4
v 25 4
v 26 4
v 27 4
v 28 4
v 29 4
v 30 4
v 31 4
v 32 4
v 33 4
v 34 4
v 35 4
v 36 4
v 37 4
e 0 22 1
e 1 23 1
e 2 23 1
e 5 7 1
e 5 10 1
e 5 11 1
e 6 8 1
e 6 10 1
e 6 12 1
e 7 15 2
e 8 16 2
e 9 17 1
e 10 17 2
e 11 13 2
e 11 18 1
e 12 14 2
e 12 19 1
e 13 15 1
e 13 24 1
e 14 16 1
e 14 25 1
e 15 20 1
e 16 21 1
e 17 22 1
e 18 26 1
e 18 27 1
e 18 28 1
e 19 29 1
e 19 30 1
e 19 31 1
e 20 32 1
e 20 33 1
e 20 34 1
e 21 35 1
e 21 36 1
e 21 37 1
e 22 23 2
t # 17889
v 0 1
v 1 1
v 2 1
v 3 1
v 4 3
v 5 3
v 6 3
v 7 3
v 8 3
v 9 3
v 10 3
v 11 3
v 12 3
v 13 3
v 14 3
v 15 3
v 16 3
v 17 3
v 18 3
v 19 3
v 20 3
v 21 4
v 22 4
v 23 4
v 24 4
v 25 4
v 26 4
v 27 4
v 28 4
v 29 4
v 30 4
v 31 4
v 32 4
e 0 5 1
e 0 8 1
e 1 6 1
e 1 15 1
e 2 12 2
e 3 15 2
e 4 5 1
e 4 6 1
e 4 7 2
e 5 9 2
e 6 10 2
e 7 13 1
e 7 21 1
e 8 12 1
e 8 22 1
e 8 23 1
e 9 15 1
e 9 24 1
e 10 14 1
e 10 25 1
e 11 12 1
e 11 16 2
e 11 17 1
e 13 14 2
e 13 26 1
e 14 27 1
e 16 18 1
e 16 28 1
e 17 19 2
e 17 29 1
e 18 20 2
e 18 30 1
e 19 20 1
e 19 31 1
e 20 32 1
t # 17890
v 0 1
v 1 1
v 2 1
v 3 1
v 4 2
v 5 2
v 6 2
v 7 2
v 8 3
v 9 3
v 10 3
v 11 3
v 12 3
v 13 3
v 14 3
v 15 3
v 16 3
v 17 3
v 18 3
v 19 3
v 20 3
v 21 3
v 22 3
v 23 3
v 24 3
v 25 3
v 26 3
v 27 3
v 28 3
v 29 3
v 30 3
v 31 3
v 32 3
v 33 3
v 34 3
v 35 3
v 36 4
v 37 4
v 38 4
v 39 4
v 40 4
v 41 4
v 42 4
v 43 4
v 44 4
v 45 4
v 46 4
v 47 4
v 48 4
v 49 4
v 50 4
v 51 4
v 52 4
v 53 4
v 54 4
v 55 4
v 56 4
v 57 4
v 58 4
v 59 4
v 60 4
v 61 4
v 62 4
v 63 4
v 64 4
v 65 4
v 66 4
v 67 4
v 68 4
v 69 4
v 70 4
v 71 4
e 0 18 1
e 0 19 1
e 1 20 1
e 1 21 1
e 2 28 2
e 3 29 2
e 4 8 1
e 4 10 1
e 4 11 1
e 5 9 1
e 5 12 1
e 5 13 1
e 6 16 1
e 6 24 1
e 6 64 1
e 7 17 1
e 7 25 1
e 7 65 1
e 8 14 1
e 8 36 1
e 8 37 1
e 9 15 1
e 9 38 1
e 9 39 1
e 10 18 1
e 10 40 1
e 10 41 1
e 11 19 1
e 11 42 1
e 11 43 1
e 12 20 1
e 12 44 1
e 12 45 1
e 13 21 1
e 13 46 1
e 13 47 1
e 14 16 1
e 14 48 1
e 14 49 1
e 15 17 1
e 15 50 1
e 15 51 1
e 16 52 1
e 16 53 1
e 17 54 1
e 17 55 1
e 18 56 1
e 18 57 1
e 19 58 1
e 19 59 1
e 20 60 1
e 20 61 1
e 21 62 1
e 21 63 1
e 22 23 1
e 22 24 2
e 22 28 1
e 23 25 2
e 23 29 1
e 24 26 1
e 25 27 1
e 26 27 2
e 26 66 1
e 27 67 1
e 28 30 1
e 29 31 1
e 30 31 1
e 30 32 2
e 31 33 2
e 32 34 1
e 32 68 1
e 33 35 1
e 33 69 1
e 34 35 2
e 34 70 1
e 35 71 1
t # 17891
v 0 1
v 1 1
v 2 1
v 3 1
v 4 2
v 5 2
v 6 3
v 7 3
v 8 3
v 9 3
v 10 3
v 11 3
v 12 3
v 13 3
v 14 3
v 15 3
v 16 3
v 17 3
v 18 3
v 19 3
v 20 3
v 21 3
v 22 3
v 23 3
v 24 3
v 25 4
v 26 4
v 27 4
v 28 4
v 29 4
v 30 4
v 31 4
v 32 4
v 33 4
v 34 4
v 35 4
v 36 4
v 37 4
v 38 4
v 39 4
v 40 4
v 41 4
v 42 4
e 0 16 1
e 0 23 1
e 1 17 1
e 1 24 1
e 2 13 2
e 3 19 2
e 4 7 1
e 4 9 1
e 4 29 1
e 5 15 1
e 5 22 2
e 6 7 1
e 6 8 1
e 6 25 1
e 6 26 1
e 7 27 1
e 7 28 1
e 8 10 2
e 8 11 1
e 9 13 1
e 9 14 2
e 10 16 1
e 10 30 1
e 11 18 2
e 11 31 1
e 12 13 1
e 12 15 2
e 12 20 1
e 14 19 1
e 14 32 1
e 15 19 1
e 16 17 2
e 17 18 1
e 18 33 1
e 20 21 2
e 20 34 1
e 21 22 1
e 21 35 1
e 22 36 1
e 23 37 1
e 23 38 1
e 23 39 1
e 24 40 1
e 24 41 1
e 24 42 1
t # 17892
v 0 1
v 1 1
v 2 1
v 3 2
v 4 2
v 5 3
v 6 3
v 7 3
v 8 3
v 9 3
v 10 3
v 11 3
v 12 3
v 13 3
v 14 3
v 15 3
v 16 3
v 17 3
v 18 3
v 19 3
v 20 3
v 21 3
v 22 3
v 23 4
v 24 4
v 25 4
v 26 4
v 27 4
v 28 4
v 29 4
v 30 4
v 31 4
v 32 4
v 33 4
v 34 4
v 35 4
v 36 4
v 37 4
v 38 4
e 0 6 1
e 0 32 1
e 1 10 2
e 2 16 2
e 3 5 1
e 3 9 1
e 3 25 1
e 4 14 1
e 4 22 2
e 5 6 1
e 5 8 1
e 5 23 1
e 6 7 1
e 6 24 1
e 7 12 2
e 7 13 1
e 8 26 1
e 8 27 1
e 8 28 1
e 9 10 1
e 9 11 2
e 10 14 1
e 11 16 1
e 11 29 1
e 12 17 1
e 12 30 1
e 13 18 2
e 13 31 1
e 14 15 2
e 15 16 1
e 15 19 1
e 17 20 2
e 17 33 1
e 18 20 1
e 18 34 1
e 19 21 2
e 19 35 1
e 20 36 1
e 21 22 1
e 21 37 1
e 22 38 1
t # 17893
v 0 1
v 1 1
v 2 1
v 3 1
v 4 2
v 5 2
v 6 3
v 7 3
v 8 3
v 9 3
v 10 3
v 11 3
v 12 3
v 13 3
v 14 3
v 15 3
v 16 3
v 17 3
v 18 3
v 19 3
v 20 3
v 21 3
v 22 3
v 23 3
v 24 4
v 25 4
v 26 4
v 27 4
v 28 4
v 29 4
v 30 4
v 31 4
v 32 4
v 33 4
v 34 4
v 35 4
v 36 4
v 37 4
v 38 4
v 39 4
e 0 17 1
e 0 23 1
e 1 10 2
e 2 19 1
e 2 36 1
e 3 16 2
e 4 7 1
e 4 9 1
e 4 28 1
e 5 12 1
e 5 22 2
e 6 7 1
e 6 8 1
e 6 24 1
e 6 25 1
e 7 26 1
e 7 27 1
e 8 11 2
e 8 14 1
e 9 10 1
e 9 15 2
e 10 12 1
e 11 17 1
e 11 29 1
e 12 13 2
e 13 16 1
e 13 20 1
e 14 18 2
e 14 30 1
e 15 16 1
e 15 31 1
e 17 19 2
e 18 19 1
e 18 32 1
e 20 21 2
e 20 33 1
e 21 22 1
e 21 34 1
e 22 35 1
e 23 37 1
e 23 38 1
e 23 39 1
t # 17894
v 0 1
v 1 1
v 2 1
v 3 1
v 4 2
v 5 2
v 6 3
v 7 3
v 8 3
v 9 3
v 10 3
v 11 3
v 12 3
v 13 3
v 14 3
v 15 3
v 16 3
v 17 3
v 18 3
v 19 3
v 20 3
v 21 3
v 22 3
v 23 4
v 24 4
v 25 4
v 26 4
v 27 4
v 28 4
v 29 4
v 30 4
v 31 4
v 32 4
v 33 4
v 34 4
v 35 4
v 36 4
e 0 11 2
e 1 17 1
e 1 35 1
e 2 16 2
e 3 20 1
e 3 36 1
e 4 7 1
e 4 9 1
e 4 27 1
e 5 12 1
e 5 22 2
e 6 7 1
e 6 8 1
e 6 23 1
e 6 24 1
e 7 25 1
e 7 26 1
e 8 14 2
e 8 15 1
e 9 11 1
e 9 13 2
e 10 11 1
e 10 12 2
e 10 18 1
e 12 16 1
e 13 16 1
e 13 28 1
e 14 17 1
e 14 29 1
e 15 19 2
e 15 30 1
e 17 20 2
e 18 21 2
e 18 31 1
e 19 20 1
e 19 32 1
e 21 22 1
e 21 33 1
e 22 34 1
t # 17895
v 0 1
v 1 1
v 2 1
v 3 2
v 4 2
v 5 3
v 6 3
v 7 3
v 8 3
v 9 3
v 10 3
v 11 3
v 12 3
v 13 3
v 14 3
v 15 3
v 16 3
v 17 3
v 18 3
v 19 3
v 20 3
v 21 3
v 22 3
v 23 4
v 24 4
v 25 4
v 26 4
v 27 4
v 28 4
v 29 4
v 30 4
v 31 4
v 32 4
v 33 4
v 34 4
v 35 4
v 36 4
v 37 4
v 38 4
e 0 6 1
e 0 32 1
e 1 10 2
e 2 16 2
e 3 5 1
e 3 9 1
e 3 25 1
e 4 15 1
e 4 22 2
e 5 6 1
e 5 8 1
e 5 23 1
e 6 7 1
e 6 24 1
e 7 13 2
e 7 14 1
e 8 26 1
e 8 27 1
e 8 28 1
e 9 10 1
e 9 12 2
e 10 11 1
e 11 15 2
e 11 19 1
e 12 16 1
e 12 29 1
e 13 17 1
e 13 30 1
e 14 18 2
e 14 31 1
e 15 16 1
e 17 20 2
e 17 33 1
e 18 20 1
e 18 34 1
e 19 21 2
e 19 35 1
e 20 36 1
e 21 22 1
e 21 37 1
e 22 38 1
t # 17896
v 0 1
v 1 1
v 2 1
v 3 1
v 4 2
v 5 2
v 6 3
v 7 3
v 8 3
v 9 3
v 10 3
v 11 3
v 12 3
v 13 3
v 14 3
v 15 3
v 16 3
v 17 3
v 18 3
v 19 3
v 20 3
v 21 3
v 22 3
v 23 3
v 24 4
v 25 4
v 26 4
v 27 4
v 28 4
v 29 4
v 30 4
v 31 4
v 32 4
v 33 4
v 34 4
v 35 4
v 36 4
v 37 4
v 38 4
v 39 4
e 0 17 1
e 0 23 1
e 1 11 2
e 2 19 1
e 2 36 1
e 3 16 2
e 4 7 1
e 4 9 1
e 4 28 1
e 5 15 1
e 5 22 2
e 6 7 1
e 6 8 1
e 6 24 1
e 6 25 1
e 7 26 1
e 7 27 1
e 8 12 2
e 8 13 1
e 9 11 1
e 9 14 2
e 10 11 1
e 10 15 2
e 10 20 1
e 12 17 1
e 12 29 1
e 13 18 2
e 13 30 1
e 14 16 1
e 14 31 1
e 15 16 1
e 17 19 2
e 18 19 1
e 18 32 1
e 20 21 2
e 20 33 1
e 21 22 1
e 21 34 1
e 22 35 1
e 23 37 1
e 23 38 1
e 23 39 1
t # 17897
v 0 1
v 1 1
v 2 1
v 3 2
v 4 2
v 5 2
v 6 2
v 7 2
v 8 2
v 9 2
v 10 2
v 11 2
v 12 2
v 13 3
v 14 3
v 15 3
v 16 3
v 17 3
v 18 3
v 19 3
v 20 3
v 21 3
v 22 3
v 23 3
v 24 3
v 25 3
v 26 3
v 27 3
v 28 3
v 29 3
v 30 3
v 31 3
v 32 3
v 33 3
v 34 3
v 35 3
v 36 3
v 37 3
v 38 3
v 39 3
v 40 3
v 41 3
v 42 3
v 43 3
v 44 3
v 45 3
v 46 3
v 47 3
v 48 3
v 49 3
v 50 3
v 51 3
v 52 3
v 53 4
v 54 4
v 55 4
v 56 4
v 57 4
v 58 4
v 59 4
v 60 4
v 61 4
v 62 4
v 63 4
v 64 4
v 65 4
v 66 4
v 67 4
v 68 4
v 69 4
v 70 4
v 71 4
v 72 4
v 73 4
v 74 4
v 75 4
v 76 4
v 77 4
v 78 4
v 79 4
v 80 4
v 81 4
v 82 4
v 83 4
v 84 4
v 85 4
v 86 4
v 87 4
v 88 4
v 89 4
v 90 4
v 91 4
v 92 4
v 93 4
v 94 4
v 95 4
v 96 4
v 97 4
v 98 4
v 99 4
v 100 4
v 101 4
v 102 4
v 103 4
v 104 4
v 105 4
v 106 4
v 107 4
v 108 4
v 109 4
v 110 4
v 111 4
v 112 4
v 113 4
v 114 4
v 115 4
v 116 4
e 0 34 2
e 1 35 2
e 2 38 2
e 3 26 1
e 3 34 1
e 3 92 1
e 4 29 1
e 4 35 1
e 4 95 1
e 5 28 1
e 5 38 1
e 5 96 1
e 6 42 1
e 6 45 1
e 6 46 1
e 7 47 1
e 7 49 2
e 8 48 1
e 8 50 2
e 9 50 1
e 9 52 2
e 10 51 2
e 10 52 1
e 11 51 1
e 11 113 1
e 11 114 1
e 12 52 1
e 12 115 1
e 12 116 1
e 13 14 1
e 13 15 1
e 13 53 1
e 13 54 1
e 14 16 1
e 14 55 1
e 14 56 1
e 15 21 1
e 15 57 1
e 15 58 1
e 16 22 1
e 16 59 1
e 16 60 1
e 17 18 1
e 17 19 1
e 17 61 1
e 17 62 1
e 18 20 1
e 18 63 1
e 18 64 1
e 19 23 1
e 19 65 1
e 19 66 1
e 20 24 1
e 20 67 1
e 20 68 1
e 21 25 1
e 21 69 1
e 21 70 1
e 22 26 1
e 22 71 1
e 22 72 1
e 23 27 1
e 23 73 1
e 23 74 1
e 24 29 1
e 24 75 1
e 24 76 1
e 25 32 1
e 25 77 1
e 25 78 1
e 26 79 1
e 26 80 1
e 27 33 1
e 27 81 1
e 27 82 1
e 28 30 1
e 28 34 1
e 28 83 1
e 29 84 1
e 29 85 1
e 30 31 1
e 30 86 1
e 30 87 1
e 31 35 1
e 31 88 1
e 31 89 1
e 32 36 1
e 32 90 1
e 32 91 1
e 33 37 1
e 33 93 1
e 33 94 1
e 36 97 1
e 36 98 1
e 36 99 1
e 37 100 1
e 37 101 1
e 37 102 1
e 38 39 1
e 39 40 2
e 39 41 1
e 40 43 1
e 40 103 1
e 41 44 2
e 41 104 1
e 42 43 2
e 42 44 1
e 43 105 1
e 44 106 1
e 45 47 1
e 45 107 1
e 45 108 1
e 46 109 1
e 46 110 1
e 46 111 1
e 47 48 2
e 48 112 1
e 49 50 1
e 49 51 1
t # 17898
v 0 1
v 1 1
v 2 1
v 3 3
v 4 3
v 5 3
v 6 3
v 7 3
v 8 3
v 9 3
v 10 3
v 11 3
v 12 3
v 13 3
v 14 3
v 15 3
v 16 3
v 17 3
v 18 4
v 19 4
v 20 4
v 21 4
v 22 4
v 23 4
v 24 4
v 25 4
v 26 4
v 27 4
v 28 4
v 29 4
v 30 4
v 31 4
v 32 4
v 33 4
v 34 4
v 35 4
v 36 4
v 37 4
v 38 4
v 39 4
v 40 4
v 41 4
e 5 0 1
e 0 38 1
e 1 16 1
e 1 41 1
e 2 16 2
e 3 4 1
e 3 7 1
e 3 8 1
e 3 13 1
e 4 5 1
e 4 6 1
e 4 18 1
e 5 10 1
e 5 14 1
e 6 9 1
e 6 19 1
e 6 20 1
e 7 11 1
e 7 21 1
e 7 22 1
e 8 12 1
e 8 23 1
e 8 24 1
e 9 11 1
e 9 15 1
e 9 25 1
e 10 12 1
e 10 26 1
e 10 27 1
e 11 28 1
e 11 29 1
e 12 30 1
e 12 31 1
e 13 32 1
e 13 33 1
e 13 34 1
e 14 35 1
e 14 36 1
e 14 37 1
e 15 16 1
e 15 17 2
e 17 39 1
e 17 40 1
t # 17899
v 0 1
v 1 1
v 2 1
v 3 3
v 4 3
v 5 3
v 6 3
v 7 3
v 8 3
v 9 3
v 10 3
v 11 3
v 12 3
v 13 3
v 14 3
v 15 3
v 16 3
v 17 3
v 18 4
v 19 4
v 20 4
v 21 4
v 22 4
v 23 4
v 24 4
v 25 4
v 26 4
v 27 4
v 28 4
v 29 4
v 30 4
v 31 4
v 32 4
v 33 4
v 34 4
v 35 4
v 36 4
v 37 4
v 38 4
v 39 4
e 0 11 1
e 0 36 1
e 1 16 1
e 1 39 1
e 2 16 2
e 3 4 1
e 3 5 1
e 3 6 1
e 3 12 1
e 4 7 1
e 4 10 1
e 4 18 1
e 5 9 1
e 5 19 1
e 5 20 1
e 6 11 1
e 6 21 1
e 6 22 1
e 7 8 1
e 7 23 1
e 7 24 1
e 8 9 1
e 8 14 1
e 8 25 1
e 9 26 1
e 9 27 1
e 10 13 1
e 10 15 2
e 11 13 1
e 11 28 1
e 12 29 1
e 12 30 1
e 12 31 1
e 13 32 1
e 13 33 1
e 14 16 1
e 14 17 2
e 15 34 1
e 15 35 1
e 17 37 1
e 17 38 1
