t # 63200
v 0 18
v 1 1
v 2 1
v 3 3
v 4 3
v 5 3
v 6 3
v 7 4
v 8 4
v 9 4
v 10 4
v 11 4
v 12 4
v 13 4
v 14 4
v 15 4
e 1 3 1
e 1 5 1
e 2 3 1
e 2 6 1
e 3 4 1
e 3 7 1
e 4 8 1
e 4 9 1
e 5 10 1
e 5 11 1
e 5 12 1
e 6 13 1
e 6 14 1
e 6 15 1
t # 63201
v 0 1
v 1 1
v 2 2
v 3 2
v 4 2
v 5 2
v 6 3
v 7 3
v 8 3
v 9 3
v 10 3
v 11 3
v 12 3
v 13 3
v 14 4
v 15 4
v 16 4
v 17 4
v 18 4
v 19 4
v 20 4
v 21 4
v 22 4
v 23 4
e 2 4 1
e 2 12 1
e 2 13 1
e 3 6 1
e 5 7 1
e 6 8 2
e 6 9 1
e 7 10 2
e 7 11 1
e 8 10 1
e 8 14 1
e 9 11 2
e 9 15 1
e 10 16 1
e 11 17 1
e 12 18 1
e 12 19 1
e 12 20 1
e 13 21 1
e 13 22 1
e 13 23 1
t # 63202
v 0 12
v 1 11
v 2 3
v 3 3
v 4 3
v 5 3
v 6 3
v 7 3
v 8 3
v 9 4
v 10 4
v 11 4
v 12 4
v 13 4
v 14 4
v 15 4
e 0 8 1
e 1 2 1
e 1 8 1
e 2 3 2
e 2 4 1
e 3 5 1
e 3 9 1
e 4 6 2
e 4 10 1
e 5 7 2
e 5 11 1
e 6 7 1
e 6 12 1
e 7 13 1
e 8 14 1
e 8 15 1
t # 63203
v 0 2
v 1 2
v 2 2
v 3 3
v 4 3
v 5 3
v 6 3
v 7 3
v 8 3
v 9 3
v 10 3
v 11 3
v 12 4
v 13 4
v 14 4
v 15 4
v 16 4
v 17 4
v 18 4
v 19 4
v 20 4
v 21 4
v 22 4
v 23 4
v 24 4
e 0 2 1
e 0 10 1
e 0 11 1
e 1 4 1
e 3 5 2
e 3 6 1
e 3 9 1
e 4 7 2
e 4 8 1
e 5 7 1
e 5 12 1
e 6 8 2
e 6 13 1
e 7 14 1
e 8 15 1
e 9 16 1
e 9 17 1
e 9 18 1
e 10 19 1
e 10 20 1
e 10 21 1
e 11 22 1
e 11 23 1
e 11 24 1
t # 63204
v 0 1
v 1 1
v 2 1
v 3 3
v 4 3
v 5 3
v 6 3
v 7 3
v 8 3
v 9 3
v 10 3
v 11 3
v 12 3
v 13 3
v 14 3
v 15 3
v 16 3
v 17 3
v 18 3
v 19 3
v 20 4
v 21 4
v 22 4
v 23 4
v 24 4
v 25 4
v 26 4
v 27 4
v 28 4
v 29 4
v 30 4
v 31 4
v 32 4
v 33 4
v 34 4
v 35 4
v 36 4
v 37 4
v 38 4
v 39 4
v 40 4
v 41 4
v 42 4
v 43 4
v 44 4
v 45 4
e 0 11 1
e 0 14 1
e 1 13 1
e 1 42 1
e 2 13 2
e 3 4 1
e 3 5 1
e 3 20 1
e 3 21 1
e 4 6 1
e 4 22 1
e 4 23 1
e 5 7 1
e 5 24 1
e 5 25 1
e 6 8 1
e 6 26 1
e 6 27 1
e 7 9 1
e 7 28 1
e 7 29 1
e 8 10 1
e 8 30 1
e 8 31 1
e 9 11 1
e 9 32 1
e 9 33 1
e 10 12 1
e 10 34 1
e 10 35 1
e 11 36 1
e 11 37 1
e 12 13 1
e 12 38 1
e 12 39 1
e 14 15 2
e 14 16 1
e 15 17 1
e 15 40 1
e 16 18 2
e 16 41 1
e 17 19 2
e 17 43 1
e 18 19 1
e 18 44 1
e 19 45 1
t # 63205
v 0 1
v 1 1
v 2 2
v 3 3
v 4 3
v 5 3
v 6 3
v 7 3
v 8 3
v 9 3
v 10 3
v 11 3
v 12 3
v 13 4
v 14 4
v 15 4
v 16 4
v 17 4
v 18 4
v 19 4
v 20 4
v 21 4
e 0 6 1
e 0 7 1
e 1 7 2
e 3 4 2
e 3 5 1
e 3 7 1
e 4 8 1
e 4 13 1
e 5 9 2
e 5 14 1
e 6 11 1
e 6 15 1
e 6 16 1
e 8 10 2
e 8 17 1
e 9 10 1
e 9 18 1
e 10 12 1
e 11 19 1
e 11 20 1
e 11 21 1
t # 63206
v 0 11
v 1 11
v 2 1
v 3 1
v 4 1
v 5 1
v 6 1
v 7 1
v 8 1
v 9 1
v 10 3
v 11 3
v 12 3
v 13 3
v 14 3
v 15 3
v 16 3
v 17 3
v 18 3
v 19 3
v 20 4
v 21 4
v 22 4
v 23 4
v 24 4
v 25 4
v 26 4
v 27 4
e 0 6 2
e 0 7 2
e 0 12 1
e 1 8 2
e 1 9 2
e 1 13 1
e 2 18 1
e 2 24 1
e 3 19 1
e 3 25 1
e 4 26 1
e 5 27 1
e 10 11 1
e 10 14 2
e 10 15 1
e 11 16 2
e 11 17 1
e 12 15 2
e 12 19 1
e 13 14 1
e 13 18 2
e 14 20 1
e 15 21 1
e 16 18 1
e 16 22 1
e 17 19 2
e 17 23 1
t # 63207
v 0 1
v 1 1
v 2 1
v 3 1
v 4 3
v 5 3
v 6 3
v 7 3
v 8 3
v 9 3
v 10 3
v 11 3
v 12 3
v 13 3
v 14 3
v 15 3
v 16 3
v 17 4
v 18 4
v 19 4
v 20 4
v 21 4
v 22 4
v 23 4
v 24 4
v 25 4
v 26 4
v 27 4
v 28 4
v 29 4
v 30 4
v 31 4
v 32 4
e 0 9 1
e 0 15 1
e 1 11 1
e 1 13 1
e 2 10 1
e 2 24 1
e 3 11 2
e 4 6 2
e 4 7 1
e 4 8 1
e 5 6 1
e 5 10 2
e 5 11 1
e 6 17 1
e 7 12 1
e 7 18 1
e 7 19 1
e 8 9 2
e 8 20 1
e 9 10 1
e 12 16 2
e 12 21 1
e 13 14 1
e 13 22 1
e 13 23 1
e 14 25 1
e 14 26 1
e 14 27 1
e 15 28 1
e 15 29 1
e 15 30 1
e 16 31 1
e 16 32 1
t # 63208
v 0 1
v 1 2
v 2 2
v 3 2
v 4 3
v 5 3
v 6 3
v 7 3
v 8 3
v 9 3
v 10 3
v 11 3
v 12 3
v 13 3
v 14 3
v 15 3
v 16 3
v 17 3
v 18 3
v 19 3
v 20 3
v 21 4
v 22 4
v 23 4
v 24 4
v 25 4
v 26 4
v 27 4
v 28 4
v 29 4
v 30 4
v 31 4
v 32 4
v 33 4
v 34 4
v 35 4
v 36 4
v 37 4
v 38 4
v 39 4
v 40 4
v 41 4
v 42 4
v 43 4
v 44 4
v 45 4
e 0 13 2
e 1 4 1
e 1 7 1
e 1 8 1
e 2 9 1
e 2 10 1
e 2 14 1
e 3 13 1
e 3 39 1
e 3 40 1
e 4 5 1
e 4 6 1
e 4 13 1
e 5 9 1
e 5 21 1
e 5 22 1
e 6 10 1
e 6 23 1
e 6 24 1
e 7 11 1
e 7 25 1
e 7 26 1
e 8 12 1
e 8 27 1
e 8 28 1
e 9 29 1
e 9 30 1
e 10 31 1
e 10 32 1
e 11 12 1
e 11 33 1
e 11 34 1
e 12 35 1
e 12 36 1
e 14 15 1
e 14 37 1
e 14 38 1
e 15 16 2
e 15 17 1
e 16 18 1
e 16 41 1
e 17 19 2
e 17 42 1
e 18 20 2
e 18 43 1
e 19 20 1
e 19 44 1
e 20 45 1
t # 63209
v 0 1
v 1 2
v 2 2
v 3 3
v 4 3
v 5 3
v 6 3
v 7 3
v 8 3
v 9 3
v 10 3
v 11 3
v 12 3
v 13 3
v 14 3
v 15 3
v 16 3
v 17 3
v 18 3
v 19 3
v 20 3
v 21 3
v 22 3
v 23 3
v 24 4
v 25 4
v 26 4
v 27 4
v 28 4
v 29 4
v 30 4
v 31 4
v 32 4
v 33 4
v 34 4
v 35 4
v 36 4
v 37 4
v 38 4
v 39 4
v 40 4
v 41 4
v 42 4
v 43 4
v 44 4
v 45 4
v 46 4
v 47 4
v 48 4
v 49 4
e 0 16 2
e 1 6 1
e 1 7 1
e 1 10 1
e 2 8 1
e 2 16 1
e 2 36 1
e 3 4 1
e 3 5 1
e 3 8 1
e 3 9 1
e 4 6 1
e 4 24 1
e 4 25 1
e 5 7 1
e 5 26 1
e 5 27 1
e 6 28 1
e 6 29 1
e 7 30 1
e 7 31 1
e 8 32 1
e 8 33 1
e 9 11 2
e 9 12 1
e 10 13 1
e 10 34 1
e 10 35 1
e 11 14 1
e 11 37 1
e 12 15 2
e 12 38 1
e 13 18 2
e 13 19 1
e 14 17 2
e 14 39 1
e 15 17 1
e 15 40 1
e 16 20 1
e 17 41 1
e 18 21 1
e 18 42 1
e 19 22 2
e 19 43 1
e 20 44 1
e 20 45 1
e 20 46 1
e 21 23 2
e 21 47 1
e 22 23 1
e 22 48 1
e 23 49 1
t # 63210
v 0 1
v 1 1
v 2 3
v 3 3
v 4 3
v 5 3
v 6 3
v 7 3
v 8 3
v 9 3
v 10 3
v 11 3
v 12 3
v 13 4
v 14 4
v 15 4
v 16 4
v 17 4
v 18 4
v 19 4
v 20 4
v 21 4
v 22 4
v 23 4
v 24 4
e 0 5 2
e 1 11 1
e 1 12 1
e 2 3 1
e 2 4 1
e 2 5 1
e 2 13 1
e 3 4 1
e 3 14 1
e 3 15 1
e 4 16 1
e 4 17 1
e 5 6 1
e 6 7 2
e 6 8 1
e 7 9 1
e 7 18 1
e 8 10 2
e 8 19 1
e 9 11 2
e 9 20 1
e 10 11 1
e 10 21 1
e 12 22 1
e 12 23 1
e 12 24 1
t # 63211
v 0 12
v 1 1
v 2 1
v 3 3
v 4 3
v 5 3
v 6 3
v 7 3
v 8 3
v 9 3
v 10 3
v 11 3
v 12 3
v 13 4
v 14 4
v 15 4
v 16 4
v 17 4
v 18 4
v 19 4
v 20 4
v 21 4
v 22 4
v 23 4
e 0 7 1
e 1 5 2
e 2 12 1
e 2 23 1
e 3 4 1
e 3 5 1
e 3 13 1
e 3 14 1
e 4 7 1
e 4 15 1
e 4 16 1
e 5 6 1
e 6 8 2
e 6 9 1
e 7 17 1
e 7 18 1
e 8 10 1
e 8 19 1
e 9 11 2
e 9 20 1
e 10 12 2
e 10 21 1
e 11 12 1
e 11 22 1
t # 63212
v 0 2
v 1 2
v 2 2
v 3 3
v 4 3
v 5 3
v 6 3
v 7 3
v 8 3
v 9 3
v 10 3
v 11 4
v 12 4
v 13 4
v 14 4
v 15 4
v 16 4
v 17 4
v 18 4
v 19 4
v 20 4
v 21 4
v 22 4
v 23 4
e 0 3 1
e 0 4 1
e 0 15 1
e 1 6 1
e 1 20 1
e 1 21 1
e 2 9 2
e 2 10 1
e 3 5 1
e 3 11 1
e 3 12 1
e 4 6 1
e 4 13 1
e 4 14 1
e 5 7 2
e 5 8 1
e 6 16 1
e 6 17 1
e 7 9 1
e 7 18 1
e 8 10 2
e 8 19 1
e 9 22 1
e 10 23 1
t # 63213
v 0 1
v 1 1
v 2 1
v 3 3
v 4 3
v 5 3
v 6 3
v 7 3
v 8 3
v 9 3
v 10 3
v 11 4
v 12 4
v 13 4
v 14 4
v 15 4
v 16 4
v 17 4
v 18 4
v 19 4
v 20 4
v 21 4
v 22 4
v 23 4
v 24 4
e 0 5 1
e 0 10 1
e 1 6 1
e 1 10 1
e 2 10 2
e 3 4 1
e 3 5 1
e 3 6 1
e 3 7 1
e 4 8 1
e 4 11 1
e 4 12 1
e 5 13 1
e 5 14 1
e 6 15 1
e 6 16 1
e 7 17 1
e 7 18 1
e 7 19 1
e 8 9 1
e 8 20 1
e 8 21 1
e 9 22 1
e 9 23 1
e 9 24 1
t # 63214
v 0 1
v 1 1
v 2 2
v 3 3
v 4 3
v 5 3
v 6 3
v 7 3
v 8 4
v 9 4
v 10 4
v 11 4
v 12 4
v 13 4
v 14 4
v 15 4
v 16 4
v 17 4
v 18 4
e 0 6 1
e 0 7 1
e 1 6 2
e 2 3 1
e 2 4 1
e 2 5 1
e 3 6 1
e 3 8 1
e 3 9 1
e 4 10 1
e 4 11 1
e 4 12 1
e 5 13 1
e 5 14 1
e 5 15 1
e 7 16 1
e 7 17 1
e 7 18 1
t # 63215
v 0 1
v 1 1
v 2 1
v 3 1
v 4 2
v 5 3
v 6 3
v 7 3
v 8 3
v 9 3
v 10 3
v 11 3
v 12 3
v 13 3
v 14 3
v 15 3
v 16 4
v 17 4
v 18 4
v 19 4
v 20 4
v 21 4
v 22 4
e 0 6 1
e 0 13 1
e 3 15 2
e 4 10 1
e 5 6 1
e 5 7 2
e 5 8 1
e 6 9 2
e 7 11 1
e 7 16 1
e 8 12 2
e 8 17 1
e 9 14 1
e 9 18 1
e 10 11 2
e 10 12 1
e 11 19 1
e 12 20 1
e 13 14 2
e 13 15 1
e 14 21 1
e 15 22 1
t # 63216
v 0 1
v 1 1
v 2 1
v 3 3
v 4 3
v 5 3
v 6 3
v 7 3
v 8 3
v 9 3
v 10 3
v 11 3
v 12 3
v 13 3
v 14 3
v 15 3
v 16 3
v 17 3
v 18 3
v 19 3
v 20 3
v 21 3
v 22 3
v 23 3
v 24 3
v 25 4
v 26 4
v 27 4
v 28 4
v 29 4
v 30 4
v 31 4
v 32 4
v 33 4
v 34 4
v 35 4
v 36 4
v 37 4
v 38 4
v 39 4
v 40 4
v 41 4
v 42 4
v 43 4
v 44 4
v 45 4
v 46 4
v 47 4
v 48 4
v 49 4
v 50 4
v 51 4
v 52 4
v 53 4
v 54 4
v 55 4
v 56 4
v 57 4
v 58 4
v 59 4
v 60 4
v 61 4
v 62 4
v 63 4
v 64 4
v 65 4
v 66 4
e 0 19 2
e 1 22 1
e 1 23 1
e 2 22 2
e 3 4 1
e 3 5 1
e 3 25 1
e 3 26 1
e 4 6 1
e 4 27 1
e 4 28 1
e 5 7 1
e 5 29 1
e 5 30 1
e 6 8 1
e 6 31 1
e 6 32 1
e 7 9 1
e 7 33 1
e 7 34 1
e 8 10 1
e 8 35 1
e 8 36 1
e 9 11 1
e 9 37 1
e 9 38 1
e 10 12 1
e 10 39 1
e 10 40 1
e 11 13 1
e 11 41 1
e 11 42 1
e 12 14 1
e 12 43 1
e 12 44 1
e 13 15 1
e 13 45 1
e 13 46 1
e 14 16 1
e 14 47 1
e 14 48 1
e 15 17 1
e 15 49 1
e 15 50 1
e 16 18 1
e 16 51 1
e 16 52 1
e 17 19 1
e 17 53 1
e 17 54 1
e 18 20 1
e 18 55 1
e 18 56 1
e 19 21 1
e 20 57 1
e 20 58 1
e 20 59 1
e 21 22 1
e 21 60 1
e 21 61 1
e 23 24 1
e 23 62 1
e 23 63 1
e 24 64 1
e 24 65 1
e 24 66 1
t # 63217
v 0 2
v 1 2
v 2 2
v 3 2
v 4 2
v 5 2
v 6 2
v 7 2
v 8 3
v 9 3
v 10 3
v 11 3
v 12 4
v 13 4
v 14 4
v 15 4
v 16 4
v 17 4
e 0 8 1
e 0 9 1
e 0 10 1
e 1 8 1
e 1 11 2
e 2 9 2
e 2 11 1
e 3 4 1
e 3 8 2
e 4 10 2
e 5 9 1
e 5 12 1
e 5 13 1
e 6 10 1
e 6 14 1
e 6 15 1
e 7 11 1
e 7 16 1
e 7 17 1
t # 63218
v 0 1
v 1 1
v 2 3
v 3 3
v 4 3
v 5 3
v 6 3
v 7 3
v 8 3
v 9 3
v 10 3
v 11 3
v 12 4
v 13 4
v 14 4
v 15 4
v 16 4
v 17 4
v 18 4
v 19 4
v 20 4
v 21 4
v 22 4
v 23 4
v 24 4
v 25 4
v 26 4
v 27 4
v 28 4
v 29 4
e 0 11 1
e 0 29 1
e 1 11 2
e 2 3 1
e 2 4 1
e 2 8 1
e 2 12 1
e 3 6 1
e 3 13 1
e 3 14 1
e 4 7 1
e 4 15 1
e 4 16 1
e 5 6 1
e 5 7 1
e 5 11 1
e 5 17 1
e 6 18 1
e 6 19 1
e 7 20 1
e 7 21 1
e 8 9 1
e 8 10 1
e 8 22 1
e 9 23 1
e 9 24 1
e 9 25 1
e 10 26 1
e 10 27 1
e 10 28 1
t # 63219
v 0 2
v 1 2
v 2 3
v 3 3
v 4 3
v 5 3
v 6 3
v 7 3
v 8 3
v 9 3
v 10 3
v 11 3
v 12 3
v 13 3
v 14 3
v 15 4
v 16 4
v 17 4
v 18 4
v 19 4
v 20 4
v 21 4
v 22 4
v 23 4
v 24 4
v 25 4
v 26 4
e 0 7 1
e 0 23 1
e 0 24 1
e 1 11 1
e 1 25 1
e 1 26 1
e 2 3 1
e 2 5 1
e 2 15 1
e 2 16 1
e 3 6 2
e 3 8 1
e 4 5 2
e 4 6 1
e 4 7 1
e 5 10 1
e 6 9 1
e 7 12 2
e 8 11 2
e 8 17 1
e 9 13 2
e 9 18 1
e 10 14 2
e 10 19 1
e 11 13 1
e 12 14 1
e 12 20 1
e 13 21 1
e 14 22 1
t # 63220
v 0 11
v 1 11
v 2 1
v 3 1
v 4 1
v 5 2
v 6 3
v 7 3
v 8 3
v 9 3
v 10 3
v 11 3
v 12 4
v 13 4
v 14 4
v 15 4
v 16 4
v 17 4
v 18 4
e 0 9 1
e 0 10 1
e 2 8 2
e 3 11 1
e 3 18 1
e 4 11 2
e 5 6 1
e 5 8 1
e 5 10 1
e 6 7 1
e 6 12 1
e 6 13 1
e 7 11 1
e 7 14 1
e 7 15 1
e 8 9 1
e 9 16 1
e 9 17 1
t # 63221
v 0 2
v 1 3
v 2 3
v 3 3
v 4 3
v 5 3
v 6 3
v 7 3
v 8 3
v 9 3
v 10 3
v 11 3
v 12 3
v 13 3
v 14 3
v 15 3
v 16 4
v 17 4
v 18 4
v 19 4
v 20 4
v 21 4
v 22 4
v 23 4
v 24 4
v 25 4
v 26 4
v 27 4
v 28 4
v 29 4
v 30 4
e 0 1 1
e 0 25 1
e 0 26 1
e 1 4 1
e 1 5 1
e 1 16 1
e 2 3 1
e 2 6 1
e 2 17 1
e 2 18 1
e 3 7 1
e 3 19 1
e 3 20 1
e 4 6 1
e 4 8 2
e 5 7 1
e 5 9 2
e 6 10 2
e 7 11 2
e 8 12 1
e 8 21 1
e 9 13 1
e 9 22 1
e 10 14 1
e 10 23 1
e 11 15 1
e 11 24 1
e 12 14 2
e 12 27 1
e 13 15 2
e 13 28 1
e 14 29 1
e 15 30 1
t # 63222
v 0 1
v 1 1
v 2 2
v 3 2
v 4 2
v 5 3
v 6 3
v 7 3
v 8 3
v 9 3
v 10 3
v 11 4
v 12 4
v 13 4
v 14 4
v 15 4
v 16 4
v 17 4
v 18 4
v 19 4
e 0 7 1
e 0 9 1
e 1 7 2
e 2 3 1
e 2 6 1
e 2 14 1
e 3 8 2
e 4 6 1
e 4 18 1
e 4 19 1
e 5 6 2
e 5 7 1
e 5 8 1
e 8 11 1
e 9 10 1
e 9 12 1
e 9 13 1
e 10 15 1
e 10 16 1
e 10 17 1
t # 63223
v 0 1
v 1 1
v 2 2
v 3 2
v 4 3
v 5 3
v 6 3
v 7 3
v 8 3
v 9 3
v 10 4
v 11 4
v 12 4
v 13 4
v 14 4
v 15 4
e 1 9 2
e 2 4 1
e 2 6 2
e 3 9 1
e 3 14 1
e 3 15 1
e 4 5 2
e 4 9 1
e 5 7 1
e 5 10 1
e 6 8 1
e 6 11 1
e 7 8 2
e 7 12 1
e 8 13 1
t # 63224
v 0 1
v 1 2
v 2 2
v 3 3
v 4 3
v 5 3
v 6 3
v 7 3
v 8 3
v 9 3
v 10 3
v 11 4
v 12 4
v 13 4
v 14 4
v 15 4
v 16 4
v 17 4
v 18 4
v 19 4
v 20 4
e 0 4 2
e 1 4 1
e 1 5 1
e 1 6 1
e 2 8 1
e 2 10 2
e 3 4 1
e 3 7 1
e 3 8 2
e 5 11 1
e 5 12 1
e 5 13 1
e 6 14 1
e 6 15 1
e 6 16 1
e 7 9 2
e 7 17 1
e 8 18 1
e 9 10 1
e 9 19 1
e 10 20 1
t # 63225
v 0 2
v 1 2
v 2 3
v 3 3
v 4 3
v 5 3
v 6 3
v 7 3
v 8 3
v 9 3
v 10 4
v 11 4
v 12 4
v 13 4
v 14 4
v 15 4
v 16 4
v 17 4
v 18 4
v 19 4
v 20 4
v 21 4
e 0 2 1
e 0 9 1
e 0 13 1
e 1 3 1
e 1 5 2
e 2 3 1
e 2 10 1
e 2 11 1
e 3 4 2
e 4 7 1
e 4 12 1
e 5 6 1
e 5 8 1
e 6 7 2
e 6 14 1
e 7 15 1
e 8 16 1
e 8 17 1
e 8 18 1
e 9 19 1
e 9 20 1
e 9 21 1
t # 63226
v 0 1
v 1 1
v 2 1
v 3 1
v 4 1
v 5 3
v 6 3
v 7 3
v 8 3
v 9 3
v 10 3
v 11 3
v 12 3
v 13 3
v 14 3
v 15 3
v 16 3
v 17 3
v 18 4
v 19 4
v 20 4
v 21 4
v 22 4
v 23 4
v 24 4
v 25 4
v 26 4
v 27 4
v 28 4
v 29 4
v 30 4
v 31 4
v 32 4
v 33 4
v 34 4
v 35 4
e 0 5 1
e 0 11 1
e 1 6 1
e 1 12 1
e 2 7 1
e 2 13 1
e 3 14 1
e 3 35 1
e 4 14 2
e 5 6 2
e 5 7 1
e 6 9 1
e 7 10 2
e 8 9 2
e 8 10 1
e 8 14 1
e 9 18 1
e 10 19 1
e 11 15 1
e 11 20 1
e 11 21 1
e 12 16 1
e 12 22 1
e 12 23 1
e 13 17 1
e 13 24 1
e 13 25 1
e 15 26 1
e 15 27 1
e 15 28 1
e 16 29 1
e 16 30 1
e 16 31 1
e 17 32 1
e 17 33 1
e 17 34 1
t # 63227
v 0 1
v 1 2
v 2 2
v 3 3
v 4 3
v 5 3
v 6 3
v 7 3
v 8 3
v 9 3
v 10 3
v 11 3
v 12 3
v 13 3
v 14 4
v 15 4
v 16 4
v 17 4
v 18 4
v 19 4
v 20 4
v 21 4
v 22 4
v 23 4
v 24 4
v 25 4
v 26 4
v 27 4
v 28 4
v 29 4
e 0 10 1
e 0 13 1
e 1 3 1
e 1 4 1
e 1 7 1
e 2 5 1
e 2 6 1
e 2 22 1
e 3 5 1
e 3 14 1
e 3 15 1
e 4 6 1
e 4 16 1
e 4 17 1
e 5 18 1
e 5 19 1
e 6 20 1
e 6 21 1
e 7 8 2
e 7 9 1
e 8 10 1
e 8 23 1
e 9 11 2
e 9 24 1
e 10 12 2
e 11 12 1
e 11 25 1
e 12 26 1
e 13 27 1
e 13 28 1
e 13 29 1
t # 63228
v 0 18
v 1 1
v 2 1
v 3 1
v 4 1
v 5 3
v 6 3
v 7 3
v 8 3
v 9 3
v 10 3
v 11 3
v 12 3
v 13 4
v 14 4
v 15 4
v 16 4
v 17 4
e 1 11 1
e 1 16 1
e 2 12 1
e 2 17 1
e 3 11 2
e 4 12 2
e 5 6 2
e 5 7 1
e 5 11 1
e 6 8 1
e 6 12 1
e 7 9 2
e 7 13 1
e 8 10 2
e 8 14 1
e 9 10 1
e 10 15 1
t # 63229
v 0 2
v 1 2
v 2 2
v 3 3
v 4 3
v 5 3
v 6 3
v 7 3
v 8 3
v 9 3
v 10 4
v 11 4
v 12 4
v 13 4
v 14 4
v 15 4
v 16 4
e 0 1 1
e 0 3 1
e 0 13 1
e 1 9 2
e 2 7 1
e 2 15 1
e 2 16 1
e 3 4 2
e 3 5 1
e 4 6 1
e 4 9 1
e 5 7 2
e 5 10 1
e 6 8 2
e 6 11 1
e 7 8 1
e 8 12 1
e 9 14 1
t # 63230
v 0 11
v 1 1
v 2 1
v 3 1
v 4 1
v 5 2
v 6 3
v 7 3
v 8 3
v 9 3
v 10 3
v 11 3
v 12 3
v 13 3
v 14 3
v 15 3
v 16 3
v 17 3
v 18 4
v 19 4
v 20 4
v 21 4
v 22 4
v 23 4
v 24 4
v 25 4
v 26 4
v 27 4
v 28 4
v 29 4
v 30 4
v 31 4
v 32 4
v 33 4
v 34 4
v 35 4
v 36 4
e 0 1 2
e 0 2 2
e 0 9 1
e 3 10 1
e 3 35 1
e 4 11 1
e 4 36 1
e 5 6 1
e 5 7 1
e 6 8 1
e 6 18 1
e 6 19 1
e 7 10 1
e 7 20 1
e 7 21 1
e 8 11 1
e 8 22 1
e 8 23 1
e 9 12 2
e 9 13 1
e 10 24 1
e 10 25 1
e 11 26 1
e 11 27 1
e 12 15 1
e 12 28 1
e 13 16 2
e 13 29 1
e 14 15 2
e 14 16 1
e 14 17 1
e 15 30 1
e 16 31 1
e 17 32 1
e 17 33 1
e 17 34 1
t # 63231
v 0 11
v 1 2
v 2 3
v 3 3
v 4 3
v 5 3
v 6 3
v 7 3
v 8 3
v 9 3
v 10 3
v 11 3
v 12 3
v 13 3
v 14 4
v 15 4
v 16 4
v 17 4
v 18 4
v 19 4
v 20 4
v 21 4
v 22 4
e 0 4 1
e 0 10 1
e 1 5 1
e 1 10 2
e 2 3 1
e 2 6 1
e 2 8 2
e 3 7 1
e 3 9 2
e 4 5 1
e 4 6 2
e 5 7 2
e 6 14 1
e 7 15 1
e 8 11 1
e 8 16 1
e 9 12 1
e 9 17 1
e 10 13 1
e 11 12 2
e 11 18 1
e 12 19 1
e 13 20 1
e 13 21 1
e 13 22 1
t # 63232
v 0 1
v 1 1
v 2 2
v 3 2
v 4 3
v 5 3
v 6 3
v 7 3
v 8 3
v 9 3
v 10 3
v 11 3
v 12 3
v 13 3
v 14 3
v 15 3
v 16 4
v 17 4
v 18 4
v 19 4
v 20 4
v 21 4
v 22 4
v 23 4
v 24 4
v 25 4
v 26 4
v 27 4
v 28 4
v 29 4
v 30 4
v 31 4
v 32 4
v 33 4
v 34 4
v 35 4
e 0 4 1
e 0 8 1
e 1 4 1
e 1 9 1
e 2 5 1
e 2 6 1
e 2 19 1
e 3 7 1
e 3 14 2
e 4 5 1
e 4 16 1
e 5 17 1
e 5 18 1
e 6 7 1
e 6 20 1
e 6 21 1
e 7 10 2
e 8 11 1
e 8 22 1
e 8 23 1
e 9 12 1
e 9 24 1
e 9 25 1
e 10 13 1
e 10 26 1
e 11 27 1
e 11 28 1
e 11 29 1
e 12 30 1
e 12 31 1
e 12 32 1
e 13 15 2
e 13 33 1
e 14 15 1
e 14 34 1
e 15 35 1
t # 63233
v 0 2
v 1 2
v 2 2
v 3 2
v 4 3
v 5 3
v 6 3
v 7 3
v 8 3
v 9 3
v 10 3
v 11 3
v 12 3
v 13 3
v 14 3
v 15 3
v 16 4
v 17 4
v 18 4
v 19 4
v 20 4
v 21 4
v 22 4
v 23 4
v 24 4
v 25 4
v 26 4
v 27 4
v 28 4
v 29 4
v 30 4
v 31 4
v 32 4
v 33 4
v 34 4
v 35 4
e 0 4 1
e 0 5 1
e 0 6 1
e 1 7 1
e 1 8 1
e 1 26 1
e 2 9 1
e 2 10 1
e 2 29 1
e 3 11 1
e 3 14 2
e 4 7 1
e 4 16 1
e 4 17 1
e 5 8 1
e 5 18 1
e 5 19 1
e 6 9 1
e 6 20 1
e 6 21 1
e 7 22 1
e 7 23 1
e 8 24 1
e 8 25 1
e 9 27 1
e 9 28 1
e 10 11 1
e 10 30 1
e 10 31 1
e 11 12 2
e 12 13 1
e 12 32 1
e 13 15 2
e 13 33 1
e 14 15 1
e 14 34 1
e 15 35 1
t # 63234
v 0 1
v 1 3
v 2 3
v 3 3
v 4 3
v 5 3
v 6 3
v 7 3
v 8 3
v 9 3
v 10 3
v 11 3
v 12 3
v 13 3
v 14 4
v 15 4
v 16 4
v 17 4
v 18 4
v 19 4
v 20 4
v 21 4
v 22 4
v 23 4
v 24 4
v 25 4
v 26 4
v 27 4
v 28 4
v 29 4
v 30 4
v 31 4
e 0 1 1
e 0 24 1
e 1 2 1
e 1 3 1
e 1 7 1
e 2 4 1
e 2 14 1
e 2 15 1
e 3 5 1
e 3 16 1
e 3 17 1
e 4 6 1
e 4 18 1
e 4 19 1
e 5 6 1
e 5 20 1
e 5 21 1
e 6 22 1
e 6 23 1
e 7 8 1
e 7 9 2
e 8 10 2
e 8 11 1
e 9 12 1
e 9 25 1
e 10 13 1
e 10 26 1
e 11 27 1
e 11 28 1
e 11 29 1
e 12 13 2
e 12 30 1
e 13 31 1
t # 63235
v 0 1
v 1 2
v 2 3
v 3 3
v 4 3
v 5 3
v 6 3
v 7 3
v 8 3
v 9 3
v 10 3
v 11 3
v 12 3
v 13 3
v 14 3
v 15 3
v 16 3
v 17 3
v 18 4
v 19 4
v 20 4
v 21 4
v 22 4
v 23 4
v 24 4
v 25 4
v 26 4
v 27 4
v 28 4
v 29 4
v 30 4
e 0 8 1
e 0 30 1
e 1 6 1
e 1 14 2
e 2 3 1
e 2 4 2
e 2 7 1
e 3 5 1
e 3 18 1
e 3 19 1
e 4 6 1
e 4 9 1
e 5 11 2
e 5 12 1
e 6 8 2
e 7 10 2
e 7 20 1
e 8 10 1
e 9 13 2
e 9 21 1
e 10 22 1
e 11 15 1
e 11 23 1
e 12 16 2
e 12 24 1
e 13 14 1
e 13 25 1
e 14 26 1
e 15 17 2
e 15 27 1
e 16 17 1
e 16 28 1
e 17 29 1
t # 63236
v 0 1
v 1 2
v 2 3
v 3 3
v 4 3
v 5 3
v 6 3
v 7 3
v 8 3
v 9 3
v 10 3
v 11 3
v 12 3
v 13 3
v 14 4
v 15 4
v 16 4
v 17 4
v 18 4
v 19 4
v 20 4
v 21 4
v 22 4
v 23 4
v 24 4
v 25 4
v 26 4
v 27 4
v 28 4
e 0 8 2
e 1 5 1
e 1 6 1
e 1 22 1
e 2 3 1
e 2 4 1
e 2 7 1
e 2 8 1
e 3 5 1
e 3 14 1
e 3 15 1
e 4 6 1
e 4 16 1
e 4 17 1
e 5 18 1
e 5 19 1
e 6 20 1
e 6 21 1
e 7 9 2
e 7 10 1
e 8 23 1
e 9 11 1
e 9 24 1
e 10 12 2
e 10 25 1
e 11 13 2
e 11 26 1
e 12 13 1
e 12 27 1
e 13 28 1
t # 63237
v 0 1
v 1 2
v 2 2
v 3 3
v 4 3
v 5 3
v 6 3
v 7 4
v 8 4
v 9 4
v 10 4
v 11 4
v 12 4
v 13 4
v 14 4
e 0 6 2
e 1 2 1
e 1 6 1
e 1 12 1
e 2 13 1
e 2 14 1
e 3 4 1
e 3 5 1
e 3 6 1
e 3 7 1
e 4 5 1
e 4 8 1
e 4 9 1
e 5 10 1
e 5 11 1
t # 63238
v 0 1
v 1 3
v 2 3
v 3 3
v 4 3
v 5 3
v 6 3
v 7 3
v 8 3
v 9 3
v 10 3
v 11 3
v 12 3
v 13 3
v 14 4
v 15 4
v 16 4
v 17 4
v 18 4
v 19 4
v 20 4
v 21 4
v 22 4
v 23 4
v 24 4
v 25 4
v 26 4
v 27 4
v 28 4
v 29 4
e 0 4 2
e 1 2 1
e 1 3 1
e 1 4 1
e 1 14 1
e 2 3 1
e 2 15 1
e 2 16 1
e 3 17 1
e 3 18 1
e 4 5 1
e 5 8 2
e 5 9 1
e 6 7 1
e 6 12 1
e 6 13 1
e 6 19 1
e 7 10 2
e 7 11 1
e 8 10 1
e 8 20 1
e 9 11 2
e 9 21 1
e 10 22 1
e 11 23 1
e 12 24 1
e 12 25 1
e 12 26 1
e 13 27 1
e 13 28 1
e 13 29 1
t # 63239
v 0 18
v 1 1
v 2 3
v 3 3
v 4 3
v 5 3
v 6 3
v 7 3
v 8 3
v 9 3
v 10 3
v 11 3
v 12 4
v 13 4
v 14 4
v 15 4
v 16 4
v 17 4
v 18 4
v 19 4
v 20 4
e 1 5 2
e 2 3 1
e 2 4 1
e 2 5 1
e 2 12 1
e 3 4 1
e 3 13 1
e 3 14 1
e 4 15 1
e 4 16 1
e 5 6 1
e 6 7 2
e 6 8 1
e 7 9 1
e 7 17 1
e 8 10 2
e 8 18 1
e 9 11 2
e 9 19 1
e 10 11 1
e 10 20 1
t # 63240
v 0 1
v 1 1
v 2 1
v 3 1
v 4 3
v 5 3
v 6 3
v 7 3
v 8 3
v 9 3
v 10 3
v 11 3
v 12 3
v 13 3
v 14 4
v 15 4
v 16 4
v 17 4
v 18 4
v 19 4
v 20 4
v 21 4
v 22 4
v 23 4
e 0 4 1
e 0 10 1
e 1 5 1
e 1 10 1
e 2 11 1
e 2 12 1
e 3 11 2
e 4 5 2
e 4 7 1
e 5 8 1
e 6 7 2
e 6 9 1
e 6 11 1
e 7 14 1
e 8 9 2
e 8 15 1
e 9 16 1
e 10 17 1
e 10 18 1
e 12 13 1
e 12 19 1
e 12 20 1
e 13 21 1
e 13 22 1
e 13 23 1
t # 63241
v 0 1
v 1 2
v 2 2
v 3 3
v 4 3
v 5 3
v 6 3
v 7 3
v 8 3
v 9 3
v 10 3
v 11 3
v 12 4
v 13 4
v 14 4
v 15 4
v 16 4
v 17 4
v 18 4
v 19 4
v 20 4
v 21 4
v 22 4
v 23 4
v 24 4
v 25 4
e 0 7 1
e 0 24 1
e 1 3 1
e 1 5 1
e 1 18 1
e 2 9 1
e 2 11 2
e 3 4 1
e 3 12 1
e 3 13 1
e 4 7 1
e 4 14 1
e 4 15 1
e 5 6 1
e 5 16 1
e 5 17 1
e 6 8 1
e 6 9 2
e 7 19 1
e 7 20 1
e 8 10 2
e 8 21 1
e 9 22 1
e 10 11 1
e 10 23 1
e 11 25 1
t # 63242
v 0 1
v 1 1
v 2 1
v 3 1
v 4 1
v 5 2
v 6 3
v 7 3
v 8 3
v 9 3
v 10 3
v 11 3
v 12 3
v 13 3
v 14 4
v 15 4
v 16 4
v 17 4
v 18 4
v 19 4
v 20 4
e 0 8 1
e 0 19 1
e 1 13 1
e 1 20 1
e 2 13 2
e 5 7 1
e 6 8 2
e 6 10 1
e 6 12 1
e 7 8 1
e 7 9 2
e 9 11 1
e 9 13 1
e 10 11 2
e 10 14 1
e 11 15 1
e 12 16 1
e 12 17 1
e 12 18 1
t # 63243
v 0 11
v 1 11
v 2 2
v 3 2
v 4 2
v 5 2
v 6 3
v 7 3
v 8 3
v 9 3
v 10 4
v 11 4
v 12 4
v 13 4
v 14 4
v 15 4
v 16 4
v 17 4
v 18 4
v 19 4
e 0 6 1
e 0 8 1
e 1 7 1
e 1 9 1
e 2 8 1
e 2 14 1
e 2 15 1
e 3 9 1
e 3 16 1
e 3 17 1
e 4 8 2
e 4 18 1
e 5 9 2
e 5 19 1
e 6 7 1
e 6 10 1
e 6 11 1
e 7 12 1
e 7 13 1
t # 63244
v 0 18
v 1 12
v 2 3
v 3 3
v 4 3
v 5 3
v 6 4
v 7 4
v 8 4
v 9 4
v 10 4
v 11 4
v 12 4
v 13 4
e 1 5 1
e 2 3 1
e 2 4 1
e 2 6 1
e 2 7 1
e 3 5 1
e 3 8 1
e 3 9 1
e 4 10 1
e 4 11 1
e 5 12 1
e 5 13 1
t # 63245
v 0 12
v 1 1
v 2 1
v 3 1
v 4 1
v 5 2
v 6 3
v 7 3
v 8 3
v 9 3
v 10 3
v 11 3
v 12 3
v 13 3
v 14 4
v 15 4
v 16 4
v 17 4
v 18 4
v 19 4
v 20 4
v 21 4
e 0 11 1
e 1 7 1
e 1 12 1
e 2 8 1
e 2 13 1
e 5 6 1
e 6 7 1
e 6 9 2
e 7 10 2
e 8 9 1
e 8 11 2
e 9 14 1
e 10 11 1
e 10 15 1
e 12 16 1
e 12 17 1
e 12 18 1
e 13 19 1
e 13 20 1
e 13 21 1
t # 63246
v 0 1
v 1 1
v 2 1
v 3 3
v 4 3
v 5 3
v 6 3
v 7 3
v 8 3
v 9 3
v 10 3
v 11 3
v 12 3
v 13 3
v 14 3
v 15 4
v 16 4
v 17 4
v 18 4
v 19 4
v 20 4
v 21 4
v 22 4
v 23 4
v 24 4
v 25 4
v 26 4
v 27 4
v 28 4
e 0 5 1
e 0 7 1
e 1 7 2
e 2 8 2
e 3 4 1
e 3 7 1
e 3 15 1
e 3 16 1
e 4 8 1
e 4 17 1
e 4 18 1
e 5 6 1
e 5 19 1
e 5 20 1
e 6 9 2
e 6 10 1
e 8 11 1
e 9 12 1
e 9 21 1
e 10 13 2
e 10 22 1
e 11 23 1
e 11 24 1
e 11 25 1
e 12 14 2
e 12 26 1
e 13 14 1
e 13 27 1
e 14 28 1
t # 63247
v 0 18
v 1 3
v 2 3
v 3 3
v 4 3
v 5 3
v 6 3
v 7 3
v 8 3
v 9 3
v 10 3
v 11 3
v 12 3
v 13 3
v 14 3
v 15 3
v 16 3
v 17 3
v 18 3
v 19 3
v 20 3
v 21 3
v 22 3
v 23 4
v 24 4
v 25 4
v 26 4
v 27 4
v 28 4
v 29 4
v 30 4
v 31 4
v 32 4
v 33 4
v 34 4
v 35 4
v 36 4
v 37 4
v 38 4
v 39 4
v 40 4
v 41 4
v 42 4
v 43 4
v 44 4
v 45 4
v 46 4
v 47 4
v 48 4
v 49 4
v 50 4
v 51 4
v 52 4
v 53 4
v 54 4
v 55 4
v 56 4
v 57 4
v 58 4
v 59 4
v 60 4
v 61 4
v 62 4
v 63 4
v 64 4
v 65 4
v 66 4
v 67 4
e 1 2 1
e 1 3 1
e 1 23 1
e 1 24 1
e 2 4 1
e 2 25 1
e 2 26 1
e 3 5 1
e 3 27 1
e 3 28 1
e 4 6 1
e 4 29 1
e 4 30 1
e 5 7 1
e 5 31 1
e 5 32 1
e 6 8 1
e 6 33 1
e 6 34 1
e 7 9 1
e 7 35 1
e 7 36 1
e 8 10 1
e 8 37 1
e 8 38 1
e 9 11 1
e 9 39 1
e 9 40 1
e 10 12 1
e 10 41 1
e 10 42 1
e 11 13 1
e 11 43 1
e 11 44 1
e 12 14 1
e 12 45 1
e 12 46 1
e 13 15 1
e 13 47 1
e 13 48 1
e 14 16 1
e 14 49 1
e 14 50 1
e 15 17 1
e 15 51 1
e 15 52 1
e 16 18 1
e 16 53 1
e 16 54 1
e 17 19 1
e 17 55 1
e 17 56 1
e 18 20 1
e 18 57 1
e 18 58 1
e 19 21 1
e 19 59 1
e 19 60 1
e 20 22 1
e 20 61 1
e 20 62 1
e 21 63 1
e 21 64 1
e 22 65 1
e 22 66 1
e 22 67 1
t # 63248
v 0 1
v 1 2
v 2 3
v 3 3
v 4 3
v 5 3
v 6 3
v 7 3
v 8 3
v 9 3
v 10 3
v 11 3
v 12 3
v 13 3
v 14 3
v 15 3
v 16 4
v 17 4
v 18 4
v 19 4
v 20 4
v 21 4
v 22 4
v 23 4
v 24 4
v 25 4
v 26 4
v 27 4
v 28 4
v 29 4
v 30 4
v 31 4
v 32 4
v 33 4
v 34 4
v 35 4
v 36 4
e 0 4 2
e 1 2 1
e 1 3 1
e 1 4 1
e 2 5 1
e 2 6 1
e 2 16 1
e 3 7 1
e 3 8 1
e 3 17 1
e 4 9 1
e 5 18 1
e 5 19 1
e 5 20 1
e 6 21 1
e 6 22 1
e 6 23 1
e 7 24 1
e 7 25 1
e 7 26 1
e 8 27 1
e 8 28 1
e 8 29 1
e 9 10 2
e 9 11 1
e 10 13 1
e 10 30 1
e 11 14 2
e 11 31 1
e 12 13 2
e 12 14 1
e 12 15 1
e 13 32 1
e 14 33 1
e 15 34 1
e 15 35 1
e 15 36 1
t # 63249
v 0 1
v 1 2
v 2 3
v 3 3
v 4 3
v 5 3
v 6 3
v 7 3
v 8 3
v 9 3
v 10 3
v 11 3
v 12 4
v 13 4
v 14 4
v 15 4
v 16 4
v 17 4
v 18 4
v 19 4
v 20 4
v 21 4
v 22 4
v 23 4
v 24 4
e 0 5 2
e 1 5 1
e 1 9 1
e 1 10 1
e 2 4 1
e 2 5 1
e 2 6 2
e 3 4 2
e 3 7 1
e 3 11 1
e 4 12 1
e 6 8 1
e 6 13 1
e 7 8 2
e 7 14 1
e 8 15 1
e 9 16 1
e 9 17 1
e 9 18 1
e 10 19 1
e 10 20 1
e 10 21 1
e 11 22 1
e 11 23 1
e 11 24 1
t # 63250
v 0 12
v 1 12
v 2 12
v 3 12
v 4 1
v 5 1
v 6 1
v 7 1
v 8 3
v 9 3
v 10 3
v 11 3
v 12 3
v 13 3
v 14 3
v 15 3
v 16 3
v 17 3
v 18 3
v 19 3
v 20 3
v 21 3
v 22 4
v 23 4
v 24 4
v 25 4
v 26 4
v 27 4
v 28 4
v 29 4
v 30 4
v 31 4
v 32 4
v 33 4
v 34 4
v 35 4
e 0 14 1
e 1 15 1
e 2 18 1
e 3 19 1
e 4 10 1
e 4 16 1
e 5 11 1
e 5 17 1
e 6 16 2
e 7 17 2
e 8 9 2
e 8 14 1
e 8 16 1
e 9 15 1
e 9 17 1
e 10 12 1
e 10 22 1
e 10 23 1
e 11 13 1
e 11 24 1
e 11 25 1
e 12 20 1
e 12 26 1
e 12 27 1
e 13 21 1
e 13 28 1
e 13 29 1
e 14 18 2
e 15 19 2
e 18 19 1
e 20 30 1
e 20 31 1
e 20 32 1
e 21 33 1
e 21 34 1
e 21 35 1
t # 63251
v 0 1
v 1 1
v 2 2
v 3 2
v 4 2
v 5 3
v 6 3
v 7 3
v 8 3
v 9 3
v 10 3
v 11 3
v 12 3
v 13 3
v 14 3
v 15 3
v 16 3
v 17 3
v 18 4
v 19 4
v 20 4
v 21 4
v 22 4
v 23 4
v 24 4
v 25 4
v 26 4
v 27 4
v 28 4
e 0 17 1
e 0 28 1
e 1 17 2
e 2 5 1
e 3 7 1
e 4 12 1
e 4 26 1
e 4 27 1
e 5 8 2
e 5 9 1
e 6 10 2
e 6 11 1
e 6 17 1
e 7 13 2
e 7 14 1
e 8 10 1
e 8 18 1
e 9 11 2
e 9 19 1
e 10 20 1
e 11 21 1
e 12 15 2
e 12 16 1
e 13 15 1
e 13 22 1
e 14 16 2
e 14 23 1
e 15 24 1
e 16 25 1
t # 63252
v 0 1
v 1 1
v 2 1
v 3 1
v 4 2
v 5 2
v 6 3
v 7 3
v 8 3
v 9 3
v 10 3
v 11 3
v 12 3
v 13 3
v 14 3
v 15 3
v 16 4
v 17 4
v 18 4
v 19 4
v 20 4
v 21 4
e 0 14 1
e 0 20 1
e 1 15 1
e 1 21 1
e 2 14 2
e 3 15 2
e 4 6 1
e 4 8 2
e 5 7 1
e 5 9 2
e 6 7 1
e 6 10 2
e 7 11 2
e 8 9 1
e 8 14 1
e 9 15 1
e 10 12 1
e 10 16 1
e 11 13 1
e 11 17 1
e 12 13 2
e 12 18 1
e 13 19 1
t # 63253
v 0 8
v 1 1
v 2 1
v 3 1
v 4 3
v 5 3
v 6 3
v 7 3
v 8 3
v 9 3
v 10 3
v 11 3
v 12 3
v 13 3
v 14 4
v 15 4
v 16 4
v 17 4
v 18 4
v 19 4
v 20 4
v 21 4
v 22 4
v 23 4
v 24 4
v 25 4
v 26 4
v 27 4
v 28 4
v 29 4
v 30 4
v 31 4
v 32 4
v 33 4
v 34 4
v 35 4
v 36 4
e 1 35 1
e 2 36 1
e 4 5 1
e 4 6 1
e 4 14 1
e 4 15 1
e 5 7 1
e 5 16 1
e 5 17 1
e 6 8 1
e 6 18 1
e 6 19 1
e 7 9 1
e 7 20 1
e 7 21 1
e 8 10 1
e 8 22 1
e 8 23 1
e 9 11 1
e 9 24 1
e 9 25 1
e 10 12 1
e 10 26 1
e 10 27 1
e 11 28 1
e 11 29 1
e 12 13 1
e 12 30 1
e 12 31 1
e 13 32 1
e 13 33 1
e 13 34 1
t # 63254
v 0 1
v 1 1
v 2 2
v 3 2
v 4 3
v 5 3
v 6 3
v 7 3
v 8 3
v 9 3
v 10 3
v 11 3
v 12 3
v 13 3
v 14 3
v 15 3
v 16 3
v 17 3
v 18 3
v 19 3
v 20 3
v 21 3
v 22 3
v 23 3
v 24 3
v 25 3
v 26 4
v 27 4
v 28 4
v 29 4
v 30 4
v 31 4
v 32 4
v 33 4
v 34 4
v 35 4
v 36 4
v 37 4
v 38 4
v 39 4
v 40 4
v 41 4
v 42 4
v 43 4
v 44 4
v 45 4
v 46 4
v 47 4
v 48 4
v 49 4
v 50 4
v 51 4
v 52 4
v 53 4
e 0 12 2
e 1 13 2
e 2 12 1
e 2 14 1
e 2 42 1
e 3 13 1
e 3 15 1
e 3 43 1
e 4 5 1
e 4 6 1
e 4 26 1
e 4 27 1
e 5 7 1
e 5 28 1
e 5 29 1
e 6 8 1
e 6 30 1
e 6 31 1
e 7 9 1
e 7 32 1
e 7 33 1
e 8 10 1
e 8 34 1
e 8 35 1
e 9 11 1
e 9 36 1
e 9 37 1
e 10 12 1
e 10 38 1
e 10 39 1
e 11 13 1
e 11 40 1
e 11 41 1
e 14 16 2
e 14 18 1
e 15 17 2
e 15 19 1
e 16 20 1
e 16 44 1
e 17 21 1
e 17 45 1
e 18 22 2
e 18 46 1
e 19 23 2
e 19 47 1
e 20 24 2
e 20 48 1
e 21 25 2
e 21 49 1
e 22 24 1
e 22 50 1
e 23 25 1
e 23 51 1
e 24 52 1
e 25 53 1
t # 63255
v 0 1
v 1 1
v 2 2
v 3 2
v 4 2
v 5 3
v 6 3
v 7 3
v 8 3
v 9 3
v 10 3
v 11 3
v 12 3
v 13 3
v 14 3
v 15 3
v 16 4
v 17 4
v 18 4
v 19 4
v 20 4
v 21 4
v 22 4
v 23 4
v 24 4
e 2 5 1
e 2 6 1
e 2 16 1
e 3 6 2
e 3 14 1
e 4 10 1
e 5 8 2
e 5 9 1
e 6 7 1
e 7 11 2
e 7 17 1
e 8 12 1
e 8 18 1
e 9 13 2
e 9 19 1
e 10 11 1
e 10 14 2
e 11 20 1
e 12 15 2
e 12 22 1
e 13 15 1
e 13 23 1
e 14 21 1
e 15 24 1
t # 63256
v 0 11
v 1 2
v 2 3
v 3 3
v 4 3
v 5 3
v 6 3
v 7 3
v 8 3
v 9 4
v 10 4
v 11 4
v 12 4
v 13 4
v 14 4
v 15 4
v 16 4
v 17 4
v 18 4
v 19 4
v 20 4
v 21 4
e 0 6 1
e 0 8 1
e 2 3 1
e 2 4 1
e 2 9 1
e 2 10 1
e 3 5 1
e 3 11 1
e 3 12 1
e 4 6 1
e 4 13 1
e 4 14 1
e 5 7 1
e 5 15 1
e 5 16 1
e 6 17 1
e 6 18 1
e 7 19 1
e 7 20 1
e 7 21 1
t # 63257
v 0 1
v 1 1
v 2 2
v 3 3
v 4 3
v 5 3
v 6 3
v 7 3
v 8 3
v 9 3
v 10 3
v 11 3
v 12 3
v 13 3
v 14 4
v 15 4
v 16 4
v 17 4
v 18 4
v 19 4
v 20 4
v 21 4
v 22 4
v 23 4
v 24 4
v 25 4
v 26 4
v 27 4
v 28 4
e 0 10 1
e 0 12 1
e 1 10 2
e 3 4 1
e 3 5 1
e 3 14 1
e 3 15 1
e 4 6 1
e 4 16 1
e 4 17 1
e 5 7 1
e 5 18 1
e 5 19 1
e 6 8 1
e 6 20 1
e 6 21 1
e 7 8 1
e 7 22 1
e 7 23 1
e 8 9 2
e 9 10 1
e 9 11 1
e 12 13 1
e 12 24 1
e 12 25 1
e 13 26 1
e 13 27 1
e 13 28 1
t # 63258
v 0 1
v 1 1
v 2 1
v 3 1
v 4 3
v 5 3
v 6 3
v 7 3
v 8 3
v 9 3
v 10 3
v 11 3
v 12 3
v 13 3
v 14 4
v 15 4
v 16 4
v 17 4
v 18 4
v 19 4
v 20 4
v 21 4
v 22 4
v 23 4
v 24 4
v 25 4
v 26 4
v 27 4
v 28 4
v 29 4
e 0 8 1
e 0 10 1
e 1 9 1
e 1 11 1
e 2 8 2
e 3 9 2
e 4 5 2
e 4 6 1
e 4 7 1
e 5 8 1
e 5 9 1
e 6 14 1
e 6 15 1
e 6 16 1
e 7 17 1
e 7 18 1
e 7 19 1
e 10 12 1
e 10 20 1
e 10 21 1
e 11 13 1
e 11 22 1
e 11 23 1
e 12 24 1
e 12 25 1
e 12 26 1
e 13 27 1
e 13 28 1
e 13 29 1
t # 63259
v 0 12
v 1 1
v 2 1
v 3 1
v 4 2
v 5 3
v 6 3
v 7 3
v 8 3
v 9 3
v 10 3
v 11 3
v 12 3
v 13 3
v 14 3
v 15 4
v 16 4
v 17 4
v 18 4
v 19 4
v 20 4
e 0 14 1
e 1 7 2
e 2 8 2
e 3 14 2
e 4 7 1
e 4 8 1
e 4 9 1
e 5 6 1
e 5 7 1
e 5 10 2
e 6 8 1
e 6 11 2
e 9 14 1
e 9 15 1
e 9 16 1
e 10 12 1
e 10 17 1
e 11 13 1
e 11 18 1
e 12 13 2
e 12 19 1
e 13 20 1
t # 63260
v 0 1
v 1 1
v 2 3
v 3 3
v 4 3
v 5 3
v 6 3
v 7 3
v 8 3
v 9 3
v 10 3
v 11 3
v 12 4
v 13 4
v 14 4
v 15 4
v 16 4
v 17 4
v 18 4
v 19 4
v 20 4
v 21 4
v 22 4
v 23 4
v 24 4
v 25 4
e 0 8 1
e 0 10 1
e 1 9 1
e 1 11 1
e 2 4 2
e 2 6 1
e 2 8 1
e 3 5 2
e 3 7 1
e 3 9 1
e 4 5 1
e 4 12 1
e 5 13 1
e 6 7 2
e 6 14 1
e 7 15 1
e 8 16 1
e 8 17 1
e 9 18 1
e 9 19 1
e 10 20 1
e 10 21 1
e 10 22 1
e 11 23 1
e 11 24 1
e 11 25 1
t # 63261
v 0 1
v 1 3
v 2 3
v 3 3
v 4 3
v 5 3
v 6 3
v 7 3
v 8 3
v 9 3
v 10 3
v 11 3
v 12 3
v 13 3
v 14 3
v 15 3
v 16 3
v 17 3
v 18 3
v 19 4
v 20 4
v 21 4
v 22 4
v 23 4
v 24 4
v 25 4
v 26 4
v 27 4
v 28 4
v 29 4
v 30 4
v 31 4
v 32 4
e 0 3 1
e 0 10 1
e 1 2 1
e 1 3 1
e 1 4 2
e 2 6 2
e 2 7 1
e 3 5 2
e 4 8 1
e 4 19 1
e 5 9 1
e 5 20 1
e 6 11 1
e 6 21 1
e 7 12 2
e 7 22 1
e 8 9 2
e 8 23 1
e 9 24 1
e 10 14 2
e 10 15 1
e 11 13 2
e 11 25 1
e 12 13 1
e 12 26 1
e 13 27 1
e 14 16 1
e 14 28 1
e 15 17 2
e 15 29 1
e 16 18 2
e 16 30 1
e 17 18 1
e 17 31 1
e 18 32 1
t # 63262
v 0 8
v 1 8
v 2 3
v 3 3
v 4 3
v 5 3
v 6 3
v 7 3
v 8 3
v 9 3
v 10 3
v 11 3
v 12 3
v 13 3
v 14 3
v 15 3
v 16 3
v 17 3
v 18 3
v 19 3
v 20 3
v 21 3
v 22 3
v 23 3
v 24 3
v 25 3
v 26 3
v 27 3
v 28 3
v 29 4
v 30 4
v 31 4
v 32 4
v 33 4
v 34 4
v 35 4
v 36 4
v 37 4
v 38 4
v 39 4
v 40 4
v 41 4
v 42 4
v 43 4
v 44 4
v 45 4
v 46 4
v 47 4
v 48 4
v 49 4
v 50 4
v 51 4
v 52 4
v 53 4
v 54 4
e 2 3 1
e 2 4 1
e 2 29 1
e 2 30 1
e 3 31 1
e 3 32 1
e 4 33 1
e 4 34 1
e 5 9 2
e 5 13 1
e 6 10 2
e 6 14 1
e 7 11 2
e 7 15 1
e 8 12 2
e 8 16 1
e 9 17 1
e 9 35 1
e 10 18 1
e 10 36 1
e 11 19 1
e 11 37 1
e 12 20 1
e 12 38 1
e 13 21 2
e 13 39 1
e 14 22 2
e 14 40 1
e 15 23 2
e 15 41 1
e 16 24 2
e 16 42 1
e 17 25 2
e 17 43 1
e 18 26 2
e 18 44 1
e 19 27 2
e 19 45 1
e 20 28 2
e 20 46 1
e 21 25 1
e 21 47 1
e 22 26 1
e 22 48 1
e 23 27 1
e 23 49 1
e 24 28 1
e 24 50 1
e 25 51 1
e 26 52 1
e 27 53 1
e 28 54 1
t # 63263
v 0 1
v 1 1
v 2 1
v 3 1
v 4 3
v 5 3
v 6 3
v 7 3
v 8 3
v 9 3
v 10 3
v 11 3
v 12 4
v 13 4
v 14 4
v 15 4
v 16 4
v 17 4
v 18 4
v 19 4
v 20 4
v 21 4
v 22 4
v 23 4
e 0 4 1
e 0 6 1
e 1 5 1
e 1 7 1
e 2 6 2
e 3 7 2
e 4 7 1
e 4 8 1
e 4 9 1
e 5 6 1
e 5 10 1
e 5 11 1
e 8 12 1
e 8 13 1
e 8 14 1
e 9 15 1
e 9 16 1
e 9 17 1
e 10 18 1
e 10 19 1
e 10 20 1
e 11 21 1
e 11 22 1
e 11 23 1
t # 63264
v 0 1
v 1 1
v 2 1
v 3 1
v 4 2
v 5 2
v 6 2
v 7 2
v 8 3
v 9 3
v 10 3
v 11 3
v 12 3
v 13 3
v 14 4
v 15 4
v 16 4
v 17 4
e 0 10 2
e 1 11 2
e 2 12 2
e 3 13 2
e 4 8 1
e 4 13 1
e 4 14 1
e 5 9 1
e 5 12 1
e 5 15 1
e 6 10 1
e 6 12 1
e 6 16 1
e 7 11 1
e 7 13 1
e 7 17 1
e 8 9 2
e 8 10 1
e 9 11 1
t # 63265
v 0 1
v 1 1
v 2 2
v 3 2
v 4 2
v 5 2
v 6 2
v 7 2
v 8 3
v 9 3
v 10 3
v 11 3
v 12 3
v 13 3
v 14 3
v 15 3
v 16 3
v 17 3
v 18 3
v 19 3
v 20 3
v 21 3
v 22 3
v 23 3
v 24 3
v 25 3
v 26 3
v 27 3
v 28 3
v 29 3
v 30 4
v 31 4
v 32 4
v 33 4
v 34 4
v 35 4
v 36 4
v 37 4
v 38 4
v 39 4
v 40 4
v 41 4
v 42 4
v 43 4
v 44 4
v 45 4
e 2 10 1
e 3 11 1
e 4 5 1
e 4 18 1
e 4 38 1
e 6 21 1
e 7 24 1
e 8 9 1
e 8 10 1
e 8 12 2
e 9 11 1
e 9 13 2
e 10 14 2
e 11 15 2
e 12 16 1
e 12 30 1
e 13 17 1
e 13 31 1
e 14 15 1
e 14 32 1
e 15 33 1
e 16 17 2
e 16 34 1
e 17 35 1
e 18 19 2
e 18 20 1
e 19 22 1
e 19 36 1
e 20 23 2
e 20 37 1
e 21 22 2
e 21 23 1
e 22 39 1
e 23 40 1
e 24 25 2
e 24 26 1
e 25 27 1
e 25 41 1
e 26 28 2
e 26 42 1
e 27 29 2
e 27 43 1
e 28 29 1
e 28 44 1
e 29 45 1
t # 63266
v 0 1
v 1 3
v 2 3
v 3 3
v 4 3
v 5 3
v 6 3
v 7 3
v 8 3
v 9 3
v 10 3
v 11 3
v 12 3
v 13 3
v 14 3
v 15 3
v 16 3
v 17 3
v 18 3
v 19 3
v 20 3
v 21 3
v 22 3
v 23 4
v 24 4
v 25 4
v 26 4
v 27 4
v 28 4
v 29 4
v 30 4
v 31 4
v 32 4
v 33 4
v 34 4
v 35 4
v 36 4
v 37 4
v 38 4
v 39 4
v 40 4
v 41 4
v 42 4
v 43 4
v 44 4
v 45 4
v 46 4
v 47 4
v 48 4
v 49 4
v 50 4
v 51 4
v 52 4
v 53 4
v 54 4
v 55 4
v 56 4
v 57 4
v 58 4
e 0 16 2
e 1 2 1
e 1 3 1
e 1 23 1
e 1 24 1
e 2 4 1
e 2 25 1
e 2 26 1
e 3 5 1
e 3 27 1
e 3 28 1
e 4 6 1
e 4 29 1
e 4 30 1
e 5 7 1
e 5 31 1
e 5 32 1
e 6 8 1
e 6 33 1
e 6 34 1
e 7 9 1
e 7 35 1
e 7 36 1
e 8 10 1
e 8 37 1
e 8 38 1
e 9 11 1
e 9 39 1
e 9 40 1
e 10 12 1
e 10 41 1
e 10 42 1
e 11 14 1
e 11 43 1
e 11 44 1
e 12 13 1
e 12 45 1
e 12 46 1
e 13 15 1
e 13 47 1
e 13 48 1
e 14 16 1
e 14 49 1
e 14 50 1
e 15 51 1
e 15 52 1
e 15 53 1
e 16 17 1
e 17 18 2
e 17 19 1
e 18 20 1
e 18 54 1
e 19 21 2
e 19 55 1
e 20 22 2
e 20 56 1
e 21 22 1
e 21 57 1
e 22 58 1
t # 63267
v 0 2
v 1 2
v 2 3
v 3 3
v 4 3
v 5 3
v 6 3
v 7 3
v 8 3
v 9 3
v 10 3
v 11 4
v 12 4
v 13 4
v 14 4
v 15 4
v 16 4
v 17 4
v 18 4
v 19 4
v 20 4
v 21 4
v 22 4
v 23 4
v 24 4
v 25 4
v 26 4
e 0 2 1
e 0 4 1
e 0 6 1
e 1 4 2
e 1 10 1
e 2 3 1
e 2 11 1
e 2 12 1
e 3 5 1
e 3 13 1
e 3 14 1
e 4 7 1
e 5 8 1
e 5 15 1
e 5 16 1
e 6 9 1
e 6 17 1
e 6 18 1
e 7 8 1
e 7 19 1
e 7 20 1
e 8 21 1
e 8 22 1
e 9 10 1
e 9 23 1
e 9 24 1
e 10 25 1
e 10 26 1
t # 63268
v 0 1
v 1 1
v 2 2
v 3 2
v 4 2
v 5 3
v 6 3
v 7 3
v 8 3
v 9 3
v 10 3
v 11 4
v 12 4
v 13 4
v 14 4
v 15 4
v 16 4
v 17 4
v 18 4
v 19 4
e 0 6 2
e 1 7 2
e 2 5 1
e 2 6 1
e 2 9 1
e 3 6 1
e 3 7 1
e 3 10 1
e 4 5 1
e 4 18 1
e 4 19 1
e 5 8 2
e 7 8 1
e 8 11 1
e 9 12 1
e 9 13 1
e 9 14 1
e 10 15 1
e 10 16 1
e 10 17 1
t # 63269
v 0 1
v 1 1
v 2 1
v 3 2
v 4 3
v 5 3
v 6 3
v 7 3
v 8 3
v 9 3
v 10 3
v 11 3
v 12 3
v 13 3
v 14 3
v 15 3
v 16 3
v 17 3
v 18 3
v 19 3
v 20 4
v 21 4
v 22 4
v 23 4
v 24 4
v 25 4
v 26 4
v 27 4
v 28 4
v 29 4
v 30 4
v 31 4
v 32 4
e 0 8 1
e 0 12 1
e 1 14 1
e 1 32 1
e 2 14 2
e 3 5 1
e 3 9 1
e 3 22 1
e 4 5 2
e 4 6 1
e 4 7 1
e 5 10 1
e 6 8 2
e 6 20 1
e 7 9 2
e 7 21 1
e 8 11 1
e 9 14 1
e 10 11 2
e 10 23 1
e 11 24 1
e 12 13 1
e 12 25 1
e 12 26 1
e 13 15 2
e 13 16 1
e 15 17 1
e 15 27 1
e 16 18 2
e 16 28 1
e 17 19 2
e 17 29 1
e 18 19 1
e 18 30 1
e 19 31 1
t # 63270
v 0 1
v 1 1
v 2 2
v 3 2
v 4 3
v 5 3
v 6 3
v 7 3
v 8 3
v 9 3
v 10 3
v 11 3
v 12 3
v 13 4
v 14 4
v 15 4
v 16 4
v 17 4
v 18 4
v 19 4
v 20 4
e 2 4 1
e 2 6 1
e 3 5 1
e 3 7 1
e 4 5 1
e 4 8 2
e 5 9 2
e 6 7 2
e 6 10 1
e 7 13 1
e 8 11 1
e 8 14 1
e 9 12 1
e 9 15 1
e 10 16 1
e 10 17 1
e 10 18 1
e 11 12 2
e 11 19 1
e 12 20 1
t # 63271
v 0 12
v 1 1
v 2 1
v 3 2
v 4 2
v 5 3
v 6 3
v 7 3
v 8 3
v 9 3
v 10 3
v 11 3
v 12 3
v 13 4
v 14 4
v 15 4
v 16 4
v 17 4
e 0 11 1
e 1 9 2
e 2 10 2
e 3 5 1
e 3 9 1
e 3 13 1
e 4 6 1
e 4 10 1
e 4 14 1
e 5 6 2
e 5 7 1
e 6 8 1
e 7 11 2
e 7 15 1
e 8 12 2
e 8 16 1
e 9 10 1
e 11 12 1
e 12 17 1
t # 63272
v 0 1
v 1 1
v 2 2
v 3 3
v 4 3
v 5 3
v 6 3
v 7 3
v 8 3
v 9 3
v 10 3
v 11 3
v 12 3
v 13 3
v 14 4
v 15 4
v 16 4
v 17 4
v 18 4
v 19 4
v 20 4
v 21 4
v 22 4
v 23 4
v 24 4
e 0 13 1
e 0 24 1
e 1 13 2
e 2 3 1
e 2 4 1
e 2 6 1
e 3 5 1
e 3 9 2
e 4 7 1
e 4 14 1
e 4 15 1
e 5 8 1
e 5 10 2
e 6 8 2
e 6 16 1
e 7 13 1
e 7 17 1
e 7 18 1
e 8 19 1
e 9 11 1
e 9 20 1
e 10 12 1
e 10 21 1
e 11 12 2
e 11 22 1
e 12 23 1
t # 63273
v 0 12
v 1 1
v 2 2
v 3 3
v 4 3
v 5 3
v 6 3
v 7 3
v 8 4
v 9 4
v 10 4
v 11 4
e 0 6 1
e 1 3 1
e 1 11 1
e 2 6 1
e 2 7 2
e 3 4 1
e 3 6 2
e 4 5 2
e 4 8 1
e 5 7 1
e 5 9 1
e 7 10 1
t # 63274
v 0 1
v 1 2
v 2 2
v 3 3
v 4 3
v 5 3
v 6 3
v 7 3
v 8 3
v 9 3
v 10 3
v 11 4
v 12 4
v 13 4
v 14 4
v 15 4
v 16 4
v 17 4
v 18 4
v 19 4
v 20 4
v 21 4
v 22 4
e 0 6 1
e 0 22 1
e 1 3 1
e 1 4 1
e 1 15 1
e 2 5 1
e 2 9 2
e 3 5 1
e 3 11 1
e 3 12 1
e 4 6 1
e 4 13 1
e 4 14 1
e 5 7 2
e 6 16 1
e 6 17 1
e 7 8 1
e 7 18 1
e 8 10 2
e 8 19 1
e 9 10 1
e 9 20 1
e 10 21 1
t # 63275
v 0 1
v 1 1
v 2 1
v 3 1
v 4 1
v 5 2
v 6 3
v 7 3
v 8 3
v 9 3
v 10 3
v 11 3
v 12 3
v 13 3
v 14 4
v 15 4
v 16 4
v 17 4
v 18 4
v 19 4
v 20 4
e 0 6 1
e 0 13 1
e 1 8 1
e 1 20 1
e 4 12 2
e 5 7 1
e 6 8 1
e 6 10 2
e 7 8 2
e 7 11 1
e 9 10 1
e 9 11 2
e 9 12 1
e 10 14 1
e 11 15 1
e 12 16 1
e 13 17 1
e 13 18 1
e 13 19 1
t # 63276
v 0 1
v 1 1
v 2 1
v 3 2
v 4 2
v 5 2
v 6 2
v 7 3
v 8 3
v 9 3
v 10 3
v 11 3
v 12 3
v 13 4
v 14 4
v 15 4
v 16 4
v 17 4
v 18 4
v 19 4
v 20 4
e 0 8 2
e 1 10 2
e 3 7 1
e 3 8 1
e 3 11 1
e 4 8 1
e 4 10 1
e 4 12 1
e 5 7 1
e 5 19 1
e 5 20 1
e 6 9 1
e 7 9 2
e 9 10 1
e 11 13 1
e 11 14 1
e 11 15 1
e 12 16 1
e 12 17 1
e 12 18 1
t # 63277
v 0 18
v 1 1
v 2 3
v 3 3
v 4 3
v 5 3
v 6 3
v 7 3
v 8 3
v 9 4
v 10 4
v 11 4
v 12 4
v 13 4
e 1 8 2
e 2 3 1
e 2 4 2
e 2 8 1
e 3 5 2
e 4 6 1
e 4 9 1
e 5 7 1
e 5 10 1
e 6 7 2
e 6 11 1
e 7 12 1
e 8 13 1
t # 63278
v 0 2
v 1 2
v 2 3
v 3 4
v 4 4
v 5 4
v 6 4
e 0 1 1
e 0 3 1
e 0 4 1
e 1 2 2
e 2 5 1
e 2 6 1
t # 63279
v 0 1
v 1 1
v 2 2
v 3 3
v 4 3
v 5 3
v 6 3
v 7 3
v 8 3
v 9 3
v 10 3
v 11 3
v 12 3
v 13 3
v 14 3
v 15 3
v 16 3
v 17 3
v 18 3
v 19 4
v 20 4
v 21 4
v 22 4
v 23 4
v 24 4
v 25 4
v 26 4
v 27 4
v 28 4
v 29 4
e 0 6 2
e 1 7 2
e 2 5 1
e 2 11 1
e 2 20 1
e 3 4 1
e 3 6 1
e 3 9 2
e 4 7 1
e 4 10 2
e 5 6 1
e 5 8 2
e 7 8 1
e 8 19 1
e 9 12 1
e 9 21 1
e 10 13 1
e 10 22 1
e 11 14 2
e 11 15 1
e 12 13 2
e 12 23 1
e 13 24 1
e 14 16 1
e 14 25 1
e 15 17 2
e 15 26 1
e 16 18 2
e 16 27 1
e 17 18 1
e 17 28 1
e 18 29 1
t # 63280
v 0 12
v 1 1
v 2 3
v 3 3
v 4 3
v 5 3
v 6 3
v 7 3
v 8 4
v 9 4
v 10 4
v 11 4
v 12 4
v 13 4
v 14 4
v 15 4
v 16 4
v 17 4
v 18 4
e 3 0 1
e 2 1 1
e 1 18 1
e 2 3 1
e 2 4 1
e 2 8 1
e 3 5 1
e 3 9 1
e 4 6 1
e 4 10 1
e 4 11 1
e 5 7 1
e 5 12 1
e 5 13 1
e 6 7 1
e 6 14 1
e 6 15 1
e 7 16 1
e 7 17 1
t # 63281
v 0 1
v 1 2
v 2 2
v 3 3
v 4 3
v 5 3
v 6 3
v 7 3
v 8 3
v 9 4
v 10 4
v 11 4
v 12 4
v 13 4
v 14 4
v 15 4
v 16 4
e 0 5 1
e 0 8 1
e 1 5 2
e 1 7 1
e 2 3 1
e 2 12 1
e 2 13 1
e 3 4 1
e 3 7 2
e 4 6 2
e 4 9 1
e 5 6 1
e 6 10 1
e 7 11 1
e 8 14 1
e 8 15 1
e 8 16 1
t # 63282
v 0 12
v 1 11
v 2 1
v 3 1
v 4 1
v 5 2
v 6 2
v 7 3
v 8 3
v 9 3
v 10 3
v 11 3
v 12 3
v 13 4
v 14 4
v 15 4
v 16 4
v 17 4
v 18 4
v 19 4
e 0 11 1
e 1 3 2
e 1 4 2
e 1 7 1
e 2 17 1
e 5 6 1
e 5 8 1
e 5 16 1
e 6 18 1
e 6 19 1
e 7 9 2
e 7 10 1
e 8 11 2
e 8 12 1
e 9 11 1
e 9 13 1
e 10 12 2
e 10 14 1
e 12 15 1
t # 63283
v 0 1
v 1 2
v 2 3
v 3 3
v 4 3
v 5 3
v 6 3
v 7 3
v 8 3
v 9 3
v 10 3
v 11 3
v 12 3
v 13 3
v 14 4
v 15 4
v 16 4
v 17 4
v 18 4
v 19 4
v 20 4
v 21 4
v 22 4
v 23 4
v 24 4
v 25 4
v 26 4
e 0 5 1
e 0 11 1
e 1 3 1
e 1 9 2
e 2 3 2
e 2 4 1
e 2 6 1
e 3 7 1
e 4 5 2
e 4 14 1
e 5 8 1
e 6 10 2
e 6 15 1
e 7 8 2
e 7 16 1
e 8 17 1
e 9 10 1
e 9 12 1
e 10 18 1
e 11 13 1
e 11 19 1
e 11 20 1
e 12 21 1
e 12 22 1
e 12 23 1
e 13 24 1
e 13 25 1
e 13 26 1
t # 63284
v 0 1
v 1 1
v 2 2
v 3 3
v 4 3
v 5 3
v 6 3
v 7 3
v 8 3
v 9 3
v 10 3
v 11 3
v 12 4
v 13 4
v 14 4
v 15 4
v 16 4
v 17 4
v 18 4
e 0 10 1
e 0 18 1
e 1 10 2
e 3 4 1
e 3 5 1
e 3 6 2
e 4 7 2
e 4 10 1
e 5 11 1
e 5 12 1
e 5 13 1
e 6 8 1
e 6 14 1
e 7 9 1
e 7 15 1
e 8 9 2
e 8 16 1
e 9 17 1
t # 63285
v 0 1
v 1 1
v 2 2
v 3 2
v 4 2
v 5 3
v 6 3
v 7 3
v 8 3
v 9 3
v 10 4
v 11 4
v 12 4
v 13 4
v 14 4
v 15 4
v 16 4
e 0 7 1
e 0 16 1
e 1 6 2
e 2 6 1
e 2 8 1
e 2 10 1
e 3 7 1
e 3 8 2
e 4 8 1
e 4 14 1
e 4 15 1
e 5 6 1
e 5 7 2
e 5 9 1
e 9 11 1
e 9 12 1
e 9 13 1
t # 63286
v 0 2
v 1 2
v 2 2
v 3 2
v 4 3
v 5 3
v 6 3
v 7 3
v 8 3
v 9 3
v 10 3
v 11 3
v 12 3
v 13 3
v 14 3
v 15 3
v 16 3
v 17 3
v 18 3
v 19 3
v 20 3
v 21 3
v 22 3
v 23 3
v 24 4
v 25 4
v 26 4
v 27 4
v 28 4
v 29 4
v 30 4
v 31 4
v 32 4
v 33 4
v 34 4
v 35 4
v 36 4
v 37 4
v 38 4
v 39 4
e 0 4 1
e 0 10 2
e 1 5 1
e 1 11 2
e 2 14 1
e 2 20 2
e 3 15 1
e 3 21 2
e 4 5 2
e 4 8 1
e 5 9 1
e 6 7 1
e 6 8 2
e 6 12 1
e 7 9 2
e 7 13 1
e 8 24 1
e 9 25 1
e 10 11 1
e 10 14 1
e 11 15 1
e 12 26 1
e 12 27 1
e 12 28 1
e 13 29 1
e 13 30 1
e 13 31 1
e 14 16 2
e 15 17 2
e 16 18 1
e 16 32 1
e 17 19 1
e 17 33 1
e 18 22 2
e 18 34 1
e 19 23 2
e 19 35 1
e 20 22 1
e 20 36 1
e 21 23 1
e 21 37 1
e 22 38 1
e 23 39 1
t # 63287
v 0 18
v 1 1
v 2 1
v 3 3
v 4 3
v 5 3
v 6 3
v 7 3
v 8 3
v 9 4
v 10 4
v 11 4
v 12 4
v 13 4
e 1 3 1
e 1 12 1
e 2 4 1
e 2 13 1
e 3 5 1
e 3 6 2
e 4 5 2
e 4 7 1
e 5 9 1
e 6 8 1
e 7 8 2
e 7 10 1
e 8 11 1
t # 63288
v 0 1
v 1 2
v 2 3
v 3 3
v 4 3
v 5 3
v 6 3
v 7 3
v 8 3
v 9 3
v 10 3
v 11 3
v 12 3
v 13 4
v 14 4
v 15 4
v 16 4
v 17 4
v 18 4
v 19 4
v 20 4
v 21 4
v 22 4
v 23 4
v 24 4
v 25 4
v 26 4
v 27 4
e 0 6 2
e 1 6 1
e 1 7 1
e 1 22 1
e 2 3 1
e 2 4 1
e 2 5 1
e 2 6 1
e 3 13 1
e 3 14 1
e 3 15 1
e 4 16 1
e 4 17 1
e 4 18 1
e 5 19 1
e 5 20 1
e 5 21 1
e 7 8 2
e 7 9 1
e 8 10 1
e 8 23 1
e 9 11 2
e 9 24 1
e 10 12 2
e 10 25 1
e 11 12 1
e 11 26 1
e 12 27 1
t # 63289
v 0 1
v 1 1
v 2 1
v 3 2
v 4 2
v 5 3
v 6 3
v 7 3
v 8 3
v 9 3
v 10 4
v 11 4
v 12 4
v 13 4
v 14 4
v 15 4
e 0 5 1
e 0 9 1
e 1 6 2
e 2 8 2
e 3 6 1
e 3 8 1
e 3 11 1
e 4 7 1
e 4 8 1
e 4 12 1
e 5 6 1
e 5 7 2
e 7 10 1
e 9 13 1
e 9 14 1
e 9 15 1
t # 63290
v 0 1
v 1 2
v 2 2
v 3 3
v 4 3
v 5 3
v 6 3
v 7 3
v 8 3
v 9 4
v 10 4
v 11 4
v 12 4
v 13 4
v 14 4
v 15 4
v 16 4
e 0 8 2
e 1 3 1
e 1 4 1
e 1 9 1
e 2 4 2
e 2 8 1
e 3 5 2
e 3 6 1
e 4 7 1
e 5 8 1
e 5 10 1
e 6 11 1
e 6 12 1
e 6 13 1
e 7 14 1
e 7 15 1
e 7 16 1
t # 63291
v 0 18
v 1 2
v 2 3
v 3 3
v 4 3
v 5 3
v 6 3
v 7 3
v 8 4
v 9 4
v 10 4
v 11 4
v 12 4
v 13 4
v 14 4
v 15 4
v 16 4
v 17 4
e 2 3 1
e 2 4 1
e 2 8 1
e 2 9 1
e 3 5 1
e 3 10 1
e 3 11 1
e 4 6 1
e 4 12 1
e 4 13 1
e 5 7 1
e 5 14 1
e 5 15 1
e 6 16 1
e 6 17 1
t # 63292
v 0 11
v 1 1
v 2 1
v 3 2
v 4 2
v 5 2
v 6 3
v 7 3
v 8 3
v 9 3
v 10 3
v 11 3
v 12 4
v 13 4
v 14 4
e 3 6 2
e 4 7 1
e 5 8 2
e 6 7 1
e 6 8 1
e 7 9 2
e 8 10 1
e 9 11 1
e 9 12 1
e 10 11 2
e 10 13 1
e 11 14 1
t # 63293
v 0 1
v 1 1
v 2 2
v 3 2
v 4 3
v 5 3
v 6 3
v 7 3
v 8 3
v 9 3
v 10 3
v 11 3
v 12 3
v 13 3
v 14 3
v 15 4
v 16 4
v 17 4
v 18 4
v 19 4
v 20 4
v 21 4
v 22 4
v 23 4
v 24 4
v 25 4
v 26 4
v 27 4
v 28 4
e 2 7 1
e 2 8 1
e 2 9 1
e 3 14 1
e 4 5 1
e 4 6 1
e 4 15 1
e 4 16 1
e 5 7 1
e 5 17 1
e 5 18 1
e 6 8 1
e 6 19 1
e 6 20 1
e 7 21 1
e 7 22 1
e 8 23 1
e 8 24 1
e 9 10 2
e 9 11 1
e 10 12 1
e 10 25 1
e 11 13 2
e 11 26 1
e 12 14 2
e 12 27 1
e 13 14 1
e 13 28 1
t # 63294
v 0 12
v 1 11
v 2 1
v 3 1
v 4 3
v 5 3
v 6 3
v 7 3
v 8 3
v 9 3
v 10 3
v 11 3
v 12 3
v 13 3
v 14 3
v 15 3
v 16 3
v 17 3
v 18 3
v 19 4
v 20 4
v 21 4
v 22 4
v 23 4
v 24 4
v 25 4
v 26 4
v 27 4
v 28 4
v 29 4
v 30 4
v 31 4
v 32 4
v 33 4
v 34 4
v 35 4
v 36 4
v 37 4
v 38 4
v 39 4
v 40 4
v 41 4
e 1 2 2
e 1 3 2
e 1 6 1
e 4 6 2
e 4 8 1
e 4 11 1
e 5 6 1
e 5 9 1
e 5 12 2
e 7 10 1
e 7 11 2
e 7 12 1
e 8 13 1
e 8 14 1
e 8 19 1
e 9 15 1
e 9 16 1
e 9 20 1
e 10 17 1
e 10 18 1
e 10 21 1
e 11 22 1
e 12 23 1
e 13 24 1
e 13 25 1
e 13 26 1
e 14 27 1
e 14 28 1
e 14 29 1
e 15 30 1
e 15 31 1
e 15 32 1
e 16 33 1
e 16 34 1
e 16 35 1
e 17 36 1
e 17 37 1
e 17 38 1
e 18 39 1
e 18 40 1
e 18 41 1
t # 63295
v 0 11
v 1 8
v 2 1
v 3 1
v 4 1
v 5 1
v 6 1
v 7 3
v 8 3
v 9 3
v 10 3
v 11 3
v 12 3
v 13 3
v 14 3
v 15 3
v 16 3
v 17 3
v 18 4
v 19 4
v 20 4
v 21 4
v 22 4
v 23 4
v 24 4
v 25 4
v 26 4
v 27 4
v 28 4
v 29 4
v 30 4
v 31 4
v 32 4
v 33 4
v 34 4
e 0 6 2
e 0 8 1
e 0 17 1
e 2 7 1
e 3 13 1
e 4 14 1
e 7 9 2
e 7 10 1
e 8 11 2
e 8 12 1
e 9 11 1
e 9 18 1
e 10 12 2
e 10 19 1
e 11 20 1
e 12 21 1
e 13 15 1
e 13 22 1
e 13 23 1
e 14 16 1
e 14 24 1
e 14 25 1
e 15 26 1
e 15 27 1
e 15 28 1
e 16 29 1
e 16 30 1
e 16 31 1
e 17 32 1
e 17 33 1
e 17 34 1
t # 63296
v 0 1
v 1 1
v 2 3
v 3 3
v 4 3
v 5 3
v 6 3
v 7 3
v 8 3
v 9 3
v 10 3
v 11 3
v 12 3
v 13 3
v 14 3
v 15 3
v 16 3
v 17 3
v 18 4
v 19 4
v 20 4
v 21 4
v 22 4
v 23 4
v 24 4
v 25 4
v 26 4
v 27 4
v 28 4
v 29 4
e 0 8 2
e 1 9 2
e 2 3 2
e 2 8 1
e 2 10 1
e 3 9 1
e 3 11 1
e 4 5 1
e 4 8 1
e 4 12 2
e 5 9 1
e 5 13 2
e 6 7 1
e 6 10 2
e 6 14 1
e 7 11 2
e 7 15 1
e 10 18 1
e 11 19 1
e 12 16 1
e 12 20 1
e 13 17 1
e 13 21 1
e 14 22 1
e 14 23 1
e 14 24 1
e 15 25 1
e 15 26 1
e 15 27 1
e 16 17 2
e 16 28 1
e 17 29 1
t # 63297
v 0 1
v 1 2
v 2 2
v 3 3
v 4 3
v 5 3
v 6 3
v 7 3
v 8 3
v 9 3
v 10 3
v 11 3
v 12 3
v 13 3
v 14 3
v 15 3
v 16 3
v 17 4
v 18 4
v 19 4
v 20 4
v 21 4
v 22 4
v 23 4
v 24 4
e 0 3 1
e 0 4 1
e 3 5 2
e 3 7 1
e 4 6 2
e 4 8 1
e 5 9 1
e 5 17 1
e 6 10 1
e 6 18 1
e 7 11 2
e 7 19 1
e 8 12 2
e 8 20 1
e 9 13 2
e 9 21 1
e 10 14 2
e 10 22 1
e 11 13 1
e 11 23 1
e 12 14 1
e 12 24 1
e 13 15 1
e 14 16 1
t # 63298
v 0 1
v 1 1
v 2 1
v 3 2
v 4 3
v 5 3
v 6 3
v 7 3
v 8 3
v 9 3
v 10 3
v 11 3
v 12 3
v 13 3
v 14 3
v 15 3
v 16 4
v 17 4
v 18 4
v 19 4
v 20 4
v 21 4
v 22 4
e 0 13 1
e 0 15 1
e 1 13 2
e 2 15 2
e 3 8 1
e 3 21 1
e 3 22 1
e 4 5 1
e 4 6 2
e 4 7 1
e 5 8 2
e 5 9 1
e 6 10 1
e 6 13 1
e 7 11 2
e 7 15 1
e 8 12 1
e 9 14 2
e 9 16 1
e 10 12 2
e 10 17 1
e 11 14 1
e 11 18 1
e 12 19 1
e 14 20 1
t # 63299
v 0 12
v 1 1
v 2 1
v 3 1
v 4 1
v 5 2
v 6 2
v 7 3
v 8 3
v 9 3
v 10 3
v 11 3
v 12 3
v 13 3
v 14 3
v 15 3
v 16 3
v 17 3
v 18 3
v 19 3
v 20 4
v 21 4
v 22 4
v 23 4
v 24 4
v 25 4
v 26 4
v 27 4
v 28 4
e 0 19 1
e 1 8 1
e 1 28 1
e 2 9 2
e 5 9 1
e 5 11 1
e 5 21 1
e 6 10 1
e 7 8 2
e 7 9 1
e 7 12 1
e 8 10 1
e 10 13 2
e 11 15 2
e 11 16 1
e 12 14 2
e 12 20 1
e 13 14 1
e 13 22 1
e 14 23 1
e 15 17 1
e 15 24 1
e 16 18 2
e 16 25 1
e 17 19 2
e 17 26 1
e 18 19 1
e 18 27 1
