t # 43800
v 0 12
v 1 1
v 2 1
v 3 1
v 4 3
v 5 3
v 6 3
v 7 3
v 8 3
v 9 3
v 10 3
v 11 3
v 12 3
v 13 3
v 14 3
v 15 3
v 16 3
v 17 3
v 18 3
v 19 3
v 20 3
v 21 3
v 22 3
v 23 3
v 24 3
v 25 3
v 26 3
v 27 4
v 28 4
v 29 4
v 30 4
v 31 4
v 32 4
v 33 4
v 34 4
v 35 4
v 36 4
v 37 4
v 38 4
v 39 4
v 40 4
v 41 4
v 42 4
v 43 4
v 44 4
v 45 4
v 46 4
v 47 4
v 48 4
v 49 4
v 50 4
v 51 4
e 0 22 1
e 1 11 1
e 1 12 1
e 2 15 2
e 3 16 2
e 4 7 1
e 4 13 1
e 4 17 1
e 4 18 1
e 5 8 1
e 5 14 1
e 5 19 1
e 5 20 1
e 6 9 1
e 6 10 1
e 6 21 1
e 6 27 1
e 7 11 1
e 7 28 1
e 7 29 1
e 8 12 1
e 8 30 1
e 8 31 1
e 9 11 2
e 9 15 1
e 10 12 2
e 10 16 1
e 13 15 1
e 13 32 1
e 13 33 1
e 14 16 1
e 14 34 1
e 14 35 1
e 17 36 1
e 17 37 1
e 17 38 1
e 18 39 1
e 18 40 1
e 18 41 1
e 19 42 1
e 19 43 1
e 19 44 1
e 20 45 1
e 20 46 1
e 20 47 1
e 21 22 1
e 21 23 2
e 22 24 2
e 23 25 1
e 23 48 1
e 24 26 1
e 24 49 1
e 25 26 2
e 25 50 1
e 26 51 1
t # 43801
v 0 1
v 1 2
v 2 3
v 3 3
v 4 3
v 5 3
v 6 3
v 7 3
v 8 3
v 9 3
v 10 3
v 11 3
v 12 4
v 13 4
v 14 4
v 15 4
v 16 4
v 17 4
v 18 4
v 19 4
v 20 4
v 21 4
v 22 4
e 0 3 1
e 0 4 1
e 1 3 2
e 1 5 1
e 2 3 1
e 2 6 1
e 2 12 1
e 2 13 1
e 4 5 1
e 4 14 1
e 4 15 1
e 5 16 1
e 5 17 1
e 6 7 2
e 6 8 1
e 7 9 1
e 7 18 1
e 8 10 2
e 8 19 1
e 9 11 2
e 9 20 1
e 10 11 1
e 10 21 1
e 11 22 1
t # 43802
v 0 12
v 1 12
v 2 12
v 3 11
v 4 14
v 5 14
v 6 14
v 7 14
v 8 3
v 9 3
v 10 3
v 11 3
v 12 4
e 0 8 1
e 1 8 1
e 2 10 1
e 3 10 1
e 3 11 1
e 8 9 1
e 8 10 1
e 9 11 1
e 10 12 1
t # 43803
v 0 12
v 1 11
v 2 11
v 3 1
v 4 1
v 5 1
v 6 1
v 7 3
v 8 3
v 9 3
v 10 3
v 11 3
v 12 3
v 13 3
v 14 3
v 15 3
v 16 3
v 17 4
v 18 4
v 19 4
v 20 4
v 21 4
v 22 4
v 23 4
v 24 4
v 25 4
v 26 4
v 27 4
e 0 12 1
e 1 3 2
e 1 4 2
e 1 7 1
e 1 10 1
e 2 5 2
e 2 6 2
e 2 7 1
e 2 11 1
e 7 8 2
e 8 9 1
e 8 17 1
e 9 12 1
e 9 13 2
e 10 18 1
e 10 19 1
e 10 20 1
e 11 21 1
e 11 22 1
e 11 23 1
e 12 14 2
e 13 15 1
e 13 24 1
e 14 16 1
e 14 25 1
e 15 16 2
e 15 26 1
e 16 27 1
t # 43804
v 0 12
v 1 1
v 2 2
v 3 2
v 4 3
v 5 3
v 6 3
v 7 3
v 8 3
v 9 3
v 10 3
v 11 3
v 12 3
v 13 3
v 14 3
v 15 4
v 16 4
v 17 4
v 18 4
v 19 4
v 20 4
v 21 4
v 22 4
v 23 4
v 24 4
v 25 4
v 26 4
v 27 4
e 0 9 1
e 1 6 2
e 2 4 1
e 2 6 1
e 2 7 1
e 3 5 1
e 3 6 1
e 3 8 1
e 4 5 1
e 4 15 1
e 4 16 1
e 5 17 1
e 5 18 1
e 7 9 1
e 7 19 1
e 7 20 1
e 8 10 2
e 8 11 1
e 9 21 1
e 9 22 1
e 10 12 1
e 10 23 1
e 11 13 2
e 11 24 1
e 12 14 2
e 12 25 1
e 13 14 1
e 13 26 1
e 14 27 1
t # 43805
v 0 1
v 1 2
v 2 2
v 3 3
v 4 3
v 5 3
v 6 3
v 7 3
v 8 3
v 9 3
v 10 3
v 11 3
v 12 3
v 13 3
v 14 3
v 15 3
v 16 4
v 17 4
v 18 4
v 19 4
v 20 4
v 21 4
v 22 4
v 23 4
v 24 4
v 25 4
v 26 4
v 27 4
v 28 4
v 29 4
e 0 5 2
e 1 3 1
e 1 4 1
e 1 5 1
e 2 4 2
e 2 6 1
e 3 7 1
e 3 16 1
e 3 17 1
e 4 9 1
e 5 6 1
e 6 8 2
e 7 18 1
e 7 19 1
e 7 20 1
e 8 10 1
e 8 21 1
e 9 22 1
e 9 23 1
e 9 24 1
e 10 11 2
e 10 12 1
e 11 13 1
e 11 25 1
e 12 14 2
e 12 26 1
e 13 15 2
e 13 27 1
e 14 15 1
e 14 28 1
e 15 29 1
t # 43806
v 0 11
v 1 14
v 2 14
v 3 14
v 4 14
v 5 14
v 6 14
v 7 1
v 8 1
v 9 1
v 10 1
v 11 1
v 12 2
v 13 3
v 14 3
v 15 3
v 16 3
v 17 3
v 18 3
v 19 3
v 20 3
v 21 3
v 22 3
v 23 3
v 24 3
v 25 3
v 26 3
v 27 3
v 28 4
v 29 4
v 30 4
v 31 4
v 32 4
v 33 4
v 34 4
v 35 4
v 36 4
v 37 4
v 38 4
v 39 4
v 40 4
v 41 4
v 42 4
e 0 9 2
e 0 10 2
e 0 18 1
e 7 16 1
e 7 17 1
e 8 15 1
e 8 42 1
e 11 21 2
e 12 13 1
e 12 14 1
e 13 16 1
e 13 28 1
e 13 29 1
e 14 17 1
e 14 30 1
e 14 31 1
e 15 19 1
e 15 23 1
e 15 24 1
e 16 32 1
e 16 33 1
e 17 34 1
e 17 35 1
e 18 22 1
e 18 25 2
e 19 21 1
e 19 36 1
e 19 37 1
e 20 21 1
e 20 22 2
e 20 26 1
e 22 38 1
e 25 27 1
e 25 39 1
e 26 27 2
e 26 40 1
e 27 41 1
t # 43807
v 0 12
v 1 2
v 2 3
v 3 3
v 4 3
v 5 3
v 6 3
v 7 4
v 8 4
v 9 4
v 10 4
v 11 4
v 12 4
v 13 4
v 14 4
v 15 4
v 16 4
e 0 5 1
e 1 2 1
e 1 3 1
e 1 9 1
e 2 4 1
e 2 7 1
e 2 8 1
e 3 5 1
e 3 10 1
e 3 11 1
e 4 12 1
e 4 13 1
e 4 14 1
e 5 6 2
e 6 15 1
e 6 16 1
t # 43808
v 0 1
v 1 1
v 2 2
v 3 2
v 4 3
v 5 3
v 6 3
v 7 3
v 8 3
v 9 3
v 10 3
v 11 3
v 12 3
v 13 3
v 14 3
v 15 3
v 16 3
v 17 3
v 18 3
v 19 4
v 20 4
v 21 4
v 22 4
v 23 4
v 24 4
v 25 4
v 26 4
v 27 4
v 28 4
v 29 4
v 30 4
v 31 4
v 32 4
v 33 4
v 34 4
v 35 4
v 36 4
v 37 4
v 38 4
e 0 8 2
e 1 14 2
e 2 5 1
e 2 8 1
e 2 25 1
e 3 9 1
e 3 14 1
e 3 30 1
e 4 5 1
e 4 6 1
e 4 19 1
e 4 20 1
e 5 21 1
e 5 22 1
e 6 7 1
e 6 23 1
e 6 24 1
e 7 26 1
e 7 27 1
e 7 28 1
e 8 9 1
e 9 10 2
e 10 11 1
e 10 29 1
e 11 12 2
e 11 13 1
e 12 15 1
e 12 31 1
e 13 16 2
e 13 32 1
e 14 18 1
e 15 17 2
e 15 33 1
e 16 17 1
e 16 34 1
e 17 35 1
e 18 36 1
e 18 37 1
e 18 38 1
t # 43809
v 0 40
v 1 1
v 2 1
v 3 1
v 4 3
v 5 3
v 6 3
v 7 3
v 8 3
v 9 3
v 10 4
v 11 4
v 12 4
v 13 4
v 14 4
v 15 4
v 16 4
e 1 15 1
e 2 16 1
e 4 5 2
e 4 6 1
e 5 7 1
e 5 10 1
e 6 8 2
e 6 11 1
e 7 9 2
e 7 12 1
e 8 9 1
e 8 13 1
e 9 14 1
t # 43810
v 0 11
v 1 1
v 2 1
v 3 2
v 4 2
v 5 2
v 6 2
v 7 3
v 8 3
v 9 3
v 10 3
v 11 3
v 12 3
v 13 4
v 14 4
v 15 4
v 16 4
v 17 4
v 18 4
v 19 4
v 20 4
v 21 4
v 22 4
v 23 4
v 24 4
e 0 1 2
e 0 2 2
e 3 7 1
e 3 8 1
e 4 9 1
e 4 10 1
e 5 7 1
e 5 9 1
e 5 11 1
e 6 8 1
e 6 10 1
e 6 12 1
e 7 13 1
e 7 14 1
e 8 15 1
e 8 16 1
e 9 17 1
e 9 18 1
e 10 19 1
e 10 20 1
e 11 12 1
e 11 21 1
e 11 22 1
e 12 23 1
e 12 24 1
t # 43811
v 0 1
v 1 1
v 2 1
v 3 1
v 4 1
v 5 3
v 6 3
v 7 3
v 8 3
v 9 3
v 10 3
v 11 4
v 12 4
v 13 4
v 14 4
v 15 4
v 16 4
v 17 4
v 18 4
e 0 5 1
e 0 6 1
e 1 7 1
e 1 9 1
e 2 8 1
e 2 10 1
e 3 7 2
e 4 8 2
e 5 6 1
e 5 7 1
e 5 11 1
e 6 8 1
e 6 12 1
e 9 13 1
e 9 14 1
e 9 15 1
e 10 16 1
e 10 17 1
e 10 18 1
t # 43812
v 0 3
v 1 3
v 2 3
v 3 3
v 4 3
v 5 3
v 6 3
v 7 3
v 8 3
v 9 3
v 10 3
v 11 3
v 12 3
v 13 3
v 14 3
v 15 3
v 16 3
v 17 3
v 18 3
v 19 3
v 20 3
v 21 3
v 22 3
v 23 3
v 24 3
v 25 3
v 26 4
v 27 4
v 28 4
v 29 4
v 30 4
v 31 4
v 32 4
v 33 4
v 34 4
v 35 4
v 36 4
v 37 4
v 38 4
v 39 4
v 40 4
v 41 4
v 42 4
v 43 4
v 44 4
v 45 4
v 46 4
v 47 4
v 48 4
v 49 4
v 50 4
v 51 4
v 52 4
v 53 4
v 54 4
v 55 4
v 56 4
v 57 4
v 58 4
v 59 4
e 0 1 1
e 0 3 1
e 0 4 1
e 0 26 1
e 1 2 1
e 1 5 1
e 1 27 1
e 2 6 1
e 2 28 1
e 2 29 1
e 3 7 1
e 3 30 1
e 3 31 1
e 4 6 2
e 4 8 1
e 5 7 1
e 5 10 2
e 6 9 1
e 7 11 2
e 8 13 2
e 8 32 1
e 9 12 2
e 9 33 1
e 10 15 1
e 10 34 1
e 11 16 1
e 11 35 1
e 12 13 1
e 12 14 1
e 13 36 1
e 14 17 1
e 14 37 1
e 14 38 1
e 15 16 2
e 15 39 1
e 16 40 1
e 17 18 1
e 17 41 1
e 17 42 1
e 18 19 1
e 18 43 1
e 18 44 1
e 19 20 1
e 19 45 1
e 19 46 1
e 20 21 1
e 20 47 1
e 20 48 1
e 21 22 1
e 21 49 1
e 21 50 1
e 22 23 1
e 22 51 1
e 22 52 1
e 23 24 1
e 23 53 1
e 23 54 1
e 24 25 1
e 24 55 1
e 24 56 1
e 25 57 1
e 25 58 1
e 25 59 1
t # 43813
v 0 1
v 1 1
v 2 2
v 3 2
v 4 2
v 5 3
v 6 3
v 7 3
v 8 3
v 9 3
v 10 3
v 11 3
v 12 3
v 13 3
v 14 3
v 15 3
v 16 3
v 17 3
v 18 3
v 19 3
v 20 3
v 21 3
v 22 3
v 23 3
v 24 3
v 25 4
v 26 4
v 27 4
v 28 4
v 29 4
v 30 4
v 31 4
v 32 4
v 33 4
v 34 4
v 35 4
v 36 4
v 37 4
v 38 4
v 39 4
e 0 11 2
e 1 13 2
e 2 5 1
e 2 8 1
e 2 25 1
e 3 6 2
e 3 12 1
e 4 9 1
e 4 16 1
e 4 27 1
e 5 6 1
e 5 7 2
e 6 10 1
e 7 11 1
e 7 13 1
e 8 12 1
e 8 14 2
e 9 10 2
e 9 11 1
e 10 26 1
e 12 15 2
e 13 19 1
e 14 17 1
e 14 28 1
e 15 18 1
e 15 29 1
e 16 20 2
e 16 21 1
e 17 18 2
e 17 30 1
e 18 31 1
e 19 32 1
e 19 33 1
e 19 34 1
e 20 22 1
e 20 35 1
e 21 23 2
e 21 36 1
e 22 24 2
e 22 37 1
e 23 24 1
e 23 38 1
e 24 39 1
t # 43814
v 0 1
v 1 1
v 2 2
v 3 2
v 4 2
v 5 2
v 6 3
v 7 3
v 8 3
v 9 3
v 10 3
v 11 3
v 12 3
v 13 3
v 14 3
v 15 3
v 16 3
v 17 3
v 18 3
v 19 3
v 20 3
v 21 3
v 22 3
v 23 3
v 24 3
v 25 3
v 26 3
v 27 3
v 28 4
v 29 4
v 30 4
v 31 4
v 32 4
v 33 4
v 34 4
v 35 4
v 36 4
v 37 4
v 38 4
v 39 4
v 40 4
v 41 4
v 42 4
v 43 4
v 44 4
v 45 4
v 46 4
v 47 4
v 48 4
v 49 4
v 50 4
v 51 4
v 52 4
v 53 4
e 0 18 1
e 0 26 1
e 1 19 1
e 1 27 1
e 2 6 1
e 2 8 1
e 2 9 1
e 3 7 1
e 3 13 1
e 3 14 1
e 4 10 2
e 4 11 1
e 5 8 2
e 5 15 1
e 6 7 1
e 6 28 1
e 6 29 1
e 7 30 1
e 7 31 1
e 8 10 1
e 9 11 1
e 9 16 2
e 10 12 1
e 11 17 2
e 12 15 1
e 12 20 2
e 13 21 1
e 13 32 1
e 13 33 1
e 14 22 1
e 14 34 1
e 14 35 1
e 15 23 2
e 16 18 1
e 16 36 1
e 17 19 1
e 17 37 1
e 18 19 2
e 20 24 1
e 20 38 1
e 21 39 1
e 21 40 1
e 21 41 1
e 22 42 1
e 22 43 1
e 22 44 1
e 23 25 1
e 23 45 1
e 24 25 2
e 24 46 1
e 25 47 1
e 26 48 1
e 26 49 1
e 26 50 1
e 27 51 1
e 27 52 1
e 27 53 1
t # 43815
v 0 1
v 1 1
v 2 2
v 3 2
v 4 2
v 5 3
v 6 3
v 7 3
v 8 3
v 9 3
v 10 3
v 11 3
v 12 3
v 13 3
v 14 3
v 15 3
v 16 3
v 17 3
v 18 3
v 19 3
v 20 3
v 21 3
v 22 3
v 23 3
v 24 3
v 25 4
v 26 4
v 27 4
v 28 4
v 29 4
v 30 4
v 31 4
v 32 4
v 33 4
v 34 4
v 35 4
v 36 4
v 37 4
v 38 4
v 39 4
v 40 4
v 41 4
v 42 4
v 43 4
v 44 4
v 45 4
e 0 16 1
e 0 23 1
e 1 17 1
e 1 24 1
e 2 5 1
e 2 6 1
e 2 7 1
e 3 9 2
e 3 10 1
e 4 6 2
e 4 13 1
e 5 8 1
e 5 25 1
e 5 26 1
e 6 9 1
e 7 10 1
e 7 14 2
e 8 12 1
e 8 27 1
e 8 28 1
e 9 11 1
e 10 15 2
e 11 13 1
e 11 18 2
e 12 20 1
e 12 29 1
e 12 30 1
e 13 19 2
e 14 16 1
e 14 31 1
e 15 17 1
e 15 32 1
e 16 17 2
e 18 21 1
e 18 33 1
e 19 22 1
e 19 34 1
e 20 35 1
e 20 36 1
e 20 37 1
e 21 22 2
e 21 38 1
e 22 39 1
e 23 40 1
e 23 41 1
e 23 42 1
e 24 43 1
e 24 44 1
e 24 45 1
t # 43816
v 0 1
v 1 1
v 2 2
v 3 2
v 4 2
v 5 2
v 6 3
v 7 3
v 8 3
v 9 3
v 10 3
v 11 3
v 12 3
v 13 3
v 14 3
v 15 3
v 16 3
v 17 3
v 18 3
v 19 3
v 20 3
v 21 4
v 22 4
v 23 4
v 24 4
v 25 4
v 26 4
v 27 4
v 28 4
v 29 4
v 30 4
v 31 4
v 32 4
e 0 11 2
e 1 19 2
e 2 10 1
e 2 11 1
e 2 22 1
e 3 7 2
e 3 9 1
e 4 8 1
e 4 19 1
e 4 25 1
e 5 10 1
e 5 18 2
e 6 7 1
e 6 8 1
e 6 12 2
e 7 11 1
e 8 13 2
e 9 10 2
e 9 16 1
e 12 14 1
e 12 21 1
e 13 15 1
e 13 23 1
e 14 15 2
e 14 24 1
e 15 26 1
e 16 17 2
e 16 27 1
e 17 18 1
e 17 28 1
e 18 29 1
e 19 20 1
e 20 30 1
e 20 31 1
e 20 32 1
t # 43817
v 0 1
v 1 1
v 2 1
v 3 1
v 4 2
v 5 2
v 6 2
v 7 3
v 8 3
v 9 3
v 10 3
v 11 3
v 12 3
v 13 3
v 14 3
v 15 3
v 16 3
v 17 3
v 18 3
v 19 3
v 20 3
v 21 3
v 22 3
v 23 3
v 24 3
v 25 3
v 26 3
v 27 4
v 28 4
v 29 4
v 30 4
v 31 4
v 32 4
v 33 4
v 34 4
v 35 4
v 36 4
v 37 4
v 38 4
v 39 4
v 40 4
v 41 4
v 42 4
v 43 4
v 44 4
v 45 4
e 0 10 2
e 1 19 1
e 1 24 1
e 2 19 2
e 3 23 2
e 4 7 1
e 4 10 1
e 4 11 1
e 5 8 2
e 5 9 1
e 6 14 1
e 6 23 1
e 6 36 1
e 7 9 1
e 7 13 2
e 8 10 1
e 8 12 1
e 9 15 2
e 11 19 1
e 11 27 1
e 11 28 1
e 12 14 1
e 12 16 2
e 13 17 1
e 13 29 1
e 14 20 2
e 15 18 1
e 15 30 1
e 16 21 1
e 16 31 1
e 17 18 2
e 17 32 1
e 18 33 1
e 20 22 1
e 20 34 1
e 21 22 2
e 21 35 1
e 22 37 1
e 23 25 1
e 24 26 1
e 24 38 1
e 24 39 1
e 25 43 1
e 25 44 1
e 25 45 1
e 26 40 1
e 26 41 1
e 26 42 1
t # 43818
v 0 11
v 1 1
v 2 1
v 3 1
v 4 1
v 5 1
v 6 2
v 7 2
v 8 2
v 9 2
v 10 2
v 11 2
v 12 2
v 13 2
v 14 3
v 15 3
v 16 3
v 17 3
v 18 3
v 19 3
v 20 3
v 21 3
v 22 3
v 23 3
v 24 3
v 25 3
v 26 3
v 27 3
v 28 4
v 29 4
v 30 4
v 31 4
v 32 4
v 33 4
v 34 4
v 35 4
v 36 4
v 37 4
v 38 4
v 39 4
v 40 4
v 41 4
v 42 4
v 43 4
e 0 22 1
e 0 24 1
e 1 14 1
e 1 17 1
e 2 15 1
e 2 35 1
e 3 18 1
e 3 37 1
e 6 14 1
e 6 19 1
e 6 20 1
e 7 20 2
e 7 21 1
e 8 19 1
e 8 23 2
e 9 22 2
e 9 23 1
e 10 24 1
e 10 26 1
e 10 27 1
e 11 23 1
e 11 38 1
e 11 39 1
e 12 25 1
e 12 26 2
e 13 25 1
e 14 16 1
e 14 28 1
e 15 16 1
e 15 17 1
e 15 29 1
e 16 30 1
e 16 31 1
e 17 18 1
e 17 32 1
e 18 33 1
e 18 34 1
e 19 21 2
e 20 36 1
e 21 22 1
e 24 25 2
e 26 40 1
e 27 41 1
e 27 42 1
e 27 43 1
t # 43819
v 0 1
v 1 1
v 2 1
v 3 1
v 4 2
v 5 2
v 6 2
v 7 2
v 8 2
v 9 2
v 10 2
v 11 3
v 12 3
v 13 3
v 14 3
v 15 3
v 16 3
v 17 3
v 18 3
v 19 3
v 20 3
v 21 3
v 22 3
v 23 4
v 24 4
v 25 4
v 26 4
v 27 4
v 28 4
v 29 4
v 30 4
v 31 4
v 32 4
v 33 4
v 34 4
v 35 4
v 36 4
v 37 4
e 0 11 1
e 0 14 1
e 1 12 1
e 1 29 1
e 2 13 1
e 2 30 1
e 3 15 1
e 3 32 1
e 4 11 1
e 4 16 1
e 4 17 1
e 5 8 1
e 5 17 1
e 5 31 1
e 6 16 2
e 6 21 1
e 7 20 1
e 7 21 2
e 8 34 1
e 8 35 1
e 9 20 1
e 9 36 1
e 9 37 1
e 11 12 1
e 11 23 1
e 12 13 1
e 12 24 1
e 13 14 1
e 13 25 1
e 14 15 1
e 14 26 1
e 15 27 1
e 15 28 1
e 16 18 1
e 17 19 2
e 18 19 1
e 18 20 2
e 19 22 1
e 21 33 1
t # 43820
v 0 1
v 1 3
v 2 3
v 3 3
v 4 3
v 5 3
v 6 3
v 7 3
v 8 3
v 9 3
v 10 3
v 11 3
v 12 3
v 13 3
v 14 3
v 15 3
v 16 3
v 17 3
v 18 4
v 19 4
v 20 4
v 21 4
v 22 4
v 23 4
v 24 4
v 25 4
v 26 4
v 27 4
v 28 4
v 29 4
v 30 4
v 31 4
v 32 4
v 33 4
v 34 4
v 35 4
v 36 4
v 37 4
e 0 2 1
e 0 27 1
e 1 2 1
e 1 3 1
e 1 4 1
e 1 18 1
e 2 5 1
e 2 6 1
e 3 7 1
e 3 19 1
e 3 20 1
e 4 8 2
e 4 9 1
e 5 21 1
e 5 22 1
e 5 23 1
e 6 24 1
e 6 25 1
e 6 26 1
e 7 10 2
e 7 11 1
e 8 12 1
e 8 28 1
e 9 13 2
e 9 29 1
e 10 15 1
e 10 30 1
e 11 16 2
e 11 31 1
e 12 14 2
e 12 32 1
e 13 14 1
e 13 33 1
e 14 34 1
e 15 17 2
e 15 35 1
e 16 17 1
e 16 36 1
e 17 37 1
t # 43821
v 0 1
v 1 1
v 2 1
v 3 1
v 4 3
v 5 3
v 6 3
v 7 3
v 8 3
v 9 3
v 10 3
v 11 3
v 12 3
v 13 3
v 14 3
v 15 3
v 16 3
v 17 3
v 18 3
v 19 3
v 20 3
v 21 3
v 22 4
v 23 4
v 24 4
v 25 4
v 26 4
v 27 4
v 28 4
v 29 4
v 30 4
v 31 4
v 32 4
v 33 4
v 34 4
v 35 4
v 36 4
v 37 4
e 0 4 1
e 0 9 1
e 1 14 1
e 1 20 1
e 2 9 2
e 3 14 2
e 4 5 1
e 4 6 1
e 4 7 1
e 5 8 1
e 5 10 2
e 6 14 1
e 6 22 1
e 6 23 1
e 7 11 2
e 7 12 1
e 8 9 1
e 8 13 2
e 10 15 1
e 10 24 1
e 11 17 1
e 11 25 1
e 12 18 2
e 12 26 1
e 13 16 1
e 13 27 1
e 15 16 2
e 15 28 1
e 16 29 1
e 17 19 2
e 17 30 1
e 18 19 1
e 18 31 1
e 19 32 1
e 20 21 1
e 20 33 1
e 20 34 1
e 21 35 1
e 21 36 1
e 21 37 1
t # 43822
v 0 1
v 1 1
v 2 1
v 3 3
v 4 3
v 5 3
v 6 3
v 7 3
v 8 3
v 9 3
v 10 3
v 11 3
v 12 4
v 13 4
v 14 4
v 15 4
v 16 4
v 17 4
v 18 4
v 19 4
v 20 4
v 21 4
v 22 4
v 23 4
v 24 4
v 25 4
v 26 4
v 27 4
v 28 4
v 29 4
e 0 4 1
e 0 28 1
e 1 11 1
e 1 29 1
e 2 11 2
e 3 4 1
e 3 7 1
e 3 8 1
e 3 9 1
e 4 5 1
e 4 6 1
e 5 10 1
e 5 11 1
e 5 12 1
e 6 13 1
e 6 14 1
e 6 15 1
e 7 16 1
e 7 17 1
e 7 18 1
e 8 19 1
e 8 20 1
e 8 21 1
e 9 22 1
e 9 23 1
e 9 24 1
e 10 25 1
e 10 26 1
e 10 27 1
t # 43823
v 0 1
v 1 3
v 2 3
v 3 3
v 4 3
v 5 3
v 6 3
v 7 3
v 8 3
v 9 3
v 10 3
v 11 3
v 12 3
v 13 3
v 14 3
v 15 3
v 16 3
v 17 3
v 18 3
v 19 3
v 20 3
v 21 3
v 22 4
v 23 4
v 24 4
v 25 4
v 26 4
v 27 4
v 28 4
v 29 4
v 30 4
v 31 4
v 32 4
v 33 4
v 34 4
v 35 4
v 36 4
v 37 4
v 38 4
v 39 4
v 40 4
v 41 4
e 0 19 2
e 1 2 1
e 1 4 1
e 1 6 1
e 1 22 1
e 2 3 1
e 2 7 2
e 3 5 1
e 3 11 2
e 4 9 1
e 4 12 2
e 5 8 1
e 5 13 2
e 6 23 1
e 6 24 1
e 6 25 1
e 7 10 1
e 7 26 1
e 8 10 2
e 8 15 1
e 9 14 2
e 9 19 1
e 10 27 1
e 11 16 1
e 11 28 1
e 12 18 1
e 12 29 1
e 13 17 1
e 13 30 1
e 14 20 1
e 14 31 1
e 15 32 1
e 15 33 1
e 15 34 1
e 16 17 2
e 16 35 1
e 17 36 1
e 18 20 2
e 18 37 1
e 19 21 1
e 20 38 1
e 21 39 1
e 21 40 1
e 21 41 1
t # 43824
v 0 1
v 1 1
v 2 3
v 3 3
v 4 3
v 5 3
v 6 3
v 7 3
v 8 3
v 9 3
v 10 3
v 11 3
v 12 3
v 13 3
v 14 3
v 15 3
v 16 3
v 17 3
v 18 3
v 19 3
v 20 3
v 21 3
v 22 3
v 23 3
v 24 4
v 25 4
v 26 4
v 27 4
v 28 4
v 29 4
v 30 4
v 31 4
v 32 4
v 33 4
v 34 4
v 35 4
v 36 4
v 37 4
v 38 4
v 39 4
v 40 4
v 41 4
e 0 2 1
e 0 3 1
e 1 4 1
e 1 29 1
e 2 4 1
e 2 6 1
e 2 8 1
e 3 5 1
e 3 7 1
e 3 9 1
e 4 5 1
e 4 24 1
e 5 25 1
e 5 26 1
e 6 7 1
e 6 10 2
e 7 11 2
e 8 12 2
e 8 13 1
e 9 14 2
e 9 15 1
e 10 16 1
e 10 27 1
e 11 17 1
e 11 28 1
e 12 18 1
e 12 30 1
e 13 19 2
e 13 31 1
e 14 20 1
e 14 32 1
e 15 21 2
e 15 33 1
e 16 17 2
e 16 34 1
e 17 35 1
e 18 22 2
e 18 36 1
e 19 22 1
e 19 37 1
e 20 23 2
e 20 38 1
e 21 23 1
e 21 39 1
e 22 40 1
e 23 41 1
t # 43825
v 0 12
v 1 1
v 2 1
v 3 1
v 4 3
v 5 3
v 6 3
v 7 3
v 8 3
v 9 3
v 10 3
v 11 3
v 12 3
v 13 3
v 14 3
v 15 3
v 16 4
v 17 4
v 18 4
v 19 4
v 20 4
e 0 14 1
e 1 11 1
e 1 13 1
e 2 11 2
e 3 13 2
e 4 5 1
e 4 6 2
e 4 10 1
e 5 7 2
e 5 11 1
e 6 8 1
e 6 12 1
e 7 9 1
e 7 13 1
e 8 9 2
e 8 16 1
e 9 17 1
e 10 14 2
e 10 18 1
e 12 15 2
e 12 19 1
e 14 15 1
e 15 20 1
t # 43826
v 0 14
v 1 14
v 2 14
v 3 14
v 4 14
v 5 14
v 6 1
v 7 2
v 8 3
v 9 3
v 10 3
v 11 3
v 12 3
v 13 3
v 14 3
v 15 3
v 16 3
v 17 3
v 18 3
v 19 3
v 20 3
v 21 3
v 22 3
v 23 3
v 24 3
v 25 3
v 26 3
v 27 3
v 28 3
v 29 4
v 30 4
v 31 4
v 32 4
v 33 4
v 34 4
v 35 4
v 36 4
v 37 4
v 38 4
v 39 4
v 40 4
v 41 4
v 42 4
v 43 4
v 44 4
v 45 4
v 46 4
v 47 4
v 48 4
v 49 4
v 50 4
v 51 4
v 52 4
v 53 4
v 54 4
v 55 4
e 6 12 1
e 6 52 1
e 7 10 1
e 7 17 2
e 8 10 1
e 8 12 1
e 8 16 1
e 8 29 1
e 9 10 2
e 9 11 1
e 9 14 1
e 11 13 2
e 11 15 1
e 12 25 1
e 12 26 1
e 13 17 1
e 13 20 1
e 14 18 1
e 14 30 1
e 14 31 1
e 15 19 1
e 15 32 1
e 15 33 1
e 16 24 1
e 16 34 1
e 16 35 1
e 17 21 1
e 18 19 1
e 18 36 1
e 18 37 1
e 19 38 1
e 19 39 1
e 20 22 1
e 20 40 1
e 20 41 1
e 21 23 1
e 21 42 1
e 21 43 1
e 22 23 1
e 22 44 1
e 22 45 1
e 23 46 1
e 23 47 1
e 24 27 1
e 24 48 1
e 24 49 1
e 27 28 1
e 27 50 1
e 27 51 1
e 28 53 1
e 28 54 1
e 28 55 1
t # 43827
v 0 1
v 1 1
v 2 2
v 3 2
v 4 2
v 5 3
v 6 3
v 7 3
v 8 3
v 9 3
v 10 3
v 11 3
v 12 3
v 13 3
v 14 3
v 15 3
v 16 3
v 17 3
v 18 3
v 19 3
v 20 3
v 21 4
v 22 4
v 23 4
v 24 4
v 25 4
v 26 4
v 27 4
v 28 4
v 29 4
v 30 4
v 31 4
v 32 4
v 33 4
v 34 4
v 35 4
v 36 4
v 37 4
v 38 4
v 39 4
v 40 4
v 41 4
v 42 4
v 43 4
v 44 4
v 45 4
v 46 4
v 47 4
v 48 4
v 49 4
v 50 4
v 51 4
v 52 4
v 53 4
e 0 11 2
e 1 12 2
e 2 5 1
e 2 13 1
e 2 14 1
e 3 9 1
e 3 11 1
e 3 28 1
e 4 10 1
e 4 12 1
e 4 29 1
e 5 6 1
e 5 7 1
e 5 21 1
e 6 8 1
e 6 22 1
e 6 23 1
e 7 11 1
e 7 24 1
e 7 25 1
e 8 12 1
e 8 26 1
e 8 27 1
e 9 15 1
e 9 16 1
e 9 17 1
e 10 18 1
e 10 19 1
e 10 20 1
e 13 30 1
e 13 31 1
e 13 32 1
e 14 33 1
e 14 34 1
e 14 35 1
e 15 36 1
e 15 37 1
e 15 38 1
e 16 39 1
e 16 40 1
e 16 41 1
e 17 42 1
e 17 43 1
e 17 44 1
e 18 45 1
e 18 46 1
e 18 47 1
e 19 48 1
e 19 49 1
e 19 50 1
e 20 51 1
e 20 52 1
e 20 53 1
t # 43828
v 0 1
v 1 1
v 2 2
v 3 2
v 4 3
v 5 3
v 6 3
v 7 3
v 8 3
v 9 3
v 10 3
v 11 3
v 12 3
v 13 3
v 14 3
v 15 3
v 16 3
v 17 4
v 18 4
v 19 4
v 20 4
v 21 4
v 22 4
v 23 4
v 24 4
v 25 4
v 26 4
v 27 4
v 28 4
v 29 4
v 30 4
v 31 4
v 32 4
e 0 6 1
e 0 7 1
e 1 8 2
e 2 3 1
e 2 4 1
e 2 5 1
e 3 8 1
e 3 25 1
e 4 6 1
e 4 17 1
e 4 18 1
e 5 7 1
e 5 19 1
e 5 20 1
e 6 21 1
e 6 22 1
e 7 23 1
e 7 24 1
e 8 9 1
e 9 10 2
e 9 26 1
e 10 11 1
e 10 27 1
e 11 12 2
e 11 13 1
e 12 14 1
e 12 28 1
e 13 15 2
e 13 29 1
e 14 16 2
e 14 30 1
e 15 16 1
e 15 31 1
e 16 32 1
t # 43829
v 0 1
v 1 1
v 2 1
v 3 1
v 4 2
v 5 2
v 6 3
v 7 3
v 8 3
v 9 3
v 10 3
v 11 3
v 12 3
v 13 3
v 14 3
v 15 3
v 16 3
v 17 3
v 18 3
v 19 4
v 20 4
v 21 4
v 22 4
v 23 4
v 24 4
v 25 4
v 26 4
v 27 4
v 28 4
v 29 4
v 30 4
v 31 4
v 32 4
v 33 4
v 34 4
v 35 4
v 36 4
e 0 8 1
e 0 9 1
e 1 10 2
e 2 14 1
e 2 17 1
e 3 15 1
e 3 18 1
e 4 6 1
e 4 7 1
e 4 10 1
e 5 10 1
e 5 11 1
e 5 27 1
e 6 8 1
e 6 19 1
e 6 20 1
e 7 9 1
e 7 21 1
e 7 22 1
e 8 23 1
e 8 24 1
e 9 25 1
e 9 26 1
e 11 12 2
e 11 13 1
e 12 14 1
e 12 28 1
e 13 16 2
e 13 29 1
e 14 15 2
e 15 16 1
e 16 30 1
e 17 31 1
e 17 32 1
e 17 33 1
e 18 34 1
e 18 35 1
e 18 36 1
t # 43830
v 0 11
v 1 11
v 2 1
v 3 1
v 4 1
v 5 1
v 6 3
v 7 3
v 8 3
v 9 3
v 10 3
v 11 3
v 12 3
v 13 3
v 14 3
v 15 3
v 16 3
v 17 4
v 18 4
v 19 4
v 20 4
v 21 4
v 22 4
v 23 4
v 24 4
v 25 4
v 26 4
v 27 4
v 28 4
v 29 4
v 30 4
e 0 2 2
e 0 3 2
e 0 6 1
e 0 11 1
e 1 4 2
e 1 5 2
e 1 6 1
e 1 12 1
e 6 7 1
e 6 8 1
e 7 9 1
e 7 17 1
e 7 18 1
e 8 10 1
e 8 19 1
e 8 20 1
e 9 10 1
e 9 13 2
e 10 14 2
e 11 21 1
e 11 22 1
e 11 23 1
e 12 24 1
e 12 25 1
e 12 26 1
e 13 15 1
e 13 27 1
e 14 16 1
e 14 28 1
e 15 16 2
e 15 29 1
e 16 30 1
t # 43831
v 0 11
v 1 11
v 2 1
v 3 1
v 4 1
v 5 1
v 6 3
v 7 3
v 8 3
v 9 3
v 10 4
v 11 4
v 12 4
v 13 4
v 14 4
v 15 4
v 16 4
v 17 4
v 18 4
v 19 4
e 0 2 2
e 0 3 2
e 0 6 1
e 0 8 1
e 1 4 2
e 1 5 2
e 1 6 1
e 1 9 1
e 6 7 1
e 6 10 1
e 7 11 1
e 7 12 1
e 7 13 1
e 8 14 1
e 8 15 1
e 8 16 1
e 9 17 1
e 9 18 1
e 9 19 1
t # 43832
v 0 14
v 1 14
v 2 14
v 3 14
v 4 14
v 5 14
v 6 1
v 7 1
v 8 1
v 9 3
v 10 3
v 11 3
v 12 3
v 13 3
v 14 3
v 15 3
v 16 3
v 17 3
v 18 3
v 19 3
v 20 3
v 21 3
v 22 3
v 23 3
v 24 3
v 25 3
v 26 3
v 27 3
v 28 3
v 29 3
v 30 3
v 31 3
v 32 3
v 33 4
v 34 4
v 35 4
v 36 4
v 37 4
v 38 4
v 39 4
v 40 4
v 41 4
v 42 4
v 43 4
v 44 4
v 45 4
v 46 4
v 47 4
v 48 4
v 49 4
v 50 4
v 51 4
v 52 4
v 53 4
v 54 4
v 55 4
v 56 4
v 57 4
v 58 4
v 59 4
v 60 4
v 61 4
v 62 4
v 63 4
v 64 4
v 65 4
v 66 4
e 6 22 1
e 6 64 1
e 7 28 1
e 7 65 1
e 8 30 1
e 8 66 1
e 9 10 1
e 9 13 1
e 9 14 1
e 9 20 1
e 10 11 1
e 10 16 1
e 10 33 1
e 11 12 1
e 11 19 1
e 11 34 1
e 12 15 1
e 12 17 1
e 12 35 1
e 13 18 1
e 13 22 1
e 13 36 1
e 14 17 1
e 14 37 1
e 14 38 1
e 15 21 1
e 15 23 1
e 15 25 1
e 16 18 1
e 16 39 1
e 16 40 1
e 17 41 1
e 17 42 1
e 18 43 1
e 18 44 1
e 19 24 1
e 19 45 1
e 19 46 1
e 20 47 1
e 20 48 1
e 20 49 1
e 21 24 2
e 21 26 1
e 22 29 1
e 22 50 1
e 23 27 1
e 23 51 1
e 23 52 1
e 24 53 1
e 25 54 1
e 25 55 1
e 25 56 1
e 26 28 1
e 26 57 1
e 26 58 1
e 27 28 1
e 27 59 1
e 27 60 1
e 28 61 1
e 29 30 1
e 29 62 1
e 29 63 1
e 30 31 1
e 30 32 1
t # 43833
v 0 11
v 1 1
v 2 1
v 3 3
v 4 3
v 5 3
v 6 3
v 7 3
v 8 3
v 9 3
v 10 3
v 11 3
v 12 4
v 13 4
v 14 4
v 15 4
v 16 4
v 17 4
v 18 4
v 19 4
v 20 4
v 21 4
e 0 9 1
e 0 10 1
e 1 11 1
e 1 21 1
e 2 11 2
e 3 4 1
e 3 5 1
e 3 12 1
e 3 13 1
e 4 6 1
e 4 14 1
e 4 15 1
e 5 7 1
e 5 16 1
e 5 17 1
e 6 8 1
e 6 18 1
e 6 19 1
e 7 8 1
e 7 9 2
e 8 10 2
e 9 11 1
e 10 20 1
t # 43834
v 0 18
v 1 1
v 2 2
v 3 2
v 4 3
v 5 3
v 6 3
v 7 3
v 8 3
v 9 3
v 10 3
v 11 3
v 12 3
v 13 3
v 14 4
v 15 4
v 16 4
v 17 4
v 18 4
v 19 4
v 20 4
v 21 4
v 22 4
v 23 4
v 24 4
e 1 8 2
e 2 4 1
e 2 8 1
e 2 14 1
e 3 5 1
e 3 8 1
e 3 19 1
e 4 6 2
e 4 7 1
e 5 12 1
e 5 15 1
e 5 16 1
e 6 9 1
e 6 17 1
e 7 10 2
e 7 18 1
e 9 11 2
e 9 20 1
e 10 11 1
e 10 21 1
e 11 22 1
e 12 13 2
e 13 23 1
e 13 24 1
t # 43835
v 0 1
v 1 1
v 2 1
v 3 2
v 4 2
v 5 2
v 6 3
v 7 3
v 8 3
v 9 3
v 10 3
v 11 3
v 12 3
v 13 4
v 14 4
v 15 4
v 16 4
v 17 4
v 18 4
v 19 4
v 20 4
v 21 4
v 22 4
v 23 4
e 0 9 1
e 0 10 1
e 3 6 1
e 3 7 1
e 3 8 1
e 4 11 1
e 6 9 1
e 6 13 1
e 6 14 1
e 7 10 1
e 7 15 1
e 7 16 1
e 8 11 1
e 8 17 1
e 8 18 1
e 9 19 1
e 9 20 1
e 10 21 1
e 10 22 1
e 11 12 1
e 11 23 1
t # 43836
v 0 12
v 1 12
v 2 1
v 3 1
v 4 2
v 5 3
v 6 3
v 7 3
v 8 3
v 9 3
v 10 3
v 11 3
v 12 3
v 13 3
v 14 3
v 15 3
v 16 4
v 17 4
v 18 4
v 19 4
v 20 4
v 21 4
v 22 4
e 0 14 1
e 1 15 1
e 2 7 2
e 3 8 2
e 4 7 1
e 4 8 1
e 4 9 1
e 5 6 1
e 5 7 1
e 5 10 2
e 6 8 1
e 6 11 2
e 9 14 1
e 9 16 1
e 9 17 1
e 10 12 1
e 10 18 1
e 11 13 1
e 11 19 1
e 12 13 2
e 12 20 1
e 13 21 1
e 14 15 2
e 15 22 1
t # 43837
v 0 1
v 1 1
v 2 1
v 3 2
v 4 2
v 5 3
v 6 3
v 7 3
v 8 3
v 9 3
v 10 3
v 11 3
v 12 3
v 13 3
v 14 3
v 15 3
v 16 3
v 17 4
v 18 4
v 19 4
v 20 4
v 21 4
v 22 4
v 23 4
v 24 4
v 25 4
v 26 4
v 27 4
v 28 4
e 0 6 1
e 0 13 1
e 1 8 1
e 1 14 1
e 2 15 2
e 3 15 1
e 3 27 1
e 3 28 1
e 5 6 2
e 5 7 1
e 5 11 1
e 6 9 1
e 7 8 2
e 7 17 1
e 8 10 1
e 9 10 2
e 9 18 1
e 10 19 1
e 11 12 2
e 11 20 1
e 12 15 1
e 12 16 1
e 13 21 1
e 13 22 1
e 13 23 1
e 14 24 1
e 14 25 1
e 14 26 1
t # 43838
v 0 12
v 1 1
v 2 1
v 3 1
v 4 1
v 5 2
v 6 2
v 7 2
v 8 2
v 9 3
v 10 3
v 11 3
v 12 3
v 13 3
v 14 3
v 15 3
v 16 3
v 17 3
v 18 3
v 19 3
v 20 3
v 21 3
v 22 3
v 23 3
v 24 3
v 25 3
v 26 3
v 27 3
v 28 3
v 29 3
v 30 3
v 31 4
v 32 4
v 33 4
v 34 4
v 35 4
v 36 4
v 37 4
v 38 4
v 39 4
v 40 4
v 41 4
v 42 4
v 43 4
v 44 4
v 45 4
v 46 4
v 47 4
v 48 4
v 49 4
v 50 4
v 51 4
v 52 4
v 53 4
v 54 4
v 55 4
v 56 4
v 57 4
v 58 4
v 59 4
e 1 28 1
e 1 29 1
e 4 59 1
e 5 9 1
e 5 11 1
e 5 12 1
e 6 10 1
e 6 15 1
e 6 16 1
e 7 11 2
e 7 13 1
e 8 20 1
e 9 10 1
e 9 31 1
e 9 32 1
e 10 33 1
e 10 34 1
e 11 14 1
e 12 13 2
e 12 17 1
e 13 19 1
e 14 18 1
e 14 35 1
e 14 36 1
e 15 22 1
e 15 37 1
e 15 38 1
e 16 23 1
e 16 39 1
e 16 40 1
e 17 21 2
e 17 41 1
e 18 24 2
e 18 25 1
e 19 20 2
e 19 42 1
e 20 21 1
e 21 43 1
e 22 44 1
e 22 45 1
e 22 46 1
e 23 47 1
e 23 48 1
e 23 49 1
e 24 26 1
e 24 50 1
e 25 27 2
e 25 51 1
e 26 28 2
e 26 52 1
e 27 28 1
e 27 53 1
e 29 30 1
e 29 54 1
e 29 55 1
e 30 56 1
e 30 57 1
e 30 58 1
t # 43839
v 0 1
v 1 1
v 2 2
v 3 2
v 4 2
v 5 2
v 6 3
v 7 3
v 8 3
v 9 3
v 10 3
v 11 3
v 12 3
v 13 3
v 14 3
v 15 3
v 16 3
v 17 3
v 18 4
v 19 4
v 20 4
v 21 4
v 22 4
v 23 4
v 24 4
v 25 4
v 26 4
v 27 4
e 0 9 2
e 1 11 2
e 2 9 1
e 2 11 1
e 2 12 1
e 3 6 1
e 3 11 1
e 3 18 1
e 4 5 1
e 4 7 1
e 4 19 1
e 5 8 2
e 6 7 2
e 6 8 1
e 7 9 1
e 8 10 1
e 10 13 2
e 10 14 1
e 12 20 1
e 12 21 1
e 12 22 1
e 13 15 1
e 13 23 1
e 14 16 2
e 14 24 1
e 15 17 2
e 15 25 1
e 16 17 1
e 16 26 1
e 17 27 1
t # 43840
v 0 1
v 1 2
v 2 2
v 3 3
v 4 3
v 5 3
v 6 3
v 7 3
v 8 4
v 9 4
v 10 4
v 11 4
v 12 4
v 13 4
v 14 4
v 15 4
e 0 5 2
e 1 3 1
e 1 5 1
e 1 9 1
e 3 4 1
e 3 7 1
e 3 8 1
e 4 10 1
e 4 11 1
e 4 12 1
e 5 6 1
e 6 13 1
e 6 14 1
e 6 15 1
t # 43841
v 0 1
v 1 1
v 2 2
v 3 2
v 4 2
v 5 3
v 6 3
v 7 3
v 8 3
v 9 3
v 10 3
v 11 3
v 12 3
v 13 3
v 14 3
v 15 3
v 16 4
v 17 4
v 18 4
v 19 4
v 20 4
v 21 4
v 22 4
v 23 4
v 24 4
v 25 4
v 26 4
e 0 11 1
e 0 15 1
e 1 11 2
e 2 3 1
e 2 8 1
e 2 16 1
e 3 5 2
e 4 6 1
e 4 19 1
e 4 20 1
e 5 6 1
e 5 7 1
e 6 8 2
e 7 9 2
e 7 10 1
e 8 11 1
e 9 12 1
e 9 17 1
e 10 13 2
e 10 18 1
e 12 14 2
e 12 21 1
e 13 14 1
e 13 22 1
e 14 23 1
e 15 24 1
e 15 25 1
e 15 26 1
t # 43842
v 0 1
v 1 2
v 2 2
v 3 3
v 4 3
v 5 3
v 6 3
v 7 3
v 8 3
v 9 3
v 10 3
v 11 3
v 12 3
v 13 3
v 14 3
v 15 3
v 16 4
v 17 4
v 18 4
v 19 4
v 20 4
v 21 4
v 22 4
v 23 4
v 24 4
v 25 4
v 26 4
v 27 4
e 0 5 2
e 1 6 1
e 1 12 2
e 2 7 1
e 2 13 2
e 3 5 1
e 3 6 1
e 3 16 1
e 3 17 1
e 4 5 1
e 4 7 1
e 4 18 1
e 4 19 1
e 6 8 2
e 7 9 2
e 8 10 1
e 8 20 1
e 9 11 1
e 9 21 1
e 10 14 2
e 10 22 1
e 11 15 2
e 11 23 1
e 12 14 1
e 12 24 1
e 13 15 1
e 13 25 1
e 14 26 1
e 15 27 1
t # 43843
v 0 1
v 1 1
v 2 1
v 3 1
v 4 2
v 5 2
v 6 2
v 7 3
v 8 3
v 9 3
v 10 3
v 11 3
v 12 3
v 13 3
v 14 3
v 15 3
v 16 3
v 17 3
v 18 3
v 19 3
v 20 3
v 21 3
v 22 4
v 23 4
v 24 4
v 25 4
v 26 4
v 27 4
v 28 4
v 29 4
v 30 4
v 31 4
v 32 4
v 33 4
v 34 4
v 35 4
v 36 4
v 37 4
v 38 4
v 39 4
v 40 4
e 0 12 1
e 0 33 1
e 1 12 2
e 2 14 1
e 2 15 1
e 3 14 2
e 4 7 1
e 4 10 1
e 4 11 1
e 5 11 2
e 5 31 1
e 6 13 1
e 6 14 1
e 6 32 1
e 7 8 1
e 7 12 1
e 7 22 1
e 8 9 1
e 8 23 1
e 8 24 1
e 9 10 1
e 9 25 1
e 9 26 1
e 10 27 1
e 10 28 1
e 11 13 1
e 13 29 1
e 13 30 1
e 15 16 1
e 15 34 1
e 15 35 1
e 16 17 2
e 16 18 1
e 17 19 1
e 17 36 1
e 18 20 2
e 18 37 1
e 19 21 2
e 19 38 1
e 20 21 1
e 20 39 1
e 21 40 1
t # 43844
v 0 12
v 1 1
v 2 2
v 3 3
v 4 3
v 5 3
v 6 3
v 7 3
v 8 3
v 9 3
v 10 3
v 11 3
v 12 3
v 13 3
v 14 3
v 15 3
v 16 3
v 17 3
v 18 3
v 19 3
v 20 3
v 21 3
v 22 3
v 23 4
v 24 4
v 25 4
v 26 4
v 27 4
v 28 4
v 29 4
v 30 4
v 31 4
v 32 4
v 33 4
v 34 4
v 35 4
v 36 4
v 37 4
v 38 4
v 39 4
v 40 4
v 41 4
v 42 4
v 43 4
v 44 4
e 0 18 1
e 1 3 1
e 1 33 1
e 2 6 1
e 2 7 1
e 2 9 1
e 3 4 1
e 3 5 1
e 3 8 1
e 4 6 1
e 4 23 1
e 4 24 1
e 5 7 1
e 5 25 1
e 5 26 1
e 6 27 1
e 6 28 1
e 7 29 1
e 7 30 1
e 8 10 2
e 8 11 1
e 9 12 1
e 9 31 1
e 9 32 1
e 10 13 1
e 10 34 1
e 11 14 2
e 11 35 1
e 12 16 2
e 12 36 1
e 13 15 2
e 13 37 1
e 14 15 1
e 14 38 1
e 15 39 1
e 16 17 1
e 16 40 1
e 17 18 1
e 17 19 2
e 18 20 2
e 19 21 1
e 19 41 1
e 20 22 1
e 20 42 1
e 21 22 2
e 21 43 1
e 22 44 1
t # 43845
v 0 1
v 1 1
v 2 1
v 3 2
v 4 3
v 5 3
v 6 3
v 7 3
v 8 3
v 9 3
v 10 3
v 11 3
v 12 3
v 13 3
v 14 4
v 15 4
v 16 4
v 17 4
v 18 4
v 19 4
v 20 4
v 21 4
v 22 4
v 23 4
v 24 4
v 25 4
v 26 4
e 0 4 1
e 0 7 1
e 1 10 2
e 2 11 2
e 3 10 1
e 3 11 1
e 3 13 1
e 4 5 1
e 4 8 1
e 4 12 1
e 5 6 1
e 5 10 1
e 5 14 1
e 6 7 1
e 6 11 1
e 6 15 1
e 7 9 1
e 7 16 1
e 8 9 1
e 8 17 1
e 8 18 1
e 9 19 1
e 9 20 1
e 12 21 1
e 12 22 1
e 12 23 1
e 13 24 1
e 13 25 1
e 13 26 1
t # 43846
v 0 1
v 1 1
v 2 1
v 3 1
v 4 1
v 5 1
v 6 1
v 7 1
v 8 2
v 9 2
v 10 2
v 11 2
v 12 3
v 13 3
v 14 3
v 15 3
v 16 3
v 17 3
v 18 3
v 19 3
v 20 3
v 21 3
v 22 3
v 23 3
v 24 3
v 25 3
v 26 3
v 27 3
v 28 3
v 29 3
v 30 3
v 31 3
v 32 3
v 33 3
v 34 3
v 35 3
v 36 3
v 37 3
v 38 3
v 39 3
v 40 3
v 41 3
v 42 3
v 43 3
v 44 3
v 45 3
v 46 3
v 47 3
v 48 3
v 49 3
v 50 3
v 51 3
v 52 4
v 53 4
v 54 4
v 55 4
v 56 4
v 57 4
v 58 4
v 59 4
v 60 4
v 61 4
v 62 4
v 63 4
v 64 4
v 65 4
v 66 4
v 67 4
v 68 4
v 69 4
v 70 4
v 71 4
v 72 4
v 73 4
v 74 4
v 75 4
v 76 4
v 77 4
v 78 4
v 79 4
v 80 4
v 81 4
v 82 4
v 83 4
v 84 4
v 85 4
v 86 4
v 87 4
v 88 4
v 89 4
v 90 4
v 91 4
v 92 4
v 93 4
v 94 4
v 95 4
v 96 4
v 97 4
v 98 4
v 99 4
v 100 4
v 101 4
v 102 4
v 103 4
v 104 4
v 105 4
v 106 4
v 107 4
v 108 4
v 109 4
e 0 13 1
e 0 41 1
e 1 15 1
e 1 42 1
e 2 35 1
e 2 105 1
e 3 39 1
e 3 107 1
e 4 40 1
e 4 108 1
e 5 41 2
e 6 45 1
e 6 109 1
e 7 42 2
e 8 12 1
e 8 16 1
e 8 17 1
e 9 14 1
e 9 18 1
e 9 19 1
e 10 22 1
e 10 28 1
e 10 31 1
e 11 27 1
e 11 29 1
e 11 33 1
e 12 13 1
e 12 52 1
e 12 53 1
e 13 22 1
e 13 54 1
e 14 15 1
e 14 55 1
e 14 56 1
e 15 27 1
e 15 57 1
e 16 20 1
e 16 58 1
e 16 59 1
e 17 21 1
e 17 60 1
e 17 61 1
e 18 24 1
e 18 62 1
e 18 63 1
e 19 25 1
e 19 64 1
e 19 65 1
e 20 23 1
e 20 66 1
e 20 67 1
e 21 23 1
e 21 68 1
e 21 69 1
e 22 70 1
e 22 71 1
e 23 72 1
e 23 73 1
e 24 26 1
e 24 74 1
e 24 75 1
e 25 26 1
e 25 76 1
e 25 77 1
e 26 78 1
e 26 79 1
e 27 80 1
e 27 81 1
e 28 30 1
e 28 82 1
e 28 83 1
e 29 32 1
e 29 84 1
e 29 85 1
e 30 34 1
e 30 86 1
e 30 87 1
e 31 37 1
e 31 43 2
e 32 36 1
e 32 88 1
e 32 89 1
e 33 38 1
e 33 44 2
e 34 37 1
e 34 90 1
e 34 91 1
e 35 39 1
e 35 41 1
e 35 45 1
e 36 38 1
e 36 92 1
e 36 93 1
e 37 46 2
e 38 47 2
e 39 40 1
e 39 94 1
e 40 42 1
e 40 95 1
e 43 48 1
e 43 96 1
e 44 50 1
e 44 97 1
e 45 98 1
e 45 99 1
e 46 49 1
e 46 100 1
e 47 51 1
e 47 101 1
e 48 49 2
e 48 102 1
e 49 103 1
e 50 51 2
e 50 104 1
e 51 106 1
t # 43847
v 0 2
v 1 2
v 2 3
v 3 3
v 4 3
v 5 3
v 6 3
v 7 3
v 8 3
v 9 3
v 10 3
v 11 3
v 12 3
v 13 3
v 14 3
v 15 3
v 16 4
v 17 4
v 18 4
v 19 4
v 20 4
v 21 4
v 22 4
v 23 4
v 24 4
v 25 4
v 26 4
v 27 4
v 28 4
v 29 4
v 30 4
v 31 4
e 0 7 2
e 0 10 1
e 1 8 1
e 1 15 1
e 1 24 1
e 2 3 1
e 2 4 1
e 2 16 1
e 2 17 1
e 3 5 1
e 3 18 1
e 3 19 1
e 4 7 1
e 4 8 2
e 5 6 1
e 5 20 1
e 5 21 1
e 6 7 1
e 6 22 1
e 6 23 1
e 8 9 1
e 9 10 1
e 9 11 2
e 10 12 2
e 11 13 1
e 11 25 1
e 12 14 1
e 12 26 1
e 13 14 2
e 13 27 1
e 14 28 1
e 15 29 1
e 15 30 1
e 15 31 1
t # 43848
v 0 1
v 1 1
v 2 2
v 3 3
v 4 3
v 5 3
v 6 3
v 7 3
v 8 3
v 9 3
v 10 3
v 11 3
v 12 3
v 13 3
v 14 3
v 15 3
v 16 3
v 17 3
v 18 3
v 19 3
v 20 3
v 21 3
v 22 4
v 23 4
v 24 4
v 25 4
v 26 4
v 27 4
v 28 4
v 29 4
v 30 4
v 31 4
v 32 4
v 33 4
v 34 4
v 35 4
v 36 4
v 37 4
v 38 4
v 39 4
v 40 4
v 41 4
v 42 4
v 43 4
v 44 4
e 0 19 1
e 0 43 1
e 1 21 1
e 1 44 1
e 2 3 1
e 2 4 1
e 2 9 1
e 3 5 1
e 3 7 1
e 3 22 1
e 4 6 1
e 4 23 1
e 4 24 1
e 5 8 1
e 5 11 2
e 6 8 1
e 6 25 1
e 6 26 1
e 7 12 1
e 7 27 1
e 7 28 1
e 8 13 2
e 9 10 1
e 9 29 1
e 9 30 1
e 10 16 1
e 10 31 1
e 10 32 1
e 11 14 1
e 11 33 1
e 12 17 2
e 12 18 1
e 13 15 1
e 13 34 1
e 14 15 2
e 14 35 1
e 15 36 1
e 16 37 1
e 16 38 1
e 16 39 1
e 17 19 1
e 17 40 1
e 18 20 2
e 18 41 1
e 19 21 2
e 20 21 1
e 20 42 1
t # 43849
v 0 1
v 1 2
v 2 3
v 3 3
v 4 3
v 5 3
v 6 3
v 7 3
v 8 3
v 9 3
v 10 3
v 11 4
v 12 4
v 13 4
v 14 4
v 15 4
v 16 4
v 17 4
v 18 4
v 19 4
v 20 4
v 21 4
v 22 4
v 23 4
v 24 4
v 25 4
v 26 4
v 27 4
v 28 4
v 29 4
e 0 4 2
e 1 2 1
e 1 4 1
e 1 11 1
e 2 5 1
e 2 6 1
e 2 7 1
e 3 4 1
e 3 8 1
e 3 9 1
e 3 10 1
e 5 12 1
e 5 13 1
e 5 14 1
e 6 15 1
e 6 16 1
e 6 17 1
e 7 18 1
e 7 19 1
e 7 20 1
e 8 21 1
e 8 22 1
e 8 23 1
e 9 24 1
e 9 25 1
e 9 26 1
e 10 27 1
e 10 28 1
e 10 29 1
t # 43850
v 0 12
v 1 1
v 2 2
v 3 2
v 4 2
v 5 3
v 6 3
v 7 3
v 8 3
v 9 3
v 10 3
v 11 3
v 12 3
v 13 3
v 14 3
v 15 3
v 16 3
v 17 3
v 18 3
v 19 3
v 20 4
v 21 4
v 22 4
v 23 4
v 24 4
v 25 4
v 26 4
v 27 4
v 28 4
v 29 4
v 30 4
v 31 4
v 32 4
v 33 4
v 34 4
v 35 4
v 36 4
v 37 4
e 0 17 1
e 1 14 2
e 2 7 1
e 2 8 1
e 2 9 1
e 3 12 1
e 3 14 1
e 3 32 1
e 4 13 1
e 4 14 1
e 4 33 1
e 5 6 1
e 5 7 1
e 5 20 1
e 5 21 1
e 6 8 1
e 6 22 1
e 6 23 1
e 7 24 1
e 7 25 1
e 8 26 1
e 8 27 1
e 9 10 1
e 9 28 1
e 9 29 1
e 11 12 1
e 12 30 1
e 12 31 1
e 13 15 2
e 13 16 1
e 15 17 1
e 15 34 1
e 16 18 2
e 16 35 1
e 17 19 2
e 18 19 1
e 18 36 1
e 19 37 1
t # 43851
v 0 1
v 1 1
v 2 1
v 3 1
v 4 2
v 5 2
v 6 2
v 7 3
v 8 3
v 9 3
v 10 3
v 11 3
v 12 3
v 13 3
v 14 3
v 15 3
v 16 3
v 17 3
v 18 3
v 19 4
v 20 4
v 21 4
v 22 4
v 23 4
v 24 4
v 25 4
v 26 4
v 27 4
v 28 4
v 29 4
v 30 4
v 31 4
v 32 4
v 33 4
v 34 4
v 35 4
e 0 9 1
e 0 10 1
e 1 11 2
e 2 16 1
e 2 17 1
e 3 14 2
e 4 7 1
e 4 8 1
e 4 11 1
e 5 12 1
e 5 13 1
e 5 14 1
e 6 14 1
e 6 16 2
e 7 9 1
e 7 19 1
e 7 20 1
e 8 10 1
e 8 21 1
e 8 22 1
e 9 23 1
e 9 24 1
e 10 25 1
e 10 26 1
e 11 12 1
e 12 27 1
e 12 28 1
e 13 15 2
e 13 29 1
e 15 16 1
e 15 30 1
e 17 18 1
e 17 31 1
e 17 32 1
e 18 33 1
e 18 34 1
e 18 35 1
t # 43852
v 0 12
v 1 11
v 2 1
v 3 1
v 4 1
v 5 2
v 6 2
v 7 3
v 8 3
v 9 3
v 10 3
v 11 3
v 12 3
v 13 3
v 14 3
v 15 3
v 16 3
v 17 4
v 18 4
v 19 4
v 20 4
v 21 4
v 22 4
v 23 4
v 24 4
v 25 4
e 1 9 1
e 1 16 1
e 2 8 2
e 3 11 2
e 4 12 2
e 5 7 1
e 5 11 1
e 5 12 1
e 6 8 1
e 6 11 1
e 7 8 1
e 7 9 1
e 7 10 1
e 9 13 2
e 10 17 1
e 10 18 1
e 10 19 1
e 12 15 1
e 13 14 1
e 13 20 1
e 14 16 2
e 14 21 1
e 15 22 1
e 15 23 1
e 15 24 1
e 16 25 1
t # 43853
v 0 12
v 1 11
v 2 1
v 3 1
v 4 2
v 5 2
v 6 3
v 7 3
v 8 3
v 9 3
v 10 3
v 11 3
v 12 3
v 13 3
v 14 4
v 15 4
v 16 4
v 17 4
v 18 4
v 19 4
v 20 4
e 0 13 1
e 1 7 1
e 1 13 1
e 2 8 2
e 3 10 2
e 4 6 1
e 4 10 1
e 4 14 1
e 5 8 1
e 5 10 1
e 5 18 1
e 6 7 1
e 6 8 1
e 6 9 1
e 7 11 2
e 9 15 1
e 9 16 1
e 9 17 1
e 11 12 1
e 11 19 1
e 12 13 2
e 12 20 1
t # 43854
v 0 12
v 1 11
v 2 1
v 3 1
v 4 1
v 5 2
v 6 3
v 7 3
v 8 3
v 9 3
v 10 3
v 11 3
v 12 3
v 13 3
v 14 3
v 15 3
v 16 3
v 17 4
v 18 4
v 19 4
v 20 4
v 21 4
v 22 4
v 23 4
v 24 4
e 0 16 1
e 1 10 1
e 1 16 1
e 2 8 1
e 2 24 1
e 3 7 2
e 4 13 2
e 5 6 1
e 5 8 1
e 5 9 1
e 6 7 1
e 6 17 1
e 6 18 1
e 7 10 1
e 8 11 2
e 9 12 2
e 9 19 1
e 10 14 2
e 11 13 1
e 11 20 1
e 12 13 1
e 12 21 1
e 14 15 1
e 14 22 1
e 15 16 2
e 15 23 1
t # 43855
v 0 1
v 1 1
v 2 3
v 3 3
v 4 3
v 5 3
v 6 3
v 7 3
v 8 3
v 9 3
v 10 3
v 11 3
v 12 3
v 13 3
v 14 3
v 15 3
v 16 3
v 17 4
v 18 4
v 19 4
v 20 4
v 21 4
v 22 4
v 23 4
v 24 4
v 25 4
v 26 4
e 0 14 1
e 0 26 1
e 1 14 2
e 2 4 2
e 2 5 1
e 2 13 1
e 3 4 1
e 3 6 2
e 3 14 1
e 4 17 1
e 5 7 2
e 5 18 1
e 6 7 1
e 6 19 1
e 7 20 1
e 8 9 2
e 8 10 1
e 8 16 1
e 9 11 1
e 9 21 1
e 10 12 2
e 10 22 1
e 11 15 2
e 11 23 1
e 12 15 1
e 12 24 1
e 15 25 1
t # 43856
v 0 1
v 1 1
v 2 1
v 3 1
v 4 1
v 5 1
v 6 1
v 7 1
v 8 2
v 9 2
v 10 2
v 11 2
v 12 3
v 13 3
v 14 3
v 15 3
v 16 3
v 17 3
v 18 3
v 19 3
v 20 3
v 21 3
v 22 3
v 23 3
v 24 3
v 25 3
v 26 3
v 27 3
v 28 3
v 29 3
v 30 3
v 31 3
v 32 3
v 33 3
v 34 3
v 35 4
v 36 4
v 37 4
v 38 4
v 39 4
v 40 4
v 41 4
v 42 4
v 43 4
v 44 4
v 45 4
v 46 4
v 47 4
v 48 4
v 49 4
v 50 4
v 51 4
v 52 4
v 53 4
v 54 4
e 0 14 1
e 0 20 1
e 1 31 1
e 1 54 1
e 8 15 1
e 8 20 2
e 9 29 1
e 10 30 1
e 11 32 1
e 12 13 1
e 12 14 2
e 12 17 1
e 13 16 1
e 13 35 1
e 13 36 1
e 14 15 1
e 15 19 2
e 16 21 1
e 16 37 1
e 16 38 1
e 17 18 2
e 17 39 1
e 18 19 1
e 18 22 1
e 19 40 1
e 20 23 1
e 21 41 1
e 21 42 1
e 21 43 1
e 22 44 1
e 22 45 1
e 22 46 1
e 23 24 2
e 23 25 1
e 24 26 1
e 24 47 1
e 25 27 2
e 25 48 1
e 26 28 2
e 26 49 1
e 27 28 1
e 27 50 1
e 28 51 1
e 29 31 2
e 29 33 1
e 30 31 1
e 30 34 2
e 32 33 2
e 32 34 1
e 33 52 1
e 34 53 1
t # 43857
v 0 1
v 1 1
v 2 2
v 3 3
v 4 3
v 5 3
v 6 3
v 7 3
v 8 3
v 9 3
v 10 3
v 11 3
v 12 3
v 13 3
v 14 3
v 15 3
v 16 3
v 17 3
v 18 3
v 19 4
v 20 4
v 21 4
v 22 4
v 23 4
v 24 4
v 25 4
v 26 4
v 27 4
v 28 4
v 29 4
v 30 4
v 31 4
v 32 4
v 33 4
v 34 4
v 35 4
v 36 4
v 37 4
v 38 4
v 39 4
v 40 4
v 41 4
e 0 5 1
e 0 13 1
e 1 15 2
e 2 8 1
e 2 15 1
e 2 31 1
e 3 4 1
e 3 5 2
e 3 7 1
e 4 6 1
e 4 19 1
e 4 20 1
e 5 8 1
e 6 11 1
e 6 21 1
e 6 22 1
e 7 9 2
e 7 23 1
e 8 10 2
e 9 10 1
e 9 12 1
e 10 24 1
e 11 25 1
e 11 26 1
e 11 27 1
e 12 28 1
e 12 29 1
e 12 30 1
e 13 14 1
e 13 32 1
e 13 33 1
e 14 16 1
e 14 18 2
e 15 17 1
e 16 34 1
e 16 35 1
e 16 36 1
e 17 37 1
e 17 38 1
e 17 39 1
e 18 40 1
e 18 41 1
t # 43858
v 0 1
v 1 1
v 2 1
v 3 3
v 4 3
v 5 3
v 6 3
v 7 3
v 8 3
v 9 3
v 10 3
v 11 3
v 12 3
v 13 3
v 14 3
v 15 3
v 16 3
v 17 3
v 18 3
v 19 3
v 20 3
v 21 4
v 22 4
v 23 4
v 24 4
v 25 4
v 26 4
v 27 4
v 28 4
v 29 4
v 30 4
v 31 4
v 32 4
v 33 4
v 34 4
v 35 4
v 36 4
v 37 4
v 38 4
e 0 5 1
e 0 7 1
e 1 5 1
e 1 17 1
e 2 7 2
e 3 4 1
e 3 7 1
e 3 8 1
e 3 9 1
e 4 6 1
e 4 11 2
e 5 6 1
e 5 10 1
e 6 12 2
e 8 21 1
e 8 22 1
e 8 23 1
e 9 24 1
e 9 25 1
e 9 26 1
e 10 15 2
e 10 16 1
e 11 13 1
e 11 27 1
e 12 14 1
e 12 28 1
e 13 14 2
e 13 29 1
e 14 30 1
e 15 18 1
e 15 31 1
e 16 19 2
e 16 32 1
e 17 33 1
e 17 34 1
e 17 35 1
e 18 20 2
e 18 36 1
e 19 20 1
e 19 37 1
e 20 38 1
t # 43859
v 0 1
v 1 1
v 2 1
v 3 1
v 4 1
v 5 1
v 6 1
v 7 1
v 8 1
v 9 2
v 10 2
v 11 2
v 12 3
v 13 3
v 14 3
v 15 3
v 16 3
v 17 3
v 18 3
v 19 3
v 20 3
v 21 3
v 22 3
v 23 3
v 24 3
v 25 3
v 26 3
v 27 3
v 28 3
v 29 3
v 30 4
v 31 4
v 32 4
v 33 4
v 34 4
v 35 4
v 36 4
v 37 4
v 38 4
v 39 4
v 40 4
v 41 4
v 42 4
v 43 4
v 44 4
e 0 14 1
e 0 28 1
e 1 15 1
e 1 29 1
e 2 24 1
e 2 44 1
e 9 22 1
e 10 23 1
e 11 25 1
e 12 13 1
e 12 14 1
e 12 17 2
e 13 16 1
e 13 18 2
e 14 15 2
e 15 19 1
e 16 19 2
e 16 30 1
e 17 20 1
e 17 31 1
e 18 21 1
e 18 32 1
e 19 33 1
e 20 21 2
e 20 34 1
e 21 35 1
e 22 24 2
e 22 26 1
e 23 24 1
e 23 27 2
e 25 26 2
e 25 27 1
e 26 36 1
e 27 37 1
e 28 38 1
e 28 39 1
e 28 40 1
e 29 41 1
e 29 42 1
e 29 43 1
t # 43860
v 0 1
v 1 1
v 2 3
v 3 3
v 4 3
v 5 3
v 6 3
v 7 3
v 8 3
v 9 3
v 10 3
v 11 3
v 12 3
v 13 3
v 14 3
v 15 3
v 16 3
v 17 3
v 18 3
v 19 3
v 20 3
v 21 4
v 22 4
v 23 4
v 24 4
v 25 4
v 26 4
v 27 4
v 28 4
v 29 4
v 30 4
v 31 4
v 32 4
e 0 18 1
e 0 32 1
e 1 18 2
e 2 3 1
e 2 4 1
e 2 8 2
e 3 7 1
e 3 10 2
e 4 5 1
e 4 12 2
e 5 11 1
e 5 13 2
e 6 8 1
e 6 9 1
e 6 14 2
e 7 11 2
e 7 18 1
e 8 21 1
e 9 10 1
e 9 15 2
e 10 22 1
e 11 23 1
e 12 16 1
e 12 24 1
e 13 17 1
e 13 25 1
e 14 19 1
e 14 26 1
e 15 20 1
e 15 27 1
e 16 17 2
e 16 28 1
e 17 29 1
e 19 20 2
e 19 30 1
e 20 31 1
t # 43861
v 0 1
v 1 1
v 2 3
v 3 3
v 4 3
v 5 3
v 6 3
v 7 3
v 8 3
v 9 3
v 10 3
v 11 3
v 12 3
v 13 3
v 14 3
v 15 3
v 16 3
v 17 3
v 18 3
v 19 3
v 20 3
v 21 4
v 22 4
v 23 4
v 24 4
v 25 4
v 26 4
v 27 4
v 28 4
v 29 4
v 30 4
v 31 4
v 32 4
v 33 4
v 34 4
v 35 4
v 36 4
e 0 15 1
e 0 36 1
e 1 15 2
e 2 3 1
e 2 5 1
e 2 7 1
e 2 21 1
e 3 4 2
e 3 8 1
e 4 6 1
e 4 15 1
e 5 11 2
e 5 12 1
e 6 9 1
e 6 13 2
e 7 22 1
e 7 23 1
e 7 24 1
e 8 10 2
e 8 25 1
e 9 10 1
e 9 14 2
e 10 26 1
e 11 18 1
e 11 27 1
e 12 19 2
e 12 28 1
e 13 16 1
e 13 29 1
e 14 17 1
e 14 30 1
e 16 17 2
e 16 31 1
e 17 32 1
e 18 20 2
e 18 33 1
e 19 20 1
e 19 34 1
e 20 35 1
t # 43862
v 0 11
v 1 1
v 2 1
v 3 3
v 4 3
v 5 3
v 6 3
v 7 3
v 8 3
v 9 3
v 10 3
v 11 3
v 12 3
v 13 3
v 14 3
v 15 3
v 16 3
v 17 3
v 18 3
v 19 4
v 20 4
v 21 4
v 22 4
v 23 4
v 24 4
v 25 4
v 26 4
v 27 4
v 28 4
v 29 4
v 30 4
v 31 4
v 32 4
e 0 7 1
e 0 10 1
e 1 18 1
e 1 32 1
e 2 18 2
e 3 6 1
e 3 7 2
e 3 9 1
e 4 5 1
e 4 8 1
e 4 19 1
e 4 20 1
e 5 9 2
e 5 11 1
e 6 10 1
e 6 14 2
e 7 12 1
e 8 13 1
e 8 21 1
e 8 22 1
e 9 23 1
e 10 15 2
e 11 12 2
e 11 24 1
e 12 25 1
e 13 18 1
e 13 26 1
e 13 27 1
e 14 16 1
e 14 28 1
e 15 17 1
e 15 29 1
e 16 17 2
e 16 30 1
e 17 31 1
t # 43863
v 0 11
v 1 1
v 2 1
v 3 1
v 4 2
v 5 3
v 6 3
v 7 3
v 8 3
v 9 3
v 10 3
v 11 3
v 12 3
v 13 3
v 14 3
v 15 3
v 16 3
v 17 3
v 18 3
v 19 3
v 20 3
v 21 3
v 22 3
v 23 3
v 24 3
v 25 3
v 26 3
v 27 3
v 28 4
v 29 4
v 30 4
v 31 4
v 32 4
v 33 4
v 34 4
v 35 4
v 36 4
v 37 4
v 38 4
v 39 4
v 40 4
v 41 4
v 42 4
v 43 4
v 44 4
v 45 4
v 46 4
v 47 4
v 48 4
v 49 4
v 50 4
v 51 4
v 52 4
v 53 4
v 54 4
v 55 4
v 56 4
v 57 4
v 58 4
e 1 9 1
e 1 21 1
e 2 23 1
e 2 25 1
e 3 21 2
e 4 25 1
e 4 26 1
e 4 27 1
e 5 6 1
e 5 9 1
e 5 10 1
e 5 15 1
e 6 7 1
e 6 11 1
e 6 28 1
e 7 8 1
e 7 14 1
e 7 29 1
e 8 12 1
e 8 16 1
e 8 30 1
e 9 13 1
e 9 31 1
e 10 12 1
e 10 32 1
e 10 33 1
e 11 13 1
e 11 34 1
e 11 35 1
e 12 36 1
e 12 37 1
e 13 38 1
e 13 39 1
e 14 17 1
e 14 40 1
e 14 41 1
e 15 42 1
e 15 43 1
e 15 44 1
e 16 18 2
e 16 19 1
e 17 18 1
e 17 45 1
e 17 46 1
e 18 20 1
e 19 22 2
e 19 47 1
e 20 23 2
e 20 48 1
e 21 24 1
e 22 23 1
e 22 49 1
e 24 50 1
e 24 51 1
e 24 52 1
e 26 53 1
e 26 54 1
e 26 55 1
e 27 56 1
e 27 57 1
e 27 58 1
t # 43864
v 0 11
v 1 1
v 2 1
v 3 1
v 4 1
v 5 1
v 6 2
v 7 2
v 8 2
v 9 3
v 10 3
v 11 3
v 12 3
v 13 3
v 14 3
v 15 3
v 16 3
v 17 3
v 18 3
v 19 3
v 20 3
v 21 3
v 22 3
v 23 4
v 24 4
v 25 4
v 26 4
v 27 4
v 28 4
v 29 4
v 30 4
v 31 4
v 32 4
v 33 4
e 0 16 1
e 0 17 1
e 1 16 2
e 6 9 1
e 6 15 1
e 6 16 1
e 7 12 1
e 8 20 1
e 9 10 2
e 9 11 1
e 10 13 1
e 10 23 1
e 11 14 2
e 11 24 1
e 12 13 2
e 12 14 1
e 13 25 1
e 14 26 1
e 15 27 1
e 15 28 1
e 15 29 1
e 17 18 2
e 17 19 1
e 18 21 1
e 18 30 1
e 19 22 2
e 19 31 1
e 20 21 2
e 20 22 1
e 21 32 1
e 22 33 1
t # 43865
v 0 11
v 1 1
v 2 1
v 3 2
v 4 3
v 5 3
v 6 3
v 7 3
v 8 3
v 9 3
v 10 3
v 11 3
v 12 3
v 13 4
v 14 4
v 15 4
v 16 4
v 17 4
v 18 4
v 19 4
v 20 4
v 21 4
v 22 4
v 23 4
e 0 4 1
e 0 7 1
e 1 12 1
e 1 23 1
e 2 7 2
e 3 7 1
e 3 8 1
e 3 9 1
e 4 5 2
e 4 6 1
e 5 10 1
e 5 13 1
e 6 11 2
e 6 14 1
e 8 15 1
e 8 16 1
e 8 17 1
e 9 18 1
e 9 19 1
e 9 20 1
e 10 12 2
e 10 21 1
e 11 12 1
e 11 22 1
t # 43866
v 0 11
v 1 1
v 2 3
v 3 3
v 4 3
v 5 3
v 6 3
v 7 3
v 8 3
v 9 3
v 10 3
v 11 3
v 12 3
v 13 3
v 14 3
v 15 3
v 16 3
v 17 3
v 18 3
v 19 4
v 20 4
v 21 4
v 22 4
v 23 4
v 24 4
v 25 4
v 26 4
v 27 4
v 28 4
v 29 4
v 30 4
v 31 4
v 32 4
v 33 4
v 34 4
v 35 4
v 36 4
e 1 11 1
e 1 12 1
e 2 3 1
e 2 4 1
e 2 5 1
e 2 6 1
e 3 7 2
e 3 8 1
e 4 19 1
e 4 20 1
e 4 21 1
e 5 22 1
e 5 23 1
e 5 24 1
e 6 25 1
e 6 26 1
e 6 27 1
e 7 9 1
e 7 28 1
e 8 10 2
e 8 29 1
e 9 11 2
e 9 30 1
e 10 11 1
e 10 31 1
e 12 13 1
e 13 14 2
e 13 15 1
e 14 16 1
e 14 32 1
e 15 17 2
e 15 33 1
e 16 18 2
e 16 34 1
e 17 18 1
e 17 35 1
e 18 36 1
t # 43867
v 0 11
v 1 1
v 2 2
v 3 3
v 4 3
v 5 3
v 6 3
v 7 3
v 8 3
v 9 3
v 10 3
v 11 3
v 12 3
v 13 3
v 14 3
v 15 3
v 16 3
v 17 3
v 18 3
v 19 3
v 20 4
v 21 4
v 22 4
v 23 4
v 24 4
v 25 4
v 26 4
v 27 4
v 28 4
v 29 4
v 30 4
v 31 4
v 32 4
v 33 4
v 34 4
e 1 12 1
e 1 17 1
e 2 17 1
e 2 18 1
e 2 19 1
e 3 4 1
e 3 5 2
e 3 7 1
e 4 6 1
e 4 11 2
e 5 8 1
e 5 10 1
e 6 9 1
e 6 13 2
e 7 12 2
e 7 20 1
e 8 9 2
e 8 21 1
e 9 22 1
e 10 14 2
e 10 23 1
e 11 15 1
e 11 24 1
e 12 14 1
e 13 16 1
e 13 25 1
e 14 26 1
e 15 16 2
e 15 27 1
e 16 28 1
e 18 29 1
e 18 30 1
e 18 31 1
e 19 32 1
e 19 33 1
e 19 34 1
t # 43868
v 0 11
v 1 1
v 2 2
v 3 2
v 4 3
v 5 3
v 6 3
v 7 3
v 8 3
v 9 3
v 10 3
v 11 3
v 12 3
v 13 3
v 14 3
v 15 4
v 16 4
v 17 4
v 18 4
v 19 4
v 20 4
v 21 4
v 22 4
v 23 4
v 24 4
v 25 4
v 26 4
v 27 4
v 28 4
v 29 4
v 30 4
e 0 7 1
e 0 12 1
e 1 12 2
e 2 4 1
e 2 10 1
e 2 11 1
e 3 12 1
e 3 13 1
e 3 14 1
e 4 5 2
e 4 6 1
e 5 8 1
e 5 15 1
e 6 9 2
e 6 16 1
e 7 8 2
e 7 9 1
e 8 17 1
e 9 18 1
e 10 19 1
e 10 20 1
e 10 21 1
e 11 22 1
e 11 23 1
e 11 24 1
e 13 25 1
e 13 26 1
e 13 27 1
e 14 28 1
e 14 29 1
e 14 30 1
t # 43869
v 0 11
v 1 1
v 2 1
v 3 1
v 4 1
v 5 2
v 6 3
v 7 3
v 8 3
v 9 3
v 10 3
v 11 3
v 12 3
v 13 3
v 14 4
v 15 4
v 16 4
v 17 4
v 18 4
v 19 4
v 20 4
e 0 12 1
e 0 13 1
e 1 6 1
e 1 12 1
e 4 12 2
e 5 7 1
e 6 8 2
e 6 9 1
e 7 10 2
e 7 11 1
e 8 10 1
e 8 14 1
e 9 11 2
e 9 15 1
e 10 16 1
e 11 17 1
e 13 18 1
e 13 19 1
e 13 20 1
t # 43870
v 0 11
v 1 1
v 2 1
v 3 1
v 4 1
v 5 2
v 6 2
v 7 3
v 8 3
v 9 3
v 10 3
v 11 3
v 12 3
v 13 3
v 14 3
v 15 3
v 16 3
v 17 3
v 18 4
v 19 4
v 20 4
v 21 4
v 22 4
v 23 4
v 24 4
v 25 4
v 26 4
v 27 4
v 28 4
v 29 4
e 1 9 1
e 1 10 1
e 2 11 1
e 2 12 1
e 5 7 1
e 5 8 1
e 5 11 1
e 6 15 1
e 7 9 1
e 7 18 1
e 7 19 1
e 8 10 1
e 8 20 1
e 8 21 1
e 9 22 1
e 9 23 1
e 10 24 1
e 10 25 1
e 12 13 2
e 12 14 1
e 13 16 1
e 13 26 1
e 14 17 2
e 14 27 1
e 15 16 2
e 15 17 1
e 16 28 1
e 17 29 1
t # 43871
v 0 14
v 1 3
v 2 3
v 3 3
v 4 3
v 5 3
v 6 3
v 7 3
v 8 3
v 9 3
v 10 3
v 11 3
v 12 3
v 13 3
v 14 3
v 15 3
v 16 3
v 17 3
v 18 3
v 19 3
v 20 3
v 21 4
v 22 4
v 23 4
v 24 4
v 25 4
v 26 4
v 27 4
v 28 4
v 29 4
v 30 4
v 31 4
v 32 4
v 33 4
v 34 4
v 35 4
v 36 4
v 37 4
e 1 3 1
e 1 5 1
e 1 8 1
e 1 21 1
e 2 4 1
e 2 6 1
e 2 9 1
e 2 22 1
e 3 4 2
e 3 7 1
e 4 10 1
e 5 6 1
e 5 12 2
e 6 13 2
e 7 11 1
e 7 15 2
e 8 23 1
e 8 24 1
e 8 25 1
e 9 26 1
e 9 27 1
e 9 28 1
e 10 14 2
e 10 29 1
e 11 14 1
e 11 18 2
e 12 16 1
e 12 30 1
e 13 17 1
e 13 31 1
e 15 19 1
e 15 32 1
e 16 17 2
e 16 33 1
e 17 34 1
e 18 20 1
e 18 35 1
e 19 20 2
e 19 36 1
e 20 37 1
t # 43872
v 0 11
v 1 1
v 2 1
v 3 3
v 4 3
v 5 3
v 6 3
v 7 3
v 8 3
v 9 3
v 10 3
v 11 3
v 12 3
v 13 4
v 14 4
v 15 4
v 16 4
v 17 4
v 18 4
v 19 4
v 20 4
e 0 7 1
e 0 8 1
e 1 4 1
e 1 9 1
e 2 9 2
e 3 4 1
e 3 5 2
e 3 6 1
e 4 8 2
e 5 10 1
e 5 15 1
e 6 11 2
e 6 16 1
e 7 9 1
e 7 13 1
e 7 14 1
e 8 17 1
e 10 12 2
e 10 18 1
e 11 12 1
e 11 19 1
e 12 20 1
t # 43873
v 0 1
v 1 1
v 2 2
v 3 3
v 4 3
v 5 3
v 6 3
v 7 3
v 8 3
v 9 3
v 10 3
v 11 3
v 12 4
v 13 4
v 14 4
v 15 4
v 16 4
v 17 4
v 18 4
v 19 4
v 20 4
v 21 4
v 22 4
v 23 4
v 24 4
e 0 3 1
e 0 11 1
e 1 11 2
e 2 10 1
e 2 11 1
e 2 24 1
e 3 4 1
e 3 5 1
e 3 10 1
e 4 6 1
e 4 7 1
e 4 12 1
e 5 8 1
e 5 9 1
e 5 13 1
e 6 7 1
e 6 14 1
e 6 15 1
e 7 16 1
e 7 17 1
e 8 9 1
e 8 18 1
e 8 19 1
e 9 20 1
e 9 21 1
e 10 22 1
e 10 23 1
t # 43874
v 0 1
v 1 1
v 2 2
v 3 2
v 4 3
v 5 3
v 6 3
v 7 3
v 8 3
v 9 3
v 10 3
v 11 3
v 12 3
v 13 4
v 14 4
v 15 4
v 16 4
v 17 4
v 18 4
v 19 4
v 20 4
v 21 4
v 22 4
v 23 4
v 24 4
v 25 4
v 26 4
v 27 4
v 28 4
e 0 4 1
e 0 25 1
e 1 12 2
e 2 3 1
e 2 12 1
e 2 26 1
e 3 27 1
e 3 28 1
e 4 5 1
e 4 6 1
e 4 11 1
e 5 7 1
e 5 8 1
e 5 13 1
e 6 9 1
e 6 10 1
e 6 14 1
e 7 8 1
e 7 15 1
e 7 16 1
e 8 17 1
e 8 18 1
e 9 10 1
e 9 19 1
e 9 20 1
e 10 21 1
e 10 22 1
e 11 12 1
e 11 23 1
e 11 24 1
t # 43875
v 0 1
v 1 1
v 2 2
v 3 3
v 4 3
v 5 3
v 6 3
v 7 3
v 8 3
v 9 3
v 10 3
v 11 3
v 12 3
v 13 3
v 14 3
v 15 4
v 16 4
v 17 4
v 18 4
v 19 4
v 20 4
v 21 4
v 22 4
v 23 4
v 24 4
v 25 4
v 26 4
v 27 4
e 0 6 1
e 0 9 1
e 1 9 2
e 2 7 1
e 2 9 1
e 2 22 1
e 3 4 1
e 3 5 1
e 3 6 1
e 3 15 1
e 4 5 1
e 4 16 1
e 4 17 1
e 5 18 1
e 5 19 1
e 6 7 1
e 6 8 1
e 7 20 1
e 7 21 1
e 8 10 2
e 8 11 1
e 10 12 1
e 10 23 1
e 11 13 2
e 11 24 1
e 12 14 2
e 12 25 1
e 13 14 1
e 13 26 1
e 14 27 1
t # 43876
v 0 1
v 1 1
v 2 1
v 3 1
v 4 2
v 5 2
v 6 2
v 7 2
v 8 3
v 9 3
v 10 3
v 11 3
v 12 3
v 13 3
v 14 3
v 15 3
v 16 3
v 17 3
v 18 4
v 19 4
v 20 4
v 21 4
v 22 4
v 23 4
v 24 4
v 25 4
v 26 4
v 27 4
v 28 4
v 29 4
v 30 4
v 31 4
v 32 4
v 33 4
v 34 4
v 35 4
e 0 14 2
e 1 15 2
e 2 16 2
e 3 17 2
e 4 14 1
e 4 28 1
e 4 29 1
e 5 15 1
e 5 30 1
e 5 31 1
e 6 16 1
e 6 32 1
e 6 33 1
e 7 17 1
e 7 34 1
e 7 35 1
e 8 9 1
e 8 10 1
e 8 18 1
e 8 19 1
e 9 11 1
e 9 20 1
e 9 21 1
e 10 12 1
e 10 22 1
e 10 23 1
e 11 13 1
e 11 24 1
e 11 25 1
e 12 14 1
e 12 15 1
e 12 26 1
e 13 16 1
e 13 17 1
e 13 27 1
t # 43877
v 0 1
v 1 1
v 2 2
v 3 2
v 4 3
v 5 3
v 6 3
v 7 3
v 8 3
v 9 4
v 10 4
v 11 4
v 12 4
v 13 4
v 14 4
v 15 4
v 16 4
e 0 7 2
e 1 8 2
e 2 7 1
e 2 13 1
e 2 14 1
e 3 8 1
e 3 15 1
e 3 16 1
e 4 5 1
e 4 6 1
e 4 7 1
e 4 8 1
e 5 6 1
e 5 9 1
e 5 10 1
e 6 11 1
e 6 12 1
t # 43878
v 0 1
v 1 1
v 2 2
v 3 2
v 4 3
v 5 3
v 6 3
v 7 3
v 8 3
v 9 3
v 10 3
v 11 4
v 12 4
v 13 4
v 14 4
v 15 4
v 16 4
v 17 4
v 18 4
v 19 4
v 20 4
v 21 4
v 22 4
v 23 4
v 24 4
e 0 7 2
e 1 8 2
e 2 7 1
e 2 21 1
e 2 22 1
e 3 8 1
e 3 23 1
e 3 24 1
e 4 5 1
e 4 6 1
e 4 7 1
e 4 8 1
e 5 9 1
e 5 11 1
e 5 12 1
e 6 10 1
e 6 13 1
e 6 14 1
e 9 15 1
e 9 16 1
e 9 17 1
e 10 18 1
e 10 19 1
e 10 20 1
t # 43879
v 0 1
v 1 3
v 2 3
v 3 3
v 4 3
v 5 3
v 6 3
v 7 3
v 8 3
v 9 3
v 10 3
v 11 3
v 12 3
v 13 3
v 14 4
v 15 4
v 16 4
v 17 4
v 18 4
v 19 4
v 20 4
v 21 4
v 22 4
v 23 4
v 24 4
v 25 4
v 26 4
v 27 4
e 0 4 1
e 0 12 1
e 1 2 1
e 1 3 1
e 1 7 2
e 2 4 2
e 2 8 1
e 3 5 1
e 3 9 2
e 4 6 1
e 5 6 2
e 5 14 1
e 6 15 1
e 7 10 1
e 7 16 1
e 8 17 1
e 8 18 1
e 8 19 1
e 9 11 1
e 9 20 1
e 10 11 2
e 10 21 1
e 11 22 1
e 12 13 1
e 12 23 1
e 12 24 1
e 13 25 1
e 13 26 1
e 13 27 1
t # 43880
v 0 18
v 1 18
v 2 18
v 3 18
v 4 3
v 5 3
v 6 3
v 7 3
v 8 3
v 9 3
v 10 3
v 11 3
v 12 4
v 13 4
v 14 4
v 15 4
v 16 4
v 17 4
v 18 4
v 19 4
v 20 4
v 21 4
v 22 4
v 23 4
v 24 4
v 25 4
e 4 5 1
e 4 6 1
e 4 12 1
e 4 13 1
e 5 7 1
e 5 14 1
e 5 15 1
e 6 8 1
e 6 10 1
e 7 9 1
e 7 11 1
e 8 16 1
e 8 17 1
e 9 18 1
e 9 19 1
e 10 20 1
e 10 21 1
e 10 22 1
e 11 23 1
e 11 24 1
e 11 25 1
t # 43881
v 0 1
v 1 1
v 2 3
v 3 3
v 4 3
v 5 3
v 6 3
v 7 3
v 8 3
v 9 3
v 10 3
v 11 3
v 12 3
v 13 3
v 14 3
v 15 3
v 16 3
v 17 3
v 18 3
v 19 3
v 20 4
v 21 4
v 22 4
v 23 4
v 24 4
v 25 4
v 26 4
v 27 4
v 28 4
v 29 4
v 30 4
v 31 4
v 32 4
v 33 4
v 34 4
v 35 4
v 36 4
v 37 4
v 38 4
v 39 4
v 40 4
v 41 4
v 42 4
v 43 4
v 44 4
v 45 4
v 46 4
v 47 4
e 0 2 1
e 0 9 1
e 1 8 1
e 1 16 1
e 2 3 2
e 2 4 1
e 3 5 1
e 3 10 1
e 4 6 2
e 4 11 1
e 5 8 2
e 5 12 1
e 6 8 1
e 6 13 1
e 7 9 1
e 7 14 1
e 7 15 1
e 7 20 1
e 9 21 1
e 9 22 1
e 10 23 1
e 10 24 1
e 10 25 1
e 11 26 1
e 11 27 1
e 11 28 1
e 12 29 1
e 12 30 1
e 12 31 1
e 13 32 1
e 13 33 1
e 13 34 1
e 14 35 1
e 14 36 1
e 14 37 1
e 15 38 1
e 15 39 1
e 15 40 1
e 16 17 1
e 16 41 1
e 16 42 1
e 17 18 1
e 17 19 2
e 18 43 1
e 18 44 1
e 18 45 1
e 19 46 1
e 19 47 1
t # 43882
v 0 11
v 1 1
v 2 1
v 3 1
v 4 3
v 5 3
v 6 3
v 7 3
v 8 3
v 9 3
v 10 3
v 11 3
v 12 3
v 13 3
v 14 4
v 15 4
v 16 4
v 17 4
v 18 4
v 19 4
v 20 4
v 21 4
v 22 4
v 23 4
v 24 4
v 25 4
v 26 4
v 27 4
e 0 2 2
e 0 3 2
e 0 4 1
e 1 27 1
e 4 5 2
e 4 6 1
e 5 7 1
e 5 10 1
e 6 8 2
e 6 11 1
e 7 9 2
e 7 12 1
e 8 9 1
e 8 13 1
e 9 14 1
e 10 15 1
e 10 16 1
e 10 17 1
e 11 18 1
e 11 19 1
e 11 20 1
e 12 21 1
e 12 22 1
e 12 23 1
e 13 24 1
e 13 25 1
e 13 26 1
t # 43883
v 0 1
v 1 1
v 2 1
v 3 1
v 4 3
v 5 3
v 6 3
v 7 3
v 8 3
v 9 3
v 10 3
v 11 3
v 12 3
v 13 3
v 14 3
v 15 3
v 16 4
v 17 4
v 18 4
v 19 4
v 20 4
v 21 4
v 22 4
v 23 4
v 24 4
v 25 4
v 26 4
v 27 4
v 28 4
v 29 4
v 30 4
v 31 4
e 0 8 1
e 0 14 1
e 1 10 1
e 1 15 1
e 2 13 1
e 2 31 1
e 3 13 2
e 4 5 1
e 4 6 1
e 4 16 1
e 4 17 1
e 5 7 1
e 5 18 1
e 5 19 1
e 6 8 2
e 6 9 1
e 7 13 1
e 7 20 1
e 7 21 1
e 8 10 1
e 9 11 2
e 9 22 1
e 10 12 2
e 11 12 1
e 11 23 1
e 12 24 1
e 14 25 1
e 14 26 1
e 14 27 1
e 15 28 1
e 15 29 1
e 15 30 1
t # 43884
v 0 1
v 1 1
v 2 1
v 3 1
v 4 3
v 5 3
v 6 3
v 7 3
v 8 3
v 9 3
v 10 3
v 11 3
v 12 3
v 13 3
v 14 3
v 15 3
v 16 3
v 17 3
v 18 3
v 19 3
v 20 3
v 21 3
v 22 3
v 23 3
v 24 3
v 25 4
v 26 4
v 27 4
v 28 4
v 29 4
v 30 4
v 31 4
v 32 4
v 33 4
v 34 4
v 35 4
v 36 4
v 37 4
v 38 4
v 39 4
v 40 4
e 0 8 1
e 0 21 1
e 1 8 1
e 1 22 1
e 2 21 2
e 3 22 2
e 4 5 1
e 4 6 1
e 4 7 2
e 5 9 1
e 5 16 2
e 6 10 1
e 6 14 2
e 7 11 1
e 7 15 1
e 8 17 1
e 8 18 1
e 9 13 1
e 9 20 2
e 10 12 2
e 10 25 1
e 11 13 2
e 11 26 1
e 12 21 1
e 12 22 1
e 13 27 1
e 14 19 1
e 14 28 1
e 15 19 2
e 15 29 1
e 16 23 1
e 16 30 1
e 17 31 1
e 17 32 1
e 17 33 1
e 18 34 1
e 18 35 1
e 18 36 1
e 19 37 1
e 20 24 1
e 20 38 1
e 23 24 2
e 23 39 1
e 24 40 1
t # 43885
v 0 1
v 1 1
v 2 1
v 3 2
v 4 2
v 5 3
v 6 3
v 7 3
v 8 3
v 9 3
v 10 3
v 11 3
v 12 3
v 13 4
v 14 4
v 15 4
v 16 4
v 17 4
v 18 4
v 19 4
v 20 4
v 21 4
v 22 4
v 23 4
v 24 4
v 25 4
v 26 4
e 0 5 1
e 0 12 1
e 1 12 2
e 3 4 1
e 3 7 1
e 3 12 1
e 5 6 1
e 5 7 1
e 5 8 1
e 6 9 1
e 6 10 1
e 6 11 1
e 7 13 1
e 7 14 1
e 8 15 1
e 8 16 1
e 8 17 1
e 9 18 1
e 9 19 1
e 9 20 1
e 10 21 1
e 10 22 1
e 10 23 1
e 11 24 1
e 11 25 1
e 11 26 1
t # 43886
v 0 18
v 1 3
v 2 3
v 3 3
v 4 3
v 5 3
v 6 3
v 7 3
v 8 3
v 9 3
v 10 3
v 11 3
v 12 3
v 13 3
v 14 4
v 15 4
v 16 4
v 17 4
v 18 4
v 19 4
v 20 4
v 21 4
v 22 4
e 1 2 1
e 1 3 1
e 1 14 1
e 1 15 1
e 2 4 2
e 2 6 1
e 3 5 1
e 3 7 2
e 4 5 1
e 4 8 1
e 5 9 2
e 6 10 2
e 6 16 1
e 7 12 1
e 7 17 1
e 8 11 2
e 9 13 1
e 9 18 1
e 10 11 1
e 10 19 1
e 11 20 1
e 12 13 2
e 12 21 1
e 13 22 1
t # 43887
v 0 18
v 1 3
v 2 3
v 3 3
v 4 3
v 5 3
v 6 3
v 7 3
v 8 3
v 9 3
v 10 3
v 11 3
v 12 3
v 13 3
v 14 3
v 15 4
v 16 4
v 17 4
v 18 4
v 19 4
v 20 4
v 21 4
v 22 4
v 23 4
e 1 2 1
e 1 3 2
e 1 7 1
e 2 4 1
e 2 8 2
e 3 5 1
e 3 9 1
e 4 6 1
e 4 10 2
e 5 6 2
e 5 15 1
e 6 16 1
e 7 11 2
e 8 12 1
e 8 17 1
e 9 13 2
e 9 18 1
e 10 14 1
e 10 19 1
e 11 13 1
e 11 20 1
e 12 14 2
e 12 21 1
e 13 22 1
e 14 23 1
t # 43888
v 0 1
v 1 1
v 2 1
v 3 1
v 4 2
v 5 2
v 6 2
v 7 2
v 8 3
v 9 3
v 10 3
v 11 3
v 12 3
v 13 3
v 14 3
v 15 3
v 16 3
v 17 3
v 18 3
v 19 3
v 20 3
v 21 3
v 22 3
v 23 3
v 24 3
v 25 4
v 26 4
v 27 4
v 28 4
v 29 4
v 30 4
v 31 4
v 32 4
v 33 4
v 34 4
v 35 4
v 36 4
v 37 4
v 38 4
v 39 4
v 40 4
v 41 4
v 42 4
v 43 4
v 44 4
e 4 5 1
e 4 14 2
e 5 19 1
e 5 41 1
e 6 20 1
e 7 24 1
e 8 9 1
e 8 10 1
e 8 13 1
e 8 14 1
e 9 11 1
e 9 25 1
e 9 26 1
e 10 12 1
e 10 27 1
e 10 28 1
e 11 12 1
e 11 29 1
e 11 30 1
e 12 31 1
e 12 32 1
e 13 15 1
e 13 18 2
e 14 16 1
e 15 17 1
e 15 33 1
e 15 34 1
e 16 17 1
e 16 35 1
e 16 36 1
e 17 37 1
e 17 38 1
e 18 39 1
e 18 40 1
e 19 20 2
e 19 21 1
e 20 22 1
e 21 23 2
e 21 42 1
e 22 24 2
e 22 43 1
e 23 24 1
e 23 44 1
t # 43889
v 0 11
v 1 1
v 2 1
v 3 2
v 4 3
v 5 3
v 6 3
v 7 3
v 8 3
v 9 3
v 10 3
v 11 3
v 12 3
v 13 4
v 14 4
v 15 4
v 16 4
v 17 4
v 18 4
v 19 4
v 20 4
v 21 4
v 22 4
v 23 4
e 1 4 1
e 1 7 1
e 2 12 1
e 2 23 1
e 3 7 1
e 3 8 1
e 3 9 1
e 4 5 2
e 4 6 1
e 5 10 1
e 5 13 1
e 6 11 2
e 6 14 1
e 8 15 1
e 8 16 1
e 8 17 1
e 9 18 1
e 9 19 1
e 9 20 1
e 10 12 2
e 10 21 1
e 11 12 1
e 11 22 1
t # 43890
v 0 11
v 1 1
v 2 1
v 3 1
v 4 2
v 5 2
v 6 3
v 7 3
v 8 3
v 9 3
v 10 3
v 11 3
v 12 3
v 13 3
v 14 3
v 15 4
v 16 4
v 17 4
v 18 4
v 19 4
v 20 4
v 21 4
v 22 4
v 23 4
v 24 4
e 0 6 1
e 0 11 1
e 1 11 2
e 4 11 1
e 4 13 1
e 4 14 1
e 5 8 1
e 6 7 1
e 6 9 2
e 7 8 2
e 7 15 1
e 8 10 1
e 9 12 1
e 9 16 1
e 10 12 2
e 10 17 1
e 12 18 1
e 13 19 1
e 13 20 1
e 13 21 1
e 14 22 1
e 14 23 1
e 14 24 1
t # 43891
v 0 11
v 1 1
v 2 1
v 3 1
v 4 2
v 5 3
v 6 3
v 7 3
v 8 3
v 9 3
v 10 3
v 11 3
v 12 3
v 13 3
v 14 3
v 15 3
v 16 4
v 17 4
v 18 4
v 19 4
v 20 4
v 21 4
v 22 4
v 23 4
v 24 4
v 25 4
v 26 4
v 27 4
v 28 4
e 1 5 1
e 1 9 1
e 2 6 1
e 2 14 1
e 3 14 2
e 4 9 1
e 4 12 1
e 4 13 1
e 5 6 1
e 5 7 2
e 6 8 2
e 7 10 1
e 7 16 1
e 8 11 1
e 8 17 1
e 10 11 2
e 10 18 1
e 11 19 1
e 12 20 1
e 12 21 1
e 12 22 1
e 13 23 1
e 13 24 1
e 13 25 1
e 14 15 1
e 15 26 1
e 15 27 1
e 15 28 1
t # 43892
v 0 11
v 1 1
v 2 2
v 3 3
v 4 3
v 5 3
v 6 3
v 7 3
v 8 3
v 9 3
v 10 3
v 11 4
v 12 4
v 13 4
v 14 4
v 15 4
v 16 4
v 17 4
v 18 4
v 19 4
v 20 4
v 21 4
v 22 4
v 23 4
v 24 4
v 25 4
v 26 4
v 27 4
e 1 4 1
e 1 8 1
e 2 8 1
e 2 9 1
e 2 10 1
e 3 4 1
e 3 5 1
e 3 6 1
e 3 7 1
e 4 11 1
e 4 12 1
e 5 13 1
e 5 14 1
e 5 15 1
e 6 16 1
e 6 17 1
e 6 18 1
e 7 19 1
e 7 20 1
e 7 21 1
e 9 22 1
e 9 23 1
e 9 24 1
e 10 25 1
e 10 26 1
e 10 27 1
t # 43893
v 0 11
v 1 1
v 2 1
v 3 1
v 4 2
v 5 3
v 6 3
v 7 3
v 8 3
v 9 3
v 10 3
v 11 3
v 12 3
v 13 3
v 14 3
v 15 3
v 16 4
v 17 4
v 18 4
v 19 4
v 20 4
v 21 4
v 22 4
v 23 4
v 24 4
v 25 4
v 26 4
v 27 4
v 28 4
e 1 5 1
e 1 11 1
e 2 12 1
e 2 15 1
e 3 12 2
e 4 11 1
e 4 13 1
e 4 14 1
e 5 6 1
e 5 7 2
e 6 8 2
e 6 12 1
e 7 9 1
e 7 16 1
e 8 10 1
e 8 17 1
e 9 10 2
e 9 18 1
e 10 19 1
e 13 20 1
e 13 21 1
e 13 22 1
e 14 23 1
e 14 24 1
e 14 25 1
e 15 26 1
e 15 27 1
e 15 28 1
t # 43894
v 0 11
v 1 1
v 2 1
v 3 1
v 4 2
v 5 2
v 6 3
v 7 3
v 8 3
v 9 3
v 10 3
v 11 3
v 12 3
v 13 3
v 14 3
v 15 4
v 16 4
v 17 4
v 18 4
v 19 4
v 20 4
v 21 4
v 22 4
v 23 4
v 24 4
e 0 6 1
e 0 12 1
e 1 12 2
e 4 12 1
e 4 13 1
e 4 14 1
e 5 7 1
e 6 8 2
e 6 9 1
e 7 10 2
e 7 11 1
e 8 10 1
e 8 15 1
e 9 11 2
e 9 16 1
e 10 17 1
e 11 18 1
e 13 19 1
e 13 20 1
e 13 21 1
e 14 22 1
e 14 23 1
e 14 24 1
t # 43895
v 0 11
v 1 11
v 2 1
v 3 1
v 4 2
v 5 2
v 6 3
v 7 3
v 8 3
v 9 3
v 10 3
v 11 3
v 12 3
v 13 3
v 14 3
v 15 3
v 16 3
v 17 3
v 18 3
v 19 3
v 20 3
v 21 3
v 22 4
v 23 4
v 24 4
v 25 4
v 26 4
v 27 4
v 28 4
v 29 4
v 30 4
v 31 4
v 32 4
v 33 4
v 34 4
v 35 4
v 36 4
v 37 4
v 38 4
v 39 4
v 40 4
v 41 4
v 42 4
v 43 4
v 44 4
v 45 4
e 0 10 1
e 0 16 1
e 1 11 1
e 1 17 1
e 2 10 2
e 3 11 2
e 4 6 1
e 4 7 1
e 4 10 1
e 5 8 1
e 5 9 1
e 5 11 1
e 6 12 1
e 6 22 1
e 6 23 1
e 7 13 1
e 7 24 1
e 7 25 1
e 8 14 1
e 8 26 1
e 8 27 1
e 9 15 1
e 9 28 1
e 9 29 1
e 12 30 1
e 12 31 1
e 12 32 1
e 13 33 1
e 13 34 1
e 13 35 1
e 14 36 1
e 14 37 1
e 14 38 1
e 15 39 1
e 15 40 1
e 15 41 1
e 16 18 2
e 16 20 1
e 17 19 2
e 17 21 1
e 18 19 1
e 18 42 1
e 19 43 1
e 20 21 2
e 20 44 1
e 21 45 1
t # 43896
v 0 11
v 1 11
v 2 1
v 3 1
v 4 2
v 5 2
v 6 3
v 7 3
v 8 3
v 9 3
v 10 3
v 11 3
v 12 3
v 13 3
v 14 3
v 15 3
v 16 3
v 17 3
v 18 3
v 19 3
v 20 3
v 21 3
v 22 4
v 23 4
v 24 4
v 25 4
v 26 4
v 27 4
v 28 4
v 29 4
v 30 4
v 31 4
v 32 4
v 33 4
v 34 4
v 35 4
v 36 4
v 37 4
v 38 4
v 39 4
v 40 4
v 41 4
v 42 4
v 43 4
v 44 4
v 45 4
e 2 10 1
e 2 16 1
e 3 11 1
e 3 17 1
e 4 6 1
e 4 7 1
e 4 10 1
e 5 8 1
e 5 9 1
e 5 11 1
e 6 12 1
e 6 22 1
e 6 23 1
e 7 13 1
e 7 24 1
e 7 25 1
e 8 14 1
e 8 26 1
e 8 27 1
e 9 15 1
e 9 28 1
e 9 29 1
e 12 30 1
e 12 31 1
e 12 32 1
e 13 33 1
e 13 34 1
e 13 35 1
e 14 36 1
e 14 37 1
e 14 38 1
e 15 39 1
e 15 40 1
e 15 41 1
e 16 18 2
e 16 20 1
e 17 19 2
e 17 21 1
e 18 19 1
e 18 42 1
e 19 43 1
e 20 21 2
e 20 44 1
e 21 45 1
t # 43897
v 0 11
v 1 11
v 2 1
v 3 1
v 4 2
v 5 2
v 6 3
v 7 3
v 8 3
v 9 3
v 10 3
v 11 3
v 12 3
v 13 3
v 14 3
v 15 3
v 16 3
v 17 3
v 18 4
v 19 4
v 20 4
v 21 4
v 22 4
v 23 4
v 24 4
v 25 4
v 26 4
v 27 4
v 28 4
v 29 4
v 30 4
v 31 4
v 32 4
v 33 4
e 0 6 1
e 0 12 1
e 1 7 1
e 1 13 1
e 2 12 2
e 3 13 2
e 4 12 1
e 4 14 1
e 4 15 1
e 5 13 1
e 5 16 1
e 5 17 1
e 6 8 2
e 6 10 1
e 7 9 2
e 7 11 1
e 8 9 1
e 8 18 1
e 9 19 1
e 10 11 2
e 10 20 1
e 11 21 1
e 14 22 1
e 14 23 1
e 14 24 1
e 15 25 1
e 15 26 1
e 15 27 1
e 16 28 1
e 16 29 1
e 16 30 1
e 17 31 1
e 17 32 1
e 17 33 1
t # 43898
v 0 11
v 1 1
v 2 1
v 3 1
v 4 2
v 5 2
v 6 3
v 7 3
v 8 3
v 9 3
v 10 3
v 11 3
v 12 3
v 13 3
v 14 3
v 15 3
v 16 3
v 17 3
v 18 3
v 19 3
v 20 4
v 21 4
v 22 4
v 23 4
v 24 4
v 25 4
v 26 4
v 27 4
v 28 4
v 29 4
v 30 4
v 31 4
e 0 9 1
e 0 10 1
e 1 10 2
e 4 6 1
e 4 10 1
e 4 11 1
e 5 14 1
e 6 7 2
e 6 8 1
e 7 15 1
e 7 20 1
e 8 16 2
e 8 21 1
e 9 12 2
e 9 13 1
e 11 22 1
e 11 23 1
e 11 24 1
e 12 17 1
e 12 25 1
e 13 18 2
e 13 26 1
e 14 17 2
e 14 18 1
e 15 19 2
e 15 27 1
e 16 19 1
e 16 28 1
e 17 29 1
e 18 30 1
e 19 31 1
t # 43899
v 0 11
v 1 1
v 2 1
v 3 2
v 4 2
v 5 3
v 6 3
v 7 3
v 8 3
v 9 3
v 10 3
v 11 3
v 12 3
v 13 3
v 14 3
v 15 3
v 16 4
v 17 4
v 18 4
v 19 4
v 20 4
v 21 4
v 22 4
v 23 4
v 24 4
v 25 4
v 26 4
v 27 4
v 28 4
v 29 4
e 1 6 1
e 1 11 1
e 2 14 2
e 3 11 1
e 3 12 1
e 3 13 1
e 4 5 1
e 4 14 1
e 4 20 1
e 5 7 2
e 5 8 1
e 6 9 2
e 6 10 1
e 7 9 1
e 7 16 1
e 8 10 2
e 8 17 1
e 9 18 1
e 10 19 1
e 12 21 1
e 12 22 1
e 12 23 1
e 13 24 1
e 13 25 1
e 13 26 1
e 14 15 1
e 15 27 1
e 15 28 1
e 15 29 1
