t # 13900
v 0 1
v 1 2
v 2 2
v 3 3
v 4 3
v 5 3
v 6 3
v 7 3
v 8 3
v 9 3
v 10 3
v 11 3
v 12 3
v 13 3
v 14 3
v 15 3
v 16 3
v 17 3
v 18 4
v 19 4
v 20 4
v 21 4
v 22 4
v 23 4
v 24 4
v 25 4
v 26 4
v 27 4
v 28 4
v 29 4
v 30 4
v 31 4
v 32 4
v 33 4
e 0 33 1
e 1 3 1
e 1 5 1
e 2 3 2
e 2 10 1
e 3 4 1
e 4 6 2
e 4 7 1
e 5 8 2
e 5 9 1
e 6 11 1
e 6 18 1
e 7 12 2
e 7 19 1
e 8 13 1
e 8 20 1
e 9 14 2
e 9 21 1
e 10 17 1
e 10 22 1
e 10 23 1
e 11 15 2
e 11 24 1
e 12 15 1
e 12 25 1
e 13 16 2
e 13 26 1
e 14 16 1
e 14 27 1
e 15 28 1
e 16 29 1
e 17 30 1
e 17 31 1
e 17 32 1
t # 13901
v 0 1
v 1 2
v 2 2
v 3 3
v 4 3
v 5 3
v 6 3
v 7 3
v 8 3
v 9 3
v 10 3
v 11 3
v 12 3
v 13 3
v 14 3
v 15 3
v 16 3
v 17 4
v 18 4
v 19 4
v 20 4
v 21 4
v 22 4
v 23 4
v 24 4
v 25 4
v 26 4
v 27 4
v 28 4
v 29 4
v 30 4
e 0 27 1
e 1 4 1
e 1 5 1
e 2 4 2
e 2 16 1
e 3 4 1
e 3 6 2
e 3 7 1
e 5 8 2
e 5 9 1
e 6 10 1
e 6 17 1
e 7 11 2
e 7 18 1
e 8 12 1
e 8 19 1
e 9 13 2
e 9 20 1
e 10 14 2
e 10 21 1
e 11 14 1
e 11 22 1
e 12 15 2
e 12 23 1
e 13 15 1
e 13 24 1
e 14 25 1
e 15 26 1
e 16 28 1
e 16 29 1
e 16 30 1
t # 13902
v 0 1
v 1 2
v 2 2
v 3 3
v 4 3
v 5 3
v 6 3
v 7 3
v 8 3
v 9 3
v 10 3
v 11 3
v 12 3
v 13 3
v 14 3
v 15 3
v 16 3
v 17 3
v 18 3
v 19 4
v 20 4
v 21 4
v 22 4
v 23 4
v 24 4
v 25 4
v 26 4
v 27 4
v 28 4
v 29 4
v 30 4
v 31 4
v 32 4
v 33 4
v 34 4
v 35 4
v 36 4
v 37 4
v 38 4
v 39 4
v 40 4
e 0 10 2
e 1 3 1
e 1 5 1
e 1 6 1
e 2 7 1
e 2 8 1
e 2 14 1
e 3 4 1
e 3 10 1
e 3 19 1
e 4 9 1
e 4 20 1
e 4 21 1
e 5 7 1
e 5 22 1
e 5 23 1
e 6 8 1
e 6 24 1
e 6 25 1
e 7 26 1
e 7 27 1
e 8 28 1
e 8 29 1
e 9 11 1
e 9 30 1
e 9 31 1
e 10 12 1
e 11 13 1
e 11 32 1
e 11 33 1
e 12 13 1
e 12 15 2
e 13 16 2
e 14 34 1
e 14 35 1
e 14 36 1
e 15 17 1
e 15 37 1
e 16 18 1
e 16 38 1
e 17 18 2
e 17 39 1
e 18 40 1
t # 13903
v 0 1
v 1 1
v 2 2
v 3 2
v 4 3
v 5 3
v 6 3
v 7 3
v 8 3
v 9 3
v 10 3
v 11 3
v 12 3
v 13 3
v 14 3
v 15 3
v 16 3
v 17 3
v 18 3
v 19 3
v 20 3
v 21 3
v 22 3
v 23 3
v 24 4
v 25 4
v 26 4
v 27 4
v 28 4
v 29 4
v 30 4
v 31 4
v 32 4
v 33 4
v 34 4
v 35 4
v 36 4
v 37 4
v 38 4
v 39 4
v 40 4
v 41 4
v 42 4
v 43 4
v 44 4
v 45 4
e 0 23 1
e 0 45 1
e 1 23 2
e 2 4 1
e 2 11 1
e 2 31 1
e 3 6 1
e 3 9 1
e 3 32 1
e 4 5 1
e 4 6 1
e 4 24 1
e 5 7 1
e 5 8 1
e 5 25 1
e 6 10 1
e 6 26 1
e 7 9 1
e 7 27 1
e 7 28 1
e 8 11 1
e 8 12 2
e 9 29 1
e 9 30 1
e 10 13 1
e 10 33 1
e 10 34 1
e 11 14 2
e 12 15 1
e 12 35 1
e 13 17 2
e 13 18 1
e 14 16 1
e 14 36 1
e 15 16 2
e 15 37 1
e 16 38 1
e 17 19 1
e 17 21 1
e 18 20 2
e 18 23 1
e 19 22 2
e 19 39 1
e 20 22 1
e 20 40 1
e 21 41 1
e 21 42 1
e 21 43 1
e 22 44 1
t # 13904
v 0 1
v 1 1
v 2 1
v 3 2
v 4 2
v 5 3
v 6 3
v 7 3
v 8 3
v 9 3
v 10 3
v 11 3
v 12 3
v 13 3
v 14 3
v 15 3
v 16 3
v 17 3
v 18 3
v 19 3
v 20 3
v 21 3
v 22 3
v 23 3
v 24 3
v 25 3
v 26 3
v 27 3
v 28 4
v 29 4
v 30 4
v 31 4
v 32 4
v 33 4
v 34 4
v 35 4
v 36 4
v 37 4
v 38 4
v 39 4
v 40 4
v 41 4
v 42 4
v 43 4
v 44 4
v 45 4
v 46 4
v 47 4
v 48 4
v 49 4
v 50 4
v 51 4
v 52 4
v 53 4
v 54 4
v 55 4
e 0 6 1
e 0 45 1
e 1 15 1
e 1 25 1
e 2 18 2
e 3 6 1
e 3 12 1
e 3 14 1
e 3 19 1
e 4 7 1
e 4 17 1
e 4 18 1
e 4 21 1
e 5 6 1
e 5 7 1
e 5 11 1
e 5 13 1
e 6 10 1
e 7 8 1
e 7 28 1
e 8 9 1
e 8 15 1
e 8 29 1
e 9 10 1
e 9 16 1
e 9 30 1
e 10 31 1
e 10 32 1
e 11 12 1
e 11 33 1
e 11 34 1
e 12 35 1
e 12 36 1
e 13 17 1
e 13 22 2
e 14 16 1
e 14 37 1
e 14 38 1
e 15 20 1
e 15 39 1
e 16 23 2
e 17 24 2
e 18 20 1
e 19 40 1
e 19 41 1
e 19 42 1
e 20 43 1
e 20 44 1
e 21 46 1
e 21 47 1
e 21 48 1
e 22 26 1
e 22 49 1
e 23 25 1
e 23 50 1
e 24 27 1
e 24 51 1
e 25 52 1
e 25 53 1
e 26 27 2
e 26 54 1
e 27 55 1
t # 13905
v 0 1
v 1 2
v 2 2
v 3 2
v 4 3
v 5 3
v 6 3
v 7 3
v 8 3
v 9 3
v 10 3
v 11 3
v 12 3
v 13 3
v 14 3
v 15 3
v 16 3
v 17 4
v 18 4
v 19 4
v 20 4
v 21 4
v 22 4
v 23 4
v 24 4
v 25 4
v 26 4
v 27 4
v 28 4
v 29 4
v 30 4
v 31 4
e 0 10 2
e 1 2 1
e 1 4 1
e 1 7 1
e 2 10 1
e 2 23 1
e 3 10 1
e 3 11 1
e 3 26 1
e 4 5 1
e 4 6 1
e 4 17 1
e 5 8 2
e 5 18 1
e 6 19 1
e 6 20 1
e 6 21 1
e 7 9 2
e 7 22 1
e 8 9 1
e 8 24 1
e 9 25 1
e 11 12 2
e 11 13 1
e 12 14 1
e 12 27 1
e 13 15 2
e 13 28 1
e 14 16 2
e 14 29 1
e 15 16 1
e 15 30 1
e 16 31 1
t # 13906
v 0 1
v 1 1
v 2 2
v 3 3
v 4 3
v 5 3
v 6 3
v 7 3
v 8 3
v 9 3
v 10 3
v 11 3
v 12 3
v 13 3
v 14 3
v 15 3
v 16 4
v 17 4
v 18 4
v 19 4
v 20 4
v 21 4
v 22 4
v 23 4
v 24 4
v 25 4
v 26 4
v 27 4
v 28 4
e 0 12 1
e 0 28 1
e 1 12 2
e 2 3 1
e 2 6 1
e 2 8 1
e 3 4 1
e 3 5 1
e 3 16 1
e 4 9 2
e 4 10 1
e 5 7 2
e 5 12 1
e 6 11 2
e 6 17 1
e 7 11 1
e 7 18 1
e 8 19 1
e 8 20 1
e 8 21 1
e 9 13 1
e 9 22 1
e 10 14 2
e 10 23 1
e 11 24 1
e 13 15 2
e 13 25 1
e 14 15 1
e 14 26 1
e 15 27 1
t # 13907
v 0 11
v 1 1
v 2 1
v 3 1
v 4 1
v 5 3
v 6 3
v 7 3
v 8 3
v 9 3
v 10 3
v 11 3
v 12 3
v 13 3
v 14 4
v 15 4
v 16 4
v 17 4
v 18 4
v 19 4
v 20 4
v 21 4
v 22 4
v 23 4
v 24 4
v 25 4
e 0 3 2
e 0 4 2
e 0 6 1
e 1 6 1
e 1 21 1
e 2 25 1
e 5 6 1
e 5 7 1
e 5 14 1
e 5 15 1
e 6 16 1
e 7 8 1
e 7 17 1
e 7 18 1
e 8 9 2
e 8 10 1
e 9 11 1
e 9 19 1
e 10 12 2
e 10 20 1
e 11 13 2
e 11 22 1
e 12 13 1
e 12 23 1
e 13 24 1
t # 13908
v 0 1
v 1 2
v 2 3
v 3 3
v 4 3
v 5 3
v 6 3
v 7 3
v 8 4
v 9 4
v 10 4
v 11 4
v 12 4
v 13 4
v 14 4
v 15 4
v 16 4
v 17 4
v 18 4
v 19 4
v 20 4
e 0 7 1
e 0 20 1
e 1 5 1
e 1 6 1
e 1 19 1
e 2 3 1
e 2 4 1
e 2 7 1
e 2 8 1
e 3 5 1
e 3 9 1
e 3 10 1
e 4 6 1
e 4 11 1
e 4 12 1
e 5 13 1
e 5 14 1
e 6 15 1
e 6 16 1
e 7 17 1
e 7 18 1
t # 13909
v 0 1
v 1 1
v 2 1
v 3 1
v 4 1
v 5 1
v 6 1
v 7 3
v 8 3
v 9 3
v 10 3
v 11 3
v 12 3
v 13 3
v 14 3
v 15 3
v 16 3
v 17 3
v 18 3
v 19 3
v 20 3
v 21 3
v 22 3
v 23 3
v 24 3
v 25 3
v 26 3
v 27 3
v 28 3
v 29 4
v 30 4
v 31 4
v 32 4
v 33 4
v 34 4
v 35 4
v 36 4
v 37 4
v 38 4
v 39 4
v 40 4
v 41 4
v 42 4
v 43 4
v 44 4
v 45 4
v 46 4
v 47 4
v 48 4
v 49 4
v 50 4
e 0 8 1
e 0 14 1
e 1 13 2
e 2 17 1
e 2 26 1
e 3 18 1
e 3 24 1
e 4 19 1
e 4 24 1
e 5 22 1
e 5 27 1
e 6 25 1
e 6 28 1
e 7 8 1
e 7 9 1
e 7 13 1
e 7 29 1
e 8 10 1
e 8 30 1
e 9 11 1
e 9 15 1
e 9 31 1
e 10 12 1
e 10 32 1
e 10 33 1
e 11 12 1
e 11 16 2
e 12 17 2
e 13 14 1
e 14 34 1
e 14 35 1
e 15 20 2
e 15 21 1
e 16 18 1
e 16 36 1
e 17 19 1
e 18 19 2
e 20 22 1
e 20 37 1
e 21 23 2
e 21 38 1
e 22 25 2
e 23 25 1
e 23 39 1
e 24 40 1
e 24 41 1
e 26 42 1
e 26 43 1
e 26 44 1
e 27 45 1
e 27 46 1
e 27 47 1
e 28 48 1
e 28 49 1
e 28 50 1
t # 13910
v 0 12
v 1 12
v 2 8
v 3 1
v 4 1
v 5 1
v 6 1
v 7 1
v 8 2
v 9 3
v 10 3
v 11 3
v 12 3
v 13 3
v 14 3
v 15 3
v 16 3
v 17 3
v 18 3
v 19 3
v 20 3
v 21 3
v 22 3
v 23 3
v 24 3
v 25 4
v 26 4
v 27 4
v 28 4
v 29 4
v 30 4
v 31 4
v 32 4
v 33 4
v 34 4
v 35 4
v 36 4
v 37 4
v 38 4
v 39 4
v 40 4
v 41 4
v 42 4
v 43 4
v 44 4
v 45 4
v 46 4
v 47 4
v 48 4
e 0 17 1
e 1 18 1
e 3 9 1
e 3 10 1
e 4 10 1
e 4 11 1
e 5 12 1
e 6 19 1
e 8 15 1
e 8 16 1
e 9 11 1
e 9 12 1
e 9 25 1
e 10 13 1
e 10 14 1
e 11 26 1
e 11 27 1
e 12 28 1
e 12 29 1
e 13 30 1
e 13 31 1
e 13 32 1
e 14 33 1
e 14 34 1
e 14 35 1
e 15 17 1
e 15 36 1
e 15 37 1
e 16 18 1
e 16 38 1
e 16 39 1
e 17 40 1
e 17 41 1
e 18 42 1
e 18 43 1
e 19 20 2
e 19 21 1
e 20 22 1
e 20 44 1
e 21 23 2
e 21 45 1
e 22 24 2
e 22 46 1
e 23 24 1
e 23 47 1
e 24 48 1
t # 13911
v 0 1
v 1 1
v 2 2
v 3 2
v 4 3
v 5 3
v 6 3
v 7 3
v 8 3
v 9 3
v 10 3
v 11 3
v 12 4
v 13 4
v 14 4
v 15 4
v 16 4
v 17 4
v 18 4
v 19 4
v 20 4
v 21 4
v 22 4
e 0 6 1
e 0 10 1
e 1 10 2
e 2 3 1
e 2 4 2
e 2 5 1
e 3 10 1
e 3 14 1
e 4 7 1
e 4 12 1
e 5 8 2
e 5 13 1
e 6 11 1
e 6 15 1
e 6 16 1
e 7 9 2
e 7 17 1
e 8 9 1
e 8 18 1
e 9 19 1
e 11 20 1
e 11 21 1
e 11 22 1
t # 13912
v 0 11
v 1 11
v 2 11
v 3 11
v 4 1
v 5 1
v 6 1
v 7 1
v 8 1
v 9 1
v 10 1
v 11 1
v 12 3
v 13 3
v 14 3
v 15 3
v 16 3
v 17 3
v 18 4
v 19 4
v 20 4
v 21 4
v 22 4
v 23 4
v 24 4
v 25 4
v 26 4
v 27 4
v 28 4
v 29 4
v 30 4
v 31 4
e 0 8 2
e 0 9 2
e 0 14 1
e 1 10 2
e 1 11 2
e 1 15 1
e 2 16 1
e 3 17 1
e 4 12 1
e 4 28 1
e 5 13 1
e 5 29 1
e 6 30 1
e 7 31 1
e 12 14 1
e 12 16 1
e 12 18 1
e 13 15 1
e 13 17 1
e 13 19 1
e 14 20 1
e 14 21 1
e 15 22 1
e 15 23 1
e 16 24 1
e 16 25 1
e 17 26 1
e 17 27 1
t # 13913
v 0 10
v 1 12
v 2 12
v 3 12
v 4 12
v 5 12
v 6 8
v 7 2
v 8 3
v 9 3
v 10 3
v 11 3
v 12 3
v 13 3
v 14 3
v 15 3
v 16 3
v 17 3
v 18 3
v 19 3
v 20 3
v 21 3
v 22 3
v 23 3
v 24 3
v 25 3
v 26 3
v 27 3
v 28 3
v 29 3
v 30 3
v 31 3
v 32 4
v 33 4
v 34 4
v 35 4
v 36 4
v 37 4
v 38 4
v 39 4
v 40 4
v 41 4
v 42 4
v 43 4
v 44 4
v 45 4
v 46 4
v 47 4
v 48 4
v 49 4
v 50 4
v 51 4
e 1 31 1
e 7 11 1
e 7 32 1
e 8 12 2
e 8 15 1
e 9 13 2
e 9 16 1
e 10 14 2
e 10 17 1
e 11 24 2
e 11 25 1
e 12 18 1
e 12 33 1
e 13 19 1
e 13 34 1
e 14 20 1
e 14 35 1
e 15 21 2
e 15 36 1
e 16 22 2
e 16 37 1
e 17 23 2
e 17 38 1
e 18 26 2
e 18 39 1
e 19 27 2
e 19 40 1
e 20 28 2
e 20 41 1
e 21 26 1
e 21 42 1
e 22 27 1
e 22 43 1
e 23 28 1
e 23 44 1
e 24 29 1
e 24 45 1
e 25 30 2
e 25 46 1
e 26 47 1
e 27 48 1
e 28 49 1
e 29 31 2
e 29 50 1
e 30 31 1
e 30 51 1
t # 13914
v 0 10
v 1 12
v 2 12
v 3 12
v 4 12
v 5 8
v 6 2
v 7 3
v 8 3
v 9 3
v 10 3
v 11 3
v 12 3
v 13 3
v 14 3
v 15 3
v 16 3
v 17 3
v 18 3
v 19 3
v 20 3
v 21 3
v 22 3
v 23 3
v 24 3
v 25 3
v 26 3
v 27 3
v 28 3
v 29 3
v 30 3
v 31 3
v 32 4
v 33 4
v 34 4
v 35 4
v 36 4
v 37 4
v 38 4
v 39 4
v 40 4
v 41 4
v 42 4
v 43 4
v 44 4
v 45 4
v 46 4
v 47 4
v 48 4
v 49 4
v 50 4
v 51 4
v 52 4
v 53 4
v 54 4
e 6 10 1
e 6 32 1
e 7 11 2
e 7 14 1
e 8 12 2
e 8 15 1
e 9 13 2
e 9 16 1
e 10 23 2
e 10 24 1
e 11 17 1
e 11 33 1
e 12 18 1
e 12 34 1
e 13 19 1
e 13 35 1
e 14 20 2
e 14 36 1
e 15 21 2
e 15 37 1
e 16 22 2
e 16 38 1
e 17 25 2
e 17 39 1
e 18 26 2
e 18 40 1
e 19 27 2
e 19 41 1
e 20 25 1
e 20 42 1
e 21 26 1
e 21 43 1
e 22 27 1
e 22 44 1
e 23 28 1
e 23 45 1
e 24 29 2
e 24 46 1
e 25 47 1
e 26 48 1
e 27 49 1
e 28 30 2
e 28 50 1
e 29 30 1
e 29 51 1
e 30 31 1
e 31 52 1
e 31 53 1
e 31 54 1
t # 13915
v 0 1
v 1 2
v 2 2
v 3 3
v 4 3
v 5 3
v 6 3
v 7 3
v 8 3
v 9 4
v 10 4
v 11 4
v 12 4
v 13 4
v 14 4
v 15 4
v 16 4
v 17 4
v 18 4
v 19 4
v 20 4
v 21 4
v 22 4
e 0 5 2
e 1 3 1
e 1 4 1
e 1 5 1
e 2 8 1
e 2 21 1
e 2 22 1
e 3 6 1
e 3 9 1
e 3 10 1
e 4 7 1
e 4 11 1
e 4 12 1
e 5 8 1
e 6 13 1
e 6 14 1
e 6 15 1
e 7 16 1
e 7 17 1
e 7 18 1
e 8 19 1
e 8 20 1
t # 13916
v 0 1
v 1 1
v 2 2
v 3 2
v 4 3
v 5 3
v 6 3
v 7 3
v 8 3
v 9 3
v 10 3
v 11 3
v 12 3
v 13 3
v 14 3
v 15 3
v 16 3
v 17 3
v 18 3
v 19 3
v 20 3
v 21 3
v 22 3
v 23 3
v 24 3
v 25 4
v 26 4
v 27 4
v 28 4
v 29 4
v 30 4
v 31 4
v 32 4
v 33 4
v 34 4
v 35 4
v 36 4
v 37 4
v 38 4
v 39 4
v 40 4
v 41 4
v 42 4
v 43 4
v 44 4
v 45 4
v 46 4
v 47 4
v 48 4
v 49 4
v 50 4
v 51 4
v 52 4
v 53 4
v 54 4
v 55 4
v 56 4
v 57 4
v 58 4
v 59 4
v 60 4
e 0 14 1
e 0 16 1
e 1 16 2
e 2 4 1
e 2 9 1
e 2 32 1
e 3 20 1
e 3 23 1
e 3 24 1
e 4 5 1
e 4 6 1
e 4 25 1
e 5 7 1
e 5 26 1
e 5 27 1
e 6 8 1
e 6 28 1
e 6 29 1
e 7 10 1
e 7 11 1
e 7 30 1
e 8 12 1
e 8 13 1
e 8 31 1
e 9 14 1
e 9 33 1
e 9 34 1
e 10 35 1
e 10 36 1
e 10 37 1
e 11 38 1
e 11 39 1
e 11 40 1
e 12 41 1
e 12 42 1
e 12 43 1
e 13 44 1
e 13 45 1
e 13 46 1
e 14 15 1
e 14 47 1
e 15 48 1
e 15 49 1
e 15 50 1
e 16 17 1
e 17 18 2
e 17 19 1
e 18 21 1
e 18 51 1
e 19 22 2
e 19 52 1
e 20 21 2
e 20 22 1
e 21 53 1
e 22 54 1
e 23 55 1
e 23 56 1
e 23 57 1
e 24 58 1
e 24 59 1
e 24 60 1
t # 13917
v 0 1
v 1 1
v 2 1
v 3 1
v 4 1
v 5 1
v 6 1
v 7 1
v 8 2
v 9 2
v 10 3
v 11 3
v 12 3
v 13 3
v 14 3
v 15 3
v 16 3
v 17 3
v 18 3
v 19 3
v 20 3
v 21 3
v 22 3
v 23 3
v 24 3
v 25 3
v 26 3
v 27 4
v 28 4
v 29 4
v 30 4
v 31 4
v 32 4
v 33 4
v 34 4
v 35 4
v 36 4
v 37 4
v 38 4
v 39 4
v 40 4
e 0 17 1
e 0 39 1
e 1 18 1
e 1 40 1
e 4 17 2
e 5 18 2
e 8 11 1
e 9 21 1
e 10 11 1
e 10 12 1
e 10 13 1
e 10 27 1
e 11 14 1
e 11 28 1
e 12 17 1
e 12 18 1
e 12 29 1
e 13 15 2
e 13 16 1
e 14 19 2
e 14 20 1
e 15 21 1
e 15 30 1
e 16 22 2
e 16 31 1
e 19 24 1
e 19 32 1
e 20 25 2
e 20 33 1
e 21 23 2
e 22 23 1
e 22 34 1
e 23 35 1
e 24 26 2
e 24 36 1
e 25 26 1
e 25 37 1
e 26 38 1
t # 13918
v 0 8
v 1 14
v 2 14
v 3 14
v 4 14
v 5 14
v 6 14
v 7 14
v 8 14
v 9 14
v 10 14
v 11 14
v 12 14
v 13 14
v 14 14
v 15 14
v 16 1
v 17 2
v 18 2
v 19 3
v 20 3
v 21 3
v 22 3
v 23 3
v 24 3
v 25 3
v 26 3
v 27 3
v 28 3
v 29 3
v 30 3
v 31 3
v 32 4
v 33 4
v 34 4
v 35 4
v 36 4
v 37 4
v 38 4
v 39 4
v 40 4
v 41 4
v 42 4
v 43 4
e 17 19 1
e 17 20 1
e 18 21 1
e 18 22 1
e 19 20 1
e 19 32 1
e 19 33 1
e 20 34 1
e 20 35 1
e 21 22 1
e 21 36 1
e 21 37 1
e 22 38 1
e 22 39 1
e 23 24 1
e 23 40 1
e 23 41 1
e 24 25 1
e 24 42 1
e 24 43 1
e 25 26 1
e 26 27 1
e 27 28 1
e 28 29 1
e 29 30 1
e 30 31 1
t # 13919
v 0 1
v 1 1
v 2 1
v 3 1
v 4 1
v 5 1
v 6 1
v 7 1
v 8 2
v 9 2
v 10 2
v 11 2
v 12 2
v 13 2
v 14 2
v 15 3
v 16 3
v 17 3
v 18 3
v 19 3
v 20 3
v 21 3
v 22 3
v 23 3
v 24 3
v 25 3
v 26 3
v 27 3
v 28 3
v 29 3
v 30 3
v 31 3
v 32 3
v 33 3
v 34 3
v 35 3
v 36 3
v 37 3
v 38 3
v 39 3
v 40 3
v 41 3
v 42 3
v 43 3
v 44 4
v 45 4
v 46 4
v 47 4
v 48 4
v 49 4
v 50 4
v 51 4
v 52 4
v 53 4
v 54 4
v 55 4
v 56 4
v 57 4
v 58 4
v 59 4
v 60 4
v 61 4
v 62 4
v 63 4
v 64 4
v 65 4
v 66 4
v 67 4
v 68 4
v 69 4
v 70 4
v 71 4
v 72 4
v 73 4
v 74 4
v 75 4
v 76 4
v 77 4
v 78 4
v 79 4
v 80 4
v 81 4
v 82 4
v 83 4
v 84 4
v 85 4
v 86 4
v 87 4
v 88 4
v 89 4
v 90 4
e 0 21 2
e 1 24 2
e 2 27 2
e 3 32 1
e 3 80 1
e 4 31 2
e 5 36 1
e 5 37 1
e 6 35 2
e 7 36 2
e 8 18 1
e 8 21 1
e 8 52 1
e 9 15 1
e 9 27 1
e 9 53 1
e 10 24 1
e 10 33 1
e 10 68 1
e 11 28 1
e 11 31 1
e 11 67 1
e 12 29 1
e 12 36 1
e 12 76 1
e 13 14 1
e 13 35 1
e 13 81 1
e 14 84 1
e 14 85 1
e 15 16 1
e 15 21 1
e 15 44 1
e 16 17 1
e 16 45 1
e 16 46 1
e 17 22 1
e 17 23 1
e 17 47 1
e 18 19 1
e 18 24 1
e 18 48 1
e 19 20 1
e 19 49 1
e 19 50 1
e 20 25 1
e 20 26 1
e 20 51 1
e 22 54 1
e 22 55 1
e 22 56 1
e 23 57 1
e 23 58 1
e 23 59 1
e 25 60 1
e 25 61 1
e 25 62 1
e 26 63 1
e 26 64 1
e 26 65 1
e 27 28 1
e 28 30 1
e 28 66 1
e 29 31 1
e 29 32 1
e 29 69 1
e 30 70 1
e 30 71 1
e 30 72 1
e 32 34 1
e 32 73 1
e 33 35 1
e 33 74 1
e 33 75 1
e 34 77 1
e 34 78 1
e 34 79 1
e 37 38 1
e 37 82 1
e 37 83 1
e 38 39 2
e 38 40 1
e 39 41 1
e 39 86 1
e 40 42 2
e 40 87 1
e 41 43 2
e 41 88 1
e 42 43 1
e 42 89 1
e 43 90 1
t # 13920
v 0 12
v 1 1
v 2 1
v 3 1
v 4 1
v 5 2
v 6 2
v 7 3
v 8 3
v 9 3
v 10 3
v 11 3
v 12 4
v 13 4
v 14 4
v 15 4
v 16 4
v 17 4
v 18 4
v 19 4
v 20 4
v 21 4
v 22 4
v 23 4
v 24 4
v 25 4
v 26 4
e 1 24 1
e 2 25 1
e 3 26 1
e 5 7 1
e 5 8 1
e 5 11 1
e 6 9 1
e 6 10 1
e 6 20 1
e 7 9 1
e 7 12 1
e 7 13 1
e 8 10 1
e 8 14 1
e 8 15 1
e 9 16 1
e 9 17 1
e 10 18 1
e 10 19 1
e 11 21 1
e 11 22 1
e 11 23 1
t # 13921
v 0 2
v 1 2
v 2 3
v 3 3
v 4 3
v 5 3
v 6 3
v 7 3
v 8 3
v 9 3
v 10 3
v 11 3
v 12 3
v 13 3
v 14 3
v 15 3
v 16 3
v 17 3
v 18 3
v 19 3
v 20 3
v 21 4
v 22 4
v 23 4
v 24 4
v 25 4
v 26 4
v 27 4
v 28 4
v 29 4
v 30 4
v 31 4
v 32 4
v 33 4
v 34 4
v 35 4
v 36 4
v 37 4
v 38 4
v 39 4
v 40 4
v 41 4
v 42 4
v 43 4
v 44 4
v 45 4
v 46 4
v 47 4
v 48 4
v 49 4
v 50 4
v 51 4
v 52 4
v 53 4
v 54 4
v 55 4
v 56 4
e 0 2 1
e 0 3 1
e 0 4 1
e 0 7 1
e 1 2 1
e 1 5 1
e 1 6 1
e 1 8 1
e 2 21 1
e 2 22 1
e 3 5 1
e 3 23 1
e 3 24 1
e 4 6 1
e 4 25 1
e 4 26 1
e 5 27 1
e 5 28 1
e 6 29 1
e 6 30 1
e 7 9 1
e 7 31 1
e 7 32 1
e 8 10 1
e 8 33 1
e 8 34 1
e 9 11 1
e 9 35 1
e 9 36 1
e 10 12 1
e 10 37 1
e 10 38 1
e 11 13 1
e 11 14 1
e 11 39 1
e 12 15 1
e 12 16 1
e 12 40 1
e 13 17 1
e 13 41 1
e 13 42 1
e 14 18 1
e 14 43 1
e 14 44 1
e 15 19 1
e 15 45 1
e 15 46 1
e 16 20 1
e 16 47 1
e 16 48 1
e 17 18 1
e 17 49 1
e 17 50 1
e 18 51 1
e 18 52 1
e 19 20 1
e 19 53 1
e 19 54 1
e 20 55 1
e 20 56 1
t # 13922
v 0 12
v 1 1
v 2 1
v 3 1
v 4 1
v 5 2
v 6 2
v 7 3
v 8 3
v 9 3
v 10 3
v 11 3
v 12 3
v 13 3
v 14 3
v 15 3
v 16 3
v 17 3
v 18 3
v 19 3
v 20 3
v 21 3
v 22 3
v 23 3
v 24 3
v 25 3
v 26 3
v 27 3
v 28 4
v 29 4
v 30 4
v 31 4
v 32 4
v 33 4
v 34 4
v 35 4
v 36 4
v 37 4
v 38 4
v 39 4
v 40 4
v 41 4
v 42 4
v 43 4
v 44 4
v 45 4
v 46 4
v 47 4
v 48 4
v 49 4
v 50 4
v 51 4
v 52 4
v 53 4
v 54 4
v 55 4
v 56 4
v 57 4
v 58 4
e 1 56 1
e 2 57 1
e 3 58 1
e 5 7 1
e 5 8 1
e 5 9 1
e 5 12 1
e 6 7 1
e 6 10 1
e 6 11 1
e 6 13 1
e 7 28 1
e 7 29 1
e 8 10 1
e 8 30 1
e 8 31 1
e 9 11 1
e 9 32 1
e 9 33 1
e 10 34 1
e 10 35 1
e 11 36 1
e 11 37 1
e 12 14 1
e 12 38 1
e 12 39 1
e 13 15 1
e 13 40 1
e 13 41 1
e 14 16 1
e 14 42 1
e 14 43 1
e 15 17 1
e 15 44 1
e 15 45 1
e 16 18 2
e 16 20 1
e 17 19 2
e 17 21 1
e 18 22 1
e 18 46 1
e 19 23 1
e 19 47 1
e 20 24 2
e 20 48 1
e 21 25 2
e 21 49 1
e 22 26 2
e 22 50 1
e 23 27 2
e 23 51 1
e 24 26 1
e 24 52 1
e 25 27 1
e 25 53 1
e 26 54 1
e 27 55 1
t # 13923
v 0 11
v 1 11
v 2 11
v 3 11
v 4 1
v 5 2
v 6 2
v 7 3
v 8 3
v 9 3
v 10 3
v 11 3
v 12 3
v 13 3
v 14 3
v 15 3
v 16 3
v 17 3
v 18 3
v 19 3
v 20 3
v 21 3
v 22 3
v 23 3
v 24 3
v 25 4
v 26 4
v 27 4
v 28 4
v 29 4
v 30 4
v 31 4
v 32 4
v 33 4
v 34 4
v 35 4
v 36 4
v 37 4
v 38 4
v 39 4
v 40 4
e 0 9 1
e 0 10 1
e 1 9 1
e 1 11 1
e 2 17 1
e 2 19 1
e 3 22 1
e 4 19 2
e 5 7 1
e 5 8 1
e 5 9 2
e 6 14 1
e 6 15 1
e 6 19 1
e 7 10 1
e 7 25 1
e 7 26 1
e 8 11 1
e 8 12 2
e 10 27 1
e 10 28 1
e 11 13 2
e 12 16 1
e 12 29 1
e 13 18 1
e 13 30 1
e 14 17 1
e 14 20 2
e 15 22 1
e 15 31 1
e 15 32 1
e 16 18 2
e 16 33 1
e 17 21 2
e 18 34 1
e 20 23 1
e 20 35 1
e 21 24 1
e 21 36 1
e 22 37 1
e 22 38 1
e 23 24 2
e 23 39 1
e 24 40 1
t # 13924
v 0 1
v 1 1
v 2 1
v 3 1
v 4 2
v 5 3
v 6 3
v 7 3
v 8 3
v 9 3
v 10 3
v 11 3
v 12 4
v 13 4
v 14 4
v 15 4
v 16 4
v 17 4
v 18 4
v 19 4
v 20 4
v 21 4
v 22 4
v 23 4
v 24 4
v 25 4
v 26 4
e 0 6 1
e 0 8 1
e 1 7 1
e 1 19 1
e 2 8 1
e 2 11 1
e 3 9 1
e 3 23 1
e 4 5 1
e 4 10 1
e 4 18 1
e 5 6 1
e 5 7 1
e 5 12 1
e 6 9 1
e 6 13 1
e 7 8 1
e 7 14 1
e 8 15 1
e 9 16 1
e 9 17 1
e 10 20 1
e 10 21 1
e 10 22 1
e 11 24 1
e 11 25 1
e 11 26 1
t # 13925
v 0 11
v 1 2
v 2 3
v 3 3
v 4 3
v 5 3
v 6 3
v 7 3
v 8 3
v 9 3
v 10 3
v 11 4
v 12 4
v 13 4
v 14 4
v 15 4
v 16 4
v 17 4
v 18 4
v 19 4
v 20 4
v 21 4
v 22 4
v 23 4
e 0 2 1
e 0 3 1
e 1 5 1
e 1 22 1
e 1 23 1
e 2 6 2
e 2 7 1
e 3 5 1
e 3 11 1
e 3 12 1
e 4 8 2
e 4 9 1
e 4 10 1
e 5 13 1
e 5 14 1
e 6 8 1
e 6 15 1
e 7 9 2
e 7 16 1
e 8 17 1
e 9 18 1
e 10 19 1
e 10 20 1
e 10 21 1
t # 13926
v 0 18
v 1 11
v 2 2
v 3 3
v 4 3
v 5 3
v 6 3
v 7 3
v 8 3
v 9 3
v 10 3
v 11 3
v 12 4
v 13 4
v 14 4
v 15 4
v 16 4
v 17 4
v 18 4
v 19 4
v 20 4
v 21 4
v 22 4
v 23 4
e 1 4 1
e 1 6 1
e 2 5 1
e 2 20 1
e 2 21 1
e 3 4 1
e 3 5 1
e 3 12 1
e 3 13 1
e 4 14 1
e 4 15 1
e 5 16 1
e 5 17 1
e 6 7 2
e 6 8 1
e 7 9 1
e 7 18 1
e 8 10 2
e 8 19 1
e 9 11 2
e 9 22 1
e 10 11 1
e 10 23 1
t # 13927
v 0 8
v 1 1
v 2 1
v 3 1
v 4 2
v 5 3
v 6 3
v 7 3
v 8 3
v 9 3
v 10 3
v 11 3
v 12 3
v 13 3
v 14 3
v 15 3
v 16 3
v 17 3
v 18 3
v 19 3
v 20 3
v 21 3
v 22 3
v 23 3
v 24 3
v 25 3
v 26 3
v 27 3
v 28 3
v 29 3
v 30 3
v 31 3
v 32 3
v 33 3
v 34 4
v 35 4
v 36 4
v 37 4
v 38 4
v 39 4
v 40 4
v 41 4
v 42 4
v 43 4
v 44 4
v 45 4
v 46 4
v 47 4
v 48 4
v 49 4
v 50 4
v 51 4
v 52 4
v 53 4
v 54 4
v 55 4
v 56 4
v 57 4
e 1 10 2
e 2 11 2
e 3 30 1
e 3 33 1
e 4 10 1
e 4 11 1
e 4 18 1
e 5 6 1
e 5 10 1
e 6 11 1
e 6 34 1
e 6 35 1
e 7 12 2
e 7 15 1
e 8 13 2
e 8 16 1
e 9 14 2
e 9 17 1
e 12 19 1
e 12 36 1
e 13 20 1
e 13 37 1
e 14 21 1
e 14 38 1
e 15 22 2
e 15 39 1
e 16 23 2
e 16 40 1
e 17 24 2
e 17 41 1
e 18 28 2
e 18 29 1
e 19 25 2
e 19 42 1
e 20 26 2
e 20 43 1
e 21 27 2
e 21 44 1
e 22 25 1
e 22 45 1
e 23 26 1
e 23 46 1
e 24 27 1
e 24 47 1
e 25 48 1
e 26 49 1
e 27 50 1
e 28 30 1
e 28 51 1
e 29 31 2
e 29 52 1
e 30 32 2
e 31 32 1
e 31 53 1
e 32 54 1
e 33 55 1
e 33 56 1
e 33 57 1
t # 13928
v 0 1
v 1 1
v 2 1
v 3 1
v 4 2
v 5 2
v 6 3
v 7 3
v 8 3
v 9 3
v 10 3
v 11 3
v 12 3
v 13 3
v 14 3
v 15 3
v 16 3
v 17 3
v 18 3
v 19 3
v 20 3
v 21 3
v 22 3
v 23 3
v 24 3
v 25 3
v 26 4
v 27 4
v 28 4
v 29 4
v 30 4
v 31 4
v 32 4
v 33 4
v 34 4
v 35 4
v 36 4
v 37 4
e 0 18 2
e 1 20 2
e 4 6 1
e 4 7 1
e 4 26 1
e 5 10 1
e 6 10 2
e 6 13 1
e 7 9 1
e 7 15 2
e 8 10 1
e 8 11 1
e 8 16 2
e 9 12 1
e 9 17 2
e 11 14 1
e 11 19 2
e 12 18 1
e 12 21 2
e 13 14 2
e 13 27 1
e 14 28 1
e 15 20 1
e 15 29 1
e 16 22 1
e 16 30 1
e 17 23 1
e 17 31 1
e 18 20 1
e 19 24 1
e 19 32 1
e 21 25 1
e 21 33 1
e 22 24 2
e 22 34 1
e 23 25 2
e 23 35 1
e 24 36 1
e 25 37 1
t # 13929
v 0 1
v 1 1
v 2 1
v 3 1
v 4 2
v 5 2
v 6 3
v 7 3
v 8 3
v 9 3
v 10 3
v 11 3
v 12 3
v 13 3
v 14 3
v 15 3
v 16 3
v 17 3
v 18 3
v 19 3
v 20 3
v 21 3
v 22 3
v 23 3
v 24 3
v 25 3
v 26 3
v 27 3
v 28 3
v 29 3
v 30 3
v 31 3
v 32 3
v 33 3
v 34 3
v 35 3
v 36 3
v 37 3
v 38 3
v 39 3
v 40 4
v 41 4
v 42 4
v 43 4
v 44 4
v 45 4
v 46 4
v 47 4
v 48 4
v 49 4
v 50 4
v 51 4
v 52 4
v 53 4
v 54 4
v 55 4
v 56 4
v 57 4
v 58 4
v 59 4
v 60 4
v 61 4
v 62 4
v 63 4
v 64 4
v 65 4
v 66 4
v 67 4
v 68 4
v 69 4
v 70 4
v 71 4
v 72 4
v 73 4
v 74 4
v 75 4
v 76 4
v 77 4
v 78 4
v 79 4
v 80 4
v 81 4
v 82 4
v 83 4
v 84 4
v 85 4
v 86 4
v 87 4
v 88 4
v 89 4
v 90 4
v 91 4
e 0 16 1
e 0 36 1
e 1 17 1
e 1 37 1
e 2 16 2
e 3 17 2
e 4 12 1
e 4 18 1
e 4 19 1
e 5 13 1
e 5 20 1
e 5 21 1
e 6 8 1
e 6 12 1
e 6 14 1
e 6 16 1
e 7 9 1
e 7 13 1
e 7 15 1
e 7 17 1
e 8 10 1
e 8 40 1
e 8 41 1
e 9 11 1
e 9 42 1
e 9 43 1
e 10 11 1
e 10 44 1
e 10 45 1
e 11 46 1
e 11 47 1
e 12 48 1
e 12 49 1
e 13 50 1
e 13 51 1
e 14 22 2
e 14 24 1
e 15 23 2
e 15 25 1
e 18 26 1
e 18 52 1
e 18 53 1
e 19 27 1
e 19 54 1
e 19 55 1
e 20 28 1
e 20 56 1
e 20 57 1
e 21 29 1
e 21 58 1
e 21 59 1
e 22 30 1
e 22 60 1
e 23 31 1
e 23 61 1
e 24 32 2
e 24 62 1
e 25 33 2
e 25 63 1
e 26 64 1
e 26 65 1
e 26 66 1
e 27 67 1
e 27 68 1
e 27 69 1
e 28 70 1
e 28 71 1
e 28 72 1
e 29 73 1
e 29 74 1
e 29 75 1
e 30 34 2
e 30 76 1
e 31 35 2
e 31 77 1
e 32 34 1
e 32 78 1
e 33 35 1
e 33 79 1
e 34 80 1
e 35 81 1
e 36 38 1
e 36 82 1
e 36 83 1
e 37 39 1
e 37 84 1
e 37 85 1
e 38 86 1
e 38 87 1
e 38 88 1
e 39 89 1
e 39 90 1
e 39 91 1
t # 13930
v 0 11
v 1 11
v 2 1
v 3 1
v 4 1
v 5 1
v 6 1
v 7 1
v 8 3
v 9 3
v 10 3
v 11 3
v 12 3
v 13 3
v 14 3
v 15 3
v 16 3
v 17 3
v 18 3
v 19 3
v 20 3
v 21 3
v 22 3
v 23 3
v 24 3
v 25 3
v 26 3
v 27 3
v 28 3
v 29 3
v 30 3
v 31 3
v 32 3
v 33 3
v 34 3
v 35 3
v 36 3
v 37 3
v 38 3
v 39 3
v 40 4
v 41 4
v 42 4
v 43 4
v 44 4
v 45 4
v 46 4
v 47 4
v 48 4
v 49 4
v 50 4
v 51 4
v 52 4
v 53 4
v 54 4
v 55 4
v 56 4
v 57 4
v 58 4
v 59 4
v 60 4
v 61 4
v 62 4
v 63 4
v 64 4
v 65 4
v 66 4
v 67 4
e 0 4 2
e 0 5 2
e 0 26 1
e 1 6 2
e 1 7 2
e 1 27 1
e 2 16 1
e 3 17 1
e 8 10 1
e 8 12 1
e 8 13 1
e 8 40 1
e 9 11 1
e 9 14 1
e 9 15 1
e 9 41 1
e 10 11 2
e 10 16 1
e 11 17 1
e 12 14 1
e 12 18 2
e 13 15 1
e 13 19 2
e 14 20 2
e 15 21 2
e 16 42 1
e 16 43 1
e 17 44 1
e 17 45 1
e 18 22 1
e 18 46 1
e 19 23 1
e 19 47 1
e 20 24 1
e 20 48 1
e 21 25 1
e 21 49 1
e 22 24 2
e 22 50 1
e 23 25 2
e 23 51 1
e 24 52 1
e 25 53 1
e 26 28 2
e 26 30 1
e 27 29 2
e 27 31 1
e 28 32 1
e 28 54 1
e 29 33 1
e 29 55 1
e 30 34 2
e 30 56 1
e 31 35 2
e 31 57 1
e 32 36 2
e 32 58 1
e 33 37 2
e 33 59 1
e 34 36 1
e 34 60 1
e 35 37 1
e 35 61 1
e 36 38 1
e 37 39 1
e 38 62 1
e 38 63 1
e 38 64 1
e 39 65 1
e 39 66 1
e 39 67 1
t # 13931
v 0 11
v 1 1
v 2 1
v 3 1
v 4 2
v 5 3
v 6 3
v 7 3
v 8 3
v 9 3
v 10 3
v 11 3
v 12 3
v 13 3
v 14 3
v 15 3
v 16 4
v 17 4
v 18 4
v 19 4
v 20 4
v 21 4
v 22 4
e 0 2 2
e 0 3 2
e 0 7 1
e 1 22 1
e 5 6 1
e 5 7 1
e 5 9 2
e 6 10 1
e 6 11 2
e 7 8 2
e 8 12 1
e 8 16 1
e 9 13 1
e 9 17 1
e 10 12 2
e 10 18 1
e 11 14 1
e 11 15 1
e 12 19 1
e 13 14 2
e 13 20 1
e 14 21 1
t # 13932
v 0 1
v 1 1
v 2 1
v 3 3
v 4 3
v 5 3
v 6 3
v 7 3
v 8 3
v 9 3
v 10 3
v 11 3
v 12 4
v 13 4
v 14 4
v 15 4
v 16 4
v 17 4
v 18 4
v 19 4
v 20 4
v 21 4
v 22 4
v 23 4
v 24 4
v 25 4
e 0 3 1
e 0 4 1
e 1 11 1
e 1 25 1
e 2 11 2
e 3 4 1
e 3 5 1
e 3 6 1
e 4 10 1
e 4 11 1
e 5 7 1
e 5 12 1
e 5 13 1
e 6 8 1
e 6 14 1
e 6 15 1
e 7 9 1
e 7 16 1
e 7 17 1
e 8 9 1
e 8 18 1
e 8 19 1
e 9 20 1
e 9 21 1
e 10 22 1
e 10 23 1
e 10 24 1
t # 13933
v 0 1
v 1 1
v 2 1
v 3 3
v 4 3
v 5 3
v 6 3
v 7 3
v 8 4
v 9 4
v 10 4
v 11 4
v 12 4
v 13 4
v 14 4
v 15 4
e 0 3 1
e 0 4 1
e 1 7 1
e 1 15 1
e 2 7 2
e 3 4 1
e 3 5 1
e 3 6 1
e 4 7 1
e 4 8 1
e 5 9 1
e 5 10 1
e 5 11 1
e 6 12 1
e 6 13 1
e 6 14 1
t # 13934
v 0 11
v 1 1
v 2 1
v 3 1
v 4 1
v 5 1
v 6 1
v 7 2
v 8 2
v 9 2
v 10 3
v 11 3
v 12 3
v 13 3
v 14 3
v 15 3
v 16 3
v 17 3
v 18 3
v 19 3
v 20 3
v 21 3
v 22 3
v 23 3
v 24 3
v 25 3
v 26 3
v 27 3
v 28 3
v 29 3
v 30 3
v 31 3
v 32 3
v 33 3
v 34 3
v 35 3
v 36 3
v 37 3
v 38 3
v 39 4
v 40 4
v 41 4
v 42 4
v 43 4
v 44 4
v 45 4
v 46 4
v 47 4
v 48 4
v 49 4
v 50 4
v 51 4
v 52 4
v 53 4
v 54 4
v 55 4
v 56 4
v 57 4
v 58 4
v 59 4
v 60 4
v 61 4
v 62 4
v 63 4
v 64 4
v 65 4
v 66 4
v 67 4
v 68 4
v 69 4
e 0 10 1
e 0 14 1
e 1 22 2
e 2 24 2
e 3 37 1
e 3 68 1
e 4 37 2
e 5 38 1
e 5 69 1
e 6 38 2
e 7 15 1
e 7 24 1
e 7 48 1
e 8 22 1
e 8 36 1
e 8 63 1
e 9 32 1
e 9 66 1
e 9 67 1
e 10 11 1
e 10 12 1
e 10 13 1
e 11 16 2
e 11 19 1
e 12 17 2
e 12 20 1
e 13 18 2
e 13 21 1
e 14 15 1
e 14 39 1
e 14 40 1
e 15 22 1
e 15 41 1
e 16 26 1
e 16 42 1
e 17 27 1
e 17 43 1
e 18 28 1
e 18 44 1
e 19 29 2
e 19 45 1
e 20 30 2
e 20 46 1
e 21 31 2
e 21 47 1
e 23 24 1
e 23 25 1
e 23 49 1
e 23 50 1
e 25 32 1
e 25 51 1
e 25 52 1
e 26 33 2
e 26 53 1
e 27 34 2
e 27 54 1
e 28 35 2
e 28 55 1
e 29 33 1
e 29 56 1
e 30 34 1
e 30 57 1
e 31 35 1
e 31 58 1
e 32 37 1
e 32 59 1
e 33 60 1
e 34 61 1
e 35 62 1
e 36 38 1
e 36 64 1
e 36 65 1
t # 13935
v 0 1
v 1 1
v 2 1
v 3 1
v 4 1
v 5 1
v 6 1
v 7 1
v 8 1
v 9 1
v 10 1
v 11 1
v 12 1
v 13 1
v 14 1
v 15 1
v 16 1
v 17 3
v 18 3
v 19 3
v 20 3
v 21 3
v 22 3
v 23 3
v 24 3
v 25 3
v 26 3
v 27 3
v 28 3
v 29 3
v 30 3
v 31 3
v 32 3
v 33 3
v 34 3
v 35 3
v 36 3
v 37 3
v 38 3
v 39 3
v 40 3
v 41 3
v 42 3
v 43 3
v 44 3
v 45 3
v 46 3
v 47 3
v 48 3
v 49 3
v 50 3
v 51 3
v 52 3
v 53 3
v 54 3
v 55 3
v 56 3
v 57 3
v 58 3
v 59 4
v 60 4
v 61 4
v 62 4
v 63 4
v 64 4
v 65 4
v 66 4
v 67 4
v 68 4
v 69 4
v 70 4
v 71 4
v 72 4
v 73 4
v 74 4
v 75 4
v 76 4
v 77 4
v 78 4
v 79 4
v 80 4
v 81 4
v 82 4
v 83 4
v 84 4
v 85 4
v 86 4
v 87 4
v 88 4
v 89 4
v 90 4
v 91 4
v 92 4
v 93 4
v 94 4
v 95 4
v 96 4
v 97 4
v 98 4
v 99 4
v 100 4
v 101 4
v 102 4
v 103 4
v 104 4
v 105 4
v 106 4
v 107 4
v 108 4
v 109 4
v 110 4
v 111 4
v 112 4
v 113 4
v 114 4
v 115 4
v 116 4
v 117 4
v 118 4
v 119 4
v 120 4
v 121 4
v 122 4
v 123 4
v 124 4
e 0 34 1
e 0 100 1
e 1 36 1
e 1 101 1
e 2 37 1
e 2 102 1
e 3 43 1
e 3 47 1
e 4 44 1
e 4 48 1
e 5 43 2
e 6 44 2
e 7 47 1
e 7 53 1
e 8 48 1
e 8 54 1
e 9 49 1
e 9 113 1
e 10 50 1
e 10 114 1
e 11 51 1
e 11 119 1
e 12 52 1
e 12 120 1
e 13 55 1
e 13 121 1
e 14 56 1
e 14 122 1
e 15 57 1
e 15 123 1
e 16 58 1
e 16 124 1
e 17 18 1
e 17 20 1
e 17 22 1
e 17 31 1
e 18 19 1
e 18 27 1
e 18 59 1
e 19 21 1
e 19 29 1
e 19 35 1
e 20 23 1
e 20 28 1
e 20 36 1
e 21 24 1
e 21 26 1
e 21 60 1
e 22 24 1
e 22 61 1
e 22 62 1
e 23 25 1
e 23 33 2
e 24 63 1
e 24 64 1
e 25 30 1
e 25 38 1
e 25 65 1
e 26 34 1
e 26 42 1
e 26 43 1
e 27 33 1
e 27 66 1
e 27 67 1
e 28 32 1
e 28 68 1
e 28 69 1
e 29 37 1
e 29 70 1
e 29 71 1
e 30 32 1
e 30 39 1
e 30 44 1
e 31 72 1
e 31 73 1
e 31 74 1
e 32 75 1
e 32 76 1
e 33 77 1
e 34 37 1
e 34 78 1
e 35 79 1
e 35 80 1
e 35 81 1
e 36 82 1
e 36 83 1
e 37 84 1
e 38 40 1
e 38 85 1
e 38 86 1
e 39 41 1
e 39 87 1
e 39 88 1
e 40 41 1
e 40 45 1
e 40 46 1
e 41 89 1
e 41 90 1
e 42 91 1
e 42 92 1
e 42 93 1
e 45 94 1
e 45 95 1
e 45 96 1
e 46 97 1
e 46 98 1
e 46 99 1
e 47 49 1
e 47 103 1
e 48 50 1
e 48 104 1
e 49 51 1
e 49 105 1
e 50 52 1
e 50 106 1
e 51 55 1
e 51 107 1
e 52 56 1
e 52 108 1
e 53 55 1
e 53 57 1
e 53 109 1
e 54 56 1
e 54 58 1
e 54 110 1
e 55 111 1
e 56 112 1
e 57 115 1
e 57 116 1
e 58 117 1
e 58 118 1
t # 13936
v 0 11
v 1 1
v 2 1
v 3 1
v 4 1
v 5 1
v 6 1
v 7 2
v 8 2
v 9 2
v 10 2
v 11 2
v 12 3
v 13 3
v 14 3
v 15 3
v 16 3
v 17 3
v 18 3
v 19 3
v 20 3
v 21 3
v 22 3
v 23 3
v 24 3
v 25 3
v 26 3
v 27 3
v 28 3
v 29 3
v 30 3
v 31 3
v 32 3
v 33 3
v 34 3
v 35 4
v 36 4
v 37 4
v 38 4
v 39 4
v 40 4
v 41 4
v 42 4
v 43 4
v 44 4
v 45 4
v 46 4
v 47 4
v 48 4
v 49 4
v 50 4
v 51 4
v 52 4
v 53 4
v 54 4
v 55 4
e 0 5 2
e 0 6 2
e 0 30 1
e 1 15 2
e 2 25 1
e 2 54 1
e 3 25 2
e 4 55 1
e 7 9 1
e 7 15 1
e 7 20 1
e 8 17 1
e 8 23 1
e 8 24 1
e 9 16 2
e 12 13 1
e 12 15 1
e 12 16 1
e 12 35 1
e 13 14 1
e 13 36 1
e 13 37 1
e 14 18 2
e 14 19 1
e 16 25 1
e 17 21 2
e 17 22 1
e 18 21 1
e 18 38 1
e 19 22 2
e 19 39 1
e 20 26 2
e 20 27 1
e 21 40 1
e 22 41 1
e 23 28 1
e 23 42 1
e 23 43 1
e 24 29 1
e 24 44 1
e 24 45 1
e 26 30 1
e 26 46 1
e 27 31 2
e 27 47 1
e 28 33 1
e 28 48 1
e 28 49 1
e 29 34 1
e 29 50 1
e 29 51 1
e 30 32 2
e 31 32 1
e 31 52 1
e 32 53 1
t # 13937
v 0 1
v 1 1
v 2 1
v 3 1
v 4 3
v 5 3
v 6 3
v 7 3
v 8 3
v 9 3
v 10 3
v 11 3
v 12 3
v 13 3
v 14 3
v 15 3
v 16 3
v 17 3
v 18 3
v 19 3
v 20 3
v 21 3
v 22 3
v 23 3
v 24 3
v 25 3
v 26 3
v 27 3
v 28 3
v 29 3
v 30 4
v 31 4
v 32 4
v 33 4
v 34 4
v 35 4
v 36 4
v 37 4
v 38 4
v 39 4
v 40 4
v 41 4
v 42 4
v 43 4
v 44 4
v 45 4
v 46 4
v 47 4
v 48 4
v 49 4
v 50 4
v 51 4
v 52 4
v 53 4
v 54 4
v 55 4
v 56 4
v 57 4
v 58 4
v 59 4
v 60 4
v 61 4
e 0 13 2
e 1 14 2
e 2 15 2
e 3 16 2
e 4 5 1
e 4 6 1
e 4 17 1
e 4 30 1
e 5 13 1
e 5 14 1
e 5 31 1
e 6 15 1
e 6 16 1
e 6 32 1
e 7 9 1
e 7 10 1
e 7 18 1
e 7 19 1
e 8 11 1
e 8 12 1
e 8 20 1
e 8 21 1
e 9 13 1
e 9 33 1
e 9 34 1
e 10 14 1
e 10 35 1
e 10 36 1
e 11 15 1
e 11 37 1
e 11 38 1
e 12 16 1
e 12 39 1
e 12 40 1
e 17 22 2
e 17 24 1
e 18 41 1
e 18 42 1
e 18 43 1
e 19 44 1
e 19 45 1
e 19 46 1
e 20 47 1
e 20 48 1
e 20 49 1
e 21 50 1
e 21 51 1
e 21 52 1
e 22 23 1
e 22 53 1
e 23 25 2
e 23 26 1
e 24 29 2
e 24 54 1
e 25 27 1
e 25 29 1
e 26 28 1
e 26 55 1
e 26 56 1
e 27 28 1
e 27 57 1
e 27 58 1
e 28 59 1
e 28 60 1
e 29 61 1
t # 13938
v 0 1
v 1 1
v 2 2
v 3 2
v 4 2
v 5 2
v 6 3
v 7 3
v 8 3
v 9 3
v 10 3
v 11 3
v 12 3
v 13 3
v 14 3
v 15 3
v 16 3
v 17 3
v 18 3
v 19 3
v 20 3
v 21 3
v 22 3
v 23 3
v 24 3
v 25 3
v 26 3
v 27 3
v 28 4
v 29 4
v 30 4
v 31 4
v 32 4
v 33 4
v 34 4
v 35 4
v 36 4
v 37 4
v 38 4
v 39 4
v 40 4
v 41 4
v 42 4
v 43 4
v 44 4
v 45 4
v 46 4
v 47 4
v 48 4
v 49 4
v 50 4
v 51 4
v 52 4
v 53 4
v 54 4
v 55 4
v 56 4
v 57 4
v 58 4
v 59 4
v 60 4
v 61 4
v 62 4
v 63 4
v 64 4
v 65 4
e 0 13 2
e 1 22 2
e 2 6 1
e 2 7 1
e 2 11 1
e 3 13 1
e 3 17 1
e 3 52 1
e 4 19 1
e 4 22 1
e 4 55 1
e 5 21 1
e 5 23 1
e 5 24 1
e 6 8 1
e 6 28 1
e 6 29 1
e 7 9 1
e 7 30 1
e 7 31 1
e 8 10 1
e 8 32 1
e 8 33 1
e 9 10 1
e 9 34 1
e 9 35 1
e 10 36 1
e 10 37 1
e 11 12 1
e 11 38 1
e 11 39 1
e 12 13 1
e 12 40 1
e 12 41 1
e 14 15 1
e 14 16 1
e 14 42 1
e 14 43 1
e 15 17 1
e 15 44 1
e 15 45 1
e 16 18 1
e 16 46 1
e 16 47 1
e 17 48 1
e 17 49 1
e 18 19 1
e 18 50 1
e 18 51 1
e 19 53 1
e 19 54 1
e 20 21 1
e 20 22 1
e 20 56 1
e 20 57 1
e 21 58 1
e 21 59 1
e 23 25 1
e 23 60 1
e 23 61 1
e 24 26 2
e 24 62 1
e 25 27 2
e 25 63 1
e 26 27 1
e 26 64 1
e 27 65 1
t # 13939
v 0 11
v 1 1
v 2 1
v 3 1
v 4 1
v 5 1
v 6 1
v 7 2
v 8 2
v 9 2
v 10 3
v 11 3
v 12 3
v 13 3
v 14 3
v 15 3
v 16 3
v 17 3
v 18 4
v 19 4
v 20 4
v 21 4
v 22 4
v 23 4
v 24 4
v 25 4
v 26 4
v 27 4
v 28 4
e 0 15 1
e 1 12 1
e 1 13 1
e 2 10 1
e 2 24 1
e 3 11 1
e 3 25 1
e 4 14 1
e 4 27 1
e 7 12 1
e 7 15 1
e 7 16 1
e 8 16 2
e 8 17 1
e 9 17 1
e 10 11 1
e 10 12 1
e 10 18 1
e 11 13 1
e 11 19 1
e 12 20 1
e 13 14 1
e 13 21 1
e 14 22 1
e 14 23 1
e 15 17 2
e 16 26 1
t # 13940
v 0 12
v 1 12
v 2 12
v 3 12
v 4 1
v 5 1
v 6 3
v 7 3
v 8 3
v 9 3
v 10 3
v 11 3
v 12 3
v 13 3
v 14 3
v 15 3
v 16 3
v 17 3
v 18 3
v 19 3
v 20 4
v 21 4
v 22 4
v 23 4
v 24 4
v 25 4
v 26 4
v 27 4
v 28 4
v 29 4
v 30 4
v 31 4
v 32 4
v 33 4
v 34 4
v 35 4
v 36 4
v 37 4
e 0 8 1
e 1 9 1
e 2 14 1
e 3 15 1
e 4 10 1
e 4 16 1
e 5 10 1
e 5 17 1
e 6 7 1
e 6 8 1
e 6 11 1
e 6 20 1
e 7 9 1
e 7 12 1
e 7 21 1
e 8 10 1
e 8 14 1
e 9 10 1
e 9 15 1
e 11 13 1
e 11 22 1
e 11 23 1
e 12 13 1
e 12 24 1
e 12 25 1
e 13 26 1
e 13 27 1
e 14 15 2
e 16 18 1
e 16 28 1
e 16 29 1
e 17 19 1
e 17 30 1
e 17 31 1
e 18 32 1
e 18 33 1
e 18 34 1
e 19 35 1
e 19 36 1
e 19 37 1
t # 13941
v 0 1
v 1 1
v 2 1
v 3 1
v 4 1
v 5 1
v 6 3
v 7 3
v 8 3
v 9 3
v 10 3
v 11 3
v 12 4
v 13 4
v 14 4
v 15 4
v 16 4
v 17 4
v 18 4
v 19 4
v 20 4
v 21 4
e 0 8 1
e 0 18 1
e 1 9 1
e 1 19 1
e 2 10 1
e 2 20 1
e 3 11 1
e 3 21 1
e 4 10 2
e 5 11 2
e 6 7 1
e 6 8 1
e 6 10 1
e 6 12 1
e 7 9 1
e 7 11 1
e 7 13 1
e 8 14 1
e 8 15 1
e 9 16 1
e 9 17 1
t # 13942
v 0 1
v 1 2
v 2 3
v 3 3
v 4 3
v 5 3
v 6 3
v 7 3
v 8 3
v 9 3
v 10 3
v 11 3
v 12 3
v 13 3
v 14 3
v 15 3
v 16 3
v 17 3
v 18 3
v 19 3
v 20 3
v 21 4
v 22 4
v 23 4
v 24 4
v 25 4
v 26 4
v 27 4
v 28 4
v 29 4
v 30 4
v 31 4
v 32 4
v 33 4
v 34 4
v 35 4
v 36 4
v 37 4
v 38 4
v 39 4
v 40 4
v 41 4
v 42 4
e 0 6 2
e 1 3 1
e 1 5 1
e 1 7 1
e 1 8 1
e 2 4 1
e 2 6 1
e 2 9 1
e 2 10 1
e 3 4 1
e 3 21 1
e 3 22 1
e 4 23 1
e 4 24 1
e 5 6 1
e 5 25 1
e 5 26 1
e 7 27 1
e 7 28 1
e 7 29 1
e 8 30 1
e 8 31 1
e 8 32 1
e 9 11 2
e 9 13 1
e 10 12 2
e 10 14 1
e 11 15 1
e 11 33 1
e 12 16 1
e 12 34 1
e 13 17 2
e 13 35 1
e 14 18 2
e 14 36 1
e 15 19 2
e 15 37 1
e 16 20 2
e 16 38 1
e 17 19 1
e 17 39 1
e 18 20 1
e 18 40 1
e 19 41 1
e 20 42 1
t # 13943
v 0 11
v 1 1
v 2 1
v 3 1
v 4 2
v 5 3
v 6 3
v 7 3
v 8 3
v 9 3
v 10 3
v 11 3
v 12 3
v 13 3
v 14 3
v 15 3
v 16 3
v 17 3
v 18 3
v 19 3
v 20 3
v 21 3
v 22 3
v 23 3
v 24 3
v 25 3
v 26 3
v 27 3
v 28 4
v 29 4
v 30 4
v 31 4
v 32 4
v 33 4
v 34 4
v 35 4
v 36 4
v 37 4
v 38 4
v 39 4
v 40 4
v 41 4
v 42 4
v 43 4
v 44 4
v 45 4
v 46 4
v 47 4
v 48 4
v 49 4
v 50 4
e 0 5 1
e 0 9 1
e 1 23 1
e 1 27 1
e 2 26 1
e 2 47 1
e 3 26 2
e 4 16 1
e 4 45 1
e 4 46 1
e 5 6 1
e 5 7 1
e 5 8 1
e 6 10 2
e 6 11 1
e 7 12 2
e 7 14 1
e 8 13 2
e 8 15 1
e 9 16 1
e 9 28 1
e 9 29 1
e 10 17 1
e 10 30 1
e 11 18 2
e 11 31 1
e 12 19 1
e 12 32 1
e 13 20 1
e 13 33 1
e 14 21 2
e 14 34 1
e 15 22 2
e 15 35 1
e 16 26 1
e 16 36 1
e 17 23 2
e 17 37 1
e 18 23 1
e 18 38 1
e 19 24 2
e 19 39 1
e 20 25 2
e 20 40 1
e 21 24 1
e 21 41 1
e 22 25 1
e 22 42 1
e 24 43 1
e 25 44 1
e 27 48 1
e 27 49 1
e 27 50 1
t # 13944
v 0 2
v 1 2
v 2 2
v 3 3
v 4 3
v 5 3
v 6 4
v 7 4
v 8 4
v 9 4
v 10 4
v 11 4
v 12 4
e 0 1 1
e 0 3 1
e 0 9 1
e 1 4 1
e 1 10 1
e 2 4 1
e 2 11 1
e 2 12 1
e 3 5 1
e 3 6 1
e 3 7 1
e 4 5 2
e 5 8 1
t # 13945
v 0 1
v 1 2
v 2 3
v 3 3
v 4 3
v 5 3
v 6 3
v 7 3
v 8 3
v 9 3
v 10 3
v 11 3
v 12 4
v 13 4
v 14 4
v 15 4
v 16 4
v 17 4
v 18 4
v 19 4
v 20 4
v 21 4
v 22 4
e 0 6 2
e 1 2 1
e 1 4 1
e 1 7 1
e 2 3 1
e 2 12 1
e 2 13 1
e 3 6 1
e 3 14 1
e 3 15 1
e 4 5 1
e 4 8 2
e 5 6 1
e 5 9 2
e 7 16 1
e 7 17 1
e 7 18 1
e 8 10 1
e 8 19 1
e 9 11 1
e 9 20 1
e 10 11 2
e 10 21 1
e 11 22 1
t # 13946
v 0 1
v 1 1
v 2 1
v 3 2
v 4 3
v 5 3
v 6 3
v 7 3
v 8 3
v 9 3
v 10 3
v 11 3
v 12 3
v 13 3
v 14 3
v 15 3
v 16 3
v 17 4
v 18 4
v 19 4
v 20 4
v 21 4
v 22 4
v 23 4
v 24 4
v 25 4
v 26 4
v 27 4
v 28 4
v 29 4
v 30 4
v 31 4
v 32 4
v 33 4
v 34 4
v 35 4
v 36 4
v 37 4
e 0 9 1
e 0 14 1
e 1 10 1
e 1 15 1
e 2 11 1
e 2 16 1
e 3 5 1
e 3 12 1
e 3 13 1
e 4 5 1
e 4 6 1
e 4 17 1
e 4 18 1
e 5 19 1
e 5 20 1
e 6 7 2
e 6 8 1
e 7 10 1
e 7 21 1
e 8 9 2
e 8 22 1
e 9 11 1
e 10 11 2
e 12 23 1
e 12 24 1
e 12 25 1
e 13 26 1
e 13 27 1
e 13 28 1
e 14 29 1
e 14 30 1
e 14 31 1
e 15 32 1
e 15 33 1
e 15 34 1
e 16 35 1
e 16 36 1
e 16 37 1
t # 13947
v 0 1
v 1 1
v 2 1
v 3 1
v 4 1
v 5 2
v 6 3
v 7 3
v 8 3
v 9 3
v 10 3
v 11 3
v 12 3
v 13 3
v 14 3
v 15 3
v 16 3
v 17 3
v 18 3
v 19 3
v 20 3
v 21 3
v 22 3
v 23 3
v 24 3
v 25 3
v 26 4
v 27 4
v 28 4
v 29 4
v 30 4
v 31 4
v 32 4
v 33 4
v 34 4
v 35 4
v 36 4
v 37 4
v 38 4
v 39 4
v 40 4
v 41 4
v 42 4
v 43 4
v 44 4
e 0 11 1
e 0 35 1
e 1 17 1
e 1 23 1
e 2 18 1
e 2 23 1
e 3 19 1
e 3 24 1
e 4 21 1
e 4 25 1
e 5 6 1
e 5 8 1
e 5 12 1
e 6 7 1
e 6 11 1
e 6 26 1
e 7 10 1
e 7 15 2
e 8 9 1
e 8 27 1
e 8 28 1
e 9 10 1
e 9 29 1
e 9 30 1
e 10 16 2
e 11 13 2
e 12 14 2
e 12 31 1
e 13 14 1
e 13 20 1
e 14 19 1
e 15 17 1
e 15 32 1
e 16 18 1
e 16 33 1
e 17 18 2
e 19 21 2
e 20 22 2
e 20 34 1
e 21 22 1
e 22 36 1
e 23 37 1
e 23 38 1
e 24 39 1
e 24 40 1
e 24 41 1
e 25 42 1
e 25 43 1
e 25 44 1
t # 13948
v 0 1
v 1 2
v 2 3
v 3 3
v 4 3
v 5 3
v 6 3
v 7 3
v 8 3
v 9 3
v 10 3
v 11 3
v 12 3
v 13 3
v 14 3
v 15 3
v 16 3
v 17 3
v 18 3
v 19 3
v 20 3
v 21 3
v 22 3
v 23 4
v 24 4
v 25 4
v 26 4
v 27 4
v 28 4
v 29 4
v 30 4
v 31 4
v 32 4
v 33 4
v 34 4
v 35 4
v 36 4
v 37 4
v 38 4
v 39 4
e 0 7 2
e 1 2 1
e 1 7 1
e 1 8 1
e 2 3 1
e 2 5 1
e 2 23 1
e 3 4 1
e 3 24 1
e 3 25 1
e 4 6 1
e 4 9 2
e 5 11 2
e 5 12 1
e 6 7 1
e 6 10 2
e 8 14 2
e 8 15 1
e 9 13 1
e 9 26 1
e 10 16 1
e 10 27 1
e 11 17 1
e 11 28 1
e 12 18 2
e 12 29 1
e 13 16 2
e 13 30 1
e 14 20 1
e 14 31 1
e 15 21 2
e 15 32 1
e 16 33 1
e 17 19 2
e 17 34 1
e 18 19 1
e 18 35 1
e 19 36 1
e 20 22 2
e 20 37 1
e 21 22 1
e 21 38 1
e 22 39 1
t # 13949
v 0 2
v 1 3
v 2 3
v 3 3
v 4 3
v 5 3
v 6 3
v 7 3
v 8 3
v 9 3
v 10 3
v 11 3
v 12 3
v 13 3
v 14 3
v 15 3
v 16 3
v 17 3
v 18 3
v 19 3
v 20 3
v 21 3
v 22 3
v 23 4
v 24 4
v 25 4
v 26 4
v 27 4
v 28 4
v 29 4
v 30 4
v 31 4
v 32 4
v 33 4
v 34 4
v 35 4
v 36 4
v 37 4
v 38 4
v 39 4
v 40 4
v 41 4
v 42 4
v 43 4
e 0 1 1
e 0 4 1
e 0 7 1
e 1 2 1
e 1 5 1
e 1 6 1
e 2 3 1
e 2 23 1
e 2 24 1
e 3 4 1
e 3 25 1
e 3 26 1
e 4 27 1
e 4 28 1
e 5 8 2
e 5 10 1
e 6 9 2
e 6 11 1
e 7 12 2
e 7 13 1
e 8 14 1
e 8 29 1
e 9 15 1
e 9 30 1
e 10 16 2
e 10 31 1
e 11 17 2
e 11 32 1
e 12 20 1
e 12 33 1
e 13 21 2
e 13 34 1
e 14 18 2
e 14 35 1
e 15 19 2
e 15 36 1
e 16 18 1
e 16 37 1
e 17 19 1
e 17 38 1
e 18 39 1
e 19 40 1
e 20 22 2
e 20 41 1
e 21 22 1
e 21 42 1
e 22 43 1
t # 13950
v 0 27
v 1 1
v 2 1
v 3 2
v 4 3
v 5 3
v 6 3
v 7 3
v 8 3
v 9 3
v 10 3
v 11 3
v 12 3
v 13 3
v 14 3
v 15 3
v 16 3
v 17 3
v 18 3
v 19 3
v 20 3
v 21 4
v 22 4
v 23 4
v 24 4
v 25 4
v 26 4
v 27 4
v 28 4
v 29 4
v 30 4
v 31 4
v 32 4
v 33 4
v 34 4
v 35 4
v 36 4
v 37 4
v 38 4
e 1 12 1
e 1 19 1
e 2 12 2
e 3 4 1
e 3 12 1
e 3 23 1
e 4 5 1
e 4 6 1
e 4 7 1
e 5 8 2
e 5 10 1
e 6 9 2
e 6 11 1
e 7 21 1
e 7 22 1
e 8 13 1
e 8 24 1
e 9 14 1
e 9 25 1
e 10 15 2
e 10 26 1
e 11 16 2
e 11 27 1
e 13 17 2
e 13 28 1
e 14 18 2
e 14 29 1
e 15 17 1
e 15 30 1
e 16 18 1
e 16 31 1
e 17 32 1
e 18 33 1
e 19 20 1
e 19 34 1
e 19 35 1
e 20 36 1
e 20 37 1
e 20 38 1
t # 13951
v 0 1
v 1 1
v 2 3
v 3 3
v 4 3
v 5 3
v 6 3
v 7 3
v 8 3
v 9 3
v 10 3
v 11 3
v 12 3
v 13 3
v 14 3
v 15 3
v 16 3
v 17 3
v 18 4
v 19 4
v 20 4
v 21 4
v 22 4
v 23 4
v 24 4
v 25 4
v 26 4
v 27 4
v 28 4
v 29 4
v 30 4
v 31 4
e 0 4 1
e 0 26 1
e 1 5 1
e 1 27 1
e 2 4 1
e 2 6 1
e 2 7 1
e 2 18 1
e 3 5 1
e 3 8 1
e 3 9 1
e 3 19 1
e 4 5 1
e 4 20 1
e 5 21 1
e 6 8 1
e 6 10 2
e 7 9 1
e 7 11 2
e 8 12 2
e 9 13 2
e 10 14 1
e 10 22 1
e 11 15 1
e 11 23 1
e 12 16 1
e 12 24 1
e 13 17 1
e 13 25 1
e 14 16 2
e 14 28 1
e 15 17 2
e 15 29 1
e 16 30 1
e 17 31 1
t # 13952
v 0 12
v 1 12
v 2 12
v 3 12
v 4 12
v 5 12
v 6 12
v 7 12
v 8 1
v 9 1
v 10 1
v 11 1
v 12 3
v 13 3
v 14 3
v 15 3
v 16 3
v 17 3
v 18 3
v 19 3
v 20 3
v 21 3
v 22 3
v 23 3
v 24 3
v 25 3
v 26 3
v 27 3
v 28 3
v 29 3
v 30 3
v 31 3
v 32 3
v 33 3
v 34 3
v 35 3
v 36 3
v 37 4
v 38 4
v 39 4
v 40 4
v 41 4
v 42 4
v 43 4
v 44 4
v 45 4
v 46 4
v 47 4
v 48 4
v 49 4
v 50 4
v 51 4
v 52 4
v 53 4
v 54 4
v 55 4
v 56 4
v 57 4
v 58 4
v 59 4
v 60 4
v 61 4
v 62 4
v 63 4
v 64 4
e 0 19 1
e 1 20 1
e 2 21 1
e 3 22 1
e 4 25 1
e 5 26 1
e 6 27 1
e 7 28 1
e 8 23 1
e 8 29 1
e 9 23 1
e 9 30 1
e 10 24 1
e 10 31 1
e 11 24 1
e 11 32 1
e 12 14 1
e 12 16 1
e 12 18 1
e 12 37 1
e 13 15 1
e 13 17 1
e 13 18 1
e 13 38 1
e 14 15 1
e 14 19 1
e 14 39 1
e 15 20 1
e 15 40 1
e 16 17 1
e 16 21 1
e 16 41 1
e 17 22 1
e 17 42 1
e 18 43 1
e 18 44 1
e 19 23 1
e 19 25 1
e 20 23 1
e 20 26 1
e 21 24 1
e 21 27 1
e 22 24 1
e 22 28 1
e 25 26 2
e 27 28 2
e 29 33 1
e 29 45 1
e 29 46 1
e 30 34 1
e 30 47 1
e 30 48 1
e 31 35 1
e 31 49 1
e 31 50 1
e 32 36 1
e 32 51 1
e 32 52 1
e 33 53 1
e 33 54 1
e 33 55 1
e 34 56 1
e 34 57 1
e 34 58 1
e 35 59 1
e 35 60 1
e 35 61 1
e 36 62 1
e 36 63 1
e 36 64 1
t # 13953
v 0 1
v 1 2
v 2 3
v 3 3
v 4 3
v 5 3
v 6 3
v 7 3
v 8 3
v 9 3
v 10 3
v 11 3
v 12 3
v 13 3
v 14 3
v 15 3
v 16 3
v 17 3
v 18 3
v 19 3
v 20 4
v 21 4
v 22 4
v 23 4
v 24 4
v 25 4
v 26 4
v 27 4
v 28 4
v 29 4
v 30 4
v 31 4
v 32 4
v 33 4
v 34 4
v 35 4
v 36 4
v 37 4
v 38 4
v 39 4
v 40 4
v 41 4
e 0 13 2
e 1 5 1
e 1 7 2
e 1 8 1
e 2 3 1
e 2 4 1
e 2 20 1
e 2 21 1
e 3 5 1
e 3 22 1
e 3 23 1
e 4 6 1
e 4 24 1
e 4 25 1
e 5 26 1
e 5 27 1
e 6 9 1
e 6 28 1
e 6 29 1
e 7 11 1
e 7 30 1
e 8 12 2
e 8 31 1
e 9 32 1
e 9 33 1
e 9 34 1
e 10 11 2
e 10 12 1
e 10 13 1
e 11 35 1
e 12 36 1
e 13 14 1
e 14 15 2
e 14 16 1
e 15 17 1
e 15 37 1
e 16 18 2
e 16 38 1
e 17 19 2
e 17 39 1
e 18 19 1
e 18 40 1
e 19 41 1
t # 13954
v 0 2
v 1 2
v 2 3
v 3 3
v 4 3
v 5 3
v 6 3
v 7 3
v 8 3
v 9 3
v 10 3
v 11 3
v 12 3
v 13 3
v 14 4
v 15 4
v 16 4
v 17 4
v 18 4
v 19 4
v 20 4
v 21 4
v 22 4
v 23 4
v 24 4
v 25 4
v 26 4
v 27 4
v 28 4
v 29 4
v 30 4
e 0 5 1
e 0 8 2
e 0 9 1
e 2 3 1
e 2 4 1
e 2 14 1
e 2 15 1
e 3 5 1
e 3 16 1
e 3 17 1
e 4 6 1
e 4 18 1
e 4 19 1
e 5 20 1
e 5 21 1
e 6 7 1
e 6 22 1
e 6 23 1
e 7 24 1
e 7 25 1
e 7 26 1
e 8 10 1
e 8 27 1
e 9 11 2
e 9 28 1
e 10 12 2
e 10 29 1
e 11 12 1
e 11 30 1
e 12 13 1
t # 13955
v 0 2
v 1 2
v 2 3
v 3 3
v 4 3
v 5 3
v 6 3
v 7 3
v 8 3
v 9 3
v 10 3
v 11 3
v 12 4
v 13 4
v 14 4
v 15 4
v 16 4
v 17 4
v 18 4
v 19 4
v 20 4
v 21 4
v 22 4
v 23 4
v 24 4
e 0 3 1
e 0 6 2
e 0 7 1
e 2 3 1
e 2 4 1
e 2 12 1
e 2 13 1
e 3 14 1
e 3 15 1
e 4 5 1
e 4 16 1
e 4 17 1
e 5 18 1
e 5 19 1
e 5 20 1
e 6 8 1
e 6 21 1
e 7 9 2
e 7 22 1
e 8 10 2
e 8 23 1
e 9 10 1
e 9 24 1
e 10 11 1
t # 13956
v 0 1
v 1 2
v 2 3
v 3 3
v 4 3
v 5 3
v 6 3
v 7 3
v 8 3
v 9 3
v 10 3
v 11 3
v 12 3
v 13 3
v 14 3
v 15 3
v 16 3
v 17 3
v 18 4
v 19 4
v 20 4
v 21 4
v 22 4
v 23 4
v 24 4
v 25 4
v 26 4
v 27 4
v 28 4
v 29 4
v 30 4
v 31 4
v 32 4
v 33 4
v 34 4
v 35 4
e 0 11 2
e 1 2 1
e 1 5 1
e 1 7 2
e 2 3 1
e 2 18 1
e 2 19 1
e 3 4 1
e 3 20 1
e 3 21 1
e 4 8 1
e 4 22 1
e 4 23 1
e 5 6 2
e 5 24 1
e 6 9 1
e 6 11 1
e 7 10 1
e 7 25 1
e 8 26 1
e 8 27 1
e 8 28 1
e 9 10 2
e 9 29 1
e 10 30 1
e 11 12 1
e 12 13 2
e 12 14 1
e 13 15 1
e 13 31 1
e 14 16 2
e 14 32 1
e 15 17 2
e 15 33 1
e 16 17 1
e 16 34 1
e 17 35 1
t # 13957
v 0 2
v 1 2
v 2 3
v 3 3
v 4 3
v 5 3
v 6 3
v 7 3
v 8 3
v 9 3
v 10 4
v 11 4
v 12 4
v 13 4
v 14 4
v 15 4
v 16 4
v 17 4
v 18 4
e 0 2 1
e 0 3 2
e 0 4 1
e 2 5 1
e 2 10 1
e 2 11 1
e 3 6 1
e 3 12 1
e 4 7 2
e 4 13 1
e 5 14 1
e 5 15 1
e 5 16 1
e 6 8 2
e 6 17 1
e 7 8 1
e 7 18 1
e 8 9 1
t # 13958
v 0 2
v 1 2
v 2 3
v 3 3
v 4 3
v 5 3
v 6 3
v 7 3
v 8 3
v 9 4
v 10 4
v 11 4
v 12 4
v 13 4
v 14 4
v 15 4
e 0 2 2
e 0 3 1
e 0 4 1
e 2 5 1
e 2 9 1
e 3 6 2
e 3 10 1
e 4 11 1
e 4 12 1
e 4 13 1
e 5 7 2
e 5 14 1
e 6 7 1
e 6 15 1
e 7 8 1
t # 13959
v 0 1
v 1 2
v 2 3
v 3 3
v 4 3
v 5 3
v 6 3
v 7 3
v 8 3
v 9 3
v 10 3
v 11 3
v 12 3
v 13 3
v 14 3
v 15 3
v 16 3
v 17 3
v 18 3
v 19 3
v 20 3
v 21 3
v 22 4
v 23 4
v 24 4
v 25 4
v 26 4
v 27 4
v 28 4
v 29 4
v 30 4
v 31 4
v 32 4
v 33 4
v 34 4
v 35 4
v 36 4
v 37 4
v 38 4
v 39 4
v 40 4
v 41 4
v 42 4
v 43 4
v 44 4
v 45 4
v 46 4
v 47 4
e 0 15 2
e 1 7 1
e 1 9 1
e 1 11 2
e 2 3 1
e 2 4 1
e 2 22 1
e 2 23 1
e 3 5 1
e 3 24 1
e 3 25 1
e 4 6 1
e 4 26 1
e 4 27 1
e 5 7 1
e 5 28 1
e 5 29 1
e 6 8 1
e 6 30 1
e 6 31 1
e 7 32 1
e 7 33 1
e 8 10 1
e 8 34 1
e 8 35 1
e 9 12 2
e 9 36 1
e 10 37 1
e 10 38 1
e 10 39 1
e 11 13 1
e 11 40 1
e 12 14 1
e 12 15 1
e 13 14 2
e 13 41 1
e 14 42 1
e 15 16 1
e 16 17 2
e 16 18 1
e 17 19 1
e 17 43 1
e 18 20 2
e 18 44 1
e 19 21 2
e 19 45 1
e 20 21 1
e 20 46 1
e 21 47 1
t # 13960
v 0 1
v 1 1
v 2 1
v 3 1
v 4 1
v 5 1
v 6 1
v 7 1
v 8 1
v 9 1
v 10 1
v 11 1
v 12 1
v 13 1
v 14 1
v 15 1
v 16 1
v 17 2
v 18 2
v 19 2
v 20 2
v 21 2
v 22 2
v 23 3
v 24 3
v 25 3
v 26 3
v 27 3
v 28 3
v 29 3
v 30 3
v 31 3
v 32 3
v 33 3
v 34 3
v 35 3
v 36 3
v 37 3
v 38 3
v 39 3
v 40 3
v 41 3
v 42 3
v 43 3
v 44 3
v 45 3
v 46 3
v 47 3
v 48 3
v 49 3
v 50 3
v 51 3
v 52 3
v 53 3
v 54 4
v 55 4
v 56 4
v 57 4
v 58 4
v 59 4
v 60 4
v 61 4
v 62 4
v 63 4
v 64 4
v 65 4
v 66 4
v 67 4
v 68 4
v 69 4
v 70 4
v 71 4
v 72 4
v 73 4
v 74 4
v 75 4
v 76 4
v 77 4
v 78 4
v 79 4
v 80 4
v 81 4
v 82 4
v 83 4
v 84 4
v 85 4
v 86 4
v 87 4
v 88 4
v 89 4
e 0 27 1
e 0 29 1
e 1 28 1
e 1 30 1
e 2 23 1
e 2 37 1
e 3 24 1
e 3 38 1
e 4 25 1
e 4 39 1
e 5 26 1
e 5 40 1
e 6 31 1
e 6 45 1
e 7 32 1
e 7 46 1
e 8 35 2
e 9 36 2
e 10 37 2
e 11 38 2
e 12 39 2
e 13 40 2
e 14 45 2
e 15 46 2
e 16 51 2
e 17 29 1
e 17 33 1
e 17 35 1
e 18 30 1
e 18 34 1
e 18 36 1
e 19 35 1
e 19 43 2
e 20 36 1
e 20 44 2
e 21 43 1
e 21 51 1
e 21 82 1
e 22 44 1
e 22 51 1
e 22 83 1
e 23 25 1
e 23 27 1
e 23 54 1
e 24 26 1
e 24 28 1
e 24 55 1
e 25 29 1
e 25 56 1
e 26 30 1
e 26 57 1
e 27 31 1
e 27 58 1
e 28 32 1
e 28 59 1
e 29 60 1
e 30 61 1
e 31 62 1
e 31 63 1
e 32 64 1
e 32 65 1
e 33 41 2
e 33 66 1
e 34 42 2
e 34 67 1
e 37 47 1
e 38 48 1
e 39 49 1
e 40 50 1
e 41 43 1
e 41 68 1
e 42 44 1
e 42 69 1
e 45 52 1
e 46 53 1
e 47 70 1
e 47 71 1
e 47 72 1
e 48 73 1
e 48 74 1
e 48 75 1
e 49 76 1
e 49 77 1
e 49 78 1
e 50 79 1
e 50 80 1
e 50 81 1
e 52 84 1
e 52 85 1
e 52 86 1
e 53 87 1
e 53 88 1
e 53 89 1
t # 13961
v 0 11
v 1 1
v 2 1
v 3 2
v 4 3
v 5 3
v 6 3
v 7 3
v 8 3
v 9 4
v 10 4
v 11 4
v 12 4
v 13 4
v 14 4
v 15 4
v 16 4
v 17 4
v 18 4
v 19 4
e 0 4 1
e 0 5 1
e 1 8 1
e 1 19 1
e 2 8 2
e 3 7 1
e 3 17 1
e 3 18 1
e 4 6 1
e 4 9 1
e 4 10 1
e 5 7 1
e 5 11 1
e 5 12 1
e 6 8 1
e 6 13 1
e 6 14 1
e 7 15 1
e 7 16 1
t # 13962
v 0 11
v 1 1
v 2 1
v 3 1
v 4 3
v 5 3
v 6 3
v 7 3
v 8 3
v 9 3
v 10 3
v 11 3
v 12 3
v 13 3
v 14 3
v 15 3
v 16 3
v 17 3
v 18 3
v 19 3
v 20 3
v 21 3
v 22 3
v 23 3
v 24 3
v 25 3
v 26 3
v 27 4
v 28 4
v 29 4
v 30 4
v 31 4
v 32 4
v 33 4
v 34 4
v 35 4
v 36 4
v 37 4
v 38 4
v 39 4
v 40 4
v 41 4
v 42 4
v 43 4
v 44 4
v 45 4
v 46 4
v 47 4
v 48 4
v 49 4
v 50 4
v 51 4
v 52 4
v 53 4
v 54 4
v 55 4
v 56 4
e 0 2 2
e 0 3 2
e 0 19 1
e 1 8 1
e 4 5 1
e 4 6 1
e 4 7 1
e 4 27 1
e 5 11 1
e 5 12 1
e 5 13 1
e 6 8 1
e 6 28 1
e 6 29 1
e 7 10 1
e 7 30 1
e 7 31 1
e 8 9 1
e 8 32 1
e 9 10 1
e 9 14 1
e 9 33 1
e 10 34 1
e 10 35 1
e 11 36 1
e 11 37 1
e 11 38 1
e 12 39 1
e 12 40 1
e 12 41 1
e 13 42 1
e 13 43 1
e 13 44 1
e 14 15 2
e 14 16 1
e 15 17 1
e 15 45 1
e 16 18 2
e 16 46 1
e 17 20 2
e 17 47 1
e 18 20 1
e 18 48 1
e 19 21 2
e 19 22 1
e 20 49 1
e 21 23 1
e 21 50 1
e 22 24 2
e 22 51 1
e 23 25 2
e 23 52 1
e 24 25 1
e 24 53 1
e 25 26 1
e 26 54 1
e 26 55 1
e 26 56 1
t # 13963
v 0 1
v 1 2
v 2 3
v 3 3
v 4 3
v 5 3
v 6 3
v 7 3
v 8 3
v 9 3
v 10 3
v 11 3
v 12 3
v 13 3
v 14 3
v 15 3
v 16 3
v 17 4
v 18 4
v 19 4
v 20 4
v 21 4
v 22 4
v 23 4
v 24 4
v 25 4
v 26 4
v 27 4
v 28 4
v 29 4
v 30 4
v 31 4
v 32 4
v 33 4
v 34 4
v 35 4
v 36 4
e 0 8 2
e 1 2 1
e 1 5 1
e 1 6 1
e 1 7 1
e 2 3 1
e 2 4 1
e 2 17 1
e 3 8 1
e 3 9 2
e 4 12 2
e 4 13 1
e 5 18 1
e 5 19 1
e 5 20 1
e 6 21 1
e 6 22 1
e 6 23 1
e 7 24 1
e 7 25 1
e 7 26 1
e 8 10 1
e 9 11 1
e 9 27 1
e 10 11 1
e 10 28 1
e 10 29 1
e 11 30 1
e 11 31 1
e 12 14 1
e 12 32 1
e 13 15 2
e 13 33 1
e 14 16 2
e 14 34 1
e 15 16 1
e 15 35 1
e 16 36 1
t # 13964
v 0 12
v 1 12
v 2 12
v 3 1
v 4 1
v 5 3
v 6 3
v 7 3
v 8 3
v 9 3
v 10 3
v 11 3
v 12 3
v 13 3
v 14 3
v 15 3
v 16 3
v 17 3
v 18 3
v 19 3
v 20 3
v 21 3
v 22 3
v 23 3
v 24 3
v 25 4
v 26 4
v 27 4
v 28 4
v 29 4
v 30 4
v 31 4
v 32 4
v 33 4
v 34 4
v 35 4
v 36 4
v 37 4
v 38 4
v 39 4
v 40 4
v 41 4
e 0 13 1
e 1 13 1
e 2 13 1
e 3 8 1
e 3 23 1
e 4 23 2
e 5 6 1
e 5 7 1
e 5 13 1
e 5 14 1
e 6 8 1
e 6 9 1
e 6 25 1
e 7 10 1
e 7 11 1
e 7 26 1
e 8 12 1
e 8 27 1
e 9 10 1
e 9 15 2
e 10 16 2
e 11 12 1
e 11 17 2
e 12 18 2
e 14 28 1
e 14 29 1
e 14 30 1
e 15 19 1
e 15 31 1
e 16 20 1
e 16 32 1
e 17 21 1
e 17 33 1
e 18 22 1
e 18 34 1
e 19 20 2
e 19 35 1
e 20 36 1
e 21 22 2
e 21 37 1
e 22 38 1
e 23 24 1
e 24 39 1
e 24 40 1
e 24 41 1
t # 13965
v 0 1
v 1 1
v 2 2
v 3 2
v 4 3
v 5 3
v 6 3
v 7 3
v 8 3
v 9 3
v 10 3
v 11 3
v 12 3
v 13 4
v 14 4
v 15 4
v 16 4
v 17 4
v 18 4
v 19 4
v 20 4
v 21 4
e 0 4 1
e 0 9 1
e 1 9 2
e 2 3 1
e 2 4 2
e 2 6 1
e 3 9 1
e 3 13 1
e 4 5 1
e 5 7 2
e 5 8 1
e 6 14 1
e 6 15 1
e 6 16 1
e 7 10 1
e 7 17 1
e 8 11 2
e 8 18 1
e 10 12 2
e 10 19 1
e 11 12 1
e 11 20 1
e 12 21 1
t # 13966
v 0 11
v 1 11
v 2 1
v 3 1
v 4 1
v 5 1
v 6 2
v 7 3
v 8 3
v 9 3
v 10 3
v 11 3
v 12 3
v 13 3
v 14 3
v 15 3
v 16 3
v 17 3
v 18 3
v 19 3
v 20 4
v 21 4
v 22 4
v 23 4
v 24 4
v 25 4
v 26 4
v 27 4
v 28 4
v 29 4
v 30 4
v 31 4
v 32 4
v 33 4
v 34 4
v 35 4
v 36 4
v 37 4
e 0 9 1
e 0 10 1
e 1 4 2
e 1 5 2
e 2 16 1
e 3 37 1
e 6 7 1
e 6 8 1
e 6 10 2
e 7 9 2
e 7 12 1
e 8 11 1
e 8 20 1
e 8 21 1
e 9 15 1
e 10 17 1
e 11 16 1
e 11 22 1
e 11 23 1
e 12 13 2
e 12 24 1
e 13 14 1
e 13 18 1
e 14 15 2
e 14 19 1
e 15 25 1
e 16 26 1
e 16 27 1
e 17 28 1
e 17 29 1
e 17 30 1
e 18 31 1
e 18 32 1
e 18 33 1
e 19 34 1
e 19 35 1
e 19 36 1
t # 13967
v 0 1
v 1 1
v 2 3
v 3 3
v 4 3
v 5 3
v 6 3
v 7 3
v 8 3
v 9 3
v 10 3
v 11 3
v 12 3
v 13 3
v 14 3
v 15 3
v 16 3
v 17 3
v 18 3
v 19 3
v 20 3
v 21 4
v 22 4
v 23 4
v 24 4
v 25 4
v 26 4
v 27 4
v 28 4
v 29 4
v 30 4
v 31 4
v 32 4
v 33 4
v 34 4
v 35 4
v 36 4
v 37 4
v 38 4
v 39 4
v 40 4
e 0 5 2
e 1 6 2
e 2 3 1
e 2 4 1
e 2 5 1
e 2 6 1
e 3 7 1
e 3 21 1
e 3 22 1
e 4 8 1
e 4 23 1
e 4 24 1
e 5 9 1
e 6 10 1
e 7 11 2
e 7 13 1
e 8 12 2
e 8 14 1
e 9 25 1
e 9 26 1
e 9 27 1
e 10 28 1
e 10 29 1
e 10 30 1
e 11 15 1
e 11 31 1
e 12 16 1
e 12 32 1
e 13 17 2
e 13 33 1
e 14 18 2
e 14 34 1
e 15 19 2
e 15 35 1
e 16 20 2
e 16 36 1
e 17 19 1
e 17 37 1
e 18 20 1
e 18 38 1
e 19 39 1
e 20 40 1
t # 13968
v 0 1
v 1 1
v 2 1
v 3 1
v 4 1
v 5 1
v 6 1
v 7 1
v 8 1
v 9 1
v 10 1
v 11 1
v 12 2
v 13 2
v 14 2
v 15 2
v 16 2
v 17 2
v 18 3
v 19 3
v 20 3
v 21 3
v 22 3
v 23 3
v 24 3
v 25 3
v 26 3
v 27 3
v 28 3
v 29 3
v 30 3
v 31 3
v 32 3
v 33 3
v 34 3
v 35 3
v 36 3
v 37 3
v 38 3
v 39 3
v 40 3
v 41 3
v 42 3
v 43 3
v 44 3
v 45 3
v 46 3
v 47 3
v 48 4
v 49 4
v 50 4
v 51 4
v 52 4
v 53 4
v 54 4
v 55 4
v 56 4
v 57 4
v 58 4
v 59 4
v 60 4
v 61 4
v 62 4
v 63 4
v 64 4
v 65 4
v 66 4
v 67 4
v 68 4
v 69 4
v 70 4
v 71 4
v 72 4
v 73 4
v 74 4
v 75 4
v 76 4
v 77 4
v 78 4
v 79 4
v 80 4
v 81 4
v 82 4
v 83 4
v 84 4
v 85 4
v 86 4
v 87 4
v 88 4
v 89 4
v 90 4
v 91 4
e 0 22 2
e 1 23 2
e 2 27 2
e 3 28 2
e 4 31 1
e 4 79 1
e 5 32 1
e 5 80 1
e 6 36 1
e 6 40 1
e 7 35 1
e 7 81 1
e 8 34 2
e 9 36 2
e 10 39 1
e 10 41 1
e 11 39 2
e 12 18 1
e 12 21 1
e 12 23 1
e 13 22 1
e 13 25 1
e 13 55 1
e 14 24 1
e 14 28 1
e 14 59 1
e 15 27 1
e 15 30 1
e 15 64 1
e 16 29 1
e 16 34 1
e 16 67 1
e 17 33 1
e 17 39 1
e 17 75 1
e 18 19 1
e 18 22 1
e 18 48 1
e 19 20 1
e 19 49 1
e 19 50 1
e 20 21 1
e 20 51 1
e 20 52 1
e 21 53 1
e 21 54 1
e 23 24 1
e 24 56 1
e 24 57 1
e 25 26 1
e 25 27 1
e 25 58 1
e 26 60 1
e 26 61 1
e 26 62 1
e 28 29 1
e 29 32 1
e 29 63 1
e 30 31 1
e 30 36 1
e 30 65 1
e 31 37 1
e 31 66 1
e 32 68 1
e 32 69 1
e 33 34 1
e 33 35 1
e 33 70 1
e 35 38 1
e 35 71 1
e 37 72 1
e 37 73 1
e 37 74 1
e 38 76 1
e 38 77 1
e 38 78 1
e 40 82 1
e 40 83 1
e 40 84 1
e 41 42 1
e 41 85 1
e 41 86 1
e 42 43 2
e 42 44 1
e 43 45 1
e 43 87 1
e 44 46 2
e 44 88 1
e 45 47 2
e 45 89 1
e 46 47 1
e 46 90 1
e 47 91 1
t # 13969
v 0 1
v 1 1
v 2 1
v 3 1
v 4 2
v 5 3
v 6 3
v 7 3
v 8 3
v 9 3
v 10 3
v 11 3
v 12 3
v 13 3
v 14 3
v 15 3
v 16 3
v 17 3
v 18 4
v 19 4
v 20 4
v 21 4
v 22 4
v 23 4
v 24 4
v 25 4
v 26 4
v 27 4
v 28 4
v 29 4
v 30 4
v 31 4
v 32 4
v 33 4
v 34 4
v 35 4
v 36 4
e 0 10 1
e 0 14 1
e 1 11 1
e 1 16 1
e 2 12 1
e 2 17 1
e 3 10 2
e 4 6 1
e 4 24 1
e 4 25 1
e 5 6 1
e 5 7 1
e 5 18 1
e 5 19 1
e 6 10 1
e 6 20 1
e 7 8 2
e 7 9 1
e 8 11 1
e 8 21 1
e 9 13 2
e 9 22 1
e 11 12 2
e 12 13 1
e 13 23 1
e 14 15 1
e 14 26 1
e 14 27 1
e 15 28 1
e 15 29 1
e 15 30 1
e 16 31 1
e 16 32 1
e 16 33 1
e 17 34 1
e 17 35 1
e 17 36 1
t # 13970
v 0 12
v 1 1
v 2 1
v 3 1
v 4 1
v 5 1
v 6 1
v 7 1
v 8 1
v 9 2
v 10 2
v 11 3
v 12 3
v 13 3
v 14 3
v 15 3
v 16 3
v 17 3
v 18 3
v 19 3
v 20 3
v 21 3
v 22 3
v 23 3
v 24 3
v 25 3
v 26 3
v 27 3
v 28 3
v 29 3
v 30 3
v 31 3
v 32 3
v 33 3
v 34 4
v 35 4
v 36 4
v 37 4
v 38 4
v 39 4
v 40 4
v 41 4
v 42 4
v 43 4
v 44 4
v 45 4
v 46 4
v 47 4
v 48 4
v 49 4
v 50 4
v 51 4
v 52 4
v 53 4
v 54 4
v 55 4
v 56 4
v 57 4
v 58 4
v 59 4
v 60 4
v 61 4
v 62 4
e 1 21 1
e 1 31 1
e 2 24 2
e 3 32 2
e 4 33 2
e 5 60 1
e 6 61 1
e 7 62 1
e 9 13 1
e 9 18 1
e 9 20 1
e 9 25 1
e 10 12 1
e 10 23 1
e 10 24 1
e 10 27 1
e 11 12 1
e 11 13 1
e 11 17 1
e 11 19 1
e 12 14 1
e 12 34 1
e 13 16 1
e 13 35 1
e 14 15 1
e 14 21 1
e 14 36 1
e 15 16 1
e 15 22 1
e 15 37 1
e 16 38 1
e 16 39 1
e 17 18 1
e 17 40 1
e 17 41 1
e 18 42 1
e 18 43 1
e 19 23 1
e 19 28 2
e 20 22 1
e 20 44 1
e 20 45 1
e 21 26 1
e 21 46 1
e 22 29 2
e 23 30 2
e 24 26 1
e 25 47 1
e 25 48 1
e 25 49 1
e 26 50 1
e 26 51 1
e 27 52 1
e 27 53 1
e 27 54 1
e 28 32 1
e 28 55 1
e 29 31 1
e 29 56 1
e 30 33 1
e 30 57 1
e 31 58 1
e 31 59 1
e 32 33 1
t # 13971
v 0 1
v 1 1
v 2 1
v 3 1
v 4 1
v 5 2
v 6 2
v 7 3
v 8 3
v 9 3
v 10 3
v 11 3
v 12 3
v 13 3
v 14 3
v 15 3
v 16 3
v 17 3
v 18 3
v 19 3
v 20 3
v 21 3
v 22 3
v 23 3
v 24 3
v 25 3
v 26 3
v 27 3
v 28 3
v 29 3
v 30 3
v 31 4
v 32 4
v 33 4
v 34 4
v 35 4
v 36 4
v 37 4
v 38 4
v 39 4
v 40 4
v 41 4
v 42 4
v 43 4
v 44 4
v 45 4
v 46 4
v 47 4
v 48 4
v 49 4
v 50 4
v 51 4
v 52 4
v 53 4
v 54 4
v 55 4
v 56 4
v 57 4
v 58 4
v 59 4
e 0 8 1
e 0 46 1
e 1 18 1
e 1 25 1
e 2 22 2
e 3 27 1
e 3 29 1
e 4 28 1
e 4 30 1
e 5 8 1
e 5 14 1
e 5 15 1
e 5 20 1
e 6 9 1
e 6 19 1
e 6 22 1
e 7 8 1
e 7 9 1
e 7 13 1
e 7 16 1
e 8 12 1
e 9 10 1
e 9 31 1
e 10 11 1
e 10 18 1
e 10 32 1
e 11 12 1
e 11 17 1
e 11 33 1
e 12 34 1
e 12 35 1
e 13 14 1
e 13 36 1
e 13 37 1
e 14 38 1
e 14 39 1
e 15 17 1
e 15 40 1
e 15 41 1
e 16 19 1
e 16 24 2
e 17 23 2
e 18 21 1
e 18 42 1
e 19 26 2
e 20 43 1
e 20 44 1
e 20 45 1
e 21 22 1
e 21 47 1
e 21 48 1
e 23 25 1
e 23 49 1
e 24 27 1
e 24 50 1
e 25 51 1
e 25 52 1
e 26 28 1
e 26 53 1
e 27 28 2
e 29 54 1
e 29 55 1
e 29 56 1
e 30 57 1
e 30 58 1
e 30 59 1
t # 13972
v 0 1
v 1 1
v 2 1
v 3 1
v 4 2
v 5 3
v 6 3
v 7 3
v 8 3
v 9 3
v 10 3
v 11 3
v 12 3
v 13 3
v 14 3
v 15 3
v 16 3
v 17 3
v 18 3
v 19 3
v 20 3
v 21 3
v 22 3
v 23 4
v 24 4
v 25 4
v 26 4
v 27 4
v 28 4
v 29 4
v 30 4
v 31 4
v 32 4
v 33 4
v 34 4
v 35 4
v 36 4
v 37 4
v 38 4
v 39 4
v 40 4
v 41 4
v 42 4
v 43 4
v 44 4
e 0 16 1
e 0 41 1
e 1 17 1
e 1 42 1
e 2 20 1
e 2 43 1
e 3 22 1
e 3 44 1
e 4 5 1
e 4 6 1
e 4 11 1
e 4 12 1
e 5 7 1
e 5 9 1
e 5 23 1
e 6 8 1
e 6 24 1
e 6 25 1
e 7 10 1
e 7 13 2
e 8 10 1
e 8 26 1
e 8 27 1
e 9 14 1
e 9 28 1
e 9 29 1
e 10 15 2
e 11 30 1
e 11 31 1
e 11 32 1
e 12 33 1
e 12 34 1
e 12 35 1
e 13 16 1
e 13 36 1
e 14 18 2
e 14 19 1
e 15 17 1
e 15 37 1
e 16 17 2
e 18 20 1
e 18 38 1
e 19 21 2
e 19 39 1
e 20 22 2
e 21 22 1
e 21 40 1
t # 13973
v 0 1
v 1 1
v 2 1
v 3 2
v 4 3
v 5 3
v 6 3
v 7 3
v 8 3
v 9 3
v 10 3
v 11 3
v 12 3
v 13 3
v 14 3
v 15 3
v 16 3
v 17 3
v 18 3
v 19 3
v 20 3
v 21 3
v 22 3
v 23 3
v 24 3
v 25 3
v 26 4
v 27 4
v 28 4
v 29 4
v 30 4
v 31 4
v 32 4
v 33 4
v 34 4
v 35 4
v 36 4
v 37 4
v 38 4
v 39 4
v 40 4
v 41 4
v 42 4
v 43 4
v 44 4
v 45 4
v 46 4
v 47 4
v 48 4
v 49 4
v 50 4
v 51 4
v 52 4
v 53 4
v 54 4
e 0 8 1
e 0 9 1
e 1 4 1
e 1 38 1
e 2 9 2
e 3 7 1
e 3 10 1
e 3 11 1
e 4 5 1
e 4 6 1
e 4 9 1
e 5 12 2
e 5 14 1
e 6 13 2
e 6 15 1
e 7 8 1
e 7 26 1
e 7 27 1
e 8 28 1
e 8 29 1
e 10 16 1
e 10 30 1
e 10 31 1
e 11 17 1
e 11 32 1
e 11 33 1
e 12 20 1
e 12 34 1
e 13 21 1
e 13 35 1
e 14 22 2
e 14 36 1
e 15 23 2
e 15 37 1
e 16 39 1
e 16 40 1
e 16 41 1
e 17 42 1
e 17 43 1
e 17 44 1
e 18 20 2
e 18 22 1
e 18 24 1
e 19 21 2
e 19 23 1
e 19 25 1
e 20 45 1
e 21 46 1
e 22 47 1
e 23 48 1
e 24 49 1
e 24 50 1
e 24 51 1
e 25 52 1
e 25 53 1
e 25 54 1
t # 13974
v 0 11
v 1 1
v 2 1
v 3 2
v 4 3
v 5 3
v 6 3
v 7 3
v 8 3
v 9 3
v 10 3
v 11 3
v 12 3
v 13 3
v 14 3
v 15 3
v 16 3
v 17 3
v 18 3
v 19 3
v 20 3
v 21 3
v 22 3
v 23 3
v 24 3
v 25 4
v 26 4
v 27 4
v 28 4
v 29 4
v 30 4
v 31 4
v 32 4
v 33 4
v 34 4
v 35 4
v 36 4
v 37 4
v 38 4
v 39 4
v 40 4
v 41 4
v 42 4
v 43 4
v 44 4
v 45 4
v 46 4
v 47 4
v 48 4
v 49 4
v 50 4
v 51 4
e 0 8 1
e 0 9 1
e 1 4 1
e 1 43 1
e 2 9 2
e 3 5 1
e 3 10 1
e 3 11 1
e 4 6 1
e 4 7 1
e 4 9 1
e 5 8 1
e 5 25 1
e 5 26 1
e 6 12 1
e 6 13 2
e 7 15 2
e 7 16 1
e 8 27 1
e 8 28 1
e 10 17 1
e 10 29 1
e 10 30 1
e 11 18 1
e 11 31 1
e 11 32 1
e 12 14 2
e 12 33 1
e 13 19 1
e 13 34 1
e 14 20 1
e 14 23 1
e 15 21 1
e 15 35 1
e 16 22 2
e 16 36 1
e 17 37 1
e 17 38 1
e 17 39 1
e 18 40 1
e 18 41 1
e 18 42 1
e 19 20 2
e 19 44 1
e 20 45 1
e 21 24 2
e 21 46 1
e 22 24 1
e 22 47 1
e 23 48 1
e 23 49 1
e 23 50 1
e 24 51 1
t # 13975
v 0 11
v 1 2
v 2 2
v 3 2
v 4 3
v 5 3
v 6 3
v 7 3
v 8 3
v 9 3
v 10 3
v 11 3
v 12 4
v 13 4
v 14 4
v 15 4
v 16 4
v 17 4
v 18 4
v 19 4
v 20 4
v 21 4
v 22 4
v 23 4
v 24 4
v 25 4
v 26 4
v 27 4
v 28 4
e 0 10 1
e 0 11 1
e 1 4 1
e 1 5 1
e 1 9 1
e 2 11 1
e 2 26 1
e 2 27 1
e 3 11 2
e 3 28 1
e 4 6 1
e 4 12 1
e 4 13 1
e 5 7 1
e 5 14 1
e 5 15 1
e 6 8 1
e 6 16 1
e 6 17 1
e 7 8 1
e 7 18 1
e 7 19 1
e 8 20 1
e 8 21 1
e 9 10 1
e 9 22 1
e 9 23 1
e 10 24 1
e 10 25 1
t # 13976
v 0 1
v 1 2
v 2 3
v 3 3
v 4 3
v 5 3
v 6 3
v 7 3
v 8 3
v 9 3
v 10 3
v 11 3
v 12 3
v 13 3
v 14 3
v 15 3
v 16 3
v 17 3
v 18 3
v 19 3
v 20 3
v 21 3
v 22 3
v 23 3
v 24 3
v 25 4
v 26 4
v 27 4
v 28 4
v 29 4
v 30 4
v 31 4
v 32 4
v 33 4
v 34 4
v 35 4
v 36 4
v 37 4
v 38 4
v 39 4
v 40 4
v 41 4
v 42 4
v 43 4
v 44 4
v 45 4
v 46 4
v 47 4
v 48 4
v 49 4
v 50 4
v 51 4
v 52 4
v 53 4
e 0 16 1
e 0 21 1
e 1 4 1
e 1 8 1
e 1 12 1
e 2 3 1
e 2 5 1
e 2 7 1
e 2 10 1
e 3 4 1
e 3 11 1
e 3 25 1
e 4 6 1
e 4 26 1
e 5 8 1
e 5 27 1
e 5 28 1
e 6 9 1
e 6 29 1
e 6 30 1
e 7 9 2
e 7 13 1
e 8 31 1
e 8 32 1
e 9 14 1
e 10 33 1
e 10 34 1
e 10 35 1
e 11 36 1
e 11 37 1
e 11 38 1
e 12 15 1
e 12 39 1
e 12 40 1
e 13 16 2
e 13 41 1
e 14 17 2
e 14 42 1
e 15 18 1
e 15 43 1
e 15 44 1
e 16 17 1
e 17 45 1
e 18 19 2
e 18 20 1
e 19 22 1
e 19 46 1
e 20 23 2
e 20 47 1
e 21 48 1
e 21 49 1
e 21 50 1
e 22 24 2
e 22 51 1
e 23 24 1
e 23 52 1
e 24 53 1
t # 13977
v 0 1
v 1 2
v 2 2
v 3 3
v 4 3
v 5 3
v 6 3
v 7 3
v 8 3
v 9 3
v 10 3
v 11 3
v 12 3
v 13 3
v 14 3
v 15 3
v 16 3
v 17 3
v 18 4
v 19 4
v 20 4
v 21 4
v 22 4
v 23 4
v 24 4
v 25 4
v 26 4
v 27 4
v 28 4
v 29 4
v 30 4
v 31 4
v 32 4
e 0 15 2
e 1 3 1
e 1 5 1
e 1 6 2
e 2 15 1
e 2 29 1
e 2 30 1
e 3 4 1
e 3 18 1
e 3 19 1
e 4 7 2
e 4 8 1
e 5 9 2
e 5 20 1
e 6 10 1
e 6 21 1
e 7 12 1
e 7 22 1
e 8 13 2
e 8 23 1
e 9 14 1
e 9 15 1
e 10 14 2
e 10 24 1
e 11 12 2
e 11 13 1
e 11 16 1
e 12 25 1
e 13 26 1
e 14 27 1
e 16 17 2
e 16 28 1
e 17 31 1
e 17 32 1
t # 13978
v 0 12
v 1 12
v 2 11
v 3 11
v 4 11
v 5 14
v 6 1
v 7 1
v 8 1
v 9 1
v 10 1
v 11 1
v 12 1
v 13 1
v 14 1
v 15 2
v 16 2
v 17 2
v 18 2
v 19 2
v 20 3
v 21 3
v 22 3
v 23 3
v 24 3
v 25 3
v 26 3
v 27 3
v 28 3
v 29 3
v 30 3
v 31 3
v 32 3
v 33 3
v 34 3
v 35 3
v 36 3
v 37 3
v 38 3
v 39 3
v 40 3
v 41 3
v 42 3
v 43 3
v 44 4
v 45 4
v 46 4
v 47 4
v 48 4
v 49 4
v 50 4
v 51 4
v 52 4
v 53 4
v 54 4
v 55 4
v 56 4
v 57 4
v 58 4
v 59 4
v 60 4
v 61 4
v 62 4
v 63 4
v 64 4
v 65 4
e 0 41 1
e 1 43 1
e 2 7 2
e 2 8 2
e 2 22 1
e 3 9 2
e 3 10 2
e 3 32 1
e 4 13 2
e 4 14 2
e 6 24 1
e 6 27 1
e 11 64 1
e 12 65 1
e 15 20 1
e 15 46 1
e 16 26 1
e 16 40 2
e 17 37 2
e 17 40 1
e 18 37 1
e 18 60 1
e 18 61 1
e 19 40 1
e 19 62 1
e 19 63 1
e 20 21 1
e 20 44 1
e 20 45 1
e 21 23 2
e 21 28 1
e 22 29 2
e 22 30 1
e 23 24 1
e 23 47 1
e 24 33 2
e 25 26 2
e 25 31 1
e 25 37 1
e 26 27 1
e 27 48 1
e 27 49 1
e 28 34 2
e 28 50 1
e 29 35 1
e 29 51 1
e 30 36 2
e 30 52 1
e 31 38 2
e 31 39 1
e 32 35 2
e 32 36 1
e 33 34 1
e 33 53 1
e 34 54 1
e 35 55 1
e 36 56 1
e 38 41 1
e 38 57 1
e 39 42 2
e 39 58 1
e 41 43 2
e 42 43 1
e 42 59 1
t # 13979
v 0 1
v 1 1
v 2 1
v 3 2
v 4 3
v 5 3
v 6 3
v 7 3
v 8 3
v 9 3
v 10 3
v 11 3
v 12 3
v 13 3
v 14 3
v 15 3
v 16 3
v 17 3
v 18 3
v 19 3
v 20 3
v 21 3
v 22 3
v 23 3
v 24 3
v 25 3
v 26 3
v 27 3
v 28 4
v 29 4
v 30 4
v 31 4
v 32 4
v 33 4
v 34 4
v 35 4
v 36 4
v 37 4
v 38 4
v 39 4
v 40 4
v 41 4
v 42 4
v 43 4
v 44 4
v 45 4
v 46 4
v 47 4
v 48 4
v 49 4
v 50 4
v 51 4
v 52 4
v 53 4
v 54 4
v 55 4
v 56 4
v 57 4
v 58 4
v 59 4
v 60 4
e 0 4 1
e 0 39 1
e 1 11 1
e 1 16 1
e 2 11 2
e 3 15 1
e 3 21 1
e 3 22 1
e 4 5 1
e 4 8 1
e 4 11 1
e 5 6 2
e 5 7 1
e 6 9 1
e 6 13 1
e 7 10 2
e 7 14 1
e 8 19 2
e 8 20 1
e 9 12 2
e 9 17 1
e 10 12 1
e 10 18 1
e 12 28 1
e 13 29 1
e 13 30 1
e 13 31 1
e 14 32 1
e 14 33 1
e 14 34 1
e 15 16 1
e 15 35 1
e 15 36 1
e 16 37 1
e 16 38 1
e 17 40 1
e 17 41 1
e 17 42 1
e 18 43 1
e 18 44 1
e 18 45 1
e 19 23 1
e 19 46 1
e 20 24 2
e 20 47 1
e 21 26 1
e 21 48 1
e 21 49 1
e 22 27 1
e 22 50 1
e 22 51 1
e 23 25 2
e 23 52 1
e 24 25 1
e 24 53 1
e 25 54 1
e 26 55 1
e 26 56 1
e 26 57 1
e 27 58 1
e 27 59 1
e 27 60 1
t # 13980
v 0 1
v 1 1
v 2 1
v 3 2
v 4 3
v 5 3
v 6 3
v 7 3
v 8 3
v 9 3
v 10 3
v 11 3
v 12 3
v 13 3
v 14 3
v 15 3
v 16 3
v 17 3
v 18 3
v 19 3
v 20 3
v 21 3
v 22 3
v 23 3
v 24 3
v 25 3
v 26 3
v 27 4
v 28 4
v 29 4
v 30 4
v 31 4
v 32 4
v 33 4
v 34 4
v 35 4
v 36 4
v 37 4
v 38 4
v 39 4
v 40 4
v 41 4
v 42 4
v 43 4
v 44 4
v 45 4
v 46 4
v 47 4
v 48 4
v 49 4
v 50 4
v 51 4
v 52 4
v 53 4
v 54 4
v 55 4
v 56 4
v 57 4
v 58 4
v 59 4
v 60 4
v 61 4
v 62 4
v 63 4
e 0 7 1
e 0 38 1
e 1 12 1
e 1 18 1
e 2 12 2
e 3 21 1
e 3 23 1
e 3 24 1
e 4 5 1
e 4 6 1
e 4 7 1
e 4 27 1
e 5 8 1
e 5 28 1
e 5 29 1
e 6 9 1
e 6 30 1
e 6 31 1
e 7 11 1
e 7 12 1
e 8 10 1
e 8 32 1
e 8 33 1
e 9 10 1
e 9 34 1
e 9 35 1
e 10 36 1
e 10 37 1
e 11 13 2
e 11 14 1
e 13 15 1
e 13 39 1
e 14 16 2
e 14 40 1
e 15 17 2
e 15 19 1
e 16 17 1
e 16 20 1
e 17 22 1
e 18 21 1
e 18 41 1
e 18 42 1
e 19 43 1
e 19 44 1
e 19 45 1
e 20 46 1
e 20 47 1
e 20 48 1
e 21 49 1
e 21 50 1
e 22 51 1
e 22 52 1
e 22 53 1
e 23 25 1
e 23 54 1
e 23 55 1
e 24 26 1
e 24 56 1
e 24 57 1
e 25 58 1
e 25 59 1
e 25 60 1
e 26 61 1
e 26 62 1
e 26 63 1
t # 13981
v 0 1
v 1 1
v 2 1
v 3 2
v 4 3
v 5 3
v 6 3
v 7 3
v 8 3
v 9 3
v 10 3
v 11 3
v 12 3
v 13 3
v 14 3
v 15 3
v 16 3
v 17 3
v 18 3
v 19 3
v 20 3
v 21 3
v 22 3
v 23 3
v 24 3
v 25 3
v 26 3
v 27 4
v 28 4
v 29 4
v 30 4
v 31 4
v 32 4
v 33 4
v 34 4
v 35 4
v 36 4
v 37 4
v 38 4
v 39 4
v 40 4
v 41 4
v 42 4
v 43 4
v 44 4
v 45 4
v 46 4
v 47 4
v 48 4
v 49 4
v 50 4
v 51 4
v 52 4
v 53 4
v 54 4
v 55 4
v 56 4
v 57 4
v 58 4
v 59 4
v 60 4
v 61 4
v 62 4
v 63 4
v 64 4
v 65 4
v 66 4
v 67 4
v 68 4
v 69 4
e 0 6 1
e 0 55 1
e 1 18 1
e 1 21 1
e 2 18 2
e 3 22 1
e 3 23 1
e 3 24 1
e 4 5 1
e 4 6 1
e 4 8 1
e 4 27 1
e 5 7 1
e 5 14 1
e 5 28 1
e 6 9 1
e 6 18 1
e 7 10 1
e 7 15 1
e 7 29 1
e 8 11 1
e 8 30 1
e 8 31 1
e 9 12 1
e 9 13 1
e 9 32 1
e 10 11 1
e 10 19 1
e 10 33 1
e 11 34 1
e 11 35 1
e 12 16 1
e 12 36 1
e 12 37 1
e 13 17 1
e 13 38 1
e 13 39 1
e 14 40 1
e 14 41 1
e 14 42 1
e 15 43 1
e 15 44 1
e 15 45 1
e 16 20 1
e 16 46 1
e 16 47 1
e 17 20 1
e 17 48 1
e 17 49 1
e 19 50 1
e 19 51 1
e 19 52 1
e 20 53 1
e 20 54 1
e 21 22 1
e 21 56 1
e 21 57 1
e 22 58 1
e 22 59 1
e 23 25 1
e 23 60 1
e 23 61 1
e 24 26 1
e 24 62 1
e 24 63 1
e 25 64 1
e 25 65 1
e 25 66 1
e 26 67 1
e 26 68 1
e 26 69 1
t # 13982
v 0 1
v 1 1
v 2 1
v 3 2
v 4 3
v 5 3
v 6 3
v 7 3
v 8 3
v 9 3
v 10 3
v 11 3
v 12 3
v 13 3
v 14 3
v 15 3
v 16 3
v 17 3
v 18 3
v 19 3
v 20 3
v 21 3
v 22 3
v 23 3
v 24 3
v 25 3
v 26 3
v 27 4
v 28 4
v 29 4
v 30 4
v 31 4
v 32 4
v 33 4
v 34 4
v 35 4
v 36 4
v 37 4
v 38 4
v 39 4
v 40 4
v 41 4
v 42 4
v 43 4
v 44 4
v 45 4
v 46 4
v 47 4
v 48 4
v 49 4
v 50 4
v 51 4
v 52 4
v 53 4
v 54 4
v 55 4
v 56 4
v 57 4
v 58 4
v 59 4
v 60 4
v 61 4
v 62 4
v 63 4
v 64 4
v 65 4
v 66 4
v 67 4
v 68 4
v 69 4
e 0 6 1
e 0 55 1
e 1 16 1
e 1 21 1
e 2 16 2
e 3 22 1
e 3 23 1
e 3 24 1
e 4 5 1
e 4 6 1
e 4 7 1
e 4 27 1
e 5 8 1
e 5 14 1
e 5 28 1
e 6 9 1
e 6 16 1
e 7 10 1
e 7 15 1
e 7 29 1
e 8 11 1
e 8 19 1
e 8 30 1
e 9 12 1
e 9 13 1
e 9 31 1
e 10 11 1
e 10 32 1
e 10 33 1
e 11 34 1
e 11 35 1
e 12 17 1
e 12 36 1
e 12 37 1
e 13 18 1
e 13 38 1
e 13 39 1
e 14 40 1
e 14 41 1
e 14 42 1
e 15 43 1
e 15 44 1
e 15 45 1
e 17 20 1
e 17 46 1
e 17 47 1
e 18 20 1
e 18 48 1
e 18 49 1
e 19 50 1
e 19 51 1
e 19 52 1
e 20 53 1
e 20 54 1
e 21 22 1
e 21 56 1
e 21 57 1
e 22 58 1
e 22 59 1
e 23 25 1
e 23 60 1
e 23 61 1
e 24 26 1
e 24 62 1
e 24 63 1
e 25 64 1
e 25 65 1
e 25 66 1
e 26 67 1
e 26 68 1
e 26 69 1
t # 13983
v 0 1
v 1 1
v 2 1
v 3 2
v 4 3
v 5 3
v 6 3
v 7 3
v 8 3
v 9 3
v 10 3
v 11 3
v 12 3
v 13 3
v 14 3
v 15 3
v 16 3
v 17 3
v 18 3
v 19 3
v 20 3
v 21 3
v 22 3
v 23 3
v 24 3
v 25 3
v 26 3
v 27 4
v 28 4
v 29 4
v 30 4
v 31 4
v 32 4
v 33 4
v 34 4
v 35 4
v 36 4
v 37 4
v 38 4
v 39 4
v 40 4
v 41 4
v 42 4
v 43 4
v 44 4
v 45 4
v 46 4
v 47 4
v 48 4
v 49 4
v 50 4
v 51 4
v 52 4
v 53 4
v 54 4
v 55 4
v 56 4
v 57 4
e 0 9 1
e 0 13 1
e 1 4 1
e 1 45 1
e 2 9 2
e 3 12 1
e 3 16 1
e 3 17 1
e 4 5 1
e 4 7 1
e 4 9 1
e 5 6 2
e 5 10 1
e 6 8 1
e 6 15 1
e 7 18 2
e 7 19 1
e 8 11 2
e 8 20 1
e 10 14 2
e 10 27 1
e 11 14 1
e 11 21 1
e 12 13 1
e 12 28 1
e 12 29 1
e 13 30 1
e 13 31 1
e 14 32 1
e 15 33 1
e 15 34 1
e 15 35 1
e 16 24 1
e 16 36 1
e 16 37 1
e 17 25 1
e 17 38 1
e 17 39 1
e 18 22 1
e 18 40 1
e 19 23 2
e 19 41 1
e 20 42 1
e 20 43 1
e 20 44 1
e 21 46 1
e 21 47 1
e 21 48 1
e 22 26 2
e 22 55 1
e 23 26 1
e 23 56 1
e 24 49 1
e 24 50 1
e 24 51 1
e 25 52 1
e 25 53 1
e 25 54 1
e 26 57 1
t # 13984
v 0 1
v 1 1
v 2 1
v 3 2
v 4 3
v 5 3
v 6 3
v 7 3
v 8 3
v 9 3
v 10 3
v 11 3
v 12 3
v 13 3
v 14 3
v 15 3
v 16 3
v 17 3
v 18 3
v 19 3
v 20 3
v 21 3
v 22 3
v 23 3
v 24 3
v 25 3
v 26 4
v 27 4
v 28 4
v 29 4
v 30 4
v 31 4
v 32 4
v 33 4
v 34 4
v 35 4
v 36 4
v 37 4
v 38 4
v 39 4
v 40 4
v 41 4
v 42 4
v 43 4
v 44 4
v 45 4
v 46 4
v 47 4
v 48 4
v 49 4
v 50 4
v 51 4
v 52 4
v 53 4
v 54 4
v 55 4
v 56 4
v 57 4
v 58 4
v 59 4
v 60 4
e 0 7 1
e 0 37 1
e 1 12 1
e 1 19 1
e 2 12 2
e 3 20 1
e 3 22 1
e 3 23 1
e 4 5 1
e 4 6 1
e 4 7 1
e 4 26 1
e 5 8 1
e 5 27 1
e 5 28 1
e 6 9 1
e 6 29 1
e 6 30 1
e 7 11 1
e 7 12 1
e 8 10 1
e 8 31 1
e 8 32 1
e 9 10 1
e 9 33 1
e 9 34 1
e 10 35 1
e 10 36 1
e 11 13 1
e 11 14 2
e 13 15 2
e 13 16 1
e 14 17 1
e 14 38 1
e 15 18 1
e 15 21 1
e 16 39 1
e 16 40 1
e 16 41 1
e 17 18 2
e 17 42 1
e 18 45 1
e 19 20 1
e 19 43 1
e 19 44 1
e 20 46 1
e 20 47 1
e 21 48 1
e 21 49 1
e 21 50 1
e 22 24 1
e 22 51 1
e 22 52 1
e 23 25 1
e 23 53 1
e 23 54 1
e 24 55 1
e 24 56 1
e 24 57 1
e 25 58 1
e 25 59 1
e 25 60 1
t # 13985
v 0 1
v 1 1
v 2 1
v 3 2
v 4 3
v 5 3
v 6 3
v 7 3
v 8 3
v 9 3
v 10 3
v 11 3
v 12 3
v 13 3
v 14 3
v 15 3
v 16 3
v 17 3
v 18 3
v 19 3
v 20 3
v 21 3
v 22 3
v 23 3
v 24 3
v 25 3
v 26 4
v 27 4
v 28 4
v 29 4
v 30 4
v 31 4
v 32 4
v 33 4
v 34 4
v 35 4
v 36 4
v 37 4
v 38 4
v 39 4
v 40 4
v 41 4
v 42 4
v 43 4
v 44 4
v 45 4
v 46 4
v 47 4
v 48 4
v 49 4
v 50 4
v 51 4
v 52 4
v 53 4
v 54 4
v 55 4
v 56 4
v 57 4
v 58 4
v 59 4
v 60 4
v 61 4
v 62 4
v 63 4
v 64 4
v 65 4
v 66 4
e 0 5 1
e 0 52 1
e 1 18 1
e 1 20 1
e 2 18 2
e 3 21 1
e 3 22 1
e 3 23 1
e 4 5 1
e 4 6 1
e 4 7 1
e 4 26 1
e 5 8 1
e 5 18 1
e 6 9 1
e 6 16 1
e 6 27 1
e 7 10 1
e 7 17 1
e 7 28 1
e 8 12 1
e 8 13 1
e 8 29 1
e 9 11 1
e 9 30 1
e 9 31 1
e 10 11 1
e 10 32 1
e 10 33 1
e 11 34 1
e 11 35 1
e 12 14 1
e 12 36 1
e 12 37 1
e 13 15 1
e 13 38 1
e 13 39 1
e 14 19 1
e 14 40 1
e 14 41 1
e 15 19 1
e 15 42 1
e 15 43 1
e 16 44 1
e 16 45 1
e 16 46 1
e 17 47 1
e 17 48 1
e 17 49 1
e 19 50 1
e 19 51 1
e 20 21 1
e 20 53 1
e 20 54 1
e 21 55 1
e 21 56 1
e 22 24 1
e 22 57 1
e 22 58 1
e 23 25 1
e 23 59 1
e 23 60 1
e 24 61 1
e 24 62 1
e 24 63 1
e 25 64 1
e 25 65 1
e 25 66 1
t # 13986
v 0 1
v 1 1
v 2 1
v 3 2
v 4 3
v 5 3
v 6 3
v 7 3
v 8 3
v 9 3
v 10 3
v 11 3
v 12 3
v 13 3
v 14 3
v 15 3
v 16 3
v 17 3
v 18 3
v 19 3
v 20 3
v 21 3
v 22 3
v 23 3
v 24 3
v 25 3
v 26 4
v 27 4
v 28 4
v 29 4
v 30 4
v 31 4
v 32 4
v 33 4
v 34 4
v 35 4
v 36 4
v 37 4
v 38 4
v 39 4
v 40 4
v 41 4
v 42 4
v 43 4
v 44 4
v 45 4
v 46 4
v 47 4
v 48 4
v 49 4
v 50 4
v 51 4
v 52 4
v 53 4
v 54 4
e 0 8 1
e 0 9 1
e 1 4 1
e 1 39 1
e 2 8 2
e 3 7 1
e 3 12 1
e 3 13 1
e 4 5 1
e 4 6 1
e 4 8 1
e 5 10 2
e 5 11 1
e 6 17 2
e 6 18 1
e 7 9 1
e 7 26 1
e 7 27 1
e 9 28 1
e 9 29 1
e 10 14 1
e 10 30 1
e 11 15 2
e 11 31 1
e 12 19 1
e 12 32 1
e 12 33 1
e 13 20 1
e 13 34 1
e 13 35 1
e 14 16 2
e 14 21 1
e 15 16 1
e 15 22 1
e 16 36 1
e 17 23 1
e 17 37 1
e 18 24 2
e 18 38 1
e 19 40 1
e 19 41 1
e 19 42 1
e 20 43 1
e 20 44 1
e 20 45 1
e 21 46 1
e 21 47 1
e 21 48 1
e 22 49 1
e 22 50 1
e 22 51 1
e 23 25 2
e 23 52 1
e 24 25 1
e 24 53 1
e 25 54 1
t # 13987
v 0 1
v 1 1
v 2 1
v 3 2
v 4 3
v 5 3
v 6 3
v 7 3
v 8 3
v 9 3
v 10 3
v 11 3
v 12 3
v 13 3
v 14 3
v 15 3
v 16 3
v 17 3
v 18 3
v 19 3
v 20 3
v 21 3
v 22 3
v 23 3
v 24 3
v 25 3
v 26 4
v 27 4
v 28 4
v 29 4
v 30 4
v 31 4
v 32 4
v 33 4
v 34 4
v 35 4
v 36 4
v 37 4
v 38 4
v 39 4
v 40 4
v 41 4
v 42 4
v 43 4
v 44 4
v 45 4
v 46 4
v 47 4
v 48 4
v 49 4
v 50 4
v 51 4
v 52 4
v 53 4
v 54 4
e 0 9 1
e 0 10 1
e 1 4 1
e 1 42 1
e 2 9 2
e 3 8 1
e 3 13 1
e 3 14 1
e 4 5 1
e 4 6 1
e 4 9 1
e 5 7 1
e 5 12 2
e 6 16 2
e 6 17 1
e 7 11 2
e 7 15 1
e 8 10 1
e 8 26 1
e 8 27 1
e 10 28 1
e 10 29 1
e 11 18 1
e 11 20 1
e 12 19 1
e 12 30 1
e 13 21 1
e 13 31 1
e 13 32 1
e 14 22 1
e 14 33 1
e 14 34 1
e 15 35 1
e 15 36 1
e 15 37 1
e 16 23 1
e 16 38 1
e 17 24 2
e 17 39 1
e 18 19 2
e 18 40 1
e 19 41 1
e 20 43 1
e 20 44 1
e 20 45 1
e 21 46 1
e 21 47 1
e 21 48 1
e 22 49 1
e 22 50 1
e 22 51 1
e 23 25 2
e 23 52 1
e 24 25 1
e 24 53 1
e 25 54 1
t # 13988
v 0 1
v 1 1
v 2 1
v 3 2
v 4 3
v 5 3
v 6 3
v 7 3
v 8 3
v 9 3
v 10 3
v 11 3
v 12 3
v 13 3
v 14 3
v 15 3
v 16 3
v 17 3
v 18 3
v 19 3
v 20 3
v 21 3
v 22 3
v 23 3
v 24 3
v 25 4
v 26 4
v 27 4
v 28 4
v 29 4
v 30 4
v 31 4
v 32 4
v 33 4
v 34 4
v 35 4
v 36 4
v 37 4
v 38 4
v 39 4
v 40 4
v 41 4
v 42 4
v 43 4
v 44 4
v 45 4
v 46 4
v 47 4
v 48 4
v 49 4
v 50 4
v 51 4
v 52 4
v 53 4
v 54 4
v 55 4
v 56 4
v 57 4
v 58 4
v 59 4
v 60 4
v 61 4
v 62 4
v 63 4
e 0 5 1
e 0 46 1
e 1 17 1
e 1 19 1
e 2 17 2
e 3 20 1
e 3 21 1
e 3 22 1
e 4 5 1
e 4 7 1
e 4 8 1
e 4 25 1
e 5 6 1
e 5 17 1
e 6 9 1
e 6 10 1
e 6 26 1
e 7 12 1
e 7 27 1
e 7 28 1
e 8 13 1
e 8 29 1
e 8 30 1
e 9 14 1
e 9 31 1
e 9 32 1
e 10 15 1
e 10 33 1
e 10 34 1
e 11 12 1
e 11 13 1
e 11 18 1
e 11 35 1
e 12 36 1
e 12 37 1
e 13 38 1
e 13 39 1
e 14 16 1
e 14 40 1
e 14 41 1
e 15 16 1
e 15 42 1
e 15 43 1
e 16 44 1
e 16 45 1
e 18 47 1
e 18 48 1
e 18 49 1
e 19 20 1
e 19 50 1
e 19 51 1
e 20 52 1
e 20 53 1
e 21 23 1
e 21 54 1
e 21 55 1
e 22 24 1
e 22 56 1
e 22 57 1
e 23 58 1
e 23 59 1
e 23 60 1
e 24 61 1
e 24 62 1
e 24 63 1
t # 13989
v 0 1
v 1 1
v 2 1
v 3 2
v 4 3
v 5 3
v 6 3
v 7 3
v 8 3
v 9 3
v 10 3
v 11 3
v 12 3
v 13 3
v 14 3
v 15 3
v 16 3
v 17 3
v 18 3
v 19 3
v 20 3
v 21 3
v 22 3
v 23 3
v 24 3
v 25 4
v 26 4
v 27 4
v 28 4
v 29 4
v 30 4
v 31 4
v 32 4
v 33 4
v 34 4
v 35 4
v 36 4
v 37 4
v 38 4
v 39 4
v 40 4
v 41 4
v 42 4
v 43 4
v 44 4
v 45 4
v 46 4
v 47 4
v 48 4
v 49 4
v 50 4
v 51 4
v 52 4
v 53 4
v 54 4
v 55 4
v 56 4
v 57 4
e 0 7 1
e 0 36 1
e 1 12 1
e 1 17 1
e 2 12 2
e 3 19 1
e 3 21 1
e 3 22 1
e 4 5 1
e 4 6 1
e 4 7 1
e 4 25 1
e 5 8 1
e 5 26 1
e 5 27 1
e 6 9 1
e 6 28 1
e 6 29 1
e 7 11 1
e 7 12 1
e 8 10 1
e 8 30 1
e 8 31 1
e 9 10 1
e 9 32 1
e 9 33 1
e 10 34 1
e 10 35 1
e 11 13 2
e 11 14 1
e 13 15 1
e 13 37 1
e 14 16 2
e 14 38 1
e 15 18 2
e 15 41 1
e 16 18 1
e 16 42 1
e 17 19 1
e 17 39 1
e 17 40 1
e 18 20 1
e 19 43 1
e 19 44 1
e 20 45 1
e 20 46 1
e 20 47 1
e 21 23 1
e 21 48 1
e 21 49 1
e 22 24 1
e 22 50 1
e 22 51 1
e 23 52 1
e 23 53 1
e 23 54 1
e 24 55 1
e 24 56 1
e 24 57 1
t # 13990
v 0 1
v 1 1
v 2 1
v 3 2
v 4 3
v 5 3
v 6 3
v 7 3
v 8 3
v 9 3
v 10 3
v 11 3
v 12 3
v 13 3
v 14 3
v 15 3
v 16 3
v 17 3
v 18 3
v 19 3
v 20 3
v 21 3
v 22 3
v 23 3
v 24 3
v 25 4
v 26 4
v 27 4
v 28 4
v 29 4
v 30 4
v 31 4
v 32 4
v 33 4
v 34 4
v 35 4
v 36 4
v 37 4
v 38 4
v 39 4
v 40 4
v 41 4
v 42 4
v 43 4
v 44 4
v 45 4
v 46 4
v 47 4
v 48 4
v 49 4
v 50 4
v 51 4
e 0 8 1
e 0 11 1
e 1 4 1
e 1 43 1
e 2 11 2
e 3 5 1
e 3 9 1
e 3 10 1
e 4 6 1
e 4 7 1
e 4 11 1
e 5 8 1
e 5 25 1
e 5 26 1
e 6 12 2
e 6 13 1
e 7 14 2
e 7 15 1
e 8 27 1
e 8 28 1
e 9 16 1
e 9 29 1
e 9 30 1
e 10 17 1
e 10 31 1
e 10 32 1
e 12 19 1
e 12 33 1
e 13 20 2
e 13 34 1
e 14 21 1
e 14 35 1
e 15 22 2
e 15 36 1
e 16 37 1
e 16 38 1
e 16 39 1
e 17 40 1
e 17 41 1
e 17 42 1
e 18 19 2
e 18 20 1
e 18 24 1
e 19 44 1
e 20 45 1
e 21 23 2
e 21 46 1
e 22 23 1
e 22 47 1
e 23 48 1
e 24 49 1
e 24 50 1
e 24 51 1
t # 13991
v 0 11
v 1 1
v 2 1
v 3 2
v 4 3
v 5 3
v 6 3
v 7 3
v 8 3
v 9 3
v 10 3
v 11 3
v 12 3
v 13 3
v 14 3
v 15 3
v 16 3
v 17 3
v 18 3
v 19 3
v 20 3
v 21 3
v 22 3
v 23 3
v 24 3
v 25 4
v 26 4
v 27 4
v 28 4
v 29 4
v 30 4
v 31 4
v 32 4
v 33 4
v 34 4
v 35 4
v 36 4
v 37 4
v 38 4
v 39 4
v 40 4
v 41 4
v 42 4
v 43 4
v 44 4
v 45 4
v 46 4
v 47 4
v 48 4
v 49 4
e 0 4 1
e 0 11 1
e 1 10 1
e 1 39 1
e 2 11 2
e 3 6 1
e 3 8 1
e 3 9 1
e 4 5 1
e 4 6 1
e 4 25 1
e 5 7 1
e 5 26 1
e 5 27 1
e 6 28 1
e 6 29 1
e 7 8 1
e 7 30 1
e 7 31 1
e 8 32 1
e 8 33 1
e 9 12 1
e 9 34 1
e 9 35 1
e 10 11 1
e 10 13 1
e 10 14 1
e 12 36 1
e 12 37 1
e 12 38 1
e 13 15 2
e 13 17 1
e 14 16 2
e 14 18 1
e 15 19 1
e 15 40 1
e 16 20 1
e 16 41 1
e 17 21 2
e 17 42 1
e 18 22 2
e 18 43 1
e 19 23 2
e 19 44 1
e 20 24 2
e 20 45 1
e 21 23 1
e 21 46 1
e 22 24 1
e 22 47 1
e 23 48 1
e 24 49 1
t # 13992
v 0 11
v 1 1
v 2 1
v 3 2
v 4 2
v 5 3
v 6 3
v 7 3
v 8 3
v 9 3
v 10 3
v 11 3
v 12 3
v 13 3
v 14 3
v 15 3
v 16 3
v 17 3
v 18 3
v 19 3
v 20 3
v 21 3
v 22 3
v 23 3
v 24 3
v 25 4
v 26 4
v 27 4
v 28 4
v 29 4
v 30 4
v 31 4
v 32 4
v 33 4
v 34 4
v 35 4
v 36 4
v 37 4
v 38 4
v 39 4
v 40 4
v 41 4
v 42 4
v 43 4
v 44 4
v 45 4
v 46 4
v 47 4
v 48 4
v 49 4
v 50 4
v 51 4
v 52 4
v 53 4
v 54 4
e 0 12 1
e 0 18 1
e 1 8 1
e 1 34 1
e 2 12 2
e 3 13 1
e 3 14 1
e 3 15 1
e 4 16 1
e 4 17 1
e 4 21 1
e 5 6 1
e 5 7 1
e 5 8 1
e 5 25 1
e 6 9 1
e 6 26 1
e 6 27 1
e 7 10 1
e 7 28 1
e 7 29 1
e 8 11 1
e 8 12 1
e 9 10 1
e 9 30 1
e 9 31 1
e 10 32 1
e 10 33 1
e 11 19 2
e 11 20 1
e 13 16 1
e 13 35 1
e 13 36 1
e 14 17 1
e 14 37 1
e 14 38 1
e 15 18 1
e 15 39 1
e 15 40 1
e 16 41 1
e 16 42 1
e 17 43 1
e 17 44 1
e 18 45 1
e 18 46 1
e 19 22 1
e 19 47 1
e 20 23 2
e 20 48 1
e 21 49 1
e 21 50 1
e 21 51 1
e 22 24 2
e 22 52 1
e 23 24 1
e 23 53 1
e 24 54 1
t # 13993
v 0 11
v 1 1
v 2 1
v 3 2
v 4 3
v 5 3
v 6 3
v 7 3
v 8 3
v 9 3
v 10 3
v 11 3
v 12 3
v 13 3
v 14 3
v 15 3
v 16 3
v 17 3
v 18 3
v 19 3
v 20 3
v 21 3
v 22 3
v 23 3
v 24 4
v 25 4
v 26 4
v 27 4
v 28 4
v 29 4
v 30 4
v 31 4
v 32 4
v 33 4
v 34 4
v 35 4
v 36 4
v 37 4
v 38 4
v 39 4
v 40 4
v 41 4
v 42 4
v 43 4
v 44 4
v 45 4
v 46 4
v 47 4
v 48 4
v 49 4
v 50 4
v 51 4
v 52 4
e 0 15 1
e 0 17 1
e 1 7 1
e 1 44 1
e 2 17 2
e 3 13 1
e 3 14 1
e 3 18 1
e 4 5 1
e 4 6 1
e 4 7 1
e 4 24 1
e 5 8 1
e 5 25 1
e 5 26 1
e 6 9 1
e 6 27 1
e 6 28 1
e 7 16 1
e 7 17 1
e 8 10 1
e 8 29 1
e 8 30 1
e 9 10 1
e 9 31 1
e 9 32 1
e 10 33 1
e 10 34 1
e 11 12 1
e 11 13 1
e 11 15 1
e 11 35 1
e 12 14 1
e 12 36 1
e 12 37 1
e 13 38 1
e 13 39 1
e 14 40 1
e 14 41 1
e 15 42 1
e 15 43 1
e 16 19 2
e 16 20 1
e 18 45 1
e 18 46 1
e 18 47 1
e 19 21 1
e 19 48 1
e 20 22 2
e 20 49 1
e 21 23 2
e 21 50 1
e 22 23 1
e 22 51 1
e 23 52 1
t # 13994
v 0 1
v 1 1
v 2 2
v 3 3
v 4 3
v 5 3
v 6 3
v 7 3
v 8 3
v 9 3
v 10 3
v 11 3
v 12 3
v 13 3
v 14 3
v 15 3
v 16 3
v 17 3
v 18 3
v 19 3
v 20 3
v 21 3
v 22 3
v 23 4
v 24 4
v 25 4
v 26 4
v 27 4
v 28 4
v 29 4
v 30 4
v 31 4
v 32 4
v 33 4
v 34 4
v 35 4
v 36 4
v 37 4
v 38 4
v 39 4
v 40 4
v 41 4
v 42 4
v 43 4
v 44 4
v 45 4
v 46 4
v 47 4
v 48 4
v 49 4
v 50 4
v 51 4
e 0 11 1
e 0 14 1
e 1 11 2
e 2 15 1
e 2 18 1
e 2 19 1
e 3 4 1
e 3 5 1
e 3 7 1
e 3 23 1
e 4 6 1
e 4 24 1
e 4 25 1
e 5 10 1
e 5 11 1
e 5 26 1
e 6 8 1
e 6 27 1
e 6 28 1
e 7 9 2
e 7 29 1
e 8 9 1
e 8 30 1
e 8 31 1
e 9 32 1
e 10 12 2
e 10 13 1
e 12 16 1
e 12 33 1
e 13 17 2
e 13 34 1
e 14 15 1
e 14 35 1
e 14 36 1
e 15 37 1
e 15 38 1
e 16 20 2
e 16 43 1
e 17 20 1
e 17 44 1
e 18 21 1
e 18 39 1
e 18 40 1
e 19 22 1
e 19 41 1
e 19 42 1
e 20 45 1
e 21 46 1
e 21 47 1
e 21 48 1
e 22 49 1
e 22 50 1
e 22 51 1
t # 13995
v 0 1
v 1 1
v 2 1
v 3 2
v 4 3
v 5 3
v 6 3
v 7 3
v 8 3
v 9 3
v 10 3
v 11 3
v 12 3
v 13 3
v 14 3
v 15 3
v 16 3
v 17 3
v 18 3
v 19 3
v 20 3
v 21 3
v 22 3
v 23 3
v 24 3
v 25 4
v 26 4
v 27 4
v 28 4
v 29 4
v 30 4
v 31 4
v 32 4
v 33 4
v 34 4
v 35 4
v 36 4
v 37 4
v 38 4
v 39 4
v 40 4
v 41 4
v 42 4
v 43 4
v 44 4
v 45 4
v 46 4
v 47 4
v 48 4
v 49 4
v 50 4
v 51 4
e 0 8 1
e 0 9 1
e 1 4 1
e 1 43 1
e 2 9 2
e 3 5 1
e 3 10 1
e 3 11 1
e 4 6 1
e 4 7 1
e 4 9 1
e 5 8 1
e 5 25 1
e 5 26 1
e 6 12 1
e 6 13 2
e 7 15 2
e 7 16 1
e 8 27 1
e 8 28 1
e 10 17 1
e 10 29 1
e 10 30 1
e 11 18 1
e 11 31 1
e 11 32 1
e 12 14 2
e 12 33 1
e 13 19 1
e 13 34 1
e 14 20 1
e 14 23 1
e 15 21 1
e 15 35 1
e 16 22 2
e 16 36 1
e 17 37 1
e 17 38 1
e 17 39 1
e 18 40 1
e 18 41 1
e 18 42 1
e 19 20 2
e 19 44 1
e 20 45 1
e 21 24 2
e 21 46 1
e 22 24 1
e 22 47 1
e 23 48 1
e 23 49 1
e 23 50 1
e 24 51 1
t # 13996
v 0 11
v 1 1
v 2 1
v 3 2
v 4 3
v 5 3
v 6 3
v 7 3
v 8 3
v 9 3
v 10 3
v 11 3
v 12 3
v 13 3
v 14 3
v 15 3
v 16 3
v 17 3
v 18 3
v 19 3
v 20 3
v 21 3
v 22 3
v 23 3
v 24 4
v 25 4
v 26 4
v 27 4
v 28 4
v 29 4
v 30 4
v 31 4
v 32 4
v 33 4
v 34 4
v 35 4
v 36 4
v 37 4
v 38 4
v 39 4
v 40 4
v 41 4
v 42 4
v 43 4
v 44 4
v 45 4
v 46 4
v 47 4
v 48 4
e 0 4 1
e 1 6 1
e 1 11 1
e 2 11 2
e 3 5 1
e 3 9 1
e 3 10 1
e 4 7 1
e 4 8 1
e 4 11 1
e 5 6 1
e 5 24 1
e 5 25 1
e 6 26 1
e 6 27 1
e 7 12 2
e 7 14 1
e 8 13 2
e 8 15 1
e 9 16 1
e 9 28 1
e 9 29 1
e 10 17 1
e 10 30 1
e 10 31 1
e 12 18 1
e 12 32 1
e 13 19 1
e 13 33 1
e 14 20 2
e 14 34 1
e 15 21 2
e 15 35 1
e 16 36 1
e 16 37 1
e 16 38 1
e 17 39 1
e 17 40 1
e 17 41 1
e 18 22 2
e 18 43 1
e 19 23 2
e 19 44 1
e 20 22 1
e 20 45 1
e 21 23 1
e 21 46 1
e 22 47 1
e 23 48 1
t # 13997
v 0 11
v 1 1
v 2 1
v 3 2
v 4 3
v 5 3
v 6 3
v 7 3
v 8 3
v 9 3
v 10 3
v 11 3
v 12 3
v 13 3
v 14 3
v 15 3
v 16 3
v 17 3
v 18 3
v 19 3
v 20 3
v 21 3
v 22 3
v 23 3
v 24 4
v 25 4
v 26 4
v 27 4
v 28 4
v 29 4
v 30 4
v 31 4
v 32 4
v 33 4
v 34 4
v 35 4
v 36 4
v 37 4
v 38 4
v 39 4
v 40 4
v 41 4
v 42 4
v 43 4
v 44 4
v 45 4
v 46 4
e 0 4 1
e 0 10 1
e 1 9 1
e 1 36 1
e 2 10 2
e 3 6 1
e 3 7 1
e 3 8 1
e 4 5 1
e 4 6 1
e 4 24 1
e 5 7 1
e 5 25 1
e 5 26 1
e 6 27 1
e 6 28 1
e 7 29 1
e 7 30 1
e 8 11 1
e 8 31 1
e 8 32 1
e 9 10 1
e 9 12 1
e 9 13 1
e 11 33 1
e 11 34 1
e 11 35 1
e 12 14 2
e 12 16 1
e 13 15 2
e 13 17 1
e 14 18 1
e 14 37 1
e 15 19 1
e 15 38 1
e 16 20 2
e 16 39 1
e 17 21 2
e 17 40 1
e 18 22 2
e 18 41 1
e 19 23 2
e 19 42 1
e 20 22 1
e 20 43 1
e 21 23 1
e 21 44 1
e 22 45 1
e 23 46 1
t # 13998
v 0 11
v 1 1
v 2 1
v 3 2
v 4 3
v 5 3
v 6 3
v 7 3
v 8 3
v 9 3
v 10 3
v 11 3
v 12 3
v 13 3
v 14 3
v 15 3
v 16 3
v 17 3
v 18 3
v 19 3
v 20 3
v 21 3
v 22 3
v 23 3
v 24 4
v 25 4
v 26 4
v 27 4
v 28 4
v 29 4
v 30 4
v 31 4
v 32 4
v 33 4
v 34 4
v 35 4
v 36 4
v 37 4
v 38 4
v 39 4
v 40 4
v 41 4
v 42 4
v 43 4
v 44 4
v 45 4
v 46 4
e 0 8 1
e 0 11 1
e 1 10 1
e 1 36 1
e 2 11 2
e 3 6 1
e 3 7 1
e 3 9 1
e 4 5 1
e 4 6 1
e 4 8 1
e 4 24 1
e 5 7 1
e 5 25 1
e 5 26 1
e 6 27 1
e 6 28 1
e 7 29 1
e 7 30 1
e 8 31 1
e 8 32 1
e 9 33 1
e 9 34 1
e 9 35 1
e 10 11 1
e 10 12 1
e 10 13 1
e 12 14 2
e 12 16 1
e 13 15 2
e 13 17 1
e 14 18 1
e 14 37 1
e 15 19 1
e 15 38 1
e 16 20 2
e 16 39 1
e 17 21 2
e 17 40 1
e 18 22 2
e 18 41 1
e 19 23 2
e 19 42 1
e 20 22 1
e 20 43 1
e 21 23 1
e 21 44 1
e 22 45 1
e 23 46 1
t # 13999
v 0 11
v 1 1
v 2 1
v 3 2
v 4 3
v 5 3
v 6 3
v 7 3
v 8 3
v 9 3
v 10 3
v 11 3
v 12 3
v 13 3
v 14 3
v 15 3
v 16 3
v 17 3
v 18 3
v 19 3
v 20 3
v 21 3
v 22 3
v 23 4
v 24 4
v 25 4
v 26 4
v 27 4
v 28 4
v 29 4
v 30 4
v 31 4
v 32 4
v 33 4
v 34 4
v 35 4
v 36 4
v 37 4
v 38 4
v 39 4
v 40 4
v 41 4
v 42 4
v 43 4
v 44 4
v 45 4
v 46 4
v 47 4
v 48 4
v 49 4
e 0 11 1
e 0 17 1
e 1 7 1
e 1 40 1
e 2 11 2
e 3 12 1
e 3 13 1
e 3 16 1
e 4 5 1
e 4 6 1
e 4 7 1
e 4 23 1
e 5 8 1
e 5 24 1
e 5 25 1
e 6 9 1
e 6 26 1
e 6 27 1
e 7 10 1
e 7 11 1
e 8 9 1
e 8 28 1
e 8 29 1
e 9 30 1
e 9 31 1
e 10 18 2
e 10 19 1
e 12 14 1
e 12 32 1
e 12 33 1
e 13 15 1
e 13 34 1
e 13 35 1
e 14 15 1
e 14 36 1
e 14 37 1
e 15 38 1
e 15 39 1
e 16 17 1
e 16 41 1
e 16 42 1
e 17 43 1
e 17 44 1
e 18 20 1
e 18 45 1
e 19 21 2
e 19 46 1
e 20 22 2
e 20 47 1
e 21 22 1
e 21 48 1
e 22 49 1
