t # 69400
v 0 1
v 1 1
v 2 1
v 3 2
v 4 2
v 5 2
v 6 3
v 7 3
v 8 3
v 9 3
v 10 3
v 11 3
v 12 3
v 13 3
v 14 3
v 15 3
v 16 3
v 17 3
v 18 3
v 19 3
v 20 3
v 21 3
v 22 3
v 23 3
v 24 3
v 25 3
v 26 3
v 27 3
v 28 4
v 29 4
v 30 4
v 31 4
v 32 4
v 33 4
v 34 4
v 35 4
v 36 4
v 37 4
v 38 4
v 39 4
v 40 4
v 41 4
v 42 4
v 43 4
v 44 4
v 45 4
v 46 4
v 47 4
v 48 4
v 49 4
v 50 4
v 51 4
v 52 4
e 0 11 2
e 1 15 1
e 1 19 1
e 2 16 1
e 2 22 1
e 3 6 1
e 3 12 1
e 3 14 1
e 4 9 1
e 4 10 1
e 4 13 1
e 5 11 1
e 5 12 1
e 5 40 1
e 6 7 1
e 6 8 1
e 6 11 1
e 7 9 1
e 7 28 1
e 7 29 1
e 8 10 1
e 8 30 1
e 8 31 1
e 9 32 1
e 9 33 1
e 10 34 1
e 10 35 1
e 12 36 1
e 12 37 1
e 13 15 1
e 13 38 1
e 13 39 1
e 14 17 2
e 14 18 1
e 15 16 1
e 15 41 1
e 16 42 1
e 16 43 1
e 17 20 1
e 17 44 1
e 18 21 2
e 18 45 1
e 19 22 1
e 19 24 2
e 20 23 2
e 20 46 1
e 21 23 1
e 21 47 1
e 22 25 2
e 23 48 1
e 24 26 1
e 24 49 1
e 25 27 1
e 25 50 1
e 26 27 2
e 26 51 1
e 27 52 1
t # 69401
v 0 1
v 1 1
v 2 2
v 3 2
v 4 2
v 5 2
v 6 2
v 7 2
v 8 3
v 9 3
v 10 3
v 11 3
v 12 3
v 13 3
v 14 3
v 15 3
v 16 3
v 17 3
v 18 4
v 19 4
v 20 4
v 21 4
v 22 4
v 23 4
v 24 4
v 25 4
v 26 4
v 27 4
v 28 4
v 29 4
v 30 4
v 31 4
v 32 4
v 33 4
v 34 4
v 35 4
v 36 4
v 37 4
v 38 4
v 39 4
v 40 4
v 41 4
v 42 4
v 43 4
e 0 43 1
e 2 4 1
e 2 10 1
e 2 12 1
e 3 11 1
e 3 14 1
e 3 30 1
e 4 7 1
e 5 16 1
e 5 39 1
e 5 40 1
e 6 17 1
e 6 41 1
e 6 42 1
e 8 9 1
e 8 10 1
e 8 18 1
e 8 19 1
e 9 11 1
e 9 20 1
e 9 21 1
e 10 22 1
e 10 23 1
e 11 24 1
e 11 25 1
e 12 13 1
e 12 26 1
e 12 27 1
e 13 16 1
e 13 28 1
e 13 29 1
e 14 15 1
e 14 31 1
e 14 32 1
e 15 17 1
e 15 33 1
e 15 34 1
e 16 35 1
e 16 36 1
e 17 37 1
e 17 38 1
t # 69402
v 0 27
v 1 1
v 2 1
v 3 3
v 4 3
v 5 4
v 6 4
v 7 4
e 1 4 1
e 1 7 1
e 2 4 2
e 3 4 1
e 3 5 1
e 3 6 1
t # 69403
v 0 11
v 1 1
v 2 1
v 3 1
v 4 1
v 5 2
v 6 2
v 7 3
v 8 3
v 9 3
v 10 3
v 11 3
v 12 3
v 13 3
v 14 4
v 15 4
v 16 4
v 17 4
v 18 4
v 19 4
v 20 4
v 21 4
v 22 4
v 23 4
v 24 4
v 25 4
e 0 7 1
e 1 11 1
e 1 25 1
e 2 11 2
e 3 12 2
e 5 8 1
e 5 12 1
e 5 21 1
e 7 8 1
e 7 9 1
e 7 10 1
e 8 11 1
e 8 14 1
e 9 15 1
e 9 16 1
e 9 17 1
e 10 18 1
e 10 19 1
e 10 20 1
e 12 13 1
e 13 22 1
e 13 23 1
e 13 24 1
t # 69404
v 0 11
v 1 1
v 2 1
v 3 2
v 4 2
v 5 2
v 6 2
v 7 3
v 8 3
v 9 3
v 10 3
v 11 3
v 12 3
v 13 3
v 14 3
v 15 3
v 16 3
v 17 4
v 18 4
v 19 4
v 20 4
v 21 4
v 22 4
v 23 4
v 24 4
v 25 4
v 26 4
e 0 1 2
e 0 2 2
e 0 7 1
e 3 13 1
e 3 19 1
e 4 10 1
e 4 22 1
e 4 23 1
e 5 13 1
e 5 14 2
e 6 13 2
e 6 15 1
e 7 8 2
e 7 9 1
e 8 11 1
e 8 17 1
e 9 12 2
e 9 18 1
e 10 11 2
e 10 12 1
e 11 20 1
e 12 21 1
e 14 16 1
e 14 24 1
e 15 16 2
e 15 25 1
e 16 26 1
t # 69405
v 0 1
v 1 1
v 2 1
v 3 1
v 4 1
v 5 3
v 6 3
v 7 3
v 8 3
v 9 3
v 10 3
v 11 3
v 12 3
v 13 3
v 14 3
v 15 3
v 16 3
v 17 3
v 18 3
v 19 3
v 20 3
v 21 4
v 22 4
v 23 4
v 24 4
v 25 4
v 26 4
v 27 4
v 28 4
v 29 4
v 30 4
v 31 4
v 32 4
v 33 4
v 34 4
v 35 4
v 36 4
e 0 5 1
e 0 28 1
e 1 9 2
e 2 14 1
e 2 35 1
e 3 12 2
e 4 15 1
e 4 36 1
e 5 6 1
e 5 7 1
e 5 21 1
e 6 9 1
e 6 11 2
e 7 13 1
e 7 22 1
e 7 23 1
e 8 9 1
e 8 10 1
e 8 14 2
e 10 12 1
e 10 15 2
e 11 12 1
e 11 24 1
e 13 16 2
e 13 25 1
e 14 17 1
e 15 18 1
e 16 19 1
e 16 20 1
e 17 18 2
e 17 26 1
e 18 27 1
e 19 29 1
e 19 30 1
e 19 31 1
e 20 32 1
e 20 33 1
e 20 34 1
t # 69406
v 0 1
v 1 1
v 2 1
v 3 1
v 4 1
v 5 1
v 6 3
v 7 3
v 8 3
v 9 3
v 10 3
v 11 3
v 12 3
v 13 3
v 14 3
v 15 3
v 16 3
v 17 3
v 18 3
v 19 3
v 20 3
v 21 3
v 22 3
v 23 3
v 24 3
v 25 3
v 26 4
v 27 4
v 28 4
v 29 4
v 30 4
v 31 4
v 32 4
v 33 4
v 34 4
v 35 4
v 36 4
v 37 4
v 38 4
v 39 4
v 40 4
v 41 4
v 42 4
v 43 4
e 0 8 1
e 0 10 1
e 1 9 1
e 1 11 1
e 2 18 1
e 2 24 1
e 3 19 1
e 3 25 1
e 4 22 1
e 4 24 1
e 5 23 1
e 5 25 1
e 6 7 1
e 6 8 1
e 6 11 1
e 6 26 1
e 7 9 1
e 7 10 1
e 7 27 1
e 8 12 1
e 8 28 1
e 9 13 1
e 9 29 1
e 10 30 1
e 10 31 1
e 11 32 1
e 11 33 1
e 12 14 2
e 12 16 1
e 13 15 2
e 13 17 1
e 14 18 1
e 14 34 1
e 15 19 1
e 15 35 1
e 16 20 2
e 16 36 1
e 17 21 2
e 17 37 1
e 18 22 2
e 19 23 2
e 20 22 1
e 20 38 1
e 21 23 1
e 21 39 1
e 24 40 1
e 24 41 1
e 25 42 1
e 25 43 1
t # 69407
v 0 1
v 1 1
v 2 1
v 3 1
v 4 1
v 5 1
v 6 1
v 7 1
v 8 1
v 9 1
v 10 1
v 11 1
v 12 1
v 13 1
v 14 1
v 15 1
v 16 1
v 17 1
v 18 1
v 19 1
v 20 3
v 21 3
v 22 3
v 23 3
v 24 3
v 25 3
v 26 3
v 27 3
v 28 3
v 29 3
v 30 3
v 31 3
v 32 3
v 33 3
v 34 3
v 35 3
v 36 3
v 37 3
v 38 3
v 39 3
v 40 3
v 41 3
v 42 3
v 43 3
v 44 3
v 45 3
v 46 3
v 47 3
v 48 3
v 49 3
v 50 3
v 51 3
v 52 3
v 53 3
v 54 3
v 55 3
v 56 3
v 57 3
v 58 3
v 59 3
v 60 3
v 61 3
v 62 4
v 63 4
v 64 4
v 65 4
v 66 4
v 67 4
v 68 4
v 69 4
v 70 4
v 71 4
v 72 4
v 73 4
v 74 4
v 75 4
v 76 4
v 77 4
v 78 4
v 79 4
v 80 4
v 81 4
v 82 4
v 83 4
v 84 4
v 85 4
v 86 4
v 87 4
v 88 4
v 89 4
v 90 4
v 91 4
v 92 4
v 93 4
v 94 4
v 95 4
v 96 4
v 97 4
v 98 4
v 99 4
e 0 34 1
e 0 40 1
e 1 35 1
e 1 41 1
e 2 34 1
e 2 42 1
e 3 35 1
e 3 43 1
e 4 32 1
e 4 88 1
e 5 33 1
e 5 89 1
e 6 36 1
e 6 90 1
e 7 37 1
e 7 91 1
e 8 38 1
e 8 92 1
e 9 39 1
e 9 93 1
e 10 30 2
e 11 31 2
e 12 48 1
e 12 94 1
e 13 49 1
e 13 95 1
e 14 58 1
e 14 96 1
e 15 59 1
e 15 97 1
e 16 60 1
e 16 98 1
e 17 61 1
e 17 99 1
e 18 60 2
e 19 61 2
e 20 21 1
e 20 22 1
e 20 24 1
e 20 62 1
e 21 23 1
e 21 25 1
e 21 63 1
e 22 26 2
e 22 44 1
e 23 27 2
e 23 45 1
e 24 28 2
e 24 46 1
e 25 29 2
e 25 47 1
e 26 30 1
e 26 40 1
e 27 31 1
e 27 41 1
e 28 30 1
e 28 48 1
e 29 31 1
e 29 49 1
e 32 34 1
e 32 36 1
e 32 64 1
e 33 35 1
e 33 37 1
e 33 65 1
e 34 66 1
e 35 67 1
e 36 38 1
e 36 68 1
e 37 39 1
e 37 69 1
e 38 42 1
e 38 70 1
e 39 43 1
e 39 71 1
e 40 50 2
e 41 51 2
e 42 58 1
e 42 72 1
e 43 59 1
e 43 73 1
e 44 52 2
e 44 74 1
e 45 53 2
e 45 75 1
e 46 54 2
e 46 76 1
e 47 55 2
e 47 77 1
e 48 56 2
e 49 57 2
e 50 52 1
e 50 78 1
e 51 53 1
e 51 79 1
e 52 80 1
e 53 81 1
e 54 56 1
e 54 60 1
e 55 57 1
e 55 61 1
e 56 86 1
e 57 87 1
e 58 82 1
e 58 83 1
e 59 84 1
e 59 85 1
t # 69408
v 0 12
v 1 1
v 2 1
v 3 2
v 4 2
v 5 2
v 6 3
v 7 3
v 8 3
v 9 3
v 10 3
v 11 3
v 12 3
v 13 3
v 14 3
v 15 3
v 16 4
v 17 4
v 18 4
v 19 4
v 20 4
v 21 4
v 22 4
v 23 4
v 24 4
v 25 4
v 26 4
v 27 4
v 28 4
v 29 4
v 30 4
v 31 4
v 32 4
v 33 4
e 0 15 1
e 1 13 2
e 3 7 1
e 3 13 1
e 3 29 1
e 4 5 1
e 4 13 1
e 4 14 1
e 6 8 1
e 6 9 1
e 6 12 1
e 6 16 1
e 7 10 1
e 7 11 1
e 7 17 1
e 8 10 1
e 8 18 1
e 8 19 1
e 9 11 1
e 9 20 1
e 9 21 1
e 10 22 1
e 10 23 1
e 11 24 1
e 11 25 1
e 12 26 1
e 12 27 1
e 12 28 1
e 14 15 1
e 14 30 1
e 14 31 1
e 15 32 1
e 15 33 1
t # 69409
v 0 1
v 1 2
v 2 2
v 3 2
v 4 3
v 5 4
v 6 4
v 7 4
v 8 4
v 9 4
e 0 4 2
e 1 2 1
e 1 4 1
e 1 5 1
e 2 6 1
e 2 7 1
e 3 4 1
e 3 8 1
e 3 9 1
t # 69410
v 0 1
v 1 1
v 2 1
v 3 1
v 4 3
v 5 3
v 6 3
v 7 3
v 8 3
v 9 3
v 10 3
v 11 3
v 12 3
v 13 3
v 14 4
v 15 4
v 16 4
v 17 4
v 18 4
v 19 4
v 20 4
v 21 4
v 22 4
v 23 4
v 24 4
v 25 4
v 26 4
v 27 4
v 28 4
v 29 4
v 30 4
v 31 4
e 0 12 1
e 0 30 1
e 1 13 1
e 1 31 1
e 2 12 2
e 3 13 2
e 4 5 1
e 4 6 1
e 4 14 1
e 4 15 1
e 5 7 1
e 5 16 1
e 5 17 1
e 6 8 1
e 6 18 1
e 6 19 1
e 7 9 1
e 7 20 1
e 7 21 1
e 8 10 1
e 8 22 1
e 8 23 1
e 9 11 1
e 9 24 1
e 9 25 1
e 10 12 1
e 10 26 1
e 10 27 1
e 11 13 1
e 11 28 1
e 11 29 1
t # 69411
v 0 1
v 1 1
v 2 1
v 3 1
v 4 2
v 5 3
v 6 3
v 7 3
v 8 3
v 9 3
v 10 3
v 11 3
v 12 3
v 13 3
v 14 3
v 15 3
v 16 3
v 17 3
v 18 3
v 19 3
v 20 3
v 21 3
v 22 4
v 23 4
v 24 4
v 25 4
v 26 4
v 27 4
v 28 4
v 29 4
v 30 4
v 31 4
v 32 4
v 33 4
v 34 4
v 35 4
v 36 4
v 37 4
v 38 4
v 39 4
v 40 4
v 41 4
v 42 4
e 0 5 1
e 0 6 1
e 1 11 1
e 1 13 1
e 2 13 2
e 3 15 1
e 3 39 1
e 4 7 1
e 4 8 1
e 4 12 1
e 5 6 1
e 5 7 1
e 5 22 1
e 6 8 1
e 6 23 1
e 7 9 1
e 7 24 1
e 8 10 1
e 8 25 1
e 9 11 1
e 9 26 1
e 9 27 1
e 10 11 1
e 10 28 1
e 10 29 1
e 11 30 1
e 12 31 1
e 12 32 1
e 12 33 1
e 13 14 1
e 14 15 1
e 14 16 1
e 14 34 1
e 15 35 1
e 15 36 1
e 16 17 2
e 16 18 1
e 17 19 1
e 17 37 1
e 18 20 2
e 18 38 1
e 19 21 2
e 19 40 1
e 20 21 1
e 20 41 1
e 21 42 1
t # 69412
v 0 1
v 1 1
v 2 1
v 3 1
v 4 1
v 5 2
v 6 2
v 7 2
v 8 2
v 9 2
v 10 3
v 11 3
v 12 3
v 13 3
v 14 3
v 15 3
v 16 3
v 17 3
v 18 3
v 19 3
v 20 3
v 21 3
v 22 4
v 23 4
v 24 4
v 25 4
v 26 4
v 27 4
v 28 4
v 29 4
v 30 4
v 31 4
v 32 4
v 33 4
v 34 4
v 35 4
v 36 4
e 0 10 1
e 0 13 1
e 1 11 1
e 1 29 1
e 2 12 1
e 2 30 1
e 3 14 1
e 3 31 1
e 4 20 2
e 5 10 1
e 5 15 1
e 5 16 1
e 6 15 2
e 6 21 1
e 7 19 1
e 7 21 2
e 8 19 1
e 8 33 1
e 8 34 1
e 9 20 1
e 9 35 1
e 9 36 1
e 10 11 1
e 10 22 1
e 11 12 1
e 11 23 1
e 12 13 1
e 12 24 1
e 13 14 1
e 13 25 1
e 14 26 1
e 14 27 1
e 15 17 1
e 16 18 2
e 16 28 1
e 17 18 1
e 17 19 2
e 18 20 1
e 21 32 1
t # 69413
v 0 1
v 1 1
v 2 2
v 3 3
v 4 3
v 5 3
v 6 3
v 7 3
v 8 3
v 9 3
v 10 4
v 11 4
v 12 4
v 13 4
v 14 4
v 15 4
v 16 4
e 0 4 1
e 0 16 1
e 1 9 2
e 2 9 1
e 2 14 1
e 2 15 1
e 3 4 1
e 3 5 2
e 3 9 1
e 4 6 2
e 5 7 1
e 5 10 1
e 6 8 1
e 6 11 1
e 7 8 2
e 7 12 1
e 8 13 1
t # 69414
v 0 1
v 1 1
v 2 3
v 3 3
v 4 3
v 5 3
v 6 3
v 7 3
v 8 3
v 9 4
v 10 4
v 11 4
v 12 4
v 13 4
v 14 4
v 15 4
v 16 4
e 0 3 1
e 0 15 1
e 1 4 1
e 1 16 1
e 2 3 1
e 2 4 1
e 2 5 2
e 3 6 2
e 4 9 1
e 4 10 1
e 5 7 1
e 5 11 1
e 6 8 1
e 6 12 1
e 7 8 2
e 7 13 1
e 8 14 1
t # 69415
v 0 1
v 1 1
v 2 1
v 3 1
v 4 1
v 5 1
v 6 1
v 7 3
v 8 3
v 9 3
v 10 3
v 11 3
v 12 3
v 13 3
v 14 3
v 15 3
v 16 3
v 17 3
v 18 3
v 19 3
v 20 4
v 21 4
v 22 4
v 23 4
v 24 4
v 25 4
v 26 4
v 27 4
v 28 4
v 29 4
v 30 4
v 31 4
v 32 4
v 33 4
v 34 4
v 35 4
v 36 4
v 37 4
e 0 10 1
e 0 11 1
e 1 11 1
e 1 13 1
e 2 7 1
e 2 27 1
e 3 8 1
e 3 28 1
e 4 9 1
e 4 29 1
e 5 12 1
e 5 30 1
e 6 17 1
e 6 37 1
e 7 8 1
e 7 9 1
e 7 20 1
e 8 10 1
e 8 21 1
e 9 11 1
e 9 22 1
e 10 12 1
e 10 23 1
e 11 24 1
e 12 25 1
e 12 26 1
e 13 14 1
e 13 15 2
e 14 16 2
e 14 17 1
e 15 18 1
e 15 31 1
e 16 19 1
e 16 32 1
e 17 33 1
e 17 34 1
e 18 19 2
e 18 35 1
e 19 36 1
t # 69416
v 0 11
v 1 1
v 2 1
v 3 1
v 4 2
v 5 3
v 6 3
v 7 3
v 8 3
v 9 3
v 10 3
v 11 3
v 12 4
v 13 4
v 14 4
v 15 4
v 16 4
e 0 1 2
e 0 2 2
e 0 5 1
e 3 7 2
e 4 7 1
e 4 12 1
e 5 6 1
e 5 8 2
e 6 7 1
e 6 9 2
e 8 10 1
e 8 13 1
e 9 11 1
e 9 14 1
e 10 11 2
e 10 15 1
e 11 16 1
t # 69417
v 0 11
v 1 2
v 2 2
v 3 3
v 4 3
v 5 3
v 6 3
v 7 3
v 8 3
v 9 3
v 10 3
v 11 4
v 12 4
v 13 4
v 14 4
v 15 4
v 16 4
v 17 4
v 18 4
v 19 4
v 20 4
e 0 4 1
e 0 10 1
e 1 10 1
e 1 18 1
e 1 19 1
e 2 10 2
e 2 20 1
e 3 4 1
e 3 5 2
e 3 6 1
e 4 11 1
e 4 12 1
e 5 7 1
e 5 13 1
e 6 8 2
e 6 14 1
e 7 9 2
e 7 15 1
e 8 9 1
e 8 16 1
e 9 17 1
t # 69418
v 0 11
v 1 1
v 2 1
v 3 1
v 4 1
v 5 1
v 6 1
v 7 2
v 8 2
v 9 2
v 10 2
v 11 2
v 12 3
v 13 3
v 14 3
v 15 3
v 16 3
v 17 3
v 18 3
v 19 3
v 20 3
v 21 3
v 22 3
v 23 3
v 24 3
v 25 3
v 26 3
v 27 3
v 28 3
v 29 4
v 30 4
v 31 4
v 32 4
v 33 4
v 34 4
v 35 4
v 36 4
v 37 4
v 38 4
v 39 4
v 40 4
v 41 4
v 42 4
v 43 4
v 44 4
v 45 4
e 0 20 1
e 0 22 1
e 1 13 1
e 1 15 1
e 2 12 1
e 2 35 1
e 3 14 1
e 3 36 1
e 4 16 1
e 4 38 1
e 7 13 1
e 7 17 1
e 7 18 1
e 8 18 2
e 8 19 1
e 9 17 1
e 9 21 2
e 10 20 2
e 10 21 1
e 11 28 1
e 12 13 1
e 12 14 1
e 12 29 1
e 13 30 1
e 14 15 1
e 14 31 1
e 15 16 1
e 15 32 1
e 16 33 1
e 16 34 1
e 17 19 2
e 18 37 1
e 19 20 1
e 21 39 1
e 22 23 1
e 22 40 1
e 22 41 1
e 23 24 2
e 23 25 1
e 24 26 1
e 24 42 1
e 25 27 2
e 25 43 1
e 26 28 2
e 26 44 1
e 27 28 1
e 27 45 1
t # 69419
v 0 27
v 1 3
v 2 3
v 3 3
v 4 3
v 5 3
v 6 3
v 7 3
v 8 4
v 9 4
v 10 4
v 11 4
v 12 4
v 13 4
v 14 4
e 1 2 1
e 1 3 2
e 1 4 1
e 2 5 2
e 3 6 1
e 3 8 1
e 4 9 1
e 4 10 1
e 4 11 1
e 5 7 1
e 5 12 1
e 6 7 2
e 6 13 1
e 7 14 1
t # 69420
v 0 1
v 1 1
v 2 1
v 3 1
v 4 2
v 5 3
v 6 3
v 7 3
v 8 3
v 9 3
v 10 3
v 11 3
v 12 3
v 13 3
v 14 4
v 15 4
v 16 4
v 17 4
v 18 4
v 19 4
v 20 4
v 21 4
v 22 4
e 0 12 1
e 0 21 1
e 1 12 2
e 2 13 1
e 2 22 1
e 3 13 2
e 4 6 1
e 4 19 1
e 4 20 1
e 5 6 1
e 5 7 2
e 5 8 1
e 6 12 1
e 6 14 1
e 7 10 1
e 7 15 1
e 8 11 2
e 8 16 1
e 9 10 2
e 9 11 1
e 9 13 1
e 10 17 1
e 11 18 1
t # 69421
v 0 1
v 1 1
v 2 1
v 3 1
v 4 1
v 5 1
v 6 1
v 7 1
v 8 1
v 9 2
v 10 3
v 11 3
v 12 3
v 13 3
v 14 3
v 15 3
v 16 3
v 17 3
v 18 3
v 19 3
v 20 3
v 21 3
v 22 3
v 23 3
v 24 3
v 25 3
v 26 3
v 27 3
v 28 3
v 29 3
v 30 3
v 31 3
v 32 3
v 33 3
v 34 3
v 35 4
v 36 4
v 37 4
v 38 4
v 39 4
v 40 4
v 41 4
v 42 4
v 43 4
v 44 4
v 45 4
v 46 4
v 47 4
v 48 4
v 49 4
v 50 4
v 51 4
v 52 4
v 53 4
v 54 4
v 55 4
v 56 4
v 57 4
v 58 4
v 59 4
v 60 4
v 61 4
v 62 4
v 63 4
v 64 4
v 65 4
v 66 4
v 67 4
v 68 4
v 69 4
e 0 13 1
e 0 16 1
e 1 10 1
e 1 49 1
e 2 12 1
e 2 52 1
e 3 15 1
e 3 53 1
e 4 16 1
e 4 54 1
e 5 17 1
e 5 55 1
e 6 19 1
e 6 30 1
e 7 20 1
e 7 56 1
e 8 30 2
e 9 31 1
e 9 33 1
e 9 66 1
e 10 11 1
e 10 12 1
e 10 13 1
e 11 16 1
e 11 17 1
e 11 22 1
e 12 14 1
e 12 19 1
e 13 15 1
e 13 20 1
e 14 15 1
e 14 18 1
e 14 23 1
e 15 21 1
e 16 18 1
e 17 19 1
e 17 24 1
e 18 35 1
e 18 36 1
e 19 37 1
e 20 25 1
e 20 38 1
e 21 26 1
e 21 39 1
e 21 40 1
e 22 41 1
e 22 42 1
e 22 43 1
e 23 44 1
e 23 45 1
e 23 46 1
e 24 27 1
e 24 28 1
e 24 47 1
e 25 26 1
e 25 29 1
e 25 48 1
e 26 50 1
e 26 51 1
e 27 57 1
e 27 58 1
e 27 59 1
e 28 60 1
e 28 61 1
e 28 62 1
e 29 63 1
e 29 64 1
e 29 65 1
e 30 31 1
e 31 32 2
e 32 34 1
e 32 67 1
e 33 34 2
e 33 68 1
e 34 69 1
t # 69422
v 0 34
v 1 1
v 2 1
v 3 1
v 4 1
v 5 1
v 6 1
v 7 2
v 8 3
v 9 3
v 10 3
v 11 3
v 12 3
v 13 3
v 14 4
v 15 4
v 16 4
v 17 4
v 18 4
v 19 4
e 1 17 1
e 2 18 1
e 3 12 1
e 3 19 1
e 7 10 1
e 8 9 2
e 8 11 1
e 9 10 1
e 9 14 1
e 10 12 2
e 11 13 2
e 11 15 1
e 12 13 1
e 13 16 1
t # 69423
v 0 1
v 1 1
v 2 1
v 3 1
v 4 1
v 5 1
v 6 1
v 7 1
v 8 3
v 9 3
v 10 3
v 11 3
v 12 3
v 13 3
v 14 3
v 15 3
v 16 3
v 17 3
v 18 3
v 19 3
v 20 3
v 21 3
v 22 3
v 23 3
v 24 3
v 25 3
v 26 3
v 27 3
v 28 3
v 29 3
v 30 3
v 31 3
v 32 3
v 33 3
v 34 3
v 35 3
v 36 3
v 37 3
v 38 4
v 39 4
v 40 4
v 41 4
v 42 4
v 43 4
v 44 4
v 45 4
v 46 4
v 47 4
v 48 4
v 49 4
v 50 4
v 51 4
v 52 4
v 53 4
v 54 4
v 55 4
v 56 4
v 57 4
v 58 4
v 59 4
v 60 4
v 61 4
v 62 4
v 63 4
v 64 4
v 65 4
e 0 8 1
e 0 9 1
e 1 13 1
e 1 48 1
e 2 16 1
e 2 49 1
e 3 21 1
e 3 54 1
e 4 22 1
e 4 55 1
e 5 23 2
e 6 26 1
e 6 60 1
e 7 29 2
e 8 14 1
e 8 18 1
e 8 19 1
e 9 10 1
e 9 15 2
e 10 13 2
e 10 17 1
e 11 12 1
e 11 13 1
e 11 16 2
e 12 20 1
e 12 38 1
e 12 39 1
e 14 17 2
e 14 40 1
e 15 16 1
e 15 23 1
e 17 41 1
e 18 42 1
e 18 43 1
e 18 44 1
e 19 45 1
e 19 46 1
e 19 47 1
e 20 21 1
e 20 22 2
e 21 24 2
e 22 25 1
e 23 28 1
e 24 26 1
e 24 27 1
e 25 26 2
e 25 29 1
e 27 50 1
e 27 51 1
e 27 52 1
e 28 30 2
e 28 53 1
e 29 31 1
e 30 32 1
e 30 56 1
e 31 57 1
e 31 58 1
e 31 59 1
e 32 33 2
e 32 34 1
e 33 35 1
e 33 61 1
e 34 36 2
e 34 62 1
e 35 37 2
e 35 63 1
e 36 37 1
e 36 64 1
e 37 65 1
t # 69424
v 0 1
v 1 1
v 2 1
v 3 1
v 4 1
v 5 1
v 6 1
v 7 1
v 8 1
v 9 1
v 10 2
v 11 2
v 12 2
v 13 2
v 14 3
v 15 3
v 16 3
v 17 3
v 18 3
v 19 3
v 20 3
v 21 3
v 22 3
v 23 3
v 24 3
v 25 3
v 26 3
v 27 3
v 28 3
v 29 3
v 30 3
v 31 4
v 32 4
v 33 4
v 34 4
v 35 4
v 36 4
v 37 4
v 38 4
v 39 4
v 40 4
v 41 4
v 42 4
v 43 4
v 44 4
v 45 4
v 46 4
v 47 4
v 48 4
v 49 4
v 50 4
v 51 4
v 52 4
v 53 4
v 54 4
v 55 4
v 56 4
v 57 4
v 58 4
v 59 4
v 60 4
v 61 4
v 62 4
v 63 4
v 64 4
e 0 14 1
e 0 20 1
e 1 15 1
e 1 21 1
e 2 20 1
e 2 26 1
e 3 17 1
e 3 51 1
e 4 21 1
e 4 28 1
e 5 23 1
e 5 58 1
e 6 24 1
e 6 59 1
e 7 25 1
e 7 60 1
e 8 27 1
e 8 61 1
e 9 30 1
e 9 64 1
e 10 16 1
e 10 47 1
e 10 48 1
e 11 18 1
e 11 49 1
e 11 50 1
e 12 22 1
e 12 54 1
e 12 55 1
e 13 29 1
e 13 62 1
e 13 63 1
e 14 15 1
e 14 16 1
e 14 31 1
e 15 17 1
e 15 32 1
e 16 19 1
e 16 33 1
e 17 18 1
e 17 34 1
e 18 19 1
e 18 35 1
e 19 36 1
e 19 37 1
e 20 22 1
e 20 38 1
e 21 24 1
e 21 39 1
e 22 23 1
e 22 40 1
e 23 25 1
e 23 41 1
e 24 27 1
e 24 42 1
e 25 26 1
e 25 43 1
e 26 29 1
e 26 44 1
e 27 28 1
e 27 45 1
e 28 30 1
e 28 46 1
e 29 52 1
e 29 53 1
e 30 56 1
e 30 57 1
t # 69425
v 0 1
v 1 1
v 2 1
v 3 1
v 4 1
v 5 2
v 6 2
v 7 2
v 8 2
v 9 3
v 10 3
v 11 3
v 12 3
v 13 3
v 14 3
v 15 3
v 16 3
v 17 4
v 18 4
v 19 4
v 20 4
v 21 4
v 22 4
v 23 4
v 24 4
v 25 4
v 26 4
v 27 4
v 28 4
e 0 11 1
e 0 12 1
e 1 10 1
e 1 23 1
e 2 9 1
e 2 24 1
e 3 13 1
e 3 26 1
e 4 16 2
e 5 6 1
e 5 12 1
e 5 14 1
e 6 15 2
e 7 14 2
e 7 15 1
e 8 16 1
e 8 27 1
e 8 28 1
e 9 10 1
e 9 11 1
e 9 18 1
e 10 12 1
e 10 17 1
e 11 13 1
e 11 19 1
e 12 20 1
e 13 21 1
e 13 22 1
e 14 25 1
e 15 16 1
t # 69426
v 0 1
v 1 1
v 2 1
v 3 1
v 4 1
v 5 1
v 6 1
v 7 1
v 8 1
v 9 3
v 10 3
v 11 3
v 12 3
v 13 3
v 14 3
v 15 3
v 16 3
v 17 3
v 18 3
v 19 3
v 20 3
v 21 3
v 22 3
v 23 3
v 24 3
v 25 3
v 26 3
v 27 3
v 28 3
v 29 3
v 30 4
v 31 4
v 32 4
v 33 4
v 34 4
v 35 4
v 36 4
v 37 4
v 38 4
v 39 4
v 40 4
v 41 4
v 42 4
v 43 4
v 44 4
v 45 4
v 46 4
v 47 4
v 48 4
v 49 4
v 50 4
v 51 4
v 52 4
v 53 4
e 0 11 1
e 0 13 1
e 1 9 1
e 1 37 1
e 2 10 1
e 2 38 1
e 3 13 1
e 3 15 1
e 4 12 1
e 4 39 1
e 5 14 1
e 5 40 1
e 6 19 1
e 6 46 1
e 7 28 1
e 7 29 1
e 8 26 1
e 8 50 1
e 9 10 1
e 9 11 1
e 9 30 1
e 10 12 1
e 10 31 1
e 11 14 1
e 11 32 1
e 12 13 1
e 12 33 1
e 13 34 1
e 14 35 1
e 14 36 1
e 15 16 2
e 15 17 1
e 16 18 1
e 16 41 1
e 17 19 2
e 17 42 1
e 18 20 2
e 18 21 1
e 19 20 1
e 20 43 1
e 21 22 2
e 21 44 1
e 22 23 1
e 22 45 1
e 23 24 2
e 23 25 1
e 24 26 1
e 24 47 1
e 25 27 2
e 25 48 1
e 26 28 2
e 27 28 1
e 27 49 1
e 29 51 1
e 29 52 1
e 29 53 1
t # 69427
v 0 1
v 1 1
v 2 1
v 3 3
v 4 3
v 5 3
v 6 3
v 7 3
v 8 3
v 9 3
v 10 3
v 11 4
v 12 4
v 13 4
v 14 4
v 15 4
v 16 4
v 17 4
v 18 4
e 0 3 1
e 0 9 1
e 1 6 1
e 1 18 1
e 2 9 2
e 3 4 1
e 3 5 2
e 4 6 2
e 4 11 1
e 5 7 1
e 5 12 1
e 6 8 1
e 7 8 2
e 7 13 1
e 8 14 1
e 9 10 1
e 10 15 1
e 10 16 1
e 10 17 1
t # 69428
v 0 1
v 1 1
v 2 3
v 3 3
v 4 3
v 5 3
v 6 3
v 7 3
v 8 4
v 9 4
v 10 4
v 11 4
v 12 4
v 13 4
e 0 2 1
e 0 12 1
e 1 3 1
e 1 13 1
e 2 4 2
e 2 5 1
e 3 4 1
e 3 6 2
e 4 8 1
e 5 7 2
e 5 9 1
e 6 7 1
e 6 10 1
e 7 11 1
t # 69429
v 0 12
v 1 12
v 2 1
v 3 1
v 4 1
v 5 1
v 6 1
v 7 1
v 8 1
v 9 2
v 10 2
v 11 2
v 12 3
v 13 3
v 14 3
v 15 3
v 16 3
v 17 3
v 18 3
v 19 3
v 20 3
v 21 3
v 22 3
v 23 3
v 24 3
v 25 3
v 26 3
v 27 3
v 28 3
v 29 3
v 30 3
v 31 3
v 32 3
v 33 3
v 34 3
v 35 3
v 36 3
v 37 3
v 38 3
v 39 4
v 40 4
v 41 4
v 42 4
v 43 4
v 44 4
v 45 4
v 46 4
v 47 4
v 48 4
v 49 4
v 50 4
v 51 4
v 52 4
v 53 4
v 54 4
v 55 4
v 56 4
v 57 4
v 58 4
v 59 4
e 0 27 1
e 1 35 1
e 2 12 1
e 2 16 1
e 3 15 1
e 3 36 1
e 4 13 1
e 4 47 1
e 5 14 1
e 5 49 1
e 6 25 1
e 6 57 1
e 7 30 2
e 8 31 2
e 9 12 1
e 9 17 1
e 9 19 1
e 10 20 1
e 10 28 1
e 10 46 1
e 11 30 1
e 11 31 1
e 11 50 1
e 12 13 1
e 12 39 1
e 13 14 1
e 13 40 1
e 14 15 1
e 14 41 1
e 15 16 1
e 15 42 1
e 16 25 1
e 16 43 1
e 17 18 1
e 17 20 2
e 18 21 1
e 18 23 2
e 19 21 2
e 19 27 1
e 20 22 1
e 21 29 1
e 22 24 2
e 22 26 1
e 23 24 1
e 23 30 1
e 24 31 1
e 25 44 1
e 25 45 1
e 26 28 2
e 26 34 1
e 27 32 2
e 28 35 1
e 29 33 2
e 29 48 1
e 32 33 1
e 32 51 1
e 33 52 1
e 34 37 2
e 34 53 1
e 35 38 2
e 36 54 1
e 36 55 1
e 36 56 1
e 37 38 1
e 37 58 1
e 38 59 1
t # 69430
v 0 1
v 1 2
v 2 3
v 3 3
v 4 3
v 5 3
v 6 3
v 7 3
v 8 3
v 9 3
v 10 3
v 11 3
v 12 4
v 13 4
v 14 4
v 15 4
v 16 4
v 17 4
v 18 4
v 19 4
v 20 4
v 21 4
v 22 4
v 23 4
v 24 4
v 25 4
v 26 4
e 0 3 1
e 0 20 1
e 1 2 1
e 1 8 1
e 1 17 1
e 2 3 1
e 2 5 1
e 2 12 1
e 3 4 1
e 3 13 1
e 4 6 2
e 4 7 1
e 5 14 1
e 5 15 1
e 5 16 1
e 6 9 1
e 6 18 1
e 7 10 2
e 7 19 1
e 8 21 1
e 8 22 1
e 8 23 1
e 9 11 2
e 9 24 1
e 10 11 1
e 10 25 1
e 11 26 1
t # 69431
v 0 1
v 1 1
v 2 1
v 3 1
v 4 1
v 5 1
v 6 3
v 7 3
v 8 3
v 9 3
v 10 3
v 11 3
v 12 3
v 13 3
v 14 3
v 15 3
v 16 3
v 17 3
v 18 3
v 19 3
v 20 3
v 21 3
v 22 3
v 23 3
v 24 3
v 25 3
v 26 3
v 27 3
v 28 4
v 29 4
v 30 4
v 31 4
v 32 4
v 33 4
v 34 4
v 35 4
v 36 4
v 37 4
v 38 4
v 39 4
v 40 4
v 41 4
v 42 4
v 43 4
v 44 4
v 45 4
v 46 4
v 47 4
v 48 4
v 49 4
v 50 4
v 51 4
v 52 4
v 53 4
v 54 4
v 55 4
e 0 10 1
e 0 22 1
e 1 15 2
e 2 17 2
e 3 20 1
e 3 26 1
e 4 23 1
e 4 27 1
e 5 22 2
e 6 7 1
e 6 10 1
e 6 11 1
e 6 14 1
e 7 8 1
e 7 15 1
e 7 28 1
e 8 9 1
e 8 16 1
e 8 17 1
e 9 12 1
e 9 13 1
e 9 29 1
e 10 12 1
e 10 30 1
e 11 18 1
e 11 19 1
e 11 31 1
e 12 32 1
e 12 33 1
e 13 21 1
e 13 24 1
e 13 34 1
e 14 35 1
e 14 36 1
e 14 37 1
e 15 20 1
e 16 38 1
e 16 39 1
e 16 40 1
e 17 23 1
e 18 22 1
e 18 41 1
e 18 42 1
e 19 20 2
e 19 25 1
e 21 23 2
e 21 43 1
e 24 44 1
e 24 45 1
e 24 46 1
e 25 47 1
e 25 48 1
e 25 49 1
e 26 50 1
e 26 51 1
e 26 52 1
e 27 53 1
e 27 54 1
e 27 55 1
t # 69432
v 0 1
v 1 1
v 2 2
v 3 3
v 4 3
v 5 3
v 6 3
v 7 3
v 8 3
v 9 3
v 10 3
v 11 3
v 12 4
v 13 4
v 14 4
v 15 4
v 16 4
v 17 4
v 18 4
v 19 4
v 20 4
v 21 4
v 22 4
v 23 4
v 24 4
e 0 6 2
e 1 7 2
e 2 6 1
e 2 11 1
e 2 22 1
e 3 4 1
e 3 5 1
e 3 6 1
e 3 7 1
e 4 8 1
e 4 12 1
e 4 13 1
e 5 9 1
e 5 14 1
e 5 15 1
e 7 10 1
e 8 16 1
e 8 17 1
e 8 18 1
e 9 19 1
e 9 20 1
e 9 21 1
e 10 11 2
e 10 23 1
e 11 24 1
t # 69433
v 0 12
v 1 2
v 2 2
v 3 2
v 4 2
v 5 3
v 6 3
v 7 3
v 8 3
v 9 3
v 10 3
v 11 3
v 12 3
v 13 3
v 14 3
v 15 3
v 16 3
v 17 4
v 18 4
v 19 4
v 20 4
v 21 4
v 22 4
v 23 4
v 24 4
v 25 4
v 26 4
v 27 4
v 28 4
v 29 4
e 0 16 1
e 1 6 1
e 1 13 2
e 2 9 2
e 2 13 1
e 3 9 1
e 3 26 1
e 3 27 1
e 4 13 1
e 4 28 1
e 4 29 1
e 5 6 2
e 5 8 1
e 5 9 1
e 6 7 1
e 7 12 1
e 7 17 1
e 7 18 1
e 8 10 2
e 8 11 1
e 10 14 1
e 10 19 1
e 11 15 2
e 11 20 1
e 12 21 1
e 12 22 1
e 12 23 1
e 14 16 2
e 14 24 1
e 15 16 1
e 15 25 1
t # 69434
v 0 1
v 1 1
v 2 1
v 3 3
v 4 3
v 5 3
v 6 3
v 7 3
v 8 3
v 9 3
v 10 3
v 11 3
v 12 3
v 13 3
v 14 3
v 15 3
v 16 3
v 17 3
v 18 3
v 19 3
v 20 3
v 21 3
v 22 3
v 23 3
v 24 4
v 25 4
v 26 4
v 27 4
v 28 4
v 29 4
v 30 4
v 31 4
v 32 4
v 33 4
v 34 4
v 35 4
v 36 4
v 37 4
v 38 4
v 39 4
v 40 4
v 41 4
v 42 4
v 43 4
v 44 4
v 45 4
v 46 4
v 47 4
v 48 4
v 49 4
v 50 4
v 51 4
e 0 7 1
e 0 19 1
e 1 22 1
e 1 51 1
e 2 23 2
e 3 4 1
e 3 5 1
e 3 9 1
e 3 13 1
e 4 6 1
e 4 8 1
e 4 24 1
e 5 7 1
e 5 14 1
e 5 25 1
e 6 11 1
e 6 15 1
e 6 16 1
e 7 10 1
e 7 17 1
e 8 10 1
e 8 26 1
e 8 27 1
e 9 12 1
e 9 28 1
e 9 29 1
e 10 30 1
e 10 31 1
e 11 12 1
e 11 32 1
e 11 33 1
e 12 34 1
e 12 35 1
e 13 36 1
e 13 37 1
e 13 38 1
e 14 18 2
e 14 39 1
e 15 40 1
e 15 41 1
e 15 42 1
e 16 43 1
e 16 44 1
e 16 45 1
e 17 46 1
e 17 47 1
e 17 48 1
e 18 19 1
e 18 20 1
e 19 21 2
e 20 22 2
e 20 49 1
e 21 23 1
e 21 50 1
e 22 23 1
t # 69435
v 0 1
v 1 1
v 2 1
v 3 1
v 4 1
v 5 2
v 6 2
v 7 2
v 8 2
v 9 2
v 10 2
v 11 2
v 12 3
v 13 3
v 14 3
v 15 3
v 16 3
v 17 3
v 18 3
v 19 3
v 20 3
v 21 3
v 22 3
v 23 3
v 24 3
v 25 3
v 26 3
v 27 3
v 28 3
v 29 3
v 30 3
v 31 3
v 32 3
v 33 3
v 34 4
v 35 4
v 36 4
v 37 4
v 38 4
v 39 4
v 40 4
v 41 4
v 42 4
v 43 4
v 44 4
v 45 4
v 46 4
v 47 4
v 48 4
v 49 4
v 50 4
v 51 4
v 52 4
v 53 4
v 54 4
v 55 4
v 56 4
v 57 4
v 58 4
v 59 4
v 60 4
v 61 4
v 62 4
e 0 14 1
e 0 15 1
e 1 13 1
e 1 41 1
e 2 16 1
e 2 44 1
e 3 18 2
e 4 32 1
e 4 33 1
e 5 15 1
e 5 17 1
e 5 19 1
e 6 12 1
e 6 18 1
e 6 38 1
e 7 19 2
e 7 21 1
e 8 17 1
e 8 25 2
e 9 20 1
e 9 47 1
e 9 48 1
e 10 23 1
e 10 28 1
e 10 29 1
e 11 23 2
e 11 25 1
e 12 13 1
e 12 14 1
e 12 34 1
e 13 15 1
e 13 35 1
e 14 16 1
e 14 36 1
e 15 37 1
e 16 39 1
e 16 40 1
e 17 21 2
e 18 20 1
e 19 42 1
e 20 22 1
e 20 43 1
e 21 23 1
e 22 24 1
e 22 45 1
e 22 46 1
e 24 26 2
e 24 27 1
e 25 49 1
e 26 30 1
e 26 50 1
e 27 31 2
e 27 51 1
e 28 52 1
e 28 53 1
e 28 54 1
e 29 55 1
e 29 56 1
e 29 57 1
e 30 32 2
e 30 58 1
e 31 32 1
e 31 59 1
e 33 60 1
e 33 61 1
e 33 62 1
t # 69436
v 0 1
v 1 1
v 2 1
v 3 1
v 4 1
v 5 1
v 6 3
v 7 3
v 8 3
v 9 3
v 10 3
v 11 3
v 12 3
v 13 3
v 14 3
v 15 3
v 16 3
v 17 3
v 18 3
v 19 3
v 20 3
v 21 3
v 22 3
v 23 4
v 24 4
v 25 4
v 26 4
v 27 4
v 28 4
v 29 4
v 30 4
v 31 4
v 32 4
v 33 4
v 34 4
v 35 4
v 36 4
v 37 4
v 38 4
v 39 4
v 40 4
e 0 6 1
e 0 33 1
e 1 7 1
e 1 34 1
e 2 14 1
e 2 19 1
e 3 15 1
e 3 21 1
e 4 16 1
e 4 22 1
e 5 21 2
e 6 7 1
e 6 8 1
e 6 23 1
e 7 12 1
e 7 13 1
e 8 9 1
e 8 24 1
e 8 25 1
e 9 10 1
e 9 11 2
e 10 14 2
e 10 17 1
e 11 15 1
e 11 18 1
e 12 26 1
e 12 27 1
e 12 28 1
e 13 29 1
e 13 30 1
e 13 31 1
e 14 16 1
e 15 16 2
e 17 19 2
e 17 32 1
e 18 20 2
e 18 35 1
e 19 36 1
e 20 21 1
e 20 37 1
e 22 38 1
e 22 39 1
e 22 40 1
t # 69437
v 0 2
v 1 3
v 2 3
v 3 3
v 4 3
v 5 3
v 6 3
v 7 3
v 8 3
v 9 3
v 10 3
v 11 3
v 12 3
v 13 3
v 14 3
v 15 3
v 16 3
v 17 3
v 18 3
v 19 3
v 20 4
v 21 4
v 22 4
v 23 4
v 24 4
v 25 4
v 26 4
v 27 4
v 28 4
v 29 4
v 30 4
v 31 4
v 32 4
v 33 4
v 34 4
v 35 4
v 36 4
v 37 4
v 38 4
v 39 4
v 40 4
e 0 8 1
e 0 19 1
e 0 35 1
e 1 2 1
e 1 3 1
e 1 4 1
e 1 20 1
e 2 5 1
e 2 21 1
e 2 22 1
e 3 6 1
e 3 9 2
e 4 7 1
e 4 10 2
e 5 8 1
e 5 23 1
e 5 24 1
e 6 11 1
e 6 13 2
e 7 12 1
e 7 14 2
e 8 25 1
e 8 26 1
e 9 15 1
e 9 27 1
e 10 16 1
e 10 28 1
e 11 12 2
e 11 29 1
e 12 30 1
e 13 17 1
e 13 31 1
e 14 18 1
e 14 32 1
e 15 17 2
e 15 33 1
e 16 18 2
e 16 34 1
e 17 36 1
e 18 37 1
e 19 38 1
e 19 39 1
e 19 40 1
t # 69438
v 0 1
v 1 1
v 2 1
v 3 1
v 4 2
v 5 2
v 6 2
v 7 2
v 8 3
v 9 3
v 10 3
v 11 3
v 12 3
v 13 3
v 14 3
v 15 3
v 16 3
v 17 3
v 18 3
v 19 3
v 20 3
v 21 3
v 22 3
v 23 3
v 24 3
v 25 3
v 26 3
v 27 3
v 28 3
v 29 3
v 30 3
v 31 3
v 32 3
v 33 3
v 34 3
v 35 3
v 36 3
v 37 3
v 38 3
v 39 3
v 40 3
v 41 3
v 42 4
v 43 4
v 44 4
v 45 4
v 46 4
v 47 4
v 48 4
v 49 4
v 50 4
v 51 4
v 52 4
v 53 4
v 54 4
v 55 4
v 56 4
v 57 4
v 58 4
v 59 4
v 60 4
v 61 4
v 62 4
v 63 4
v 64 4
v 65 4
v 66 4
v 67 4
v 68 4
v 69 4
v 70 4
v 71 4
v 72 4
v 73 4
v 74 4
v 75 4
e 0 38 1
e 0 74 1
e 1 39 1
e 1 75 1
e 2 38 2
e 3 39 2
e 4 16 1
e 4 19 1
e 4 49 1
e 5 17 1
e 5 18 1
e 5 50 1
e 6 10 2
e 6 14 1
e 7 12 1
e 7 15 2
e 8 10 1
e 8 11 2
e 8 20 1
e 9 12 1
e 9 13 2
e 9 21 1
e 10 22 1
e 11 14 1
e 11 30 1
e 12 22 2
e 13 15 1
e 13 33 1
e 14 27 2
e 15 28 1
e 16 23 2
e 16 27 1
e 17 24 1
e 17 29 2
e 18 26 1
e 18 28 2
e 19 25 2
e 19 29 1
e 20 31 1
e 20 42 1
e 20 43 1
e 21 32 1
e 21 44 1
e 21 45 1
e 22 46 1
e 23 25 1
e 23 34 1
e 24 26 2
e 24 35 1
e 25 36 1
e 26 37 1
e 27 47 1
e 28 48 1
e 29 51 1
e 30 52 1
e 30 53 1
e 30 54 1
e 31 38 1
e 31 55 1
e 31 56 1
e 32 39 1
e 32 57 1
e 32 58 1
e 33 59 1
e 33 60 1
e 33 61 1
e 34 62 1
e 34 63 1
e 34 64 1
e 35 65 1
e 35 66 1
e 35 67 1
e 36 40 2
e 36 68 1
e 37 41 2
e 37 69 1
e 40 70 1
e 40 71 1
e 41 72 1
e 41 73 1
t # 69439
v 0 1
v 1 1
v 2 1
v 3 1
v 4 1
v 5 2
v 6 3
v 7 3
v 8 3
v 9 3
v 10 3
v 11 3
v 12 3
v 13 3
v 14 3
v 15 3
v 16 3
v 17 3
v 18 3
v 19 3
v 20 3
v 21 3
v 22 3
v 23 3
v 24 3
v 25 3
v 26 4
v 27 4
v 28 4
v 29 4
v 30 4
v 31 4
v 32 4
v 33 4
v 34 4
v 35 4
v 36 4
v 37 4
v 38 4
v 39 4
v 40 4
v 41 4
v 42 4
v 43 4
v 44 4
e 0 14 1
e 0 24 1
e 1 16 1
e 1 24 1
e 2 21 1
e 2 25 1
e 3 22 1
e 3 25 1
e 4 15 2
e 5 6 1
e 5 8 1
e 5 19 1
e 6 7 1
e 6 26 1
e 6 27 1
e 7 10 2
e 7 14 1
e 8 9 1
e 8 28 1
e 8 29 1
e 9 11 1
e 9 30 1
e 9 31 1
e 10 12 1
e 10 18 1
e 11 13 1
e 11 17 2
e 12 15 1
e 12 32 1
e 12 33 1
e 13 15 1
e 13 20 2
e 14 16 2
e 16 23 1
e 17 21 1
e 17 34 1
e 18 23 2
e 18 35 1
e 19 36 1
e 19 37 1
e 19 38 1
e 20 22 1
e 20 39 1
e 21 22 2
e 23 40 1
e 24 41 1
e 24 42 1
e 25 43 1
e 25 44 1
t # 69440
v 0 1
v 1 1
v 2 1
v 3 1
v 4 1
v 5 2
v 6 3
v 7 3
v 8 3
v 9 3
v 10 3
v 11 3
v 12 3
v 13 3
v 14 3
v 15 3
v 16 3
v 17 3
v 18 3
v 19 3
v 20 3
v 21 3
v 22 3
v 23 3
v 24 4
v 25 4
v 26 4
v 27 4
v 28 4
v 29 4
v 30 4
v 31 4
v 32 4
v 33 4
v 34 4
v 35 4
v 36 4
v 37 4
v 38 4
v 39 4
v 40 4
v 41 4
v 42 4
v 43 4
v 44 4
e 0 10 1
e 0 39 1
e 1 15 1
e 1 20 1
e 2 16 1
e 2 20 1
e 3 21 1
e 3 43 1
e 4 23 1
e 4 44 1
e 5 6 1
e 5 8 1
e 5 27 1
e 6 7 1
e 6 11 1
e 6 24 1
e 7 9 1
e 7 25 1
e 7 26 1
e 8 10 1
e 8 28 1
e 8 29 1
e 9 13 2
e 9 14 1
e 10 12 1
e 10 30 1
e 11 31 1
e 11 32 1
e 11 33 1
e 12 18 2
e 12 19 1
e 13 15 1
e 13 34 1
e 14 17 2
e 14 35 1
e 15 16 2
e 16 17 1
e 17 36 1
e 18 21 1
e 18 37 1
e 19 22 2
e 19 38 1
e 20 40 1
e 20 41 1
e 21 23 2
e 22 23 1
e 22 42 1
t # 69441
v 0 1
v 1 1
v 2 2
v 3 3
v 4 3
v 5 3
v 6 3
v 7 3
v 8 3
v 9 3
v 10 3
v 11 3
v 12 3
v 13 3
v 14 3
v 15 3
v 16 3
v 17 3
v 18 3
v 19 4
v 20 4
v 21 4
v 22 4
v 23 4
v 24 4
v 25 4
v 26 4
v 27 4
v 28 4
v 29 4
v 30 4
v 31 4
v 32 4
v 33 4
v 34 4
v 35 4
v 36 4
v 37 4
v 38 4
v 39 4
e 0 6 1
e 0 9 1
e 1 3 1
e 1 32 1
e 2 4 1
e 2 5 1
e 2 23 1
e 3 4 1
e 3 6 1
e 3 19 1
e 4 20 1
e 4 21 1
e 5 7 1
e 5 8 1
e 5 22 1
e 6 24 1
e 6 25 1
e 7 26 1
e 7 27 1
e 7 28 1
e 8 29 1
e 8 30 1
e 8 31 1
e 9 10 1
e 9 12 2
e 10 11 1
e 10 13 2
e 11 14 1
e 11 16 2
e 12 15 1
e 12 33 1
e 13 17 1
e 13 34 1
e 14 15 2
e 14 35 1
e 15 36 1
e 16 18 1
e 16 37 1
e 17 18 2
e 17 38 1
e 18 39 1
t # 69442
v 0 1
v 1 1
v 2 1
v 3 2
v 4 3
v 5 3
v 6 3
v 7 3
v 8 3
v 9 3
v 10 3
v 11 3
v 12 3
v 13 3
v 14 3
v 15 4
v 16 4
v 17 4
v 18 4
v 19 4
v 20 4
v 21 4
v 22 4
v 23 4
v 24 4
v 25 4
v 26 4
v 27 4
v 28 4
v 29 4
e 0 4 1
e 0 5 1
e 1 8 1
e 1 13 1
e 2 13 2
e 3 13 1
e 3 14 1
e 3 26 1
e 4 6 1
e 4 7 1
e 4 15 1
e 5 8 1
e 5 9 2
e 6 16 1
e 6 17 1
e 6 18 1
e 7 19 1
e 7 20 1
e 7 21 1
e 8 10 2
e 9 11 1
e 9 22 1
e 10 12 1
e 10 23 1
e 11 12 2
e 11 24 1
e 12 25 1
e 14 27 1
e 14 28 1
e 14 29 1
t # 69443
v 0 1
v 1 3
v 2 3
v 3 3
v 4 3
v 5 3
v 6 3
v 7 3
v 8 3
v 9 3
v 10 3
v 11 3
v 12 3
v 13 4
v 14 4
v 15 4
v 16 4
v 17 4
v 18 4
v 19 4
v 20 4
v 21 4
v 22 4
v 23 4
v 24 4
v 25 4
v 26 4
v 27 4
v 28 4
v 29 4
v 30 4
e 0 5 1
e 0 30 1
e 1 3 1
e 1 8 1
e 1 9 1
e 1 13 1
e 2 4 1
e 2 10 1
e 2 11 1
e 2 14 1
e 3 5 2
e 3 6 1
e 4 5 1
e 4 7 2
e 6 12 2
e 6 15 1
e 7 12 1
e 7 16 1
e 8 17 1
e 8 18 1
e 8 19 1
e 9 20 1
e 9 21 1
e 9 22 1
e 10 23 1
e 10 24 1
e 10 25 1
e 11 26 1
e 11 27 1
e 11 28 1
e 12 29 1
t # 69444
v 0 1
v 1 1
v 2 1
v 3 2
v 4 2
v 5 3
v 6 3
v 7 3
v 8 3
v 9 3
v 10 3
v 11 3
v 12 3
v 13 3
v 14 3
v 15 3
v 16 3
v 17 3
v 18 3
v 19 3
v 20 3
v 21 4
v 22 4
v 23 4
v 24 4
v 25 4
v 26 4
v 27 4
v 28 4
v 29 4
v 30 4
v 31 4
v 32 4
v 33 4
v 34 4
v 35 4
v 36 4
v 37 4
v 38 4
v 39 4
v 40 4
v 41 4
v 42 4
e 0 6 1
e 0 37 1
e 1 16 1
e 1 42 1
e 2 20 2
e 3 5 1
e 3 9 1
e 3 25 1
e 4 13 1
e 4 20 1
e 4 40 1
e 5 6 1
e 5 7 1
e 5 21 1
e 6 8 1
e 6 22 1
e 7 11 1
e 7 23 1
e 7 24 1
e 8 10 2
e 8 12 1
e 9 14 1
e 9 15 1
e 9 26 1
e 10 13 1
e 10 17 1
e 11 27 1
e 11 28 1
e 11 29 1
e 12 18 2
e 12 30 1
e 13 16 2
e 14 31 1
e 14 32 1
e 14 33 1
e 15 34 1
e 15 35 1
e 15 36 1
e 16 18 1
e 17 19 2
e 17 38 1
e 18 39 1
e 19 20 1
e 19 41 1
t # 69445
v 0 11
v 1 11
v 2 1
v 3 1
v 4 3
v 5 3
v 6 3
v 7 3
v 8 3
v 9 3
v 10 3
v 11 3
v 12 3
v 13 3
v 14 3
v 15 3
v 16 3
v 17 3
v 18 3
v 19 3
v 20 3
v 21 3
v 22 3
v 23 3
v 24 3
v 25 3
v 26 3
v 27 3
v 28 3
v 29 3
v 30 3
v 31 3
v 32 3
v 33 3
v 34 3
v 35 4
v 36 4
v 37 4
v 38 4
v 39 4
v 40 4
v 41 4
v 42 4
v 43 4
v 44 4
v 45 4
v 46 4
v 47 4
v 48 4
v 49 4
v 50 4
v 51 4
v 52 4
v 53 4
v 54 4
v 55 4
v 56 4
v 57 4
v 58 4
v 59 4
v 60 4
v 61 4
v 62 4
v 63 4
v 64 4
v 65 4
v 66 4
v 67 4
v 68 4
v 69 4
v 70 4
v 71 4
v 72 4
v 73 4
v 74 4
v 75 4
v 76 4
v 77 4
v 78 4
v 79 4
v 80 4
v 81 4
v 82 4
e 0 18 1
e 0 20 1
e 1 19 1
e 1 20 1
e 2 12 1
e 2 81 1
e 3 13 1
e 3 82 1
e 4 8 1
e 4 21 1
e 4 22 1
e 4 23 1
e 5 9 1
e 5 24 1
e 5 25 1
e 5 26 1
e 6 10 1
e 6 27 1
e 6 28 1
e 6 29 1
e 7 11 1
e 7 30 1
e 7 31 1
e 7 32 1
e 8 12 2
e 8 14 1
e 9 13 2
e 9 15 1
e 10 12 1
e 10 16 2
e 11 13 1
e 11 17 2
e 14 18 2
e 14 35 1
e 15 19 2
e 15 36 1
e 16 18 1
e 16 37 1
e 17 19 1
e 17 38 1
e 20 33 1
e 20 34 1
e 21 39 1
e 21 40 1
e 21 41 1
e 22 42 1
e 22 43 1
e 22 44 1
e 23 45 1
e 23 46 1
e 23 47 1
e 24 48 1
e 24 49 1
e 24 50 1
e 25 51 1
e 25 52 1
e 25 53 1
e 26 54 1
e 26 55 1
e 26 56 1
e 27 57 1
e 27 58 1
e 27 59 1
e 28 60 1
e 28 61 1
e 28 62 1
e 29 63 1
e 29 64 1
e 29 65 1
e 30 66 1
e 30 67 1
e 30 68 1
e 31 69 1
e 31 70 1
e 31 71 1
e 32 72 1
e 32 73 1
e 32 74 1
e 33 75 1
e 33 76 1
e 33 77 1
e 34 78 1
e 34 79 1
e 34 80 1
t # 69446
v 0 1
v 1 2
v 2 3
v 3 3
v 4 3
v 5 3
v 6 3
v 7 3
v 8 3
v 9 3
v 10 3
v 11 3
v 12 3
v 13 3
v 14 3
v 15 3
v 16 3
v 17 3
v 18 3
v 19 3
v 20 3
v 21 3
v 22 4
v 23 4
v 24 4
v 25 4
v 26 4
v 27 4
v 28 4
v 29 4
v 30 4
v 31 4
v 32 4
v 33 4
v 34 4
v 35 4
v 36 4
v 37 4
v 38 4
v 39 4
v 40 4
v 41 4
v 42 4
v 43 4
v 44 4
v 45 4
v 46 4
e 0 9 1
e 0 36 1
e 1 2 1
e 1 3 1
e 1 4 1
e 2 5 1
e 2 24 1
e 2 25 1
e 3 6 1
e 3 26 1
e 3 27 1
e 4 7 1
e 4 22 1
e 4 23 1
e 5 8 1
e 5 28 1
e 5 29 1
e 6 8 1
e 6 30 1
e 6 31 1
e 7 9 1
e 7 32 1
e 7 33 1
e 8 34 1
e 8 35 1
e 9 10 1
e 9 11 1
e 10 12 2
e 10 14 1
e 11 13 2
e 11 15 1
e 12 16 1
e 12 37 1
e 13 17 1
e 13 38 1
e 14 18 2
e 14 39 1
e 15 19 2
e 15 40 1
e 16 20 2
e 16 41 1
e 17 21 2
e 17 42 1
e 18 20 1
e 18 43 1
e 19 21 1
e 19 44 1
e 20 45 1
e 21 46 1
t # 69447
v 0 2
v 1 2
v 2 2
v 3 2
v 4 2
v 5 3
v 6 3
v 7 3
v 8 3
v 9 3
v 10 3
v 11 3
v 12 3
v 13 3
v 14 3
v 15 3
v 16 4
v 17 4
v 18 4
v 19 4
v 20 4
v 21 4
v 22 4
v 23 4
v 24 4
e 0 1 1
e 0 5 1
e 0 7 1
e 1 8 2
e 2 5 2
e 2 14 1
e 3 9 1
e 3 14 2
e 4 9 1
e 4 23 1
e 4 24 1
e 5 6 1
e 6 8 1
e 6 9 2
e 7 10 2
e 7 11 1
e 8 16 1
e 10 12 1
e 10 17 1
e 11 13 2
e 11 18 1
e 12 15 2
e 12 19 1
e 13 15 1
e 13 20 1
e 14 21 1
e 15 22 1
t # 69448
v 0 1
v 1 1
v 2 1
v 3 2
v 4 2
v 5 3
v 6 3
v 7 3
v 8 3
v 9 3
v 10 3
v 11 3
v 12 3
v 13 3
v 14 3
v 15 3
v 16 3
v 17 4
v 18 4
v 19 4
v 20 4
v 21 4
v 22 4
v 23 4
v 24 4
v 25 4
v 26 4
v 27 4
v 28 4
v 29 4
v 30 4
v 31 4
v 32 4
v 33 4
v 34 4
v 35 4
v 36 4
e 0 7 1
e 0 31 1
e 1 15 1
e 1 35 1
e 2 16 1
e 2 36 1
e 3 5 1
e 3 6 1
e 3 17 1
e 4 11 2
e 4 13 1
e 5 8 1
e 5 9 1
e 5 10 1
e 6 7 1
e 6 18 1
e 6 19 1
e 7 11 1
e 7 20 1
e 8 21 1
e 8 22 1
e 8 23 1
e 9 24 1
e 9 25 1
e 9 26 1
e 10 27 1
e 10 28 1
e 10 29 1
e 11 12 1
e 12 14 2
e 12 30 1
e 13 15 2
e 13 16 1
e 14 15 1
e 14 32 1
e 16 33 1
e 16 34 1
t # 69449
v 0 1
v 1 1
v 2 2
v 3 2
v 4 3
v 5 3
v 6 3
v 7 3
v 8 3
v 9 3
v 10 3
v 11 3
v 12 3
v 13 3
v 14 3
v 15 4
v 16 4
v 17 4
v 18 4
v 19 4
v 20 4
v 21 4
v 22 4
v 23 4
v 24 4
v 25 4
v 26 4
v 27 4
v 28 4
v 29 4
v 30 4
e 0 7 1
e 0 9 1
e 1 9 2
e 2 10 1
e 2 13 1
e 2 14 1
e 3 12 1
e 3 13 2
e 4 5 1
e 4 6 1
e 4 7 1
e 4 15 1
e 5 8 1
e 5 9 1
e 5 16 1
e 6 10 1
e 6 17 1
e 6 18 1
e 7 19 1
e 7 20 1
e 8 11 1
e 8 21 1
e 8 22 1
e 10 12 2
e 11 23 1
e 11 24 1
e 11 25 1
e 12 26 1
e 13 27 1
e 14 28 1
e 14 29 1
e 14 30 1
t # 69450
v 0 1
v 1 1
v 2 1
v 3 1
v 4 1
v 5 1
v 6 1
v 7 3
v 8 3
v 9 3
v 10 3
v 11 3
v 12 3
v 13 3
v 14 3
v 15 3
v 16 3
v 17 3
v 18 3
v 19 3
v 20 3
v 21 3
v 22 4
v 23 4
v 24 4
v 25 4
v 26 4
v 27 4
v 28 4
v 29 4
v 30 4
v 31 4
v 32 4
v 33 4
v 34 4
v 35 4
v 36 4
v 37 4
v 38 4
v 39 4
e 0 8 1
e 0 10 1
e 1 11 1
e 1 16 1
e 2 9 1
e 2 32 1
e 3 14 1
e 3 18 1
e 4 16 2
e 5 19 1
e 5 39 1
e 6 18 2
e 7 8 1
e 7 9 1
e 7 11 1
e 7 17 1
e 8 10 1
e 8 16 1
e 9 12 1
e 9 13 1
e 10 12 1
e 10 22 1
e 11 14 1
e 11 23 1
e 12 24 1
e 12 25 1
e 13 15 1
e 13 18 1
e 13 26 1
e 14 15 1
e 14 27 1
e 15 19 1
e 15 28 1
e 17 29 1
e 17 30 1
e 17 31 1
e 19 20 1
e 19 21 1
e 20 33 1
e 20 34 1
e 20 35 1
e 21 36 1
e 21 37 1
e 21 38 1
t # 69451
v 0 1
v 1 1
v 2 1
v 3 1
v 4 3
v 5 3
v 6 3
v 7 3
v 8 3
v 9 3
v 10 3
v 11 3
v 12 3
v 13 3
v 14 3
v 15 3
v 16 3
v 17 3
v 18 4
v 19 4
v 20 4
v 21 4
v 22 4
v 23 4
v 24 4
v 25 4
v 26 4
v 27 4
v 28 4
v 29 4
e 0 12 1
e 0 26 1
e 1 13 1
e 1 27 1
e 2 14 1
e 2 28 1
e 3 16 1
e 3 29 1
e 4 6 1
e 4 9 2
e 4 10 1
e 5 7 1
e 5 8 2
e 5 11 1
e 6 7 2
e 6 18 1
e 7 19 1
e 8 12 1
e 8 20 1
e 9 14 1
e 9 21 1
e 10 13 2
e 10 22 1
e 11 15 2
e 11 23 1
e 12 16 2
e 13 17 1
e 14 17 2
e 15 16 1
e 15 24 1
e 17 25 1
t # 69452
v 0 11
v 1 11
v 2 1
v 3 1
v 4 1
v 5 1
v 6 1
v 7 2
v 8 2
v 9 2
v 10 3
v 11 3
v 12 3
v 13 3
v 14 3
v 15 3
v 16 3
v 17 3
v 18 3
v 19 3
v 20 3
v 21 3
v 22 3
v 23 3
v 24 3
v 25 3
v 26 3
v 27 4
v 28 4
v 29 4
v 30 4
v 31 4
v 32 4
v 33 4
v 34 4
v 35 4
v 36 4
v 37 4
v 38 4
v 39 4
e 0 2 2
e 0 3 2
e 0 10 1
e 1 20 1
e 1 25 1
e 4 17 2
e 5 24 1
e 5 39 1
e 6 24 2
e 7 11 1
e 7 17 1
e 7 31 1
e 8 20 1
e 8 32 1
e 9 20 2
e 9 26 1
e 10 12 2
e 10 13 1
e 11 14 2
e 11 15 1
e 12 14 1
e 12 27 1
e 13 15 2
e 13 28 1
e 14 29 1
e 15 30 1
e 16 17 1
e 16 18 1
e 16 19 2
e 18 21 2
e 18 24 1
e 19 22 1
e 19 33 1
e 21 23 1
e 21 34 1
e 22 23 2
e 22 35 1
e 23 36 1
e 25 26 2
e 25 37 1
e 26 38 1
t # 69453
v 0 8
v 1 8
v 2 1
v 3 1
v 4 1
v 5 1
v 6 1
v 7 1
v 8 1
v 9 1
v 10 1
v 11 2
v 12 2
v 13 2
v 14 2
v 15 2
v 16 3
v 17 3
v 18 3
v 19 3
v 20 3
v 21 3
v 22 3
v 23 3
v 24 3
v 25 3
v 26 3
v 27 4
v 28 4
v 29 4
v 30 4
v 31 4
v 32 4
v 33 4
v 34 4
v 35 4
v 36 4
v 37 4
v 38 4
v 39 4
v 40 4
v 41 4
v 42 4
v 43 4
e 2 18 1
e 2 19 1
e 3 16 1
e 3 33 1
e 4 17 1
e 4 34 1
e 5 20 1
e 6 39 1
e 8 42 1
e 9 43 1
e 11 19 1
e 11 21 1
e 11 22 1
e 12 22 2
e 12 23 1
e 13 21 2
e 13 26 1
e 14 25 1
e 14 26 2
e 15 25 1
e 15 40 1
e 15 41 1
e 16 17 1
e 16 18 1
e 16 27 1
e 17 19 1
e 17 28 1
e 18 20 1
e 18 29 1
e 19 30 1
e 20 31 1
e 20 32 1
e 21 23 1
e 22 35 1
e 23 25 2
e 24 36 1
e 24 37 1
e 26 38 1
t # 69454
v 0 1
v 1 1
v 2 1
v 3 1
v 4 1
v 5 1
v 6 1
v 7 1
v 8 1
v 9 1
v 10 3
v 11 3
v 12 3
v 13 3
v 14 3
v 15 3
v 16 3
v 17 3
v 18 3
v 19 3
v 20 3
v 21 3
v 22 3
v 23 3
v 24 3
v 25 3
v 26 3
v 27 3
v 28 3
v 29 3
v 30 3
v 31 4
v 32 4
v 33 4
v 34 4
v 35 4
v 36 4
v 37 4
v 38 4
v 39 4
v 40 4
v 41 4
v 42 4
v 43 4
v 44 4
v 45 4
v 46 4
v 47 4
v 48 4
v 49 4
v 50 4
v 51 4
v 52 4
v 53 4
v 54 4
e 0 13 1
e 0 14 1
e 1 14 1
e 1 16 1
e 2 10 1
e 2 38 1
e 3 11 1
e 3 39 1
e 4 12 1
e 4 40 1
e 5 15 1
e 5 41 1
e 6 20 1
e 6 50 1
e 7 19 2
e 8 22 1
e 8 51 1
e 9 30 1
e 9 54 1
e 10 11 1
e 10 12 1
e 10 31 1
e 11 13 1
e 11 32 1
e 12 14 1
e 12 33 1
e 13 15 1
e 13 34 1
e 14 35 1
e 15 36 1
e 15 37 1
e 16 17 1
e 16 18 2
e 17 19 1
e 17 20 2
e 18 22 1
e 18 42 1
e 19 21 1
e 20 24 1
e 21 23 1
e 21 43 1
e 21 44 1
e 22 24 2
e 23 25 1
e 23 45 1
e 23 46 1
e 24 47 1
e 25 26 2
e 25 27 1
e 26 28 1
e 26 48 1
e 27 29 2
e 27 49 1
e 28 30 2
e 28 52 1
e 29 30 1
e 29 53 1
t # 69455
v 0 1
v 1 1
v 2 1
v 3 1
v 4 1
v 5 3
v 6 3
v 7 3
v 8 3
v 9 3
v 10 3
v 11 3
v 12 3
v 13 3
v 14 3
v 15 3
v 16 3
v 17 3
v 18 3
v 19 3
v 20 4
v 21 4
v 22 4
v 23 4
v 24 4
v 25 4
v 26 4
v 27 4
v 28 4
v 29 4
v 30 4
v 31 4
v 32 4
v 33 4
e 0 8 2
e 1 12 1
e 1 30 1
e 2 13 1
e 2 31 1
e 3 18 1
e 3 32 1
e 4 19 1
e 4 33 1
e 5 6 1
e 5 7 1
e 5 20 1
e 5 21 1
e 6 8 1
e 6 22 1
e 6 23 1
e 7 10 2
e 7 11 1
e 8 9 1
e 9 12 2
e 9 13 1
e 10 16 1
e 10 24 1
e 11 17 2
e 11 25 1
e 12 14 1
e 13 15 2
e 14 18 2
e 14 26 1
e 15 18 1
e 15 27 1
e 16 19 2
e 16 28 1
e 17 19 1
e 17 29 1
t # 69456
v 0 1
v 1 2
v 2 3
v 3 3
v 4 3
v 5 3
v 6 3
v 7 3
v 8 3
v 9 3
v 10 3
v 11 4
v 12 4
v 13 4
v 14 4
v 15 4
v 16 4
v 17 4
v 18 4
v 19 4
v 20 4
v 21 4
v 22 4
v 23 4
e 0 2 1
e 0 20 1
e 1 3 1
e 1 18 1
e 1 19 1
e 2 3 1
e 2 4 1
e 2 11 1
e 3 5 1
e 3 12 1
e 4 6 2
e 4 7 1
e 5 13 1
e 5 14 1
e 5 15 1
e 6 8 1
e 6 16 1
e 7 9 2
e 7 17 1
e 8 10 2
e 8 21 1
e 9 10 1
e 9 22 1
e 10 23 1
t # 69457
v 0 1
v 1 1
v 2 2
v 3 3
v 4 3
v 5 3
v 6 3
v 7 3
v 8 3
v 9 3
v 10 3
v 11 3
v 12 4
v 13 4
v 14 4
v 15 4
v 16 4
v 17 4
v 18 4
v 19 4
v 20 4
v 21 4
v 22 4
v 23 4
v 24 4
e 0 3 1
e 0 19 1
e 1 8 1
e 1 24 1
e 2 4 1
e 2 11 1
e 2 17 1
e 3 4 1
e 3 5 1
e 3 12 1
e 4 13 1
e 4 14 1
e 5 6 2
e 5 7 1
e 6 8 1
e 6 15 1
e 7 9 2
e 7 16 1
e 8 10 2
e 9 10 1
e 9 18 1
e 10 20 1
e 11 21 1
e 11 22 1
e 11 23 1
t # 69458
v 0 1
v 1 1
v 2 2
v 3 2
v 4 3
v 5 3
v 6 3
v 7 3
v 8 3
v 9 3
v 10 3
v 11 3
v 12 3
v 13 3
v 14 3
v 15 3
v 16 3
v 17 3
v 18 3
v 19 3
v 20 3
v 21 3
v 22 3
v 23 4
v 24 4
v 25 4
v 26 4
v 27 4
v 28 4
v 29 4
v 30 4
v 31 4
v 32 4
v 33 4
v 34 4
v 35 4
v 36 4
v 37 4
v 38 4
v 39 4
v 40 4
v 41 4
v 42 4
e 0 6 2
e 1 7 2
e 2 3 1
e 2 6 1
e 2 10 1
e 3 7 1
e 3 11 1
e 4 5 1
e 4 6 1
e 4 7 1
e 4 23 1
e 5 8 1
e 5 24 1
e 5 25 1
e 8 9 1
e 8 26 1
e 8 27 1
e 9 12 1
e 9 28 1
e 9 29 1
e 10 13 2
e 10 15 1
e 11 14 2
e 11 16 1
e 12 30 1
e 12 31 1
e 12 32 1
e 13 17 1
e 13 33 1
e 14 18 1
e 14 34 1
e 15 19 2
e 15 35 1
e 16 20 2
e 16 36 1
e 17 21 2
e 17 37 1
e 18 22 2
e 18 38 1
e 19 21 1
e 19 39 1
e 20 22 1
e 20 40 1
e 21 41 1
e 22 42 1
t # 69459
v 0 2
v 1 2
v 2 2
v 3 2
v 4 2
v 5 3
v 6 3
v 7 3
v 8 3
v 9 3
v 10 3
v 11 3
v 12 3
v 13 4
v 14 4
v 15 4
v 16 4
v 17 4
v 18 4
v 19 4
v 20 4
v 21 4
v 22 4
v 23 4
e 0 5 1
e 0 11 2
e 1 11 1
e 1 12 2
e 2 11 1
e 2 18 1
e 2 19 1
e 3 12 1
e 3 20 1
e 3 21 1
e 4 12 1
e 4 22 1
e 4 23 1
e 5 6 2
e 5 7 1
e 6 8 1
e 6 13 1
e 7 9 2
e 7 14 1
e 8 10 2
e 8 15 1
e 9 10 1
e 9 16 1
e 10 17 1
t # 69460
v 0 1
v 1 1
v 2 3
v 3 3
v 4 3
v 5 3
v 6 3
v 7 3
v 8 3
v 9 3
v 10 3
v 11 3
v 12 4
v 13 4
v 14 4
v 15 4
v 16 4
v 17 4
v 18 4
v 19 4
v 20 4
v 21 4
v 22 4
v 23 4
e 0 8 1
e 0 23 1
e 1 8 2
e 2 3 1
e 2 4 1
e 2 12 1
e 2 13 1
e 3 5 1
e 3 14 1
e 3 15 1
e 4 6 2
e 4 7 1
e 5 8 1
e 5 16 1
e 5 17 1
e 6 9 1
e 6 18 1
e 7 10 2
e 7 19 1
e 9 11 2
e 9 20 1
e 10 11 1
e 10 21 1
e 11 22 1
t # 69461
v 0 12
v 1 1
v 2 2
v 3 3
v 4 3
v 5 3
v 6 3
v 7 3
v 8 3
v 9 3
v 10 3
v 11 3
v 12 3
v 13 3
v 14 3
v 15 3
v 16 3
v 17 3
v 18 3
v 19 3
v 20 3
v 21 4
v 22 4
v 23 4
v 24 4
v 25 4
v 26 4
v 27 4
v 28 4
v 29 4
v 30 4
v 31 4
v 32 4
v 33 4
v 34 4
v 35 4
v 36 4
v 37 4
v 38 4
v 39 4
v 40 4
v 41 4
v 42 4
e 0 9 1
e 1 6 1
e 1 12 1
e 2 3 1
e 2 4 1
e 2 5 1
e 3 6 1
e 3 7 1
e 3 21 1
e 4 8 1
e 4 22 1
e 4 23 1
e 5 9 1
e 5 24 1
e 5 25 1
e 6 26 1
e 6 27 1
e 7 28 1
e 7 29 1
e 7 30 1
e 8 10 2
e 8 11 1
e 9 31 1
e 9 32 1
e 10 13 1
e 10 33 1
e 11 14 2
e 11 34 1
e 12 16 2
e 12 17 1
e 13 15 2
e 13 35 1
e 14 15 1
e 14 36 1
e 15 37 1
e 16 18 1
e 16 38 1
e 17 19 2
e 17 39 1
e 18 20 2
e 18 40 1
e 19 20 1
e 19 41 1
e 20 42 1
t # 69462
v 0 11
v 1 1
v 2 1
v 3 1
v 4 1
v 5 1
v 6 3
v 7 3
v 8 3
v 9 3
v 10 3
v 11 3
v 12 3
v 13 3
v 14 3
v 15 3
v 16 3
v 17 3
v 18 3
v 19 3
v 20 3
v 21 3
v 22 3
v 23 3
v 24 3
v 25 4
v 26 4
v 27 4
v 28 4
v 29 4
v 30 4
v 31 4
v 32 4
v 33 4
v 34 4
v 35 4
v 36 4
v 37 4
v 38 4
e 0 2 2
e 0 3 2
e 0 8 1
e 1 6 1
e 4 23 1
e 4 37 1
e 5 24 1
e 5 38 1
e 6 7 1
e 6 9 1
e 6 10 1
e 7 8 1
e 7 11 2
e 8 12 2
e 9 13 2
e 9 15 1
e 10 14 2
e 10 16 1
e 11 17 1
e 11 25 1
e 12 18 1
e 12 26 1
e 13 19 1
e 13 27 1
e 14 20 1
e 14 28 1
e 15 21 2
e 15 29 1
e 16 22 2
e 16 30 1
e 17 18 2
e 17 31 1
e 18 32 1
e 19 23 2
e 19 33 1
e 20 24 2
e 20 34 1
e 21 23 1
e 21 35 1
e 22 24 1
e 22 36 1
t # 69463
v 0 11
v 1 1
v 2 1
v 3 1
v 4 1
v 5 3
v 6 3
v 7 3
v 8 3
v 9 3
v 10 3
v 11 4
v 12 4
v 13 4
v 14 4
v 15 4
v 16 4
e 0 3 2
e 0 4 2
e 0 5 1
e 1 15 1
e 2 10 1
e 2 16 1
e 5 6 2
e 5 7 1
e 6 8 1
e 6 11 1
e 7 9 2
e 7 12 1
e 8 10 2
e 8 13 1
e 9 10 1
e 9 14 1
t # 69464
v 0 2
v 1 2
v 2 3
v 3 3
v 4 3
v 5 3
v 6 3
v 7 3
v 8 3
v 9 3
v 10 3
v 11 3
v 12 3
v 13 3
v 14 4
v 15 4
v 16 4
v 17 4
v 18 4
v 19 4
v 20 4
v 21 4
e 0 2 2
e 0 4 1
e 1 3 2
e 1 5 1
e 2 3 1
e 2 6 1
e 3 7 1
e 4 5 1
e 4 8 2
e 5 9 2
e 6 10 2
e 6 14 1
e 7 11 2
e 7 15 1
e 8 12 1
e 8 16 1
e 9 13 1
e 9 17 1
e 10 11 1
e 10 18 1
e 11 19 1
e 12 13 2
e 12 20 1
e 13 21 1
t # 69465
v 0 2
v 1 2
v 2 2
v 3 2
v 4 2
v 5 3
v 6 3
v 7 3
v 8 3
v 9 3
v 10 3
v 11 3
v 12 3
v 13 3
v 14 3
v 15 3
v 16 4
v 17 4
v 18 4
v 19 4
v 20 4
v 21 4
v 22 4
v 23 4
v 24 4
v 25 4
v 26 4
e 0 6 1
e 0 9 2
e 1 5 1
e 2 10 1
e 3 6 1
e 3 23 1
e 3 24 1
e 4 9 1
e 4 25 1
e 4 26 1
e 5 6 2
e 5 7 1
e 7 8 2
e 7 16 1
e 8 9 1
e 8 17 1
e 10 11 2
e 10 12 1
e 11 13 1
e 11 18 1
e 12 14 2
e 12 19 1
e 13 15 2
e 13 20 1
e 14 15 1
e 14 21 1
e 15 22 1
t # 69466
v 0 1
v 1 1
v 2 2
v 3 3
v 4 3
v 5 3
v 6 3
v 7 3
v 8 3
v 9 3
v 10 3
v 11 3
v 12 3
v 13 4
v 14 4
v 15 4
v 16 4
v 17 4
v 18 4
v 19 4
v 20 4
v 21 4
v 22 4
v 23 4
v 24 4
v 25 4
e 0 4 1
e 0 9 1
e 1 11 2
e 2 3 1
e 2 11 1
e 2 19 1
e 3 5 2
e 3 6 1
e 4 7 2
e 4 8 1
e 5 7 1
e 5 13 1
e 6 8 2
e 6 14 1
e 7 15 1
e 8 16 1
e 9 10 1
e 9 17 1
e 9 18 1
e 10 20 1
e 10 21 1
e 10 22 1
e 11 12 1
e 12 23 1
e 12 24 1
e 12 25 1
t # 69467
v 0 11
v 1 2
v 2 2
v 3 2
v 4 3
v 5 3
v 6 3
v 7 3
v 8 3
v 9 3
v 10 3
v 11 3
v 12 3
v 13 3
v 14 3
v 15 3
v 16 3
v 17 3
v 18 3
v 19 3
v 20 3
v 21 3
v 22 3
v 23 3
v 24 4
v 25 4
v 26 4
v 27 4
v 28 4
v 29 4
v 30 4
v 31 4
v 32 4
v 33 4
v 34 4
v 35 4
v 36 4
v 37 4
v 38 4
v 39 4
v 40 4
v 41 4
v 42 4
v 43 4
v 44 4
v 45 4
v 46 4
v 47 4
v 48 4
e 0 14 1
e 0 15 1
e 1 4 1
e 1 5 1
e 1 6 1
e 2 7 1
e 2 8 1
e 2 11 1
e 3 10 1
e 3 12 1
e 3 13 1
e 4 7 1
e 4 24 1
e 4 25 1
e 5 8 1
e 5 26 1
e 5 27 1
e 6 9 1
e 6 28 1
e 6 29 1
e 7 30 1
e 7 31 1
e 8 32 1
e 8 33 1
e 9 10 1
e 9 34 1
e 9 35 1
e 10 36 1
e 10 37 1
e 11 38 1
e 11 39 1
e 11 40 1
e 12 14 1
e 12 16 2
e 13 15 1
e 13 17 2
e 14 18 2
e 15 19 2
e 16 20 1
e 16 41 1
e 17 21 1
e 17 42 1
e 18 22 1
e 18 43 1
e 19 23 1
e 19 44 1
e 20 22 2
e 20 45 1
e 21 23 2
e 21 46 1
e 22 47 1
e 23 48 1
t # 69468
v 0 1
v 1 1
v 2 1
v 3 1
v 4 1
v 5 1
v 6 1
v 7 1
v 8 1
v 9 2
v 10 2
v 11 2
v 12 2
v 13 2
v 14 3
v 15 3
v 16 3
v 17 3
v 18 3
v 19 3
v 20 3
v 21 3
v 22 3
v 23 3
v 24 3
v 25 3
v 26 3
v 27 3
v 28 3
v 29 3
v 30 3
v 31 3
v 32 3
v 33 3
v 34 3
v 35 3
v 36 3
v 37 3
v 38 3
v 39 3
v 40 3
v 41 3
v 42 3
v 43 3
v 44 3
v 45 3
v 46 3
v 47 3
v 48 4
v 49 4
v 50 4
v 51 4
v 52 4
v 53 4
v 54 4
v 55 4
v 56 4
v 57 4
v 58 4
v 59 4
v 60 4
v 61 4
v 62 4
v 63 4
v 64 4
v 65 4
v 66 4
v 67 4
v 68 4
v 69 4
v 70 4
v 71 4
v 72 4
v 73 4
v 74 4
v 75 4
v 76 4
v 77 4
v 78 4
v 79 4
v 80 4
v 81 4
v 82 4
v 83 4
v 84 4
v 85 4
v 86 4
v 87 4
v 88 4
v 89 4
v 90 4
v 91 4
v 92 4
v 93 4
v 94 4
v 95 4
v 96 4
v 97 4
v 98 4
v 99 4
v 100 4
v 101 4
v 102 4
v 103 4
v 104 4
v 105 4
v 106 4
v 107 4
v 108 4
v 109 4
v 110 4
e 0 16 1
e 0 80 1
e 1 25 1
e 1 100 1
e 2 22 2
e 3 29 2
e 4 31 2
e 5 36 2
e 6 44 1
e 6 110 1
e 7 42 2
e 8 44 2
e 9 14 1
e 9 22 1
e 9 54 1
e 10 18 1
e 10 31 1
e 10 69 1
e 11 19 1
e 11 36 1
e 11 71 1
e 12 29 1
e 12 32 1
e 12 83 1
e 13 28 1
e 13 42 1
e 13 90 1
e 14 15 1
e 14 16 1
e 14 48 1
e 15 17 1
e 15 49 1
e 15 50 1
e 16 20 1
e 16 51 1
e 17 26 1
e 17 27 1
e 17 52 1
e 18 21 1
e 18 22 1
e 18 53 1
e 19 23 1
e 19 25 1
e 19 55 1
e 20 29 1
e 20 56 1
e 20 57 1
e 21 33 1
e 21 34 1
e 21 58 1
e 23 24 1
e 23 59 1
e 23 60 1
e 24 37 1
e 24 38 1
e 24 61 1
e 25 35 1
e 25 62 1
e 26 63 1
e 26 64 1
e 26 65 1
e 27 66 1
e 27 67 1
e 27 68 1
e 28 30 1
e 28 31 1
e 28 70 1
e 30 39 1
e 30 40 1
e 30 72 1
e 32 36 1
e 32 41 1
e 32 73 1
e 33 74 1
e 33 75 1
e 33 76 1
e 34 77 1
e 34 78 1
e 34 79 1
e 35 44 1
e 35 81 1
e 35 82 1
e 37 84 1
e 37 85 1
e 37 86 1
e 38 87 1
e 38 88 1
e 38 89 1
e 39 91 1
e 39 92 1
e 39 93 1
e 40 94 1
e 40 95 1
e 40 96 1
e 41 97 1
e 41 98 1
e 41 99 1
e 42 43 1
e 43 45 1
e 43 101 1
e 43 102 1
e 45 46 1
e 45 47 1
e 45 103 1
e 46 104 1
e 46 105 1
e 46 106 1
e 47 107 1
e 47 108 1
e 47 109 1
t # 69469
v 0 1
v 1 1
v 2 2
v 3 2
v 4 2
v 5 2
v 6 3
v 7 3
v 8 3
v 9 3
v 10 3
v 11 3
v 12 3
v 13 3
v 14 3
v 15 3
v 16 3
v 17 3
v 18 3
v 19 3
v 20 3
v 21 3
v 22 3
v 23 3
v 24 3
v 25 4
v 26 4
v 27 4
v 28 4
v 29 4
v 30 4
v 31 4
v 32 4
v 33 4
v 34 4
v 35 4
v 36 4
v 37 4
v 38 4
v 39 4
v 40 4
v 41 4
v 42 4
v 43 4
v 44 4
v 45 4
v 46 4
v 47 4
v 48 4
e 0 9 1
e 0 11 1
e 1 10 1
e 1 12 1
e 2 23 1
e 2 43 1
e 2 44 1
e 3 24 1
e 3 45 1
e 3 46 1
e 4 23 2
e 4 47 1
e 5 24 2
e 5 48 1
e 6 7 1
e 6 8 1
e 6 25 1
e 6 26 1
e 7 9 1
e 7 27 1
e 7 28 1
e 8 10 1
e 8 29 1
e 8 30 1
e 9 31 1
e 9 32 1
e 10 33 1
e 10 34 1
e 11 13 2
e 11 15 1
e 12 14 2
e 12 16 1
e 13 19 1
e 13 35 1
e 14 20 1
e 14 36 1
e 15 21 2
e 15 37 1
e 16 22 2
e 16 38 1
e 17 19 2
e 17 21 1
e 17 23 1
e 18 20 2
e 18 22 1
e 18 24 1
e 19 39 1
e 20 40 1
e 21 41 1
e 22 42 1
t # 69470
v 0 11
v 1 1
v 2 1
v 3 2
v 4 3
v 5 3
v 6 3
v 7 3
v 8 3
v 9 4
v 10 4
v 11 4
v 12 4
v 13 4
v 14 4
v 15 4
v 16 4
v 17 4
v 18 4
v 19 4
e 0 4 1
e 1 8 1
e 1 19 1
e 2 8 2
e 3 5 1
e 3 16 1
e 3 17 1
e 4 5 1
e 4 6 1
e 4 7 1
e 5 8 1
e 5 9 1
e 6 10 1
e 6 11 1
e 6 12 1
e 7 13 1
e 7 14 1
e 7 15 1
t # 69471
v 0 1
v 1 1
v 2 1
v 3 1
v 4 3
v 5 3
v 6 3
v 7 3
v 8 3
v 9 3
v 10 3
v 11 4
v 12 4
v 13 4
v 14 4
v 15 4
v 16 4
e 0 5 1
e 0 7 1
e 1 6 1
e 1 10 1
e 2 5 1
e 2 16 1
e 3 10 2
e 4 5 1
e 4 6 1
e 4 9 2
e 5 11 1
e 6 8 2
e 7 8 1
e 7 12 1
e 7 13 1
e 8 14 1
e 9 10 1
e 9 15 1
t # 69472
v 0 12
v 1 1
v 2 3
v 3 3
v 4 3
v 5 3
v 6 3
v 7 3
v 8 4
v 9 4
v 10 4
v 11 4
v 12 4
e 0 7 1
e 1 2 1
e 1 12 1
e 2 3 2
e 2 4 1
e 3 5 1
e 3 8 1
e 4 6 2
e 4 9 1
e 5 7 2
e 5 10 1
e 6 7 1
e 6 11 1
t # 69473
v 0 1
v 1 1
v 2 1
v 3 1
v 4 2
v 5 3
v 6 3
v 7 3
v 8 3
v 9 3
v 10 3
v 11 3
v 12 3
v 13 3
v 14 3
v 15 3
v 16 3
v 17 3
v 18 3
v 19 3
v 20 3
v 21 3
v 22 3
v 23 3
v 24 3
v 25 4
v 26 4
v 27 4
v 28 4
v 29 4
v 30 4
v 31 4
v 32 4
v 33 4
v 34 4
v 35 4
v 36 4
v 37 4
v 38 4
v 39 4
v 40 4
v 41 4
v 42 4
v 43 4
v 44 4
v 45 4
e 0 12 1
e 0 21 1
e 1 14 1
e 1 22 1
e 2 18 1
e 2 23 1
e 3 19 1
e 3 24 1
e 4 7 2
e 4 17 1
e 5 7 1
e 5 8 1
e 5 10 2
e 6 7 1
e 6 9 1
e 6 25 1
e 6 26 1
e 8 11 2
e 8 13 1
e 9 15 2
e 9 16 1
e 10 12 1
e 10 27 1
e 11 14 1
e 11 28 1
e 12 14 2
e 13 17 2
e 13 29 1
e 15 18 1
e 15 30 1
e 16 20 2
e 16 31 1
e 17 32 1
e 18 19 2
e 19 20 1
e 20 33 1
e 21 34 1
e 21 35 1
e 21 36 1
e 22 37 1
e 22 38 1
e 22 39 1
e 23 40 1
e 23 41 1
e 23 42 1
e 24 43 1
e 24 44 1
e 24 45 1
t # 69474
v 0 1
v 1 1
v 2 1
v 3 1
v 4 2
v 5 3
v 6 3
v 7 3
v 8 3
v 9 3
v 10 3
v 11 3
v 12 3
v 13 3
v 14 4
v 15 4
v 16 4
v 17 4
v 18 4
v 19 4
v 20 4
v 21 4
v 22 4
v 23 4
v 24 4
v 25 4
v 26 4
v 27 4
v 28 4
v 29 4
v 30 4
v 31 4
v 32 4
e 0 6 1
e 0 26 1
e 1 7 1
e 1 29 1
e 2 10 2
e 3 13 1
e 3 32 1
e 4 10 1
e 4 11 1
e 4 23 1
e 5 6 1
e 5 7 1
e 5 8 1
e 5 9 1
e 6 10 1
e 6 14 1
e 7 15 1
e 7 16 1
e 8 17 1
e 8 18 1
e 8 19 1
e 9 20 1
e 9 21 1
e 9 22 1
e 11 12 1
e 11 24 1
e 11 25 1
e 12 13 1
e 12 27 1
e 12 28 1
e 13 30 1
e 13 31 1
t # 69475
v 0 1
v 1 1
v 2 3
v 3 3
v 4 3
v 5 3
v 6 3
v 7 3
v 8 3
v 9 3
v 10 3
v 11 3
v 12 3
v 13 3
v 14 3
v 15 3
v 16 3
v 17 3
v 18 4
v 19 4
v 20 4
v 21 4
v 22 4
v 23 4
v 24 4
v 25 4
v 26 4
v 27 4
v 28 4
v 29 4
v 30 4
v 31 4
v 32 4
v 33 4
v 34 4
v 35 4
v 36 4
v 37 4
v 38 4
v 39 4
v 40 4
v 41 4
v 42 4
v 43 4
v 44 4
v 45 4
v 46 4
v 47 4
e 0 17 1
e 0 47 1
e 1 17 2
e 2 3 1
e 2 4 1
e 2 18 1
e 2 19 1
e 3 5 1
e 3 20 1
e 3 21 1
e 4 6 1
e 4 22 1
e 4 23 1
e 5 7 1
e 5 24 1
e 5 25 1
e 6 12 1
e 6 26 1
e 6 27 1
e 7 14 1
e 7 28 1
e 7 29 1
e 8 9 1
e 8 10 1
e 8 30 1
e 8 31 1
e 9 11 1
e 9 32 1
e 9 33 1
e 10 13 1
e 10 34 1
e 10 35 1
e 11 15 1
e 11 36 1
e 11 37 1
e 12 15 2
e 12 38 1
e 13 16 1
e 13 39 1
e 13 40 1
e 14 17 1
e 14 41 1
e 14 42 1
e 15 43 1
e 16 44 1
e 16 45 1
e 16 46 1
t # 69476
v 0 1
v 1 1
v 2 1
v 3 1
v 4 2
v 5 3
v 6 3
v 7 3
v 8 3
v 9 3
v 10 3
v 11 3
v 12 3
v 13 4
v 14 4
v 15 4
v 16 4
v 17 4
v 18 4
v 19 4
e 0 12 1
e 0 19 1
e 1 12 2
e 4 9 1
e 5 6 1
e 5 7 2
e 5 8 1
e 6 12 1
e 6 13 1
e 6 14 1
e 7 10 1
e 7 15 1
e 8 11 2
e 8 16 1
e 9 10 2
e 9 11 1
e 10 17 1
e 11 18 1
t # 69477
v 0 1
v 1 1
v 2 1
v 3 2
v 4 3
v 5 3
v 6 3
v 7 3
v 8 3
v 9 3
v 10 3
v 11 4
v 12 4
v 13 4
v 14 4
v 15 4
v 16 4
v 17 4
e 0 5 1
e 0 16 1
e 1 10 1
e 1 17 1
e 2 10 2
e 3 6 1
e 3 14 1
e 3 15 1
e 4 5 2
e 4 8 1
e 4 10 1
e 5 7 1
e 6 7 2
e 6 9 1
e 7 11 1
e 8 9 2
e 8 12 1
e 9 13 1
t # 69478
v 0 1
v 1 1
v 2 1
v 3 2
v 4 2
v 5 3
v 6 3
v 7 3
v 8 3
v 9 3
v 10 3
v 11 3
v 12 3
v 13 3
v 14 3
v 15 3
v 16 3
v 17 3
v 18 3
v 19 3
v 20 3
v 21 3
v 22 3
v 23 3
v 24 4
v 25 4
v 26 4
v 27 4
v 28 4
v 29 4
v 30 4
v 31 4
v 32 4
v 33 4
v 34 4
v 35 4
v 36 4
v 37 4
v 38 4
v 39 4
v 40 4
v 41 4
v 42 4
v 43 4
e 0 7 2
e 1 8 2
e 2 22 1
e 2 43 1
e 3 4 1
e 3 7 1
e 3 11 1
e 4 8 1
e 4 12 1
e 5 6 1
e 5 7 1
e 5 8 1
e 5 24 1
e 6 9 1
e 6 25 1
e 6 26 1
e 9 10 1
e 9 27 1
e 9 28 1
e 10 13 1
e 10 29 1
e 10 30 1
e 11 14 2
e 11 15 1
e 12 16 2
e 12 17 1
e 13 31 1
e 13 32 1
e 13 33 1
e 14 18 1
e 14 34 1
e 15 19 2
e 15 35 1
e 16 20 1
e 16 36 1
e 17 21 2
e 17 37 1
e 18 22 2
e 18 38 1
e 19 22 1
e 19 39 1
e 20 23 2
e 20 40 1
e 21 23 1
e 21 41 1
e 23 42 1
t # 69479
v 0 1
v 1 1
v 2 1
v 3 3
v 4 3
v 5 3
v 6 3
v 7 3
v 8 3
v 9 3
v 10 3
v 11 3
v 12 3
v 13 3
v 14 3
v 15 3
v 16 3
v 17 4
v 18 4
v 19 4
v 20 4
v 21 4
v 22 4
v 23 4
v 24 4
v 25 4
v 26 4
v 27 4
v 28 4
e 0 8 1
e 0 16 1
e 1 6 1
e 1 25 1
e 2 4 2
e 3 4 1
e 3 6 2
e 3 7 1
e 4 5 1
e 5 11 2
e 5 12 1
e 6 9 1
e 7 10 2
e 7 17 1
e 8 9 2
e 8 10 1
e 9 18 1
e 10 19 1
e 11 13 1
e 11 20 1
e 12 14 2
e 12 21 1
e 13 15 2
e 13 22 1
e 14 15 1
e 14 23 1
e 15 24 1
e 16 26 1
e 16 27 1
e 16 28 1
t # 69480
v 0 1
v 1 2
v 2 2
v 3 3
v 4 3
v 5 3
v 6 3
v 7 3
v 8 3
v 9 3
v 10 3
v 11 3
v 12 3
v 13 3
v 14 3
v 15 4
v 16 4
v 17 4
v 18 4
v 19 4
v 20 4
v 21 4
v 22 4
v 23 4
v 24 4
v 25 4
v 26 4
v 27 4
v 28 4
v 29 4
v 30 4
v 31 4
v 32 4
e 0 11 2
e 1 5 1
e 1 6 1
e 1 9 1
e 2 7 1
e 2 11 1
e 2 12 1
e 3 4 1
e 3 5 1
e 3 15 1
e 3 16 1
e 4 6 1
e 4 17 1
e 4 18 1
e 5 19 1
e 5 20 1
e 6 21 1
e 6 22 1
e 7 8 1
e 7 23 1
e 7 24 1
e 8 10 1
e 8 25 1
e 8 26 1
e 9 13 1
e 9 27 1
e 9 28 1
e 10 11 1
e 10 29 1
e 10 30 1
e 12 14 1
e 12 31 1
e 12 32 1
t # 69481
v 0 1
v 1 1
v 2 1
v 3 2
v 4 3
v 5 3
v 6 3
v 7 3
v 8 3
v 9 3
v 10 3
v 11 3
v 12 4
v 13 4
v 14 4
v 15 4
v 16 4
v 17 4
v 18 4
v 19 4
v 20 4
v 21 4
v 22 4
e 0 7 1
e 0 20 1
e 1 9 1
e 1 21 1
e 2 11 1
e 2 22 1
e 3 6 1
e 3 18 1
e 3 19 1
e 4 5 1
e 4 6 1
e 4 12 1
e 4 13 1
e 5 7 1
e 5 8 2
e 6 14 1
e 6 15 1
e 7 10 2
e 8 9 1
e 8 16 1
e 9 11 2
e 10 11 1
e 10 17 1
t # 69482
v 0 1
v 1 1
v 2 1
v 3 2
v 4 3
v 5 3
v 6 3
v 7 3
v 8 3
v 9 3
v 10 3
v 11 3
v 12 3
v 13 3
v 14 3
v 15 3
v 16 3
v 17 3
v 18 3
v 19 3
v 20 3
v 21 3
v 22 4
v 23 4
v 24 4
v 25 4
v 26 4
v 27 4
v 28 4
v 29 4
v 30 4
v 31 4
v 32 4
v 33 4
v 34 4
v 35 4
v 36 4
e 0 4 1
e 0 6 1
e 1 19 1
e 1 36 1
e 2 19 2
e 3 5 1
e 3 6 2
e 4 5 2
e 4 8 1
e 5 9 1
e 6 7 1
e 7 10 1
e 7 22 1
e 7 23 1
e 8 11 2
e 8 12 1
e 9 13 2
e 9 14 1
e 10 19 1
e 10 24 1
e 10 25 1
e 11 15 1
e 11 26 1
e 12 16 2
e 12 27 1
e 13 17 1
e 13 28 1
e 14 18 2
e 14 29 1
e 15 20 2
e 15 30 1
e 16 20 1
e 16 31 1
e 17 21 2
e 17 32 1
e 18 21 1
e 18 33 1
e 20 34 1
e 21 35 1
t # 69483
v 0 7
v 1 1
v 2 1
v 3 1
v 4 1
v 5 2
v 6 2
v 7 3
v 8 3
v 9 3
v 10 3
v 11 3
v 12 3
v 13 3
v 14 3
v 15 4
v 16 4
v 17 4
v 18 4
v 19 4
v 20 4
v 21 4
v 22 4
v 23 4
v 24 4
v 25 4
v 26 4
v 27 4
v 28 4
e 1 13 1
e 1 27 1
e 2 14 1
e 2 28 1
e 3 13 2
e 4 14 2
e 5 7 1
e 5 21 1
e 6 8 1
e 6 22 1
e 7 8 1
e 7 9 1
e 7 15 1
e 8 10 1
e 8 16 1
e 9 11 1
e 9 17 1
e 9 18 1
e 10 12 1
e 10 19 1
e 10 20 1
e 11 12 1
e 11 23 1
e 11 24 1
e 12 25 1
e 12 26 1
e 13 14 1
t # 69484
v 0 1
v 1 1
v 2 1
v 3 1
v 4 1
v 5 1
v 6 1
v 7 1
v 8 1
v 9 1
v 10 1
v 11 1
v 12 3
v 13 3
v 14 3
v 15 3
v 16 3
v 17 3
v 18 3
v 19 3
v 20 3
v 21 3
v 22 3
v 23 3
v 24 3
v 25 3
v 26 3
v 27 3
v 28 3
v 29 3
v 30 3
v 31 3
v 32 3
v 33 3
v 34 3
v 35 3
v 36 3
v 37 3
v 38 3
v 39 3
v 40 3
v 41 4
v 42 4
v 43 4
v 44 4
v 45 4
v 46 4
v 47 4
v 48 4
v 49 4
v 50 4
v 51 4
v 52 4
v 53 4
v 54 4
v 55 4
v 56 4
v 57 4
v 58 4
v 59 4
v 60 4
v 61 4
v 62 4
v 63 4
v 64 4
v 65 4
v 66 4
v 67 4
v 68 4
v 69 4
v 70 4
v 71 4
v 72 4
v 73 4
v 74 4
v 75 4
v 76 4
v 77 4
v 78 4
v 79 4
v 80 4
v 81 4
v 82 4
v 83 4
v 84 4
e 0 14 1
e 0 66 1
e 1 17 1
e 1 67 1
e 2 18 1
e 2 68 1
e 3 24 1
e 3 69 1
e 4 27 1
e 4 72 1
e 5 30 1
e 5 34 1
e 6 32 1
e 6 35 1
e 7 34 1
e 7 38 1
e 8 35 2
e 9 36 1
e 9 79 1
e 10 37 1
e 10 83 1
e 11 39 1
e 11 84 1
e 12 13 1
e 12 16 1
e 12 18 1
e 12 41 1
e 13 14 1
e 13 21 1
e 13 42 1
e 14 15 1
e 14 22 1
e 15 19 1
e 15 20 1
e 15 28 1
e 16 17 1
e 16 24 1
e 16 27 1
e 17 23 1
e 17 26 1
e 18 19 1
e 18 43 1
e 19 44 1
e 19 45 1
e 20 25 1
e 20 31 1
e 20 46 1
e 21 23 1
e 21 47 1
e 21 48 1
e 22 25 1
e 22 49 1
e 22 50 1
e 23 51 1
e 23 52 1
e 24 29 1
e 24 53 1
e 25 54 1
e 25 55 1
e 26 30 1
e 26 56 1
e 26 57 1
e 27 58 1
e 27 59 1
e 28 60 1
e 28 61 1
e 28 62 1
e 29 30 1
e 29 63 1
e 29 64 1
e 30 65 1
e 31 32 1
e 31 33 2
e 32 70 1
e 32 71 1
e 33 35 1
e 33 73 1
e 34 36 1
e 34 74 1
e 36 37 1
e 36 75 1
e 37 39 1
e 37 76 1
e 38 39 1
e 38 40 1
e 38 77 1
e 39 78 1
e 40 80 1
e 40 81 1
e 40 82 1
t # 69485
v 0 1
v 1 1
v 2 1
v 3 1
v 4 2
v 5 2
v 6 2
v 7 3
v 8 3
v 9 3
v 10 3
v 11 4
v 12 4
v 13 4
e 0 8 2
e 1 10 1
e 1 13 1
e 2 9 2
e 3 10 2
e 4 7 1
e 4 8 1
e 4 11 1
e 5 8 1
e 5 9 1
e 5 12 1
e 6 7 2
e 6 9 1
e 7 10 1
t # 69486
v 0 1
v 1 1
v 2 1
v 3 2
v 4 3
v 5 3
v 6 3
v 7 3
v 8 3
v 9 3
v 10 3
v 11 3
v 12 3
v 13 3
v 14 3
v 15 3
v 16 3
v 17 4
v 18 4
v 19 4
v 20 4
v 21 4
v 22 4
v 23 4
v 24 4
v 25 4
v 26 4
v 27 4
e 0 7 1
e 0 26 1
e 1 6 2
e 2 15 1
e 2 27 1
e 3 5 1
e 3 6 1
e 3 17 1
e 4 6 1
e 4 7 1
e 4 8 2
e 5 9 2
e 5 10 1
e 7 11 2
e 8 14 1
e 8 18 1
e 9 12 1
e 9 19 1
e 10 13 2
e 10 20 1
e 11 16 1
e 11 21 1
e 12 15 2
e 12 22 1
e 13 15 1
e 13 23 1
e 14 16 2
e 14 24 1
e 16 25 1
t # 69487
v 0 1
v 1 2
v 2 3
v 3 3
v 4 3
v 5 3
v 6 3
v 7 3
v 8 3
v 9 3
v 10 3
v 11 3
v 12 3
v 13 3
v 14 3
v 15 3
v 16 3
v 17 3
v 18 3
v 19 3
v 20 4
v 21 4
v 22 4
v 23 4
v 24 4
v 25 4
v 26 4
v 27 4
v 28 4
v 29 4
v 30 4
v 31 4
v 32 4
v 33 4
v 34 4
v 35 4
v 36 4
v 37 4
v 38 4
v 39 4
v 40 4
v 41 4
v 42 4
e 0 2 1
e 0 5 1
e 1 7 1
e 1 17 1
e 1 18 1
e 2 3 1
e 2 4 1
e 2 20 1
e 3 6 1
e 3 8 2
e 4 9 2
e 4 10 1
e 5 7 1
e 5 21 1
e 5 22 1
e 6 11 2
e 6 12 1
e 7 23 1
e 7 24 1
e 8 13 1
e 8 25 1
e 9 15 1
e 9 26 1
e 10 16 2
e 10 27 1
e 11 14 1
e 11 28 1
e 12 29 1
e 12 30 1
e 12 31 1
e 13 14 2
e 13 32 1
e 14 33 1
e 15 19 2
e 15 34 1
e 16 19 1
e 16 35 1
e 17 36 1
e 17 37 1
e 17 38 1
e 18 39 1
e 18 40 1
e 18 41 1
e 19 42 1
t # 69488
v 0 1
v 1 1
v 2 2
v 3 3
v 4 3
v 5 3
v 6 3
v 7 3
v 8 3
v 9 3
v 10 3
v 11 4
v 12 4
v 13 4
v 14 4
v 15 4
v 16 4
v 17 4
v 18 4
v 19 4
v 20 4
v 21 4
e 0 3 1
e 0 18 1
e 1 10 1
e 1 21 1
e 2 5 1
e 2 19 1
e 2 20 1
e 3 4 1
e 3 5 1
e 3 11 1
e 4 6 2
e 4 7 1
e 5 12 1
e 5 13 1
e 6 8 1
e 6 14 1
e 7 9 2
e 7 15 1
e 8 10 2
e 8 16 1
e 9 10 1
e 9 17 1
t # 69489
v 0 1
v 1 2
v 2 2
v 3 2
v 4 2
v 5 2
v 6 3
v 7 3
v 8 3
v 9 3
v 10 3
v 11 3
v 12 3
v 13 3
v 14 3
v 15 3
v 16 3
v 17 3
v 18 4
v 19 4
v 20 4
v 21 4
v 22 4
v 23 4
v 24 4
v 25 4
v 26 4
v 27 4
v 28 4
e 0 7 1
e 0 8 1
e 1 6 1
e 1 11 1
e 1 20 1
e 2 7 2
e 2 14 1
e 3 9 1
e 3 11 2
e 4 9 1
e 4 14 2
e 5 14 1
e 5 27 1
e 5 28 1
e 6 7 1
e 6 9 2
e 8 10 1
e 8 18 1
e 8 19 1
e 10 12 2
e 10 13 1
e 11 21 1
e 12 15 1
e 12 22 1
e 13 16 2
e 13 23 1
e 15 17 2
e 15 24 1
e 16 17 1
e 16 25 1
e 17 26 1
t # 69490
v 0 1
v 1 1
v 2 2
v 3 3
v 4 3
v 5 3
v 6 3
v 7 3
v 8 3
v 9 3
v 10 3
v 11 3
v 12 3
v 13 3
v 14 3
v 15 3
v 16 3
v 17 3
v 18 3
v 19 3
v 20 3
v 21 3
v 22 4
v 23 4
v 24 4
v 25 4
v 26 4
v 27 4
v 28 4
v 29 4
v 30 4
v 31 4
v 32 4
v 33 4
v 34 4
v 35 4
v 36 4
v 37 4
v 38 4
v 39 4
v 40 4
v 41 4
v 42 4
v 43 4
v 44 4
v 45 4
v 46 4
e 0 6 1
e 0 36 1
e 1 18 1
e 1 46 1
e 2 3 1
e 2 4 1
e 2 26 1
e 3 5 1
e 3 8 1
e 3 22 1
e 4 6 1
e 4 9 1
e 4 23 1
e 5 7 1
e 5 24 1
e 5 25 1
e 6 10 1
e 6 27 1
e 7 11 1
e 7 28 1
e 7 29 1
e 8 30 1
e 8 31 1
e 8 32 1
e 9 33 1
e 9 34 1
e 9 35 1
e 10 12 2
e 10 13 1
e 11 14 2
e 11 15 1
e 12 16 1
e 12 37 1
e 13 17 2
e 13 38 1
e 14 19 1
e 14 39 1
e 15 20 2
e 15 40 1
e 16 18 2
e 16 41 1
e 17 18 1
e 17 42 1
e 19 21 2
e 19 43 1
e 20 21 1
e 20 44 1
e 21 45 1
t # 69491
v 0 1
v 1 1
v 2 1
v 3 1
v 4 1
v 5 1
v 6 1
v 7 1
v 8 1
v 9 1
v 10 1
v 11 2
v 12 2
v 13 3
v 14 3
v 15 3
v 16 3
v 17 3
v 18 3
v 19 3
v 20 3
v 21 3
v 22 3
v 23 3
v 24 3
v 25 3
v 26 3
v 27 3
v 28 3
v 29 3
v 30 3
v 31 3
v 32 3
v 33 3
v 34 3
v 35 3
v 36 3
v 37 3
v 38 3
v 39 3
v 40 3
v 41 3
v 42 3
v 43 3
v 44 4
v 45 4
v 46 4
v 47 4
v 48 4
v 49 4
v 50 4
v 51 4
v 52 4
v 53 4
v 54 4
v 55 4
v 56 4
v 57 4
v 58 4
v 59 4
v 60 4
v 61 4
v 62 4
v 63 4
v 64 4
v 65 4
v 66 4
v 67 4
v 68 4
v 69 4
v 70 4
v 71 4
v 72 4
v 73 4
v 74 4
v 75 4
v 76 4
v 77 4
v 78 4
v 79 4
e 0 13 1
e 0 17 1
e 1 14 1
e 1 20 1
e 2 15 1
e 2 22 1
e 3 17 1
e 3 21 1
e 4 16 1
e 4 54 1
e 5 22 2
e 6 25 1
e 6 31 1
e 7 29 2
e 8 31 1
e 8 66 1
e 9 32 2
e 10 38 1
e 10 73 1
e 11 22 1
e 11 60 1
e 11 61 1
e 12 30 1
e 12 32 1
e 12 65 1
e 13 14 1
e 13 18 1
e 13 19 1
e 14 15 1
e 14 44 1
e 15 16 1
e 15 45 1
e 16 17 1
e 16 46 1
e 17 47 1
e 18 48 1
e 18 49 1
e 18 50 1
e 19 51 1
e 19 52 1
e 19 53 1
e 20 55 1
e 20 56 1
e 20 57 1
e 21 23 2
e 21 24 1
e 23 25 1
e 23 28 1
e 24 27 2
e 24 58 1
e 25 26 2
e 26 27 1
e 26 29 1
e 27 59 1
e 28 62 1
e 28 63 1
e 28 64 1
e 29 30 1
e 30 31 2
e 32 33 1
e 33 35 2
e 33 36 1
e 34 35 1
e 34 37 1
e 34 38 2
e 35 67 1
e 36 39 2
e 36 70 1
e 37 40 1
e 37 68 1
e 37 69 1
e 38 39 1
e 39 71 1
e 40 41 2
e 40 72 1
e 41 42 1
e 41 43 1
e 42 74 1
e 42 75 1
e 42 76 1
e 43 77 1
e 43 78 1
e 43 79 1
t # 69492
v 0 1
v 1 1
v 2 1
v 3 1
v 4 1
v 5 1
v 6 1
v 7 2
v 8 3
v 9 3
v 10 3
v 11 3
v 12 3
v 13 3
v 14 3
v 15 3
v 16 3
v 17 3
v 18 3
v 19 3
v 20 3
v 21 3
v 22 3
v 23 3
v 24 3
v 25 3
v 26 3
v 27 3
v 28 3
v 29 3
v 30 4
v 31 4
v 32 4
v 33 4
v 34 4
v 35 4
v 36 4
v 37 4
v 38 4
v 39 4
v 40 4
v 41 4
v 42 4
v 43 4
v 44 4
v 45 4
v 46 4
v 47 4
v 48 4
v 49 4
v 50 4
v 51 4
v 52 4
e 0 9 1
e 0 21 1
e 1 15 1
e 1 27 1
e 2 19 1
e 2 26 1
e 3 20 1
e 3 26 1
e 4 23 1
e 4 28 1
e 5 21 2
e 6 25 1
e 6 29 1
e 7 8 1
e 7 11 1
e 7 16 1
e 8 9 1
e 8 10 1
e 8 30 1
e 9 14 1
e 9 31 1
e 10 12 1
e 10 15 2
e 11 13 1
e 11 32 1
e 11 33 1
e 12 13 1
e 12 18 2
e 13 34 1
e 13 35 1
e 14 17 2
e 14 22 1
e 15 19 1
e 16 36 1
e 16 37 1
e 16 38 1
e 17 21 1
e 17 23 1
e 18 20 1
e 18 39 1
e 19 20 2
e 22 24 2
e 22 40 1
e 23 25 2
e 24 25 1
e 24 41 1
e 26 42 1
e 26 43 1
e 27 44 1
e 27 45 1
e 27 46 1
e 28 47 1
e 28 48 1
e 28 49 1
e 29 50 1
e 29 51 1
e 29 52 1
t # 69493
v 0 2
v 1 3
v 2 3
v 3 3
v 4 3
v 5 3
v 6 3
v 7 3
v 8 3
v 9 3
v 10 3
v 11 3
v 12 3
v 13 3
v 14 3
v 15 3
v 16 3
v 17 3
v 18 3
v 19 3
v 20 4
v 21 4
v 22 4
v 23 4
v 24 4
v 25 4
v 26 4
v 27 4
v 28 4
v 29 4
v 30 4
v 31 4
v 32 4
v 33 4
v 34 4
v 35 4
v 36 4
v 37 4
v 38 4
v 39 4
v 40 4
e 0 16 1
e 0 19 1
e 0 37 1
e 1 2 1
e 1 3 1
e 1 20 1
e 1 21 1
e 2 4 1
e 2 22 1
e 2 23 1
e 3 6 1
e 3 9 2
e 4 7 1
e 4 10 2
e 5 6 1
e 5 7 1
e 5 8 2
e 6 11 2
e 7 12 2
e 8 13 1
e 8 24 1
e 9 14 1
e 9 25 1
e 10 15 1
e 10 26 1
e 11 17 1
e 11 27 1
e 12 18 1
e 12 28 1
e 13 16 1
e 13 29 1
e 13 30 1
e 14 17 2
e 14 33 1
e 15 18 2
e 15 34 1
e 16 31 1
e 16 32 1
e 17 35 1
e 18 36 1
e 19 38 1
e 19 39 1
e 19 40 1
t # 69494
v 0 14
v 1 14
v 2 14
v 3 1
v 4 2
v 5 3
v 6 3
v 7 3
v 8 3
v 9 3
v 10 3
v 11 3
v 12 3
v 13 3
v 14 3
v 15 3
v 16 3
v 17 3
v 18 3
v 19 3
v 20 3
v 21 4
v 22 4
v 23 4
v 24 4
v 25 4
v 26 4
v 27 4
v 28 4
v 29 4
v 30 4
v 31 4
v 32 4
v 33 4
v 34 4
v 35 4
v 36 4
e 3 5 1
e 3 9 1
e 4 8 1
e 4 32 1
e 4 33 1
e 5 6 1
e 5 7 1
e 5 21 1
e 6 8 1
e 6 22 1
e 6 23 1
e 7 10 2
e 7 11 1
e 8 24 1
e 8 25 1
e 9 12 2
e 9 13 1
e 10 14 1
e 10 26 1
e 11 15 2
e 11 27 1
e 12 17 1
e 12 28 1
e 13 18 2
e 13 29 1
e 14 19 2
e 14 30 1
e 15 19 1
e 15 31 1
e 16 17 2
e 16 18 1
e 16 20 1
e 17 34 1
e 18 35 1
e 19 36 1
t # 69495
v 0 1
v 1 1
v 2 1
v 3 1
v 4 1
v 5 2
v 6 2
v 7 2
v 8 3
v 9 3
v 10 3
v 11 3
v 12 3
v 13 3
v 14 3
v 15 4
v 16 4
v 17 4
v 18 4
v 19 4
e 0 14 2
e 5 9 1
e 6 10 1
e 7 14 1
e 7 18 1
e 7 19 1
e 8 11 2
e 8 12 1
e 8 14 1
e 9 12 2
e 9 13 1
e 10 11 1
e 10 13 2
e 11 15 1
e 12 16 1
e 13 17 1
t # 69496
v 0 1
v 1 1
v 2 1
v 3 1
v 4 1
v 5 2
v 6 2
v 7 2
v 8 2
v 9 3
v 10 3
v 11 3
v 12 3
v 13 3
v 14 3
v 15 3
v 16 3
v 17 4
v 18 4
v 19 4
v 20 4
v 21 4
v 22 4
e 0 12 1
e 0 15 1
e 1 10 2
e 2 11 2
e 5 7 1
e 5 9 1
e 5 11 1
e 6 10 1
e 6 11 1
e 6 19 1
e 7 13 2
e 8 15 1
e 9 10 1
e 9 17 1
e 9 18 1
e 12 13 1
e 12 14 2
e 13 20 1
e 14 16 1
e 14 21 1
e 15 16 2
e 16 22 1
t # 69497
v 0 1
v 1 1
v 2 2
v 3 3
v 4 3
v 5 3
v 6 3
v 7 3
v 8 3
v 9 3
v 10 3
v 11 3
v 12 3
v 13 3
v 14 3
v 15 3
v 16 3
v 17 3
v 18 3
v 19 3
v 20 4
v 21 4
v 22 4
v 23 4
v 24 4
v 25 4
v 26 4
v 27 4
v 28 4
v 29 4
v 30 4
v 31 4
v 32 4
v 33 4
v 34 4
v 35 4
v 36 4
v 37 4
v 38 4
v 39 4
v 40 4
e 0 3 1
e 0 9 1
e 1 12 1
e 1 19 1
e 2 6 1
e 2 15 1
e 2 27 1
e 3 4 1
e 3 5 1
e 3 20 1
e 4 6 1
e 4 21 1
e 4 22 1
e 5 7 2
e 5 8 1
e 6 23 1
e 6 24 1
e 7 10 1
e 7 25 1
e 8 11 2
e 8 26 1
e 9 12 1
e 9 14 2
e 10 13 2
e 10 28 1
e 11 13 1
e 11 29 1
e 12 16 2
e 13 31 1
e 14 17 1
e 14 30 1
e 15 32 1
e 15 33 1
e 15 34 1
e 16 18 1
e 16 35 1
e 17 18 2
e 17 36 1
e 18 37 1
e 19 38 1
e 19 39 1
e 19 40 1
t # 69498
v 0 1
v 1 1
v 2 2
v 3 2
v 4 2
v 5 2
v 6 3
v 7 3
v 8 3
v 9 3
v 10 3
v 11 3
v 12 3
v 13 3
v 14 3
v 15 3
v 16 3
v 17 3
v 18 3
v 19 3
v 20 3
v 21 3
v 22 4
v 23 4
v 24 4
v 25 4
v 26 4
v 27 4
v 28 4
v 29 4
v 30 4
v 31 4
v 32 4
v 33 4
v 34 4
v 35 4
v 36 4
v 37 4
v 38 4
v 39 4
e 0 9 2
e 1 15 2
e 2 8 1
e 2 9 1
e 2 28 1
e 3 4 1
e 3 7 1
e 3 29 1
e 4 15 1
e 4 32 1
e 5 20 2
e 5 21 1
e 6 7 1
e 6 9 1
e 6 22 1
e 6 23 1
e 7 24 1
e 7 25 1
e 8 10 1
e 8 26 1
e 8 27 1
e 10 11 2
e 10 12 1
e 11 13 1
e 11 30 1
e 12 14 2
e 12 31 1
e 13 16 2
e 13 33 1
e 14 16 1
e 14 34 1
e 15 17 1
e 16 35 1
e 17 18 2
e 17 19 1
e 18 20 1
e 18 36 1
e 19 21 2
e 19 37 1
e 20 38 1
e 21 39 1
t # 69499
v 0 1
v 1 2
v 2 2
v 3 2
v 4 2
v 5 3
v 6 3
v 7 3
v 8 3
v 9 3
v 10 3
v 11 3
v 12 3
v 13 3
v 14 3
v 15 3
v 16 3
v 17 3
v 18 3
v 19 3
v 20 4
v 21 4
v 22 4
v 23 4
v 24 4
v 25 4
v 26 4
v 27 4
v 28 4
v 29 4
v 30 4
v 31 4
v 32 4
v 33 4
e 0 13 2
e 1 5 1
e 1 8 1
e 1 9 1
e 2 10 1
e 2 13 1
e 2 25 1
e 3 8 2
e 3 16 1
e 4 9 1
e 4 17 2
e 5 6 1
e 5 7 1
e 5 20 1
e 6 7 1
e 6 21 1
e 6 22 1
e 7 23 1
e 7 24 1
e 8 10 1
e 9 11 2
e 10 12 2
e 11 13 1
e 11 14 1
e 12 15 1
e 12 18 1
e 14 19 2
e 14 26 1
e 15 16 2
e 15 27 1
e 16 28 1
e 17 19 1
e 17 29 1
e 18 30 1
e 18 31 1
e 18 32 1
e 19 33 1
