t # 38400
v 0 18
v 1 18
v 2 18
v 3 1
v 4 1
v 5 1
v 6 1
v 7 2
v 8 2
v 9 2
v 10 2
v 11 2
v 12 3
v 13 3
v 14 3
v 15 3
v 16 3
v 17 3
v 18 3
v 19 3
v 20 3
v 21 3
v 22 3
v 23 3
v 24 3
v 25 3
v 26 4
v 27 4
v 28 4
v 29 4
v 30 4
v 31 4
v 32 4
v 33 4
v 34 4
v 35 4
v 36 4
v 37 4
v 38 4
v 39 4
v 40 4
v 41 4
v 42 4
v 43 4
v 44 4
v 45 4
v 46 4
v 47 4
v 48 4
v 49 4
e 3 17 1
e 3 22 1
e 4 18 1
e 4 23 1
e 5 19 1
e 5 24 1
e 6 20 1
e 6 25 1
e 7 15 1
e 7 17 1
e 7 18 1
e 8 16 1
e 8 19 1
e 8 20 1
e 9 13 2
e 9 16 1
e 10 13 1
e 10 15 2
e 11 15 1
e 11 16 2
e 12 13 1
e 12 14 1
e 12 26 1
e 12 27 1
e 14 21 1
e 14 28 1
e 14 29 1
e 17 30 1
e 17 31 1
e 18 32 1
e 18 33 1
e 19 34 1
e 19 35 1
e 20 36 1
e 20 37 1
e 22 38 1
e 22 39 1
e 22 40 1
e 23 41 1
e 23 42 1
e 23 43 1
e 24 44 1
e 24 45 1
e 24 46 1
e 25 47 1
e 25 48 1
e 25 49 1
t # 38401
v 0 1
v 1 1
v 2 2
v 3 2
v 4 2
v 5 2
v 6 3
v 7 3
v 8 3
v 9 3
v 10 3
v 11 3
v 12 3
v 13 4
v 14 4
v 15 4
v 16 4
v 17 4
v 18 4
v 19 4
v 20 4
v 21 4
v 22 4
v 23 4
v 24 4
v 25 4
v 26 4
v 27 4
v 28 4
e 0 9 2
e 1 10 2
e 2 6 1
e 2 7 1
e 2 9 1
e 3 6 1
e 3 8 1
e 3 10 1
e 4 9 1
e 4 11 1
e 4 21 1
e 5 10 1
e 5 12 1
e 5 22 1
e 6 13 1
e 6 14 1
e 7 15 1
e 7 16 1
e 7 17 1
e 8 18 1
e 8 19 1
e 8 20 1
e 11 23 1
e 11 24 1
e 11 25 1
e 12 26 1
e 12 27 1
e 12 28 1
t # 38402
v 0 12
v 1 12
v 2 12
v 3 1
v 4 1
v 5 3
v 6 3
v 7 3
v 8 3
v 9 3
v 10 3
v 11 4
v 12 4
v 13 4
v 14 4
v 15 4
v 16 4
v 17 4
v 18 4
v 19 4
e 0 7 1
e 1 7 1
e 2 7 1
e 3 8 1
e 3 9 1
e 4 8 2
e 5 6 1
e 5 7 1
e 5 11 1
e 5 12 1
e 6 8 1
e 6 13 1
e 6 14 1
e 9 10 1
e 9 15 1
e 9 16 1
e 10 17 1
e 10 18 1
e 10 19 1
t # 38403
v 0 1
v 1 1
v 2 1
v 3 1
v 4 2
v 5 2
v 6 3
v 7 3
v 8 3
v 9 3
v 10 3
v 11 3
v 12 3
v 13 3
v 14 3
v 15 3
v 16 3
v 17 4
v 18 4
v 19 4
v 20 4
v 21 4
v 22 4
v 23 4
v 24 4
v 25 4
v 26 4
v 27 4
v 28 4
v 29 4
v 30 4
v 31 4
v 32 4
v 33 4
v 34 4
v 35 4
v 36 4
v 37 4
v 38 4
e 0 10 1
e 0 15 1
e 1 11 1
e 1 16 1
e 2 15 2
e 3 16 2
e 4 14 1
e 4 15 1
e 4 37 1
e 5 14 1
e 5 16 1
e 5 38 1
e 6 8 1
e 6 10 1
e 6 17 1
e 6 18 1
e 7 9 1
e 7 11 1
e 7 19 1
e 7 20 1
e 8 12 1
e 8 21 1
e 8 22 1
e 9 13 1
e 9 23 1
e 9 24 1
e 10 25 1
e 10 26 1
e 11 27 1
e 11 28 1
e 12 29 1
e 12 30 1
e 12 31 1
e 13 32 1
e 13 33 1
e 13 34 1
e 14 35 1
e 14 36 1
t # 38404
v 0 8
v 1 1
v 2 1
v 3 1
v 4 1
v 5 1
v 6 1
v 7 1
v 8 2
v 9 2
v 10 2
v 11 3
v 12 3
v 13 3
v 14 3
v 15 3
v 16 3
v 17 3
v 18 3
v 19 3
v 20 4
v 21 4
v 22 4
v 23 4
v 24 4
v 25 4
v 26 4
v 27 4
v 28 4
v 29 4
v 30 4
v 31 4
v 32 4
v 33 4
v 34 4
v 35 4
v 36 4
v 37 4
e 2 14 1
e 2 17 1
e 3 15 1
e 3 18 1
e 4 16 1
e 4 19 1
e 5 14 2
e 6 15 2
e 7 16 2
e 8 11 1
e 8 14 1
e 8 26 1
e 9 12 1
e 9 15 1
e 9 27 1
e 10 13 1
e 10 16 1
e 10 28 1
e 11 20 1
e 11 21 1
e 12 22 1
e 12 23 1
e 13 24 1
e 13 25 1
e 17 29 1
e 17 30 1
e 17 31 1
e 18 32 1
e 18 33 1
e 18 34 1
e 19 35 1
e 19 36 1
e 19 37 1
t # 38405
v 0 1
v 1 1
v 2 1
v 3 1
v 4 1
v 5 3
v 6 3
v 7 3
v 8 3
v 9 3
v 10 3
v 11 3
v 12 3
v 13 3
v 14 3
v 15 3
v 16 3
v 17 3
v 18 3
v 19 3
v 20 4
v 21 4
v 22 4
v 23 4
v 24 4
v 25 4
v 26 4
v 27 4
v 28 4
v 29 4
v 30 4
v 31 4
v 32 4
v 33 4
v 34 4
v 35 4
e 0 5 1
e 0 23 1
e 1 6 1
e 1 26 1
e 2 8 2
e 3 11 1
e 3 29 1
e 4 11 2
e 5 6 1
e 5 8 1
e 5 9 1
e 6 7 1
e 6 11 1
e 7 10 1
e 7 12 2
e 8 10 1
e 9 14 1
e 9 20 1
e 9 21 1
e 10 13 2
e 12 15 1
e 12 22 1
e 13 16 1
e 13 24 1
e 14 17 2
e 14 25 1
e 15 16 2
e 15 27 1
e 16 28 1
e 17 18 1
e 17 19 1
e 18 30 1
e 18 31 1
e 18 32 1
e 19 33 1
e 19 34 1
e 19 35 1
t # 38406
v 0 70
v 1 70
v 2 1
v 3 1
v 4 1
v 5 1
v 6 1
v 7 1
v 8 1
v 9 1
v 10 1
v 11 1
v 12 3
v 13 3
v 14 3
v 15 3
v 16 3
v 17 3
v 18 3
v 19 3
v 20 3
v 21 3
v 22 3
v 23 3
v 24 3
v 25 3
v 26 3
v 27 3
v 28 3
v 29 3
v 30 3
v 31 3
v 32 3
v 33 3
v 34 3
v 35 3
v 36 3
v 37 3
v 38 3
v 39 3
v 40 4
v 41 4
v 42 4
v 43 4
v 44 4
v 45 4
v 46 4
v 47 4
v 48 4
v 49 4
v 50 4
v 51 4
v 52 4
v 53 4
v 54 4
v 55 4
v 56 4
v 57 4
v 58 4
v 59 4
v 60 4
v 61 4
v 62 4
v 63 4
v 64 4
v 65 4
v 66 4
v 67 4
v 68 4
v 69 4
v 70 4
v 71 4
v 72 4
v 73 4
v 74 4
v 75 4
e 2 12 1
e 2 15 1
e 3 22 1
e 3 63 1
e 4 29 1
e 4 32 1
e 5 20 1
e 5 67 1
e 6 24 2
e 7 27 1
e 7 68 1
e 8 30 1
e 8 38 1
e 9 32 1
e 9 71 1
e 10 36 1
e 10 37 1
e 11 38 2
e 12 13 1
e 12 14 1
e 12 15 1
e 13 16 1
e 13 20 1
e 13 26 1
e 14 18 1
e 14 22 1
e 14 28 1
e 15 21 1
e 15 40 1
e 16 17 1
e 16 24 1
e 16 41 1
e 17 19 1
e 17 27 1
e 17 29 1
e 18 21 1
e 18 33 1
e 18 42 1
e 19 23 1
e 19 25 1
e 19 43 1
e 20 23 1
e 20 44 1
e 21 45 1
e 21 46 1
e 22 24 1
e 22 47 1
e 23 48 1
e 23 49 1
e 25 30 1
e 25 32 1
e 25 34 1
e 26 50 1
e 26 51 1
e 26 52 1
e 27 31 1
e 27 53 1
e 28 54 1
e 28 55 1
e 28 56 1
e 29 57 1
e 29 58 1
e 30 31 1
e 30 59 1
e 31 60 1
e 31 61 1
e 32 62 1
e 33 35 1
e 33 36 2
e 34 64 1
e 34 65 1
e 34 66 1
e 35 37 2
e 35 69 1
e 36 70 1
e 37 72 1
e 38 39 1
e 39 73 1
e 39 74 1
e 39 75 1
t # 38407
v 0 1
v 1 1
v 2 2
v 3 2
v 4 2
v 5 2
v 6 2
v 7 2
v 8 3
v 9 3
v 10 3
v 11 3
v 12 3
v 13 3
v 14 3
v 15 3
v 16 3
v 17 3
v 18 3
v 19 3
v 20 3
v 21 3
v 22 3
v 23 3
v 24 3
v 25 3
v 26 3
v 27 3
v 28 3
v 29 3
v 30 3
v 31 3
v 32 3
v 33 3
v 34 3
v 35 3
v 36 3
v 37 3
v 38 4
v 39 4
v 40 4
v 41 4
v 42 4
v 43 4
v 44 4
v 45 4
v 46 4
v 47 4
v 48 4
v 49 4
v 50 4
v 51 4
v 52 4
v 53 4
v 54 4
v 55 4
v 56 4
v 57 4
v 58 4
v 59 4
v 60 4
v 61 4
v 62 4
v 63 4
e 0 28 1
e 0 34 1
e 1 29 1
e 1 35 1
e 2 14 1
e 2 16 2
e 3 15 1
e 3 17 2
e 4 12 1
e 4 50 1
e 4 51 1
e 5 13 1
e 5 52 1
e 5 53 1
e 6 26 1
e 7 27 1
e 8 12 2
e 8 16 1
e 8 18 1
e 9 13 2
e 9 17 1
e 9 19 1
e 10 12 1
e 10 14 2
e 10 20 1
e 11 13 1
e 11 15 2
e 11 21 1
e 14 22 1
e 15 23 1
e 16 24 1
e 17 25 1
e 18 28 2
e 18 38 1
e 19 29 2
e 19 39 1
e 20 30 2
e 20 40 1
e 21 31 2
e 21 41 1
e 22 26 2
e 22 42 1
e 23 27 2
e 23 43 1
e 24 32 2
e 24 44 1
e 25 33 2
e 25 45 1
e 26 30 1
e 27 31 1
e 28 32 1
e 29 33 1
e 30 46 1
e 31 47 1
e 32 48 1
e 33 49 1
e 34 36 1
e 34 54 1
e 34 55 1
e 35 37 1
e 35 56 1
e 35 57 1
e 36 58 1
e 36 59 1
e 36 60 1
e 37 61 1
e 37 62 1
e 37 63 1
t # 38408
v 0 2
v 1 2
v 2 2
v 3 2
v 4 3
v 5 3
v 6 3
v 7 3
v 8 3
v 9 3
v 10 3
v 11 3
v 12 3
v 13 3
v 14 3
v 15 3
v 16 3
v 17 3
v 18 3
v 19 3
v 20 3
v 21 3
v 22 3
v 23 3
v 24 3
v 25 3
v 26 3
v 27 3
v 28 3
v 29 3
v 30 3
v 31 3
v 32 4
v 33 4
v 34 4
v 35 4
v 36 4
v 37 4
v 38 4
v 39 4
v 40 4
v 41 4
v 42 4
v 43 4
v 44 4
v 45 4
v 46 4
v 47 4
v 48 4
v 49 4
v 50 4
v 51 4
v 52 4
v 53 4
v 54 4
v 55 4
e 0 4 1
e 0 8 1
e 0 12 1
e 1 5 1
e 1 9 1
e 1 13 1
e 2 22 1
e 3 23 1
e 4 6 2
e 4 16 1
e 5 7 2
e 5 17 1
e 6 10 1
e 6 14 1
e 7 11 1
e 7 15 1
e 8 10 1
e 8 18 2
e 9 11 1
e 9 19 2
e 10 20 2
e 11 21 2
e 12 26 1
e 12 32 1
e 12 33 1
e 13 27 1
e 13 34 1
e 13 35 1
e 14 22 2
e 14 36 1
e 15 23 2
e 15 37 1
e 16 24 2
e 16 38 1
e 17 25 2
e 17 39 1
e 18 28 1
e 18 40 1
e 19 29 1
e 19 41 1
e 20 30 1
e 20 42 1
e 21 31 1
e 21 43 1
e 22 24 1
e 23 25 1
e 24 44 1
e 25 45 1
e 26 46 1
e 26 47 1
e 26 48 1
e 27 49 1
e 27 50 1
e 27 51 1
e 28 30 2
e 28 52 1
e 29 31 2
e 29 53 1
e 30 54 1
e 31 55 1
t # 38409
v 0 12
v 1 12
v 2 12
v 3 1
v 4 1
v 5 1
v 6 1
v 7 2
v 8 3
v 9 3
v 10 3
v 11 3
v 12 3
v 13 3
v 14 3
v 15 3
v 16 3
v 17 3
v 18 3
v 19 3
v 20 3
v 21 3
v 22 3
v 23 3
v 24 3
v 25 4
v 26 4
v 27 4
v 28 4
v 29 4
v 30 4
v 31 4
v 32 4
v 33 4
v 34 4
v 35 4
v 36 4
v 37 4
v 38 4
v 39 4
v 40 4
v 41 4
v 42 4
v 43 4
v 44 4
v 45 4
v 46 4
e 0 15 1
e 1 15 1
e 2 15 1
e 3 10 1
e 3 11 1
e 4 11 2
e 5 18 1
e 5 23 1
e 6 22 1
e 6 24 1
e 7 8 1
e 7 10 1
e 7 12 1
e 8 9 1
e 8 11 1
e 8 25 1
e 9 13 1
e 9 14 1
e 9 26 1
e 10 15 1
e 10 27 1
e 12 16 1
e 12 28 1
e 12 29 1
e 13 17 1
e 13 30 1
e 13 31 1
e 14 32 1
e 14 33 1
e 14 34 1
e 16 18 2
e 16 19 1
e 17 35 1
e 17 36 1
e 17 37 1
e 18 20 1
e 19 21 2
e 19 38 1
e 20 22 2
e 20 39 1
e 21 22 1
e 21 40 1
e 23 41 1
e 23 42 1
e 23 43 1
e 24 44 1
e 24 45 1
e 24 46 1
t # 38410
v 0 1
v 1 1
v 2 1
v 3 1
v 4 2
v 5 2
v 6 2
v 7 2
v 8 3
v 9 3
v 10 3
v 11 3
v 12 3
v 13 3
v 14 3
v 15 3
v 16 3
v 17 3
v 18 3
v 19 3
v 20 3
v 21 3
v 22 3
v 23 3
v 24 3
v 25 3
v 26 3
v 27 3
v 28 3
v 29 3
v 30 3
v 31 3
v 32 3
v 33 3
v 34 3
v 35 3
v 36 3
v 37 3
v 38 3
v 39 4
v 40 4
v 41 4
v 42 4
v 43 4
v 44 4
v 45 4
v 46 4
v 47 4
v 48 4
v 49 4
v 50 4
v 51 4
v 52 4
v 53 4
v 54 4
v 55 4
v 56 4
v 57 4
v 58 4
v 59 4
v 60 4
v 61 4
v 62 4
v 63 4
v 64 4
v 65 4
v 66 4
v 67 4
v 68 4
v 69 4
v 70 4
v 71 4
v 72 4
e 0 21 1
e 0 66 1
e 1 21 2
e 2 37 1
e 2 72 1
e 3 37 2
e 4 10 2
e 4 12 1
e 5 18 1
e 5 26 1
e 5 52 1
e 6 19 2
e 6 25 1
e 7 33 1
e 7 34 1
e 7 67 1
e 8 9 1
e 8 10 1
e 8 13 1
e 8 14 1
e 9 11 1
e 9 12 1
e 9 39 1
e 10 16 1
e 11 15 1
e 11 40 1
e 11 41 1
e 12 17 2
e 13 42 1
e 13 43 1
e 13 44 1
e 14 45 1
e 14 46 1
e 14 47 1
e 15 21 1
e 15 48 1
e 15 49 1
e 16 18 2
e 16 50 1
e 17 19 1
e 17 51 1
e 18 22 1
e 19 20 1
e 20 23 2
e 20 24 1
e 22 27 2
e 22 28 1
e 23 25 1
e 23 30 1
e 24 31 1
e 24 53 1
e 24 54 1
e 25 29 2
e 26 27 1
e 26 32 2
e 27 55 1
e 28 56 1
e 28 57 1
e 28 58 1
e 29 34 1
e 29 59 1
e 30 60 1
e 30 61 1
e 30 62 1
e 31 37 1
e 31 63 1
e 31 64 1
e 32 33 1
e 32 65 1
e 33 35 2
e 34 36 2
e 35 36 1
e 35 38 1
e 36 68 1
e 38 69 1
e 38 70 1
e 38 71 1
t # 38411
v 0 1
v 1 1
v 2 1
v 3 1
v 4 2
v 5 2
v 6 2
v 7 2
v 8 2
v 9 3
v 10 3
v 11 3
v 12 3
v 13 3
v 14 3
v 15 3
v 16 3
v 17 3
v 18 3
v 19 3
v 20 3
v 21 4
v 22 4
v 23 4
v 24 4
v 25 4
v 26 4
v 27 4
v 28 4
v 29 4
v 30 4
v 31 4
v 32 4
v 33 4
v 34 4
v 35 4
e 0 9 1
e 0 12 1
e 1 10 1
e 1 29 1
e 2 11 1
e 2 30 1
e 3 19 2
e 4 9 1
e 4 14 1
e 4 15 1
e 5 14 2
e 5 20 1
e 6 18 1
e 6 20 2
e 7 18 1
e 7 32 1
e 7 33 1
e 8 19 1
e 8 34 1
e 8 35 1
e 9 10 1
e 9 21 1
e 10 11 1
e 10 22 1
e 11 12 1
e 11 23 1
e 12 13 1
e 12 24 1
e 13 25 1
e 13 26 1
e 13 27 1
e 14 16 1
e 15 17 2
e 15 28 1
e 16 17 1
e 16 18 2
e 17 19 1
e 20 31 1
t # 38412
v 0 1
v 1 1
v 2 1
v 3 1
v 4 2
v 5 2
v 6 2
v 7 2
v 8 2
v 9 3
v 10 3
v 11 3
v 12 3
v 13 3
v 14 3
v 15 3
v 16 3
v 17 3
v 18 3
v 19 3
v 20 4
v 21 4
v 22 4
v 23 4
v 24 4
v 25 4
v 26 4
v 27 4
v 28 4
v 29 4
v 30 4
v 31 4
v 32 4
v 33 4
v 34 4
e 0 10 1
e 0 12 1
e 1 9 1
e 1 26 1
e 2 11 1
e 2 27 1
e 3 14 1
e 3 29 1
e 4 5 1
e 4 13 1
e 4 28 1
e 5 16 2
e 6 15 1
e 6 18 2
e 7 17 2
e 7 18 1
e 8 17 1
e 8 19 1
e 8 31 1
e 9 10 1
e 9 11 1
e 9 20 1
e 10 13 1
e 10 21 1
e 11 12 1
e 11 22 1
e 12 14 1
e 12 23 1
e 13 15 2
e 14 24 1
e 14 25 1
e 15 16 1
e 16 17 1
e 18 30 1
e 19 32 1
e 19 33 1
e 19 34 1
t # 38413
v 0 1
v 1 1
v 2 1
v 3 1
v 4 1
v 5 1
v 6 1
v 7 2
v 8 3
v 9 3
v 10 3
v 11 3
v 12 3
v 13 3
v 14 3
v 15 3
v 16 3
v 17 3
v 18 3
v 19 3
v 20 3
v 21 3
v 22 3
v 23 3
v 24 3
v 25 3
v 26 3
v 27 3
v 28 3
v 29 4
v 30 4
v 31 4
v 32 4
v 33 4
v 34 4
v 35 4
v 36 4
v 37 4
v 38 4
v 39 4
v 40 4
v 41 4
v 42 4
v 43 4
v 44 4
v 45 4
v 46 4
v 47 4
v 48 4
v 49 4
v 50 4
v 51 4
v 52 4
v 53 4
v 54 4
v 55 4
v 56 4
v 57 4
v 58 4
v 59 4
v 60 4
v 61 4
v 62 4
v 63 4
v 64 4
v 65 4
e 0 13 1
e 0 15 1
e 1 14 1
e 1 16 1
e 2 27 1
e 2 28 1
e 3 15 2
e 4 16 2
e 5 23 2
e 6 27 2
e 7 11 1
e 7 12 1
e 7 23 1
e 8 15 1
e 8 17 1
e 8 18 1
e 8 19 1
e 9 16 1
e 9 20 1
e 9 21 1
e 9 22 1
e 10 24 1
e 10 25 1
e 10 26 1
e 10 27 1
e 11 13 1
e 11 29 1
e 11 30 1
e 12 14 1
e 12 31 1
e 12 32 1
e 13 33 1
e 13 34 1
e 14 35 1
e 14 36 1
e 17 37 1
e 17 38 1
e 17 39 1
e 18 40 1
e 18 41 1
e 18 42 1
e 19 43 1
e 19 44 1
e 19 45 1
e 20 46 1
e 20 47 1
e 20 48 1
e 21 49 1
e 21 50 1
e 21 51 1
e 22 52 1
e 22 53 1
e 22 54 1
e 23 28 1
e 24 55 1
e 24 56 1
e 24 57 1
e 25 58 1
e 25 59 1
e 25 60 1
e 26 61 1
e 26 62 1
e 26 63 1
e 28 64 1
e 28 65 1
t # 38414
v 0 1
v 1 1
v 2 1
v 3 1
v 4 1
v 5 1
v 6 1
v 7 2
v 8 3
v 9 3
v 10 3
v 11 3
v 12 3
v 13 3
v 14 3
v 15 3
v 16 3
v 17 3
v 18 3
v 19 3
v 20 3
v 21 3
v 22 3
v 23 3
v 24 3
v 25 3
v 26 3
v 27 3
v 28 3
v 29 3
v 30 3
v 31 3
v 32 3
v 33 3
v 34 3
v 35 3
v 36 3
v 37 3
v 38 3
v 39 3
v 40 3
v 41 3
v 42 3
v 43 3
v 44 3
v 45 3
v 46 3
v 47 3
v 48 3
v 49 3
v 50 4
v 51 4
v 52 4
v 53 4
v 54 4
v 55 4
v 56 4
v 57 4
v 58 4
v 59 4
v 60 4
v 61 4
v 62 4
v 63 4
v 64 4
v 65 4
v 66 4
v 67 4
v 68 4
v 69 4
v 70 4
v 71 4
v 72 4
v 73 4
v 74 4
v 75 4
v 76 4
v 77 4
v 78 4
v 79 4
v 80 4
v 81 4
v 82 4
v 83 4
v 84 4
v 85 4
v 86 4
v 87 4
v 88 4
v 89 4
v 90 4
v 91 4
v 92 4
v 93 4
v 94 4
v 95 4
v 96 4
v 97 4
v 98 4
v 99 4
v 100 4
v 101 4
v 102 4
v 103 4
v 104 4
v 105 4
v 106 4
v 107 4
v 108 4
v 109 4
v 110 4
v 111 4
v 112 4
v 113 4
v 114 4
v 115 4
v 116 4
v 117 4
v 118 4
v 119 4
v 120 4
v 121 4
v 122 4
v 123 4
v 124 4
v 125 4
v 126 4
v 127 4
v 128 4
e 0 41 1
e 0 46 1
e 1 42 1
e 1 47 1
e 2 43 1
e 2 49 1
e 3 41 2
e 4 42 2
e 5 43 2
e 6 48 2
e 7 44 1
e 7 45 1
e 7 48 1
e 8 10 1
e 8 14 1
e 8 50 1
e 8 51 1
e 9 11 1
e 9 15 1
e 9 52 1
e 9 53 1
e 10 16 1
e 10 54 1
e 10 55 1
e 11 17 1
e 11 56 1
e 11 57 1
e 12 13 1
e 12 18 1
e 12 58 1
e 12 59 1
e 13 19 1
e 13 60 1
e 13 61 1
e 14 20 1
e 14 62 1
e 14 63 1
e 15 21 1
e 15 64 1
e 15 65 1
e 16 22 1
e 16 66 1
e 16 67 1
e 17 23 1
e 17 68 1
e 17 69 1
e 18 24 1
e 18 70 1
e 18 71 1
e 19 25 1
e 19 72 1
e 19 73 1
e 20 26 1
e 20 74 1
e 20 75 1
e 21 27 1
e 21 76 1
e 21 77 1
e 22 29 1
e 22 78 1
e 22 79 1
e 23 30 1
e 23 80 1
e 23 81 1
e 24 28 1
e 24 82 1
e 24 83 1
e 25 31 1
e 25 84 1
e 25 85 1
e 26 32 1
e 26 86 1
e 26 87 1
e 27 33 1
e 27 88 1
e 27 89 1
e 28 34 1
e 28 90 1
e 28 91 1
e 29 35 1
e 29 92 1
e 29 93 1
e 30 36 1
e 30 94 1
e 30 95 1
e 31 37 1
e 31 96 1
e 31 97 1
e 32 38 1
e 32 98 1
e 32 99 1
e 33 39 1
e 33 100 1
e 33 101 1
e 34 40 1
e 34 102 1
e 34 103 1
e 35 41 1
e 35 104 1
e 35 105 1
e 36 42 1
e 36 106 1
e 36 107 1
e 37 43 1
e 37 108 1
e 37 109 1
e 38 110 1
e 38 111 1
e 38 112 1
e 39 113 1
e 39 114 1
e 39 115 1
e 40 116 1
e 40 117 1
e 40 118 1
e 44 46 1
e 44 119 1
e 44 120 1
e 45 47 1
e 45 121 1
e 45 122 1
e 46 123 1
e 46 124 1
e 47 125 1
e 47 126 1
e 48 49 1
e 49 127 1
e 49 128 1
t # 38415
v 0 1
v 1 1
v 2 2
v 3 2
v 4 3
v 5 3
v 6 3
v 7 3
v 8 3
v 9 3
v 10 3
v 11 3
v 12 3
v 13 3
v 14 3
v 15 3
v 16 3
v 17 3
v 18 3
v 19 3
v 20 4
v 21 4
v 22 4
v 23 4
v 24 4
v 25 4
v 26 4
v 27 4
v 28 4
v 29 4
v 30 4
v 31 4
e 0 8 2
e 1 18 2
e 2 5 1
e 2 7 1
e 2 20 1
e 3 6 2
e 3 8 1
e 4 5 2
e 4 6 1
e 4 9 1
e 5 8 1
e 6 10 1
e 7 11 2
e 7 12 1
e 9 16 2
e 9 21 1
e 10 17 2
e 10 24 1
e 11 14 1
e 11 22 1
e 12 15 2
e 12 23 1
e 13 14 2
e 13 15 1
e 13 18 1
e 14 25 1
e 15 26 1
e 16 17 1
e 16 27 1
e 17 28 1
e 18 19 1
e 19 29 1
e 19 30 1
e 19 31 1
t # 38416
v 0 1
v 1 1
v 2 2
v 3 2
v 4 3
v 5 3
v 6 3
v 7 3
v 8 3
v 9 3
v 10 3
v 11 3
v 12 3
v 13 3
v 14 3
v 15 3
v 16 3
v 17 3
v 18 3
v 19 4
v 20 4
v 21 4
v 22 4
v 23 4
v 24 4
v 25 4
v 26 4
v 27 4
v 28 4
v 29 4
v 30 4
v 31 4
v 32 4
v 33 4
v 34 4
v 35 4
v 36 4
e 0 13 1
e 0 18 1
e 1 13 2
e 2 4 1
e 2 7 1
e 2 22 1
e 3 5 1
e 3 12 1
e 3 29 1
e 4 5 1
e 4 10 1
e 4 11 1
e 5 6 2
e 6 8 1
e 6 9 1
e 7 8 1
e 7 13 1
e 7 19 1
e 8 20 1
e 8 21 1
e 9 12 1
e 9 14 2
e 10 23 1
e 10 24 1
e 10 25 1
e 11 26 1
e 11 27 1
e 11 28 1
e 12 15 2
e 14 16 1
e 14 30 1
e 15 17 1
e 15 31 1
e 16 17 2
e 16 32 1
e 17 33 1
e 18 34 1
e 18 35 1
e 18 36 1
t # 38417
v 0 1
v 1 1
v 2 1
v 3 1
v 4 2
v 5 2
v 6 3
v 7 3
v 8 3
v 9 3
v 10 3
v 11 3
v 12 3
v 13 3
v 14 3
v 15 3
v 16 3
v 17 3
v 18 3
v 19 3
v 20 3
v 21 4
v 22 4
v 23 4
v 24 4
v 25 4
v 26 4
v 27 4
v 28 4
v 29 4
v 30 4
v 31 4
v 32 4
v 33 4
v 34 4
v 35 4
v 36 4
e 0 14 1
e 0 35 1
e 1 14 2
e 2 20 1
e 2 36 1
e 3 20 2
e 4 6 1
e 4 11 1
e 4 25 1
e 5 7 1
e 5 13 1
e 5 28 1
e 6 7 1
e 6 10 1
e 6 14 1
e 7 8 2
e 8 9 1
e 8 12 1
e 9 11 1
e 9 21 1
e 9 22 1
e 10 15 1
e 10 23 1
e 10 24 1
e 11 26 1
e 11 27 1
e 12 13 1
e 12 16 2
e 13 17 2
e 15 20 1
e 15 29 1
e 15 30 1
e 16 18 1
e 16 31 1
e 17 19 1
e 17 32 1
e 18 19 2
e 18 33 1
e 19 34 1
t # 38418
v 0 34
v 1 11
v 2 1
v 3 1
v 4 1
v 5 1
v 6 1
v 7 1
v 8 1
v 9 1
v 10 1
v 11 3
v 12 3
v 13 3
v 14 3
v 15 3
v 16 3
v 17 3
v 18 3
v 19 3
v 20 3
v 21 3
v 22 3
v 23 3
v 24 3
v 25 3
v 26 3
v 27 3
v 28 3
v 29 4
v 30 4
v 31 4
v 32 4
v 33 4
v 34 4
v 35 4
v 36 4
v 37 4
v 38 4
v 39 4
v 40 4
v 41 4
v 42 4
v 43 4
v 44 4
v 45 4
v 46 4
v 47 4
v 48 4
v 49 4
v 50 4
v 51 4
v 52 4
v 53 4
v 54 4
v 55 4
v 56 4
v 57 4
e 1 16 1
e 2 13 1
e 2 15 1
e 3 11 1
e 3 17 1
e 4 12 1
e 4 18 1
e 5 14 1
e 5 19 1
e 6 15 1
e 6 20 1
e 7 17 2
e 8 18 2
e 9 19 2
e 10 20 2
e 11 12 1
e 11 13 1
e 11 29 1
e 12 14 1
e 12 30 1
e 13 16 1
e 13 31 1
e 14 15 1
e 14 32 1
e 15 33 1
e 16 34 1
e 16 35 1
e 17 23 1
e 18 24 1
e 19 25 1
e 20 26 1
e 21 27 1
e 21 36 1
e 21 37 1
e 22 28 1
e 22 38 1
e 22 39 1
e 23 40 1
e 23 41 1
e 23 42 1
e 24 43 1
e 24 44 1
e 24 45 1
e 25 46 1
e 25 47 1
e 25 48 1
e 26 49 1
e 26 50 1
e 26 51 1
e 27 52 1
e 27 53 1
e 27 54 1
e 28 55 1
e 28 56 1
e 28 57 1
t # 38419
v 0 34
v 1 11
v 2 1
v 3 1
v 4 1
v 5 1
v 6 1
v 7 1
v 8 1
v 9 1
v 10 1
v 11 3
v 12 3
v 13 3
v 14 3
v 15 3
v 16 3
v 17 3
v 18 3
v 19 3
v 20 3
v 21 3
v 22 3
v 23 3
v 24 3
v 25 3
v 26 3
v 27 3
v 28 3
v 29 3
v 30 3
v 31 4
v 32 4
v 33 4
v 34 4
v 35 4
v 36 4
v 37 4
v 38 4
v 39 4
v 40 4
v 41 4
v 42 4
v 43 4
v 44 4
v 45 4
v 46 4
v 47 4
v 48 4
v 49 4
v 50 4
v 51 4
v 52 4
v 53 4
v 54 4
v 55 4
v 56 4
v 57 4
v 58 4
v 59 4
v 60 4
v 61 4
v 62 4
v 63 4
e 1 15 1
e 2 14 1
e 2 15 1
e 3 11 1
e 3 19 1
e 4 12 1
e 4 20 1
e 5 13 1
e 5 21 1
e 6 16 1
e 6 26 1
e 7 19 2
e 8 20 2
e 9 21 2
e 10 26 2
e 11 12 1
e 11 13 1
e 11 31 1
e 12 14 1
e 12 32 1
e 13 15 1
e 13 33 1
e 14 16 1
e 14 34 1
e 15 35 1
e 16 36 1
e 16 37 1
e 17 22 1
e 17 38 1
e 17 39 1
e 18 23 1
e 18 40 1
e 18 41 1
e 19 24 1
e 20 25 1
e 21 27 1
e 22 28 1
e 22 42 1
e 22 43 1
e 23 29 1
e 23 44 1
e 23 45 1
e 24 46 1
e 24 47 1
e 24 48 1
e 25 49 1
e 25 50 1
e 25 51 1
e 26 30 1
e 27 52 1
e 27 53 1
e 27 54 1
e 28 55 1
e 28 56 1
e 28 57 1
e 29 58 1
e 29 59 1
e 29 60 1
e 30 61 1
e 30 62 1
e 30 63 1
t # 38420
v 0 11
v 1 2
v 2 2
v 3 3
v 4 3
v 5 3
v 6 3
v 7 3
v 8 3
v 9 3
v 10 42
v 11 4
v 12 4
v 13 4
v 14 4
v 15 4
v 16 4
v 17 4
v 18 4
v 19 4
e 0 4 1
e 0 8 1
e 1 2 1
e 1 12 1
e 2 5 2
e 3 4 2
e 3 6 1
e 4 5 1
e 5 9 1
e 6 8 2
e 6 11 1
e 7 13 1
e 7 14 1
e 7 15 1
e 8 16 1
e 9 17 1
e 9 18 1
e 9 19 1
t # 38421
v 0 12
v 1 1
v 2 1
v 3 1
v 4 2
v 5 2
v 6 3
v 7 3
v 8 3
v 9 3
v 10 3
v 11 3
v 12 3
v 13 3
v 14 3
v 15 3
v 16 3
v 17 3
v 18 3
v 19 3
v 20 3
v 21 3
v 22 3
v 23 3
v 24 3
v 25 3
v 26 3
v 27 3
v 28 3
v 29 3
v 30 4
v 31 4
v 32 4
v 33 4
v 34 4
v 35 4
v 36 4
v 37 4
v 38 4
v 39 4
v 40 4
v 41 4
v 42 4
v 43 4
v 44 4
v 45 4
v 46 4
e 0 17 1
e 1 18 1
e 1 28 1
e 2 19 2
e 3 28 2
e 4 6 1
e 4 10 1
e 4 12 1
e 5 8 2
e 5 15 1
e 6 8 1
e 6 11 2
e 7 9 1
e 7 13 2
e 7 14 1
e 8 13 1
e 9 11 1
e 9 17 2
e 10 15 1
e 10 20 2
e 11 30 1
e 12 18 1
e 12 31 1
e 12 32 1
e 13 33 1
e 14 16 1
e 14 21 2
e 15 22 2
e 16 19 1
e 16 23 2
e 17 19 1
e 18 34 1
e 18 35 1
e 20 24 1
e 20 36 1
e 21 26 1
e 21 37 1
e 22 25 1
e 22 38 1
e 23 27 1
e 23 39 1
e 24 25 2
e 24 40 1
e 25 41 1
e 26 27 2
e 26 42 1
e 27 43 1
e 28 29 1
e 29 44 1
e 29 45 1
e 29 46 1
t # 38422
v 0 11
v 1 11
v 2 11
v 3 2
v 4 3
v 5 3
v 6 3
v 7 3
v 8 3
v 9 3
v 10 3
v 11 3
v 12 3
v 13 3
v 14 4
v 15 4
v 16 4
v 17 4
v 18 4
e 0 8 1
e 0 13 1
e 3 6 2
e 3 13 1
e 4 5 1
e 4 6 1
e 4 8 1
e 4 14 1
e 5 7 1
e 5 9 2
e 6 7 1
e 7 10 2
e 9 11 1
e 9 15 1
e 10 12 1
e 10 16 1
e 11 12 2
e 11 17 1
e 12 18 1
t # 38423
v 0 2
v 1 2
v 2 3
v 3 3
v 4 3
v 5 3
v 6 3
v 7 3
v 8 3
v 9 3
v 10 3
v 11 3
v 12 3
v 13 3
v 14 3
v 15 3
v 16 3
v 17 3
v 18 3
v 19 3
v 20 3
v 21 3
v 22 3
v 23 3
v 24 4
v 25 4
v 26 4
v 27 4
v 28 4
v 29 4
v 30 4
v 31 4
v 32 4
v 33 4
v 34 4
v 35 4
v 36 4
v 37 4
v 38 4
v 39 4
v 40 4
v 41 4
v 42 4
v 43 4
e 0 2 1
e 0 7 2
e 1 3 1
e 1 13 1
e 1 26 1
e 2 3 1
e 2 4 1
e 2 5 1
e 3 6 2
e 4 8 1
e 4 24 1
e 4 25 1
e 5 10 2
e 5 11 1
e 6 7 1
e 6 9 1
e 7 12 1
e 8 27 1
e 8 28 1
e 8 29 1
e 9 14 2
e 9 30 1
e 10 16 1
e 10 31 1
e 11 17 2
e 11 32 1
e 12 15 2
e 12 33 1
e 13 19 2
e 13 20 1
e 14 15 1
e 14 34 1
e 15 35 1
e 16 18 2
e 16 36 1
e 17 18 1
e 17 37 1
e 18 38 1
e 19 21 1
e 19 39 1
e 20 22 2
e 20 40 1
e 21 23 2
e 21 41 1
e 22 23 1
e 22 42 1
e 23 43 1
t # 38424
v 0 11
v 1 1
v 2 1
v 3 1
v 4 1
v 5 1
v 6 1
v 7 1
v 8 1
v 9 1
v 10 3
v 11 3
v 12 3
v 13 3
v 14 3
v 15 3
v 16 3
v 17 3
v 18 3
v 19 3
v 20 3
v 21 3
v 22 4
v 23 4
v 24 4
v 25 4
v 26 4
v 27 4
v 28 4
v 29 4
v 30 4
v 31 4
v 32 4
v 33 4
v 34 4
v 35 4
v 36 4
v 37 4
v 38 4
v 39 4
v 40 4
v 41 4
e 0 14 1
e 0 15 1
e 1 11 1
e 1 14 1
e 2 10 1
e 2 16 1
e 3 16 1
e 3 20 1
e 4 12 1
e 4 34 1
e 5 13 1
e 5 37 1
e 6 17 1
e 6 38 1
e 7 18 1
e 7 39 1
e 8 19 1
e 8 40 1
e 9 21 1
e 9 41 1
e 10 11 1
e 10 12 1
e 10 22 1
e 11 15 1
e 11 23 1
e 12 13 1
e 12 24 1
e 13 14 1
e 13 25 1
e 14 26 1
e 15 27 1
e 15 28 1
e 16 17 1
e 16 29 1
e 17 18 1
e 17 30 1
e 18 19 1
e 18 31 1
e 19 20 1
e 19 32 1
e 20 21 1
e 20 33 1
e 21 35 1
e 21 36 1
t # 38425
v 0 11
v 1 1
v 2 1
v 3 1
v 4 2
v 5 2
v 6 3
v 7 3
v 8 3
v 9 3
v 10 3
v 11 4
v 12 4
v 13 4
v 14 4
v 15 4
v 16 4
v 17 4
v 18 4
v 19 4
v 20 4
e 0 6 1
e 0 9 1
e 1 7 1
e 1 10 1
e 2 7 2
e 3 8 2
e 4 6 1
e 4 8 1
e 4 12 1
e 5 8 1
e 5 19 1
e 5 20 1
e 6 7 1
e 6 11 1
e 9 13 1
e 9 14 1
e 9 15 1
e 10 16 1
e 10 17 1
e 10 18 1
t # 38426
v 0 1
v 1 1
v 2 1
v 3 1
v 4 2
v 5 2
v 6 3
v 7 3
v 8 3
v 9 3
v 10 3
v 11 4
v 12 4
v 13 4
v 14 4
v 15 4
v 16 4
v 17 4
v 18 4
v 19 4
v 20 4
e 0 6 1
e 0 9 1
e 1 7 1
e 1 10 1
e 2 7 2
e 3 8 2
e 4 6 1
e 4 8 1
e 4 12 1
e 5 8 1
e 5 19 1
e 5 20 1
e 6 7 1
e 6 11 1
e 9 13 1
e 9 14 1
e 9 15 1
e 10 16 1
e 10 17 1
e 10 18 1
t # 38427
v 0 1
v 1 1
v 2 1
v 3 2
v 4 2
v 5 2
v 6 2
v 7 2
v 8 3
v 9 3
v 10 3
v 11 3
v 12 3
v 13 3
v 14 3
v 15 3
v 16 3
v 17 4
v 18 4
v 19 4
v 20 4
v 21 4
v 22 4
v 23 4
v 24 4
v 25 4
v 26 4
v 27 4
v 28 4
v 29 4
e 0 10 1
e 0 11 1
e 3 4 1
e 3 8 1
e 3 9 1
e 4 13 2
e 5 12 1
e 5 14 1
e 5 16 1
e 6 14 2
e 6 15 1
e 7 14 1
e 8 10 1
e 8 17 1
e 8 18 1
e 9 11 1
e 9 19 1
e 9 20 1
e 10 21 1
e 10 22 1
e 11 23 1
e 11 24 1
e 12 13 1
e 12 15 2
e 13 25 1
e 15 26 1
e 16 27 1
e 16 28 1
e 16 29 1
t # 38428
v 0 1
v 1 1
v 2 1
v 3 2
v 4 2
v 5 3
v 6 3
v 7 3
v 8 3
v 9 3
v 10 3
v 11 3
v 12 3
v 13 3
v 14 3
v 15 3
v 16 3
v 17 3
v 18 3
v 19 3
v 20 3
v 21 3
v 22 3
v 23 3
v 24 3
v 25 3
v 26 3
v 27 4
v 28 4
v 29 4
v 30 4
v 31 4
v 32 4
v 33 4
v 34 4
v 35 4
v 36 4
v 37 4
v 38 4
v 39 4
v 40 4
v 41 4
v 42 4
v 43 4
v 44 4
v 45 4
v 46 4
v 47 4
v 48 4
v 49 4
v 50 4
e 0 5 1
e 0 43 1
e 1 14 2
e 2 18 2
e 3 6 1
e 3 7 1
e 3 8 1
e 4 6 1
e 4 13 1
e 4 14 1
e 5 11 1
e 5 14 1
e 5 15 1
e 6 27 1
e 6 28 1
e 7 9 1
e 7 29 1
e 7 30 1
e 8 10 1
e 8 31 1
e 8 32 1
e 9 12 1
e 9 33 1
e 9 34 1
e 10 12 1
e 10 35 1
e 10 36 1
e 11 13 1
e 11 16 2
e 12 37 1
e 12 38 1
e 13 17 2
e 15 18 1
e 15 39 1
e 15 40 1
e 16 19 1
e 16 41 1
e 17 20 1
e 17 42 1
e 18 21 1
e 19 20 2
e 19 44 1
e 20 45 1
e 21 22 2
e 21 23 1
e 22 24 1
e 22 46 1
e 23 25 2
e 23 47 1
e 24 26 2
e 24 48 1
e 25 26 1
e 25 49 1
e 26 50 1
t # 38429
v 0 14
v 1 14
v 2 14
v 3 1
v 4 1
v 5 3
v 6 3
v 7 3
v 8 3
v 9 3
v 10 3
v 11 3
v 12 3
v 13 3
v 14 3
v 15 3
v 16 4
v 17 4
v 18 4
v 19 4
v 20 4
v 21 4
v 22 4
v 23 4
v 24 4
e 3 7 1
e 3 15 1
e 4 6 1
e 4 21 1
e 5 8 2
e 5 9 1
e 5 13 1
e 6 12 1
e 6 14 1
e 6 16 1
e 7 10 2
e 7 11 1
e 8 10 1
e 8 17 1
e 9 11 2
e 9 18 1
e 10 19 1
e 11 20 1
e 15 22 1
e 15 23 1
e 15 24 1
t # 38430
v 0 11
v 1 1
v 2 2
v 3 3
v 4 3
v 5 3
v 6 3
v 7 3
v 8 3
v 9 3
v 10 3
v 11 3
v 12 3
v 13 3
v 14 3
v 15 4
v 16 4
v 17 4
v 18 4
v 19 4
v 20 4
v 21 4
v 22 4
v 23 4
v 24 4
v 25 4
v 26 4
v 27 4
v 28 4
v 29 4
v 30 4
v 31 4
e 0 3 1
e 0 11 1
e 1 5 2
e 2 5 1
e 2 6 1
e 2 8 1
e 3 4 1
e 3 5 1
e 3 15 1
e 4 7 1
e 4 16 1
e 4 17 1
e 6 9 2
e 6 10 1
e 7 18 1
e 7 19 1
e 7 20 1
e 8 21 1
e 8 22 1
e 8 23 1
e 9 12 1
e 9 24 1
e 10 13 2
e 10 25 1
e 11 26 1
e 11 27 1
e 11 28 1
e 12 14 2
e 12 29 1
e 13 14 1
e 13 30 1
e 14 31 1
t # 38431
v 0 1
v 1 1
v 2 2
v 3 2
v 4 3
v 5 3
v 6 3
v 7 3
v 8 3
v 9 3
v 10 3
v 11 3
v 12 3
v 13 3
v 14 3
v 15 3
v 16 3
v 17 3
v 18 3
v 19 3
v 20 3
v 21 3
v 22 4
v 23 4
v 24 4
v 25 4
v 26 4
v 27 4
v 28 4
v 29 4
v 30 4
v 31 4
v 32 4
v 33 4
v 34 4
v 35 4
v 36 4
v 37 4
v 38 4
v 39 4
e 0 11 1
e 1 11 2
e 2 4 1
e 2 8 1
e 4 5 1
e 4 6 1
e 4 7 1
e 5 22 1
e 5 23 1
e 5 24 1
e 6 25 1
e 6 26 1
e 6 27 1
e 7 28 1
e 7 29 1
e 7 30 1
e 8 9 2
e 8 10 1
e 9 12 1
e 9 31 1
e 10 13 2
e 10 32 1
e 11 14 1
e 12 15 2
e 12 33 1
e 13 15 1
e 13 34 1
e 14 16 2
e 14 17 1
e 15 35 1
e 16 18 1
e 16 36 1
e 17 19 2
e 17 37 1
e 18 20 2
e 18 38 1
e 19 20 1
e 19 39 1
e 20 21 1
t # 38432
v 0 12
v 1 1
v 2 1
v 3 2
v 4 3
v 5 3
v 6 3
v 7 3
v 8 3
v 9 3
v 10 3
v 11 3
v 12 3
v 13 3
v 14 3
v 15 3
v 16 3
v 17 3
v 18 3
v 19 3
v 20 3
v 21 4
v 22 4
v 23 4
v 24 4
v 25 4
v 26 4
v 27 4
v 28 4
v 29 4
v 30 4
v 31 4
v 32 4
v 33 4
v 34 4
v 35 4
v 36 4
v 37 4
v 38 4
e 0 20 1
e 1 11 1
e 2 11 2
e 3 4 1
e 3 8 1
e 4 5 1
e 4 6 1
e 4 7 1
e 5 21 1
e 5 22 1
e 5 23 1
e 6 24 1
e 6 25 1
e 6 26 1
e 7 27 1
e 7 28 1
e 7 29 1
e 8 9 2
e 8 10 1
e 9 12 1
e 9 30 1
e 10 13 2
e 10 31 1
e 11 15 1
e 12 14 2
e 12 32 1
e 13 14 1
e 13 33 1
e 14 34 1
e 15 16 2
e 15 17 1
e 16 18 1
e 16 35 1
e 17 19 2
e 17 36 1
e 18 20 2
e 18 37 1
e 19 20 1
e 19 38 1
t # 38433
v 0 11
v 1 1
v 2 2
v 3 3
v 4 3
v 5 3
v 6 3
v 7 3
v 8 3
v 9 3
v 10 3
v 11 3
v 12 3
v 13 3
v 14 3
v 15 3
v 16 3
v 17 3
v 18 3
v 19 3
v 20 3
v 21 4
v 22 4
v 23 4
v 24 4
v 25 4
v 26 4
v 27 4
v 28 4
v 29 4
v 30 4
v 31 4
v 32 4
v 33 4
v 34 4
v 35 4
v 36 4
v 37 4
v 38 4
v 39 4
v 40 4
v 41 4
e 0 3 1
e 0 11 1
e 1 16 2
e 2 7 1
e 2 16 1
e 2 32 1
e 3 4 1
e 3 5 1
e 3 21 1
e 4 6 1
e 4 22 1
e 4 23 1
e 5 7 1
e 5 8 2
e 6 9 1
e 6 24 1
e 6 25 1
e 7 10 2
e 8 12 1
e 8 26 1
e 9 27 1
e 9 28 1
e 9 29 1
e 10 13 1
e 10 30 1
e 11 14 2
e 11 15 1
e 12 13 2
e 12 31 1
e 13 33 1
e 14 17 1
e 14 34 1
e 15 18 2
e 15 35 1
e 16 20 1
e 17 19 2
e 17 36 1
e 18 19 1
e 18 37 1
e 19 38 1
e 20 39 1
e 20 40 1
e 20 41 1
t # 38434
v 0 11
v 1 1
v 2 1
v 3 1
v 4 2
v 5 3
v 6 3
v 7 3
v 8 3
v 9 3
v 10 3
v 11 3
v 12 3
v 13 3
v 14 3
v 15 3
v 16 3
v 17 3
v 18 4
v 19 4
v 20 4
v 21 4
v 22 4
v 23 4
v 24 4
v 25 4
v 26 4
v 27 4
v 28 4
v 29 4
v 30 4
v 31 4
v 32 4
e 0 5 1
e 0 14 1
e 1 8 2
e 2 15 1
e 2 16 1
e 3 15 2
e 4 7 1
e 4 8 1
e 4 21 1
e 5 6 1
e 5 8 1
e 5 9 1
e 6 7 2
e 6 10 1
e 7 11 1
e 9 18 1
e 9 19 1
e 9 20 1
e 10 12 2
e 10 22 1
e 11 13 2
e 11 23 1
e 12 13 1
e 12 15 1
e 13 24 1
e 14 25 1
e 14 26 1
e 14 27 1
e 16 17 1
e 16 28 1
e 16 29 1
e 17 30 1
e 17 31 1
e 17 32 1
t # 38435
v 0 12
v 1 11
v 2 1
v 3 2
v 4 3
v 5 3
v 6 3
v 7 3
v 8 3
v 9 3
v 10 3
v 11 3
v 12 3
v 13 4
v 14 4
v 15 4
v 16 4
v 17 4
v 18 4
v 19 4
v 20 4
e 0 10 1
e 1 4 1
e 1 12 1
e 2 7 2
e 3 6 1
e 3 7 1
e 3 14 1
e 4 5 1
e 4 7 1
e 4 13 1
e 5 6 2
e 5 8 1
e 6 9 1
e 8 10 2
e 8 15 1
e 9 11 2
e 9 16 1
e 10 11 1
e 11 17 1
e 12 18 1
e 12 19 1
e 12 20 1
t # 38436
v 0 11
v 1 1
v 2 2
v 3 3
v 4 3
v 5 3
v 6 3
v 7 3
v 8 4
v 9 4
v 10 4
v 11 4
v 12 4
e 0 4 1
e 0 6 1
e 1 5 2
e 3 4 1
e 3 5 1
e 3 7 1
e 3 8 1
e 4 9 1
e 4 10 1
e 5 6 1
e 6 11 1
e 6 12 1
t # 38437
v 0 1
v 1 1
v 2 2
v 3 3
v 4 3
v 5 3
v 6 3
v 7 3
v 8 3
v 9 3
v 10 3
v 11 3
v 12 3
v 13 3
v 14 3
v 15 4
v 16 4
v 17 4
v 18 4
v 19 4
v 20 4
v 21 4
v 22 4
v 23 4
v 24 4
v 25 4
v 26 4
v 27 4
e 0 9 1
e 0 14 1
e 1 9 2
e 2 4 1
e 2 5 1
e 2 16 1
e 3 4 1
e 3 8 1
e 3 9 1
e 3 15 1
e 4 7 2
e 5 6 1
e 5 10 2
e 6 7 1
e 6 11 2
e 7 17 1
e 8 18 1
e 8 19 1
e 8 20 1
e 10 12 1
e 10 21 1
e 11 13 1
e 11 22 1
e 12 13 2
e 12 23 1
e 13 24 1
e 14 25 1
e 14 26 1
e 14 27 1
t # 38438
v 0 1
v 1 1
v 2 1
v 3 2
v 4 3
v 5 3
v 6 3
v 7 3
v 8 3
v 9 3
v 10 3
v 11 3
v 12 3
v 13 3
v 14 3
v 15 3
v 16 3
v 17 3
v 18 3
v 19 3
v 20 3
v 21 3
v 22 4
v 23 4
v 24 4
v 25 4
v 26 4
v 27 4
v 28 4
v 29 4
v 30 4
v 31 4
v 32 4
v 33 4
v 34 4
v 35 4
v 36 4
v 37 4
v 38 4
v 39 4
v 40 4
e 0 10 1
e 1 8 2
e 2 10 2
e 3 4 1
e 3 8 1
e 4 5 1
e 4 6 1
e 4 7 1
e 5 22 1
e 5 23 1
e 5 24 1
e 6 25 1
e 6 26 1
e 6 27 1
e 7 28 1
e 7 29 1
e 7 30 1
e 8 9 1
e 9 11 2
e 9 12 1
e 10 13 1
e 11 14 1
e 11 31 1
e 12 15 2
e 12 32 1
e 13 17 2
e 13 18 1
e 14 16 2
e 14 33 1
e 15 16 1
e 15 34 1
e 16 35 1
e 17 19 1
e 17 36 1
e 18 20 2
e 18 37 1
e 19 21 2
e 19 38 1
e 20 21 1
e 20 39 1
e 21 40 1
t # 38439
v 0 1
v 1 1
v 2 2
v 3 3
v 4 3
v 5 3
v 6 3
v 7 3
v 8 3
v 9 3
v 10 3
v 11 3
v 12 4
v 13 4
v 14 4
v 15 4
v 16 4
v 17 4
v 18 4
v 19 4
v 20 4
e 0 9 2
e 1 10 2
e 2 3 1
e 2 9 1
e 2 13 1
e 3 4 1
e 3 5 2
e 4 6 2
e 4 10 1
e 5 7 1
e 5 12 1
e 6 8 1
e 6 14 1
e 7 8 2
e 7 15 1
e 8 16 1
e 9 11 1
e 10 17 1
e 11 18 1
e 11 19 1
e 11 20 1
t # 38440
v 0 11
v 1 1
v 2 1
v 3 2
v 4 3
v 5 3
v 6 3
v 7 3
v 8 3
v 9 3
v 10 3
v 11 3
v 12 3
v 13 3
v 14 3
v 15 4
v 16 4
v 17 4
v 18 4
v 19 4
v 20 4
v 21 4
v 22 4
v 23 4
v 24 4
v 25 4
v 26 4
v 27 4
e 0 4 1
e 0 13 1
e 1 7 2
e 2 11 1
e 2 14 1
e 3 6 1
e 3 7 1
e 3 18 1
e 4 5 1
e 4 7 1
e 4 8 1
e 5 6 2
e 5 9 1
e 6 10 1
e 8 15 1
e 8 16 1
e 8 17 1
e 9 12 2
e 9 19 1
e 10 11 2
e 10 20 1
e 11 12 1
e 12 21 1
e 13 22 1
e 13 23 1
e 13 24 1
e 14 25 1
e 14 26 1
e 14 27 1
t # 38441
v 0 11
v 1 14
v 2 14
v 3 14
v 4 1
v 5 2
v 6 3
v 7 3
v 8 3
v 9 3
v 10 3
v 11 3
v 12 3
v 13 3
v 14 3
v 15 3
v 16 3
v 17 4
v 18 4
v 19 4
v 20 4
v 21 4
v 22 4
v 23 4
v 24 4
v 25 4
v 26 4
e 0 6 1
e 0 16 1
e 4 9 2
e 5 8 1
e 5 9 1
e 5 20 1
e 6 7 1
e 6 9 1
e 6 10 1
e 7 8 2
e 7 11 1
e 8 12 1
e 10 17 1
e 10 18 1
e 10 19 1
e 11 13 2
e 11 21 1
e 12 14 2
e 12 22 1
e 13 14 1
e 13 15 1
e 14 23 1
e 16 24 1
e 16 25 1
e 16 26 1
t # 38442
v 0 11
v 1 14
v 2 14
v 3 14
v 4 1
v 5 2
v 6 3
v 7 3
v 8 3
v 9 3
v 10 3
v 11 3
v 12 3
v 13 3
v 14 3
v 15 3
v 16 3
v 17 4
v 18 4
v 19 4
v 20 4
v 21 4
v 22 4
v 23 4
v 24 4
v 25 4
v 26 4
e 0 6 1
e 0 16 1
e 4 9 2
e 5 8 1
e 5 9 1
e 5 20 1
e 6 7 1
e 6 9 1
e 6 10 1
e 7 8 2
e 7 11 1
e 8 12 1
e 10 17 1
e 10 18 1
e 10 19 1
e 11 14 2
e 11 21 1
e 12 13 2
e 12 22 1
e 13 14 1
e 13 15 1
e 14 23 1
e 16 24 1
e 16 25 1
e 16 26 1
t # 38443
v 0 11
v 1 1
v 2 1
v 3 1
v 4 2
v 5 2
v 6 3
v 7 3
v 8 3
v 9 3
v 10 3
v 11 3
v 12 3
v 13 3
v 14 3
v 15 3
v 16 4
v 17 4
v 18 4
v 19 4
v 20 4
v 21 4
v 22 4
v 23 4
v 24 4
v 25 4
e 0 6 1
e 0 15 1
e 1 9 2
e 4 8 1
e 4 9 1
e 4 19 1
e 5 13 1
e 6 7 1
e 6 9 1
e 6 10 1
e 7 8 2
e 7 11 1
e 8 12 1
e 10 16 1
e 10 17 1
e 10 18 1
e 11 14 2
e 11 20 1
e 12 13 2
e 12 21 1
e 13 14 1
e 14 22 1
e 15 23 1
e 15 24 1
e 15 25 1
t # 38444
v 0 11
v 1 1
v 2 1
v 3 1
v 4 2
v 5 2
v 6 3
v 7 3
v 8 3
v 9 3
v 10 3
v 11 3
v 12 3
v 13 3
v 14 3
v 15 3
v 16 4
v 17 4
v 18 4
v 19 4
v 20 4
v 21 4
v 22 4
v 23 4
v 24 4
v 25 4
e 0 6 1
e 0 15 1
e 1 9 2
e 4 8 1
e 4 9 1
e 4 19 1
e 5 11 1
e 6 7 1
e 6 9 1
e 6 10 1
e 7 8 2
e 7 11 1
e 8 12 1
e 10 16 1
e 10 17 1
e 10 18 1
e 11 13 2
e 12 14 2
e 12 20 1
e 13 14 1
e 13 21 1
e 14 22 1
e 15 23 1
e 15 24 1
e 15 25 1
t # 38445
v 0 1
v 1 2
v 2 3
v 3 3
v 4 3
v 5 3
v 6 3
v 7 3
v 8 3
v 9 3
v 10 3
v 11 3
v 12 4
v 13 4
v 14 4
v 15 4
v 16 4
v 17 4
v 18 4
v 19 4
v 20 4
v 21 4
v 22 4
e 0 8 1
e 0 11 1
e 1 3 1
e 1 5 1
e 1 12 1
e 2 3 2
e 2 4 1
e 2 6 1
e 3 7 1
e 4 5 2
e 4 10 1
e 5 13 1
e 6 9 2
e 6 14 1
e 7 8 2
e 7 15 1
e 8 9 1
e 9 16 1
e 10 17 1
e 10 18 1
e 10 19 1
e 11 20 1
e 11 21 1
e 11 22 1
t # 38446
v 0 11
v 1 1
v 2 1
v 3 1
v 4 2
v 5 2
v 6 3
v 7 3
v 8 3
v 9 3
v 10 3
v 11 3
v 12 3
v 13 3
v 14 3
v 15 4
v 16 4
v 17 4
v 18 4
v 19 4
v 20 4
v 21 4
v 22 4
e 0 6 1
e 0 14 1
e 1 9 2
e 4 8 1
e 4 9 1
e 4 16 1
e 5 12 1
e 6 7 1
e 6 9 1
e 6 15 1
e 7 8 2
e 7 10 1
e 8 11 1
e 10 12 2
e 10 17 1
e 11 13 2
e 11 18 1
e 12 13 1
e 13 19 1
e 14 20 1
e 14 21 1
e 14 22 1
t # 38447
v 0 11
v 1 1
v 2 1
v 3 2
v 4 2
v 5 3
v 6 3
v 7 3
v 8 3
v 9 3
v 10 3
v 11 3
v 12 3
v 13 3
v 14 3
v 15 3
v 16 3
v 17 3
v 18 4
v 19 4
v 20 4
v 21 4
v 22 4
v 23 4
v 24 4
v 25 4
v 26 4
v 27 4
v 28 4
v 29 4
v 30 4
v 31 4
v 32 4
v 33 4
e 0 5 1
e 0 15 1
e 1 8 2
e 2 11 2
e 3 8 1
e 3 9 1
e 3 20 1
e 4 11 1
e 4 16 1
e 4 17 1
e 5 6 1
e 5 7 1
e 5 8 1
e 6 9 1
e 6 10 2
e 7 11 1
e 7 18 1
e 7 19 1
e 9 12 2
e 10 13 1
e 10 21 1
e 12 14 1
e 12 22 1
e 13 14 2
e 13 23 1
e 14 24 1
e 15 25 1
e 15 26 1
e 15 27 1
e 16 28 1
e 16 29 1
e 16 30 1
e 17 31 1
e 17 32 1
e 17 33 1
t # 38448
v 0 1
v 1 1
v 2 1
v 3 2
v 4 3
v 5 3
v 6 3
v 7 3
v 8 3
v 9 3
v 10 3
v 11 3
v 12 3
v 13 3
v 14 4
v 15 4
v 16 4
v 17 4
v 18 4
v 19 4
v 20 4
v 21 4
v 22 4
v 23 4
v 24 4
v 25 4
v 26 4
e 0 8 1
e 0 12 1
e 1 11 2
e 2 13 1
e 3 11 1
e 3 20 1
e 4 5 1
e 4 6 2
e 4 7 1
e 5 11 1
e 5 14 1
e 5 15 1
e 6 8 1
e 6 16 1
e 7 9 2
e 7 17 1
e 8 10 2
e 9 10 1
e 9 18 1
e 10 19 1
e 12 21 1
e 12 22 1
e 12 23 1
e 13 24 1
e 13 25 1
e 13 26 1
t # 38449
v 0 1
v 1 1
v 2 2
v 3 3
v 4 3
v 5 3
v 6 3
v 7 3
v 8 3
v 9 3
v 10 3
v 11 3
v 12 4
v 13 4
v 14 4
v 15 4
v 16 4
v 17 4
v 18 4
v 19 4
v 20 4
v 21 4
v 22 4
e 0 11 1
e 1 7 2
e 2 7 1
e 2 19 1
e 3 4 1
e 3 5 2
e 3 6 1
e 4 7 1
e 4 12 1
e 4 13 1
e 5 8 1
e 5 14 1
e 6 9 2
e 6 15 1
e 8 10 2
e 8 16 1
e 9 10 1
e 9 17 1
e 10 18 1
e 11 20 1
e 11 21 1
e 11 22 1
t # 38450
v 0 12
v 1 11
v 2 2
v 3 3
v 4 3
v 5 3
v 6 3
v 7 3
v 8 3
v 9 3
v 10 3
v 11 3
v 12 3
v 13 3
v 14 4
v 15 4
v 16 4
v 17 4
v 18 4
v 19 4
v 20 4
v 21 4
v 22 4
v 23 4
v 24 4
v 25 4
v 26 4
v 27 4
v 28 4
v 29 4
e 0 7 1
e 1 5 1
e 1 6 1
e 2 8 1
e 2 28 1
e 2 29 1
e 3 4 1
e 3 5 1
e 3 14 1
e 3 15 1
e 4 7 1
e 4 16 1
e 4 17 1
e 5 18 1
e 5 19 1
e 6 8 2
e 6 10 1
e 7 20 1
e 7 21 1
e 8 11 1
e 9 11 2
e 9 12 1
e 9 13 1
e 10 12 2
e 10 22 1
e 11 23 1
e 12 24 1
e 13 25 1
e 13 26 1
e 13 27 1
t # 38451
v 0 11
v 1 1
v 2 3
v 3 3
v 4 3
v 5 3
v 6 3
v 7 3
v 8 3
v 9 3
v 10 3
v 11 3
v 12 3
v 13 4
v 14 4
v 15 4
v 16 4
v 17 4
v 18 4
v 19 4
v 20 4
v 21 4
v 22 4
v 23 4
v 24 4
v 25 4
v 26 4
e 0 2 1
e 0 9 1
e 1 4 2
e 2 3 1
e 2 4 1
e 2 13 1
e 3 6 1
e 3 14 1
e 3 15 1
e 4 5 1
e 5 7 2
e 5 8 1
e 6 16 1
e 6 17 1
e 6 18 1
e 7 10 1
e 7 19 1
e 8 11 2
e 8 20 1
e 9 21 1
e 9 22 1
e 9 23 1
e 10 12 2
e 10 24 1
e 11 12 1
e 11 25 1
e 12 26 1
t # 38452
v 0 11
v 1 1
v 2 3
v 3 3
v 4 3
v 5 3
v 6 3
v 7 3
v 8 3
v 9 3
v 10 3
v 11 3
v 12 4
v 13 4
v 14 4
v 15 4
v 16 4
v 17 4
v 18 4
v 19 4
v 20 4
v 21 4
v 22 4
v 23 4
e 0 2 1
e 0 11 1
e 1 4 2
e 2 3 1
e 2 4 1
e 2 12 1
e 3 5 2
e 3 6 1
e 4 9 1
e 5 7 1
e 5 13 1
e 6 8 2
e 6 14 1
e 7 10 2
e 7 15 1
e 8 10 1
e 8 16 1
e 9 17 1
e 9 18 1
e 9 19 1
e 10 20 1
e 11 21 1
e 11 22 1
e 11 23 1
t # 38453
v 0 1
v 1 1
v 2 3
v 3 3
v 4 3
v 5 3
v 6 3
v 7 3
v 8 3
v 9 3
v 10 3
v 11 3
v 12 3
v 13 4
v 14 4
v 15 4
v 16 4
v 17 4
v 18 4
v 19 4
v 20 4
v 21 4
v 22 4
e 0 8 1
e 0 11 1
e 1 11 2
e 2 3 2
e 2 4 1
e 2 9 1
e 3 5 1
e 3 13 1
e 4 6 2
e 4 14 1
e 5 7 2
e 5 15 1
e 6 7 1
e 6 16 1
e 7 17 1
e 8 10 1
e 8 18 1
e 8 19 1
e 11 12 1
e 12 20 1
e 12 21 1
e 12 22 1
t # 38454
v 0 1
v 1 1
v 2 1
v 3 3
v 4 3
v 5 3
v 6 3
v 7 3
v 8 3
v 9 3
v 10 3
v 11 3
v 12 3
v 13 3
v 14 4
v 15 4
v 16 4
v 17 4
v 18 4
v 19 4
v 20 4
v 21 4
v 22 4
v 23 4
e 0 9 1
e 0 12 1
e 1 12 1
e 1 13 1
e 2 12 2
e 3 4 2
e 3 5 1
e 3 10 1
e 4 6 1
e 4 14 1
e 5 7 2
e 5 15 1
e 6 8 2
e 6 16 1
e 7 8 1
e 7 17 1
e 8 18 1
e 9 11 1
e 9 19 1
e 9 20 1
e 13 21 1
e 13 22 1
e 13 23 1
t # 38455
v 0 11
v 1 1
v 2 2
v 3 3
v 4 3
v 5 3
v 6 3
v 7 3
v 8 3
v 9 3
v 10 3
v 11 3
v 12 3
v 13 3
v 14 4
v 15 4
v 16 4
v 17 4
v 18 4
v 19 4
v 20 4
v 21 4
v 22 4
v 23 4
v 24 4
v 25 4
v 26 4
v 27 4
v 28 4
e 0 7 1
e 0 13 1
e 1 11 2
e 2 4 1
e 2 11 1
e 2 19 1
e 3 4 2
e 3 5 1
e 3 7 1
e 4 8 1
e 5 6 2
e 5 14 1
e 6 9 1
e 6 10 1
e 7 15 1
e 7 16 1
e 8 9 2
e 8 17 1
e 9 18 1
e 10 20 1
e 10 21 1
e 10 22 1
e 11 12 1
e 12 23 1
e 12 24 1
e 12 25 1
e 13 26 1
e 13 27 1
e 13 28 1
t # 38456
v 0 12
v 1 11
v 2 1
v 3 1
v 4 1
v 5 1
v 6 2
v 7 3
v 8 3
v 9 3
v 10 3
v 11 3
v 12 3
v 13 3
v 14 3
v 15 3
v 16 3
v 17 3
v 18 3
v 19 3
v 20 4
v 21 4
v 22 4
v 23 4
v 24 4
v 25 4
v 26 4
v 27 4
v 28 4
v 29 4
v 30 4
v 31 4
v 32 4
v 33 4
v 34 4
v 35 4
e 0 8 1
e 1 2 2
e 1 3 2
e 1 8 1
e 1 14 1
e 4 16 2
e 5 17 2
e 6 9 1
e 6 16 1
e 6 17 1
e 7 8 1
e 7 9 2
e 7 10 1
e 8 20 1
e 9 12 1
e 10 11 2
e 10 21 1
e 11 13 1
e 11 15 1
e 12 13 2
e 12 22 1
e 13 23 1
e 14 24 1
e 14 25 1
e 14 26 1
e 15 27 1
e 15 28 1
e 15 29 1
e 16 18 1
e 17 19 1
e 18 30 1
e 18 31 1
e 18 32 1
e 19 33 1
e 19 34 1
e 19 35 1
t # 38457
v 0 11
v 1 1
v 2 2
v 3 3
v 4 3
v 5 3
v 6 3
v 7 3
v 8 3
v 9 3
v 10 3
v 11 3
v 12 3
v 13 4
v 14 4
v 15 4
v 16 4
v 17 4
v 18 4
v 19 4
v 20 4
v 21 4
v 22 4
v 23 4
e 0 3 1
e 0 12 1
e 1 6 2
e 2 5 1
e 2 6 1
e 2 16 1
e 3 4 1
e 3 6 1
e 3 7 1
e 4 5 1
e 4 8 2
e 5 9 2
e 7 13 1
e 7 14 1
e 7 15 1
e 8 10 1
e 8 17 1
e 9 11 1
e 9 18 1
e 10 11 2
e 10 19 1
e 11 20 1
e 12 21 1
e 12 22 1
e 12 23 1
t # 38458
v 0 11
v 1 1
v 2 2
v 3 3
v 4 3
v 5 3
v 6 3
v 7 3
v 8 3
v 9 3
v 10 3
v 11 3
v 12 4
v 13 4
v 14 4
v 15 4
v 16 4
v 17 4
v 18 4
v 19 4
v 20 4
e 0 3 1
e 0 11 1
e 1 6 2
e 2 5 1
e 2 6 1
e 2 13 1
e 3 4 1
e 3 6 1
e 3 12 1
e 4 5 1
e 4 7 2
e 5 8 2
e 7 9 1
e 7 14 1
e 8 10 1
e 8 15 1
e 9 10 2
e 9 16 1
e 10 17 1
e 11 18 1
e 11 19 1
e 11 20 1
t # 38459
v 0 12
v 1 2
v 2 3
v 3 3
v 4 3
v 5 3
v 6 3
v 7 3
v 8 3
v 9 3
v 10 3
v 11 3
v 12 3
v 13 3
v 14 4
v 15 4
v 16 4
v 17 4
v 18 4
v 19 4
v 20 4
v 21 4
v 22 4
v 23 4
v 24 4
v 25 4
e 0 12 1
e 1 3 1
e 1 9 1
e 1 22 1
e 2 3 2
e 2 4 1
e 2 8 1
e 3 5 1
e 4 6 1
e 4 14 1
e 4 15 1
e 5 7 1
e 5 16 1
e 5 17 1
e 6 7 1
e 6 18 1
e 6 19 1
e 7 20 1
e 7 21 1
e 8 9 2
e 8 10 1
e 9 11 1
e 10 12 2
e 10 23 1
e 11 13 2
e 11 24 1
e 12 13 1
e 13 25 1
t # 38460
v 0 11
v 1 1
v 2 2
v 3 3
v 4 3
v 5 3
v 6 3
v 7 3
v 8 3
v 9 3
v 10 3
v 11 3
v 12 3
v 13 3
v 14 4
v 15 4
v 16 4
v 17 4
v 18 4
v 19 4
v 20 4
v 21 4
v 22 4
v 23 4
v 24 4
v 25 4
v 26 4
e 0 6 1
e 0 12 1
e 1 7 1
e 1 13 1
e 2 3 1
e 2 5 1
e 2 14 1
e 3 4 2
e 3 7 1
e 4 6 1
e 4 8 1
e 5 6 2
e 5 9 1
e 7 10 2
e 8 11 2
e 8 15 1
e 9 16 1
e 9 17 1
e 9 18 1
e 10 11 1
e 10 19 1
e 11 20 1
e 12 21 1
e 12 22 1
e 12 23 1
e 13 24 1
e 13 25 1
e 13 26 1
t # 38461
v 0 1
v 1 1
v 2 2
v 3 2
v 4 2
v 5 2
v 6 3
v 7 3
v 8 3
v 9 3
v 10 3
v 11 3
v 12 3
v 13 3
v 14 3
v 15 3
v 16 3
v 17 3
v 18 3
v 19 3
v 20 3
v 21 3
v 22 4
v 23 4
v 24 4
v 25 4
v 26 4
v 27 4
v 28 4
v 29 4
v 30 4
v 31 4
v 32 4
v 33 4
v 34 4
v 35 4
v 36 4
v 37 4
v 38 4
v 39 4
v 40 4
v 41 4
v 42 4
v 43 4
v 44 4
v 45 4
v 46 4
v 47 4
v 48 4
v 49 4
v 50 4
v 51 4
e 0 20 2
e 1 21 2
e 2 6 1
e 2 8 1
e 2 10 1
e 3 7 1
e 3 9 1
e 3 11 1
e 4 12 1
e 4 20 1
e 4 50 1
e 5 13 1
e 5 21 1
e 5 51 1
e 6 8 1
e 6 12 1
e 6 22 1
e 7 9 1
e 7 13 1
e 7 23 1
e 8 24 1
e 8 25 1
e 9 26 1
e 9 27 1
e 10 14 1
e 10 15 1
e 10 16 1
e 11 17 1
e 11 18 1
e 11 19 1
e 12 28 1
e 12 29 1
e 13 30 1
e 13 31 1
e 14 32 1
e 14 33 1
e 14 34 1
e 15 35 1
e 15 36 1
e 15 37 1
e 16 38 1
e 16 39 1
e 16 40 1
e 17 41 1
e 17 42 1
e 17 43 1
e 18 44 1
e 18 45 1
e 18 46 1
e 19 47 1
e 19 48 1
e 19 49 1
e 20 21 1
t # 38462
v 0 1
v 1 1
v 2 1
v 3 3
v 4 3
v 5 3
v 6 3
v 7 3
v 8 3
v 9 3
v 10 3
v 11 3
v 12 3
v 13 4
v 14 4
v 15 4
v 16 4
v 17 4
v 18 4
v 19 4
v 20 4
v 21 4
v 22 4
v 23 4
v 24 4
v 25 4
v 26 4
e 0 8 2
e 1 9 2
e 2 10 2
e 3 4 1
e 3 8 1
e 3 9 1
e 3 13 1
e 4 5 1
e 4 14 1
e 4 15 1
e 5 6 1
e 5 16 1
e 5 17 1
e 6 7 1
e 6 18 1
e 6 19 1
e 7 8 1
e 7 20 1
e 7 21 1
e 9 10 1
e 10 11 1
e 11 12 1
e 11 22 1
e 11 23 1
e 12 24 1
e 12 25 1
e 12 26 1
t # 38463
v 0 1
v 1 1
v 2 1
v 3 1
v 4 1
v 5 1
v 6 2
v 7 2
v 8 3
v 9 3
v 10 3
v 11 3
v 12 3
v 13 3
v 14 3
v 15 3
v 16 3
v 17 3
v 18 3
v 19 3
v 20 3
v 21 3
v 22 3
v 23 3
v 24 4
v 25 4
v 26 4
v 27 4
v 28 4
v 29 4
v 30 4
v 31 4
v 32 4
v 33 4
v 34 4
v 35 4
v 36 4
v 37 4
e 0 9 1
e 0 23 1
e 1 10 1
e 1 19 1
e 2 19 2
e 3 23 2
e 6 14 1
e 6 23 1
e 6 32 1
e 7 11 1
e 8 9 1
e 8 12 2
e 8 13 1
e 9 24 1
e 9 25 1
e 10 11 1
e 10 15 2
e 11 16 2
e 12 17 1
e 12 28 1
e 13 18 2
e 13 29 1
e 14 19 1
e 14 26 1
e 14 27 1
e 15 21 1
e 15 30 1
e 16 22 1
e 16 31 1
e 17 20 2
e 17 33 1
e 18 20 1
e 18 34 1
e 20 36 1
e 21 22 2
e 21 35 1
e 22 37 1
t # 38464
v 0 1
v 1 3
v 2 3
v 3 3
v 4 3
v 5 3
v 6 3
v 7 3
v 8 3
v 9 3
v 10 3
v 11 4
v 12 4
v 13 4
v 14 4
v 15 4
v 16 4
v 17 4
v 18 4
v 19 4
v 20 4
e 0 2 1
e 0 8 1
e 1 3 2
e 1 4 1
e 1 7 1
e 2 5 2
e 2 6 1
e 3 5 1
e 3 11 1
e 4 6 2
e 4 12 1
e 5 13 1
e 6 14 1
e 7 15 1
e 7 16 1
e 7 17 1
e 8 9 1
e 8 18 1
e 8 19 1
e 10 20 1
t # 38465
v 0 14
v 1 14
v 2 14
v 3 1
v 4 3
v 5 3
v 6 3
v 7 3
v 8 3
v 9 3
v 10 3
v 11 3
v 12 3
v 13 3
v 14 4
v 15 4
v 16 4
v 17 4
v 18 4
v 19 4
v 20 4
e 3 5 1
e 3 11 1
e 4 6 2
e 4 7 1
e 4 10 1
e 5 8 2
e 5 9 1
e 6 8 1
e 6 14 1
e 7 9 2
e 7 15 1
e 8 16 1
e 9 17 1
e 11 12 1
e 11 18 1
e 11 19 1
e 13 20 1
t # 38466
v 0 1
v 1 1
v 2 2
v 3 2
v 4 3
v 5 3
v 6 3
v 7 3
v 8 3
v 9 3
v 10 3
v 11 3
v 12 3
v 13 3
v 14 3
v 15 3
v 16 3
v 17 3
v 18 4
v 19 4
v 20 4
v 21 4
v 22 4
v 23 4
v 24 4
v 25 4
v 26 4
v 27 4
v 28 4
v 29 4
v 30 4
v 31 4
v 32 4
v 33 4
v 34 4
v 35 4
e 0 10 2
e 1 12 2
e 2 9 1
e 2 12 1
e 2 29 1
e 3 11 1
e 3 12 1
e 3 30 1
e 4 5 1
e 4 6 1
e 4 18 1
e 4 19 1
e 5 7 1
e 5 20 1
e 5 21 1
e 6 8 1
e 6 22 1
e 6 23 1
e 7 9 2
e 7 10 1
e 8 24 1
e 8 25 1
e 8 26 1
e 9 27 1
e 10 28 1
e 11 13 2
e 11 14 1
e 13 15 1
e 13 31 1
e 14 16 2
e 14 32 1
e 15 17 2
e 15 33 1
e 16 17 1
e 16 34 1
e 17 35 1
t # 38467
v 0 1
v 1 1
v 2 2
v 3 2
v 4 3
v 5 3
v 6 3
v 7 3
v 8 3
v 9 3
v 10 3
v 11 3
v 12 3
v 13 3
v 14 3
v 15 3
v 16 4
v 17 4
v 18 4
v 19 4
v 20 4
v 21 4
v 22 4
v 23 4
v 24 4
v 25 4
v 26 4
v 27 4
v 28 4
v 29 4
e 0 11 2
e 1 15 2
e 2 6 1
e 2 11 1
e 2 22 1
e 3 7 1
e 3 11 1
e 3 23 1
e 4 5 1
e 4 8 1
e 4 16 1
e 4 17 1
e 5 7 2
e 5 15 1
e 6 9 2
e 6 10 1
e 7 18 1
e 8 19 1
e 8 20 1
e 8 21 1
e 9 12 1
e 9 24 1
e 10 13 2
e 10 25 1
e 12 14 2
e 12 26 1
e 13 14 1
e 13 27 1
e 14 28 1
e 15 29 1
t # 38468
v 0 12
v 1 12
v 2 11
v 3 2
v 4 2
v 5 2
v 6 3
v 7 3
v 8 3
v 9 3
v 10 3
v 11 3
v 12 3
v 13 3
v 14 3
v 15 3
v 16 3
v 17 3
v 18 3
v 19 3
v 20 3
v 21 3
v 22 3
v 23 3
v 24 4
v 25 4
v 26 4
v 27 4
v 28 4
v 29 4
v 30 4
v 31 4
v 32 4
v 33 4
v 34 4
v 35 4
v 36 4
v 37 4
v 38 4
v 39 4
v 40 4
v 41 4
v 42 4
v 43 4
v 44 4
v 45 4
v 46 4
v 47 4
v 48 4
v 49 4
v 50 4
e 0 19 1
e 1 20 1
e 3 6 1
e 3 7 1
e 3 9 1
e 4 6 1
e 4 8 1
e 4 10 1
e 5 7 1
e 5 8 1
e 5 13 1
e 6 24 1
e 6 25 1
e 7 26 1
e 7 27 1
e 8 28 1
e 8 29 1
e 9 11 1
e 9 30 1
e 9 31 1
e 10 12 1
e 10 32 1
e 10 33 1
e 11 14 1
e 11 34 1
e 11 35 1
e 12 15 1
e 12 36 1
e 12 37 1
e 13 16 1
e 14 17 1
e 14 38 1
e 14 39 1
e 15 18 1
e 15 40 1
e 15 41 1
e 16 19 2
e 16 20 1
e 17 42 1
e 17 43 1
e 17 44 1
e 18 45 1
e 18 46 1
e 18 47 1
e 19 21 1
e 20 22 2
e 21 23 2
e 21 48 1
e 22 23 1
e 22 49 1
e 23 50 1
t # 38469
v 0 12
v 1 12
v 2 11
v 3 2
v 4 2
v 5 2
v 6 3
v 7 3
v 8 3
v 9 3
v 10 3
v 11 3
v 12 3
v 13 3
v 14 3
v 15 3
v 16 3
v 17 3
v 18 4
v 19 4
v 20 4
v 21 4
v 22 4
v 23 4
v 24 4
v 25 4
v 26 4
v 27 4
v 28 4
v 29 4
v 30 4
v 31 4
v 32 4
e 0 13 1
e 1 14 1
e 3 6 1
e 3 7 1
e 3 9 1
e 4 6 1
e 4 8 1
e 4 10 1
e 5 7 1
e 5 8 1
e 5 11 1
e 6 18 1
e 6 19 1
e 7 20 1
e 7 21 1
e 8 22 1
e 8 23 1
e 9 12 1
e 10 24 1
e 10 25 1
e 10 26 1
e 11 27 1
e 11 28 1
e 11 29 1
e 12 13 2
e 12 14 1
e 13 15 1
e 14 16 2
e 15 17 2
e 15 30 1
e 16 17 1
e 16 31 1
e 17 32 1
t # 38470
v 0 11
v 1 1
v 2 1
v 3 2
v 4 2
v 5 2
v 6 3
v 7 3
v 8 3
v 9 3
v 10 3
v 11 3
v 12 3
v 13 3
v 14 3
v 15 3
v 16 3
v 17 4
v 18 4
v 19 4
v 20 4
v 21 4
v 22 4
v 23 4
v 24 4
v 25 4
v 26 4
v 27 4
v 28 4
v 29 4
v 30 4
v 31 4
e 0 1 2
e 0 2 2
e 0 11 1
e 3 6 1
e 3 7 1
e 3 9 1
e 4 6 1
e 4 8 1
e 4 10 1
e 5 9 1
e 5 10 1
e 6 17 1
e 6 18 1
e 7 8 1
e 7 19 1
e 7 20 1
e 8 21 1
e 8 22 1
e 9 23 1
e 9 24 1
e 10 25 1
e 10 26 1
e 11 12 2
e 11 13 1
e 12 14 1
e 12 27 1
e 13 15 2
e 13 28 1
e 14 16 2
e 14 29 1
e 15 16 1
e 15 30 1
e 16 31 1
t # 38471
v 0 18
v 1 18
v 2 11
v 3 2
v 4 2
v 5 2
v 6 3
v 7 3
v 8 3
v 9 3
v 10 3
v 11 3
v 12 3
v 13 3
v 14 3
v 15 3
v 16 3
v 17 3
v 18 4
v 19 4
v 20 4
v 21 4
v 22 4
v 23 4
v 24 4
v 25 4
v 26 4
v 27 4
v 28 4
v 29 4
v 30 4
e 3 6 1
e 3 7 1
e 3 9 1
e 4 6 1
e 4 8 1
e 4 10 1
e 5 9 1
e 5 10 1
e 5 11 1
e 6 18 1
e 6 19 1
e 7 8 1
e 7 20 1
e 7 21 1
e 8 22 1
e 8 23 1
e 9 24 1
e 9 25 1
e 10 26 1
e 10 27 1
e 11 12 1
e 12 13 2
e 12 14 1
e 13 16 1
e 14 15 2
e 14 28 1
e 15 17 1
e 16 17 2
e 16 29 1
e 17 30 1
t # 38472
v 0 1
v 1 1
v 2 1
v 3 1
v 4 2
v 5 3
v 6 3
v 7 3
v 8 3
v 9 3
v 10 3
v 11 3
v 12 3
v 13 3
v 14 3
v 15 3
v 16 3
v 17 3
v 18 4
v 19 4
v 20 4
v 21 4
v 22 4
v 23 4
v 24 4
v 25 4
v 26 4
v 27 4
v 28 4
v 29 4
v 30 4
e 0 5 1
e 0 23 1
e 1 10 1
e 1 17 1
e 2 11 2
e 3 14 2
e 4 14 1
e 4 26 1
e 4 27 1
e 5 6 1
e 5 7 1
e 5 9 1
e 6 8 1
e 6 12 2
e 7 14 1
e 7 18 1
e 7 19 1
e 8 11 1
e 8 13 2
e 9 10 2
e 9 20 1
e 10 11 1
e 12 15 1
e 12 21 1
e 13 16 1
e 13 22 1
e 15 16 2
e 15 24 1
e 16 25 1
e 17 28 1
e 17 29 1
e 17 30 1
t # 38473
v 0 11
v 1 11
v 2 11
v 3 1
v 4 1
v 5 2
v 6 2
v 7 2
v 8 3
v 9 3
v 10 3
v 11 3
v 12 3
v 13 3
v 14 4
v 15 4
v 16 4
v 17 4
v 18 4
v 19 4
v 20 4
v 21 4
v 22 4
v 23 4
v 24 4
e 0 3 2
e 0 4 2
e 0 8 1
e 1 8 1
e 1 9 1
e 5 9 1
e 5 10 1
e 6 9 2
e 6 11 1
e 7 11 1
e 7 12 1
e 7 13 1
e 8 14 1
e 8 15 1
e 10 16 1
e 10 17 1
e 10 18 1
e 12 19 1
e 12 20 1
e 12 21 1
e 13 22 1
e 13 23 1
e 13 24 1
t # 38474
v 0 11
v 1 11
v 2 11
v 3 1
v 4 1
v 5 2
v 6 2
v 7 2
v 8 3
v 9 3
v 10 3
v 11 3
v 12 3
v 13 3
v 14 3
v 15 3
v 16 3
v 17 3
v 18 3
v 19 3
v 20 3
v 21 3
v 22 3
v 23 3
v 24 3
v 25 3
v 26 3
v 27 3
v 28 3
v 29 4
v 30 4
v 31 4
v 32 4
v 33 4
v 34 4
v 35 4
v 36 4
v 37 4
v 38 4
v 39 4
v 40 4
v 41 4
v 42 4
v 43 4
v 44 4
v 45 4
e 0 3 2
e 0 4 2
e 0 8 1
e 1 8 1
e 1 9 1
e 5 9 1
e 5 10 1
e 6 13 1
e 6 14 1
e 6 15 1
e 7 9 2
e 7 13 1
e 8 29 1
e 8 30 1
e 10 11 2
e 10 12 1
e 11 16 1
e 11 31 1
e 12 17 2
e 12 32 1
e 14 19 2
e 14 21 1
e 15 20 2
e 15 22 1
e 16 18 2
e 16 33 1
e 17 18 1
e 17 34 1
e 18 35 1
e 19 23 1
e 19 36 1
e 20 24 1
e 20 37 1
e 21 25 2
e 21 38 1
e 22 26 2
e 22 39 1
e 23 27 2
e 23 40 1
e 24 28 2
e 24 41 1
e 25 27 1
e 25 42 1
e 26 28 1
e 26 43 1
e 27 44 1
e 28 45 1
t # 38475
v 0 12
v 1 12
v 2 1
v 3 1
v 4 3
v 5 3
v 6 3
v 7 3
v 8 3
v 9 3
v 10 3
v 11 3
v 12 3
v 13 3
v 14 3
v 15 3
v 16 3
v 17 3
v 18 3
v 19 3
v 20 3
v 21 3
v 22 4
v 23 4
v 24 4
v 25 4
v 26 4
v 27 4
v 28 4
v 29 4
v 30 4
v 31 4
v 32 4
v 33 4
v 34 4
v 35 4
v 36 4
v 37 4
v 38 4
v 39 4
v 40 4
v 41 4
v 42 4
v 43 4
v 44 4
v 45 4
e 0 17 1
e 1 21 1
e 2 4 1
e 2 9 1
e 3 4 1
e 3 10 1
e 4 5 1
e 4 12 1
e 5 6 1
e 5 22 1
e 5 23 1
e 6 7 1
e 6 24 1
e 6 25 1
e 7 11 1
e 7 26 1
e 7 27 1
e 8 9 1
e 8 10 1
e 8 28 1
e 8 29 1
e 9 30 1
e 9 31 1
e 10 32 1
e 10 33 1
e 11 13 1
e 11 34 1
e 11 35 1
e 12 14 2
e 12 36 1
e 13 15 1
e 13 37 1
e 13 38 1
e 14 16 1
e 14 39 1
e 15 40 1
e 15 41 1
e 15 42 1
e 16 17 2
e 16 18 1
e 17 19 1
e 18 20 2
e 18 43 1
e 19 21 2
e 19 44 1
e 20 21 1
e 20 45 1
t # 38476
v 0 12
v 1 12
v 2 1
v 3 1
v 4 3
v 5 3
v 6 3
v 7 3
v 8 3
v 9 3
v 10 3
v 11 3
v 12 3
v 13 3
v 14 3
v 15 3
v 16 3
v 17 3
v 18 3
v 19 3
v 20 3
v 21 3
v 22 4
v 23 4
v 24 4
v 25 4
v 26 4
v 27 4
v 28 4
v 29 4
v 30 4
v 31 4
v 32 4
v 33 4
v 34 4
v 35 4
v 36 4
v 37 4
v 38 4
v 39 4
v 40 4
v 41 4
v 42 4
v 43 4
v 44 4
v 45 4
e 0 19 1
e 1 21 1
e 2 4 1
e 2 9 1
e 3 4 1
e 3 10 1
e 4 5 1
e 4 12 1
e 5 6 1
e 5 22 1
e 5 23 1
e 6 7 1
e 6 24 1
e 6 25 1
e 7 11 1
e 7 26 1
e 7 27 1
e 8 9 1
e 8 10 1
e 8 28 1
e 8 29 1
e 9 30 1
e 9 31 1
e 10 32 1
e 10 33 1
e 11 13 1
e 11 34 1
e 11 35 1
e 12 14 2
e 12 36 1
e 13 15 1
e 13 37 1
e 13 38 1
e 14 16 1
e 14 39 1
e 15 40 1
e 15 41 1
e 15 42 1
e 16 17 2
e 16 18 1
e 17 19 1
e 17 43 1
e 18 20 2
e 18 44 1
e 19 21 2
e 20 21 1
e 20 45 1
t # 38477
v 0 12
v 1 12
v 2 1
v 3 1
v 4 3
v 5 3
v 6 3
v 7 3
v 8 3
v 9 3
v 10 3
v 11 3
v 12 3
v 13 3
v 14 3
v 15 3
v 16 3
v 17 3
v 18 3
v 19 3
v 20 3
v 21 3
v 22 3
v 23 3
v 24 4
v 25 4
v 26 4
v 27 4
v 28 4
v 29 4
v 30 4
v 31 4
v 32 4
v 33 4
v 34 4
v 35 4
v 36 4
v 37 4
v 38 4
v 39 4
v 40 4
v 41 4
v 42 4
v 43 4
v 44 4
v 45 4
v 46 4
v 47 4
v 48 4
v 49 4
v 50 4
v 51 4
e 0 19 1
e 1 23 1
e 2 5 1
e 2 6 1
e 3 5 1
e 3 7 1
e 4 6 1
e 4 7 1
e 4 9 1
e 4 10 1
e 5 8 1
e 5 12 1
e 6 24 1
e 6 25 1
e 7 26 1
e 7 27 1
e 8 11 1
e 8 28 1
e 8 29 1
e 9 30 1
e 9 31 1
e 9 32 1
e 10 33 1
e 10 34 1
e 10 35 1
e 11 13 1
e 11 36 1
e 11 37 1
e 12 15 2
e 12 38 1
e 13 14 1
e 13 39 1
e 13 40 1
e 14 16 1
e 14 41 1
e 14 42 1
e 15 17 1
e 15 43 1
e 16 18 1
e 16 44 1
e 16 45 1
e 17 19 2
e 17 20 1
e 18 46 1
e 18 47 1
e 18 48 1
e 19 21 1
e 20 22 2
e 20 49 1
e 21 23 2
e 21 50 1
e 22 23 1
e 22 51 1
t # 38478
v 0 1
v 1 1
v 2 2
v 3 2
v 4 2
v 5 2
v 6 2
v 7 2
v 8 3
v 9 3
v 10 3
v 11 3
v 12 3
v 13 3
v 14 3
v 15 3
v 16 3
v 17 3
v 18 3
v 19 3
v 20 3
v 21 3
v 22 3
v 23 3
v 24 3
v 25 3
v 26 3
v 27 3
v 28 3
v 29 3
v 30 3
v 31 4
v 32 4
v 33 4
v 34 4
v 35 4
v 36 4
v 37 4
v 38 4
v 39 4
v 40 4
v 41 4
v 42 4
v 43 4
v 44 4
v 45 4
v 46 4
v 47 4
v 48 4
e 0 23 1
e 0 29 1
e 1 25 1
e 1 30 1
e 2 10 1
e 2 20 2
e 3 12 1
e 3 21 2
e 4 13 1
e 5 21 1
e 6 7 1
e 6 21 1
e 6 38 1
e 7 27 2
e 8 9 1
e 8 10 1
e 8 14 2
e 9 12 1
e 9 15 2
e 10 11 2
e 11 13 1
e 11 16 1
e 12 13 2
e 14 17 1
e 14 31 1
e 15 18 1
e 15 32 1
e 16 19 2
e 16 33 1
e 17 18 2
e 17 34 1
e 18 35 1
e 19 20 1
e 19 36 1
e 20 37 1
e 22 24 2
e 22 26 1
e 22 27 1
e 23 24 1
e 23 25 2
e 24 39 1
e 25 28 1
e 26 28 2
e 26 40 1
e 27 42 1
e 28 41 1
e 29 43 1
e 29 44 1
e 29 45 1
e 30 46 1
e 30 47 1
e 30 48 1
t # 38479
v 0 1
v 1 1
v 2 1
v 3 1
v 4 2
v 5 3
v 6 3
v 7 3
v 8 3
v 9 3
v 10 3
v 11 3
v 12 3
v 13 3
v 14 3
v 15 3
v 16 3
v 17 3
v 18 3
v 19 3
v 20 3
v 21 3
v 22 3
v 23 3
v 24 3
v 25 3
v 26 3
v 27 4
v 28 4
v 29 4
v 30 4
v 31 4
v 32 4
v 33 4
v 34 4
v 35 4
v 36 4
v 37 4
v 38 4
v 39 4
v 40 4
v 41 4
v 42 4
v 43 4
v 44 4
v 45 4
v 46 4
v 47 4
v 48 4
v 49 4
v 50 4
v 51 4
v 52 4
v 53 4
e 0 17 1
e 0 23 1
e 1 19 1
e 1 24 1
e 2 20 1
e 2 25 1
e 3 21 1
e 3 26 1
e 4 5 1
e 4 8 1
e 4 9 1
e 5 6 1
e 5 7 1
e 5 27 1
e 6 10 1
e 6 14 1
e 6 28 1
e 7 13 1
e 7 15 2
e 8 11 1
e 8 29 1
e 8 30 1
e 9 12 1
e 9 31 1
e 9 32 1
e 10 11 2
e 10 16 1
e 11 17 1
e 12 13 1
e 12 33 1
e 12 34 1
e 13 18 2
e 14 35 1
e 14 36 1
e 14 37 1
e 15 19 1
e 15 38 1
e 16 22 2
e 16 39 1
e 17 20 2
e 18 21 1
e 18 40 1
e 19 21 2
e 20 22 1
e 22 41 1
e 23 42 1
e 23 43 1
e 23 44 1
e 24 45 1
e 24 46 1
e 24 47 1
e 25 48 1
e 25 49 1
e 25 50 1
e 26 51 1
e 26 52 1
e 26 53 1
t # 38480
v 0 11
v 1 1
v 2 1
v 3 2
v 4 3
v 5 3
v 6 3
v 7 3
v 8 3
v 9 3
v 10 3
v 11 3
v 12 3
v 13 3
v 14 4
v 15 4
v 16 4
v 17 4
v 18 4
v 19 4
v 20 4
v 21 4
v 22 4
v 23 4
v 24 4
v 25 4
v 26 4
v 27 4
v 28 4
v 29 4
v 30 4
v 31 4
v 32 4
e 0 1 2
e 0 2 2
e 0 5 1
e 0 6 1
e 3 4 1
e 3 12 1
e 3 13 1
e 4 5 1
e 4 6 1
e 4 7 1
e 5 8 1
e 5 14 1
e 6 15 1
e 6 16 1
e 7 9 1
e 7 17 1
e 7 18 1
e 8 10 1
e 8 19 1
e 8 20 1
e 9 11 1
e 9 21 1
e 9 22 1
e 10 11 1
e 10 23 1
e 10 24 1
e 11 25 1
e 11 26 1
e 12 27 1
e 12 28 1
e 12 29 1
e 13 30 1
e 13 31 1
e 13 32 1
t # 38481
v 0 11
v 1 2
v 2 3
v 3 3
v 4 3
v 5 3
v 6 3
v 7 3
v 8 3
v 9 3
v 10 3
v 11 3
v 12 3
v 13 3
v 14 3
v 15 3
v 16 3
v 17 4
v 18 4
v 19 4
v 20 4
v 21 4
v 22 4
v 23 4
v 24 4
v 25 4
v 26 4
v 27 4
v 28 4
v 29 4
v 30 4
v 31 4
v 32 4
v 33 4
e 0 3 1
e 0 4 1
e 1 2 1
e 1 8 1
e 1 9 1
e 2 3 1
e 2 4 1
e 2 5 1
e 3 17 1
e 3 18 1
e 4 19 1
e 4 20 1
e 5 6 2
e 5 7 1
e 6 10 1
e 6 21 1
e 7 12 2
e 7 22 1
e 8 23 1
e 8 24 1
e 8 25 1
e 9 26 1
e 9 27 1
e 9 28 1
e 10 11 1
e 10 13 2
e 11 12 1
e 11 14 2
e 12 29 1
e 13 15 1
e 13 30 1
e 14 16 1
e 14 31 1
e 15 16 2
e 15 32 1
e 16 33 1
t # 38482
v 0 11
v 1 1
v 2 2
v 3 3
v 4 3
v 5 3
v 6 3
v 7 3
v 8 3
v 9 3
v 10 3
v 11 3
v 12 3
v 13 3
v 14 3
v 15 3
v 16 4
v 17 4
v 18 4
v 19 4
v 20 4
v 21 4
v 22 4
v 23 4
v 24 4
v 25 4
v 26 4
v 27 4
v 28 4
v 29 4
v 30 4
v 31 4
v 32 4
e 0 4 1
e 0 5 1
e 1 9 1
e 1 10 1
e 2 3 1
e 2 7 1
e 2 8 1
e 3 4 1
e 3 5 1
e 3 6 1
e 4 16 1
e 4 17 1
e 5 18 1
e 5 19 1
e 6 11 2
e 6 12 1
e 7 9 1
e 7 20 1
e 7 21 1
e 8 10 1
e 8 22 1
e 8 23 1
e 9 24 1
e 9 25 1
e 10 26 1
e 10 27 1
e 11 13 1
e 11 28 1
e 12 14 2
e 12 29 1
e 13 15 2
e 13 30 1
e 14 15 1
e 14 31 1
e 15 32 1
t # 38483
v 0 11
v 1 1
v 2 1
v 3 2
v 4 3
v 5 3
v 6 3
v 7 3
v 8 3
v 9 3
v 10 3
v 11 3
v 12 3
v 13 3
v 14 3
v 15 3
v 16 4
v 17 4
v 18 4
v 19 4
v 20 4
v 21 4
v 22 4
v 23 4
v 24 4
v 25 4
v 26 4
v 27 4
v 28 4
v 29 4
v 30 4
v 31 4
v 32 4
e 0 1 2
e 0 2 2
e 0 5 1
e 0 6 1
e 3 4 1
e 3 9 1
e 3 10 1
e 4 5 1
e 4 6 1
e 4 7 1
e 5 8 1
e 5 16 1
e 6 17 1
e 6 18 1
e 7 11 2
e 7 12 1
e 8 19 1
e 8 20 1
e 8 21 1
e 9 22 1
e 9 23 1
e 9 24 1
e 10 25 1
e 10 26 1
e 10 27 1
e 11 13 1
e 11 28 1
e 12 14 2
e 12 29 1
e 13 15 2
e 13 30 1
e 14 15 1
e 14 31 1
e 15 32 1
t # 38484
v 0 11
v 1 1
v 2 1
v 3 2
v 4 3
v 5 3
v 6 3
v 7 3
v 8 3
v 9 3
v 10 3
v 11 3
v 12 3
v 13 3
v 14 3
v 15 4
v 16 4
v 17 4
v 18 4
v 19 4
v 20 4
v 21 4
v 22 4
v 23 4
v 24 4
v 25 4
v 26 4
v 27 4
v 28 4
v 29 4
e 0 1 2
e 0 2 2
e 0 5 1
e 0 6 1
e 3 4 1
e 3 8 1
e 3 9 1
e 4 5 1
e 4 6 1
e 4 7 1
e 5 15 1
e 5 16 1
e 6 17 1
e 6 18 1
e 7 10 2
e 7 11 1
e 8 19 1
e 8 20 1
e 8 21 1
e 9 22 1
e 9 23 1
e 9 24 1
e 10 12 1
e 10 25 1
e 11 13 2
e 11 26 1
e 12 14 2
e 12 27 1
e 13 14 1
e 13 28 1
e 14 29 1
t # 38485
v 0 14
v 1 14
v 2 14
v 3 14
v 4 14
v 5 1
v 6 1
v 7 2
v 8 2
v 9 3
v 10 3
v 11 3
v 12 3
v 13 3
v 14 3
v 15 3
v 16 3
v 17 3
v 18 3
v 19 3
v 20 3
v 21 3
v 22 3
v 23 3
v 24 4
v 25 4
v 26 4
v 27 4
v 28 4
v 29 4
v 30 4
v 31 4
v 32 4
e 5 17 2
e 6 18 2
e 7 9 1
e 7 17 1
e 7 27 1
e 8 17 1
e 8 18 1
e 8 29 1
e 9 11 1
e 9 12 2
e 10 11 2
e 10 13 1
e 10 16 1
e 11 24 1
e 12 14 1
e 12 25 1
e 13 14 2
e 13 26 1
e 14 28 1
e 15 18 1
e 15 19 2
e 15 20 1
e 19 21 1
e 20 22 2
e 21 23 2
e 21 30 1
e 22 23 1
e 22 31 1
e 23 32 1
t # 38486
v 0 12
v 1 12
v 2 14
v 3 14
v 4 1
v 5 1
v 6 2
v 7 2
v 8 2
v 9 3
v 10 3
v 11 3
v 12 3
v 13 3
v 14 3
v 15 3
v 16 3
v 17 3
v 18 3
v 19 3
v 20 3
v 21 3
v 22 4
v 23 4
v 24 4
v 25 4
v 26 4
v 27 4
v 28 4
e 0 17 1
e 1 20 1
e 4 10 2
e 5 14 2
e 6 10 1
e 6 14 1
e 6 22 1
e 7 13 1
e 7 14 1
e 7 23 1
e 8 13 1
e 8 21 2
e 9 10 1
e 9 11 2
e 9 12 1
e 11 15 1
e 12 16 2
e 13 17 2
e 15 18 2
e 15 24 1
e 16 18 1
e 16 25 1
e 17 19 1
e 18 26 1
e 19 20 2
e 19 27 1
e 20 21 1
e 21 28 1
t # 38487
v 0 14
v 1 14
v 2 1
v 3 1
v 4 2
v 5 2
v 6 2
v 7 2
v 8 2
v 9 2
v 10 2
v 11 3
v 12 3
v 13 3
v 14 3
v 15 3
v 16 3
v 17 3
v 18 3
v 19 3
v 20 3
v 21 3
v 22 3
v 23 3
v 24 3
v 25 3
v 26 4
v 27 4
v 28 4
v 29 4
v 30 4
v 31 4
v 32 4
v 33 4
v 34 4
v 35 4
v 36 4
v 37 4
v 38 4
v 39 4
v 40 4
v 41 4
v 42 4
e 2 19 2
e 3 20 2
e 4 11 1
e 4 14 1
e 4 15 1
e 5 12 1
e 5 16 1
e 5 17 1
e 6 11 2
e 6 12 1
e 7 12 2
e 7 13 1
e 8 11 1
e 8 13 2
e 9 13 1
e 9 19 1
e 9 38 1
e 10 19 1
e 10 20 1
e 10 39 1
e 14 26 1
e 14 27 1
e 14 28 1
e 15 29 1
e 15 30 1
e 15 31 1
e 16 32 1
e 16 33 1
e 16 34 1
e 17 35 1
e 17 36 1
e 17 37 1
e 18 20 1
e 18 21 2
e 18 22 1
e 21 23 1
e 22 24 2
e 23 25 2
e 23 40 1
e 24 25 1
e 24 41 1
e 25 42 1
t # 38488
v 0 14
v 1 14
v 2 14
v 3 14
v 4 14
v 5 14
v 6 14
v 7 1
v 8 2
v 9 3
v 10 3
v 11 3
v 12 3
v 13 3
v 14 3
v 15 3
v 16 3
v 17 4
v 18 4
v 19 4
v 20 4
v 21 4
v 22 4
v 23 4
v 24 4
e 7 13 2
e 8 9 1
e 8 10 1
e 8 13 1
e 9 11 1
e 9 17 1
e 9 18 1
e 10 12 1
e 10 19 1
e 10 20 1
e 11 12 1
e 11 21 1
e 11 22 1
e 12 23 1
e 12 24 1
e 13 14 1
e 14 15 1
e 15 16 1
t # 38489
v 0 12
v 1 11
v 2 14
v 3 14
v 4 1
v 5 1
v 6 2
v 7 2
v 8 2
v 9 3
v 10 3
v 11 3
v 12 3
v 13 3
v 14 3
v 15 3
v 16 3
v 17 3
v 18 3
v 19 3
v 20 3
v 21 3
v 22 3
v 23 3
v 24 4
v 25 4
v 26 4
v 27 4
v 28 4
v 29 4
v 30 4
v 31 4
e 0 12 1
e 1 10 1
e 1 11 1
e 4 17 2
e 5 18 2
e 6 9 1
e 6 11 2
e 7 11 1
e 7 18 1
e 7 27 1
e 8 17 1
e 8 18 1
e 8 28 1
e 9 10 2
e 9 12 1
e 10 13 1
e 12 15 2
e 13 16 2
e 13 24 1
e 14 17 1
e 14 19 2
e 14 20 1
e 15 16 1
e 15 25 1
e 16 26 1
e 19 21 1
e 20 22 2
e 21 23 2
e 21 29 1
e 22 23 1
e 22 30 1
e 23 31 1
t # 38490
v 0 12
v 1 14
v 2 14
v 3 1
v 4 1
v 5 2
v 6 2
v 7 2
v 8 3
v 9 3
v 10 3
v 11 3
v 12 3
v 13 3
v 14 3
v 15 3
v 16 3
v 17 3
v 18 3
v 19 3
v 20 3
v 21 4
v 22 4
v 23 4
v 24 4
v 25 4
v 26 4
v 27 4
v 28 4
e 0 20 1
e 3 9 2
e 4 15 2
e 5 9 1
e 5 15 1
e 5 21 1
e 6 12 1
e 6 15 1
e 6 22 1
e 7 18 1
e 7 20 2
e 8 9 1
e 8 10 2
e 8 11 1
e 10 13 1
e 11 14 2
e 12 17 1
e 12 18 2
e 13 16 2
e 13 23 1
e 14 16 1
e 14 24 1
e 16 25 1
e 17 19 2
e 17 26 1
e 18 27 1
e 19 20 1
e 19 28 1
t # 38491
v 0 11
v 1 14
v 2 14
v 3 1
v 4 1
v 5 2
v 6 2
v 7 2
v 8 3
v 9 3
v 10 3
v 11 3
v 12 3
v 13 3
v 14 3
v 15 3
v 16 3
v 17 3
v 18 3
v 19 3
v 20 3
v 21 3
v 22 3
v 23 4
v 24 4
v 25 4
v 26 4
v 27 4
v 28 4
v 29 4
v 30 4
v 31 4
e 0 8 1
e 0 10 1
e 3 16 2
e 4 19 2
e 5 9 1
e 5 10 2
e 6 10 1
e 6 19 1
e 6 25 1
e 7 16 1
e 7 19 1
e 7 28 1
e 8 9 1
e 8 11 2
e 9 12 2
e 11 14 1
e 11 23 1
e 12 15 1
e 12 24 1
e 13 16 1
e 13 17 2
e 13 18 1
e 14 15 2
e 14 26 1
e 15 27 1
e 17 20 1
e 18 21 2
e 20 22 2
e 20 29 1
e 21 22 1
e 21 30 1
e 22 31 1
t # 38492
v 0 12
v 1 12
v 2 14
v 3 14
v 4 1
v 5 1
v 6 2
v 7 2
v 8 3
v 9 3
v 10 3
v 11 3
v 12 3
v 13 3
v 14 3
v 15 3
v 16 3
v 17 3
v 18 3
v 19 3
v 20 3
v 21 3
v 22 4
v 23 4
v 24 4
v 25 4
v 26 4
v 27 4
v 28 4
v 29 4
e 0 16 1
e 1 20 1
e 4 10 2
e 5 15 2
e 6 8 1
e 6 15 1
e 6 22 1
e 7 10 1
e 7 15 1
e 7 25 1
e 8 11 2
e 8 12 1
e 9 10 1
e 9 13 2
e 9 14 1
e 11 16 1
e 11 23 1
e 12 17 2
e 12 24 1
e 13 18 1
e 14 19 2
e 16 20 2
e 17 20 1
e 17 26 1
e 18 21 2
e 18 27 1
e 19 21 1
e 19 28 1
e 21 29 1
t # 38493
v 0 12
v 1 12
v 2 12
v 3 11
v 4 1
v 5 1
v 6 1
v 7 1
v 8 1
v 9 1
v 10 2
v 11 2
v 12 2
v 13 3
v 14 3
v 15 3
v 16 3
v 17 3
v 18 3
v 19 3
v 20 3
v 21 3
v 22 3
v 23 3
v 24 3
v 25 4
v 26 4
v 27 4
v 28 4
v 29 4
v 30 4
e 0 17 1
e 1 22 1
e 2 24 1
e 3 4 2
e 3 5 2
e 3 13 1
e 10 14 1
e 10 25 1
e 11 15 1
e 12 20 1
e 13 17 2
e 13 18 1
e 14 15 2
e 14 16 1
e 15 19 1
e 16 21 2
e 16 26 1
e 17 22 1
e 18 23 2
e 18 27 1
e 19 20 2
e 19 28 1
e 20 21 1
e 21 29 1
e 22 24 2
e 23 24 1
e 23 30 1
t # 38494
v 0 11
v 1 1
v 2 1
v 3 1
v 4 1
v 5 1
v 6 1
v 7 2
v 8 2
v 9 2
v 10 3
v 11 3
v 12 3
v 13 3
v 14 3
v 15 3
v 16 3
v 17 3
v 18 3
v 19 3
v 20 3
v 21 3
v 22 3
v 23 4
v 24 4
v 25 4
v 26 4
v 27 4
v 28 4
v 29 4
v 30 4
v 31 4
v 32 4
v 33 4
e 0 1 2
e 0 2 2
e 0 10 1
e 7 11 1
e 7 23 1
e 8 12 1
e 9 20 1
e 10 13 2
e 10 14 1
e 11 12 2
e 11 15 1
e 12 19 1
e 13 17 1
e 13 24 1
e 14 18 2
e 14 25 1
e 15 21 2
e 15 26 1
e 16 17 2
e 16 18 1
e 16 22 1
e 17 27 1
e 18 28 1
e 19 20 2
e 19 29 1
e 20 21 1
e 21 30 1
e 22 31 1
e 22 32 1
e 22 33 1
t # 38495
v 0 11
v 1 1
v 2 1
v 3 1
v 4 1
v 5 1
v 6 1
v 7 2
v 8 2
v 9 2
v 10 3
v 11 3
v 12 3
v 13 3
v 14 3
v 15 3
v 16 3
v 17 3
v 18 3
v 19 3
v 20 3
v 21 3
v 22 3
v 23 3
v 24 3
v 25 3
v 26 3
v 27 3
v 28 4
v 29 4
v 30 4
v 31 4
v 32 4
v 33 4
v 34 4
v 35 4
v 36 4
v 37 4
v 38 4
v 39 4
v 40 4
e 0 1 2
e 0 2 2
e 0 20 1
e 7 11 1
e 7 28 1
e 8 13 1
e 9 14 1
e 10 11 1
e 10 12 1
e 10 16 2
e 11 13 2
e 12 14 1
e 12 17 2
e 13 15 1
e 14 15 2
e 15 29 1
e 16 18 1
e 16 30 1
e 17 19 1
e 17 31 1
e 18 19 2
e 18 32 1
e 19 33 1
e 20 21 2
e 20 34 1
e 21 22 1
e 21 35 1
e 22 23 2
e 22 24 1
e 23 25 1
e 23 36 1
e 24 26 2
e 24 37 1
e 25 27 2
e 25 38 1
e 26 27 1
e 26 39 1
e 27 40 1
t # 38496
v 0 11
v 1 1
v 2 1
v 3 1
v 4 1
v 5 1
v 6 1
v 7 1
v 8 2
v 9 2
v 10 2
v 11 3
v 12 3
v 13 3
v 14 3
v 15 3
v 16 3
v 17 3
v 18 3
v 19 3
v 20 3
v 21 3
v 22 3
v 23 3
v 24 3
v 25 3
v 26 3
v 27 3
v 28 4
v 29 4
v 30 4
v 31 4
v 32 4
v 33 4
v 34 4
v 35 4
v 36 4
v 37 4
v 38 4
v 39 4
v 40 4
e 0 1 2
e 0 2 2
e 0 17 1
e 3 26 1
e 3 27 1
e 8 11 1
e 8 28 1
e 9 14 1
e 10 15 1
e 11 12 1
e 11 14 2
e 12 13 1
e 12 18 2
e 13 15 1
e 13 19 2
e 14 16 1
e 15 16 2
e 16 29 1
e 17 22 2
e 17 23 1
e 18 20 1
e 18 30 1
e 19 21 1
e 19 31 1
e 20 21 2
e 20 32 1
e 21 33 1
e 22 24 1
e 22 34 1
e 23 25 2
e 23 35 1
e 24 26 2
e 24 36 1
e 25 26 1
e 25 37 1
e 27 38 1
e 27 39 1
e 27 40 1
t # 38497
v 0 11
v 1 1
v 2 1
v 3 1
v 4 1
v 5 1
v 6 1
v 7 1
v 8 1
v 9 2
v 10 2
v 11 2
v 12 2
v 13 3
v 14 3
v 15 3
v 16 3
v 17 3
v 18 3
v 19 3
v 20 3
v 21 3
v 22 3
v 23 3
v 24 3
v 25 3
v 26 3
v 27 3
v 28 3
v 29 4
v 30 4
v 31 4
v 32 4
v 33 4
v 34 4
v 35 4
v 36 4
v 37 4
v 38 4
e 0 1 2
e 0 2 2
e 0 19 1
e 9 13 1
e 9 29 1
e 10 16 1
e 11 17 1
e 12 28 1
e 13 14 1
e 13 16 2
e 14 15 1
e 14 20 2
e 15 17 1
e 15 21 2
e 16 18 1
e 17 18 2
e 18 30 1
e 19 24 2
e 19 25 1
e 20 22 1
e 20 31 1
e 21 23 1
e 21 32 1
e 22 23 2
e 22 33 1
e 23 34 1
e 24 26 1
e 24 35 1
e 25 27 2
e 25 36 1
e 26 28 2
e 26 37 1
e 27 28 1
e 27 38 1
t # 38498
v 0 12
v 1 12
v 2 12
v 3 11
v 4 1
v 5 1
v 6 1
v 7 1
v 8 1
v 9 1
v 10 2
v 11 2
v 12 2
v 13 3
v 14 3
v 15 3
v 16 3
v 17 3
v 18 3
v 19 3
v 20 3
v 21 3
v 22 3
v 23 3
v 24 3
v 25 3
v 26 3
v 27 3
v 28 3
v 29 4
v 30 4
v 31 4
v 32 4
v 33 4
v 34 4
v 35 4
v 36 4
e 0 24 1
e 1 26 1
e 2 28 1
e 3 4 2
e 3 5 2
e 3 19 1
e 10 13 1
e 10 29 1
e 11 16 1
e 12 17 1
e 13 14 1
e 13 16 2
e 14 15 1
e 14 20 2
e 15 17 1
e 15 21 2
e 16 18 1
e 17 18 2
e 18 30 1
e 19 24 2
e 19 25 1
e 20 22 1
e 20 31 1
e 21 23 1
e 21 32 1
e 22 23 2
e 22 33 1
e 23 34 1
e 24 26 1
e 25 27 2
e 25 35 1
e 26 28 2
e 27 28 1
e 27 36 1
t # 38499
v 0 18
v 1 11
v 2 1
v 3 1
v 4 1
v 5 1
v 6 1
v 7 1
v 8 2
v 9 2
v 10 2
v 11 3
v 12 3
v 13 3
v 14 3
v 15 3
v 16 3
v 17 3
v 18 3
v 19 3
v 20 3
v 21 3
v 22 3
v 23 3
v 24 3
v 25 3
v 26 3
v 27 4
v 28 4
v 29 4
v 30 4
v 31 4
v 32 4
v 33 4
v 34 4
v 35 4
v 36 4
e 1 2 2
e 1 3 2
e 1 18 1
e 8 11 1
e 8 27 1
e 9 14 1
e 10 15 1
e 11 12 1
e 11 14 2
e 12 13 1
e 12 17 2
e 13 15 1
e 13 19 2
e 14 16 1
e 15 16 2
e 16 28 1
e 17 20 1
e 17 29 1
e 18 22 2
e 18 23 1
e 19 21 1
e 19 30 1
e 20 21 2
e 20 31 1
e 21 32 1
e 22 24 1
e 22 33 1
e 23 25 2
e 23 34 1
e 24 26 2
e 24 35 1
e 25 26 1
e 25 36 1
