t # 6300
v 0 41
v 1 1
v 2 1
v 3 1
v 4 1
v 5 2
v 6 2
v 7 2
v 8 3
v 9 3
v 10 3
v 11 3
v 12 3
v 13 3
v 14 3
v 15 3
v 16 3
v 17 3
v 18 3
v 19 3
v 20 3
v 21 3
v 22 3
v 23 3
v 24 3
v 25 3
v 26 3
v 27 3
v 28 3
v 29 3
v 30 3
v 31 4
v 32 4
v 33 4
v 34 4
v 35 4
v 36 4
v 37 4
v 38 4
v 39 4
v 40 4
v 41 4
v 42 4
v 43 4
v 44 4
v 45 4
v 46 4
v 47 4
v 48 4
v 49 4
v 50 4
v 51 4
e 1 8 1
e 2 16 2
e 3 24 2
e 4 25 2
e 5 7 1
e 5 15 2
e 6 7 1
e 6 23 1
e 6 46 1
e 7 49 1
e 8 12 1
e 8 14 2
e 9 31 1
e 9 32 1
e 9 33 1
e 10 34 1
e 10 35 1
e 10 36 1
e 11 37 1
e 11 38 1
e 11 39 1
e 12 13 1
e 12 17 2
e 13 16 1
e 13 18 2
e 14 15 1
e 14 40 1
e 15 16 1
e 17 19 1
e 17 41 1
e 18 20 1
e 18 42 1
e 19 20 2
e 19 43 1
e 20 44 1
e 21 22 1
e 21 24 1
e 21 27 2
e 22 25 1
e 22 28 2
e 23 24 1
e 23 26 2
e 25 26 1
e 26 45 1
e 27 29 1
e 27 47 1
e 28 30 1
e 28 48 1
e 29 30 2
e 29 50 1
e 30 51 1
t # 6301
v 0 1
v 1 1
v 2 1
v 3 1
v 4 1
v 5 1
v 6 1
v 7 1
v 8 1
v 9 2
v 10 3
v 11 3
v 12 3
v 13 3
v 14 3
v 15 3
v 16 3
v 17 3
v 18 3
v 19 3
v 20 3
v 21 3
v 22 3
v 23 3
v 24 3
v 25 3
v 26 3
v 27 3
v 28 3
v 29 3
v 30 3
v 31 3
v 32 3
v 33 3
v 34 3
v 35 3
v 36 3
v 37 3
v 38 3
v 39 3
v 40 3
v 41 4
v 42 4
v 43 4
v 44 4
v 45 4
v 46 4
v 47 4
v 48 4
v 49 4
v 50 4
v 51 4
v 52 4
v 53 4
v 54 4
v 55 4
v 56 4
v 57 4
v 58 4
v 59 4
v 60 4
v 61 4
v 62 4
v 63 4
v 64 4
v 65 4
v 66 4
v 67 4
v 68 4
v 69 4
v 70 4
v 71 4
v 72 4
v 73 4
v 74 4
v 75 4
v 76 4
v 77 4
v 78 4
v 79 4
v 80 4
v 81 4
v 82 4
v 83 4
v 84 4
v 85 4
v 86 4
v 87 4
v 88 4
v 89 4
v 90 4
v 91 4
e 0 10 1
e 0 11 1
e 1 16 1
e 1 22 1
e 2 13 1
e 2 34 1
e 3 22 1
e 3 30 1
e 4 23 1
e 4 83 1
e 5 26 1
e 5 85 1
e 6 32 2
e 7 34 2
e 8 38 2
e 9 25 1
e 9 39 1
e 9 40 1
e 10 11 1
e 10 12 1
e 10 41 1
e 11 14 1
e 11 15 1
e 12 13 1
e 12 18 1
e 12 42 1
e 13 21 1
e 13 43 1
e 14 44 1
e 14 45 1
e 14 46 1
e 15 27 2
e 15 47 1
e 16 17 1
e 16 19 1
e 16 48 1
e 17 20 1
e 17 29 1
e 17 49 1
e 18 50 1
e 18 51 1
e 18 52 1
e 19 23 1
e 19 33 1
e 19 53 1
e 20 24 1
e 20 54 1
e 20 55 1
e 21 35 1
e 21 56 1
e 21 57 1
e 22 26 1
e 22 58 1
e 23 31 1
e 23 59 1
e 24 32 1
e 24 36 1
e 24 60 1
e 25 26 1
e 25 28 1
e 25 61 1
e 26 62 1
e 27 32 1
e 27 63 1
e 28 30 1
e 28 64 1
e 28 65 1
e 29 38 1
e 29 66 1
e 29 67 1
e 30 37 1
e 30 68 1
e 31 34 1
e 31 69 1
e 31 70 1
e 33 71 1
e 33 72 1
e 33 73 1
e 35 74 1
e 35 75 1
e 35 76 1
e 36 77 1
e 36 78 1
e 36 79 1
e 37 80 1
e 37 81 1
e 37 82 1
e 38 84 1
e 39 86 1
e 39 87 1
e 39 88 1
e 40 89 1
e 40 90 1
e 40 91 1
t # 6302
v 0 1
v 1 1
v 2 2
v 3 2
v 4 2
v 5 2
v 6 3
v 7 3
v 8 3
v 9 3
v 10 3
v 11 3
v 12 3
v 13 3
v 14 3
v 15 3
v 16 3
v 17 3
v 18 3
v 19 3
v 20 4
v 21 4
v 22 4
v 23 4
v 24 4
v 25 4
v 26 4
v 27 4
v 28 4
v 29 4
v 30 4
v 31 4
e 0 18 2
e 1 19 2
e 2 4 1
e 2 6 1
e 2 20 1
e 3 5 1
e 3 6 1
e 3 21 1
e 4 7 1
e 4 22 1
e 5 7 1
e 5 23 1
e 6 8 2
e 7 9 2
e 8 10 1
e 8 11 1
e 9 12 1
e 9 13 1
e 10 14 2
e 10 24 1
e 11 15 2
e 11 25 1
e 12 16 2
e 12 26 1
e 13 17 2
e 13 27 1
e 14 18 1
e 14 28 1
e 15 18 1
e 15 29 1
e 16 19 1
e 16 30 1
e 17 19 1
e 17 31 1
t # 6303
v 0 1
v 1 1
v 2 2
v 3 2
v 4 2
v 5 2
v 6 3
v 7 3
v 8 3
v 9 3
v 10 3
v 11 3
v 12 3
v 13 3
v 14 3
v 15 3
v 16 3
v 17 3
v 18 3
v 19 3
v 20 4
v 21 4
v 22 4
v 23 4
v 24 4
v 25 4
v 26 4
v 27 4
v 28 4
v 29 4
e 0 18 2
e 1 19 2
e 2 3 1
e 2 8 1
e 2 20 1
e 3 9 1
e 3 21 1
e 4 8 1
e 5 9 1
e 6 8 2
e 6 10 1
e 6 11 1
e 7 9 2
e 7 12 1
e 7 13 1
e 10 14 2
e 10 22 1
e 11 15 2
e 11 23 1
e 12 16 2
e 12 24 1
e 13 17 2
e 13 25 1
e 14 18 1
e 14 26 1
e 15 18 1
e 15 27 1
e 16 19 1
e 16 28 1
e 17 19 1
e 17 29 1
t # 6304
v 0 12
v 1 12
v 2 12
v 3 1
v 4 1
v 5 2
v 6 3
v 7 3
v 8 3
v 9 3
v 10 3
v 11 3
v 12 3
v 13 3
v 14 3
v 15 4
v 16 4
v 17 4
v 18 4
v 19 4
v 20 4
v 21 4
v 22 4
e 0 9 1
e 1 9 1
e 2 9 1
e 3 6 1
e 3 22 1
e 4 10 2
e 5 6 1
e 5 8 1
e 5 16 1
e 6 9 1
e 6 15 1
e 7 8 2
e 7 10 1
e 7 11 1
e 8 17 1
e 10 12 1
e 11 13 2
e 11 18 1
e 12 14 2
e 12 19 1
e 13 14 1
e 13 20 1
e 14 21 1
t # 6305
v 0 18
v 1 1
v 2 1
v 3 3
v 4 3
v 5 3
v 6 3
v 7 4
v 8 4
v 9 4
v 10 4
v 11 4
e 1 6 1
e 1 11 1
e 2 6 2
e 3 4 2
e 3 5 1
e 3 7 1
e 4 6 1
e 5 8 1
e 5 9 1
e 5 10 1
t # 6306
v 0 27
v 1 1
v 2 1
v 3 2
v 4 3
v 5 3
v 6 3
v 7 3
v 8 3
v 9 3
v 10 3
v 11 3
v 12 3
v 13 3
v 14 4
v 15 4
v 16 4
v 17 4
v 18 4
v 19 4
v 20 4
v 21 4
v 22 4
v 23 4
v 24 4
v 25 4
v 26 4
v 27 4
v 28 4
v 29 4
e 1 12 1
e 1 13 1
e 2 12 2
e 3 4 1
e 3 12 1
e 3 24 1
e 4 5 1
e 4 6 1
e 4 14 1
e 5 7 1
e 5 15 1
e 6 8 1
e 6 16 1
e 6 17 1
e 7 9 1
e 7 18 1
e 7 19 1
e 8 10 1
e 8 20 1
e 8 21 1
e 9 11 1
e 9 22 1
e 9 23 1
e 10 11 2
e 10 25 1
e 11 26 1
e 13 27 1
e 13 28 1
e 13 29 1
t # 6307
v 0 1
v 1 1
v 2 1
v 3 1
v 4 1
v 5 1
v 6 1
v 7 1
v 8 1
v 9 2
v 10 3
v 11 3
v 12 3
v 13 3
v 14 3
v 15 3
v 16 3
v 17 3
v 18 3
v 19 3
v 20 3
v 21 3
v 22 3
v 23 3
v 24 3
v 25 3
v 26 4
v 27 4
v 28 4
v 29 4
v 30 4
v 31 4
v 32 4
v 33 4
v 34 4
v 35 4
v 36 4
v 37 4
v 38 4
v 39 4
v 40 4
v 41 4
v 42 4
v 43 4
v 44 4
v 45 4
v 46 4
v 47 4
v 48 4
v 49 4
v 50 4
e 0 10 1
e 0 14 1
e 1 14 1
e 1 20 1
e 2 12 1
e 2 23 1
e 3 13 1
e 3 24 1
e 4 15 1
e 4 41 1
e 5 16 1
e 5 40 1
e 6 17 1
e 6 42 1
e 7 19 1
e 7 43 1
e 8 21 1
e 8 50 1
e 10 11 1
e 10 18 1
e 10 26 1
e 11 12 1
e 11 27 1
e 11 28 1
e 12 13 1
e 12 29 1
e 13 15 1
e 13 30 1
e 14 16 1
e 14 31 1
e 15 18 1
e 15 32 1
e 16 17 1
e 16 33 1
e 17 19 1
e 17 34 1
e 18 22 2
e 19 20 1
e 19 35 1
e 20 21 1
e 20 36 1
e 21 37 1
e 21 38 1
e 22 25 1
e 22 39 1
e 23 44 1
e 23 45 1
e 23 46 1
e 24 47 1
e 24 48 1
e 24 49 1
t # 6308
v 0 1
v 1 3
v 2 3
v 3 3
v 4 3
v 5 3
v 6 3
v 7 3
v 8 3
v 9 3
v 10 3
v 11 3
v 12 3
v 13 3
v 14 3
v 15 3
v 16 4
v 17 4
v 18 4
v 19 4
v 20 4
v 21 4
v 22 4
v 23 4
v 24 4
v 25 4
v 26 4
v 27 4
v 28 4
v 29 4
v 30 4
v 31 4
v 32 4
v 33 4
v 34 4
v 35 4
e 0 1 1
e 0 10 1
e 1 2 2
e 1 3 1
e 2 5 1
e 2 7 1
e 3 6 2
e 3 9 1
e 4 5 2
e 4 6 1
e 4 8 1
e 5 16 1
e 6 17 1
e 7 18 1
e 7 19 1
e 7 20 1
e 8 21 1
e 8 22 1
e 8 23 1
e 9 11 2
e 9 24 1
e 10 12 1
e 10 25 1
e 10 26 1
e 11 13 1
e 11 27 1
e 12 14 2
e 12 28 1
e 13 29 1
e 13 30 1
e 13 31 1
e 14 15 1
e 14 32 1
e 15 33 1
e 15 34 1
e 15 35 1
t # 6309
v 0 1
v 1 2
v 2 2
v 3 3
v 4 3
v 5 3
v 6 3
v 7 3
v 8 3
v 9 3
v 10 3
v 11 3
v 12 3
v 13 3
v 14 3
v 15 3
v 16 3
v 17 3
v 18 4
v 19 4
v 20 4
v 21 4
v 22 4
v 23 4
v 24 4
v 25 4
v 26 4
v 27 4
v 28 4
v 29 4
v 30 4
v 31 4
v 32 4
v 33 4
e 0 7 2
e 1 2 1
e 1 4 2
e 2 12 1
e 2 28 1
e 3 4 1
e 3 5 2
e 3 9 1
e 4 6 1
e 5 7 1
e 5 10 1
e 6 8 2
e 6 11 1
e 7 8 1
e 8 18 1
e 9 19 1
e 9 20 1
e 9 21 1
e 10 22 1
e 10 23 1
e 10 24 1
e 11 25 1
e 11 26 1
e 11 27 1
e 12 13 2
e 12 14 1
e 13 15 1
e 13 29 1
e 14 16 2
e 14 30 1
e 15 17 2
e 15 31 1
e 16 17 1
e 16 32 1
e 17 33 1
t # 6310
v 0 1
v 1 3
v 2 3
v 3 3
v 4 3
v 5 3
v 6 3
v 7 3
v 8 3
v 9 3
v 10 3
v 11 3
v 12 3
v 13 3
v 14 3
v 15 3
v 16 4
v 17 4
v 18 4
v 19 4
v 20 4
v 21 4
v 22 4
v 23 4
v 24 4
v 25 4
v 26 4
v 27 4
v 28 4
v 29 4
v 30 4
v 31 4
v 32 4
v 33 4
v 34 4
v 35 4
v 36 4
v 37 4
e 0 1 1
e 0 3 1
e 1 2 1
e 1 6 1
e 1 16 1
e 2 10 1
e 2 17 1
e 2 18 1
e 3 4 2
e 3 5 1
e 4 8 1
e 4 11 1
e 5 9 2
e 5 12 1
e 6 19 1
e 6 20 1
e 6 21 1
e 7 8 2
e 7 9 1
e 7 13 1
e 8 22 1
e 9 23 1
e 10 24 1
e 10 25 1
e 10 26 1
e 11 27 1
e 11 28 1
e 11 29 1
e 12 14 2
e 12 30 1
e 13 31 1
e 13 32 1
e 13 33 1
e 14 15 1
e 14 34 1
e 15 35 1
e 15 36 1
e 15 37 1
t # 6311
v 0 1
v 1 1
v 2 3
v 3 3
v 4 3
v 5 3
v 6 3
v 7 3
v 8 3
v 9 3
v 10 3
v 11 3
v 12 3
v 13 3
v 14 3
v 15 3
v 16 3
v 17 3
v 18 3
v 19 3
v 20 4
v 21 4
v 22 4
v 23 4
v 24 4
v 25 4
v 26 4
v 27 4
v 28 4
v 29 4
v 30 4
v 31 4
v 32 4
v 33 4
v 34 4
v 35 4
v 36 4
v 37 4
v 38 4
v 39 4
v 40 4
v 41 4
v 42 4
v 43 4
e 0 6 1
e 0 7 1
e 1 9 2
e 2 3 1
e 2 4 1
e 2 20 1
e 2 21 1
e 3 8 1
e 3 22 1
e 3 23 1
e 4 6 2
e 4 15 1
e 5 7 1
e 5 9 1
e 5 11 2
e 6 9 1
e 7 10 2
e 8 13 1
e 8 24 1
e 8 25 1
e 10 12 1
e 10 16 1
e 11 14 1
e 11 17 1
e 12 14 2
e 12 18 1
e 13 19 1
e 13 26 1
e 13 27 1
e 14 28 1
e 15 29 1
e 15 30 1
e 15 31 1
e 16 32 1
e 16 33 1
e 16 34 1
e 17 35 1
e 17 36 1
e 17 37 1
e 18 41 1
e 18 42 1
e 18 43 1
e 19 38 1
e 19 39 1
e 19 40 1
t # 6312
v 0 1
v 1 2
v 2 2
v 3 2
v 4 2
v 5 3
v 6 3
v 7 3
v 8 3
v 9 3
v 10 3
v 11 3
v 12 3
v 13 3
v 14 3
v 15 3
v 16 3
v 17 3
v 18 3
v 19 4
v 20 4
v 21 4
v 22 4
v 23 4
v 24 4
v 25 4
v 26 4
v 27 4
v 28 4
e 0 18 2
e 1 2 1
e 1 7 1
e 1 23 1
e 2 8 2
e 3 7 1
e 4 8 1
e 5 7 2
e 5 11 1
e 5 12 1
e 6 8 1
e 6 9 2
e 6 10 1
e 9 13 1
e 9 19 1
e 10 14 2
e 10 20 1
e 11 15 2
e 11 21 1
e 12 16 2
e 12 22 1
e 13 17 2
e 13 24 1
e 14 17 1
e 14 25 1
e 15 18 1
e 15 26 1
e 16 18 1
e 16 27 1
e 17 28 1
t # 6313
v 0 1
v 1 1
v 2 1
v 3 2
v 4 2
v 5 2
v 6 3
v 7 3
v 8 3
v 9 3
v 10 3
v 11 3
v 12 3
v 13 3
v 14 3
v 15 3
v 16 3
v 17 4
v 18 4
v 19 4
v 20 4
v 21 4
v 22 4
v 23 4
v 24 4
v 25 4
v 26 4
v 27 4
v 28 4
v 29 4
v 30 4
v 31 4
e 0 13 2
e 3 4 1
e 3 6 1
e 3 7 1
e 4 10 1
e 4 21 1
e 5 14 1
e 6 8 1
e 6 17 1
e 6 18 1
e 7 9 1
e 7 19 1
e 7 20 1
e 8 22 1
e 8 23 1
e 8 24 1
e 9 25 1
e 9 26 1
e 9 27 1
e 10 11 2
e 10 28 1
e 11 12 1
e 11 13 1
e 12 14 2
e 12 29 1
e 13 15 1
e 14 16 1
e 15 16 2
e 15 30 1
e 16 31 1
t # 6314
v 0 1
v 1 1
v 2 1
v 3 2
v 4 2
v 5 2
v 6 3
v 7 3
v 8 3
v 9 3
v 10 3
v 11 3
v 12 3
v 13 3
v 14 3
v 15 3
v 16 3
v 17 3
v 18 3
v 19 3
v 20 3
v 21 4
v 22 4
v 23 4
v 24 4
v 25 4
v 26 4
v 27 4
v 28 4
v 29 4
v 30 4
v 31 4
v 32 4
v 33 4
v 34 4
v 35 4
v 36 4
v 37 4
v 38 4
v 39 4
v 40 4
v 41 4
v 42 4
v 43 4
e 0 17 2
e 3 4 1
e 3 6 1
e 3 7 1
e 4 14 1
e 4 39 1
e 5 18 1
e 6 8 1
e 6 21 1
e 6 22 1
e 7 9 1
e 7 23 1
e 7 24 1
e 8 10 1
e 8 11 1
e 8 25 1
e 9 12 1
e 9 13 1
e 9 26 1
e 10 27 1
e 10 28 1
e 10 29 1
e 11 30 1
e 11 31 1
e 11 32 1
e 12 33 1
e 12 34 1
e 12 35 1
e 13 36 1
e 13 37 1
e 13 38 1
e 14 15 2
e 14 40 1
e 15 16 1
e 15 17 1
e 16 18 2
e 16 41 1
e 17 19 1
e 18 20 1
e 19 20 2
e 19 42 1
e 20 43 1
t # 6315
v 0 1
v 1 1
v 2 1
v 3 1
v 4 1
v 5 1
v 6 2
v 7 3
v 8 3
v 9 3
v 10 3
v 11 3
v 12 3
v 13 3
v 14 3
v 15 3
v 16 3
v 17 3
v 18 3
v 19 3
v 20 4
v 21 4
v 22 4
v 23 4
v 24 4
v 25 4
v 26 4
v 27 4
v 28 4
v 29 4
v 30 4
v 31 4
v 32 4
v 33 4
v 34 4
v 35 4
v 36 4
v 37 4
v 38 4
e 0 7 1
e 0 28 1
e 1 8 1
e 1 30 1
e 2 9 1
e 2 31 1
e 3 10 1
e 3 32 1
e 4 12 1
e 4 34 1
e 5 15 2
e 6 11 1
e 6 13 1
e 6 29 1
e 7 8 1
e 7 9 1
e 7 20 1
e 8 10 1
e 8 21 1
e 9 11 1
e 9 22 1
e 10 12 1
e 10 23 1
e 11 24 1
e 11 25 1
e 12 26 1
e 12 27 1
e 13 14 2
e 13 33 1
e 14 15 1
e 14 16 1
e 15 17 1
e 16 18 2
e 16 35 1
e 17 19 2
e 17 36 1
e 18 19 1
e 18 37 1
e 19 38 1
t # 6316
v 0 1
v 1 1
v 2 1
v 3 1
v 4 1
v 5 1
v 6 1
v 7 3
v 8 3
v 9 3
v 10 3
v 11 3
v 12 3
v 13 3
v 14 3
v 15 3
v 16 3
v 17 3
v 18 3
v 19 3
v 20 3
v 21 3
v 22 3
v 23 3
v 24 3
v 25 3
v 26 3
v 27 4
v 28 4
v 29 4
v 30 4
v 31 4
v 32 4
v 33 4
v 34 4
v 35 4
v 36 4
v 37 4
v 38 4
v 39 4
v 40 4
v 41 4
v 42 4
v 43 4
v 44 4
v 45 4
v 46 4
e 0 7 1
e 0 13 1
e 1 13 1
e 1 37 1
e 2 18 1
e 2 24 1
e 3 19 1
e 3 25 1
e 4 20 1
e 4 26 1
e 5 17 2
e 6 22 2
e 7 8 1
e 7 9 1
e 7 27 1
e 8 10 1
e 8 28 1
e 8 29 1
e 9 11 1
e 9 30 1
e 9 31 1
e 10 12 1
e 10 14 2
e 11 15 2
e 11 16 1
e 12 13 2
e 12 17 1
e 14 21 1
e 14 32 1
e 15 19 1
e 15 33 1
e 16 18 2
e 16 34 1
e 17 22 1
e 18 20 1
e 19 20 2
e 21 23 2
e 21 35 1
e 22 23 1
e 23 36 1
e 24 38 1
e 24 39 1
e 24 40 1
e 25 41 1
e 25 42 1
e 25 43 1
e 26 44 1
e 26 45 1
e 26 46 1
t # 6317
v 0 12
v 1 12
v 2 11
v 3 2
v 4 2
v 5 2
v 6 2
v 7 3
v 8 3
v 9 3
v 10 3
v 11 3
v 12 3
v 13 3
v 14 3
v 15 3
v 16 3
v 17 4
v 18 4
v 19 4
v 20 4
v 21 4
v 22 4
v 23 4
v 24 4
v 25 4
v 26 4
v 27 4
v 28 4
e 0 15 1
e 1 16 1
e 2 8 1
e 2 10 1
e 3 11 1
e 3 12 1
e 3 25 1
e 4 11 2
e 4 14 1
e 5 12 1
e 5 15 2
e 6 14 1
e 6 16 2
e 7 8 1
e 7 9 1
e 7 17 1
e 7 18 1
e 8 19 1
e 8 20 1
e 9 13 1
e 9 21 1
e 9 22 1
e 10 11 1
e 10 23 1
e 10 24 1
e 12 14 2
e 13 26 1
e 13 27 1
e 13 28 1
e 15 16 1
t # 6318
v 0 14
v 1 14
v 2 14
v 3 14
v 4 14
v 5 2
v 6 2
v 7 2
v 8 2
v 9 3
v 10 3
v 11 3
v 12 3
v 13 3
v 14 3
v 15 4
e 5 9 1
e 5 10 1
e 5 15 1
e 6 9 2
e 6 11 1
e 7 10 1
e 7 13 2
e 8 11 1
e 8 14 2
e 9 12 1
e 10 11 2
e 13 14 1
t # 6319
v 0 1
v 1 1
v 2 1
v 3 1
v 4 1
v 5 1
v 6 1
v 7 1
v 8 1
v 9 1
v 10 1
v 11 1
v 12 1
v 13 1
v 14 2
v 15 3
v 16 3
v 17 3
v 18 3
v 19 3
v 20 3
v 21 3
v 22 3
v 23 3
v 24 3
v 25 3
v 26 3
v 27 3
v 28 3
v 29 3
v 30 3
v 31 3
v 32 3
v 33 3
v 34 3
v 35 3
v 36 3
v 37 3
v 38 3
v 39 3
v 40 3
v 41 3
v 42 3
v 43 3
v 44 3
v 45 3
v 46 3
v 47 3
v 48 3
v 49 3
v 50 3
v 51 3
v 52 3
v 53 3
v 54 3
v 55 4
v 56 4
v 57 4
v 58 4
v 59 4
v 60 4
v 61 4
v 62 4
v 63 4
v 64 4
v 65 4
v 66 4
v 67 4
v 68 4
v 69 4
v 70 4
v 71 4
v 72 4
v 73 4
v 74 4
v 75 4
v 76 4
v 77 4
v 78 4
v 79 4
v 80 4
v 81 4
v 82 4
v 83 4
v 84 4
v 85 4
v 86 4
v 87 4
v 88 4
v 89 4
v 90 4
v 91 4
v 92 4
v 93 4
v 94 4
v 95 4
v 96 4
v 97 4
v 98 4
v 99 4
v 100 4
v 101 4
v 102 4
v 103 4
e 0 15 1
e 0 20 1
e 1 18 1
e 1 69 1
e 2 20 1
e 2 70 1
e 3 21 1
e 3 74 1
e 4 25 1
e 4 29 1
e 5 25 2
e 6 41 1
e 6 48 1
e 7 32 2
e 8 44 1
e 8 48 1
e 9 39 1
e 9 51 1
e 10 43 1
e 10 93 1
e 11 40 2
e 12 51 2
e 13 52 2
e 14 32 1
e 14 36 1
e 14 84 1
e 15 16 1
e 15 17 1
e 15 55 1
e 16 18 1
e 16 25 1
e 16 56 1
e 17 21 1
e 17 22 1
e 17 57 1
e 18 19 1
e 18 58 1
e 19 20 1
e 19 24 1
e 19 59 1
e 20 60 1
e 21 23 1
e 21 61 1
e 22 62 1
e 22 63 1
e 22 64 1
e 23 26 1
e 23 27 1
e 23 65 1
e 24 66 1
e 24 67 1
e 24 68 1
e 26 71 1
e 26 72 1
e 26 73 1
e 27 28 2
e 27 75 1
e 28 30 1
e 28 76 1
e 29 77 1
e 29 78 1
e 29 79 1
e 30 31 2
e 30 80 1
e 31 32 1
e 31 33 1
e 33 81 1
e 33 82 1
e 33 83 1
e 34 35 1
e 34 37 1
e 34 39 2
e 35 40 1
e 35 43 2
e 36 38 2
e 36 40 1
e 37 41 1
e 37 44 2
e 38 39 1
e 38 45 1
e 41 42 2
e 42 43 1
e 42 46 1
e 44 47 1
e 45 85 1
e 45 86 1
e 45 87 1
e 46 88 1
e 46 89 1
e 46 90 1
e 47 49 1
e 47 50 2
e 48 91 1
e 48 92 1
e 49 94 1
e 49 95 1
e 49 96 1
e 50 52 1
e 50 97 1
e 51 53 1
e 52 54 1
e 53 98 1
e 53 99 1
e 53 100 1
e 54 101 1
e 54 102 1
e 54 103 1
t # 6320
v 0 1
v 1 1
v 2 1
v 3 1
v 4 1
v 5 1
v 6 3
v 7 3
v 8 3
v 9 3
v 10 3
v 11 3
v 12 3
v 13 3
v 14 3
v 15 3
v 16 3
v 17 3
v 18 3
v 19 3
v 20 3
v 21 3
v 22 3
v 23 3
v 24 3
v 25 3
v 26 3
v 27 4
v 28 4
v 29 4
v 30 4
v 31 4
v 32 4
v 33 4
v 34 4
v 35 4
v 36 4
v 37 4
v 38 4
v 39 4
v 40 4
v 41 4
v 42 4
e 0 10 1
e 0 21 1
e 1 11 1
e 1 22 1
e 2 21 2
e 3 22 2
e 4 26 1
e 4 42 1
e 5 26 2
e 6 7 1
e 6 10 2
e 6 12 1
e 7 11 2
e 7 13 1
e 8 9 1
e 8 10 1
e 8 15 2
e 9 11 1
e 9 16 2
e 12 14 2
e 12 27 1
e 13 17 2
e 13 28 1
e 14 17 1
e 14 20 1
e 15 18 1
e 15 29 1
e 16 19 1
e 16 30 1
e 17 31 1
e 18 19 2
e 18 32 1
e 19 33 1
e 20 23 2
e 20 34 1
e 21 24 1
e 22 25 1
e 23 26 1
e 23 35 1
e 24 36 1
e 24 37 1
e 24 38 1
e 25 39 1
e 25 40 1
e 25 41 1
t # 6321
v 0 1
v 1 1
v 2 1
v 3 2
v 4 2
v 5 2
v 6 2
v 7 3
v 8 3
v 9 3
v 10 3
v 11 3
v 12 3
v 13 3
v 14 3
v 15 3
v 16 3
v 17 3
v 18 3
v 19 3
v 20 3
v 21 3
v 22 3
v 23 4
v 24 4
v 25 4
v 26 4
v 27 4
v 28 4
v 29 4
v 30 4
v 31 4
v 32 4
v 33 4
v 34 4
e 2 18 2
e 3 8 1
e 3 11 2
e 4 5 1
e 4 11 1
e 4 28 1
e 5 17 1
e 5 29 1
e 6 9 1
e 7 8 2
e 7 10 1
e 7 12 1
e 8 9 1
e 9 14 2
e 10 13 2
e 10 23 1
e 11 13 1
e 12 15 2
e 12 24 1
e 13 25 1
e 14 15 1
e 14 26 1
e 15 27 1
e 16 17 2
e 16 18 1
e 16 19 1
e 17 30 1
e 18 20 1
e 19 21 2
e 19 31 1
e 20 22 2
e 20 32 1
e 21 22 1
e 21 33 1
e 22 34 1
t # 6322
v 0 1
v 1 2
v 2 2
v 3 2
v 4 3
v 5 3
v 6 3
v 7 3
v 8 3
v 9 3
v 10 3
v 11 3
v 12 3
v 13 3
v 14 3
v 15 3
v 16 3
v 17 3
v 18 3
v 19 3
v 20 3
v 21 4
v 22 4
v 23 4
v 24 4
v 25 4
v 26 4
v 27 4
v 28 4
v 29 4
v 30 4
v 31 4
v 32 4
v 33 4
v 34 4
v 35 4
e 0 16 2
e 1 3 1
e 1 5 1
e 1 11 1
e 2 5 2
e 2 6 1
e 3 13 1
e 3 25 1
e 4 6 1
e 4 7 1
e 4 9 2
e 5 8 1
e 6 10 2
e 7 8 2
e 7 22 1
e 8 21 1
e 9 12 1
e 9 23 1
e 10 14 1
e 10 24 1
e 11 26 1
e 11 27 1
e 11 28 1
e 12 14 2
e 12 30 1
e 13 15 2
e 13 29 1
e 14 31 1
e 15 16 1
e 15 17 1
e 16 18 1
e 17 19 2
e 17 32 1
e 18 20 2
e 18 33 1
e 19 20 1
e 19 34 1
e 20 35 1
t # 6323
v 0 1
v 1 2
v 2 2
v 3 2
v 4 3
v 5 3
v 6 3
v 7 3
v 8 3
v 9 3
v 10 3
v 11 3
v 12 3
v 13 3
v 14 3
v 15 3
v 16 3
v 17 3
v 18 3
v 19 3
v 20 3
v 21 4
v 22 4
v 23 4
v 24 4
v 25 4
v 26 4
v 27 4
v 28 4
v 29 4
v 30 4
v 31 4
v 32 4
v 33 4
v 34 4
v 35 4
e 0 14 2
e 1 2 1
e 1 6 1
e 1 23 1
e 2 7 1
e 2 24 1
e 3 5 1
e 3 7 2
e 4 5 1
e 4 9 1
e 4 11 2
e 5 12 2
e 6 8 2
e 6 13 1
e 7 10 1
e 8 14 1
e 8 15 1
e 9 10 2
e 9 21 1
e 10 22 1
e 11 16 1
e 11 25 1
e 12 17 1
e 12 26 1
e 13 27 1
e 13 28 1
e 13 29 1
e 14 18 1
e 15 19 2
e 15 30 1
e 16 17 2
e 16 31 1
e 17 32 1
e 18 20 2
e 18 33 1
e 19 20 1
e 19 34 1
e 20 35 1
t # 6324
v 0 2
v 1 2
v 2 3
v 3 3
v 4 3
v 5 3
v 6 3
v 7 3
v 8 3
v 9 3
v 10 3
v 11 4
v 12 4
v 13 4
v 14 4
v 15 4
v 16 4
v 17 4
v 18 4
v 19 4
v 20 4
v 21 4
v 22 4
v 23 4
v 24 4
v 25 4
v 26 4
v 27 4
v 28 4
e 0 2 1
e 0 4 1
e 0 7 1
e 1 2 1
e 1 5 1
e 1 8 1
e 2 6 1
e 2 11 1
e 3 4 1
e 3 5 1
e 3 12 1
e 3 13 1
e 4 14 1
e 4 15 1
e 5 16 1
e 5 17 1
e 6 9 2
e 6 18 1
e 7 19 1
e 7 20 1
e 7 21 1
e 8 22 1
e 8 23 1
e 8 24 1
e 9 10 1
e 9 25 1
e 10 26 1
e 10 27 1
e 10 28 1
t # 6325
v 0 3
v 1 3
v 2 3
v 3 3
v 4 3
v 5 3
v 6 3
v 7 3
v 8 3
v 9 3
v 10 3
v 11 3
v 12 3
v 13 3
v 14 3
v 15 3
v 16 3
v 17 3
v 18 3
v 19 3
v 20 3
v 21 3
v 22 3
v 23 3
v 24 3
v 25 3
v 26 4
v 27 4
v 28 4
v 29 4
v 30 4
v 31 4
v 32 4
v 33 4
v 34 4
v 35 4
v 36 4
v 37 4
v 38 4
v 39 4
v 40 4
v 41 4
v 42 4
v 43 4
v 44 4
v 45 4
v 46 4
v 47 4
e 0 3 1
e 0 4 1
e 0 7 2
e 1 5 1
e 1 11 2
e 1 13 1
e 2 6 1
e 2 12 2
e 2 14 1
e 3 5 2
e 3 26 1
e 4 6 2
e 4 27 1
e 5 28 1
e 6 29 1
e 7 9 1
e 7 30 1
e 8 10 1
e 8 15 2
e 8 16 1
e 9 10 2
e 9 31 1
e 10 32 1
e 11 17 1
e 11 33 1
e 12 18 1
e 12 34 1
e 13 19 2
e 13 35 1
e 14 20 2
e 14 36 1
e 15 23 1
e 15 37 1
e 16 24 2
e 16 38 1
e 17 21 2
e 17 39 1
e 18 22 2
e 18 40 1
e 19 21 1
e 19 41 1
e 20 22 1
e 20 42 1
e 21 43 1
e 22 44 1
e 23 25 2
e 23 45 1
e 24 25 1
e 24 46 1
e 25 47 1
t # 6326
v 0 3
v 1 3
v 2 3
v 3 3
v 4 3
v 5 3
v 6 3
v 7 3
v 8 3
v 9 3
v 10 3
v 11 3
v 12 3
v 13 3
v 14 3
v 15 3
v 16 3
v 17 3
v 18 3
v 19 3
v 20 3
v 21 3
v 22 3
v 23 3
v 24 4
v 25 4
v 26 4
v 27 4
v 28 4
v 29 4
v 30 4
v 31 4
v 32 4
v 33 4
v 34 4
v 35 4
v 36 4
v 37 4
v 38 4
v 39 4
v 40 4
v 41 4
e 0 1 1
e 0 2 2
e 0 6 1
e 1 4 2
e 1 5 1
e 2 3 1
e 2 24 1
e 3 7 2
e 3 8 1
e 4 9 1
e 4 25 1
e 5 10 2
e 5 26 1
e 6 15 2
e 6 27 1
e 7 12 1
e 7 28 1
e 8 13 2
e 8 29 1
e 9 11 2
e 9 30 1
e 10 11 1
e 10 31 1
e 11 32 1
e 12 14 2
e 12 33 1
e 13 14 1
e 13 34 1
e 14 35 1
e 15 19 1
e 15 36 1
e 16 17 2
e 16 18 1
e 16 23 1
e 17 20 1
e 17 37 1
e 18 21 2
e 18 38 1
e 20 22 2
e 20 39 1
e 21 22 1
e 21 40 1
e 22 41 1
t # 6327
v 0 3
v 1 3
v 2 3
v 3 3
v 4 3
v 5 3
v 6 3
v 7 3
v 8 3
v 9 3
v 10 3
v 11 3
v 12 3
v 13 3
v 14 3
v 15 3
v 16 3
v 17 3
v 18 3
v 19 3
v 20 3
v 21 3
v 22 3
v 23 3
v 24 3
v 25 3
v 26 3
v 27 3
v 28 3
v 29 3
v 30 4
v 31 4
v 32 4
v 33 4
v 34 4
v 35 4
v 36 4
v 37 4
v 38 4
v 39 4
v 40 4
v 41 4
v 42 4
v 43 4
v 44 4
v 45 4
v 46 4
v 47 4
v 48 4
v 49 4
v 50 4
v 51 4
v 52 4
v 53 4
e 0 2 1
e 0 4 1
e 0 6 2
e 1 3 1
e 1 5 1
e 1 7 2
e 2 10 2
e 2 11 1
e 3 12 2
e 3 13 1
e 4 5 2
e 4 30 1
e 5 31 1
e 6 8 1
e 6 32 1
e 7 9 1
e 7 33 1
e 8 14 2
e 8 15 1
e 9 16 2
e 9 17 1
e 10 18 1
e 10 34 1
e 11 19 2
e 11 35 1
e 12 20 1
e 12 36 1
e 13 21 2
e 13 37 1
e 14 24 1
e 14 38 1
e 15 25 2
e 15 39 1
e 16 26 1
e 16 40 1
e 17 27 2
e 17 41 1
e 18 22 2
e 18 42 1
e 19 22 1
e 19 43 1
e 20 23 2
e 20 44 1
e 21 23 1
e 21 45 1
e 22 46 1
e 23 47 1
e 24 28 2
e 24 48 1
e 25 28 1
e 25 49 1
e 26 29 2
e 26 50 1
e 27 29 1
e 27 51 1
e 28 52 1
e 29 53 1
t # 6328
v 0 12
v 1 1
v 2 1
v 3 2
v 4 3
v 5 3
v 6 3
v 7 3
v 8 3
v 9 3
v 10 3
v 11 3
v 12 3
v 13 3
v 14 3
v 15 3
v 16 3
v 17 3
v 18 4
v 19 4
v 20 4
v 21 4
v 22 4
v 23 4
v 24 4
v 25 4
v 26 4
v 27 4
v 28 4
v 29 4
e 0 16 1
e 1 9 1
e 1 17 1
e 2 10 2
e 3 5 1
e 3 6 1
e 3 20 1
e 4 6 2
e 4 7 1
e 4 8 1
e 5 12 2
e 5 13 1
e 6 18 1
e 7 9 2
e 7 19 1
e 8 11 2
e 8 21 1
e 9 10 1
e 10 11 1
e 11 22 1
e 12 14 1
e 12 23 1
e 13 15 2
e 13 24 1
e 14 16 2
e 14 25 1
e 15 16 1
e 15 26 1
e 17 27 1
e 17 28 1
e 17 29 1
t # 6329
v 0 1
v 1 1
v 2 2
v 3 2
v 4 3
v 5 3
v 6 3
v 7 3
v 8 3
v 9 3
v 10 3
v 11 3
v 12 3
v 13 3
v 14 3
v 15 3
v 16 3
v 17 3
v 18 3
v 19 3
v 20 3
v 21 4
v 22 4
v 23 4
v 24 4
v 25 4
v 26 4
v 27 4
v 28 4
v 29 4
v 30 4
v 31 4
v 32 4
v 33 4
v 34 4
v 35 4
v 36 4
v 37 4
v 38 4
e 0 11 2
e 1 12 2
e 2 5 1
e 2 7 1
e 2 27 1
e 3 6 1
e 3 8 1
e 3 28 1
e 4 5 1
e 4 6 1
e 4 21 1
e 4 22 1
e 5 23 1
e 5 24 1
e 6 25 1
e 6 26 1
e 7 9 2
e 7 29 1
e 8 10 2
e 8 30 1
e 9 11 1
e 9 13 1
e 10 12 1
e 10 14 1
e 11 15 1
e 12 16 1
e 13 17 2
e 13 31 1
e 14 18 2
e 14 32 1
e 15 19 2
e 15 33 1
e 16 20 2
e 16 34 1
e 17 19 1
e 17 35 1
e 18 20 1
e 18 36 1
e 19 37 1
e 20 38 1
t # 6330
v 0 1
v 1 1
v 2 1
v 3 1
v 4 3
v 5 3
v 6 3
v 7 3
v 8 3
v 9 3
v 10 3
v 11 3
v 12 3
v 13 3
v 14 3
v 15 3
v 16 3
v 17 3
v 18 3
v 19 4
v 20 4
v 21 4
v 22 4
v 23 4
v 24 4
v 25 4
v 26 4
v 27 4
v 28 4
v 29 4
v 30 4
v 31 4
v 32 4
v 33 4
v 34 4
v 35 4
v 36 4
v 37 4
v 38 4
e 0 15 1
e 0 17 1
e 1 16 1
e 1 18 1
e 2 17 2
e 3 18 2
e 4 5 1
e 4 6 1
e 4 19 1
e 4 20 1
e 5 7 1
e 5 21 1
e 5 22 1
e 6 8 1
e 6 23 1
e 6 24 1
e 7 9 1
e 7 25 1
e 7 26 1
e 8 10 1
e 8 27 1
e 8 28 1
e 9 11 2
e 9 29 1
e 10 12 2
e 10 30 1
e 11 13 1
e 11 17 1
e 12 14 1
e 12 18 1
e 13 15 1
e 13 31 1
e 13 32 1
e 14 16 1
e 14 33 1
e 14 34 1
e 15 35 1
e 15 36 1
e 16 37 1
e 16 38 1
t # 6331
v 0 2
v 1 2
v 2 3
v 3 3
v 4 3
v 5 3
v 6 3
v 7 3
v 8 3
v 9 3
v 10 3
v 11 3
v 12 3
v 13 3
v 14 3
v 15 3
v 16 3
v 17 3
v 18 3
v 19 4
v 20 4
v 21 4
v 22 4
v 23 4
v 24 4
v 25 4
v 26 4
v 27 4
v 28 4
v 29 4
v 30 4
v 31 4
v 32 4
v 33 4
v 34 4
v 35 4
v 36 4
e 0 2 1
e 0 4 1
e 0 7 1
e 1 3 1
e 1 10 1
e 1 27 1
e 2 3 1
e 2 9 1
e 2 19 1
e 3 5 2
e 4 6 1
e 4 20 1
e 4 21 1
e 5 6 1
e 5 8 1
e 6 22 1
e 6 23 1
e 7 11 1
e 7 24 1
e 7 25 1
e 8 10 1
e 8 13 2
e 9 12 2
e 9 26 1
e 10 14 2
e 11 12 1
e 11 15 2
e 12 28 1
e 13 16 1
e 13 29 1
e 14 17 1
e 14 30 1
e 15 18 1
e 15 31 1
e 16 17 2
e 16 32 1
e 17 33 1
e 18 34 1
e 18 35 1
e 18 36 1
t # 6332
v 0 1
v 1 2
v 2 2
v 3 2
v 4 3
v 5 3
v 6 3
v 7 3
v 8 3
v 9 3
v 10 3
v 11 3
v 12 3
v 13 3
v 14 3
v 15 3
v 16 3
v 17 3
v 18 3
v 19 3
v 20 3
v 21 3
v 22 3
v 23 3
v 24 3
v 25 4
v 26 4
v 27 4
v 28 4
v 29 4
v 30 4
v 31 4
v 32 4
v 33 4
v 34 4
v 35 4
v 36 4
v 37 4
v 38 4
v 39 4
v 40 4
v 41 4
v 42 4
v 43 4
v 44 4
v 45 4
v 46 4
v 47 4
v 48 4
v 49 4
v 50 4
v 51 4
e 0 17 2
e 1 4 1
e 1 8 1
e 1 9 1
e 2 7 1
e 2 15 1
e 2 37 1
e 3 17 1
e 3 23 1
e 3 24 1
e 4 5 1
e 4 7 1
e 4 25 1
e 5 6 1
e 5 26 1
e 5 27 1
e 6 10 1
e 6 13 1
e 6 28 1
e 7 11 2
e 8 10 1
e 8 29 1
e 8 30 1
e 9 12 1
e 9 31 1
e 9 32 1
e 10 16 2
e 11 12 1
e 11 14 1
e 12 33 1
e 12 34 1
e 13 17 1
e 13 35 1
e 13 36 1
e 14 15 1
e 14 18 2
e 15 19 2
e 16 20 1
e 16 38 1
e 18 21 1
e 18 39 1
e 19 22 1
e 19 40 1
e 20 41 1
e 20 42 1
e 20 43 1
e 21 22 2
e 21 44 1
e 22 45 1
e 23 46 1
e 23 47 1
e 23 48 1
e 24 49 1
e 24 50 1
e 24 51 1
t # 6333
v 0 1
v 1 1
v 2 1
v 3 1
v 4 1
v 5 1
v 6 1
v 7 1
v 8 1
v 9 1
v 10 1
v 11 1
v 12 1
v 13 2
v 14 2
v 15 2
v 16 2
v 17 3
v 18 3
v 19 3
v 20 3
v 21 3
v 22 3
v 23 3
v 24 3
v 25 3
v 26 3
v 27 3
v 28 3
v 29 3
v 30 3
v 31 3
v 32 3
v 33 3
v 34 3
v 35 3
v 36 3
v 37 3
v 38 3
v 39 3
v 40 3
v 41 3
v 42 3
v 43 3
v 44 3
v 45 3
v 46 3
v 47 3
v 48 3
v 49 3
v 50 3
v 51 3
v 52 3
v 53 3
v 54 3
v 55 3
v 56 3
v 57 3
v 58 3
v 59 3
v 60 3
v 61 3
v 62 4
v 63 4
v 64 4
v 65 4
v 66 4
v 67 4
v 68 4
v 69 4
v 70 4
v 71 4
v 72 4
v 73 4
v 74 4
v 75 4
v 76 4
v 77 4
v 78 4
v 79 4
v 80 4
v 81 4
v 82 4
v 83 4
v 84 4
v 85 4
v 86 4
v 87 4
v 88 4
v 89 4
v 90 4
v 91 4
v 92 4
v 93 4
v 94 4
v 95 4
v 96 4
v 97 4
v 98 4
v 99 4
v 100 4
v 101 4
v 102 4
v 103 4
v 104 4
v 105 4
v 106 4
v 107 4
v 108 4
v 109 4
v 110 4
v 111 4
v 112 4
v 113 4
v 114 4
v 115 4
e 0 19 1
e 0 31 1
e 1 18 1
e 1 79 1
e 2 22 1
e 2 84 1
e 3 24 1
e 3 34 1
e 4 32 1
e 4 35 1
e 5 35 1
e 5 39 1
e 6 31 2
e 7 38 2
e 8 45 1
e 8 106 1
e 9 48 1
e 9 107 1
e 10 47 2
e 11 52 2
e 12 55 2
e 13 49 1
e 13 52 1
e 13 101 1
e 14 15 1
e 14 54 1
e 14 108 1
e 15 55 1
e 15 109 1
e 16 61 1
e 16 114 1
e 16 115 1
e 17 18 1
e 17 19 1
e 17 23 1
e 17 62 1
e 18 20 1
e 18 63 1
e 19 21 1
e 19 64 1
e 20 22 1
e 20 26 1
e 20 65 1
e 21 24 1
e 21 27 1
e 21 66 1
e 22 25 1
e 22 67 1
e 23 68 1
e 23 69 1
e 23 70 1
e 24 29 1
e 24 71 1
e 25 28 1
e 25 30 1
e 25 72 1
e 26 73 1
e 26 74 1
e 26 75 1
e 27 76 1
e 27 77 1
e 27 78 1
e 28 80 1
e 28 81 1
e 28 82 1
e 29 32 2
e 29 83 1
e 30 33 2
e 30 85 1
e 31 36 1
e 32 86 1
e 33 40 1
e 33 87 1
e 34 88 1
e 34 89 1
e 34 90 1
e 35 38 1
e 35 42 1
e 36 91 1
e 36 92 1
e 36 93 1
e 37 38 1
e 37 39 2
e 37 41 1
e 39 43 1
e 40 46 2
e 40 94 1
e 41 44 2
e 41 47 1
e 42 95 1
e 42 96 1
e 42 97 1
e 43 45 2
e 43 51 1
e 44 45 1
e 44 48 1
e 46 52 1
e 46 53 1
e 47 50 1
e 48 49 2
e 49 50 1
e 50 54 2
e 51 98 1
e 51 99 1
e 51 100 1
e 53 102 1
e 53 103 1
e 53 104 1
e 54 105 1
e 55 56 1
e 56 57 2
e 56 58 1
e 57 59 1
e 57 110 1
e 58 60 2
e 58 111 1
e 59 61 2
e 59 112 1
e 60 61 1
e 60 113 1
t # 6334
v 0 11
v 1 11
v 2 1
v 3 1
v 4 2
v 5 3
v 6 3
v 7 3
v 8 3
v 9 3
v 10 3
v 11 3
v 12 3
v 13 3
v 14 3
v 15 3
v 16 3
v 17 3
v 18 4
v 19 4
v 20 4
v 21 4
v 22 4
v 23 4
v 24 4
v 25 4
v 26 4
v 27 4
v 28 4
v 29 4
v 30 4
e 0 10 1
e 0 11 1
e 2 15 1
e 2 16 1
e 3 7 2
e 4 5 1
e 4 7 1
e 4 11 1
e 5 6 1
e 5 9 2
e 6 8 2
e 6 18 1
e 7 10 1
e 8 12 1
e 8 14 1
e 9 13 1
e 9 19 1
e 10 15 2
e 12 13 2
e 12 20 1
e 13 21 1
e 14 22 1
e 14 23 1
e 14 24 1
e 15 25 1
e 16 17 1
e 16 26 1
e 16 27 1
e 17 28 1
e 17 29 1
e 17 30 1
t # 6335
v 0 1
v 1 1
v 2 1
v 3 1
v 4 1
v 5 1
v 6 2
v 7 2
v 8 2
v 9 2
v 10 3
v 11 3
v 12 3
v 13 3
v 14 3
v 15 3
v 16 3
v 17 3
v 18 3
v 19 3
v 20 3
v 21 3
v 22 3
v 23 3
v 24 3
v 25 3
v 26 3
v 27 3
v 28 3
v 29 3
v 30 4
v 31 4
v 32 4
v 33 4
v 34 4
v 35 4
v 36 4
v 37 4
v 38 4
v 39 4
v 40 4
v 41 4
v 42 4
v 43 4
e 0 15 1
e 0 43 1
e 1 27 2
e 6 10 1
e 6 13 1
e 6 30 1
e 7 23 1
e 7 24 2
e 8 18 1
e 9 26 1
e 10 14 1
e 10 15 2
e 11 13 2
e 11 16 1
e 11 17 1
e 12 19 1
e 12 20 1
e 12 23 2
e 13 31 1
e 14 18 2
e 14 32 1
e 15 21 1
e 16 19 2
e 16 33 1
e 17 20 2
e 17 34 1
e 18 22 1
e 19 35 1
e 20 36 1
e 21 22 2
e 21 37 1
e 22 38 1
e 23 39 1
e 24 25 1
e 24 27 1
e 25 26 2
e 25 40 1
e 26 28 1
e 27 29 1
e 28 29 2
e 28 41 1
e 29 42 1
t # 6336
v 0 1
v 1 1
v 2 2
v 3 2
v 4 3
v 5 3
v 6 3
v 7 3
v 8 3
v 9 3
v 10 3
v 11 3
v 12 3
v 13 3
v 14 3
v 15 3
v 16 3
v 17 3
v 18 3
v 19 3
v 20 3
v 21 3
v 22 3
v 23 3
v 24 4
v 25 4
v 26 4
v 27 4
v 28 4
v 29 4
v 30 4
v 31 4
v 32 4
v 33 4
v 34 4
v 35 4
v 36 4
v 37 4
v 38 4
v 39 4
e 0 17 1
e 0 39 1
e 1 23 2
e 2 6 1
e 2 7 1
e 2 27 1
e 3 14 1
e 3 18 2
e 4 7 2
e 4 8 1
e 4 9 1
e 5 10 1
e 5 11 1
e 5 14 2
e 6 12 2
e 6 13 1
e 7 24 1
e 8 10 2
e 8 25 1
e 9 11 2
e 9 26 1
e 10 28 1
e 11 29 1
e 12 15 1
e 12 30 1
e 13 16 2
e 13 31 1
e 14 32 1
e 15 17 2
e 15 33 1
e 16 17 1
e 16 34 1
e 18 19 1
e 18 20 1
e 19 21 2
e 19 35 1
e 20 22 2
e 20 36 1
e 21 23 1
e 21 37 1
e 22 23 1
e 22 38 1
t # 6337
v 0 3
v 1 3
v 2 3
v 3 3
v 4 3
v 5 3
v 6 3
v 7 3
v 8 3
v 9 3
v 10 3
v 11 3
v 12 3
v 13 3
v 14 3
v 15 3
v 16 3
v 17 3
v 18 3
v 19 3
v 20 3
v 21 3
v 22 3
v 23 3
v 24 3
v 25 3
v 26 4
v 27 4
v 28 4
v 29 4
v 30 4
v 31 4
v 32 4
v 33 4
v 34 4
v 35 4
v 36 4
v 37 4
v 38 4
v 39 4
v 40 4
v 41 4
v 42 4
v 43 4
e 0 1 1
e 0 4 1
e 0 15 2
e 1 8 2
e 1 10 1
e 2 3 1
e 2 5 1
e 2 16 2
e 3 9 2
e 3 11 1
e 4 12 1
e 4 17 2
e 5 13 1
e 5 18 2
e 6 8 1
e 6 14 1
e 6 19 2
e 7 9 1
e 7 14 2
e 7 20 1
e 8 26 1
e 9 27 1
e 10 12 2
e 10 28 1
e 11 13 2
e 11 29 1
e 12 30 1
e 13 31 1
e 14 32 1
e 15 22 1
e 15 33 1
e 16 23 1
e 16 34 1
e 17 24 1
e 17 35 1
e 18 25 1
e 18 36 1
e 19 21 1
e 19 37 1
e 20 21 2
e 20 38 1
e 21 39 1
e 22 24 2
e 22 40 1
e 23 25 2
e 23 41 1
e 24 42 1
e 25 43 1
t # 6338
v 0 11
v 1 1
v 2 2
v 3 2
v 4 2
v 5 2
v 6 3
v 7 3
v 8 3
v 9 3
v 10 3
v 11 3
v 12 3
v 13 4
v 14 4
v 15 4
v 16 4
v 17 4
v 18 4
v 19 4
v 20 4
e 1 8 2
e 2 4 1
e 2 7 1
e 2 14 1
e 3 6 1
e 3 11 2
e 4 12 1
e 4 18 1
e 5 12 1
e 5 19 1
e 5 20 1
e 6 7 2
e 6 8 1
e 7 13 1
e 8 9 1
e 9 10 2
e 9 15 1
e 10 11 1
e 10 16 1
e 11 17 1
t # 6339
v 0 11
v 1 1
v 2 2
v 3 3
v 4 3
v 5 3
v 6 3
v 7 3
v 8 3
v 9 3
v 10 3
v 11 3
v 12 3
v 13 3
v 14 3
v 15 3
v 16 3
v 17 3
v 18 3
v 19 4
v 20 4
v 21 4
v 22 4
v 23 4
v 24 4
v 25 4
v 26 4
v 27 4
v 28 4
v 29 4
v 30 4
v 31 4
v 32 4
v 33 4
e 0 4 1
e 0 18 1
e 1 16 2
e 2 9 1
e 2 16 1
e 2 28 1
e 3 5 2
e 3 6 1
e 3 10 1
e 4 7 2
e 4 8 1
e 5 7 1
e 5 19 1
e 6 8 2
e 6 20 1
e 7 21 1
e 8 22 1
e 9 11 2
e 9 12 1
e 10 23 1
e 10 24 1
e 10 25 1
e 11 13 1
e 11 26 1
e 12 14 2
e 12 27 1
e 13 15 2
e 13 29 1
e 14 15 1
e 14 30 1
e 15 31 1
e 16 17 1
e 17 18 2
e 17 32 1
e 18 33 1
t # 6340
v 0 11
v 1 1
v 2 1
v 3 1
v 4 1
v 5 3
v 6 3
v 7 3
v 8 3
v 9 3
v 10 3
v 11 3
v 12 3
v 13 3
v 14 4
v 15 4
v 16 4
v 17 4
v 18 4
v 19 4
v 20 4
v 21 4
v 22 4
v 23 4
v 24 4
v 25 4
v 26 4
v 27 4
e 0 7 1
e 0 9 1
e 1 10 1
e 1 13 1
e 2 8 1
e 2 27 1
e 3 8 2
e 4 13 2
e 5 6 1
e 5 7 1
e 5 14 1
e 5 15 1
e 6 8 1
e 6 16 1
e 6 17 1
e 7 18 1
e 7 19 1
e 9 11 2
e 9 20 1
e 10 12 1
e 10 21 1
e 10 22 1
e 11 13 1
e 11 23 1
e 12 24 1
e 12 25 1
e 12 26 1
t # 6341
v 0 11
v 1 1
v 2 1
v 3 1
v 4 1
v 5 3
v 6 3
v 7 3
v 8 3
v 9 3
v 10 3
v 11 3
v 12 4
v 13 4
v 14 4
v 15 4
v 16 4
v 17 4
v 18 4
v 19 4
v 20 4
v 21 4
e 0 6 1
e 0 8 1
e 1 7 1
e 1 9 1
e 2 7 2
e 3 11 1
e 3 21 1
e 4 11 2
e 5 6 1
e 5 7 1
e 5 12 1
e 5 13 1
e 6 14 1
e 6 15 1
e 8 10 2
e 8 16 1
e 9 17 1
e 9 18 1
e 9 19 1
e 10 11 1
e 10 20 1
t # 6342
v 0 11
v 1 1
v 2 1
v 3 1
v 4 1
v 5 3
v 6 3
v 7 3
v 8 3
v 9 3
v 10 3
v 11 4
v 12 4
v 13 4
v 14 4
v 15 4
v 16 4
v 17 4
v 18 4
e 0 6 1
e 0 8 1
e 1 7 1
e 1 17 1
e 2 7 2
e 3 10 1
e 3 18 1
e 4 10 2
e 5 6 1
e 5 7 1
e 5 11 1
e 5 12 1
e 6 13 1
e 6 14 1
e 8 9 2
e 8 15 1
e 9 10 1
e 9 16 1
t # 6343
v 0 11
v 1 1
v 2 1
v 3 1
v 4 2
v 5 2
v 6 2
v 7 2
v 8 3
v 9 3
v 10 3
v 11 3
v 12 3
v 13 3
v 14 3
v 15 3
v 16 3
v 17 3
v 18 3
v 19 3
v 20 3
v 21 3
v 22 3
v 23 3
v 24 3
v 25 3
v 26 3
v 27 3
v 28 3
v 29 3
v 30 3
v 31 3
v 32 3
v 33 4
v 34 4
v 35 4
v 36 4
v 37 4
v 38 4
v 39 4
v 40 4
v 41 4
v 42 4
v 43 4
v 44 4
v 45 4
v 46 4
v 47 4
v 48 4
v 49 4
v 50 4
v 51 4
v 52 4
v 53 4
v 54 4
e 1 11 2
e 2 13 2
e 3 28 1
e 3 31 1
e 4 8 1
e 4 9 1
e 4 11 1
e 5 9 1
e 5 13 1
e 5 14 1
e 6 7 1
e 6 12 2
e 7 24 1
e 7 44 1
e 8 10 1
e 8 15 2
e 10 16 2
e 10 17 1
e 11 12 1
e 12 13 1
e 14 19 2
e 14 20 1
e 15 18 1
e 15 33 1
e 16 21 1
e 16 34 1
e 17 35 1
e 17 36 1
e 17 37 1
e 18 21 2
e 18 38 1
e 19 22 1
e 19 39 1
e 20 23 2
e 20 40 1
e 21 41 1
e 22 25 2
e 22 42 1
e 23 25 1
e 23 43 1
e 24 26 2
e 24 27 1
e 25 45 1
e 26 29 1
e 26 46 1
e 27 30 2
e 27 47 1
e 28 29 2
e 28 30 1
e 29 48 1
e 30 49 1
e 31 32 1
e 31 50 1
e 31 51 1
e 32 52 1
e 32 53 1
e 32 54 1
t # 6344
v 0 18
v 1 11
v 2 1
v 3 1
v 4 1
v 5 1
v 6 2
v 7 2
v 8 2
v 9 2
v 10 3
v 11 3
v 12 3
v 13 3
v 14 3
v 15 3
v 16 3
v 17 3
v 18 3
v 19 3
v 20 3
v 21 3
v 22 3
v 23 3
v 24 3
v 25 3
v 26 3
v 27 3
v 28 3
v 29 3
v 30 3
v 31 3
v 32 3
v 33 3
v 34 3
v 35 4
v 36 4
v 37 4
v 38 4
v 39 4
v 40 4
v 41 4
v 42 4
v 43 4
v 44 4
v 45 4
v 46 4
v 47 4
v 48 4
v 49 4
v 50 4
v 51 4
v 52 4
v 53 4
v 54 4
v 55 4
e 2 12 2
e 3 15 2
e 4 22 1
e 4 33 1
e 5 29 1
e 5 32 1
e 6 10 1
e 6 11 1
e 6 12 1
e 7 10 1
e 7 13 1
e 7 15 1
e 8 9 1
e 8 14 2
e 9 25 1
e 9 43 1
e 11 16 2
e 11 17 1
e 12 14 1
e 13 18 2
e 13 19 1
e 14 15 1
e 16 20 1
e 16 35 1
e 17 21 2
e 17 36 1
e 18 23 1
e 18 37 1
e 19 24 2
e 19 38 1
e 20 22 2
e 20 39 1
e 21 22 1
e 21 40 1
e 23 26 2
e 23 41 1
e 24 26 1
e 24 42 1
e 25 27 2
e 25 28 1
e 27 30 1
e 27 44 1
e 28 31 2
e 28 45 1
e 29 30 2
e 29 31 1
e 30 46 1
e 31 47 1
e 32 34 1
e 32 48 1
e 32 49 1
e 33 50 1
e 33 51 1
e 33 52 1
e 34 53 1
e 34 54 1
e 34 55 1
t # 6345
v 0 12
v 1 11
v 2 1
v 3 1
v 4 1
v 5 2
v 6 2
v 7 2
v 8 2
v 9 3
v 10 3
v 11 3
v 12 3
v 13 3
v 14 3
v 15 3
v 16 3
v 17 3
v 18 3
v 19 3
v 20 3
v 21 3
v 22 3
v 23 3
v 24 3
v 25 3
v 26 3
v 27 3
v 28 3
v 29 3
v 30 3
v 31 3
v 32 3
v 33 4
v 34 4
v 35 4
v 36 4
v 37 4
v 38 4
v 39 4
v 40 4
v 41 4
v 42 4
v 43 4
v 44 4
v 45 4
v 46 4
v 47 4
v 48 4
v 49 4
v 50 4
v 51 4
e 0 24 1
e 2 12 2
e 3 14 2
e 4 28 1
e 4 31 1
e 5 9 1
e 5 10 1
e 5 12 1
e 6 9 1
e 6 11 1
e 6 14 1
e 7 8 1
e 7 13 2
e 8 23 1
e 8 41 1
e 10 15 2
e 10 16 1
e 11 17 2
e 11 18 1
e 12 13 1
e 13 14 1
e 15 19 1
e 15 33 1
e 16 20 2
e 16 34 1
e 17 21 1
e 17 35 1
e 18 22 2
e 18 36 1
e 19 24 2
e 19 37 1
e 20 24 1
e 20 38 1
e 21 25 2
e 21 39 1
e 22 25 1
e 22 40 1
e 23 26 2
e 23 27 1
e 25 42 1
e 26 29 1
e 26 43 1
e 27 30 2
e 27 44 1
e 28 29 2
e 28 30 1
e 29 45 1
e 30 46 1
e 31 32 1
e 31 47 1
e 31 48 1
e 32 49 1
e 32 50 1
e 32 51 1
t # 6346
v 0 11
v 1 1
v 2 1
v 3 1
v 4 2
v 5 2
v 6 2
v 7 2
v 8 3
v 9 3
v 10 3
v 11 3
v 12 3
v 13 3
v 14 3
v 15 3
v 16 3
v 17 3
v 18 3
v 19 3
v 20 3
v 21 3
v 22 3
v 23 3
v 24 3
v 25 3
v 26 3
v 27 3
v 28 3
v 29 3
v 30 3
v 31 3
v 32 3
v 33 4
v 34 4
v 35 4
v 36 4
v 37 4
v 38 4
v 39 4
v 40 4
v 41 4
v 42 4
v 43 4
v 44 4
v 45 4
v 46 4
v 47 4
v 48 4
v 49 4
v 50 4
v 51 4
v 52 4
v 53 4
v 54 4
e 1 16 1
e 1 31 1
e 2 11 2
e 3 13 2
e 4 8 1
e 4 9 1
e 4 11 1
e 5 9 1
e 5 10 1
e 5 13 1
e 6 7 1
e 6 14 2
e 7 25 1
e 7 44 1
e 8 12 1
e 8 15 2
e 10 16 1
e 10 17 2
e 11 14 1
e 12 18 2
e 12 19 1
e 13 14 1
e 15 20 1
e 15 33 1
e 16 22 2
e 17 23 1
e 17 34 1
e 18 21 1
e 18 35 1
e 19 36 1
e 19 37 1
e 19 38 1
e 20 21 2
e 20 39 1
e 21 40 1
e 22 24 1
e 22 41 1
e 23 24 2
e 23 42 1
e 24 43 1
e 25 26 2
e 25 27 1
e 26 29 1
e 26 45 1
e 27 30 2
e 27 46 1
e 28 29 2
e 28 30 1
e 28 32 1
e 29 47 1
e 30 48 1
e 31 49 1
e 31 50 1
e 31 51 1
e 32 52 1
e 32 53 1
e 32 54 1
t # 6347
v 0 11
v 1 1
v 2 1
v 3 2
v 4 2
v 5 2
v 6 2
v 7 3
v 8 3
v 9 3
v 10 3
v 11 3
v 12 3
v 13 3
v 14 3
v 15 3
v 16 3
v 17 3
v 18 3
v 19 3
v 20 3
v 21 3
v 22 3
v 23 3
v 24 3
v 25 3
v 26 3
v 27 3
v 28 3
v 29 3
v 30 3
v 31 4
v 32 4
v 33 4
v 34 4
v 35 4
v 36 4
v 37 4
v 38 4
v 39 4
v 40 4
v 41 4
v 42 4
v 43 4
v 44 4
v 45 4
v 46 4
v 47 4
v 48 4
v 49 4
v 50 4
e 1 9 2
e 2 12 2
e 3 7 1
e 3 8 1
e 3 9 1
e 4 8 1
e 4 12 1
e 4 13 1
e 5 6 1
e 5 11 2
e 6 23 1
e 6 42 1
e 7 10 1
e 7 14 2
e 9 11 1
e 10 15 2
e 10 16 1
e 11 12 1
e 13 18 2
e 13 19 1
e 14 17 1
e 14 31 1
e 15 20 1
e 15 32 1
e 16 33 1
e 16 34 1
e 16 35 1
e 17 20 2
e 17 36 1
e 18 21 1
e 18 37 1
e 19 22 2
e 19 38 1
e 20 39 1
e 21 24 2
e 21 40 1
e 22 24 1
e 22 41 1
e 23 26 2
e 23 27 1
e 24 43 1
e 25 28 2
e 25 29 1
e 25 30 1
e 26 28 1
e 26 44 1
e 27 29 2
e 27 45 1
e 28 46 1
e 29 47 1
e 30 48 1
e 30 49 1
e 30 50 1
t # 6348
v 0 11
v 1 1
v 2 1
v 3 1
v 4 2
v 5 2
v 6 2
v 7 2
v 8 3
v 9 3
v 10 3
v 11 3
v 12 3
v 13 3
v 14 3
v 15 3
v 16 3
v 17 3
v 18 3
v 19 3
v 20 3
v 21 3
v 22 3
v 23 3
v 24 3
v 25 3
v 26 3
v 27 3
v 28 3
v 29 3
v 30 3
v 31 3
v 32 4
v 33 4
v 34 4
v 35 4
v 36 4
v 37 4
v 38 4
v 39 4
v 40 4
v 41 4
v 42 4
v 43 4
v 44 4
v 45 4
v 46 4
v 47 4
v 48 4
v 49 4
v 50 4
v 51 4
e 1 10 2
e 2 12 2
e 3 21 1
e 3 31 1
e 4 8 1
e 4 9 1
e 4 10 1
e 5 8 1
e 5 12 1
e 5 13 1
e 6 7 1
e 6 11 2
e 7 20 1
e 7 38 1
e 9 14 2
e 9 15 1
e 10 11 1
e 11 12 1
e 13 16 2
e 13 17 1
e 14 18 1
e 14 32 1
e 15 19 2
e 15 33 1
e 16 23 1
e 16 34 1
e 17 24 2
e 17 35 1
e 18 21 2
e 18 36 1
e 19 21 1
e 19 37 1
e 20 22 1
e 20 26 2
e 22 27 2
e 22 28 1
e 23 25 2
e 23 39 1
e 24 25 1
e 24 40 1
e 25 41 1
e 26 29 1
e 26 42 1
e 27 30 1
e 27 43 1
e 28 44 1
e 28 45 1
e 28 46 1
e 29 30 2
e 29 47 1
e 30 48 1
e 31 49 1
e 31 50 1
e 31 51 1
t # 6349
v 0 11
v 1 1
v 2 1
v 3 2
v 4 2
v 5 2
v 6 2
v 7 3
v 8 3
v 9 3
v 10 3
v 11 3
v 12 3
v 13 3
v 14 3
v 15 3
v 16 3
v 17 3
v 18 3
v 19 3
v 20 3
v 21 3
v 22 3
v 23 3
v 24 3
v 25 3
v 26 3
v 27 3
v 28 3
v 29 3
v 30 4
v 31 4
v 32 4
v 33 4
v 34 4
v 35 4
v 36 4
v 37 4
v 38 4
v 39 4
v 40 4
v 41 4
v 42 4
v 43 4
v 44 4
v 45 4
v 46 4
v 47 4
e 1 9 2
e 2 10 2
e 3 7 1
e 3 9 1
e 3 11 1
e 4 7 1
e 4 10 1
e 4 12 1
e 5 6 1
e 5 8 2
e 6 17 1
e 6 34 1
e 8 9 1
e 8 10 1
e 11 13 2
e 11 15 1
e 12 14 2
e 12 16 1
e 13 19 1
e 13 30 1
e 14 20 1
e 14 31 1
e 15 21 2
e 15 32 1
e 16 22 2
e 16 33 1
e 17 18 1
e 17 25 2
e 18 26 2
e 18 27 1
e 19 23 2
e 19 35 1
e 20 24 2
e 20 36 1
e 21 23 1
e 21 37 1
e 22 24 1
e 22 38 1
e 23 39 1
e 24 40 1
e 25 28 1
e 25 41 1
e 26 29 1
e 26 42 1
e 27 43 1
e 27 44 1
e 27 45 1
e 28 29 2
e 28 46 1
e 29 47 1
t # 6350
v 0 11
v 1 1
v 2 1
v 3 1
v 4 2
v 5 2
v 6 2
v 7 2
v 8 3
v 9 3
v 10 3
v 11 3
v 12 3
v 13 3
v 14 3
v 15 3
v 16 3
v 17 3
v 18 3
v 19 3
v 20 3
v 21 3
v 22 3
v 23 3
v 24 3
v 25 3
v 26 3
v 27 3
v 28 3
v 29 3
v 30 3
v 31 3
v 32 3
v 33 4
v 34 4
v 35 4
v 36 4
v 37 4
v 38 4
v 39 4
v 40 4
v 41 4
v 42 4
v 43 4
v 44 4
v 45 4
v 46 4
v 47 4
v 48 4
v 49 4
v 50 4
v 51 4
v 52 4
v 53 4
v 54 4
e 1 11 2
e 2 13 2
e 3 23 1
e 3 32 1
e 4 8 1
e 4 9 1
e 4 11 1
e 5 8 1
e 5 10 1
e 5 13 1
e 6 7 1
e 6 12 2
e 7 24 1
e 7 41 1
e 9 14 2
e 9 15 1
e 10 16 2
e 10 17 1
e 11 12 1
e 12 13 1
e 14 19 1
e 14 33 1
e 15 20 2
e 15 34 1
e 16 21 1
e 16 35 1
e 17 22 2
e 17 36 1
e 18 19 2
e 18 20 1
e 18 26 1
e 19 37 1
e 20 38 1
e 21 23 2
e 21 39 1
e 22 23 1
e 22 40 1
e 24 25 1
e 24 27 2
e 25 28 2
e 25 29 1
e 26 42 1
e 26 43 1
e 26 44 1
e 27 30 1
e 27 45 1
e 28 31 1
e 28 46 1
e 29 47 1
e 29 48 1
e 29 49 1
e 30 31 2
e 30 50 1
e 31 51 1
e 32 52 1
e 32 53 1
e 32 54 1
t # 6351
v 0 18
v 1 11
v 2 1
v 3 1
v 4 1
v 5 2
v 6 2
v 7 2
v 8 2
v 9 3
v 10 3
v 11 3
v 12 3
v 13 3
v 14 3
v 15 3
v 16 3
v 17 3
v 18 3
v 19 3
v 20 3
v 21 3
v 22 3
v 23 3
v 24 3
v 25 3
v 26 3
v 27 3
v 28 3
v 29 3
v 30 3
v 31 3
v 32 3
v 33 4
v 34 4
v 35 4
v 36 4
v 37 4
v 38 4
v 39 4
v 40 4
v 41 4
v 42 4
v 43 4
v 44 4
v 45 4
v 46 4
v 47 4
v 48 4
v 49 4
v 50 4
v 51 4
e 2 17 1
e 2 27 1
e 3 12 2
e 4 14 2
e 5 9 1
e 5 10 1
e 5 12 1
e 6 10 1
e 6 11 1
e 6 14 1
e 7 8 1
e 7 15 2
e 8 26 1
e 8 44 1
e 9 13 1
e 9 16 2
e 11 17 1
e 11 18 2
e 12 15 1
e 13 19 2
e 13 20 1
e 14 15 1
e 16 21 1
e 16 33 1
e 17 23 2
e 18 24 1
e 18 34 1
e 19 22 1
e 19 35 1
e 20 36 1
e 20 37 1
e 20 38 1
e 21 22 2
e 21 39 1
e 22 40 1
e 23 25 1
e 23 41 1
e 24 25 2
e 24 42 1
e 25 43 1
e 26 28 2
e 26 29 1
e 27 45 1
e 27 46 1
e 27 47 1
e 28 30 1
e 28 48 1
e 29 31 2
e 29 49 1
e 30 32 2
e 30 50 1
e 31 32 1
e 31 51 1
t # 6352
v 0 18
v 1 11
v 2 1
v 3 1
v 4 1
v 5 2
v 6 2
v 7 2
v 8 2
v 9 3
v 10 3
v 11 3
v 12 3
v 13 3
v 14 3
v 15 3
v 16 3
v 17 3
v 18 3
v 19 3
v 20 3
v 21 3
v 22 3
v 23 3
v 24 3
v 25 3
v 26 3
v 27 3
v 28 3
v 29 3
v 30 3
v 31 3
v 32 3
v 33 4
v 34 4
v 35 4
v 36 4
v 37 4
v 38 4
v 39 4
v 40 4
v 41 4
v 42 4
v 43 4
v 44 4
v 45 4
v 46 4
v 47 4
v 48 4
v 49 4
v 50 4
v 51 4
e 2 12 2
e 3 13 2
e 4 24 1
e 4 32 1
e 5 9 1
e 5 10 1
e 5 12 1
e 6 9 1
e 6 11 1
e 6 13 1
e 7 8 1
e 7 14 2
e 8 26 1
e 8 44 1
e 10 15 2
e 10 16 1
e 11 17 2
e 11 18 1
e 12 14 1
e 13 14 1
e 15 20 1
e 15 33 1
e 16 21 2
e 16 34 1
e 17 22 1
e 17 35 1
e 18 23 2
e 18 36 1
e 19 20 2
e 19 21 1
e 19 25 1
e 20 37 1
e 21 38 1
e 22 24 2
e 22 39 1
e 23 24 1
e 23 40 1
e 25 41 1
e 25 42 1
e 25 43 1
e 26 27 2
e 26 28 1
e 27 29 1
e 27 45 1
e 28 30 2
e 28 46 1
e 29 31 2
e 29 47 1
e 30 31 1
e 30 48 1
e 32 49 1
e 32 50 1
e 32 51 1
t # 6353
v 0 12
v 1 11
v 2 1
v 3 1
v 4 1
v 5 2
v 6 2
v 7 2
v 8 2
v 9 3
v 10 3
v 11 3
v 12 3
v 13 3
v 14 3
v 15 3
v 16 3
v 17 3
v 18 3
v 19 3
v 20 3
v 21 3
v 22 3
v 23 3
v 24 3
v 25 3
v 26 3
v 27 3
v 28 3
v 29 3
v 30 3
v 31 3
v 32 3
v 33 4
v 34 4
v 35 4
v 36 4
v 37 4
v 38 4
v 39 4
v 40 4
v 41 4
v 42 4
v 43 4
v 44 4
v 45 4
v 46 4
v 47 4
v 48 4
v 49 4
v 50 4
v 51 4
e 0 31 1
e 2 12 2
e 3 13 2
e 4 24 1
e 4 32 1
e 5 9 1
e 5 10 1
e 5 12 1
e 6 9 1
e 6 11 1
e 6 13 1
e 7 8 1
e 7 14 2
e 8 26 1
e 8 44 1
e 10 15 2
e 10 16 1
e 11 17 2
e 11 18 1
e 12 14 1
e 13 14 1
e 15 20 1
e 15 33 1
e 16 21 2
e 16 34 1
e 17 22 1
e 17 35 1
e 18 23 2
e 18 36 1
e 19 20 2
e 19 21 1
e 19 25 1
e 20 37 1
e 21 38 1
e 22 24 2
e 22 39 1
e 23 24 1
e 23 40 1
e 25 41 1
e 25 42 1
e 25 43 1
e 26 27 2
e 26 28 1
e 27 29 1
e 27 45 1
e 28 30 2
e 28 46 1
e 29 31 2
e 29 47 1
e 30 31 1
e 30 48 1
e 32 49 1
e 32 50 1
e 32 51 1
t # 6354
v 0 12
v 1 11
v 2 1
v 3 1
v 4 1
v 5 2
v 6 2
v 7 2
v 8 2
v 9 3
v 10 3
v 11 3
v 12 3
v 13 3
v 14 3
v 15 3
v 16 3
v 17 3
v 18 3
v 19 3
v 20 3
v 21 3
v 22 3
v 23 3
v 24 3
v 25 3
v 26 3
v 27 3
v 28 3
v 29 3
v 30 3
v 31 3
v 32 4
v 33 4
v 34 4
v 35 4
v 36 4
v 37 4
v 38 4
v 39 4
v 40 4
v 41 4
v 42 4
v 43 4
v 44 4
v 45 4
v 46 4
v 47 4
v 48 4
e 0 31 1
e 2 15 1
e 2 26 1
e 3 11 2
e 4 13 2
e 5 9 1
e 5 10 1
e 5 11 1
e 6 10 1
e 6 12 1
e 6 13 1
e 7 8 1
e 7 14 2
e 8 25 1
e 8 41 1
e 9 15 1
e 9 16 2
e 11 14 1
e 12 17 2
e 12 18 1
e 13 14 1
e 15 19 2
e 16 20 1
e 16 32 1
e 17 22 1
e 17 33 1
e 18 23 2
e 18 34 1
e 19 21 1
e 19 35 1
e 20 21 2
e 20 36 1
e 21 37 1
e 22 24 2
e 22 38 1
e 23 24 1
e 23 39 1
e 24 40 1
e 25 27 2
e 25 28 1
e 26 42 1
e 26 43 1
e 26 44 1
e 27 29 1
e 27 45 1
e 28 30 2
e 28 46 1
e 29 31 2
e 29 47 1
e 30 31 1
e 30 48 1
t # 6355
v 0 27
v 1 12
v 2 11
v 3 1
v 4 1
v 5 1
v 6 2
v 7 2
v 8 2
v 9 2
v 10 3
v 11 3
v 12 3
v 13 3
v 14 3
v 15 3
v 16 3
v 17 3
v 18 3
v 19 3
v 20 3
v 21 3
v 22 3
v 23 3
v 24 3
v 25 3
v 26 3
v 27 3
v 28 3
v 29 3
v 30 3
v 31 3
v 32 3
v 33 4
v 34 4
v 35 4
v 36 4
v 37 4
v 38 4
v 39 4
v 40 4
v 41 4
v 42 4
v 43 4
v 44 4
v 45 4
v 46 4
v 47 4
v 48 4
e 1 32 1
e 3 16 1
e 3 27 1
e 4 12 2
e 5 14 2
e 6 10 1
e 6 11 1
e 6 12 1
e 7 11 1
e 7 13 1
e 7 14 1
e 8 9 1
e 8 15 2
e 9 26 1
e 9 41 1
e 10 16 1
e 10 17 2
e 12 15 1
e 13 18 2
e 13 19 1
e 14 15 1
e 16 20 2
e 17 21 1
e 17 33 1
e 18 23 1
e 18 34 1
e 19 24 2
e 19 35 1
e 20 22 1
e 20 36 1
e 21 22 2
e 21 37 1
e 22 38 1
e 23 25 2
e 23 39 1
e 24 25 1
e 24 40 1
e 26 28 2
e 26 29 1
e 27 42 1
e 27 43 1
e 27 44 1
e 28 30 1
e 28 45 1
e 29 31 2
e 29 46 1
e 30 32 2
e 30 47 1
e 31 32 1
e 31 48 1
t # 6356
v 0 27
v 1 12
v 2 11
v 3 1
v 4 1
v 5 1
v 6 2
v 7 2
v 8 2
v 9 2
v 10 3
v 11 3
v 12 3
v 13 3
v 14 3
v 15 3
v 16 3
v 17 3
v 18 3
v 19 3
v 20 3
v 21 3
v 22 3
v 23 3
v 24 3
v 25 3
v 26 3
v 27 3
v 28 3
v 29 3
v 30 3
v 31 3
v 32 3
v 33 4
v 34 4
v 35 4
v 36 4
v 37 4
v 38 4
v 39 4
v 40 4
v 41 4
v 42 4
v 43 4
v 44 4
v 45 4
v 46 4
v 47 4
v 48 4
e 1 31 1
e 3 12 2
e 4 14 2
e 5 22 1
e 5 32 1
e 6 10 1
e 6 11 1
e 6 12 1
e 7 10 1
e 7 13 1
e 7 14 1
e 8 9 1
e 8 15 2
e 9 26 1
e 9 41 1
e 11 16 2
e 11 17 1
e 12 15 1
e 13 18 2
e 13 19 1
e 14 15 1
e 16 20 1
e 16 33 1
e 17 21 2
e 17 34 1
e 18 23 1
e 18 35 1
e 19 24 2
e 19 36 1
e 20 22 2
e 20 37 1
e 21 22 1
e 21 38 1
e 23 25 2
e 23 39 1
e 24 25 1
e 24 40 1
e 26 27 2
e 26 28 1
e 27 29 1
e 27 42 1
e 28 30 2
e 28 43 1
e 29 31 2
e 29 44 1
e 30 31 1
e 30 45 1
e 32 46 1
e 32 47 1
e 32 48 1
t # 6357
v 0 11
v 1 1
v 2 1
v 3 1
v 4 1
v 5 2
v 6 2
v 7 2
v 8 2
v 9 3
v 10 3
v 11 3
v 12 3
v 13 3
v 14 3
v 15 3
v 16 3
v 17 3
v 18 3
v 19 3
v 20 3
v 21 3
v 22 3
v 23 3
v 24 3
v 25 3
v 26 3
v 27 3
v 28 3
v 29 3
v 30 3
v 31 3
v 32 3
v 33 4
v 34 4
v 35 4
v 36 4
v 37 4
v 38 4
v 39 4
v 40 4
v 41 4
v 42 4
v 43 4
v 44 4
v 45 4
v 46 4
v 47 4
v 48 4
v 49 4
v 50 4
v 51 4
v 52 4
e 1 15 1
e 1 29 1
e 2 11 2
e 3 13 2
e 4 26 1
e 4 32 1
e 5 9 1
e 5 10 1
e 5 11 1
e 6 10 1
e 6 13 1
e 6 14 1
e 7 8 1
e 7 12 2
e 8 24 1
e 8 41 1
e 9 15 1
e 9 16 2
e 11 12 1
e 12 13 1
e 14 17 2
e 14 18 1
e 15 19 2
e 16 20 1
e 16 33 1
e 17 22 1
e 17 34 1
e 18 23 2
e 18 35 1
e 19 21 1
e 19 36 1
e 20 21 2
e 20 37 1
e 21 38 1
e 22 25 2
e 22 39 1
e 23 25 1
e 23 40 1
e 24 26 1
e 24 27 2
e 25 42 1
e 26 28 2
e 27 30 1
e 27 43 1
e 28 31 1
e 28 44 1
e 29 45 1
e 29 46 1
e 29 47 1
e 30 31 2
e 30 48 1
e 31 49 1
e 32 50 1
e 32 51 1
e 32 52 1
t # 6358
v 0 11
v 1 1
v 2 1
v 3 1
v 4 2
v 5 2
v 6 2
v 7 2
v 8 3
v 9 3
v 10 3
v 11 3
v 12 3
v 13 3
v 14 3
v 15 3
v 16 3
v 17 3
v 18 3
v 19 3
v 20 3
v 21 3
v 22 3
v 23 3
v 24 3
v 25 3
v 26 3
v 27 3
v 28 3
v 29 3
v 30 3
v 31 4
v 32 4
v 33 4
v 34 4
v 35 4
v 36 4
v 37 4
v 38 4
v 39 4
v 40 4
v 41 4
v 42 4
v 43 4
v 44 4
v 45 4
v 46 4
v 47 4
v 48 4
e 1 12 2
e 2 13 2
e 3 25 1
e 3 30 1
e 4 8 1
e 4 9 1
e 4 12 1
e 5 8 1
e 5 10 1
e 5 13 1
e 6 7 1
e 6 11 2
e 7 22 1
e 7 39 1
e 9 14 2
e 9 16 1
e 10 15 2
e 10 17 1
e 11 12 1
e 11 13 1
e 14 18 1
e 14 31 1
e 15 19 1
e 15 32 1
e 16 20 2
e 16 33 1
e 17 21 2
e 17 34 1
e 18 23 2
e 18 35 1
e 19 24 2
e 19 36 1
e 20 23 1
e 20 37 1
e 21 24 1
e 21 38 1
e 22 25 1
e 22 26 2
e 23 40 1
e 24 41 1
e 25 27 2
e 26 28 1
e 26 42 1
e 27 29 1
e 27 43 1
e 28 29 2
e 28 44 1
e 29 45 1
e 30 46 1
e 30 47 1
e 30 48 1
t # 6359
v 0 11
v 1 1
v 2 1
v 3 1
v 4 1
v 5 2
v 6 2
v 7 2
v 8 2
v 9 3
v 10 3
v 11 3
v 12 3
v 13 3
v 14 3
v 15 3
v 16 3
v 17 3
v 18 3
v 19 3
v 20 3
v 21 3
v 22 3
v 23 3
v 24 3
v 25 3
v 26 3
v 27 3
v 28 3
v 29 3
v 30 3
v 31 3
v 32 3
v 33 3
v 34 4
v 35 4
v 36 4
v 37 4
v 38 4
v 39 4
v 40 4
v 41 4
v 42 4
v 43 4
v 44 4
v 45 4
v 46 4
v 47 4
v 48 4
v 49 4
v 50 4
v 51 4
v 52 4
v 53 4
v 54 4
v 55 4
e 1 17 1
e 1 29 1
e 2 12 2
e 3 14 2
e 4 27 1
e 4 33 1
e 5 9 1
e 5 10 1
e 5 12 1
e 6 10 1
e 6 11 1
e 6 14 1
e 7 8 1
e 7 15 2
e 8 26 1
e 8 45 1
e 9 13 1
e 9 16 2
e 11 17 1
e 11 18 2
e 12 15 1
e 13 19 2
e 13 20 1
e 14 15 1
e 16 21 1
e 16 34 1
e 17 23 2
e 18 24 1
e 18 35 1
e 19 22 1
e 19 36 1
e 20 37 1
e 20 38 1
e 20 39 1
e 21 22 2
e 21 40 1
e 22 41 1
e 23 25 1
e 23 42 1
e 24 25 2
e 24 43 1
e 25 44 1
e 26 27 1
e 26 28 2
e 27 30 2
e 28 31 1
e 28 46 1
e 29 47 1
e 29 48 1
e 29 49 1
e 30 32 1
e 30 50 1
e 31 32 2
e 31 51 1
e 32 52 1
e 33 53 1
e 33 54 1
e 33 55 1
t # 6360
v 0 11
v 1 1
v 2 1
v 3 1
v 4 2
v 5 2
v 6 2
v 7 2
v 8 3
v 9 3
v 10 3
v 11 3
v 12 3
v 13 3
v 14 3
v 15 3
v 16 3
v 17 3
v 18 3
v 19 3
v 20 3
v 21 3
v 22 3
v 23 3
v 24 3
v 25 3
v 26 3
v 27 3
v 28 3
v 29 3
v 30 3
v 31 3
v 32 3
v 33 4
v 34 4
v 35 4
v 36 4
v 37 4
v 38 4
v 39 4
v 40 4
v 41 4
v 42 4
v 43 4
v 44 4
v 45 4
v 46 4
v 47 4
v 48 4
v 49 4
v 50 4
v 51 4
v 52 4
v 53 4
v 54 4
e 1 11 2
e 2 12 2
e 3 27 1
e 3 32 1
e 4 8 1
e 4 9 1
e 4 11 1
e 5 9 1
e 5 10 1
e 5 12 1
e 6 7 1
e 6 14 2
e 7 26 1
e 7 47 1
e 8 13 1
e 8 15 2
e 10 16 2
e 10 17 1
e 11 14 1
e 12 14 1
e 13 18 2
e 13 20 1
e 15 23 1
e 15 33 1
e 16 21 1
e 16 34 1
e 17 22 2
e 17 35 1
e 18 24 1
e 18 36 1
e 19 21 2
e 19 22 1
e 19 25 1
e 20 37 1
e 20 38 1
e 20 39 1
e 21 40 1
e 22 41 1
e 23 24 2
e 23 42 1
e 24 43 1
e 25 44 1
e 25 45 1
e 25 46 1
e 26 27 1
e 26 28 2
e 27 29 2
e 28 30 1
e 28 48 1
e 29 31 1
e 29 49 1
e 30 31 2
e 30 50 1
e 31 51 1
e 32 52 1
e 32 53 1
e 32 54 1
t # 6361
v 0 11
v 1 1
v 2 1
v 3 1
v 4 1
v 5 2
v 6 2
v 7 2
v 8 2
v 9 3
v 10 3
v 11 3
v 12 3
v 13 3
v 14 3
v 15 3
v 16 3
v 17 3
v 18 3
v 19 3
v 20 3
v 21 3
v 22 3
v 23 3
v 24 3
v 25 3
v 26 3
v 27 3
v 28 3
v 29 3
v 30 3
v 31 3
v 32 3
v 33 3
v 34 4
v 35 4
v 36 4
v 37 4
v 38 4
v 39 4
v 40 4
v 41 4
v 42 4
v 43 4
v 44 4
v 45 4
v 46 4
v 47 4
v 48 4
v 49 4
v 50 4
v 51 4
v 52 4
v 53 4
v 54 4
v 55 4
e 1 12 2
e 2 13 2
e 3 24 1
e 3 32 1
e 4 27 1
e 4 33 1
e 5 9 1
e 5 10 1
e 5 12 1
e 6 9 1
e 6 11 1
e 6 13 1
e 7 8 1
e 7 14 2
e 8 26 1
e 8 45 1
e 10 15 2
e 10 16 1
e 11 17 2
e 11 18 1
e 12 14 1
e 13 14 1
e 15 20 1
e 15 34 1
e 16 21 2
e 16 35 1
e 17 22 1
e 17 36 1
e 18 23 2
e 18 37 1
e 19 20 2
e 19 21 1
e 19 25 1
e 20 38 1
e 21 39 1
e 22 24 2
e 22 40 1
e 23 24 1
e 23 41 1
e 25 42 1
e 25 43 1
e 25 44 1
e 26 27 1
e 26 28 2
e 27 29 2
e 28 30 1
e 28 46 1
e 29 31 1
e 29 47 1
e 30 31 2
e 30 48 1
e 31 49 1
e 32 50 1
e 32 51 1
e 32 52 1
e 33 53 1
e 33 54 1
e 33 55 1
t # 6362
v 0 11
v 1 1
v 2 1
v 3 1
v 4 1
v 5 1
v 6 2
v 7 2
v 8 2
v 9 2
v 10 3
v 11 3
v 12 3
v 13 3
v 14 3
v 15 3
v 16 3
v 17 3
v 18 3
v 19 3
v 20 3
v 21 3
v 22 3
v 23 3
v 24 3
v 25 3
v 26 3
v 27 3
v 28 3
v 29 3
v 30 3
v 31 3
v 32 3
v 33 3
v 34 3
v 35 3
v 36 4
v 37 4
v 38 4
v 39 4
v 40 4
v 41 4
v 42 4
v 43 4
v 44 4
v 45 4
v 46 4
v 47 4
v 48 4
v 49 4
v 50 4
v 51 4
v 52 4
v 53 4
v 54 4
v 55 4
v 56 4
v 57 4
v 58 4
v 59 4
e 1 13 2
e 2 20 1
e 2 28 1
e 3 14 2
e 4 25 1
e 4 34 1
e 5 27 1
e 5 35 1
e 6 10 1
e 6 11 1
e 6 13 1
e 7 10 1
e 7 12 1
e 7 14 1
e 8 9 1
e 8 15 2
e 9 26 1
e 9 44 1
e 11 16 2
e 11 17 1
e 12 18 2
e 12 19 1
e 13 15 1
e 14 15 1
e 16 21 1
e 16 36 1
e 17 22 2
e 17 37 1
e 18 23 1
e 18 38 1
e 19 24 2
e 19 39 1
e 20 21 2
e 20 22 1
e 21 40 1
e 22 41 1
e 23 25 2
e 23 42 1
e 24 25 1
e 24 43 1
e 26 27 1
e 26 29 2
e 27 30 2
e 28 33 1
e 28 45 1
e 28 46 1
e 29 31 1
e 29 47 1
e 30 32 1
e 30 48 1
e 31 32 2
e 31 49 1
e 32 50 1
e 33 51 1
e 33 52 1
e 33 53 1
e 34 54 1
e 34 55 1
e 34 56 1
e 35 57 1
e 35 58 1
e 35 59 1
t # 6363
v 0 11
v 1 1
v 2 1
v 3 1
v 4 1
v 5 2
v 6 2
v 7 2
v 8 2
v 9 3
v 10 3
v 11 3
v 12 3
v 13 3
v 14 3
v 15 3
v 16 3
v 17 3
v 18 3
v 19 3
v 20 3
v 21 3
v 22 3
v 23 3
v 24 3
v 25 3
v 26 3
v 27 3
v 28 3
v 29 3
v 30 3
v 31 3
v 32 3
v 33 3
v 34 3
v 35 4
v 36 4
v 37 4
v 38 4
v 39 4
v 40 4
v 41 4
v 42 4
v 43 4
v 44 4
v 45 4
v 46 4
v 47 4
v 48 4
v 49 4
v 50 4
v 51 4
v 52 4
v 53 4
v 54 4
v 55 4
v 56 4
v 57 4
v 58 4
e 1 12 2
e 2 13 2
e 3 24 1
e 3 28 1
e 4 27 1
e 4 34 1
e 5 9 1
e 5 10 1
e 5 12 1
e 6 9 1
e 6 11 1
e 6 13 1
e 7 8 1
e 7 14 2
e 8 26 1
e 8 46 1
e 10 15 2
e 10 16 1
e 11 17 2
e 11 18 1
e 12 14 1
e 13 14 1
e 15 20 1
e 15 35 1
e 16 21 2
e 16 36 1
e 17 22 1
e 17 37 1
e 18 23 2
e 18 38 1
e 19 20 2
e 19 21 1
e 19 25 1
e 20 39 1
e 21 40 1
e 22 24 2
e 22 41 1
e 23 24 1
e 23 42 1
e 25 43 1
e 25 44 1
e 25 45 1
e 26 27 1
e 26 29 2
e 27 30 2
e 28 33 1
e 28 47 1
e 28 48 1
e 29 31 1
e 29 49 1
e 30 32 1
e 30 50 1
e 31 32 2
e 31 51 1
e 32 52 1
e 33 53 1
e 33 54 1
e 33 55 1
e 34 56 1
e 34 57 1
e 34 58 1
t # 6364
v 0 11
v 1 1
v 2 1
v 3 1
v 4 1
v 5 2
v 6 2
v 7 2
v 8 2
v 9 3
v 10 3
v 11 3
v 12 3
v 13 3
v 14 3
v 15 3
v 16 3
v 17 3
v 18 3
v 19 3
v 20 3
v 21 3
v 22 3
v 23 3
v 24 3
v 25 3
v 26 3
v 27 3
v 28 3
v 29 3
v 30 3
v 31 3
v 32 3
v 33 3
v 34 4
v 35 4
v 36 4
v 37 4
v 38 4
v 39 4
v 40 4
v 41 4
v 42 4
v 43 4
v 44 4
v 45 4
v 46 4
v 47 4
v 48 4
v 49 4
v 50 4
v 51 4
v 52 4
v 53 4
v 54 4
v 55 4
e 1 19 1
e 1 27 1
e 2 11 2
e 3 13 2
e 4 26 1
e 4 33 1
e 5 9 1
e 5 10 1
e 5 11 1
e 6 9 1
e 6 13 1
e 6 14 1
e 7 8 1
e 7 12 2
e 8 25 1
e 8 42 1
e 10 15 2
e 10 16 1
e 11 12 1
e 12 13 1
e 14 17 2
e 14 18 1
e 15 20 1
e 15 34 1
e 16 21 2
e 16 35 1
e 17 22 1
e 17 36 1
e 18 23 2
e 18 37 1
e 19 20 2
e 19 21 1
e 20 38 1
e 21 39 1
e 22 24 2
e 22 40 1
e 23 24 1
e 23 41 1
e 24 43 1
e 25 26 1
e 25 28 2
e 26 29 2
e 27 32 1
e 27 44 1
e 27 45 1
e 28 30 1
e 28 46 1
e 29 31 1
e 29 47 1
e 30 31 2
e 30 48 1
e 31 49 1
e 32 50 1
e 32 51 1
e 32 52 1
e 33 53 1
e 33 54 1
e 33 55 1
t # 6365
v 0 27
v 1 11
v 2 1
v 3 1
v 4 1
v 5 1
v 6 2
v 7 2
v 8 2
v 9 2
v 10 3
v 11 3
v 12 3
v 13 3
v 14 3
v 15 3
v 16 3
v 17 3
v 18 3
v 19 3
v 20 3
v 21 3
v 22 3
v 23 3
v 24 3
v 25 3
v 26 3
v 27 3
v 28 3
v 29 3
v 30 3
v 31 3
v 32 3
v 33 3
v 34 4
v 35 4
v 36 4
v 37 4
v 38 4
v 39 4
v 40 4
v 41 4
v 42 4
v 43 4
v 44 4
v 45 4
v 46 4
v 47 4
v 48 4
v 49 4
v 50 4
v 51 4
v 52 4
e 2 12 2
e 3 15 2
e 4 22 1
e 4 32 1
e 5 27 1
e 5 33 1
e 6 10 1
e 6 11 1
e 6 12 1
e 7 10 1
e 7 13 1
e 7 15 1
e 8 9 1
e 8 14 2
e 9 25 1
e 9 42 1
e 11 16 2
e 11 17 1
e 12 14 1
e 13 18 2
e 13 19 1
e 14 15 1
e 16 20 1
e 16 34 1
e 17 21 2
e 17 35 1
e 18 23 1
e 18 36 1
e 19 24 2
e 19 37 1
e 20 22 2
e 20 38 1
e 21 22 1
e 21 39 1
e 23 26 2
e 23 40 1
e 24 26 1
e 24 41 1
e 25 27 1
e 25 28 2
e 27 29 2
e 28 30 1
e 28 43 1
e 29 31 1
e 29 44 1
e 30 31 2
e 30 45 1
e 31 46 1
e 32 47 1
e 32 48 1
e 32 49 1
e 33 50 1
e 33 51 1
e 33 52 1
t # 6366
v 0 27
v 1 11
v 2 1
v 3 1
v 4 1
v 5 2
v 6 2
v 7 2
v 8 2
v 9 3
v 10 3
v 11 3
v 12 3
v 13 3
v 14 3
v 15 3
v 16 3
v 17 3
v 18 3
v 19 3
v 20 3
v 21 3
v 22 3
v 23 3
v 24 3
v 25 3
v 26 3
v 27 3
v 28 3
v 29 3
v 30 3
v 31 3
v 32 4
v 33 4
v 34 4
v 35 4
v 36 4
v 37 4
v 38 4
v 39 4
v 40 4
v 41 4
v 42 4
v 43 4
v 44 4
v 45 4
v 46 4
v 47 4
v 48 4
e 2 12 2
e 3 14 2
e 4 26 1
e 4 31 1
e 5 9 1
e 5 10 1
e 5 12 1
e 6 9 1
e 6 11 1
e 6 14 1
e 7 8 1
e 7 13 2
e 8 23 1
e 8 40 1
e 10 15 2
e 10 16 1
e 11 17 2
e 11 18 1
e 12 13 1
e 13 14 1
e 15 19 1
e 15 32 1
e 16 20 2
e 16 33 1
e 17 21 1
e 17 34 1
e 18 22 2
e 18 35 1
e 19 24 2
e 19 36 1
e 20 24 1
e 20 37 1
e 21 25 2
e 21 38 1
e 22 25 1
e 22 39 1
e 23 26 1
e 23 27 2
e 25 41 1
e 26 28 2
e 27 29 1
e 27 42 1
e 28 30 1
e 28 43 1
e 29 30 2
e 29 44 1
e 30 45 1
e 31 46 1
e 31 47 1
e 31 48 1
t # 6367
v 0 11
v 1 11
v 2 11
v 3 11
v 4 3
v 5 3
v 6 3
v 7 3
v 8 3
v 9 3
v 10 3
v 11 3
v 12 3
v 13 3
v 14 3
v 15 3
v 16 3
v 17 3
v 18 3
v 19 3
v 20 4
v 21 4
v 22 4
v 23 4
v 24 4
v 25 4
v 26 4
v 27 4
v 28 4
v 29 4
v 30 4
v 31 4
v 32 4
v 33 4
e 0 8 1
e 1 9 1
e 4 5 2
e 4 6 1
e 4 8 1
e 5 7 1
e 5 9 1
e 6 10 2
e 6 12 1
e 7 11 2
e 7 13 1
e 8 20 1
e 8 21 1
e 9 22 1
e 9 23 1
e 10 14 1
e 10 24 1
e 11 15 1
e 11 25 1
e 12 16 2
e 12 26 1
e 13 17 2
e 13 27 1
e 14 18 2
e 14 28 1
e 15 19 2
e 15 29 1
e 16 18 1
e 16 30 1
e 17 19 1
e 17 31 1
e 18 32 1
e 19 33 1
t # 6368
v 0 1
v 1 1
v 2 1
v 3 1
v 4 1
v 5 1
v 6 3
v 7 3
v 8 3
v 9 3
v 10 3
v 11 3
v 12 3
v 13 3
v 14 3
v 15 3
v 16 3
v 17 3
v 18 3
v 19 3
v 20 3
v 21 3
v 22 3
v 23 3
v 24 3
v 25 3
v 26 3
v 27 3
v 28 3
v 29 4
v 30 4
v 31 4
v 32 4
v 33 4
v 34 4
v 35 4
v 36 4
v 37 4
v 38 4
v 39 4
v 40 4
v 41 4
v 42 4
v 43 4
v 44 4
v 45 4
v 46 4
v 47 4
v 48 4
v 49 4
v 50 4
v 51 4
v 52 4
v 53 4
v 54 4
v 55 4
v 56 4
v 57 4
v 58 4
e 0 8 1
e 0 9 1
e 1 6 1
e 1 41 1
e 2 7 1
e 2 42 1
e 3 22 1
e 3 27 1
e 4 24 1
e 4 28 1
e 5 27 2
e 6 7 1
e 6 9 1
e 6 10 1
e 7 8 1
e 7 29 1
e 8 11 1
e 8 13 1
e 9 12 1
e 9 30 1
e 10 31 1
e 10 32 1
e 10 33 1
e 11 34 1
e 11 35 1
e 11 36 1
e 12 37 1
e 12 38 1
e 12 39 1
e 13 14 2
e 13 40 1
e 14 15 1
e 14 16 1
e 15 43 1
e 15 44 1
e 15 45 1
e 16 17 2
e 16 46 1
e 17 18 1
e 17 47 1
e 18 19 2
e 18 48 1
e 19 20 1
e 19 49 1
e 20 21 2
e 20 50 1
e 21 22 1
e 21 51 1
e 22 23 2
e 23 24 1
e 23 25 1
e 24 26 2
e 25 52 1
e 25 53 1
e 25 54 1
e 26 27 1
e 26 55 1
e 28 56 1
e 28 57 1
e 28 58 1
t # 6369
v 0 1
v 1 1
v 2 1
v 3 1
v 4 1
v 5 1
v 6 2
v 7 2
v 8 3
v 9 3
v 10 3
v 11 3
v 12 3
v 13 3
v 14 3
v 15 3
v 16 3
v 17 3
v 18 3
v 19 3
v 20 3
v 21 4
v 22 4
v 23 4
v 24 4
v 25 4
v 26 4
v 27 4
v 28 4
v 29 4
v 30 4
v 31 4
v 32 4
v 33 4
v 34 4
e 4 20 1
e 4 34 1
e 5 20 2
e 6 13 1
e 7 12 1
e 8 11 1
e 8 12 2
e 8 14 1
e 9 10 2
e 9 13 1
e 9 15 1
e 10 12 1
e 10 16 1
e 11 13 2
e 11 17 1
e 14 21 1
e 14 22 1
e 14 23 1
e 15 24 1
e 15 25 1
e 15 26 1
e 16 27 1
e 16 28 1
e 16 29 1
e 17 18 2
e 17 30 1
e 18 19 1
e 18 20 1
e 19 31 1
e 19 32 1
e 19 33 1
t # 6370
v 0 1
v 1 1
v 2 1
v 3 3
v 4 3
v 5 3
v 6 3
v 7 3
v 8 3
v 9 3
v 10 3
v 11 3
v 12 3
v 13 3
v 14 3
v 15 3
v 16 3
v 17 3
v 18 3
v 19 3
v 20 3
v 21 3
v 22 4
v 23 4
v 24 4
v 25 4
v 26 4
v 27 4
v 28 4
v 29 4
v 30 4
v 31 4
v 32 4
v 33 4
v 34 4
v 35 4
v 36 4
v 37 4
v 38 4
v 39 4
v 40 4
v 41 4
e 0 10 1
e 0 17 1
e 1 8 1
e 1 38 1
e 2 17 2
e 3 4 1
e 3 5 1
e 3 22 1
e 3 23 1
e 4 6 1
e 4 24 1
e 4 25 1
e 5 8 2
e 5 12 1
e 6 11 1
e 6 26 1
e 6 27 1
e 7 8 1
e 7 9 1
e 7 10 2
e 9 13 2
e 9 15 1
e 10 14 1
e 11 19 1
e 11 28 1
e 11 29 1
e 12 14 2
e 12 30 1
e 13 17 1
e 13 18 1
e 14 31 1
e 15 16 2
e 15 32 1
e 16 20 1
e 16 21 1
e 18 20 2
e 18 33 1
e 19 34 1
e 19 35 1
e 19 36 1
e 20 37 1
e 21 39 1
e 21 40 1
e 21 41 1
t # 6371
v 0 18
v 1 18
v 2 18
v 3 18
v 4 1
v 5 1
v 6 2
v 7 2
v 8 3
v 9 3
v 10 3
v 11 3
v 12 3
v 13 3
v 14 3
v 15 3
v 16 3
v 17 3
v 18 3
v 19 3
v 20 3
v 21 3
v 22 4
v 23 4
v 24 4
v 25 4
v 26 4
v 27 4
v 28 4
v 29 4
e 4 12 2
e 5 14 2
e 6 7 1
e 6 10 1
e 6 26 1
e 7 11 1
e 7 27 1
e 8 10 2
e 8 12 1
e 8 13 1
e 9 11 2
e 9 14 1
e 9 15 1
e 10 22 1
e 11 23 1
e 12 16 1
e 13 17 2
e 13 24 1
e 14 18 1
e 15 19 2
e 15 25 1
e 16 20 2
e 17 20 1
e 18 21 2
e 19 21 1
e 20 28 1
e 21 29 1
t # 6372
v 0 1
v 1 3
v 2 3
v 3 3
v 4 3
v 5 3
v 6 3
v 7 3
v 8 3
v 9 3
v 10 3
v 11 3
v 12 4
v 13 4
v 14 4
v 15 4
v 16 4
v 17 4
v 18 4
v 19 4
v 20 4
v 21 4
v 22 4
v 23 4
v 24 4
v 25 4
e 0 5 1
e 0 11 1
e 1 3 2
e 1 4 1
e 1 7 1
e 2 6 1
e 2 10 1
e 2 12 1
e 2 13 1
e 3 5 1
e 3 14 1
e 4 6 2
e 4 15 1
e 5 8 2
e 6 16 1
e 7 9 2
e 7 17 1
e 8 9 1
e 8 18 1
e 9 19 1
e 10 20 1
e 10 21 1
e 10 22 1
e 11 23 1
e 11 24 1
e 11 25 1
t # 6373
v 0 1
v 1 1
v 2 1
v 3 2
v 4 2
v 5 3
v 6 3
v 7 3
v 8 3
v 9 3
v 10 3
v 11 3
v 12 3
v 13 3
v 14 3
v 15 3
v 16 3
v 17 3
v 18 4
v 19 4
v 20 4
v 21 4
v 22 4
v 23 4
v 24 4
v 25 4
v 26 4
v 27 4
e 0 13 2
e 3 5 1
e 3 10 1
e 3 19 1
e 4 8 1
e 5 6 2
e 5 9 1
e 6 8 1
e 6 18 1
e 7 10 2
e 7 13 1
e 7 14 1
e 8 11 2
e 9 12 2
e 9 20 1
e 10 21 1
e 11 12 1
e 11 22 1
e 12 23 1
e 13 15 1
e 14 16 2
e 14 24 1
e 15 17 2
e 15 25 1
e 16 17 1
e 16 26 1
e 17 27 1
t # 6374
v 0 2
v 1 3
v 2 3
v 3 3
v 4 3
v 5 3
v 6 3
v 7 3
v 8 3
v 9 3
v 10 3
v 11 3
v 12 3
v 13 3
v 14 3
v 15 3
v 16 3
v 17 3
v 18 4
v 19 4
v 20 4
v 21 4
v 22 4
v 23 4
v 24 4
v 25 4
v 26 4
v 27 4
v 28 4
v 29 4
v 30 4
v 31 4
v 32 4
v 33 4
v 34 4
v 35 4
v 36 4
e 0 3 1
e 0 12 1
e 0 13 1
e 1 2 1
e 1 5 2
e 1 6 1
e 2 4 1
e 2 9 2
e 3 7 2
e 3 8 1
e 4 10 2
e 4 11 1
e 5 7 1
e 5 18 1
e 6 8 2
e 6 19 1
e 7 20 1
e 8 21 1
e 9 16 1
e 9 22 1
e 10 14 1
e 10 23 1
e 11 15 2
e 11 24 1
e 12 25 1
e 12 26 1
e 12 27 1
e 13 28 1
e 13 29 1
e 13 30 1
e 14 17 2
e 14 31 1
e 15 17 1
e 15 32 1
e 16 33 1
e 16 34 1
e 16 35 1
e 17 36 1
t # 6375
v 0 34
v 1 11
v 2 11
v 3 1
v 4 1
v 5 1
v 6 1
v 7 1
v 8 1
v 9 1
v 10 1
v 11 1
v 12 1
v 13 1
v 14 1
v 15 1
v 16 2
v 17 2
v 18 2
v 19 2
v 20 3
v 21 3
v 22 3
v 23 3
v 24 3
v 25 3
v 26 3
v 27 3
v 28 3
v 29 3
v 30 3
v 31 3
v 32 3
v 33 3
v 34 3
v 35 3
v 36 3
v 37 3
v 38 3
v 39 3
v 40 3
v 41 3
v 42 3
v 43 4
v 44 4
v 45 4
v 46 4
v 47 4
v 48 4
v 49 4
v 50 4
v 51 4
v 52 4
v 53 4
v 54 4
v 55 4
v 56 4
v 57 4
v 58 4
v 59 4
e 1 6 2
e 1 7 2
e 1 23 1
e 2 8 2
e 2 9 2
e 2 25 1
e 3 27 2
e 4 48 1
e 5 49 1
e 10 30 2
e 11 58 1
e 12 59 1
e 16 22 1
e 16 30 1
e 16 46 1
e 17 18 1
e 17 28 2
e 18 32 1
e 18 47 1
e 19 42 1
e 20 21 2
e 20 22 1
e 20 27 1
e 21 24 1
e 21 26 1
e 22 29 2
e 23 24 2
e 23 28 1
e 24 43 1
e 25 26 2
e 25 29 1
e 26 44 1
e 27 28 1
e 29 45 1
e 30 31 1
e 31 36 2
e 31 37 1
e 32 34 2
e 32 35 1
e 33 38 2
e 33 39 1
e 34 38 1
e 34 50 1
e 35 39 2
e 35 51 1
e 36 40 1
e 36 52 1
e 37 41 2
e 37 53 1
e 38 54 1
e 39 55 1
e 40 42 2
e 40 56 1
e 41 42 1
e 41 57 1
t # 6376
v 0 18
v 1 11
v 2 1
v 3 1
v 4 2
v 5 3
v 6 3
v 7 3
v 8 3
v 9 3
v 10 3
v 11 3
v 12 3
v 13 3
v 14 3
v 15 3
v 16 4
v 17 4
v 18 4
v 19 4
v 20 4
v 21 4
v 22 4
v 23 4
v 24 4
v 25 4
v 26 4
v 27 4
e 1 9 1
e 2 7 1
e 2 8 1
e 3 12 2
e 4 5 1
e 4 6 1
e 4 9 1
e 5 7 1
e 5 16 1
e 5 17 1
e 6 8 1
e 6 18 1
e 6 19 1
e 7 20 1
e 7 21 1
e 8 22 1
e 8 23 1
e 9 10 2
e 10 11 1
e 10 12 1
e 11 13 2
e 11 24 1
e 12 14 1
e 13 15 1
e 14 15 2
e 14 26 1
e 15 27 1
t # 6377
v 0 1
v 1 1
v 2 1
v 3 2
v 4 3
v 5 3
v 6 3
v 7 3
v 8 3
v 9 3
v 10 3
v 11 3
v 12 3
v 13 3
v 14 3
v 15 3
v 16 3
v 17 3
v 18 4
v 19 4
v 20 4
v 21 4
v 22 4
v 23 4
v 24 4
v 25 4
v 26 4
v 27 4
v 28 4
v 29 4
v 30 4
v 31 4
v 32 4
v 33 4
v 34 4
v 35 4
v 36 4
v 37 4
v 38 4
v 39 4
v 40 4
e 0 10 2
e 1 12 1
e 1 16 1
e 2 13 2
e 3 4 1
e 3 10 1
e 3 29 1
e 4 5 1
e 4 6 1
e 4 18 1
e 5 7 1
e 5 19 1
e 5 20 1
e 6 8 1
e 6 21 1
e 6 22 1
e 7 9 1
e 7 23 1
e 7 24 1
e 8 9 1
e 8 25 1
e 8 26 1
e 9 27 1
e 9 28 1
e 10 11 1
e 11 12 2
e 11 13 1
e 12 14 1
e 13 15 1
e 14 30 1
e 14 31 1
e 14 32 1
e 15 33 1
e 15 34 1
e 15 35 1
e 16 17 1
e 16 36 1
e 16 37 1
e 17 38 1
e 17 39 1
e 17 40 1
t # 6378
v 0 1
v 1 1
v 2 1
v 3 1
v 4 1
v 5 3
v 6 3
v 7 3
v 8 3
v 9 3
v 10 3
v 11 3
v 12 3
v 13 3
v 14 3
v 15 3
v 16 3
v 17 3
v 18 3
v 19 3
v 20 3
v 21 3
v 22 3
v 23 4
v 24 4
v 25 4
v 26 4
v 27 4
v 28 4
v 29 4
v 30 4
v 31 4
v 32 4
v 33 4
v 34 4
v 35 4
v 36 4
v 37 4
v 38 4
e 0 5 1
e 0 11 1
e 1 6 1
e 1 11 1
e 2 16 1
e 2 21 1
e 3 19 1
e 3 22 1
e 4 13 2
e 5 6 2
e 5 8 1
e 6 9 1
e 7 8 2
e 7 10 1
e 7 13 1
e 8 23 1
e 9 10 2
e 9 24 1
e 10 25 1
e 11 26 1
e 11 27 1
e 12 14 2
e 12 15 1
e 12 18 1
e 13 17 1
e 14 16 1
e 14 28 1
e 15 17 2
e 15 29 1
e 16 19 2
e 17 30 1
e 18 20 2
e 18 31 1
e 19 20 1
e 20 32 1
e 21 33 1
e 21 34 1
e 21 35 1
e 22 36 1
e 22 37 1
e 22 38 1
t # 6379
v 0 1
v 1 1
v 2 1
v 3 1
v 4 1
v 5 1
v 6 1
v 7 1
v 8 1
v 9 1
v 10 1
v 11 1
v 12 1
v 13 2
v 14 3
v 15 3
v 16 3
v 17 3
v 18 3
v 19 3
v 20 3
v 21 3
v 22 3
v 23 3
v 24 3
v 25 3
v 26 3
v 27 3
v 28 3
v 29 3
v 30 3
v 31 3
v 32 3
v 33 3
v 34 3
v 35 3
v 36 3
v 37 3
v 38 3
v 39 3
v 40 3
v 41 3
v 42 3
v 43 3
v 44 3
v 45 3
v 46 3
v 47 3
v 48 3
v 49 3
v 50 3
v 51 3
v 52 3
v 53 3
v 54 4
v 55 4
v 56 4
v 57 4
v 58 4
v 59 4
v 60 4
v 61 4
v 62 4
v 63 4
v 64 4
v 65 4
v 66 4
v 67 4
v 68 4
v 69 4
v 70 4
v 71 4
v 72 4
v 73 4
v 74 4
v 75 4
v 76 4
v 77 4
v 78 4
v 79 4
v 80 4
v 81 4
v 82 4
v 83 4
v 84 4
v 85 4
v 86 4
v 87 4
v 88 4
v 89 4
v 90 4
v 91 4
v 92 4
v 93 4
v 94 4
v 95 4
v 96 4
v 97 4
v 98 4
v 99 4
v 100 4
v 101 4
v 102 4
v 103 4
v 104 4
e 0 15 1
e 0 69 1
e 1 17 1
e 1 70 1
e 2 19 1
e 2 78 1
e 3 20 1
e 3 79 1
e 4 25 1
e 4 35 1
e 5 25 2
e 6 31 1
e 6 43 1
e 7 37 1
e 7 43 1
e 8 41 1
e 8 52 1
e 9 42 1
e 9 101 1
e 10 45 2
e 11 49 2
e 12 52 2
e 13 46 1
e 13 49 1
e 13 94 1
e 14 15 1
e 14 17 1
e 14 25 1
e 14 54 1
e 15 16 1
e 15 55 1
e 16 19 1
e 16 22 1
e 16 56 1
e 17 18 1
e 17 57 1
e 18 20 1
e 18 24 1
e 18 58 1
e 19 21 1
e 19 59 1
e 20 23 1
e 20 60 1
e 21 26 1
e 21 27 1
e 21 61 1
e 22 62 1
e 22 63 1
e 22 64 1
e 23 28 1
e 23 29 1
e 23 65 1
e 24 66 1
e 24 67 1
e 24 68 1
e 26 71 1
e 26 72 1
e 26 73 1
e 27 30 2
e 27 74 1
e 28 75 1
e 28 76 1
e 28 77 1
e 29 32 2
e 29 80 1
e 30 31 1
e 30 33 1
e 31 34 2
e 32 39 1
e 32 81 1
e 33 82 1
e 33 83 1
e 33 84 1
e 34 36 1
e 34 37 1
e 35 85 1
e 35 86 1
e 35 87 1
e 36 38 1
e 36 41 2
e 37 40 2
e 38 42 2
e 38 45 1
e 39 47 2
e 39 88 1
e 40 42 1
e 40 48 1
e 41 44 1
e 43 89 1
e 43 90 1
e 44 46 2
e 44 50 1
e 45 46 1
e 47 49 1
e 47 51 1
e 48 91 1
e 48 92 1
e 48 93 1
e 50 95 1
e 50 96 1
e 50 97 1
e 51 98 1
e 51 99 1
e 51 100 1
e 52 53 1
e 53 102 1
e 53 103 1
e 53 104 1
t # 6380
v 0 1
v 1 1
v 2 1
v 3 1
v 4 1
v 5 1
v 6 1
v 7 1
v 8 1
v 9 1
v 10 1
v 11 1
v 12 1
v 13 1
v 14 1
v 15 2
v 16 3
v 17 3
v 18 3
v 19 3
v 20 3
v 21 3
v 22 3
v 23 3
v 24 3
v 25 3
v 26 3
v 27 3
v 28 3
v 29 3
v 30 3
v 31 3
v 32 3
v 33 3
v 34 3
v 35 3
v 36 3
v 37 3
v 38 3
v 39 3
v 40 3
v 41 3
v 42 3
v 43 3
v 44 3
v 45 3
v 46 3
v 47 3
v 48 3
v 49 3
v 50 3
v 51 3
v 52 3
v 53 3
v 54 3
v 55 3
v 56 3
v 57 3
v 58 4
v 59 4
v 60 4
v 61 4
v 62 4
v 63 4
v 64 4
v 65 4
v 66 4
v 67 4
v 68 4
v 69 4
v 70 4
v 71 4
v 72 4
v 73 4
v 74 4
v 75 4
v 76 4
v 77 4
v 78 4
v 79 4
v 80 4
v 81 4
v 82 4
v 83 4
v 84 4
v 85 4
v 86 4
v 87 4
v 88 4
v 89 4
v 90 4
v 91 4
v 92 4
v 93 4
v 94 4
v 95 4
v 96 4
v 97 4
v 98 4
v 99 4
v 100 4
v 101 4
v 102 4
v 103 4
v 104 4
v 105 4
v 106 4
v 107 4
v 108 4
v 109 4
v 110 4
e 17 0 1
e 0 33 1
e 19 1 1
e 1 75 1
e 21 2 1
e 2 77 1
e 22 3 1
e 3 81 1
e 23 4 1
e 4 83 1
e 5 27 1
e 5 38 1
e 6 27 2
e 7 34 1
e 7 45 1
e 8 33 2
e 9 41 1
e 9 45 1
e 10 46 1
e 10 56 1
e 11 47 1
e 11 107 1
e 12 49 2
e 13 53 2
e 14 56 2
e 15 50 1
e 15 53 1
e 15 100 1
e 16 17 1
e 16 19 1
e 16 27 1
e 16 58 1
e 17 18 1
e 17 59 1
e 18 21 1
e 18 24 1
e 18 60 1
e 19 20 1
e 19 61 1
e 20 22 1
e 20 26 1
e 20 62 1
e 21 23 1
e 21 63 1
e 22 25 1
e 22 64 1
e 23 28 1
e 23 29 1
e 24 65 1
e 24 66 1
e 24 67 1
e 25 30 1
e 25 31 1
e 25 68 1
e 26 69 1
e 26 70 1
e 26 71 1
e 28 72 1
e 28 73 1
e 28 74 1
e 29 32 2
e 29 76 1
e 30 78 1
e 30 79 1
e 30 80 1
e 31 35 2
e 31 82 1
e 32 34 1
e 32 36 1
e 33 37 1
e 34 39 2
e 35 42 1
e 35 84 1
e 36 85 1
e 36 86 1
e 36 87 1
e 37 88 1
e 37 89 1
e 37 90 1
e 38 91 1
e 38 92 1
e 38 93 1
e 39 40 1
e 39 41 1
e 40 43 1
e 40 46 2
e 41 44 2
e 42 51 2
e 42 94 1
e 43 47 2
e 43 49 1
e 44 47 1
e 44 52 1
e 45 95 1
e 45 96 1
e 46 48 1
e 48 50 2
e 48 54 1
e 49 50 1
e 51 53 1
e 51 55 1
e 52 97 1
e 52 98 1
e 52 99 1
e 54 101 1
e 54 102 1
e 54 103 1
e 55 104 1
e 55 105 1
e 55 106 1
e 56 57 1
e 57 108 1
e 57 109 1
e 57 110 1
t # 6381
v 0 18
v 1 18
v 2 3
v 3 3
v 4 3
v 5 3
v 6 3
v 7 3
v 8 3
v 9 3
v 10 3
v 11 3
v 12 3
v 13 4
v 14 4
v 15 4
v 16 4
v 17 4
v 18 4
v 19 4
v 20 4
v 21 4
v 22 4
v 23 4
v 24 4
v 25 4
v 26 4
v 27 4
v 28 4
e 2 3 1
e 2 4 1
e 2 5 1
e 2 13 1
e 3 4 1
e 3 6 1
e 3 14 1
e 5 7 1
e 5 15 1
e 5 16 1
e 6 8 1
e 6 17 1
e 6 18 1
e 7 9 1
e 7 19 1
e 7 20 1
e 8 11 1
e 8 21 1
e 8 22 1
e 9 10 1
e 9 23 1
e 9 24 1
e 10 12 1
e 10 25 1
e 10 26 1
e 11 12 2
e 11 27 1
e 12 28 1
t # 6382
v 0 2
v 1 3
v 2 3
v 3 3
v 4 3
v 5 3
v 6 3
v 7 3
v 8 3
v 9 3
v 10 3
v 11 3
v 12 3
v 13 3
v 14 3
v 15 3
v 16 3
v 17 4
v 18 4
v 19 4
v 20 4
v 21 4
v 22 4
v 23 4
v 24 4
v 25 4
v 26 4
v 27 4
v 28 4
v 29 4
v 30 4
v 31 4
e 0 2 2
e 0 4 1
e 1 3 1
e 1 6 2
e 1 7 1
e 2 5 1
e 2 10 1
e 3 5 2
e 3 17 1
e 4 8 2
e 4 9 1
e 5 18 1
e 6 11 1
e 6 19 1
e 7 12 2
e 7 20 1
e 8 14 1
e 8 21 1
e 9 15 2
e 9 22 1
e 10 23 1
e 10 24 1
e 10 25 1
e 11 13 2
e 11 26 1
e 12 13 1
e 12 27 1
e 13 28 1
e 14 16 2
e 14 29 1
e 15 16 1
e 15 30 1
e 16 31 1
t # 6383
v 0 1
v 1 3
v 2 3
v 3 3
v 4 3
v 5 3
v 6 3
v 7 3
v 8 3
v 9 3
v 10 3
v 11 3
v 12 3
v 13 3
v 14 3
v 15 3
v 16 3
v 17 3
v 18 4
v 19 4
v 20 4
v 21 4
v 22 4
v 23 4
v 24 4
v 25 4
v 26 4
v 27 4
v 28 4
v 29 4
v 30 4
v 31 4
v 32 4
v 33 4
v 34 4
v 35 4
v 36 4
v 37 4
e 0 9 2
e 1 2 1
e 1 3 1
e 1 5 1
e 1 18 1
e 2 4 1
e 2 9 1
e 2 19 1
e 3 6 1
e 3 20 1
e 3 21 1
e 4 7 1
e 4 22 1
e 4 23 1
e 5 8 1
e 5 24 1
e 5 25 1
e 6 7 1
e 6 26 1
e 6 27 1
e 7 28 1
e 7 29 1
e 8 10 1
e 8 30 1
e 8 31 1
e 9 10 1
e 10 11 2
e 11 12 1
e 11 32 1
e 12 13 2
e 12 14 1
e 13 15 1
e 13 33 1
e 14 16 2
e 14 34 1
e 15 17 2
e 15 35 1
e 16 17 1
e 16 36 1
e 17 37 1
t # 6384
v 0 12
v 1 11
v 2 1
v 3 1
v 4 2
v 5 2
v 6 2
v 7 2
v 8 3
v 9 3
v 10 3
v 11 3
v 12 3
v 13 3
v 14 3
v 15 3
v 16 3
v 17 3
v 18 3
v 19 3
v 20 3
v 21 3
v 22 3
v 23 3
v 24 3
v 25 3
v 26 3
v 27 3
v 28 3
v 29 3
v 30 3
v 31 4
v 32 4
v 33 4
v 34 4
v 35 4
v 36 4
v 37 4
v 38 4
v 39 4
v 40 4
v 41 4
v 42 4
v 43 4
v 44 4
v 45 4
v 46 4
v 47 4
e 0 26 1
e 2 10 2
e 3 13 2
e 4 8 1
e 4 9 1
e 4 10 1
e 5 9 1
e 5 11 1
e 5 13 1
e 6 7 1
e 6 12 2
e 7 25 1
e 7 43 1
e 8 14 2
e 8 15 1
e 10 12 1
e 11 19 2
e 11 20 1
e 12 13 1
e 14 17 1
e 14 31 1
e 15 18 2
e 15 32 1
e 16 17 2
e 16 18 1
e 16 23 1
e 17 33 1
e 18 34 1
e 19 21 1
e 19 35 1
e 20 22 2
e 20 36 1
e 21 24 2
e 21 37 1
e 22 24 1
e 22 38 1
e 23 39 1
e 23 40 1
e 23 41 1
e 24 42 1
e 25 26 1
e 25 27 2
e 26 28 2
e 27 29 1
e 27 44 1
e 28 30 1
e 28 45 1
e 29 30 2
e 29 46 1
e 30 47 1
t # 6385
v 0 12
v 1 11
v 2 1
v 3 1
v 4 1
v 5 1
v 6 2
v 7 2
v 8 2
v 9 2
v 10 3
v 11 3
v 12 3
v 13 3
v 14 3
v 15 3
v 16 3
v 17 3
v 18 3
v 19 3
v 20 3
v 21 3
v 22 3
v 23 3
v 24 3
v 25 3
v 26 3
v 27 3
v 28 3
v 29 3
v 30 3
v 31 3
v 32 3
v 33 3
v 34 4
v 35 4
v 36 4
v 37 4
v 38 4
v 39 4
v 40 4
v 41 4
v 42 4
v 43 4
v 44 4
v 45 4
v 46 4
v 47 4
v 48 4
v 49 4
v 50 4
v 51 4
v 52 4
e 0 28 1
e 2 16 1
e 2 27 1
e 3 13 2
e 4 14 2
e 5 24 1
e 5 32 1
e 6 10 1
e 6 11 1
e 6 13 1
e 7 10 1
e 7 12 1
e 7 14 1
e 8 9 1
e 8 15 2
e 9 26 1
e 9 42 1
e 11 16 1
e 11 17 2
e 12 18 2
e 12 19 1
e 13 15 1
e 14 15 1
e 16 20 2
e 17 23 1
e 17 34 1
e 18 21 1
e 18 35 1
e 19 22 2
e 19 36 1
e 20 25 1
e 20 37 1
e 21 24 2
e 21 38 1
e 22 24 1
e 22 39 1
e 23 25 2
e 23 40 1
e 25 41 1
e 26 28 1
e 26 29 2
e 27 43 1
e 27 44 1
e 27 45 1
e 28 30 2
e 29 31 1
e 29 46 1
e 30 33 1
e 30 47 1
e 31 33 2
e 31 48 1
e 32 50 1
e 32 51 1
e 32 52 1
e 33 49 1
t # 6386
v 0 12
v 1 1
v 2 1
v 3 1
v 4 2
v 5 3
v 6 3
v 7 3
v 8 3
v 9 3
v 10 3
v 11 3
v 12 3
v 13 3
v 14 3
v 15 3
v 16 3
v 17 3
v 18 3
v 19 3
v 20 4
v 21 4
v 22 4
v 23 4
v 24 4
v 25 4
v 26 4
v 27 4
v 28 4
v 29 4
v 30 4
v 31 4
e 0 16 1
e 1 15 1
e 1 19 1
e 2 14 2
e 3 15 2
e 4 5 1
e 4 9 1
e 4 20 1
e 5 6 1
e 5 8 2
e 6 10 2
e 6 15 1
e 7 9 2
e 7 13 1
e 7 14 1
e 8 11 1
e 8 21 1
e 9 22 1
e 10 12 1
e 10 23 1
e 11 12 2
e 11 24 1
e 12 25 1
e 13 16 2
e 13 26 1
e 14 17 1
e 16 18 1
e 17 18 2
e 17 27 1
e 18 28 1
e 19 29 1
e 19 30 1
e 19 31 1
t # 6387
v 0 1
v 1 2
v 2 2
v 3 2
v 4 3
v 5 3
v 6 3
v 7 3
v 8 3
v 9 3
v 10 3
v 11 3
v 12 3
v 13 3
v 14 3
v 15 4
v 16 4
v 17 4
v 18 4
v 19 4
v 20 4
v 21 4
v 22 4
v 23 4
e 1 4 1
e 1 9 1
e 1 15 1
e 2 6 1
e 2 14 2
e 3 5 1
e 4 5 2
e 4 7 1
e 5 6 1
e 6 8 2
e 7 10 2
e 7 16 1
e 8 12 1
e 8 17 1
e 9 11 2
e 9 18 1
e 10 11 1
e 10 19 1
e 11 20 1
e 12 13 2
e 12 21 1
e 13 14 1
e 13 22 1
e 14 23 1
t # 6388
v 0 1
v 1 1
v 2 1
v 3 1
v 4 1
v 5 1
v 6 1
v 7 2
v 8 2
v 9 2
v 10 2
v 11 2
v 12 3
v 13 3
v 14 3
v 15 3
v 16 3
v 17 3
v 18 3
v 19 3
v 20 3
v 21 3
v 22 3
v 23 3
v 24 3
v 25 3
v 26 3
v 27 3
v 28 3
v 29 3
v 30 3
v 31 3
v 32 3
v 33 3
v 34 3
v 35 3
v 36 3
v 37 3
v 38 3
v 39 4
v 40 4
v 41 4
v 42 4
v 43 4
v 44 4
v 45 4
v 46 4
v 47 4
v 48 4
v 49 4
v 50 4
v 51 4
v 52 4
v 53 4
v 54 4
v 55 4
v 56 4
v 57 4
e 0 31 1
e 0 57 1
e 7 16 1
e 7 27 2
e 8 29 1
e 9 30 1
e 10 32 1
e 12 13 1
e 12 14 1
e 12 15 2
e 13 16 1
e 13 39 1
e 13 40 1
e 14 17 2
e 14 18 1
e 15 19 1
e 15 41 1
e 16 22 2
e 17 20 1
e 17 42 1
e 18 21 2
e 18 43 1
e 19 20 2
e 19 44 1
e 20 45 1
e 21 23 1
e 21 38 1
e 22 24 1
e 22 46 1
e 23 25 2
e 23 26 1
e 24 28 2
e 24 47 1
e 25 35 1
e 25 48 1
e 26 36 2
e 26 49 1
e 27 28 1
e 27 50 1
e 28 51 1
e 29 31 2
e 29 33 1
e 30 31 1
e 30 34 2
e 32 33 2
e 32 34 1
e 33 52 1
e 34 53 1
e 35 37 2
e 35 54 1
e 36 37 1
e 36 55 1
e 37 56 1
t # 6389
v 0 11
v 1 11
v 2 1
v 3 1
v 4 1
v 5 2
v 6 3
v 7 3
v 8 3
v 9 3
v 10 3
v 11 3
v 12 3
v 13 3
v 14 3
v 15 3
v 16 4
v 17 4
v 18 4
v 19 4
v 20 4
v 21 4
v 22 4
v 23 4
v 24 4
e 0 8 1
e 0 9 1
e 2 6 1
e 2 14 1
e 3 11 1
e 3 13 1
e 4 7 2
e 5 6 1
e 5 7 1
e 5 9 1
e 6 10 2
e 7 8 1
e 8 11 2
e 10 12 1
e 10 16 1
e 11 17 1
e 12 14 2
e 12 20 1
e 13 15 1
e 13 18 1
e 13 19 1
e 14 21 1
e 15 22 1
e 15 23 1
e 15 24 1
t # 6390
v 0 11
v 1 1
v 2 1
v 3 1
v 4 2
v 5 3
v 6 3
v 7 3
v 8 3
v 9 3
v 10 3
v 11 3
v 12 4
v 13 4
v 14 4
v 15 4
v 16 4
v 17 4
v 18 4
v 19 4
v 20 4
e 0 5 1
e 0 6 1
e 1 9 1
e 1 10 1
e 2 7 2
e 3 10 2
e 4 6 1
e 4 7 1
e 4 14 1
e 5 7 1
e 5 12 1
e 5 13 1
e 6 8 2
e 8 10 1
e 8 15 1
e 9 11 1
e 9 16 1
e 9 17 1
e 11 18 1
e 11 19 1
e 11 20 1
t # 6391
v 0 11
v 1 1
v 2 1
v 3 1
v 4 2
v 5 2
v 6 2
v 7 2
v 8 2
v 9 3
v 10 3
v 11 3
v 12 3
v 13 3
v 14 3
v 15 3
v 16 4
v 17 4
v 18 4
v 19 4
v 20 4
v 21 4
v 22 4
v 23 4
v 24 4
e 1 9 2
e 2 11 2
e 3 12 2
e 4 9 1
e 4 11 1
e 4 13 1
e 5 9 1
e 5 12 1
e 5 14 1
e 6 7 1
e 6 10 2
e 7 15 1
e 7 22 1
e 8 15 1
e 8 23 1
e 8 24 1
e 10 11 1
e 10 12 1
e 13 16 1
e 13 17 1
e 13 18 1
e 14 19 1
e 14 20 1
e 14 21 1
t # 6392
v 0 1
v 1 1
v 2 2
v 3 2
v 4 2
v 5 3
v 6 3
v 7 3
v 8 3
v 9 3
v 10 3
v 11 4
v 12 4
v 13 4
v 14 4
v 15 4
v 16 4
v 17 4
e 2 5 1
e 2 8 1
e 2 12 1
e 3 6 2
e 3 9 1
e 4 7 1
e 5 6 1
e 5 7 2
e 6 11 1
e 7 10 1
e 8 9 2
e 8 13 1
e 9 14 1
e 10 15 1
e 10 16 1
e 10 17 1
t # 6393
v 0 1
v 1 1
v 2 1
v 3 1
v 4 2
v 5 2
v 6 2
v 7 2
v 8 2
v 9 2
v 10 3
v 11 3
v 12 3
v 13 3
v 14 3
v 15 3
v 16 3
v 17 3
v 18 3
v 19 3
v 20 3
v 21 3
v 22 3
v 23 3
v 24 3
v 25 4
v 26 4
v 27 4
v 28 4
v 29 4
v 30 4
v 31 4
v 32 4
v 33 4
v 34 4
e 0 13 2
e 1 19 2
e 2 24 1
e 2 34 1
e 3 24 2
e 4 10 1
e 4 13 1
e 4 14 1
e 5 11 1
e 5 16 2
e 6 12 1
e 6 15 2
e 7 15 1
e 7 23 1
e 7 29 1
e 8 19 1
e 8 23 2
e 9 23 1
e 9 32 1
e 9 33 1
e 10 11 1
e 10 25 1
e 10 26 1
e 11 12 2
e 12 13 1
e 14 17 2
e 14 18 1
e 15 16 1
e 16 19 1
e 17 20 1
e 17 27 1
e 18 21 2
e 18 28 1
e 20 22 2
e 20 30 1
e 21 22 1
e 21 31 1
e 22 24 1
t # 6394
v 0 1
v 1 1
v 2 1
v 3 1
v 4 3
v 5 3
v 6 3
v 7 3
v 8 3
v 9 3
v 10 3
v 11 3
v 12 4
v 13 4
v 14 4
v 15 4
v 16 4
v 17 4
v 18 4
v 19 4
v 20 4
v 21 4
v 22 4
v 23 4
v 24 4
v 25 4
v 26 4
v 27 4
e 0 4 1
e 0 8 1
e 1 4 1
e 1 9 1
e 2 5 1
e 2 10 1
e 3 5 1
e 3 11 1
e 4 6 1
e 4 12 1
e 5 7 1
e 5 13 1
e 6 7 2
e 6 14 1
e 7 15 1
e 8 16 1
e 8 17 1
e 8 18 1
e 9 19 1
e 9 20 1
e 9 21 1
e 10 22 1
e 10 23 1
e 10 24 1
e 11 25 1
e 11 26 1
e 11 27 1
t # 6395
v 0 1
v 1 3
v 2 3
v 3 3
v 4 3
v 5 3
v 6 3
v 7 3
v 8 3
v 9 3
v 10 3
v 11 3
v 12 3
v 13 3
v 14 3
v 15 3
v 16 4
v 17 4
v 18 4
v 19 4
v 20 4
v 21 4
v 22 4
v 23 4
v 24 4
v 25 4
v 26 4
v 27 4
v 28 4
v 29 4
v 30 4
v 31 4
e 0 6 2
e 1 2 1
e 1 3 1
e 1 16 1
e 1 17 1
e 2 4 1
e 2 18 1
e 2 19 1
e 3 5 1
e 3 20 1
e 3 21 1
e 4 6 1
e 4 22 1
e 4 23 1
e 5 6 1
e 5 7 2
e 7 8 1
e 7 24 1
e 8 9 2
e 8 25 1
e 9 10 1
e 9 26 1
e 10 11 2
e 10 12 1
e 11 13 1
e 11 27 1
e 12 14 2
e 12 28 1
e 13 15 2
e 13 29 1
e 14 15 1
e 14 30 1
e 15 31 1
t # 6396
v 0 1
v 1 1
v 2 1
v 3 1
v 4 1
v 5 1
v 6 1
v 7 1
v 8 1
v 9 1
v 10 1
v 11 1
v 12 1
v 13 1
v 14 3
v 15 3
v 16 3
v 17 3
v 18 3
v 19 3
v 20 3
v 21 3
v 22 3
v 23 3
v 24 3
v 25 3
v 26 3
v 27 3
v 28 3
v 29 3
v 30 3
v 31 3
v 32 3
v 33 3
v 34 3
v 35 3
v 36 3
v 37 3
v 38 3
v 39 3
v 40 3
v 41 3
v 42 3
v 43 3
v 44 3
v 45 3
v 46 3
v 47 3
v 48 3
v 49 4
v 50 4
v 51 4
v 52 4
v 53 4
v 54 4
v 55 4
v 56 4
v 57 4
v 58 4
v 59 4
v 60 4
v 61 4
v 62 4
v 63 4
v 64 4
v 65 4
v 66 4
v 67 4
v 68 4
v 69 4
v 70 4
v 71 4
v 72 4
v 73 4
v 74 4
v 75 4
v 76 4
v 77 4
v 78 4
v 79 4
v 80 4
v 81 4
v 82 4
v 83 4
v 84 4
v 85 4
v 86 4
v 87 4
v 88 4
v 89 4
v 90 4
v 91 4
v 92 4
v 93 4
v 94 4
v 95 4
v 96 4
v 97 4
v 98 4
v 99 4
v 100 4
v 101 4
v 102 4
v 103 4
v 104 4
e 0 14 1
e 0 16 1
e 1 18 1
e 1 21 1
e 2 17 1
e 2 43 1
e 3 21 1
e 3 30 1
e 4 22 1
e 4 32 1
e 5 32 1
e 5 38 1
e 6 23 1
e 6 46 1
e 7 25 1
e 7 47 1
e 8 27 1
e 8 90 1
e 9 28 1
e 9 91 1
e 10 35 1
e 10 48 1
e 11 33 1
e 11 95 1
e 12 34 2
e 13 43 2
e 14 15 1
e 14 16 1
e 14 49 1
e 15 17 1
e 15 18 1
e 15 50 1
e 16 19 1
e 16 51 1
e 17 26 1
e 17 52 1
e 18 53 1
e 18 54 1
e 19 31 2
e 19 55 1
e 20 22 1
e 20 24 1
e 20 36 1
e 20 56 1
e 21 23 1
e 21 57 1
e 22 29 1
e 22 58 1
e 23 25 1
e 23 59 1
e 24 27 1
e 24 60 1
e 24 61 1
e 25 28 1
e 25 62 1
e 26 63 1
e 26 64 1
e 26 65 1
e 27 34 1
e 27 39 1
e 28 30 1
e 28 66 1
e 29 40 1
e 29 41 1
e 29 67 1
e 30 42 1
e 30 68 1
e 31 34 1
e 31 69 1
e 32 33 1
e 32 70 1
e 33 35 1
e 33 71 1
e 35 37 1
e 35 72 1
e 36 73 1
e 36 74 1
e 36 75 1
e 37 38 1
e 37 76 1
e 37 77 1
e 38 45 1
e 38 78 1
e 39 79 1
e 39 80 1
e 39 81 1
e 40 44 2
e 40 82 1
e 41 83 1
e 41 84 1
e 41 85 1
e 42 86 1
e 42 87 1
e 42 88 1
e 43 44 1
e 44 89 1
e 45 92 1
e 45 93 1
e 45 94 1
e 46 96 1
e 46 97 1
e 46 98 1
e 47 99 1
e 47 100 1
e 47 101 1
e 48 102 1
e 48 103 1
e 48 104 1
t # 6397
v 0 11
v 1 1
v 2 1
v 3 1
v 4 2
v 5 2
v 6 2
v 7 2
v 8 3
v 9 3
v 10 3
v 11 3
v 12 3
v 13 3
v 14 3
v 15 3
v 16 3
v 17 3
v 18 3
v 19 3
v 20 3
v 21 3
v 22 3
v 23 3
v 24 3
v 25 3
v 26 3
v 27 3
v 28 3
v 29 3
v 30 3
v 31 4
v 32 4
v 33 4
v 34 4
v 35 4
v 36 4
v 37 4
v 38 4
v 39 4
v 40 4
v 41 4
v 42 4
v 43 4
v 44 4
v 45 4
v 46 4
v 47 4
v 48 4
e 1 10 2
e 2 12 2
e 3 20 1
e 3 30 1
e 4 8 1
e 4 9 1
e 4 10 1
e 5 8 1
e 5 11 1
e 5 12 1
e 6 7 1
e 6 13 2
e 7 24 1
e 7 40 1
e 9 14 2
e 9 15 1
e 10 13 1
e 11 16 2
e 11 17 1
e 12 13 1
e 14 18 1
e 14 31 1
e 15 19 2
e 15 32 1
e 16 21 1
e 16 33 1
e 17 22 2
e 17 34 1
e 18 20 2
e 18 35 1
e 19 20 1
e 19 36 1
e 21 23 2
e 21 37 1
e 22 23 1
e 22 38 1
e 23 39 1
e 24 25 2
e 24 26 1
e 25 27 1
e 25 41 1
e 26 28 2
e 26 42 1
e 27 29 2
e 27 43 1
e 28 29 1
e 28 44 1
e 29 45 1
e 30 46 1
e 30 47 1
e 30 48 1
t # 6398
v 0 11
v 1 1
v 2 1
v 3 2
v 4 2
v 5 2
v 6 2
v 7 3
v 8 3
v 9 3
v 10 3
v 11 3
v 12 3
v 13 3
v 14 3
v 15 3
v 16 3
v 17 3
v 18 3
v 19 3
v 20 3
v 21 3
v 22 3
v 23 3
v 24 3
v 25 3
v 26 3
v 27 3
v 28 3
v 29 3
v 30 4
v 31 4
v 32 4
v 33 4
v 34 4
v 35 4
v 36 4
v 37 4
v 38 4
v 39 4
v 40 4
v 41 4
v 42 4
v 43 4
v 44 4
v 45 4
v 46 4
v 47 4
e 1 9 2
e 2 11 2
e 3 7 1
e 3 8 1
e 3 9 1
e 4 8 1
e 4 10 1
e 4 11 1
e 5 6 1
e 5 12 2
e 6 24 1
e 6 42 1
e 7 13 2
e 7 14 1
e 9 12 1
e 10 18 2
e 10 19 1
e 11 12 1
e 13 16 1
e 13 30 1
e 14 17 2
e 14 31 1
e 15 16 2
e 15 17 1
e 15 22 1
e 16 32 1
e 17 33 1
e 18 20 1
e 18 34 1
e 19 21 2
e 19 35 1
e 20 23 2
e 20 36 1
e 21 23 1
e 21 37 1
e 22 38 1
e 22 39 1
e 22 40 1
e 23 41 1
e 24 25 2
e 24 26 1
e 25 27 1
e 25 43 1
e 26 28 2
e 26 44 1
e 27 29 2
e 27 45 1
e 28 29 1
e 28 46 1
e 29 47 1
t # 6399
v 0 11
v 1 1
v 2 1
v 3 1
v 4 1
v 5 2
v 6 2
v 7 2
v 8 2
v 9 3
v 10 3
v 11 3
v 12 3
v 13 3
v 14 3
v 15 3
v 16 3
v 17 3
v 18 3
v 19 3
v 20 3
v 21 3
v 22 3
v 23 3
v 24 3
v 25 3
v 26 3
v 27 3
v 28 3
v 29 3
v 30 3
v 31 3
v 32 3
v 33 4
v 34 4
v 35 4
v 36 4
v 37 4
v 38 4
v 39 4
v 40 4
v 41 4
v 42 4
v 43 4
v 44 4
v 45 4
v 46 4
v 47 4
v 48 4
v 49 4
v 50 4
v 51 4
v 52 4
e 1 15 1
e 1 26 1
e 2 12 2
e 3 13 2
e 4 23 1
e 4 31 1
e 5 9 1
e 5 10 1
e 5 12 1
e 6 9 1
e 6 11 1
e 6 13 1
e 7 8 1
e 7 14 2
e 8 25 1
e 8 41 1
e 10 15 1
e 10 16 2
e 11 17 2
e 11 18 1
e 12 14 1
e 13 14 1
e 15 19 2
e 16 22 1
e 16 33 1
e 17 20 1
e 17 34 1
e 18 21 2
e 18 35 1
e 19 24 1
e 19 36 1
e 20 23 2
e 20 37 1
e 21 23 1
e 21 38 1
e 22 24 2
e 22 39 1
e 24 40 1
e 25 27 2
e 25 28 1
e 26 42 1
e 26 43 1
e 26 44 1
e 27 29 1
e 27 45 1
e 28 30 2
e 28 46 1
e 29 32 2
e 29 47 1
e 30 32 1
e 30 48 1
e 31 49 1
e 31 50 1
e 31 51 1
e 32 52 1
