t # 16200
v 0 27
v 1 1
v 2 1
v 3 2
v 4 2
v 5 3
v 6 3
v 7 3
v 8 3
v 9 3
v 10 3
v 11 3
v 12 3
v 13 3
v 14 3
v 15 3
v 16 3
v 17 3
v 18 3
v 19 3
v 20 3
v 21 3
v 22 3
v 23 3
v 24 4
v 25 4
v 26 4
v 27 4
v 28 4
v 29 4
v 30 4
v 31 4
v 32 4
v 33 4
v 34 4
v 35 4
v 36 4
v 37 4
v 38 4
v 39 4
v 40 4
v 41 4
v 42 4
v 43 4
v 44 4
v 45 4
v 46 4
v 47 4
v 48 4
e 1 16 2
e 2 17 2
e 3 5 1
e 3 7 1
e 3 8 1
e 3 14 1
e 4 15 1
e 4 16 1
e 4 17 1
e 5 6 1
e 5 9 1
e 5 24 1
e 6 10 1
e 6 15 1
e 6 25 1
e 7 11 1
e 7 26 1
e 7 27 1
e 8 12 1
e 8 28 1
e 8 29 1
e 9 13 1
e 9 30 1
e 9 31 1
e 10 11 1
e 10 32 1
e 10 33 1
e 11 34 1
e 11 35 1
e 12 13 1
e 12 36 1
e 12 37 1
e 13 38 1
e 13 39 1
e 14 40 1
e 14 41 1
e 14 42 1
e 15 43 1
e 15 44 1
e 16 18 1
e 17 19 1
e 18 19 1
e 18 20 2
e 19 21 2
e 20 22 1
e 20 45 1
e 21 23 1
e 21 46 1
e 22 23 2
e 22 47 1
e 23 48 1
t # 16201
v 0 27
v 1 1
v 2 1
v 3 1
v 4 1
v 5 2
v 6 3
v 7 3
v 8 3
v 9 3
v 10 3
v 11 3
v 12 3
v 13 3
v 14 3
v 15 3
v 16 3
v 17 3
v 18 3
v 19 4
v 20 4
v 21 4
v 22 4
v 23 4
v 24 4
v 25 4
v 26 4
v 27 4
v 28 4
v 29 4
v 30 4
e 1 10 1
e 1 11 1
e 6 2 1
e 2 27 1
e 3 11 2
e 4 13 2
e 5 13 1
e 5 15 1
e 5 16 1
e 6 7 1
e 6 9 1
e 6 11 1
e 7 8 2
e 7 12 1
e 8 10 1
e 8 13 1
e 9 14 1
e 9 19 1
e 9 20 1
e 10 21 1
e 10 22 1
e 12 15 2
e 12 23 1
e 14 24 1
e 14 25 1
e 14 26 1
e 16 17 1
e 16 28 1
e 16 29 1
e 18 30 1
t # 16202
v 0 12
v 1 1
v 2 1
v 3 1
v 4 1
v 5 1
v 6 1
v 7 2
v 8 2
v 9 2
v 10 2
v 11 3
v 12 3
v 13 3
v 14 3
v 15 3
v 16 3
v 17 3
v 18 3
v 19 3
v 20 3
v 21 3
v 22 3
v 23 3
v 24 3
v 25 3
v 26 3
v 27 3
v 28 3
v 29 3
v 30 3
v 31 3
v 32 4
v 33 4
v 34 4
v 35 4
v 36 4
v 37 4
v 38 4
v 39 4
v 40 4
v 41 4
v 42 4
v 43 4
v 44 4
v 45 4
v 46 4
v 47 4
v 48 4
e 0 15 1
e 1 16 2
e 4 29 2
e 5 31 1
e 5 48 1
e 6 31 2
e 7 12 1
e 7 14 1
e 7 16 1
e 8 19 1
e 8 23 1
e 8 40 1
e 9 20 1
e 10 29 1
e 10 30 1
e 10 45 1
e 11 12 1
e 11 13 1
e 11 15 1
e 11 32 1
e 12 33 1
e 12 34 1
e 13 14 2
e 13 17 1
e 14 18 1
e 15 35 1
e 15 36 1
e 16 19 1
e 17 21 2
e 17 37 1
e 18 20 2
e 18 38 1
e 19 22 2
e 20 21 1
e 21 39 1
e 22 24 1
e 22 41 1
e 23 24 2
e 23 25 1
e 24 26 1
e 25 27 2
e 25 42 1
e 26 28 2
e 26 43 1
e 27 28 1
e 27 29 1
e 28 44 1
e 30 31 1
e 30 46 1
e 30 47 1
t # 16203
v 0 12
v 1 12
v 2 1
v 3 1
v 4 1
v 5 1
v 6 1
v 7 1
v 8 2
v 9 2
v 10 2
v 11 2
v 12 3
v 13 3
v 14 3
v 15 3
v 16 3
v 17 3
v 18 3
v 19 3
v 20 3
v 21 3
v 22 3
v 23 3
v 24 3
v 25 3
v 26 3
v 27 3
v 28 3
v 29 3
v 30 3
v 31 3
v 32 3
v 33 3
v 34 3
v 35 4
v 36 4
v 37 4
v 38 4
v 39 4
v 40 4
v 41 4
v 42 4
v 43 4
v 44 4
v 45 4
v 46 4
v 47 4
v 48 4
v 49 4
v 50 4
v 51 4
v 52 4
v 53 4
v 54 4
v 55 4
v 56 4
e 0 22 1
e 1 23 1
e 2 20 2
e 3 21 2
e 8 14 1
e 8 18 1
e 8 20 1
e 9 15 1
e 9 19 1
e 9 21 1
e 10 31 1
e 11 32 1
e 12 14 1
e 12 16 1
e 12 22 1
e 12 35 1
e 13 15 1
e 13 17 1
e 13 23 1
e 13 36 1
e 14 37 1
e 14 38 1
e 15 39 1
e 15 40 1
e 16 18 2
e 16 27 1
e 17 19 2
e 17 28 1
e 18 29 1
e 19 30 1
e 20 24 1
e 21 25 1
e 22 41 1
e 22 42 1
e 23 43 1
e 23 44 1
e 24 26 1
e 24 45 1
e 24 46 1
e 25 26 1
e 25 47 1
e 25 48 1
e 26 49 1
e 26 50 1
e 27 33 2
e 27 51 1
e 28 34 2
e 28 52 1
e 29 31 2
e 29 53 1
e 30 32 2
e 30 54 1
e 31 33 1
e 32 34 1
e 33 55 1
e 34 56 1
t # 16204
v 0 12
v 1 12
v 2 1
v 3 1
v 4 1
v 5 1
v 6 1
v 7 1
v 8 2
v 9 2
v 10 2
v 11 2
v 12 3
v 13 3
v 14 3
v 15 3
v 16 3
v 17 3
v 18 3
v 19 3
v 20 3
v 21 3
v 22 3
v 23 3
v 24 3
v 25 3
v 26 3
v 27 3
v 28 3
v 29 3
v 30 3
v 31 3
v 32 3
v 33 3
v 34 3
v 35 3
v 36 3
v 37 4
v 38 4
v 39 4
v 40 4
v 41 4
v 42 4
v 43 4
v 44 4
v 45 4
v 46 4
v 47 4
v 48 4
v 49 4
v 50 4
v 51 4
v 52 4
v 53 4
v 54 4
v 55 4
v 56 4
v 57 4
v 58 4
v 59 4
v 60 4
v 61 4
v 62 4
e 0 22 1
e 1 23 1
e 2 20 2
e 3 21 2
e 8 14 1
e 8 18 1
e 8 20 1
e 9 15 1
e 9 19 1
e 9 21 1
e 10 33 1
e 11 34 1
e 12 14 1
e 12 16 1
e 12 22 1
e 12 37 1
e 13 15 1
e 13 17 1
e 13 23 1
e 13 38 1
e 14 39 1
e 14 40 1
e 15 41 1
e 15 42 1
e 16 18 2
e 16 29 1
e 17 19 2
e 17 30 1
e 18 31 1
e 19 32 1
e 20 24 1
e 21 25 1
e 22 43 1
e 22 44 1
e 23 45 1
e 23 46 1
e 24 26 1
e 24 47 1
e 24 48 1
e 25 27 1
e 25 49 1
e 25 50 1
e 26 28 1
e 26 51 1
e 26 52 1
e 27 28 1
e 27 53 1
e 27 54 1
e 28 55 1
e 28 56 1
e 29 35 2
e 29 57 1
e 30 36 2
e 30 58 1
e 31 33 2
e 31 59 1
e 32 34 2
e 32 60 1
e 33 35 1
e 34 36 1
e 35 61 1
e 36 62 1
t # 16205
v 0 1
v 1 1
v 2 1
v 3 1
v 4 2
v 5 2
v 6 2
v 7 2
v 8 3
v 9 3
v 10 3
v 11 3
v 12 3
v 13 3
v 14 3
v 15 3
v 16 3
v 17 3
v 18 3
v 19 3
v 20 3
v 21 3
v 22 3
v 23 3
v 24 3
v 25 3
v 26 3
v 27 3
v 28 3
v 29 3
v 30 3
v 31 4
v 32 4
v 33 4
v 34 4
v 35 4
v 36 4
v 37 4
v 38 4
v 39 4
v 40 4
v 41 4
v 42 4
v 43 4
v 44 4
v 45 4
v 46 4
v 47 4
v 48 4
v 49 4
v 50 4
e 0 13 2
e 1 14 2
e 2 18 1
e 2 21 1
e 3 18 2
e 4 5 1
e 4 8 1
e 4 35 1
e 5 11 2
e 6 12 1
e 6 18 1
e 6 37 1
e 7 15 1
e 7 17 1
e 7 38 1
e 8 9 2
e 8 10 1
e 9 11 1
e 9 13 1
e 10 12 1
e 10 31 1
e 10 32 1
e 11 14 1
e 12 33 1
e 12 34 1
e 13 16 1
e 14 15 1
e 15 16 2
e 16 36 1
e 17 19 2
e 17 20 1
e 19 23 1
e 19 39 1
e 20 24 2
e 20 40 1
e 21 22 1
e 21 41 1
e 21 42 1
e 22 26 2
e 22 27 1
e 23 25 2
e 23 43 1
e 24 25 1
e 24 44 1
e 25 45 1
e 26 28 1
e 26 46 1
e 27 29 2
e 27 47 1
e 28 30 2
e 28 48 1
e 29 30 1
e 29 49 1
e 30 50 1
t # 16206
v 0 1
v 1 1
v 2 3
v 3 3
v 4 3
v 5 3
v 6 3
v 7 3
v 8 3
v 9 3
v 10 3
v 11 4
v 12 4
v 13 4
v 14 4
v 15 4
v 16 4
e 0 8 1
e 0 9 1
e 1 10 2
e 2 3 1
e 2 4 1
e 2 8 2
e 3 5 2
e 3 7 1
e 4 6 2
e 4 10 1
e 5 6 1
e 5 11 1
e 6 12 1
e 7 9 2
e 7 13 1
e 8 14 1
e 9 15 1
e 10 16 1
t # 16207
v 0 1
v 1 1
v 2 1
v 3 3
v 4 3
v 5 3
v 6 3
v 7 3
v 8 3
v 9 3
v 10 3
v 11 3
v 12 3
v 13 3
v 14 3
v 15 3
v 16 3
v 17 3
v 18 3
v 19 3
v 20 4
v 21 4
v 22 4
v 23 4
v 24 4
v 25 4
v 26 4
v 27 4
v 28 4
v 29 4
v 30 4
v 31 4
v 32 4
v 33 4
v 34 4
v 35 4
e 0 7 1
e 0 19 1
e 1 14 1
e 1 31 1
e 2 16 1
e 2 35 1
e 3 4 2
e 3 6 1
e 3 10 1
e 4 5 1
e 4 12 1
e 5 8 1
e 5 9 2
e 6 7 2
e 6 11 1
e 7 9 1
e 8 15 2
e 8 17 1
e 9 20 1
e 10 14 2
e 10 21 1
e 11 13 2
e 11 22 1
e 12 16 2
e 12 23 1
e 13 14 1
e 13 18 1
e 15 16 1
e 15 24 1
e 17 25 1
e 17 26 1
e 17 27 1
e 18 28 1
e 18 29 1
e 18 30 1
e 19 32 1
e 19 33 1
e 19 34 1
t # 16208
v 0 1
v 1 1
v 2 1
v 3 2
v 4 2
v 5 3
v 6 3
v 7 3
v 8 3
v 9 3
v 10 3
v 11 3
v 12 3
v 13 3
v 14 3
v 15 3
v 16 3
v 17 4
v 18 4
v 19 4
v 20 4
v 21 4
v 22 4
v 23 4
v 24 4
v 25 4
v 26 4
v 27 4
v 28 4
v 29 4
v 30 4
v 31 4
v 32 4
v 33 4
v 34 4
e 0 5 1
e 0 25 1
e 1 11 1
e 1 16 1
e 2 14 2
e 3 8 1
e 3 14 1
e 3 23 1
e 4 9 1
e 4 27 1
e 4 28 1
e 5 6 1
e 5 7 1
e 5 17 1
e 6 8 1
e 6 18 1
e 6 19 1
e 7 9 2
e 7 10 1
e 8 20 1
e 8 21 1
e 9 12 1
e 10 11 2
e 10 22 1
e 11 13 1
e 12 13 2
e 12 24 1
e 13 26 1
e 14 15 1
e 15 29 1
e 15 30 1
e 15 31 1
e 16 32 1
e 16 33 1
e 16 34 1
t # 16209
v 0 1
v 1 1
v 2 1
v 3 1
v 4 2
v 5 2
v 6 3
v 7 3
v 8 3
v 9 3
v 10 3
v 11 3
v 12 3
v 13 3
v 14 3
v 15 3
v 16 3
v 17 3
v 18 3
v 19 3
v 20 4
v 21 4
v 22 4
v 23 4
v 24 4
v 25 4
v 26 4
v 27 4
v 28 4
v 29 4
v 30 4
v 31 4
v 32 4
v 33 4
v 34 4
v 35 4
v 36 4
v 37 4
v 38 4
v 39 4
e 0 6 1
e 0 29 1
e 1 13 1
e 1 19 1
e 2 15 2
e 3 16 2
e 4 9 1
e 4 15 1
e 4 27 1
e 5 10 1
e 5 16 1
e 5 30 1
e 6 7 1
e 6 8 1
e 6 20 1
e 7 9 1
e 7 21 1
e 7 22 1
e 8 10 2
e 8 11 1
e 9 23 1
e 9 24 1
e 10 12 1
e 11 13 2
e 11 25 1
e 12 14 2
e 12 26 1
e 13 14 1
e 14 28 1
e 15 17 1
e 16 18 1
e 17 31 1
e 17 32 1
e 17 33 1
e 18 34 1
e 18 35 1
e 18 36 1
e 19 37 1
e 19 38 1
e 19 39 1
t # 16210
v 0 1
v 1 1
v 2 1
v 3 1
v 4 2
v 5 2
v 6 3
v 7 3
v 8 3
v 9 3
v 10 3
v 11 3
v 12 3
v 13 3
v 14 3
v 15 3
v 16 3
v 17 3
v 18 3
v 19 3
v 20 4
v 21 4
v 22 4
v 23 4
v 24 4
v 25 4
v 26 4
v 27 4
v 28 4
v 29 4
v 30 4
v 31 4
v 32 4
v 33 4
v 34 4
v 35 4
v 36 4
v 37 4
e 0 13 1
e 0 19 1
e 1 8 2
e 2 15 2
e 3 16 2
e 4 9 1
e 4 15 1
e 4 27 1
e 5 10 1
e 5 16 1
e 5 28 1
e 6 8 1
e 6 9 1
e 6 20 1
e 6 21 1
e 7 8 1
e 7 10 2
e 7 11 1
e 9 22 1
e 9 23 1
e 10 12 1
e 11 13 2
e 11 24 1
e 12 14 2
e 12 25 1
e 13 14 1
e 14 26 1
e 15 17 1
e 16 18 1
e 17 29 1
e 17 30 1
e 17 31 1
e 18 32 1
e 18 33 1
e 18 34 1
e 19 35 1
e 19 36 1
e 19 37 1
t # 16211
v 0 1
v 1 1
v 2 1
v 3 2
v 4 2
v 5 3
v 6 3
v 7 3
v 8 3
v 9 3
v 10 3
v 11 3
v 12 3
v 13 3
v 14 3
v 15 3
v 16 3
v 17 4
v 18 4
v 19 4
v 20 4
v 21 4
v 22 4
v 23 4
v 24 4
v 25 4
v 26 4
v 27 4
v 28 4
v 29 4
v 30 4
v 31 4
v 32 4
e 0 11 1
e 0 16 1
e 1 8 2
e 2 14 2
e 3 7 1
e 3 14 1
e 3 22 1
e 4 9 1
e 4 25 1
e 4 26 1
e 5 7 1
e 5 8 1
e 5 17 1
e 5 18 1
e 6 8 1
e 6 9 2
e 6 10 1
e 7 19 1
e 7 20 1
e 9 12 1
e 10 11 2
e 10 21 1
e 11 13 1
e 12 13 2
e 12 23 1
e 13 24 1
e 14 15 1
e 15 27 1
e 15 28 1
e 15 29 1
e 16 30 1
e 16 31 1
e 16 32 1
t # 16212
v 0 1
v 1 1
v 2 1
v 3 1
v 4 2
v 5 2
v 6 3
v 7 3
v 8 3
v 9 3
v 10 3
v 11 3
v 12 3
v 13 3
v 14 3
v 15 3
v 16 3
v 17 3
v 18 3
v 19 4
v 20 4
v 21 4
v 22 4
v 23 4
v 24 4
v 25 4
v 26 4
v 27 4
v 28 4
v 29 4
v 30 4
v 31 4
v 32 4
v 33 4
v 34 4
v 35 4
v 36 4
e 0 6 1
e 0 27 1
e 1 12 1
e 1 18 1
e 2 15 2
e 3 17 2
e 4 9 1
e 4 15 1
e 4 26 1
e 5 10 1
e 5 17 1
e 5 29 1
e 6 7 1
e 6 8 1
e 6 19 1
e 7 9 1
e 7 20 1
e 7 21 1
e 8 10 2
e 8 11 1
e 9 22 1
e 9 23 1
e 10 13 1
e 11 12 2
e 11 24 1
e 12 14 1
e 13 14 2
e 13 25 1
e 14 28 1
e 15 16 1
e 16 30 1
e 16 31 1
e 16 32 1
e 17 33 1
e 18 34 1
e 18 35 1
e 18 36 1
t # 16213
v 0 1
v 1 1
v 2 1
v 3 1
v 4 2
v 5 3
v 6 3
v 7 3
v 8 3
v 9 3
v 10 3
v 11 3
v 12 3
v 13 3
v 14 3
v 15 3
v 16 3
v 17 3
v 18 3
v 19 3
v 20 3
v 21 3
v 22 3
v 23 3
v 24 4
v 25 4
v 26 4
v 27 4
v 28 4
v 29 4
v 30 4
v 31 4
v 32 4
v 33 4
v 34 4
v 35 4
v 36 4
v 37 4
v 38 4
v 39 4
v 40 4
v 41 4
v 42 4
v 43 4
v 44 4
e 0 14 1
e 0 22 1
e 1 17 1
e 1 37 1
e 2 20 1
e 2 23 1
e 3 21 1
e 3 41 1
e 4 5 1
e 4 9 1
e 4 16 1
e 5 6 1
e 5 7 1
e 5 24 1
e 6 8 1
e 6 10 2
e 7 12 1
e 7 25 1
e 7 26 1
e 8 11 1
e 8 15 2
e 9 11 1
e 9 27 1
e 9 28 1
e 10 13 1
e 10 14 1
e 11 29 1
e 11 30 1
e 12 13 1
e 12 18 2
e 13 19 2
e 14 17 2
e 15 17 1
e 15 31 1
e 16 32 1
e 16 33 1
e 16 34 1
e 18 20 1
e 18 35 1
e 19 21 1
e 19 36 1
e 20 21 2
e 22 38 1
e 22 39 1
e 22 40 1
e 23 42 1
e 23 43 1
e 23 44 1
t # 16214
v 0 1
v 1 1
v 2 1
v 3 1
v 4 3
v 5 3
v 6 3
v 7 3
v 8 3
v 9 3
v 10 3
v 11 3
v 12 3
v 13 3
v 14 3
v 15 3
v 16 3
v 17 3
v 18 3
v 19 3
v 20 3
v 21 3
v 22 3
v 23 3
v 24 4
v 25 4
v 26 4
v 27 4
v 28 4
v 29 4
v 30 4
v 31 4
v 32 4
v 33 4
v 34 4
v 35 4
v 36 4
v 37 4
v 38 4
v 39 4
v 40 4
v 41 4
v 42 4
v 43 4
v 44 4
v 45 4
v 46 4
v 47 4
v 48 4
v 49 4
e 0 19 1
e 0 46 1
e 1 18 2
e 2 19 2
e 3 22 1
e 3 23 1
e 4 5 1
e 4 6 1
e 4 10 1
e 4 24 1
e 5 7 1
e 5 11 1
e 5 13 1
e 6 8 1
e 6 12 1
e 6 14 1
e 7 9 1
e 7 16 1
e 7 25 1
e 8 9 1
e 8 26 1
e 8 27 1
e 9 28 1
e 9 29 1
e 10 15 1
e 10 30 1
e 10 31 1
e 11 18 1
e 11 32 1
e 11 33 1
e 12 17 2
e 12 19 1
e 13 34 1
e 13 35 1
e 13 36 1
e 14 37 1
e 14 38 1
e 14 39 1
e 15 17 1
e 15 40 1
e 15 41 1
e 16 42 1
e 16 43 1
e 16 44 1
e 17 45 1
e 18 20 1
e 20 21 1
e 20 22 2
e 21 23 2
e 21 47 1
e 22 48 1
e 23 49 1
t # 16215
v 0 1
v 1 1
v 2 1
v 3 1
v 4 1
v 5 1
v 6 3
v 7 3
v 8 3
v 9 3
v 10 3
v 11 3
v 12 3
v 13 3
v 14 3
v 15 3
v 16 3
v 17 3
v 18 3
v 19 3
v 20 4
v 21 4
v 22 4
v 23 4
v 24 4
v 25 4
v 26 4
v 27 4
v 28 4
v 29 4
v 30 4
v 31 4
v 32 4
v 33 4
v 34 4
v 35 4
e 0 8 1
e 0 9 1
e 1 10 1
e 1 11 1
e 2 11 2
e 3 15 1
e 3 18 1
e 4 16 1
e 4 29 1
e 5 17 1
e 5 19 1
e 6 7 1
e 6 8 1
e 6 10 1
e 6 20 1
e 7 9 1
e 7 11 1
e 7 21 1
e 8 12 1
e 8 22 1
e 9 23 1
e 9 24 1
e 10 25 1
e 10 26 1
e 12 13 1
e 12 14 2
e 13 15 2
e 13 27 1
e 14 16 1
e 14 28 1
e 15 17 1
e 16 17 2
e 18 30 1
e 18 31 1
e 18 32 1
e 19 33 1
e 19 34 1
e 19 35 1
t # 16216
v 0 1
v 1 1
v 2 1
v 3 1
v 4 1
v 5 1
v 6 1
v 7 1
v 8 1
v 9 3
v 10 3
v 11 3
v 12 3
v 13 3
v 14 3
v 15 3
v 16 3
v 17 3
v 18 3
v 19 3
v 20 3
v 21 3
v 22 3
v 23 3
v 24 3
v 25 3
v 26 3
v 27 3
v 28 3
v 29 3
v 30 3
v 31 3
v 32 3
v 33 3
v 34 4
v 35 4
v 36 4
v 37 4
v 38 4
v 39 4
v 40 4
v 41 4
v 42 4
v 43 4
v 44 4
v 45 4
v 46 4
v 47 4
v 48 4
v 49 4
v 50 4
v 51 4
v 52 4
v 53 4
v 54 4
v 55 4
v 56 4
v 57 4
v 58 4
v 59 4
v 60 4
v 61 4
v 62 4
v 63 4
v 64 4
v 65 4
v 66 4
v 67 4
e 0 18 1
e 0 21 1
e 18 1 1
e 1 26 1
e 19 2 1
e 2 29 1
e 3 22 1
e 3 30 1
e 4 22 2
e 5 24 1
e 5 32 1
e 6 24 2
e 7 28 1
e 7 31 1
e 8 29 2
e 9 10 1
e 9 12 1
e 9 15 1
e 9 18 1
e 10 11 1
e 10 16 1
e 10 34 1
e 11 13 1
e 11 14 1
e 11 22 1
e 12 17 1
e 12 23 1
e 12 35 1
e 13 17 1
e 13 36 1
e 13 37 1
e 14 19 1
e 14 24 1
e 14 38 1
e 15 21 1
e 15 39 1
e 15 40 1
e 16 20 1
e 16 41 1
e 16 42 1
e 17 43 1
e 17 44 1
e 18 45 1
e 19 20 1
e 19 46 1
e 20 47 1
e 20 48 1
e 21 25 1
e 21 49 1
e 23 50 1
e 23 51 1
e 23 52 1
e 25 27 1
e 25 28 2
e 26 53 1
e 26 54 1
e 26 55 1
e 27 31 2
e 27 56 1
e 28 57 1
e 29 33 1
e 30 58 1
e 30 59 1
e 30 60 1
e 31 61 1
e 32 62 1
e 32 63 1
e 32 64 1
e 33 65 1
e 33 66 1
e 33 67 1
t # 16217
v 0 1
v 1 1
v 2 1
v 3 1
v 4 1
v 5 1
v 6 3
v 7 3
v 8 3
v 9 3
v 10 3
v 11 3
v 12 3
v 13 3
v 14 3
v 15 3
v 16 3
v 17 3
v 18 3
v 19 3
v 20 3
v 21 3
v 22 3
v 23 3
v 24 3
v 25 3
v 26 3
v 27 3
v 28 3
v 29 4
v 30 4
v 31 4
v 32 4
v 33 4
v 34 4
v 35 4
v 36 4
v 37 4
v 38 4
v 39 4
v 40 4
v 41 4
v 42 4
v 43 4
v 44 4
v 45 4
v 46 4
v 47 4
v 48 4
v 49 4
v 50 4
v 51 4
v 52 4
v 53 4
v 54 4
v 55 4
v 56 4
v 57 4
v 58 4
e 0 15 1
e 0 23 1
e 1 21 1
e 1 26 1
e 2 20 2
e 3 21 2
e 4 25 1
e 4 28 1
e 5 23 2
e 6 7 1
e 6 8 1
e 6 12 1
e 6 29 1
e 7 9 1
e 7 13 1
e 7 16 1
e 8 10 1
e 8 14 1
e 8 15 1
e 9 11 1
e 9 18 1
e 9 30 1
e 10 11 1
e 10 31 1
e 10 32 1
e 11 33 1
e 11 34 1
e 12 17 1
e 12 35 1
e 12 36 1
e 13 20 1
e 13 37 1
e 13 38 1
e 14 19 2
e 14 21 1
e 15 39 1
e 15 40 1
e 16 41 1
e 16 42 1
e 16 43 1
e 17 19 1
e 17 44 1
e 17 45 1
e 18 46 1
e 18 47 1
e 18 48 1
e 19 49 1
e 20 22 1
e 22 24 1
e 22 25 2
e 23 27 1
e 24 28 2
e 24 50 1
e 25 51 1
e 26 52 1
e 26 53 1
e 26 54 1
e 27 55 1
e 27 56 1
e 27 57 1
e 28 58 1
t # 16218
v 0 1
v 1 1
v 2 1
v 3 1
v 4 1
v 5 1
v 6 1
v 7 3
v 8 3
v 9 3
v 10 3
v 11 3
v 12 3
v 13 3
v 14 3
v 15 3
v 16 3
v 17 3
v 18 3
v 19 3
v 20 3
v 21 3
v 22 3
v 23 3
v 24 3
v 25 3
v 26 3
v 27 3
v 28 3
v 29 4
v 30 4
v 31 4
v 32 4
v 33 4
v 34 4
v 35 4
v 36 4
v 37 4
v 38 4
v 39 4
v 40 4
v 41 4
v 42 4
v 43 4
v 44 4
v 45 4
v 46 4
v 47 4
v 48 4
v 49 4
v 50 4
v 51 4
v 52 4
v 53 4
v 54 4
e 0 15 1
e 0 21 1
e 1 16 1
e 1 24 1
e 2 18 2
e 3 21 2
e 4 22 1
e 4 48 1
e 5 26 1
e 5 28 1
e 6 24 2
e 7 8 1
e 7 9 1
e 7 13 1
e 7 29 1
e 8 11 1
e 8 14 1
e 8 15 1
e 9 10 1
e 9 16 1
e 9 18 1
e 10 12 1
e 10 20 1
e 10 30 1
e 11 12 1
e 11 31 1
e 11 32 1
e 12 33 1
e 12 34 1
e 13 17 1
e 13 35 1
e 13 36 1
e 14 19 2
e 14 21 1
e 15 37 1
e 15 38 1
e 16 39 1
e 16 40 1
e 17 19 1
e 17 41 1
e 17 42 1
e 18 22 1
e 19 43 1
e 20 44 1
e 20 45 1
e 20 46 1
e 22 23 1
e 22 47 1
e 23 25 1
e 23 26 2
e 24 27 1
e 25 28 2
e 25 49 1
e 26 50 1
e 27 51 1
e 27 52 1
e 27 53 1
e 28 54 1
t # 16219
v 0 1
v 1 1
v 2 1
v 3 1
v 4 1
v 5 1
v 6 1
v 7 3
v 8 3
v 9 3
v 10 3
v 11 3
v 12 3
v 13 3
v 14 3
v 15 3
v 16 3
v 17 3
v 18 3
v 19 3
v 20 3
v 21 3
v 22 3
v 23 3
v 24 3
v 25 3
v 26 3
v 27 3
v 28 3
v 29 3
v 30 4
v 31 4
v 32 4
v 33 4
v 34 4
v 35 4
v 36 4
v 37 4
v 38 4
v 39 4
v 40 4
v 41 4
v 42 4
v 43 4
v 44 4
v 45 4
v 46 4
v 47 4
v 48 4
v 49 4
v 50 4
v 51 4
v 52 4
v 53 4
v 54 4
v 55 4
v 56 4
v 57 4
v 58 4
v 59 4
v 60 4
v 61 4
e 15 0 1
e 0 52 1
e 1 19 1
e 1 24 1
e 2 21 1
e 2 25 1
e 3 21 2
e 4 22 2
e 5 24 2
e 6 27 1
e 6 29 1
e 7 8 1
e 7 11 1
e 7 12 1
e 7 18 1
e 8 9 1
e 8 13 1
e 8 30 1
e 9 10 1
e 9 17 1
e 9 19 1
e 10 14 1
e 10 20 1
e 10 31 1
e 11 15 1
e 11 21 1
e 11 32 1
e 12 14 1
e 12 33 1
e 12 34 1
e 13 16 1
e 13 35 1
e 13 36 1
e 14 37 1
e 14 38 1
e 15 16 1
e 15 39 1
e 16 40 1
e 16 41 1
e 17 22 1
e 17 42 1
e 17 43 1
e 18 44 1
e 18 45 1
e 18 46 1
e 19 47 1
e 19 48 1
e 20 49 1
e 20 50 1
e 20 51 1
e 22 23 1
e 23 26 1
e 23 27 2
e 24 28 1
e 25 53 1
e 25 54 1
e 25 55 1
e 26 29 2
e 26 56 1
e 27 57 1
e 28 58 1
e 28 59 1
e 28 60 1
e 29 61 1
t # 16220
v 0 1
v 1 1
v 2 1
v 3 1
v 4 1
v 5 1
v 6 1
v 7 1
v 8 3
v 9 3
v 10 3
v 11 3
v 12 3
v 13 3
v 14 3
v 15 3
v 16 3
v 17 3
v 18 3
v 19 3
v 20 3
v 21 3
v 22 3
v 23 3
v 24 3
v 25 3
v 26 3
v 27 3
v 28 3
v 29 3
v 30 3
v 31 3
v 32 4
v 33 4
v 34 4
v 35 4
v 36 4
v 37 4
v 38 4
v 39 4
v 40 4
v 41 4
v 42 4
v 43 4
v 44 4
v 45 4
v 46 4
v 47 4
v 48 4
v 49 4
v 50 4
v 51 4
v 52 4
v 53 4
v 54 4
v 55 4
v 56 4
v 57 4
v 58 4
v 59 4
v 60 4
v 61 4
v 62 4
v 63 4
e 0 10 1
e 0 12 1
e 1 20 1
e 1 22 1
e 13 2 1
e 2 25 1
e 17 3 1
e 3 26 1
e 4 20 1
e 4 54 1
e 5 28 1
e 5 31 1
e 6 25 2
e 7 26 2
e 8 9 1
e 8 10 1
e 8 13 1
e 8 19 1
e 9 11 1
e 9 15 1
e 9 32 1
e 10 12 1
e 10 21 1
e 11 14 1
e 11 18 1
e 11 20 1
e 12 16 1
e 12 33 1
e 13 17 1
e 13 34 1
e 14 17 1
e 14 23 1
e 14 35 1
e 15 16 1
e 15 36 1
e 15 37 1
e 16 38 1
e 16 39 1
e 17 40 1
e 18 22 1
e 18 41 1
e 18 42 1
e 19 43 1
e 19 44 1
e 19 45 1
e 20 46 1
e 21 47 1
e 21 48 1
e 21 49 1
e 22 24 1
e 22 50 1
e 23 51 1
e 23 52 1
e 23 53 1
e 24 27 1
e 24 28 2
e 25 29 1
e 26 30 1
e 27 31 2
e 27 55 1
e 28 56 1
e 29 57 1
e 29 58 1
e 29 59 1
e 30 60 1
e 30 61 1
e 30 62 1
e 31 63 1
t # 16221
v 0 1
v 1 1
v 2 1
v 3 1
v 4 1
v 5 1
v 6 3
v 7 3
v 8 3
v 9 3
v 10 3
v 11 3
v 12 3
v 13 3
v 14 3
v 15 3
v 16 3
v 17 3
v 18 3
v 19 3
v 20 3
v 21 3
v 22 3
v 23 3
v 24 3
v 25 3
v 26 3
v 27 3
v 28 4
v 29 4
v 30 4
v 31 4
v 32 4
v 33 4
v 34 4
v 35 4
v 36 4
v 37 4
v 38 4
v 39 4
v 40 4
v 41 4
v 42 4
v 43 4
v 44 4
v 45 4
v 46 4
v 47 4
v 48 4
v 49 4
v 50 4
v 51 4
v 52 4
v 53 4
v 54 4
v 55 4
v 56 4
v 57 4
e 0 8 1
e 0 10 1
e 1 17 1
e 1 20 1
e 15 2 1
e 2 23 1
e 3 17 1
e 3 51 1
e 4 25 1
e 4 27 1
e 5 23 2
e 6 7 1
e 6 8 1
e 6 11 1
e 6 18 1
e 7 9 1
e 7 13 1
e 7 28 1
e 8 10 1
e 8 19 1
e 9 12 1
e 9 16 1
e 9 17 1
e 10 14 1
e 10 29 1
e 11 15 1
e 11 30 1
e 11 31 1
e 12 15 1
e 12 21 1
e 12 32 1
e 13 14 1
e 13 33 1
e 13 34 1
e 14 35 1
e 14 36 1
e 15 37 1
e 16 20 1
e 16 38 1
e 16 39 1
e 17 40 1
e 18 41 1
e 18 42 1
e 18 43 1
e 19 44 1
e 19 45 1
e 19 46 1
e 20 22 1
e 20 47 1
e 21 48 1
e 21 49 1
e 21 50 1
e 22 24 1
e 22 25 2
e 23 26 1
e 24 27 2
e 24 52 1
e 25 53 1
e 26 54 1
e 26 55 1
e 26 56 1
e 27 57 1
t # 16222
v 0 1
v 1 1
v 2 1
v 3 1
v 4 1
v 5 1
v 6 1
v 7 3
v 8 3
v 9 3
v 10 3
v 11 3
v 12 3
v 13 3
v 14 3
v 15 3
v 16 3
v 17 3
v 18 3
v 19 3
v 20 3
v 21 3
v 22 3
v 23 3
v 24 3
v 25 3
v 26 3
v 27 3
v 28 3
v 29 3
v 30 3
v 31 4
v 32 4
v 33 4
v 34 4
v 35 4
v 36 4
v 37 4
v 38 4
v 39 4
v 40 4
v 41 4
v 42 4
v 43 4
v 44 4
v 45 4
v 46 4
v 47 4
v 48 4
v 49 4
v 50 4
v 51 4
v 52 4
v 53 4
v 54 4
v 55 4
v 56 4
v 57 4
v 58 4
v 59 4
v 60 4
v 61 4
v 62 4
e 0 9 1
e 0 11 1
e 1 18 1
e 1 21 1
e 16 2 1
e 2 24 1
e 3 18 1
e 3 25 1
e 4 27 1
e 4 29 1
e 5 24 2
e 6 25 2
e 7 8 1
e 7 9 1
e 7 12 1
e 7 19 1
e 8 10 1
e 8 14 1
e 8 31 1
e 9 11 1
e 9 20 1
e 10 13 1
e 10 17 1
e 10 18 1
e 11 15 1
e 11 32 1
e 12 16 1
e 12 33 1
e 12 34 1
e 13 16 1
e 13 22 1
e 13 35 1
e 14 15 1
e 14 36 1
e 14 37 1
e 15 38 1
e 15 39 1
e 16 40 1
e 17 21 1
e 17 41 1
e 17 42 1
e 18 43 1
e 19 44 1
e 19 45 1
e 19 46 1
e 20 47 1
e 20 48 1
e 20 49 1
e 21 23 1
e 21 50 1
e 22 51 1
e 22 52 1
e 22 53 1
e 23 26 1
e 23 27 2
e 24 28 1
e 25 30 1
e 26 29 2
e 26 54 1
e 27 55 1
e 28 56 1
e 28 57 1
e 28 58 1
e 29 59 1
e 30 60 1
e 30 61 1
e 30 62 1
t # 16223
v 0 1
v 1 1
v 2 1
v 3 1
v 4 1
v 5 1
v 6 1
v 7 1
v 8 1
v 9 3
v 10 3
v 11 3
v 12 3
v 13 3
v 14 3
v 15 3
v 16 3
v 17 3
v 18 3
v 19 3
v 20 3
v 21 3
v 22 3
v 23 3
v 24 3
v 25 3
v 26 3
v 27 3
v 28 3
v 29 3
v 30 3
v 31 3
v 32 3
v 33 3
v 34 3
v 35 4
v 36 4
v 37 4
v 38 4
v 39 4
v 40 4
v 41 4
v 42 4
v 43 4
v 44 4
v 45 4
v 46 4
v 47 4
v 48 4
v 49 4
v 50 4
v 51 4
v 52 4
v 53 4
v 54 4
v 55 4
v 56 4
v 57 4
v 58 4
v 59 4
v 60 4
v 61 4
v 62 4
v 63 4
v 64 4
v 65 4
v 66 4
v 67 4
v 68 4
e 0 11 1
e 0 13 1
e 1 20 1
e 1 23 1
e 14 2 1
e 2 26 1
e 18 3 1
e 3 27 1
e 4 20 1
e 4 28 1
e 5 30 1
e 5 33 1
e 6 26 2
e 7 27 2
e 8 28 2
e 9 10 1
e 9 11 1
e 9 14 1
e 9 21 1
e 10 12 1
e 10 16 1
e 10 35 1
e 11 13 1
e 11 22 1
e 12 15 1
e 12 19 1
e 12 20 1
e 13 17 1
e 13 36 1
e 14 18 1
e 14 37 1
e 15 18 1
e 15 24 1
e 15 38 1
e 16 17 1
e 16 39 1
e 16 40 1
e 17 41 1
e 17 42 1
e 18 43 1
e 19 23 1
e 19 44 1
e 19 45 1
e 20 46 1
e 21 47 1
e 21 48 1
e 21 49 1
e 22 50 1
e 22 51 1
e 22 52 1
e 23 25 1
e 23 53 1
e 24 54 1
e 24 55 1
e 24 56 1
e 25 29 1
e 25 30 2
e 26 31 1
e 27 32 1
e 28 34 1
e 29 33 2
e 29 57 1
e 30 58 1
e 31 59 1
e 31 60 1
e 31 61 1
e 32 62 1
e 32 63 1
e 32 64 1
e 33 65 1
e 34 66 1
e 34 67 1
e 34 68 1
t # 16224
v 0 1
v 1 1
v 2 1
v 3 1
v 4 3
v 5 3
v 6 3
v 7 3
v 8 3
v 9 3
v 10 3
v 11 3
v 12 3
v 13 3
v 14 3
v 15 3
v 16 3
v 17 3
v 18 3
v 19 3
v 20 3
v 21 3
v 22 3
v 23 3
v 24 4
v 25 4
v 26 4
v 27 4
v 28 4
v 29 4
v 30 4
v 31 4
v 32 4
v 33 4
v 34 4
v 35 4
v 36 4
v 37 4
v 38 4
v 39 4
v 40 4
v 41 4
v 42 4
v 43 4
v 44 4
v 45 4
v 46 4
v 47 4
v 48 4
v 49 4
v 50 4
v 51 4
v 52 4
v 53 4
e 9 0 1
e 0 48 1
e 12 1 1
e 1 49 1
e 2 15 1
e 2 50 1
e 3 22 1
e 3 23 1
e 4 5 1
e 4 6 1
e 4 13 1
e 4 15 1
e 5 9 1
e 5 16 1
e 5 24 1
e 6 7 2
e 6 11 1
e 7 8 1
e 7 10 1
e 8 12 1
e 8 17 1
e 8 18 1
e 9 10 1
e 9 25 1
e 10 26 1
e 10 27 1
e 11 14 1
e 11 28 1
e 11 29 1
e 12 14 1
e 12 30 1
e 13 19 1
e 13 31 1
e 13 32 1
e 14 33 1
e 14 34 1
e 15 35 1
e 15 36 1
e 16 37 1
e 16 38 1
e 16 39 1
e 17 40 1
e 17 41 1
e 17 42 1
e 18 43 1
e 18 44 1
e 18 45 1
e 19 20 1
e 19 46 1
e 19 47 1
e 20 21 1
e 20 22 2
e 21 23 2
e 21 51 1
e 22 52 1
e 23 53 1
t # 16225
v 0 1
v 1 1
v 2 1
v 3 1
v 4 1
v 5 3
v 6 3
v 7 3
v 8 3
v 9 3
v 10 3
v 11 3
v 12 3
v 13 3
v 14 3
v 15 3
v 16 3
v 17 3
v 18 3
v 19 3
v 20 3
v 21 3
v 22 3
v 23 3
v 24 3
v 25 4
v 26 4
v 27 4
v 28 4
v 29 4
v 30 4
v 31 4
v 32 4
v 33 4
v 34 4
v 35 4
v 36 4
v 37 4
v 38 4
v 39 4
v 40 4
v 41 4
v 42 4
v 43 4
v 44 4
v 45 4
v 46 4
v 47 4
v 48 4
v 49 4
v 50 4
e 9 0 1
e 0 44 1
e 1 16 1
e 1 21 1
e 2 16 2
e 3 19 2
e 4 23 1
e 4 24 1
e 5 6 1
e 5 7 1
e 5 8 1
e 5 15 1
e 6 9 1
e 6 16 1
e 6 25 1
e 7 12 1
e 7 13 2
e 8 10 1
e 8 26 1
e 8 27 1
e 9 14 1
e 9 28 1
e 10 11 1
e 10 29 1
e 10 30 1
e 11 13 1
e 11 18 1
e 11 31 1
e 12 14 1
e 12 32 1
e 12 33 1
e 13 17 1
e 14 34 1
e 14 35 1
e 15 36 1
e 15 37 1
e 15 38 1
e 17 19 1
e 17 39 1
e 17 40 1
e 18 41 1
e 18 42 1
e 18 43 1
e 19 20 1
e 20 22 1
e 20 23 2
e 21 45 1
e 21 46 1
e 21 47 1
e 22 24 2
e 22 48 1
e 23 49 1
e 24 50 1
t # 16226
v 0 1
v 1 1
v 2 1
v 3 1
v 4 1
v 5 1
v 6 1
v 7 1
v 8 1
v 9 1
v 10 1
v 11 1
v 12 1
v 13 1
v 14 3
v 15 3
v 16 3
v 17 3
v 18 3
v 19 3
v 20 3
v 21 3
v 22 3
v 23 3
v 24 3
v 25 3
v 26 3
v 27 3
v 28 3
v 29 3
v 30 3
v 31 3
v 32 3
v 33 3
v 34 3
v 35 3
v 36 3
v 37 3
v 38 3
v 39 3
v 40 3
v 41 3
v 42 3
v 43 3
v 44 3
v 45 3
v 46 3
v 47 3
v 48 3
v 49 3
v 50 3
v 51 4
v 52 4
v 53 4
v 54 4
v 55 4
v 56 4
v 57 4
v 58 4
v 59 4
v 60 4
v 61 4
v 62 4
v 63 4
v 64 4
v 65 4
v 66 4
v 67 4
v 68 4
v 69 4
v 70 4
v 71 4
v 72 4
v 73 4
v 74 4
v 75 4
v 76 4
v 77 4
v 78 4
v 79 4
v 80 4
v 81 4
v 82 4
v 83 4
v 84 4
v 85 4
v 86 4
v 87 4
v 88 4
v 89 4
v 90 4
v 91 4
v 92 4
v 93 4
v 94 4
v 95 4
v 96 4
e 0 16 1
e 0 34 1
e 18 1 1
e 1 35 1
e 17 2 1
e 2 68 1
e 22 3 1
e 3 36 1
e 24 4 1
e 4 37 1
e 26 5 1
e 5 38 1
e 6 29 2
e 7 34 2
e 8 35 2
e 9 36 2
e 10 37 2
e 11 38 2
e 12 41 1
e 12 46 1
e 13 46 2
e 14 15 1
e 14 18 1
e 14 21 1
e 14 30 1
e 15 19 1
e 15 24 1
e 15 51 1
e 16 21 1
e 16 22 1
e 16 23 1
e 17 18 1
e 17 20 1
e 17 27 1
e 18 52 1
e 19 23 1
e 19 29 1
e 19 53 1
e 20 22 1
e 20 26 1
e 20 54 1
e 21 55 1
e 21 56 1
e 22 57 1
e 23 58 1
e 23 59 1
e 24 25 1
e 24 60 1
e 25 29 1
e 25 31 1
e 25 32 1
e 26 28 1
e 26 61 1
e 27 28 1
e 27 62 1
e 27 63 1
e 28 33 1
e 28 64 1
e 30 65 1
e 30 66 1
e 30 67 1
e 31 69 1
e 31 70 1
e 31 71 1
e 32 72 1
e 32 73 1
e 32 74 1
e 33 75 1
e 33 76 1
e 33 77 1
e 34 39 1
e 35 40 1
e 36 41 1
e 37 42 1
e 38 43 1
e 39 78 1
e 39 79 1
e 39 80 1
e 40 81 1
e 40 82 1
e 40 83 1
e 41 84 1
e 41 85 1
e 42 86 1
e 42 87 1
e 42 88 1
e 43 44 2
e 43 45 1
e 44 47 1
e 44 89 1
e 45 48 2
e 45 90 1
e 46 50 1
e 47 49 2
e 47 91 1
e 48 49 1
e 48 92 1
e 49 93 1
e 50 94 1
e 50 95 1
e 50 96 1
t # 16227
v 0 1
v 1 1
v 2 1
v 3 1
v 4 1
v 5 1
v 6 1
v 7 1
v 8 1
v 9 1
v 10 3
v 11 3
v 12 3
v 13 3
v 14 3
v 15 3
v 16 3
v 17 3
v 18 3
v 19 3
v 20 3
v 21 3
v 22 3
v 23 3
v 24 3
v 25 3
v 26 3
v 27 3
v 28 3
v 29 3
v 30 3
v 31 3
v 32 3
v 33 3
v 34 3
v 35 3
v 36 3
v 37 3
v 38 3
v 39 3
v 40 3
v 41 3
v 42 3
v 43 4
v 44 4
v 45 4
v 46 4
v 47 4
v 48 4
v 49 4
v 50 4
v 51 4
v 52 4
v 53 4
v 54 4
v 55 4
v 56 4
v 57 4
v 58 4
v 59 4
v 60 4
v 61 4
v 62 4
v 63 4
v 64 4
v 65 4
v 66 4
v 67 4
v 68 4
v 69 4
v 70 4
v 71 4
v 72 4
v 73 4
v 74 4
v 75 4
v 76 4
v 77 4
v 78 4
v 79 4
v 80 4
v 81 4
v 82 4
v 83 4
v 84 4
e 13 0 1
e 0 30 1
e 14 1 1
e 1 31 1
e 17 2 1
e 2 32 1
e 15 3 1
e 3 61 1
e 21 4 1
e 4 33 1
e 5 24 2
e 6 30 2
e 7 31 2
e 8 32 2
e 9 33 2
e 10 11 1
e 10 12 1
e 10 14 1
e 10 23 1
e 11 16 1
e 11 17 1
e 11 25 1
e 12 13 1
e 12 19 1
e 12 43 1
e 13 16 1
e 13 24 1
e 14 15 1
e 14 44 1
e 15 18 1
e 15 22 1
e 16 45 1
e 16 46 1
e 17 18 1
e 17 47 1
e 18 21 1
e 18 48 1
e 19 20 1
e 19 49 1
e 19 50 1
e 20 24 1
e 20 27 1
e 20 28 1
e 21 26 1
e 21 51 1
e 22 26 1
e 22 52 1
e 22 53 1
e 23 54 1
e 23 55 1
e 23 56 1
e 25 57 1
e 25 58 1
e 25 59 1
e 26 29 1
e 26 60 1
e 27 62 1
e 27 63 1
e 27 64 1
e 28 65 1
e 28 66 1
e 28 67 1
e 29 68 1
e 29 69 1
e 29 70 1
e 30 34 1
e 31 35 1
e 32 36 1
e 33 37 1
e 34 71 1
e 34 72 1
e 34 73 1
e 35 74 1
e 35 75 1
e 35 76 1
e 36 77 1
e 36 78 1
e 36 79 1
e 37 38 2
e 37 39 1
e 38 40 1
e 38 80 1
e 39 41 2
e 39 81 1
e 40 42 2
e 40 82 1
e 41 42 1
e 41 83 1
e 42 84 1
t # 16228
v 0 1
v 1 1
v 2 1
v 3 1
v 4 1
v 5 1
v 6 1
v 7 1
v 8 1
v 9 1
v 10 1
v 11 1
v 12 1
v 13 3
v 14 3
v 15 3
v 16 3
v 17 3
v 18 3
v 19 3
v 20 3
v 21 3
v 22 3
v 23 3
v 24 3
v 25 3
v 26 3
v 27 3
v 28 3
v 29 3
v 30 3
v 31 3
v 32 3
v 33 3
v 34 3
v 35 3
v 36 3
v 37 3
v 38 3
v 39 3
v 40 3
v 41 3
v 42 3
v 43 3
v 44 3
v 45 3
v 46 3
v 47 3
v 48 3
v 49 3
v 50 4
v 51 4
v 52 4
v 53 4
v 54 4
v 55 4
v 56 4
v 57 4
v 58 4
v 59 4
v 60 4
v 61 4
v 62 4
v 63 4
v 64 4
v 65 4
v 66 4
v 67 4
v 68 4
v 69 4
v 70 4
v 71 4
v 72 4
v 73 4
v 74 4
v 75 4
v 76 4
v 77 4
v 78 4
v 79 4
v 80 4
v 81 4
v 82 4
v 83 4
v 84 4
v 85 4
v 86 4
v 87 4
v 88 4
v 89 4
v 90 4
v 91 4
v 92 4
v 93 4
v 94 4
v 95 4
v 96 4
v 97 4
e 16 0 1
e 0 33 1
e 17 1 1
e 1 34 1
e 20 2 1
e 2 35 1
e 19 3 1
e 3 71 1
e 23 4 1
e 4 36 1
e 24 5 1
e 5 37 1
e 29 6 1
e 6 38 1
e 7 33 2
e 8 34 2
e 9 35 2
e 10 36 2
e 11 37 2
e 12 38 2
e 13 14 1
e 13 15 1
e 13 17 1
e 13 26 1
e 14 18 1
e 14 20 1
e 14 27 1
e 15 16 1
e 15 22 1
e 15 50 1
e 16 18 1
e 16 23 1
e 17 19 1
e 17 51 1
e 18 52 1
e 18 53 1
e 19 21 1
e 19 25 1
e 20 21 1
e 20 54 1
e 21 24 1
e 21 55 1
e 22 29 1
e 22 56 1
e 22 57 1
e 23 30 1
e 23 58 1
e 24 28 1
e 24 59 1
e 25 28 1
e 25 60 1
e 25 61 1
e 26 62 1
e 26 63 1
e 26 64 1
e 27 65 1
e 27 66 1
e 27 67 1
e 28 31 1
e 28 68 1
e 29 30 1
e 29 32 1
e 30 69 1
e 30 70 1
e 31 72 1
e 31 73 1
e 31 74 1
e 32 75 1
e 32 76 1
e 32 77 1
e 33 39 1
e 34 40 1
e 35 41 1
e 36 42 1
e 37 43 1
e 38 44 1
e 39 78 1
e 39 79 1
e 39 80 1
e 40 81 1
e 40 82 1
e 40 83 1
e 41 84 1
e 41 85 1
e 41 86 1
e 42 87 1
e 42 88 1
e 42 89 1
e 43 45 2
e 43 46 1
e 44 90 1
e 44 91 1
e 44 92 1
e 45 47 1
e 45 93 1
e 46 48 2
e 46 94 1
e 47 49 2
e 47 95 1
e 48 49 1
e 48 96 1
e 49 97 1
t # 16229
v 0 1
v 1 3
v 2 3
v 3 3
v 4 3
v 5 3
v 6 3
v 7 3
v 8 3
v 9 3
v 10 3
v 11 3
v 12 3
v 13 3
v 14 3
v 15 3
v 16 4
v 17 4
v 18 4
v 19 4
v 20 4
v 21 4
v 22 4
v 23 4
v 24 4
v 25 4
v 26 4
v 27 4
v 28 4
v 29 4
v 30 4
v 31 4
v 32 4
v 33 4
v 34 4
v 35 4
v 36 4
v 37 4
v 38 4
v 39 4
v 40 4
v 41 4
e 0 1 1
e 0 38 1
e 1 2 1
e 1 3 1
e 1 4 1
e 2 6 1
e 2 7 1
e 2 12 1
e 3 5 1
e 3 10 1
e 3 16 1
e 4 8 1
e 4 9 1
e 4 17 1
e 5 6 1
e 5 13 1
e 5 14 1
e 6 18 1
e 6 19 1
e 7 8 1
e 7 20 1
e 7 21 1
e 8 22 1
e 8 23 1
e 9 11 1
e 9 15 1
e 9 24 1
e 10 11 1
e 10 25 1
e 10 26 1
e 11 27 1
e 11 28 1
e 12 29 1
e 12 30 1
e 12 31 1
e 13 32 1
e 13 33 1
e 13 34 1
e 14 35 1
e 14 36 1
e 14 37 1
e 15 39 1
e 15 40 1
e 15 41 1
t # 16230
v 0 1
v 1 1
v 2 1
v 3 1
v 4 1
v 5 1
v 6 1
v 7 1
v 8 1
v 9 1
v 10 1
v 11 1
v 12 1
v 13 1
v 14 3
v 15 3
v 16 3
v 17 3
v 18 3
v 19 3
v 20 3
v 21 3
v 22 3
v 23 3
v 24 3
v 25 3
v 26 3
v 27 3
v 28 3
v 29 3
v 30 3
v 31 3
v 32 3
v 33 3
v 34 3
v 35 3
v 36 3
v 37 3
v 38 3
v 39 3
v 40 3
v 41 3
v 42 3
v 43 3
v 44 3
v 45 3
v 46 3
v 47 3
v 48 3
v 49 3
v 50 3
v 51 4
v 52 4
v 53 4
v 54 4
v 55 4
v 56 4
v 57 4
v 58 4
v 59 4
v 60 4
v 61 4
v 62 4
v 63 4
v 64 4
v 65 4
v 66 4
v 67 4
v 68 4
v 69 4
v 70 4
v 71 4
v 72 4
v 73 4
v 74 4
v 75 4
v 76 4
v 77 4
v 78 4
v 79 4
v 80 4
v 81 4
v 82 4
v 83 4
v 84 4
v 85 4
v 86 4
v 87 4
v 88 4
v 89 4
v 90 4
v 91 4
v 92 4
v 93 4
v 94 4
v 95 4
v 96 4
e 0 16 1
e 0 34 1
e 1 18 1
e 1 35 1
e 19 2 1
e 2 36 1
e 17 3 1
e 3 68 1
e 22 4 1
e 4 37 1
e 25 5 1
e 5 38 1
e 6 29 2
e 7 34 2
e 8 35 2
e 9 36 2
e 10 37 2
e 11 38 2
e 12 42 1
e 12 46 1
e 13 46 2
e 14 15 1
e 14 18 1
e 14 19 1
e 14 30 1
e 15 21 1
e 15 24 1
e 15 51 1
e 16 18 1
e 16 22 1
e 16 23 1
e 17 19 1
e 17 20 1
e 17 26 1
e 18 52 1
e 19 53 1
e 20 22 1
e 20 25 1
e 20 54 1
e 21 23 1
e 21 29 1
e 21 55 1
e 22 56 1
e 23 57 1
e 23 58 1
e 24 27 1
e 24 59 1
e 24 60 1
e 25 28 1
e 25 61 1
e 26 28 1
e 26 62 1
e 26 63 1
e 27 29 1
e 27 31 1
e 27 32 1
e 28 33 1
e 28 64 1
e 30 65 1
e 30 66 1
e 30 67 1
e 31 69 1
e 31 70 1
e 31 71 1
e 32 72 1
e 32 73 1
e 32 74 1
e 33 75 1
e 33 76 1
e 33 77 1
e 34 39 1
e 35 40 1
e 36 41 1
e 37 42 1
e 38 43 1
e 39 78 1
e 39 79 1
e 39 80 1
e 40 81 1
e 40 82 1
e 40 83 1
e 41 84 1
e 41 85 1
e 41 86 1
e 42 87 1
e 42 88 1
e 43 44 2
e 43 45 1
e 44 47 1
e 44 89 1
e 45 48 2
e 45 90 1
e 46 50 1
e 47 49 2
e 47 91 1
e 48 49 1
e 48 92 1
e 49 93 1
e 50 94 1
e 50 95 1
e 50 96 1
t # 16231
v 0 1
v 1 1
v 2 1
v 3 1
v 4 1
v 5 1
v 6 1
v 7 1
v 8 1
v 9 1
v 10 1
v 11 1
v 12 3
v 13 3
v 14 3
v 15 3
v 16 3
v 17 3
v 18 3
v 19 3
v 20 3
v 21 3
v 22 3
v 23 3
v 24 3
v 25 3
v 26 3
v 27 3
v 28 3
v 29 3
v 30 3
v 31 3
v 32 3
v 33 3
v 34 3
v 35 3
v 36 3
v 37 3
v 38 3
v 39 3
v 40 3
v 41 3
v 42 3
v 43 3
v 44 3
v 45 3
v 46 3
v 47 4
v 48 4
v 49 4
v 50 4
v 51 4
v 52 4
v 53 4
v 54 4
v 55 4
v 56 4
v 57 4
v 58 4
v 59 4
v 60 4
v 61 4
v 62 4
v 63 4
v 64 4
v 65 4
v 66 4
v 67 4
v 68 4
v 69 4
v 70 4
v 71 4
v 72 4
v 73 4
v 74 4
v 75 4
v 76 4
v 77 4
v 78 4
v 79 4
v 80 4
v 81 4
v 82 4
v 83 4
v 84 4
v 85 4
v 86 4
e 14 0 1
e 0 60 1
e 16 1 1
e 1 31 1
e 17 2 1
e 2 32 1
e 18 3 1
e 3 33 1
e 19 4 1
e 4 34 1
e 5 23 1
e 5 35 1
e 6 27 1
e 6 66 1
e 7 31 2
e 8 32 2
e 9 33 2
e 10 34 2
e 11 35 2
e 12 13 1
e 12 16 1
e 12 21 1
e 12 23 1
e 13 17 1
e 13 22 1
e 13 25 1
e 14 15 1
e 14 17 1
e 14 18 1
e 15 16 1
e 15 19 1
e 15 47 1
e 16 48 1
e 17 49 1
e 18 20 1
e 18 50 1
e 19 20 1
e 19 51 1
e 20 26 1
e 20 52 1
e 21 24 1
e 21 53 1
e 21 54 1
e 22 24 2
e 22 27 1
e 23 55 1
e 23 56 1
e 24 28 1
e 25 57 1
e 25 58 1
e 25 59 1
e 26 61 1
e 26 62 1
e 26 63 1
e 27 29 2
e 28 30 2
e 28 64 1
e 29 30 1
e 29 36 1
e 30 65 1
e 31 37 1
e 32 38 1
e 33 39 1
e 34 40 1
e 35 41 1
e 36 67 1
e 36 68 1
e 36 69 1
e 37 70 1
e 37 71 1
e 37 72 1
e 38 73 1
e 38 74 1
e 38 75 1
e 39 76 1
e 39 77 1
e 39 78 1
e 40 42 2
e 40 43 1
e 41 79 1
e 41 80 1
e 41 81 1
e 42 44 1
e 42 82 1
e 43 45 2
e 43 83 1
e 44 46 2
e 44 84 1
e 45 46 1
e 45 85 1
e 46 86 1
t # 16232
v 0 1
v 1 1
v 2 1
v 3 1
v 4 1
v 5 1
v 6 1
v 7 1
v 8 1
v 9 1
v 10 1
v 11 1
v 12 1
v 13 1
v 14 3
v 15 3
v 16 3
v 17 3
v 18 3
v 19 3
v 20 3
v 21 3
v 22 3
v 23 3
v 24 3
v 25 3
v 26 3
v 27 3
v 28 3
v 29 3
v 30 3
v 31 3
v 32 3
v 33 3
v 34 3
v 35 3
v 36 3
v 37 3
v 38 3
v 39 3
v 40 3
v 41 3
v 42 3
v 43 3
v 44 3
v 45 3
v 46 3
v 47 3
v 48 3
v 49 3
v 50 3
v 51 3
v 52 3
v 53 3
v 54 3
v 55 3
v 56 4
v 57 4
v 58 4
v 59 4
v 60 4
v 61 4
v 62 4
v 63 4
v 64 4
v 65 4
v 66 4
v 67 4
v 68 4
v 69 4
v 70 4
v 71 4
v 72 4
v 73 4
v 74 4
v 75 4
v 76 4
v 77 4
v 78 4
v 79 4
v 80 4
v 81 4
v 82 4
v 83 4
v 84 4
v 85 4
v 86 4
v 87 4
v 88 4
v 89 4
v 90 4
v 91 4
v 92 4
v 93 4
v 94 4
v 95 4
v 96 4
v 97 4
v 98 4
v 99 4
v 100 4
v 101 4
v 102 4
v 103 4
v 104 4
v 105 4
v 106 4
v 107 4
v 108 4
v 109 4
v 110 4
v 111 4
v 112 4
v 113 4
v 114 4
v 115 4
v 116 4
v 117 4
v 118 4
v 119 4
v 120 4
v 121 4
e 28 0 1
e 0 44 1
e 1 36 1
e 1 99 1
e 2 36 2
e 3 41 1
e 3 46 1
e 4 41 2
e 5 44 1
e 5 48 1
e 6 46 1
e 6 52 1
e 7 45 1
e 7 107 1
e 8 47 1
e 8 114 1
e 9 49 1
e 9 115 1
e 10 50 1
e 10 116 1
e 11 51 1
e 11 119 1
e 12 54 1
e 12 120 1
e 13 55 1
e 13 121 1
e 14 16 1
e 14 17 1
e 14 19 1
e 14 29 1
e 15 16 1
e 15 18 1
e 15 24 1
e 15 31 1
e 16 25 1
e 16 56 1
e 17 22 1
e 17 27 1
e 17 36 1
e 18 20 1
e 18 21 1
e 18 57 1
e 19 21 1
e 19 58 1
e 19 59 1
e 20 28 1
e 20 38 1
e 20 39 1
e 21 60 1
e 21 61 1
e 22 23 1
e 22 33 2
e 23 26 1
e 23 34 1
e 23 62 1
e 24 32 1
e 24 63 1
e 24 64 1
e 25 33 1
e 25 65 1
e 25 66 1
e 26 30 1
e 26 35 1
e 26 41 1
e 27 30 1
e 27 67 1
e 27 68 1
e 28 32 1
e 28 69 1
e 29 70 1
e 29 71 1
e 29 72 1
e 30 73 1
e 30 74 1
e 31 75 1
e 31 76 1
e 31 77 1
e 32 78 1
e 32 79 1
e 33 80 1
e 34 37 1
e 34 42 1
e 34 81 1
e 35 40 1
e 35 82 1
e 35 83 1
e 37 40 1
e 37 43 1
e 37 84 1
e 38 85 1
e 38 86 1
e 38 87 1
e 39 88 1
e 39 89 1
e 39 90 1
e 40 91 1
e 40 92 1
e 42 93 1
e 42 94 1
e 42 95 1
e 43 96 1
e 43 97 1
e 43 98 1
e 44 45 1
e 44 100 1
e 45 47 1
e 45 101 1
e 46 50 1
e 46 102 1
e 47 49 1
e 47 103 1
e 48 49 1
e 48 53 1
e 48 104 1
e 49 105 1
e 50 51 1
e 50 106 1
e 51 54 1
e 51 108 1
e 52 54 1
e 52 55 1
e 52 109 1
e 53 110 1
e 53 111 1
e 53 112 1
e 54 113 1
e 55 117 1
e 55 118 1
t # 16233
v 0 1
v 1 1
v 2 1
v 3 1
v 4 1
v 5 1
v 6 1
v 7 1
v 8 1
v 9 3
v 10 3
v 11 3
v 12 3
v 13 3
v 14 3
v 15 3
v 16 3
v 17 3
v 18 3
v 19 3
v 20 3
v 21 3
v 22 3
v 23 3
v 24 3
v 25 3
v 26 3
v 27 3
v 28 3
v 29 3
v 30 3
v 31 3
v 32 3
v 33 3
v 34 3
v 35 3
v 36 3
v 37 3
v 38 3
v 39 3
v 40 3
v 41 3
v 42 3
v 43 3
v 44 3
v 45 4
v 46 4
v 47 4
v 48 4
v 49 4
v 50 4
v 51 4
v 52 4
v 53 4
v 54 4
v 55 4
v 56 4
v 57 4
v 58 4
v 59 4
v 60 4
v 61 4
v 62 4
v 63 4
v 64 4
v 65 4
v 66 4
v 67 4
v 68 4
v 69 4
v 70 4
v 71 4
v 72 4
v 73 4
v 74 4
v 75 4
v 76 4
v 77 4
v 78 4
v 79 4
v 80 4
v 81 4
v 82 4
v 83 4
v 84 4
v 85 4
v 86 4
v 87 4
v 88 4
v 89 4
v 90 4
v 91 4
v 92 4
v 93 4
v 94 4
v 95 4
v 96 4
v 97 4
v 98 4
v 99 4
v 100 4
e 23 0 1
e 0 39 1
e 1 30 1
e 1 88 1
e 2 30 2
e 3 36 1
e 3 90 1
e 4 36 2
e 5 39 1
e 5 42 1
e 6 40 1
e 6 95 1
e 7 41 1
e 7 99 1
e 8 43 1
e 8 100 1
e 9 11 1
e 9 13 1
e 9 14 1
e 9 24 1
e 10 11 1
e 10 12 1
e 10 19 1
e 10 26 1
e 11 20 1
e 11 45 1
e 12 15 1
e 12 16 1
e 12 46 1
e 13 17 1
e 13 21 1
e 13 30 1
e 14 16 1
e 14 47 1
e 14 48 1
e 15 23 1
e 15 33 1
e 15 34 1
e 16 49 1
e 16 50 1
e 17 18 1
e 17 28 2
e 18 22 1
e 18 29 1
e 18 51 1
e 19 27 1
e 19 52 1
e 19 53 1
e 20 28 1
e 20 54 1
e 20 55 1
e 21 25 1
e 21 56 1
e 21 57 1
e 22 25 1
e 22 31 1
e 22 36 1
e 23 27 1
e 23 58 1
e 24 59 1
e 24 60 1
e 24 61 1
e 25 62 1
e 25 63 1
e 26 64 1
e 26 65 1
e 26 66 1
e 27 67 1
e 27 68 1
e 28 69 1
e 29 32 1
e 29 37 1
e 29 70 1
e 31 35 1
e 31 71 1
e 31 72 1
e 32 35 1
e 32 38 1
e 32 73 1
e 33 74 1
e 33 75 1
e 33 76 1
e 34 77 1
e 34 78 1
e 34 79 1
e 35 80 1
e 35 81 1
e 37 82 1
e 37 83 1
e 37 84 1
e 38 85 1
e 38 86 1
e 38 87 1
e 39 40 1
e 39 89 1
e 40 41 1
e 40 91 1
e 41 43 1
e 41 92 1
e 42 43 1
e 42 44 1
e 42 93 1
e 43 94 1
e 44 96 1
e 44 97 1
e 44 98 1
t # 16234
v 0 1
v 1 1
v 2 3
v 3 3
v 4 3
v 5 3
v 6 3
v 7 3
v 8 3
v 9 3
v 10 3
v 11 3
v 12 3
v 13 3
v 14 3
v 15 3
v 16 3
v 17 3
v 18 3
v 19 3
v 20 3
v 21 3
v 22 3
v 23 4
v 24 4
v 25 4
v 26 4
v 27 4
v 28 4
v 29 4
v 30 4
v 31 4
v 32 4
v 33 4
v 34 4
v 35 4
v 36 4
v 37 4
v 38 4
v 39 4
v 40 4
v 41 4
v 42 4
v 43 4
v 44 4
v 45 4
v 46 4
v 47 4
v 48 4
v 49 4
v 50 4
v 51 4
v 52 4
v 53 4
v 54 4
e 0 21 1
e 0 54 1
e 1 21 2
e 2 3 1
e 2 6 1
e 2 8 1
e 2 9 1
e 3 4 1
e 3 10 1
e 3 23 1
e 4 5 1
e 4 15 1
e 4 16 1
e 5 12 1
e 5 14 1
e 5 24 1
e 6 7 1
e 6 25 1
e 6 26 1
e 7 11 1
e 7 13 1
e 7 27 1
e 8 11 1
e 8 28 1
e 8 29 1
e 9 12 1
e 9 30 1
e 9 31 1
e 10 13 1
e 10 32 1
e 10 33 1
e 11 21 1
e 11 34 1
e 12 35 1
e 12 36 1
e 13 37 1
e 13 38 1
e 14 18 1
e 14 19 1
e 14 20 1
e 15 17 1
e 15 39 1
e 15 40 1
e 16 41 1
e 16 42 1
e 16 43 1
e 17 18 1
e 17 44 1
e 17 45 1
e 18 22 2
e 19 46 1
e 19 47 1
e 19 48 1
e 20 49 1
e 20 50 1
e 20 51 1
e 22 52 1
e 22 53 1
t # 16235
v 0 1
v 1 3
v 2 3
v 3 3
v 4 3
v 5 3
v 6 3
v 7 3
v 8 3
v 9 3
v 10 3
v 11 3
v 12 3
v 13 3
v 14 3
v 15 3
v 16 3
v 17 3
v 18 3
v 19 3
v 20 3
v 21 3
v 22 3
v 23 3
v 24 3
v 25 3
v 26 3
v 27 3
v 28 3
v 29 3
v 30 3
v 31 4
v 32 4
v 33 4
v 34 4
v 35 4
v 36 4
v 37 4
v 38 4
v 39 4
v 40 4
v 41 4
v 42 4
v 43 4
v 44 4
v 45 4
v 46 4
v 47 4
v 48 4
v 49 4
v 50 4
v 51 4
v 52 4
v 53 4
v 54 4
v 55 4
v 56 4
v 57 4
v 58 4
v 59 4
v 60 4
v 61 4
v 62 4
v 63 4
v 64 4
v 65 4
v 66 4
v 67 4
v 68 4
v 69 4
v 70 4
v 71 4
v 72 4
v 73 4
v 74 4
v 75 4
v 76 4
v 77 4
v 78 4
v 79 4
v 80 4
e 20 0 1
e 0 71 1
e 1 2 1
e 1 3 1
e 1 7 1
e 1 15 1
e 2 4 1
e 2 6 1
e 2 16 1
e 3 9 1
e 3 13 1
e 3 31 1
e 4 8 2
e 4 12 1
e 5 8 1
e 5 10 1
e 5 18 1
e 5 19 1
e 6 9 1
e 6 32 1
e 6 33 1
e 7 11 1
e 7 34 1
e 7 35 1
e 8 11 1
e 9 36 1
e 9 37 1
e 10 14 1
e 10 17 1
e 10 38 1
e 11 39 1
e 11 40 1
e 12 14 1
e 12 41 1
e 12 42 1
e 13 22 1
e 13 23 1
e 13 43 1
e 14 44 1
e 14 45 1
e 15 46 1
e 15 47 1
e 15 48 1
e 16 49 1
e 16 50 1
e 16 51 1
e 17 20 1
e 17 24 1
e 17 52 1
e 18 21 1
e 18 53 1
e 18 54 1
e 19 55 1
e 19 56 1
e 19 57 1
e 20 21 1
e 20 58 1
e 21 59 1
e 21 60 1
e 22 25 1
e 22 61 1
e 22 62 1
e 23 63 1
e 23 64 1
e 23 65 1
e 24 66 1
e 24 67 1
e 24 68 1
e 25 26 1
e 25 69 1
e 25 70 1
e 26 27 1
e 26 28 2
e 27 29 1
e 27 30 1
e 27 72 1
e 28 73 1
e 28 74 1
e 29 75 1
e 29 76 1
e 29 77 1
e 30 78 1
e 30 79 1
e 30 80 1
t # 16236
v 0 1
v 1 1
v 2 1
v 3 1
v 4 1
v 5 3
v 6 3
v 7 3
v 8 3
v 9 3
v 10 3
v 11 3
v 12 3
v 13 3
v 14 3
v 15 3
v 16 3
v 17 3
v 18 3
v 19 3
v 20 3
v 21 3
v 22 3
v 23 3
v 24 3
v 25 3
v 26 3
v 27 3
v 28 3
v 29 3
v 30 3
v 31 3
v 32 3
v 33 4
v 34 4
v 35 4
v 36 4
v 37 4
v 38 4
v 39 4
v 40 4
v 41 4
v 42 4
v 43 4
v 44 4
v 45 4
v 46 4
v 47 4
v 48 4
v 49 4
v 50 4
v 51 4
v 52 4
v 53 4
v 54 4
v 55 4
v 56 4
v 57 4
v 58 4
v 59 4
v 60 4
v 61 4
v 62 4
v 63 4
v 64 4
v 65 4
v 66 4
v 67 4
v 68 4
v 69 4
v 70 4
v 71 4
v 72 4
v 73 4
v 74 4
v 75 4
v 76 4
e 5 0 1
e 0 20 1
e 9 1 1
e 1 23 1
e 10 2 1
e 2 49 1
e 3 22 2
e 4 26 1
e 4 76 1
e 5 6 1
e 5 7 1
e 5 9 1
e 6 7 1
e 6 8 1
e 6 33 1
e 7 12 1
e 7 13 1
e 8 10 1
e 8 15 1
e 8 34 1
e 9 11 1
e 9 35 1
e 10 11 1
e 10 14 1
e 11 17 1
e 11 36 1
e 12 37 1
e 12 38 1
e 12 39 1
e 13 40 1
e 13 41 1
e 13 42 1
e 14 16 1
e 14 21 1
e 14 43 1
e 15 18 2
e 15 44 1
e 16 19 1
e 16 22 1
e 16 45 1
e 17 46 1
e 17 47 1
e 17 48 1
e 18 19 1
e 18 26 1
e 19 50 1
e 19 51 1
e 20 25 1
e 20 52 1
e 20 53 1
e 21 24 2
e 21 54 1
e 22 24 1
e 23 27 1
e 23 55 1
e 23 56 1
e 24 28 1
e 25 29 1
e 25 30 1
e 25 57 1
e 26 58 1
e 26 59 1
e 27 31 1
e 27 32 1
e 27 60 1
e 28 61 1
e 28 62 1
e 28 63 1
e 29 64 1
e 29 65 1
e 29 66 1
e 30 67 1
e 30 68 1
e 30 69 1
e 31 70 1
e 31 71 1
e 31 72 1
e 32 73 1
e 32 74 1
e 32 75 1
t # 16237
v 0 1
v 1 1
v 2 1
v 3 1
v 4 1
v 5 1
v 6 1
v 7 1
v 8 1
v 9 1
v 10 2
v 11 2
v 12 3
v 13 3
v 14 3
v 15 3
v 16 3
v 17 3
v 18 3
v 19 3
v 20 3
v 21 3
v 22 3
v 23 3
v 24 3
v 25 3
v 26 3
v 27 3
v 28 3
v 29 3
v 30 3
v 31 3
v 32 3
v 33 3
v 34 3
v 35 3
v 36 3
v 37 3
v 38 3
v 39 3
v 40 3
v 41 3
v 42 3
v 43 3
v 44 3
v 45 3
v 46 3
v 47 3
v 48 3
v 49 3
v 50 3
v 51 4
v 52 4
v 53 4
v 54 4
v 55 4
v 56 4
v 57 4
v 58 4
v 59 4
v 60 4
v 61 4
v 62 4
v 63 4
v 64 4
v 65 4
v 66 4
v 67 4
v 68 4
v 69 4
v 70 4
v 71 4
v 72 4
v 73 4
v 74 4
v 75 4
v 76 4
v 77 4
v 78 4
v 79 4
v 80 4
v 81 4
v 82 4
v 83 4
v 84 4
v 85 4
v 86 4
v 87 4
v 88 4
v 89 4
v 90 4
v 91 4
v 92 4
v 93 4
v 94 4
v 95 4
v 96 4
e 0 15 1
e 0 20 1
e 16 1 1
e 1 30 1
e 17 2 1
e 2 31 1
e 18 3 1
e 3 34 1
e 19 4 1
e 4 32 1
e 22 5 1
e 5 36 1
e 6 30 2
e 7 31 2
e 8 34 2
e 9 36 2
e 10 44 1
e 10 49 2
e 11 46 1
e 11 50 2
e 12 13 1
e 12 17 1
e 12 20 1
e 12 22 1
e 13 15 1
e 13 24 1
e 13 51 1
e 14 16 1
e 14 17 1
e 14 19 1
e 14 52 1
e 15 18 1
e 15 25 1
e 16 18 1
e 16 21 1
e 17 53 1
e 18 54 1
e 19 23 1
e 19 55 1
e 20 56 1
e 20 57 1
e 21 23 1
e 21 58 1
e 21 59 1
e 22 26 1
e 22 60 1
e 23 28 1
e 23 61 1
e 24 27 1
e 24 29 1
e 24 62 1
e 25 63 1
e 25 64 1
e 25 65 1
e 26 27 2
e 26 66 1
e 27 67 1
e 28 68 1
e 28 69 1
e 28 70 1
e 29 33 1
e 29 35 2
e 30 38 1
e 31 39 1
e 32 37 1
e 32 71 1
e 32 72 1
e 33 73 1
e 33 74 1
e 33 75 1
e 34 40 1
e 35 76 1
e 35 77 1
e 36 41 1
e 37 42 1
e 37 78 1
e 37 79 1
e 38 80 1
e 38 81 1
e 38 82 1
e 39 83 1
e 39 84 1
e 39 85 1
e 40 43 1
e 40 44 2
e 41 45 1
e 41 46 2
e 42 86 1
e 42 87 1
e 42 88 1
e 43 47 2
e 43 89 1
e 44 90 1
e 45 48 2
e 45 91 1
e 46 92 1
e 47 49 1
e 47 93 1
e 48 50 1
e 48 94 1
e 49 95 1
e 50 96 1
t # 16238
v 0 1
v 1 1
v 2 1
v 3 1
v 4 1
v 5 1
v 6 1
v 7 1
v 8 1
v 9 1
v 10 1
v 11 2
v 12 2
v 13 2
v 14 2
v 15 2
v 16 2
v 17 2
v 18 2
v 19 2
v 20 3
v 21 3
v 22 3
v 23 3
v 24 3
v 25 3
v 26 3
v 27 3
v 28 3
v 29 3
v 30 3
v 31 3
v 32 3
v 33 3
v 34 3
v 35 3
v 36 3
v 37 3
v 38 3
v 39 3
v 40 3
v 41 3
v 42 3
v 43 3
v 44 3
v 45 3
v 46 3
v 47 3
v 48 3
v 49 3
v 50 3
v 51 4
v 52 4
v 53 4
v 54 4
v 55 4
v 56 4
v 57 4
v 58 4
v 59 4
v 60 4
v 61 4
v 62 4
v 63 4
v 64 4
v 65 4
v 66 4
v 67 4
v 68 4
v 69 4
v 70 4
v 71 4
v 72 4
v 73 4
v 74 4
v 75 4
v 76 4
v 77 4
v 78 4
v 79 4
v 80 4
v 81 4
v 82 4
v 83 4
v 84 4
v 85 4
v 86 4
v 87 4
v 88 4
v 89 4
v 90 4
v 91 4
e 0 26 2
e 1 28 2
e 2 32 2
e 3 35 2
e 4 36 2
e 5 47 1
e 5 85 1
e 6 48 1
e 6 86 1
e 7 49 1
e 7 87 1
e 8 47 2
e 9 48 2
e 10 49 2
e 11 20 1
e 11 26 1
e 11 59 1
e 12 21 1
e 12 32 1
e 12 60 1
e 13 24 1
e 13 28 1
e 13 61 1
e 14 25 1
e 14 36 1
e 14 69 1
e 15 30 1
e 15 35 1
e 15 70 1
e 16 37 1
e 16 38 1
e 16 80 1
e 17 42 1
e 17 50 2
e 18 50 1
e 18 88 1
e 18 89 1
e 19 50 1
e 19 90 1
e 19 91 1
e 20 22 1
e 20 28 1
e 20 51 1
e 21 23 1
e 21 26 1
e 21 52 1
e 22 27 1
e 22 53 1
e 22 54 1
e 23 29 1
e 23 55 1
e 23 56 1
e 24 31 1
e 24 35 1
e 24 57 1
e 25 32 1
e 25 33 1
e 25 58 1
e 27 34 1
e 27 37 2
e 29 42 1
e 29 63 1
e 29 64 1
e 30 36 1
e 30 39 1
e 30 62 1
e 31 40 1
e 31 65 1
e 31 66 1
e 33 41 1
e 33 67 1
e 33 68 1
e 34 38 1
e 34 43 2
e 37 71 1
e 38 44 2
e 39 47 1
e 39 72 1
e 39 73 1
e 40 48 1
e 40 74 1
e 40 75 1
e 41 49 1
e 41 76 1
e 41 77 1
e 42 78 1
e 42 79 1
e 43 45 1
e 43 81 1
e 44 46 1
e 44 82 1
e 45 46 2
e 45 83 1
e 46 84 1
t # 16239
v 0 11
v 1 1
v 2 2
v 3 2
v 4 2
v 5 3
v 6 3
v 7 3
v 8 3
v 9 3
v 10 3
v 11 3
v 12 3
v 13 3
v 14 3
v 15 3
v 16 3
v 17 3
v 18 3
v 19 3
v 20 4
v 21 4
v 22 4
v 23 4
v 24 4
v 25 4
v 26 4
v 27 4
v 28 4
v 29 4
v 30 4
v 31 4
v 32 4
v 33 4
v 34 4
e 0 16 1
e 0 19 1
e 1 8 1
e 1 11 1
e 2 5 1
e 2 8 1
e 2 25 1
e 3 10 2
e 3 16 1
e 4 13 1
e 4 16 2
e 5 6 1
e 5 7 1
e 5 20 1
e 6 7 1
e 6 21 1
e 6 22 1
e 7 23 1
e 7 24 1
e 8 9 1
e 8 26 1
e 9 10 1
e 9 13 2
e 10 12 1
e 11 12 1
e 11 15 2
e 12 14 2
e 13 27 1
e 14 17 1
e 14 28 1
e 15 18 1
e 15 29 1
e 17 18 2
e 17 30 1
e 18 31 1
e 19 32 1
e 19 33 1
e 19 34 1
t # 16240
v 0 12
v 1 11
v 2 1
v 3 2
v 4 2
v 5 2
v 6 3
v 7 3
v 8 3
v 9 3
v 10 3
v 11 3
v 12 3
v 13 3
v 14 3
v 15 3
v 16 3
v 17 3
v 18 3
v 19 3
v 20 3
v 21 3
v 22 4
v 23 4
v 24 4
v 25 4
v 26 4
v 27 4
v 28 4
v 29 4
v 30 4
v 31 4
v 32 4
v 33 4
v 34 4
v 35 4
v 36 4
v 37 4
v 38 4
v 39 4
e 1 18 1
e 1 21 1
e 2 10 1
e 2 13 1
e 3 6 1
e 3 7 1
e 3 10 1
e 4 12 2
e 4 18 1
e 5 15 1
e 5 18 2
e 6 8 1
e 6 22 1
e 6 23 1
e 7 9 1
e 7 24 1
e 7 25 1
e 8 9 1
e 8 26 1
e 8 27 1
e 9 28 1
e 9 29 1
e 10 11 1
e 10 30 1
e 11 12 1
e 11 15 2
e 12 14 1
e 13 14 1
e 13 16 2
e 14 17 2
e 15 31 1
e 16 19 1
e 16 32 1
e 17 20 1
e 17 33 1
e 19 20 2
e 19 35 1
e 20 34 1
e 21 36 1
e 21 37 1
e 21 38 1
t # 16241
v 0 11
v 1 1
v 2 2
v 3 2
v 4 2
v 5 3
v 6 3
v 7 3
v 8 3
v 9 3
v 10 3
v 11 3
v 12 3
v 13 3
v 14 3
v 15 3
v 16 3
v 17 3
v 18 3
v 19 3
v 20 3
v 21 3
v 22 4
v 23 4
v 24 4
v 25 4
v 26 4
v 27 4
v 28 4
v 29 4
v 30 4
v 31 4
v 32 4
v 33 4
v 34 4
v 35 4
v 36 4
v 37 4
v 38 4
v 39 4
v 40 4
e 0 18 1
e 0 21 1
e 1 9 1
e 1 13 1
e 2 5 1
e 2 6 1
e 2 9 1
e 3 12 2
e 3 18 1
e 4 15 1
e 4 18 2
e 5 7 1
e 5 22 1
e 5 23 1
e 6 8 1
e 6 24 1
e 6 25 1
e 7 10 1
e 7 26 1
e 7 27 1
e 8 10 1
e 8 28 1
e 8 29 1
e 9 11 1
e 9 30 1
e 10 31 1
e 10 32 1
e 11 12 1
e 11 15 2
e 12 14 1
e 13 14 1
e 13 16 2
e 14 17 2
e 15 33 1
e 16 19 1
e 16 35 1
e 17 20 1
e 17 34 1
e 19 20 2
e 19 37 1
e 20 36 1
e 21 38 1
e 21 39 1
e 21 40 1
t # 16242
v 0 11
v 1 1
v 2 1
v 3 2
v 4 2
v 5 2
v 6 3
v 7 3
v 8 3
v 9 3
v 10 3
v 11 3
v 12 3
v 13 3
v 14 3
v 15 3
v 16 3
v 17 3
v 18 3
v 19 3
v 20 3
v 21 3
v 22 4
v 23 4
v 24 4
v 25 4
v 26 4
v 27 4
v 28 4
v 29 4
v 30 4
v 31 4
v 32 4
v 33 4
v 34 4
v 35 4
v 36 4
v 37 4
v 38 4
e 0 20 1
e 0 21 1
e 1 6 1
e 1 14 1
e 2 10 1
e 2 11 1
e 3 6 1
e 3 7 1
e 3 8 1
e 4 12 2
e 4 20 1
e 5 15 1
e 5 20 2
e 6 9 1
e 6 22 1
e 7 10 1
e 7 23 1
e 7 24 1
e 8 11 1
e 8 25 1
e 8 26 1
e 9 12 1
e 9 15 2
e 10 27 1
e 10 28 1
e 11 29 1
e 11 30 1
e 12 13 1
e 13 14 1
e 13 16 2
e 14 17 2
e 15 31 1
e 16 18 1
e 16 32 1
e 17 19 1
e 17 33 1
e 18 19 2
e 18 34 1
e 19 35 1
e 21 36 1
e 21 37 1
e 21 38 1
t # 16243
v 0 12
v 1 11
v 2 1
v 3 1
v 4 2
v 5 2
v 6 3
v 7 3
v 8 3
v 9 3
v 10 3
v 11 3
v 12 3
v 13 3
v 14 3
v 15 3
v 16 3
v 17 3
v 18 3
v 19 3
v 20 4
v 21 4
v 22 4
v 23 4
v 24 4
v 25 4
v 26 4
v 27 4
v 28 4
v 29 4
v 30 4
v 31 4
v 32 4
v 33 4
v 34 4
e 1 17 1
e 1 19 1
e 2 6 1
e 2 10 1
e 3 6 1
e 3 14 1
e 4 8 2
e 4 17 1
e 5 12 1
e 5 17 2
e 6 7 1
e 6 20 1
e 7 8 1
e 7 12 2
e 8 9 1
e 9 10 1
e 9 11 2
e 10 13 2
e 11 15 1
e 11 21 1
e 12 22 1
e 13 16 1
e 13 23 1
e 14 18 1
e 14 24 1
e 14 25 1
e 15 16 2
e 15 26 1
e 16 27 1
e 18 28 1
e 18 29 1
e 18 30 1
e 19 31 1
e 19 32 1
e 19 33 1
t # 16244
v 0 12
v 1 11
v 2 1
v 3 2
v 4 2
v 5 3
v 6 3
v 7 3
v 8 3
v 9 3
v 10 3
v 11 3
v 12 3
v 13 3
v 14 3
v 15 3
v 16 3
v 17 4
v 18 4
v 19 4
v 20 4
v 21 4
v 22 4
v 23 4
v 24 4
v 25 4
v 26 4
v 27 4
e 1 15 1
e 1 16 1
e 2 8 1
e 2 9 1
e 3 7 2
e 3 15 1
e 4 12 1
e 4 15 2
e 5 7 1
e 5 9 1
e 5 10 2
e 6 7 1
e 6 8 1
e 6 12 2
e 8 17 1
e 8 18 1
e 9 11 2
e 10 13 1
e 10 19 1
e 11 14 1
e 11 21 1
e 12 20 1
e 13 14 2
e 13 22 1
e 14 23 1
e 16 24 1
e 16 25 1
e 16 26 1
t # 16245
v 0 1
v 1 1
v 2 2
v 3 2
v 4 2
v 5 3
v 6 3
v 7 3
v 8 3
v 9 3
v 10 3
v 11 3
v 12 3
v 13 3
v 14 3
v 15 3
v 16 3
v 17 3
v 18 3
v 19 3
v 20 3
v 21 3
v 22 3
v 23 3
v 24 4
v 25 4
v 26 4
v 27 4
v 28 4
v 29 4
v 30 4
v 31 4
v 32 4
v 33 4
v 34 4
v 35 4
v 36 4
v 37 4
v 38 4
e 0 5 1
e 0 10 1
e 1 22 2
e 2 7 2
e 2 16 1
e 3 11 1
e 3 16 2
e 4 16 1
e 4 22 1
e 4 35 1
e 5 6 1
e 5 9 1
e 5 24 1
e 6 7 1
e 6 11 2
e 7 8 1
e 8 10 1
e 8 12 2
e 9 14 2
e 9 15 1
e 10 13 2
e 11 25 1
e 12 17 1
e 12 26 1
e 13 18 1
e 13 27 1
e 14 19 1
e 14 28 1
e 15 20 2
e 15 29 1
e 17 18 2
e 17 30 1
e 18 31 1
e 19 21 2
e 19 32 1
e 20 21 1
e 20 33 1
e 21 34 1
e 22 23 1
e 23 36 1
e 23 37 1
e 23 38 1
t # 16246
v 0 1
v 1 1
v 2 2
v 3 2
v 4 2
v 5 3
v 6 3
v 7 3
v 8 3
v 9 3
v 10 3
v 11 3
v 12 3
v 13 3
v 14 3
v 15 3
v 16 3
v 17 3
v 18 4
v 19 4
v 20 4
v 21 4
v 22 4
v 23 4
v 24 4
v 25 4
v 26 4
v 27 4
v 28 4
e 0 8 1
e 0 9 1
e 1 16 2
e 2 5 2
e 2 13 1
e 3 11 1
e 3 13 2
e 4 13 1
e 4 16 1
e 4 25 1
e 5 6 1
e 5 7 1
e 6 8 1
e 6 11 2
e 7 9 1
e 7 10 2
e 8 18 1
e 8 19 1
e 9 12 2
e 10 14 1
e 10 20 1
e 11 21 1
e 12 15 1
e 12 22 1
e 14 15 2
e 14 23 1
e 15 24 1
e 16 17 1
e 17 26 1
e 17 27 1
e 17 28 1
t # 16247
v 0 1
v 1 1
v 2 2
v 3 2
v 4 2
v 5 3
v 6 3
v 7 3
v 8 3
v 9 3
v 10 3
v 11 3
v 12 3
v 13 3
v 14 3
v 15 3
v 16 3
v 17 3
v 18 4
v 19 4
v 20 4
v 21 4
v 22 4
v 23 4
v 24 4
v 25 4
v 26 4
v 27 4
v 28 4
v 29 4
v 30 4
e 0 5 1
e 0 9 1
e 1 5 1
e 1 13 1
e 2 7 2
e 2 16 1
e 3 11 1
e 3 16 2
e 4 16 1
e 4 29 1
e 4 30 1
e 5 6 1
e 5 18 1
e 6 7 1
e 6 11 2
e 7 8 1
e 8 9 1
e 8 10 2
e 9 12 2
e 10 14 1
e 10 19 1
e 11 20 1
e 12 15 1
e 12 21 1
e 13 17 1
e 13 22 1
e 13 23 1
e 14 15 2
e 14 24 1
e 15 25 1
e 17 26 1
e 17 27 1
e 17 28 1
t # 16248
v 0 1
v 1 2
v 2 2
v 3 2
v 4 2
v 5 3
v 6 3
v 7 3
v 8 3
v 9 3
v 10 3
v 11 3
v 12 3
v 13 3
v 14 3
v 15 3
v 16 3
v 17 3
v 18 3
v 19 4
v 20 4
v 21 4
v 22 4
v 23 4
v 24 4
v 25 4
v 26 4
v 27 4
v 28 4
v 29 4
v 30 4
v 31 4
v 32 4
e 0 8 1
e 0 11 1
e 1 5 1
e 1 8 1
e 1 24 1
e 2 10 2
e 2 16 1
e 3 13 1
e 3 16 2
e 4 16 1
e 4 31 1
e 4 32 1
e 5 6 1
e 5 7 1
e 5 19 1
e 6 7 1
e 6 20 1
e 6 21 1
e 7 22 1
e 7 23 1
e 8 9 1
e 8 25 1
e 9 10 1
e 9 13 2
e 10 12 1
e 11 12 1
e 11 15 2
e 12 14 2
e 13 26 1
e 14 17 1
e 14 27 1
e 15 18 1
e 15 28 1
e 17 18 2
e 17 29 1
e 18 30 1
t # 16249
v 0 1
v 1 2
v 2 2
v 3 2
v 4 2
v 5 3
v 6 3
v 7 3
v 8 3
v 9 3
v 10 3
v 11 3
v 12 3
v 13 3
v 14 3
v 15 3
v 16 3
v 17 3
v 18 3
v 19 3
v 20 3
v 21 4
v 22 4
v 23 4
v 24 4
v 25 4
v 26 4
v 27 4
v 28 4
v 29 4
v 30 4
v 31 4
v 32 4
v 33 4
v 34 4
v 35 4
v 36 4
v 37 4
v 38 4
e 0 9 1
e 0 13 1
e 1 5 1
e 1 6 1
e 1 9 1
e 2 12 2
e 2 18 1
e 3 15 1
e 3 18 2
e 4 18 1
e 4 37 1
e 4 38 1
e 5 7 1
e 5 21 1
e 5 22 1
e 6 8 1
e 6 23 1
e 6 24 1
e 7 10 1
e 7 25 1
e 7 26 1
e 8 10 1
e 8 27 1
e 8 28 1
e 9 11 1
e 9 29 1
e 10 30 1
e 10 31 1
e 11 12 1
e 11 15 2
e 12 14 1
e 13 14 1
e 13 17 2
e 14 16 2
e 15 32 1
e 16 19 1
e 16 33 1
e 17 20 1
e 17 34 1
e 19 20 2
e 19 35 1
e 20 36 1
t # 16250
v 0 1
v 1 2
v 2 2
v 3 2
v 4 2
v 5 3
v 6 3
v 7 3
v 8 3
v 9 3
v 10 3
v 11 3
v 12 3
v 13 3
v 14 3
v 15 3
v 16 3
v 17 3
v 18 3
v 19 3
v 20 4
v 21 4
v 22 4
v 23 4
v 24 4
v 25 4
v 26 4
v 27 4
v 28 4
v 29 4
v 30 4
v 31 4
v 32 4
v 33 4
v 34 4
v 35 4
e 0 9 1
e 0 13 1
e 1 5 1
e 1 6 1
e 1 9 1
e 2 11 2
e 2 17 1
e 3 14 1
e 3 17 2
e 4 17 1
e 4 34 1
e 4 35 1
e 5 7 1
e 5 20 1
e 5 21 1
e 6 8 1
e 6 22 1
e 6 23 1
e 7 8 1
e 7 24 1
e 7 25 1
e 8 26 1
e 8 27 1
e 9 10 1
e 9 28 1
e 10 11 1
e 10 14 2
e 11 12 1
e 12 13 1
e 12 15 2
e 13 16 2
e 14 29 1
e 15 18 1
e 15 30 1
e 16 19 1
e 16 31 1
e 18 19 2
e 18 32 1
e 19 33 1
t # 16251
v 0 1
v 1 1
v 2 2
v 3 2
v 4 2
v 5 2
v 6 3
v 7 3
v 8 3
v 9 3
v 10 3
v 11 3
v 12 3
v 13 3
v 14 3
v 15 3
v 16 3
v 17 3
v 18 3
v 19 3
v 20 3
v 21 4
v 22 4
v 23 4
v 24 4
v 25 4
v 26 4
v 27 4
v 28 4
v 29 4
v 30 4
v 31 4
v 32 4
v 33 4
v 34 4
v 35 4
v 36 4
e 0 6 1
e 0 14 1
e 1 10 1
e 1 11 1
e 2 6 1
e 2 7 1
e 2 8 1
e 3 12 2
e 3 18 1
e 4 15 1
e 4 18 2
e 5 18 1
e 5 35 1
e 5 36 1
e 6 9 1
e 6 21 1
e 7 10 1
e 7 22 1
e 7 23 1
e 8 11 1
e 8 24 1
e 8 25 1
e 9 12 1
e 9 15 2
e 10 26 1
e 10 27 1
e 11 28 1
e 11 29 1
e 12 13 1
e 13 14 1
e 13 16 2
e 14 17 2
e 15 30 1
e 16 19 1
e 16 31 1
e 17 20 1
e 17 32 1
e 19 20 2
e 19 33 1
e 20 34 1
t # 16252
v 0 1
v 1 2
v 2 2
v 3 2
v 4 2
v 5 3
v 6 3
v 7 3
v 8 3
v 9 3
v 10 3
v 11 3
v 12 3
v 13 3
v 14 3
v 15 3
v 16 4
v 17 4
v 18 4
v 19 4
v 20 4
v 21 4
v 22 4
v 23 4
v 24 4
v 25 4
e 0 8 1
e 0 9 1
e 1 6 2
e 1 14 1
e 2 11 1
e 2 14 2
e 3 4 1
e 3 14 1
e 3 23 1
e 4 24 1
e 4 25 1
e 5 6 1
e 5 9 1
e 5 10 2
e 6 7 1
e 7 8 1
e 7 11 2
e 8 16 1
e 8 17 1
e 9 12 2
e 10 13 1
e 10 18 1
e 11 19 1
e 12 15 1
e 12 20 1
e 13 15 2
e 13 21 1
e 15 22 1
t # 16253
v 0 1
v 1 1
v 2 1
v 3 2
v 4 2
v 5 2
v 6 3
v 7 3
v 8 3
v 9 3
v 10 3
v 11 3
v 12 3
v 13 3
v 14 3
v 15 3
v 16 3
v 17 3
v 18 3
v 19 3
v 20 3
v 21 3
v 22 3
v 23 3
v 24 3
v 25 3
v 26 4
v 27 4
v 28 4
v 29 4
v 30 4
v 31 4
v 32 4
v 33 4
v 34 4
v 35 4
v 36 4
v 37 4
v 38 4
v 39 4
v 40 4
v 41 4
v 42 4
e 0 6 1
e 0 11 1
e 1 25 1
e 1 42 1
e 2 25 2
e 3 8 2
e 3 14 1
e 4 14 1
e 4 22 1
e 4 24 1
e 5 12 1
e 5 14 2
e 6 7 1
e 6 10 1
e 6 26 1
e 7 8 1
e 7 12 2
e 8 9 1
e 9 11 1
e 9 13 2
e 10 16 2
e 10 17 1
e 11 15 2
e 12 27 1
e 13 18 1
e 13 28 1
e 15 19 1
e 15 29 1
e 16 20 1
e 16 30 1
e 17 21 2
e 17 31 1
e 18 19 2
e 18 32 1
e 19 33 1
e 20 23 2
e 20 36 1
e 21 23 1
e 21 37 1
e 22 25 1
e 22 34 1
e 22 35 1
e 23 41 1
e 24 38 1
e 24 39 1
e 24 40 1
t # 16254
v 0 1
v 1 1
v 2 1
v 3 1
v 4 2
v 5 2
v 6 2
v 7 2
v 8 3
v 9 3
v 10 3
v 11 3
v 12 3
v 13 3
v 14 3
v 15 3
v 16 3
v 17 3
v 18 3
v 19 3
v 20 3
v 21 3
v 22 3
v 23 4
v 24 4
v 25 4
v 26 4
v 27 4
v 28 4
v 29 4
v 30 4
v 31 4
v 32 4
v 33 4
v 34 4
v 35 4
v 36 4
e 0 12 1
e 0 13 1
e 1 19 1
e 1 36 1
e 2 19 2
e 3 22 2
e 4 10 1
e 4 15 1
e 4 28 1
e 5 8 2
e 5 15 1
e 6 15 2
e 6 16 1
e 7 22 1
e 7 34 1
e 7 35 1
e 8 9 1
e 8 11 1
e 9 12 1
e 9 16 2
e 10 14 1
e 10 19 1
e 10 23 1
e 11 13 1
e 11 17 2
e 12 24 1
e 12 25 1
e 13 18 2
e 14 22 1
e 14 26 1
e 14 27 1
e 16 29 1
e 17 20 1
e 17 30 1
e 18 21 1
e 18 31 1
e 20 21 2
e 20 32 1
e 21 33 1
t # 16255
v 0 1
v 1 1
v 2 1
v 3 2
v 4 2
v 5 2
v 6 3
v 7 3
v 8 3
v 9 3
v 10 3
v 11 3
v 12 3
v 13 3
v 14 3
v 15 3
v 16 3
v 17 3
v 18 3
v 19 3
v 20 3
v 21 4
v 22 4
v 23 4
v 24 4
v 25 4
v 26 4
v 27 4
v 28 4
v 29 4
v 30 4
v 31 4
v 32 4
v 33 4
v 34 4
v 35 4
e 0 9 1
e 0 12 1
e 1 20 1
e 1 35 1
e 2 20 2
e 3 10 1
e 3 13 1
e 3 27 1
e 4 6 2
e 4 13 1
e 5 13 2
e 5 14 1
e 6 7 1
e 6 8 1
e 7 9 1
e 7 14 2
e 8 12 1
e 8 16 2
e 9 21 1
e 9 22 1
e 10 11 1
e 10 23 1
e 10 24 1
e 11 15 1
e 11 25 1
e 11 26 1
e 12 17 2
e 14 30 1
e 15 20 1
e 15 28 1
e 15 29 1
e 16 18 1
e 16 31 1
e 17 19 1
e 17 32 1
e 18 19 2
e 18 33 1
e 19 34 1
t # 16256
v 0 1
v 1 1
v 2 1
v 3 2
v 4 2
v 5 2
v 6 3
v 7 3
v 8 3
v 9 3
v 10 3
v 11 3
v 12 3
v 13 3
v 14 3
v 15 3
v 16 3
v 17 3
v 18 3
v 19 3
v 20 4
v 21 4
v 22 4
v 23 4
v 24 4
v 25 4
v 26 4
v 27 4
v 28 4
v 29 4
v 30 4
v 31 4
v 32 4
e 0 9 1
e 0 10 1
e 1 19 1
e 1 32 1
e 2 19 2
e 3 6 2
e 3 11 1
e 4 11 1
e 4 14 1
e 4 27 1
e 5 11 2
e 5 12 1
e 6 7 1
e 6 8 1
e 7 9 1
e 7 12 2
e 8 10 1
e 8 13 2
e 9 20 1
e 9 21 1
e 10 15 2
e 12 22 1
e 13 17 1
e 13 23 1
e 14 16 1
e 14 24 1
e 14 25 1
e 15 18 1
e 15 26 1
e 16 19 1
e 16 28 1
e 16 29 1
e 17 18 2
e 17 30 1
e 18 31 1
t # 16257
v 0 1
v 1 1
v 2 1
v 3 2
v 4 2
v 5 2
v 6 3
v 7 3
v 8 3
v 9 3
v 10 3
v 11 3
v 12 3
v 13 3
v 14 3
v 15 3
v 16 3
v 17 3
v 18 3
v 19 3
v 20 4
v 21 4
v 22 4
v 23 4
v 24 4
v 25 4
v 26 4
v 27 4
v 28 4
v 29 4
v 30 4
v 31 4
v 32 4
e 0 9 1
e 0 10 1
e 1 19 1
e 1 32 1
e 2 19 2
e 3 11 1
e 3 12 1
e 3 24 1
e 4 6 2
e 4 12 1
e 5 12 2
e 5 13 1
e 6 7 1
e 6 8 1
e 7 9 1
e 7 13 2
e 8 10 1
e 8 14 2
e 9 20 1
e 9 21 1
e 10 15 2
e 11 16 1
e 11 19 1
e 11 22 1
e 13 23 1
e 14 17 1
e 14 25 1
e 15 18 1
e 15 26 1
e 16 27 1
e 16 28 1
e 16 29 1
e 17 18 2
e 17 30 1
e 18 31 1
t # 16258
v 0 1
v 1 1
v 2 1
v 3 2
v 4 2
v 5 2
v 6 3
v 7 3
v 8 3
v 9 3
v 10 3
v 11 3
v 12 3
v 13 3
v 14 3
v 15 3
v 16 3
v 17 3
v 18 3
v 19 4
v 20 4
v 21 4
v 22 4
v 23 4
v 24 4
v 25 4
v 26 4
v 27 4
v 28 4
v 29 4
e 0 9 1
e 0 10 1
e 1 18 1
e 1 29 1
e 2 18 2
e 3 6 2
e 3 14 1
e 4 12 1
e 4 14 2
e 5 14 1
e 5 17 1
e 5 26 1
e 6 7 1
e 6 8 1
e 7 9 1
e 7 12 2
e 8 10 1
e 8 11 2
e 9 19 1
e 9 20 1
e 10 13 2
e 11 15 1
e 11 21 1
e 12 22 1
e 13 16 1
e 13 23 1
e 15 16 2
e 15 24 1
e 16 25 1
e 17 18 1
e 17 27 1
e 17 28 1
t # 16259
v 0 1
v 1 1
v 2 2
v 3 2
v 4 2
v 5 3
v 6 3
v 7 3
v 8 3
v 9 3
v 10 3
v 11 3
v 12 3
v 13 3
v 14 3
v 15 3
v 16 4
v 17 4
v 18 4
v 19 4
v 20 4
v 21 4
v 22 4
v 23 4
v 24 4
v 25 4
v 26 4
v 27 4
v 28 4
e 0 15 1
e 0 28 1
e 1 15 2
e 2 11 1
e 2 13 1
e 2 14 1
e 3 8 2
e 3 11 1
e 4 11 2
e 4 12 1
e 5 6 1
e 5 7 1
e 5 16 1
e 5 17 1
e 6 8 1
e 6 12 2
e 7 9 1
e 7 18 1
e 7 19 1
e 8 10 1
e 9 10 2
e 9 20 1
e 10 21 1
e 12 22 1
e 13 15 1
e 13 23 1
e 13 24 1
e 14 25 1
e 14 26 1
e 14 27 1
t # 16260
v 0 1
v 1 1
v 2 2
v 3 2
v 4 2
v 5 3
v 6 3
v 7 3
v 8 3
v 9 3
v 10 3
v 11 3
v 12 3
v 13 3
v 14 3
v 15 3
v 16 4
v 17 4
v 18 4
v 19 4
v 20 4
v 21 4
v 22 4
v 23 4
v 24 4
v 25 4
v 26 4
v 27 4
v 28 4
v 29 4
v 30 4
e 0 15 1
e 0 30 1
e 1 15 2
e 2 10 2
e 2 12 1
e 3 12 1
e 3 13 1
e 3 14 1
e 4 11 1
e 4 12 2
e 5 6 1
e 5 7 1
e 5 16 1
e 5 17 1
e 6 8 1
e 6 18 1
e 6 19 1
e 7 9 1
e 7 20 1
e 7 21 1
e 8 10 1
e 8 22 1
e 8 23 1
e 9 10 1
e 9 11 2
e 11 24 1
e 13 15 1
e 13 25 1
e 13 26 1
e 14 27 1
e 14 28 1
e 14 29 1
t # 16261
v 0 1
v 1 1
v 2 2
v 3 2
v 4 2
v 5 3
v 6 3
v 7 3
v 8 3
v 9 3
v 10 3
v 11 3
v 12 3
v 13 3
v 14 3
v 15 3
v 16 3
v 17 3
v 18 3
v 19 3
v 20 4
v 21 4
v 22 4
v 23 4
v 24 4
v 25 4
v 26 4
v 27 4
v 28 4
v 29 4
v 30 4
v 31 4
v 32 4
v 33 4
v 34 4
e 0 19 1
e 0 34 1
e 1 19 2
e 2 10 2
e 2 14 1
e 3 14 1
e 3 17 1
e 3 18 1
e 4 12 1
e 4 14 2
e 5 6 1
e 5 7 1
e 5 20 1
e 5 21 1
e 6 8 1
e 6 22 1
e 6 23 1
e 7 9 1
e 7 11 2
e 8 10 1
e 8 12 2
e 9 10 1
e 9 13 2
e 11 15 1
e 11 24 1
e 12 25 1
e 13 16 1
e 13 26 1
e 15 16 2
e 15 27 1
e 16 28 1
e 17 19 1
e 17 29 1
e 17 30 1
e 18 31 1
e 18 32 1
e 18 33 1
t # 16262
v 0 11
v 1 1
v 2 1
v 3 2
v 4 2
v 5 2
v 6 3
v 7 3
v 8 3
v 9 3
v 10 3
v 11 3
v 12 3
v 13 3
v 14 3
v 15 3
v 16 3
v 17 3
v 18 3
v 19 3
v 20 4
v 21 4
v 22 4
v 23 4
v 24 4
v 25 4
v 26 4
v 27 4
v 28 4
v 29 4
v 30 4
v 31 4
v 32 4
e 0 9 1
e 0 10 1
e 1 19 1
e 1 32 1
e 2 19 2
e 3 11 1
e 3 15 1
e 3 18 1
e 4 6 2
e 4 11 1
e 5 11 2
e 5 12 1
e 6 7 1
e 6 8 1
e 7 9 1
e 7 12 2
e 8 10 1
e 8 13 2
e 9 20 1
e 9 21 1
e 10 14 2
e 12 22 1
e 13 16 1
e 13 23 1
e 14 17 1
e 14 24 1
e 15 19 1
e 15 25 1
e 15 26 1
e 16 17 2
e 16 27 1
e 17 31 1
e 18 28 1
e 18 29 1
e 18 30 1
t # 16263
v 0 1
v 1 1
v 2 1
v 3 2
v 4 2
v 5 2
v 6 3
v 7 3
v 8 3
v 9 3
v 10 3
v 11 3
v 12 3
v 13 3
v 14 3
v 15 3
v 16 3
v 17 3
v 18 3
v 19 3
v 20 4
v 21 4
v 22 4
v 23 4
v 24 4
v 25 4
v 26 4
v 27 4
v 28 4
v 29 4
v 30 4
v 31 4
v 32 4
e 0 9 1
e 0 10 1
e 1 19 1
e 1 32 1
e 2 19 2
e 3 11 1
e 3 15 1
e 3 18 1
e 4 6 2
e 4 11 1
e 5 11 2
e 5 12 1
e 6 7 1
e 6 8 1
e 7 9 1
e 7 12 2
e 8 10 1
e 8 13 2
e 9 20 1
e 9 21 1
e 10 14 2
e 12 22 1
e 13 16 1
e 13 23 1
e 14 17 1
e 14 24 1
e 15 19 1
e 15 25 1
e 15 26 1
e 16 17 2
e 16 27 1
e 17 31 1
e 18 28 1
e 18 29 1
e 18 30 1
t # 16264
v 0 11
v 1 11
v 2 11
v 3 1
v 4 1
v 5 1
v 6 1
v 7 1
v 8 2
v 9 2
v 10 2
v 11 2
v 12 2
v 13 3
v 14 3
v 15 3
v 16 3
v 17 3
v 18 3
v 19 3
v 20 3
v 21 3
v 22 3
v 23 3
v 24 3
v 25 3
v 26 3
v 27 3
v 28 3
v 29 3
v 30 3
v 31 3
v 32 3
v 33 3
v 34 3
v 35 3
v 36 3
v 37 4
v 38 4
v 39 4
v 40 4
v 41 4
v 42 4
v 43 4
v 44 4
v 45 4
v 46 4
v 47 4
v 48 4
v 49 4
v 50 4
v 51 4
v 52 4
v 53 4
v 54 4
v 55 4
v 56 4
v 57 4
v 58 4
v 59 4
v 60 4
v 61 4
v 62 4
v 63 4
v 64 4
v 65 4
v 66 4
v 67 4
v 68 4
v 69 4
v 70 4
v 71 4
v 72 4
v 73 4
e 0 16 1
e 0 28 1
e 1 29 1
e 1 33 1
e 2 35 1
e 2 36 1
e 3 17 1
e 3 19 1
e 4 18 1
e 4 20 1
e 5 19 2
e 6 20 2
e 7 34 2
e 8 14 1
e 8 19 1
e 8 42 1
e 9 15 1
e 9 20 1
e 9 43 1
e 10 16 2
e 10 21 1
e 11 29 2
e 11 30 1
e 12 31 1
e 12 34 1
e 12 68 1
e 13 14 1
e 13 15 1
e 13 16 1
e 13 37 1
e 14 38 1
e 14 39 1
e 15 40 1
e 15 41 1
e 17 22 1
e 17 23 1
e 17 24 1
e 18 25 1
e 18 26 1
e 18 27 1
e 21 28 2
e 21 29 1
e 22 44 1
e 22 45 1
e 22 46 1
e 23 47 1
e 23 48 1
e 23 49 1
e 24 50 1
e 24 51 1
e 24 52 1
e 25 53 1
e 25 54 1
e 25 55 1
e 26 56 1
e 26 57 1
e 26 58 1
e 27 59 1
e 27 60 1
e 27 61 1
e 28 62 1
e 30 33 2
e 30 34 1
e 31 32 1
e 31 63 1
e 31 64 1
e 32 35 1
e 32 65 1
e 32 66 1
e 33 67 1
e 35 69 1
e 35 70 1
e 36 71 1
e 36 72 1
e 36 73 1
t # 16265
v 0 11
v 1 1
v 2 1
v 3 1
v 4 1
v 5 1
v 6 2
v 7 2
v 8 2
v 9 2
v 10 3
v 11 3
v 12 3
v 13 3
v 14 3
v 15 3
v 16 3
v 17 3
v 18 3
v 19 3
v 20 3
v 21 3
v 22 3
v 23 3
v 24 3
v 25 3
v 26 3
v 27 4
v 28 4
v 29 4
v 30 4
v 31 4
v 32 4
v 33 4
v 34 4
v 35 4
v 36 4
v 37 4
v 38 4
v 39 4
v 40 4
v 41 4
v 42 4
v 43 4
v 44 4
v 45 4
v 46 4
v 47 4
v 48 4
v 49 4
v 50 4
v 51 4
v 52 4
v 53 4
v 54 4
e 0 13 1
e 0 25 1
e 1 14 1
e 1 22 1
e 2 15 1
e 2 23 1
e 3 22 2
e 4 23 2
e 5 26 2
e 6 11 1
e 6 22 1
e 6 32 1
e 7 12 1
e 7 23 1
e 7 33 1
e 8 13 2
e 8 24 1
e 9 26 1
e 9 53 1
e 9 54 1
e 10 11 1
e 10 12 1
e 10 13 1
e 10 27 1
e 11 28 1
e 11 29 1
e 12 30 1
e 12 31 1
e 14 16 1
e 14 17 1
e 14 18 1
e 15 19 1
e 15 20 1
e 15 21 1
e 16 34 1
e 16 35 1
e 16 36 1
e 17 37 1
e 17 38 1
e 17 39 1
e 18 40 1
e 18 41 1
e 18 42 1
e 19 43 1
e 19 44 1
e 19 45 1
e 20 46 1
e 20 47 1
e 20 48 1
e 21 49 1
e 21 50 1
e 21 51 1
e 24 25 2
e 24 26 1
e 25 52 1
t # 16266
v 0 1
v 1 1
v 2 1
v 3 1
v 4 1
v 5 1
v 6 1
v 7 1
v 8 1
v 9 1
v 10 1
v 11 1
v 12 1
v 13 1
v 14 1
v 15 2
v 16 2
v 17 2
v 18 2
v 19 2
v 20 3
v 21 3
v 22 3
v 23 3
v 24 3
v 25 3
v 26 3
v 27 3
v 28 3
v 29 3
v 30 3
v 31 3
v 32 3
v 33 3
v 34 3
v 35 3
v 36 3
v 37 3
v 38 3
v 39 3
v 40 3
v 41 3
v 42 3
v 43 3
v 44 3
v 45 4
v 46 4
v 47 4
v 48 4
v 49 4
v 50 4
v 51 4
v 52 4
v 53 4
v 54 4
v 55 4
v 56 4
v 57 4
v 58 4
v 59 4
v 60 4
v 61 4
v 62 4
v 63 4
v 64 4
v 65 4
v 66 4
v 67 4
v 68 4
v 69 4
v 70 4
v 71 4
v 72 4
v 73 4
v 74 4
v 75 4
v 76 4
v 77 4
v 78 4
v 79 4
v 80 4
v 81 4
v 82 4
v 83 4
e 0 20 1
e 0 25 1
e 1 23 1
e 1 24 1
e 2 25 1
e 2 29 1
e 3 24 1
e 3 33 1
e 4 30 1
e 4 35 1
e 5 21 1
e 5 65 1
e 6 27 1
e 6 68 1
e 7 28 1
e 7 69 1
e 8 31 1
e 8 70 1
e 9 32 1
e 9 71 1
e 10 34 1
e 10 72 1
e 11 36 1
e 11 74 1
e 12 37 2
e 13 38 2
e 14 40 2
e 15 22 1
e 15 37 1
e 15 63 1
e 16 26 1
e 16 38 1
e 16 64 1
e 17 35 1
e 17 39 1
e 17 40 1
e 18 40 1
e 18 44 2
e 19 44 1
e 19 82 1
e 19 83 1
e 20 21 1
e 20 23 1
e 20 45 1
e 21 22 1
e 21 46 1
e 22 24 1
e 22 47 1
e 23 34 1
e 23 48 1
e 24 49 1
e 25 26 1
e 25 50 1
e 26 27 1
e 26 51 1
e 27 28 1
e 27 52 1
e 28 29 1
e 28 53 1
e 29 36 1
e 29 54 1
e 30 31 1
e 30 33 1
e 30 55 1
e 31 32 1
e 31 56 1
e 32 35 1
e 32 57 1
e 33 58 1
e 33 59 1
e 34 60 1
e 34 61 1
e 35 62 1
e 36 66 1
e 36 67 1
e 37 41 1
e 38 42 1
e 39 43 2
e 39 73 1
e 41 75 1
e 41 76 1
e 41 77 1
e 42 78 1
e 42 79 1
e 42 80 1
e 43 44 1
e 43 81 1
t # 16267
v 0 1
v 1 1
v 2 1
v 3 1
v 4 1
v 5 1
v 6 1
v 7 1
v 8 1
v 9 3
v 10 3
v 11 3
v 12 3
v 13 3
v 14 3
v 15 3
v 16 3
v 17 3
v 18 3
v 19 3
v 20 3
v 21 3
v 22 3
v 23 3
v 24 3
v 25 3
v 26 3
v 27 3
v 28 3
v 29 3
v 30 3
v 31 3
v 32 3
v 33 3
v 34 3
v 35 3
v 36 3
v 37 4
v 38 4
v 39 4
v 40 4
v 41 4
v 42 4
v 43 4
v 44 4
v 45 4
v 46 4
v 47 4
v 48 4
v 49 4
v 50 4
v 51 4
v 52 4
v 53 4
v 54 4
v 55 4
v 56 4
v 57 4
v 58 4
v 59 4
v 60 4
v 61 4
v 62 4
v 63 4
v 64 4
v 65 4
v 66 4
e 11 0 1
e 0 12 1
e 12 1 1
e 1 26 1
e 2 17 1
e 2 24 1
e 9 3 1
e 3 54 1
e 4 20 1
e 4 29 1
e 5 15 1
e 5 58 1
e 6 24 2
e 7 29 2
e 8 33 2
e 9 10 1
e 9 12 1
e 9 13 1
e 10 11 1
e 10 14 1
e 10 37 1
e 11 15 1
e 11 17 1
e 12 18 1
e 13 16 1
e 13 19 1
e 13 38 1
e 14 21 1
e 14 22 1
e 14 27 1
e 15 19 1
e 15 24 1
e 16 18 1
e 16 23 1
e 16 39 1
e 17 20 1
e 17 28 1
e 18 25 1
e 18 40 1
e 19 41 1
e 19 42 1
e 20 21 1
e 20 43 1
e 21 44 1
e 21 45 1
e 22 26 1
e 22 29 1
e 22 46 1
e 23 30 1
e 23 32 1
e 23 33 1
e 25 31 1
e 25 47 1
e 25 48 1
e 26 49 1
e 26 50 1
e 27 51 1
e 27 52 1
e 27 53 1
e 28 55 1
e 28 56 1
e 28 57 1
e 30 31 2
e 30 34 1
e 31 59 1
e 32 60 1
e 32 61 1
e 32 62 1
e 33 35 1
e 34 36 1
e 34 63 1
e 34 64 1
e 35 36 2
e 35 65 1
e 36 66 1
t # 16268
v 0 1
v 1 1
v 2 1
v 3 2
v 4 2
v 5 2
v 6 2
v 7 3
v 8 3
v 9 3
v 10 3
v 11 3
v 12 3
v 13 3
v 14 3
v 15 3
v 16 3
v 17 3
v 18 3
v 19 3
v 20 3
v 21 4
v 22 4
v 23 4
v 24 4
v 25 4
v 26 4
v 27 4
v 28 4
v 29 4
v 30 4
v 31 4
v 32 4
v 33 4
v 34 4
v 35 4
v 36 4
v 37 4
v 38 4
v 39 4
v 40 4
e 0 12 2
e 1 13 2
e 2 17 1
e 2 20 1
e 3 9 1
e 3 13 1
e 3 31 1
e 4 12 1
e 4 32 1
e 4 33 1
e 5 13 1
e 6 14 1
e 7 8 1
e 7 10 1
e 7 11 1
e 7 21 1
e 8 9 1
e 8 22 1
e 8 23 1
e 9 12 1
e 9 24 1
e 10 25 1
e 10 26 1
e 10 27 1
e 11 28 1
e 11 29 1
e 11 30 1
e 14 15 2
e 14 16 1
e 15 18 1
e 15 34 1
e 16 19 2
e 16 35 1
e 17 18 2
e 17 19 1
e 18 36 1
e 19 37 1
e 20 38 1
e 20 39 1
e 20 40 1
t # 16269
v 0 1
v 1 1
v 2 1
v 3 1
v 4 1
v 5 2
v 6 2
v 7 2
v 8 2
v 9 3
v 10 3
v 11 3
v 12 3
v 13 3
v 14 3
v 15 3
v 16 3
v 17 3
v 18 3
v 19 3
v 20 3
v 21 3
v 22 3
v 23 3
v 24 3
v 25 3
v 26 3
v 27 3
v 28 3
v 29 3
v 30 3
v 31 3
v 32 3
v 33 3
v 34 3
v 35 3
v 36 3
v 37 4
v 38 4
v 39 4
v 40 4
v 41 4
v 42 4
v 43 4
v 44 4
v 45 4
v 46 4
v 47 4
v 48 4
v 49 4
v 50 4
v 51 4
v 52 4
v 53 4
v 54 4
v 55 4
v 56 4
v 57 4
v 58 4
v 59 4
v 60 4
v 61 4
v 62 4
v 63 4
v 64 4
v 65 4
v 66 4
v 67 4
v 68 4
v 69 4
v 70 4
v 71 4
v 72 4
v 73 4
v 74 4
v 75 4
v 76 4
e 0 16 1
e 0 23 1
e 1 14 2
e 2 26 1
e 2 28 1
e 3 31 1
e 3 32 1
e 4 31 2
e 5 9 1
e 5 11 1
e 5 14 1
e 6 13 1
e 6 17 1
e 6 46 1
e 7 16 2
e 7 24 1
e 8 26 2
e 8 29 1
e 9 10 1
e 9 16 1
e 9 37 1
e 10 12 1
e 10 38 1
e 10 39 1
e 11 12 1
e 11 40 1
e 11 41 1
e 12 42 1
e 12 43 1
e 13 14 1
e 13 15 1
e 13 44 1
e 15 18 1
e 15 19 1
e 15 45 1
e 17 20 1
e 17 21 1
e 17 22 1
e 18 47 1
e 18 48 1
e 18 49 1
e 19 50 1
e 19 51 1
e 19 52 1
e 20 53 1
e 20 54 1
e 20 55 1
e 21 56 1
e 21 57 1
e 21 58 1
e 22 27 2
e 22 59 1
e 23 24 2
e 23 25 1
e 24 26 1
e 25 60 1
e 25 61 1
e 25 62 1
e 27 63 1
e 27 64 1
e 28 29 2
e 28 30 1
e 29 31 1
e 30 65 1
e 30 66 1
e 30 67 1
e 32 33 1
e 32 68 1
e 32 69 1
e 33 34 2
e 33 70 1
e 34 35 1
e 34 36 1
e 35 71 1
e 35 72 1
e 35 73 1
e 36 74 1
e 36 75 1
e 36 76 1
t # 16270
v 0 14
v 1 1
v 2 1
v 3 1
v 4 1
v 5 2
v 6 2
v 7 2
v 8 2
v 9 3
v 10 3
v 11 3
v 12 4
e 5 9 1
e 5 11 1
e 6 9 2
e 6 10 1
e 7 9 1
e 8 10 1
e 10 11 2
e 11 12 1
t # 16271
v 0 14
v 1 1
v 2 1
v 3 1
v 4 1
v 5 2
v 6 2
v 7 2
v 8 2
v 9 3
v 10 3
v 11 3
v 12 4
e 5 9 1
e 5 11 1
e 6 10 1
e 6 11 2
e 7 9 1
e 8 10 1
e 9 10 2
e 11 12 1
t # 16272
v 0 1
v 1 3
v 2 3
v 3 3
v 4 3
v 5 3
v 6 3
v 7 3
v 8 3
v 9 3
v 10 3
v 11 4
v 12 4
v 13 4
v 14 4
v 15 4
v 16 4
v 17 4
v 18 4
v 19 4
v 20 4
v 21 4
v 22 4
e 0 9 1
e 0 22 1
e 1 3 1
e 1 4 1
e 1 5 1
e 1 9 1
e 2 6 1
e 2 7 1
e 2 8 1
e 2 10 1
e 3 6 1
e 3 7 1
e 3 11 1
e 4 6 1
e 4 8 1
e 4 12 1
e 5 7 1
e 5 8 1
e 5 13 1
e 6 14 1
e 7 15 1
e 8 16 1
e 9 17 1
e 9 18 1
e 10 19 1
e 10 20 1
e 10 21 1
t # 16273
v 0 18
v 1 1
v 2 1
v 3 1
v 4 1
v 5 2
v 6 2
v 7 3
v 8 3
v 9 3
v 10 3
v 11 3
v 12 3
v 13 3
v 14 3
v 15 3
v 16 3
v 17 3
v 18 4
v 19 4
v 20 4
v 21 4
v 22 4
v 23 4
v 24 4
v 25 4
v 26 4
v 27 4
v 28 4
e 1 9 1
e 1 16 1
e 2 10 2
e 3 12 2
e 4 17 1
e 4 28 1
e 5 7 1
e 5 9 1
e 5 10 1
e 6 10 1
e 6 12 1
e 6 21 1
e 7 8 2
e 7 11 1
e 8 12 1
e 8 13 1
e 9 18 1
e 9 19 1
e 11 14 2
e 11 20 1
e 13 15 2
e 13 22 1
e 14 15 1
e 14 23 1
e 16 17 1
e 16 24 1
e 16 25 1
e 17 26 1
e 17 27 1
t # 16274
v 0 1
v 1 1
v 2 1
v 3 1
v 4 1
v 5 2
v 6 2
v 7 2
v 8 3
v 9 3
v 10 3
v 11 3
v 12 3
v 13 3
v 14 3
v 15 3
v 16 3
v 17 3
v 18 3
v 19 3
v 20 3
v 21 3
v 22 3
v 23 3
v 24 4
v 25 4
v 26 4
v 27 4
v 28 4
v 29 4
v 30 4
v 31 4
v 32 4
v 33 4
v 34 4
v 35 4
v 36 4
e 0 10 1
e 0 17 1
e 1 11 2
e 2 13 2
e 5 8 1
e 5 10 1
e 5 11 1
e 6 11 1
e 6 13 1
e 6 28 1
e 7 15 1
e 8 9 2
e 8 12 1
e 9 13 1
e 9 14 1
e 10 24 1
e 10 25 1
e 12 16 2
e 12 26 1
e 14 15 2
e 14 27 1
e 15 16 1
e 16 29 1
e 17 18 1
e 17 30 1
e 17 31 1
e 18 19 2
e 18 20 1
e 19 21 1
e 19 32 1
e 20 22 2
e 20 33 1
e 21 23 2
e 21 34 1
e 22 23 1
e 22 35 1
e 23 36 1
t # 16275
v 0 1
v 1 1
v 2 1
v 3 2
v 4 2
v 5 3
v 6 3
v 7 3
v 8 3
v 9 3
v 10 3
v 11 3
v 12 3
v 13 3
v 14 3
v 15 3
v 16 3
v 17 3
v 18 4
v 19 4
v 20 4
v 21 4
v 22 4
v 23 4
v 24 4
v 25 4
v 26 4
v 27 4
v 28 4
v 29 4
v 30 4
v 31 4
v 32 4
v 33 4
e 0 6 1
e 0 9 1
e 1 11 2
e 2 13 2
e 3 5 1
e 3 6 1
e 3 11 1
e 4 11 1
e 4 13 1
e 4 27 1
e 5 8 1
e 5 12 2
e 6 18 1
e 6 19 1
e 7 9 1
e 7 10 1
e 7 20 1
e 7 21 1
e 8 13 1
e 8 14 2
e 9 22 1
e 9 23 1
e 10 15 1
e 10 24 1
e 10 25 1
e 12 16 1
e 12 26 1
e 14 17 1
e 14 28 1
e 15 29 1
e 15 30 1
e 15 31 1
e 16 17 2
e 16 32 1
e 17 33 1
t # 16276
v 0 18
v 1 1
v 2 1
v 3 1
v 4 2
v 5 2
v 6 3
v 7 3
v 8 3
v 9 3
v 10 3
v 11 3
v 12 3
v 13 3
v 14 3
v 15 3
v 16 3
v 17 3
v 18 3
v 19 3
v 20 3
v 21 3
v 22 4
v 23 4
v 24 4
v 25 4
v 26 4
v 27 4
v 28 4
v 29 4
v 30 4
v 31 4
v 32 4
v 33 4
v 34 4
e 1 8 1
e 1 13 1
e 2 9 2
e 3 11 2
e 4 6 1
e 4 8 1
e 4 9 1
e 5 9 1
e 5 11 1
e 5 26 1
e 6 7 2
e 6 10 1
e 7 11 1
e 7 12 1
e 8 22 1
e 8 23 1
e 10 14 2
e 10 24 1
e 12 15 2
e 12 25 1
e 13 16 1
e 13 27 1
e 13 28 1
e 14 15 1
e 14 29 1
e 16 17 2
e 16 18 1
e 17 19 1
e 17 30 1
e 18 20 2
e 18 31 1
e 19 21 2
e 19 32 1
e 20 21 1
e 20 33 1
e 21 34 1
t # 16277
v 0 1
v 1 1
v 2 1
v 3 2
v 4 2
v 5 3
v 6 3
v 7 3
v 8 3
v 9 3
v 10 3
v 11 3
v 12 3
v 13 3
v 14 3
v 15 3
v 16 3
v 17 3
v 18 3
v 19 3
v 20 3
v 21 4
v 22 4
v 23 4
v 24 4
v 25 4
v 26 4
v 27 4
v 28 4
v 29 4
v 30 4
v 31 4
v 32 4
v 33 4
v 34 4
e 0 7 1
e 0 12 1
e 1 8 2
e 2 10 2
e 3 5 1
e 3 7 1
e 3 8 1
e 4 8 1
e 4 10 1
e 4 25 1
e 5 6 1
e 5 9 2
e 6 10 1
e 6 11 2
e 7 21 1
e 7 22 1
e 9 13 1
e 9 23 1
e 11 15 1
e 11 24 1
e 12 14 1
e 12 26 1
e 12 27 1
e 13 15 2
e 13 28 1
e 14 16 2
e 14 17 1
e 15 29 1
e 16 18 1
e 16 30 1
e 17 19 2
e 17 31 1
e 18 20 2
e 18 32 1
e 19 20 1
e 19 33 1
e 20 34 1
t # 16278
v 0 1
v 1 1
v 2 2
v 3 2
v 4 2
v 5 3
v 6 3
v 7 3
v 8 3
v 9 3
v 10 3
v 11 3
v 12 3
v 13 3
v 14 3
v 15 3
v 16 3
v 17 3
v 18 3
v 19 3
v 20 3
v 21 3
v 22 3
v 23 3
v 24 3
v 25 3
v 26 3
v 27 3
v 28 3
v 29 3
v 30 3
v 31 3
v 32 3
v 33 4
v 34 4
v 35 4
v 36 4
v 37 4
v 38 4
v 39 4
v 40 4
v 41 4
v 42 4
v 43 4
v 44 4
v 45 4
v 46 4
v 47 4
v 48 4
v 49 4
v 50 4
v 51 4
v 52 4
v 53 4
v 54 4
v 55 4
v 56 4
v 57 4
v 58 4
v 59 4
v 60 4
v 61 4
v 62 4
v 63 4
v 64 4
v 65 4
v 66 4
v 67 4
v 68 4
v 69 4
v 70 4
v 71 4
v 72 4
v 73 4
e 0 10 1
e 0 28 1
e 1 28 2
e 14 2 1
e 2 24 1
e 2 25 1
e 3 23 1
e 3 26 1
e 3 27 1
e 4 25 2
e 4 31 1
e 5 6 1
e 5 7 1
e 5 12 1
e 5 33 1
e 6 10 1
e 6 11 1
e 6 18 1
e 7 8 1
e 7 15 1
e 7 34 1
e 8 9 1
e 8 13 1
e 8 35 1
e 9 16 1
e 9 17 1
e 9 20 1
e 10 14 1
e 10 36 1
e 11 13 1
e 11 37 1
e 11 38 1
e 12 14 1
e 12 39 1
e 12 40 1
e 13 41 1
e 13 42 1
e 14 43 1
e 15 19 1
e 15 44 1
e 15 45 1
e 16 19 2
e 16 21 1
e 17 22 1
e 17 46 1
e 17 47 1
e 18 48 1
e 18 49 1
e 18 50 1
e 19 51 1
e 20 52 1
e 20 53 1
e 20 54 1
e 21 23 1
e 21 55 1
e 21 56 1
e 22 23 1
e 22 57 1
e 22 58 1
e 23 59 1
e 24 31 2
e 24 60 1
e 25 61 1
e 26 29 1
e 26 62 1
e 26 63 1
e 27 30 1
e 27 64 1
e 27 65 1
e 28 32 1
e 29 30 1
e 29 66 1
e 29 67 1
e 30 68 1
e 30 69 1
e 31 70 1
e 32 71 1
e 32 72 1
e 32 73 1
t # 16279
v 0 1
v 1 2
v 2 2
v 3 2
v 4 3
v 5 3
v 6 3
v 7 3
v 8 3
v 9 3
v 10 3
v 11 3
v 12 3
v 13 3
v 14 3
v 15 3
v 16 3
v 17 3
v 18 3
v 19 3
v 20 3
v 21 3
v 22 3
v 23 3
v 24 3
v 25 3
v 26 3
v 27 3
v 28 3
v 29 3
v 30 4
v 31 4
v 32 4
v 33 4
v 34 4
v 35 4
v 36 4
v 37 4
v 38 4
v 39 4
v 40 4
v 41 4
v 42 4
v 43 4
v 44 4
v 45 4
v 46 4
v 47 4
v 48 4
v 49 4
v 50 4
v 51 4
v 52 4
v 53 4
v 54 4
v 55 4
v 56 4
v 57 4
v 58 4
v 59 4
v 60 4
v 61 4
v 62 4
v 63 4
v 64 4
v 65 4
v 66 4
v 67 4
v 68 4
e 0 10 1
e 0 57 1
e 13 1 1
e 1 23 1
e 1 24 1
e 2 22 1
e 2 25 1
e 2 26 1
e 3 24 2
e 3 29 1
e 4 5 1
e 4 6 1
e 4 12 1
e 4 30 1
e 5 9 1
e 5 10 1
e 5 17 1
e 6 7 1
e 6 14 1
e 6 31 1
e 7 8 1
e 7 11 1
e 7 32 1
e 8 15 1
e 8 16 1
e 8 19 1
e 9 11 1
e 9 33 1
e 9 34 1
e 10 13 1
e 10 35 1
e 11 36 1
e 11 37 1
e 12 13 1
e 12 38 1
e 12 39 1
e 13 40 1
e 14 18 1
e 14 41 1
e 14 42 1
e 15 18 2
e 15 20 1
e 16 21 1
e 16 43 1
e 16 44 1
e 17 45 1
e 17 46 1
e 17 47 1
e 18 48 1
e 19 49 1
e 19 50 1
e 19 51 1
e 20 22 1
e 20 52 1
e 20 53 1
e 21 22 1
e 21 54 1
e 21 55 1
e 22 56 1
e 23 29 2
e 23 58 1
e 24 59 1
e 25 27 1
e 25 60 1
e 25 61 1
e 26 28 1
e 26 62 1
e 26 63 1
e 27 28 1
e 27 64 1
e 27 65 1
e 28 66 1
e 28 67 1
e 29 68 1
t # 16280
v 0 1
v 1 1
v 2 2
v 3 2
v 4 3
v 5 3
v 6 3
v 7 3
v 8 3
v 9 3
v 10 3
v 11 3
v 12 3
v 13 3
v 14 3
v 15 3
v 16 3
v 17 3
v 18 3
v 19 3
v 20 3
v 21 3
v 22 3
v 23 3
v 24 3
v 25 3
v 26 4
v 27 4
v 28 4
v 29 4
v 30 4
v 31 4
v 32 4
v 33 4
v 34 4
v 35 4
v 36 4
v 37 4
v 38 4
v 39 4
v 40 4
v 41 4
v 42 4
v 43 4
v 44 4
v 45 4
v 46 4
v 47 4
v 48 4
v 49 4
v 50 4
v 51 4
v 52 4
v 53 4
e 0 14 2
e 1 22 2
e 13 2 1
e 2 23 1
e 2 24 1
e 3 24 2
e 3 25 1
e 4 5 1
e 4 6 1
e 4 12 1
e 4 26 1
e 5 7 1
e 5 11 1
e 5 27 1
e 6 8 1
e 6 9 1
e 6 28 1
e 7 10 1
e 7 14 1
e 7 18 1
e 8 15 1
e 8 17 1
e 8 19 1
e 9 10 1
e 9 29 1
e 9 30 1
e 10 31 1
e 10 32 1
e 11 13 1
e 11 33 1
e 11 34 1
e 12 16 1
e 12 35 1
e 12 36 1
e 13 14 1
e 13 37 1
e 15 16 1
e 15 21 2
e 16 38 1
e 16 39 1
e 17 20 1
e 17 40 1
e 17 41 1
e 18 42 1
e 18 43 1
e 18 44 1
e 19 45 1
e 19 46 1
e 19 47 1
e 20 22 1
e 20 48 1
e 20 49 1
e 21 22 1
e 21 50 1
e 23 25 2
e 23 51 1
e 24 52 1
e 25 53 1
t # 16281
v 0 1
v 1 1
v 2 2
v 3 2
v 4 3
v 5 3
v 6 3
v 7 3
v 8 3
v 9 3
v 10 3
v 11 3
v 12 3
v 13 3
v 14 3
v 15 3
v 16 3
v 17 3
v 18 3
v 19 3
v 20 3
v 21 3
v 22 3
v 23 3
v 24 3
v 25 3
v 26 4
v 27 4
v 28 4
v 29 4
v 30 4
v 31 4
v 32 4
v 33 4
v 34 4
v 35 4
v 36 4
v 37 4
v 38 4
v 39 4
v 40 4
v 41 4
v 42 4
v 43 4
v 44 4
v 45 4
v 46 4
v 47 4
v 48 4
v 49 4
v 50 4
v 51 4
v 52 4
v 53 4
v 54 4
v 55 4
v 56 4
v 57 4
e 0 10 1
e 0 53 1
e 1 22 1
e 1 56 1
e 13 2 1
e 2 23 1
e 2 24 1
e 3 24 2
e 3 25 1
e 4 5 1
e 4 6 1
e 4 11 1
e 4 26 1
e 5 9 1
e 5 10 1
e 5 16 1
e 6 7 1
e 6 14 1
e 6 27 1
e 7 8 1
e 7 12 1
e 7 28 1
e 8 15 1
e 8 17 1
e 8 19 1
e 9 12 1
e 9 29 1
e 9 30 1
e 10 13 1
e 10 31 1
e 11 13 1
e 11 32 1
e 11 33 1
e 12 34 1
e 12 35 1
e 13 36 1
e 14 18 1
e 14 37 1
e 14 38 1
e 15 18 2
e 15 20 1
e 16 39 1
e 16 40 1
e 16 41 1
e 17 21 1
e 17 42 1
e 17 43 1
e 18 44 1
e 19 45 1
e 19 46 1
e 19 47 1
e 20 22 1
e 20 48 1
e 20 49 1
e 21 22 1
e 21 50 1
e 21 51 1
e 22 52 1
e 23 25 2
e 23 54 1
e 24 55 1
e 25 57 1
t # 16282
v 0 1
v 1 1
v 2 2
v 3 2
v 4 3
v 5 3
v 6 3
v 7 3
v 8 3
v 9 3
v 10 3
v 11 3
v 12 3
v 13 3
v 14 3
v 15 3
v 16 3
v 17 3
v 18 3
v 19 3
v 20 3
v 21 3
v 22 3
v 23 3
v 24 3
v 25 3
v 26 4
v 27 4
v 28 4
v 29 4
v 30 4
v 31 4
v 32 4
v 33 4
v 34 4
v 35 4
v 36 4
v 37 4
v 38 4
v 39 4
v 40 4
v 41 4
v 42 4
v 43 4
v 44 4
v 45 4
v 46 4
v 47 4
v 48 4
v 49 4
v 50 4
v 51 4
v 52 4
v 53 4
v 54 4
v 55 4
e 0 14 2
e 1 22 1
e 1 54 1
e 13 2 1
e 2 23 1
e 2 24 1
e 3 24 2
e 3 25 1
e 4 5 1
e 4 7 1
e 4 11 1
e 4 26 1
e 5 6 1
e 5 12 1
e 5 27 1
e 6 8 1
e 6 9 1
e 6 28 1
e 7 10 1
e 7 14 1
e 7 17 1
e 8 15 1
e 8 16 1
e 8 19 1
e 9 10 1
e 9 29 1
e 9 30 1
e 10 31 1
e 10 32 1
e 11 13 1
e 11 33 1
e 11 34 1
e 12 18 1
e 12 35 1
e 12 36 1
e 13 14 1
e 13 37 1
e 15 18 2
e 15 20 1
e 16 21 1
e 16 38 1
e 16 39 1
e 17 40 1
e 17 41 1
e 17 42 1
e 18 43 1
e 19 44 1
e 19 45 1
e 19 46 1
e 20 22 1
e 20 47 1
e 20 48 1
e 21 22 1
e 21 49 1
e 21 50 1
e 22 51 1
e 23 25 2
e 23 52 1
e 24 53 1
e 25 55 1
t # 16283
v 0 12
v 1 2
v 2 2
v 3 3
v 4 3
v 5 3
v 6 3
v 7 3
v 8 3
v 9 3
v 10 3
v 11 3
v 12 3
v 13 3
v 14 3
v 15 3
v 16 3
v 17 3
v 18 3
v 19 4
v 20 4
v 21 4
v 22 4
v 23 4
v 24 4
v 25 4
v 26 4
v 27 4
v 28 4
v 29 4
v 30 4
v 31 4
e 1 4 1
e 1 5 1
e 1 10 1
e 2 4 2
e 2 9 1
e 3 4 1
e 3 6 1
e 3 8 2
e 5 7 1
e 5 11 2
e 6 9 1
e 6 12 2
e 7 8 1
e 7 13 2
e 8 19 1
e 9 14 2
e 10 20 1
e 10 21 1
e 10 22 1
e 11 15 1
e 11 23 1
e 12 17 1
e 12 24 1
e 13 16 1
e 13 25 1
e 14 18 1
e 14 26 1
e 15 16 2
e 15 27 1
e 16 28 1
e 17 18 2
e 17 29 1
e 18 30 1
t # 16284
v 0 1
v 1 1
v 2 1
v 3 1
v 4 1
v 5 1
v 6 1
v 7 3
v 8 3
v 9 3
v 10 3
v 11 3
v 12 3
v 13 3
v 14 3
v 15 3
v 16 3
v 17 3
v 18 3
v 19 3
v 20 3
v 21 3
v 22 3
v 23 3
v 24 3
v 25 3
v 26 3
v 27 3
v 28 3
v 29 3
v 30 3
v 31 3
v 32 3
v 33 3
v 34 3
v 35 3
v 36 3
v 37 3
v 38 3
v 39 3
v 40 4
v 41 4
v 42 4
v 43 4
v 44 4
v 45 4
v 46 4
v 47 4
v 48 4
v 49 4
v 50 4
v 51 4
v 52 4
v 53 4
v 54 4
v 55 4
v 56 4
v 57 4
v 58 4
v 59 4
v 60 4
v 61 4
v 62 4
v 63 4
v 64 4
v 65 4
v 66 4
v 67 4
v 68 4
v 69 4
v 70 4
v 71 4
v 72 4
v 73 4
v 74 4
v 75 4
v 76 4
v 77 4
v 78 4
v 79 4
v 80 4
v 81 4
v 82 4
v 83 4
v 84 4
v 85 4
v 86 4
v 87 4
v 88 4
v 89 4
v 90 4
v 91 4
v 92 4
v 93 4
v 94 4
v 95 4
v 96 4
v 97 4
v 98 4
v 99 4
v 100 4
v 101 4
e 0 9 1
e 0 71 1
e 1 28 1
e 1 29 1
e 2 24 1
e 2 34 1
e 3 31 1
e 3 36 1
e 4 29 2
e 5 35 1
e 5 38 1
e 6 37 1
e 6 39 1
e 7 8 1
e 7 9 1
e 7 40 1
e 7 41 1
e 8 10 1
e 8 42 1
e 8 43 1
e 9 12 1
e 9 44 1
e 10 11 1
e 10 45 1
e 10 46 1
e 11 13 1
e 11 47 1
e 11 48 1
e 12 14 1
e 12 49 1
e 12 50 1
e 13 15 1
e 13 51 1
e 13 52 1
e 14 17 1
e 14 53 1
e 14 54 1
e 15 16 1
e 15 55 1
e 15 56 1
e 16 21 1
e 16 57 1
e 16 58 1
e 17 24 1
e 17 59 1
e 17 60 1
e 18 19 1
e 18 20 1
e 18 61 1
e 18 62 1
e 19 22 1
e 19 63 1
e 19 64 1
e 20 23 1
e 20 65 1
e 20 66 1
e 21 27 2
e 21 29 1
e 22 25 1
e 22 67 1
e 22 68 1
e 23 26 1
e 23 69 1
e 23 70 1
e 24 72 1
e 24 73 1
e 25 30 1
e 25 74 1
e 25 75 1
e 26 31 1
e 26 76 1
e 26 77 1
e 27 28 1
e 27 78 1
e 28 32 1
e 28 79 1
e 30 33 1
e 30 80 1
e 30 81 1
e 31 82 1
e 31 83 1
e 32 84 1
e 32 85 1
e 32 86 1
e 33 87 1
e 33 88 1
e 33 89 1
e 34 35 1
e 34 90 1
e 34 91 1
e 35 92 1
e 35 93 1
e 36 37 1
e 36 94 1
e 36 95 1
e 37 96 1
e 37 97 1
e 38 39 1
e 38 98 1
e 38 99 1
e 39 100 1
e 39 101 1
t # 16285
v 0 1
v 1 1
v 2 1
v 3 1
v 4 1
v 5 1
v 6 3
v 7 3
v 8 3
v 9 3
v 10 3
v 11 3
v 12 3
v 13 3
v 14 3
v 15 3
v 16 3
v 17 3
v 18 3
v 19 3
v 20 3
v 21 3
v 22 3
v 23 3
v 24 3
v 25 3
v 26 3
v 27 3
v 28 3
v 29 3
v 30 3
v 31 3
v 32 3
v 33 3
v 34 3
v 35 3
v 36 3
v 37 3
v 38 3
v 39 3
v 40 3
v 41 3
v 42 4
v 43 4
v 44 4
v 45 4
v 46 4
v 47 4
v 48 4
v 49 4
v 50 4
v 51 4
v 52 4
v 53 4
v 54 4
v 55 4
v 56 4
v 57 4
v 58 4
v 59 4
v 60 4
v 61 4
v 62 4
v 63 4
v 64 4
v 65 4
v 66 4
v 67 4
v 68 4
v 69 4
v 70 4
v 71 4
v 72 4
v 73 4
v 74 4
v 75 4
v 76 4
v 77 4
v 78 4
v 79 4
v 80 4
v 81 4
v 82 4
v 83 4
v 84 4
v 85 4
v 86 4
v 87 4
v 88 4
v 89 4
v 90 4
v 91 4
v 92 4
v 93 4
v 94 4
v 95 4
v 96 4
v 97 4
v 98 4
v 99 4
v 100 4
v 101 4
v 102 4
v 103 4
v 104 4
v 105 4
v 106 4
v 107 4
v 108 4
v 109 4
e 0 10 1
e 0 87 1
e 1 33 1
e 1 35 1
e 2 30 1
e 2 38 1
e 3 34 1
e 3 39 1
e 4 35 2
e 5 40 1
e 5 41 1
e 6 7 1
e 6 8 1
e 6 42 1
e 6 43 1
e 7 9 1
e 7 44 1
e 7 45 1
e 8 10 1
e 8 46 1
e 8 47 1
e 9 11 1
e 9 48 1
e 9 49 1
e 10 13 1
e 10 50 1
e 11 12 1
e 11 51 1
e 11 52 1
e 12 14 1
e 12 53 1
e 12 54 1
e 13 15 1
e 13 55 1
e 13 56 1
e 14 17 1
e 14 57 1
e 14 58 1
e 15 24 1
e 15 59 1
e 15 60 1
e 16 18 1
e 16 19 1
e 16 61 1
e 16 62 1
e 17 23 1
e 17 63 1
e 17 64 1
e 18 20 1
e 18 65 1
e 18 66 1
e 19 21 1
e 19 67 1
e 19 68 1
e 20 22 1
e 20 69 1
e 20 70 1
e 21 25 1
e 21 71 1
e 21 72 1
e 22 26 1
e 22 73 1
e 22 74 1
e 23 28 1
e 23 75 1
e 23 76 1
e 24 30 1
e 24 77 1
e 24 78 1
e 25 27 1
e 25 79 1
e 25 80 1
e 26 29 1
e 26 81 1
e 26 82 1
e 27 31 1
e 27 83 1
e 27 84 1
e 28 32 2
e 28 35 1
e 29 34 1
e 29 85 1
e 29 86 1
e 30 88 1
e 30 89 1
e 31 36 1
e 31 90 1
e 31 91 1
e 32 33 1
e 32 92 1
e 33 37 1
e 33 93 1
e 34 94 1
e 34 95 1
e 36 96 1
e 36 97 1
e 36 98 1
e 37 99 1
e 37 100 1
e 37 101 1
e 38 40 1
e 38 102 1
e 38 103 1
e 39 41 1
e 39 104 1
e 39 105 1
e 40 106 1
e 40 107 1
e 41 108 1
e 41 109 1
t # 16286
v 0 1
v 1 1
v 2 1
v 3 1
v 4 1
v 5 1
v 6 3
v 7 3
v 8 3
v 9 3
v 10 3
v 11 3
v 12 3
v 13 3
v 14 3
v 15 3
v 16 3
v 17 3
v 18 3
v 19 3
v 20 3
v 21 3
v 22 3
v 23 3
v 24 3
v 25 3
v 26 3
v 27 3
v 28 3
v 29 3
v 30 3
v 31 3
v 32 3
v 33 3
v 34 3
v 35 3
v 36 3
v 37 3
v 38 3
v 39 3
v 40 3
v 41 4
v 42 4
v 43 4
v 44 4
v 45 4
v 46 4
v 47 4
v 48 4
v 49 4
v 50 4
v 51 4
v 52 4
v 53 4
v 54 4
v 55 4
v 56 4
v 57 4
v 58 4
v 59 4
v 60 4
v 61 4
v 62 4
v 63 4
v 64 4
v 65 4
v 66 4
v 67 4
v 68 4
v 69 4
v 70 4
v 71 4
v 72 4
v 73 4
v 74 4
v 75 4
v 76 4
v 77 4
v 78 4
v 79 4
v 80 4
v 81 4
v 82 4
v 83 4
v 84 4
v 85 4
v 86 4
v 87 4
v 88 4
v 89 4
v 90 4
v 91 4
v 92 4
v 93 4
v 94 4
v 95 4
v 96 4
v 97 4
v 98 4
v 99 4
v 100 4
v 101 4
v 102 4
e 0 6 1
e 0 7 1
e 10 1 1
e 1 59 1
e 11 2 1
e 2 60 1
e 3 23 2
e 4 38 1
e 4 39 1
e 5 39 2
e 6 8 1
e 6 10 1
e 6 41 1
e 7 9 1
e 7 11 1
e 7 42 1
e 8 9 1
e 8 43 1
e 8 44 1
e 9 45 1
e 9 46 1
e 10 12 1
e 10 47 1
e 11 13 1
e 11 48 1
e 12 14 1
e 12 49 1
e 12 50 1
e 13 15 1
e 13 51 1
e 13 52 1
e 14 16 1
e 14 53 1
e 14 54 1
e 15 17 1
e 15 55 1
e 15 56 1
e 16 18 1
e 16 57 1
e 16 58 1
e 17 20 1
e 17 61 1
e 17 62 1
e 18 19 1
e 18 63 1
e 18 64 1
e 19 21 1
e 19 65 1
e 19 66 1
e 20 23 1
e 20 67 1
e 20 68 1
e 21 22 1
e 21 69 1
e 21 70 1
e 22 24 1
e 22 71 1
e 22 72 1
e 23 25 1
e 24 27 1
e 24 73 1
e 24 74 1
e 25 26 1
e 25 75 1
e 25 76 1
e 26 28 1
e 26 77 1
e 26 78 1
e 27 30 1
e 27 79 1
e 27 80 1
e 28 29 1
e 28 81 1
e 28 82 1
e 29 31 1
e 29 83 1
e 29 84 1
e 30 33 1
e 30 85 1
e 30 86 1
e 31 32 1
e 31 87 1
e 31 88 1
e 32 34 1
e 32 89 1
e 32 90 1
e 33 36 1
e 33 91 1
e 33 92 1
e 34 35 1
e 34 93 1
e 34 94 1
e 35 37 2
e 35 39 1
e 36 95 1
e 36 96 1
e 36 97 1
e 37 38 1
e 37 98 1
e 38 40 1
e 38 99 1
e 40 100 1
e 40 101 1
e 40 102 1
t # 16287
v 0 1
v 1 1
v 2 1
v 3 1
v 4 1
v 5 1
v 6 1
v 7 1
v 8 3
v 9 3
v 10 3
v 11 3
v 12 3
v 13 3
v 14 3
v 15 3
v 16 3
v 17 3
v 18 3
v 19 3
v 20 3
v 21 3
v 22 3
v 23 3
v 24 3
v 25 3
v 26 3
v 27 3
v 28 3
v 29 3
v 30 3
v 31 3
v 32 3
v 33 3
v 34 3
v 35 3
v 36 3
v 37 3
v 38 3
v 39 3
v 40 3
v 41 3
v 42 3
v 43 3
v 44 3
v 45 4
v 46 4
v 47 4
v 48 4
v 49 4
v 50 4
v 51 4
v 52 4
v 53 4
v 54 4
v 55 4
v 56 4
v 57 4
v 58 4
v 59 4
v 60 4
v 61 4
v 62 4
v 63 4
v 64 4
v 65 4
v 66 4
v 67 4
v 68 4
v 69 4
v 70 4
v 71 4
v 72 4
v 73 4
v 74 4
v 75 4
v 76 4
v 77 4
v 78 4
v 79 4
v 80 4
v 81 4
v 82 4
v 83 4
v 84 4
v 85 4
v 86 4
v 87 4
v 88 4
v 89 4
v 90 4
v 91 4
v 92 4
v 93 4
v 94 4
v 95 4
v 96 4
v 97 4
v 98 4
v 99 4
v 100 4
v 101 4
v 102 4
v 103 4
v 104 4
v 105 4
v 106 4
v 107 4
v 108 4
v 109 4
v 110 4
e 0 8 1
e 0 12 1
e 1 9 1
e 1 13 1
e 16 2 1
e 2 67 1
e 17 3 1
e 3 68 1
e 4 24 1
e 4 84 1
e 5 36 1
e 5 105 1
e 6 42 1
e 6 43 1
e 7 43 2
e 9 8 1
e 8 10 1
e 8 45 1
e 9 11 1
e 9 46 1
e 10 14 1
e 10 47 1
e 10 48 1
e 11 15 1
e 11 49 1
e 11 50 1
e 12 14 1
e 12 16 1
e 12 51 1
e 13 15 1
e 13 17 1
e 13 52 1
e 14 53 1
e 14 54 1
e 15 55 1
e 15 56 1
e 16 18 1
e 16 57 1
e 17 19 1
e 17 58 1
e 18 20 1
e 18 59 1
e 18 60 1
e 19 21 1
e 19 61 1
e 19 62 1
e 20 22 1
e 20 63 1
e 20 64 1
e 21 23 1
e 21 65 1
e 21 66 1
e 22 24 1
e 22 69 1
e 22 70 1
e 23 25 1
e 23 71 1
e 23 72 1
e 24 26 1
e 24 73 1
e 25 27 1
e 25 74 1
e 25 75 1
e 26 28 1
e 26 76 1
e 26 77 1
e 27 29 1
e 27 78 1
e 27 79 1
e 28 31 1
e 28 80 1
e 28 81 1
e 29 30 1
e 29 82 1
e 29 83 1
e 30 32 1
e 30 85 1
e 30 86 1
e 31 33 1
e 31 87 1
e 31 88 1
e 32 34 1
e 32 89 1
e 32 90 1
e 33 36 1
e 33 91 1
e 33 92 1
e 34 35 1
e 34 93 1
e 34 94 1
e 35 37 1
e 35 95 1
e 35 96 1
e 36 39 1
e 36 97 1
e 37 38 1
e 37 98 1
e 37 99 1
e 38 40 1
e 38 100 1
e 38 101 1
e 39 102 1
e 39 103 1
e 39 104 1
e 40 41 2
e 40 43 1
e 41 42 1
e 41 106 1
e 42 44 1
e 42 107 1
e 44 108 1
e 44 109 1
e 44 110 1
t # 16288
v 0 1
v 1 1
v 2 1
v 3 1
v 4 1
v 5 1
v 6 1
v 7 1
v 8 1
v 9 1
v 10 1
v 11 1
v 12 1
v 13 1
v 14 1
v 15 1
v 16 1
v 17 1
v 18 2
v 19 3
v 20 3
v 21 3
v 22 3
v 23 3
v 24 3
v 25 3
v 26 3
v 27 3
v 28 3
v 29 3
v 30 3
v 31 3
v 32 3
v 33 3
v 34 3
v 35 3
v 36 3
v 37 3
v 38 3
v 39 3
v 40 3
v 41 3
v 42 3
v 43 3
v 44 3
v 45 3
v 46 3
v 47 3
v 48 3
v 49 3
v 50 3
v 51 3
v 52 3
v 53 3
v 54 3
v 55 3
v 56 3
v 57 3
v 58 3
v 59 3
v 60 3
v 61 3
v 62 3
v 63 3
v 64 3
v 65 3
v 66 3
v 67 3
v 68 3
v 69 3
v 70 4
v 71 4
v 72 4
v 73 4
v 74 4
v 75 4
v 76 4
v 77 4
v 78 4
v 79 4
v 80 4
v 81 4
v 82 4
v 83 4
v 84 4
v 85 4
v 86 4
v 87 4
v 88 4
v 89 4
v 90 4
v 91 4
v 92 4
v 93 4
v 94 4
v 95 4
v 96 4
v 97 4
v 98 4
v 99 4
v 100 4
v 101 4
v 102 4
v 103 4
v 104 4
v 105 4
v 106 4
v 107 4
v 108 4
v 109 4
v 110 4
v 111 4
v 112 4
v 113 4
v 114 4
v 115 4
v 116 4
v 117 4
v 118 4
v 119 4
v 120 4
v 121 4
v 122 4
v 123 4
v 124 4
v 125 4
v 126 4
e 0 22 1
e 0 28 1
e 20 1 1
e 1 39 1
e 23 2 1
e 2 40 1
e 24 3 1
e 3 91 1
e 25 4 1
e 4 41 1
e 33 5 1
e 5 43 1
e 6 29 2
e 34 7 1
e 7 44 1
e 8 39 2
e 9 41 1
e 9 50 1
e 10 40 2
e 11 41 2
e 12 43 2
e 13 44 2
e 46 14 1
e 14 110 1
e 15 54 1
e 15 115 1
e 16 57 1
e 16 118 1
e 17 60 2
e 51 18 1
e 18 60 1
e 18 112 1
e 19 20 1
e 19 21 1
e 19 23 1
e 19 70 1
e 20 22 1
e 20 28 1
e 21 25 1
e 21 29 1
e 21 32 1
e 22 26 1
e 22 71 1
e 23 24 1
e 23 72 1
e 24 27 1
e 24 30 1
e 25 26 1
e 25 73 1
e 26 74 1
e 26 75 1
e 27 31 1
e 27 36 1
e 27 37 1
e 28 76 1
e 28 77 1
e 29 33 1
e 30 34 1
e 30 78 1
e 30 79 1
e 31 33 1
e 31 35 2
e 32 80 1
e 32 81 1
e 32 82 1
e 33 83 1
e 34 35 1
e 34 84 1
e 35 38 1
e 36 85 1
e 36 86 1
e 36 87 1
e 37 88 1
e 37 89 1
e 37 90 1
e 38 92 1
e 38 93 1
e 38 94 1
e 39 42 1
e 40 45 1
e 42 95 1
e 42 96 1
e 42 97 1
e 43 47 1
e 44 46 1
e 45 48 2
e 45 49 1
e 46 51 1
e 46 98 1
e 47 99 1
e 47 100 1
e 47 101 1
e 48 52 1
e 48 102 1
e 49 53 2
e 49 103 1
e 50 54 1
e 50 104 1
e 50 105 1
e 51 56 1
e 51 106 1
e 52 55 2
e 52 107 1
e 53 55 1
e 53 108 1
e 54 57 1
e 54 109 1
e 55 111 1
e 56 58 2
e 56 59 1
e 57 113 1
e 57 114 1
e 58 61 1
e 58 116 1
e 59 62 2
e 59 117 1
e 60 63 1
e 61 64 2
e 61 119 1
e 62 64 1
e 62 120 1
e 63 65 2
e 63 66 1
e 64 121 1
e 65 67 1
e 65 122 1
e 66 68 2
e 66 123 1
e 67 69 2
e 67 124 1
e 68 69 1
e 68 125 1
e 69 126 1
t # 16289
v 0 1
v 1 1
v 2 1
v 3 1
v 4 1
v 5 1
v 6 3
v 7 3
v 8 3
v 9 3
v 10 3
v 11 3
v 12 3
v 13 3
v 14 3
v 15 3
v 16 3
v 17 3
v 18 3
v 19 3
v 20 3
v 21 3
v 22 3
v 23 3
v 24 3
v 25 3
v 26 3
v 27 4
v 28 4
v 29 4
v 30 4
v 31 4
v 32 4
v 33 4
v 34 4
v 35 4
v 36 4
v 37 4
v 38 4
v 39 4
v 40 4
v 41 4
v 42 4
v 43 4
v 44 4
v 45 4
v 46 4
e 0 7 1
e 0 12 1
e 1 10 1
e 1 26 1
e 2 11 1
e 2 39 1
e 3 14 2
e 4 19 1
e 4 45 1
e 5 25 1
e 5 46 1
e 6 7 1
e 6 9 1
e 6 10 2
e 7 8 2
e 8 11 1
e 8 14 1
e 9 16 1
e 9 27 1
e 9 28 1
e 10 13 1
e 11 13 2
e 12 15 2
e 12 17 1
e 13 29 1
e 14 15 1
e 15 30 1
e 16 18 2
e 16 31 1
e 17 19 2
e 17 20 1
e 18 21 1
e 18 22 1
e 19 23 1
e 20 24 2
e 20 32 1
e 21 33 1
e 21 34 1
e 21 35 1
e 22 36 1
e 22 37 1
e 22 38 1
e 23 25 2
e 23 40 1
e 24 25 1
e 24 41 1
e 26 42 1
e 26 43 1
e 26 44 1
t # 16290
v 0 1
v 1 1
v 2 1
v 3 1
v 4 3
v 5 3
v 6 3
v 7 3
v 8 3
v 9 3
v 10 3
v 11 3
v 12 3
v 13 3
v 14 3
v 15 3
v 16 3
v 17 3
v 18 3
v 19 4
v 20 4
v 21 4
v 22 4
v 23 4
v 24 4
v 25 4
v 26 4
v 27 4
v 28 4
v 29 4
v 30 4
v 31 4
v 32 4
v 33 4
v 34 4
v 35 4
v 36 4
v 37 4
v 38 4
v 39 4
v 40 4
v 41 4
v 42 4
e 7 0 1
e 0 33 1
e 1 14 2
e 2 16 1
e 2 41 1
e 3 18 1
e 3 42 1
e 4 5 1
e 4 7 1
e 4 10 1
e 4 13 1
e 5 8 1
e 5 12 1
e 5 19 1
e 6 8 1
e 6 9 1
e 6 11 1
e 6 20 1
e 7 9 1
e 7 21 1
e 8 22 1
e 8 23 1
e 9 24 1
e 9 25 1
e 10 14 1
e 10 26 1
e 10 27 1
e 11 16 1
e 11 17 1
e 11 28 1
e 12 15 2
e 12 18 1
e 13 29 1
e 13 30 1
e 13 31 1
e 14 15 1
e 15 32 1
e 16 34 1
e 16 35 1
e 17 36 1
e 17 37 1
e 17 38 1
e 18 39 1
e 18 40 1
t # 16291
v 0 1
v 1 1
v 2 1
v 3 3
v 4 3
v 5 3
v 6 3
v 7 3
v 8 3
v 9 3
v 10 3
v 11 3
v 12 3
v 13 3
v 14 3
v 15 3
v 16 3
v 17 3
v 18 4
v 19 4
v 20 4
v 21 4
v 22 4
v 23 4
v 24 4
v 25 4
v 26 4
v 27 4
v 28 4
v 29 4
v 30 4
v 31 4
v 32 4
v 33 4
v 34 4
v 35 4
v 36 4
v 37 4
v 38 4
v 39 4
v 40 4
v 41 4
e 6 0 1
e 0 32 1
e 1 13 2
e 2 15 1
e 2 41 1
e 3 4 1
e 3 6 1
e 3 9 1
e 3 12 1
e 4 7 1
e 4 11 1
e 4 18 1
e 5 7 1
e 5 8 1
e 5 10 1
e 5 19 1
e 6 8 1
e 6 20 1
e 7 21 1
e 7 22 1
e 8 23 1
e 8 24 1
e 9 13 1
e 9 25 1
e 9 26 1
e 10 15 1
e 10 16 1
e 10 27 1
e 11 14 2
e 11 17 1
e 12 28 1
e 12 29 1
e 12 30 1
e 13 14 1
e 14 31 1
e 15 33 1
e 15 34 1
e 16 35 1
e 16 36 1
e 16 37 1
e 17 38 1
e 17 39 1
e 17 40 1
t # 16292
v 0 12
v 1 1
v 2 1
v 3 1
v 4 1
v 5 1
v 6 1
v 7 2
v 8 2
v 9 2
v 10 2
v 11 3
v 12 3
v 13 3
v 14 3
v 15 3
v 16 3
v 17 3
v 18 3
v 19 3
v 20 3
v 21 3
v 22 3
v 23 3
v 24 3
v 25 3
v 26 3
v 27 3
v 28 3
v 29 3
v 30 3
v 31 3
v 32 3
v 33 4
v 34 4
v 35 4
v 36 4
v 37 4
v 38 4
v 39 4
v 40 4
v 41 4
v 42 4
v 43 4
v 44 4
v 45 4
v 46 4
v 47 4
v 48 4
v 49 4
v 50 4
v 51 4
v 52 4
v 53 4
e 0 15 1
e 1 16 2
e 4 30 2
e 5 31 1
e 5 52 1
e 6 32 1
e 6 53 1
e 7 12 1
e 7 14 1
e 7 16 1
e 8 19 1
e 8 22 1
e 8 41 1
e 9 20 1
e 10 29 1
e 10 30 1
e 10 47 1
e 11 12 1
e 11 13 1
e 11 15 1
e 11 33 1
e 12 34 1
e 12 35 1
e 13 14 2
e 13 17 1
e 14 18 1
e 15 36 1
e 15 37 1
e 16 19 1
e 17 21 2
e 17 38 1
e 18 20 2
e 18 39 1
e 19 23 2
e 20 21 1
e 21 40 1
e 22 24 2
e 22 25 1
e 23 24 1
e 23 42 1
e 24 26 1
e 25 27 2
e 25 43 1
e 26 28 2
e 26 44 1
e 27 28 1
e 27 30 1
e 28 45 1
e 29 31 1
e 29 32 1
e 29 46 1
e 31 48 1
e 31 49 1
e 32 50 1
e 32 51 1
t # 16293
v 0 11
v 1 11
v 2 2
v 3 2
v 4 2
v 5 2
v 6 3
v 7 3
v 8 3
v 9 3
v 10 3
v 11 3
v 12 3
v 13 3
v 14 3
v 15 3
v 16 3
v 17 3
v 18 3
v 19 3
v 20 4
v 21 4
v 22 4
v 23 4
v 24 4
v 25 4
v 26 4
v 27 4
v 28 4
v 29 4
v 30 4
v 31 4
e 0 8 1
e 0 9 1
e 1 11 1
e 1 18 1
e 2 6 1
e 2 7 1
e 2 8 1
e 3 8 2
e 3 10 1
e 4 7 1
e 4 14 2
e 5 11 2
e 5 14 1
e 6 10 1
e 6 12 2
e 7 9 2
e 9 11 1
e 10 13 2
e 12 15 1
e 12 20 1
e 13 16 1
e 13 21 1
e 14 17 1
e 15 16 2
e 15 22 1
e 16 23 1
e 17 26 1
e 17 27 1
e 17 28 1
e 18 19 1
e 18 24 1
e 18 25 1
e 19 29 1
e 19 30 1
e 19 31 1
t # 16294
v 0 11
v 1 1
v 2 2
v 3 2
v 4 2
v 5 2
v 6 3
v 7 3
v 8 3
v 9 3
v 10 3
v 11 3
v 12 3
v 13 3
v 14 3
v 15 3
v 16 3
v 17 3
v 18 3
v 19 3
v 20 3
v 21 3
v 22 3
v 23 4
v 24 4
v 25 4
v 26 4
v 27 4
v 28 4
v 29 4
v 30 4
v 31 4
v 32 4
e 0 8 1
e 0 9 1
e 1 13 2
e 2 6 1
e 2 7 1
e 2 8 1
e 3 6 1
e 3 11 1
e 3 23 1
e 4 8 2
e 4 10 1
e 5 11 2
e 5 13 1
e 6 9 2
e 7 10 1
e 7 12 2
e 9 13 1
e 10 14 2
e 11 15 1
e 12 16 1
e 12 24 1
e 14 17 1
e 14 25 1
e 15 18 2
e 15 19 1
e 16 17 2
e 16 26 1
e 17 27 1
e 18 20 1
e 18 28 1
e 19 21 2
e 19 29 1
e 20 22 2
e 20 30 1
e 21 22 1
e 21 31 1
e 22 32 1
t # 16295
v 0 11
v 1 11
v 2 11
v 3 1
v 4 1
v 5 1
v 6 1
v 7 1
v 8 1
v 9 1
v 10 2
v 11 2
v 12 2
v 13 2
v 14 3
v 15 3
v 16 3
v 17 3
v 18 3
v 19 3
v 20 3
v 21 3
v 22 3
v 23 3
v 24 3
v 25 3
v 26 3
v 27 3
v 28 3
v 29 3
v 30 3
v 31 3
v 32 3
v 33 3
v 34 3
v 35 3
v 36 3
v 37 3
v 38 3
v 39 3
v 40 3
v 41 3
v 42 3
v 43 3
v 44 3
v 45 3
v 46 3
v 47 4
v 48 4
v 49 4
v 50 4
v 51 4
v 52 4
v 53 4
v 54 4
v 55 4
v 56 4
v 57 4
v 58 4
v 59 4
v 60 4
v 61 4
v 62 4
v 63 4
v 64 4
v 65 4
v 66 4
v 67 4
v 68 4
v 69 4
v 70 4
v 71 4
v 72 4
e 0 3 2
e 0 4 2
e 0 15 1
e 1 6 2
e 1 7 2
e 1 22 1
e 2 8 2
e 2 9 2
e 2 23 1
e 5 18 2
e 10 12 1
e 10 18 1
e 10 19 1
e 11 49 1
e 12 51 1
e 13 16 1
e 13 19 2
e 14 16 2
e 14 17 1
e 14 18 1
e 15 17 2
e 15 20 1
e 16 21 1
e 17 47 1
e 19 24 1
e 20 21 2
e 20 48 1
e 21 50 1
e 22 25 2
e 22 26 1
e 23 27 2
e 23 28 1
e 24 52 1
e 24 53 1
e 24 54 1
e 25 31 1
e 25 55 1
e 26 32 2
e 26 56 1
e 27 33 1
e 27 57 1
e 28 34 2
e 28 58 1
e 29 31 2
e 29 32 1
e 29 35 1
e 30 33 2
e 30 34 1
e 30 36 1
e 31 59 1
e 32 60 1
e 33 61 1
e 34 62 1
e 35 37 2
e 35 38 1
e 36 39 2
e 36 40 1
e 37 41 1
e 37 63 1
e 38 42 2
e 38 64 1
e 39 43 1
e 39 65 1
e 40 44 2
e 40 66 1
e 41 45 2
e 41 67 1
e 42 45 1
e 42 68 1
e 43 46 2
e 43 69 1
e 44 46 1
e 44 70 1
e 45 71 1
e 46 72 1
t # 16296
v 0 11
v 1 11
v 2 11
v 3 11
v 4 1
v 5 1
v 6 1
v 7 1
v 8 1
v 9 2
v 10 2
v 11 2
v 12 2
v 13 2
v 14 2
v 15 3
v 16 3
v 17 3
v 18 3
v 19 3
v 20 3
v 21 3
v 22 3
v 23 3
v 24 3
v 25 3
v 26 3
v 27 3
v 28 3
v 29 3
v 30 4
v 31 4
v 32 4
v 33 4
v 34 4
v 35 4
v 36 4
v 37 4
v 38 4
v 39 4
v 40 4
v 41 4
e 0 5 2
e 0 6 2
e 0 17 1
e 1 7 2
e 1 8 2
e 1 24 1
e 2 24 1
e 2 26 1
e 3 25 1
e 3 28 1
e 4 19 2
e 9 10 1
e 9 19 1
e 9 20 1
e 10 33 1
e 11 16 1
e 11 20 2
e 12 25 1
e 12 37 1
e 13 24 2
e 13 27 1
e 14 25 2
e 14 29 1
e 15 16 2
e 15 18 1
e 15 19 1
e 16 21 1
e 17 18 2
e 17 22 1
e 18 30 1
e 20 23 1
e 21 22 2
e 21 31 1
e 22 32 1
e 23 34 1
e 23 35 1
e 23 36 1
e 26 27 2
e 26 38 1
e 27 39 1
e 28 29 2
e 28 40 1
e 29 41 1
t # 16297
v 0 11
v 1 11
v 2 1
v 3 1
v 4 1
v 5 1
v 6 1
v 7 2
v 8 2
v 9 2
v 10 2
v 11 2
v 12 2
v 13 3
v 14 3
v 15 3
v 16 3
v 17 3
v 18 3
v 19 3
v 20 3
v 21 3
v 22 3
v 23 3
v 24 3
v 25 3
v 26 3
v 27 3
v 28 3
v 29 3
v 30 3
v 31 3
v 32 4
v 33 4
v 34 4
v 35 4
v 36 4
v 37 4
v 38 4
v 39 4
v 40 4
v 41 4
v 42 4
v 43 4
v 44 4
v 45 4
v 46 4
v 47 4
e 0 3 2
e 0 4 2
e 0 15 1
e 1 5 2
e 1 6 2
e 1 22 1
e 2 17 2
e 7 8 1
e 7 17 1
e 7 18 1
e 8 35 1
e 9 14 1
e 9 18 2
e 10 23 1
e 10 39 1
e 11 22 1
e 11 27 2
e 12 23 1
e 12 30 2
e 13 14 2
e 13 16 1
e 13 17 1
e 14 19 1
e 15 16 2
e 15 20 1
e 16 32 1
e 18 21 1
e 19 20 2
e 19 33 1
e 20 34 1
e 21 36 1
e 21 37 1
e 21 38 1
e 22 24 2
e 23 25 2
e 24 26 1
e 24 40 1
e 25 29 1
e 25 41 1
e 26 28 2
e 26 42 1
e 27 28 1
e 27 43 1
e 28 44 1
e 29 31 2
e 29 45 1
e 30 31 1
e 30 46 1
e 31 47 1
t # 16298
v 0 11
v 1 11
v 2 1
v 3 1
v 4 1
v 5 1
v 6 1
v 7 1
v 8 1
v 9 1
v 10 1
v 11 2
v 12 2
v 13 2
v 14 2
v 15 3
v 16 3
v 17 3
v 18 3
v 19 3
v 20 3
v 21 3
v 22 3
v 23 3
v 24 3
v 25 3
v 26 3
v 27 3
v 28 3
v 29 3
v 30 3
v 31 3
v 32 3
v 33 3
v 34 3
v 35 3
v 36 3
v 37 3
v 38 3
v 39 3
v 40 4
v 41 4
v 42 4
v 43 4
v 44 4
v 45 4
v 46 4
v 47 4
v 48 4
v 49 4
v 50 4
v 51 4
v 52 4
v 53 4
v 54 4
v 55 4
v 56 4
v 57 4
v 58 4
v 59 4
v 60 4
v 61 4
v 62 4
v 63 4
v 64 4
v 65 4
e 0 3 2
e 0 4 2
e 0 16 1
e 1 5 2
e 1 6 2
e 1 23 1
e 2 18 2
e 7 26 1
e 7 36 1
e 8 28 1
e 8 37 1
e 9 29 1
e 9 38 1
e 10 33 1
e 10 39 1
e 11 12 1
e 11 18 1
e 11 20 1
e 12 41 1
e 13 17 1
e 13 20 2
e 14 25 1
e 14 44 1
e 15 17 2
e 15 18 1
e 15 19 1
e 16 19 2
e 16 21 1
e 17 22 1
e 19 40 1
e 20 24 1
e 21 22 2
e 21 42 1
e 22 43 1
e 23 26 2
e 23 27 1
e 24 45 1
e 24 46 1
e 24 47 1
e 25 29 2
e 25 31 1
e 26 30 1
e 27 28 2
e 27 48 1
e 28 32 1
e 29 34 1
e 30 32 2
e 30 49 1
e 31 33 2
e 31 50 1
e 32 51 1
e 33 35 1
e 34 35 2
e 34 52 1
e 35 53 1
e 36 54 1
e 36 55 1
e 36 56 1
e 37 57 1
e 37 58 1
e 37 59 1
e 38 60 1
e 38 61 1
e 38 62 1
e 39 63 1
e 39 64 1
e 39 65 1
t # 16299
v 0 11
v 1 11
v 2 1
v 3 1
v 4 1
v 5 1
v 6 1
v 7 1
v 8 1
v 9 2
v 10 2
v 11 2
v 12 2
v 13 3
v 14 3
v 15 3
v 16 3
v 17 3
v 18 3
v 19 3
v 20 3
v 21 3
v 22 3
v 23 3
v 24 3
v 25 3
v 26 3
v 27 3
v 28 3
v 29 3
v 30 3
v 31 3
v 32 3
v 33 3
v 34 3
v 35 3
v 36 3
v 37 3
v 38 4
v 39 4
v 40 4
v 41 4
v 42 4
v 43 4
v 44 4
v 45 4
v 46 4
v 47 4
v 48 4
v 49 4
v 50 4
v 51 4
v 52 4
v 53 4
v 54 4
v 55 4
v 56 4
v 57 4
v 58 4
v 59 4
e 0 3 2
e 0 4 2
e 0 14 1
e 1 5 2
e 1 6 2
e 1 21 1
e 2 16 2
e 7 30 2
e 8 34 2
e 9 10 1
e 9 16 1
e 9 18 1
e 10 39 1
e 11 15 1
e 11 18 2
e 12 23 1
e 12 42 1
e 13 15 2
e 13 16 1
e 13 17 1
e 14 17 2
e 14 19 1
e 15 20 1
e 17 38 1
e 18 24 1
e 19 20 2
e 19 40 1
e 20 41 1
e 21 22 1
e 21 25 2
e 22 27 2
e 22 30 1
e 23 26 1
e 23 28 2
e 24 43 1
e 24 44 1
e 24 45 1
e 25 29 1
e 25 46 1
e 26 32 2
e 26 34 1
e 27 31 1
e 27 47 1
e 28 33 1
e 28 48 1
e 29 31 2
e 29 49 1
e 30 36 1
e 31 50 1
e 32 35 1
e 32 51 1
e 33 35 2
e 33 52 1
e 34 37 1
e 35 53 1
e 36 54 1
e 36 55 1
e 36 56 1
e 37 57 1
e 37 58 1
e 37 59 1
