t # 25500
v 0 12
v 1 12
v 2 12
v 3 1
v 4 2
v 5 3
v 6 3
v 7 3
v 8 3
v 9 3
v 10 3
v 11 3
v 12 3
v 13 3
v 14 3
v 15 3
v 16 3
v 17 4
v 18 4
v 19 4
v 20 4
v 21 4
v 22 4
v 23 4
v 24 4
v 25 4
v 26 4
v 27 4
v 28 4
v 29 4
v 30 4
v 31 4
v 32 4
e 0 12 1
e 1 16 1
e 3 8 1
e 3 9 1
e 4 5 1
e 4 6 1
e 4 7 1
e 5 8 1
e 5 17 1
e 5 18 1
e 6 9 1
e 6 19 1
e 6 20 1
e 7 10 1
e 7 21 1
e 7 22 1
e 8 23 1
e 8 24 1
e 9 25 1
e 9 26 1
e 10 11 1
e 10 27 1
e 10 28 1
e 11 12 2
e 11 13 1
e 12 14 1
e 13 15 2
e 13 29 1
e 14 16 2
e 14 30 1
e 15 16 1
e 15 31 1
t # 25501
v 0 12
v 1 12
v 2 12
v 3 2
v 4 3
v 5 3
v 6 3
v 7 3
v 8 3
v 9 3
v 10 3
v 11 3
v 12 3
v 13 3
v 14 4
v 15 4
v 16 4
v 17 4
v 18 4
v 19 4
v 20 4
v 21 4
v 22 4
v 23 4
v 24 4
v 25 4
v 26 4
v 27 4
e 0 9 1
e 1 13 1
e 3 4 1
e 3 7 1
e 3 8 1
e 4 5 1
e 4 14 1
e 4 15 1
e 5 6 1
e 5 16 1
e 5 17 1
e 6 9 2
e 6 10 1
e 7 18 1
e 7 19 1
e 7 20 1
e 8 21 1
e 8 22 1
e 8 23 1
e 9 11 1
e 10 12 2
e 10 24 1
e 11 13 2
e 11 25 1
e 12 13 1
e 12 26 1
t # 25502
v 0 1
v 1 1
v 2 1
v 3 2
v 4 2
v 5 3
v 6 3
v 7 3
v 8 3
v 9 3
v 10 3
v 11 3
v 12 3
v 13 3
v 14 3
v 15 3
v 16 3
v 17 3
v 18 3
v 19 4
v 20 4
v 21 4
v 22 4
v 23 4
v 24 4
v 25 4
v 26 4
v 27 4
v 28 4
v 29 4
v 30 4
v 31 4
v 32 4
v 33 4
v 34 4
e 0 6 1
e 0 27 1
e 1 12 1
e 1 18 1
e 2 12 2
e 3 8 1
e 3 9 1
e 3 13 1
e 4 8 2
e 4 11 1
e 5 6 1
e 5 7 1
e 5 8 1
e 5 19 1
e 6 10 1
e 6 12 1
e 7 9 1
e 7 20 1
e 7 21 1
e 9 22 1
e 9 23 1
e 10 11 1
e 10 14 2
e 11 15 2
e 13 24 1
e 13 25 1
e 13 26 1
e 14 16 1
e 14 28 1
e 15 17 1
e 15 29 1
e 16 17 2
e 16 30 1
e 17 31 1
e 18 32 1
e 18 33 1
e 18 34 1
t # 25503
v 0 12
v 1 8
v 2 1
v 3 3
v 4 3
v 5 3
v 6 3
v 7 3
v 8 3
v 9 3
v 10 3
v 11 3
v 12 3
v 13 4
v 14 4
v 15 4
v 16 4
v 17 4
v 18 4
v 19 4
v 20 4
v 21 4
v 22 4
v 23 4
v 24 4
v 25 4
v 26 4
v 27 4
v 28 4
e 0 10 1
e 3 5 1
e 3 13 1
e 3 14 1
e 4 7 1
e 4 15 1
e 4 16 1
e 5 8 1
e 5 17 1
e 5 18 1
e 6 9 2
e 6 19 1
e 7 10 2
e 7 11 1
e 8 12 1
e 8 20 1
e 8 21 1
e 9 10 1
e 9 22 1
e 11 23 1
e 11 24 1
e 11 25 1
e 12 26 1
e 12 27 1
e 12 28 1
t # 25504
v 0 12
v 1 12
v 2 8
v 3 1
v 4 3
v 5 3
v 6 3
v 7 3
v 8 3
v 9 3
v 10 3
v 11 3
v 12 3
v 13 3
v 14 3
v 15 4
v 16 4
v 17 4
v 18 4
v 19 4
v 20 4
v 21 4
v 22 4
v 23 4
v 24 4
v 25 4
v 26 4
v 27 4
v 28 4
v 29 4
e 0 14 1
e 1 14 1
e 4 7 1
e 4 15 1
e 4 16 1
e 5 8 2
e 5 17 1
e 6 9 2
e 6 18 1
e 7 11 1
e 7 19 1
e 7 20 1
e 8 10 1
e 8 12 1
e 9 10 1
e 9 13 1
e 10 14 2
e 11 21 1
e 11 22 1
e 11 23 1
e 12 24 1
e 12 25 1
e 12 26 1
e 13 27 1
e 13 28 1
e 13 29 1
t # 25505
v 0 12
v 1 2
v 2 2
v 3 2
v 4 3
v 5 3
v 6 3
v 7 3
v 8 3
v 9 3
v 10 3
v 11 3
v 12 3
v 13 3
v 14 3
v 15 3
v 16 3
v 17 4
v 18 4
v 19 4
v 20 4
v 21 4
v 22 4
v 23 4
v 24 4
v 25 4
v 26 4
e 1 4 1
e 1 8 1
e 1 10 1
e 2 4 1
e 2 7 1
e 2 17 1
e 3 5 1
e 3 8 2
e 4 5 2
e 5 6 1
e 6 7 1
e 6 9 2
e 7 11 2
e 8 12 1
e 9 13 1
e 9 18 1
e 10 15 2
e 10 19 1
e 11 14 1
e 11 20 1
e 12 16 2
e 12 21 1
e 13 14 2
e 13 22 1
e 14 23 1
e 15 16 1
e 15 24 1
e 16 25 1
t # 25506
v 0 12
v 1 11
v 2 11
v 3 1
v 4 1
v 5 3
v 6 3
v 7 3
v 8 3
v 9 3
v 10 3
v 11 3
v 12 3
v 13 3
v 14 3
v 15 3
v 16 3
v 17 3
v 18 3
v 19 3
v 20 3
v 21 3
v 22 3
v 23 3
v 24 3
v 25 3
v 26 4
v 27 4
v 28 4
v 29 4
v 30 4
v 31 4
v 32 4
v 33 4
v 34 4
v 35 4
v 36 4
v 37 4
v 38 4
v 39 4
v 40 4
v 41 4
v 42 4
v 43 4
v 44 4
v 45 4
v 46 4
v 47 4
v 48 4
v 49 4
v 50 4
v 51 4
v 52 4
v 53 4
v 54 4
v 55 4
v 56 4
v 57 4
v 58 4
v 59 4
e 1 5 1
e 1 6 1
e 1 13 1
e 2 7 1
e 2 8 1
e 2 14 1
e 3 17 1
e 3 21 1
e 4 18 1
e 4 24 1
e 5 9 1
e 5 26 1
e 5 27 1
e 6 10 1
e 6 28 1
e 6 29 1
e 7 11 1
e 7 30 1
e 7 31 1
e 8 12 1
e 8 32 1
e 8 33 1
e 9 10 1
e 9 34 1
e 9 35 1
e 10 36 1
e 10 37 1
e 11 12 1
e 11 38 1
e 11 39 1
e 12 40 1
e 12 41 1
e 13 15 1
e 13 42 1
e 13 43 1
e 14 16 1
e 14 44 1
e 14 45 1
e 15 17 1
e 15 20 2
e 16 18 2
e 16 19 1
e 17 19 2
e 18 20 1
e 19 46 1
e 20 47 1
e 21 22 1
e 21 48 1
e 21 49 1
e 22 23 1
e 22 50 1
e 22 51 1
e 23 25 1
e 23 52 1
e 23 53 1
e 24 54 1
e 24 55 1
e 24 56 1
e 25 57 1
e 25 58 1
e 25 59 1
t # 25507
v 0 1
v 1 1
v 2 1
v 3 1
v 4 1
v 5 1
v 6 1
v 7 1
v 8 1
v 9 1
v 10 1
v 11 1
v 12 3
v 13 3
v 14 3
v 15 3
v 16 3
v 17 3
v 18 3
v 19 3
v 20 3
v 21 3
v 22 3
v 23 3
v 24 3
v 25 3
v 26 3
v 27 3
v 28 3
v 29 3
v 30 3
v 31 3
v 32 3
v 33 3
v 34 3
v 35 3
v 36 3
v 37 3
v 38 3
v 39 3
v 40 3
v 41 3
v 42 3
v 43 3
v 44 3
v 45 3
v 46 3
v 47 3
v 48 3
v 49 3
v 50 3
v 51 3
v 52 3
v 53 3
v 54 3
v 55 3
v 56 3
v 57 3
v 58 3
v 59 3
v 60 3
v 61 4
v 62 4
v 63 4
v 64 4
v 65 4
v 66 4
v 67 4
v 68 4
v 69 4
v 70 4
v 71 4
v 72 4
v 73 4
v 74 4
v 75 4
v 76 4
v 77 4
v 78 4
v 79 4
v 80 4
v 81 4
v 82 4
v 83 4
v 84 4
v 85 4
v 86 4
v 87 4
v 88 4
v 89 4
v 90 4
v 91 4
v 92 4
v 93 4
v 94 4
v 95 4
v 96 4
v 97 4
v 98 4
v 99 4
v 100 4
v 101 4
v 102 4
v 103 4
v 104 4
v 105 4
v 106 4
v 107 4
v 108 4
v 109 4
v 110 4
v 111 4
v 112 4
v 113 4
v 114 4
v 115 4
v 116 4
v 117 4
v 118 4
v 119 4
v 120 4
v 121 4
v 122 4
v 123 4
v 124 4
v 125 4
v 126 4
v 127 4
v 128 4
v 129 4
v 130 4
v 131 4
v 132 4
v 133 4
v 134 4
v 135 4
v 136 4
v 137 4
v 138 4
v 139 4
v 140 4
v 141 4
v 142 4
v 143 4
v 144 4
v 145 4
v 146 4
v 147 4
v 148 4
v 149 4
v 150 4
e 0 15 1
e 0 16 1
e 1 12 1
e 1 20 1
e 2 13 1
e 2 21 1
e 3 16 1
e 3 18 1
e 4 14 1
e 4 22 1
e 5 17 1
e 5 31 1
e 6 19 1
e 6 24 1
e 7 23 1
e 7 41 1
e 8 20 2
e 9 21 2
e 10 22 2
e 11 31 2
e 12 13 1
e 12 14 1
e 12 61 1
e 13 15 1
e 13 62 1
e 14 16 1
e 14 63 1
e 15 17 1
e 15 64 1
e 16 65 1
e 17 66 1
e 17 67 1
e 18 19 1
e 18 68 1
e 18 69 1
e 19 23 1
e 19 70 1
e 20 28 1
e 21 30 1
e 22 33 1
e 23 71 1
e 23 72 1
e 24 25 1
e 24 73 1
e 24 74 1
e 25 26 1
e 25 75 1
e 25 76 1
e 26 27 1
e 26 77 1
e 26 78 1
e 27 29 1
e 27 79 1
e 27 80 1
e 28 83 1
e 28 84 1
e 28 85 1
e 29 32 1
e 29 81 1
e 29 82 1
e 30 86 1
e 30 87 1
e 30 88 1
e 31 52 1
e 32 34 1
e 32 89 1
e 32 90 1
e 33 91 1
e 33 92 1
e 33 93 1
e 34 35 1
e 34 94 1
e 34 95 1
e 35 43 1
e 35 96 1
e 35 97 1
e 36 37 1
e 36 38 1
e 36 98 1
e 36 99 1
e 37 40 1
e 37 100 1
e 37 101 1
e 38 39 1
e 38 102 1
e 38 103 1
e 39 42 1
e 39 104 1
e 39 105 1
e 40 44 1
e 40 106 1
e 40 107 1
e 41 42 1
e 41 112 1
e 41 113 1
e 42 108 1
e 42 109 1
e 43 46 1
e 43 110 1
e 43 111 1
e 44 45 1
e 44 114 1
e 44 115 1
e 45 47 1
e 45 116 1
e 45 117 1
e 46 48 1
e 46 118 1
e 46 119 1
e 47 49 1
e 47 120 1
e 47 121 1
e 48 50 1
e 48 122 1
e 48 123 1
e 49 51 1
e 49 124 1
e 49 125 1
e 50 53 1
e 50 126 1
e 50 127 1
e 51 54 1
e 51 128 1
e 51 129 1
e 52 130 1
e 52 131 1
e 52 132 1
e 53 55 1
e 53 133 1
e 53 134 1
e 54 56 1
e 54 135 1
e 54 136 1
e 55 57 1
e 55 137 1
e 55 138 1
e 56 58 1
e 56 139 1
e 56 140 1
e 57 59 1
e 57 141 1
e 57 142 1
e 58 60 1
e 58 143 1
e 58 144 1
e 59 145 1
e 59 146 1
e 59 147 1
e 60 148 1
e 60 149 1
e 60 150 1
t # 25508
v 0 1
v 1 1
v 2 1
v 3 1
v 4 1
v 5 1
v 6 1
v 7 1
v 8 1
v 9 3
v 10 3
v 11 3
v 12 3
v 13 3
v 14 3
v 15 3
v 16 3
v 17 3
v 18 3
v 19 3
v 20 3
v 21 3
v 22 3
v 23 3
v 24 3
v 25 3
v 26 3
v 27 3
v 28 3
v 29 3
v 30 3
v 31 3
v 32 3
v 33 3
v 34 3
v 35 3
v 36 3
v 37 4
v 38 4
v 39 4
v 40 4
v 41 4
v 42 4
v 43 4
v 44 4
v 45 4
v 46 4
v 47 4
v 48 4
v 49 4
v 50 4
v 51 4
v 52 4
v 53 4
v 54 4
v 55 4
v 56 4
v 57 4
v 58 4
v 59 4
v 60 4
v 61 4
v 62 4
v 63 4
v 64 4
v 65 4
v 66 4
v 67 4
v 68 4
v 69 4
v 70 4
v 71 4
v 72 4
v 73 4
v 74 4
v 75 4
v 76 4
v 77 4
v 78 4
v 79 4
v 80 4
v 81 4
v 82 4
v 83 4
v 84 4
v 85 4
v 86 4
e 0 12 1
e 0 13 1
e 1 13 1
e 1 15 1
e 2 9 1
e 2 26 1
e 3 10 1
e 3 27 1
e 4 11 1
e 4 48 1
e 5 14 1
e 5 33 1
e 6 26 2
e 7 27 2
e 8 33 2
e 9 10 1
e 9 11 1
e 9 37 1
e 10 12 1
e 10 38 1
e 11 13 1
e 11 39 1
e 12 14 1
e 12 40 1
e 13 41 1
e 14 42 1
e 14 43 1
e 15 16 1
e 15 44 1
e 15 45 1
e 16 17 1
e 16 46 1
e 16 47 1
e 17 18 1
e 17 49 1
e 17 50 1
e 18 19 1
e 18 51 1
e 18 52 1
e 19 20 1
e 19 53 1
e 19 54 1
e 20 21 1
e 20 55 1
e 20 56 1
e 21 22 1
e 21 57 1
e 21 58 1
e 22 23 1
e 22 59 1
e 22 60 1
e 23 24 1
e 23 61 1
e 23 62 1
e 24 25 1
e 24 63 1
e 24 64 1
e 25 28 1
e 25 65 1
e 25 66 1
e 26 31 1
e 27 32 1
e 28 29 1
e 28 67 1
e 28 68 1
e 29 30 1
e 29 69 1
e 29 70 1
e 30 34 1
e 30 71 1
e 30 72 1
e 31 73 1
e 31 74 1
e 31 75 1
e 32 76 1
e 32 77 1
e 32 78 1
e 33 35 1
e 34 36 1
e 34 79 1
e 34 80 1
e 35 81 1
e 35 82 1
e 35 83 1
e 36 84 1
e 36 85 1
e 36 86 1
t # 25509
v 0 1
v 1 1
v 2 1
v 3 1
v 4 1
v 5 1
v 6 1
v 7 1
v 8 1
v 9 1
v 10 3
v 11 3
v 12 3
v 13 3
v 14 3
v 15 3
v 16 3
v 17 3
v 18 3
v 19 3
v 20 3
v 21 3
v 22 3
v 23 3
v 24 3
v 25 3
v 26 3
v 27 3
v 28 3
v 29 3
v 30 3
v 31 3
v 32 3
v 33 3
v 34 3
v 35 3
v 36 3
v 37 3
v 38 3
v 39 3
v 40 4
v 41 4
v 42 4
v 43 4
v 44 4
v 45 4
v 46 4
v 47 4
v 48 4
v 49 4
v 50 4
v 51 4
v 52 4
v 53 4
v 54 4
v 55 4
v 56 4
v 57 4
v 58 4
v 59 4
v 60 4
v 61 4
v 62 4
v 63 4
v 64 4
v 65 4
v 66 4
v 67 4
v 68 4
v 69 4
v 70 4
v 71 4
v 72 4
v 73 4
v 74 4
v 75 4
v 76 4
v 77 4
v 78 4
v 79 4
v 80 4
v 81 4
v 82 4
v 83 4
v 84 4
v 85 4
v 86 4
v 87 4
v 88 4
v 89 4
v 90 4
v 91 4
e 0 13 1
e 0 14 1
e 1 14 1
e 1 16 1
e 2 10 1
e 2 25 1
e 3 11 1
e 3 26 1
e 4 12 1
e 4 27 1
e 5 15 1
e 5 34 1
e 6 25 2
e 7 26 2
e 8 27 2
e 9 34 2
e 10 11 1
e 10 12 1
e 10 40 1
e 11 13 1
e 11 41 1
e 12 14 1
e 12 42 1
e 13 15 1
e 13 43 1
e 14 44 1
e 15 45 1
e 15 46 1
e 16 17 1
e 16 47 1
e 16 48 1
e 17 18 1
e 17 49 1
e 17 50 1
e 18 19 1
e 18 51 1
e 18 52 1
e 19 20 1
e 19 53 1
e 19 54 1
e 20 21 1
e 20 55 1
e 20 56 1
e 21 22 1
e 21 57 1
e 21 58 1
e 22 23 1
e 22 59 1
e 22 60 1
e 23 24 1
e 23 61 1
e 23 62 1
e 24 28 1
e 24 63 1
e 24 64 1
e 25 32 1
e 26 33 1
e 27 35 1
e 28 29 1
e 28 65 1
e 28 66 1
e 29 30 1
e 29 67 1
e 29 68 1
e 30 31 1
e 30 69 1
e 30 70 1
e 31 36 1
e 31 71 1
e 31 72 1
e 32 73 1
e 32 74 1
e 32 75 1
e 33 76 1
e 33 77 1
e 33 78 1
e 34 38 1
e 35 79 1
e 35 80 1
e 35 81 1
e 36 37 1
e 36 82 1
e 36 83 1
e 37 39 1
e 37 84 1
e 37 85 1
e 38 86 1
e 38 87 1
e 38 88 1
e 39 89 1
e 39 90 1
e 39 91 1
t # 25510
v 0 8
v 1 8
v 2 2
v 3 2
v 4 3
v 5 3
v 6 3
v 7 3
v 8 3
v 9 3
v 10 3
v 11 3
v 12 3
v 13 3
v 14 3
v 15 3
v 16 3
v 17 3
v 18 3
v 19 3
v 20 3
v 21 3
v 22 3
v 23 3
v 24 3
v 25 3
v 26 3
v 27 3
v 28 3
v 29 3
v 30 3
v 31 3
v 32 4
v 33 4
v 34 4
v 35 4
v 36 4
v 37 4
v 38 4
v 39 4
v 40 4
v 41 4
v 42 4
v 43 4
v 44 4
v 45 4
v 46 4
v 47 4
v 48 4
v 49 4
v 50 4
v 51 4
v 52 4
v 53 4
e 2 3 1
e 2 4 2
e 3 5 2
e 4 10 1
e 5 11 1
e 6 12 2
e 6 16 1
e 7 13 2
e 7 17 1
e 8 14 2
e 8 18 1
e 9 15 2
e 9 19 1
e 10 11 2
e 10 32 1
e 11 33 1
e 12 20 1
e 12 34 1
e 13 21 1
e 13 35 1
e 14 22 1
e 14 36 1
e 15 23 1
e 15 37 1
e 16 24 2
e 16 38 1
e 17 25 2
e 17 39 1
e 18 26 2
e 18 40 1
e 19 27 2
e 19 41 1
e 20 28 2
e 20 42 1
e 21 29 2
e 21 43 1
e 22 30 2
e 22 44 1
e 23 31 2
e 23 45 1
e 24 28 1
e 24 46 1
e 25 29 1
e 25 47 1
e 26 30 1
e 26 48 1
e 27 31 1
e 27 49 1
e 28 50 1
e 29 51 1
e 30 52 1
e 31 53 1
t # 25511
v 0 12
v 1 12
v 2 1
v 3 2
v 4 2
v 5 2
v 6 2
v 7 3
v 8 3
v 9 3
v 10 3
v 11 3
v 12 3
v 13 3
v 14 3
v 15 3
v 16 3
v 17 3
v 18 3
v 19 3
v 20 3
v 21 3
v 22 4
v 23 4
v 24 4
v 25 4
v 26 4
v 27 4
v 28 4
v 29 4
v 30 4
v 31 4
e 0 14 1
e 1 21 1
e 2 18 2
e 3 7 1
e 3 11 1
e 3 22 1
e 4 7 2
e 4 8 1
e 5 9 1
e 5 10 2
e 6 18 1
e 6 30 1
e 6 31 1
e 7 10 1
e 8 9 1
e 8 12 2
e 9 13 2
e 10 18 1
e 11 14 2
e 11 15 1
e 12 16 1
e 12 23 1
e 13 17 1
e 13 24 1
e 14 19 1
e 15 20 2
e 15 25 1
e 16 17 2
e 16 26 1
e 17 27 1
e 19 21 2
e 19 28 1
e 20 21 1
e 20 29 1
t # 25512
v 0 2
v 1 2
v 2 2
v 3 2
v 4 2
v 5 2
v 6 2
v 7 2
v 8 2
v 9 3
v 10 3
v 11 3
v 12 3
v 13 3
v 14 3
v 15 3
v 16 3
v 17 3
v 18 3
v 19 3
v 20 3
v 21 3
v 22 3
v 23 3
v 24 3
v 25 3
v 26 3
v 27 3
v 28 3
v 29 3
v 30 3
v 31 4
v 32 4
v 33 4
v 34 4
v 35 4
v 36 4
v 37 4
v 38 4
v 39 4
v 40 4
v 41 4
v 42 4
v 43 4
v 44 4
v 45 4
v 46 4
v 47 4
v 48 4
v 49 4
v 50 4
v 51 4
v 52 4
v 53 4
v 54 4
v 55 4
v 56 4
v 57 4
v 58 4
v 59 4
e 0 2 1
e 13 0 1
e 0 28 1
e 1 6 1
e 1 25 1
e 1 29 1
e 3 5 1
e 3 28 2
e 7 8 1
e 7 29 2
e 9 10 1
e 9 13 1
e 9 14 1
e 9 20 1
e 10 11 1
e 10 16 1
e 10 31 1
e 11 12 1
e 11 19 1
e 11 32 1
e 12 15 1
e 12 17 1
e 12 33 1
e 13 18 1
e 13 34 1
e 14 17 1
e 14 35 1
e 14 36 1
e 15 21 1
e 15 23 1
e 15 24 1
e 16 18 1
e 16 37 1
e 16 38 1
e 17 39 1
e 17 40 1
e 18 26 1
e 18 41 1
e 19 22 1
e 19 42 1
e 19 43 1
e 20 44 1
e 20 45 1
e 20 46 1
e 21 22 1
e 21 27 2
e 22 47 1
e 22 48 1
e 23 25 1
e 23 49 1
e 23 50 1
e 24 51 1
e 24 52 1
e 24 53 1
e 25 54 1
e 25 55 1
e 27 29 1
e 27 56 1
e 28 30 1
e 30 57 1
e 30 58 1
e 30 59 1
t # 25513
v 0 1
v 1 1
v 2 1
v 3 1
v 4 1
v 5 1
v 6 3
v 7 3
v 8 3
v 9 3
v 10 3
v 11 3
v 12 3
v 13 3
v 14 3
v 15 3
v 16 3
v 17 3
v 18 4
v 19 4
v 20 4
v 21 4
v 22 4
v 23 4
v 24 4
v 25 4
v 26 4
v 27 4
v 28 4
v 29 4
v 30 4
v 31 4
v 32 4
v 33 4
v 34 4
v 35 4
v 36 4
v 37 4
e 0 7 1
e 0 12 1
e 1 8 1
e 1 12 1
e 9 2 1
e 2 27 1
e 10 3 1
e 3 28 1
e 4 16 1
e 4 17 1
e 5 16 2
e 6 9 1
e 6 10 1
e 6 11 1
e 6 13 1
e 7 8 1
e 7 9 1
e 7 18 1
e 8 10 1
e 8 19 1
e 9 20 1
e 10 21 1
e 11 16 1
e 11 22 1
e 11 23 1
e 12 14 1
e 12 15 1
e 13 24 1
e 13 25 1
e 13 26 1
e 14 29 1
e 14 30 1
e 14 31 1
e 15 32 1
e 15 33 1
e 15 34 1
e 17 35 1
e 17 36 1
e 17 37 1
t # 25514
v 0 12
v 1 1
v 2 1
v 3 2
v 4 3
v 5 3
v 6 3
v 7 3
v 8 3
v 9 3
v 10 3
v 11 3
v 12 3
v 13 3
v 14 4
v 15 4
v 16 4
v 17 4
v 18 4
v 19 4
v 20 4
v 21 4
v 22 4
v 23 4
e 0 10 1
e 1 11 1
e 2 7 2
e 3 7 1
e 3 18 1
e 4 5 2
e 4 6 1
e 4 7 1
e 5 8 1
e 5 14 1
e 6 9 2
e 6 15 1
e 8 10 2
e 8 16 1
e 9 10 1
e 9 17 1
e 11 12 1
e 11 19 1
e 11 20 1
e 12 13 2
e 12 21 1
e 13 22 1
e 13 23 1
t # 25515
v 0 12
v 1 1
v 2 1
v 3 2
v 4 2
v 5 2
v 6 2
v 7 3
v 8 3
v 9 3
v 10 3
v 11 3
v 12 3
v 13 3
v 14 3
v 15 3
v 16 3
v 17 3
v 18 3
v 19 3
v 20 3
v 21 3
v 22 3
v 23 4
v 24 4
v 25 4
v 26 4
v 27 4
v 28 4
v 29 4
v 30 4
v 31 4
v 32 4
v 33 4
v 34 4
v 35 4
v 36 4
v 37 4
v 38 4
v 39 4
v 40 4
v 41 4
v 42 4
v 43 4
v 44 4
v 45 4
e 3 8 1
e 3 9 1
e 3 29 1
e 4 11 1
e 4 20 1
e 4 21 1
e 5 13 2
e 5 17 1
e 6 14 1
e 7 8 1
e 7 11 1
e 7 23 1
e 7 24 1
e 8 25 1
e 8 26 1
e 9 10 2
e 9 12 1
e 10 13 1
e 10 14 1
e 11 27 1
e 11 28 1
e 12 17 2
e 12 19 1
e 13 16 1
e 14 15 2
e 15 18 1
e 15 22 1
e 16 18 2
e 16 30 1
e 17 31 1
e 18 32 1
e 19 33 1
e 19 34 1
e 19 35 1
e 20 36 1
e 20 37 1
e 20 38 1
e 21 39 1
e 21 40 1
e 21 41 1
e 22 42 1
e 22 43 1
e 22 44 1
t # 25516
v 0 12
v 1 1
v 2 1
v 3 2
v 4 2
v 5 2
v 6 2
v 7 3
v 8 3
v 9 3
v 10 3
v 11 3
v 12 3
v 13 3
v 14 3
v 15 3
v 16 3
v 17 3
v 18 3
v 19 3
v 20 3
v 21 3
v 22 3
v 23 4
v 24 4
v 25 4
v 26 4
v 27 4
v 28 4
v 29 4
v 30 4
v 31 4
v 32 4
v 33 4
v 34 4
v 35 4
v 36 4
v 37 4
v 38 4
v 39 4
v 40 4
v 41 4
v 42 4
v 43 4
v 44 4
v 45 4
e 3 8 1
e 3 9 1
e 3 29 1
e 4 11 1
e 4 20 1
e 4 21 1
e 5 12 1
e 5 16 2
e 6 14 1
e 7 8 1
e 7 11 1
e 7 23 1
e 7 24 1
e 8 25 1
e 8 26 1
e 9 10 1
e 9 13 2
e 10 12 1
e 10 14 2
e 11 27 1
e 11 28 1
e 12 15 2
e 13 16 1
e 13 19 1
e 14 17 1
e 15 18 1
e 15 22 1
e 16 30 1
e 17 18 2
e 17 31 1
e 18 32 1
e 19 33 1
e 19 34 1
e 19 35 1
e 20 36 1
e 20 37 1
e 20 38 1
e 21 39 1
e 21 40 1
e 21 41 1
e 22 42 1
e 22 43 1
e 22 44 1
t # 25517
v 0 12
v 1 1
v 2 1
v 3 1
v 4 1
v 5 2
v 6 2
v 7 2
v 8 2
v 9 3
v 10 3
v 11 3
v 12 3
v 13 3
v 14 3
v 15 3
v 16 3
v 17 3
v 18 3
v 19 3
v 20 3
v 21 3
v 22 3
v 23 3
v 24 3
v 25 4
v 26 4
v 27 4
v 28 4
v 29 4
v 30 4
v 31 4
v 32 4
v 33 4
v 34 4
v 35 4
v 36 4
v 37 4
v 38 4
v 39 4
v 40 4
v 41 4
v 42 4
v 43 4
v 44 4
v 45 4
v 46 4
v 47 4
e 1 17 1
e 1 23 1
e 2 18 1
e 2 24 1
e 5 10 1
e 5 13 1
e 5 31 1
e 6 11 1
e 6 20 1
e 6 21 1
e 7 14 2
e 7 22 1
e 8 15 1
e 9 10 1
e 9 11 1
e 9 25 1
e 9 26 1
e 10 27 1
e 10 28 1
e 11 29 1
e 11 30 1
e 12 13 2
e 12 14 1
e 12 15 1
e 13 16 1
e 14 17 1
e 15 18 2
e 16 22 2
e 16 32 1
e 17 19 2
e 18 19 1
e 19 33 1
e 20 34 1
e 20 35 1
e 20 36 1
e 21 37 1
e 21 38 1
e 21 39 1
e 22 40 1
e 23 41 1
e 23 42 1
e 23 43 1
e 24 44 1
e 24 45 1
e 24 46 1
t # 25518
v 0 12
v 1 1
v 2 1
v 3 1
v 4 2
v 5 2
v 6 2
v 7 2
v 8 3
v 9 3
v 10 3
v 11 3
v 12 3
v 13 3
v 14 3
v 15 3
v 16 3
v 17 3
v 18 3
v 19 3
v 20 3
v 21 3
v 22 3
v 23 3
v 24 3
v 25 4
v 26 4
v 27 4
v 28 4
v 29 4
v 30 4
v 31 4
v 32 4
v 33 4
v 34 4
v 35 4
v 36 4
v 37 4
v 38 4
v 39 4
v 40 4
v 41 4
v 42 4
v 43 4
v 44 4
v 45 4
v 46 4
v 47 4
v 48 4
v 49 4
e 1 17 1
e 1 24 1
e 4 8 1
e 4 9 1
e 4 29 1
e 5 13 1
e 5 22 1
e 5 23 1
e 6 14 1
e 6 15 2
e 7 16 1
e 8 11 1
e 8 12 2
e 9 10 1
e 9 25 1
e 9 26 1
e 10 13 1
e 10 27 1
e 10 28 1
e 11 14 1
e 11 16 2
e 12 15 1
e 12 18 1
e 13 30 1
e 13 31 1
e 14 17 2
e 15 21 1
e 16 19 1
e 17 20 1
e 18 32 1
e 18 33 1
e 18 34 1
e 19 20 2
e 19 35 1
e 20 36 1
e 21 37 1
e 21 38 1
e 21 39 1
e 22 40 1
e 22 41 1
e 22 42 1
e 23 43 1
e 23 44 1
e 23 45 1
e 24 46 1
e 24 47 1
e 24 48 1
t # 25519
v 0 12
v 1 1
v 2 1
v 3 1
v 4 2
v 5 2
v 6 2
v 7 2
v 8 2
v 9 3
v 10 3
v 11 3
v 12 3
v 13 3
v 14 3
v 15 3
v 16 3
v 17 3
v 18 4
v 19 4
v 20 4
v 21 4
v 22 4
v 23 4
v 24 4
v 25 4
v 26 4
v 27 4
v 28 4
v 29 4
v 30 4
v 31 4
v 32 4
v 33 4
e 1 12 2
e 4 9 1
e 4 13 1
e 4 14 1
e 5 10 1
e 5 12 1
e 5 22 1
e 6 11 1
e 6 15 1
e 6 17 1
e 7 11 2
e 7 16 1
e 8 16 1
e 9 10 1
e 9 18 1
e 9 19 1
e 10 20 1
e 10 21 1
e 11 12 1
e 13 23 1
e 13 24 1
e 13 25 1
e 14 26 1
e 14 27 1
e 14 28 1
e 15 16 2
e 15 29 1
e 17 30 1
e 17 31 1
e 17 32 1
t # 25520
v 0 12
v 1 1
v 2 1
v 3 2
v 4 2
v 5 2
v 6 2
v 7 3
v 8 3
v 9 3
v 10 3
v 11 3
v 12 3
v 13 3
v 14 3
v 15 3
v 16 3
v 17 3
v 18 3
v 19 3
v 20 3
v 21 3
v 22 4
v 23 4
v 24 4
v 25 4
v 26 4
v 27 4
v 28 4
v 29 4
v 30 4
v 31 4
v 32 4
v 33 4
v 34 4
v 35 4
v 36 4
v 37 4
v 38 4
v 39 4
v 40 4
v 41 4
v 42 4
e 3 8 1
e 3 11 1
e 3 28 1
e 4 9 1
e 4 18 1
e 4 19 1
e 5 12 1
e 5 20 2
e 6 13 1
e 7 8 1
e 7 9 1
e 7 22 1
e 7 23 1
e 8 24 1
e 8 25 1
e 9 26 1
e 9 27 1
e 10 11 1
e 10 12 1
e 10 13 2
e 11 15 2
e 12 14 2
e 13 16 1
e 14 17 1
e 14 21 1
e 15 20 1
e 15 29 1
e 16 17 2
e 16 30 1
e 17 31 1
e 18 32 1
e 18 33 1
e 18 34 1
e 19 35 1
e 19 36 1
e 19 37 1
e 20 38 1
e 21 39 1
e 21 40 1
e 21 41 1
t # 25521
v 0 12
v 1 1
v 2 1
v 3 2
v 4 2
v 5 2
v 6 2
v 7 3
v 8 3
v 9 3
v 10 3
v 11 3
v 12 3
v 13 3
v 14 3
v 15 3
v 16 3
v 17 3
v 18 3
v 19 3
v 20 3
v 21 4
v 22 4
v 23 4
v 24 4
v 25 4
v 26 4
v 27 4
v 28 4
v 29 4
v 30 4
v 31 4
v 32 4
v 33 4
v 34 4
v 35 4
v 36 4
v 37 4
v 38 4
v 39 4
e 3 8 1
e 3 10 1
e 3 27 1
e 4 9 1
e 4 15 1
e 4 16 1
e 5 12 2
e 5 19 1
e 6 13 1
e 7 8 1
e 7 9 1
e 7 21 1
e 7 22 1
e 8 23 1
e 8 24 1
e 9 25 1
e 9 26 1
e 10 11 2
e 10 14 1
e 11 12 1
e 11 13 1
e 12 17 1
e 13 18 2
e 14 19 2
e 14 28 1
e 15 29 1
e 15 30 1
e 15 31 1
e 16 32 1
e 16 33 1
e 16 34 1
e 17 20 2
e 17 35 1
e 18 20 1
e 18 36 1
e 19 37 1
e 20 38 1
t # 25522
v 0 62
v 1 1
v 2 1
v 3 1
v 4 1
v 5 1
v 6 1
v 7 2
v 8 2
v 9 2
v 10 3
v 11 3
v 12 3
v 13 3
v 14 3
v 15 3
v 16 3
v 17 3
v 18 3
v 19 3
v 20 3
v 21 3
v 22 3
v 23 3
v 24 3
v 25 3
v 26 3
v 27 3
v 28 3
v 29 3
v 30 3
v 31 4
v 32 4
v 33 4
v 34 4
v 35 4
v 36 4
v 37 4
v 38 4
v 39 4
v 40 4
v 41 4
v 42 4
v 43 4
v 44 4
v 45 4
v 46 4
v 47 4
v 48 4
v 49 4
v 50 4
v 51 4
v 52 4
v 53 4
v 54 4
e 1 10 1
e 2 11 1
e 3 12 1
e 4 13 2
e 5 14 2
e 6 15 2
e 7 16 1
e 7 22 1
e 7 28 1
e 8 17 1
e 8 23 1
e 8 29 1
e 9 18 1
e 9 24 1
e 9 30 1
e 10 13 1
e 10 16 2
e 11 14 1
e 11 17 2
e 12 15 1
e 12 18 2
e 13 19 1
e 14 20 1
e 15 21 1
e 16 25 1
e 17 26 1
e 18 27 1
e 19 22 2
e 19 31 1
e 20 23 2
e 20 32 1
e 21 24 2
e 21 33 1
e 22 34 1
e 23 35 1
e 24 36 1
e 25 37 1
e 25 38 1
e 25 39 1
e 26 40 1
e 26 41 1
e 26 42 1
e 27 43 1
e 27 44 1
e 27 45 1
e 28 46 1
e 28 47 1
e 28 48 1
e 29 49 1
e 29 50 1
e 29 51 1
e 30 52 1
e 30 53 1
e 30 54 1
t # 25523
v 0 15
v 1 1
v 2 1
v 3 1
v 4 1
v 5 1
v 6 1
v 7 1
v 8 1
v 9 1
v 10 1
v 11 1
v 12 3
v 13 3
v 14 3
v 15 3
v 16 3
v 17 3
v 18 3
v 19 3
v 20 3
v 21 3
v 22 3
v 23 3
v 24 3
v 25 3
v 26 3
v 27 3
v 28 3
v 29 3
v 30 3
v 31 3
v 32 3
v 33 3
v 34 3
v 35 3
v 36 3
v 37 3
v 38 3
v 39 3
v 40 3
v 41 3
v 42 3
v 43 3
v 44 3
v 45 3
v 46 4
v 47 4
v 48 4
v 49 4
v 50 4
v 51 4
v 52 4
v 53 4
v 54 4
v 55 4
v 56 4
v 57 4
v 58 4
v 59 4
v 60 4
v 61 4
v 62 4
v 63 4
v 64 4
v 65 4
v 66 4
v 67 4
v 68 4
v 69 4
v 70 4
v 71 4
v 72 4
v 73 4
v 74 4
v 75 4
v 76 4
v 77 4
v 78 4
v 79 4
v 80 4
v 81 4
v 82 4
v 83 4
v 84 4
v 85 4
v 86 4
v 87 4
e 1 12 1
e 2 14 1
e 2 15 1
e 3 19 2
e 4 20 2
e 5 21 2
e 6 22 2
e 7 24 1
e 8 13 1
e 8 17 1
e 9 15 1
e 9 17 1
e 10 16 1
e 10 23 1
e 11 18 1
e 11 23 1
e 12 13 1
e 12 14 1
e 12 46 1
e 13 15 1
e 13 47 1
e 14 16 1
e 14 48 1
e 15 49 1
e 16 18 1
e 16 50 1
e 17 25 1
e 17 26 1
e 18 51 1
e 18 52 1
e 19 27 1
e 19 29 1
e 20 28 1
e 20 30 1
e 21 27 1
e 21 31 1
e 22 28 1
e 22 32 1
e 23 33 1
e 23 34 1
e 24 35 1
e 24 53 1
e 24 54 1
e 25 55 1
e 25 56 1
e 25 57 1
e 26 58 1
e 26 59 1
e 26 60 1
e 27 61 1
e 28 62 1
e 29 63 1
e 29 64 1
e 29 65 1
e 30 66 1
e 30 67 1
e 30 68 1
e 31 36 2
e 31 38 1
e 32 37 2
e 32 39 1
e 33 69 1
e 33 70 1
e 33 71 1
e 34 72 1
e 34 73 1
e 34 74 1
e 35 75 1
e 35 76 1
e 35 77 1
e 36 40 1
e 36 78 1
e 37 41 1
e 37 79 1
e 38 42 2
e 38 80 1
e 39 43 2
e 39 81 1
e 40 44 2
e 40 82 1
e 41 45 2
e 41 83 1
e 42 44 1
e 42 84 1
e 43 45 1
e 43 85 1
e 44 86 1
e 45 87 1
t # 25524
v 0 15
v 1 1
v 2 1
v 3 1
v 4 1
v 5 1
v 6 1
v 7 1
v 8 1
v 9 3
v 10 3
v 11 3
v 12 3
v 13 3
v 14 3
v 15 3
v 16 3
v 17 3
v 18 3
v 19 3
v 20 3
v 21 3
v 22 3
v 23 3
v 24 3
v 25 3
v 26 3
v 27 3
v 28 3
v 29 3
v 30 3
v 31 3
v 32 3
v 33 3
v 34 3
v 35 3
v 36 3
v 37 3
v 38 3
v 39 3
v 40 3
v 41 3
v 42 3
v 43 4
v 44 4
v 45 4
v 46 4
v 47 4
v 48 4
v 49 4
v 50 4
v 51 4
v 52 4
v 53 4
v 54 4
v 55 4
v 56 4
v 57 4
v 58 4
v 59 4
v 60 4
v 61 4
v 62 4
v 63 4
v 64 4
v 65 4
v 66 4
v 67 4
v 68 4
v 69 4
v 70 4
v 71 4
v 72 4
v 73 4
v 74 4
v 75 4
v 76 4
v 77 4
v 78 4
v 79 4
v 80 4
v 81 4
v 82 4
v 83 4
v 84 4
v 85 4
v 86 4
v 87 4
v 88 4
v 89 4
v 90 4
v 91 4
v 92 4
v 93 4
v 94 4
e 1 29 2
e 2 30 2
e 3 33 2
e 4 34 2
e 5 35 1
e 6 36 1
e 7 33 1
e 7 39 1
e 8 34 1
e 8 40 1
e 9 17 1
e 9 18 1
e 9 19 1
e 9 29 1
e 10 20 1
e 10 21 1
e 10 22 1
e 10 30 1
e 11 17 1
e 11 23 1
e 11 24 1
e 11 43 1
e 12 18 1
e 12 23 1
e 12 25 1
e 12 44 1
e 13 19 1
e 13 24 1
e 13 25 1
e 13 45 1
e 14 20 1
e 14 26 1
e 14 27 1
e 14 46 1
e 15 21 1
e 15 26 1
e 15 28 1
e 15 47 1
e 16 22 1
e 16 27 1
e 16 28 1
e 16 48 1
e 17 49 1
e 17 50 1
e 18 51 1
e 18 52 1
e 19 53 1
e 19 54 1
e 20 55 1
e 20 56 1
e 21 57 1
e 21 58 1
e 22 59 1
e 22 60 1
e 23 61 1
e 23 62 1
e 24 63 1
e 24 64 1
e 25 65 1
e 25 66 1
e 26 67 1
e 26 68 1
e 27 69 1
e 27 70 1
e 28 71 1
e 28 72 1
e 29 31 1
e 30 32 1
e 31 33 1
e 31 73 1
e 32 34 1
e 32 74 1
e 35 37 1
e 35 75 1
e 35 76 1
e 36 38 1
e 36 77 1
e 36 78 1
e 37 79 1
e 37 80 1
e 37 81 1
e 38 82 1
e 38 83 1
e 38 84 1
e 39 41 1
e 39 85 1
e 39 86 1
e 40 42 1
e 40 87 1
e 40 88 1
e 41 89 1
e 41 90 1
e 41 91 1
e 42 92 1
e 42 93 1
e 42 94 1
t # 25525
v 0 15
v 1 1
v 2 1
v 3 1
v 4 1
v 5 1
v 6 1
v 7 3
v 8 3
v 9 3
v 10 3
v 11 3
v 12 3
v 13 3
v 14 3
v 15 3
v 16 3
v 17 3
v 18 3
v 19 3
v 20 3
v 21 3
v 22 3
v 23 3
v 24 3
v 25 3
v 26 3
v 27 3
v 28 3
v 29 3
v 30 3
v 31 3
v 32 3
v 33 3
v 34 3
v 35 3
v 36 3
v 37 3
v 38 3
v 39 3
v 40 3
v 41 3
v 42 4
v 43 4
v 44 4
v 45 4
v 46 4
v 47 4
v 48 4
v 49 4
v 50 4
v 51 4
v 52 4
v 53 4
v 54 4
v 55 4
v 56 4
v 57 4
v 58 4
v 59 4
v 60 4
v 61 4
v 62 4
v 63 4
v 64 4
v 65 4
v 66 4
v 67 4
v 68 4
v 69 4
v 70 4
v 71 4
v 72 4
v 73 4
v 74 4
v 75 4
v 76 4
v 77 4
v 78 4
v 79 4
v 80 4
v 81 4
v 82 4
v 83 4
v 84 4
v 85 4
e 1 7 1
e 2 20 2
e 3 21 2
e 4 22 2
e 5 23 2
e 6 24 1
e 7 11 1
e 7 12 1
e 7 13 1
e 8 11 1
e 8 14 1
e 8 15 1
e 8 17 1
e 9 12 1
e 9 14 1
e 9 16 1
e 9 18 1
e 10 13 1
e 10 15 1
e 10 16 1
e 10 19 1
e 11 42 1
e 11 43 1
e 12 44 1
e 12 45 1
e 13 46 1
e 13 47 1
e 14 48 1
e 14 49 1
e 15 50 1
e 15 51 1
e 16 52 1
e 16 53 1
e 17 54 1
e 17 55 1
e 17 56 1
e 18 57 1
e 18 58 1
e 18 59 1
e 19 60 1
e 19 61 1
e 19 62 1
e 20 25 1
e 20 27 1
e 21 26 1
e 21 28 1
e 22 25 1
e 22 29 1
e 23 26 1
e 23 30 1
e 24 31 1
e 24 63 1
e 24 64 1
e 25 65 1
e 26 66 1
e 27 67 1
e 27 68 1
e 27 69 1
e 28 70 1
e 28 71 1
e 28 72 1
e 29 32 2
e 29 34 1
e 30 33 2
e 30 35 1
e 31 73 1
e 31 74 1
e 31 75 1
e 32 36 1
e 32 76 1
e 33 37 1
e 33 77 1
e 34 38 2
e 34 78 1
e 35 39 2
e 35 79 1
e 36 40 2
e 36 80 1
e 37 41 2
e 37 81 1
e 38 40 1
e 38 82 1
e 39 41 1
e 39 83 1
e 40 84 1
e 41 85 1
t # 25526
v 0 0
v 1 1
v 2 1
v 3 1
v 4 1
v 5 1
v 6 1
v 7 2
v 8 2
v 9 3
v 10 3
v 11 3
v 12 3
v 13 3
v 14 3
v 15 3
v 16 3
v 17 3
v 18 3
v 19 3
v 20 3
v 21 3
v 22 3
v 23 3
v 24 3
v 25 3
v 26 3
v 27 3
v 28 3
v 29 3
v 30 3
v 31 3
v 32 3
v 33 3
v 34 3
v 35 3
v 36 3
v 37 3
v 38 3
v 39 3
v 40 3
v 41 3
v 42 3
v 43 3
v 44 3
v 45 3
v 46 3
v 47 3
v 48 3
v 49 3
v 50 3
v 51 3
v 52 3
v 53 3
v 54 3
v 55 4
v 56 4
v 57 4
v 58 4
v 59 4
v 60 4
v 61 4
v 62 4
v 63 4
v 64 4
v 65 4
v 66 4
v 67 4
v 68 4
v 69 4
v 70 4
v 71 4
v 72 4
v 73 4
v 74 4
v 75 4
v 76 4
v 77 4
v 78 4
v 79 4
v 80 4
v 81 4
v 82 4
v 83 4
v 84 4
v 85 4
v 86 4
v 87 4
v 88 4
e 1 13 1
e 2 14 1
e 3 21 2
e 4 22 2
e 5 25 1
e 5 53 1
e 6 26 1
e 6 54 1
e 7 9 1
e 7 15 1
e 8 10 1
e 8 16 1
e 9 11 1
e 9 17 1
e 9 55 1
e 10 12 1
e 10 18 1
e 10 56 1
e 11 13 2
e 11 21 1
e 12 14 2
e 12 22 1
e 13 19 1
e 14 20 1
e 15 25 1
e 15 27 2
e 16 26 1
e 16 28 2
e 17 29 2
e 17 31 1
e 18 30 2
e 18 32 1
e 19 23 1
e 19 33 2
e 20 24 1
e 20 34 2
e 21 23 1
e 22 24 1
e 23 35 2
e 24 36 2
e 25 37 2
e 26 38 2
e 27 41 1
e 27 57 1
e 28 42 1
e 28 58 1
e 29 45 1
e 29 59 1
e 30 46 1
e 30 60 1
e 31 47 2
e 31 61 1
e 32 48 2
e 32 62 1
e 33 39 1
e 33 63 1
e 34 40 1
e 34 64 1
e 35 43 1
e 35 65 1
e 36 44 1
e 36 66 1
e 37 49 1
e 37 67 1
e 38 50 1
e 38 68 1
e 39 43 2
e 39 69 1
e 40 44 2
e 40 70 1
e 41 49 2
e 41 71 1
e 42 50 2
e 42 72 1
e 43 73 1
e 44 74 1
e 45 51 2
e 45 75 1
e 46 52 2
e 46 76 1
e 47 51 1
e 47 77 1
e 48 52 1
e 48 78 1
e 49 79 1
e 50 80 1
e 51 81 1
e 52 82 1
e 53 83 1
e 53 84 1
e 53 85 1
e 54 86 1
e 54 87 1
e 54 88 1
t # 25527
v 0 12
v 1 12
v 2 1
v 3 2
v 4 2
v 5 2
v 6 2
v 7 2
v 8 2
v 9 3
v 10 3
v 11 3
v 12 3
v 13 3
v 14 3
v 15 3
v 16 3
v 17 3
v 18 3
v 19 3
v 20 4
v 21 4
v 22 4
v 23 4
v 24 4
v 25 4
v 26 4
v 27 4
v 28 4
v 29 4
v 30 4
v 31 4
v 32 4
v 33 4
v 34 4
v 35 4
e 0 16 1
e 1 17 1
e 2 18 2
e 3 9 1
e 3 11 1
e 3 12 1
e 4 10 1
e 4 13 1
e 4 15 1
e 5 13 1
e 5 19 1
e 5 33 1
e 6 14 1
e 6 15 2
e 7 18 1
e 7 19 2
e 8 19 1
e 8 34 1
e 8 35 1
e 9 10 1
e 9 20 1
e 9 21 1
e 10 22 1
e 10 23 1
e 11 16 1
e 11 24 1
e 11 25 1
e 12 17 1
e 12 26 1
e 12 27 1
e 13 14 2
e 14 18 1
e 15 28 1
e 16 29 1
e 16 30 1
e 17 31 1
e 17 32 1
t # 25528
v 0 1
v 1 1
v 2 1
v 3 1
v 4 1
v 5 1
v 6 1
v 7 2
v 8 2
v 9 2
v 10 2
v 11 3
v 12 3
v 13 3
v 14 3
v 15 3
v 16 3
v 17 3
v 18 3
v 19 3
v 20 3
v 21 3
v 22 3
v 23 3
v 24 3
v 25 3
v 26 3
v 27 3
v 28 3
v 29 3
v 30 4
v 31 4
v 32 4
v 33 4
v 34 4
v 35 4
v 36 4
v 37 4
v 38 4
v 39 4
v 40 4
v 41 4
v 42 4
v 43 4
v 44 4
v 45 4
e 0 17 1
e 0 44 1
e 1 15 2
e 2 17 2
e 3 25 1
e 3 45 1
e 4 24 2
e 5 25 2
e 6 28 2
e 11 7 1
e 7 15 1
e 7 35 1
e 8 10 1
e 8 16 1
e 8 24 1
e 9 22 1
e 9 24 1
e 9 40 1
e 10 23 2
e 11 12 1
e 11 17 1
e 11 30 1
e 12 13 1
e 12 31 1
e 12 32 1
e 13 25 1
e 13 33 1
e 13 34 1
e 14 15 1
e 14 18 2
e 14 19 1
e 16 20 2
e 16 21 1
e 18 20 1
e 18 36 1
e 19 21 2
e 19 37 1
e 20 38 1
e 21 39 1
e 22 23 1
e 22 26 2
e 23 27 1
e 26 28 1
e 26 41 1
e 27 29 2
e 27 42 1
e 28 29 1
e 29 43 1
t # 25529
v 0 12
v 1 2
v 2 2
v 3 2
v 4 2
v 5 2
v 6 2
v 7 3
v 8 3
v 9 3
v 10 3
v 11 3
v 12 3
v 13 3
v 14 3
v 15 3
v 16 3
v 17 3
v 18 3
v 19 3
v 20 3
v 21 3
v 22 3
v 23 3
v 24 3
v 25 3
v 26 3
v 27 3
v 28 3
v 29 3
v 30 3
v 31 4
v 32 4
v 33 4
v 34 4
v 35 4
v 36 4
v 37 4
v 38 4
v 39 4
v 40 4
v 41 4
v 42 4
v 43 4
v 44 4
v 45 4
v 46 4
v 47 4
v 48 4
v 49 4
v 50 4
v 51 4
v 52 4
v 53 4
v 54 4
v 55 4
v 56 4
v 57 4
v 58 4
v 59 4
v 60 4
v 61 4
v 62 4
v 63 4
v 64 4
v 65 4
v 66 4
v 67 4
e 1 13 1
e 1 19 1
e 1 39 1
e 2 14 1
e 2 20 1
e 2 40 1
e 3 25 1
e 3 27 1
e 3 53 1
e 4 26 1
e 4 28 1
e 4 54 1
e 5 29 1
e 5 63 1
e 5 64 1
e 6 30 1
e 6 65 1
e 6 66 1
e 7 9 2
e 7 11 1
e 7 13 1
e 8 10 2
e 8 12 1
e 8 14 1
e 9 10 1
e 9 15 1
e 10 16 1
e 11 12 1
e 11 17 2
e 12 18 2
e 13 31 1
e 13 32 1
e 14 33 1
e 14 34 1
e 15 21 2
e 15 35 1
e 16 22 2
e 16 36 1
e 17 23 1
e 17 37 1
e 18 24 1
e 18 38 1
e 19 25 1
e 19 41 1
e 19 42 1
e 20 26 1
e 20 43 1
e 20 44 1
e 21 22 1
e 21 45 1
e 22 46 1
e 23 24 2
e 23 47 1
e 24 48 1
e 25 49 1
e 25 50 1
e 26 51 1
e 26 52 1
e 27 29 1
e 27 55 1
e 27 56 1
e 28 30 1
e 28 57 1
e 28 58 1
e 29 59 1
e 29 60 1
e 30 61 1
e 30 62 1
t # 25530
v 0 12
v 1 2
v 2 2
v 3 2
v 4 2
v 5 3
v 6 3
v 7 3
v 8 3
v 9 3
v 10 3
v 11 3
v 12 3
v 13 3
v 14 3
v 15 3
v 16 3
v 17 3
v 18 3
v 19 3
v 20 3
v 21 3
v 22 3
v 23 3
v 24 3
v 25 3
v 26 3
v 27 4
v 28 4
v 29 4
v 30 4
v 31 4
v 32 4
v 33 4
v 34 4
v 35 4
v 36 4
v 37 4
v 38 4
v 39 4
v 40 4
v 41 4
v 42 4
v 43 4
v 44 4
v 45 4
v 46 4
v 47 4
v 48 4
v 49 4
v 50 4
v 51 4
v 52 4
v 53 4
v 54 4
v 55 4
v 56 4
v 57 4
e 1 11 1
e 1 17 1
e 1 35 1
e 2 12 1
e 2 18 1
e 2 36 1
e 3 25 1
e 3 53 1
e 3 54 1
e 4 26 1
e 4 55 1
e 4 56 1
e 5 7 2
e 5 9 1
e 5 11 1
e 6 8 2
e 6 10 1
e 6 12 1
e 7 8 1
e 7 13 1
e 8 14 1
e 9 10 1
e 9 15 2
e 10 16 2
e 11 27 1
e 11 28 1
e 12 29 1
e 12 30 1
e 13 19 2
e 13 31 1
e 14 20 2
e 14 32 1
e 15 21 1
e 15 33 1
e 16 22 1
e 16 34 1
e 17 23 1
e 17 37 1
e 17 38 1
e 18 24 1
e 18 39 1
e 18 40 1
e 19 20 1
e 19 41 1
e 20 42 1
e 21 22 2
e 21 43 1
e 22 44 1
e 23 25 1
e 23 45 1
e 23 46 1
e 24 26 1
e 24 47 1
e 24 48 1
e 25 49 1
e 25 50 1
e 26 51 1
e 26 52 1
t # 25531
v 0 12
v 1 2
v 2 2
v 3 2
v 4 2
v 5 3
v 6 3
v 7 3
v 8 3
v 9 3
v 10 3
v 11 3
v 12 3
v 13 3
v 14 3
v 15 3
v 16 3
v 17 3
v 18 3
v 19 3
v 20 3
v 21 3
v 22 3
v 23 3
v 24 3
v 25 4
v 26 4
v 27 4
v 28 4
v 29 4
v 30 4
v 31 4
v 32 4
v 33 4
v 34 4
v 35 4
v 36 4
v 37 4
v 38 4
v 39 4
v 40 4
v 41 4
v 42 4
v 43 4
v 44 4
v 45 4
v 46 4
v 47 4
v 48 4
v 49 4
v 50 4
v 51 4
e 1 11 1
e 1 21 1
e 1 33 1
e 2 12 1
e 2 22 1
e 2 34 1
e 3 23 1
e 3 47 1
e 3 48 1
e 4 24 1
e 4 49 1
e 4 50 1
e 5 7 2
e 5 9 1
e 5 11 1
e 6 8 2
e 6 10 1
e 6 12 1
e 7 8 1
e 7 13 1
e 8 14 1
e 9 10 1
e 9 15 2
e 10 16 2
e 11 25 1
e 11 26 1
e 12 27 1
e 12 28 1
e 13 17 2
e 13 29 1
e 14 18 2
e 14 30 1
e 15 19 1
e 15 31 1
e 16 20 1
e 16 32 1
e 17 18 1
e 17 35 1
e 18 36 1
e 19 20 2
e 19 37 1
e 20 38 1
e 21 23 1
e 21 39 1
e 21 40 1
e 22 24 1
e 22 41 1
e 22 42 1
e 23 43 1
e 23 44 1
e 24 45 1
e 24 46 1
t # 25532
v 0 18
v 1 18
v 2 11
v 3 2
v 4 2
v 5 2
v 6 3
v 7 3
v 8 3
v 9 3
v 10 3
v 11 3
v 12 3
v 13 3
v 14 3
v 15 3
v 16 3
v 17 3
v 18 3
v 19 3
v 20 3
v 21 3
v 22 3
v 23 3
v 24 3
v 25 3
v 26 4
v 27 4
v 28 4
v 29 4
v 30 4
v 31 4
v 32 4
v 33 4
v 34 4
v 35 4
v 36 4
v 37 4
v 38 4
v 39 4
v 40 4
v 41 4
v 42 4
v 43 4
v 44 4
e 2 11 1
e 2 15 1
e 3 7 1
e 3 9 2
e 3 10 1
e 4 9 1
e 4 11 2
e 5 11 1
e 5 12 1
e 5 13 1
e 6 7 1
e 6 8 1
e 6 26 1
e 6 27 1
e 7 28 1
e 7 29 1
e 8 9 1
e 8 30 1
e 8 31 1
e 10 32 1
e 10 33 1
e 10 34 1
e 12 14 1
e 12 15 2
e 13 16 2
e 13 17 1
e 14 18 2
e 14 19 1
e 15 35 1
e 16 20 1
e 16 36 1
e 17 21 2
e 17 37 1
e 18 22 1
e 18 38 1
e 19 23 2
e 19 39 1
e 20 24 2
e 20 40 1
e 21 24 1
e 21 41 1
e 22 25 2
e 22 42 1
e 23 25 1
e 23 43 1
e 24 44 1
t # 25533
v 0 12
v 1 14
v 2 1
v 3 1
v 4 1
v 5 1
v 6 1
v 7 1
v 8 1
v 9 1
v 10 1
v 11 2
v 12 2
v 13 2
v 14 2
v 15 2
v 16 3
v 17 3
v 18 3
v 19 3
v 20 3
v 21 3
v 22 3
v 23 3
v 24 3
v 25 3
v 26 3
v 27 3
v 28 3
v 29 3
v 30 3
v 31 3
v 32 3
v 33 3
v 34 3
v 35 3
v 36 3
v 37 3
v 38 3
v 39 3
v 40 3
v 41 3
v 42 3
v 43 3
v 44 3
v 45 4
v 46 4
v 47 4
v 48 4
v 49 4
v 50 4
v 51 4
v 52 4
v 53 4
v 54 4
v 55 4
v 56 4
v 57 4
v 58 4
v 59 4
v 60 4
v 61 4
v 62 4
v 63 4
v 64 4
v 65 4
v 66 4
v 67 4
v 68 4
v 69 4
v 70 4
v 71 4
v 72 4
v 73 4
v 74 4
v 75 4
v 76 4
v 77 4
v 78 4
v 79 4
v 80 4
v 81 4
v 82 4
v 83 4
v 84 4
v 85 4
v 86 4
v 87 4
v 88 4
v 89 4
v 90 4
v 91 4
e 0 42 1
e 2 19 1
e 2 20 1
e 3 17 1
e 3 53 1
e 4 18 1
e 4 54 1
e 5 21 1
e 5 26 1
e 6 22 2
e 7 24 2
e 8 26 2
e 9 35 2
e 11 19 1
e 11 22 1
e 11 23 1
e 12 16 1
e 12 24 1
e 12 52 1
e 13 22 1
e 13 35 1
e 13 56 1
e 14 15 1
e 14 24 1
e 14 39 1
e 16 17 1
e 16 19 1
e 16 45 1
e 17 18 1
e 17 46 1
e 18 20 1
e 18 47 1
e 19 48 1
e 20 21 1
e 20 49 1
e 21 50 1
e 21 51 1
e 23 25 2
e 23 55 1
e 25 35 1
e 26 27 1
e 27 29 1
e 27 57 1
e 27 58 1
e 28 30 1
e 28 31 1
e 28 59 1
e 28 60 1
e 29 32 1
e 29 65 1
e 29 66 1
e 30 32 1
e 30 63 1
e 30 64 1
e 31 33 1
e 31 61 1
e 31 62 1
e 32 67 1
e 32 68 1
e 33 34 1
e 33 69 1
e 33 70 1
e 34 36 1
e 34 71 1
e 34 72 1
e 36 37 1
e 36 73 1
e 36 74 1
e 37 38 1
e 37 75 1
e 37 76 1
e 38 40 1
e 38 77 1
e 38 78 1
e 39 42 1
e 39 79 1
e 39 80 1
e 40 41 1
e 40 81 1
e 40 82 1
e 41 43 1
e 41 83 1
e 41 84 1
e 42 85 1
e 42 86 1
e 43 44 1
e 43 87 1
e 43 88 1
e 44 89 1
e 44 90 1
e 44 91 1
t # 25534
v 0 12
v 1 1
v 2 1
v 3 1
v 4 1
v 5 1
v 6 1
v 7 1
v 8 1
v 9 2
v 10 2
v 11 2
v 12 3
v 13 3
v 14 3
v 15 3
v 16 3
v 17 3
v 18 3
v 19 3
v 20 3
v 21 3
v 22 3
v 23 3
v 24 3
v 25 3
v 26 3
v 27 3
v 28 3
v 29 3
v 30 3
v 31 3
v 32 3
v 33 3
v 34 3
v 35 3
v 36 3
v 37 3
v 38 4
v 39 4
v 40 4
v 41 4
v 42 4
v 43 4
v 44 4
v 45 4
v 46 4
v 47 4
v 48 4
v 49 4
v 50 4
v 51 4
v 52 4
v 53 4
v 54 4
v 55 4
v 56 4
v 57 4
v 58 4
v 59 4
v 60 4
v 61 4
v 62 4
v 63 4
v 64 4
v 65 4
v 66 4
v 67 4
v 68 4
v 69 4
v 70 4
v 71 4
v 72 4
v 73 4
v 74 4
v 75 4
v 76 4
v 77 4
v 78 4
v 79 4
v 80 4
v 81 4
v 82 4
v 83 4
v 84 4
v 85 4
e 0 36 1
e 1 15 1
e 1 16 1
e 2 13 1
e 2 46 1
e 3 14 1
e 3 47 1
e 4 16 1
e 4 28 1
e 5 17 1
e 5 30 1
e 6 18 2
e 7 30 2
e 9 12 1
e 9 18 1
e 9 45 1
e 10 11 1
e 10 18 1
e 10 34 1
e 12 13 1
e 12 16 1
e 12 38 1
e 13 14 1
e 13 39 1
e 14 15 1
e 14 40 1
e 15 17 1
e 15 41 1
e 16 42 1
e 17 43 1
e 17 44 1
e 19 20 1
e 19 21 1
e 19 48 1
e 19 49 1
e 20 22 1
e 20 50 1
e 20 51 1
e 21 23 1
e 21 52 1
e 21 53 1
e 22 24 1
e 22 54 1
e 22 55 1
e 23 25 1
e 23 56 1
e 23 57 1
e 24 27 1
e 24 58 1
e 24 59 1
e 25 26 1
e 25 60 1
e 25 61 1
e 26 29 1
e 26 62 1
e 26 63 1
e 27 31 1
e 27 64 1
e 27 65 1
e 28 66 1
e 28 67 1
e 28 68 1
e 29 30 1
e 29 69 1
e 29 70 1
e 31 32 1
e 31 71 1
e 31 72 1
e 32 33 1
e 32 73 1
e 32 74 1
e 33 35 1
e 33 75 1
e 33 76 1
e 34 36 1
e 34 77 1
e 34 78 1
e 35 37 1
e 35 79 1
e 35 80 1
e 36 81 1
e 36 82 1
e 37 83 1
e 37 84 1
e 37 85 1
t # 25535
v 0 12
v 1 14
v 2 1
v 3 1
v 4 1
v 5 1
v 6 1
v 7 1
v 8 1
v 9 1
v 10 1
v 11 1
v 12 1
v 13 2
v 14 2
v 15 2
v 16 2
v 17 2
v 18 3
v 19 3
v 20 3
v 21 3
v 22 3
v 23 3
v 24 3
v 25 3
v 26 3
v 27 3
v 28 3
v 29 3
v 30 3
v 31 3
v 32 3
v 33 3
v 34 3
v 35 3
v 36 3
v 37 4
v 38 4
v 39 4
v 40 4
v 41 4
v 42 4
v 43 4
v 44 4
v 45 4
v 46 4
v 47 4
v 48 4
v 49 4
v 50 4
v 51 4
v 52 4
v 53 4
v 54 4
v 55 4
v 56 4
v 57 4
v 58 4
v 59 4
e 0 36 1
e 2 21 1
e 2 22 1
e 3 19 1
e 3 27 1
e 4 20 1
e 4 28 1
e 5 23 1
e 5 33 1
e 6 24 2
e 7 26 2
e 8 27 2
e 9 28 2
e 10 30 2
e 11 33 2
e 13 21 1
e 13 24 1
e 13 25 1
e 14 18 1
e 14 26 1
e 14 44 1
e 15 24 1
e 15 30 1
e 15 46 1
e 16 17 1
e 16 26 1
e 16 34 1
e 18 19 1
e 18 21 1
e 18 37 1
e 19 20 1
e 19 38 1
e 20 22 1
e 20 39 1
e 21 40 1
e 22 23 1
e 22 41 1
e 23 42 1
e 23 43 1
e 25 29 2
e 25 45 1
e 27 31 1
e 28 32 1
e 29 30 1
e 31 47 1
e 31 48 1
e 31 49 1
e 32 50 1
e 32 51 1
e 32 52 1
e 33 35 1
e 34 36 1
e 34 53 1
e 34 54 1
e 35 55 1
e 35 56 1
e 35 57 1
e 36 58 1
e 36 59 1
t # 25536
v 0 1
v 1 1
v 2 1
v 3 1
v 4 2
v 5 3
v 6 3
v 7 3
v 8 3
v 9 3
v 10 3
v 11 3
v 12 3
v 13 3
v 14 3
v 15 3
v 16 3
v 17 3
v 18 3
v 19 3
v 20 3
v 21 4
v 22 4
v 23 4
v 24 4
v 25 4
v 26 4
v 27 4
v 28 4
v 29 4
v 30 4
v 31 4
v 32 4
v 33 4
e 0 5 1
e 0 23 1
e 1 6 1
e 1 24 1
e 2 9 2
e 3 17 1
e 3 20 1
e 4 6 1
e 4 10 1
e 4 21 1
e 5 6 1
e 5 7 1
e 5 9 1
e 6 8 1
e 7 10 2
e 7 12 1
e 8 11 1
e 8 13 2
e 9 11 1
e 10 14 1
e 11 15 2
e 12 16 2
e 12 22 1
e 13 18 1
e 13 25 1
e 14 17 2
e 14 26 1
e 15 19 1
e 15 27 1
e 16 17 1
e 16 28 1
e 18 19 2
e 18 29 1
e 19 30 1
e 20 31 1
e 20 32 1
e 20 33 1
t # 25537
v 0 15
v 1 1
v 2 1
v 3 1
v 4 1
v 5 1
v 6 1
v 7 1
v 8 1
v 9 1
v 10 1
v 11 3
v 12 3
v 13 3
v 14 3
v 15 3
v 16 3
v 17 3
v 18 3
v 19 3
v 20 3
v 21 3
v 22 3
v 23 3
v 24 3
v 25 3
v 26 3
v 27 3
v 28 3
v 29 3
v 30 3
v 31 3
v 32 3
v 33 3
v 34 4
v 35 4
v 36 4
v 37 4
v 38 4
v 39 4
v 40 4
v 41 4
v 42 4
v 43 4
v 44 4
v 45 4
v 46 4
v 47 4
v 48 4
v 49 4
v 50 4
v 51 4
v 52 4
v 53 4
v 54 4
v 55 4
v 56 4
v 57 4
v 58 4
v 59 4
v 60 4
v 61 4
v 62 4
v 63 4
v 64 4
v 65 4
e 1 16 1
e 1 41 1
e 2 20 1
e 2 44 1
e 3 21 1
e 3 45 1
e 4 22 1
e 4 46 1
e 5 21 1
e 5 23 1
e 6 22 1
e 6 24 1
e 7 23 1
e 7 32 1
e 8 24 1
e 8 33 1
e 9 32 2
e 10 33 2
e 11 12 1
e 11 13 1
e 11 34 1
e 11 35 1
e 12 15 2
e 12 17 1
e 13 14 1
e 13 36 1
e 13 37 1
e 14 15 1
e 14 38 1
e 14 39 1
e 15 18 1
e 16 17 2
e 16 19 1
e 17 40 1
e 18 19 2
e 18 42 1
e 19 43 1
e 20 25 1
e 20 47 1
e 20 48 1
e 21 26 2
e 22 27 2
e 23 28 1
e 23 29 1
e 24 30 1
e 24 31 1
e 25 51 1
e 25 52 1
e 25 53 1
e 26 32 1
e 26 49 1
e 27 33 1
e 27 50 1
e 28 54 1
e 28 55 1
e 28 56 1
e 29 57 1
e 29 58 1
e 29 59 1
e 30 60 1
e 30 61 1
e 30 62 1
e 31 63 1
e 31 64 1
e 31 65 1
t # 25538
v 0 15
v 1 12
v 2 1
v 3 1
v 4 1
v 5 1
v 6 1
v 7 1
v 8 2
v 9 2
v 10 3
v 11 3
v 12 3
v 13 3
v 14 3
v 15 3
v 16 3
v 17 3
v 18 3
v 19 3
v 20 3
v 21 3
v 22 3
v 23 3
v 24 3
v 25 3
v 26 3
v 27 3
v 28 3
v 29 3
v 30 3
v 31 3
v 32 3
v 33 3
v 34 3
v 35 3
v 36 3
v 37 3
v 38 3
v 39 3
v 40 3
v 41 3
v 42 3
v 43 3
v 44 4
v 45 4
v 46 4
v 47 4
v 48 4
v 49 4
v 50 4
v 51 4
v 52 4
v 53 4
v 54 4
v 55 4
v 56 4
v 57 4
v 58 4
v 59 4
v 60 4
v 61 4
v 62 4
v 63 4
v 64 4
v 65 4
v 66 4
v 67 4
v 68 4
v 69 4
v 70 4
v 71 4
v 72 4
v 73 4
v 74 4
v 75 4
v 76 4
v 77 4
v 78 4
e 2 10 2
e 3 11 2
e 4 12 2
e 5 13 2
e 6 14 1
e 7 15 1
e 8 24 1
e 8 40 2
e 9 25 1
e 9 41 2
e 10 16 1
e 10 20 1
e 11 17 1
e 11 21 1
e 12 16 1
e 12 22 1
e 13 17 1
e 13 23 1
e 14 18 1
e 14 44 1
e 14 45 1
e 15 19 1
e 15 46 1
e 15 47 1
e 16 48 1
e 17 49 1
e 18 24 1
e 18 50 1
e 18 51 1
e 19 25 1
e 19 52 1
e 19 53 1
e 20 26 2
e 20 28 1
e 21 27 2
e 21 29 1
e 22 54 1
e 22 55 1
e 22 56 1
e 23 57 1
e 23 58 1
e 23 59 1
e 24 34 2
e 25 35 2
e 26 30 1
e 26 60 1
e 27 31 1
e 27 61 1
e 28 32 2
e 28 62 1
e 29 33 2
e 29 63 1
e 30 36 2
e 30 64 1
e 31 37 2
e 31 65 1
e 32 36 1
e 32 66 1
e 33 37 1
e 33 67 1
e 34 38 1
e 34 68 1
e 35 39 1
e 35 69 1
e 36 70 1
e 37 71 1
e 38 42 2
e 38 72 1
e 39 43 2
e 39 73 1
e 40 42 1
e 40 74 1
e 41 43 1
e 41 75 1
e 42 76 1
e 43 77 1
t # 25539
v 0 15
v 1 11
v 2 11
v 3 1
v 4 1
v 5 1
v 6 1
v 7 2
v 8 2
v 9 2
v 10 2
v 11 2
v 12 2
v 13 3
v 14 3
v 15 3
v 16 3
v 17 3
v 18 3
v 19 3
v 20 3
v 21 3
v 22 3
v 23 3
v 24 3
v 25 3
v 26 3
v 27 3
v 28 3
v 29 3
v 30 3
v 31 3
v 32 3
v 33 4
v 34 4
v 35 4
v 36 4
v 37 4
v 38 4
v 39 4
v 40 4
v 41 4
v 42 4
v 43 4
v 44 4
v 45 4
v 46 4
v 47 4
v 48 4
v 49 4
v 50 4
v 51 4
v 52 4
v 53 4
v 54 4
v 55 4
v 56 4
v 57 4
v 58 4
e 1 29 1
e 2 30 1
e 3 13 1
e 3 33 1
e 4 14 1
e 4 34 1
e 5 15 1
e 5 35 1
e 6 16 1
e 6 36 1
e 7 27 1
e 7 29 1
e 7 55 1
e 8 28 1
e 8 30 1
e 8 56 1
e 9 29 2
e 9 31 1
e 10 30 2
e 10 32 1
e 11 31 2
e 12 32 2
e 13 17 1
e 13 37 1
e 13 38 1
e 14 18 1
e 14 39 1
e 14 40 1
e 15 19 2
e 15 21 1
e 16 20 2
e 16 22 1
e 17 41 1
e 17 42 1
e 17 43 1
e 18 44 1
e 18 45 1
e 18 46 1
e 19 23 1
e 19 47 1
e 20 24 1
e 20 48 1
e 21 25 2
e 21 49 1
e 22 26 2
e 22 50 1
e 23 27 2
e 23 51 1
e 24 28 2
e 24 52 1
e 25 27 1
e 25 53 1
e 26 28 1
e 26 54 1
e 31 57 1
e 32 58 1
t # 25540
v 0 15
v 1 1
v 2 1
v 3 1
v 4 1
v 5 1
v 6 1
v 7 1
v 8 1
v 9 3
v 10 3
v 11 3
v 12 3
v 13 3
v 14 3
v 15 3
v 16 3
v 17 3
v 18 3
v 19 3
v 20 3
v 21 3
v 22 3
v 23 3
v 24 3
v 25 3
v 26 3
v 27 3
v 28 3
v 29 3
v 30 3
v 31 3
v 32 3
v 33 4
v 34 4
v 35 4
v 36 4
v 37 4
v 38 4
v 39 4
v 40 4
v 41 4
v 42 4
v 43 4
v 44 4
v 45 4
v 46 4
v 47 4
v 48 4
v 49 4
v 50 4
v 51 4
v 52 4
e 1 9 2
e 2 10 2
e 3 11 1
e 4 12 1
e 5 13 1
e 6 14 1
e 7 21 2
e 8 22 2
e 9 11 1
e 9 15 1
e 10 12 1
e 10 16 1
e 11 17 2
e 12 18 2
e 13 23 1
e 13 33 1
e 13 34 1
e 14 24 1
e 14 35 1
e 14 36 1
e 15 19 1
e 15 25 2
e 16 20 1
e 16 26 2
e 17 21 1
e 17 37 1
e 18 22 1
e 18 38 1
e 19 21 1
e 19 27 2
e 20 22 1
e 20 28 2
e 23 39 1
e 23 40 1
e 23 41 1
e 24 42 1
e 24 43 1
e 24 44 1
e 25 29 1
e 25 45 1
e 26 30 1
e 26 46 1
e 27 31 1
e 27 47 1
e 28 32 1
e 28 48 1
e 29 31 2
e 29 49 1
e 30 32 2
e 30 50 1
e 31 51 1
e 32 52 1
t # 25541
v 0 15
v 1 12
v 2 1
v 3 1
v 4 1
v 5 1
v 6 2
v 7 2
v 8 2
v 9 2
v 10 3
v 11 3
v 12 3
v 13 3
v 14 3
v 15 3
v 16 3
v 17 3
v 18 3
v 19 3
v 20 3
v 21 3
v 22 3
v 23 3
v 24 3
v 25 3
v 26 3
v 27 3
v 28 3
v 29 3
v 30 3
v 31 3
v 32 3
v 33 3
v 34 3
v 35 3
v 36 3
v 37 3
v 38 3
v 39 3
v 40 3
v 41 3
v 42 3
v 43 3
v 44 3
v 45 3
v 46 4
v 47 4
v 48 4
v 49 4
v 50 4
v 51 4
v 52 4
v 53 4
v 54 4
v 55 4
v 56 4
v 57 4
v 58 4
v 59 4
v 60 4
v 61 4
v 62 4
v 63 4
v 64 4
v 65 4
v 66 4
v 67 4
v 68 4
v 69 4
v 70 4
v 71 4
v 72 4
v 73 4
v 74 4
v 75 4
v 76 4
v 77 4
v 78 4
v 79 4
v 80 4
v 81 4
v 82 4
v 83 4
v 84 4
v 85 4
v 86 4
v 87 4
v 88 4
v 89 4
v 90 4
v 91 4
v 92 4
v 93 4
v 94 4
v 95 4
v 96 4
v 97 4
v 98 4
v 99 4
v 100 4
v 101 4
v 102 4
v 103 4
v 104 4
v 105 4
v 106 4
v 107 4
v 108 4
v 109 4
v 110 4
v 111 4
v 112 4
v 113 4
v 114 4
v 115 4
v 116 4
v 117 4
v 118 4
v 119 4
v 120 4
v 121 4
v 122 4
e 2 10 1
e 2 50 1
e 3 11 1
e 3 51 1
e 4 12 1
e 4 52 1
e 5 13 1
e 5 53 1
e 6 22 1
e 6 23 1
e 6 70 1
e 7 24 1
e 7 25 1
e 7 71 1
e 8 26 1
e 8 27 1
e 8 72 1
e 9 28 1
e 9 29 1
e 9 73 1
e 10 14 1
e 10 15 1
e 10 46 1
e 11 16 1
e 11 17 1
e 11 47 1
e 12 18 1
e 12 19 1
e 12 48 1
e 13 20 1
e 13 21 1
e 13 49 1
e 14 22 1
e 14 54 1
e 14 55 1
e 15 23 1
e 15 56 1
e 15 57 1
e 16 24 1
e 16 58 1
e 16 59 1
e 17 25 1
e 17 60 1
e 17 61 1
e 18 26 1
e 18 62 1
e 18 63 1
e 19 27 1
e 19 64 1
e 19 65 1
e 20 28 1
e 20 66 1
e 20 67 1
e 21 29 1
e 21 68 1
e 21 69 1
e 22 30 1
e 22 31 1
e 23 32 1
e 23 33 1
e 24 34 1
e 24 35 1
e 25 36 1
e 25 37 1
e 26 38 1
e 26 39 1
e 27 40 1
e 27 41 1
e 28 42 1
e 28 43 1
e 29 44 1
e 29 45 1
e 30 74 1
e 30 75 1
e 30 76 1
e 31 77 1
e 31 78 1
e 31 79 1
e 32 80 1
e 32 81 1
e 32 82 1
e 33 83 1
e 33 84 1
e 33 85 1
e 34 86 1
e 34 87 1
e 34 88 1
e 35 89 1
e 35 90 1
e 35 91 1
e 36 92 1
e 36 93 1
e 36 94 1
e 37 95 1
e 37 96 1
e 37 97 1
e 38 98 1
e 38 99 1
e 38 100 1
e 39 101 1
e 39 102 1
e 39 103 1
e 40 104 1
e 40 105 1
e 40 106 1
e 41 107 1
e 41 108 1
e 41 109 1
e 42 110 1
e 42 111 1
e 42 112 1
e 43 113 1
e 43 114 1
e 43 115 1
e 44 116 1
e 44 117 1
e 44 118 1
e 45 119 1
e 45 120 1
e 45 121 1
t # 25542
v 0 0
v 1 0
v 2 1
v 3 1
v 4 1
v 5 1
v 6 2
v 7 2
v 8 3
v 9 3
v 10 3
v 11 3
v 12 3
v 13 3
v 14 3
v 15 3
v 16 3
v 17 3
v 18 3
v 19 3
v 20 3
v 21 3
v 22 3
v 23 3
v 24 3
v 25 3
v 26 3
v 27 3
v 28 3
v 29 3
v 30 3
v 31 3
v 32 3
v 33 3
v 34 4
v 35 4
v 36 4
v 37 4
v 38 4
v 39 4
v 40 4
v 41 4
v 42 4
v 43 4
v 44 4
v 45 4
v 46 4
v 47 4
v 48 4
v 49 4
v 50 4
v 51 4
e 2 10 1
e 3 11 1
e 4 16 1
e 5 17 1
e 6 8 1
e 6 12 2
e 7 9 1
e 7 13 2
e 8 11 1
e 8 18 2
e 9 10 1
e 9 19 2
e 10 20 2
e 11 21 2
e 12 14 1
e 12 34 1
e 13 15 1
e 13 35 1
e 14 16 1
e 14 22 2
e 15 17 1
e 15 23 2
e 16 24 2
e 17 25 2
e 18 26 1
e 18 36 1
e 19 27 1
e 19 37 1
e 20 28 1
e 20 38 1
e 21 29 1
e 21 39 1
e 22 30 1
e 22 40 1
e 23 31 1
e 23 41 1
e 24 32 1
e 24 42 1
e 25 33 1
e 25 43 1
e 26 29 2
e 26 44 1
e 27 28 2
e 27 45 1
e 28 46 1
e 29 47 1
e 30 32 2
e 30 48 1
e 31 33 2
e 31 49 1
e 32 50 1
e 33 51 1
t # 25543
v 0 1
v 1 1
v 2 1
v 3 3
v 4 3
v 5 3
v 6 3
v 7 3
v 8 3
v 9 42
v 10 4
v 11 4
v 12 4
v 13 4
v 14 4
v 15 4
v 16 4
v 17 4
v 18 4
v 19 4
v 20 4
v 21 4
v 22 4
e 0 3 1
e 1 4 1
e 2 22 1
e 3 4 1
e 3 5 1
e 3 6 1
e 4 7 1
e 4 8 1
e 5 10 1
e 5 11 1
e 5 12 1
e 6 13 1
e 6 14 1
e 6 15 1
e 7 16 1
e 7 17 1
e 7 18 1
e 8 19 1
e 8 20 1
e 8 21 1
t # 25544
v 0 1
v 1 1
v 2 1
v 3 1
v 4 1
v 5 1
v 6 1
v 7 1
v 8 2
v 9 2
v 10 2
v 11 3
v 12 3
v 13 3
v 14 3
v 15 3
v 16 3
v 17 3
v 18 3
v 19 3
v 20 3
v 21 3
v 22 3
v 23 3
v 24 3
v 25 3
v 26 3
v 27 3
v 28 3
v 29 3
v 30 4
v 31 4
v 32 4
v 33 4
v 34 4
v 35 4
v 36 4
v 37 4
v 38 4
v 39 4
v 40 4
v 41 4
v 42 4
v 43 4
v 44 4
v 45 4
v 46 4
v 47 4
v 48 4
v 49 4
v 50 4
e 0 11 1
e 0 14 1
e 1 12 1
e 1 39 1
e 2 15 1
e 2 41 1
e 3 18 2
e 4 20 2
e 5 21 2
e 6 22 1
e 6 23 1
e 7 22 2
e 8 14 1
e 8 17 1
e 8 18 1
e 9 18 1
e 9 20 1
e 9 42 1
e 10 21 1
e 10 22 1
e 10 43 1
e 11 12 1
e 11 15 1
e 11 16 1
e 12 13 1
e 12 30 1
e 13 14 1
e 13 31 1
e 13 32 1
e 14 33 1
e 15 34 1
e 15 35 1
e 16 36 1
e 16 37 1
e 16 38 1
e 17 19 2
e 17 40 1
e 19 20 1
e 19 21 1
e 23 24 1
e 23 44 1
e 23 45 1
e 24 25 2
e 24 26 1
e 25 27 1
e 25 46 1
e 26 28 2
e 26 47 1
e 27 29 2
e 27 48 1
e 28 29 1
e 28 49 1
e 29 50 1
t # 25545
v 0 1
v 1 1
v 2 1
v 3 1
v 4 1
v 5 1
v 6 1
v 7 1
v 8 1
v 9 1
v 10 1
v 11 1
v 12 1
v 13 3
v 14 3
v 15 3
v 16 3
v 17 3
v 18 3
v 19 3
v 20 3
v 21 3
v 22 3
v 23 3
v 24 3
v 25 3
v 26 3
v 27 3
v 28 3
v 29 3
v 30 3
v 31 3
v 32 3
v 33 3
v 34 3
v 35 3
v 36 3
v 37 3
v 38 3
v 39 3
v 40 3
v 41 3
v 42 3
v 43 3
v 44 3
v 45 3
v 46 3
v 47 3
v 48 3
v 49 3
v 50 4
v 51 4
v 52 4
v 53 4
v 54 4
v 55 4
v 56 4
v 57 4
v 58 4
v 59 4
v 60 4
v 61 4
v 62 4
v 63 4
v 64 4
v 65 4
v 66 4
v 67 4
v 68 4
v 69 4
v 70 4
v 71 4
v 72 4
v 73 4
v 74 4
v 75 4
v 76 4
v 77 4
v 78 4
v 79 4
v 80 4
v 81 4
v 82 4
v 83 4
v 84 4
v 85 4
v 86 4
v 87 4
v 88 4
v 89 4
v 90 4
v 91 4
v 92 4
v 93 4
v 94 4
v 95 4
e 0 16 1
e 0 23 1
e 1 15 1
e 1 33 1
e 2 17 1
e 2 34 1
e 18 3 1
e 3 35 1
e 4 20 1
e 4 36 1
e 24 5 1
e 5 37 1
e 6 28 1
e 6 41 1
e 7 33 2
e 8 34 2
e 9 35 2
e 10 36 2
e 11 37 2
e 12 41 2
e 13 14 1
e 13 15 1
e 13 17 1
e 13 50 1
e 14 18 1
e 14 20 1
e 14 25 1
e 15 16 1
e 15 23 1
e 16 21 1
e 16 51 1
e 17 19 1
e 17 52 1
e 18 21 1
e 18 53 1
e 19 22 1
e 19 27 1
e 19 54 1
e 20 24 1
e 20 55 1
e 21 56 1
e 21 57 1
e 22 26 1
e 22 30 1
e 22 31 1
e 23 58 1
e 23 59 1
e 24 26 1
e 24 60 1
e 25 61 1
e 25 62 1
e 25 63 1
e 26 29 2
e 27 28 1
e 27 64 1
e 27 65 1
e 28 29 1
e 28 66 1
e 29 32 1
e 30 67 1
e 30 68 1
e 30 69 1
e 31 70 1
e 31 71 1
e 31 72 1
e 32 73 1
e 32 74 1
e 32 75 1
e 33 38 1
e 34 39 1
e 35 40 1
e 36 42 1
e 37 43 1
e 38 76 1
e 38 77 1
e 38 78 1
e 39 45 2
e 39 46 1
e 40 79 1
e 40 80 1
e 40 81 1
e 41 44 1
e 42 82 1
e 42 83 1
e 42 84 1
e 43 85 1
e 43 86 1
e 43 87 1
e 44 88 1
e 44 89 1
e 44 90 1
e 45 47 1
e 45 91 1
e 46 48 2
e 46 92 1
e 47 49 2
e 47 93 1
e 48 49 1
e 48 94 1
e 49 95 1
t # 25546
v 0 1
v 1 1
v 2 1
v 3 1
v 4 1
v 5 1
v 6 2
v 7 3
v 8 3
v 9 3
v 10 3
v 11 3
v 12 3
v 13 3
v 14 3
v 15 3
v 16 3
v 17 3
v 18 4
v 19 4
v 20 4
v 21 4
v 22 4
v 23 4
v 24 4
v 25 4
v 26 4
e 0 10 1
e 0 15 1
e 1 13 2
e 2 14 2
e 3 15 2
e 4 16 1
e 4 17 1
e 5 16 2
e 6 13 1
e 6 14 1
e 6 23 1
e 7 8 1
e 7 9 1
e 7 13 1
e 7 18 1
e 8 10 1
e 8 14 1
e 8 19 1
e 9 12 1
e 9 15 1
e 9 20 1
e 10 11 1
e 10 21 1
e 11 12 2
e 11 16 1
e 12 22 1
e 17 24 1
e 17 25 1
e 17 26 1
t # 25547
v 0 15
v 1 1
v 2 1
v 3 1
v 4 1
v 5 1
v 6 1
v 7 2
v 8 2
v 9 3
v 10 3
v 11 3
v 12 3
v 13 3
v 14 3
v 15 3
v 16 3
v 17 3
v 18 3
v 19 3
v 20 3
v 21 3
v 22 3
v 23 3
v 24 3
v 25 3
v 26 3
v 27 3
v 28 3
v 29 3
v 30 3
v 31 3
v 32 3
v 33 4
v 34 4
v 35 4
v 36 4
v 37 4
v 38 4
v 39 4
v 40 4
v 41 4
v 42 4
v 43 4
v 44 4
v 45 4
v 46 4
v 47 4
v 48 4
v 49 4
v 50 4
v 51 4
v 52 4
v 53 4
v 54 4
e 1 11 1
e 2 12 1
e 3 25 1
e 4 26 1
e 7 27 1
e 8 28 1
e 9 13 2
e 9 15 1
e 9 21 1
e 10 14 2
e 10 16 1
e 10 22 1
e 11 15 2
e 11 17 1
e 12 16 2
e 12 18 1
e 13 19 1
e 13 23 1
e 14 20 1
e 14 24 1
e 15 33 1
e 16 34 1
e 17 19 2
e 17 35 1
e 18 20 2
e 18 36 1
e 19 37 1
e 20 38 1
e 21 29 2
e 21 39 1
e 22 30 2
e 22 40 1
e 23 27 2
e 23 41 1
e 24 28 2
e 24 42 1
e 25 31 1
e 25 43 1
e 25 44 1
e 26 32 1
e 26 45 1
e 26 46 1
e 27 29 1
e 28 30 1
e 29 47 1
e 30 48 1
e 31 49 1
e 31 50 1
e 31 51 1
e 32 52 1
e 32 53 1
e 32 54 1
t # 25548
v 0 15
v 1 1
v 2 1
v 3 1
v 4 1
v 5 1
v 6 1
v 7 1
v 8 1
v 9 1
v 10 1
v 11 3
v 12 3
v 13 3
v 14 3
v 15 3
v 16 3
v 17 3
v 18 3
v 19 3
v 20 3
v 21 3
v 22 3
v 23 3
v 24 3
v 25 3
v 26 3
v 27 3
v 28 3
v 29 3
v 30 3
v 31 3
v 32 3
v 33 3
v 34 3
v 35 3
v 36 3
v 37 3
v 38 3
v 39 3
v 40 3
v 41 3
v 42 3
v 43 4
v 44 4
v 45 4
v 46 4
v 47 4
v 48 4
v 49 4
v 50 4
v 51 4
v 52 4
v 53 4
v 54 4
v 55 4
v 56 4
v 57 4
v 58 4
v 59 4
v 60 4
v 61 4
v 62 4
v 63 4
v 64 4
v 65 4
v 66 4
e 1 11 2
e 2 12 2
e 3 13 1
e 4 14 1
e 5 17 1
e 6 18 1
e 7 31 1
e 7 65 1
e 8 32 1
e 8 66 1
e 9 27 2
e 10 28 2
e 11 15 1
e 11 19 1
e 12 16 1
e 12 20 1
e 13 15 2
e 13 23 1
e 14 16 2
e 14 24 1
e 15 21 1
e 16 22 1
e 17 29 1
e 17 43 1
e 17 44 1
e 18 30 1
e 18 45 1
e 18 46 1
e 19 25 1
e 19 35 2
e 20 26 1
e 20 36 2
e 21 27 1
e 21 31 2
e 22 28 1
e 22 32 2
e 23 33 2
e 23 47 1
e 24 34 2
e 24 48 1
e 25 27 1
e 25 37 2
e 26 28 1
e 26 38 2
e 29 49 1
e 29 50 1
e 29 51 1
e 30 52 1
e 30 53 1
e 30 54 1
e 31 33 1
e 32 34 1
e 33 55 1
e 34 56 1
e 35 39 1
e 35 57 1
e 36 40 1
e 36 58 1
e 37 41 1
e 37 59 1
e 38 42 1
e 38 60 1
e 39 41 2
e 39 61 1
e 40 42 2
e 40 62 1
e 41 63 1
e 42 64 1
t # 25549
v 0 15
v 1 1
v 2 1
v 3 1
v 4 1
v 5 2
v 6 2
v 7 2
v 8 2
v 9 3
v 10 3
v 11 3
v 12 3
v 13 3
v 14 3
v 15 3
v 16 3
v 17 3
v 18 3
v 19 3
v 20 3
v 21 3
v 22 3
v 23 3
v 24 3
v 25 3
v 26 3
v 27 3
v 28 3
v 29 3
v 30 3
v 31 3
v 32 3
v 33 3
v 34 3
v 35 3
v 36 3
v 37 3
v 38 3
v 39 3
v 40 3
v 41 4
v 42 4
v 43 4
v 44 4
v 45 4
v 46 4
v 47 4
v 48 4
v 49 4
v 50 4
v 51 4
v 52 4
v 53 4
v 54 4
v 55 4
v 56 4
v 57 4
v 58 4
v 59 4
v 60 4
v 61 4
v 62 4
v 63 4
v 64 4
v 65 4
v 66 4
v 67 4
v 68 4
v 69 4
v 70 4
v 71 4
v 72 4
v 73 4
v 74 4
v 75 4
v 76 4
v 77 4
v 78 4
v 79 4
v 80 4
e 1 9 1
e 2 10 1
e 3 11 1
e 4 12 1
e 5 13 1
e 5 33 1
e 5 34 1
e 6 14 1
e 6 35 1
e 6 36 1
e 7 15 1
e 7 37 1
e 7 38 1
e 8 16 1
e 8 39 1
e 8 40 1
e 9 17 2
e 9 21 1
e 10 18 2
e 10 22 1
e 11 19 2
e 11 23 1
e 12 20 2
e 12 24 1
e 13 25 2
e 13 29 1
e 14 26 2
e 14 30 1
e 15 27 2
e 15 31 1
e 16 28 2
e 16 32 1
e 17 25 1
e 17 41 1
e 18 26 1
e 18 42 1
e 19 27 1
e 19 43 1
e 20 28 1
e 20 44 1
e 21 29 2
e 21 45 1
e 22 30 2
e 22 46 1
e 23 31 2
e 23 47 1
e 24 32 2
e 24 48 1
e 25 49 1
e 26 50 1
e 27 51 1
e 28 52 1
e 29 53 1
e 30 54 1
e 31 55 1
e 32 56 1
e 33 57 1
e 33 58 1
e 33 59 1
e 34 60 1
e 34 61 1
e 34 62 1
e 35 63 1
e 35 64 1
e 35 65 1
e 36 66 1
e 36 67 1
e 36 68 1
e 37 69 1
e 37 70 1
e 37 71 1
e 38 72 1
e 38 73 1
e 38 74 1
e 39 75 1
e 39 76 1
e 39 77 1
e 40 78 1
e 40 79 1
e 40 80 1
t # 25550
v 0 15
v 1 1
v 2 1
v 3 1
v 4 1
v 5 1
v 6 1
v 7 2
v 8 2
v 9 3
v 10 3
v 11 3
v 12 3
v 13 3
v 14 3
v 15 3
v 16 3
v 17 3
v 18 3
v 19 3
v 20 3
v 21 3
v 22 3
v 23 3
v 24 3
v 25 3
v 26 3
v 27 3
v 28 3
v 29 3
v 30 3
v 31 3
v 32 3
v 33 3
v 34 3
v 35 3
v 36 3
v 37 3
v 38 3
v 39 3
v 40 3
v 41 3
v 42 3
v 43 3
v 44 3
v 45 3
v 46 3
v 47 4
v 48 4
v 49 4
v 50 4
v 51 4
v 52 4
v 53 4
v 54 4
v 55 4
v 56 4
v 57 4
v 58 4
v 59 4
v 60 4
v 61 4
v 62 4
v 63 4
v 64 4
v 65 4
v 66 4
v 67 4
v 68 4
v 69 4
v 70 4
v 71 4
v 72 4
v 73 4
v 74 4
v 75 4
v 76 4
v 77 4
v 78 4
v 79 4
v 80 4
v 81 4
v 82 4
v 83 4
v 84 4
v 85 4
v 86 4
v 87 4
v 88 4
v 89 4
v 90 4
v 91 4
v 92 4
v 93 4
v 94 4
v 95 4
v 96 4
v 97 4
v 98 4
v 99 4
v 100 4
v 101 4
v 102 4
v 103 4
v 104 4
e 1 9 2
e 2 10 2
e 3 11 2
e 4 12 2
e 5 19 1
e 6 20 1
e 7 41 1
e 7 43 1
e 7 44 1
e 8 42 1
e 8 45 1
e 8 46 1
e 9 13 1
e 9 17 1
e 10 14 1
e 10 17 1
e 11 15 1
e 11 18 1
e 12 16 1
e 12 18 1
e 13 21 1
e 13 22 1
e 13 23 1
e 14 24 1
e 14 25 1
e 14 26 1
e 15 27 1
e 15 28 1
e 15 29 1
e 16 30 1
e 16 31 1
e 16 32 1
e 17 47 1
e 18 48 1
e 19 33 2
e 19 35 1
e 20 34 2
e 20 36 1
e 21 49 1
e 21 50 1
e 21 51 1
e 22 52 1
e 22 53 1
e 22 54 1
e 23 55 1
e 23 56 1
e 23 57 1
e 24 58 1
e 24 59 1
e 24 60 1
e 25 61 1
e 25 62 1
e 25 63 1
e 26 64 1
e 26 65 1
e 26 66 1
e 27 67 1
e 27 68 1
e 27 69 1
e 28 70 1
e 28 71 1
e 28 72 1
e 29 73 1
e 29 74 1
e 29 75 1
e 30 76 1
e 30 77 1
e 30 78 1
e 31 79 1
e 31 80 1
e 31 81 1
e 32 82 1
e 32 83 1
e 32 84 1
e 33 37 1
e 33 85 1
e 34 38 1
e 34 86 1
e 35 39 2
e 35 87 1
e 36 40 2
e 36 88 1
e 37 41 2
e 37 89 1
e 38 42 2
e 38 90 1
e 39 41 1
e 39 91 1
e 40 42 1
e 40 92 1
e 43 93 1
e 43 94 1
e 43 95 1
e 44 96 1
e 44 97 1
e 44 98 1
e 45 99 1
e 45 100 1
e 45 101 1
e 46 102 1
e 46 103 1
e 46 104 1
t # 25551
v 0 15
v 1 1
v 2 1
v 3 1
v 4 1
v 5 1
v 6 1
v 7 3
v 8 3
v 9 3
v 10 3
v 11 3
v 12 3
v 13 3
v 14 3
v 15 3
v 16 3
v 17 3
v 18 3
v 19 3
v 20 3
v 21 3
v 22 3
v 23 3
v 24 3
v 25 3
v 26 3
v 27 3
v 28 3
v 29 3
v 30 3
v 31 3
v 32 3
v 33 3
v 34 3
v 35 3
v 36 3
v 37 3
v 38 3
v 39 3
v 40 3
v 41 4
v 42 4
v 43 4
v 44 4
v 45 4
v 46 4
v 47 4
v 48 4
v 49 4
v 50 4
v 51 4
v 52 4
v 53 4
v 54 4
v 55 4
v 56 4
v 57 4
v 58 4
v 59 4
v 60 4
v 61 4
v 62 4
v 63 4
v 64 4
v 65 4
v 66 4
v 67 4
v 68 4
e 1 7 1
e 2 8 1
e 3 31 1
e 4 32 1
e 5 15 2
e 6 16 2
e 7 9 1
e 7 11 2
e 8 10 1
e 8 12 2
e 9 13 1
e 9 19 2
e 10 14 1
e 10 20 2
e 11 15 1
e 11 17 1
e 12 16 1
e 12 18 1
e 13 15 1
e 13 21 2
e 14 16 1
e 14 22 2
e 17 27 2
e 17 29 1
e 18 28 2
e 18 30 1
e 19 23 1
e 19 41 1
e 20 24 1
e 20 42 1
e 21 25 1
e 21 43 1
e 22 26 1
e 22 44 1
e 23 25 2
e 23 45 1
e 24 26 2
e 24 46 1
e 25 47 1
e 26 48 1
e 27 33 1
e 27 49 1
e 28 34 1
e 28 50 1
e 29 35 2
e 29 51 1
e 30 36 2
e 30 52 1
e 31 39 1
e 31 53 1
e 31 54 1
e 32 40 1
e 32 55 1
e 32 56 1
e 33 37 2
e 33 57 1
e 34 38 2
e 34 58 1
e 35 37 1
e 35 59 1
e 36 38 1
e 36 60 1
e 37 61 1
e 38 62 1
e 39 63 1
e 39 64 1
e 39 65 1
e 40 66 1
e 40 67 1
e 40 68 1
t # 25552
v 0 15
v 1 14
v 2 14
v 3 1
v 4 1
v 5 1
v 6 1
v 7 1
v 8 1
v 9 3
v 10 3
v 11 3
v 12 3
v 13 3
v 14 3
v 15 3
v 16 3
v 17 3
v 18 3
v 19 3
v 20 3
v 21 3
v 22 3
v 23 3
v 24 3
v 25 3
v 26 3
v 27 3
v 28 3
v 29 3
v 30 3
v 31 3
v 32 3
v 33 3
v 34 3
v 35 3
v 36 3
v 37 4
v 38 4
v 39 4
v 40 4
v 41 4
v 42 4
v 43 4
v 44 4
v 45 4
v 46 4
v 47 4
v 48 4
v 49 4
v 50 4
v 51 4
v 52 4
v 53 4
v 54 4
v 55 4
v 56 4
v 57 4
v 58 4
v 59 4
v 60 4
v 61 4
v 62 4
e 3 9 1
e 4 10 1
e 5 13 2
e 6 14 2
e 7 19 2
e 8 20 2
e 9 11 1
e 9 15 2
e 10 12 1
e 10 16 2
e 11 23 1
e 11 24 1
e 11 25 1
e 12 26 1
e 12 27 1
e 12 28 1
e 13 15 1
e 13 17 1
e 14 16 1
e 14 18 1
e 15 19 1
e 16 20 1
e 17 21 1
e 17 29 2
e 18 22 1
e 18 30 2
e 19 21 1
e 20 22 1
e 21 31 2
e 22 32 2
e 23 37 1
e 23 38 1
e 23 39 1
e 24 40 1
e 24 41 1
e 24 42 1
e 25 43 1
e 25 44 1
e 25 45 1
e 26 46 1
e 26 47 1
e 26 48 1
e 27 49 1
e 27 50 1
e 27 51 1
e 28 52 1
e 28 53 1
e 28 54 1
e 29 33 1
e 29 55 1
e 30 34 1
e 30 56 1
e 31 35 1
e 31 57 1
e 32 36 1
e 32 58 1
e 33 35 2
e 33 59 1
e 34 36 2
e 34 60 1
e 35 61 1
e 36 62 1
t # 25553
v 0 15
v 1 1
v 2 1
v 3 1
v 4 1
v 5 1
v 6 1
v 7 1
v 8 1
v 9 3
v 10 3
v 11 3
v 12 3
v 13 3
v 14 3
v 15 3
v 16 3
v 17 3
v 18 3
v 19 3
v 20 3
v 21 3
v 22 3
v 23 3
v 24 3
v 25 3
v 26 3
v 27 3
v 28 3
v 29 3
v 30 3
v 31 3
v 32 3
v 33 3
v 34 3
v 35 3
v 36 3
v 37 3
v 38 3
v 39 3
v 40 3
v 41 4
v 42 4
v 43 4
v 44 4
v 45 4
v 46 4
v 47 4
v 48 4
v 49 4
v 50 4
v 51 4
v 52 4
v 53 4
v 54 4
v 55 4
v 56 4
v 57 4
v 58 4
v 59 4
v 60 4
v 61 4
v 62 4
v 63 4
v 64 4
v 65 4
v 66 4
v 67 4
v 68 4
v 69 4
v 70 4
v 71 4
v 72 4
v 73 4
v 74 4
v 75 4
v 76 4
e 1 9 1
e 2 10 1
e 3 11 2
e 4 12 2
e 5 17 1
e 6 18 1
e 7 21 2
e 8 22 2
e 9 13 2
e 9 15 1
e 10 14 2
e 10 16 1
e 11 13 1
e 11 19 1
e 12 14 1
e 12 20 1
e 13 21 1
e 14 22 1
e 15 25 1
e 15 26 1
e 15 27 1
e 16 28 1
e 16 29 1
e 16 30 1
e 17 31 1
e 17 41 1
e 17 42 1
e 18 32 1
e 18 43 1
e 18 44 1
e 19 23 1
e 19 33 2
e 20 24 1
e 20 34 2
e 21 23 1
e 22 24 1
e 23 35 2
e 24 36 2
e 25 45 1
e 25 46 1
e 25 47 1
e 26 48 1
e 26 49 1
e 26 50 1
e 27 51 1
e 27 52 1
e 27 53 1
e 28 54 1
e 28 55 1
e 28 56 1
e 29 57 1
e 29 58 1
e 29 59 1
e 30 60 1
e 30 61 1
e 30 62 1
e 31 63 1
e 31 64 1
e 31 65 1
e 32 66 1
e 32 67 1
e 32 68 1
e 33 37 1
e 33 69 1
e 34 38 1
e 34 70 1
e 35 39 1
e 35 71 1
e 36 40 1
e 36 72 1
e 37 39 2
e 37 73 1
e 38 40 2
e 38 74 1
e 39 75 1
e 40 76 1
t # 25554
v 0 15
v 1 1
v 2 1
v 3 1
v 4 1
v 5 1
v 6 1
v 7 3
v 8 3
v 9 3
v 10 3
v 11 3
v 12 3
v 13 3
v 14 3
v 15 3
v 16 3
v 17 3
v 18 3
v 19 3
v 20 3
v 21 3
v 22 3
v 23 3
v 24 3
v 25 3
v 26 3
v 27 4
v 28 4
v 29 4
v 30 4
v 31 4
v 32 4
v 33 4
v 34 4
v 35 4
v 36 4
v 37 4
v 38 4
v 39 4
v 40 4
v 41 4
v 42 4
v 43 4
v 44 4
v 45 4
v 46 4
v 47 4
v 48 4
v 49 4
v 50 4
e 1 7 1
e 2 8 1
e 3 9 2
e 4 10 2
e 5 11 1
e 6 12 1
e 7 10 1
e 7 17 2
e 8 9 1
e 8 18 2
e 9 19 1
e 10 20 1
e 11 13 1
e 11 14 1
e 11 27 1
e 12 15 1
e 12 16 1
e 12 28 1
e 13 29 1
e 13 30 1
e 13 31 1
e 14 32 1
e 14 33 1
e 14 34 1
e 15 35 1
e 15 36 1
e 15 37 1
e 16 38 1
e 16 39 1
e 16 40 1
e 17 21 1
e 17 41 1
e 18 22 1
e 18 42 1
e 19 23 2
e 19 43 1
e 20 24 2
e 20 44 1
e 21 25 2
e 21 45 1
e 22 26 2
e 22 46 1
e 23 26 1
e 23 47 1
e 24 25 1
e 24 48 1
e 25 49 1
e 26 50 1
t # 25555
v 0 15
v 1 1
v 2 1
v 3 1
v 4 1
v 5 1
v 6 1
v 7 3
v 8 3
v 9 3
v 10 3
v 11 3
v 12 3
v 13 3
v 14 3
v 15 3
v 16 3
v 17 3
v 18 3
v 19 3
v 20 3
v 21 3
v 22 3
v 23 3
v 24 3
v 25 3
v 26 3
v 27 3
v 28 3
v 29 3
v 30 3
v 31 3
v 32 3
v 33 3
v 34 3
v 35 3
v 36 3
v 37 3
v 38 3
v 39 3
v 40 3
v 41 3
v 42 3
v 43 3
v 44 3
v 45 3
v 46 3
v 47 3
v 48 3
v 49 3
v 50 3
v 51 3
v 52 3
v 53 3
v 54 3
v 55 3
v 56 3
v 57 3
v 58 3
v 59 3
v 60 3
v 61 3
v 62 3
v 63 3
v 64 3
v 65 3
v 66 3
v 67 3
v 68 3
v 69 3
v 70 3
v 71 3
v 72 3
v 73 3
v 74 3
v 75 3
v 76 3
v 77 3
v 78 3
v 79 3
v 80 3
v 81 4
v 82 4
v 83 4
v 84 4
v 85 4
v 86 4
v 87 4
v 88 4
v 89 4
v 90 4
v 91 4
v 92 4
v 93 4
v 94 4
v 95 4
v 96 4
v 97 4
v 98 4
v 99 4
v 100 4
v 101 4
v 102 4
v 103 4
v 104 4
v 105 4
v 106 4
v 107 4
v 108 4
v 109 4
v 110 4
v 111 4
v 112 4
v 113 4
v 114 4
v 115 4
v 116 4
v 117 4
v 118 4
v 119 4
v 120 4
v 121 4
v 122 4
v 123 4
v 124 4
v 125 4
v 126 4
v 127 4
v 128 4
v 129 4
v 130 4
v 131 4
v 132 4
v 133 4
v 134 4
v 135 4
v 136 4
v 137 4
v 138 4
v 139 4
v 140 4
v 141 4
v 142 4
v 143 4
v 144 4
v 145 4
v 146 4
v 147 4
v 148 4
v 149 4
v 150 4
v 151 4
v 152 4
v 153 4
v 154 4
v 155 4
v 156 4
v 157 4
v 158 4
v 159 4
v 160 4
v 161 4
v 162 4
v 163 4
v 164 4
v 165 4
v 166 4
v 167 4
v 168 4
v 169 4
v 170 4
v 171 4
v 172 4
v 173 4
v 174 4
v 175 4
v 176 4
v 177 4
v 178 4
v 179 4
v 180 4
v 181 4
v 182 4
v 183 4
v 184 4
v 185 4
v 186 4
v 187 4
v 188 4
e 43 1 1
e 44 2 1
e 3 55 2
e 4 56 2
e 5 57 2
e 6 58 2
e 7 9 1
e 7 15 1
e 7 19 1
e 7 33 1
e 8 10 1
e 8 16 1
e 8 20 1
e 8 34 1
e 9 11 1
e 9 21 1
e 9 81 1
e 10 12 1
e 10 22 1
e 10 82 1
e 11 13 1
e 11 27 1
e 11 83 1
e 12 14 1
e 12 28 1
e 12 84 1
e 13 17 1
e 13 23 1
e 13 85 1
e 14 18 1
e 14 24 1
e 14 86 1
e 15 25 1
e 15 29 1
e 15 87 1
e 16 26 1
e 16 30 1
e 16 88 1
e 17 31 1
e 17 35 1
e 17 41 1
e 18 32 1
e 18 36 1
e 18 42 1
e 19 23 1
e 19 89 1
e 19 90 1
e 20 24 1
e 20 91 1
e 20 92 1
e 21 25 1
e 21 93 1
e 21 94 1
e 22 26 1
e 22 95 1
e 22 96 1
e 23 97 1
e 23 98 1
e 24 99 1
e 24 100 1
e 25 101 1
e 25 102 1
e 26 103 1
e 26 104 1
e 27 37 1
e 27 105 1
e 27 106 1
e 28 38 1
e 28 107 1
e 28 108 1
e 29 47 1
e 29 49 1
e 29 109 1
e 30 48 1
e 30 50 1
e 30 110 1
e 31 37 2
e 31 39 1
e 32 38 2
e 32 40 1
e 33 111 1
e 33 112 1
e 33 113 1
e 34 114 1
e 34 115 1
e 34 116 1
e 35 45 1
e 35 117 1
e 35 118 1
e 36 46 1
e 36 119 1
e 36 120 1
e 37 121 1
e 38 122 1
e 39 43 1
e 39 123 1
e 39 124 1
e 40 44 1
e 40 125 1
e 40 126 1
e 41 127 1
e 41 128 1
e 41 129 1
e 42 130 1
e 42 131 1
e 42 132 1
e 43 45 1
e 43 133 1
e 44 46 1
e 44 134 1
e 45 135 1
e 45 136 1
e 46 137 1
e 46 138 1
e 47 51 1
e 47 139 1
e 47 140 1
e 48 52 1
e 48 141 1
e 48 142 1
e 49 143 1
e 49 144 1
e 49 145 1
e 50 146 1
e 50 147 1
e 50 148 1
e 51 53 1
e 51 149 1
e 51 150 1
e 52 54 1
e 52 151 1
e 52 152 1
e 53 61 1
e 53 153 1
e 53 154 1
e 54 62 1
e 54 155 1
e 54 156 1
e 55 59 1
e 55 63 1
e 56 60 1
e 56 64 1
e 57 59 1
e 57 65 1
e 58 60 1
e 58 66 1
e 59 157 1
e 60 158 1
e 61 67 1
e 61 68 1
e 61 159 1
e 62 69 1
e 62 70 1
e 62 160 1
e 63 161 1
e 63 162 1
e 63 163 1
e 64 164 1
e 64 165 1
e 64 166 1
e 65 71 2
e 65 73 1
e 66 72 2
e 66 74 1
e 67 167 1
e 67 168 1
e 67 169 1
e 68 170 1
e 68 171 1
e 68 172 1
e 69 173 1
e 69 174 1
e 69 175 1
e 70 176 1
e 70 177 1
e 70 178 1
e 71 75 1
e 71 179 1
e 72 76 1
e 72 180 1
e 73 77 2
e 73 181 1
e 74 78 2
e 74 182 1
e 75 79 2
e 75 183 1
e 76 80 2
e 76 184 1
e 77 79 1
e 77 185 1
e 78 80 1
e 78 186 1
e 79 187 1
e 80 188 1
t # 25556
v 0 1
v 1 1
v 2 1
v 3 1
v 4 1
v 5 2
v 6 3
v 7 3
v 8 3
v 9 3
v 10 3
v 11 3
v 12 3
v 13 3
v 14 3
v 15 3
v 16 3
v 17 3
v 18 3
v 19 3
v 20 3
v 21 4
v 22 4
v 23 4
v 24 4
v 25 4
v 26 4
v 27 4
v 28 4
v 29 4
v 30 4
v 31 4
v 32 4
v 33 4
e 0 16 1
e 0 20 1
e 1 12 1
e 1 29 1
e 2 11 2
e 3 19 1
e 3 33 1
e 4 16 2
e 5 6 1
e 5 11 1
e 5 21 1
e 6 7 2
e 6 8 1
e 7 10 1
e 7 16 1
e 8 13 2
e 8 22 1
e 9 11 1
e 9 14 2
e 9 15 1
e 10 12 2
e 10 23 1
e 12 13 1
e 13 24 1
e 14 17 1
e 14 25 1
e 15 18 2
e 15 26 1
e 17 19 2
e 17 27 1
e 18 19 1
e 18 28 1
e 20 30 1
e 20 31 1
e 20 32 1
t # 25557
v 0 11
v 1 11
v 2 1
v 3 2
v 4 2
v 5 2
v 6 2
v 7 2
v 8 3
v 9 3
v 10 3
v 11 3
v 12 3
v 13 3
v 14 3
v 15 3
v 16 3
v 17 3
v 18 3
v 19 3
v 20 3
v 21 3
v 22 3
v 23 3
v 24 3
v 25 3
v 26 3
v 27 3
v 28 3
v 29 3
v 30 3
v 31 3
v 32 3
v 33 4
v 34 4
v 35 4
v 36 4
v 37 4
v 38 4
v 39 4
v 40 4
v 41 4
v 42 4
v 43 4
v 44 4
v 45 4
v 46 4
v 47 4
v 48 4
v 49 4
v 50 4
v 51 4
e 0 18 1
e 0 25 1
e 2 12 2
e 3 8 1
e 3 9 1
e 3 10 1
e 4 10 1
e 4 12 1
e 4 13 1
e 5 11 1
e 6 17 1
e 6 25 2
e 7 26 1
e 8 11 2
e 8 15 1
e 9 14 2
e 9 16 1
e 11 12 1
e 13 20 2
e 13 21 1
e 14 17 1
e 14 33 1
e 15 34 1
e 15 35 1
e 15 36 1
e 16 19 2
e 16 37 1
e 17 18 2
e 18 19 1
e 19 38 1
e 20 22 1
e 20 39 1
e 21 23 2
e 21 40 1
e 22 24 2
e 22 41 1
e 23 24 1
e 23 42 1
e 24 43 1
e 25 44 1
e 26 28 2
e 26 29 1
e 27 30 2
e 27 31 1
e 27 32 1
e 28 30 1
e 28 45 1
e 29 31 2
e 29 46 1
e 30 47 1
e 31 48 1
e 32 49 1
e 32 50 1
e 32 51 1
t # 25558
v 0 11
v 1 1
v 2 2
v 3 2
v 4 2
v 5 2
v 6 3
v 7 3
v 8 3
v 9 3
v 10 3
v 11 3
v 12 3
v 13 3
v 14 3
v 15 3
v 16 3
v 17 3
v 18 3
v 19 3
v 20 3
v 21 3
v 22 3
v 23 3
v 24 4
v 25 4
v 26 4
v 27 4
v 28 4
v 29 4
v 30 4
v 31 4
v 32 4
v 33 4
v 34 4
v 35 4
v 36 4
v 37 4
e 1 12 2
e 2 6 1
e 2 7 1
e 2 8 1
e 3 8 1
e 3 12 1
e 3 13 1
e 4 6 1
e 4 9 1
e 4 24 1
e 5 6 2
e 5 10 1
e 7 11 2
e 7 14 1
e 9 10 1
e 9 15 2
e 10 16 2
e 11 12 1
e 11 25 1
e 13 17 2
e 13 18 1
e 14 26 1
e 14 27 1
e 14 28 1
e 15 19 1
e 15 29 1
e 16 20 1
e 16 30 1
e 17 21 1
e 17 31 1
e 18 22 2
e 18 32 1
e 19 20 2
e 19 33 1
e 20 34 1
e 21 23 2
e 21 35 1
e 22 23 1
e 22 36 1
e 23 37 1
t # 25559
v 0 1
v 1 1
v 2 2
v 3 2
v 4 2
v 5 2
v 6 3
v 7 3
v 8 3
v 9 3
v 10 3
v 11 3
v 12 3
v 13 3
v 14 3
v 15 3
v 16 3
v 17 3
v 18 3
v 19 3
v 20 3
v 21 3
v 22 3
v 23 3
v 24 4
v 25 4
v 26 4
v 27 4
v 28 4
v 29 4
v 30 4
v 31 4
v 32 4
v 33 4
v 34 4
v 35 4
v 36 4
v 37 4
e 0 8 2
e 1 12 2
e 2 6 1
e 2 7 1
e 2 8 1
e 3 8 1
e 3 12 1
e 3 13 1
e 4 6 1
e 4 9 1
e 4 24 1
e 5 6 2
e 5 10 1
e 7 11 2
e 7 14 1
e 9 10 1
e 9 15 2
e 10 16 2
e 11 12 1
e 11 25 1
e 13 17 2
e 13 18 1
e 14 26 1
e 14 27 1
e 14 28 1
e 15 19 1
e 15 29 1
e 16 20 1
e 16 30 1
e 17 21 1
e 17 31 1
e 18 22 2
e 18 32 1
e 19 20 2
e 19 33 1
e 20 34 1
e 21 23 2
e 21 35 1
e 22 23 1
e 22 36 1
e 23 37 1
t # 25560
v 0 11
v 1 11
v 2 1
v 3 1
v 4 1
v 5 1
v 6 3
v 7 3
v 8 3
v 9 3
v 10 3
v 11 3
v 12 4
v 13 4
v 14 4
v 15 4
v 16 4
v 17 4
v 18 4
v 19 4
v 20 4
v 21 4
e 0 6 1
e 1 7 1
e 2 8 1
e 2 10 1
e 3 9 1
e 3 11 1
e 4 8 2
e 5 9 2
e 6 8 1
e 6 12 1
e 6 13 1
e 7 9 1
e 7 14 1
e 7 15 1
e 10 16 1
e 10 17 1
e 10 18 1
e 11 19 1
e 11 20 1
e 11 21 1
t # 25561
v 0 11
v 1 11
v 2 1
v 3 1
v 4 2
v 5 2
v 6 3
v 7 3
v 8 3
v 9 3
v 10 3
v 11 3
v 12 3
v 13 3
v 14 3
v 15 4
v 16 4
v 17 4
v 18 4
v 19 4
v 20 4
v 21 4
v 22 4
v 23 4
v 24 4
v 25 4
v 26 4
v 27 4
v 28 4
v 29 4
v 30 4
e 0 13 1
e 1 14 1
e 2 11 2
e 3 12 2
e 4 7 1
e 4 11 1
e 4 21 1
e 5 8 1
e 5 12 1
e 5 22 1
e 6 7 1
e 6 8 1
e 6 15 1
e 6 16 1
e 7 17 1
e 7 18 1
e 8 19 1
e 8 20 1
e 9 11 1
e 9 13 1
e 9 23 1
e 9 24 1
e 10 12 1
e 10 14 1
e 10 25 1
e 10 26 1
e 13 27 1
e 13 28 1
e 14 29 1
e 14 30 1
t # 25562
v 0 11
v 1 11
v 2 1
v 3 1
v 4 2
v 5 2
v 6 3
v 7 3
v 8 3
v 9 3
v 10 3
v 11 3
v 12 3
v 13 3
v 14 4
v 15 4
v 16 4
v 17 4
v 18 4
v 19 4
v 20 4
v 21 4
v 22 4
v 23 4
v 24 4
v 25 4
v 26 4
v 27 4
e 0 12 1
e 1 13 1
e 2 10 2
e 3 11 2
e 4 6 1
e 4 10 1
e 4 22 1
e 5 7 1
e 5 11 1
e 5 23 1
e 6 7 1
e 6 14 1
e 6 15 1
e 7 16 1
e 7 17 1
e 8 10 1
e 8 12 1
e 8 18 1
e 8 19 1
e 9 11 1
e 9 13 1
e 9 20 1
e 9 21 1
e 12 24 1
e 12 25 1
e 13 26 1
e 13 27 1
t # 25563
v 0 11
v 1 11
v 2 1
v 3 1
v 4 2
v 5 2
v 6 3
v 7 3
v 8 3
v 9 3
v 10 3
v 11 3
v 12 3
v 13 4
v 14 4
v 15 4
v 16 4
v 17 4
v 18 4
v 19 4
v 20 4
v 21 4
v 22 4
v 23 4
v 24 4
e 0 11 1
e 1 12 1
e 2 9 2
e 3 10 2
e 4 7 1
e 4 9 1
e 4 19 1
e 5 8 1
e 5 10 1
e 5 20 1
e 6 7 1
e 6 8 1
e 6 13 1
e 6 14 1
e 7 15 1
e 7 16 1
e 8 17 1
e 8 18 1
e 9 11 1
e 10 12 1
e 11 21 1
e 11 22 1
e 12 23 1
e 12 24 1
t # 25564
v 0 11
v 1 11
v 2 1
v 3 1
v 4 2
v 5 2
v 6 3
v 7 3
v 8 3
v 9 3
v 10 3
v 11 3
v 12 4
v 13 4
v 14 4
v 15 4
v 16 4
v 17 4
v 18 4
v 19 4
v 20 4
v 21 4
v 22 4
v 23 4
e 0 10 1
e 1 11 1
e 2 8 2
e 3 9 2
e 4 6 1
e 4 8 1
e 4 16 1
e 5 7 1
e 5 9 1
e 5 17 1
e 6 7 1
e 6 12 1
e 6 13 1
e 7 14 1
e 7 15 1
e 8 10 1
e 9 11 1
e 10 18 1
e 10 19 1
e 11 20 1
e 11 21 1
t # 25565
v 0 12
v 1 1
v 2 1
v 3 1
v 4 1
v 5 1
v 6 1
v 7 3
v 8 3
v 9 3
v 10 3
v 11 3
v 12 3
v 13 3
v 14 3
v 15 3
v 16 3
v 17 3
v 18 3
v 19 3
v 20 3
v 21 3
v 22 3
v 23 4
v 24 4
v 25 4
v 26 4
v 27 4
v 28 4
v 29 4
v 30 4
v 31 4
v 32 4
v 33 4
v 34 4
v 35 4
v 36 4
v 37 4
v 38 4
v 39 4
v 40 4
v 41 4
e 0 9 1
e 1 8 1
e 1 10 1
e 2 7 1
e 2 11 1
e 3 8 1
e 3 11 1
e 4 12 1
e 4 36 1
e 5 15 1
e 5 16 1
e 6 16 2
e 7 8 1
e 7 9 1
e 7 23 1
e 8 24 1
e 9 10 1
e 9 25 1
e 10 12 1
e 10 26 1
e 11 13 1
e 11 14 1
e 12 15 1
e 12 27 1
e 13 28 1
e 13 29 1
e 13 30 1
e 14 31 1
e 14 32 1
e 14 33 1
e 15 34 1
e 15 35 1
e 16 17 1
e 17 18 2
e 17 19 1
e 18 20 1
e 18 37 1
e 19 21 2
e 19 38 1
e 20 22 2
e 20 39 1
e 21 22 1
e 21 40 1
e 22 41 1
t # 25566
v 0 14
v 1 1
v 2 1
v 3 1
v 4 1
v 5 1
v 6 1
v 7 1
v 8 3
v 9 3
v 10 3
v 11 3
v 12 3
v 13 3
v 14 3
v 15 3
v 16 3
v 17 3
v 18 3
v 19 3
v 20 3
v 21 3
v 22 3
v 23 3
v 24 3
v 25 3
v 26 3
v 27 3
v 28 3
v 29 3
v 30 3
v 31 4
v 32 4
v 33 4
v 34 4
v 35 4
v 36 4
v 37 4
v 38 4
v 39 4
v 40 4
v 41 4
v 42 4
v 43 4
v 44 4
v 45 4
v 46 4
v 47 4
v 48 4
v 49 4
v 50 4
v 51 4
v 52 4
v 53 4
e 1 9 1
e 1 11 1
e 2 8 1
e 2 12 1
e 3 9 1
e 3 12 1
e 4 13 1
e 4 17 1
e 5 16 1
e 5 18 1
e 6 17 2
e 7 18 2
e 8 9 1
e 8 10 1
e 8 31 1
e 9 32 1
e 10 11 1
e 10 33 1
e 11 13 1
e 11 34 1
e 12 14 1
e 12 15 1
e 13 16 1
e 13 35 1
e 14 36 1
e 14 37 1
e 14 38 1
e 15 39 1
e 15 40 1
e 15 41 1
e 16 42 1
e 16 43 1
e 17 19 1
e 18 20 1
e 19 21 2
e 19 22 1
e 20 23 2
e 20 24 1
e 21 25 1
e 21 44 1
e 22 26 2
e 22 45 1
e 23 28 1
e 23 46 1
e 24 29 2
e 24 47 1
e 25 27 2
e 25 48 1
e 26 27 1
e 26 49 1
e 27 50 1
e 28 30 2
e 28 51 1
e 29 30 1
e 29 52 1
e 30 53 1
t # 25567
v 0 14
v 1 1
v 2 1
v 3 1
v 4 1
v 5 1
v 6 1
v 7 3
v 8 3
v 9 3
v 10 3
v 11 3
v 12 3
v 13 3
v 14 3
v 15 3
v 16 3
v 17 3
v 18 3
v 19 3
v 20 3
v 21 3
v 22 3
v 23 4
v 24 4
v 25 4
v 26 4
v 27 4
v 28 4
v 29 4
v 30 4
v 31 4
v 32 4
v 33 4
v 34 4
v 35 4
v 36 4
v 37 4
v 38 4
v 39 4
v 40 4
v 41 4
e 1 8 1
e 1 10 1
e 2 7 1
e 2 11 1
e 3 8 1
e 3 11 1
e 4 12 1
e 4 36 1
e 5 15 1
e 5 16 1
e 6 16 2
e 7 8 1
e 7 9 1
e 7 23 1
e 8 24 1
e 9 10 1
e 9 25 1
e 10 12 1
e 10 26 1
e 11 13 1
e 11 14 1
e 12 15 1
e 12 27 1
e 13 28 1
e 13 29 1
e 13 30 1
e 14 31 1
e 14 32 1
e 14 33 1
e 15 34 1
e 15 35 1
e 16 17 1
e 17 18 2
e 17 19 1
e 18 20 1
e 18 37 1
e 19 21 2
e 19 38 1
e 20 22 2
e 20 39 1
e 21 22 1
e 21 40 1
e 22 41 1
t # 25568
v 0 11
v 1 1
v 2 2
v 3 2
v 4 2
v 5 3
v 6 3
v 7 3
v 8 3
v 9 3
v 10 3
v 11 3
v 12 3
v 13 3
v 14 3
v 15 3
v 16 3
v 17 3
v 18 3
v 19 3
v 20 3
v 21 3
v 22 3
v 23 3
v 24 3
v 25 4
v 26 4
v 27 4
v 28 4
v 29 4
v 30 4
v 31 4
v 32 4
v 33 4
v 34 4
v 35 4
v 36 4
v 37 4
v 38 4
v 39 4
v 40 4
v 41 4
v 42 4
v 43 4
v 44 4
v 45 4
v 46 4
v 47 4
e 0 15 1
e 0 16 1
e 1 9 2
e 2 5 1
e 2 6 1
e 2 9 1
e 3 7 1
e 3 8 1
e 3 12 1
e 4 11 1
e 4 13 1
e 4 14 1
e 5 7 1
e 5 25 1
e 5 26 1
e 6 8 1
e 6 27 1
e 6 28 1
e 7 29 1
e 7 30 1
e 8 31 1
e 8 32 1
e 9 10 1
e 10 11 1
e 10 33 1
e 10 34 1
e 11 35 1
e 11 36 1
e 12 37 1
e 12 38 1
e 12 39 1
e 13 15 1
e 13 17 2
e 14 16 1
e 14 18 2
e 15 19 2
e 16 20 2
e 17 21 1
e 17 40 1
e 18 22 1
e 18 41 1
e 19 23 1
e 19 42 1
e 20 24 1
e 20 43 1
e 21 23 2
e 21 44 1
e 22 24 2
e 22 45 1
e 23 46 1
e 24 47 1
t # 25569
v 0 11
v 1 1
v 2 1
v 3 2
v 4 3
v 5 3
v 6 3
v 7 3
v 8 3
v 9 3
v 10 3
v 11 3
v 12 3
v 13 3
v 14 3
v 15 3
v 16 3
v 17 3
v 18 3
v 19 3
v 20 4
v 21 4
v 22 4
v 23 4
v 24 4
v 25 4
v 26 4
v 27 4
v 28 4
v 29 4
v 30 4
v 31 4
v 32 4
v 33 4
v 34 4
e 0 7 1
e 0 8 1
e 1 18 1
e 1 19 1
e 2 18 2
e 3 4 1
e 3 5 1
e 3 6 1
e 4 9 1
e 4 20 1
e 4 21 1
e 5 7 1
e 5 10 2
e 6 8 1
e 6 11 2
e 7 12 2
e 8 13 2
e 9 18 1
e 9 22 1
e 9 23 1
e 10 14 1
e 10 24 1
e 11 15 1
e 11 25 1
e 12 16 1
e 12 26 1
e 13 17 1
e 13 27 1
e 14 16 2
e 14 28 1
e 15 17 2
e 15 29 1
e 16 30 1
e 17 31 1
e 19 32 1
e 19 33 1
e 19 34 1
t # 25570
v 0 1
v 1 1
v 2 2
v 3 3
v 4 3
v 5 3
v 6 3
v 7 3
v 8 3
v 9 3
v 10 3
v 11 3
v 12 3
v 13 3
v 14 3
v 15 3
v 16 3
v 17 3
v 18 3
v 19 4
v 20 4
v 21 4
v 22 4
v 23 4
v 24 4
v 25 4
v 26 4
v 27 4
v 28 4
v 29 4
v 30 4
v 31 4
v 32 4
v 33 4
e 0 3 1
e 0 26 1
e 1 6 2
e 2 5 1
e 2 6 1
e 2 7 1
e 3 4 1
e 3 6 1
e 3 8 1
e 4 5 1
e 4 9 2
e 5 10 2
e 7 11 1
e 7 19 1
e 7 20 1
e 8 21 1
e 8 22 1
e 8 23 1
e 9 12 1
e 9 24 1
e 10 13 1
e 10 25 1
e 11 14 2
e 11 15 1
e 12 13 2
e 12 27 1
e 13 28 1
e 14 16 1
e 14 29 1
e 15 17 2
e 15 30 1
e 16 18 2
e 16 31 1
e 17 18 1
e 17 32 1
e 18 33 1
t # 25571
v 0 1
v 1 1
v 2 2
v 3 3
v 4 3
v 5 3
v 6 3
v 7 3
v 8 3
v 9 3
v 10 3
v 11 3
v 12 3
v 13 4
v 14 4
v 15 4
v 16 4
v 17 4
v 18 4
v 19 4
v 20 4
v 21 4
v 22 4
v 23 4
e 0 3 1
e 0 21 1
e 1 6 2
e 2 5 1
e 2 6 1
e 2 10 1
e 3 4 1
e 3 6 1
e 3 7 1
e 4 5 1
e 4 8 2
e 5 9 2
e 7 13 1
e 7 14 1
e 7 15 1
e 8 11 1
e 8 16 1
e 9 12 1
e 9 17 1
e 10 18 1
e 10 19 1
e 10 20 1
e 11 12 2
e 11 22 1
e 12 23 1
t # 25572
v 0 11
v 1 1
v 2 1
v 3 1
v 4 1
v 5 2
v 6 3
v 7 3
v 8 3
v 9 3
v 10 3
v 11 3
v 12 3
v 13 3
v 14 3
v 15 3
v 16 4
v 17 4
v 18 4
v 19 4
v 20 4
v 21 4
v 22 4
v 23 4
v 24 4
v 25 4
v 26 4
v 27 4
v 28 4
v 29 4
v 30 4
v 31 4
v 32 4
e 0 6 1
e 0 11 1
e 1 10 1
e 1 26 1
e 2 10 2
e 3 13 1
e 3 14 1
e 4 13 2
e 5 7 1
e 5 23 1
e 5 24 1
e 6 7 1
e 6 8 1
e 6 9 1
e 7 10 1
e 7 16 1
e 8 17 1
e 8 18 1
e 8 19 1
e 9 20 1
e 9 21 1
e 9 22 1
e 11 12 2
e 11 25 1
e 12 13 1
e 12 27 1
e 14 15 1
e 14 28 1
e 14 29 1
e 15 30 1
e 15 31 1
e 15 32 1
t # 25573
v 0 1
v 1 2
v 2 2
v 3 3
v 4 3
v 5 3
v 6 3
v 7 3
v 8 3
v 9 4
v 10 4
v 11 4
v 12 4
v 13 4
v 14 4
v 15 4
v 16 4
v 17 4
v 18 4
v 19 4
v 20 4
e 0 7 2
e 1 4 1
e 1 6 2
e 2 6 1
e 2 19 1
e 2 20 1
e 3 4 1
e 3 5 1
e 3 9 1
e 3 10 1
e 4 11 1
e 4 12 1
e 5 13 1
e 5 14 1
e 5 15 1
e 6 7 1
e 7 8 1
e 8 16 1
e 8 17 1
e 8 18 1
t # 25574
v 0 1
v 1 2
v 2 2
v 3 3
v 4 3
v 5 3
v 6 3
v 7 3
v 8 3
v 9 3
v 10 3
v 11 4
v 12 4
v 13 4
v 14 4
v 15 4
v 16 4
v 17 4
v 18 4
v 19 4
v 20 4
v 21 4
v 22 4
v 23 4
v 24 4
v 25 4
v 26 4
e 0 9 2
e 1 5 1
e 1 7 1
e 1 8 1
e 2 3 1
e 2 5 2
e 3 4 1
e 3 11 1
e 3 12 1
e 4 6 1
e 4 13 1
e 4 14 1
e 5 9 1
e 6 15 1
e 6 16 1
e 6 17 1
e 7 18 1
e 7 19 1
e 7 20 1
e 8 21 1
e 8 22 1
e 8 23 1
e 9 10 1
e 10 24 1
e 10 25 1
e 10 26 1
t # 25575
v 0 1
v 1 2
v 2 2
v 3 3
v 4 3
v 5 3
v 6 3
v 7 3
v 8 3
v 9 3
v 10 3
v 11 3
v 12 3
v 13 4
v 14 4
v 15 4
v 16 4
v 17 4
v 18 4
v 19 4
v 20 4
v 21 4
v 22 4
v 23 4
v 24 4
e 0 11 2
e 1 4 1
e 1 10 2
e 2 10 1
e 2 23 1
e 2 24 1
e 3 4 1
e 3 5 2
e 3 6 1
e 4 13 1
e 4 14 1
e 5 7 1
e 5 15 1
e 6 8 2
e 6 16 1
e 7 9 2
e 7 17 1
e 8 9 1
e 8 18 1
e 9 19 1
e 10 11 1
e 11 12 1
e 12 20 1
e 12 21 1
e 12 22 1
t # 25576
v 0 1
v 1 2
v 2 2
v 3 3
v 4 3
v 5 3
v 6 3
v 7 3
v 8 3
v 9 3
v 10 3
v 11 3
v 12 4
v 13 4
v 14 4
v 15 4
v 16 4
v 17 4
v 18 4
v 19 4
v 20 4
v 21 4
e 0 10 2
e 1 3 1
e 1 6 2
e 2 6 1
e 2 20 1
e 2 21 1
e 3 4 2
e 3 5 1
e 4 7 1
e 4 12 1
e 5 8 2
e 5 13 1
e 6 10 1
e 7 9 2
e 7 14 1
e 8 9 1
e 8 15 1
e 9 16 1
e 10 11 1
e 11 17 1
e 11 18 1
e 11 19 1
t # 25577
v 0 1
v 1 1
v 2 1
v 3 1
v 4 2
v 5 2
v 6 3
v 7 3
v 8 3
v 9 3
v 10 3
v 11 3
v 12 3
v 13 3
v 14 3
v 15 3
v 16 3
v 17 4
v 18 4
v 19 4
v 20 4
v 21 4
v 22 4
v 23 4
v 24 4
v 25 4
v 26 4
v 27 4
v 28 4
v 29 4
v 30 4
v 31 4
v 32 4
v 33 4
v 34 4
v 35 4
v 36 4
v 37 4
v 38 4
e 0 6 1
e 0 11 1
e 1 6 1
e 1 12 1
e 2 9 2
e 3 15 2
e 4 8 1
e 4 9 1
e 4 22 1
e 5 10 1
e 5 15 1
e 5 29 1
e 6 7 1
e 6 17 1
e 7 9 1
e 7 18 1
e 7 19 1
e 8 10 1
e 8 20 1
e 8 21 1
e 10 23 1
e 10 24 1
e 11 13 1
e 11 25 1
e 11 26 1
e 12 14 1
e 12 27 1
e 12 28 1
e 13 30 1
e 13 31 1
e 13 32 1
e 14 33 1
e 14 34 1
e 14 35 1
e 15 16 1
e 16 36 1
e 16 37 1
e 16 38 1
t # 25578
v 0 1
v 1 1
v 2 2
v 3 2
v 4 2
v 5 2
v 6 3
v 7 3
v 8 3
v 9 3
v 10 3
v 11 3
v 12 3
v 13 4
v 14 4
v 15 4
v 16 4
v 17 4
v 18 4
v 19 4
v 20 4
v 21 4
v 22 4
v 23 4
v 24 4
v 25 4
v 26 4
e 0 10 2
e 1 12 2
e 2 7 1
e 2 9 2
e 3 4 1
e 3 9 1
e 3 20 1
e 4 12 1
e 4 24 1
e 5 12 1
e 5 25 1
e 5 26 1
e 6 7 1
e 6 8 1
e 6 13 1
e 6 14 1
e 7 15 1
e 7 16 1
e 8 17 1
e 8 18 1
e 8 19 1
e 9 10 1
e 10 11 1
e 11 21 1
e 11 22 1
e 11 23 1
t # 25579
v 0 11
v 1 1
v 2 2
v 3 2
v 4 2
v 5 3
v 6 3
v 7 3
v 8 3
v 9 3
v 10 3
v 11 3
v 12 3
v 13 3
v 14 3
v 15 3
v 16 3
v 17 3
v 18 4
v 19 4
v 20 4
v 21 4
v 22 4
v 23 4
v 24 4
v 25 4
v 26 4
v 27 4
v 28 4
v 29 4
v 30 4
v 31 4
v 32 4
e 0 5 1
e 0 7 1
e 1 13 1
e 1 17 1
e 2 6 1
e 2 7 2
e 3 4 1
e 3 7 1
e 3 28 1
e 4 16 2
e 5 6 2
e 5 9 1
e 6 10 1
e 8 11 2
e 8 12 1
e 8 16 1
e 9 18 1
e 9 19 1
e 9 20 1
e 10 21 1
e 10 22 1
e 10 23 1
e 11 14 1
e 11 24 1
e 12 15 2
e 12 25 1
e 13 14 2
e 13 15 1
e 14 26 1
e 15 27 1
e 16 29 1
e 17 30 1
e 17 31 1
e 17 32 1
t # 25580
v 0 11
v 1 1
v 2 1
v 3 2
v 4 3
v 5 3
v 6 3
v 7 3
v 8 3
v 9 3
v 10 3
v 11 3
v 12 3
v 13 3
v 14 4
v 15 4
v 16 4
v 17 4
v 18 4
v 19 4
v 20 4
v 21 4
v 22 4
v 23 4
v 24 4
e 0 4 1
e 0 7 1
e 1 4 1
e 1 23 1
e 2 6 2
e 3 5 1
e 3 6 1
e 3 10 1
e 4 6 1
e 4 8 1
e 5 7 1
e 5 9 2
e 7 11 2
e 8 14 1
e 8 15 1
e 8 16 1
e 9 12 1
e 9 17 1
e 10 18 1
e 10 19 1
e 10 20 1
e 11 13 1
e 11 21 1
e 12 13 2
e 12 22 1
e 13 24 1
t # 25581
v 0 12
v 1 12
v 2 1
v 3 2
v 4 2
v 5 2
v 6 3
v 7 3
v 8 3
v 9 3
v 10 3
v 11 3
v 12 3
v 13 3
v 14 3
v 15 3
v 16 4
v 17 4
v 18 4
v 19 4
v 20 4
v 21 4
v 22 4
v 23 4
v 24 4
v 25 4
v 26 4
e 0 12 1
e 2 14 2
e 3 7 1
e 3 9 1
e 3 16 1
e 4 6 1
e 4 9 2
e 5 8 1
e 5 14 1
e 5 19 1
e 6 7 2
e 6 8 1
e 7 10 1
e 8 11 2
e 9 13 1
e 10 12 2
e 10 17 1
e 11 12 1
e 11 18 1
e 13 20 1
e 13 21 1
e 13 22 1
e 14 15 1
e 15 23 1
e 15 24 1
e 15 25 1
t # 25582
v 0 11
v 1 1
v 2 2
v 3 3
v 4 3
v 5 3
v 6 3
v 7 3
v 8 3
v 9 3
v 10 3
v 11 3
v 12 3
v 13 3
v 14 4
v 15 4
v 16 4
v 17 4
v 18 4
v 19 4
v 20 4
v 21 4
v 22 4
v 23 4
v 24 4
v 25 4
v 26 4
e 0 4 1
e 0 7 1
e 1 9 2
e 2 4 1
e 2 9 1
e 2 16 1
e 3 4 1
e 3 5 1
e 3 6 1
e 3 14 1
e 4 15 1
e 5 17 1
e 5 18 1
e 5 19 1
e 6 20 1
e 6 21 1
e 6 22 1
e 7 8 1
e 7 10 2
e 8 9 1
e 8 11 2
e 10 12 1
e 10 23 1
e 11 13 1
e 11 24 1
e 12 13 2
e 12 25 1
e 13 26 1
t # 25583
v 0 27
v 1 1
v 2 2
v 3 3
v 4 3
v 5 3
v 6 3
v 7 3
v 8 3
v 9 3
v 10 3
v 11 3
v 12 3
v 13 4
v 14 4
v 15 4
v 16 4
v 17 4
v 18 4
v 19 4
v 20 4
v 21 4
v 22 4
v 23 4
v 24 4
v 25 4
v 26 4
v 27 4
v 28 4
v 29 4
v 30 4
v 31 4
v 32 4
v 33 4
v 34 4
e 1 5 1
e 1 34 1
e 2 4 1
e 2 10 1
e 2 11 1
e 2 12 1
e 3 4 1
e 3 5 1
e 3 6 1
e 3 13 1
e 4 14 1
e 4 15 1
e 5 7 1
e 5 16 1
e 6 8 1
e 6 17 1
e 6 18 1
e 7 9 1
e 7 19 1
e 7 20 1
e 8 9 1
e 8 21 1
e 8 22 1
e 9 23 1
e 9 24 1
e 10 25 1
e 10 26 1
e 10 27 1
e 11 28 1
e 11 29 1
e 11 30 1
e 12 31 1
e 12 32 1
e 12 33 1
t # 25584
v 0 12
v 1 1
v 2 2
v 3 3
v 4 3
v 5 3
v 6 3
v 7 3
v 8 3
v 9 3
v 10 3
v 11 3
v 12 4
v 13 4
v 14 4
v 15 4
v 16 4
v 17 4
v 18 4
v 19 4
v 20 4
v 21 4
v 22 4
v 23 4
v 24 4
v 25 4
v 26 4
v 27 4
v 28 4
v 29 4
v 30 4
v 31 4
e 1 4 1
e 1 24 1
e 2 9 1
e 2 10 1
e 2 11 1
e 3 4 1
e 3 5 1
e 3 9 1
e 3 12 1
e 4 6 1
e 4 13 1
e 5 7 1
e 5 14 1
e 5 15 1
e 6 8 1
e 6 16 1
e 6 17 1
e 7 8 1
e 7 18 1
e 7 19 1
e 8 20 1
e 8 21 1
e 9 22 1
e 9 23 1
e 10 25 1
e 10 26 1
e 10 27 1
e 11 28 1
e 11 29 1
e 11 30 1
t # 25585
v 0 1
v 1 2
v 2 2
v 3 3
v 4 3
v 5 3
v 6 3
v 7 3
v 8 3
v 9 3
v 10 3
v 11 4
v 12 4
v 13 4
v 14 4
v 15 4
v 16 4
v 17 4
v 18 4
v 19 4
v 20 4
v 21 4
v 22 4
v 23 4
v 24 4
v 25 4
v 26 4
e 0 26 1
e 1 8 1
e 1 9 1
e 1 10 1
e 2 7 2
e 3 4 1
e 3 7 1
e 3 8 1
e 3 11 1
e 4 5 1
e 4 12 1
e 4 13 1
e 5 6 1
e 5 14 1
e 5 15 1
e 6 7 1
e 6 16 1
e 6 17 1
e 8 18 1
e 8 19 1
e 9 20 1
e 9 21 1
e 9 22 1
e 10 23 1
e 10 24 1
e 10 25 1
t # 25586
v 0 1
v 1 1
v 2 2
v 3 2
v 4 3
v 5 3
v 6 3
v 7 3
v 8 3
v 9 3
v 10 3
v 11 3
v 12 3
v 13 3
v 14 3
v 15 3
v 16 4
v 17 4
v 18 4
v 19 4
v 20 4
v 21 4
v 22 4
v 23 4
v 24 4
v 25 4
v 26 4
v 27 4
v 28 4
v 29 4
v 30 4
v 31 4
v 32 4
v 33 4
v 34 4
v 35 4
v 36 4
v 37 4
e 0 8 2
e 1 9 2
e 2 10 1
e 2 12 1
e 2 13 1
e 3 11 1
e 3 14 1
e 3 15 1
e 4 6 1
e 4 8 1
e 4 10 1
e 4 16 1
e 5 7 1
e 5 9 1
e 5 11 1
e 5 17 1
e 6 9 1
e 6 18 1
e 6 20 1
e 7 8 1
e 7 19 1
e 7 21 1
e 10 22 1
e 10 23 1
e 11 24 1
e 11 25 1
e 12 26 1
e 12 27 1
e 12 28 1
e 13 29 1
e 13 30 1
e 13 31 1
e 14 32 1
e 14 33 1
e 14 34 1
e 15 35 1
e 15 36 1
e 15 37 1
t # 25587
v 0 12
v 1 1
v 2 1
v 3 2
v 4 2
v 5 3
v 6 3
v 7 3
v 8 3
v 9 3
v 10 3
v 11 3
v 12 3
v 13 3
v 14 3
v 15 3
v 16 3
v 17 4
v 18 4
v 19 4
v 20 4
v 21 4
v 22 4
v 23 4
v 24 4
v 25 4
v 26 4
v 27 4
v 28 4
v 29 4
v 30 4
v 31 4
v 32 4
v 33 4
v 34 4
v 35 4
v 36 4
v 37 4
v 38 4
v 39 4
e 1 9 2
e 2 10 2
e 3 11 1
e 3 13 1
e 3 14 1
e 4 12 1
e 4 15 1
e 4 16 1
e 5 7 1
e 5 9 1
e 5 11 1
e 5 17 1
e 6 8 1
e 6 10 1
e 6 12 1
e 6 18 1
e 7 10 1
e 7 19 1
e 7 21 1
e 8 9 1
e 8 20 1
e 8 22 1
e 11 23 1
e 11 24 1
e 12 25 1
e 12 26 1
e 13 27 1
e 13 28 1
e 13 29 1
e 14 30 1
e 14 31 1
e 14 32 1
e 15 33 1
e 15 34 1
e 15 35 1
e 16 36 1
e 16 37 1
e 16 38 1
t # 25588
v 0 2
v 1 2
v 2 2
v 3 3
v 4 3
v 5 3
v 6 3
v 7 3
v 8 3
v 9 3
v 10 3
v 11 3
v 12 3
v 13 3
v 14 3
v 15 3
v 16 3
v 17 3
v 18 3
v 19 4
v 20 4
v 21 4
v 22 4
v 23 4
v 24 4
v 25 4
v 26 4
v 27 4
v 28 4
v 29 4
v 30 4
v 31 4
v 32 4
v 33 4
e 0 3 1
e 0 6 1
e 0 24 1
e 1 7 1
e 1 12 1
e 1 25 1
e 2 4 1
e 2 12 2
e 3 4 1
e 3 8 1
e 3 19 1
e 4 7 2
e 5 6 1
e 5 7 1
e 5 20 1
e 5 21 1
e 6 22 1
e 6 23 1
e 8 9 2
e 8 10 1
e 9 11 1
e 9 26 1
e 10 14 2
e 10 27 1
e 11 13 1
e 11 15 2
e 12 28 1
e 13 14 1
e 13 16 2
e 14 29 1
e 15 17 1
e 15 30 1
e 16 18 1
e 16 31 1
e 17 18 2
e 17 32 1
e 18 33 1
t # 25589
v 0 2
v 1 2
v 2 2
v 3 3
v 4 3
v 5 3
v 6 3
v 7 3
v 8 3
v 9 3
v 10 3
v 11 3
v 12 3
v 13 3
v 14 3
v 15 3
v 16 3
v 17 3
v 18 3
v 19 4
v 20 4
v 21 4
v 22 4
v 23 4
v 24 4
v 25 4
v 26 4
v 27 4
v 28 4
v 29 4
v 30 4
v 31 4
v 32 4
v 33 4
e 0 3 1
e 0 6 1
e 0 24 1
e 1 7 1
e 1 12 1
e 1 25 1
e 2 4 1
e 2 12 2
e 3 4 1
e 3 8 1
e 3 19 1
e 4 7 2
e 5 6 1
e 5 7 1
e 5 20 1
e 5 21 1
e 6 22 1
e 6 23 1
e 8 9 1
e 8 10 2
e 9 11 1
e 9 13 2
e 10 14 1
e 10 26 1
e 11 15 1
e 11 16 2
e 12 27 1
e 13 17 1
e 13 28 1
e 14 15 2
e 14 29 1
e 15 30 1
e 16 18 1
e 16 31 1
e 17 18 2
e 17 32 1
e 18 33 1
t # 25590
v 0 12
v 1 11
v 2 1
v 3 1
v 4 1
v 5 1
v 6 1
v 7 1
v 8 2
v 9 2
v 10 2
v 11 3
v 12 3
v 13 3
v 14 3
v 15 3
v 16 3
v 17 3
v 18 3
v 19 3
v 20 3
v 21 4
v 22 4
v 23 4
v 24 4
v 25 4
v 26 4
v 27 4
v 28 4
v 29 4
v 30 4
v 31 4
v 32 4
e 1 12 1
e 1 13 1
e 2 16 1
e 2 20 1
e 3 16 2
e 8 11 1
e 8 27 1
e 8 28 1
e 9 14 1
e 10 18 1
e 11 12 1
e 11 16 1
e 11 21 1
e 12 22 1
e 12 23 1
e 13 14 2
e 13 15 1
e 14 17 1
e 15 19 2
e 15 24 1
e 17 18 2
e 17 25 1
e 18 19 1
e 19 26 1
e 20 29 1
e 20 30 1
e 20 31 1
t # 25591
v 0 11
v 1 1
v 2 1
v 3 1
v 4 1
v 5 1
v 6 1
v 7 1
v 8 1
v 9 2
v 10 2
v 11 2
v 12 2
v 13 2
v 14 3
v 15 3
v 16 3
v 17 3
v 18 3
v 19 3
v 20 3
v 21 3
v 22 3
v 23 3
v 24 3
v 25 3
v 26 3
v 27 3
v 28 4
v 29 4
v 30 4
v 31 4
v 32 4
v 33 4
v 34 4
v 35 4
v 36 4
v 37 4
v 38 4
e 0 19 1
e 9 14 1
e 9 15 1
e 9 16 1
e 10 17 1
e 11 18 1
e 12 26 1
e 13 27 1
e 14 19 1
e 14 28 1
e 14 29 1
e 15 17 2
e 15 20 1
e 16 18 2
e 16 21 1
e 17 22 1
e 18 23 1
e 19 30 1
e 19 31 1
e 20 24 2
e 20 32 1
e 21 25 2
e 21 33 1
e 22 26 2
e 22 34 1
e 23 27 2
e 23 35 1
e 24 26 1
e 24 36 1
e 25 27 1
e 25 37 1
t # 25592
v 0 11
v 1 11
v 2 1
v 3 1
v 4 1
v 5 1
v 6 1
v 7 1
v 8 1
v 9 1
v 10 2
v 11 2
v 12 2
v 13 2
v 14 2
v 15 2
v 16 3
v 17 3
v 18 3
v 19 3
v 20 3
v 21 3
v 22 3
v 23 3
v 24 3
v 25 3
v 26 3
v 27 3
v 28 3
v 29 3
v 30 3
v 31 3
v 32 4
v 33 4
v 34 4
v 35 4
v 36 4
v 37 4
v 38 4
v 39 4
v 40 4
v 41 4
v 42 4
v 43 4
v 44 4
v 45 4
v 46 4
v 47 4
e 0 20 1
e 1 21 1
e 10 16 1
e 10 18 1
e 10 36 1
e 11 17 1
e 11 19 1
e 11 37 1
e 12 22 1
e 13 23 1
e 14 28 1
e 15 29 1
e 16 20 1
e 16 32 1
e 16 33 1
e 17 21 1
e 17 34 1
e 17 35 1
e 18 22 2
e 18 24 1
e 19 23 2
e 19 25 1
e 20 38 1
e 20 39 1
e 21 40 1
e 21 41 1
e 22 26 1
e 23 27 1
e 24 30 2
e 24 42 1
e 25 31 2
e 25 43 1
e 26 28 2
e 26 44 1
e 27 29 2
e 27 45 1
e 28 30 1
e 29 31 1
e 30 46 1
e 31 47 1
t # 25593
v 0 11
v 1 1
v 2 1
v 3 1
v 4 1
v 5 2
v 6 3
v 7 3
v 8 3
v 9 3
v 10 3
v 11 3
v 12 3
v 13 3
v 14 3
v 15 3
v 16 4
v 17 4
v 18 4
v 19 4
v 20 4
v 21 4
v 22 4
v 23 4
v 24 4
v 25 4
v 26 4
v 27 4
v 28 4
v 29 4
v 30 4
v 31 4
v 32 4
e 0 7 1
e 0 10 1
e 1 8 1
e 1 9 1
e 2 12 1
e 2 15 1
e 3 8 2
e 4 15 2
e 5 6 1
e 5 8 1
e 5 20 1
e 6 7 1
e 6 16 1
e 6 17 1
e 7 18 1
e 7 19 1
e 9 11 1
e 9 21 1
e 9 22 1
e 10 13 2
e 10 23 1
e 11 24 1
e 11 25 1
e 11 26 1
e 12 14 1
e 12 27 1
e 12 28 1
e 13 15 1
e 13 29 1
e 14 30 1
e 14 31 1
e 14 32 1
t # 25594
v 0 11
v 1 1
v 2 1
v 3 1
v 4 1
v 5 3
v 6 3
v 7 3
v 8 3
v 9 3
v 10 3
v 11 3
v 12 3
v 13 3
v 14 4
v 15 4
v 16 4
v 17 4
v 18 4
v 19 4
v 20 4
v 21 4
v 22 4
v 23 4
v 24 4
v 25 4
v 26 4
v 27 4
e 0 6 1
e 0 9 1
e 1 7 1
e 1 13 1
e 2 8 1
e 2 12 1
e 3 7 2
e 4 12 2
e 5 6 1
e 5 7 1
e 5 14 1
e 5 15 1
e 6 16 1
e 6 17 1
e 8 11 1
e 8 18 1
e 8 19 1
e 9 10 2
e 9 20 1
e 10 12 1
e 10 24 1
e 11 21 1
e 11 22 1
e 11 23 1
e 13 25 1
e 13 26 1
e 13 27 1
t # 25595
v 0 11
v 1 1
v 2 1
v 3 1
v 4 1
v 5 3
v 6 3
v 7 3
v 8 3
v 9 3
v 10 3
v 11 3
v 12 3
v 13 4
v 14 4
v 15 4
v 16 4
v 17 4
v 18 4
v 19 4
v 20 4
v 21 4
v 22 4
v 23 4
v 24 4
e 0 5 1
e 0 9 1
e 1 7 1
e 1 12 1
e 2 8 1
e 2 24 1
e 3 8 2
e 4 12 2
e 5 6 1
e 5 13 1
e 5 14 1
e 6 8 1
e 6 15 1
e 6 16 1
e 7 10 1
e 7 17 1
e 7 18 1
e 9 11 2
e 9 19 1
e 10 20 1
e 10 21 1
e 10 22 1
e 11 12 1
e 11 23 1
t # 25596
v 0 18
v 1 11
v 2 1
v 3 1
v 4 2
v 5 3
v 6 3
v 7 3
v 8 3
v 9 3
v 10 3
v 11 3
v 12 3
v 13 3
v 14 3
v 15 3
v 16 3
v 17 4
v 18 4
v 19 4
v 20 4
v 21 4
v 22 4
v 23 4
v 24 4
v 25 4
v 26 4
v 27 4
v 28 4
v 29 4
v 30 4
e 1 5 1
e 1 7 1
e 2 9 1
e 2 10 1
e 3 9 2
e 4 5 1
e 4 6 1
e 4 20 1
e 5 8 1
e 5 17 1
e 6 7 1
e 6 18 1
e 6 19 1
e 7 21 1
e 7 22 1
e 8 9 1
e 8 23 1
e 8 24 1
e 10 11 1
e 10 25 1
e 10 26 1
e 11 12 2
e 11 13 1
e 12 14 1
e 12 27 1
e 13 15 2
e 13 28 1
e 14 16 2
e 14 29 1
e 15 16 1
e 15 30 1
t # 25597
v 0 1
v 1 1
v 2 1
v 3 2
v 4 3
v 5 3
v 6 3
v 7 3
v 8 3
v 9 3
v 10 3
v 11 3
v 12 4
v 13 4
v 14 4
v 15 4
v 16 4
v 17 4
v 18 4
v 19 4
v 20 4
v 21 4
v 22 4
v 23 4
v 24 4
v 25 4
v 26 4
e 0 4 1
e 0 5 1
e 1 7 1
e 1 10 1
e 2 10 2
e 3 6 1
e 3 8 2
e 4 8 1
e 4 12 1
e 4 13 1
e 5 9 1
e 5 14 1
e 5 15 1
e 6 10 1
e 6 16 1
e 6 17 1
e 7 11 1
e 7 18 1
e 7 19 1
e 8 20 1
e 9 21 1
e 9 22 1
e 9 23 1
e 11 24 1
e 11 25 1
e 11 26 1
t # 25598
v 0 12
v 1 11
v 2 11
v 3 1
v 4 1
v 5 1
v 6 1
v 7 2
v 8 2
v 9 3
v 10 3
v 11 3
v 12 3
v 13 3
v 14 3
v 15 3
v 16 3
v 17 4
v 18 4
v 19 4
v 20 4
v 21 4
v 22 4
v 23 4
v 24 4
v 25 4
v 26 4
v 27 4
v 28 4
v 29 4
v 30 4
v 31 4
v 32 4
v 33 4
e 1 11 1
e 2 12 1
e 3 13 1
e 3 15 1
e 4 14 1
e 4 16 1
e 5 13 2
e 6 14 2
e 7 9 1
e 7 23 1
e 7 24 1
e 8 10 1
e 8 25 1
e 8 26 1
e 9 11 1
e 9 13 1
e 9 17 1
e 10 12 1
e 10 14 1
e 10 18 1
e 11 19 1
e 11 20 1
e 12 21 1
e 12 22 1
e 15 27 1
e 15 28 1
e 15 29 1
e 16 30 1
e 16 31 1
e 16 32 1
t # 25599
v 0 12
v 1 12
v 2 2
v 3 2
v 4 3
v 5 3
v 6 3
v 7 3
v 8 3
v 9 3
v 10 3
v 11 3
v 12 3
v 13 3
v 14 3
v 15 3
v 16 4
v 17 4
v 18 4
v 19 4
v 20 4
v 21 4
v 22 4
v 23 4
v 24 4
v 25 4
e 0 8 1
e 1 13 1
e 2 7 2
e 2 15 1
e 3 14 1
e 3 15 2
e 4 5 1
e 4 6 1
e 4 16 1
e 4 17 1
e 5 7 1
e 5 18 1
e 5 19 1
e 6 8 2
e 6 9 1
e 7 12 1
e 8 10 1
e 9 11 2
e 9 20 1
e 10 13 2
e 10 21 1
e 11 13 1
e 11 22 1
e 12 14 2
e 12 23 1
e 14 24 1
e 15 25 1
