t # 27200
v 0 14
v 1 1
v 2 2
v 3 2
v 4 2
v 5 3
v 6 3
v 7 3
v 8 3
v 9 3
v 10 3
v 11 3
v 12 3
v 13 3
v 14 3
v 15 3
v 16 3
v 17 3
v 18 3
v 19 3
v 20 3
v 21 3
v 22 3
v 23 3
v 24 4
v 25 4
v 26 4
v 27 4
v 28 4
v 29 4
v 30 4
v 31 4
v 32 4
v 33 4
v 34 4
v 35 4
v 36 4
v 37 4
v 38 4
v 39 4
e 1 8 2
e 2 3 1
e 2 5 1
e 2 11 1
e 3 9 1
e 3 27 1
e 5 6 1
e 5 7 1
e 5 24 1
e 6 8 1
e 6 25 1
e 6 26 1
e 7 12 2
e 7 13 1
e 8 10 1
e 9 10 2
e 9 14 1
e 10 20 1
e 11 28 1
e 11 29 1
e 11 30 1
e 12 15 1
e 12 31 1
e 13 16 2
e 13 32 1
e 14 18 2
e 14 19 1
e 15 17 2
e 15 33 1
e 16 17 1
e 16 34 1
e 18 21 1
e 18 35 1
e 19 22 2
e 19 36 1
e 21 23 2
e 21 37 1
e 22 23 1
e 22 38 1
e 23 39 1
t # 27201
v 0 1
v 1 1
v 2 1
v 3 3
v 4 3
v 5 3
v 6 3
v 7 3
v 8 3
v 9 3
v 10 3
v 11 4
v 12 4
v 13 4
v 14 4
v 15 4
v 16 4
v 17 4
v 18 4
v 19 4
v 20 4
v 21 4
v 22 4
e 0 5 1
e 0 6 1
e 1 9 1
e 1 21 1
e 2 10 1
e 2 22 1
e 3 4 1
e 3 5 1
e 3 9 1
e 3 11 1
e 4 6 1
e 4 10 1
e 4 12 1
e 5 7 1
e 5 13 1
e 6 8 1
e 6 14 1
e 7 8 2
e 7 15 1
e 8 16 1
e 9 17 1
e 9 18 1
e 10 19 1
e 10 20 1
t # 27202
v 0 1
v 1 1
v 2 1
v 3 3
v 4 3
v 5 3
v 6 3
v 7 3
v 8 3
v 9 3
v 10 3
v 11 3
v 12 3
v 13 3
v 14 3
v 15 3
v 16 4
v 17 4
v 18 4
v 19 4
v 20 4
v 21 4
v 22 4
v 23 4
v 24 4
v 25 4
v 26 4
v 27 4
v 28 4
v 29 4
v 30 4
v 31 4
e 0 6 2
e 1 10 2
e 2 13 1
e 2 29 1
e 3 4 1
e 3 5 1
e 3 9 1
e 3 10 1
e 4 6 1
e 4 8 1
e 4 11 1
e 5 7 1
e 5 16 1
e 5 17 1
e 6 7 1
e 7 18 1
e 7 19 1
e 8 12 1
e 8 20 1
e 8 21 1
e 9 14 1
e 9 22 1
e 9 23 1
e 10 13 1
e 11 24 1
e 11 25 1
e 11 26 1
e 12 13 2
e 12 27 1
e 14 15 2
e 14 28 1
e 15 30 1
e 15 31 1
t # 27203
v 0 1
v 1 1
v 2 1
v 3 1
v 4 1
v 5 1
v 6 1
v 7 3
v 8 3
v 9 3
v 10 3
v 11 3
v 12 3
v 13 3
v 14 3
v 15 3
v 16 3
v 17 3
v 18 3
v 19 3
v 20 4
v 21 4
v 22 4
v 23 4
v 24 4
v 25 4
v 26 4
v 27 4
v 28 4
v 29 4
v 30 4
v 31 4
v 32 4
v 33 4
v 34 4
v 35 4
v 36 4
v 37 4
e 0 12 2
e 1 15 1
e 1 18 1
e 2 15 2
e 3 16 1
e 3 33 1
e 4 17 1
e 4 34 1
e 5 16 2
e 6 17 2
e 7 9 1
e 7 11 1
e 7 13 1
e 7 20 1
e 8 10 1
e 8 12 1
e 8 14 1
e 8 15 1
e 9 10 1
e 9 21 1
e 9 22 1
e 10 23 1
e 10 24 1
e 11 12 1
e 11 25 1
e 11 26 1
e 13 16 1
e 13 17 1
e 13 27 1
e 14 28 1
e 14 29 1
e 14 30 1
e 18 19 1
e 18 31 1
e 18 32 1
e 19 35 1
e 19 36 1
e 19 37 1
t # 27204
v 0 1
v 1 1
v 2 1
v 3 1
v 4 1
v 5 1
v 6 1
v 7 1
v 8 1
v 9 1
v 10 1
v 11 1
v 12 2
v 13 2
v 14 2
v 15 2
v 16 2
v 17 2
v 18 2
v 19 2
v 20 2
v 21 2
v 22 2
v 23 2
v 24 2
v 25 3
v 26 3
v 27 3
v 28 3
v 29 3
v 30 3
v 31 3
v 32 3
v 33 3
v 34 3
v 35 3
v 36 3
v 37 3
v 38 3
v 39 3
v 40 3
v 41 3
v 42 3
v 43 3
v 44 3
v 45 3
v 46 3
v 47 3
v 48 3
v 49 3
v 50 3
v 51 3
v 52 3
v 53 3
v 54 3
v 55 3
v 56 3
v 57 3
v 58 3
v 59 3
v 60 3
v 61 3
v 62 3
v 63 3
v 64 3
v 65 3
v 66 3
v 67 3
v 68 3
v 69 3
v 70 3
v 71 3
v 72 3
v 73 3
v 74 4
v 75 4
v 76 4
v 77 4
v 78 4
v 79 4
v 80 4
v 81 4
v 82 4
v 83 4
v 84 4
v 85 4
v 86 4
v 87 4
v 88 4
v 89 4
v 90 4
v 91 4
v 92 4
v 93 4
v 94 4
v 95 4
v 96 4
v 97 4
v 98 4
v 99 4
v 100 4
v 101 4
v 102 4
v 103 4
v 104 4
v 105 4
v 106 4
v 107 4
v 108 4
v 109 4
v 110 4
v 111 4
v 112 4
v 113 4
v 114 4
v 115 4
v 116 4
v 117 4
v 118 4
v 119 4
v 120 4
v 121 4
v 122 4
v 123 4
v 124 4
v 125 4
v 126 4
v 127 4
v 128 4
v 129 4
v 130 4
v 131 4
v 132 4
v 133 4
v 134 4
v 135 4
v 136 4
v 137 4
v 138 4
v 139 4
v 140 4
v 141 4
v 142 4
v 143 4
v 144 4
v 145 4
v 146 4
v 147 4
v 148 4
v 149 4
v 150 4
v 151 4
v 152 4
v 153 4
v 154 4
e 0 40 2
e 1 43 2
e 2 44 2
e 3 52 2
e 4 56 2
e 5 60 2
e 6 62 2
e 7 63 2
e 8 68 1
e 8 70 1
e 9 68 2
e 10 69 1
e 10 71 1
e 11 69 2
e 12 25 1
e 12 26 1
e 12 31 1
e 13 29 1
e 13 30 1
e 13 34 1
e 14 27 1
e 14 28 1
e 14 40 1
e 15 32 1
e 15 33 1
e 15 43 1
e 16 35 1
e 16 44 1
e 16 45 1
e 17 39 1
e 17 44 1
e 17 52 1
e 18 38 1
e 18 56 1
e 18 57 1
e 19 40 1
e 19 46 1
e 19 108 1
e 20 43 1
e 20 51 1
e 20 121 1
e 21 56 1
e 21 58 1
e 21 60 1
e 22 61 1
e 22 64 1
e 22 65 1
e 23 62 1
e 23 68 1
e 23 137 1
e 24 63 1
e 24 69 1
e 24 144 1
e 25 27 1
e 25 74 1
e 25 75 1
e 26 28 1
e 26 76 1
e 26 77 1
e 27 78 1
e 27 79 1
e 28 80 1
e 28 81 1
e 29 32 1
e 29 82 1
e 29 83 1
e 30 33 1
e 30 84 1
e 30 85 1
e 31 35 1
e 31 86 1
e 31 87 1
e 32 88 1
e 32 89 1
e 33 90 1
e 33 91 1
e 34 38 1
e 34 92 1
e 34 93 1
e 35 94 1
e 35 95 1
e 36 37 1
e 36 41 1
e 36 42 1
e 36 96 1
e 37 39 1
e 37 97 1
e 37 98 1
e 38 99 1
e 38 100 1
e 39 101 1
e 39 102 1
e 41 54 1
e 41 103 1
e 41 104 1
e 42 55 1
e 42 105 1
e 42 106 1
e 45 53 2
e 45 107 1
e 46 47 1
e 46 109 1
e 46 110 1
e 47 48 1
e 47 111 1
e 47 112 1
e 48 49 1
e 48 113 1
e 48 114 1
e 49 50 1
e 49 115 1
e 49 116 1
e 50 51 1
e 50 117 1
e 50 118 1
e 51 119 1
e 51 120 1
e 52 53 1
e 53 62 1
e 54 122 1
e 54 123 1
e 54 124 1
e 55 125 1
e 55 126 1
e 55 127 1
e 57 59 2
e 57 128 1
e 58 61 1
e 58 129 1
e 58 130 1
e 59 60 1
e 59 63 1
e 61 131 1
e 61 132 1
e 64 66 1
e 64 133 1
e 64 134 1
e 65 67 1
e 65 135 1
e 65 136 1
e 66 138 1
e 66 139 1
e 66 140 1
e 67 141 1
e 67 142 1
e 67 143 1
e 70 72 1
e 70 145 1
e 70 146 1
e 71 73 1
e 71 147 1
e 71 148 1
e 72 149 1
e 72 150 1
e 72 151 1
e 73 152 1
e 73 153 1
e 73 154 1
t # 27205
v 0 1
v 1 1
v 2 1
v 3 1
v 4 3
v 5 3
v 6 3
v 7 3
v 8 3
v 9 3
v 10 3
v 11 3
v 12 3
v 13 3
v 14 3
v 15 3
v 16 3
v 17 3
v 18 3
v 19 4
v 20 4
v 21 4
v 22 4
v 23 4
v 24 4
v 25 4
v 26 4
v 27 4
v 28 4
v 29 4
v 30 4
v 31 4
v 32 4
v 33 4
v 34 4
v 35 4
v 36 4
v 37 4
v 38 4
e 0 6 1
e 0 14 1
e 1 7 1
e 1 35 1
e 2 12 2
e 3 14 2
e 4 6 1
e 4 7 1
e 4 10 1
e 4 19 1
e 5 8 1
e 5 9 1
e 5 12 1
e 5 13 1
e 6 8 1
e 6 20 1
e 7 9 1
e 7 21 1
e 8 11 2
e 9 22 1
e 9 23 1
e 10 14 1
e 10 17 1
e 10 24 1
e 11 15 1
e 11 18 1
e 12 16 1
e 13 25 1
e 13 26 1
e 13 27 1
e 15 16 1
e 15 28 1
e 15 29 1
e 16 30 1
e 16 31 1
e 17 32 1
e 17 33 1
e 17 34 1
e 18 36 1
e 18 37 1
e 18 38 1
t # 27206
v 0 1
v 1 1
v 2 2
v 3 2
v 4 2
v 5 2
v 6 2
v 7 3
v 8 3
v 9 3
v 10 3
v 11 3
v 12 3
v 13 3
v 14 3
v 15 3
v 16 3
v 17 4
v 18 4
v 19 4
v 20 4
v 21 4
v 22 4
v 23 4
v 24 4
v 25 4
v 26 4
v 27 4
v 28 4
v 29 4
e 0 7 1
e 0 10 1
e 1 11 1
e 1 26 1
e 2 7 1
e 2 12 1
e 2 13 1
e 3 13 2
e 3 14 1
e 4 12 2
e 4 16 1
e 5 15 1
e 5 16 2
e 6 16 1
e 6 28 1
e 6 29 1
e 7 8 1
e 7 17 1
e 8 9 1
e 8 18 1
e 8 19 1
e 9 10 1
e 9 20 1
e 9 21 1
e 10 11 1
e 10 22 1
e 11 23 1
e 11 24 1
e 12 14 1
e 13 25 1
e 14 15 2
e 15 27 1
t # 27207
v 0 1
v 1 1
v 2 1
v 3 2
v 4 2
v 5 3
v 6 3
v 7 3
v 8 3
v 9 3
v 10 3
v 11 3
v 12 3
v 13 3
v 14 3
v 15 3
v 16 3
v 17 3
v 18 3
v 19 3
v 20 4
v 21 4
v 22 4
v 23 4
v 24 4
v 25 4
v 26 4
v 27 4
v 28 4
v 29 4
v 30 4
v 31 4
e 0 9 2
e 1 16 1
e 1 18 1
e 2 16 2
e 3 5 1
e 3 7 1
e 3 9 1
e 4 7 2
e 4 13 1
e 5 6 1
e 5 11 2
e 6 8 2
e 6 12 1
e 7 8 1
e 8 20 1
e 9 10 1
e 10 13 2
e 10 16 1
e 11 14 1
e 11 21 1
e 12 15 2
e 12 22 1
e 13 23 1
e 14 17 2
e 14 24 1
e 15 17 1
e 15 25 1
e 17 26 1
e 18 19 1
e 18 27 1
e 18 28 1
e 19 29 1
e 19 30 1
e 19 31 1
t # 27208
v 0 1
v 1 2
v 2 2
v 3 3
v 4 3
v 5 3
v 6 3
v 7 3
v 8 3
v 9 3
v 10 3
v 11 3
v 12 3
v 13 3
v 14 3
v 15 3
v 16 4
v 17 4
v 18 4
v 19 4
v 20 4
v 21 4
v 22 4
v 23 4
v 24 4
v 25 4
e 0 7 2
e 1 3 1
e 1 5 1
e 1 7 1
e 2 5 2
e 2 10 1
e 3 4 1
e 3 8 2
e 4 6 2
e 4 9 1
e 5 6 1
e 6 16 1
e 7 11 1
e 8 12 1
e 8 17 1
e 9 13 2
e 9 18 1
e 10 11 2
e 10 14 1
e 11 19 1
e 12 15 2
e 12 20 1
e 13 15 1
e 13 21 1
e 14 22 1
e 14 23 1
e 14 24 1
e 15 25 1
t # 27209
v 0 1
v 1 1
v 2 1
v 3 1
v 4 3
v 5 3
v 6 3
v 7 3
v 8 3
v 9 3
v 10 3
v 11 3
v 12 3
v 13 3
v 14 3
v 15 3
v 16 3
v 17 3
v 18 3
v 19 3
v 20 4
v 21 4
v 22 4
v 23 4
v 24 4
v 25 4
v 26 4
v 27 4
v 28 4
v 29 4
v 30 4
v 31 4
e 0 14 1
e 0 30 1
e 1 15 1
e 1 31 1
e 2 14 2
e 3 15 2
e 4 6 1
e 4 7 1
e 4 14 1
e 4 20 1
e 5 8 1
e 5 9 1
e 5 15 1
e 5 21 1
e 6 8 1
e 6 10 2
e 7 9 1
e 7 11 2
e 8 12 2
e 9 13 2
e 10 16 1
e 10 22 1
e 11 17 1
e 11 23 1
e 12 18 1
e 12 24 1
e 13 19 1
e 13 25 1
e 16 18 2
e 16 26 1
e 17 19 2
e 17 27 1
e 18 28 1
e 19 29 1
t # 27210
v 0 1
v 1 1
v 2 2
v 3 3
v 4 3
v 5 3
v 6 3
v 7 3
v 8 3
v 9 3
v 10 3
v 11 3
v 12 3
v 13 3
v 14 3
v 15 3
v 16 3
v 17 3
v 18 3
v 19 4
v 20 4
v 21 4
v 22 4
v 23 4
v 24 4
v 25 4
v 26 4
v 27 4
v 28 4
v 29 4
v 30 4
v 31 4
e 0 10 2
e 1 12 2
e 2 5 1
e 2 28 1
e 2 29 1
e 3 4 2
e 3 5 1
e 3 10 1
e 4 11 1
e 4 12 1
e 5 6 2
e 6 7 1
e 6 13 1
e 7 11 2
e 7 14 1
e 8 9 1
e 8 10 1
e 8 15 2
e 9 12 1
e 9 16 2
e 11 19 1
e 13 20 1
e 13 21 1
e 13 22 1
e 14 23 1
e 14 24 1
e 14 25 1
e 15 17 1
e 15 26 1
e 16 18 1
e 16 27 1
e 17 18 2
e 17 30 1
e 18 31 1
t # 27211
v 0 18
v 1 18
v 2 1
v 3 1
v 4 3
v 5 3
v 6 3
v 7 3
v 8 3
v 9 3
v 10 3
v 11 3
v 12 3
v 13 3
v 14 3
v 15 3
v 16 3
v 17 3
v 18 3
v 19 4
v 20 4
v 21 4
v 22 4
v 23 4
v 24 4
v 25 4
v 26 4
e 2 9 2
e 3 10 2
e 4 5 1
e 4 6 1
e 4 11 2
e 5 7 1
e 5 12 2
e 6 9 1
e 6 13 2
e 7 10 1
e 7 14 2
e 8 9 1
e 8 10 1
e 11 15 1
e 11 19 1
e 12 16 1
e 12 20 1
e 13 17 1
e 13 21 1
e 14 18 1
e 14 22 1
e 15 17 2
e 15 23 1
e 16 18 2
e 16 24 1
e 17 25 1
e 18 26 1
t # 27212
v 0 1
v 1 1
v 2 1
v 3 1
v 4 3
v 5 3
v 6 3
v 7 3
v 8 3
v 9 3
v 10 3
v 11 3
v 12 3
v 13 3
v 14 3
v 15 3
v 16 3
v 17 3
v 18 3
v 19 4
v 20 4
v 21 4
v 22 4
v 23 4
v 24 4
v 25 4
v 26 4
v 27 4
v 28 4
v 29 4
v 30 4
e 0 8 2
e 1 14 1
e 1 28 1
e 2 15 1
e 2 29 1
e 3 18 1
e 3 30 1
e 4 5 1
e 4 6 1
e 4 8 1
e 4 19 1
e 5 7 1
e 5 20 1
e 5 21 1
e 6 7 1
e 6 9 2
e 7 10 2
e 8 11 1
e 9 12 1
e 9 22 1
e 10 13 1
e 10 23 1
e 11 14 2
e 11 15 1
e 12 13 2
e 12 24 1
e 13 25 1
e 14 16 1
e 15 17 2
e 16 18 2
e 16 26 1
e 17 18 1
e 17 27 1
t # 27213
v 0 11
v 1 1
v 2 1
v 3 1
v 4 1
v 5 3
v 6 3
v 7 3
v 8 3
v 9 3
v 10 3
v 11 3
v 12 3
v 13 3
v 14 3
v 15 3
v 16 3
v 17 3
v 18 3
v 19 3
v 20 3
v 21 3
v 22 3
v 23 3
v 24 4
v 25 4
v 26 4
v 27 4
v 28 4
v 29 4
v 30 4
v 31 4
v 32 4
v 33 4
v 34 4
v 35 4
v 36 4
v 37 4
v 38 4
v 39 4
v 40 4
v 41 4
e 0 2 2
e 0 3 2
e 0 5 1
e 0 9 1
e 1 7 1
e 1 10 1
e 4 10 2
e 5 6 1
e 5 7 1
e 5 24 1
e 6 8 1
e 6 25 1
e 6 26 1
e 7 11 1
e 7 27 1
e 8 10 1
e 8 28 1
e 8 29 1
e 9 12 2
e 9 13 1
e 11 14 2
e 11 30 1
e 12 15 1
e 12 31 1
e 13 16 2
e 13 32 1
e 14 17 1
e 14 33 1
e 15 18 2
e 15 34 1
e 16 18 1
e 16 35 1
e 17 19 2
e 17 20 1
e 18 36 1
e 19 21 1
e 19 37 1
e 20 22 2
e 20 38 1
e 21 23 2
e 21 39 1
e 22 23 1
e 22 40 1
e 23 41 1
t # 27214
v 0 12
v 1 1
v 2 1
v 3 1
v 4 1
v 5 2
v 6 2
v 7 2
v 8 2
v 9 2
v 10 2
v 11 3
v 12 3
v 13 3
v 14 3
v 15 3
v 16 3
v 17 3
v 18 3
v 19 3
v 20 3
v 21 3
v 22 3
v 23 3
v 24 4
v 25 4
v 26 4
v 27 4
v 28 4
v 29 4
v 30 4
v 31 4
v 32 4
v 33 4
v 34 4
v 35 4
v 36 4
v 37 4
v 38 4
v 39 4
v 40 4
v 41 4
v 42 4
e 1 41 1
e 5 11 1
e 5 12 1
e 5 13 1
e 6 14 1
e 6 19 2
e 7 17 1
e 7 19 1
e 8 18 1
e 9 19 1
e 10 22 1
e 11 14 1
e 11 24 1
e 11 25 1
e 12 15 1
e 12 26 1
e 12 27 1
e 13 16 1
e 13 28 1
e 13 29 1
e 14 30 1
e 14 31 1
e 15 32 1
e 15 33 1
e 15 34 1
e 16 35 1
e 16 36 1
e 16 37 1
e 17 18 2
e 17 20 1
e 18 21 1
e 20 23 2
e 20 38 1
e 21 22 2
e 21 39 1
e 22 23 1
e 23 40 1
t # 27215
v 0 1
v 1 1
v 2 1
v 3 1
v 4 2
v 5 2
v 6 2
v 7 2
v 8 2
v 9 2
v 10 3
v 11 3
v 12 3
v 13 3
v 14 3
v 15 3
v 16 3
v 17 3
v 18 3
v 19 3
v 20 3
v 21 3
v 22 3
v 23 4
v 24 4
v 25 4
v 26 4
v 27 4
v 28 4
v 29 4
v 30 4
v 31 4
v 32 4
v 33 4
v 34 4
v 35 4
v 36 4
v 37 4
v 38 4
v 39 4
v 40 4
e 0 40 1
e 4 10 1
e 4 11 1
e 4 12 1
e 5 13 1
e 5 18 2
e 6 16 1
e 6 18 1
e 7 17 1
e 8 18 1
e 9 21 1
e 10 13 1
e 10 23 1
e 10 24 1
e 11 14 1
e 11 25 1
e 11 26 1
e 12 15 1
e 12 27 1
e 12 28 1
e 13 29 1
e 13 30 1
e 14 31 1
e 14 32 1
e 14 33 1
e 15 34 1
e 15 35 1
e 15 36 1
e 16 17 2
e 16 19 1
e 17 20 1
e 19 22 2
e 19 37 1
e 20 21 2
e 20 38 1
e 21 22 1
e 22 39 1
t # 27216
v 0 1
v 1 1
v 2 1
v 3 2
v 4 2
v 5 2
v 6 3
v 7 3
v 8 3
v 9 3
v 10 3
v 11 3
v 12 3
v 13 4
v 14 4
v 15 4
v 16 4
v 17 4
v 18 4
v 19 4
e 0 9 2
e 1 10 2
e 2 11 2
e 3 7 1
e 3 8 1
e 3 15 1
e 4 10 1
e 4 11 1
e 4 12 1
e 5 7 1
e 5 11 1
e 5 16 1
e 6 7 2
e 6 9 1
e 6 10 1
e 8 9 1
e 8 13 1
e 8 14 1
e 12 17 1
e 12 18 1
e 12 19 1
t # 27217
v 0 1
v 1 1
v 2 1
v 3 2
v 4 3
v 5 3
v 6 3
v 7 3
v 8 3
v 9 3
v 10 3
v 11 3
v 12 3
v 13 3
v 14 3
v 15 3
v 16 3
v 17 4
v 18 4
v 19 4
v 20 4
v 21 4
v 22 4
v 23 4
v 24 4
v 25 4
v 26 4
v 27 4
v 28 4
v 29 4
v 30 4
v 31 4
v 32 4
v 33 4
v 34 4
v 35 4
e 0 8 2
e 1 12 1
e 1 16 1
e 2 12 2
e 3 4 1
e 3 13 1
e 3 14 1
e 4 5 1
e 4 8 1
e 4 9 1
e 5 7 1
e 5 12 1
e 5 17 1
e 6 7 1
e 6 8 1
e 6 10 1
e 6 18 1
e 7 19 1
e 7 20 1
e 9 10 2
e 9 11 1
e 10 21 1
e 11 15 1
e 11 22 1
e 11 23 1
e 13 24 1
e 13 25 1
e 13 26 1
e 14 27 1
e 14 28 1
e 14 29 1
e 15 30 1
e 15 31 1
e 15 32 1
e 16 33 1
e 16 34 1
e 16 35 1
t # 27218
v 0 12
v 1 1
v 2 1
v 3 2
v 4 3
v 5 3
v 6 3
v 7 3
v 8 3
v 9 3
v 10 3
v 11 3
v 12 3
v 13 3
v 14 3
v 15 3
v 16 4
v 17 4
v 18 4
v 19 4
v 20 4
v 21 4
v 22 4
v 23 4
v 24 4
v 25 4
v 26 4
v 27 4
v 28 4
v 29 4
v 30 4
v 31 4
v 32 4
v 33 4
v 34 4
v 35 4
v 36 4
v 37 4
e 1 9 1
e 1 14 1
e 2 9 2
e 3 4 1
e 3 5 1
e 3 6 1
e 4 7 1
e 4 9 1
e 4 16 1
e 5 10 1
e 5 17 1
e 5 18 1
e 6 11 1
e 6 19 1
e 6 20 1
e 7 8 1
e 7 13 2
e 8 12 1
e 8 21 1
e 8 22 1
e 10 23 1
e 10 24 1
e 10 25 1
e 11 26 1
e 11 27 1
e 11 28 1
e 12 29 1
e 12 30 1
e 12 31 1
e 13 15 2
e 14 32 1
e 14 33 1
e 14 34 1
e 15 35 1
e 15 36 1
t # 27219
v 0 1
v 1 1
v 2 1
v 3 1
v 4 1
v 5 1
v 6 3
v 7 3
v 8 3
v 9 3
v 10 3
v 11 3
v 12 3
v 13 3
v 14 3
v 15 3
v 16 3
v 17 3
v 18 3
v 19 3
v 20 3
v 21 3
v 22 3
v 23 3
v 24 3
v 25 4
v 26 4
v 27 4
v 28 4
v 29 4
v 30 4
v 31 4
v 32 4
v 33 4
v 34 4
v 35 4
v 36 4
v 37 4
v 38 4
v 39 4
v 40 4
v 41 4
v 42 4
v 43 4
v 44 4
e 0 7 1
e 0 11 1
e 1 9 2
e 2 13 1
e 2 21 1
e 3 16 1
e 3 22 1
e 4 17 1
e 4 23 1
e 5 20 1
e 5 24 1
e 6 7 1
e 6 8 1
e 6 9 1
e 6 25 1
e 7 26 1
e 7 27 1
e 8 12 2
e 8 14 1
e 9 10 1
e 10 11 2
e 10 15 1
e 11 13 1
e 12 17 1
e 12 28 1
e 13 16 2
e 14 19 2
e 14 29 1
e 15 18 2
e 15 30 1
e 16 18 1
e 17 20 2
e 18 31 1
e 19 20 1
e 19 32 1
e 21 33 1
e 21 34 1
e 21 35 1
e 22 36 1
e 22 37 1
e 22 38 1
e 23 39 1
e 23 40 1
e 23 41 1
e 24 42 1
e 24 43 1
e 24 44 1
t # 27220
v 0 1
v 1 1
v 2 1
v 3 1
v 4 1
v 5 1
v 6 2
v 7 3
v 8 3
v 9 3
v 10 3
v 11 3
v 12 3
v 13 3
v 14 3
v 15 3
v 16 3
v 17 3
v 18 3
v 19 3
v 20 3
v 21 3
v 22 3
v 23 3
v 24 3
v 25 3
v 26 3
v 27 3
v 28 3
v 29 4
v 30 4
v 31 4
v 32 4
v 33 4
v 34 4
v 35 4
v 36 4
v 37 4
v 38 4
v 39 4
v 40 4
v 41 4
v 42 4
v 43 4
v 44 4
v 45 4
v 46 4
v 47 4
v 48 4
v 49 4
v 50 4
v 51 4
v 52 4
v 53 4
v 54 4
v 55 4
e 0 9 1
e 0 13 1
e 1 11 2
e 2 20 1
e 2 25 1
e 3 22 1
e 3 26 1
e 4 23 1
e 4 27 1
e 5 24 1
e 5 28 1
e 6 8 1
e 6 17 1
e 6 18 1
e 7 8 1
e 7 9 1
e 7 10 1
e 7 11 1
e 8 29 1
e 8 30 1
e 9 31 1
e 9 32 1
e 10 14 2
e 10 15 1
e 11 12 1
e 12 13 1
e 12 16 2
e 13 19 2
e 14 20 1
e 14 33 1
e 15 21 2
e 15 34 1
e 16 22 1
e 16 35 1
e 17 36 1
e 17 37 1
e 17 38 1
e 18 39 1
e 18 40 1
e 18 41 1
e 19 24 1
e 19 42 1
e 20 23 2
e 21 23 1
e 21 43 1
e 22 24 2
e 25 44 1
e 25 45 1
e 25 46 1
e 26 47 1
e 26 48 1
e 26 49 1
e 27 50 1
e 27 51 1
e 27 52 1
e 28 53 1
e 28 54 1
e 28 55 1
t # 27221
v 0 12
v 1 1
v 2 1
v 3 3
v 4 3
v 5 3
v 6 3
v 7 3
v 8 3
v 9 3
v 10 3
v 11 3
v 12 3
v 13 3
v 14 3
v 15 3
v 16 3
v 17 3
v 18 3
v 19 4
v 20 4
v 21 4
v 22 4
v 23 4
v 24 4
v 25 4
v 26 4
v 27 4
v 28 4
v 29 4
e 0 14 1
e 1 6 1
e 1 8 1
e 2 8 2
e 3 4 1
e 3 5 2
e 3 9 1
e 4 6 2
e 4 10 1
e 5 7 1
e 5 8 1
e 6 11 1
e 7 12 2
e 7 13 1
e 9 19 1
e 9 20 1
e 9 21 1
e 10 14 2
e 10 22 1
e 11 15 2
e 11 23 1
e 12 16 1
e 12 24 1
e 13 17 2
e 13 25 1
e 14 15 1
e 15 26 1
e 16 18 2
e 16 27 1
e 17 18 1
e 17 28 1
e 18 29 1
t # 27222
v 0 1
v 1 1
v 2 1
v 3 1
v 4 3
v 5 3
v 6 3
v 7 3
v 8 3
v 9 3
v 10 3
v 11 3
v 12 3
v 13 3
v 14 3
v 15 3
v 16 3
v 17 3
v 18 3
v 19 3
v 20 3
v 21 3
v 22 3
v 23 4
v 24 4
v 25 4
v 26 4
v 27 4
v 28 4
v 29 4
v 30 4
v 31 4
v 32 4
v 33 4
v 34 4
v 35 4
v 36 4
e 0 9 2
e 1 15 2
e 2 17 2
e 3 19 1
e 3 36 1
e 4 5 1
e 4 6 1
e 4 11 1
e 4 23 1
e 5 7 1
e 5 24 1
e 5 25 1
e 6 9 1
e 6 26 1
e 6 27 1
e 7 8 2
e 7 13 1
e 8 9 1
e 8 10 1
e 10 12 2
e 10 15 1
e 11 28 1
e 11 29 1
e 11 30 1
e 12 14 1
e 12 17 1
e 13 14 2
e 13 31 1
e 14 32 1
e 15 16 1
e 16 18 2
e 16 20 1
e 17 18 1
e 18 19 1
e 19 21 2
e 20 22 2
e 20 33 1
e 21 22 1
e 21 34 1
e 22 35 1
t # 27223
v 0 1
v 1 1
v 2 1
v 3 3
v 4 3
v 5 3
v 6 3
v 7 3
v 8 3
v 9 3
v 10 3
v 11 4
v 12 4
v 13 4
v 14 4
v 15 4
v 16 4
v 17 4
v 18 4
v 19 4
v 20 4
v 21 4
v 22 4
v 23 4
v 24 4
v 25 4
v 26 4
e 0 3 1
e 0 22 1
e 1 8 1
e 1 25 1
e 2 10 1
e 2 26 1
e 3 4 1
e 3 5 1
e 3 9 1
e 4 6 1
e 4 11 1
e 4 12 1
e 5 7 1
e 5 13 1
e 5 14 1
e 6 8 1
e 6 15 1
e 6 16 1
e 7 8 1
e 7 17 1
e 7 18 1
e 8 19 1
e 9 10 1
e 9 20 1
e 9 21 1
e 10 23 1
e 10 24 1
t # 27224
v 0 11
v 1 1
v 2 1
v 3 1
v 4 1
v 5 3
v 6 3
v 7 3
v 8 3
v 9 3
v 10 3
v 11 3
v 12 3
v 13 3
v 14 3
v 15 3
v 16 3
v 17 3
v 18 3
v 19 3
v 20 3
v 21 3
v 22 3
v 23 3
v 24 4
v 25 4
v 26 4
v 27 4
v 28 4
v 29 4
v 30 4
v 31 4
v 32 4
v 33 4
v 34 4
v 35 4
v 36 4
v 37 4
v 38 4
v 39 4
v 40 4
v 41 4
e 0 2 2
e 0 3 2
e 0 5 1
e 0 9 1
e 1 7 1
e 1 10 1
e 4 10 2
e 5 6 1
e 5 7 1
e 5 24 1
e 6 8 1
e 6 25 1
e 6 26 1
e 7 11 1
e 7 27 1
e 8 10 1
e 8 28 1
e 8 29 1
e 9 12 2
e 9 13 1
e 11 14 2
e 11 30 1
e 12 15 1
e 12 31 1
e 13 16 2
e 13 32 1
e 14 17 1
e 14 33 1
e 15 18 2
e 15 34 1
e 16 18 1
e 16 35 1
e 17 19 2
e 17 20 1
e 18 36 1
e 19 21 1
e 19 37 1
e 20 22 2
e 20 38 1
e 21 23 2
e 21 39 1
e 22 23 1
e 22 40 1
e 23 41 1
t # 27225
v 0 1
v 1 1
v 2 1
v 3 1
v 4 2
v 5 2
v 6 2
v 7 2
v 8 2
v 9 3
v 10 3
v 11 3
v 12 3
v 13 3
v 14 3
v 15 3
v 16 3
v 17 3
v 18 3
v 19 3
v 20 3
v 21 3
v 22 4
v 23 4
v 24 4
v 25 4
v 26 4
v 27 4
v 28 4
v 29 4
v 30 4
v 31 4
v 32 4
v 33 4
v 34 4
v 35 4
v 36 4
v 37 4
v 38 4
v 39 4
v 40 4
v 41 4
v 42 4
e 0 16 1
e 0 41 1
e 1 15 2
e 2 18 1
e 2 42 1
e 3 17 2
e 4 9 1
e 4 11 1
e 4 13 1
e 5 10 1
e 5 11 1
e 5 23 1
e 6 12 1
e 6 17 1
e 6 20 1
e 7 11 2
e 7 12 1
e 8 15 1
e 8 17 1
e 8 21 1
e 9 12 2
e 9 15 1
e 10 14 1
e 10 16 1
e 10 22 1
e 13 18 1
e 13 24 1
e 13 25 1
e 14 19 1
e 14 26 1
e 14 27 1
e 16 28 1
e 16 29 1
e 18 30 1
e 18 31 1
e 19 32 1
e 19 33 1
e 19 34 1
e 20 35 1
e 20 36 1
e 20 37 1
e 21 38 1
e 21 39 1
e 21 40 1
t # 27226
v 0 11
v 1 11
v 2 1
v 3 1
v 4 1
v 5 1
v 6 1
v 7 1
v 8 2
v 9 3
v 10 3
v 11 3
v 12 3
v 13 3
v 14 3
v 15 3
v 16 3
v 17 3
v 18 3
v 19 3
v 20 3
v 21 3
v 22 3
v 23 3
v 24 3
v 25 3
v 26 3
v 27 3
v 28 3
v 29 3
v 30 3
v 31 3
v 32 3
v 33 3
v 34 3
v 35 4
v 36 4
v 37 4
v 38 4
v 39 4
v 40 4
v 41 4
v 42 4
v 43 4
v 44 4
v 45 4
v 46 4
v 47 4
v 48 4
v 49 4
v 50 4
v 51 4
v 52 4
v 53 4
v 54 4
v 55 4
v 56 4
v 57 4
e 0 4 2
e 0 5 2
e 0 9 1
e 0 17 1
e 1 6 2
e 1 7 2
e 1 10 1
e 1 18 1
e 2 14 2
e 3 15 2
e 8 12 1
e 8 15 1
e 8 16 1
e 9 10 1
e 9 11 1
e 9 35 1
e 10 12 1
e 10 36 1
e 11 13 1
e 11 15 1
e 11 37 1
e 12 14 1
e 12 38 1
e 13 14 1
e 13 39 1
e 13 40 1
e 16 19 1
e 16 41 1
e 16 42 1
e 17 20 2
e 17 21 1
e 18 22 2
e 18 23 1
e 19 24 2
e 19 25 1
e 20 26 1
e 20 43 1
e 21 27 2
e 21 44 1
e 22 28 1
e 22 45 1
e 23 29 2
e 23 46 1
e 24 32 1
e 24 47 1
e 25 33 2
e 25 48 1
e 26 30 2
e 26 49 1
e 27 30 1
e 27 50 1
e 28 31 2
e 28 51 1
e 29 31 1
e 29 52 1
e 30 53 1
e 31 54 1
e 32 34 2
e 32 55 1
e 33 34 1
e 33 56 1
e 34 57 1
t # 27227
v 0 11
v 1 11
v 2 1
v 3 1
v 4 1
v 5 1
v 6 1
v 7 1
v 8 1
v 9 2
v 10 3
v 11 3
v 12 3
v 13 3
v 14 3
v 15 3
v 16 3
v 17 3
v 18 3
v 19 3
v 20 3
v 21 3
v 22 3
v 23 3
v 24 3
v 25 3
v 26 3
v 27 3
v 28 3
v 29 3
v 30 3
v 31 3
v 32 3
v 33 3
v 34 3
v 35 3
v 36 3
v 37 3
v 38 4
v 39 4
v 40 4
v 41 4
v 42 4
v 43 4
v 44 4
v 45 4
v 46 4
v 47 4
v 48 4
v 49 4
v 50 4
v 51 4
v 52 4
v 53 4
v 54 4
v 55 4
v 56 4
v 57 4
v 58 4
v 59 4
v 60 4
v 61 4
v 62 4
v 63 4
v 64 4
v 65 4
v 66 4
e 0 5 2
e 0 6 2
e 0 11 1
e 0 18 1
e 1 7 2
e 1 8 2
e 1 12 1
e 1 19 1
e 2 14 1
e 2 21 1
e 3 14 1
e 3 22 1
e 4 16 2
e 9 10 1
e 9 16 1
e 9 17 1
e 10 11 1
e 10 14 1
e 10 38 1
e 11 12 1
e 11 39 1
e 12 13 1
e 12 40 1
e 13 15 1
e 13 16 1
e 13 41 1
e 14 15 1
e 15 42 1
e 15 43 1
e 17 20 1
e 17 44 1
e 17 45 1
e 18 23 2
e 18 24 1
e 19 25 2
e 19 26 1
e 20 27 2
e 20 28 1
e 21 46 1
e 21 47 1
e 21 48 1
e 22 49 1
e 22 50 1
e 22 51 1
e 23 29 1
e 23 52 1
e 24 30 2
e 24 53 1
e 25 31 1
e 25 54 1
e 26 32 2
e 26 55 1
e 27 35 1
e 27 56 1
e 28 36 2
e 28 57 1
e 29 33 2
e 29 58 1
e 30 33 1
e 30 59 1
e 31 34 2
e 31 60 1
e 32 34 1
e 32 61 1
e 33 62 1
e 34 63 1
e 35 37 2
e 35 64 1
e 36 37 1
e 36 65 1
e 37 66 1
t # 27228
v 0 11
v 1 1
v 2 1
v 3 1
v 4 1
v 5 1
v 6 2
v 7 3
v 8 3
v 9 3
v 10 3
v 11 3
v 12 3
v 13 3
v 14 3
v 15 3
v 16 3
v 17 3
v 18 3
v 19 3
v 20 3
v 21 3
v 22 3
v 23 3
v 24 3
v 25 3
v 26 3
v 27 3
v 28 3
v 29 4
v 30 4
v 31 4
v 32 4
v 33 4
v 34 4
v 35 4
v 36 4
v 37 4
v 38 4
v 39 4
v 40 4
v 41 4
v 42 4
v 43 4
v 44 4
v 45 4
v 46 4
v 47 4
v 48 4
v 49 4
v 50 4
v 51 4
e 0 4 2
e 0 5 2
e 0 11 1
e 0 16 1
e 1 8 1
e 1 17 1
e 2 8 1
e 2 18 1
e 3 13 2
e 6 7 1
e 6 13 1
e 6 14 1
e 7 8 1
e 7 12 1
e 7 29 1
e 8 10 1
e 9 10 1
e 9 11 1
e 9 13 1
e 9 30 1
e 10 31 1
e 10 32 1
e 11 12 2
e 12 33 1
e 14 15 1
e 14 34 1
e 14 35 1
e 15 19 2
e 15 20 1
e 16 21 2
e 16 22 1
e 17 36 1
e 17 37 1
e 17 38 1
e 18 39 1
e 18 40 1
e 18 41 1
e 19 23 1
e 19 42 1
e 20 24 2
e 20 43 1
e 21 25 1
e 21 44 1
e 22 26 2
e 22 45 1
e 23 27 2
e 23 46 1
e 24 27 1
e 24 47 1
e 25 28 2
e 25 48 1
e 26 28 1
e 26 49 1
e 27 50 1
e 28 51 1
t # 27229
v 0 11
v 1 1
v 2 1
v 3 1
v 4 1
v 5 2
v 6 3
v 7 3
v 8 3
v 9 3
v 10 3
v 11 3
v 12 3
v 13 3
v 14 3
v 15 3
v 16 3
v 17 3
v 18 3
v 19 3
v 20 3
v 21 3
v 22 3
v 23 3
v 24 3
v 25 3
v 26 4
v 27 4
v 28 4
v 29 4
v 30 4
v 31 4
v 32 4
v 33 4
v 34 4
v 35 4
v 36 4
v 37 4
v 38 4
v 39 4
v 40 4
v 41 4
v 42 4
e 0 3 2
e 0 4 2
e 0 9 1
e 0 14 1
e 1 10 2
e 2 11 2
e 5 7 1
e 5 10 1
e 5 13 1
e 6 8 1
e 6 9 1
e 6 10 1
e 6 26 1
e 7 11 1
e 7 12 1
e 7 27 1
e 8 11 1
e 8 28 1
e 8 29 1
e 9 12 2
e 12 30 1
e 13 15 1
e 13 31 1
e 13 32 1
e 14 16 2
e 14 17 1
e 15 18 2
e 15 19 1
e 16 20 1
e 16 33 1
e 17 21 2
e 17 34 1
e 18 22 1
e 18 35 1
e 19 23 2
e 19 36 1
e 20 24 2
e 20 37 1
e 21 24 1
e 21 38 1
e 22 25 2
e 22 39 1
e 23 25 1
e 23 40 1
e 24 41 1
e 25 42 1
t # 27230
v 0 12
v 1 1
v 2 1
v 3 1
v 4 1
v 5 1
v 6 3
v 7 3
v 8 3
v 9 3
v 10 3
v 11 3
v 12 3
v 13 3
v 14 3
v 15 3
v 16 3
v 17 3
v 18 3
v 19 3
v 20 3
v 21 3
v 22 3
v 23 3
v 24 4
v 25 4
v 26 4
v 27 4
v 28 4
v 29 4
v 30 4
v 31 4
v 32 4
v 33 4
v 34 4
v 35 4
v 36 4
e 0 13 1
e 1 8 1
e 1 16 1
e 2 11 1
e 2 15 1
e 3 16 2
e 4 23 1
e 4 36 1
e 5 23 2
e 6 7 1
e 6 8 1
e 6 10 2
e 7 9 1
e 7 14 2
e 8 12 2
e 9 17 2
e 9 18 1
e 10 13 1
e 10 24 1
e 11 12 1
e 11 13 2
e 12 25 1
e 14 16 1
e 14 26 1
e 15 19 1
e 15 23 1
e 15 27 1
e 17 20 1
e 17 28 1
e 18 21 2
e 18 29 1
e 19 30 1
e 19 31 1
e 19 32 1
e 20 22 2
e 20 33 1
e 21 22 1
e 21 34 1
e 22 35 1
t # 27231
v 0 1
v 1 1
v 2 1
v 3 1
v 4 1
v 5 3
v 6 3
v 7 3
v 8 3
v 9 3
v 10 3
v 11 3
v 12 3
v 13 3
v 14 3
v 15 3
v 16 3
v 17 3
v 18 3
v 19 3
v 20 3
v 21 3
v 22 3
v 23 4
v 24 4
v 25 4
v 26 4
v 27 4
v 28 4
v 29 4
v 30 4
v 31 4
v 32 4
v 33 4
v 34 4
v 35 4
v 36 4
e 0 6 1
e 0 7 1
e 1 8 1
e 1 15 1
e 2 11 2
e 3 21 1
e 3 36 1
e 4 21 2
e 5 6 2
e 5 10 1
e 5 11 1
e 6 9 1
e 7 12 2
e 7 14 1
e 8 9 2
e 8 13 1
e 9 23 1
e 10 13 2
e 10 24 1
e 11 12 1
e 12 26 1
e 13 25 1
e 14 16 2
e 14 17 1
e 15 18 1
e 15 21 1
e 15 27 1
e 16 19 1
e 16 28 1
e 17 20 2
e 17 29 1
e 18 30 1
e 18 31 1
e 18 32 1
e 19 22 2
e 19 33 1
e 20 22 1
e 20 34 1
e 22 35 1
t # 27232
v 0 12
v 1 1
v 2 2
v 3 2
v 4 3
v 5 3
v 6 3
v 7 3
v 8 3
v 9 3
v 10 3
v 11 3
v 12 3
v 13 3
v 14 4
v 15 4
v 16 4
v 17 4
v 18 4
v 19 4
v 20 4
v 21 4
v 22 4
v 23 4
v 24 4
e 1 6 1
e 1 7 1
e 2 13 1
e 2 21 1
e 2 22 1
e 3 13 2
e 3 23 1
e 4 5 1
e 4 6 1
e 4 8 2
e 5 7 2
e 5 9 1
e 6 10 2
e 7 13 1
e 8 11 1
e 8 14 1
e 9 15 1
e 9 16 1
e 9 17 1
e 10 12 1
e 10 18 1
e 11 12 2
e 11 19 1
e 12 20 1
t # 27233
v 0 1
v 1 1
v 2 1
v 3 1
v 4 1
v 5 1
v 6 3
v 7 3
v 8 3
v 9 3
v 10 3
v 11 3
v 12 3
v 13 3
v 14 3
v 15 3
v 16 3
v 17 3
v 18 3
v 19 3
v 20 3
v 21 3
v 22 3
v 23 3
v 24 3
v 25 4
v 26 4
v 27 4
v 28 4
v 29 4
v 30 4
v 31 4
v 32 4
v 33 4
v 34 4
v 35 4
v 36 4
v 37 4
v 38 4
e 0 7 1
e 0 15 1
e 1 10 1
e 1 14 1
e 2 15 2
e 3 16 2
e 4 21 1
e 4 38 1
e 5 21 2
e 6 7 2
e 6 9 1
e 6 12 1
e 7 11 1
e 8 9 2
e 8 15 1
e 8 16 1
e 9 25 1
e 10 11 2
e 10 13 1
e 11 26 1
e 12 13 2
e 12 27 1
e 13 28 1
e 14 18 1
e 14 21 1
e 14 29 1
e 16 17 1
e 17 19 2
e 17 20 1
e 18 30 1
e 18 31 1
e 18 32 1
e 19 22 1
e 19 33 1
e 20 23 2
e 20 34 1
e 22 24 2
e 22 35 1
e 23 24 1
e 23 36 1
e 24 37 1
t # 27234
v 0 12
v 1 1
v 2 1
v 3 1
v 4 1
v 5 1
v 6 3
v 7 3
v 8 3
v 9 3
v 10 3
v 11 3
v 12 3
v 13 3
v 14 3
v 15 3
v 16 3
v 17 3
v 18 3
v 19 3
v 20 3
v 21 3
v 22 3
v 23 3
v 24 4
v 25 4
v 26 4
v 27 4
v 28 4
v 29 4
v 30 4
v 31 4
v 32 4
v 33 4
v 34 4
v 35 4
v 36 4
e 0 22 1
e 1 8 1
e 1 16 1
e 2 11 1
e 2 15 1
e 3 16 2
e 4 23 1
e 4 36 1
e 5 23 2
e 6 7 1
e 6 8 2
e 6 10 1
e 7 9 1
e 7 14 2
e 8 12 1
e 9 17 2
e 9 18 1
e 10 13 2
e 10 24 1
e 11 12 2
e 11 13 1
e 12 25 1
e 13 26 1
e 14 16 1
e 14 27 1
e 15 19 1
e 15 23 1
e 15 28 1
e 17 20 1
e 17 29 1
e 18 21 2
e 18 30 1
e 19 31 1
e 19 32 1
e 19 33 1
e 20 22 2
e 20 34 1
e 21 22 1
e 21 35 1
t # 27235
v 0 1
v 1 1
v 2 1
v 3 1
v 4 1
v 5 3
v 6 3
v 7 3
v 8 3
v 9 3
v 10 3
v 11 3
v 12 3
v 13 3
v 14 3
v 15 3
v 16 3
v 17 3
v 18 3
v 19 4
v 20 4
v 21 4
v 22 4
v 23 4
v 24 4
v 25 4
v 26 4
v 27 4
v 28 4
v 29 4
v 30 4
v 31 4
v 32 4
e 0 7 1
e 0 14 1
e 1 10 1
e 1 15 1
e 2 14 2
e 3 18 1
e 3 32 1
e 4 18 2
e 5 6 1
e 5 7 2
e 5 9 1
e 6 8 2
e 6 13 1
e 7 11 1
e 8 14 1
e 8 16 1
e 9 12 2
e 9 19 1
e 10 11 2
e 10 12 1
e 11 20 1
e 12 21 1
e 13 22 1
e 13 23 1
e 13 24 1
e 15 17 1
e 15 18 1
e 15 25 1
e 16 26 1
e 16 27 1
e 16 28 1
e 17 29 1
e 17 30 1
e 17 31 1
t # 27236
v 0 1
v 1 1
v 2 1
v 3 1
v 4 1
v 5 3
v 6 3
v 7 3
v 8 3
v 9 3
v 10 3
v 11 3
v 12 3
v 13 3
v 14 3
v 15 3
v 16 3
v 17 3
v 18 3
v 19 3
v 20 3
v 21 3
v 22 3
v 23 3
v 24 4
v 25 4
v 26 4
v 27 4
v 28 4
v 29 4
v 30 4
v 31 4
v 32 4
v 33 4
v 34 4
v 35 4
v 36 4
v 37 4
v 38 4
v 39 4
e 0 6 1
e 0 16 1
e 1 9 1
e 1 15 1
e 2 16 2
e 3 22 1
e 3 39 1
e 4 22 2
e 5 6 2
e 5 8 1
e 5 10 1
e 6 7 1
e 7 9 2
e 7 14 1
e 8 12 1
e 8 13 2
e 9 11 1
e 10 11 2
e 10 24 1
e 11 25 1
e 12 17 2
e 12 18 1
e 13 16 1
e 13 26 1
e 14 27 1
e 14 28 1
e 14 29 1
e 15 19 1
e 15 22 1
e 15 30 1
e 17 20 1
e 17 31 1
e 18 21 2
e 18 32 1
e 19 33 1
e 19 34 1
e 19 35 1
e 20 23 2
e 20 36 1
e 21 23 1
e 21 37 1
e 23 38 1
t # 27237
v 0 1
v 1 1
v 2 1
v 3 1
v 4 1
v 5 3
v 6 3
v 7 3
v 8 3
v 9 3
v 10 3
v 11 3
v 12 3
v 13 3
v 14 3
v 15 3
v 16 3
v 17 3
v 18 3
v 19 3
v 20 3
v 21 3
v 22 3
v 23 4
v 24 4
v 25 4
v 26 4
v 27 4
v 28 4
v 29 4
v 30 4
v 31 4
v 32 4
v 33 4
v 34 4
v 35 4
v 36 4
e 0 7 1
e 0 15 1
e 1 10 1
e 1 14 1
e 2 15 2
e 3 22 1
e 3 36 1
e 4 22 2
e 5 6 1
e 5 7 2
e 5 9 1
e 6 8 1
e 6 13 2
e 7 11 1
e 8 16 2
e 8 17 1
e 9 12 2
e 9 23 1
e 10 11 2
e 10 12 1
e 11 24 1
e 12 25 1
e 13 15 1
e 13 26 1
e 14 18 1
e 14 22 1
e 14 27 1
e 16 19 1
e 16 28 1
e 17 20 2
e 17 29 1
e 18 30 1
e 18 31 1
e 18 32 1
e 19 21 2
e 19 33 1
e 20 21 1
e 20 34 1
e 21 35 1
t # 27238
v 0 11
v 1 1
v 2 1
v 3 1
v 4 1
v 5 1
v 6 2
v 7 2
v 8 2
v 9 2
v 10 2
v 11 3
v 12 3
v 13 3
v 14 3
v 15 3
v 16 3
v 17 3
v 18 3
v 19 3
v 20 3
v 21 3
v 22 3
v 23 4
v 24 4
v 25 4
v 26 4
v 27 4
v 28 4
v 29 4
v 30 4
v 31 4
v 32 4
v 33 4
v 34 4
v 35 4
v 36 4
v 37 4
v 38 4
v 39 4
e 0 20 1
e 0 22 1
e 1 11 1
e 1 15 1
e 2 12 1
e 2 29 1
e 3 13 1
e 3 30 1
e 4 14 1
e 4 31 1
e 5 19 2
e 6 11 1
e 6 16 1
e 6 17 1
e 7 17 2
e 7 18 1
e 8 16 1
e 8 20 2
e 9 19 1
e 9 20 1
e 9 21 1
e 10 17 1
e 10 32 1
e 10 33 1
e 11 12 1
e 11 23 1
e 12 13 1
e 12 24 1
e 13 14 1
e 13 25 1
e 14 15 1
e 14 26 1
e 15 27 1
e 15 28 1
e 16 18 2
e 18 19 1
e 21 34 1
e 21 35 1
e 21 36 1
e 22 37 1
e 22 38 1
e 22 39 1
t # 27239
v 0 11
v 1 1
v 2 1
v 3 1
v 4 1
v 5 1
v 6 1
v 7 2
v 8 2
v 9 2
v 10 2
v 11 2
v 12 3
v 13 3
v 14 3
v 15 3
v 16 3
v 17 3
v 18 3
v 19 3
v 20 3
v 21 3
v 22 3
v 23 3
v 24 3
v 25 4
v 26 4
v 27 4
v 28 4
v 29 4
v 30 4
v 31 4
v 32 4
v 33 4
v 34 4
v 35 4
v 36 4
v 37 4
v 38 4
v 39 4
v 40 4
v 41 4
v 42 4
v 43 4
e 0 22 1
e 0 24 1
e 1 13 1
e 1 16 1
e 2 12 1
e 2 32 1
e 3 14 1
e 3 33 1
e 4 15 1
e 4 34 1
e 5 17 1
e 5 35 1
e 6 21 2
e 7 13 1
e 7 18 1
e 7 19 1
e 8 19 2
e 8 20 1
e 9 18 1
e 9 22 2
e 10 19 1
e 10 36 1
e 10 37 1
e 11 21 1
e 11 22 1
e 11 23 1
e 12 13 1
e 12 14 1
e 12 25 1
e 13 26 1
e 14 15 1
e 14 27 1
e 15 16 1
e 15 28 1
e 16 17 1
e 16 29 1
e 17 30 1
e 17 31 1
e 18 20 2
e 20 21 1
e 23 38 1
e 23 39 1
e 23 40 1
e 24 41 1
e 24 42 1
e 24 43 1
t # 27240
v 0 11
v 1 1
v 2 1
v 3 1
v 4 1
v 5 1
v 6 2
v 7 2
v 8 2
v 9 2
v 10 2
v 11 3
v 12 3
v 13 3
v 14 3
v 15 3
v 16 3
v 17 3
v 18 3
v 19 3
v 20 3
v 21 3
v 22 4
v 23 4
v 24 4
v 25 4
v 26 4
v 27 4
v 28 4
v 29 4
v 30 4
v 31 4
v 32 4
v 33 4
v 34 4
v 35 4
v 36 4
e 0 20 1
e 0 21 1
e 1 11 1
e 1 15 1
e 2 12 1
e 2 28 1
e 3 13 1
e 3 29 1
e 4 14 1
e 4 30 1
e 5 19 2
e 6 11 1
e 6 16 1
e 6 17 1
e 7 17 2
e 7 18 1
e 8 16 1
e 8 20 1
e 8 31 1
e 9 17 1
e 9 32 1
e 9 33 1
e 10 19 1
e 10 20 2
e 11 12 1
e 11 22 1
e 12 13 1
e 12 23 1
e 13 14 1
e 13 24 1
e 14 15 1
e 14 25 1
e 15 26 1
e 15 27 1
e 16 18 2
e 18 19 1
e 21 34 1
e 21 35 1
e 21 36 1
t # 27241
v 0 11
v 1 1
v 2 1
v 3 1
v 4 1
v 5 1
v 6 1
v 7 2
v 8 2
v 9 2
v 10 2
v 11 2
v 12 3
v 13 3
v 14 3
v 15 3
v 16 3
v 17 3
v 18 3
v 19 3
v 20 3
v 21 3
v 22 3
v 23 3
v 24 4
v 25 4
v 26 4
v 27 4
v 28 4
v 29 4
v 30 4
v 31 4
v 32 4
v 33 4
v 34 4
v 35 4
v 36 4
v 37 4
v 38 4
v 39 4
v 40 4
e 0 22 1
e 0 23 1
e 1 13 1
e 1 16 1
e 2 12 1
e 2 31 1
e 3 14 1
e 3 32 1
e 4 15 1
e 4 33 1
e 5 17 1
e 5 35 1
e 6 21 2
e 7 13 1
e 7 18 1
e 7 19 1
e 8 19 2
e 8 20 1
e 9 18 1
e 9 22 1
e 9 34 1
e 10 19 1
e 10 36 1
e 10 37 1
e 11 21 1
e 11 22 2
e 12 13 1
e 12 14 1
e 12 25 1
e 13 24 1
e 14 15 1
e 14 26 1
e 15 16 1
e 15 27 1
e 16 17 1
e 16 28 1
e 17 29 1
e 17 30 1
e 18 20 2
e 20 21 1
e 23 38 1
e 23 39 1
e 23 40 1
t # 27242
v 0 1
v 1 1
v 2 1
v 3 1
v 4 1
v 5 1
v 6 2
v 7 2
v 8 2
v 9 2
v 10 2
v 11 3
v 12 3
v 13 3
v 14 3
v 15 3
v 16 3
v 17 3
v 18 3
v 19 3
v 20 3
v 21 3
v 22 3
v 23 4
v 24 4
v 25 4
v 26 4
v 27 4
v 28 4
v 29 4
v 30 4
v 31 4
v 32 4
v 33 4
v 34 4
v 35 4
v 36 4
v 37 4
v 38 4
v 39 4
e 0 11 1
e 0 15 1
e 1 12 1
e 1 29 1
e 2 13 1
e 2 30 1
e 3 14 1
e 3 31 1
e 4 20 1
e 4 22 1
e 5 19 2
e 6 11 1
e 6 16 1
e 6 17 1
e 7 17 2
e 7 18 1
e 8 16 1
e 8 20 2
e 9 19 1
e 9 20 1
e 9 21 1
e 10 17 1
e 10 32 1
e 10 33 1
e 11 12 1
e 11 23 1
e 12 13 1
e 12 24 1
e 13 14 1
e 13 25 1
e 14 15 1
e 14 26 1
e 15 27 1
e 15 28 1
e 16 18 2
e 18 19 1
e 21 34 1
e 21 35 1
e 21 36 1
e 22 37 1
e 22 38 1
e 22 39 1
t # 27243
v 0 1
v 1 1
v 2 1
v 3 1
v 4 1
v 5 1
v 6 1
v 7 2
v 8 2
v 9 2
v 10 2
v 11 2
v 12 3
v 13 3
v 14 3
v 15 3
v 16 3
v 17 3
v 18 3
v 19 3
v 20 3
v 21 3
v 22 3
v 23 3
v 24 3
v 25 4
v 26 4
v 27 4
v 28 4
v 29 4
v 30 4
v 31 4
v 32 4
v 33 4
v 34 4
v 35 4
v 36 4
v 37 4
v 38 4
v 39 4
v 40 4
v 41 4
v 42 4
v 43 4
e 0 13 1
e 0 16 1
e 1 12 1
e 1 32 1
e 2 14 1
e 2 33 1
e 3 15 1
e 3 34 1
e 4 17 1
e 4 35 1
e 5 22 1
e 5 24 1
e 6 21 2
e 7 13 1
e 7 18 1
e 7 19 1
e 8 19 2
e 8 20 1
e 9 18 1
e 9 22 2
e 10 19 1
e 10 36 1
e 10 37 1
e 11 21 1
e 11 22 1
e 11 23 1
e 12 13 1
e 12 14 1
e 12 25 1
e 13 26 1
e 14 15 1
e 14 27 1
e 15 16 1
e 15 28 1
e 16 17 1
e 16 29 1
e 17 30 1
e 17 31 1
e 18 20 2
e 20 21 1
e 23 38 1
e 23 39 1
e 23 40 1
e 24 41 1
e 24 42 1
e 24 43 1
t # 27244
v 0 1
v 1 1
v 2 1
v 3 1
v 4 1
v 5 1
v 6 1
v 7 2
v 8 2
v 9 2
v 10 2
v 11 2
v 12 3
v 13 3
v 14 3
v 15 3
v 16 3
v 17 3
v 18 3
v 19 3
v 20 3
v 21 3
v 22 3
v 23 3
v 24 4
v 25 4
v 26 4
v 27 4
v 28 4
v 29 4
v 30 4
v 31 4
v 32 4
v 33 4
v 34 4
v 35 4
v 36 4
v 37 4
v 38 4
v 39 4
v 40 4
e 0 13 1
e 0 16 1
e 1 12 1
e 1 31 1
e 2 14 1
e 2 32 1
e 3 15 1
e 3 33 1
e 4 17 1
e 4 35 1
e 5 22 1
e 5 23 1
e 6 21 2
e 7 13 1
e 7 18 1
e 7 19 1
e 8 19 2
e 8 20 1
e 9 18 1
e 9 22 1
e 9 34 1
e 10 19 1
e 10 36 1
e 10 37 1
e 11 21 1
e 11 22 2
e 12 13 1
e 12 14 1
e 12 24 1
e 13 25 1
e 14 15 1
e 14 26 1
e 15 16 1
e 15 27 1
e 16 17 1
e 16 28 1
e 17 29 1
e 17 30 1
e 18 20 2
e 20 21 1
e 23 38 1
e 23 39 1
e 23 40 1
t # 27245
v 0 11
v 1 1
v 2 1
v 3 2
v 4 2
v 5 3
v 6 3
v 7 3
v 8 3
v 9 3
v 10 3
v 11 3
v 12 3
v 13 3
v 14 3
v 15 3
v 16 3
v 17 3
v 18 3
v 19 3
v 20 3
v 21 4
v 22 4
v 23 4
v 24 4
v 25 4
v 26 4
v 27 4
v 28 4
v 29 4
v 30 4
v 31 4
v 32 4
v 33 4
v 34 4
e 0 10 1
e 0 19 1
e 1 11 2
e 2 17 1
e 2 20 1
e 3 4 1
e 3 11 1
e 3 26 1
e 4 7 2
e 5 6 1
e 5 8 2
e 5 11 1
e 6 10 1
e 6 21 1
e 6 22 1
e 7 8 1
e 7 9 1
e 8 23 1
e 9 12 2
e 9 13 1
e 10 14 2
e 12 15 1
e 12 24 1
e 13 16 2
e 13 25 1
e 14 18 1
e 14 27 1
e 15 17 2
e 15 28 1
e 16 17 1
e 16 29 1
e 18 19 2
e 18 30 1
e 19 31 1
e 20 32 1
e 20 33 1
e 20 34 1
t # 27246
v 0 1
v 1 1
v 2 1
v 3 1
v 4 1
v 5 3
v 6 3
v 7 3
v 8 3
v 9 3
v 10 3
v 11 3
v 12 3
v 13 3
v 14 3
v 15 3
v 16 3
v 17 3
v 18 3
v 19 3
v 20 3
v 21 3
v 22 3
v 23 3
v 24 3
v 25 3
v 26 3
v 27 3
v 28 3
v 29 3
v 30 3
v 31 3
v 32 3
v 33 3
v 34 3
v 35 3
v 36 3
v 37 3
v 38 4
v 39 4
v 40 4
v 41 4
v 42 4
v 43 4
v 44 4
v 45 4
v 46 4
v 47 4
v 48 4
v 49 4
v 50 4
v 51 4
v 52 4
v 53 4
v 54 4
v 55 4
v 56 4
v 57 4
v 58 4
v 59 4
v 60 4
v 61 4
v 62 4
v 63 4
v 64 4
v 65 4
v 66 4
v 67 4
v 68 4
v 69 4
v 70 4
v 71 4
v 72 4
v 73 4
v 74 4
v 75 4
v 76 4
v 77 4
v 78 4
v 79 4
v 80 4
v 81 4
v 82 4
v 83 4
v 84 4
v 85 4
v 86 4
v 87 4
v 88 4
v 89 4
e 0 15 1
e 0 77 1
e 22 1 1
e 1 35 1
e 2 32 1
e 2 36 1
e 3 32 2
e 4 35 2
e 5 6 1
e 5 8 1
e 5 10 1
e 5 20 1
e 6 7 1
e 6 16 1
e 6 38 1
e 7 9 1
e 7 18 1
e 7 23 1
e 8 11 1
e 8 15 1
e 8 24 1
e 9 12 1
e 9 13 1
e 9 39 1
e 10 12 1
e 10 40 1
e 10 41 1
e 11 14 1
e 11 21 2
e 12 42 1
e 12 43 1
e 13 22 1
e 13 29 1
e 13 30 1
e 14 17 1
e 14 26 1
e 14 44 1
e 15 19 1
e 15 45 1
e 16 21 1
e 16 46 1
e 16 47 1
e 17 19 1
e 17 27 1
e 17 32 1
e 18 25 1
e 18 48 1
e 18 49 1
e 19 50 1
e 19 51 1
e 20 52 1
e 20 53 1
e 20 54 1
e 21 55 1
e 22 25 1
e 22 56 1
e 23 57 1
e 23 58 1
e 23 59 1
e 24 60 1
e 24 61 1
e 24 62 1
e 25 63 1
e 25 64 1
e 26 28 1
e 26 33 1
e 26 65 1
e 27 31 1
e 27 66 1
e 27 67 1
e 28 31 1
e 28 34 1
e 28 68 1
e 29 69 1
e 29 70 1
e 29 71 1
e 30 72 1
e 30 73 1
e 30 74 1
e 31 75 1
e 31 76 1
e 33 78 1
e 33 79 1
e 33 80 1
e 34 81 1
e 34 82 1
e 34 83 1
e 35 37 1
e 36 84 1
e 36 85 1
e 36 86 1
e 37 87 1
e 37 88 1
e 37 89 1
t # 27247
v 0 1
v 1 1
v 2 1
v 3 3
v 4 3
v 5 3
v 6 3
v 7 3
v 8 3
v 9 3
v 10 3
v 11 3
v 12 3
v 13 3
v 14 3
v 15 3
v 16 3
v 17 3
v 18 3
v 19 3
v 20 3
v 21 3
v 22 3
v 23 3
v 24 3
v 25 3
v 26 3
v 27 3
v 28 3
v 29 3
v 30 3
v 31 3
v 32 3
v 33 4
v 34 4
v 35 4
v 36 4
v 37 4
v 38 4
v 39 4
v 40 4
v 41 4
v 42 4
v 43 4
v 44 4
v 45 4
v 46 4
v 47 4
v 48 4
v 49 4
v 50 4
v 51 4
v 52 4
v 53 4
v 54 4
v 55 4
v 56 4
v 57 4
v 58 4
v 59 4
v 60 4
v 61 4
v 62 4
v 63 4
v 64 4
v 65 4
v 66 4
v 67 4
v 68 4
v 69 4
v 70 4
v 71 4
v 72 4
v 73 4
v 74 4
v 75 4
v 76 4
e 0 5 1
e 0 20 1
e 1 20 2
e 2 29 2
e 3 4 1
e 3 5 1
e 3 10 1
e 3 18 1
e 4 8 1
e 4 12 1
e 4 21 1
e 5 6 1
e 5 15 1
e 6 7 1
e 6 14 1
e 6 33 1
e 7 11 1
e 7 17 1
e 7 20 1
e 8 9 1
e 8 19 1
e 8 34 1
e 9 13 1
e 9 24 1
e 9 26 1
e 10 11 1
e 10 35 1
e 10 36 1
e 11 37 1
e 11 38 1
e 12 16 1
e 12 39 1
e 12 40 1
e 13 16 1
e 13 23 1
e 13 41 1
e 14 22 1
e 14 27 1
e 14 42 1
e 15 19 2
e 15 43 1
e 16 44 1
e 16 45 1
e 17 25 1
e 17 46 1
e 17 47 1
e 18 48 1
e 18 49 1
e 18 50 1
e 19 51 1
e 21 52 1
e 21 53 1
e 21 54 1
e 22 25 1
e 22 30 1
e 22 55 1
e 23 29 1
e 23 31 1
e 23 32 1
e 24 28 1
e 24 56 1
e 24 57 1
e 25 58 1
e 25 59 1
e 26 60 1
e 26 61 1
e 26 62 1
e 27 63 1
e 27 64 1
e 27 65 1
e 28 29 1
e 28 66 1
e 28 67 1
e 30 68 1
e 30 69 1
e 30 70 1
e 31 71 1
e 31 72 1
e 31 73 1
e 32 74 1
e 32 75 1
e 32 76 1
t # 27248
v 0 11
v 1 1
v 2 1
v 3 1
v 4 1
v 5 1
v 6 3
v 7 3
v 8 3
v 9 3
v 10 3
v 11 3
v 12 3
v 13 3
v 14 3
v 15 3
v 16 3
v 17 3
v 18 3
v 19 3
v 20 3
v 21 3
v 22 3
v 23 3
v 24 3
v 25 3
v 26 3
v 27 3
v 28 3
v 29 3
v 30 3
v 31 3
v 32 3
v 33 3
v 34 3
v 35 3
v 36 3
v 37 3
v 38 3
v 39 3
v 40 3
v 41 3
v 42 4
v 43 4
v 44 4
v 45 4
v 46 4
v 47 4
v 48 4
v 49 4
v 50 4
v 51 4
v 52 4
v 53 4
v 54 4
v 55 4
v 56 4
v 57 4
v 58 4
v 59 4
v 60 4
v 61 4
v 62 4
v 63 4
v 64 4
v 65 4
v 66 4
v 67 4
v 68 4
v 69 4
v 70 4
v 71 4
v 72 4
v 73 4
v 74 4
v 75 4
v 76 4
v 77 4
v 78 4
v 79 4
v 80 4
v 81 4
v 82 4
v 83 4
v 84 4
v 85 4
v 86 4
v 87 4
v 88 4
v 89 4
v 90 4
v 91 4
v 92 4
v 93 4
e 0 4 2
e 0 5 2
e 0 36 1
e 22 1 1
e 2 33 1
e 2 88 1
e 3 33 2
e 6 7 1
e 6 9 1
e 6 11 1
e 6 20 1
e 7 8 1
e 7 16 1
e 7 42 1
e 8 10 1
e 8 17 1
e 8 24 1
e 9 12 1
e 9 18 1
e 9 26 1
e 10 13 1
e 10 14 1
e 10 43 1
e 11 13 1
e 11 44 1
e 11 45 1
e 12 15 1
e 12 23 2
e 13 46 1
e 13 47 1
e 14 22 1
e 14 30 1
e 14 31 1
e 15 19 1
e 15 27 1
e 15 48 1
e 16 23 1
e 16 49 1
e 16 50 1
e 17 25 1
e 17 51 1
e 17 52 1
e 18 21 1
e 18 53 1
e 18 54 1
e 19 21 1
e 19 28 1
e 19 33 1
e 20 55 1
e 20 56 1
e 20 57 1
e 21 58 1
e 21 59 1
e 22 25 1
e 22 60 1
e 23 61 1
e 24 62 1
e 24 63 1
e 24 64 1
e 25 65 1
e 25 66 1
e 26 67 1
e 26 68 1
e 26 69 1
e 27 29 1
e 27 34 1
e 27 70 1
e 28 32 1
e 28 71 1
e 28 72 1
e 29 32 1
e 29 35 1
e 29 73 1
e 30 74 1
e 30 75 1
e 30 76 1
e 31 77 1
e 31 78 1
e 31 79 1
e 32 80 1
e 32 81 1
e 34 82 1
e 34 83 1
e 34 84 1
e 35 85 1
e 35 86 1
e 35 87 1
e 36 37 2
e 36 38 1
e 37 39 1
e 37 89 1
e 38 40 2
e 38 90 1
e 39 41 2
e 39 91 1
e 40 41 1
e 40 92 1
e 41 93 1
t # 27249
v 0 1
v 1 1
v 2 1
v 3 3
v 4 3
v 5 3
v 6 3
v 7 3
v 8 3
v 9 3
v 10 3
v 11 3
v 12 3
v 13 3
v 14 3
v 15 3
v 16 3
v 17 3
v 18 3
v 19 3
v 20 3
v 21 3
v 22 3
v 23 3
v 24 3
v 25 3
v 26 3
v 27 3
v 28 3
v 29 3
v 30 3
v 31 3
v 32 3
v 33 3
v 34 3
v 35 3
v 36 4
v 37 4
v 38 4
v 39 4
v 40 4
v 41 4
v 42 4
v 43 4
v 44 4
v 45 4
v 46 4
v 47 4
v 48 4
v 49 4
v 50 4
v 51 4
v 52 4
v 53 4
v 54 4
v 55 4
v 56 4
v 57 4
v 58 4
v 59 4
v 60 4
v 61 4
v 62 4
v 63 4
v 64 4
v 65 4
v 66 4
v 67 4
v 68 4
v 69 4
v 70 4
v 71 4
v 72 4
v 73 4
v 74 4
v 75 4
v 76 4
v 77 4
v 78 4
v 79 4
v 80 4
v 81 4
v 82 4
v 83 4
v 84 4
v 85 4
v 86 4
v 87 4
e 19 0 1
e 0 33 1
e 1 30 1
e 1 84 1
e 2 30 2
e 3 4 1
e 3 6 1
e 3 8 1
e 3 17 1
e 4 5 1
e 4 13 1
e 4 36 1
e 5 7 1
e 5 14 1
e 5 21 1
e 6 9 1
e 6 15 1
e 6 23 1
e 7 10 1
e 7 11 1
e 7 37 1
e 8 10 1
e 8 38 1
e 8 39 1
e 9 12 1
e 9 20 2
e 10 40 1
e 10 41 1
e 11 19 1
e 11 27 1
e 11 28 1
e 12 16 1
e 12 24 1
e 12 42 1
e 13 20 1
e 13 43 1
e 13 44 1
e 14 22 1
e 14 45 1
e 14 46 1
e 15 18 1
e 15 47 1
e 15 48 1
e 16 18 1
e 16 25 1
e 16 30 1
e 17 49 1
e 17 50 1
e 17 51 1
e 18 52 1
e 18 53 1
e 19 22 1
e 19 54 1
e 20 55 1
e 21 56 1
e 21 57 1
e 21 58 1
e 22 59 1
e 22 60 1
e 23 61 1
e 23 62 1
e 23 63 1
e 24 26 1
e 24 31 1
e 24 64 1
e 25 29 1
e 25 65 1
e 25 66 1
e 26 29 1
e 26 32 1
e 26 67 1
e 27 68 1
e 27 69 1
e 27 70 1
e 28 71 1
e 28 72 1
e 28 73 1
e 29 74 1
e 29 75 1
e 31 76 1
e 31 77 1
e 31 78 1
e 32 79 1
e 32 80 1
e 32 81 1
e 33 34 1
e 33 82 1
e 33 83 1
e 34 35 2
e 34 85 1
e 35 86 1
e 35 87 1
t # 27250
v 0 1
v 1 1
v 2 1
v 3 2
v 4 2
v 5 3
v 6 3
v 7 3
v 8 3
v 9 3
v 10 3
v 11 3
v 12 3
v 13 3
v 14 3
v 15 3
v 16 3
v 17 3
v 18 3
v 19 3
v 20 4
v 21 4
v 22 4
v 23 4
v 24 4
v 25 4
v 26 4
v 27 4
v 28 4
v 29 4
v 30 4
v 31 4
v 32 4
v 33 4
v 34 4
v 35 4
v 36 4
v 37 4
e 0 14 1
e 0 19 1
e 1 13 2
e 2 17 2
e 3 8 1
e 3 9 1
e 3 22 1
e 4 10 1
e 4 17 1
e 4 28 1
e 5 6 1
e 5 7 1
e 5 8 2
e 6 9 2
e 6 11 1
e 7 10 1
e 7 20 1
e 7 21 1
e 8 13 1
e 9 12 1
e 10 23 1
e 10 24 1
e 11 15 2
e 11 25 1
e 12 14 2
e 12 26 1
e 13 16 1
e 14 15 1
e 15 27 1
e 16 29 1
e 16 30 1
e 16 31 1
e 17 18 1
e 18 32 1
e 18 33 1
e 18 34 1
e 19 35 1
e 19 36 1
e 19 37 1
t # 27251
v 0 1
v 1 1
v 2 1
v 3 2
v 4 2
v 5 2
v 6 3
v 7 3
v 8 3
v 9 3
v 10 3
v 11 3
v 12 3
v 13 3
v 14 3
v 15 3
v 16 3
v 17 3
v 18 3
v 19 3
v 20 4
v 21 4
v 22 4
v 23 4
v 24 4
v 25 4
v 26 4
v 27 4
v 28 4
v 29 4
v 30 4
v 31 4
v 32 4
v 33 4
v 34 4
v 35 4
v 36 4
e 0 17 1
e 0 19 1
e 3 6 1
e 3 10 1
e 3 14 1
e 4 7 1
e 4 12 1
e 4 25 1
e 5 15 1
e 6 7 1
e 6 13 1
e 6 20 1
e 7 8 2
e 8 9 1
e 8 11 1
e 9 10 1
e 9 21 1
e 9 22 1
e 10 23 1
e 10 24 1
e 11 12 2
e 11 16 1
e 12 15 1
e 13 26 1
e 13 27 1
e 13 28 1
e 14 29 1
e 14 30 1
e 14 31 1
e 15 17 2
e 16 18 2
e 16 32 1
e 17 18 1
e 18 33 1
e 19 34 1
e 19 35 1
e 19 36 1
t # 27252
v 0 1
v 1 1
v 2 1
v 3 1
v 4 1
v 5 1
v 6 1
v 7 1
v 8 1
v 9 1
v 10 1
v 11 1
v 12 2
v 13 2
v 14 2
v 15 2
v 16 2
v 17 2
v 18 2
v 19 2
v 20 2
v 21 2
v 22 3
v 23 3
v 24 3
v 25 3
v 26 3
v 27 3
v 28 3
v 29 3
v 30 3
v 31 3
v 32 3
v 33 3
v 34 3
v 35 3
v 36 3
v 37 3
v 38 3
v 39 3
v 40 3
v 41 3
v 42 3
v 43 3
v 44 3
v 45 3
v 46 3
v 47 3
v 48 3
v 49 3
v 50 3
v 51 3
v 52 3
v 53 3
v 54 3
v 55 3
v 56 3
v 57 3
v 58 3
v 59 3
v 60 3
v 61 3
v 62 4
v 63 4
v 64 4
v 65 4
v 66 4
v 67 4
v 68 4
v 69 4
v 70 4
v 71 4
v 72 4
v 73 4
v 74 4
v 75 4
v 76 4
v 77 4
v 78 4
v 79 4
v 80 4
v 81 4
v 82 4
v 83 4
v 84 4
v 85 4
v 86 4
v 87 4
v 88 4
v 89 4
v 90 4
v 91 4
v 92 4
v 93 4
v 94 4
v 95 4
v 96 4
v 97 4
v 98 4
v 99 4
v 100 4
v 101 4
v 102 4
v 103 4
v 104 4
v 105 4
v 106 4
v 107 4
v 108 4
v 109 4
v 110 4
v 111 4
v 112 4
v 113 4
v 114 4
v 115 4
v 116 4
v 117 4
v 118 4
v 119 4
v 120 4
v 121 4
e 0 32 2
e 1 33 2
e 2 48 2
e 3 49 2
e 4 52 2
e 5 53 2
e 6 54 2
e 7 55 2
e 8 56 1
e 8 58 1
e 9 57 1
e 9 59 1
e 10 56 2
e 11 57 2
e 12 22 1
e 12 23 1
e 12 30 1
e 13 24 1
e 13 25 1
e 13 31 1
e 14 26 1
e 14 27 1
e 14 32 1
e 15 28 1
e 15 29 1
e 15 33 1
e 16 44 1
e 16 46 1
e 16 48 1
e 17 45 1
e 17 47 1
e 17 49 1
e 18 48 1
e 18 52 1
e 18 108 1
e 19 49 1
e 19 53 1
e 19 109 1
e 20 54 1
e 20 56 1
e 20 110 1
e 21 55 1
e 21 57 1
e 21 111 1
e 22 26 1
e 22 62 1
e 22 63 1
e 23 27 1
e 23 64 1
e 23 65 1
e 24 28 1
e 24 66 1
e 24 67 1
e 25 29 1
e 25 68 1
e 25 69 1
e 26 70 1
e 26 71 1
e 27 72 1
e 27 73 1
e 28 74 1
e 28 75 1
e 29 76 1
e 29 77 1
e 30 44 1
e 30 78 1
e 30 79 1
e 31 45 1
e 31 80 1
e 31 81 1
e 32 34 1
e 33 35 1
e 34 36 1
e 34 82 1
e 34 83 1
e 35 37 1
e 35 84 1
e 35 85 1
e 36 38 1
e 36 86 1
e 36 87 1
e 37 39 1
e 37 88 1
e 37 89 1
e 38 40 1
e 38 90 1
e 38 91 1
e 39 41 1
e 39 92 1
e 39 93 1
e 40 42 1
e 40 94 1
e 40 95 1
e 41 43 1
e 41 96 1
e 41 97 1
e 42 43 1
e 42 98 1
e 42 99 1
e 43 100 1
e 43 101 1
e 44 102 1
e 44 103 1
e 45 104 1
e 45 105 1
e 46 50 2
e 46 106 1
e 47 51 2
e 47 107 1
e 50 52 1
e 50 54 1
e 51 53 1
e 51 55 1
e 58 60 1
e 58 112 1
e 58 113 1
e 59 61 1
e 59 114 1
e 59 115 1
e 60 116 1
e 60 117 1
e 60 118 1
e 61 119 1
e 61 120 1
e 61 121 1
t # 27253
v 0 9
v 1 1
v 2 1
v 3 2
v 4 2
v 5 3
v 6 3
v 7 3
v 8 3
v 9 3
v 10 3
v 11 3
v 12 3
v 13 3
v 14 3
v 15 3
v 16 3
v 17 3
v 18 3
v 19 3
v 20 3
v 21 3
v 22 3
v 23 3
v 24 3
v 25 3
v 26 3
v 27 3
v 28 3
v 29 3
v 30 3
v 31 3
v 32 3
v 33 3
v 34 3
v 35 4
v 36 4
v 37 4
v 38 4
v 39 4
v 40 4
v 41 4
v 42 4
v 43 4
v 44 4
v 45 4
v 46 4
v 47 4
v 48 4
v 49 4
v 50 4
v 51 4
v 52 4
v 53 4
v 54 4
v 55 4
v 56 4
v 57 4
v 58 4
e 1 7 1
e 1 35 1
e 2 8 1
e 2 36 1
e 3 13 1
e 3 33 2
e 4 14 1
e 4 34 2
e 5 9 2
e 5 11 1
e 6 10 2
e 6 12 1
e 7 13 1
e 7 15 2
e 8 14 1
e 8 16 2
e 9 19 1
e 9 37 1
e 10 20 1
e 10 38 1
e 11 21 2
e 11 39 1
e 12 22 2
e 12 40 1
e 13 17 2
e 14 18 2
e 15 25 1
e 15 41 1
e 16 26 1
e 16 42 1
e 17 27 1
e 17 29 1
e 18 28 1
e 18 30 1
e 19 23 2
e 19 43 1
e 20 24 2
e 20 44 1
e 21 23 1
e 21 45 1
e 22 24 1
e 22 46 1
e 23 47 1
e 24 48 1
e 25 27 2
e 25 49 1
e 26 28 2
e 26 50 1
e 27 51 1
e 28 52 1
e 29 31 2
e 29 53 1
e 30 32 2
e 30 54 1
e 31 33 1
e 31 55 1
e 32 34 1
e 32 56 1
e 33 57 1
e 34 58 1
t # 27254
v 0 27
v 1 27
v 2 9
v 3 1
v 4 1
v 5 1
v 6 3
v 7 3
v 8 3
v 9 3
v 10 3
v 11 3
v 12 3
v 13 3
v 14 3
v 15 3
v 16 3
v 17 3
v 18 3
v 19 3
v 20 3
v 21 4
v 22 4
v 23 4
v 24 4
v 25 4
v 26 4
v 27 4
v 28 4
v 29 4
v 30 4
v 31 4
v 32 4
v 33 4
v 34 4
v 35 4
v 36 4
v 37 4
v 38 4
v 39 4
v 40 4
v 41 4
v 42 4
e 3 10 1
e 3 25 1
e 4 11 1
e 4 26 1
e 5 11 2
e 6 8 1
e 6 21 1
e 6 22 1
e 7 9 1
e 7 23 1
e 7 24 1
e 8 13 1
e 8 27 1
e 8 28 1
e 9 14 1
e 9 29 1
e 9 30 1
e 10 12 2
e 10 15 1
e 11 12 1
e 12 16 1
e 13 17 1
e 13 31 1
e 13 32 1
e 14 18 1
e 14 33 1
e 14 34 1
e 15 19 2
e 16 20 2
e 16 35 1
e 17 36 1
e 17 37 1
e 17 38 1
e 18 39 1
e 18 40 1
e 18 41 1
e 19 20 1
e 19 42 1
t # 27255
v 0 1
v 1 1
v 2 1
v 3 1
v 4 2
v 5 2
v 6 3
v 7 3
v 8 3
v 9 3
v 10 3
v 11 3
v 12 3
v 13 3
v 14 3
v 15 3
v 16 3
v 17 3
v 18 3
v 19 3
v 20 3
v 21 3
v 22 4
v 23 4
v 24 4
v 25 4
v 26 4
v 27 4
v 28 4
v 29 4
v 30 4
v 31 4
v 32 4
v 33 4
v 34 4
v 35 4
v 36 4
v 37 4
e 0 6 1
e 0 19 1
e 1 11 2
e 2 13 2
e 3 19 2
e 4 6 1
e 4 8 1
e 4 11 1
e 5 6 1
e 5 9 1
e 5 13 1
e 6 7 1
e 7 10 2
e 7 12 1
e 8 9 1
e 8 14 2
e 9 15 2
e 10 11 1
e 10 16 1
e 12 22 1
e 12 23 1
e 12 24 1
e 13 20 1
e 14 17 1
e 14 25 1
e 15 18 1
e 15 26 1
e 16 27 1
e 16 28 1
e 16 29 1
e 17 18 2
e 17 30 1
e 18 31 1
e 19 21 1
e 20 32 1
e 20 33 1
e 20 34 1
e 21 35 1
e 21 36 1
e 21 37 1
t # 27256
v 0 1
v 1 1
v 2 1
v 3 1
v 4 1
v 5 2
v 6 3
v 7 3
v 8 3
v 9 3
v 10 3
v 11 3
v 12 3
v 13 3
v 14 3
v 15 3
v 16 3
v 17 3
v 18 3
v 19 4
v 20 4
v 21 4
v 22 4
v 23 4
v 24 4
v 25 4
v 26 4
v 27 4
e 0 6 1
e 0 12 1
e 1 6 1
e 1 17 1
e 2 10 2
e 3 12 2
e 4 17 2
e 5 6 1
e 5 7 1
e 5 10 1
e 6 8 1
e 7 9 1
e 7 13 2
e 8 11 2
e 8 19 1
e 9 12 1
e 9 14 2
e 10 11 1
e 11 20 1
e 13 15 1
e 13 21 1
e 14 16 1
e 14 22 1
e 15 16 2
e 15 23 1
e 16 24 1
e 17 18 1
e 18 25 1
e 18 26 1
e 18 27 1
t # 27257
v 0 12
v 1 1
v 2 1
v 3 1
v 4 1
v 5 2
v 6 3
v 7 3
v 8 3
v 9 3
v 10 3
v 11 3
v 12 3
v 13 3
v 14 3
v 15 3
v 16 3
v 17 3
v 18 3
v 19 3
v 20 3
v 21 3
v 22 3
v 23 3
v 24 3
v 25 4
v 26 4
v 27 4
v 28 4
v 29 4
v 30 4
v 31 4
v 32 4
v 33 4
v 34 4
v 35 4
v 36 4
v 37 4
v 38 4
v 39 4
v 40 4
v 41 4
v 42 4
v 43 4
v 44 4
e 0 13 1
e 1 11 1
e 1 16 1
e 2 17 1
e 2 24 1
e 3 9 2
e 4 16 2
e 5 6 1
e 5 9 1
e 5 14 1
e 6 8 2
e 6 12 1
e 7 8 1
e 7 13 2
e 7 16 1
e 8 25 1
e 9 10 1
e 10 17 1
e 10 18 2
e 11 19 1
e 11 20 1
e 11 26 1
e 12 15 2
e 12 27 1
e 13 15 1
e 14 28 1
e 14 29 1
e 14 30 1
e 15 31 1
e 17 21 2
e 18 22 1
e 18 32 1
e 19 33 1
e 19 34 1
e 19 35 1
e 20 36 1
e 20 37 1
e 20 38 1
e 21 23 1
e 21 39 1
e 22 23 2
e 22 40 1
e 23 41 1
e 24 42 1
e 24 43 1
e 24 44 1
t # 27258
v 0 1
v 1 1
v 2 1
v 3 2
v 4 3
v 5 3
v 6 3
v 7 3
v 8 3
v 9 3
v 10 3
v 11 3
v 12 3
v 13 3
v 14 3
v 15 3
v 16 3
v 17 3
v 18 3
v 19 3
v 20 3
v 21 4
v 22 4
v 23 4
v 24 4
v 25 4
v 26 4
v 27 4
v 28 4
v 29 4
e 0 11 1
e 0 13 1
e 1 11 2
e 2 13 2
e 3 7 1
e 3 8 2
e 4 5 1
e 4 6 2
e 4 9 1
e 5 7 1
e 5 10 2
e 6 8 1
e 6 11 1
e 7 12 2
e 8 13 1
e 9 14 2
e 9 15 1
e 10 16 1
e 10 21 1
e 12 17 1
e 12 22 1
e 14 18 1
e 14 23 1
e 15 19 2
e 15 24 1
e 16 17 2
e 16 25 1
e 17 26 1
e 18 20 2
e 18 27 1
e 19 20 1
e 19 28 1
e 20 29 1
t # 27259
v 0 1
v 1 1
v 2 1
v 3 1
v 4 3
v 5 3
v 6 3
v 7 3
v 8 3
v 9 3
v 10 3
v 11 3
v 12 3
v 13 3
v 14 3
v 15 3
v 16 3
v 17 3
v 18 3
v 19 3
v 20 3
v 21 4
v 22 4
v 23 4
v 24 4
v 25 4
v 26 4
v 27 4
v 28 4
v 29 4
v 30 4
v 31 4
v 32 4
v 33 4
v 34 4
v 35 4
v 36 4
e 0 8 2
e 1 14 1
e 1 19 1
e 2 15 1
e 2 30 1
e 3 18 1
e 3 20 1
e 4 5 1
e 4 6 1
e 4 8 1
e 4 21 1
e 5 7 1
e 5 22 1
e 5 23 1
e 6 7 1
e 6 9 2
e 7 10 2
e 8 11 1
e 9 12 1
e 9 24 1
e 10 13 1
e 10 25 1
e 11 14 1
e 11 15 2
e 12 13 2
e 12 26 1
e 13 27 1
e 14 16 2
e 15 17 1
e 16 18 1
e 16 28 1
e 17 18 2
e 17 29 1
e 19 31 1
e 19 32 1
e 19 33 1
e 20 34 1
e 20 35 1
e 20 36 1
t # 27260
v 0 1
v 1 1
v 2 2
v 3 2
v 4 3
v 5 3
v 6 3
v 7 3
v 8 3
v 9 3
v 10 3
v 11 3
v 12 3
v 13 3
v 14 3
v 15 3
v 16 3
v 17 3
v 18 3
v 19 3
v 20 3
v 21 4
v 22 4
v 23 4
v 24 4
v 25 4
v 26 4
v 27 4
v 28 4
v 29 4
v 30 4
v 31 4
v 32 4
v 33 4
v 34 4
v 35 4
v 36 4
e 0 11 2
e 1 12 2
e 2 5 1
e 2 8 1
e 2 11 1
e 3 15 1
e 3 16 1
e 3 32 1
e 4 6 1
e 4 8 1
e 4 9 1
e 4 21 1
e 5 7 1
e 5 10 1
e 5 22 1
e 6 7 1
e 6 23 1
e 6 24 1
e 7 25 1
e 7 26 1
e 8 27 1
e 8 28 1
e 9 10 2
e 9 29 1
e 10 30 1
e 11 12 1
e 12 13 1
e 13 14 1
e 13 16 2
e 14 15 1
e 14 17 2
e 15 18 2
e 16 31 1
e 17 19 1
e 17 33 1
e 18 20 1
e 18 34 1
e 19 20 2
e 19 35 1
e 20 36 1
t # 27261
v 0 1
v 1 1
v 2 1
v 3 1
v 4 1
v 5 2
v 6 3
v 7 3
v 8 3
v 9 3
v 10 3
v 11 3
v 12 3
v 13 3
v 14 3
v 15 3
v 16 3
v 17 3
v 18 3
v 19 3
v 20 3
v 21 3
v 22 3
v 23 4
v 24 4
v 25 4
v 26 4
v 27 4
v 28 4
v 29 4
v 30 4
v 31 4
v 32 4
v 33 4
v 34 4
v 35 4
v 36 4
v 37 4
e 0 6 1
e 0 8 1
e 1 6 1
e 1 9 1
e 2 14 1
e 2 37 1
e 5 7 1
e 6 10 1
e 6 11 1
e 7 8 1
e 7 9 1
e 7 14 1
e 8 23 1
e 8 24 1
e 9 25 1
e 9 26 1
e 10 12 1
e 10 15 2
e 11 13 1
e 11 16 2
e 12 13 1
e 12 17 2
e 13 18 2
e 14 27 1
e 14 28 1
e 15 19 1
e 15 29 1
e 16 20 1
e 16 30 1
e 17 21 1
e 17 31 1
e 18 22 1
e 18 32 1
e 19 21 2
e 19 33 1
e 20 22 2
e 20 34 1
e 21 35 1
e 22 36 1
t # 27262
v 0 1
v 1 1
v 2 1
v 3 1
v 4 2
v 5 2
v 6 2
v 7 2
v 8 2
v 9 3
v 10 3
v 11 3
v 12 3
v 13 3
v 14 3
v 15 3
v 16 3
v 17 3
v 18 3
v 19 4
v 20 4
v 21 4
v 22 4
v 23 4
v 24 4
v 25 4
v 26 4
v 27 4
v 28 4
v 29 4
v 30 4
v 31 4
e 0 9 1
e 0 12 1
e 1 10 1
e 1 27 1
e 2 13 1
e 2 28 1
e 3 15 2
e 4 9 1
e 4 14 1
e 4 15 1
e 5 6 1
e 5 15 1
e 5 17 1
e 7 8 1
e 7 17 2
e 9 11 1
e 9 19 1
e 10 11 1
e 10 12 1
e 10 20 1
e 11 21 1
e 11 22 1
e 12 13 1
e 12 23 1
e 13 24 1
e 13 25 1
e 14 16 2
e 14 26 1
e 16 17 1
e 16 18 1
e 18 29 1
e 18 30 1
e 18 31 1
t # 27263
v 0 1
v 1 1
v 2 1
v 3 1
v 4 2
v 5 2
v 6 2
v 7 2
v 8 3
v 9 3
v 10 3
v 11 3
v 12 4
v 13 4
v 14 4
v 15 4
e 0 8 1
e 0 15 1
e 1 9 2
e 2 10 2
e 3 11 2
e 4 5 1
e 4 8 1
e 4 10 1
e 5 9 1
e 5 11 1
e 6 8 1
e 6 9 1
e 6 13 1
e 7 10 1
e 7 11 1
e 7 14 1
e 8 12 1
t # 27264
v 0 12
v 1 1
v 2 1
v 3 1
v 4 1
v 5 1
v 6 1
v 7 1
v 8 1
v 9 1
v 10 1
v 11 2
v 12 2
v 13 2
v 14 3
v 15 3
v 16 3
v 17 3
v 18 3
v 19 3
v 20 3
v 21 3
v 22 3
v 23 3
v 24 3
v 25 3
v 26 3
v 27 3
v 28 3
v 29 3
v 30 3
v 31 3
v 32 3
v 33 3
v 34 3
v 35 3
v 36 4
v 37 4
v 38 4
v 39 4
v 40 4
v 41 4
v 42 4
v 43 4
v 44 4
v 45 4
v 46 4
v 47 4
v 48 4
v 49 4
v 50 4
v 51 4
v 52 4
v 53 4
v 54 4
v 55 4
v 56 4
v 57 4
e 0 27 1
e 1 14 1
e 1 18 1
e 2 14 1
e 2 44 1
e 3 15 1
e 3 45 1
e 4 16 1
e 4 46 1
e 5 17 1
e 5 47 1
e 6 21 2
e 7 34 1
e 7 56 1
e 8 35 1
e 8 57 1
e 9 34 2
e 10 35 2
e 11 12 1
e 11 19 1
e 11 43 1
e 12 20 1
e 12 21 1
e 13 20 2
e 13 23 1
e 14 15 1
e 14 19 1
e 15 16 1
e 15 36 1
e 16 17 1
e 16 37 1
e 17 18 1
e 17 38 1
e 18 39 1
e 18 40 1
e 19 41 1
e 19 42 1
e 20 24 1
e 21 22 1
e 22 23 1
e 22 25 2
e 23 26 2
e 24 27 1
e 24 28 2
e 25 29 1
e 25 48 1
e 26 30 1
e 26 49 1
e 27 31 2
e 28 32 1
e 28 50 1
e 29 30 2
e 29 51 1
e 30 52 1
e 31 33 1
e 31 53 1
e 32 33 2
e 32 54 1
e 33 55 1
e 34 35 1
t # 27265
v 0 1
v 1 1
v 2 1
v 3 1
v 4 1
v 5 1
v 6 1
v 7 1
v 8 1
v 9 1
v 10 2
v 11 2
v 12 2
v 13 3
v 14 3
v 15 3
v 16 3
v 17 3
v 18 3
v 19 3
v 20 3
v 21 3
v 22 3
v 23 3
v 24 3
v 25 3
v 26 3
v 27 3
v 28 3
v 29 3
v 30 3
v 31 3
v 32 3
v 33 3
v 34 3
v 35 4
v 36 4
v 37 4
v 38 4
v 39 4
v 40 4
v 41 4
v 42 4
v 43 4
v 44 4
v 45 4
v 46 4
v 47 4
v 48 4
v 49 4
v 50 4
v 51 4
v 52 4
v 53 4
v 54 4
v 55 4
v 56 4
v 57 4
e 0 13 1
e 0 17 1
e 1 13 1
e 1 43 1
e 2 14 1
e 2 44 1
e 3 15 1
e 3 45 1
e 4 16 1
e 4 46 1
e 5 20 2
e 6 33 1
e 6 56 1
e 7 34 1
e 7 57 1
e 8 33 2
e 9 34 2
e 10 11 1
e 10 18 1
e 10 42 1
e 11 19 1
e 11 20 1
e 12 19 2
e 12 22 1
e 13 14 1
e 13 18 1
e 14 15 1
e 14 35 1
e 15 16 1
e 15 36 1
e 16 17 1
e 16 37 1
e 17 38 1
e 17 39 1
e 18 40 1
e 18 41 1
e 19 23 1
e 20 21 1
e 21 22 1
e 21 24 2
e 22 25 2
e 23 26 2
e 23 27 1
e 24 28 1
e 24 47 1
e 25 29 1
e 25 48 1
e 26 30 1
e 26 49 1
e 27 31 2
e 27 50 1
e 28 29 2
e 28 51 1
e 29 52 1
e 30 32 2
e 30 53 1
e 31 32 1
e 31 54 1
e 32 55 1
e 33 34 1
t # 27266
v 0 18
v 1 1
v 2 1
v 3 1
v 4 1
v 5 1
v 6 1
v 7 2
v 8 2
v 9 2
v 10 3
v 11 3
v 12 3
v 13 3
v 14 3
v 15 3
v 16 3
v 17 3
v 18 3
v 19 3
v 20 3
v 21 3
v 22 3
v 23 3
v 24 3
v 25 3
v 26 3
v 27 3
v 28 3
v 29 3
v 30 4
v 31 4
v 32 4
v 33 4
v 34 4
v 35 4
v 36 4
v 37 4
v 38 4
v 39 4
v 40 4
v 41 4
v 42 4
v 43 4
v 44 4
v 45 4
v 46 4
v 47 4
v 48 4
v 49 4
e 1 13 1
e 1 14 1
e 2 10 1
e 2 38 1
e 3 11 1
e 3 39 1
e 4 12 1
e 4 40 1
e 5 15 1
e 5 41 1
e 6 17 2
e 7 8 1
e 7 14 1
e 7 37 1
e 8 16 1
e 8 17 1
e 9 16 2
e 9 19 1
e 10 11 1
e 10 12 1
e 10 30 1
e 11 13 1
e 11 31 1
e 12 14 1
e 12 32 1
e 13 15 1
e 13 33 1
e 14 34 1
e 15 35 1
e 15 36 1
e 16 20 1
e 17 18 1
e 18 19 1
e 18 21 2
e 19 22 2
e 20 23 2
e 20 24 1
e 21 25 1
e 21 42 1
e 22 26 1
e 22 43 1
e 23 27 1
e 23 44 1
e 24 28 2
e 24 45 1
e 25 26 2
e 25 46 1
e 26 47 1
e 27 29 2
e 27 48 1
e 28 29 1
e 28 49 1
t # 27267
v 0 18
v 1 1
v 2 2
v 3 2
v 4 2
v 5 3
v 6 3
v 7 3
v 8 3
v 9 3
v 10 3
v 11 3
v 12 3
v 13 3
v 14 3
v 15 3
v 16 3
v 17 3
v 18 3
v 19 4
v 20 4
v 21 4
v 22 4
v 23 4
v 24 4
v 25 4
v 26 4
v 27 4
v 28 4
e 1 8 2
e 2 4 1
e 2 6 1
e 2 8 1
e 3 6 2
e 3 7 1
e 4 24 1
e 4 25 1
e 5 7 2
e 5 8 1
e 5 10 1
e 6 9 1
e 7 11 1
e 9 12 2
e 9 13 1
e 10 14 2
e 10 19 1
e 11 15 2
e 11 20 1
e 12 16 1
e 12 21 1
e 13 17 2
e 13 22 1
e 14 15 1
e 15 23 1
e 16 18 2
e 16 26 1
e 17 18 1
e 17 27 1
e 18 28 1
t # 27268
v 0 12
v 1 1
v 2 2
v 3 2
v 4 2
v 5 3
v 6 3
v 7 3
v 8 3
v 9 3
v 10 3
v 11 3
v 12 3
v 13 3
v 14 3
v 15 3
v 16 3
v 17 3
v 18 3
v 19 4
v 20 4
v 21 4
v 22 4
v 23 4
v 24 4
v 25 4
v 26 4
v 27 4
v 28 4
e 0 16 1
e 1 9 2
e 2 4 1
e 2 5 1
e 2 9 1
e 3 5 2
e 3 7 1
e 4 26 1
e 4 27 1
e 5 8 1
e 6 7 1
e 6 9 1
e 6 10 2
e 7 11 2
e 8 12 2
e 8 13 1
e 10 14 1
e 10 19 1
e 11 15 1
e 11 20 1
e 12 16 1
e 12 21 1
e 13 17 2
e 13 22 1
e 14 15 2
e 14 23 1
e 15 24 1
e 16 18 2
e 17 18 1
e 17 25 1
e 18 28 1
t # 27269
v 0 12
v 1 1
v 2 2
v 3 2
v 4 2
v 5 3
v 6 3
v 7 3
v 8 3
v 9 3
v 10 3
v 11 3
v 12 3
v 13 3
v 14 3
v 15 3
v 16 3
v 17 3
v 18 3
v 19 4
v 20 4
v 21 4
v 22 4
v 23 4
v 24 4
v 25 4
v 26 4
v 27 4
v 28 4
e 0 12 1
e 1 9 2
e 2 4 1
e 2 5 1
e 2 9 1
e 3 5 2
e 3 7 1
e 4 26 1
e 4 27 1
e 5 8 1
e 6 7 1
e 6 9 1
e 6 10 2
e 7 11 2
e 8 12 1
e 8 13 2
e 10 14 1
e 10 19 1
e 11 15 1
e 11 20 1
e 12 16 2
e 13 17 1
e 13 21 1
e 14 15 2
e 14 22 1
e 15 23 1
e 16 18 1
e 16 24 1
e 17 18 2
e 17 25 1
e 18 28 1
t # 27270
v 0 1
v 1 1
v 2 1
v 3 1
v 4 1
v 5 1
v 6 1
v 7 3
v 8 3
v 9 3
v 10 3
v 11 3
v 12 3
v 13 3
v 14 3
v 15 3
v 16 3
v 17 3
v 18 3
v 19 3
v 20 3
v 21 3
v 22 3
v 23 3
v 24 3
v 25 3
v 26 3
v 27 3
v 28 4
v 29 4
v 30 4
v 31 4
v 32 4
v 33 4
v 34 4
v 35 4
v 36 4
v 37 4
v 38 4
v 39 4
v 40 4
v 41 4
v 42 4
v 43 4
e 0 11 1
e 0 24 1
e 1 16 1
e 1 26 1
e 2 12 2
e 3 14 2
e 4 22 2
e 5 23 2
e 6 26 2
e 7 8 2
e 7 11 1
e 7 12 1
e 8 14 1
e 8 15 1
e 9 10 2
e 9 14 1
e 9 16 1
e 10 12 1
e 10 19 1
e 11 13 2
e 13 17 1
e 13 18 1
e 15 17 2
e 15 28 1
e 16 20 2
e 17 29 1
e 18 22 1
e 18 30 1
e 18 31 1
e 19 21 2
e 19 32 1
e 20 21 1
e 20 23 1
e 21 33 1
e 22 25 1
e 23 34 1
e 24 35 1
e 24 36 1
e 24 37 1
e 25 38 1
e 25 39 1
e 25 40 1
e 26 27 1
e 27 41 1
e 27 42 1
e 27 43 1
t # 27271
v 0 12
v 1 1
v 2 1
v 3 1
v 4 2
v 5 2
v 6 2
v 7 2
v 8 3
v 9 3
v 10 3
v 11 3
v 12 3
v 13 3
v 14 3
v 15 3
v 16 3
v 17 3
v 18 3
v 19 3
v 20 3
v 21 3
v 22 3
v 23 3
v 24 3
v 25 3
v 26 3
v 27 3
v 28 3
v 29 3
v 30 3
v 31 3
v 32 3
v 33 3
v 34 3
v 35 3
v 36 3
v 37 3
v 38 3
v 39 3
v 40 4
v 41 4
v 42 4
v 43 4
v 44 4
v 45 4
v 46 4
v 47 4
v 48 4
v 49 4
v 50 4
v 51 4
v 52 4
v 53 4
v 54 4
v 55 4
v 56 4
v 57 4
v 58 4
v 59 4
v 60 4
v 61 4
v 62 4
v 63 4
v 64 4
v 65 4
v 66 4
v 67 4
v 68 4
e 0 35 1
e 1 11 2
e 2 12 2
e 3 20 2
e 4 5 1
e 4 11 1
e 4 16 1
e 5 12 1
e 5 17 1
e 6 9 1
e 6 20 1
e 6 45 1
e 7 26 2
e 7 27 1
e 8 9 1
e 8 10 1
e 8 11 1
e 8 12 1
e 9 14 1
e 9 40 1
e 10 13 1
e 10 41 1
e 10 42 1
e 13 15 1
e 13 43 1
e 13 44 1
e 14 18 2
e 14 19 1
e 15 21 1
e 15 46 1
e 15 47 1
e 16 22 2
e 16 24 1
e 17 23 2
e 17 25 1
e 18 26 1
e 18 48 1
e 19 27 2
e 19 49 1
e 20 28 1
e 21 50 1
e 21 51 1
e 21 52 1
e 22 29 1
e 22 53 1
e 23 30 1
e 23 54 1
e 24 31 2
e 24 55 1
e 25 32 2
e 25 56 1
e 26 57 1
e 27 58 1
e 28 35 1
e 28 36 2
e 29 33 2
e 29 59 1
e 30 34 2
e 30 60 1
e 31 33 1
e 31 61 1
e 32 34 1
e 32 62 1
e 33 63 1
e 34 64 1
e 35 37 2
e 36 38 1
e 36 65 1
e 37 39 1
e 37 66 1
e 38 39 2
e 38 67 1
e 39 68 1
t # 27272
v 0 12
v 1 12
v 2 12
v 3 1
v 4 1
v 5 1
v 6 1
v 7 1
v 8 2
v 9 3
v 10 3
v 11 3
v 12 3
v 13 3
v 14 3
v 15 3
v 16 3
v 17 3
v 18 3
v 19 3
v 20 3
v 21 3
v 22 3
v 23 3
v 24 3
v 25 3
v 26 3
v 27 3
v 28 3
v 29 3
v 30 3
v 31 3
v 32 4
v 33 4
v 34 4
v 35 4
v 36 4
v 37 4
v 38 4
v 39 4
v 40 4
v 41 4
v 42 4
v 43 4
v 44 4
v 45 4
v 46 4
v 47 4
v 48 4
v 49 4
v 50 4
v 51 4
v 52 4
v 53 4
v 54 4
v 55 4
e 0 28 1
e 1 28 1
e 2 28 1
e 3 19 1
e 3 27 1
e 4 22 1
e 4 26 1
e 5 21 1
e 5 31 1
e 6 22 2
e 7 25 2
e 8 9 1
e 8 15 1
e 8 22 1
e 9 11 1
e 9 12 1
e 9 32 1
e 10 11 1
e 10 13 1
e 10 17 1
e 10 18 1
e 11 33 1
e 11 34 1
e 12 13 2
e 12 14 1
e 13 19 1
e 14 16 1
e 14 20 2
e 15 16 1
e 15 35 1
e 15 36 1
e 16 37 1
e 16 38 1
e 17 23 2
e 17 39 1
e 18 24 2
e 18 40 1
e 19 21 2
e 20 21 1
e 20 41 1
e 23 25 1
e 23 42 1
e 24 25 1
e 24 43 1
e 26 28 1
e 26 29 1
e 26 30 1
e 27 44 1
e 27 45 1
e 27 46 1
e 29 47 1
e 29 48 1
e 29 49 1
e 30 50 1
e 30 51 1
e 30 52 1
e 31 53 1
e 31 54 1
e 31 55 1
t # 27273
v 0 1
v 1 1
v 2 1
v 3 1
v 4 1
v 5 1
v 6 3
v 7 3
v 8 3
v 9 3
v 10 3
v 11 3
v 12 3
v 13 3
v 14 3
v 15 3
v 16 3
v 17 3
v 18 3
v 19 3
v 20 3
v 21 3
v 22 3
v 23 3
v 24 3
v 25 3
v 26 3
v 27 3
v 28 3
v 29 3
v 30 3
v 31 4
v 32 4
v 33 4
v 34 4
v 35 4
v 36 4
v 37 4
v 38 4
v 39 4
v 40 4
v 41 4
v 42 4
v 43 4
v 44 4
v 45 4
v 46 4
v 47 4
v 48 4
v 49 4
v 50 4
v 51 4
v 52 4
v 53 4
v 54 4
e 0 6 1
e 0 11 1
e 1 10 1
e 1 28 1
e 2 12 1
e 2 29 1
e 3 21 1
e 3 30 1
e 4 17 1
e 4 45 1
e 5 18 2
e 6 9 1
e 6 10 2
e 7 9 2
e 7 13 1
e 7 15 1
e 8 12 1
e 8 17 2
e 8 18 1
e 9 31 1
e 10 16 1
e 11 14 1
e 11 32 1
e 11 33 1
e 12 20 2
e 13 16 2
e 13 34 1
e 14 23 2
e 14 24 1
e 15 19 2
e 15 35 1
e 16 36 1
e 17 22 1
e 18 19 1
e 19 37 1
e 20 21 1
e 20 38 1
e 21 22 2
e 22 39 1
e 23 25 1
e 23 40 1
e 24 26 2
e 24 41 1
e 25 27 2
e 25 42 1
e 26 27 1
e 26 43 1
e 27 44 1
e 28 46 1
e 28 47 1
e 28 48 1
e 29 49 1
e 29 50 1
e 29 51 1
e 30 52 1
e 30 53 1
e 30 54 1
t # 27274
v 0 1
v 1 1
v 2 3
v 3 3
v 4 3
v 5 3
v 6 3
v 7 3
v 8 3
v 9 3
v 10 3
v 11 3
v 12 3
v 13 3
v 14 3
v 15 3
v 16 3
v 17 3
v 18 4
v 19 4
v 20 4
v 21 4
v 22 4
v 23 4
v 24 4
v 25 4
v 26 4
v 27 4
v 28 4
v 29 4
v 30 4
v 31 4
v 32 4
v 33 4
v 34 4
v 35 4
v 36 4
v 37 4
v 38 4
v 39 4
e 0 6 1
e 0 36 1
e 1 16 2
e 2 4 1
e 2 5 1
e 2 6 1
e 2 12 1
e 3 4 1
e 3 7 1
e 3 9 1
e 3 13 1
e 4 11 2
e 5 8 1
e 5 18 1
e 5 19 1
e 6 10 1
e 6 20 1
e 7 8 1
e 7 14 2
e 8 21 1
e 8 22 1
e 9 15 1
e 9 23 1
e 9 24 1
e 10 11 1
e 10 25 1
e 10 26 1
e 11 27 1
e 12 28 1
e 12 29 1
e 12 30 1
e 13 31 1
e 13 32 1
e 13 33 1
e 14 16 1
e 14 17 1
e 15 16 1
e 15 34 1
e 15 35 1
e 17 37 1
e 17 38 1
e 17 39 1
t # 27275
v 0 1
v 1 1
v 2 1
v 3 3
v 4 3
v 5 3
v 6 3
v 7 3
v 8 3
v 9 3
v 10 3
v 11 3
v 12 3
v 13 4
v 14 4
v 15 4
v 16 4
v 17 4
v 18 4
v 19 4
v 20 4
v 21 4
v 22 4
v 23 4
v 24 4
e 0 7 2
e 1 11 1
e 1 24 1
e 2 12 2
e 3 4 1
e 3 5 1
e 3 7 1
e 3 10 1
e 4 6 1
e 4 11 2
e 5 9 1
e 5 13 1
e 5 14 1
e 6 8 1
e 6 15 1
e 6 16 1
e 7 8 1
e 8 17 1
e 8 18 1
e 9 12 1
e 9 19 1
e 9 20 1
e 10 21 1
e 10 22 1
e 10 23 1
e 11 12 1
t # 27276
v 0 1
v 1 1
v 2 1
v 3 1
v 4 3
v 5 3
v 6 3
v 7 3
v 8 3
v 9 3
v 10 3
v 11 3
v 12 3
v 13 3
v 14 3
v 15 3
v 16 3
v 17 3
v 18 3
v 19 3
v 20 3
v 21 3
v 22 3
v 23 4
v 24 4
v 25 4
v 26 4
v 27 4
v 28 4
v 29 4
v 30 4
v 31 4
v 32 4
v 33 4
v 34 4
v 35 4
v 36 4
v 37 4
v 38 4
v 39 4
v 40 4
v 41 4
v 42 4
v 43 4
v 44 4
e 0 12 1
e 0 18 1
e 1 16 2
e 2 18 2
e 3 22 2
e 4 5 1
e 4 6 1
e 4 10 1
e 4 23 1
e 5 7 1
e 5 9 1
e 5 24 1
e 6 8 1
e 6 14 1
e 6 25 1
e 7 13 1
e 7 15 1
e 7 18 1
e 8 11 1
e 8 16 1
e 8 19 1
e 9 11 1
e 9 26 1
e 9 27 1
e 10 12 1
e 10 28 1
e 10 29 1
e 11 30 1
e 11 31 1
e 12 13 1
e 12 32 1
e 13 21 2
e 14 17 1
e 14 33 1
e 14 34 1
e 15 20 1
e 15 35 1
e 15 36 1
e 16 17 1
e 17 37 1
e 17 38 1
e 19 39 1
e 19 40 1
e 19 41 1
e 20 22 1
e 20 42 1
e 20 43 1
e 21 22 1
e 21 44 1
t # 27277
v 0 1
v 1 1
v 2 1
v 3 1
v 4 3
v 5 3
v 6 3
v 7 3
v 8 3
v 9 3
v 10 3
v 11 3
v 12 3
v 13 3
v 14 3
v 15 3
v 16 3
v 17 3
v 18 4
v 19 4
v 20 4
v 21 4
v 22 4
v 23 4
v 24 4
v 25 4
v 26 4
v 27 4
v 28 4
v 29 4
v 30 4
v 31 4
v 32 4
v 33 4
v 34 4
v 35 4
v 36 4
v 37 4
e 0 5 1
e 0 15 1
e 1 5 1
e 1 16 1
e 2 12 1
e 2 37 1
e 3 17 2
e 4 5 1
e 4 6 1
e 4 9 1
e 4 11 1
e 5 7 1
e 6 8 1
e 6 13 2
e 7 10 1
e 7 18 1
e 7 19 1
e 8 10 1
e 8 14 1
e 8 20 1
e 9 12 1
e 9 21 1
e 9 22 1
e 10 23 1
e 10 24 1
e 11 25 1
e 11 26 1
e 11 27 1
e 12 17 1
e 12 28 1
e 13 17 1
e 13 29 1
e 14 30 1
e 14 31 1
e 14 32 1
e 15 16 1
e 15 33 1
e 15 34 1
e 16 35 1
e 16 36 1
t # 27278
v 0 1
v 1 1
v 2 2
v 3 2
v 4 3
v 5 3
v 6 3
v 7 3
v 8 3
v 9 3
v 10 3
v 11 3
v 12 3
v 13 3
v 14 3
v 15 3
v 16 3
v 17 3
v 18 3
v 19 4
v 20 4
v 21 4
v 22 4
v 23 4
v 24 4
v 25 4
v 26 4
v 27 4
v 28 4
v 29 4
v 30 4
v 31 4
v 32 4
v 33 4
v 34 4
v 35 4
v 36 4
v 37 4
v 38 4
v 39 4
v 40 4
v 41 4
v 42 4
v 43 4
v 44 4
e 0 14 2
e 1 15 1
e 2 14 1
e 2 34 1
e 3 16 1
e 3 17 1
e 3 18 1
e 4 8 1
e 4 9 1
e 4 10 1
e 4 14 1
e 5 8 1
e 5 11 1
e 5 12 1
e 5 19 1
e 6 9 1
e 6 11 1
e 6 13 1
e 6 20 1
e 7 10 1
e 7 12 1
e 7 13 1
e 7 21 1
e 8 22 1
e 8 23 1
e 9 24 1
e 9 25 1
e 10 26 1
e 10 27 1
e 11 28 1
e 11 29 1
e 12 30 1
e 12 31 1
e 13 32 1
e 13 33 1
e 15 16 1
e 15 35 1
e 15 36 1
e 16 37 1
e 16 38 1
e 17 39 1
e 17 40 1
e 17 41 1
e 18 42 1
e 18 43 1
e 18 44 1
t # 27279
v 0 11
v 1 1
v 2 1
v 3 1
v 4 2
v 5 3
v 6 3
v 7 3
v 8 3
v 9 3
v 10 3
v 11 3
v 12 3
v 13 3
v 14 3
v 15 3
v 16 3
v 17 3
v 18 3
v 19 3
v 20 3
v 21 3
v 22 3
v 23 3
v 24 3
v 25 3
v 26 3
v 27 4
v 28 4
v 29 4
v 30 4
v 31 4
v 32 4
v 33 4
v 34 4
v 35 4
v 36 4
v 37 4
v 38 4
v 39 4
v 40 4
v 41 4
v 42 4
v 43 4
e 0 2 2
e 0 3 2
e 0 10 1
e 1 6 1
e 4 7 1
e 4 8 2
e 5 6 1
e 5 7 1
e 5 12 2
e 6 9 2
e 7 13 2
e 8 9 1
e 8 11 1
e 9 27 1
e 10 14 2
e 10 15 1
e 11 21 2
e 11 22 1
e 12 16 1
e 12 28 1
e 13 18 1
e 13 29 1
e 14 19 1
e 14 30 1
e 15 20 2
e 15 31 1
e 16 18 2
e 16 32 1
e 17 19 2
e 17 20 1
e 17 23 1
e 18 33 1
e 19 34 1
e 20 35 1
e 21 24 1
e 21 36 1
e 22 25 2
e 22 37 1
e 23 38 1
e 23 39 1
e 23 40 1
e 24 26 2
e 24 41 1
e 25 26 1
e 25 42 1
e 26 43 1
t # 27280
v 0 1
v 1 1
v 2 1
v 3 1
v 4 2
v 5 2
v 6 3
v 7 3
v 8 3
v 9 3
v 10 3
v 11 3
v 12 3
v 13 3
v 14 3
v 15 3
v 16 3
v 17 3
v 18 3
v 19 3
v 20 3
v 21 3
v 22 3
v 23 3
v 24 3
v 25 3
v 26 3
v 27 3
v 28 3
v 29 3
v 30 3
v 31 3
v 32 4
v 33 4
v 34 4
v 35 4
v 36 4
v 37 4
v 38 4
v 39 4
v 40 4
v 41 4
v 42 4
v 43 4
v 44 4
v 45 4
v 46 4
v 47 4
v 48 4
v 49 4
v 50 4
v 51 4
v 52 4
v 53 4
e 0 8 1
e 0 40 1
e 1 16 2
e 2 20 1
e 2 29 1
e 3 23 1
e 3 30 1
e 4 6 1
e 4 8 1
e 4 16 1
e 6 9 1
e 6 10 1
e 6 18 1
e 7 8 1
e 7 11 1
e 7 12 1
e 7 32 1
e 8 33 1
e 9 13 1
e 9 34 1
e 9 35 1
e 10 11 1
e 10 14 2
e 11 15 2
e 12 13 1
e 12 17 2
e 13 19 2
e 14 21 1
e 14 36 1
e 15 22 1
e 15 37 1
e 16 24 1
e 17 20 1
e 17 38 1
e 19 23 1
e 19 39 1
e 20 23 2
e 21 22 2
e 21 41 1
e 22 42 1
e 24 25 2
e 24 26 1
e 25 27 1
e 25 43 1
e 26 28 2
e 26 44 1
e 27 31 2
e 27 45 1
e 28 31 1
e 28 46 1
e 29 47 1
e 29 48 1
e 29 49 1
e 30 50 1
e 30 51 1
e 30 52 1
e 31 53 1
t # 27281
v 0 1
v 1 1
v 2 1
v 3 1
v 4 1
v 5 2
v 6 2
v 7 3
v 8 3
v 9 3
v 10 3
v 11 3
v 12 3
v 13 3
v 14 3
v 15 3
v 16 3
v 17 3
v 18 3
v 19 3
v 20 3
v 21 3
v 22 3
v 23 3
v 24 3
v 25 3
v 26 3
v 27 3
v 28 3
v 29 3
v 30 3
v 31 3
v 32 3
v 33 4
v 34 4
v 35 4
v 36 4
v 37 4
v 38 4
v 39 4
v 40 4
v 41 4
v 42 4
v 43 4
v 44 4
v 45 4
v 46 4
v 47 4
v 48 4
v 49 4
v 50 4
v 51 4
v 52 4
e 0 10 1
e 0 21 1
e 1 14 1
e 1 25 1
e 2 15 1
e 2 26 1
e 3 16 2
e 4 21 2
e 5 7 1
e 5 11 1
e 5 16 1
e 7 8 1
e 7 17 1
e 7 33 1
e 8 9 1
e 8 12 2
e 9 10 1
e 9 13 2
e 10 11 2
e 11 34 1
e 12 14 1
e 12 35 1
e 13 15 1
e 13 36 1
e 14 15 2
e 16 18 1
e 18 19 2
e 18 20 1
e 19 23 1
e 19 37 1
e 20 24 2
e 20 38 1
e 21 22 1
e 22 28 2
e 22 29 1
e 23 27 2
e 23 39 1
e 24 27 1
e 24 40 1
e 25 41 1
e 25 42 1
e 25 43 1
e 26 44 1
e 26 45 1
e 26 46 1
e 27 47 1
e 28 30 1
e 28 48 1
e 29 31 2
e 29 49 1
e 30 32 2
e 30 50 1
e 31 32 1
e 31 51 1
e 32 52 1
t # 27282
v 0 1
v 1 1
v 2 1
v 3 1
v 4 3
v 5 3
v 6 3
v 7 3
v 8 3
v 9 3
v 10 3
v 11 3
v 12 3
v 13 3
v 14 3
v 15 3
v 16 3
v 17 3
v 18 3
v 19 3
v 20 3
v 21 3
v 22 3
v 23 3
v 24 3
v 25 3
v 26 3
v 27 3
v 28 3
v 29 3
v 30 4
v 31 4
v 32 4
v 33 4
v 34 4
v 35 4
v 36 4
v 37 4
v 38 4
v 39 4
v 40 4
v 41 4
v 42 4
v 43 4
v 44 4
v 45 4
v 46 4
v 47 4
v 48 4
v 49 4
v 50 4
v 51 4
e 0 4 1
e 0 5 1
e 1 6 1
e 1 22 1
e 2 12 2
e 3 22 2
e 4 6 1
e 4 8 1
e 4 10 1
e 5 7 1
e 5 9 1
e 5 11 1
e 6 7 1
e 6 12 1
e 7 30 1
e 7 31 1
e 8 9 1
e 8 13 2
e 9 14 2
e 10 15 2
e 10 16 1
e 11 17 2
e 11 18 1
e 12 19 1
e 13 20 1
e 13 32 1
e 14 21 1
e 14 33 1
e 15 23 1
e 15 34 1
e 16 24 2
e 16 35 1
e 17 25 1
e 17 36 1
e 18 26 2
e 18 37 1
e 19 38 1
e 19 39 1
e 19 40 1
e 20 21 2
e 20 41 1
e 21 42 1
e 22 29 1
e 23 27 2
e 23 43 1
e 24 27 1
e 24 44 1
e 25 28 2
e 25 45 1
e 26 28 1
e 26 46 1
e 27 47 1
e 28 48 1
e 29 49 1
e 29 50 1
e 29 51 1
t # 27283
v 0 12
v 1 12
v 2 1
v 3 2
v 4 2
v 5 2
v 6 3
v 7 3
v 8 3
v 9 3
v 10 3
v 11 3
v 12 3
v 13 3
v 14 3
v 15 3
v 16 3
v 17 3
v 18 3
v 19 3
v 20 3
v 21 3
v 22 3
v 23 3
v 24 3
v 25 4
v 26 4
v 27 4
v 28 4
v 29 4
v 30 4
v 31 4
v 32 4
v 33 4
v 34 4
v 35 4
v 36 4
v 37 4
v 38 4
v 39 4
v 40 4
v 41 4
v 42 4
v 43 4
v 44 4
v 45 4
v 46 4
v 47 4
e 0 20 1
e 2 19 1
e 2 24 1
e 3 6 1
e 3 7 1
e 3 29 1
e 4 8 1
e 4 13 1
e 4 16 1
e 5 11 2
e 5 12 1
e 6 9 2
e 6 10 1
e 7 8 1
e 7 25 1
e 7 26 1
e 8 27 1
e 8 28 1
e 9 11 1
e 9 14 1
e 10 12 1
e 10 15 2
e 11 17 1
e 12 18 2
e 13 20 1
e 13 30 1
e 13 31 1
e 14 19 2
e 14 32 1
e 15 22 1
e 15 33 1
e 16 34 1
e 16 35 1
e 16 36 1
e 17 21 2
e 17 37 1
e 18 23 1
e 18 38 1
e 19 21 1
e 20 39 1
e 20 40 1
e 21 41 1
e 22 23 2
e 22 42 1
e 23 43 1
e 24 44 1
e 24 45 1
e 24 46 1
t # 27284
v 0 14
v 1 1
v 2 1
v 3 1
v 4 1
v 5 1
v 6 1
v 7 1
v 8 1
v 9 1
v 10 1
v 11 1
v 12 1
v 13 1
v 14 1
v 15 1
v 16 1
v 17 1
v 18 1
v 19 1
v 20 1
v 21 1
v 22 1
v 23 1
v 24 1
v 25 1
v 26 1
v 27 1
v 28 1
v 29 1
v 30 1
v 31 1
v 32 1
v 33 1
v 34 1
v 35 1
v 36 1
v 37 2
v 38 2
v 39 2
v 40 2
v 41 2
v 42 2
v 43 3
v 44 3
v 45 3
v 46 3
v 47 3
v 48 3
v 49 3
v 50 3
v 51 3
v 52 3
v 53 3
v 54 3
v 55 3
v 56 3
v 57 3
v 58 3
v 59 3
v 60 3
v 61 3
v 62 3
v 63 3
v 64 3
v 65 3
v 66 3
v 67 3
v 68 3
v 69 3
v 70 3
v 71 3
v 72 3
v 73 3
v 74 3
v 75 3
v 76 3
v 77 3
v 78 3
v 79 3
v 80 3
v 81 3
v 82 3
v 83 3
v 84 3
v 85 3
v 86 3
v 87 3
v 88 3
v 89 3
v 90 3
v 91 3
v 92 3
v 93 3
v 94 3
v 95 3
v 96 3
v 97 3
v 98 3
v 99 3
v 100 3
v 101 3
v 102 3
v 103 3
v 104 3
v 105 3
v 106 3
v 107 3
v 108 3
v 109 3
v 110 3
v 111 3
v 112 3
v 113 4
v 114 4
v 115 4
v 116 4
v 117 4
v 118 4
v 119 4
v 120 4
v 121 4
v 122 4
v 123 4
v 124 4
v 125 4
v 126 4
v 127 4
v 128 4
v 129 4
v 130 4
v 131 4
v 132 4
v 133 4
v 134 4
v 135 4
v 136 4
v 137 4
v 138 4
v 139 4
v 140 4
v 141 4
v 142 4
v 143 4
v 144 4
v 145 4
v 146 4
v 147 4
v 148 4
v 149 4
v 150 4
v 151 4
v 152 4
v 153 4
v 154 4
v 155 4
v 156 4
v 157 4
v 158 4
v 159 4
v 160 4
v 161 4
v 162 4
v 163 4
v 164 4
v 165 4
v 166 4
v 167 4
v 168 4
v 169 4
v 170 4
v 171 4
v 172 4
v 173 4
v 174 4
v 175 4
v 176 4
v 177 4
v 178 4
v 179 4
v 180 4
v 181 4
v 182 4
v 183 4
v 184 4
v 185 4
v 186 4
v 187 4
v 188 4
v 189 4
v 190 4
v 191 4
v 192 4
v 193 4
v 194 4
v 195 4
v 196 4
v 197 4
v 198 4
v 199 4
v 200 4
v 201 4
v 202 4
v 203 4
v 204 4
v 205 4
v 206 4
v 207 4
v 208 4
v 209 4
v 210 4
v 211 4
v 212 4
v 213 4
v 214 4
v 215 4
v 216 4
v 217 4
v 218 4
v 219 4
v 220 4
v 221 4
v 222 4
v 223 4
v 224 4
v 225 4
v 226 4
v 227 4
v 228 4
v 229 4
v 230 4
v 231 4
v 232 4
v 233 4
v 234 4
v 235 4
v 236 4
v 237 4
v 238 4
v 239 4
v 240 4
v 241 4
v 242 4
v 243 4
e 1 46 1
e 1 47 1
e 2 46 1
e 2 48 1
e 3 43 1
e 3 123 1
e 4 44 1
e 4 124 1
e 5 45 1
e 5 125 1
e 6 49 1
e 6 129 1
e 7 50 1
e 7 130 1
e 8 51 1
e 8 131 1
e 9 52 1
e 9 132 1
e 10 53 1
e 10 134 1
e 11 54 2
e 12 57 1
e 12 58 1
e 13 59 1
e 13 60 1
e 14 61 1
e 14 64 1
e 15 69 1
e 15 72 1
e 16 70 2
e 17 71 2
e 18 76 1
e 18 81 1
e 19 75 1
e 19 82 1
e 20 77 2
e 21 83 1
e 21 85 1
e 22 80 2
e 23 84 1
e 23 87 1
e 24 86 1
e 24 88 1
e 25 89 1
e 25 92 1
e 26 90 1
e 26 91 1
e 27 93 1
e 27 95 1
e 28 94 1
e 28 97 1
e 29 96 1
e 29 99 1
e 30 98 1
e 30 101 1
e 31 100 1
e 31 102 1
e 32 103 1
e 32 105 1
e 33 104 1
e 33 107 1
e 34 106 1
e 34 109 1
e 35 108 1
e 35 111 1
e 36 110 1
e 36 112 1
e 37 54 1
e 37 55 1
e 37 133 1
e 38 67 1
e 38 70 1
e 38 165 1
e 39 68 1
e 39 71 1
e 39 166 1
e 40 70 1
e 40 73 1
e 40 169 1
e 41 71 1
e 41 77 1
e 41 78 1
e 42 77 1
e 42 80 1
e 42 179 1
e 43 44 1
e 43 45 1
e 43 113 1
e 44 46 1
e 44 114 1
e 45 47 1
e 45 115 1
e 46 116 1
e 47 49 1
e 47 117 1
e 48 50 1
e 48 51 1
e 48 118 1
e 49 119 1
e 49 120 1
e 50 52 1
e 50 121 1
e 51 53 1
e 51 122 1
e 52 54 1
e 52 126 1
e 53 127 1
e 53 128 1
e 55 56 1
e 55 135 1
e 55 136 1
e 56 57 1
e 56 137 1
e 56 138 1
e 57 139 1
e 57 140 1
e 58 59 1
e 58 141 1
e 58 142 1
e 59 143 1
e 59 144 1
e 60 61 1
e 60 145 1
e 60 146 1
e 61 147 1
e 61 148 1
e 62 63 1
e 62 65 1
e 62 149 1
e 62 150 1
e 63 66 1
e 63 151 1
e 63 152 1
e 64 69 1
e 64 153 1
e 64 154 1
e 65 67 1
e 65 155 1
e 65 156 1
e 66 68 1
e 66 157 1
e 66 158 1
e 67 159 1
e 67 160 1
e 68 161 1
e 68 162 1
e 69 163 1
e 69 164 1
e 72 75 1
e 72 167 1
e 72 168 1
e 73 74 1
e 73 170 1
e 73 171 1
e 74 76 1
e 74 172 1
e 74 173 1
e 75 174 1
e 75 175 1
e 76 176 1
e 76 177 1
e 78 79 2
e 78 178 1
e 79 80 1
e 81 83 1
e 81 180 1
e 81 181 1
e 82 84 1
e 82 184 1
e 82 185 1
e 83 182 1
e 83 183 1
e 84 186 1
e 84 187 1
e 85 86 1
e 85 188 1
e 85 189 1
e 86 190 1
e 86 191 1
e 87 89 1
e 87 192 1
e 87 193 1
e 88 90 1
e 88 194 1
e 88 195 1
e 89 196 1
e 89 197 1
e 90 198 1
e 90 199 1
e 91 93 1
e 91 200 1
e 91 201 1
e 92 94 1
e 92 202 1
e 92 203 1
e 93 204 1
e 93 205 1
e 94 206 1
e 94 207 1
e 95 96 1
e 95 208 1
e 95 209 1
e 96 210 1
e 96 211 1
e 97 98 1
e 97 212 1
e 97 213 1
e 98 216 1
e 98 217 1
e 99 100 1
e 99 214 1
e 99 215 1
e 100 218 1
e 100 219 1
e 101 104 1
e 101 220 1
e 101 221 1
e 102 103 1
e 102 222 1
e 102 223 1
e 103 224 1
e 103 225 1
e 104 226 1
e 104 227 1
e 105 106 1
e 105 228 1
e 105 229 1
e 106 230 1
e 106 231 1
e 107 108 1
e 107 232 1
e 107 233 1
e 108 234 1
e 108 235 1
e 109 110 1
e 109 236 1
e 109 237 1
e 110 238 1
e 110 239 1
e 111 112 1
e 111 240 1
e 111 241 1
e 112 242 1
e 112 243 1
t # 27285
v 0 14
v 1 1
v 2 1
v 3 1
v 4 1
v 5 1
v 6 1
v 7 1
v 8 1
v 9 1
v 10 1
v 11 1
v 12 1
v 13 1
v 14 1
v 15 1
v 16 1
v 17 1
v 18 1
v 19 1
v 20 1
v 21 1
v 22 1
v 23 1
v 24 1
v 25 1
v 26 1
v 27 1
v 28 1
v 29 1
v 30 1
v 31 1
v 32 2
v 33 2
v 34 2
v 35 2
v 36 2
v 37 2
v 38 3
v 39 3
v 40 3
v 41 3
v 42 3
v 43 3
v 44 3
v 45 3
v 46 3
v 47 3
v 48 3
v 49 3
v 50 3
v 51 3
v 52 3
v 53 3
v 54 3
v 55 3
v 56 3
v 57 3
v 58 3
v 59 3
v 60 3
v 61 3
v 62 3
v 63 3
v 64 3
v 65 3
v 66 3
v 67 3
v 68 3
v 69 3
v 70 3
v 71 3
v 72 3
v 73 3
v 74 3
v 75 3
v 76 3
v 77 3
v 78 3
v 79 3
v 80 3
v 81 3
v 82 3
v 83 3
v 84 3
v 85 3
v 86 3
v 87 3
v 88 3
v 89 3
v 90 3
v 91 3
v 92 3
v 93 3
v 94 3
v 95 3
v 96 3
v 97 3
v 98 3
v 99 3
v 100 3
v 101 3
v 102 4
v 103 4
v 104 4
v 105 4
v 106 4
v 107 4
v 108 4
v 109 4
v 110 4
v 111 4
v 112 4
v 113 4
v 114 4
v 115 4
v 116 4
v 117 4
v 118 4
v 119 4
v 120 4
v 121 4
v 122 4
v 123 4
v 124 4
v 125 4
v 126 4
v 127 4
v 128 4
v 129 4
v 130 4
v 131 4
v 132 4
v 133 4
v 134 4
v 135 4
v 136 4
v 137 4
v 138 4
v 139 4
v 140 4
v 141 4
v 142 4
v 143 4
v 144 4
v 145 4
v 146 4
v 147 4
v 148 4
v 149 4
v 150 4
v 151 4
v 152 4
v 153 4
v 154 4
v 155 4
v 156 4
v 157 4
v 158 4
v 159 4
v 160 4
v 161 4
v 162 4
v 163 4
v 164 4
v 165 4
v 166 4
v 167 4
v 168 4
v 169 4
v 170 4
v 171 4
v 172 4
v 173 4
v 174 4
v 175 4
v 176 4
v 177 4
v 178 4
v 179 4
v 180 4
v 181 4
v 182 4
v 183 4
v 184 4
v 185 4
v 186 4
v 187 4
v 188 4
v 189 4
v 190 4
v 191 4
v 192 4
v 193 4
v 194 4
v 195 4
v 196 4
v 197 4
v 198 4
v 199 4
v 200 4
v 201 4
v 202 4
v 203 4
v 204 4
v 205 4
v 206 4
v 207 4
v 208 4
v 209 4
v 210 4
v 211 4
v 212 4
v 213 4
v 214 4
v 215 4
v 216 4
v 217 4
v 218 4
v 219 4
v 220 4
v 221 4
v 222 4
e 1 38 1
e 1 112 1
e 2 39 1
e 2 113 1
e 3 40 1
e 3 121 1
e 4 41 1
e 4 122 1
e 5 42 1
e 5 129 1
e 6 43 2
e 7 52 1
e 7 55 1
e 8 53 2
e 9 54 2
e 10 58 1
e 10 63 1
e 11 59 1
e 11 65 1
e 12 60 2
e 13 66 1
e 13 68 1
e 14 67 1
e 14 69 1
e 15 64 2
e 16 70 1
e 16 72 1
e 17 71 1
e 17 73 1
e 18 74 1
e 18 77 1
e 19 75 1
e 19 76 1
e 20 78 1
e 20 80 1
e 21 79 1
e 21 81 1
e 22 82 1
e 22 84 1
e 23 83 1
e 23 85 1
e 24 86 1
e 24 88 1
e 25 87 1
e 25 89 1
e 26 90 1
e 26 92 1
e 27 91 1
e 27 94 1
e 28 93 1
e 28 96 1
e 29 95 1
e 29 98 1
e 30 97 1
e 30 100 1
e 31 99 1
e 31 101 1
e 32 43 1
e 32 48 1
e 32 118 1
e 33 49 1
e 33 53 1
e 33 132 1
e 34 51 1
e 34 54 1
e 34 133 1
e 35 53 1
e 35 56 1
e 35 136 1
e 36 54 1
e 36 60 1
e 36 61 1
e 37 60 1
e 37 64 1
e 37 146 1
e 38 39 1
e 38 40 1
e 38 102 1
e 39 41 1
e 39 103 1
e 40 42 1
e 40 104 1
e 41 43 1
e 41 105 1
e 42 106 1
e 42 107 1
e 44 45 1
e 44 46 1
e 44 108 1
e 44 109 1
e 45 47 1
e 45 110 1
e 45 111 1
e 46 49 1
e 46 114 1
e 46 115 1
e 47 51 1
e 47 116 1
e 47 117 1
e 48 50 1
e 48 119 1
e 48 120 1
e 49 123 1
e 49 124 1
e 50 52 1
e 50 125 1
e 50 126 1
e 51 127 1
e 51 128 1
e 52 130 1
e 52 131 1
e 55 58 1
e 55 134 1
e 55 135 1
e 56 57 1
e 56 137 1
e 56 138 1
e 57 59 1
e 57 139 1
e 57 140 1
e 58 141 1
e 58 142 1
e 59 143 1
e 59 144 1
e 61 62 2
e 61 145 1
e 62 64 1
e 63 66 1
e 63 147 1
e 63 148 1
e 65 67 1
e 65 149 1
e 65 150 1
e 66 151 1
e 66 152 1
e 67 153 1
e 67 154 1
e 68 70 1
e 68 155 1
e 68 156 1
e 69 71 1
e 69 157 1
e 69 158 1
e 70 159 1
e 70 160 1
e 71 161 1
e 71 162 1
e 72 74 1
e 72 163 1
e 72 164 1
e 73 75 1
e 73 165 1
e 73 166 1
e 74 167 1
e 74 168 1
e 75 169 1
e 75 170 1
e 76 78 1
e 76 171 1
e 76 172 1
e 77 79 1
e 77 173 1
e 77 174 1
e 78 175 1
e 78 176 1
e 79 177 1
e 79 178 1
e 80 82 1
e 80 179 1
e 80 180 1
e 81 83 1
e 81 181 1
e 81 182 1
e 82 183 1
e 82 184 1
e 83 185 1
e 83 186 1
e 84 86 1
e 84 187 1
e 84 188 1
e 85 87 1
e 85 189 1
e 85 190 1
e 86 191 1
e 86 192 1
e 87 193 1
e 87 194 1
e 88 90 1
e 88 195 1
e 88 196 1
e 89 91 1
e 89 197 1
e 89 198 1
e 90 199 1
e 90 200 1
e 91 201 1
e 91 202 1
e 92 93 1
e 92 203 1
e 92 204 1
e 93 205 1
e 93 206 1
e 94 95 1
e 94 207 1
e 94 208 1
e 95 209 1
e 95 210 1
e 96 97 1
e 96 211 1
e 96 212 1
e 97 213 1
e 97 214 1
e 98 99 1
e 98 215 1
e 98 216 1
e 99 217 1
e 99 218 1
e 100 101 1
e 100 219 1
e 100 220 1
e 101 221 1
e 101 222 1
t # 27286
v 0 1
v 1 1
v 2 1
v 3 1
v 4 1
v 5 1
v 6 1
v 7 1
v 8 1
v 9 1
v 10 1
v 11 1
v 12 1
v 13 3
v 14 3
v 15 3
v 16 3
v 17 3
v 18 3
v 19 3
v 20 3
v 21 3
v 22 3
v 23 3
v 24 3
v 25 3
v 26 3
v 27 3
v 28 3
v 29 3
v 30 3
v 31 3
v 32 3
v 33 3
v 34 3
v 35 3
v 36 3
v 37 3
v 38 3
v 39 3
v 40 3
v 41 3
v 42 3
v 43 3
v 44 3
v 45 3
v 46 3
v 47 3
v 48 3
v 49 4
v 50 4
v 51 4
v 52 4
v 53 4
v 54 4
v 55 4
v 56 4
v 57 4
v 58 4
v 59 4
v 60 4
v 61 4
v 62 4
v 63 4
v 64 4
v 65 4
v 66 4
v 67 4
v 68 4
v 69 4
v 70 4
v 71 4
v 72 4
v 73 4
v 74 4
v 75 4
v 76 4
v 77 4
v 78 4
v 79 4
v 80 4
e 0 13 1
e 0 18 1
e 1 14 1
e 1 57 1
e 2 15 1
e 2 59 1
e 3 16 1
e 3 61 1
e 4 17 1
e 4 62 1
e 5 23 1
e 5 64 1
e 6 27 1
e 6 65 1
e 7 28 1
e 7 70 1
e 8 24 2
e 9 31 1
e 9 72 1
e 10 38 2
e 11 42 1
e 11 79 1
e 12 43 1
e 12 80 1
e 13 14 1
e 13 15 1
e 13 49 1
e 14 19 1
e 14 20 1
e 15 16 1
e 15 50 1
e 16 17 1
e 16 51 1
e 17 18 1
e 17 52 1
e 18 23 1
e 18 53 1
e 19 21 2
e 19 25 1
e 20 22 2
e 20 29 1
e 21 24 1
e 21 28 1
e 22 24 1
e 22 31 1
e 23 54 1
e 23 55 1
e 25 30 2
e 25 56 1
e 26 27 1
e 26 28 2
e 26 30 1
e 27 33 1
e 27 34 1
e 29 32 2
e 29 58 1
e 30 60 1
e 31 35 2
e 32 35 1
e 32 39 1
e 33 36 2
e 33 40 1
e 34 37 2
e 34 41 1
e 35 63 1
e 36 38 1
e 36 42 1
e 37 38 1
e 37 43 1
e 39 67 1
e 39 68 1
e 39 69 1
e 40 44 2
e 40 66 1
e 41 46 2
e 41 71 1
e 42 45 2
e 43 47 2
e 44 45 1
e 44 48 1
e 45 73 1
e 46 47 1
e 46 74 1
e 47 75 1
e 48 76 1
e 48 77 1
e 48 78 1
t # 27287
v 0 27
v 1 2
v 2 2
v 3 3
v 4 3
v 5 3
v 6 3
v 7 3
v 8 3
v 9 3
v 10 3
v 11 3
v 12 3
v 13 3
v 14 3
v 15 3
v 16 3
v 17 3
v 18 3
v 19 3
v 20 4
v 21 4
v 22 4
v 23 4
v 24 4
v 25 4
v 26 4
v 27 4
v 28 4
v 29 4
v 30 4
v 31 4
v 32 4
v 33 4
v 34 4
v 35 4
v 36 4
v 37 4
v 38 4
v 39 4
v 40 4
v 41 4
v 42 4
v 43 4
v 44 4
v 45 4
v 46 4
v 47 4
e 1 5 1
e 1 10 1
e 1 11 1
e 1 12 1
e 2 6 1
e 2 13 1
e 2 14 1
e 2 15 1
e 3 4 1
e 3 5 1
e 3 8 1
e 3 20 1
e 4 6 1
e 4 9 1
e 4 21 1
e 5 7 1
e 5 22 1
e 6 7 1
e 6 23 1
e 7 24 1
e 7 25 1
e 8 9 1
e 8 16 2
e 9 17 2
e 10 26 1
e 10 27 1
e 10 28 1
e 11 29 1
e 11 30 1
e 11 31 1
e 12 32 1
e 12 33 1
e 12 34 1
e 13 35 1
e 13 36 1
e 13 37 1
e 14 38 1
e 14 39 1
e 14 40 1
e 15 41 1
e 15 42 1
e 15 43 1
e 16 18 1
e 16 44 1
e 17 19 1
e 17 45 1
e 18 19 2
e 18 46 1
e 19 47 1
t # 27288
v 0 12
v 1 1
v 2 2
v 3 2
v 4 3
v 5 3
v 6 3
v 7 3
v 8 3
v 9 3
v 10 3
v 11 3
v 12 3
v 13 3
v 14 3
v 15 3
v 16 3
v 17 3
v 18 3
v 19 3
v 20 3
v 21 3
v 22 4
v 23 4
v 24 4
v 25 4
v 26 4
v 27 4
v 28 4
v 29 4
v 30 4
v 31 4
v 32 4
v 33 4
v 34 4
v 35 4
v 36 4
v 37 4
v 38 4
v 39 4
v 40 4
v 41 4
v 42 4
v 43 4
v 44 4
e 1 18 1
e 1 21 1
e 2 4 1
e 2 6 1
e 2 10 1
e 3 16 1
e 3 39 1
e 3 40 1
e 4 5 1
e 4 7 1
e 4 22 1
e 5 9 1
e 5 12 2
e 6 8 1
e 6 23 1
e 6 24 1
e 7 11 1
e 7 25 1
e 7 26 1
e 8 9 1
e 8 27 1
e 8 28 1
e 9 13 2
e 10 29 1
e 10 30 1
e 10 31 1
e 11 16 2
e 11 17 1
e 12 14 1
e 12 32 1
e 13 15 1
e 13 33 1
e 14 15 2
e 14 34 1
e 15 35 1
e 16 19 1
e 17 18 2
e 17 36 1
e 18 20 1
e 19 20 2
e 19 37 1
e 20 38 1
e 21 41 1
e 21 42 1
e 21 43 1
t # 27289
v 0 12
v 1 12
v 2 1
v 3 1
v 4 2
v 5 2
v 6 2
v 7 2
v 8 3
v 9 3
v 10 3
v 11 3
v 12 3
v 13 3
v 14 3
v 15 3
v 16 3
v 17 3
v 18 3
v 19 3
v 20 3
v 21 3
v 22 3
v 23 3
v 24 3
v 25 4
v 26 4
v 27 4
v 28 4
v 29 4
v 30 4
v 31 4
v 32 4
v 33 4
v 34 4
e 0 19 1
e 1 24 1
e 2 14 2
e 3 18 2
e 4 8 1
e 4 9 1
e 4 12 1
e 5 10 2
e 5 11 1
e 6 14 1
e 6 18 1
e 6 21 1
e 7 9 2
e 7 18 1
e 8 11 2
e 8 13 1
e 9 10 1
e 10 14 1
e 11 15 1
e 12 16 2
e 12 17 1
e 13 19 2
e 13 25 1
e 15 20 2
e 15 26 1
e 16 22 1
e 16 27 1
e 17 23 2
e 17 28 1
e 19 20 1
e 20 29 1
e 21 30 1
e 21 31 1
e 21 32 1
e 22 24 2
e 22 33 1
e 23 24 1
e 23 34 1
t # 27290
v 0 1
v 1 1
v 2 1
v 3 1
v 4 1
v 5 1
v 6 1
v 7 2
v 8 2
v 9 3
v 10 3
v 11 3
v 12 3
v 13 3
v 14 3
v 15 3
v 16 3
v 17 3
v 18 3
v 19 3
v 20 3
v 21 3
v 22 3
v 23 3
v 24 3
v 25 3
v 26 3
v 27 3
v 28 3
v 29 4
v 30 4
v 31 4
v 32 4
v 33 4
v 34 4
v 35 4
v 36 4
v 37 4
v 38 4
v 39 4
v 40 4
v 41 4
v 42 4
v 43 4
v 44 4
v 45 4
v 46 4
v 47 4
v 48 4
v 49 4
v 50 4
v 51 4
v 52 4
v 53 4
v 54 4
v 55 4
v 56 4
e 0 12 1
e 0 13 1
e 1 10 1
e 1 15 1
e 2 14 1
e 2 15 1
e 3 13 1
e 3 19 1
e 4 18 2
e 5 20 1
e 5 27 1
e 6 20 2
e 7 9 1
e 7 16 1
e 7 36 1
e 8 11 1
e 8 18 1
e 8 38 1
e 9 10 1
e 9 11 1
e 9 29 1
e 10 12 1
e 10 30 1
e 11 13 1
e 11 31 1
e 12 14 1
e 12 32 1
e 13 33 1
e 14 34 1
e 14 35 1
e 15 17 1
e 15 37 1
e 16 20 1
e 16 39 1
e 16 40 1
e 17 21 2
e 17 22 1
e 18 23 1
e 19 41 1
e 19 42 1
e 19 43 1
e 21 24 1
e 21 44 1
e 22 25 2
e 22 45 1
e 23 46 1
e 23 47 1
e 23 48 1
e 24 26 2
e 24 49 1
e 25 26 1
e 25 50 1
e 26 51 1
e 27 28 1
e 27 52 1
e 27 53 1
e 28 54 1
e 28 55 1
e 28 56 1
t # 27291
v 0 14
v 1 1
v 2 1
v 3 1
v 4 1
v 5 1
v 6 1
v 7 1
v 8 1
v 9 1
v 10 1
v 11 1
v 12 2
v 13 2
v 14 2
v 15 3
v 16 3
v 17 3
v 18 3
v 19 3
v 20 3
v 21 3
v 22 3
v 23 3
v 24 3
v 25 3
v 26 3
v 27 3
v 28 3
v 29 3
v 30 3
v 31 3
v 32 3
v 33 3
v 34 3
v 35 3
v 36 3
v 37 3
v 38 3
v 39 4
v 40 4
v 41 4
v 42 4
v 43 4
v 44 4
v 45 4
v 46 4
v 47 4
v 48 4
v 49 4
v 50 4
v 51 4
v 52 4
v 53 4
v 54 4
v 55 4
v 56 4
v 57 4
v 58 4
v 59 4
v 60 4
v 61 4
v 62 4
v 63 4
v 64 4
e 1 18 1
e 1 19 1
e 2 16 1
e 2 24 1
e 3 17 1
e 3 25 1
e 4 20 1
e 4 30 1
e 5 23 1
e 5 31 1
e 6 21 2
e 7 23 2
e 8 24 2
e 9 25 2
e 10 27 2
e 11 30 2
e 12 18 1
e 12 21 1
e 12 22 1
e 13 15 1
e 13 23 1
e 13 46 1
e 14 21 1
e 14 27 1
e 14 48 1
e 15 16 1
e 15 18 1
e 15 39 1
e 16 17 1
e 16 40 1
e 17 19 1
e 17 41 1
e 18 42 1
e 19 20 1
e 19 43 1
e 20 44 1
e 20 45 1
e 22 26 2
e 22 47 1
e 24 28 1
e 25 29 1
e 26 27 1
e 28 49 1
e 28 50 1
e 28 51 1
e 29 52 1
e 29 53 1
e 29 54 1
e 30 32 1
e 31 33 1
e 31 55 1
e 31 56 1
e 32 57 1
e 32 58 1
e 32 59 1
e 33 34 2
e 33 35 1
e 34 36 1
e 34 60 1
e 35 37 2
e 35 61 1
e 36 38 2
e 36 62 1
e 37 38 1
e 37 63 1
e 38 64 1
t # 27292
v 0 11
v 1 1
v 2 1
v 3 3
v 4 3
v 5 3
v 6 3
v 7 3
v 8 3
v 9 3
v 10 3
v 11 3
v 12 3
v 13 3
v 14 3
v 15 3
v 16 3
v 17 3
v 18 3
v 19 3
v 20 3
v 21 3
v 22 3
v 23 3
v 24 3
v 25 3
v 26 3
v 27 3
v 28 3
v 29 3
v 30 3
v 31 3
v 32 3
v 33 3
v 34 3
v 35 3
v 36 3
v 37 3
v 38 3
v 39 3
v 40 3
v 41 3
v 42 3
v 43 3
v 44 3
v 45 3
v 46 3
v 47 3
v 48 3
v 49 4
v 50 4
v 51 4
v 52 4
v 53 4
v 54 4
v 55 4
v 56 4
v 57 4
v 58 4
v 59 4
v 60 4
v 61 4
v 62 4
v 63 4
v 64 4
v 65 4
v 66 4
v 67 4
v 68 4
v 69 4
v 70 4
v 71 4
v 72 4
v 73 4
v 74 4
v 75 4
v 76 4
v 77 4
v 78 4
e 0 9 1
e 0 10 1
e 1 15 2
e 2 16 2
e 3 4 1
e 3 5 1
e 3 9 2
e 4 6 1
e 4 10 2
e 5 7 2
e 5 11 1
e 6 8 2
e 6 12 1
e 7 8 1
e 7 15 1
e 8 16 1
e 9 13 1
e 10 14 1
e 11 17 2
e 11 19 1
e 12 18 2
e 12 20 1
e 13 23 2
e 13 25 1
e 14 24 2
e 14 26 1
e 15 21 1
e 16 22 1
e 17 27 1
e 17 49 1
e 18 28 1
e 18 50 1
e 19 29 2
e 19 51 1
e 20 30 2
e 20 52 1
e 21 37 2
e 21 39 1
e 22 38 2
e 22 40 1
e 23 33 1
e 23 53 1
e 24 34 1
e 24 54 1
e 25 35 2
e 25 55 1
e 26 36 2
e 26 56 1
e 27 31 2
e 27 57 1
e 28 32 2
e 28 58 1
e 29 31 1
e 29 59 1
e 30 32 1
e 30 60 1
e 31 61 1
e 32 62 1
e 33 41 2
e 33 63 1
e 34 42 2
e 34 64 1
e 35 41 1
e 35 65 1
e 36 42 1
e 36 66 1
e 37 43 1
e 37 67 1
e 38 44 1
e 38 68 1
e 39 45 2
e 39 69 1
e 40 46 2
e 40 70 1
e 41 71 1
e 42 72 1
e 43 47 2
e 43 73 1
e 44 48 2
e 44 74 1
e 45 47 1
e 45 75 1
e 46 48 1
e 46 76 1
e 47 77 1
e 48 78 1
t # 27293
v 0 1
v 1 1
v 2 1
v 3 1
v 4 1
v 5 2
v 6 2
v 7 2
v 8 2
v 9 3
v 10 3
v 11 3
v 12 3
v 13 3
v 14 3
v 15 3
v 16 3
v 17 3
v 18 3
v 19 3
v 20 3
v 21 3
v 22 3
v 23 3
v 24 3
v 25 3
v 26 3
v 27 3
v 28 3
v 29 3
v 30 3
v 31 3
v 32 3
v 33 3
v 34 3
v 35 3
v 36 3
v 37 3
v 38 3
v 39 3
v 40 4
v 41 4
v 42 4
v 43 4
v 44 4
v 45 4
v 46 4
v 47 4
v 48 4
v 49 4
v 50 4
v 51 4
v 52 4
v 53 4
v 54 4
v 55 4
v 56 4
v 57 4
v 58 4
v 59 4
v 60 4
v 61 4
v 62 4
v 63 4
v 64 4
v 65 4
v 66 4
v 67 4
v 68 4
v 69 4
e 0 15 2
e 1 22 1
e 1 32 1
e 2 22 2
e 3 30 1
e 3 33 1
e 4 30 2
e 5 11 1
e 5 15 1
e 5 46 1
e 6 9 1
e 6 30 1
e 6 49 1
e 7 18 1
e 7 19 1
e 7 50 1
e 8 20 1
e 8 21 1
e 8 51 1
e 9 10 1
e 9 15 1
e 9 40 1
e 10 13 1
e 10 41 1
e 10 42 1
e 11 12 1
e 11 22 1
e 11 43 1
e 12 14 1
e 12 44 1
e 12 45 1
e 13 16 1
e 13 19 2
e 14 17 1
e 14 21 2
e 16 18 1
e 16 23 2
e 17 20 1
e 17 24 2
e 18 25 2
e 19 47 1
e 20 26 2
e 21 48 1
e 23 27 1
e 23 52 1
e 24 28 1
e 24 53 1
e 25 29 1
e 25 54 1
e 26 31 1
e 26 55 1
e 27 29 2
e 27 56 1
e 28 31 2
e 28 57 1
e 29 58 1
e 31 59 1
e 32 60 1
e 32 61 1
e 32 62 1
e 33 34 1
e 33 63 1
e 33 64 1
e 34 35 2
e 34 36 1
e 35 37 1
e 35 65 1
e 36 38 2
e 36 66 1
e 37 39 2
e 37 67 1
e 38 39 1
e 38 68 1
e 39 69 1
t # 27294
v 0 11
v 1 1
v 2 1
v 3 1
v 4 1
v 5 2
v 6 2
v 7 2
v 8 2
v 9 3
v 10 3
v 11 3
v 12 3
v 13 3
v 14 3
v 15 3
v 16 3
v 17 3
v 18 3
v 19 3
v 20 3
v 21 3
v 22 3
v 23 3
v 24 3
v 25 3
v 26 3
v 27 3
v 28 3
v 29 3
v 30 3
v 31 3
v 32 3
v 33 3
v 34 3
v 35 3
v 36 3
v 37 3
v 38 3
v 39 3
v 40 3
v 41 3
v 42 3
v 43 4
v 44 4
v 45 4
v 46 4
v 47 4
v 48 4
v 49 4
v 50 4
v 51 4
v 52 4
v 53 4
v 54 4
v 55 4
v 56 4
v 57 4
v 58 4
v 59 4
v 60 4
v 61 4
v 62 4
v 63 4
v 64 4
v 65 4
v 66 4
v 67 4
v 68 4
v 69 4
v 70 4
e 0 11 1
e 0 12 1
e 1 15 2
e 2 16 2
e 3 17 2
e 4 18 2
e 5 15 1
e 5 19 1
e 5 47 1
e 6 16 1
e 6 20 1
e 6 48 1
e 7 17 1
e 7 21 1
e 7 49 1
e 8 18 1
e 8 22 1
e 8 50 1
e 9 10 1
e 9 11 2
e 9 13 1
e 10 12 2
e 10 14 1
e 11 15 1
e 12 16 1
e 13 17 1
e 13 43 1
e 13 44 1
e 14 18 1
e 14 45 1
e 14 46 1
e 19 23 2
e 19 25 1
e 20 24 2
e 20 26 1
e 21 27 2
e 21 29 1
e 22 28 2
e 22 30 1
e 23 31 1
e 23 51 1
e 24 32 1
e 24 52 1
e 25 33 2
e 25 53 1
e 26 34 2
e 26 54 1
e 27 35 1
e 27 55 1
e 28 36 1
e 28 56 1
e 29 37 2
e 29 57 1
e 30 38 2
e 30 58 1
e 31 39 2
e 31 59 1
e 32 40 2
e 32 60 1
e 33 39 1
e 33 61 1
e 34 40 1
e 34 62 1
e 35 41 2
e 35 63 1
e 36 42 2
e 36 64 1
e 37 41 1
e 37 65 1
e 38 42 1
e 38 66 1
e 39 67 1
e 40 68 1
e 41 69 1
e 42 70 1
t # 27295
v 0 11
v 1 1
v 2 1
v 3 1
v 4 2
v 5 2
v 6 3
v 7 3
v 8 3
v 9 3
v 10 3
v 11 4
v 12 4
v 13 4
v 14 4
v 15 4
v 16 4
v 17 4
v 18 4
v 19 4
v 20 4
e 0 7 1
e 0 9 1
e 1 8 1
e 1 20 1
e 2 8 2
e 3 9 2
e 4 6 1
e 4 14 1
e 4 15 1
e 5 9 1
e 5 10 1
e 5 16 1
e 6 7 1
e 6 8 1
e 6 11 1
e 7 12 1
e 7 13 1
e 10 17 1
e 10 18 1
e 10 19 1
t # 27296
v 0 11
v 1 1
v 2 1
v 3 1
v 4 1
v 5 1
v 6 1
v 7 1
v 8 2
v 9 2
v 10 2
v 11 2
v 12 3
v 13 3
v 14 3
v 15 3
v 16 3
v 17 3
v 18 3
v 19 3
v 20 3
v 21 3
v 22 3
v 23 3
v 24 4
v 25 4
v 26 4
v 27 4
v 28 4
v 29 4
v 30 4
v 31 4
v 32 4
v 33 4
v 34 4
v 35 4
v 36 4
v 37 4
v 38 4
v 39 4
v 40 4
v 41 4
v 42 4
v 43 4
e 0 17 1
e 0 21 1
e 1 16 2
e 2 18 2
e 3 19 1
e 3 38 1
e 4 19 2
e 5 21 2
e 6 22 1
e 6 43 1
e 7 22 2
e 8 12 1
e 8 16 1
e 8 30 1
e 9 18 1
e 9 20 1
e 9 33 1
e 10 15 1
e 10 34 1
e 10 35 1
e 11 21 1
e 11 23 1
e 11 39 1
e 12 17 1
e 12 18 1
e 12 24 1
e 13 14 1
e 13 15 1
e 13 25 1
e 13 26 1
e 14 16 1
e 14 27 1
e 14 28 1
e 15 19 1
e 15 29 1
e 17 31 1
e 17 32 1
e 20 22 1
e 20 36 1
e 20 37 1
e 23 40 1
e 23 41 1
e 23 42 1
t # 27297
v 0 2
v 1 2
v 2 2
v 3 2
v 4 3
v 5 3
v 6 3
v 7 3
v 8 3
v 9 3
v 10 3
v 11 3
v 12 3
v 13 3
v 14 3
v 15 3
v 16 3
v 17 3
v 18 3
v 19 3
v 20 3
v 21 3
v 22 3
v 23 3
v 24 3
v 25 4
v 26 4
v 27 4
v 28 4
v 29 4
v 30 4
v 31 4
v 32 4
v 33 4
v 34 4
v 35 4
v 36 4
v 37 4
v 38 4
v 39 4
v 40 4
e 0 12 1
e 0 21 1
e 0 22 1
e 1 6 2
e 1 13 1
e 4 5 1
e 4 6 1
e 4 9 2
e 5 7 1
e 5 11 2
e 6 8 1
e 7 10 1
e 7 20 2
e 8 10 2
e 8 25 1
e 9 18 1
e 9 26 1
e 10 27 1
e 11 19 1
e 11 28 1
e 12 14 2
e 12 15 1
e 13 16 2
e 13 17 1
e 14 16 1
e 14 29 1
e 15 17 2
e 15 30 1
e 16 31 1
e 17 32 1
e 18 19 2
e 18 33 1
e 19 34 1
e 20 23 1
e 20 24 1
e 21 35 1
e 21 36 1
e 21 37 1
e 22 38 1
e 22 39 1
e 22 40 1
t # 27298
v 0 1
v 1 1
v 2 2
v 3 2
v 4 3
v 5 3
v 6 3
v 7 3
v 8 3
v 9 3
v 10 3
v 11 3
v 12 3
v 13 3
v 14 3
v 15 3
v 16 3
v 17 3
v 18 3
v 19 3
v 20 3
v 21 3
v 22 3
v 23 3
v 24 4
v 25 4
v 26 4
v 27 4
v 28 4
v 29 4
v 30 4
v 31 4
v 32 4
v 33 4
v 34 4
v 35 4
v 36 4
v 37 4
v 38 4
v 39 4
v 40 4
v 41 4
v 42 4
v 43 4
v 44 4
v 45 4
v 46 4
v 47 4
v 48 4
v 49 4
e 0 20 2
e 1 22 2
e 2 8 1
e 2 20 1
e 2 39 1
e 4 5 1
e 4 6 1
e 4 11 1
e 4 24 1
e 5 7 1
e 5 9 1
e 5 25 1
e 6 8 1
e 6 13 1
e 6 26 1
e 7 12 1
e 7 15 1
e 7 16 1
e 8 10 1
e 8 17 1
e 9 10 1
e 9 27 1
e 9 28 1
e 10 29 1
e 10 30 1
e 11 14 1
e 11 31 1
e 11 32 1
e 12 14 1
e 12 21 2
e 13 18 1
e 13 33 1
e 13 34 1
e 14 35 1
e 14 36 1
e 15 19 1
e 15 37 1
e 15 38 1
e 16 40 1
e 16 41 1
e 16 42 1
e 17 43 1
e 17 44 1
e 17 45 1
e 18 20 1
e 18 23 1
e 18 46 1
e 19 22 1
e 19 47 1
e 19 48 1
e 21 22 1
e 21 49 1
t # 27299
v 0 1
v 1 1
v 2 2
v 3 3
v 4 3
v 5 3
v 6 3
v 7 3
v 8 3
v 9 3
v 10 3
v 11 3
v 12 3
v 13 3
v 14 3
v 15 3
v 16 3
v 17 3
v 18 3
v 19 3
v 20 3
v 21 3
v 22 3
v 23 4
v 24 4
v 25 4
v 26 4
v 27 4
v 28 4
v 29 4
v 30 4
v 31 4
v 32 4
v 33 4
v 34 4
v 35 4
v 36 4
v 37 4
v 38 4
v 39 4
v 40 4
v 41 4
v 42 4
v 43 4
v 44 4
v 45 4
v 46 4
v 47 4
v 48 4
v 49 4
v 50 4
v 51 4
v 52 4
v 53 4
e 20 0 1
e 0 53 1
e 1 21 2
e 2 7 1
e 2 21 1
e 2 22 1
e 3 4 1
e 3 6 1
e 3 8 1
e 3 23 1
e 4 5 1
e 4 10 1
e 4 24 1
e 5 7 1
e 5 12 1
e 5 25 1
e 6 11 1
e 6 13 1
e 6 15 1
e 7 9 1
e 7 16 1
e 8 9 1
e 8 26 1
e 8 27 1
e 9 28 1
e 9 29 1
e 10 14 1
e 10 30 1
e 10 31 1
e 11 14 2
e 11 17 1
e 12 19 1
e 12 32 1
e 12 33 1
e 13 18 1
e 13 34 1
e 13 35 1
e 14 36 1
e 15 37 1
e 15 38 1
e 15 39 1
e 16 40 1
e 16 41 1
e 16 42 1
e 17 20 1
e 17 43 1
e 17 44 1
e 18 20 1
e 18 45 1
e 18 46 1
e 19 21 1
e 19 47 1
e 19 48 1
e 20 49 1
e 22 50 1
e 22 51 1
e 22 52 1
