t # 17600
v 0 2
v 1 2
v 2 2
v 3 2
v 4 2
v 5 3
v 6 3
v 7 3
v 8 3
v 9 3
v 10 3
v 11 3
v 12 3
v 13 3
v 14 4
v 15 4
v 16 4
v 17 4
v 18 4
v 19 4
v 20 4
v 21 4
v 22 4
e 0 1 1
e 0 5 1
e 0 6 1
e 1 12 2
e 2 6 1
e 2 17 1
e 2 18 1
e 5 7 2
e 5 9 1
e 6 8 2
e 7 8 1
e 7 10 1
e 8 11 1
e 9 14 1
e 9 15 1
e 9 16 1
e 12 13 1
e 12 19 1
e 13 20 1
e 13 21 1
e 13 22 1
t # 17601
v 0 1
v 1 1
v 2 2
v 3 2
v 4 2
v 5 2
v 6 3
v 7 3
v 8 3
v 9 3
v 10 3
v 11 3
v 12 3
v 13 3
v 14 3
v 15 3
v 16 3
v 17 3
v 18 3
v 19 3
v 20 3
v 21 3
v 22 3
v 23 4
v 24 4
v 25 4
v 26 4
v 27 4
v 28 4
v 29 4
v 30 4
v 31 4
v 32 4
v 33 4
v 34 4
e 0 11 1
e 0 20 1
e 1 17 1
e 1 22 1
e 2 6 1
e 2 7 1
e 2 8 1
e 3 7 1
e 3 28 1
e 3 29 1
e 6 9 2
e 6 11 1
e 7 10 2
e 8 12 2
e 8 13 1
e 9 10 1
e 9 19 1
e 10 21 1
e 11 14 2
e 12 15 1
e 12 23 1
e 13 16 2
e 13 24 1
e 14 18 1
e 14 25 1
e 15 17 2
e 15 26 1
e 16 17 1
e 16 27 1
e 18 20 2
e 18 30 1
e 20 31 1
e 22 32 1
e 22 33 1
e 22 34 1
t # 17602
v 0 1
v 1 2
v 2 2
v 3 2
v 4 2
v 5 3
v 6 3
v 7 3
v 8 3
v 9 3
v 10 3
v 11 3
v 12 3
v 13 3
v 14 3
v 15 3
v 16 3
v 17 3
v 18 3
v 19 3
v 20 3
v 21 4
v 22 4
v 23 4
v 24 4
v 25 4
v 26 4
v 27 4
v 28 4
v 29 4
v 30 4
e 0 10 1
e 0 18 1
e 1 5 1
e 1 6 1
e 1 8 1
e 2 6 1
e 2 24 1
e 2 25 1
e 5 7 2
e 5 10 1
e 6 9 2
e 7 9 1
e 7 19 1
e 8 11 2
e 8 12 1
e 9 20 1
e 10 13 2
e 11 14 1
e 11 21 1
e 12 15 2
e 12 22 1
e 13 16 1
e 13 23 1
e 14 17 2
e 14 26 1
e 15 17 1
e 15 27 1
e 16 18 2
e 16 28 1
e 17 29 1
e 18 30 1
t # 17603
v 0 1
v 1 1
v 2 2
v 3 2
v 4 2
v 5 2
v 6 2
v 7 3
v 8 3
v 9 3
v 10 3
v 11 3
v 12 3
v 13 3
v 14 3
v 15 3
v 16 3
v 17 3
v 18 3
v 19 3
v 20 3
v 21 3
v 22 3
v 23 3
v 24 3
v 25 4
v 26 4
v 27 4
v 28 4
v 29 4
v 30 4
v 31 4
v 32 4
v 33 4
v 34 4
v 35 4
e 2 7 1
e 2 8 1
e 2 11 1
e 3 8 1
e 3 29 1
e 3 30 1
e 4 17 1
e 7 9 1
e 7 10 2
e 8 12 2
e 9 13 2
e 9 14 1
e 10 12 1
e 10 22 1
e 11 15 2
e 11 16 1
e 12 24 1
e 13 17 1
e 13 25 1
e 14 18 2
e 14 26 1
e 15 20 1
e 15 27 1
e 16 21 2
e 16 28 1
e 17 19 2
e 18 19 1
e 18 31 1
e 19 32 1
e 20 23 2
e 20 33 1
e 21 23 1
e 21 34 1
e 23 35 1
t # 17604
v 0 1
v 1 1
v 2 1
v 3 2
v 4 2
v 5 2
v 6 2
v 7 2
v 8 3
v 9 3
v 10 3
v 11 3
v 12 3
v 13 3
v 14 3
v 15 3
v 16 3
v 17 3
v 18 3
v 19 3
v 20 3
v 21 3
v 22 3
v 23 3
v 24 3
v 25 3
v 26 3
v 27 4
v 28 4
v 29 4
v 30 4
v 31 4
v 32 4
v 33 4
v 34 4
v 35 4
v 36 4
v 37 4
v 38 4
v 39 4
e 0 22 1
e 0 26 1
e 3 8 1
e 3 9 1
e 3 10 1
e 4 9 1
e 4 31 1
e 4 32 1
e 5 18 1
e 8 11 2
e 8 12 1
e 9 13 2
e 10 15 2
e 10 16 1
e 11 13 1
e 11 24 1
e 12 14 2
e 12 17 1
e 13 25 1
e 14 18 1
e 14 27 1
e 15 19 1
e 15 28 1
e 16 20 2
e 16 29 1
e 17 21 2
e 17 30 1
e 18 23 2
e 19 22 2
e 19 33 1
e 20 22 1
e 20 34 1
e 21 23 1
e 21 35 1
e 23 36 1
e 26 37 1
e 26 38 1
e 26 39 1
t # 17605
v 0 1
v 1 2
v 2 2
v 3 2
v 4 2
v 5 3
v 6 3
v 7 3
v 8 3
v 9 3
v 10 3
v 11 3
v 12 3
v 13 3
v 14 3
v 15 3
v 16 3
v 17 3
v 18 3
v 19 3
v 20 3
v 21 3
v 22 3
v 23 3
v 24 4
v 25 4
v 26 4
v 27 4
v 28 4
v 29 4
v 30 4
v 31 4
v 32 4
v 33 4
v 34 4
v 35 4
v 36 4
v 37 4
e 0 17 1
e 0 23 1
e 1 5 1
e 1 6 1
e 1 7 1
e 2 6 1
e 2 28 1
e 2 29 1
e 5 8 2
e 5 9 1
e 6 10 2
e 7 11 2
e 7 12 1
e 8 10 1
e 8 20 1
e 9 13 2
e 9 14 1
e 10 22 1
e 11 15 1
e 11 24 1
e 12 16 2
e 12 25 1
e 13 18 1
e 13 26 1
e 14 19 2
e 14 27 1
e 15 17 2
e 15 30 1
e 16 17 1
e 16 31 1
e 18 21 2
e 18 32 1
e 19 21 1
e 19 33 1
e 21 34 1
e 23 35 1
e 23 36 1
e 23 37 1
t # 17606
v 0 2
v 1 2
v 2 2
v 3 2
v 4 3
v 5 3
v 6 3
v 7 3
v 8 3
v 9 3
v 10 3
v 11 3
v 12 3
v 13 3
v 14 3
v 15 3
v 16 3
v 17 3
v 18 3
v 19 3
v 20 3
v 21 3
v 22 4
v 23 4
v 24 4
v 25 4
v 26 4
v 27 4
v 28 4
v 29 4
v 30 4
v 31 4
v 32 4
v 33 4
e 0 4 1
e 0 5 1
e 0 7 1
e 1 5 1
e 1 26 1
e 1 27 1
e 4 6 2
e 4 8 1
e 5 9 2
e 6 9 1
e 6 18 1
e 7 10 2
e 7 11 1
e 8 12 2
e 8 13 1
e 9 21 1
e 10 14 1
e 10 22 1
e 11 15 2
e 11 23 1
e 12 16 1
e 12 24 1
e 13 17 2
e 13 25 1
e 14 19 2
e 14 28 1
e 15 19 1
e 15 29 1
e 16 20 2
e 16 30 1
e 17 20 1
e 17 31 1
e 19 32 1
e 20 33 1
t # 17607
v 0 2
v 1 2
v 2 2
v 3 2
v 4 3
v 5 3
v 6 3
v 7 3
v 8 3
v 9 3
v 10 3
v 11 3
v 12 3
v 13 3
v 14 3
v 15 3
v 16 3
v 17 3
v 18 3
v 19 3
v 20 3
v 21 3
v 22 3
v 23 4
v 24 4
v 25 4
v 26 4
v 27 4
v 28 4
v 29 4
v 30 4
v 31 4
v 32 4
v 33 4
v 34 4
v 35 4
v 36 4
e 0 4 1
e 0 5 1
e 0 6 1
e 1 6 1
e 1 29 1
e 1 30 1
e 4 7 2
e 4 9 1
e 5 10 1
e 5 23 1
e 5 24 1
e 6 8 2
e 7 8 1
e 7 17 1
e 8 20 1
e 9 11 2
e 9 12 1
e 10 13 2
e 10 14 1
e 11 15 1
e 11 25 1
e 12 16 2
e 12 26 1
e 13 18 1
e 13 27 1
e 14 19 2
e 14 28 1
e 15 21 2
e 15 31 1
e 16 21 1
e 16 32 1
e 18 22 2
e 18 33 1
e 19 22 1
e 19 34 1
e 21 35 1
e 22 36 1
t # 17608
v 0 2
v 1 2
v 2 2
v 3 2
v 4 3
v 5 3
v 6 3
v 7 3
v 8 3
v 9 3
v 10 3
v 11 3
v 12 3
v 13 3
v 14 3
v 15 3
v 16 3
v 17 3
v 18 3
v 19 4
v 20 4
v 21 4
v 22 4
v 23 4
v 24 4
v 25 4
v 26 4
v 27 4
v 28 4
v 29 4
v 30 4
e 0 4 1
e 0 5 1
e 0 7 1
e 1 5 1
e 1 24 1
e 1 25 1
e 4 6 2
e 4 8 1
e 5 9 2
e 6 9 1
e 6 15 1
e 7 12 1
e 7 19 1
e 7 20 1
e 8 10 2
e 8 11 1
e 9 17 1
e 10 13 1
e 10 21 1
e 11 14 2
e 11 22 1
e 12 18 2
e 12 23 1
e 13 16 2
e 13 26 1
e 14 16 1
e 14 27 1
e 16 28 1
e 18 29 1
e 18 30 1
t # 17609
v 0 2
v 1 2
v 2 2
v 3 2
v 4 3
v 5 3
v 6 3
v 7 3
v 8 3
v 9 3
v 10 3
v 11 3
v 12 3
v 13 3
v 14 3
v 15 3
v 16 3
v 17 3
v 18 3
v 19 3
v 20 3
v 21 4
v 22 4
v 23 4
v 24 4
v 25 4
v 26 4
v 27 4
v 28 4
v 29 4
v 30 4
v 31 4
v 32 4
v 33 4
v 34 4
v 35 4
v 36 4
v 37 4
v 38 4
e 0 5 1
e 0 7 1
e 0 9 1
e 1 9 1
e 1 32 1
e 1 33 1
e 4 5 1
e 4 6 1
e 4 21 1
e 4 22 1
e 5 8 2
e 6 11 1
e 6 12 1
e 6 23 1
e 7 13 1
e 7 24 1
e 7 25 1
e 8 10 1
e 8 16 1
e 9 10 2
e 10 17 1
e 11 26 1
e 11 27 1
e 11 28 1
e 12 29 1
e 12 30 1
e 12 31 1
e 13 14 2
e 13 15 1
e 14 18 1
e 14 34 1
e 15 19 2
e 15 35 1
e 18 20 2
e 18 36 1
e 19 20 1
e 19 37 1
e 20 38 1
t # 17610
v 0 2
v 1 2
v 2 2
v 3 2
v 4 3
v 5 3
v 6 3
v 7 3
v 8 3
v 9 3
v 10 3
v 11 3
v 12 3
v 13 3
v 14 3
v 15 3
v 16 4
v 17 4
v 18 4
v 19 4
v 20 4
v 21 4
v 22 4
v 23 4
v 24 4
v 25 4
v 26 4
v 27 4
v 28 4
v 29 4
e 0 4 1
e 0 6 1
e 0 9 1
e 1 6 1
e 1 26 1
e 1 27 1
e 4 5 1
e 4 7 2
e 5 8 1
e 5 16 1
e 5 17 1
e 6 10 2
e 7 10 1
e 7 13 1
e 8 11 1
e 8 18 1
e 8 19 1
e 9 12 1
e 9 20 1
e 9 21 1
e 10 14 1
e 11 22 1
e 11 23 1
e 11 24 1
e 12 15 2
e 12 25 1
e 15 28 1
e 15 29 1
t # 17611
v 0 1
v 1 1
v 2 2
v 3 2
v 4 2
v 5 2
v 6 2
v 7 2
v 8 3
v 9 3
v 10 3
v 11 3
v 12 3
v 13 3
v 14 3
v 15 3
v 16 3
v 17 3
v 18 3
v 19 3
v 20 3
v 21 3
v 22 3
v 23 3
v 24 4
v 25 4
v 26 4
v 27 4
v 28 4
v 29 4
v 30 4
v 31 4
v 32 4
v 33 4
e 0 12 1
e 0 18 1
e 1 20 1
e 1 23 1
e 2 3 1
e 2 8 1
e 2 11 1
e 3 19 2
e 4 11 1
e 4 26 1
e 4 27 1
e 8 9 1
e 8 12 1
e 8 24 1
e 9 10 1
e 9 14 1
e 9 15 1
e 10 11 2
e 10 16 1
e 12 13 2
e 13 17 1
e 13 25 1
e 17 18 2
e 17 28 1
e 18 29 1
e 19 20 1
e 19 30 1
e 20 21 2
e 21 22 1
e 21 31 1
e 22 23 2
e 22 32 1
e 23 33 1
t # 17612
v 0 2
v 1 2
v 2 2
v 3 2
v 4 2
v 5 2
v 6 3
v 7 3
v 8 3
v 9 3
v 10 3
v 11 3
v 12 3
v 13 3
v 14 3
v 15 3
v 16 3
v 17 3
v 18 3
v 19 3
v 20 4
v 21 4
v 22 4
v 23 4
v 24 4
v 25 4
v 26 4
v 27 4
v 28 4
v 29 4
v 30 4
v 31 4
v 32 4
v 33 4
v 34 4
v 35 4
v 36 4
v 37 4
e 0 1 1
e 0 6 1
e 0 10 1
e 1 16 2
e 2 10 1
e 2 28 1
e 2 29 1
e 6 7 1
e 6 8 1
e 6 20 1
e 7 11 1
e 7 12 1
e 7 21 1
e 8 9 1
e 8 13 1
e 8 14 1
e 9 10 2
e 9 15 1
e 11 22 1
e 11 23 1
e 11 24 1
e 12 25 1
e 12 26 1
e 12 27 1
e 16 17 1
e 16 30 1
e 17 18 1
e 17 19 1
e 17 31 1
e 18 32 1
e 18 33 1
e 18 34 1
e 19 35 1
e 19 36 1
e 19 37 1
t # 17613
v 0 2
v 1 2
v 2 2
v 3 2
v 4 2
v 5 2
v 6 3
v 7 3
v 8 3
v 9 3
v 10 3
v 11 3
v 12 3
v 13 3
v 14 3
v 15 3
v 16 3
v 17 3
v 18 4
v 19 4
v 20 4
v 21 4
v 22 4
v 23 4
v 24 4
v 25 4
v 26 4
v 27 4
v 28 4
v 29 4
v 30 4
v 31 4
e 0 1 1
e 0 6 1
e 0 10 1
e 1 15 2
e 2 10 1
e 2 24 1
e 2 25 1
e 6 7 1
e 6 8 1
e 6 18 1
e 7 9 1
e 7 12 1
e 7 13 1
e 8 11 1
e 8 19 1
e 8 20 1
e 9 10 2
e 9 14 1
e 11 21 1
e 11 22 1
e 11 23 1
e 15 16 1
e 15 26 1
e 16 17 1
e 16 27 1
e 16 28 1
e 17 29 1
e 17 30 1
e 17 31 1
t # 17614
v 0 1
v 1 1
v 2 1
v 3 2
v 4 2
v 5 2
v 6 2
v 7 2
v 8 2
v 9 3
v 10 3
v 11 3
v 12 3
v 13 3
v 14 3
v 15 3
v 16 3
v 17 3
v 18 3
v 19 3
v 20 3
v 21 3
v 22 3
v 23 3
v 24 3
v 25 3
v 26 3
v 27 3
v 28 3
v 29 4
v 30 4
v 31 4
v 32 4
v 33 4
v 34 4
v 35 4
v 36 4
v 37 4
v 38 4
v 39 4
v 40 4
v 41 4
v 42 4
e 0 27 1
e 0 28 1
e 3 9 1
e 3 12 1
e 3 14 1
e 4 12 1
e 4 32 1
e 4 33 1
e 5 22 1
e 9 10 1
e 9 13 1
e 9 29 1
e 10 11 1
e 10 17 1
e 10 18 1
e 11 12 2
e 11 21 1
e 13 15 2
e 13 16 1
e 14 19 2
e 14 20 1
e 15 22 1
e 15 30 1
e 16 23 2
e 16 31 1
e 19 25 1
e 19 34 1
e 20 26 2
e 20 35 1
e 22 24 2
e 23 24 1
e 23 36 1
e 24 37 1
e 25 27 2
e 25 38 1
e 26 27 1
e 26 39 1
e 28 40 1
e 28 41 1
e 28 42 1
t # 17615
v 0 2
v 1 2
v 2 2
v 3 2
v 4 2
v 5 3
v 6 3
v 7 3
v 8 3
v 9 3
v 10 3
v 11 3
v 12 3
v 13 3
v 14 3
v 15 3
v 16 3
v 17 3
v 18 3
v 19 3
v 20 3
v 21 3
v 22 3
v 23 3
v 24 3
v 25 4
v 26 4
v 27 4
v 28 4
v 29 4
v 30 4
v 31 4
v 32 4
v 33 4
v 34 4
v 35 4
v 36 4
v 37 4
v 38 4
v 39 4
e 0 5 1
e 0 8 1
e 0 10 1
e 1 8 1
e 1 30 1
e 1 31 1
e 5 6 1
e 5 9 1
e 5 25 1
e 6 7 1
e 6 13 1
e 6 14 1
e 7 8 2
e 7 17 1
e 9 11 2
e 9 12 1
e 10 15 2
e 10 16 1
e 11 18 1
e 11 26 1
e 12 19 2
e 12 27 1
e 15 20 1
e 15 28 1
e 16 21 2
e 16 29 1
e 18 23 2
e 18 32 1
e 19 23 1
e 19 33 1
e 20 22 2
e 20 34 1
e 21 22 1
e 21 35 1
e 22 24 1
e 23 36 1
e 24 37 1
e 24 38 1
e 24 39 1
t # 17616
v 0 2
v 1 2
v 2 2
v 3 2
v 4 2
v 5 3
v 6 3
v 7 3
v 8 3
v 9 3
v 10 3
v 11 3
v 12 3
v 13 3
v 14 3
v 15 3
v 16 3
v 17 3
v 18 3
v 19 3
v 20 3
v 21 3
v 22 3
v 23 3
v 24 3
v 25 4
v 26 4
v 27 4
v 28 4
v 29 4
v 30 4
v 31 4
v 32 4
v 33 4
v 34 4
v 35 4
v 36 4
v 37 4
v 38 4
v 39 4
e 0 5 1
e 0 8 1
e 0 10 1
e 1 8 1
e 1 29 1
e 1 30 1
e 5 6 1
e 5 9 1
e 5 25 1
e 6 7 1
e 6 14 1
e 6 15 1
e 7 8 2
e 7 17 1
e 9 12 2
e 9 13 1
e 10 11 1
e 10 16 2
e 11 18 2
e 11 21 1
e 12 19 1
e 12 26 1
e 13 20 2
e 13 27 1
e 16 22 1
e 16 28 1
e 18 24 1
e 18 31 1
e 19 23 2
e 19 32 1
e 20 23 1
e 20 33 1
e 21 34 1
e 21 35 1
e 21 36 1
e 22 24 2
e 22 37 1
e 23 38 1
e 24 39 1
t # 17617
v 0 2
v 1 2
v 2 2
v 3 2
v 4 2
v 5 3
v 6 3
v 7 3
v 8 3
v 9 3
v 10 3
v 11 3
v 12 3
v 13 3
v 14 3
v 15 3
v 16 3
v 17 3
v 18 3
v 19 3
v 20 3
v 21 3
v 22 3
v 23 3
v 24 4
v 25 4
v 26 4
v 27 4
v 28 4
v 29 4
v 30 4
v 31 4
v 32 4
v 33 4
v 34 4
v 35 4
v 36 4
e 0 5 1
e 0 8 1
e 0 10 1
e 1 8 1
e 1 27 1
e 1 28 1
e 5 6 1
e 5 9 1
e 5 24 1
e 6 7 1
e 6 13 1
e 6 14 1
e 7 8 2
e 7 17 1
e 9 11 2
e 9 12 1
e 10 15 2
e 10 16 1
e 11 18 1
e 11 25 1
e 12 19 2
e 12 26 1
e 15 21 1
e 15 29 1
e 16 22 2
e 16 30 1
e 18 20 2
e 18 31 1
e 19 20 1
e 19 32 1
e 20 33 1
e 21 23 2
e 21 34 1
e 22 23 1
e 22 35 1
e 23 36 1
t # 17618
v 0 1
v 1 2
v 2 2
v 3 2
v 4 2
v 5 2
v 6 3
v 7 3
v 8 3
v 9 3
v 10 3
v 11 3
v 12 3
v 13 3
v 14 3
v 15 3
v 16 3
v 17 3
v 18 3
v 19 3
v 20 3
v 21 3
v 22 3
v 23 4
v 24 4
v 25 4
v 26 4
v 27 4
v 28 4
v 29 4
v 30 4
v 31 4
v 32 4
v 33 4
e 0 10 1
e 0 19 1
e 1 6 1
e 1 9 1
e 1 11 1
e 2 9 1
e 2 25 1
e 2 26 1
e 6 7 1
e 6 10 1
e 6 23 1
e 7 8 1
e 7 12 1
e 7 13 1
e 8 9 2
e 8 17 1
e 10 14 2
e 11 15 2
e 11 16 1
e 14 18 1
e 14 24 1
e 15 20 1
e 15 27 1
e 16 21 2
e 16 28 1
e 18 19 2
e 18 29 1
e 19 30 1
e 20 22 2
e 20 31 1
e 21 22 1
e 21 32 1
e 22 33 1
t # 17619
v 0 2
v 1 2
v 2 2
v 3 2
v 4 2
v 5 3
v 6 3
v 7 3
v 8 3
v 9 3
v 10 3
v 11 3
v 12 3
v 13 3
v 14 3
v 15 3
v 16 3
v 17 3
v 18 4
v 19 4
v 20 4
v 21 4
v 22 4
v 23 4
v 24 4
v 25 4
v 26 4
v 27 4
v 28 4
v 29 4
v 30 4
v 31 4
v 32 4
e 0 5 1
e 0 9 1
e 0 11 1
e 1 9 1
e 1 28 1
e 1 29 1
e 5 6 1
e 5 7 1
e 5 18 1
e 6 8 1
e 6 12 1
e 6 13 1
e 7 10 1
e 7 19 1
e 7 20 1
e 8 9 2
e 8 16 1
e 10 14 1
e 10 21 1
e 10 22 1
e 11 15 1
e 11 23 1
e 11 24 1
e 14 25 1
e 14 26 1
e 14 27 1
e 15 17 2
e 15 30 1
e 17 31 1
e 17 32 1
t # 17620
v 0 1
v 1 2
v 2 2
v 3 2
v 4 2
v 5 3
v 6 3
v 7 3
v 8 3
v 9 3
v 10 3
v 11 3
v 12 3
v 13 3
v 14 4
v 15 4
v 16 4
v 17 4
v 18 4
v 19 4
v 20 4
v 21 4
v 22 4
v 23 4
v 24 4
v 25 4
v 26 4
v 27 4
e 0 9 2
e 1 5 1
e 1 9 1
e 1 20 1
e 2 6 1
e 2 9 1
e 2 21 1
e 5 7 1
e 5 12 1
e 5 14 1
e 6 8 1
e 6 13 1
e 6 15 1
e 7 10 1
e 7 16 1
e 7 17 1
e 8 11 1
e 8 18 1
e 8 19 1
e 10 22 1
e 10 23 1
e 10 24 1
e 11 25 1
e 11 26 1
e 11 27 1
t # 17621
v 0 1
v 1 1
v 2 2
v 3 2
v 4 2
v 5 2
v 6 3
v 7 3
v 8 3
v 9 3
v 10 3
v 11 3
v 12 3
v 13 3
v 14 3
v 15 3
v 16 3
v 17 3
v 18 3
v 19 3
v 20 3
v 21 3
v 22 3
v 23 3
v 24 3
v 25 3
v 26 3
v 27 3
v 28 3
v 29 3
v 30 3
v 31 3
v 32 3
v 33 3
v 34 3
v 35 3
v 36 3
v 37 3
v 38 3
v 39 3
v 40 3
v 41 3
v 42 3
v 43 3
v 44 3
v 45 3
v 46 4
v 47 4
v 48 4
v 49 4
v 50 4
v 51 4
v 52 4
v 53 4
v 54 4
v 55 4
v 56 4
v 57 4
v 58 4
v 59 4
v 60 4
v 61 4
v 62 4
v 63 4
v 64 4
v 65 4
v 66 4
v 67 4
v 68 4
v 69 4
v 70 4
v 71 4
v 72 4
v 73 4
v 74 4
v 75 4
v 76 4
v 77 4
v 78 4
v 79 4
e 0 12 2
e 1 13 2
e 2 6 1
e 2 8 1
e 2 12 1
e 3 7 1
e 3 9 1
e 3 13 1
e 6 10 1
e 6 46 1
e 6 47 1
e 7 11 1
e 7 48 1
e 7 49 1
e 8 16 1
e 8 32 1
e 8 50 1
e 9 17 1
e 9 33 1
e 9 51 1
e 10 18 1
e 10 52 1
e 10 53 1
e 11 19 1
e 11 54 1
e 11 55 1
e 12 14 1
e 13 15 1
e 14 20 2
e 14 22 1
e 15 21 2
e 15 23 1
e 16 24 2
e 16 26 1
e 17 25 2
e 17 27 1
e 18 28 2
e 18 30 1
e 19 29 2
e 19 31 1
e 20 21 1
e 20 56 1
e 21 57 1
e 22 23 2
e 22 58 1
e 23 59 1
e 24 34 1
e 24 60 1
e 25 35 1
e 25 61 1
e 26 36 2
e 26 62 1
e 27 37 2
e 27 63 1
e 28 38 1
e 28 64 1
e 29 39 1
e 29 65 1
e 30 40 2
e 30 66 1
e 31 41 2
e 31 67 1
e 34 42 2
e 34 68 1
e 35 43 2
e 35 69 1
e 36 42 1
e 36 70 1
e 37 43 1
e 37 71 1
e 38 44 2
e 38 72 1
e 39 45 2
e 39 73 1
e 40 44 1
e 40 74 1
e 41 45 1
e 41 75 1
e 42 76 1
e 43 77 1
e 44 78 1
e 45 79 1
t # 17622
v 0 1
v 1 1
v 2 1
v 3 1
v 4 2
v 5 2
v 6 2
v 7 2
v 8 3
v 9 3
v 10 3
v 11 3
v 12 3
v 13 3
v 14 3
v 15 3
v 16 3
v 17 3
v 18 3
v 19 3
v 20 3
v 21 3
v 22 3
v 23 3
v 24 3
v 25 3
v 26 3
v 27 3
v 28 3
v 29 3
v 30 3
v 31 3
v 32 3
v 33 3
v 34 3
v 35 3
v 36 3
v 37 3
v 38 3
v 39 3
v 40 3
v 41 3
v 42 3
v 43 3
v 44 3
v 45 3
v 46 3
v 47 3
v 48 3
v 49 3
v 50 3
v 51 3
v 52 3
v 53 3
v 54 4
v 55 4
v 56 4
v 57 4
v 58 4
v 59 4
v 60 4
v 61 4
v 62 4
v 63 4
v 64 4
v 65 4
v 66 4
v 67 4
v 68 4
v 69 4
v 70 4
v 71 4
v 72 4
v 73 4
v 74 4
v 75 4
v 76 4
v 77 4
v 78 4
v 79 4
v 80 4
v 81 4
v 82 4
v 83 4
v 84 4
v 85 4
v 86 4
v 87 4
v 88 4
v 89 4
v 90 4
v 91 4
v 92 4
v 93 4
v 94 4
v 95 4
v 96 4
v 97 4
v 98 4
v 99 4
v 100 4
v 101 4
v 102 4
v 103 4
v 104 4
v 105 4
v 106 4
v 107 4
e 0 16 1
e 0 20 1
e 1 17 1
e 1 21 1
e 2 36 2
e 3 37 2
e 4 18 1
e 4 22 1
e 4 36 1
e 5 19 1
e 5 23 1
e 5 37 1
e 8 9 1
e 8 10 1
e 8 54 1
e 8 55 1
e 9 11 1
e 9 56 1
e 9 57 1
e 10 12 1
e 10 58 1
e 10 59 1
e 11 13 1
e 11 60 1
e 11 61 1
e 12 14 1
e 12 62 1
e 12 63 1
e 13 15 1
e 13 64 1
e 13 65 1
e 14 16 1
e 14 66 1
e 14 67 1
e 15 17 1
e 15 68 1
e 15 69 1
e 16 70 1
e 16 71 1
e 17 72 1
e 17 73 1
e 18 24 1
e 18 40 1
e 18 74 1
e 19 25 1
e 19 41 1
e 19 75 1
e 20 28 2
e 20 30 1
e 21 29 2
e 21 31 1
e 22 26 1
e 22 76 1
e 22 77 1
e 23 27 1
e 23 78 1
e 23 79 1
e 24 32 2
e 24 34 1
e 25 33 2
e 25 35 1
e 26 38 1
e 26 80 1
e 26 81 1
e 27 39 1
e 27 82 1
e 27 83 1
e 28 32 1
e 28 84 1
e 29 33 1
e 29 85 1
e 30 34 2
e 30 86 1
e 31 35 2
e 31 87 1
e 32 88 1
e 33 89 1
e 34 90 1
e 35 91 1
e 36 42 1
e 37 43 1
e 38 44 2
e 38 46 1
e 39 45 2
e 39 47 1
e 42 92 1
e 42 93 1
e 42 94 1
e 43 95 1
e 43 96 1
e 43 97 1
e 44 48 1
e 44 98 1
e 45 49 1
e 45 99 1
e 46 50 2
e 46 100 1
e 47 51 2
e 47 101 1
e 48 52 2
e 48 102 1
e 49 53 2
e 49 103 1
e 50 52 1
e 50 104 1
e 51 53 1
e 51 105 1
e 52 106 1
e 53 107 1
t # 17623
v 0 1
v 1 1
v 2 2
v 3 2
v 4 2
v 5 2
v 6 3
v 7 3
v 8 3
v 9 3
v 10 3
v 11 3
v 12 3
v 13 3
v 14 3
v 15 3
v 16 3
v 17 3
v 18 3
v 19 3
v 20 3
v 21 3
v 22 3
v 23 3
v 24 3
v 25 3
v 26 3
v 27 3
v 28 3
v 29 3
v 30 3
v 31 3
v 32 3
v 33 3
v 34 3
v 35 3
v 36 4
v 37 4
v 38 4
v 39 4
v 40 4
v 41 4
v 42 4
v 43 4
v 44 4
v 45 4
v 46 4
v 47 4
v 48 4
v 49 4
v 50 4
v 51 4
v 52 4
v 53 4
v 54 4
v 55 4
v 56 4
v 57 4
v 58 4
v 59 4
v 60 4
v 61 4
v 62 4
v 63 4
v 64 4
v 65 4
e 0 18 2
e 1 19 2
e 2 6 1
e 2 10 1
e 2 18 1
e 3 7 1
e 3 11 1
e 3 19 1
e 6 8 1
e 6 24 1
e 6 36 1
e 7 9 1
e 7 25 1
e 7 37 1
e 8 12 2
e 8 14 1
e 9 13 2
e 9 15 1
e 10 16 1
e 10 38 1
e 10 39 1
e 11 17 1
e 11 40 1
e 11 41 1
e 12 13 1
e 12 42 1
e 13 43 1
e 14 15 2
e 14 44 1
e 15 45 1
e 16 20 1
e 16 46 1
e 16 47 1
e 17 21 1
e 17 48 1
e 17 49 1
e 18 22 1
e 19 23 1
e 20 50 1
e 20 51 1
e 20 52 1
e 21 53 1
e 21 54 1
e 21 55 1
e 22 26 2
e 22 28 1
e 23 27 2
e 23 29 1
e 26 30 1
e 26 56 1
e 27 31 1
e 27 57 1
e 28 32 2
e 28 58 1
e 29 33 2
e 29 59 1
e 30 34 2
e 30 60 1
e 31 35 2
e 31 61 1
e 32 34 1
e 32 62 1
e 33 35 1
e 33 63 1
e 34 64 1
e 35 65 1
t # 17624
v 0 1
v 1 1
v 2 2
v 3 2
v 4 2
v 5 2
v 6 3
v 7 3
v 8 3
v 9 3
v 10 3
v 11 3
v 12 3
v 13 3
v 14 3
v 15 3
v 16 3
v 17 3
v 18 3
v 19 3
v 20 3
v 21 3
v 22 3
v 23 3
v 24 3
v 25 3
v 26 4
v 27 4
v 28 4
v 29 4
v 30 4
v 31 4
v 32 4
v 33 4
v 34 4
v 35 4
v 36 4
v 37 4
v 38 4
v 39 4
v 40 4
v 41 4
v 42 4
v 43 4
v 44 4
v 45 4
v 46 4
v 47 4
v 48 4
v 49 4
v 50 4
v 51 4
e 0 18 2
e 1 19 2
e 2 6 1
e 2 10 1
e 2 18 1
e 3 7 1
e 3 11 1
e 3 19 1
e 6 8 1
e 6 26 1
e 6 27 1
e 7 9 1
e 7 28 1
e 7 29 1
e 8 12 2
e 8 15 1
e 9 12 1
e 9 16 2
e 10 13 1
e 10 22 1
e 10 30 1
e 11 14 1
e 11 23 1
e 11 31 1
e 12 32 1
e 13 20 1
e 13 33 1
e 13 34 1
e 14 21 1
e 14 35 1
e 14 36 1
e 15 17 2
e 15 37 1
e 16 17 1
e 16 38 1
e 17 39 1
e 18 24 1
e 19 25 1
e 20 40 1
e 20 41 1
e 20 42 1
e 21 43 1
e 21 44 1
e 21 45 1
e 24 46 1
e 24 47 1
e 24 48 1
e 25 49 1
e 25 50 1
e 25 51 1
t # 17625
v 0 1
v 1 1
v 2 2
v 3 2
v 4 2
v 5 2
v 6 3
v 7 3
v 8 3
v 9 3
v 10 3
v 11 3
v 12 3
v 13 3
v 14 3
v 15 3
v 16 3
v 17 3
v 18 3
v 19 3
v 20 3
v 21 3
v 22 3
v 23 3
v 24 3
v 25 3
v 26 3
v 27 3
v 28 3
v 29 3
v 30 3
v 31 3
v 32 3
v 33 3
v 34 3
v 35 3
v 36 4
v 37 4
v 38 4
v 39 4
v 40 4
v 41 4
v 42 4
v 43 4
v 44 4
v 45 4
v 46 4
v 47 4
v 48 4
v 49 4
v 50 4
v 51 4
v 52 4
v 53 4
v 54 4
v 55 4
v 56 4
v 57 4
v 58 4
v 59 4
v 60 4
v 61 4
v 62 4
v 63 4
v 64 4
v 65 4
e 0 18 2
e 1 19 2
e 2 6 1
e 2 8 1
e 2 18 1
e 3 7 1
e 3 9 1
e 3 19 1
e 6 10 1
e 6 36 1
e 6 37 1
e 7 11 1
e 7 38 1
e 7 39 1
e 8 12 1
e 8 24 1
e 8 40 1
e 9 13 1
e 9 25 1
e 9 41 1
e 10 14 2
e 10 16 1
e 11 15 2
e 11 17 1
e 12 20 1
e 12 42 1
e 12 43 1
e 13 21 1
e 13 44 1
e 13 45 1
e 14 15 1
e 14 46 1
e 15 47 1
e 16 17 2
e 16 48 1
e 17 49 1
e 18 22 1
e 19 23 1
e 20 50 1
e 20 51 1
e 20 52 1
e 21 53 1
e 21 54 1
e 21 55 1
e 22 26 2
e 22 28 1
e 23 27 2
e 23 29 1
e 26 30 1
e 26 56 1
e 27 31 1
e 27 57 1
e 28 32 2
e 28 58 1
e 29 33 2
e 29 59 1
e 30 34 2
e 30 60 1
e 31 35 2
e 31 61 1
e 32 34 1
e 32 62 1
e 33 35 1
e 33 63 1
e 34 64 1
e 35 65 1
t # 17626
v 0 1
v 1 1
v 2 1
v 3 1
v 4 2
v 5 2
v 6 2
v 7 2
v 8 3
v 9 3
v 10 3
v 11 3
v 12 3
v 13 3
v 14 3
v 15 3
v 16 3
v 17 3
v 18 3
v 19 3
v 20 3
v 21 3
v 22 3
v 23 3
v 24 3
v 25 3
v 26 3
v 27 3
v 28 3
v 29 3
v 30 3
v 31 3
v 32 3
v 33 3
v 34 3
v 35 3
v 36 3
v 37 3
v 38 3
v 39 3
v 40 3
v 41 3
v 42 3
v 43 3
v 44 3
v 45 3
v 46 3
v 47 3
v 48 3
v 49 3
v 50 3
v 51 3
v 52 4
v 53 4
v 54 4
v 55 4
v 56 4
v 57 4
v 58 4
v 59 4
v 60 4
v 61 4
v 62 4
v 63 4
v 64 4
v 65 4
v 66 4
v 67 4
v 68 4
v 69 4
v 70 4
v 71 4
v 72 4
v 73 4
v 74 4
v 75 4
v 76 4
v 77 4
v 78 4
v 79 4
v 80 4
v 81 4
v 82 4
v 83 4
v 84 4
v 85 4
v 86 4
v 87 4
v 88 4
v 89 4
e 0 12 1
e 0 22 1
e 1 13 1
e 1 23 1
e 2 14 2
e 3 15 2
e 4 8 1
e 4 10 1
e 4 14 1
e 5 9 1
e 5 11 1
e 5 15 1
e 8 12 1
e 8 52 1
e 8 53 1
e 9 13 1
e 9 54 1
e 9 55 1
e 10 18 1
e 10 38 1
e 10 56 1
e 11 19 1
e 11 39 1
e 11 57 1
e 12 58 1
e 12 59 1
e 13 60 1
e 13 61 1
e 14 16 1
e 15 17 1
e 16 20 1
e 16 26 2
e 17 21 1
e 17 27 2
e 18 28 2
e 18 30 1
e 19 29 2
e 19 31 1
e 20 24 1
e 20 32 2
e 21 25 1
e 21 33 2
e 22 23 1
e 22 62 1
e 22 63 1
e 23 64 1
e 23 65 1
e 24 34 1
e 24 40 2
e 25 35 1
e 25 41 2
e 26 36 1
e 26 66 1
e 27 37 1
e 27 67 1
e 28 44 1
e 28 68 1
e 29 45 1
e 29 69 1
e 30 46 2
e 30 70 1
e 31 47 2
e 31 71 1
e 32 42 1
e 32 72 1
e 33 43 1
e 33 73 1
e 34 36 2
e 34 74 1
e 35 37 2
e 35 75 1
e 36 76 1
e 37 77 1
e 40 48 1
e 40 78 1
e 41 49 1
e 41 79 1
e 42 48 2
e 42 80 1
e 43 49 2
e 43 81 1
e 44 50 2
e 44 82 1
e 45 51 2
e 45 83 1
e 46 50 1
e 46 84 1
e 47 51 1
e 47 85 1
e 48 86 1
e 49 87 1
e 50 88 1
e 51 89 1
t # 17627
v 0 1
v 1 1
v 2 1
v 3 1
v 4 2
v 5 2
v 6 2
v 7 2
v 8 3
v 9 3
v 10 3
v 11 3
v 12 3
v 13 3
v 14 3
v 15 3
v 16 3
v 17 3
v 18 3
v 19 3
v 20 3
v 21 3
v 22 3
v 23 3
v 24 3
v 25 3
v 26 3
v 27 3
v 28 3
v 29 3
v 30 3
v 31 3
v 32 3
v 33 3
v 34 3
v 35 3
v 36 3
v 37 3
v 38 3
v 39 3
v 40 3
v 41 3
v 42 3
v 43 3
v 44 4
v 45 4
v 46 4
v 47 4
v 48 4
v 49 4
v 50 4
v 51 4
v 52 4
v 53 4
v 54 4
v 55 4
v 56 4
v 57 4
v 58 4
v 59 4
v 60 4
v 61 4
v 62 4
v 63 4
v 64 4
v 65 4
v 66 4
v 67 4
v 68 4
v 69 4
v 70 4
v 71 4
v 72 4
v 73 4
v 74 4
v 75 4
v 76 4
v 77 4
e 0 12 1
e 0 18 1
e 1 13 1
e 1 19 1
e 2 16 2
e 3 17 2
e 4 8 1
e 4 10 1
e 4 16 1
e 5 9 1
e 5 11 1
e 5 17 1
e 8 12 1
e 8 44 1
e 8 45 1
e 9 13 1
e 9 46 1
e 9 47 1
e 10 14 1
e 10 26 1
e 10 48 1
e 11 15 1
e 11 27 1
e 11 49 1
e 12 50 1
e 12 51 1
e 13 52 1
e 13 53 1
e 14 22 2
e 14 24 1
e 15 23 2
e 15 25 1
e 16 20 1
e 17 21 1
e 18 19 1
e 18 54 1
e 18 55 1
e 19 56 1
e 19 57 1
e 20 32 2
e 20 34 1
e 21 33 2
e 21 35 1
e 22 28 1
e 22 58 1
e 23 29 1
e 23 59 1
e 24 30 2
e 24 60 1
e 25 31 2
e 25 61 1
e 28 36 2
e 28 62 1
e 29 37 2
e 29 63 1
e 30 36 1
e 30 64 1
e 31 37 1
e 31 65 1
e 32 38 1
e 32 66 1
e 33 39 1
e 33 67 1
e 34 40 2
e 34 68 1
e 35 41 2
e 35 69 1
e 36 70 1
e 37 71 1
e 38 42 2
e 38 72 1
e 39 43 2
e 39 73 1
e 40 42 1
e 40 74 1
e 41 43 1
e 41 75 1
e 42 76 1
e 43 77 1
t # 17628
v 0 1
v 1 1
v 2 2
v 3 2
v 4 2
v 5 2
v 6 3
v 7 3
v 8 3
v 9 3
v 10 3
v 11 3
v 12 3
v 13 3
v 14 3
v 15 3
v 16 3
v 17 3
v 18 3
v 19 3
v 20 3
v 21 3
v 22 3
v 23 3
v 24 3
v 25 3
v 26 3
v 27 3
v 28 3
v 29 3
v 30 3
v 31 3
v 32 3
v 33 3
v 34 3
v 35 3
v 36 3
v 37 3
v 38 3
v 39 3
v 40 3
v 41 3
v 42 4
v 43 4
v 44 4
v 45 4
v 46 4
v 47 4
v 48 4
v 49 4
v 50 4
v 51 4
v 52 4
v 53 4
v 54 4
v 55 4
v 56 4
v 57 4
v 58 4
v 59 4
v 60 4
v 61 4
v 62 4
v 63 4
v 64 4
v 65 4
v 66 4
v 67 4
v 68 4
v 69 4
v 70 4
v 71 4
v 72 4
v 73 4
v 74 4
v 75 4
e 0 14 2
e 1 15 2
e 2 10 1
e 2 12 1
e 2 14 1
e 3 11 1
e 3 13 1
e 3 15 1
e 6 7 1
e 6 8 1
e 6 42 1
e 6 43 1
e 7 9 1
e 7 44 1
e 7 45 1
e 8 10 1
e 8 46 1
e 8 47 1
e 9 11 1
e 9 48 1
e 9 49 1
e 10 50 1
e 10 51 1
e 11 52 1
e 11 53 1
e 12 16 1
e 12 20 1
e 12 54 1
e 13 17 1
e 13 21 1
e 13 55 1
e 14 18 1
e 15 19 1
e 16 22 2
e 16 24 1
e 17 23 2
e 17 25 1
e 18 26 2
e 18 28 1
e 19 27 2
e 19 29 1
e 22 30 1
e 22 56 1
e 23 31 1
e 23 57 1
e 24 32 2
e 24 58 1
e 25 33 2
e 25 59 1
e 26 36 1
e 26 60 1
e 27 37 1
e 27 61 1
e 28 38 2
e 28 62 1
e 29 39 2
e 29 63 1
e 30 34 2
e 30 64 1
e 31 35 2
e 31 65 1
e 32 34 1
e 32 66 1
e 33 35 1
e 33 67 1
e 34 68 1
e 35 69 1
e 36 40 2
e 36 70 1
e 37 41 2
e 37 71 1
e 38 40 1
e 38 72 1
e 39 41 1
e 39 73 1
e 40 74 1
e 41 75 1
t # 17629
v 0 1
v 1 2
v 2 2
v 3 3
v 4 3
v 5 3
v 6 3
v 7 3
v 8 3
v 9 3
v 10 3
v 11 3
v 12 3
v 13 3
v 14 3
v 15 3
v 16 3
v 17 3
v 18 3
v 19 3
v 20 3
v 21 3
v 22 4
v 23 4
v 24 4
v 25 4
v 26 4
v 27 4
v 28 4
v 29 4
v 30 4
v 31 4
v 32 4
v 33 4
v 34 4
v 35 4
v 36 4
v 37 4
v 38 4
v 39 4
v 40 4
v 41 4
e 0 7 2
e 1 3 1
e 1 4 1
e 1 6 1
e 2 6 2
e 2 7 1
e 3 5 1
e 3 7 1
e 3 8 1
e 4 9 1
e 4 22 1
e 4 23 1
e 5 10 2
e 5 11 1
e 6 12 1
e 8 24 1
e 8 25 1
e 8 26 1
e 9 13 1
e 9 27 1
e 9 28 1
e 10 14 1
e 10 29 1
e 11 15 2
e 11 30 1
e 12 31 1
e 12 32 1
e 12 33 1
e 13 17 2
e 13 18 1
e 14 16 2
e 14 34 1
e 15 16 1
e 15 35 1
e 16 36 1
e 17 19 1
e 17 37 1
e 18 20 2
e 18 38 1
e 19 21 2
e 19 39 1
e 20 21 1
e 20 40 1
e 21 41 1
t # 17630
v 0 1
v 1 2
v 2 2
v 3 3
v 4 3
v 5 3
v 6 3
v 7 3
v 8 3
v 9 3
v 10 3
v 11 3
v 12 3
v 13 3
v 14 3
v 15 3
v 16 3
v 17 3
v 18 3
v 19 3
v 20 3
v 21 3
v 22 3
v 23 3
v 24 3
v 25 3
v 26 3
v 27 3
v 28 4
v 29 4
v 30 4
v 31 4
v 32 4
v 33 4
v 34 4
v 35 4
v 36 4
v 37 4
v 38 4
v 39 4
v 40 4
v 41 4
v 42 4
v 43 4
v 44 4
v 45 4
v 46 4
v 47 4
v 48 4
v 49 4
v 50 4
v 51 4
e 0 7 2
e 1 3 1
e 1 6 1
e 1 8 1
e 2 7 1
e 2 8 2
e 3 4 1
e 3 5 1
e 3 7 1
e 4 10 1
e 4 28 1
e 4 29 1
e 5 12 2
e 5 13 1
e 6 9 1
e 6 30 1
e 6 31 1
e 8 11 1
e 9 14 1
e 9 32 1
e 9 33 1
e 10 34 1
e 10 35 1
e 10 36 1
e 11 17 2
e 11 18 1
e 12 15 1
e 12 37 1
e 13 16 2
e 13 38 1
e 14 20 2
e 14 21 1
e 15 19 2
e 15 39 1
e 16 19 1
e 16 40 1
e 17 22 1
e 17 41 1
e 18 23 2
e 18 42 1
e 19 43 1
e 20 25 1
e 20 44 1
e 21 26 2
e 21 45 1
e 22 24 2
e 22 46 1
e 23 24 1
e 23 47 1
e 24 48 1
e 25 27 2
e 25 49 1
e 26 27 1
e 26 50 1
e 27 51 1
t # 17631
v 0 1
v 1 2
v 2 2
v 3 3
v 4 3
v 5 3
v 6 3
v 7 3
v 8 3
v 9 3
v 10 3
v 11 3
v 12 3
v 13 3
v 14 3
v 15 3
v 16 3
v 17 3
v 18 3
v 19 3
v 20 3
v 21 3
v 22 3
v 23 3
v 24 3
v 25 3
v 26 3
v 27 3
v 28 4
v 29 4
v 30 4
v 31 4
v 32 4
v 33 4
v 34 4
v 35 4
v 36 4
v 37 4
v 38 4
v 39 4
v 40 4
v 41 4
v 42 4
v 43 4
v 44 4
v 45 4
v 46 4
v 47 4
v 48 4
v 49 4
v 50 4
v 51 4
e 0 8 2
e 1 3 1
e 1 5 1
e 1 8 1
e 3 4 1
e 3 6 1
e 3 10 1
e 4 9 1
e 4 28 1
e 4 29 1
e 5 7 1
e 5 30 1
e 5 31 1
e 6 11 2
e 6 12 1
e 7 13 1
e 7 32 1
e 7 33 1
e 8 14 1
e 9 34 1
e 9 35 1
e 9 36 1
e 11 15 1
e 11 37 1
e 12 16 2
e 12 38 1
e 13 17 2
e 13 18 1
e 14 20 2
e 14 21 1
e 15 19 2
e 15 39 1
e 16 19 1
e 16 40 1
e 17 22 1
e 17 41 1
e 18 23 2
e 18 42 1
e 19 43 1
e 20 24 1
e 20 44 1
e 21 25 2
e 21 45 1
e 22 26 2
e 22 46 1
e 23 26 1
e 23 47 1
e 24 27 2
e 24 48 1
e 25 27 1
e 25 49 1
e 26 50 1
e 27 51 1
t # 17632
v 0 1
v 1 2
v 2 2
v 3 3
v 4 3
v 5 3
v 6 3
v 7 3
v 8 3
v 9 3
v 10 3
v 11 3
v 12 3
v 13 3
v 14 3
v 15 3
v 16 3
v 17 3
v 18 3
v 19 3
v 20 3
v 21 3
v 22 4
v 23 4
v 24 4
v 25 4
v 26 4
v 27 4
v 28 4
v 29 4
v 30 4
v 31 4
v 32 4
v 33 4
v 34 4
v 35 4
v 36 4
v 37 4
v 38 4
v 39 4
v 40 4
v 41 4
e 0 8 2
e 1 3 1
e 1 4 1
e 1 8 1
e 3 5 1
e 3 7 1
e 3 12 1
e 4 6 1
e 4 22 1
e 4 23 1
e 5 10 2
e 5 11 1
e 6 9 1
e 6 24 1
e 6 25 1
e 7 26 1
e 7 27 1
e 7 28 1
e 8 13 1
e 9 14 2
e 9 15 1
e 10 16 1
e 10 29 1
e 11 17 2
e 11 30 1
e 13 31 1
e 13 32 1
e 13 33 1
e 14 19 1
e 14 34 1
e 15 20 2
e 15 35 1
e 16 18 2
e 16 36 1
e 17 18 1
e 17 37 1
e 18 38 1
e 19 21 2
e 19 39 1
e 20 21 1
e 20 40 1
e 21 41 1
t # 17633
v 0 1
v 1 1
v 2 2
v 3 2
v 4 3
v 5 3
v 6 3
v 7 3
v 8 3
v 9 3
v 10 3
v 11 3
v 12 3
v 13 3
v 14 3
v 15 3
v 16 3
v 17 3
v 18 3
v 19 3
v 20 3
v 21 3
v 22 3
v 23 3
v 24 3
v 25 3
v 26 3
v 27 3
v 28 4
v 29 4
v 30 4
v 31 4
v 32 4
v 33 4
v 34 4
v 35 4
v 36 4
v 37 4
v 38 4
v 39 4
v 40 4
v 41 4
v 42 4
v 43 4
v 44 4
v 45 4
v 46 4
v 47 4
v 48 4
v 49 4
e 0 10 1
e 0 22 1
e 1 10 2
e 2 4 1
e 2 5 1
e 2 10 1
e 4 6 1
e 4 8 1
e 4 13 1
e 5 7 1
e 5 28 1
e 5 29 1
e 6 11 2
e 6 12 1
e 7 9 1
e 7 30 1
e 7 31 1
e 8 32 1
e 8 33 1
e 8 34 1
e 9 16 2
e 9 17 1
e 11 14 1
e 11 35 1
e 12 15 2
e 12 36 1
e 14 18 2
e 14 37 1
e 15 18 1
e 15 38 1
e 16 19 1
e 16 39 1
e 17 20 2
e 17 40 1
e 18 41 1
e 19 21 2
e 19 42 1
e 20 21 1
e 20 43 1
e 21 44 1
e 22 23 2
e 22 24 1
e 23 25 1
e 23 45 1
e 24 26 2
e 24 46 1
e 25 27 2
e 25 47 1
e 26 27 1
e 26 48 1
e 27 49 1
t # 17634
v 0 1
v 1 1
v 2 2
v 3 2
v 4 3
v 5 3
v 6 3
v 7 3
v 8 3
v 9 3
v 10 3
v 11 3
v 12 3
v 13 3
v 14 3
v 15 3
v 16 3
v 17 3
v 18 3
v 19 3
v 20 3
v 21 3
v 22 3
v 23 3
v 24 3
v 25 4
v 26 4
v 27 4
v 28 4
v 29 4
v 30 4
v 31 4
v 32 4
v 33 4
v 34 4
v 35 4
v 36 4
v 37 4
v 38 4
v 39 4
v 40 4
v 41 4
v 42 4
v 43 4
v 44 4
v 45 4
v 46 4
v 47 4
v 48 4
e 0 11 1
e 0 19 1
e 1 11 2
e 2 6 1
e 2 8 1
e 2 11 1
e 4 5 1
e 4 6 1
e 4 25 1
e 4 26 1
e 5 7 1
e 5 27 1
e 5 28 1
e 6 29 1
e 6 30 1
e 7 9 1
e 7 31 1
e 7 32 1
e 8 10 1
e 8 15 1
e 8 33 1
e 9 12 1
e 9 34 1
e 9 35 1
e 10 13 2
e 10 14 1
e 12 36 1
e 12 37 1
e 12 38 1
e 13 16 1
e 13 39 1
e 14 17 2
e 14 40 1
e 16 18 2
e 16 41 1
e 17 18 1
e 17 42 1
e 18 43 1
e 19 20 2
e 19 21 1
e 20 22 1
e 20 44 1
e 21 23 2
e 21 45 1
e 22 24 2
e 22 46 1
e 23 24 1
e 23 47 1
e 24 48 1
t # 17635
v 0 1
v 1 1
v 2 2
v 3 2
v 4 3
v 5 3
v 6 3
v 7 3
v 8 3
v 9 3
v 10 3
v 11 3
v 12 3
v 13 3
v 14 3
v 15 3
v 16 3
v 17 3
v 18 3
v 19 3
v 20 3
v 21 3
v 22 3
v 23 3
v 24 3
v 25 3
v 26 3
v 27 4
v 28 4
v 29 4
v 30 4
v 31 4
v 32 4
v 33 4
v 34 4
v 35 4
v 36 4
v 37 4
v 38 4
v 39 4
v 40 4
v 41 4
v 42 4
v 43 4
v 44 4
v 45 4
v 46 4
e 0 9 1
e 0 21 1
e 1 9 2
e 2 4 1
e 2 5 1
e 2 9 1
e 4 6 1
e 4 27 1
e 4 28 1
e 5 7 1
e 5 14 1
e 5 29 1
e 6 8 1
e 6 30 1
e 6 31 1
e 7 10 2
e 7 11 1
e 8 12 2
e 8 13 1
e 10 15 1
e 10 32 1
e 11 16 2
e 11 33 1
e 12 17 1
e 12 34 1
e 13 18 2
e 13 35 1
e 15 19 2
e 15 36 1
e 16 19 1
e 16 37 1
e 17 20 2
e 17 38 1
e 18 20 1
e 18 39 1
e 19 40 1
e 20 41 1
e 21 22 2
e 21 23 1
e 22 24 1
e 22 42 1
e 23 25 2
e 23 43 1
e 24 26 2
e 24 44 1
e 25 26 1
e 25 45 1
e 26 46 1
t # 17636
v 0 1
v 1 2
v 2 2
v 3 3
v 4 3
v 5 3
v 6 3
v 7 3
v 8 3
v 9 3
v 10 3
v 11 3
v 12 3
v 13 3
v 14 3
v 15 3
v 16 3
v 17 3
v 18 3
v 19 3
v 20 3
v 21 4
v 22 4
v 23 4
v 24 4
v 25 4
v 26 4
v 27 4
v 28 4
v 29 4
v 30 4
v 31 4
v 32 4
v 33 4
v 34 4
v 35 4
v 36 4
v 37 4
v 38 4
e 0 7 2
e 1 3 1
e 1 5 1
e 1 7 1
e 3 4 1
e 3 21 1
e 3 22 1
e 4 6 1
e 4 23 1
e 4 24 1
e 5 8 1
e 5 12 1
e 5 25 1
e 6 10 2
e 6 11 1
e 7 9 1
e 8 26 1
e 8 27 1
e 8 28 1
e 9 13 2
e 9 14 1
e 10 15 1
e 10 29 1
e 11 16 2
e 11 30 1
e 13 18 1
e 13 31 1
e 14 19 2
e 14 32 1
e 15 17 2
e 15 33 1
e 16 17 1
e 16 34 1
e 17 35 1
e 18 20 2
e 18 36 1
e 19 20 1
e 19 37 1
e 20 38 1
t # 17637
v 0 1
v 1 2
v 2 2
v 3 3
v 4 3
v 5 3
v 6 3
v 7 3
v 8 3
v 9 3
v 10 3
v 11 3
v 12 3
v 13 3
v 14 3
v 15 3
v 16 3
v 17 3
v 18 3
v 19 3
v 20 3
v 21 4
v 22 4
v 23 4
v 24 4
v 25 4
v 26 4
v 27 4
v 28 4
v 29 4
v 30 4
v 31 4
v 32 4
v 33 4
v 34 4
v 35 4
v 36 4
v 37 4
v 38 4
e 0 8 2
e 1 3 1
e 1 4 1
e 1 8 1
e 3 5 1
e 3 21 1
e 3 22 1
e 4 6 1
e 4 13 1
e 4 23 1
e 5 7 1
e 5 24 1
e 5 25 1
e 6 9 2
e 6 10 1
e 7 11 2
e 7 12 1
e 8 14 1
e 9 15 1
e 9 26 1
e 10 16 2
e 10 27 1
e 11 17 1
e 11 28 1
e 12 18 2
e 12 29 1
e 14 30 1
e 14 31 1
e 14 32 1
e 15 19 2
e 15 33 1
e 16 19 1
e 16 34 1
e 17 20 2
e 17 35 1
e 18 20 1
e 18 36 1
e 19 37 1
e 20 38 1
t # 17638
v 0 1
v 1 2
v 2 2
v 3 3
v 4 3
v 5 3
v 6 3
v 7 3
v 8 3
v 9 3
v 10 3
v 11 3
v 12 3
v 13 3
v 14 3
v 15 3
v 16 3
v 17 3
v 18 3
v 19 3
v 20 3
v 21 3
v 22 3
v 23 3
v 24 3
v 25 3
v 26 4
v 27 4
v 28 4
v 29 4
v 30 4
v 31 4
v 32 4
v 33 4
v 34 4
v 35 4
v 36 4
v 37 4
v 38 4
v 39 4
v 40 4
v 41 4
v 42 4
v 43 4
v 44 4
v 45 4
e 0 8 2
e 1 3 1
e 1 4 1
e 1 8 1
e 3 5 1
e 3 26 1
e 3 27 1
e 4 6 1
e 4 14 1
e 4 28 1
e 5 7 1
e 5 29 1
e 5 30 1
e 6 10 2
e 6 11 1
e 7 12 2
e 7 13 1
e 8 9 1
e 9 17 2
e 9 18 1
e 10 15 1
e 10 31 1
e 11 16 2
e 11 32 1
e 12 19 1
e 12 33 1
e 13 20 2
e 13 34 1
e 15 21 2
e 15 37 1
e 16 21 1
e 16 38 1
e 17 23 1
e 17 35 1
e 18 24 2
e 18 36 1
e 19 22 2
e 19 39 1
e 20 22 1
e 20 40 1
e 21 41 1
e 22 42 1
e 23 25 2
e 23 43 1
e 24 25 1
e 24 44 1
e 25 45 1
t # 17639
v 0 14
v 1 14
v 2 1
v 3 1
v 4 2
v 5 2
v 6 2
v 7 3
v 8 3
v 9 3
v 10 3
v 11 3
v 12 3
v 13 3
v 14 3
v 15 3
v 16 3
v 17 3
v 18 3
v 19 3
v 20 3
v 21 3
v 22 3
v 23 3
v 24 3
v 25 3
v 26 3
v 27 3
v 28 3
v 29 4
v 30 4
v 31 4
v 32 4
v 33 4
v 34 4
v 35 4
v 36 4
v 37 4
v 38 4
v 39 4
v 40 4
v 41 4
e 2 10 2
e 3 11 2
e 4 7 1
e 4 8 1
e 4 10 1
e 5 7 1
e 5 9 1
e 5 11 1
e 7 16 1
e 7 29 1
e 8 9 1
e 8 12 2
e 9 13 2
e 10 17 1
e 11 18 1
e 12 14 1
e 12 30 1
e 13 15 1
e 13 31 1
e 14 15 2
e 14 32 1
e 15 33 1
e 17 19 2
e 17 21 1
e 18 20 2
e 18 22 1
e 19 23 1
e 19 34 1
e 20 24 1
e 20 35 1
e 21 25 2
e 21 36 1
e 22 26 2
e 22 37 1
e 23 27 2
e 23 38 1
e 24 28 2
e 24 39 1
e 25 27 1
e 25 40 1
e 26 28 1
e 26 41 1
t # 17640
v 0 1
v 1 1
v 2 2
v 3 2
v 4 2
v 5 2
v 6 3
v 7 3
v 8 3
v 9 3
v 10 3
v 11 3
v 12 3
v 13 3
v 14 3
v 15 3
v 16 3
v 17 3
v 18 3
v 19 3
v 20 3
v 21 3
v 22 3
v 23 3
v 24 3
v 25 3
v 26 4
v 27 4
v 28 4
v 29 4
v 30 4
v 31 4
v 32 4
v 33 4
v 34 4
v 35 4
v 36 4
v 37 4
v 38 4
v 39 4
v 40 4
v 41 4
v 42 4
v 43 4
v 44 4
v 45 4
e 0 24 1
e 0 44 1
e 1 25 1
e 1 45 1
e 2 6 1
e 2 7 1
e 2 10 1
e 3 8 1
e 3 9 1
e 3 11 1
e 6 8 1
e 6 26 1
e 6 27 1
e 7 9 1
e 7 28 1
e 7 29 1
e 8 30 1
e 8 31 1
e 9 32 1
e 9 33 1
e 10 12 1
e 10 14 1
e 10 34 1
e 11 13 1
e 11 15 1
e 11 35 1
e 12 16 2
e 12 18 1
e 13 17 2
e 13 19 1
e 16 20 1
e 16 36 1
e 17 21 1
e 17 37 1
e 18 22 2
e 18 38 1
e 19 23 2
e 19 39 1
e 20 24 2
e 20 40 1
e 21 25 2
e 21 41 1
e 22 24 1
e 22 42 1
e 23 25 1
e 23 43 1
t # 17641
v 0 1
v 1 1
v 2 2
v 3 2
v 4 2
v 5 2
v 6 3
v 7 3
v 8 3
v 9 3
v 10 3
v 11 3
v 12 3
v 13 3
v 14 3
v 15 3
v 16 3
v 17 3
v 18 3
v 19 3
v 20 3
v 21 3
v 22 3
v 23 3
v 24 3
v 25 3
v 26 3
v 27 3
v 28 3
v 29 3
v 30 4
v 31 4
v 32 4
v 33 4
v 34 4
v 35 4
v 36 4
v 37 4
v 38 4
v 39 4
v 40 4
v 41 4
v 42 4
v 43 4
v 44 4
v 45 4
v 46 4
v 47 4
v 48 4
v 49 4
v 50 4
v 51 4
v 52 4
v 53 4
v 54 4
v 55 4
v 56 4
v 57 4
v 58 4
v 59 4
e 0 26 1
e 0 28 1
e 1 27 1
e 1 29 1
e 2 10 1
e 2 12 1
e 2 42 1
e 3 11 1
e 3 13 1
e 3 43 1
e 6 7 1
e 6 8 1
e 6 30 1
e 6 31 1
e 7 9 1
e 7 32 1
e 7 33 1
e 8 10 1
e 8 34 1
e 8 35 1
e 9 11 1
e 9 36 1
e 9 37 1
e 10 38 1
e 10 39 1
e 11 40 1
e 11 41 1
e 12 14 1
e 12 20 1
e 12 44 1
e 13 15 1
e 13 21 1
e 13 45 1
e 14 16 2
e 14 18 1
e 15 17 2
e 15 19 1
e 16 22 1
e 16 46 1
e 17 23 1
e 17 47 1
e 18 24 2
e 18 48 1
e 19 25 2
e 19 49 1
e 22 26 2
e 22 50 1
e 23 27 2
e 23 51 1
e 24 26 1
e 24 52 1
e 25 27 1
e 25 53 1
e 28 54 1
e 28 55 1
e 28 56 1
e 29 57 1
e 29 58 1
e 29 59 1
t # 17642
v 0 2
v 1 2
v 2 2
v 3 2
v 4 3
v 5 3
v 6 3
v 7 3
v 8 3
v 9 3
v 10 3
v 11 3
v 12 3
v 13 3
v 14 3
v 15 3
v 16 3
v 17 3
v 18 3
v 19 3
v 20 3
v 21 3
v 22 3
v 23 3
v 24 3
v 25 3
v 26 3
v 27 3
v 28 4
v 29 4
v 30 4
v 31 4
v 32 4
v 33 4
v 34 4
v 35 4
v 36 4
v 37 4
v 38 4
v 39 4
v 40 4
v 41 4
v 42 4
v 43 4
v 44 4
v 45 4
v 46 4
v 47 4
v 48 4
v 49 4
e 0 6 1
e 0 9 1
e 0 35 1
e 1 7 1
e 1 10 1
e 1 36 1
e 4 6 1
e 4 8 2
e 4 11 1
e 5 7 1
e 5 8 1
e 5 12 2
e 6 28 1
e 6 29 1
e 7 30 1
e 7 31 1
e 8 32 1
e 9 13 1
e 9 20 1
e 9 33 1
e 10 14 1
e 10 21 1
e 10 34 1
e 11 15 2
e 11 37 1
e 12 15 1
e 12 38 1
e 13 16 2
e 13 17 1
e 14 18 2
e 14 19 1
e 15 39 1
e 16 22 1
e 16 40 1
e 17 23 2
e 17 41 1
e 18 24 1
e 18 42 1
e 19 25 2
e 19 43 1
e 22 26 2
e 22 44 1
e 23 26 1
e 23 45 1
e 24 27 2
e 24 46 1
e 25 27 1
e 25 47 1
e 26 48 1
e 27 49 1
t # 17643
v 0 2
v 1 2
v 2 2
v 3 2
v 4 3
v 5 3
v 6 3
v 7 3
v 8 3
v 9 3
v 10 3
v 11 3
v 12 3
v 13 3
v 14 3
v 15 3
v 16 3
v 17 3
v 18 3
v 19 3
v 20 4
v 21 4
v 22 4
v 23 4
v 24 4
v 25 4
v 26 4
v 27 4
v 28 4
v 29 4
v 30 4
v 31 4
v 32 4
v 33 4
v 34 4
v 35 4
v 36 4
v 37 4
v 38 4
v 39 4
v 40 4
v 41 4
e 0 6 1
e 0 8 1
e 0 27 1
e 1 7 1
e 1 9 1
e 1 28 1
e 4 6 1
e 4 10 2
e 4 13 1
e 5 7 1
e 5 10 1
e 5 14 2
e 6 20 1
e 6 21 1
e 7 22 1
e 7 23 1
e 8 11 1
e 8 18 1
e 8 24 1
e 9 12 1
e 9 19 1
e 9 25 1
e 10 26 1
e 11 16 1
e 11 29 1
e 11 30 1
e 12 17 1
e 12 31 1
e 12 32 1
e 13 15 2
e 13 33 1
e 14 15 1
e 14 34 1
e 15 35 1
e 16 36 1
e 16 37 1
e 16 38 1
e 17 39 1
e 17 40 1
e 17 41 1
t # 17644
v 0 2
v 1 2
v 2 2
v 3 2
v 4 3
v 5 3
v 6 3
v 7 3
v 8 3
v 9 3
v 10 3
v 11 3
v 12 3
v 13 3
v 14 3
v 15 3
v 16 3
v 17 3
v 18 3
v 19 3
v 20 4
v 21 4
v 22 4
v 23 4
v 24 4
v 25 4
v 26 4
v 27 4
v 28 4
v 29 4
v 30 4
v 31 4
v 32 4
v 33 4
v 34 4
v 35 4
v 36 4
v 37 4
v 38 4
v 39 4
v 40 4
v 41 4
e 0 4 1
e 0 8 1
e 0 26 1
e 1 5 1
e 1 9 1
e 1 27 1
e 4 6 1
e 4 20 1
e 4 21 1
e 5 7 1
e 5 22 1
e 5 23 1
e 6 12 2
e 6 14 1
e 7 13 2
e 7 15 1
e 8 10 1
e 8 18 1
e 8 24 1
e 9 11 1
e 9 19 1
e 9 25 1
e 10 16 1
e 10 28 1
e 10 29 1
e 11 17 1
e 11 30 1
e 11 31 1
e 12 13 1
e 12 32 1
e 13 33 1
e 14 15 2
e 14 34 1
e 15 35 1
e 16 36 1
e 16 37 1
e 16 38 1
e 17 39 1
e 17 40 1
e 17 41 1
t # 17645
v 0 1
v 1 1
v 2 2
v 3 2
v 4 2
v 5 2
v 6 3
v 7 3
v 8 3
v 9 3
v 10 3
v 11 3
v 12 3
v 13 3
v 14 3
v 15 3
v 16 3
v 17 3
v 18 3
v 19 3
v 20 3
v 21 3
v 22 3
v 23 3
v 24 3
v 25 3
v 26 3
v 27 3
v 28 3
v 29 3
v 30 3
v 31 3
v 32 3
v 33 3
v 34 3
v 35 3
v 36 3
v 37 3
v 38 3
v 39 4
v 40 4
v 41 4
v 42 4
v 43 4
v 44 4
v 45 4
v 46 4
v 47 4
v 48 4
v 49 4
v 50 4
v 51 4
v 52 4
v 53 4
v 54 4
v 55 4
v 56 4
v 57 4
v 58 4
v 59 4
v 60 4
v 61 4
v 62 4
v 63 4
v 64 4
v 65 4
v 66 4
v 67 4
v 68 4
v 69 4
v 70 4
e 0 19 1
e 0 21 1
e 1 20 1
e 1 22 1
e 2 27 1
e 2 33 1
e 2 61 1
e 3 28 1
e 3 34 1
e 3 62 1
e 6 7 1
e 6 8 1
e 6 9 1
e 6 10 1
e 7 11 2
e 7 13 1
e 8 12 2
e 8 14 1
e 9 39 1
e 9 40 1
e 9 41 1
e 10 42 1
e 10 43 1
e 10 44 1
e 11 15 1
e 11 45 1
e 12 16 1
e 12 46 1
e 13 17 2
e 13 47 1
e 14 18 2
e 14 48 1
e 15 19 2
e 15 49 1
e 16 20 2
e 16 50 1
e 17 19 1
e 17 51 1
e 18 20 1
e 18 52 1
e 21 23 2
e 21 25 1
e 22 24 2
e 22 26 1
e 23 29 1
e 23 53 1
e 24 30 1
e 24 54 1
e 25 31 2
e 25 55 1
e 26 32 2
e 26 56 1
e 27 29 2
e 27 31 1
e 28 30 2
e 28 32 1
e 29 57 1
e 30 58 1
e 31 59 1
e 32 60 1
e 33 35 1
e 33 37 1
e 33 63 1
e 34 36 1
e 34 38 1
e 34 64 1
e 35 65 1
e 35 66 1
e 35 67 1
e 36 68 1
e 36 69 1
e 36 70 1
t # 17646
v 0 2
v 1 2
v 2 2
v 3 2
v 4 3
v 5 3
v 6 3
v 7 3
v 8 3
v 9 3
v 10 3
v 11 3
v 12 3
v 13 3
v 14 3
v 15 3
v 16 3
v 17 3
v 18 3
v 19 4
v 20 4
v 21 4
v 22 4
v 23 4
v 24 4
v 25 4
v 26 4
v 27 4
v 28 4
v 29 4
v 30 4
v 31 4
v 32 4
v 33 4
v 34 4
v 35 4
v 36 4
v 37 4
v 38 4
e 0 4 1
e 0 10 1
e 0 20 1
e 1 11 1
e 1 14 1
e 1 31 1
e 4 5 1
e 4 7 1
e 4 19 1
e 5 8 2
e 5 9 1
e 6 11 1
e 6 12 2
e 6 13 1
e 7 21 1
e 7 22 1
e 7 23 1
e 8 12 1
e 8 24 1
e 9 13 2
e 9 25 1
e 10 15 1
e 10 17 1
e 10 26 1
e 11 27 1
e 11 28 1
e 12 29 1
e 13 30 1
e 14 16 1
e 14 18 1
e 14 32 1
e 15 33 1
e 15 34 1
e 15 35 1
e 16 36 1
e 16 37 1
e 16 38 1
t # 17647
v 0 2
v 1 2
v 2 2
v 3 2
v 4 3
v 5 3
v 6 3
v 7 3
v 8 3
v 9 3
v 10 3
v 11 3
v 12 3
v 13 3
v 14 3
v 15 3
v 16 3
v 17 3
v 18 3
v 19 3
v 20 3
v 21 3
v 22 3
v 23 3
v 24 3
v 25 3
v 26 4
v 27 4
v 28 4
v 29 4
v 30 4
v 31 4
v 32 4
v 33 4
v 34 4
v 35 4
v 36 4
v 37 4
v 38 4
v 39 4
v 40 4
v 41 4
v 42 4
v 43 4
e 0 6 1
e 0 12 1
e 0 32 1
e 1 7 1
e 1 13 1
e 1 33 1
e 4 6 1
e 4 8 2
e 4 10 1
e 5 7 1
e 5 9 2
e 5 11 1
e 6 14 1
e 6 26 1
e 7 15 1
e 7 27 1
e 8 9 1
e 8 28 1
e 9 29 1
e 10 11 2
e 10 30 1
e 11 31 1
e 12 16 2
e 12 18 1
e 13 17 2
e 13 19 1
e 16 20 1
e 16 34 1
e 17 21 1
e 17 35 1
e 18 22 2
e 18 36 1
e 19 23 2
e 19 37 1
e 20 24 2
e 20 38 1
e 21 25 2
e 21 39 1
e 22 24 1
e 22 40 1
e 23 25 1
e 23 41 1
e 24 42 1
e 25 43 1
t # 17648
v 0 2
v 1 2
v 2 2
v 3 2
v 4 3
v 5 3
v 6 3
v 7 3
v 8 3
v 9 3
v 10 3
v 11 3
v 12 3
v 13 3
v 14 3
v 15 3
v 16 3
v 17 3
v 18 3
v 19 3
v 20 4
v 21 4
v 22 4
v 23 4
v 24 4
v 25 4
v 26 4
v 27 4
v 28 4
v 29 4
v 30 4
v 31 4
v 32 4
v 33 4
v 34 4
v 35 4
v 36 4
v 37 4
v 38 4
v 39 4
v 40 4
v 41 4
e 0 4 1
e 0 8 1
e 0 26 1
e 1 5 1
e 1 9 1
e 1 27 1
e 4 6 1
e 4 18 1
e 4 20 1
e 5 7 1
e 5 19 1
e 5 21 1
e 6 10 2
e 6 12 1
e 7 11 2
e 7 13 1
e 8 14 1
e 8 22 1
e 8 23 1
e 9 15 1
e 9 24 1
e 9 25 1
e 10 11 1
e 10 28 1
e 11 29 1
e 12 13 2
e 12 30 1
e 13 31 1
e 14 16 1
e 14 32 1
e 14 33 1
e 15 17 1
e 15 34 1
e 15 35 1
e 16 36 1
e 16 37 1
e 16 38 1
e 17 39 1
e 17 40 1
e 17 41 1
t # 17649
v 0 2
v 1 2
v 2 2
v 3 2
v 4 3
v 5 3
v 6 3
v 7 3
v 8 3
v 9 3
v 10 3
v 11 3
v 12 3
v 13 3
v 14 3
v 15 3
v 16 3
v 17 3
v 18 3
v 19 3
v 20 3
v 21 3
v 22 3
v 23 3
v 24 3
v 25 3
v 26 3
v 27 3
v 28 3
v 29 3
v 30 4
v 31 4
v 32 4
v 33 4
v 34 4
v 35 4
v 36 4
v 37 4
v 38 4
v 39 4
v 40 4
v 41 4
v 42 4
v 43 4
v 44 4
v 45 4
v 46 4
v 47 4
v 48 4
v 49 4
v 50 4
v 51 4
v 52 4
v 53 4
v 54 4
v 55 4
e 0 4 1
e 0 8 1
e 0 36 1
e 1 5 1
e 1 9 1
e 1 37 1
e 4 6 1
e 4 18 1
e 4 30 1
e 5 7 1
e 5 19 1
e 5 31 1
e 6 12 2
e 6 14 1
e 7 13 2
e 7 15 1
e 8 10 1
e 8 32 1
e 8 33 1
e 9 11 1
e 9 34 1
e 9 35 1
e 10 16 1
e 10 38 1
e 10 39 1
e 11 17 1
e 11 40 1
e 11 41 1
e 12 13 1
e 12 42 1
e 13 43 1
e 14 15 2
e 14 44 1
e 15 45 1
e 16 20 2
e 16 22 1
e 17 21 2
e 17 23 1
e 20 24 1
e 20 46 1
e 21 25 1
e 21 47 1
e 22 26 2
e 22 48 1
e 23 27 2
e 23 49 1
e 24 28 2
e 24 50 1
e 25 29 2
e 25 51 1
e 26 28 1
e 26 52 1
e 27 29 1
e 27 53 1
e 28 54 1
e 29 55 1
t # 17650
v 0 1
v 1 1
v 2 2
v 3 2
v 4 2
v 5 2
v 6 3
v 7 3
v 8 3
v 9 3
v 10 3
v 11 3
v 12 3
v 13 3
v 14 3
v 15 3
v 16 3
v 17 3
v 18 3
v 19 3
v 20 3
v 21 3
v 22 3
v 23 3
v 24 3
v 25 3
v 26 3
v 27 3
v 28 3
v 29 3
v 30 3
v 31 3
v 32 4
v 33 4
v 34 4
v 35 4
v 36 4
v 37 4
v 38 4
v 39 4
v 40 4
v 41 4
v 42 4
v 43 4
v 44 4
v 45 4
v 46 4
v 47 4
v 48 4
v 49 4
v 50 4
v 51 4
v 52 4
v 53 4
v 54 4
v 55 4
v 56 4
v 57 4
v 58 4
v 59 4
v 60 4
v 61 4
v 62 4
v 63 4
v 64 4
v 65 4
e 0 14 1
e 0 16 1
e 1 15 1
e 1 17 1
e 2 28 1
e 2 62 1
e 2 63 1
e 3 29 1
e 3 64 1
e 3 65 1
e 6 7 1
e 6 8 1
e 6 32 1
e 6 33 1
e 7 9 1
e 7 34 1
e 7 35 1
e 8 10 1
e 8 36 1
e 8 37 1
e 9 11 1
e 9 38 1
e 9 39 1
e 10 12 1
e 10 40 1
e 10 41 1
e 11 13 1
e 11 42 1
e 11 43 1
e 12 14 1
e 12 44 1
e 12 45 1
e 13 15 1
e 13 46 1
e 13 47 1
e 14 48 1
e 14 49 1
e 15 50 1
e 15 51 1
e 16 18 2
e 16 20 1
e 17 19 2
e 17 21 1
e 18 24 1
e 18 52 1
e 19 25 1
e 19 53 1
e 20 26 2
e 20 54 1
e 21 27 2
e 21 55 1
e 22 24 2
e 22 26 1
e 22 28 1
e 23 25 2
e 23 27 1
e 23 29 1
e 24 56 1
e 25 57 1
e 26 58 1
e 27 59 1
e 28 30 1
e 28 60 1
e 29 31 1
e 29 61 1
t # 17651
v 0 1
v 1 2
v 2 2
v 3 3
v 4 3
v 5 3
v 6 3
v 7 3
v 8 3
v 9 3
v 10 3
v 11 3
v 12 3
v 13 4
v 14 4
v 15 4
v 16 4
v 17 4
v 18 4
v 19 4
v 20 4
v 21 4
v 22 4
v 23 4
v 24 4
e 0 7 1
e 0 12 1
e 1 3 1
e 1 10 1
e 1 16 1
e 3 4 1
e 3 11 1
e 3 13 1
e 4 5 2
e 4 6 1
e 5 8 1
e 5 14 1
e 6 9 2
e 6 15 1
e 7 8 2
e 7 9 1
e 8 17 1
e 9 18 1
e 10 19 1
e 10 20 1
e 10 21 1
e 12 22 1
e 12 23 1
e 12 24 1
t # 17652
v 0 1
v 1 1
v 2 1
v 3 1
v 4 1
v 5 1
v 6 1
v 7 1
v 8 2
v 9 3
v 10 3
v 11 3
v 12 3
v 13 3
v 14 3
v 15 3
v 16 3
v 17 3
v 18 3
v 19 3
v 20 3
v 21 3
v 22 3
v 23 3
v 24 3
v 25 3
v 26 3
v 27 3
v 28 3
v 29 3
v 30 3
v 31 3
v 32 3
v 33 3
v 34 3
v 35 3
v 36 3
v 37 3
v 38 3
v 39 3
v 40 3
v 41 3
v 42 3
v 43 3
v 44 4
v 45 4
v 46 4
v 47 4
v 48 4
v 49 4
v 50 4
v 51 4
v 52 4
v 53 4
v 54 4
v 55 4
v 56 4
v 57 4
v 58 4
v 59 4
v 60 4
v 61 4
v 62 4
v 63 4
v 64 4
v 65 4
v 66 4
v 67 4
v 68 4
v 69 4
v 70 4
v 71 4
v 72 4
v 73 4
v 74 4
e 0 15 1
e 0 16 1
e 1 16 2
e 2 20 1
e 2 28 1
e 3 21 1
e 3 28 1
e 4 25 1
e 4 36 1
e 5 26 1
e 5 37 1
e 6 29 1
e 6 38 1
e 7 33 2
e 12 8 1
e 8 24 1
e 8 50 1
e 9 10 1
e 9 12 1
e 9 15 1
e 9 44 1
e 10 11 1
e 10 16 1
e 10 45 1
e 11 13 1
e 11 17 1
e 11 46 1
e 12 14 1
e 12 47 1
e 13 14 1
e 13 18 2
e 14 19 2
e 15 48 1
e 15 49 1
e 17 22 2
e 17 23 1
e 18 20 1
e 18 51 1
e 19 21 1
e 19 52 1
e 20 21 2
e 22 26 1
e 22 53 1
e 23 25 2
e 23 54 1
e 24 27 1
e 24 30 2
e 25 29 1
e 26 29 2
e 27 31 2
e 27 33 1
e 28 55 1
e 28 56 1
e 30 32 1
e 30 57 1
e 31 34 1
e 31 58 1
e 32 34 2
e 32 59 1
e 33 35 1
e 34 60 1
e 35 39 2
e 35 40 1
e 36 61 1
e 36 62 1
e 36 63 1
e 37 64 1
e 37 65 1
e 37 66 1
e 38 67 1
e 38 68 1
e 38 69 1
e 39 41 1
e 39 70 1
e 40 42 2
e 40 71 1
e 41 43 2
e 41 72 1
e 42 43 1
e 42 73 1
e 43 74 1
t # 17653
v 0 1
v 1 1
v 2 1
v 3 1
v 4 3
v 5 3
v 6 3
v 7 3
v 8 3
v 9 3
v 10 3
v 11 3
v 12 3
v 13 3
v 14 3
v 15 3
v 16 3
v 17 3
v 18 3
v 19 3
v 20 3
v 21 4
v 22 4
v 23 4
v 24 4
v 25 4
v 26 4
v 27 4
v 28 4
v 29 4
v 30 4
v 31 4
v 32 4
e 0 5 1
e 0 11 1
e 1 7 1
e 1 8 1
e 2 9 2
e 3 14 1
e 3 20 1
e 4 5 2
e 4 7 1
e 4 9 1
e 5 6 1
e 6 8 2
e 6 12 1
e 7 21 1
e 7 22 1
e 8 13 1
e 9 10 1
e 10 11 1
e 10 15 2
e 11 17 2
e 12 16 2
e 12 23 1
e 13 14 2
e 13 24 1
e 14 16 1
e 15 18 1
e 15 25 1
e 16 26 1
e 17 19 1
e 17 27 1
e 18 19 2
e 18 28 1
e 19 29 1
e 20 30 1
e 20 31 1
e 20 32 1
t # 17654
v 0 1
v 1 1
v 2 1
v 3 1
v 4 3
v 5 3
v 6 3
v 7 3
v 8 3
v 9 3
v 10 3
v 11 3
v 12 3
v 13 3
v 14 3
v 15 3
v 16 3
v 17 3
v 18 3
v 19 3
v 20 3
v 21 4
v 22 4
v 23 4
v 24 4
v 25 4
v 26 4
v 27 4
v 28 4
v 29 4
v 30 4
v 31 4
v 32 4
v 33 4
v 34 4
v 35 4
v 36 4
e 0 5 1
e 0 10 1
e 1 7 1
e 1 11 1
e 2 4 1
e 2 26 1
e 3 16 1
e 3 20 1
e 4 5 1
e 4 6 1
e 4 7 1
e 5 8 1
e 5 21 1
e 6 9 1
e 6 22 1
e 6 23 1
e 7 24 1
e 7 25 1
e 8 11 2
e 8 12 1
e 9 10 1
e 9 13 2
e 10 15 2
e 11 14 1
e 12 16 2
e 12 27 1
e 13 18 1
e 13 28 1
e 14 17 2
e 14 29 1
e 15 19 1
e 15 30 1
e 16 17 1
e 17 31 1
e 18 19 2
e 18 32 1
e 19 33 1
e 20 34 1
e 20 35 1
e 20 36 1
t # 17655
v 0 1
v 1 1
v 2 1
v 3 3
v 4 3
v 5 3
v 6 3
v 7 3
v 8 3
v 9 3
v 10 3
v 11 3
v 12 3
v 13 3
v 14 3
v 15 3
v 16 3
v 17 3
v 18 3
v 19 4
v 20 4
v 21 4
v 22 4
v 23 4
v 24 4
v 25 4
v 26 4
v 27 4
v 28 4
v 29 4
v 30 4
v 31 4
v 32 4
e 0 4 1
e 0 9 1
e 1 6 1
e 1 10 1
e 2 3 1
e 2 24 1
e 3 4 1
e 3 5 1
e 3 6 1
e 4 7 1
e 4 19 1
e 5 8 1
e 5 20 1
e 5 21 1
e 6 22 1
e 6 23 1
e 7 10 1
e 7 11 2
e 8 9 1
e 8 12 2
e 9 13 2
e 10 14 2
e 11 15 1
e 11 25 1
e 12 16 1
e 12 26 1
e 13 18 1
e 13 27 1
e 14 17 1
e 14 28 1
e 15 17 2
e 15 29 1
e 16 18 2
e 16 30 1
e 17 31 1
e 18 32 1
t # 17656
v 0 1
v 1 1
v 2 1
v 3 2
v 4 2
v 5 3
v 6 3
v 7 3
v 8 3
v 9 3
v 10 3
v 11 3
v 12 3
v 13 3
v 14 3
v 15 3
v 16 3
v 17 3
v 18 3
v 19 3
v 20 3
v 21 3
v 22 3
v 23 3
v 24 3
v 25 3
v 26 3
v 27 4
v 28 4
v 29 4
v 30 4
v 31 4
v 32 4
v 33 4
v 34 4
v 35 4
v 36 4
v 37 4
v 38 4
v 39 4
v 40 4
v 41 4
v 42 4
v 43 4
v 44 4
v 45 4
v 46 4
v 47 4
v 48 4
v 49 4
v 50 4
e 0 6 1
e 0 12 1
e 1 8 1
e 1 11 1
e 2 24 2
e 3 13 1
e 3 14 1
e 3 18 1
e 4 19 1
e 4 24 1
e 4 48 1
e 5 6 1
e 5 7 1
e 5 8 1
e 5 27 1
e 6 9 1
e 6 28 1
e 7 10 1
e 7 29 1
e 7 30 1
e 8 31 1
e 8 32 1
e 9 11 2
e 9 17 1
e 10 12 1
e 10 21 2
e 11 20 1
e 12 22 2
e 13 15 1
e 13 33 1
e 13 34 1
e 14 16 1
e 14 35 1
e 14 36 1
e 15 16 1
e 15 37 1
e 15 38 1
e 16 39 1
e 16 40 1
e 17 19 2
e 17 41 1
e 18 24 1
e 18 42 1
e 18 43 1
e 19 23 1
e 20 23 2
e 20 44 1
e 21 25 1
e 21 45 1
e 22 26 1
e 22 46 1
e 23 47 1
e 25 26 2
e 25 49 1
e 26 50 1
t # 17657
v 0 1
v 1 1
v 2 2
v 3 3
v 4 3
v 5 3
v 6 3
v 7 3
v 8 3
v 9 3
v 10 3
v 11 3
v 12 3
v 13 3
v 14 3
v 15 3
v 16 3
v 17 3
v 18 3
v 19 4
v 20 4
v 21 4
v 22 4
v 23 4
v 24 4
v 25 4
v 26 4
v 27 4
v 28 4
v 29 4
v 30 4
v 31 4
v 32 4
v 33 4
e 0 4 1
e 0 10 1
e 1 6 1
e 1 9 1
e 2 15 1
e 2 32 1
e 2 33 1
e 3 4 1
e 3 5 1
e 3 6 1
e 3 19 1
e 4 7 1
e 4 20 1
e 5 8 1
e 5 21 1
e 5 22 1
e 6 23 1
e 6 24 1
e 7 9 2
e 7 11 1
e 8 10 1
e 8 12 2
e 9 13 1
e 10 14 2
e 11 15 2
e 11 25 1
e 12 17 1
e 12 26 1
e 13 16 2
e 13 27 1
e 14 18 1
e 14 28 1
e 15 16 1
e 16 29 1
e 17 18 2
e 17 30 1
e 18 31 1
t # 17658
v 0 1
v 1 1
v 2 1
v 3 3
v 4 3
v 5 3
v 6 3
v 7 3
v 8 3
v 9 3
v 10 3
v 11 3
v 12 3
v 13 3
v 14 3
v 15 3
v 16 3
v 17 3
v 18 3
v 19 3
v 20 4
v 21 4
v 22 4
v 23 4
v 24 4
v 25 4
v 26 4
v 27 4
v 28 4
v 29 4
v 30 4
v 31 4
v 32 4
v 33 4
v 34 4
v 35 4
e 0 4 1
e 0 10 1
e 1 6 1
e 1 9 1
e 2 13 1
e 2 19 1
e 3 4 1
e 3 5 1
e 3 6 1
e 3 20 1
e 4 7 1
e 4 21 1
e 5 8 1
e 5 22 1
e 5 23 1
e 6 24 1
e 6 25 1
e 7 9 2
e 7 11 1
e 8 10 1
e 8 12 2
e 9 13 1
e 10 14 2
e 11 15 2
e 11 26 1
e 12 17 1
e 12 27 1
e 13 16 2
e 14 18 1
e 14 28 1
e 15 16 1
e 15 29 1
e 16 30 1
e 17 18 2
e 17 31 1
e 18 32 1
e 19 33 1
e 19 34 1
e 19 35 1
t # 17659
v 0 1
v 1 1
v 2 1
v 3 3
v 4 3
v 5 3
v 6 3
v 7 3
v 8 3
v 9 3
v 10 3
v 11 3
v 12 3
v 13 3
v 14 3
v 15 3
v 16 3
v 17 3
v 18 3
v 19 3
v 20 4
v 21 4
v 22 4
v 23 4
v 24 4
v 25 4
v 26 4
v 27 4
v 28 4
v 29 4
v 30 4
v 31 4
v 32 4
v 33 4
v 34 4
v 35 4
e 0 4 1
e 0 10 1
e 1 6 1
e 1 9 1
e 2 16 1
e 2 19 1
e 3 4 1
e 3 5 1
e 3 6 1
e 3 20 1
e 4 7 1
e 4 21 1
e 5 8 1
e 5 22 1
e 5 23 1
e 6 24 1
e 6 25 1
e 7 9 2
e 7 11 1
e 8 10 1
e 8 12 2
e 9 13 1
e 10 14 2
e 11 15 2
e 11 26 1
e 12 17 1
e 12 27 1
e 13 16 2
e 13 28 1
e 14 18 1
e 14 29 1
e 15 16 1
e 15 30 1
e 17 18 2
e 17 31 1
e 18 32 1
e 19 33 1
e 19 34 1
e 19 35 1
t # 17660
v 0 1
v 1 1
v 2 1
v 3 1
v 4 2
v 5 3
v 6 3
v 7 3
v 8 3
v 9 3
v 10 3
v 11 3
v 12 3
v 13 3
v 14 3
v 15 3
v 16 3
v 17 3
v 18 3
v 19 3
v 20 3
v 21 3
v 22 3
v 23 3
v 24 4
v 25 4
v 26 4
v 27 4
v 28 4
v 29 4
v 30 4
v 31 4
v 32 4
v 33 4
v 34 4
v 35 4
v 36 4
v 37 4
v 38 4
v 39 4
v 40 4
e 0 9 1
e 0 34 1
e 1 11 1
e 1 37 1
e 2 22 1
e 2 23 1
e 3 22 2
e 4 7 1
e 4 14 1
e 4 27 1
e 5 7 1
e 5 9 2
e 5 10 1
e 6 8 1
e 6 9 1
e 6 12 2
e 7 24 1
e 7 25 1
e 8 11 1
e 8 13 2
e 10 11 2
e 10 26 1
e 12 15 1
e 12 28 1
e 13 16 1
e 13 29 1
e 14 17 2
e 14 18 1
e 15 16 2
e 15 30 1
e 16 31 1
e 17 20 1
e 17 32 1
e 18 21 2
e 18 33 1
e 19 20 2
e 19 21 1
e 19 22 1
e 20 35 1
e 21 36 1
e 23 38 1
e 23 39 1
e 23 40 1
t # 17661
v 0 1
v 1 2
v 2 2
v 3 2
v 4 2
v 5 3
v 6 3
v 7 3
v 8 3
v 9 3
v 10 3
v 11 3
v 12 3
v 13 3
v 14 3
v 15 4
v 16 4
v 17 4
v 18 4
v 19 4
v 20 4
v 21 4
v 22 4
v 23 4
v 24 4
v 25 4
v 26 4
e 0 10 2
e 1 2 1
e 1 5 1
e 1 10 1
e 2 14 1
e 2 19 1
e 3 4 1
e 3 5 2
e 4 10 1
e 4 20 1
e 5 6 1
e 6 7 2
e 6 8 1
e 7 11 1
e 7 15 1
e 8 12 2
e 8 16 1
e 9 11 2
e 9 12 1
e 9 13 1
e 11 17 1
e 12 18 1
e 13 21 1
e 13 22 1
e 13 23 1
e 14 24 1
e 14 25 1
e 14 26 1
t # 17662
v 0 12
v 1 12
v 2 1
v 3 2
v 4 2
v 5 3
v 6 3
v 7 3
v 8 3
v 9 3
v 10 3
v 11 3
v 12 3
v 13 3
v 14 3
v 15 3
v 16 3
v 17 3
v 18 3
v 19 4
v 20 4
v 21 4
v 22 4
v 23 4
v 24 4
v 25 4
v 26 4
v 27 4
v 28 4
v 29 4
v 30 4
v 31 4
v 32 4
v 33 4
v 34 4
e 0 17 1
e 1 18 1
e 2 9 1
e 2 15 1
e 3 15 1
e 3 18 2
e 4 17 2
e 4 18 1
e 5 9 1
e 5 10 1
e 5 11 1
e 5 19 1
e 6 9 1
e 6 12 1
e 6 13 1
e 6 20 1
e 7 10 1
e 7 12 1
e 7 14 1
e 7 21 1
e 8 11 1
e 8 13 1
e 8 14 1
e 8 22 1
e 9 23 1
e 10 24 1
e 10 25 1
e 11 26 1
e 11 27 1
e 12 28 1
e 12 29 1
e 13 30 1
e 13 31 1
e 14 32 1
e 14 33 1
e 15 16 2
e 16 17 1
e 16 34 1
t # 17663
v 0 12
v 1 12
v 2 1
v 3 2
v 4 2
v 5 3
v 6 3
v 7 3
v 8 3
v 9 3
v 10 3
v 11 3
v 12 3
v 13 3
v 14 3
v 15 3
v 16 3
v 17 3
v 18 3
v 19 4
v 20 4
v 21 4
v 22 4
v 23 4
v 24 4
v 25 4
v 26 4
v 27 4
v 28 4
v 29 4
v 30 4
v 31 4
v 32 4
v 33 4
v 34 4
e 0 17 1
e 1 18 1
e 2 5 1
e 2 15 1
e 3 15 1
e 3 18 2
e 4 17 2
e 4 18 1
e 5 9 1
e 5 10 1
e 5 11 1
e 6 9 1
e 6 12 1
e 6 13 1
e 6 19 1
e 7 10 1
e 7 12 1
e 7 14 1
e 7 20 1
e 8 11 1
e 8 13 1
e 8 14 1
e 8 21 1
e 9 22 1
e 9 23 1
e 10 24 1
e 10 25 1
e 11 26 1
e 11 27 1
e 12 28 1
e 12 29 1
e 13 30 1
e 13 31 1
e 14 32 1
e 14 33 1
e 15 16 2
e 16 17 1
e 16 34 1
t # 17664
v 0 1
v 1 1
v 2 2
v 3 2
v 4 2
v 5 3
v 6 3
v 7 3
v 8 3
v 9 3
v 10 3
v 11 3
v 12 3
v 13 3
v 14 3
v 15 4
v 16 4
v 17 4
v 18 4
v 19 4
v 20 4
v 21 4
v 22 4
v 23 4
v 24 4
v 25 4
v 26 4
v 27 4
v 28 4
v 29 4
e 0 13 2
e 1 14 2
e 2 5 1
e 2 10 1
e 2 24 1
e 3 11 1
e 3 13 1
e 3 27 1
e 4 13 1
e 4 14 1
e 4 29 1
e 5 6 1
e 5 7 1
e 5 15 1
e 6 8 1
e 6 16 1
e 6 17 1
e 7 9 1
e 7 18 1
e 7 19 1
e 8 9 1
e 8 20 1
e 8 21 1
e 9 22 1
e 9 23 1
e 10 11 1
e 10 25 1
e 10 26 1
e 11 12 2
e 12 14 1
e 12 28 1
t # 17665
v 0 1
v 1 1
v 2 2
v 3 2
v 4 2
v 5 3
v 6 3
v 7 3
v 8 3
v 9 3
v 10 3
v 11 3
v 12 3
v 13 3
v 14 3
v 15 3
v 16 3
v 17 4
v 18 4
v 19 4
v 20 4
v 21 4
v 22 4
v 23 4
v 24 4
v 25 4
v 26 4
v 27 4
v 28 4
v 29 4
v 30 4
v 31 4
v 32 4
v 33 4
e 0 15 2
e 1 16 2
e 2 7 1
e 2 12 1
e 2 28 1
e 3 13 1
e 3 15 1
e 3 31 1
e 4 15 1
e 4 16 1
e 4 33 1
e 5 7 1
e 5 8 1
e 5 10 1
e 5 17 1
e 6 8 1
e 6 9 1
e 6 11 1
e 6 18 1
e 7 9 1
e 7 19 1
e 8 20 1
e 8 21 1
e 9 22 1
e 9 23 1
e 10 11 1
e 10 24 1
e 10 25 1
e 11 26 1
e 11 27 1
e 12 13 1
e 12 29 1
e 12 30 1
e 13 14 2
e 14 16 1
e 14 32 1
t # 17666
v 0 12
v 1 1
v 2 1
v 3 2
v 4 2
v 5 3
v 6 3
v 7 3
v 8 3
v 9 3
v 10 3
v 11 3
v 12 3
v 13 3
v 14 3
v 15 3
v 16 3
v 17 3
v 18 3
v 19 3
v 20 3
v 21 3
v 22 3
v 23 3
v 24 3
v 25 3
v 26 3
v 27 3
v 28 3
v 29 3
v 30 3
v 31 4
v 32 4
v 33 4
v 34 4
v 35 4
v 36 4
v 37 4
v 38 4
v 39 4
v 40 4
v 41 4
v 42 4
v 43 4
v 44 4
v 45 4
v 46 4
v 47 4
v 48 4
v 49 4
v 50 4
v 51 4
v 52 4
v 53 4
v 54 4
v 55 4
v 56 4
v 57 4
v 58 4
v 59 4
v 60 4
v 61 4
v 62 4
v 63 4
v 64 4
v 65 4
e 0 30 1
e 1 25 1
e 1 27 1
e 2 26 1
e 2 28 1
e 3 27 1
e 3 28 2
e 4 28 1
e 4 30 2
e 5 13 1
e 5 14 1
e 5 15 1
e 5 25 1
e 6 16 1
e 6 17 1
e 6 18 1
e 6 26 1
e 7 13 1
e 7 19 1
e 7 20 1
e 7 31 1
e 8 14 1
e 8 19 1
e 8 21 1
e 8 32 1
e 9 15 1
e 9 20 1
e 9 21 1
e 9 33 1
e 10 16 1
e 10 22 1
e 10 23 1
e 10 34 1
e 11 17 1
e 11 22 1
e 11 24 1
e 11 35 1
e 12 18 1
e 12 23 1
e 12 24 1
e 12 36 1
e 13 37 1
e 13 38 1
e 14 39 1
e 14 40 1
e 15 41 1
e 15 42 1
e 16 43 1
e 16 44 1
e 17 45 1
e 17 46 1
e 18 47 1
e 18 48 1
e 19 49 1
e 19 50 1
e 20 51 1
e 20 52 1
e 21 53 1
e 21 54 1
e 22 55 1
e 22 56 1
e 23 57 1
e 23 58 1
e 24 59 1
e 24 60 1
e 25 61 1
e 25 62 1
e 26 63 1
e 26 64 1
e 27 29 2
e 29 30 1
e 29 65 1
t # 17667
v 0 12
v 1 1
v 2 1
v 3 2
v 4 2
v 5 2
v 6 2
v 7 3
v 8 3
v 9 3
v 10 3
v 11 3
v 12 3
v 13 3
v 14 3
v 15 3
v 16 3
v 17 3
v 18 3
v 19 3
v 20 3
v 21 3
v 22 3
v 23 3
v 24 3
v 25 3
v 26 4
v 27 4
v 28 4
v 29 4
v 30 4
v 31 4
v 32 4
v 33 4
v 34 4
v 35 4
v 36 4
v 37 4
v 38 4
e 0 20 1
e 1 24 1
e 1 38 1
e 2 24 2
e 3 5 1
e 3 7 1
e 3 9 1
e 4 10 2
e 4 13 1
e 6 14 1
e 7 8 2
e 7 11 1
e 8 10 1
e 8 15 1
e 9 12 1
e 9 14 2
e 10 16 1
e 11 13 2
e 11 26 1
e 12 18 2
e 12 19 1
e 13 21 1
e 14 24 1
e 15 17 2
e 15 27 1
e 16 20 2
e 16 28 1
e 17 20 1
e 17 29 1
e 18 22 1
e 18 30 1
e 19 23 2
e 19 31 1
e 21 32 1
e 21 33 1
e 21 34 1
e 22 25 2
e 22 35 1
e 23 25 1
e 23 36 1
e 25 37 1
t # 17668
v 0 14
v 1 14
v 2 14
v 3 1
v 4 2
v 5 2
v 6 2
v 7 2
v 8 2
v 9 3
v 10 3
v 11 3
v 12 3
v 13 3
v 14 3
v 15 3
v 16 3
v 17 3
v 18 3
v 19 3
v 20 3
v 21 3
v 22 3
v 23 3
v 24 3
v 25 3
v 26 3
v 27 3
v 28 3
v 29 4
v 30 4
v 31 4
v 32 4
v 33 4
v 34 4
v 35 4
v 36 4
v 37 4
v 38 4
v 39 4
v 40 4
v 41 4
v 42 4
e 3 21 2
e 4 6 1
e 4 9 1
e 4 12 1
e 5 11 2
e 5 20 1
e 7 16 1
e 8 21 1
e 8 23 1
e 8 37 1
e 9 10 2
e 9 14 1
e 10 11 1
e 10 13 1
e 11 15 1
e 12 16 2
e 12 19 1
e 13 18 2
e 13 29 1
e 14 20 2
e 14 30 1
e 15 17 2
e 15 31 1
e 16 21 1
e 17 18 1
e 17 22 1
e 18 32 1
e 19 33 1
e 19 34 1
e 19 35 1
e 20 36 1
e 23 24 2
e 23 25 1
e 24 26 1
e 24 38 1
e 25 27 2
e 25 39 1
e 26 28 2
e 26 40 1
e 27 28 1
e 27 41 1
e 28 42 1
t # 17669
v 0 11
v 1 1
v 2 1
v 3 2
v 4 2
v 5 3
v 6 3
v 7 3
v 8 3
v 9 3
v 10 3
v 11 3
v 12 3
v 13 3
v 14 3
v 15 3
v 16 3
v 17 3
v 18 3
v 19 3
v 20 3
v 21 3
v 22 3
v 23 3
v 24 3
v 25 3
v 26 3
v 27 3
v 28 3
v 29 3
v 30 3
v 31 3
v 32 3
v 33 3
v 34 3
v 35 3
v 36 3
v 37 3
v 38 3
v 39 3
v 40 4
v 41 4
v 42 4
v 43 4
v 44 4
v 45 4
v 46 4
v 47 4
v 48 4
v 49 4
v 50 4
v 51 4
v 52 4
v 53 4
v 54 4
v 55 4
v 56 4
v 57 4
v 58 4
v 59 4
v 60 4
v 61 4
v 62 4
v 63 4
v 64 4
v 65 4
v 66 4
v 67 4
v 68 4
v 69 4
e 0 1 2
e 0 2 2
e 0 20 1
e 3 7 1
e 3 8 1
e 4 8 2
e 4 50 1
e 5 6 1
e 5 7 1
e 5 10 1
e 5 40 1
e 6 8 1
e 6 11 1
e 6 12 1
e 7 9 1
e 7 41 1
e 9 13 1
e 9 42 1
e 9 43 1
e 10 14 2
e 10 15 1
e 11 16 2
e 11 18 1
e 12 17 2
e 12 19 1
e 13 21 2
e 13 22 1
e 14 23 1
e 14 44 1
e 15 24 2
e 15 45 1
e 16 25 1
e 16 46 1
e 17 26 1
e 17 47 1
e 18 27 2
e 18 48 1
e 19 28 2
e 19 49 1
e 20 30 2
e 20 31 1
e 21 34 1
e 21 51 1
e 22 35 2
e 22 52 1
e 23 29 2
e 23 53 1
e 24 29 1
e 24 54 1
e 25 32 2
e 25 55 1
e 26 33 2
e 26 56 1
e 27 32 1
e 27 57 1
e 28 33 1
e 28 58 1
e 29 59 1
e 30 37 1
e 30 60 1
e 31 38 2
e 31 61 1
e 32 62 1
e 33 63 1
e 34 36 2
e 34 64 1
e 35 36 1
e 35 65 1
e 36 66 1
e 37 39 2
e 37 67 1
e 38 39 1
e 38 68 1
e 39 69 1
t # 17670
v 0 11
v 1 11
v 2 11
v 3 11
v 4 11
v 5 11
v 6 2
v 7 2
v 8 3
v 9 3
v 10 3
v 11 3
v 12 3
v 13 3
v 14 3
v 15 3
v 16 3
v 17 3
v 18 3
v 19 3
v 20 3
v 21 3
v 22 3
v 23 3
v 24 3
v 25 3
v 26 3
v 27 3
v 28 3
v 29 3
v 30 3
v 31 4
v 32 4
v 33 4
v 34 4
v 35 4
v 36 4
v 37 4
v 38 4
v 39 4
v 40 4
v 41 4
v 42 4
v 43 4
v 44 4
v 45 4
v 46 4
v 47 4
v 48 4
v 49 4
v 50 4
v 51 4
v 52 4
e 0 9 1
e 0 16 1
e 1 13 1
e 1 16 1
e 2 13 1
e 2 20 1
e 3 25 1
e 3 26 1
e 4 25 1
e 4 28 1
e 5 28 1
e 5 30 1
e 6 16 2
e 6 18 1
e 7 19 1
e 7 25 2
e 8 9 1
e 8 11 2
e 8 12 1
e 9 13 2
e 10 14 2
e 10 15 1
e 10 17 1
e 11 14 1
e 11 31 1
e 12 15 2
e 12 32 1
e 14 33 1
e 15 34 1
e 17 35 1
e 17 36 1
e 17 37 1
e 18 21 2
e 18 22 1
e 19 23 2
e 19 24 1
e 20 27 1
e 20 38 1
e 20 39 1
e 21 23 1
e 21 40 1
e 22 24 2
e 22 41 1
e 23 42 1
e 24 43 1
e 26 28 2
e 26 29 1
e 27 44 1
e 27 45 1
e 27 46 1
e 29 47 1
e 29 48 1
e 29 49 1
e 30 50 1
e 30 51 1
e 30 52 1
t # 17671
v 0 12
v 1 12
v 2 1
v 3 1
v 4 3
v 5 3
v 6 3
v 7 3
v 8 3
v 9 3
v 10 3
v 11 3
v 12 3
v 13 3
v 14 3
v 15 3
v 16 3
v 17 3
v 18 3
v 19 3
v 20 3
v 21 3
v 22 3
v 23 3
v 24 4
v 25 4
v 26 4
v 27 4
v 28 4
v 29 4
v 30 4
v 31 4
v 32 4
v 33 4
v 34 4
v 35 4
v 36 4
v 37 4
e 4 0 1
e 6 1 1
e 2 10 2
e 3 11 2
e 4 5 1
e 4 8 1
e 4 10 1
e 5 8 1
e 5 11 1
e 5 24 1
e 6 7 1
e 6 9 1
e 6 11 1
e 7 9 1
e 7 10 1
e 7 25 1
e 8 12 1
e 8 26 1
e 9 13 1
e 9 27 1
e 12 14 2
e 12 15 1
e 13 16 2
e 13 17 1
e 14 18 1
e 14 28 1
e 15 19 2
e 15 29 1
e 16 20 1
e 16 30 1
e 17 21 2
e 17 31 1
e 18 22 2
e 18 32 1
e 19 22 1
e 19 33 1
e 20 23 2
e 20 34 1
e 21 23 1
e 21 35 1
e 22 36 1
e 23 37 1
t # 17672
v 0 1
v 1 1
v 2 1
v 3 1
v 4 2
v 5 3
v 6 3
v 7 3
v 8 3
v 9 3
v 10 3
v 11 3
v 12 3
v 13 3
v 14 3
v 15 3
v 16 3
v 17 3
v 18 3
v 19 3
v 20 3
v 21 3
v 22 3
v 23 3
v 24 4
v 25 4
v 26 4
v 27 4
v 28 4
v 29 4
v 30 4
v 31 4
v 32 4
v 33 4
v 34 4
v 35 4
v 36 4
v 37 4
v 38 4
e 0 9 2
e 1 11 2
e 2 22 1
e 2 23 1
e 3 22 2
e 4 6 1
e 4 12 1
e 4 27 1
e 5 6 1
e 5 9 1
e 5 10 2
e 6 24 1
e 6 25 1
e 7 8 1
e 7 9 1
e 7 13 2
e 8 11 1
e 8 14 2
e 10 11 1
e 10 26 1
e 12 17 2
e 12 18 1
e 13 15 1
e 13 28 1
e 14 16 1
e 14 29 1
e 15 16 2
e 15 30 1
e 16 31 1
e 17 20 1
e 17 32 1
e 18 21 2
e 18 33 1
e 19 20 2
e 19 21 1
e 19 22 1
e 20 34 1
e 21 35 1
e 23 36 1
e 23 37 1
e 23 38 1
t # 17673
v 0 1
v 1 2
v 2 2
v 3 2
v 4 2
v 5 2
v 6 2
v 7 3
v 8 3
v 9 3
v 10 3
v 11 3
v 12 3
v 13 3
v 14 3
v 15 3
v 16 3
v 17 3
v 18 3
v 19 3
v 20 4
v 21 4
v 22 4
v 23 4
v 24 4
v 25 4
e 0 12 2
e 1 11 1
e 2 14 1
e 7 8 1
e 7 9 1
e 7 10 2
e 8 11 1
e 8 13 2
e 9 12 1
e 9 15 2
e 10 16 1
e 10 17 1
e 11 14 2
e 12 14 1
e 13 18 1
e 13 20 1
e 15 19 1
e 15 21 1
e 16 18 2
e 16 22 1
e 17 19 2
e 17 23 1
e 18 24 1
e 19 25 1
t # 17674
v 0 1
v 1 1
v 2 1
v 3 2
v 4 2
v 5 2
v 6 3
v 7 3
v 8 3
v 9 3
v 10 3
v 11 3
v 12 3
v 13 3
v 14 3
v 15 3
v 16 4
v 17 4
v 18 4
v 19 4
v 20 4
v 21 4
v 22 4
e 1 10 2
e 3 6 1
e 3 10 1
e 3 13 1
e 4 9 2
e 5 8 2
e 6 7 1
e 6 11 2
e 7 8 1
e 7 12 2
e 8 9 1
e 9 10 1
e 11 14 1
e 11 16 1
e 12 15 1
e 12 17 1
e 13 18 1
e 13 19 1
e 13 20 1
e 14 15 2
e 14 21 1
e 15 22 1
t # 17675
v 0 1
v 1 1
v 2 1
v 3 2
v 4 2
v 5 2
v 6 3
v 7 3
v 8 3
v 9 3
v 10 3
v 11 3
v 12 3
v 13 3
v 14 3
v 15 3
v 16 3
v 17 3
v 18 3
v 19 3
v 20 3
v 21 3
v 22 3
v 23 3
v 24 3
v 25 3
v 26 3
v 27 3
v 28 3
v 29 4
v 30 4
v 31 4
v 32 4
v 33 4
v 34 4
v 35 4
v 36 4
v 37 4
v 38 4
v 39 4
v 40 4
v 41 4
v 42 4
v 43 4
e 0 10 1
e 1 8 2
e 2 9 2
e 3 7 1
e 3 9 1
e 3 11 1
e 4 8 1
e 4 9 1
e 4 12 1
e 5 7 2
e 6 7 1
e 6 8 1
e 6 10 2
e 10 13 1
e 11 14 2
e 11 15 1
e 12 16 2
e 12 17 1
e 13 18 2
e 13 19 1
e 14 20 1
e 14 29 1
e 15 21 2
e 15 30 1
e 16 22 1
e 16 31 1
e 17 23 2
e 17 32 1
e 18 25 1
e 18 33 1
e 19 26 2
e 19 34 1
e 20 24 2
e 20 35 1
e 21 24 1
e 21 36 1
e 22 27 2
e 22 37 1
e 23 27 1
e 23 38 1
e 24 39 1
e 25 28 2
e 25 40 1
e 26 28 1
e 26 41 1
e 27 42 1
e 28 43 1
t # 17676
v 0 1
v 1 1
v 2 2
v 3 2
v 4 2
v 5 2
v 6 3
v 7 3
v 8 3
v 9 3
v 10 3
v 11 3
v 12 3
v 13 3
v 14 3
v 15 3
v 16 3
v 17 3
v 18 3
v 19 3
v 20 3
v 21 3
v 22 3
v 23 3
v 24 3
v 25 4
v 26 4
v 27 4
v 28 4
v 29 4
v 30 4
v 31 4
v 32 4
v 33 4
v 34 4
v 35 4
v 36 4
v 37 4
v 38 4
v 39 4
v 40 4
v 41 4
v 42 4
e 0 10 2
e 1 11 2
e 2 6 1
e 2 11 1
e 2 12 1
e 3 8 1
e 6 7 1
e 6 9 1
e 6 25 1
e 7 10 1
e 7 15 1
e 7 26 1
e 8 10 1
e 8 11 1
e 8 14 1
e 9 13 1
e 9 16 2
e 12 13 1
e 12 19 2
e 13 20 2
e 14 17 1
e 14 27 1
e 14 28 1
e 15 18 2
e 15 29 1
e 16 18 1
e 16 30 1
e 17 21 1
e 17 31 1
e 17 32 1
e 18 33 1
e 19 22 1
e 19 34 1
e 20 23 1
e 20 35 1
e 21 24 1
e 21 36 1
e 21 37 1
e 22 23 2
e 22 38 1
e 23 39 1
e 24 40 1
e 24 41 1
e 24 42 1
t # 17677
v 0 1
v 1 1
v 2 1
v 3 2
v 4 2
v 5 2
v 6 3
v 7 3
v 8 3
v 9 3
v 10 3
v 11 3
v 12 3
v 13 3
v 14 3
v 15 3
v 16 3
v 17 3
v 18 3
v 19 4
v 20 4
v 21 4
v 22 4
v 23 4
v 24 4
v 25 4
v 26 4
v 27 4
v 28 4
v 29 4
e 0 8 1
e 1 9 2
e 2 10 2
e 3 7 1
e 3 10 1
e 3 12 1
e 4 9 1
e 4 10 1
e 4 13 1
e 5 7 2
e 6 7 1
e 6 8 2
e 6 9 1
e 8 11 1
e 11 14 2
e 11 15 1
e 12 19 1
e 12 20 1
e 12 21 1
e 13 22 1
e 13 23 1
e 13 24 1
e 14 16 1
e 14 25 1
e 15 17 2
e 15 26 1
e 16 18 2
e 16 27 1
e 17 18 1
e 17 28 1
e 18 29 1
t # 17678
v 0 1
v 1 1
v 2 2
v 3 2
v 4 2
v 5 3
v 6 3
v 7 3
v 8 3
v 9 3
v 10 3
v 11 3
v 12 3
v 13 3
v 14 3
v 15 3
v 16 3
v 17 3
v 18 3
v 19 3
v 20 3
v 21 3
v 22 3
v 23 3
v 24 3
v 25 4
v 26 4
v 27 4
v 28 4
v 29 4
v 30 4
v 31 4
v 32 4
v 33 4
v 34 4
v 35 4
e 0 11 2
e 1 18 2
e 2 10 1
e 5 6 1
e 5 7 1
e 5 8 2
e 6 10 1
e 6 12 2
e 7 11 1
e 7 13 2
e 8 14 1
e 8 15 1
e 9 10 2
e 9 11 1
e 9 18 1
e 12 16 1
e 12 25 1
e 13 17 1
e 13 26 1
e 14 16 2
e 14 27 1
e 15 17 2
e 15 28 1
e 16 29 1
e 17 30 1
e 18 19 1
e 19 20 2
e 19 21 1
e 20 22 1
e 20 31 1
e 21 23 2
e 21 32 1
e 22 24 2
e 22 33 1
e 23 24 1
e 23 34 1
e 24 35 1
t # 17679
v 0 12
v 1 1
v 2 1
v 3 1
v 4 2
v 5 2
v 6 3
v 7 3
v 8 3
v 9 3
v 10 3
v 11 3
v 12 3
v 13 3
v 14 3
v 15 3
v 16 3
v 17 3
v 18 3
v 19 3
v 20 3
v 21 3
v 22 3
v 23 3
v 24 3
v 25 42
v 26 4
v 27 4
v 28 4
v 29 4
v 30 4
v 31 4
v 32 4
v 33 4
v 34 4
v 35 4
v 36 4
v 37 4
v 38 4
v 39 4
v 40 4
v 41 4
v 42 4
v 43 4
v 44 4
v 45 4
v 46 4
v 47 4
v 48 4
v 49 4
v 50 4
v 51 4
v 52 4
v 53 4
e 1 11 2
e 2 51 1
e 3 52 1
e 7 4 1
e 4 11 1
e 4 33 1
e 9 5 1
e 5 21 1
e 5 40 1
e 6 7 1
e 6 8 1
e 6 26 1
e 6 27 1
e 7 28 1
e 8 13 1
e 8 14 1
e 8 29 1
e 9 10 1
e 9 11 1
e 9 30 1
e 10 12 1
e 10 31 1
e 10 32 1
e 12 15 1
e 12 17 2
e 13 34 1
e 13 35 1
e 13 36 1
e 14 37 1
e 14 38 1
e 14 39 1
e 15 16 1
e 15 18 2
e 16 19 1
e 16 22 2
e 17 20 1
e 17 41 1
e 18 23 1
e 18 42 1
e 19 20 2
e 19 43 1
e 20 44 1
e 21 45 1
e 21 46 1
e 21 47 1
e 22 24 1
e 22 48 1
e 23 24 2
e 23 49 1
e 24 50 1
t # 17680
v 0 1
v 1 1
v 2 1
v 3 1
v 4 1
v 5 2
v 6 2
v 7 2
v 8 3
v 9 3
v 10 3
v 11 3
v 12 3
v 13 3
v 14 3
v 15 3
v 16 3
v 17 3
v 18 3
v 19 3
v 20 3
v 21 3
v 22 3
v 23 3
v 24 3
v 25 3
v 26 3
v 27 3
v 28 3
v 29 3
v 30 3
v 31 42
v 32 4
v 33 4
v 34 4
v 35 4
v 36 4
v 37 4
v 38 4
v 39 4
v 40 4
v 41 4
v 42 4
v 43 4
v 44 4
v 45 4
v 46 4
v 47 4
v 48 4
v 49 4
v 50 4
v 51 4
v 52 4
v 53 4
v 54 4
v 55 4
v 56 4
v 57 4
v 58 4
v 59 4
v 60 4
v 61 4
v 62 4
v 63 4
e 0 21 1
e 0 22 1
e 1 13 2
e 2 17 2
e 3 62 1
e 4 63 1
e 10 5 1
e 5 13 1
e 5 39 1
e 6 15 1
e 6 16 1
e 6 17 1
e 8 7 1
e 7 17 1
e 7 40 1
e 8 12 1
e 8 13 1
e 8 32 1
e 9 10 1
e 9 11 1
e 9 33 1
e 9 34 1
e 10 35 1
e 11 18 1
e 11 19 1
e 11 36 1
e 12 14 1
e 12 37 1
e 12 38 1
e 14 20 1
e 14 23 2
e 15 21 1
e 15 41 1
e 15 42 1
e 16 22 1
e 16 43 1
e 16 44 1
e 18 45 1
e 18 46 1
e 18 47 1
e 19 48 1
e 19 49 1
e 19 50 1
e 20 24 1
e 20 25 2
e 21 51 1
e 21 52 1
e 22 53 1
e 22 54 1
e 23 26 1
e 23 55 1
e 24 27 1
e 24 28 2
e 25 29 1
e 25 56 1
e 26 27 2
e 26 57 1
e 27 58 1
e 28 30 1
e 28 59 1
e 29 30 2
e 29 60 1
e 30 61 1
t # 17681
v 0 11
v 1 14
v 2 1
v 3 1
v 4 1
v 5 2
v 6 2
v 7 2
v 8 3
v 9 3
v 10 3
v 11 3
v 12 3
v 13 3
v 14 3
v 15 3
v 16 3
v 17 3
v 18 3
v 19 3
v 20 3
v 21 3
v 22 4
v 23 4
v 24 4
v 25 4
v 26 4
v 27 4
v 28 4
v 29 4
v 30 4
v 31 4
v 32 4
v 33 4
v 34 4
v 35 4
e 0 2 2
e 0 3 2
e 0 8 1
e 4 15 2
e 5 15 1
e 5 26 1
e 6 7 1
e 6 15 1
e 6 30 1
e 7 16 1
e 7 31 1
e 8 9 2
e 8 10 1
e 9 12 1
e 9 22 1
e 10 13 2
e 10 23 1
e 11 12 2
e 11 13 1
e 11 14 1
e 12 24 1
e 13 25 1
e 14 27 1
e 14 28 1
e 14 29 1
e 16 17 2
e 16 18 1
e 17 19 1
e 17 32 1
e 18 20 2
e 18 33 1
e 19 21 2
e 19 34 1
e 20 21 1
e 20 35 1
t # 17682
v 0 12
v 1 12
v 2 11
v 3 11
v 4 1
v 5 1
v 6 1
v 7 2
v 8 2
v 9 2
v 10 3
v 11 3
v 12 3
v 13 3
v 14 3
v 15 3
v 16 3
v 17 3
v 18 3
v 19 3
v 20 3
v 21 3
v 22 3
v 23 3
v 24 3
v 25 4
v 26 4
v 27 4
v 28 4
v 29 4
v 30 4
v 31 4
v 32 4
v 33 4
v 34 4
v 35 4
v 36 4
v 37 4
v 38 4
v 39 4
e 0 15 1
e 1 24 1
e 2 4 2
e 2 5 2
e 2 10 1
e 3 11 1
e 3 19 1
e 6 17 2
e 7 17 1
e 7 27 1
e 8 9 1
e 8 17 1
e 8 31 1
e 9 18 1
e 9 32 1
e 10 11 2
e 10 12 1
e 11 14 1
e 12 13 2
e 12 25 1
e 13 15 1
e 13 16 1
e 14 15 2
e 14 26 1
e 16 28 1
e 16 29 1
e 16 30 1
e 18 20 2
e 18 21 1
e 19 33 1
e 19 34 1
e 19 35 1
e 20 22 1
e 20 36 1
e 21 23 2
e 21 37 1
e 22 24 2
e 22 38 1
e 23 24 1
e 23 39 1
t # 17683
v 0 12
v 1 11
v 2 11
v 3 14
v 4 1
v 5 1
v 6 1
v 7 2
v 8 2
v 9 2
v 10 3
v 11 3
v 12 3
v 13 3
v 14 3
v 15 3
v 16 3
v 17 3
v 18 3
v 19 3
v 20 3
v 21 3
v 22 3
v 23 3
v 24 3
v 25 4
v 26 4
v 27 4
v 28 4
v 29 4
v 30 4
v 31 4
v 32 4
v 33 4
v 34 4
v 35 4
v 36 4
v 37 4
v 38 4
v 39 4
e 0 15 1
e 1 4 2
e 1 5 2
e 1 10 1
e 2 11 1
e 2 19 1
e 6 17 2
e 7 17 1
e 7 27 1
e 8 9 1
e 8 17 1
e 8 31 1
e 9 18 1
e 9 32 1
e 10 11 2
e 10 12 1
e 11 14 1
e 12 13 2
e 12 25 1
e 13 15 1
e 13 16 1
e 14 15 2
e 14 26 1
e 16 28 1
e 16 29 1
e 16 30 1
e 18 20 2
e 18 21 1
e 19 33 1
e 19 34 1
e 19 35 1
e 20 22 1
e 20 36 1
e 21 23 2
e 21 37 1
e 22 24 2
e 22 38 1
e 23 24 1
e 23 39 1
t # 17684
v 0 12
v 1 12
v 2 11
v 3 11
v 4 14
v 5 1
v 6 1
v 7 1
v 8 2
v 9 2
v 10 2
v 11 3
v 12 3
v 13 3
v 14 3
v 15 3
v 16 3
v 17 3
v 18 3
v 19 3
v 20 3
v 21 3
v 22 3
v 23 3
v 24 3
v 25 3
v 26 4
v 27 4
v 28 4
v 29 4
v 30 4
v 31 4
v 32 4
v 33 4
v 34 4
v 35 4
v 36 4
v 37 4
v 38 4
v 39 4
e 0 16 1
e 1 23 1
e 2 5 2
e 2 6 2
e 2 11 1
e 3 12 1
e 3 20 1
e 7 18 2
e 8 18 1
e 8 28 1
e 9 10 1
e 9 18 1
e 9 32 1
e 10 19 1
e 10 33 1
e 11 12 2
e 11 13 1
e 12 15 1
e 13 14 2
e 13 26 1
e 14 16 1
e 14 17 1
e 15 16 2
e 15 27 1
e 17 29 1
e 17 30 1
e 17 31 1
e 19 21 2
e 19 22 1
e 20 34 1
e 20 35 1
e 20 36 1
e 21 23 1
e 21 37 1
e 22 24 2
e 22 38 1
e 23 25 2
e 24 25 1
e 24 39 1
t # 17685
v 0 12
v 1 11
v 2 11
v 3 1
v 4 1
v 5 1
v 6 2
v 7 2
v 8 2
v 9 3
v 10 3
v 11 3
v 12 3
v 13 3
v 14 3
v 15 3
v 16 3
v 17 3
v 18 3
v 19 3
v 20 3
v 21 3
v 22 3
v 23 3
v 24 3
v 25 4
v 26 4
v 27 4
v 28 4
v 29 4
v 30 4
v 31 4
v 32 4
v 33 4
v 34 4
v 35 4
v 36 4
v 37 4
v 38 4
v 39 4
v 40 4
v 41 4
v 42 4
e 0 14 1
e 1 3 2
e 1 4 2
e 1 9 1
e 2 10 1
e 2 23 1
e 5 16 2
e 6 16 1
e 6 27 1
e 7 8 1
e 7 16 1
e 7 31 1
e 8 17 1
e 8 32 1
e 9 10 2
e 9 11 1
e 10 13 1
e 11 12 2
e 11 25 1
e 12 14 1
e 12 15 1
e 13 14 2
e 13 26 1
e 15 28 1
e 15 29 1
e 15 30 1
e 17 19 2
e 17 20 1
e 18 21 2
e 18 22 1
e 18 24 1
e 19 21 1
e 19 33 1
e 20 22 2
e 20 34 1
e 21 35 1
e 22 36 1
e 23 37 1
e 23 38 1
e 23 39 1
e 24 40 1
e 24 41 1
e 24 42 1
t # 17686
v 0 12
v 1 11
v 2 11
v 3 1
v 4 1
v 5 1
v 6 2
v 7 2
v 8 2
v 9 2
v 10 2
v 11 3
v 12 3
v 13 3
v 14 3
v 15 3
v 16 3
v 17 3
v 18 3
v 19 3
v 20 3
v 21 3
v 22 3
v 23 3
v 24 3
v 25 3
v 26 3
v 27 3
v 28 4
v 29 4
v 30 4
v 31 4
v 32 4
v 33 4
v 34 4
v 35 4
v 36 4
v 37 4
v 38 4
v 39 4
v 40 4
v 41 4
v 42 4
v 43 4
e 0 16 1
e 1 3 2
e 1 4 2
e 1 11 1
e 2 12 1
e 2 23 1
e 5 18 2
e 6 18 1
e 6 30 1
e 7 8 1
e 7 18 1
e 7 34 1
e 8 21 1
e 8 35 1
e 9 19 1
e 9 21 2
e 10 20 1
e 10 25 2
e 11 12 2
e 11 13 1
e 12 15 1
e 13 14 2
e 13 28 1
e 14 16 1
e 14 17 1
e 15 16 2
e 15 29 1
e 17 31 1
e 17 32 1
e 17 33 1
e 19 20 1
e 19 22 2
e 20 24 2
e 21 25 1
e 22 26 1
e 22 36 1
e 23 38 1
e 23 39 1
e 23 40 1
e 24 27 1
e 24 37 1
e 25 41 1
e 26 27 2
e 26 42 1
e 27 43 1
t # 17687
v 0 12
v 1 11
v 2 11
v 3 14
v 4 14
v 5 14
v 6 1
v 7 1
v 8 1
v 9 2
v 10 2
v 11 2
v 12 2
v 13 3
v 14 3
v 15 3
v 16 3
v 17 3
v 18 3
v 19 3
v 20 3
v 21 3
v 22 3
v 23 3
v 24 3
v 25 3
v 26 3
v 27 3
v 28 4
v 29 4
v 30 4
v 31 4
v 32 4
v 33 4
v 34 4
v 35 4
v 36 4
v 37 4
v 38 4
v 39 4
v 40 4
v 41 4
e 0 18 1
e 1 6 2
e 1 7 2
e 1 13 1
e 2 14 1
e 2 22 1
e 8 20 2
e 9 20 1
e 9 30 1
e 10 11 1
e 10 20 1
e 10 34 1
e 11 21 1
e 11 35 1
e 12 21 1
e 12 23 2
e 13 14 2
e 13 15 1
e 14 17 1
e 15 16 2
e 15 28 1
e 16 18 1
e 16 19 1
e 17 18 2
e 17 29 1
e 19 31 1
e 19 32 1
e 19 33 1
e 21 24 2
e 22 36 1
e 22 37 1
e 22 38 1
e 23 25 1
e 23 27 1
e 24 26 1
e 24 39 1
e 25 26 2
e 25 40 1
e 26 41 1
t # 17688
v 0 12
v 1 11
v 2 11
v 3 1
v 4 1
v 5 1
v 6 2
v 7 2
v 8 2
v 9 2
v 10 3
v 11 3
v 12 3
v 13 3
v 14 3
v 15 3
v 16 3
v 17 3
v 18 3
v 19 3
v 20 3
v 21 3
v 22 3
v 23 3
v 24 4
v 25 4
v 26 4
v 27 4
v 28 4
v 29 4
v 30 4
v 31 4
v 32 4
v 33 4
v 34 4
v 35 4
v 36 4
v 37 4
v 38 4
e 0 15 1
e 1 3 2
e 1 4 2
e 1 10 1
e 2 11 1
e 2 18 1
e 5 17 2
e 6 17 1
e 6 26 1
e 7 8 1
e 7 17 1
e 7 30 1
e 8 19 1
e 8 34 1
e 9 19 1
e 9 23 2
e 10 11 2
e 10 12 1
e 11 14 1
e 12 13 2
e 12 24 1
e 13 15 1
e 13 16 1
e 14 15 2
e 14 25 1
e 16 27 1
e 16 28 1
e 16 29 1
e 18 31 1
e 18 32 1
e 18 33 1
e 19 20 2
e 20 21 1
e 20 35 1
e 21 22 2
e 21 36 1
e 22 23 1
e 22 37 1
e 23 38 1
t # 17689
v 0 12
v 1 11
v 2 11
v 3 1
v 4 1
v 5 2
v 6 2
v 7 2
v 8 3
v 9 3
v 10 3
v 11 3
v 12 3
v 13 3
v 14 3
v 15 3
v 16 3
v 17 3
v 18 3
v 19 3
v 20 3
v 21 3
v 22 3
v 23 3
v 24 4
v 25 4
v 26 4
v 27 4
v 28 4
v 29 4
v 30 4
v 31 4
v 32 4
v 33 4
v 34 4
v 35 4
v 36 4
v 37 4
v 38 4
v 39 4
e 0 22 1
e 1 3 2
e 1 4 2
e 1 14 1
e 2 17 1
e 5 8 1
e 5 10 1
e 5 24 1
e 6 10 1
e 6 27 1
e 7 9 1
e 7 10 2
e 8 9 2
e 8 13 1
e 9 15 1
e 11 12 1
e 11 13 2
e 11 19 1
e 12 15 2
e 12 20 1
e 13 25 1
e 14 16 1
e 14 17 2
e 15 26 1
e 16 18 2
e 16 28 1
e 17 21 1
e 18 22 1
e 18 23 1
e 19 29 1
e 19 30 1
e 19 31 1
e 20 32 1
e 20 33 1
e 20 34 1
e 21 22 2
e 21 35 1
e 23 36 1
e 23 37 1
e 23 38 1
t # 17690
v 0 12
v 1 11
v 2 11
v 3 1
v 4 1
v 5 2
v 6 2
v 7 2
v 8 3
v 9 3
v 10 3
v 11 3
v 12 3
v 13 3
v 14 3
v 15 3
v 16 3
v 17 3
v 18 3
v 19 3
v 20 3
v 21 3
v 22 3
v 23 4
v 24 4
v 25 4
v 26 4
v 27 4
v 28 4
v 29 4
v 30 4
v 31 4
v 32 4
v 33 4
v 34 4
v 35 4
v 36 4
e 0 20 1
e 1 3 2
e 1 4 2
e 1 8 1
e 2 14 1
e 5 10 1
e 5 23 1
e 6 9 1
e 6 10 1
e 6 24 1
e 7 10 2
e 7 11 1
e 8 12 1
e 8 14 2
e 9 11 2
e 9 13 1
e 11 17 1
e 12 15 2
e 12 25 1
e 13 16 2
e 13 26 1
e 14 19 1
e 15 20 1
e 15 21 1
e 16 18 1
e 16 22 1
e 17 18 2
e 17 27 1
e 18 28 1
e 19 20 2
e 19 29 1
e 21 30 1
e 21 31 1
e 21 32 1
e 22 33 1
e 22 34 1
e 22 35 1
t # 17691
v 0 12
v 1 11
v 2 11
v 3 1
v 4 1
v 5 2
v 6 2
v 7 2
v 8 3
v 9 3
v 10 3
v 11 3
v 12 3
v 13 3
v 14 3
v 15 3
v 16 3
v 17 3
v 18 3
v 19 3
v 20 3
v 21 3
v 22 4
v 23 4
v 24 4
v 25 4
v 26 4
v 27 4
v 28 4
v 29 4
v 30 4
v 31 4
v 32 4
v 33 4
e 0 16 1
e 1 3 2
e 1 4 2
e 1 8 1
e 2 13 1
e 5 9 1
e 5 22 1
e 6 9 1
e 6 10 1
e 6 24 1
e 7 9 2
e 7 12 1
e 8 11 1
e 8 13 2
e 10 12 1
e 10 17 2
e 11 14 2
e 11 23 1
e 12 18 2
e 13 15 1
e 14 16 1
e 14 19 1
e 15 16 2
e 15 25 1
e 17 20 1
e 17 26 1
e 18 21 1
e 18 27 1
e 19 28 1
e 19 29 1
e 19 30 1
e 20 21 2
e 20 31 1
e 21 32 1
t # 17692
v 0 12
v 1 12
v 2 11
v 3 11
v 4 11
v 5 11
v 6 1
v 7 1
v 8 1
v 9 1
v 10 1
v 11 1
v 12 1
v 13 1
v 14 2
v 15 2
v 16 2
v 17 2
v 18 2
v 19 2
v 20 2
v 21 2
v 22 2
v 23 2
v 24 3
v 25 3
v 26 3
v 27 3
v 28 3
v 29 3
v 30 3
v 31 3
v 32 3
v 33 3
v 34 3
v 35 3
v 36 3
v 37 3
v 38 3
v 39 3
v 40 3
v 41 3
v 42 3
v 43 3
v 44 3
v 45 3
v 46 3
v 47 3
v 48 3
v 49 3
v 50 3
v 51 3
v 52 3
v 53 3
v 54 3
v 55 3
v 56 4
v 57 4
v 58 4
v 59 4
v 60 4
v 61 4
v 62 4
v 63 4
v 64 4
v 65 4
v 66 4
v 67 4
v 68 4
v 69 4
v 70 4
v 71 4
v 72 4
v 73 4
v 74 4
v 75 4
v 76 4
v 77 4
v 78 4
v 79 4
v 80 4
v 81 4
e 0 34 1
e 1 35 1
e 2 6 2
e 2 7 2
e 2 24 1
e 3 8 2
e 3 9 2
e 3 25 1
e 4 26 1
e 5 27 1
e 10 36 2
e 11 37 2
e 12 52 2
e 13 53 2
e 14 38 1
e 14 60 1
e 15 39 1
e 15 61 1
e 16 36 1
e 16 40 1
e 16 62 1
e 17 37 1
e 17 41 1
e 17 63 1
e 18 22 1
e 18 38 1
e 18 64 1
e 19 23 1
e 19 39 1
e 19 65 1
e 20 38 2
e 20 52 1
e 21 39 2
e 21 53 1
e 22 52 1
e 22 74 1
e 23 53 1
e 23 75 1
e 24 26 2
e 24 28 1
e 25 27 2
e 25 29 1
e 26 32 1
e 27 33 1
e 28 30 2
e 28 56 1
e 29 31 2
e 29 57 1
e 30 34 1
e 30 36 1
e 31 35 1
e 31 37 1
e 32 34 2
e 32 58 1
e 33 35 2
e 33 59 1
e 40 42 2
e 40 44 1
e 41 43 2
e 41 45 1
e 42 48 1
e 42 66 1
e 43 49 1
e 43 67 1
e 44 50 2
e 44 68 1
e 45 51 2
e 45 69 1
e 46 48 2
e 46 50 1
e 46 54 1
e 47 49 2
e 47 51 1
e 47 55 1
e 48 70 1
e 49 71 1
e 50 72 1
e 51 73 1
e 54 76 1
e 54 77 1
e 54 78 1
e 55 79 1
e 55 80 1
e 55 81 1
t # 17693
v 0 12
v 1 12
v 2 12
v 3 12
v 4 11
v 5 11
v 6 11
v 7 11
v 8 1
v 9 1
v 10 1
v 11 1
v 12 1
v 13 1
v 14 1
v 15 1
v 16 2
v 17 2
v 18 2
v 19 2
v 20 2
v 21 2
v 22 2
v 23 2
v 24 2
v 25 2
v 26 3
v 27 3
v 28 3
v 29 3
v 30 3
v 31 3
v 32 3
v 33 3
v 34 3
v 35 3
v 36 3
v 37 3
v 38 3
v 39 3
v 40 3
v 41 3
v 42 3
v 43 3
v 44 3
v 45 3
v 46 3
v 47 3
v 48 3
v 49 3
v 50 3
v 51 3
v 52 3
v 53 3
v 54 3
v 55 3
v 56 4
v 57 4
v 58 4
v 59 4
v 60 4
v 61 4
v 62 4
v 63 4
v 64 4
v 65 4
v 66 4
v 67 4
v 68 4
v 69 4
v 70 4
v 71 4
v 72 4
v 73 4
v 74 4
v 75 4
e 0 36 1
e 1 37 1
e 2 54 1
e 3 55 1
e 4 8 2
e 4 9 2
e 4 26 1
e 5 10 2
e 5 11 2
e 5 27 1
e 6 28 1
e 7 29 1
e 12 38 2
e 13 39 2
e 14 44 2
e 15 45 2
e 16 40 1
e 16 60 1
e 17 41 1
e 17 61 1
e 18 38 1
e 18 42 1
e 18 62 1
e 19 39 1
e 19 43 1
e 19 63 1
e 20 24 1
e 20 40 1
e 20 64 1
e 21 25 1
e 21 41 1
e 21 65 1
e 22 40 2
e 22 44 1
e 23 41 2
e 23 45 1
e 24 44 1
e 24 66 1
e 25 45 1
e 25 67 1
e 26 28 2
e 26 30 1
e 27 29 2
e 27 31 1
e 28 34 1
e 29 35 1
e 30 32 2
e 30 56 1
e 31 33 2
e 31 57 1
e 32 36 1
e 32 38 1
e 33 37 1
e 33 39 1
e 34 36 2
e 34 58 1
e 35 37 2
e 35 59 1
e 42 46 2
e 42 48 1
e 43 47 2
e 43 49 1
e 46 50 1
e 46 68 1
e 47 51 1
e 47 69 1
e 48 52 2
e 48 70 1
e 49 53 2
e 49 71 1
e 50 54 2
e 50 72 1
e 51 55 2
e 51 73 1
e 52 54 1
e 52 74 1
e 53 55 1
e 53 75 1
t # 17694
v 0 12
v 1 12
v 2 11
v 3 11
v 4 11
v 5 11
v 6 1
v 7 1
v 8 1
v 9 1
v 10 1
v 11 1
v 12 1
v 13 1
v 14 2
v 15 2
v 16 2
v 17 2
v 18 2
v 19 2
v 20 2
v 21 2
v 22 2
v 23 2
v 24 3
v 25 3
v 26 3
v 27 3
v 28 3
v 29 3
v 30 3
v 31 3
v 32 3
v 33 3
v 34 3
v 35 3
v 36 3
v 37 3
v 38 3
v 39 3
v 40 3
v 41 3
v 42 3
v 43 3
v 44 3
v 45 3
v 46 3
v 47 3
v 48 3
v 49 3
v 50 3
v 51 3
v 52 3
v 53 3
v 54 4
v 55 4
v 56 4
v 57 4
v 58 4
v 59 4
v 60 4
v 61 4
v 62 4
v 63 4
v 64 4
v 65 4
v 66 4
v 67 4
v 68 4
v 69 4
v 70 4
v 71 4
v 72 4
v 73 4
v 74 4
v 75 4
e 0 34 1
e 1 35 1
e 2 6 2
e 2 7 2
e 2 24 1
e 3 8 2
e 3 9 2
e 3 25 1
e 4 26 1
e 5 27 1
e 10 36 2
e 11 37 2
e 12 42 2
e 13 43 2
e 14 38 1
e 14 58 1
e 15 39 1
e 15 59 1
e 16 36 1
e 16 40 1
e 16 60 1
e 17 37 1
e 17 41 1
e 17 61 1
e 18 22 1
e 18 38 1
e 18 62 1
e 19 23 1
e 19 39 1
e 19 63 1
e 20 38 2
e 20 42 1
e 21 39 2
e 21 43 1
e 22 42 1
e 22 64 1
e 23 43 1
e 23 65 1
e 24 26 2
e 24 28 1
e 25 27 2
e 25 29 1
e 26 32 1
e 27 33 1
e 28 30 2
e 28 54 1
e 29 31 2
e 29 55 1
e 30 34 1
e 30 36 1
e 31 35 1
e 31 37 1
e 32 34 2
e 32 56 1
e 33 35 2
e 33 57 1
e 40 44 2
e 40 46 1
e 41 45 2
e 41 47 1
e 44 48 1
e 44 66 1
e 45 49 1
e 45 67 1
e 46 50 2
e 46 68 1
e 47 51 2
e 47 69 1
e 48 52 2
e 48 70 1
e 49 53 2
e 49 71 1
e 50 52 1
e 50 72 1
e 51 53 1
e 51 73 1
e 52 74 1
e 53 75 1
t # 17695
v 0 12
v 1 11
v 2 11
v 3 14
v 4 1
v 5 1
v 6 1
v 7 2
v 8 2
v 9 2
v 10 3
v 11 3
v 12 3
v 13 3
v 14 3
v 15 3
v 16 3
v 17 3
v 18 3
v 19 3
v 20 3
v 21 3
v 22 3
v 23 3
v 24 3
v 25 3
v 26 4
v 27 4
v 28 4
v 29 4
v 30 4
v 31 4
v 32 4
v 33 4
v 34 4
e 0 17 1
e 1 4 2
e 1 5 2
e 1 10 1
e 2 11 1
e 2 12 1
e 6 19 2
e 7 12 1
e 7 16 1
e 8 12 2
e 8 18 1
e 9 19 1
e 9 20 1
e 9 30 1
e 10 11 2
e 10 13 1
e 11 15 1
e 13 14 2
e 13 26 1
e 14 17 1
e 14 19 1
e 15 17 2
e 15 27 1
e 16 18 2
e 16 28 1
e 18 29 1
e 20 21 2
e 20 22 1
e 21 23 1
e 21 31 1
e 22 24 2
e 22 32 1
e 23 25 2
e 23 33 1
e 24 25 1
e 24 34 1
t # 17696
v 0 12
v 1 12
v 2 11
v 3 11
v 4 1
v 5 1
v 6 1
v 7 2
v 8 2
v 9 2
v 10 3
v 11 3
v 12 3
v 13 3
v 14 3
v 15 3
v 16 3
v 17 3
v 18 3
v 19 3
v 20 3
v 21 3
v 22 3
v 23 3
v 24 3
v 25 3
v 26 4
v 27 4
v 28 4
v 29 4
v 30 4
v 31 4
v 32 4
v 33 4
v 34 4
e 0 17 1
e 1 25 1
e 2 4 2
e 2 5 2
e 2 10 1
e 3 11 1
e 3 12 1
e 6 19 2
e 7 12 1
e 7 16 1
e 8 12 2
e 8 18 1
e 9 19 1
e 9 20 1
e 9 30 1
e 10 11 2
e 10 13 1
e 11 15 1
e 13 14 2
e 13 26 1
e 14 17 1
e 14 19 1
e 15 17 2
e 15 27 1
e 16 18 2
e 16 28 1
e 18 29 1
e 20 21 2
e 20 22 1
e 21 23 1
e 21 31 1
e 22 24 2
e 22 32 1
e 23 25 2
e 23 33 1
e 24 25 1
e 24 34 1
t # 17697
v 0 12
v 1 11
v 2 11
v 3 1
v 4 1
v 5 1
v 6 2
v 7 2
v 8 2
v 9 3
v 10 3
v 11 3
v 12 3
v 13 3
v 14 3
v 15 3
v 16 3
v 17 3
v 18 3
v 19 3
v 20 3
v 21 3
v 22 3
v 23 3
v 24 3
v 25 3
v 26 4
v 27 4
v 28 4
v 29 4
v 30 4
v 31 4
v 32 4
v 33 4
v 34 4
v 35 4
v 36 4
v 37 4
e 0 16 1
e 1 3 2
e 1 4 2
e 1 9 1
e 2 10 1
e 2 11 1
e 5 18 2
e 6 11 1
e 6 15 1
e 7 11 2
e 7 17 1
e 8 18 1
e 8 19 1
e 8 30 1
e 9 10 2
e 9 12 1
e 10 14 1
e 12 13 2
e 12 26 1
e 13 16 1
e 13 18 1
e 14 16 2
e 14 27 1
e 15 17 2
e 15 28 1
e 17 29 1
e 19 20 2
e 19 21 1
e 20 23 1
e 20 31 1
e 21 24 2
e 21 32 1
e 22 23 2
e 22 24 1
e 22 25 1
e 23 33 1
e 24 34 1
e 25 35 1
e 25 36 1
e 25 37 1
t # 17698
v 0 12
v 1 11
v 2 11
v 3 1
v 4 1
v 5 1
v 6 2
v 7 2
v 8 2
v 9 3
v 10 3
v 11 3
v 12 3
v 13 3
v 14 3
v 15 3
v 16 3
v 17 3
v 18 3
v 19 3
v 20 3
v 21 3
v 22 3
v 23 4
v 24 4
v 25 4
v 26 4
v 27 4
v 28 4
v 29 4
v 30 4
v 31 4
v 32 4
v 33 4
v 34 4
v 35 4
v 36 4
e 0 17 1
e 1 3 2
e 1 4 2
e 1 9 1
e 2 10 1
e 2 13 1
e 5 20 2
e 6 13 1
e 6 18 1
e 7 15 1
e 7 20 1
e 7 32 1
e 8 13 2
e 8 21 1
e 9 10 2
e 9 11 1
e 10 16 1
e 11 12 2
e 11 23 1
e 12 17 1
e 12 20 1
e 14 15 1
e 14 19 1
e 14 24 1
e 14 25 1
e 15 26 1
e 15 27 1
e 16 17 2
e 16 28 1
e 18 21 2
e 18 29 1
e 19 22 1
e 19 30 1
e 19 31 1
e 21 33 1
e 22 34 1
e 22 35 1
e 22 36 1
t # 17699
v 0 12
v 1 11
v 2 11
v 3 1
v 4 1
v 5 2
v 6 2
v 7 3
v 8 3
v 9 3
v 10 3
v 11 3
v 12 3
v 13 3
v 14 3
v 15 3
v 16 3
v 17 4
v 18 4
v 19 4
v 20 4
v 21 4
v 22 4
v 23 4
e 0 14 1
e 1 3 2
e 1 4 2
e 1 7 1
e 2 8 1
e 2 9 1
e 5 9 1
e 5 13 1
e 6 9 2
e 6 15 1
e 7 8 2
e 7 10 1
e 8 12 1
e 10 11 2
e 10 17 1
e 11 14 1
e 11 16 1
e 12 14 2
e 12 18 1
e 13 15 2
e 13 19 1
e 15 20 1
e 16 21 1
e 16 22 1
e 16 23 1
