t # 29900
v 0 11
v 1 2
v 2 3
v 3 3
v 4 3
v 5 3
v 6 3
v 7 3
v 8 3
v 9 3
v 10 3
v 11 3
v 12 3
v 13 4
v 14 4
v 15 4
v 16 4
v 17 4
v 18 4
v 19 4
v 20 4
v 21 4
e 0 5 1
e 0 12 1
e 1 3 1
e 1 8 1
e 1 11 1
e 2 3 2
e 2 4 1
e 2 6 1
e 3 7 1
e 4 5 2
e 4 10 1
e 5 9 1
e 6 8 2
e 6 13 1
e 7 9 2
e 7 14 1
e 8 15 1
e 9 16 1
e 10 12 2
e 10 17 1
e 11 18 1
e 11 19 1
e 11 20 1
e 12 21 1
t # 29901
v 0 2
v 1 2
v 2 3
v 3 3
v 4 3
v 5 3
v 6 3
v 7 3
v 8 3
v 9 3
v 10 3
v 11 3
v 12 3
v 13 3
v 14 4
v 15 4
v 16 4
v 17 4
v 18 4
v 19 4
v 20 4
v 21 4
v 22 4
v 23 4
v 24 4
v 25 4
e 0 4 1
e 0 10 1
e 0 12 1
e 1 5 1
e 1 11 1
e 1 13 1
e 2 3 1
e 2 4 2
e 2 8 1
e 3 5 2
e 3 9 1
e 4 6 1
e 5 7 1
e 6 7 2
e 6 14 1
e 7 15 1
e 8 10 2
e 8 16 1
e 9 11 2
e 9 17 1
e 10 18 1
e 11 19 1
e 12 20 1
e 12 21 1
e 12 22 1
e 13 23 1
e 13 24 1
e 13 25 1
t # 29902
v 0 1
v 1 1
v 2 1
v 3 1
v 4 1
v 5 1
v 6 2
v 7 2
v 8 2
v 9 2
v 10 3
v 11 3
v 12 3
v 13 3
v 14 3
v 15 3
v 16 3
v 17 3
v 18 3
v 19 3
v 20 3
v 21 3
v 22 3
v 23 3
v 24 3
v 25 3
v 26 3
v 27 3
v 28 3
v 29 3
v 30 4
v 31 4
v 32 4
v 33 4
v 34 4
v 35 4
v 36 4
v 37 4
v 38 4
v 39 4
v 40 4
v 41 4
v 42 4
v 43 4
e 0 12 2
e 1 13 2
e 2 14 2
e 3 15 2
e 4 16 2
e 5 17 2
e 6 10 1
e 6 12 1
e 6 14 1
e 7 11 1
e 7 13 1
e 7 15 1
e 8 12 1
e 8 16 1
e 8 18 1
e 9 13 1
e 9 17 1
e 9 19 1
e 10 11 1
e 10 30 1
e 10 31 1
e 11 32 1
e 11 33 1
e 14 16 1
e 15 17 1
e 18 20 2
e 18 22 1
e 19 21 2
e 19 23 1
e 20 24 1
e 20 34 1
e 21 25 1
e 21 35 1
e 22 26 2
e 22 36 1
e 23 27 2
e 23 37 1
e 24 28 2
e 24 38 1
e 25 29 2
e 25 39 1
e 26 28 1
e 26 40 1
e 27 29 1
e 27 41 1
e 28 42 1
e 29 43 1
t # 29903
v 0 1
v 1 1
v 2 1
v 3 2
v 4 2
v 5 3
v 6 3
v 7 3
v 8 3
v 9 3
v 10 3
v 11 3
v 12 3
v 13 3
v 14 3
v 15 3
v 16 3
v 17 3
v 18 4
v 19 4
v 20 4
v 21 4
v 22 4
v 23 4
v 24 4
v 25 4
v 26 4
v 27 4
v 28 4
v 29 4
v 30 4
v 31 4
e 0 8 2
e 1 9 2
e 2 10 2
e 3 5 1
e 3 8 1
e 3 9 1
e 4 8 1
e 4 10 1
e 4 11 1
e 5 6 1
e 5 18 1
e 5 19 1
e 6 7 1
e 6 20 1
e 6 21 1
e 7 12 1
e 7 22 1
e 7 23 1
e 9 10 1
e 11 13 2
e 11 14 1
e 12 24 1
e 12 25 1
e 12 26 1
e 13 15 1
e 13 27 1
e 14 16 2
e 14 28 1
e 15 17 2
e 15 29 1
e 16 17 1
e 16 30 1
e 17 31 1
t # 29904
v 0 1
v 1 1
v 2 1
v 3 3
v 4 3
v 5 3
v 6 3
v 7 3
v 8 3
v 9 3
v 10 3
v 11 3
v 12 3
v 13 3
v 14 3
v 15 3
v 16 3
v 17 3
v 18 4
v 19 4
v 20 4
v 21 4
v 22 4
v 23 4
v 24 4
v 25 4
v 26 4
v 27 4
v 28 4
v 29 4
v 30 4
v 31 4
v 32 4
v 33 4
v 34 4
v 35 4
v 36 4
v 37 4
v 38 4
v 39 4
v 40 4
v 41 4
e 0 5 1
e 0 37 1
e 9 1 1
e 1 38 1
e 14 2 1
e 2 41 1
e 3 4 1
e 3 5 1
e 3 7 1
e 3 18 1
e 4 8 1
e 4 9 1
e 4 13 1
e 5 6 1
e 5 12 1
e 6 8 1
e 6 11 1
e 6 19 1
e 7 10 1
e 7 15 1
e 7 16 1
e 8 20 1
e 8 21 1
e 9 10 1
e 9 22 1
e 10 23 1
e 10 24 1
e 11 14 1
e 11 25 1
e 11 26 1
e 12 14 1
e 12 17 2
e 13 27 1
e 13 28 1
e 13 29 1
e 14 30 1
e 15 31 1
e 15 32 1
e 15 33 1
e 16 34 1
e 16 35 1
e 16 36 1
e 17 39 1
e 17 40 1
t # 29905
v 0 1
v 1 1
v 2 1
v 3 1
v 4 1
v 5 1
v 6 1
v 7 1
v 8 1
v 9 1
v 10 3
v 11 3
v 12 3
v 13 3
v 14 3
v 15 3
v 16 3
v 17 3
v 18 3
v 19 3
v 20 3
v 21 3
v 22 3
v 23 3
v 24 3
v 25 3
v 26 3
v 27 3
v 28 3
v 29 3
v 30 3
v 31 3
v 32 3
v 33 3
v 34 4
v 35 4
v 36 4
v 37 4
v 38 4
v 39 4
v 40 4
v 41 4
v 42 4
v 43 4
v 44 4
v 45 4
v 46 4
v 47 4
v 48 4
v 49 4
v 50 4
v 51 4
v 52 4
v 53 4
v 54 4
v 55 4
v 56 4
v 57 4
v 58 4
v 59 4
v 60 4
v 61 4
v 62 4
v 63 4
v 64 4
v 65 4
e 10 0 1
e 0 12 1
e 1 13 1
e 1 20 1
e 2 15 1
e 2 18 1
e 3 15 1
e 3 21 1
e 4 19 1
e 4 26 1
e 5 20 2
e 6 21 2
e 7 25 1
e 7 32 1
e 8 26 2
e 9 32 2
e 10 11 1
e 10 12 1
e 10 13 1
e 11 14 1
e 11 15 1
e 11 34 1
e 12 35 1
e 12 36 1
e 13 16 1
e 13 37 1
e 14 16 2
e 14 17 1
e 15 38 1
e 16 39 1
e 17 18 2
e 17 19 1
e 18 40 1
e 19 41 1
e 19 42 1
e 20 22 1
e 21 23 1
e 22 24 1
e 22 43 1
e 22 44 1
e 23 25 1
e 23 45 1
e 23 46 1
e 24 27 1
e 24 28 1
e 24 47 1
e 25 29 1
e 25 30 1
e 26 31 1
e 27 48 1
e 27 49 1
e 27 50 1
e 28 51 1
e 28 52 1
e 28 53 1
e 29 54 1
e 29 55 1
e 29 56 1
e 30 57 1
e 30 58 1
e 30 59 1
e 31 60 1
e 31 61 1
e 31 62 1
e 32 33 1
e 33 63 1
e 33 64 1
e 33 65 1
t # 29906
v 0 1
v 1 1
v 2 1
v 3 2
v 4 2
v 5 2
v 6 3
v 7 3
v 8 3
v 9 3
v 10 3
v 11 3
v 12 3
v 13 3
v 14 3
v 15 4
v 16 4
v 17 4
v 18 4
v 19 4
v 20 4
v 21 4
v 22 4
v 23 4
v 24 4
v 25 4
v 26 4
v 27 4
e 0 8 1
e 0 9 1
e 1 7 1
e 1 23 1
e 2 14 2
e 3 4 1
e 3 12 1
e 3 25 1
e 4 13 2
e 5 14 1
e 5 26 1
e 5 27 1
e 6 7 1
e 6 9 1
e 6 11 1
e 6 15 1
e 7 8 1
e 7 16 1
e 8 10 1
e 8 17 1
e 9 18 1
e 9 19 1
e 10 12 2
e 10 13 1
e 11 20 1
e 11 21 1
e 11 22 1
e 12 14 1
e 13 24 1
t # 29907
v 0 1
v 1 1
v 2 1
v 3 1
v 4 2
v 5 2
v 6 3
v 7 3
v 8 3
v 9 3
v 10 3
v 11 3
v 12 3
v 13 3
v 14 3
v 15 3
v 16 3
v 17 3
v 18 3
v 19 3
v 20 3
v 21 3
v 22 3
v 23 3
v 24 3
v 25 3
v 26 3
v 27 3
v 28 4
v 29 4
v 30 4
v 31 4
v 32 4
v 33 4
v 34 4
v 35 4
v 36 4
v 37 4
v 38 4
v 39 4
v 40 4
v 41 4
v 42 4
v 43 4
v 44 4
v 45 4
v 46 4
v 47 4
v 48 4
v 49 4
v 50 4
v 51 4
v 52 4
v 53 4
e 0 11 1
e 0 19 1
e 1 21 1
e 1 26 1
e 2 21 2
e 3 25 1
e 3 27 1
e 4 8 1
e 4 10 1
e 4 13 1
e 5 12 1
e 5 20 1
e 5 40 1
e 6 7 1
e 6 10 1
e 6 11 1
e 6 28 1
e 7 9 1
e 7 16 1
e 7 29 1
e 8 9 1
e 8 12 1
e 8 30 1
e 9 31 1
e 9 32 1
e 10 33 1
e 10 34 1
e 11 18 1
e 11 35 1
e 12 14 2
e 13 15 1
e 13 36 1
e 13 37 1
e 14 15 1
e 14 17 1
e 15 38 1
e 15 39 1
e 16 19 2
e 16 21 1
e 17 20 2
e 17 22 1
e 18 41 1
e 18 42 1
e 18 43 1
e 19 44 1
e 20 23 1
e 22 24 2
e 22 45 1
e 23 25 2
e 23 46 1
e 24 25 1
e 24 47 1
e 26 48 1
e 26 49 1
e 26 50 1
e 27 51 1
e 27 52 1
e 27 53 1
t # 29908
v 0 11
v 1 1
v 2 1
v 3 1
v 4 1
v 5 1
v 6 1
v 7 1
v 8 1
v 9 1
v 10 1
v 11 1
v 12 1
v 13 1
v 14 1
v 15 1
v 16 1
v 17 1
v 18 1
v 19 1
v 20 1
v 21 1
v 22 1
v 23 1
v 24 1
v 25 1
v 26 1
v 27 1
v 28 1
v 29 1
v 30 1
v 31 1
v 32 1
v 33 1
v 34 1
v 35 1
v 36 3
v 37 3
v 38 3
v 39 3
v 40 3
v 41 3
v 42 3
v 43 3
v 44 3
v 45 3
v 46 3
v 47 3
v 48 3
v 49 3
v 50 3
v 51 3
v 52 3
v 53 3
v 54 3
v 55 3
v 56 3
v 57 3
v 58 3
v 59 3
v 60 3
v 61 3
v 62 3
v 63 3
v 64 3
v 65 3
v 66 3
v 67 3
v 68 3
v 69 3
v 70 3
v 71 3
v 72 3
v 73 3
v 74 3
v 75 3
v 76 3
v 77 3
v 78 3
v 79 4
v 80 4
v 81 4
v 82 4
v 83 4
v 84 4
v 85 4
v 86 4
v 87 4
v 88 4
v 89 4
v 90 4
v 91 4
v 92 4
v 93 4
v 94 4
v 95 4
v 96 4
v 97 4
v 98 4
v 99 4
v 100 4
v 101 4
v 102 4
v 103 4
v 104 4
v 105 4
v 106 4
v 107 4
v 108 4
v 109 4
v 110 4
v 111 4
v 112 4
v 113 4
v 114 4
v 115 4
v 116 4
v 117 4
v 118 4
v 119 4
v 120 4
v 121 4
v 122 4
v 123 4
v 124 4
v 125 4
v 126 4
v 127 4
v 128 4
v 129 4
v 130 4
v 131 4
v 132 4
v 133 4
v 134 4
v 135 4
v 136 4
v 137 4
v 138 4
v 139 4
v 140 4
v 141 4
v 142 4
v 143 4
v 144 4
v 145 4
v 146 4
v 147 4
v 148 4
v 149 4
v 150 4
e 0 35 2
e 0 71 1
e 0 78 1
e 1 36 1
e 1 49 1
e 2 37 1
e 2 45 1
e 3 44 1
e 3 45 1
e 4 38 1
e 4 59 1
e 5 40 1
e 5 55 1
e 6 41 1
e 6 62 1
e 7 42 1
e 7 61 1
e 8 43 1
e 8 64 1
e 9 49 1
e 9 57 1
e 10 55 1
e 10 58 1
e 11 59 1
e 11 65 1
e 12 61 1
e 12 66 1
e 13 62 1
e 13 69 1
e 14 64 1
e 14 70 1
e 15 39 1
e 15 128 1
e 16 46 1
e 16 129 1
e 17 47 1
e 17 130 1
e 18 48 1
e 18 131 1
e 19 50 1
e 19 132 1
e 20 51 1
e 20 133 1
e 21 52 1
e 21 134 1
e 22 53 1
e 22 135 1
e 23 54 1
e 23 136 1
e 24 56 1
e 24 137 1
e 25 60 1
e 25 138 1
e 26 63 1
e 26 139 1
e 27 67 1
e 27 140 1
e 28 68 1
e 28 141 1
e 29 72 1
e 29 142 1
e 30 73 1
e 30 143 1
e 31 74 1
e 31 144 1
e 32 75 1
e 32 145 1
e 33 76 1
e 33 146 1
e 34 77 1
e 34 147 1
e 36 39 1
e 36 44 1
e 36 79 1
e 37 48 1
e 37 58 1
e 37 80 1
e 38 47 1
e 38 57 1
e 38 81 1
e 39 46 1
e 39 82 1
e 40 52 1
e 40 66 1
e 40 83 1
e 41 51 1
e 41 65 1
e 41 84 1
e 42 54 1
e 42 70 1
e 42 85 1
e 43 53 1
e 43 69 1
e 43 86 1
e 44 71 1
e 44 87 1
e 45 46 1
e 45 88 1
e 46 89 1
e 47 50 1
e 47 90 1
e 48 56 1
e 48 91 1
e 49 50 1
e 49 92 1
e 50 93 1
e 51 60 1
e 51 94 1
e 52 63 1
e 52 95 1
e 53 67 1
e 53 96 1
e 54 68 1
e 54 97 1
e 55 56 1
e 55 98 1
e 56 99 1
e 57 72 1
e 57 100 1
e 58 73 1
e 58 101 1
e 59 60 1
e 59 102 1
e 60 103 1
e 61 63 1
e 61 104 1
e 62 67 1
e 62 105 1
e 63 106 1
e 64 68 1
e 64 107 1
e 65 74 1
e 65 108 1
e 66 75 1
e 66 109 1
e 67 110 1
e 68 111 1
e 69 76 1
e 69 112 1
e 70 77 1
e 70 113 1
e 71 114 1
e 71 115 1
e 72 116 1
e 72 117 1
e 73 118 1
e 73 119 1
e 74 120 1
e 74 121 1
e 75 122 1
e 75 123 1
e 76 124 1
e 76 125 1
e 77 126 1
e 77 127 1
e 78 148 1
e 78 149 1
e 78 150 1
t # 29909
v 0 1
v 1 1
v 2 1
v 3 1
v 4 1
v 5 1
v 6 3
v 7 3
v 8 3
v 9 3
v 10 3
v 11 3
v 12 3
v 13 3
v 14 3
v 15 3
v 16 3
v 17 3
v 18 3
v 19 3
v 20 3
v 21 3
v 22 3
v 23 3
v 24 3
v 25 3
v 26 3
v 27 4
v 28 4
v 29 4
v 30 4
v 31 4
v 32 4
v 33 4
v 34 4
v 35 4
v 36 4
v 37 4
v 38 4
v 39 4
v 40 4
v 41 4
v 42 4
v 43 4
v 44 4
v 45 4
v 46 4
v 47 4
v 48 4
v 49 4
v 50 4
v 51 4
v 52 4
e 0 6 1
e 0 13 1
e 1 12 1
e 1 18 1
e 2 15 1
e 2 23 1
e 3 13 2
e 4 18 2
e 5 23 2
e 6 7 1
e 6 8 1
e 6 27 1
e 7 9 1
e 7 28 1
e 7 29 1
e 8 10 1
e 8 12 2
e 9 11 2
e 9 30 1
e 10 15 2
e 10 31 1
e 11 14 1
e 11 17 1
e 12 32 1
e 13 16 1
e 14 33 1
e 14 34 1
e 14 35 1
e 15 36 1
e 16 37 1
e 16 38 1
e 16 39 1
e 18 22 1
e 19 21 1
e 20 21 2
e 20 24 1
e 20 25 1
e 21 40 1
e 22 41 1
e 22 42 1
e 22 43 1
e 23 26 1
e 24 44 1
e 24 45 1
e 24 46 1
e 25 47 1
e 25 48 1
e 25 49 1
e 26 50 1
e 26 51 1
e 26 52 1
t # 29910
v 0 1
v 1 1
v 2 1
v 3 1
v 4 1
v 5 3
v 6 3
v 7 3
v 8 3
v 9 3
v 10 3
v 11 3
v 12 3
v 13 3
v 14 3
v 15 3
v 16 3
v 17 3
v 18 3
v 19 3
v 20 3
v 21 3
v 22 3
v 23 3
v 24 3
v 25 3
v 26 3
v 27 3
v 28 3
v 29 3
v 30 3
v 31 3
v 32 3
v 33 3
v 34 4
v 35 4
v 36 4
v 37 4
v 38 4
v 39 4
v 40 4
v 41 4
v 42 4
v 43 4
v 44 4
v 45 4
v 46 4
v 47 4
v 48 4
v 49 4
v 50 4
v 51 4
v 52 4
v 53 4
v 54 4
v 55 4
v 56 4
v 57 4
v 58 4
v 59 4
v 60 4
v 61 4
v 62 4
v 63 4
v 64 4
v 65 4
v 66 4
v 67 4
v 68 4
v 69 4
v 70 4
v 71 4
v 72 4
v 73 4
v 74 4
v 75 4
v 76 4
v 77 4
e 0 8 1
e 0 53 1
e 1 12 2
e 2 18 1
e 2 63 1
e 3 26 1
e 3 32 1
e 4 29 1
e 4 33 1
e 5 6 1
e 5 7 1
e 5 9 1
e 5 14 1
e 6 10 1
e 6 12 1
e 6 15 1
e 7 8 1
e 7 34 1
e 7 35 1
e 8 11 1
e 8 17 1
e 9 13 1
e 9 36 1
e 9 37 1
e 10 13 1
e 10 38 1
e 10 39 1
e 11 12 1
e 11 16 1
e 11 40 1
e 13 41 1
e 13 42 1
e 14 43 1
e 14 44 1
e 14 45 1
e 15 46 1
e 15 47 1
e 15 48 1
e 16 18 1
e 16 49 1
e 16 50 1
e 17 19 1
e 17 51 1
e 17 52 1
e 18 20 1
e 18 21 1
e 19 22 1
e 19 23 2
e 20 54 1
e 20 55 1
e 20 56 1
e 21 57 1
e 21 58 1
e 21 59 1
e 22 60 1
e 22 61 1
e 22 62 1
e 23 24 1
e 23 64 1
e 24 25 1
e 24 65 1
e 24 66 1
e 25 26 2
e 25 27 1
e 26 28 1
e 27 29 2
e 27 67 1
e 28 30 2
e 28 31 1
e 29 30 1
e 30 68 1
e 31 69 1
e 31 70 1
e 31 71 1
e 32 72 1
e 32 73 1
e 32 74 1
e 33 75 1
e 33 76 1
e 33 77 1
t # 29911
v 0 1
v 1 1
v 2 1
v 3 1
v 4 1
v 5 1
v 6 1
v 7 1
v 8 1
v 9 1
v 10 3
v 11 3
v 12 3
v 13 3
v 14 3
v 15 3
v 16 3
v 17 3
v 18 3
v 19 3
v 20 3
v 21 3
v 22 3
v 23 3
v 24 3
v 25 3
v 26 3
v 27 3
v 28 3
v 29 3
v 30 3
v 31 3
v 32 3
v 33 3
v 34 3
v 35 3
v 36 3
v 37 3
v 38 3
v 39 3
v 40 3
v 41 3
v 42 3
v 43 3
v 44 3
v 45 3
v 46 3
v 47 3
v 48 3
v 49 3
v 50 3
v 51 3
v 52 3
v 53 3
v 54 3
v 55 3
v 56 3
v 57 3
v 58 3
v 59 3
v 60 3
v 61 3
v 62 3
v 63 3
v 64 3
v 65 3
v 66 3
v 67 3
v 68 4
v 69 4
v 70 4
v 71 4
v 72 4
v 73 4
v 74 4
v 75 4
v 76 4
v 77 4
v 78 4
v 79 4
v 80 4
v 81 4
v 82 4
v 83 4
v 84 4
v 85 4
v 86 4
v 87 4
v 88 4
v 89 4
v 90 4
v 91 4
v 92 4
v 93 4
v 94 4
v 95 4
v 96 4
v 97 4
v 98 4
v 99 4
v 100 4
v 101 4
v 102 4
v 103 4
v 104 4
v 105 4
v 106 4
v 107 4
v 108 4
v 109 4
v 110 4
v 111 4
v 112 4
v 113 4
v 114 4
v 115 4
v 116 4
v 117 4
v 118 4
v 119 4
v 120 4
v 121 4
v 122 4
v 123 4
v 124 4
v 125 4
v 126 4
v 127 4
v 128 4
v 129 4
v 130 4
v 131 4
v 132 4
v 133 4
v 134 4
v 135 4
v 136 4
v 137 4
v 138 4
v 139 4
v 140 4
v 141 4
v 142 4
v 143 4
v 144 4
v 145 4
v 146 4
v 147 4
v 148 4
v 149 4
v 150 4
v 151 4
v 152 4
v 153 4
v 154 4
v 155 4
e 0 26 2
e 1 27 2
e 2 30 2
e 3 31 2
e 4 36 1
e 4 120 1
e 5 37 1
e 5 121 1
e 6 52 1
e 6 64 1
e 7 53 1
e 7 65 1
e 8 58 1
e 8 66 1
e 9 59 1
e 9 67 1
e 10 12 1
e 10 14 1
e 10 20 1
e 10 22 1
e 11 13 1
e 11 15 1
e 11 21 1
e 11 23 1
e 12 16 1
e 12 24 1
e 12 26 1
e 13 17 1
e 13 25 1
e 13 27 1
e 14 18 1
e 14 68 1
e 14 69 1
e 15 19 1
e 15 70 1
e 15 71 1
e 16 18 1
e 16 72 1
e 16 73 1
e 17 19 1
e 17 74 1
e 17 75 1
e 18 76 1
e 18 77 1
e 19 78 1
e 19 79 1
e 20 30 1
e 20 80 1
e 20 81 1
e 21 31 1
e 21 82 1
e 21 83 1
e 22 84 1
e 22 85 1
e 22 86 1
e 23 87 1
e 23 88 1
e 23 89 1
e 24 90 1
e 24 91 1
e 24 92 1
e 25 93 1
e 25 94 1
e 25 95 1
e 26 28 1
e 27 29 1
e 28 32 1
e 28 96 1
e 28 97 1
e 29 33 1
e 29 98 1
e 29 99 1
e 30 34 1
e 31 35 1
e 32 36 1
e 32 100 1
e 32 101 1
e 33 37 1
e 33 102 1
e 33 103 1
e 34 38 1
e 34 104 1
e 34 105 1
e 35 39 1
e 35 106 1
e 35 107 1
e 36 40 1
e 36 41 1
e 37 42 1
e 37 43 1
e 38 44 1
e 38 46 2
e 39 45 1
e 39 47 2
e 40 108 1
e 40 109 1
e 40 110 1
e 41 111 1
e 41 112 1
e 41 113 1
e 42 114 1
e 42 115 1
e 42 116 1
e 43 117 1
e 43 118 1
e 43 119 1
e 44 122 1
e 44 123 1
e 44 124 1
e 45 125 1
e 45 126 1
e 45 127 1
e 46 48 1
e 46 128 1
e 47 49 1
e 47 129 1
e 48 50 1
e 48 130 1
e 48 131 1
e 49 51 1
e 49 132 1
e 49 133 1
e 50 52 2
e 50 54 1
e 51 53 2
e 51 55 1
e 52 56 1
e 53 57 1
e 54 58 2
e 54 134 1
e 55 59 2
e 55 135 1
e 56 60 2
e 56 62 1
e 57 61 2
e 57 63 1
e 58 60 1
e 59 61 1
e 60 136 1
e 61 137 1
e 62 138 1
e 62 139 1
e 62 140 1
e 63 141 1
e 63 142 1
e 63 143 1
e 64 144 1
e 64 145 1
e 64 146 1
e 65 147 1
e 65 148 1
e 65 149 1
e 66 150 1
e 66 151 1
e 66 152 1
e 67 153 1
e 67 154 1
e 67 155 1
t # 29912
v 0 1
v 1 1
v 2 1
v 3 1
v 4 3
v 5 3
v 6 3
v 7 3
v 8 3
v 9 3
v 10 3
v 11 3
v 12 3
v 13 3
v 14 3
v 15 3
v 16 3
v 17 3
v 18 3
v 19 3
v 20 3
v 21 3
v 22 3
v 23 3
v 24 3
v 25 3
v 26 3
v 27 3
v 28 3
v 29 3
v 30 3
v 31 3
v 32 3
v 33 4
v 34 4
v 35 4
v 36 4
v 37 4
v 38 4
v 39 4
v 40 4
v 41 4
v 42 4
v 43 4
v 44 4
v 45 4
v 46 4
v 47 4
v 48 4
v 49 4
v 50 4
v 51 4
v 52 4
v 53 4
v 54 4
v 55 4
v 56 4
v 57 4
v 58 4
v 59 4
v 60 4
v 61 4
v 62 4
v 63 4
v 64 4
v 65 4
v 66 4
v 67 4
v 68 4
v 69 4
v 70 4
v 71 4
v 72 4
v 73 4
v 74 4
e 0 10 2
e 1 17 1
e 1 60 1
e 2 25 1
e 2 31 1
e 3 28 1
e 3 32 1
e 4 5 1
e 4 6 1
e 4 8 1
e 4 11 1
e 5 7 1
e 5 10 1
e 5 12 1
e 6 9 1
e 6 33 1
e 6 34 1
e 7 9 1
e 7 35 1
e 7 36 1
e 8 13 1
e 8 37 1
e 8 38 1
e 9 39 1
e 9 40 1
e 10 14 1
e 11 41 1
e 11 42 1
e 11 43 1
e 12 44 1
e 12 45 1
e 12 46 1
e 13 14 2
e 13 16 1
e 14 15 1
e 15 17 1
e 15 47 1
e 15 48 1
e 16 18 1
e 16 49 1
e 16 50 1
e 17 19 1
e 17 20 1
e 18 21 1
e 18 22 2
e 19 51 1
e 19 52 1
e 19 53 1
e 20 54 1
e 20 55 1
e 20 56 1
e 21 57 1
e 21 58 1
e 21 59 1
e 22 23 1
e 22 61 1
e 23 24 1
e 23 62 1
e 23 63 1
e 24 25 2
e 24 26 1
e 25 27 1
e 26 28 2
e 26 64 1
e 27 29 2
e 27 30 1
e 28 29 1
e 29 65 1
e 30 66 1
e 30 67 1
e 30 68 1
e 31 69 1
e 31 70 1
e 31 71 1
e 32 72 1
e 32 73 1
e 32 74 1
t # 29913
v 0 1
v 1 1
v 2 1
v 3 1
v 4 1
v 5 3
v 6 3
v 7 3
v 8 3
v 9 3
v 10 3
v 11 3
v 12 3
v 13 3
v 14 3
v 15 3
v 16 3
v 17 3
v 18 3
v 19 3
v 20 3
v 21 3
v 22 3
v 23 3
v 24 4
v 25 4
v 26 4
v 27 4
v 28 4
v 29 4
v 30 4
v 31 4
v 32 4
v 33 4
v 34 4
v 35 4
v 36 4
v 37 4
v 38 4
v 39 4
v 40 4
v 41 4
e 0 8 1
e 0 10 1
e 1 9 2
e 2 16 1
e 2 21 1
e 3 17 1
e 3 22 1
e 4 19 1
e 4 23 1
e 5 7 1
e 5 8 2
e 5 9 1
e 6 9 1
e 6 10 2
e 6 12 1
e 7 11 2
e 7 13 1
e 8 15 1
e 10 14 1
e 11 16 1
e 11 24 1
e 12 18 2
e 12 25 1
e 13 20 2
e 13 26 1
e 14 17 2
e 14 27 1
e 15 28 1
e 15 29 1
e 15 30 1
e 16 19 2
e 17 18 1
e 18 31 1
e 19 20 1
e 20 32 1
e 21 33 1
e 21 34 1
e 21 35 1
e 22 36 1
e 22 37 1
e 22 38 1
e 23 39 1
e 23 40 1
e 23 41 1
t # 29914
v 0 1
v 1 1
v 2 1
v 3 1
v 4 1
v 5 3
v 6 3
v 7 3
v 8 3
v 9 3
v 10 3
v 11 3
v 12 3
v 13 3
v 14 3
v 15 3
v 16 3
v 17 3
v 18 3
v 19 3
v 20 3
v 21 3
v 22 3
v 23 3
v 24 3
v 25 3
v 26 3
v 27 4
v 28 4
v 29 4
v 30 4
v 31 4
v 32 4
v 33 4
v 34 4
v 35 4
v 36 4
v 37 4
v 38 4
v 39 4
v 40 4
v 41 4
v 42 4
v 43 4
v 44 4
v 45 4
v 46 4
e 0 6 1
e 0 10 1
e 1 7 1
e 1 15 1
e 2 9 2
e 3 20 1
e 3 24 1
e 4 21 1
e 4 26 1
e 5 7 2
e 5 9 1
e 5 13 1
e 6 16 1
e 6 17 1
e 6 23 1
e 7 12 1
e 8 9 1
e 8 11 1
e 8 15 2
e 10 12 2
e 10 14 1
e 11 18 2
e 11 19 1
e 12 27 1
e 13 14 2
e 13 28 1
e 14 29 1
e 15 30 1
e 16 31 1
e 16 32 1
e 16 33 1
e 17 34 1
e 17 35 1
e 17 36 1
e 18 20 1
e 18 37 1
e 19 22 2
e 19 38 1
e 20 21 2
e 21 22 1
e 22 39 1
e 24 40 1
e 24 41 1
e 24 42 1
e 25 46 1
e 26 43 1
e 26 44 1
e 26 45 1
t # 29915
v 0 1
v 1 1
v 2 1
v 3 1
v 4 2
v 5 3
v 6 3
v 7 3
v 8 3
v 9 3
v 10 3
v 11 3
v 12 3
v 13 3
v 14 3
v 15 3
v 16 3
v 17 3
v 18 3
v 19 3
v 20 3
v 21 3
v 22 3
v 23 4
v 24 4
v 25 4
v 26 4
v 27 4
v 28 4
v 29 4
v 30 4
v 31 4
v 32 4
v 33 4
v 34 4
v 35 4
v 36 4
v 37 4
v 38 4
v 39 4
e 0 17 1
e 0 19 1
e 1 18 1
e 1 20 1
e 2 17 2
e 3 18 2
e 4 5 1
e 4 6 1
e 4 7 1
e 5 8 2
e 5 11 1
e 6 9 1
e 6 12 2
e 7 13 2
e 7 14 1
e 8 10 1
e 8 17 1
e 9 10 2
e 9 18 1
e 10 23 1
e 11 15 2
e 11 24 1
e 12 16 1
e 12 25 1
e 13 15 1
e 13 26 1
e 14 16 2
e 14 27 1
e 15 28 1
e 16 29 1
e 19 21 1
e 19 30 1
e 19 31 1
e 20 22 1
e 20 32 1
e 20 33 1
e 21 34 1
e 21 35 1
e 21 36 1
e 22 37 1
e 22 38 1
e 22 39 1
t # 29916
v 0 12
v 1 1
v 2 1
v 3 2
v 4 2
v 5 2
v 6 3
v 7 3
v 8 3
v 9 3
v 10 3
v 11 3
v 12 3
v 13 3
v 14 3
v 15 3
v 16 3
v 17 3
v 18 3
v 19 3
v 20 3
v 21 3
v 22 3
v 23 3
v 24 3
v 25 3
v 26 3
v 27 3
v 28 4
v 29 4
v 30 4
v 31 4
v 32 4
v 33 4
v 34 4
v 35 4
v 36 4
v 37 4
v 38 4
v 39 4
v 40 4
v 41 4
v 42 4
v 43 4
v 44 4
v 45 4
v 46 4
v 47 4
v 48 4
v 49 4
v 50 4
v 51 4
v 52 4
v 53 4
v 54 4
v 55 4
e 1 20 1
e 1 27 1
e 2 17 2
e 3 7 1
e 3 10 1
e 3 11 1
e 4 5 1
e 4 8 2
e 5 17 1
e 5 42 1
e 6 7 1
e 6 8 1
e 6 9 1
e 6 28 1
e 7 29 1
e 7 30 1
e 8 12 1
e 9 31 1
e 9 32 1
e 9 33 1
e 10 34 1
e 10 35 1
e 10 36 1
e 11 37 1
e 11 38 1
e 11 39 1
e 12 13 2
e 12 40 1
e 13 14 1
e 13 41 1
e 14 15 2
e 14 16 1
e 15 18 1
e 15 43 1
e 16 19 2
e 16 44 1
e 17 21 1
e 18 20 2
e 18 45 1
e 19 20 1
e 19 46 1
e 21 22 2
e 21 23 1
e 22 24 1
e 22 47 1
e 23 25 2
e 23 48 1
e 24 26 2
e 24 49 1
e 25 26 1
e 25 50 1
e 26 51 1
e 27 52 1
e 27 53 1
e 27 54 1
t # 29917
v 0 12
v 1 12
v 2 1
v 3 2
v 4 2
v 5 2
v 6 3
v 7 3
v 8 3
v 9 3
v 10 3
v 11 3
v 12 3
v 13 3
v 14 3
v 15 3
v 16 3
v 17 3
v 18 3
v 19 3
v 20 3
v 21 3
v 22 3
v 23 3
v 24 3
v 25 3
v 26 3
v 27 4
v 28 4
v 29 4
v 30 4
v 31 4
v 32 4
v 33 4
v 34 4
v 35 4
v 36 4
v 37 4
v 38 4
v 39 4
v 40 4
v 41 4
v 42 4
v 43 4
v 44 4
v 45 4
v 46 4
v 47 4
v 48 4
v 49 4
v 50 4
v 51 4
e 0 21 1
e 2 15 2
e 3 7 1
e 3 10 1
e 3 11 1
e 4 5 1
e 4 8 2
e 5 15 1
e 5 41 1
e 6 7 1
e 6 8 1
e 6 9 1
e 6 27 1
e 7 28 1
e 7 29 1
e 8 12 1
e 9 30 1
e 9 31 1
e 9 32 1
e 10 33 1
e 10 34 1
e 10 35 1
e 11 36 1
e 11 37 1
e 11 38 1
e 12 13 2
e 12 39 1
e 13 14 1
e 13 40 1
e 14 16 2
e 14 17 1
e 15 18 1
e 16 19 1
e 16 42 1
e 17 20 2
e 17 43 1
e 18 22 2
e 18 23 1
e 19 21 2
e 19 44 1
e 20 21 1
e 20 45 1
e 22 24 1
e 22 46 1
e 23 25 2
e 23 47 1
e 24 26 2
e 24 48 1
e 25 26 1
e 25 49 1
e 26 50 1
t # 29918
v 0 12
v 1 1
v 2 2
v 3 2
v 4 2
v 5 3
v 6 3
v 7 3
v 8 3
v 9 3
v 10 3
v 11 3
v 12 3
v 13 3
v 14 3
v 15 3
v 16 3
v 17 3
v 18 3
v 19 3
v 20 3
v 21 3
v 22 3
v 23 3
v 24 3
v 25 3
v 26 4
v 27 4
v 28 4
v 29 4
v 30 4
v 31 4
v 32 4
v 33 4
v 34 4
v 35 4
v 36 4
v 37 4
v 38 4
v 39 4
v 40 4
v 41 4
v 42 4
v 43 4
v 44 4
v 45 4
v 46 4
v 47 4
v 48 4
v 49 4
v 50 4
v 51 4
e 1 14 2
e 2 6 1
e 2 9 1
e 2 10 1
e 3 4 1
e 3 7 2
e 4 14 1
e 4 40 1
e 5 6 1
e 5 7 1
e 5 8 1
e 5 26 1
e 6 27 1
e 6 28 1
e 7 11 1
e 8 29 1
e 8 30 1
e 8 31 1
e 9 32 1
e 9 33 1
e 9 34 1
e 10 35 1
e 10 36 1
e 10 37 1
e 11 12 2
e 11 38 1
e 12 13 1
e 12 39 1
e 13 15 2
e 13 16 1
e 14 17 1
e 15 18 1
e 15 41 1
e 16 19 2
e 16 42 1
e 17 21 2
e 17 22 1
e 18 20 2
e 18 43 1
e 19 20 1
e 19 44 1
e 20 45 1
e 21 23 1
e 21 46 1
e 22 24 2
e 22 47 1
e 23 25 2
e 23 48 1
e 24 25 1
e 24 49 1
e 25 50 1
t # 29919
v 0 1
v 1 1
v 2 1
v 3 2
v 4 2
v 5 2
v 6 2
v 7 3
v 8 3
v 9 3
v 10 3
v 11 3
v 12 3
v 13 3
v 14 3
v 15 3
v 16 3
v 17 3
v 18 3
v 19 3
v 20 3
v 21 3
v 22 3
v 23 3
v 24 3
v 25 3
v 26 3
v 27 3
v 28 4
v 29 4
v 30 4
v 31 4
v 32 4
v 33 4
v 34 4
v 35 4
v 36 4
v 37 4
v 38 4
v 39 4
v 40 4
v 41 4
v 42 4
v 43 4
v 44 4
v 45 4
v 46 4
v 47 4
v 48 4
v 49 4
v 50 4
v 51 4
v 52 4
v 53 4
v 54 4
v 55 4
v 56 4
v 57 4
v 58 4
v 59 4
v 60 4
v 61 4
v 62 4
v 63 4
e 0 21 1
e 0 61 1
e 1 25 1
e 1 62 1
e 2 26 1
e 2 63 1
e 3 7 1
e 3 8 1
e 3 15 1
e 4 9 1
e 4 10 1
e 4 16 1
e 5 11 1
e 5 12 1
e 5 19 1
e 6 13 1
e 6 14 1
e 6 20 1
e 7 11 1
e 7 28 1
e 7 29 1
e 8 12 1
e 8 30 1
e 8 31 1
e 9 13 1
e 9 32 1
e 9 33 1
e 10 14 1
e 10 34 1
e 10 35 1
e 11 36 1
e 11 37 1
e 12 38 1
e 12 39 1
e 13 40 1
e 13 41 1
e 14 42 1
e 14 43 1
e 15 17 1
e 15 44 1
e 15 45 1
e 16 18 1
e 16 46 1
e 16 47 1
e 17 21 2
e 17 22 1
e 18 21 1
e 18 23 2
e 19 25 1
e 19 48 1
e 19 49 1
e 20 26 1
e 20 50 1
e 20 51 1
e 22 24 2
e 22 52 1
e 23 24 1
e 23 53 1
e 24 27 1
e 25 54 1
e 25 55 1
e 26 56 1
e 26 57 1
e 27 58 1
e 27 59 1
e 27 60 1
t # 29920
v 0 1
v 1 1
v 2 2
v 3 2
v 4 3
v 5 3
v 6 3
v 7 3
v 8 3
v 9 3
v 10 3
v 11 3
v 12 3
v 13 3
v 14 3
v 15 3
v 16 3
v 17 3
v 18 3
v 19 3
v 20 3
v 21 3
v 22 3
v 23 3
v 24 4
v 25 4
v 26 4
v 27 4
v 28 4
v 29 4
v 30 4
v 31 4
v 32 4
v 33 4
v 34 4
v 35 4
v 36 4
v 37 4
v 38 4
v 39 4
v 40 4
v 41 4
v 42 4
v 43 4
v 44 4
v 45 4
v 46 4
v 47 4
v 48 4
v 49 4
e 0 14 1
e 0 48 1
e 1 15 1
e 1 49 1
e 2 4 1
e 2 5 1
e 2 8 1
e 3 6 1
e 3 7 1
e 3 9 1
e 4 6 1
e 4 24 1
e 4 25 1
e 5 7 1
e 5 26 1
e 5 27 1
e 6 28 1
e 6 29 1
e 7 30 1
e 7 31 1
e 8 10 1
e 8 32 1
e 8 33 1
e 9 11 1
e 9 34 1
e 9 35 1
e 10 12 1
e 10 14 2
e 11 13 1
e 11 15 2
e 12 16 2
e 12 36 1
e 13 17 2
e 13 37 1
e 14 18 1
e 15 19 1
e 16 20 1
e 16 22 1
e 17 21 1
e 17 23 1
e 18 20 2
e 18 38 1
e 19 21 2
e 19 39 1
e 20 40 1
e 21 41 1
e 22 42 1
e 22 43 1
e 22 44 1
e 23 45 1
e 23 46 1
e 23 47 1
t # 29921
v 0 14
v 1 14
v 2 14
v 3 1
v 4 1
v 5 1
v 6 1
v 7 2
v 8 2
v 9 3
v 10 3
v 11 3
v 12 3
v 13 3
v 14 3
v 15 3
v 16 3
v 17 3
v 18 4
v 19 4
v 20 4
v 21 4
v 22 4
v 23 4
v 24 4
e 3 10 1
e 3 17 1
e 4 15 2
e 7 9 1
e 7 15 1
e 7 21 1
e 8 13 1
e 9 10 2
e 9 11 1
e 10 12 1
e 11 14 2
e 11 18 1
e 12 13 2
e 12 19 1
e 13 14 1
e 14 20 1
e 15 16 1
e 17 22 1
e 17 23 1
e 17 24 1
t # 29922
v 0 1
v 1 1
v 2 1
v 3 1
v 4 1
v 5 1
v 6 2
v 7 2
v 8 2
v 9 3
v 10 3
v 11 3
v 12 3
v 13 3
v 14 3
v 15 3
v 16 3
v 17 3
v 18 3
v 19 3
v 20 4
v 21 4
v 22 4
v 23 4
v 24 4
v 25 4
v 26 4
v 27 4
v 28 4
v 29 4
v 30 4
v 31 4
v 32 4
e 0 12 1
e 0 19 1
e 1 13 2
e 6 9 1
e 6 13 1
e 6 24 1
e 7 15 1
e 8 16 1
e 9 12 1
e 9 14 2
e 10 11 1
e 10 13 1
e 10 20 1
e 10 21 1
e 11 18 1
e 11 22 1
e 11 23 1
e 12 17 2
e 14 15 1
e 14 25 1
e 15 16 2
e 16 17 1
e 17 26 1
e 18 27 1
e 18 28 1
e 18 29 1
e 19 30 1
e 19 31 1
e 19 32 1
t # 29923
v 0 1
v 1 1
v 2 1
v 3 1
v 4 1
v 5 1
v 6 2
v 7 3
v 8 3
v 9 3
v 10 3
v 11 3
v 12 3
v 13 3
v 14 3
v 15 3
v 16 3
v 17 3
v 18 4
v 19 4
v 20 4
v 21 4
v 22 4
v 23 4
v 24 4
v 25 4
v 26 4
v 27 4
v 28 4
v 29 4
v 30 4
e 0 10 1
e 0 14 1
e 1 9 1
e 1 15 1
e 2 12 1
e 2 16 1
e 3 8 2
e 4 13 2
e 5 14 2
e 6 14 1
e 6 17 1
e 6 27 1
e 7 8 1
e 7 10 1
e 7 11 2
e 8 9 1
e 9 12 2
e 10 18 1
e 10 19 1
e 11 13 1
e 11 20 1
e 12 13 1
e 15 21 1
e 15 22 1
e 15 23 1
e 16 24 1
e 16 25 1
e 16 26 1
e 17 28 1
e 17 29 1
e 17 30 1
t # 29924
v 0 1
v 1 1
v 2 1
v 3 1
v 4 1
v 5 3
v 6 3
v 7 3
v 8 3
v 9 3
v 10 3
v 11 3
v 12 3
v 13 3
v 14 4
v 15 4
v 16 4
v 17 4
v 18 4
v 19 4
v 20 4
v 21 4
v 22 4
v 23 4
e 0 6 1
e 0 12 1
e 1 8 1
e 1 13 1
e 2 11 1
e 2 23 1
e 3 7 2
e 4 10 2
e 5 7 1
e 5 9 2
e 5 11 1
e 6 7 1
e 6 8 2
e 8 10 1
e 9 10 1
e 9 14 1
e 11 15 1
e 11 16 1
e 12 17 1
e 12 18 1
e 12 19 1
e 13 20 1
e 13 21 1
e 13 22 1
t # 29925
v 0 1
v 1 1
v 2 1
v 3 1
v 4 1
v 5 1
v 6 3
v 7 3
v 8 3
v 9 3
v 10 3
v 11 3
v 12 3
v 13 3
v 14 3
v 15 3
v 16 3
v 17 3
v 18 3
v 19 3
v 20 4
v 21 4
v 22 4
v 23 4
v 24 4
v 25 4
v 26 4
v 27 4
v 28 4
v 29 4
v 30 4
v 31 4
v 32 4
v 33 4
v 34 4
v 35 4
v 36 4
v 37 4
e 0 8 1
e 0 10 1
e 1 8 1
e 1 11 1
e 2 15 1
e 2 18 1
e 3 16 1
e 3 19 1
e 4 13 2
e 5 17 2
e 6 7 1
e 6 8 1
e 6 20 1
e 6 21 1
e 7 9 1
e 7 22 1
e 7 23 1
e 8 24 1
e 9 10 1
e 9 25 1
e 9 26 1
e 10 27 1
e 10 28 1
e 11 12 1
e 11 29 1
e 11 30 1
e 12 13 1
e 12 14 2
e 13 15 1
e 14 17 1
e 14 31 1
e 15 16 2
e 16 17 1
e 18 32 1
e 18 33 1
e 18 34 1
e 19 35 1
e 19 36 1
e 19 37 1
t # 29926
v 0 11
v 1 1
v 2 2
v 3 3
v 4 3
v 5 3
v 6 3
v 7 3
v 8 3
v 9 3
v 10 3
v 11 3
v 12 3
v 13 3
v 14 3
v 15 3
v 16 3
v 17 3
v 18 4
v 19 4
v 20 4
v 21 4
v 22 4
v 23 4
v 24 4
v 25 4
v 26 4
v 27 4
v 28 4
v 29 4
v 30 4
v 31 4
v 32 4
v 33 4
v 34 4
v 35 4
v 36 4
v 37 4
v 38 4
v 39 4
v 40 4
e 0 3 1
e 0 9 1
e 1 4 1
e 1 31 1
e 2 3 1
e 2 7 1
e 2 10 1
e 3 4 1
e 3 5 1
e 4 8 1
e 4 18 1
e 5 6 1
e 5 19 1
e 5 20 1
e 6 11 1
e 6 21 1
e 6 22 1
e 7 9 1
e 7 12 2
e 8 13 1
e 8 23 1
e 8 24 1
e 9 14 2
e 10 25 1
e 10 26 1
e 10 27 1
e 11 15 1
e 11 28 1
e 11 29 1
e 12 16 1
e 12 30 1
e 13 32 1
e 13 33 1
e 13 34 1
e 14 17 1
e 14 35 1
e 15 36 1
e 15 37 1
e 15 38 1
e 16 17 2
e 16 39 1
e 17 40 1
t # 29927
v 0 11
v 1 1
v 2 2
v 3 3
v 4 3
v 5 3
v 6 3
v 7 3
v 8 3
v 9 3
v 10 3
v 11 3
v 12 3
v 13 3
v 14 4
v 15 4
v 16 4
v 17 4
v 18 4
v 19 4
v 20 4
v 21 4
v 22 4
v 23 4
v 24 4
v 25 4
v 26 4
v 27 4
v 28 4
e 0 3 1
e 0 7 1
e 1 4 1
e 1 26 1
e 2 3 1
e 2 5 1
e 2 8 1
e 3 4 1
e 3 14 1
e 4 6 1
e 4 15 1
e 5 7 1
e 5 9 2
e 6 10 1
e 6 16 1
e 6 17 1
e 7 11 2
e 8 18 1
e 8 19 1
e 8 20 1
e 9 12 1
e 9 21 1
e 10 22 1
e 10 23 1
e 10 24 1
e 11 13 1
e 11 25 1
e 12 13 2
e 12 27 1
e 13 28 1
t # 29928
v 0 11
v 1 1
v 2 1
v 3 1
v 4 1
v 5 1
v 6 2
v 7 2
v 8 2
v 9 3
v 10 3
v 11 3
v 12 3
v 13 3
v 14 3
v 15 3
v 16 3
v 17 3
v 18 3
v 19 3
v 20 4
v 21 4
v 22 4
v 23 4
v 24 4
v 25 4
v 26 4
v 27 4
v 28 4
v 29 4
v 30 4
v 31 4
v 32 4
v 33 4
v 34 4
v 35 4
v 36 4
e 0 17 1
e 0 19 1
e 1 11 1
e 1 13 1
e 2 9 1
e 2 27 1
e 3 10 1
e 3 28 1
e 4 12 1
e 4 29 1
e 5 16 2
e 6 11 1
e 6 14 1
e 6 26 1
e 7 14 1
e 7 17 2
e 8 16 1
e 8 17 1
e 8 18 1
e 9 10 1
e 9 11 1
e 9 20 1
e 10 12 1
e 10 21 1
e 11 22 1
e 12 13 1
e 12 23 1
e 13 24 1
e 13 25 1
e 14 15 2
e 15 16 1
e 15 30 1
e 18 31 1
e 18 32 1
e 18 33 1
e 19 34 1
e 19 35 1
e 19 36 1
t # 29929
v 0 11
v 1 1
v 2 1
v 3 1
v 4 1
v 5 1
v 6 1
v 7 2
v 8 2
v 9 2
v 10 3
v 11 3
v 12 3
v 13 3
v 14 3
v 15 3
v 16 3
v 17 3
v 18 3
v 19 3
v 20 3
v 21 4
v 22 4
v 23 4
v 24 4
v 25 4
v 26 4
v 27 4
v 28 4
v 29 4
v 30 4
v 31 4
v 32 4
v 33 4
v 34 4
v 35 4
v 36 4
v 37 4
e 0 18 1
e 0 20 1
e 1 13 1
e 1 14 1
e 2 10 1
e 2 29 1
e 3 11 1
e 3 30 1
e 4 12 1
e 4 31 1
e 5 15 1
e 5 32 1
e 6 19 2
e 7 14 1
e 7 16 1
e 7 28 1
e 8 16 1
e 8 18 1
e 8 33 1
e 9 18 2
e 9 19 1
e 10 11 1
e 10 12 1
e 10 21 1
e 11 13 1
e 11 22 1
e 12 14 1
e 12 23 1
e 13 15 1
e 13 24 1
e 14 25 1
e 15 26 1
e 15 27 1
e 16 17 2
e 17 19 1
e 17 34 1
e 20 35 1
e 20 36 1
e 20 37 1
t # 29930
v 0 11
v 1 1
v 2 1
v 3 1
v 4 1
v 5 1
v 6 2
v 7 2
v 8 2
v 9 3
v 10 3
v 11 3
v 12 3
v 13 3
v 14 3
v 15 3
v 16 3
v 17 3
v 18 3
v 19 4
v 20 4
v 21 4
v 22 4
v 23 4
v 24 4
v 25 4
v 26 4
v 27 4
v 28 4
v 29 4
v 30 4
v 31 4
v 32 4
v 33 4
e 0 16 1
e 0 18 1
e 1 11 1
e 1 13 1
e 2 9 1
e 2 26 1
e 3 10 1
e 3 27 1
e 4 12 1
e 4 28 1
e 5 17 2
e 6 11 1
e 6 14 1
e 6 25 1
e 7 14 1
e 7 16 1
e 7 29 1
e 8 16 2
e 8 17 1
e 9 10 1
e 9 11 1
e 9 19 1
e 10 12 1
e 10 20 1
e 11 21 1
e 12 13 1
e 12 22 1
e 13 23 1
e 13 24 1
e 14 15 2
e 15 17 1
e 15 30 1
e 18 31 1
e 18 32 1
e 18 33 1
t # 29931
v 0 1
v 1 1
v 2 1
v 3 1
v 4 1
v 5 1
v 6 1
v 7 2
v 8 2
v 9 2
v 10 3
v 11 3
v 12 3
v 13 3
v 14 3
v 15 3
v 16 3
v 17 3
v 18 3
v 19 3
v 20 3
v 21 3
v 22 4
v 23 4
v 24 4
v 25 4
v 26 4
v 27 4
v 28 4
v 29 4
v 30 4
v 31 4
v 32 4
v 33 4
v 34 4
v 35 4
v 36 4
v 37 4
v 38 4
v 39 4
v 40 4
e 0 13 1
e 0 14 1
e 1 10 1
e 1 30 1
e 2 11 1
e 2 31 1
e 3 12 1
e 3 32 1
e 4 15 1
e 4 33 1
e 5 19 1
e 5 21 1
e 6 18 2
e 7 14 1
e 7 16 1
e 7 29 1
e 8 16 1
e 8 19 2
e 9 18 1
e 9 19 1
e 9 20 1
e 10 11 1
e 10 12 1
e 10 22 1
e 11 13 1
e 11 23 1
e 12 14 1
e 12 24 1
e 13 15 1
e 13 25 1
e 14 26 1
e 15 27 1
e 15 28 1
e 16 17 2
e 17 18 1
e 17 34 1
e 20 35 1
e 20 36 1
e 20 37 1
e 21 38 1
e 21 39 1
e 21 40 1
t # 29932
v 0 1
v 1 1
v 2 1
v 3 1
v 4 1
v 5 1
v 6 2
v 7 2
v 8 2
v 9 3
v 10 3
v 11 3
v 12 3
v 13 3
v 14 3
v 15 3
v 16 3
v 17 3
v 18 3
v 19 3
v 20 4
v 21 4
v 22 4
v 23 4
v 24 4
v 25 4
v 26 4
v 27 4
v 28 4
v 29 4
v 30 4
v 31 4
v 32 4
v 33 4
v 34 4
v 35 4
v 36 4
e 0 11 1
e 0 13 1
e 1 9 1
e 1 27 1
e 2 10 1
e 2 28 1
e 3 12 1
e 3 29 1
e 4 17 1
e 4 19 1
e 5 16 2
e 6 11 1
e 6 14 1
e 6 26 1
e 7 14 1
e 7 17 2
e 8 16 1
e 8 17 1
e 8 18 1
e 9 10 1
e 9 11 1
e 9 20 1
e 10 12 1
e 10 21 1
e 11 22 1
e 12 13 1
e 12 23 1
e 13 24 1
e 13 25 1
e 14 15 2
e 15 16 1
e 15 30 1
e 18 31 1
e 18 32 1
e 18 33 1
e 19 34 1
e 19 35 1
e 19 36 1
t # 29933
v 0 1
v 1 1
v 2 1
v 3 1
v 4 1
v 5 1
v 6 1
v 7 2
v 8 2
v 9 2
v 10 3
v 11 3
v 12 3
v 13 3
v 14 3
v 15 3
v 16 3
v 17 3
v 18 3
v 19 3
v 20 3
v 21 4
v 22 4
v 23 4
v 24 4
v 25 4
v 26 4
v 27 4
v 28 4
v 29 4
v 30 4
v 31 4
v 32 4
v 33 4
v 34 4
v 35 4
v 36 4
v 37 4
e 0 13 1
e 0 14 1
e 1 10 1
e 1 29 1
e 2 11 1
e 2 30 1
e 3 12 1
e 3 31 1
e 4 15 1
e 4 32 1
e 5 18 1
e 5 20 1
e 6 19 2
e 7 14 1
e 7 16 1
e 7 28 1
e 8 16 1
e 8 18 1
e 8 33 1
e 9 18 2
e 9 19 1
e 10 11 1
e 10 12 1
e 10 21 1
e 11 13 1
e 11 22 1
e 12 14 1
e 12 23 1
e 13 15 1
e 13 24 1
e 14 25 1
e 15 26 1
e 15 27 1
e 16 17 2
e 17 19 1
e 17 34 1
e 20 35 1
e 20 36 1
e 20 37 1
t # 29934
v 0 1
v 1 1
v 2 1
v 3 1
v 4 1
v 5 1
v 6 1
v 7 1
v 8 1
v 9 1
v 10 1
v 11 1
v 12 1
v 13 1
v 14 1
v 15 1
v 16 1
v 17 1
v 18 1
v 19 1
v 20 1
v 21 1
v 22 2
v 23 2
v 24 3
v 25 3
v 26 3
v 27 3
v 28 3
v 29 3
v 30 3
v 31 3
v 32 3
v 33 3
v 34 3
v 35 3
v 36 3
v 37 3
v 38 3
v 39 3
v 40 3
v 41 3
v 42 3
v 43 3
v 44 3
v 45 3
v 46 3
v 47 3
v 48 3
v 49 3
v 50 3
v 51 3
v 52 3
v 53 3
v 54 3
v 55 3
v 56 3
v 57 3
v 58 3
v 59 3
v 60 3
v 61 3
v 62 3
v 63 3
v 64 3
v 65 3
v 66 3
v 67 3
v 68 3
v 69 3
v 70 3
v 71 3
v 72 3
v 73 3
v 74 3
v 75 3
v 76 3
v 77 3
v 78 3
v 79 3
v 80 3
v 81 3
v 82 4
v 83 4
v 84 4
v 85 4
v 86 4
v 87 4
v 88 4
v 89 4
v 90 4
v 91 4
v 92 4
v 93 4
v 94 4
v 95 4
v 96 4
v 97 4
v 98 4
v 99 4
v 100 4
v 101 4
v 102 4
v 103 4
v 104 4
v 105 4
v 106 4
v 107 4
v 108 4
v 109 4
v 110 4
v 111 4
v 112 4
v 113 4
v 114 4
v 115 4
v 116 4
v 117 4
v 118 4
v 119 4
v 120 4
v 121 4
v 122 4
v 123 4
v 124 4
v 125 4
v 126 4
v 127 4
v 128 4
v 129 4
v 130 4
v 131 4
v 132 4
v 133 4
v 134 4
v 135 4
v 136 4
v 137 4
v 138 4
v 139 4
v 140 4
v 141 4
v 142 4
v 143 4
v 144 4
v 145 4
v 146 4
v 147 4
v 148 4
v 149 4
v 150 4
v 151 4
v 152 4
v 153 4
e 0 27 1
e 0 33 1
e 1 25 1
e 1 44 1
e 2 28 1
e 2 45 1
e 29 3 1
e 3 103 1
e 30 4 1
e 4 104 1
e 38 5 1
e 5 47 1
e 6 34 2
e 7 39 1
e 7 48 1
e 8 44 2
e 9 45 2
e 10 47 2
e 11 48 2
e 12 50 1
e 12 59 1
e 13 59 2
e 14 62 2
e 15 71 1
e 15 136 1
e 16 71 2
e 17 75 1
e 17 145 1
e 18 76 1
e 18 146 1
e 19 77 1
e 19 148 1
e 20 78 1
e 20 149 1
e 21 80 1
e 21 153 1
e 22 54 1
e 22 62 1
e 22 121 1
e 23 79 1
e 23 81 1
e 23 147 1
e 24 25 1
e 24 26 1
e 24 28 1
e 24 82 1
e 25 27 1
e 25 33 1
e 26 30 1
e 26 34 1
e 26 37 1
e 27 31 1
e 27 83 1
e 28 29 1
e 28 84 1
e 29 32 1
e 29 35 1
e 30 31 1
e 30 85 1
e 31 86 1
e 31 87 1
e 32 36 1
e 32 41 1
e 32 42 1
e 33 88 1
e 33 89 1
e 34 38 1
e 35 39 1
e 35 90 1
e 35 91 1
e 36 38 1
e 36 40 2
e 37 92 1
e 37 93 1
e 37 94 1
e 38 95 1
e 39 40 1
e 39 96 1
e 40 43 1
e 41 97 1
e 41 98 1
e 41 99 1
e 42 100 1
e 42 101 1
e 42 102 1
e 43 105 1
e 43 106 1
e 43 107 1
e 44 46 1
e 45 49 1
e 46 108 1
e 46 109 1
e 46 110 1
e 47 51 1
e 48 50 1
e 49 52 2
e 49 53 1
e 50 54 1
e 50 111 1
e 51 112 1
e 51 113 1
e 51 114 1
e 52 55 1
e 52 115 1
e 53 56 2
e 53 116 1
e 54 58 1
e 54 117 1
e 55 57 2
e 55 118 1
e 56 57 1
e 56 119 1
e 57 120 1
e 58 60 2
e 58 61 1
e 59 63 1
e 60 64 1
e 60 122 1
e 61 65 2
e 61 123 1
e 62 66 1
e 63 67 1
e 63 124 1
e 63 125 1
e 64 68 2
e 64 126 1
e 65 68 1
e 65 127 1
e 66 69 2
e 66 70 1
e 67 71 1
e 67 128 1
e 67 129 1
e 68 130 1
e 69 72 1
e 69 131 1
e 70 73 2
e 70 132 1
e 72 74 2
e 72 133 1
e 73 74 1
e 73 134 1
e 74 135 1
e 75 76 1
e 75 77 1
e 75 137 1
e 76 78 1
e 76 138 1
e 77 79 1
e 77 139 1
e 78 80 1
e 78 140 1
e 79 141 1
e 79 142 1
e 80 143 1
e 80 144 1
e 81 150 1
e 81 151 1
e 81 152 1
t # 29935
v 0 12
v 1 1
v 2 1
v 3 2
v 4 2
v 5 2
v 6 3
v 7 3
v 8 3
v 9 3
v 10 3
v 11 3
v 12 3
v 13 3
v 14 3
v 15 3
v 16 3
v 17 3
v 18 3
v 19 3
v 20 3
v 21 3
v 22 3
v 23 3
v 24 3
v 25 4
v 26 4
v 27 4
v 28 4
v 29 4
v 30 4
v 31 4
v 32 4
v 33 4
v 34 4
v 35 4
v 36 4
v 37 4
v 38 4
v 39 4
v 40 4
e 1 10 2
e 2 11 2
e 3 6 1
e 3 10 1
e 3 11 1
e 4 12 1
e 4 13 1
e 4 29 1
e 5 12 2
e 5 16 1
e 6 7 1
e 6 25 1
e 6 26 1
e 7 12 1
e 7 27 1
e 7 28 1
e 8 9 1
e 8 10 1
e 8 14 2
e 9 11 1
e 9 15 2
e 13 16 2
e 13 17 1
e 14 18 1
e 14 30 1
e 15 19 1
e 15 31 1
e 16 32 1
e 17 20 2
e 17 21 1
e 18 19 2
e 18 33 1
e 19 34 1
e 20 22 1
e 20 35 1
e 21 23 2
e 21 36 1
e 22 24 2
e 22 37 1
e 23 24 1
e 23 38 1
e 24 39 1
t # 29936
v 0 11
v 1 1
v 2 1
v 3 2
v 4 2
v 5 3
v 6 3
v 7 3
v 8 3
v 9 3
v 10 3
v 11 3
v 12 3
v 13 3
v 14 3
v 15 3
v 16 4
v 17 4
v 18 4
v 19 4
v 20 4
v 21 4
v 22 4
v 23 4
v 24 4
v 25 4
v 26 4
v 27 4
e 0 10 1
e 1 14 1
e 1 15 1
e 2 13 2
e 3 14 2
e 4 13 1
e 4 23 1
e 4 24 1
e 5 6 1
e 5 11 1
e 5 13 1
e 5 16 1
e 6 8 2
e 6 9 1
e 7 8 1
e 7 10 2
e 7 14 1
e 8 17 1
e 9 12 2
e 9 18 1
e 10 12 1
e 11 19 1
e 11 20 1
e 11 21 1
e 12 22 1
e 15 25 1
e 15 26 1
e 15 27 1
t # 29937
v 0 1
v 1 1
v 2 1
v 3 1
v 4 1
v 5 1
v 6 3
v 7 3
v 8 3
v 9 3
v 10 3
v 11 3
v 12 3
v 13 3
v 14 3
v 15 3
v 16 3
v 17 3
v 18 3
v 19 3
v 20 3
v 21 3
v 22 3
v 23 3
v 24 3
v 25 3
v 26 3
v 27 4
v 28 4
v 29 4
v 30 4
v 31 4
v 32 4
v 33 4
v 34 4
v 35 4
v 36 4
v 37 4
v 38 4
v 39 4
v 40 4
v 41 4
v 42 4
v 43 4
v 44 4
v 45 4
v 46 4
e 0 6 1
e 0 11 1
e 1 7 1
e 1 10 1
e 2 9 1
e 2 37 1
e 3 18 1
e 3 39 1
e 4 20 1
e 4 41 1
e 5 25 2
e 6 7 1
e 6 8 1
e 6 27 1
e 7 9 1
e 7 28 1
e 8 12 2
e 8 13 1
e 9 29 1
e 9 30 1
e 10 11 2
e 10 14 1
e 11 15 1
e 12 18 1
e 12 31 1
e 13 19 2
e 13 32 1
e 14 16 2
e 14 33 1
e 15 17 2
e 15 34 1
e 16 17 1
e 16 21 1
e 17 35 1
e 18 20 2
e 19 20 1
e 19 36 1
e 21 22 2
e 21 38 1
e 22 23 1
e 22 40 1
e 23 24 2
e 23 42 1
e 24 25 1
e 24 43 1
e 25 26 1
e 26 44 1
e 26 45 1
e 26 46 1
t # 29938
v 0 1
v 1 1
v 2 2
v 3 2
v 4 2
v 5 3
v 6 3
v 7 3
v 8 3
v 9 3
v 10 3
v 11 3
v 12 3
v 13 3
v 14 4
v 15 4
v 16 4
v 17 4
v 18 4
v 19 4
v 20 4
v 21 4
v 22 4
v 23 4
v 24 4
v 25 4
v 26 4
e 0 7 1
e 0 13 1
e 1 12 2
e 2 5 1
e 2 6 1
e 2 16 1
e 3 10 1
e 3 11 2
e 4 12 1
e 4 25 1
e 4 26 1
e 5 7 1
e 5 14 1
e 5 15 1
e 6 8 1
e 6 10 2
e 7 17 1
e 7 18 1
e 8 9 2
e 8 19 1
e 9 11 1
e 9 12 1
e 10 20 1
e 11 21 1
e 13 22 1
e 13 23 1
e 13 24 1
t # 29939
v 0 1
v 1 1
v 2 1
v 3 1
v 4 1
v 5 1
v 6 1
v 7 1
v 8 2
v 9 2
v 10 2
v 11 2
v 12 2
v 13 3
v 14 3
v 15 3
v 16 3
v 17 3
v 18 3
v 19 3
v 20 3
v 21 3
v 22 3
v 23 3
v 24 3
v 25 3
v 26 3
v 27 3
v 28 3
v 29 3
v 30 3
v 31 3
v 32 3
v 33 3
v 34 3
v 35 3
v 36 3
v 37 3
v 38 3
v 39 3
v 40 3
v 41 3
v 42 3
v 43 3
v 44 3
v 45 4
v 46 4
v 47 4
v 48 4
v 49 4
v 50 4
v 51 4
v 52 4
v 53 4
v 54 4
v 55 4
v 56 4
v 57 4
v 58 4
v 59 4
v 60 4
v 61 4
v 62 4
v 63 4
v 64 4
v 65 4
v 66 4
v 67 4
e 0 15 1
e 0 16 1
e 1 13 1
e 1 21 1
e 2 14 1
e 2 22 1
e 3 17 1
e 3 26 1
e 4 21 2
e 5 22 2
e 6 23 2
e 7 26 2
e 8 9 1
e 8 15 1
e 8 18 1
e 9 20 1
e 9 51 1
e 10 18 2
e 10 27 1
e 11 23 1
e 11 27 2
e 13 14 1
e 13 15 1
e 13 45 1
e 14 16 1
e 14 46 1
e 15 47 1
e 16 17 1
e 16 48 1
e 17 49 1
e 17 50 1
e 18 19 1
e 19 20 2
e 19 23 1
e 20 28 1
e 21 24 1
e 22 25 1
e 24 30 2
e 24 31 1
e 25 32 2
e 25 33 1
e 26 29 1
e 27 52 1
e 29 38 2
e 29 39 1
e 30 34 1
e 30 53 1
e 31 35 2
e 31 54 1
e 32 36 1
e 32 55 1
e 33 37 2
e 33 56 1
e 34 40 2
e 34 57 1
e 35 40 1
e 35 58 1
e 36 41 2
e 36 59 1
e 37 41 1
e 37 60 1
e 38 42 1
e 38 61 1
e 39 43 2
e 39 62 1
e 40 63 1
e 41 64 1
e 42 44 2
e 42 65 1
e 43 44 1
e 43 66 1
e 44 67 1
t # 29940
v 0 1
v 1 2
v 2 2
v 3 2
v 4 2
v 5 2
v 6 2
v 7 3
v 8 3
v 9 3
v 10 3
v 11 3
v 12 3
v 13 4
v 14 4
v 15 4
v 16 4
e 0 10 2
e 1 2 1
e 1 7 1
e 1 10 1
e 2 9 2
e 3 7 1
e 3 13 1
e 3 14 1
e 4 10 1
e 4 15 1
e 4 16 1
e 7 8 2
e 8 9 1
e 8 11 1
e 9 12 1
t # 29941
v 0 2
v 1 2
v 2 2
v 3 2
v 4 3
v 5 3
v 6 3
v 7 3
v 8 3
v 9 3
v 10 4
v 11 4
v 12 4
v 13 4
e 0 1 1
e 0 4 1
e 0 6 1
e 1 7 1
e 1 10 1
e 2 4 2
e 2 8 1
e 4 5 1
e 5 7 2
e 5 9 1
e 6 8 2
e 6 11 1
e 7 12 1
e 8 13 1
t # 29942
v 0 1
v 1 2
v 2 2
v 3 3
v 4 3
v 5 3
v 6 3
v 7 3
v 8 3
v 9 3
v 10 3
v 11 3
v 12 3
v 13 3
v 14 3
v 15 3
v 16 3
v 17 3
v 18 3
v 19 3
v 20 3
v 21 3
v 22 3
v 23 3
v 24 3
v 25 4
v 26 4
v 27 4
v 28 4
v 29 4
v 30 4
v 31 4
v 32 4
v 33 4
v 34 4
v 35 4
v 36 4
v 37 4
v 38 4
v 39 4
v 40 4
v 41 4
v 42 4
e 0 12 2
e 1 11 1
e 1 23 2
e 2 12 1
e 2 38 1
e 2 39 1
e 3 6 1
e 3 7 1
e 3 8 1
e 3 11 1
e 4 5 1
e 4 9 1
e 4 10 1
e 4 25 1
e 5 6 1
e 5 12 1
e 5 26 1
e 6 27 1
e 6 28 1
e 7 9 1
e 7 13 2
e 8 10 1
e 8 14 2
e 9 15 2
e 10 16 2
e 11 17 2
e 13 18 1
e 13 29 1
e 14 19 1
e 14 30 1
e 15 20 1
e 15 31 1
e 16 21 1
e 16 32 1
e 17 22 1
e 17 33 1
e 18 20 2
e 18 34 1
e 19 21 2
e 19 35 1
e 20 36 1
e 21 37 1
e 22 24 2
e 22 40 1
e 23 24 1
e 23 41 1
e 24 42 1
t # 29943
v 0 1
v 1 1
v 2 1
v 3 2
v 4 2
v 5 3
v 6 3
v 7 3
v 8 3
v 9 3
v 10 3
v 11 3
v 12 3
v 13 3
v 14 4
v 15 4
v 16 4
v 17 4
v 18 4
v 19 4
v 20 4
v 21 4
v 22 4
v 23 4
v 24 4
v 25 4
e 0 10 1
e 0 21 1
e 1 12 2
e 2 13 2
e 3 12 1
e 3 22 1
e 3 23 1
e 4 13 1
e 4 24 1
e 4 25 1
e 5 6 1
e 5 7 1
e 5 9 1
e 5 12 1
e 6 7 1
e 6 10 1
e 6 14 1
e 7 11 1
e 7 15 1
e 8 9 1
e 8 10 1
e 8 11 1
e 8 16 1
e 9 13 1
e 9 17 1
e 10 18 1
e 11 19 1
e 11 20 1
t # 29944
v 0 1
v 1 1
v 2 1
v 3 1
v 4 1
v 5 1
v 6 2
v 7 2
v 8 2
v 9 2
v 10 3
v 11 3
v 12 3
v 13 3
v 14 3
v 15 3
v 16 3
v 17 3
v 18 3
v 19 3
v 20 3
v 21 3
v 22 3
v 23 3
v 24 3
v 25 3
v 26 4
v 27 4
v 28 4
v 29 4
v 30 4
v 31 4
v 32 4
v 33 4
v 34 4
v 35 4
v 36 4
v 37 4
v 38 4
v 39 4
v 40 4
v 41 4
v 42 4
v 43 4
v 44 4
v 45 4
v 46 4
v 47 4
e 0 20 2
e 1 21 2
e 2 22 1
e 2 24 1
e 3 23 1
e 3 25 1
e 4 22 2
e 5 23 2
e 6 8 1
e 6 20 1
e 6 36 1
e 7 9 1
e 7 21 1
e 7 37 1
e 8 38 1
e 8 39 1
e 9 40 1
e 9 41 1
e 10 11 1
e 10 12 1
e 10 14 1
e 10 26 1
e 11 13 1
e 11 15 1
e 11 27 1
e 12 13 1
e 12 20 1
e 12 28 1
e 13 21 1
e 13 29 1
e 14 16 1
e 14 18 1
e 14 30 1
e 15 17 1
e 15 19 1
e 15 31 1
e 16 17 1
e 16 22 1
e 16 32 1
e 17 23 1
e 17 33 1
e 18 19 2
e 18 34 1
e 19 35 1
e 24 42 1
e 24 43 1
e 24 44 1
e 25 45 1
e 25 46 1
e 25 47 1
t # 29945
v 0 1
v 1 1
v 2 1
v 3 1
v 4 2
v 5 2
v 6 2
v 7 3
v 8 3
v 9 3
v 10 3
v 11 3
v 12 3
v 13 3
v 14 3
v 15 3
v 16 3
v 17 3
v 18 3
v 19 3
v 20 3
v 21 3
v 22 3
v 23 3
v 24 3
v 25 3
v 26 3
v 27 3
v 28 4
v 29 4
v 30 4
v 31 4
v 32 4
v 33 4
v 34 4
v 35 4
v 36 4
v 37 4
v 38 4
v 39 4
v 40 4
v 41 4
v 42 4
v 43 4
v 44 4
e 0 13 2
e 1 14 2
e 2 15 2
e 3 24 2
e 4 10 1
e 4 13 1
e 4 30 1
e 5 14 1
e 5 15 1
e 5 24 1
e 6 24 1
e 6 43 1
e 6 44 1
e 7 8 1
e 7 9 1
e 7 14 1
e 7 28 1
e 8 10 1
e 8 15 1
e 8 29 1
e 9 11 1
e 9 13 1
e 9 16 1
e 10 12 1
e 10 17 1
e 11 12 1
e 11 18 2
e 12 19 2
e 16 31 1
e 16 32 1
e 16 33 1
e 17 20 2
e 17 21 1
e 18 22 1
e 18 34 1
e 19 23 1
e 19 35 1
e 20 25 1
e 20 36 1
e 21 26 2
e 21 37 1
e 22 23 2
e 22 38 1
e 23 39 1
e 25 27 2
e 25 40 1
e 26 27 1
e 26 41 1
e 27 42 1
t # 29946
v 0 1
v 1 1
v 2 1
v 3 1
v 4 2
v 5 2
v 6 3
v 7 3
v 8 3
v 9 3
v 10 3
v 11 3
v 12 3
v 13 3
v 14 3
v 15 3
v 16 3
v 17 3
v 18 3
v 19 3
v 20 4
v 21 4
v 22 4
v 23 4
v 24 4
v 25 4
v 26 4
v 27 4
v 28 4
v 29 4
v 30 4
v 31 4
v 32 4
v 33 4
v 34 4
v 35 4
e 0 7 1
e 0 9 1
e 1 7 1
e 1 16 1
e 2 11 2
e 3 13 2
e 4 7 1
e 4 13 1
e 4 23 1
e 5 11 1
e 5 13 1
e 5 27 1
e 6 7 1
e 6 8 1
e 6 10 1
e 6 11 1
e 8 9 1
e 8 20 1
e 8 21 1
e 9 12 1
e 9 22 1
e 10 14 2
e 10 15 1
e 12 24 1
e 12 25 1
e 12 26 1
e 14 17 1
e 14 28 1
e 15 18 2
e 15 29 1
e 16 30 1
e 16 31 1
e 16 32 1
e 17 19 2
e 17 33 1
e 18 19 1
e 18 34 1
e 19 35 1
t # 29947
v 0 1
v 1 1
v 2 2
v 3 2
v 4 2
v 5 3
v 6 3
v 7 3
v 8 3
v 9 3
v 10 3
v 11 3
v 12 3
v 13 3
v 14 3
v 15 3
v 16 3
v 17 3
v 18 3
v 19 3
v 20 3
v 21 3
v 22 3
v 23 4
v 24 4
v 25 4
v 26 4
v 27 4
v 28 4
v 29 4
v 30 4
v 31 4
v 32 4
v 33 4
v 34 4
v 35 4
v 36 4
v 37 4
v 38 4
v 39 4
v 40 4
v 41 4
v 42 4
v 43 4
v 44 4
v 45 4
v 46 4
v 47 4
e 0 8 1
e 0 9 1
e 1 11 2
e 2 10 1
e 2 15 1
e 2 16 1
e 3 11 1
e 3 13 1
e 3 33 1
e 4 9 2
e 4 14 1
e 5 6 1
e 5 7 1
e 5 9 1
e 5 11 1
e 6 8 1
e 6 23 1
e 6 24 1
e 7 10 1
e 7 25 1
e 7 26 1
e 8 12 1
e 8 27 1
e 10 28 1
e 10 29 1
e 12 30 1
e 12 31 1
e 12 32 1
e 13 14 1
e 13 17 2
e 14 18 2
e 15 19 1
e 15 34 1
e 15 35 1
e 16 20 1
e 16 36 1
e 16 37 1
e 17 21 1
e 17 38 1
e 18 22 1
e 18 39 1
e 19 40 1
e 19 41 1
e 19 42 1
e 20 43 1
e 20 44 1
e 20 45 1
e 21 22 2
e 21 46 1
e 22 47 1
t # 29948
v 0 1
v 1 1
v 2 2
v 3 2
v 4 3
v 5 3
v 6 3
v 7 3
v 8 3
v 9 3
v 10 3
v 11 3
v 12 3
v 13 3
v 14 3
v 15 3
v 16 3
v 17 3
v 18 3
v 19 4
v 20 4
v 21 4
v 22 4
v 23 4
v 24 4
v 25 4
v 26 4
v 27 4
v 28 4
v 29 4
v 30 4
v 31 4
v 32 4
v 33 4
v 34 4
e 0 6 1
e 0 7 1
e 1 9 2
e 2 9 1
e 2 12 1
e 2 27 1
e 3 7 2
e 3 13 1
e 4 5 1
e 4 7 1
e 4 8 1
e 4 9 1
e 5 6 1
e 5 19 1
e 5 20 1
e 6 10 1
e 6 21 1
e 8 11 1
e 8 22 1
e 8 23 1
e 10 24 1
e 10 25 1
e 10 26 1
e 11 16 2
e 11 28 1
e 12 13 1
e 12 14 2
e 13 15 2
e 14 17 1
e 14 29 1
e 15 18 1
e 15 30 1
e 16 31 1
e 16 32 1
e 17 18 2
e 17 33 1
e 18 34 1
t # 29949
v 0 1
v 1 1
v 2 1
v 3 1
v 4 2
v 5 2
v 6 2
v 7 3
v 8 3
v 9 3
v 10 3
v 11 3
v 12 3
v 13 3
v 14 3
v 15 3
v 16 3
v 17 3
v 18 3
v 19 3
v 20 3
v 21 3
v 22 3
v 23 3
v 24 3
v 25 3
v 26 3
v 27 3
v 28 3
v 29 4
v 30 4
v 31 4
v 32 4
v 33 4
v 34 4
v 35 4
v 36 4
v 37 4
v 38 4
v 39 4
v 40 4
v 41 4
v 42 4
v 43 4
v 44 4
v 45 4
v 46 4
v 47 4
v 48 4
v 49 4
e 0 9 1
e 0 10 1
e 1 13 1
e 1 20 1
e 2 12 2
e 3 27 2
e 4 12 1
e 4 15 1
e 4 36 1
e 5 10 2
e 5 16 1
e 6 27 1
e 6 48 1
e 6 49 1
e 7 8 1
e 7 10 1
e 7 11 1
e 7 12 1
e 8 9 1
e 8 29 1
e 8 30 1
e 9 13 1
e 9 31 1
e 11 14 1
e 11 32 1
e 11 33 1
e 13 34 1
e 13 35 1
e 14 19 2
e 14 37 1
e 15 16 1
e 15 17 2
e 16 18 2
e 17 21 1
e 17 38 1
e 18 22 1
e 18 39 1
e 19 40 1
e 19 41 1
e 20 23 1
e 20 24 2
e 21 22 2
e 21 42 1
e 22 43 1
e 23 25 2
e 23 27 1
e 24 26 1
e 24 44 1
e 25 28 1
e 25 45 1
e 26 28 2
e 26 46 1
e 28 47 1
t # 29950
v 0 1
v 1 1
v 2 1
v 3 1
v 4 2
v 5 2
v 6 2
v 7 2
v 8 2
v 9 3
v 10 3
v 11 3
v 12 3
v 13 3
v 14 3
v 15 3
v 16 3
v 17 3
v 18 3
v 19 3
v 20 3
v 21 3
v 22 3
v 23 3
v 24 3
v 25 3
v 26 4
v 27 4
v 28 4
v 29 4
v 30 4
v 31 4
v 32 4
v 33 4
v 34 4
v 35 4
v 36 4
v 37 4
v 38 4
v 39 4
v 40 4
v 41 4
v 42 4
v 43 4
v 44 4
v 45 4
v 46 4
v 47 4
v 48 4
v 49 4
v 50 4
e 0 18 2
e 1 19 2
e 2 24 2
e 3 25 2
e 4 9 1
e 4 10 1
e 4 15 1
e 5 13 1
e 5 16 1
e 5 18 1
e 6 14 1
e 6 17 1
e 6 19 1
e 7 18 1
e 7 24 1
e 7 49 1
e 8 19 1
e 8 25 1
e 8 50 1
e 9 11 1
e 9 26 1
e 9 27 1
e 10 12 1
e 10 28 1
e 10 29 1
e 11 13 1
e 11 30 1
e 11 31 1
e 12 14 1
e 12 32 1
e 12 33 1
e 13 34 1
e 13 35 1
e 14 36 1
e 14 37 1
e 15 38 1
e 15 39 1
e 15 40 1
e 16 20 2
e 16 22 1
e 17 21 2
e 17 23 1
e 20 24 1
e 20 41 1
e 21 25 1
e 21 42 1
e 22 43 1
e 22 44 1
e 22 45 1
e 23 46 1
e 23 47 1
e 23 48 1
t # 29951
v 0 1
v 1 1
v 2 1
v 3 1
v 4 1
v 5 2
v 6 2
v 7 2
v 8 3
v 9 3
v 10 3
v 11 3
v 12 3
v 13 3
v 14 3
v 15 3
v 16 3
v 17 3
v 18 3
v 19 3
v 20 3
v 21 3
v 22 3
v 23 3
v 24 3
v 25 4
v 26 4
v 27 4
v 28 4
v 29 4
v 30 4
v 31 4
v 32 4
v 33 4
v 34 4
v 35 4
v 36 4
v 37 4
v 38 4
v 39 4
v 40 4
v 41 4
v 42 4
v 43 4
v 44 4
v 45 4
e 0 17 1
e 0 20 1
e 1 15 1
e 1 21 1
e 2 16 1
e 2 22 1
e 3 21 2
e 4 22 2
e 5 8 1
e 5 10 1
e 5 13 1
e 6 21 1
e 6 23 1
e 6 38 1
e 7 22 1
e 7 24 1
e 7 39 1
e 8 9 1
e 8 12 2
e 9 11 1
e 9 25 1
e 9 26 1
e 10 11 1
e 10 27 1
e 10 28 1
e 11 29 1
e 11 30 1
e 12 14 1
e 12 15 1
e 13 14 2
e 13 17 1
e 14 16 1
e 15 31 1
e 15 32 1
e 16 33 1
e 16 34 1
e 17 18 2
e 18 19 1
e 18 35 1
e 19 20 2
e 19 36 1
e 20 37 1
e 23 40 1
e 23 41 1
e 23 42 1
e 24 43 1
e 24 44 1
e 24 45 1
t # 29952
v 0 12
v 1 2
v 2 2
v 3 2
v 4 2
v 5 2
v 6 2
v 7 3
v 8 3
v 9 3
v 10 3
v 11 3
v 12 3
v 13 3
v 14 3
v 15 3
v 16 3
v 17 3
v 18 3
v 19 3
v 20 3
v 21 3
v 22 4
v 23 4
v 24 4
v 25 4
v 26 4
v 27 4
v 28 4
v 29 4
v 30 4
v 31 4
v 32 4
v 33 4
v 34 4
v 35 4
v 36 4
v 37 4
v 38 4
v 39 4
v 40 4
v 41 4
v 42 4
e 1 7 1
e 1 9 1
e 1 10 1
e 2 4 1
e 2 7 1
e 2 22 1
e 3 11 1
e 3 12 1
e 3 20 1
e 4 10 1
e 4 29 1
e 5 6 1
e 5 8 1
e 5 30 1
e 6 9 2
e 7 13 1
e 7 14 1
e 8 12 1
e 8 17 1
e 8 18 1
e 9 11 1
e 10 15 2
e 11 16 2
e 12 19 2
e 13 23 1
e 13 24 1
e 13 25 1
e 14 26 1
e 14 27 1
e 14 28 1
e 15 16 1
e 15 31 1
e 16 32 1
e 17 33 1
e 17 34 1
e 17 35 1
e 18 36 1
e 18 37 1
e 18 38 1
e 19 21 1
e 19 39 1
e 20 21 2
e 20 40 1
e 21 41 1
t # 29953
v 0 11
v 1 1
v 2 2
v 3 2
v 4 3
v 5 3
v 6 3
v 7 3
v 8 3
v 9 3
v 10 3
v 11 3
v 12 3
v 13 3
v 14 3
v 15 3
v 16 3
v 17 3
v 18 3
v 19 3
v 20 3
v 21 3
v 22 3
v 23 3
v 24 3
v 25 4
v 26 4
v 27 4
v 28 4
v 29 4
v 30 4
v 31 4
v 32 4
v 33 4
v 34 4
v 35 4
v 36 4
v 37 4
v 38 4
v 39 4
v 40 4
v 41 4
v 42 4
v 43 4
v 44 4
v 45 4
v 46 4
e 0 7 1
e 0 9 1
e 1 23 1
e 1 24 1
e 2 9 1
e 2 14 1
e 2 16 1
e 3 12 1
e 3 13 1
e 3 36 1
e 4 5 1
e 4 6 1
e 4 7 2
e 5 9 2
e 5 12 1
e 6 8 1
e 6 25 1
e 6 26 1
e 7 10 1
e 8 11 1
e 8 27 1
e 8 28 1
e 10 11 1
e 10 29 1
e 10 30 1
e 11 31 1
e 11 32 1
e 12 33 1
e 12 34 1
e 13 14 1
e 13 15 1
e 13 35 1
e 14 17 2
e 15 19 2
e 15 20 1
e 16 18 2
e 16 37 1
e 17 18 1
e 17 38 1
e 18 39 1
e 19 21 1
e 19 40 1
e 20 22 2
e 20 41 1
e 21 23 2
e 21 42 1
e 22 23 1
e 22 43 1
e 24 44 1
e 24 45 1
e 24 46 1
t # 29954
v 0 1
v 1 1
v 2 1
v 3 1
v 4 2
v 5 2
v 6 2
v 7 3
v 8 3
v 9 3
v 10 3
v 11 3
v 12 3
v 13 3
v 14 3
v 15 3
v 16 3
v 17 3
v 18 3
v 19 3
v 20 3
v 21 3
v 22 3
v 23 3
v 24 3
v 25 3
v 26 3
v 27 4
v 28 4
v 29 4
v 30 4
v 31 4
v 32 4
v 33 4
v 34 4
v 35 4
v 36 4
v 37 4
v 38 4
v 39 4
v 40 4
v 41 4
v 42 4
v 43 4
v 44 4
v 45 4
v 46 4
v 47 4
v 48 4
v 49 4
e 0 16 1
e 0 23 1
e 1 17 1
e 1 24 1
e 2 23 2
e 3 24 2
e 4 7 1
e 4 13 1
e 4 28 1
e 5 23 1
e 5 25 1
e 5 42 1
e 6 24 1
e 6 26 1
e 6 43 1
e 7 8 1
e 7 9 2
e 8 10 2
e 8 15 1
e 9 11 1
e 9 14 1
e 10 12 1
e 10 16 1
e 11 13 1
e 11 18 2
e 12 14 2
e 12 17 1
e 13 19 2
e 14 27 1
e 15 20 1
e 15 29 1
e 15 30 1
e 16 31 1
e 16 32 1
e 17 33 1
e 17 34 1
e 18 21 1
e 18 35 1
e 19 22 1
e 19 36 1
e 20 37 1
e 20 38 1
e 20 39 1
e 21 22 2
e 21 40 1
e 22 41 1
e 25 44 1
e 25 45 1
e 25 46 1
e 26 47 1
e 26 48 1
e 26 49 1
t # 29955
v 0 18
v 1 2
v 2 2
v 3 2
v 4 2
v 5 2
v 6 3
v 7 3
v 8 3
v 9 3
v 10 3
v 11 3
v 12 3
v 13 3
v 14 3
v 15 3
v 16 3
v 17 3
v 18 3
v 19 3
v 20 3
v 21 3
v 22 4
v 23 4
v 24 4
v 25 4
v 26 4
v 27 4
v 28 4
v 29 4
v 30 4
v 31 4
v 32 4
v 33 4
v 34 4
v 35 4
v 36 4
v 37 4
v 38 4
v 39 4
v 40 4
v 41 4
v 42 4
v 43 4
v 44 4
v 45 4
e 1 6 1
e 1 9 1
e 1 10 1
e 2 7 1
e 2 12 1
e 2 13 1
e 3 4 1
e 3 6 1
e 3 27 1
e 4 9 2
e 5 11 1
e 5 18 1
e 5 19 1
e 6 7 1
e 6 8 1
e 7 22 1
e 7 23 1
e 8 24 1
e 8 25 1
e 8 26 1
e 9 11 1
e 10 14 2
e 10 28 1
e 11 15 2
e 12 16 1
e 12 29 1
e 12 30 1
e 13 17 1
e 13 31 1
e 13 32 1
e 14 15 1
e 14 33 1
e 15 34 1
e 16 35 1
e 16 36 1
e 16 37 1
e 17 38 1
e 17 39 1
e 17 40 1
e 18 20 2
e 18 41 1
e 19 21 2
e 19 42 1
e 20 21 1
e 20 43 1
e 21 44 1
t # 29956
v 0 12
v 1 12
v 2 2
v 3 2
v 4 2
v 5 2
v 6 3
v 7 3
v 8 3
v 9 3
v 10 3
v 11 3
v 12 3
v 13 3
v 14 3
v 15 3
v 16 3
v 17 3
v 18 3
v 19 3
v 20 3
v 21 3
v 22 3
v 23 3
v 24 3
v 25 3
v 26 3
v 27 3
v 28 4
v 29 4
v 30 4
v 31 4
v 32 4
v 33 4
v 34 4
v 35 4
v 36 4
v 37 4
v 38 4
v 39 4
v 40 4
v 41 4
v 42 4
v 43 4
e 0 16 1
e 1 17 1
e 2 6 1
e 2 8 1
e 2 10 1
e 3 7 1
e 3 9 1
e 3 11 1
e 4 5 1
e 4 20 2
e 5 21 2
e 6 12 2
e 6 20 1
e 7 13 2
e 7 21 1
e 8 16 1
e 8 18 2
e 9 17 1
e 9 19 2
e 10 14 2
e 10 28 1
e 11 15 2
e 11 29 1
e 12 14 1
e 12 30 1
e 13 15 1
e 13 31 1
e 14 32 1
e 15 33 1
e 16 22 2
e 17 23 2
e 18 24 1
e 18 34 1
e 19 25 1
e 19 35 1
e 20 36 1
e 21 37 1
e 22 26 1
e 22 38 1
e 23 27 1
e 23 39 1
e 24 26 2
e 24 40 1
e 25 27 2
e 25 41 1
e 26 42 1
e 27 43 1
t # 29957
v 0 12
v 1 2
v 2 2
v 3 2
v 4 2
v 5 2
v 6 2
v 7 3
v 8 3
v 9 3
v 10 3
v 11 3
v 12 3
v 13 3
v 14 3
v 15 3
v 16 3
v 17 3
v 18 3
v 19 3
v 20 3
v 21 3
v 22 3
v 23 3
v 24 4
v 25 4
v 26 4
v 27 4
v 28 4
v 29 4
v 30 4
v 31 4
v 32 4
v 33 4
v 34 4
v 35 4
v 36 4
v 37 4
v 38 4
v 39 4
v 40 4
v 41 4
v 42 4
v 43 4
v 44 4
v 45 4
v 46 4
v 47 4
v 48 4
e 1 7 1
e 1 9 1
e 1 11 1
e 2 4 1
e 2 7 1
e 2 26 1
e 3 12 1
e 3 13 1
e 3 21 1
e 4 11 1
e 4 30 1
e 5 6 1
e 5 8 1
e 5 33 1
e 6 9 2
e 7 10 1
e 7 14 1
e 8 12 1
e 8 15 1
e 8 17 1
e 9 13 1
e 10 20 1
e 10 24 1
e 10 25 1
e 11 16 2
e 12 19 2
e 13 18 2
e 14 27 1
e 14 28 1
e 14 29 1
e 15 23 1
e 15 31 1
e 15 32 1
e 16 18 1
e 16 34 1
e 17 35 1
e 17 36 1
e 17 37 1
e 18 38 1
e 19 22 1
e 19 39 1
e 20 40 1
e 20 41 1
e 20 42 1
e 21 22 2
e 21 43 1
e 22 44 1
e 23 45 1
e 23 46 1
e 23 47 1
t # 29958
v 0 11
v 1 1
v 2 1
v 3 1
v 4 1
v 5 2
v 6 2
v 7 2
v 8 3
v 9 3
v 10 3
v 11 3
v 12 3
v 13 3
v 14 3
v 15 3
v 16 3
v 17 3
v 18 3
v 19 3
v 20 3
v 21 3
v 22 3
v 23 3
v 24 3
v 25 4
v 26 4
v 27 4
v 28 4
v 29 4
v 30 4
v 31 4
v 32 4
v 33 4
v 34 4
v 35 4
v 36 4
v 37 4
v 38 4
v 39 4
v 40 4
v 41 4
v 42 4
v 43 4
v 44 4
v 45 4
e 0 19 1
e 0 20 1
e 1 15 1
e 1 21 1
e 2 17 1
e 2 22 1
e 3 21 2
e 4 22 2
e 5 8 1
e 5 10 1
e 5 13 1
e 6 21 1
e 6 23 1
e 6 38 1
e 7 22 1
e 7 24 1
e 7 39 1
e 8 9 1
e 8 12 2
e 9 11 1
e 9 25 1
e 9 26 1
e 10 11 1
e 10 27 1
e 10 28 1
e 11 29 1
e 11 30 1
e 12 14 1
e 12 15 1
e 13 14 2
e 13 16 1
e 14 17 1
e 15 31 1
e 15 32 1
e 16 18 1
e 16 19 2
e 17 33 1
e 17 34 1
e 18 20 2
e 18 35 1
e 19 36 1
e 20 37 1
e 23 40 1
e 23 41 1
e 23 42 1
e 24 43 1
e 24 44 1
e 24 45 1
t # 29959
v 0 18
v 1 2
v 2 2
v 3 2
v 4 3
v 5 3
v 6 3
v 7 3
v 8 3
v 9 3
v 10 3
v 11 3
v 12 3
v 13 3
v 14 3
v 15 3
v 16 3
v 17 3
v 18 3
v 19 3
v 20 3
v 21 3
v 22 4
v 23 4
v 24 4
v 25 4
v 26 4
v 27 4
v 28 4
v 29 4
v 30 4
v 31 4
v 32 4
v 33 4
v 34 4
v 35 4
v 36 4
v 37 4
e 1 4 1
e 1 5 1
e 1 8 1
e 2 7 2
e 2 13 1
e 3 17 1
e 3 20 2
e 4 7 1
e 4 9 2
e 5 6 1
e 5 10 2
e 6 7 1
e 6 11 2
e 8 12 2
e 8 22 1
e 9 12 1
e 9 23 1
e 10 15 1
e 10 24 1
e 11 16 1
e 11 25 1
e 12 26 1
e 13 14 1
e 13 27 1
e 13 28 1
e 14 17 1
e 14 29 1
e 14 30 1
e 15 16 2
e 15 31 1
e 16 32 1
e 17 18 2
e 18 19 1
e 18 33 1
e 19 21 2
e 19 34 1
e 20 21 1
e 20 35 1
e 21 36 1
t # 29960
v 0 1
v 1 1
v 2 1
v 3 1
v 4 2
v 5 2
v 6 2
v 7 2
v 8 3
v 9 3
v 10 3
v 11 3
v 12 3
v 13 3
v 14 3
v 15 3
v 16 3
v 17 3
v 18 3
v 19 3
v 20 3
v 21 3
v 22 3
v 23 3
v 24 3
v 25 3
v 26 3
v 27 3
v 28 3
v 29 3
v 30 3
v 31 4
v 32 4
v 33 4
v 34 4
v 35 4
v 36 4
v 37 4
v 38 4
v 39 4
v 40 4
v 41 4
v 42 4
v 43 4
v 44 4
v 45 4
v 46 4
v 47 4
v 48 4
v 49 4
v 50 4
v 51 4
v 52 4
e 0 9 1
e 0 14 1
e 1 8 1
e 1 15 1
e 2 11 1
e 2 16 1
e 3 15 2
e 4 8 1
e 4 14 1
e 4 17 1
e 5 9 1
e 5 16 1
e 5 18 1
e 6 14 2
e 6 29 1
e 7 16 2
e 7 30 1
e 8 10 1
e 8 12 1
e 9 10 1
e 9 13 1
e 10 11 2
e 11 15 1
e 12 19 2
e 12 20 1
e 13 21 2
e 13 22 1
e 17 31 1
e 17 32 1
e 17 33 1
e 18 34 1
e 18 35 1
e 18 36 1
e 19 23 1
e 19 37 1
e 20 24 2
e 20 38 1
e 21 25 1
e 21 39 1
e 22 26 2
e 22 40 1
e 23 27 2
e 23 41 1
e 24 27 1
e 24 42 1
e 25 28 2
e 25 43 1
e 26 28 1
e 26 44 1
e 27 45 1
e 28 46 1
e 29 47 1
e 29 48 1
e 29 49 1
e 30 50 1
e 30 51 1
e 30 52 1
t # 29961
v 0 11
v 1 2
v 2 3
v 3 3
v 4 3
v 5 3
v 6 3
v 7 3
v 8 3
v 9 3
v 10 3
v 11 3
v 12 3
v 13 3
v 14 3
v 15 3
v 16 4
v 17 4
v 18 4
v 19 4
v 20 4
v 21 4
v 22 4
v 23 4
v 24 4
e 0 3 1
e 0 7 1
e 1 2 1
e 1 6 1
e 1 16 1
e 2 3 2
e 2 5 1
e 3 4 1
e 4 6 1
e 4 8 2
e 5 7 1
e 5 9 2
e 6 10 2
e 7 11 2
e 8 12 1
e 8 17 1
e 9 14 1
e 9 18 1
e 10 13 1
e 10 19 1
e 11 15 1
e 11 20 1
e 12 13 2
e 12 21 1
e 13 22 1
e 14 15 2
e 14 23 1
e 15 24 1
t # 29962
v 0 1
v 1 1
v 2 2
v 3 3
v 4 3
v 5 3
v 6 3
v 7 3
v 8 3
v 9 3
v 10 3
v 11 3
v 12 3
v 13 3
v 14 3
v 15 3
v 16 3
v 17 4
v 18 4
v 19 4
v 20 4
v 21 4
v 22 4
v 23 4
v 24 4
v 25 4
v 26 4
v 27 4
v 28 4
v 29 4
v 30 4
v 31 4
v 32 4
v 33 4
e 0 4 1
e 0 7 1
e 1 9 2
e 2 3 1
e 2 7 1
e 2 19 1
e 3 4 1
e 3 5 1
e 3 6 1
e 4 17 1
e 4 18 1
e 5 20 1
e 5 21 1
e 5 22 1
e 6 23 1
e 6 24 1
e 6 25 1
e 7 8 2
e 8 9 1
e 8 10 1
e 9 11 1
e 10 26 1
e 10 27 1
e 10 28 1
e 11 12 2
e 11 13 1
e 12 14 1
e 12 29 1
e 13 15 2
e 13 30 1
e 14 16 2
e 14 31 1
e 15 16 1
e 15 32 1
e 16 33 1
t # 29963
v 0 1
v 1 1
v 2 1
v 3 2
v 4 3
v 5 3
v 6 3
v 7 3
v 8 3
v 9 3
v 10 3
v 11 3
v 12 3
v 13 3
v 14 3
v 15 3
v 16 3
v 17 3
v 18 3
v 19 3
v 20 3
v 21 3
v 22 3
v 23 3
v 24 4
v 25 4
v 26 4
v 27 4
v 28 4
v 29 4
v 30 4
v 31 4
v 32 4
v 33 4
v 34 4
v 35 4
v 36 4
v 37 4
v 38 4
v 39 4
v 40 4
v 41 4
v 42 4
e 0 5 1
e 0 8 1
e 1 9 2
e 2 12 2
e 3 4 1
e 3 8 1
e 3 9 1
e 4 5 1
e 4 6 1
e 4 7 1
e 5 24 1
e 5 25 1
e 6 26 1
e 6 27 1
e 6 28 1
e 7 29 1
e 7 30 1
e 7 31 1
e 8 10 2
e 9 11 1
e 10 12 1
e 10 32 1
e 11 13 2
e 11 14 1
e 12 15 1
e 13 16 1
e 13 33 1
e 14 17 2
e 14 34 1
e 15 19 2
e 15 20 1
e 16 18 2
e 16 35 1
e 17 18 1
e 17 36 1
e 18 37 1
e 19 21 1
e 19 38 1
e 20 22 2
e 20 39 1
e 21 23 2
e 21 40 1
e 22 23 1
e 22 41 1
e 23 42 1
t # 29964
v 0 12
v 1 11
v 2 1
v 3 1
v 4 2
v 5 2
v 6 2
v 7 2
v 8 2
v 9 3
v 10 3
v 11 3
v 12 3
v 13 3
v 14 3
v 15 3
v 16 3
v 17 3
v 18 3
v 19 3
v 20 3
v 21 3
v 22 3
v 23 3
v 24 3
v 25 3
v 26 3
v 27 3
v 28 3
v 29 3
v 30 3
v 31 3
v 32 3
v 33 3
v 34 3
v 35 3
v 36 3
v 37 3
v 38 4
v 39 4
v 40 4
v 41 4
v 42 4
v 43 4
v 44 4
v 45 4
v 46 4
v 47 4
v 48 4
v 49 4
v 50 4
v 51 4
v 52 4
v 53 4
v 54 4
v 55 4
v 56 4
v 57 4
v 58 4
v 59 4
e 0 27 1
e 1 2 2
e 1 3 2
e 1 18 1
e 4 10 1
e 4 15 1
e 4 40 1
e 5 13 2
e 5 14 1
e 6 29 1
e 6 52 1
e 7 8 1
e 7 31 1
e 7 32 1
e 8 29 2
e 9 10 1
e 9 11 2
e 9 12 1
e 10 38 1
e 10 39 1
e 11 13 1
e 11 16 1
e 12 14 1
e 12 17 2
e 13 19 1
e 14 20 2
e 15 21 2
e 15 22 1
e 16 23 2
e 16 41 1
e 17 24 1
e 17 42 1
e 18 25 2
e 18 26 1
e 19 27 2
e 19 43 1
e 20 28 1
e 20 44 1
e 21 25 1
e 21 45 1
e 22 26 2
e 22 46 1
e 23 27 1
e 23 47 1
e 24 28 2
e 24 48 1
e 25 49 1
e 26 50 1
e 28 51 1
e 29 30 1
e 30 31 2
e 30 53 1
e 31 54 1
e 32 33 2
e 32 34 1
e 33 35 1
e 33 55 1
e 34 36 2
e 34 56 1
e 35 37 2
e 35 57 1
e 36 37 1
e 36 58 1
e 37 59 1
t # 29965
v 0 12
v 1 11
v 2 1
v 3 1
v 4 1
v 5 2
v 6 2
v 7 2
v 8 2
v 9 2
v 10 3
v 11 3
v 12 3
v 13 3
v 14 3
v 15 3
v 16 3
v 17 3
v 18 3
v 19 3
v 20 3
v 21 3
v 22 3
v 23 3
v 24 3
v 25 3
v 26 3
v 27 3
v 28 3
v 29 3
v 30 3
v 31 3
v 32 3
v 33 3
v 34 3
v 35 4
v 36 4
v 37 4
v 38 4
v 39 4
v 40 4
v 41 4
v 42 4
v 43 4
v 44 4
v 45 4
v 46 4
v 47 4
v 48 4
v 49 4
v 50 4
v 51 4
v 52 4
v 53 4
v 54 4
e 0 26 1
e 1 2 2
e 1 3 2
e 1 21 1
e 4 33 1
e 4 34 1
e 5 13 1
e 5 16 1
e 5 37 1
e 6 14 2
e 6 15 1
e 7 30 1
e 7 49 1
e 8 9 1
e 8 30 2
e 9 33 2
e 10 11 2
e 10 12 1
e 10 13 1
e 11 14 1
e 11 17 1
e 12 15 1
e 12 18 2
e 13 35 1
e 13 36 1
e 14 19 1
e 15 20 2
e 16 22 2
e 16 23 1
e 17 24 2
e 17 38 1
e 18 25 1
e 18 39 1
e 19 26 2
e 19 40 1
e 20 27 1
e 20 41 1
e 21 28 2
e 21 29 1
e 22 28 1
e 22 42 1
e 23 29 2
e 23 43 1
e 24 26 1
e 24 44 1
e 25 27 2
e 25 45 1
e 27 46 1
e 28 47 1
e 29 48 1
e 30 31 1
e 31 32 2
e 31 50 1
e 32 33 1
e 32 51 1
e 34 52 1
e 34 53 1
e 34 54 1
t # 29966
v 0 12
v 1 11
v 2 11
v 3 1
v 4 1
v 5 2
v 6 2
v 7 2
v 8 2
v 9 3
v 10 3
v 11 3
v 12 3
v 13 3
v 14 3
v 15 3
v 16 3
v 17 3
v 18 3
v 19 3
v 20 3
v 21 3
v 22 3
v 23 3
v 24 3
v 25 3
v 26 3
v 27 3
v 28 3
v 29 3
v 30 3
v 31 3
v 32 4
v 33 4
v 34 4
v 35 4
v 36 4
v 37 4
v 38 4
v 39 4
v 40 4
v 41 4
v 42 4
v 43 4
v 44 4
v 45 4
v 46 4
v 47 4
v 48 4
e 0 25 1
e 1 3 2
e 1 4 2
e 1 20 1
e 2 29 1
e 2 30 1
e 5 10 1
e 5 15 1
e 5 34 1
e 6 13 2
e 6 14 1
e 7 29 1
e 7 46 1
e 8 29 2
e 8 31 1
e 9 10 1
e 9 11 2
e 9 12 1
e 10 32 1
e 10 33 1
e 11 13 1
e 11 16 1
e 12 14 1
e 12 17 2
e 13 18 1
e 14 19 2
e 15 21 2
e 15 22 1
e 16 23 2
e 16 35 1
e 17 24 1
e 17 36 1
e 18 25 2
e 18 37 1
e 19 28 1
e 19 38 1
e 20 26 2
e 20 27 1
e 21 26 1
e 21 39 1
e 22 27 2
e 22 40 1
e 23 25 1
e 23 41 1
e 24 28 2
e 24 42 1
e 26 43 1
e 27 44 1
e 28 45 1
e 30 31 2
e 30 47 1
e 31 48 1
t # 29967
v 0 14
v 1 14
v 2 14
v 3 14
v 4 14
v 5 14
v 6 1
v 7 1
v 8 1
v 9 1
v 10 1
v 11 1
v 12 1
v 13 1
v 14 1
v 15 2
v 16 3
v 17 3
v 18 3
v 19 3
v 20 3
v 21 3
v 22 3
v 23 3
v 24 3
v 25 3
v 26 3
v 27 3
v 28 3
v 29 3
v 30 3
v 31 3
v 32 3
v 33 3
v 34 3
v 35 3
v 36 3
v 37 3
v 38 3
v 39 3
v 40 3
v 41 3
v 42 3
v 43 3
v 44 3
v 45 3
v 46 4
v 47 4
v 48 4
v 49 4
v 50 4
v 51 4
v 52 4
v 53 4
v 54 4
v 55 4
v 56 4
v 57 4
v 58 4
v 59 4
v 60 4
v 61 4
v 62 4
v 63 4
v 64 4
v 65 4
v 66 4
v 67 4
v 68 4
v 69 4
v 70 4
v 71 4
v 72 4
v 73 4
v 74 4
v 75 4
v 76 4
v 77 4
v 78 4
v 79 4
v 80 4
e 6 16 1
e 6 61 1
e 7 30 1
e 7 37 1
e 8 23 1
e 8 72 1
e 9 34 1
e 9 36 1
e 10 34 2
e 11 44 1
e 11 79 1
e 12 45 1
e 12 80 1
e 13 44 2
e 14 45 2
e 15 22 1
e 15 26 1
e 15 56 1
e 16 17 1
e 16 20 1
e 16 21 1
e 17 24 2
e 17 25 1
e 18 19 1
e 18 27 2
e 18 28 1
e 19 29 1
e 19 46 1
e 19 47 1
e 22 23 1
e 22 48 1
e 22 49 1
e 23 30 1
e 23 50 1
e 24 27 1
e 24 51 1
e 25 28 2
e 25 52 1
e 26 31 1
e 26 32 1
e 26 53 1
e 27 54 1
e 28 55 1
e 29 34 1
e 29 57 1
e 29 58 1
e 30 59 1
e 30 60 1
e 31 62 1
e 31 63 1
e 31 64 1
e 32 65 1
e 32 66 1
e 32 67 1
e 33 35 1
e 33 36 1
e 33 68 1
e 33 69 1
e 35 38 2
e 35 39 1
e 36 70 1
e 36 71 1
e 37 40 2
e 37 41 1
e 38 40 1
e 38 73 1
e 39 41 2
e 39 74 1
e 40 75 1
e 41 76 1
e 42 43 2
e 42 44 1
e 42 77 1
e 43 45 1
e 43 78 1
t # 29968
v 0 1
v 1 1
v 2 2
v 3 2
v 4 3
v 5 3
v 6 3
v 7 3
v 8 3
v 9 3
v 10 3
v 11 3
v 12 3
v 13 3
v 14 3
v 15 3
v 16 3
v 17 3
v 18 3
v 19 3
v 20 3
v 21 3
v 22 3
v 23 4
v 24 4
v 25 4
v 26 4
v 27 4
v 28 4
v 29 4
v 30 4
v 31 4
v 32 4
v 33 4
v 34 4
v 35 4
v 36 4
v 37 4
v 38 4
v 39 4
v 40 4
v 41 4
v 42 4
v 43 4
v 44 4
v 45 4
v 46 4
e 0 12 1
e 0 21 1
e 1 8 2
e 2 4 1
e 2 5 1
e 2 8 1
e 3 4 1
e 3 6 1
e 3 11 1
e 4 10 2
e 5 6 1
e 5 14 2
e 6 15 2
e 7 8 1
e 7 9 1
e 7 12 2
e 9 13 1
e 9 23 1
e 9 24 1
e 10 12 1
e 10 25 1
e 11 17 1
e 11 26 1
e 11 27 1
e 13 16 1
e 13 28 1
e 13 29 1
e 14 18 1
e 14 30 1
e 15 19 1
e 15 31 1
e 16 20 1
e 16 32 1
e 16 33 1
e 17 34 1
e 17 35 1
e 17 36 1
e 18 19 2
e 18 37 1
e 19 38 1
e 20 39 1
e 20 40 1
e 20 41 1
e 21 22 1
e 21 42 1
e 21 43 1
e 22 44 1
e 22 45 1
e 22 46 1
t # 29969
v 0 1
v 1 1
v 2 1
v 3 2
v 4 2
v 5 2
v 6 2
v 7 3
v 8 3
v 9 3
v 10 3
v 11 3
v 12 3
v 13 3
v 14 3
v 15 3
v 16 3
v 17 3
v 18 3
v 19 3
v 20 3
v 21 3
v 22 3
v 23 3
v 24 3
v 25 4
v 26 4
v 27 4
v 28 4
v 29 4
v 30 4
v 31 4
v 32 4
v 33 4
v 34 4
v 35 4
v 36 4
v 37 4
v 38 4
v 39 4
v 40 4
v 41 4
v 42 4
e 0 13 1
e 0 22 1
e 1 11 2
e 2 22 2
e 3 9 1
e 3 10 1
e 3 11 1
e 4 9 1
e 4 12 1
e 4 26 1
e 5 22 1
e 5 23 1
e 5 24 1
e 7 8 1
e 7 11 1
e 7 13 2
e 8 15 1
e 8 16 1
e 8 25 1
e 9 14 2
e 10 12 1
e 10 17 2
e 12 18 2
e 13 14 1
e 14 21 1
e 15 27 1
e 15 28 1
e 15 29 1
e 16 30 1
e 16 31 1
e 16 32 1
e 17 19 1
e 17 33 1
e 18 20 1
e 18 34 1
e 19 20 2
e 19 35 1
e 20 36 1
e 23 37 1
e 23 38 1
e 23 39 1
e 24 40 1
e 24 41 1
e 24 42 1
t # 29970
v 0 1
v 1 1
v 2 2
v 3 2
v 4 2
v 5 3
v 6 3
v 7 3
v 8 3
v 9 3
v 10 3
v 11 3
v 12 3
v 13 3
v 14 3
v 15 3
v 16 3
v 17 3
v 18 3
v 19 3
v 20 3
v 21 3
v 22 3
v 23 3
v 24 3
v 25 3
v 26 3
v 27 4
v 28 4
v 29 4
v 30 4
v 31 4
v 32 4
v 33 4
v 34 4
v 35 4
v 36 4
v 37 4
v 38 4
v 39 4
v 40 4
v 41 4
v 42 4
v 43 4
v 44 4
v 45 4
e 0 12 1
e 0 22 1
e 1 10 2
e 2 5 1
e 2 6 1
e 2 8 1
e 3 5 1
e 3 7 1
e 3 10 1
e 5 9 2
e 6 7 1
e 6 13 2
e 7 14 2
e 8 16 1
e 8 27 1
e 8 28 1
e 9 12 1
e 9 19 1
e 10 11 1
e 11 12 2
e 11 15 1
e 13 17 1
e 13 29 1
e 14 18 1
e 14 30 1
e 15 20 2
e 15 21 1
e 16 31 1
e 16 32 1
e 16 33 1
e 17 18 2
e 17 34 1
e 18 35 1
e 20 23 1
e 20 36 1
e 21 24 2
e 21 37 1
e 22 26 1
e 22 38 1
e 22 39 1
e 23 25 2
e 23 40 1
e 24 25 1
e 24 41 1
e 25 42 1
e 26 43 1
e 26 44 1
e 26 45 1
t # 29971
v 0 1
v 1 1
v 2 2
v 3 2
v 4 2
v 5 3
v 6 3
v 7 3
v 8 3
v 9 3
v 10 3
v 11 3
v 12 3
v 13 3
v 14 3
v 15 3
v 16 3
v 17 3
v 18 3
v 19 3
v 20 3
v 21 3
v 22 3
v 23 3
v 24 3
v 25 3
v 26 3
v 27 4
v 28 4
v 29 4
v 30 4
v 31 4
v 32 4
v 33 4
v 34 4
v 35 4
v 36 4
v 37 4
v 38 4
v 39 4
v 40 4
v 41 4
v 42 4
v 43 4
v 44 4
v 45 4
e 0 15 1
e 0 25 1
e 1 8 2
e 2 5 1
e 2 6 1
e 2 8 1
e 3 6 1
e 3 7 1
e 3 16 1
e 5 7 2
e 5 9 1
e 6 10 2
e 7 11 1
e 8 12 1
e 9 13 2
e 9 27 1
e 10 15 1
e 10 20 1
e 11 14 2
e 11 28 1
e 12 15 2
e 12 17 1
e 13 14 1
e 13 18 1
e 14 19 1
e 16 29 1
e 16 30 1
e 16 31 1
e 17 21 2
e 17 22 1
e 18 32 1
e 18 33 1
e 18 34 1
e 19 35 1
e 19 36 1
e 19 37 1
e 21 23 1
e 21 38 1
e 22 24 2
e 22 39 1
e 23 26 2
e 23 40 1
e 24 26 1
e 24 41 1
e 25 42 1
e 25 43 1
e 25 44 1
e 26 45 1
t # 29972
v 0 1
v 1 1
v 2 1
v 3 1
v 4 2
v 5 2
v 6 3
v 7 3
v 8 3
v 9 3
v 10 3
v 11 3
v 12 3
v 13 3
v 14 3
v 15 3
v 16 3
v 17 3
v 18 3
v 19 3
v 20 3
v 21 3
v 22 3
v 23 3
v 24 3
v 25 3
v 26 3
v 27 3
v 28 4
v 29 4
v 30 4
v 31 4
v 32 4
v 33 4
v 34 4
v 35 4
v 36 4
v 37 4
v 38 4
v 39 4
v 40 4
v 41 4
v 42 4
v 43 4
v 44 4
v 45 4
v 46 4
v 47 4
e 0 12 1
e 0 22 1
e 1 10 2
e 2 17 1
e 2 26 1
e 3 17 2
e 4 6 1
e 4 7 1
e 4 10 1
e 5 6 1
e 5 8 1
e 5 13 1
e 6 9 2
e 7 8 1
e 7 14 2
e 8 15 2
e 9 12 1
e 9 17 1
e 10 11 1
e 11 12 2
e 11 16 1
e 13 28 1
e 13 29 1
e 13 30 1
e 14 18 1
e 14 31 1
e 15 19 1
e 15 32 1
e 16 20 2
e 16 21 1
e 18 19 2
e 18 33 1
e 19 34 1
e 20 23 1
e 20 35 1
e 21 24 2
e 21 36 1
e 22 37 1
e 22 38 1
e 22 39 1
e 23 25 2
e 23 40 1
e 24 25 1
e 24 41 1
e 25 42 1
e 26 27 1
e 26 43 1
e 26 44 1
e 27 45 1
e 27 46 1
e 27 47 1
t # 29973
v 0 1
v 1 1
v 2 2
v 3 2
v 4 2
v 5 2
v 6 3
v 7 3
v 8 3
v 9 3
v 10 3
v 11 3
v 12 3
v 13 3
v 14 3
v 15 3
v 16 3
v 17 3
v 18 3
v 19 3
v 20 3
v 21 4
v 22 4
v 23 4
v 24 4
v 25 4
v 26 4
v 27 4
v 28 4
v 29 4
v 30 4
v 31 4
v 32 4
v 33 4
v 34 4
e 0 11 2
e 1 16 2
e 2 6 1
e 2 8 1
e 2 11 1
e 3 7 1
e 3 8 1
e 3 15 1
e 4 11 1
e 4 16 1
e 4 19 1
e 6 7 2
e 6 9 1
e 7 10 1
e 8 14 2
e 9 12 2
e 9 21 1
e 10 13 2
e 10 22 1
e 12 13 1
e 12 17 1
e 13 18 1
e 14 16 1
e 14 20 1
e 15 23 1
e 15 24 1
e 15 25 1
e 17 26 1
e 17 27 1
e 17 28 1
e 18 29 1
e 18 30 1
e 18 31 1
e 19 32 1
e 19 33 1
e 19 34 1
t # 29974
v 0 1
v 1 1
v 2 2
v 3 2
v 4 2
v 5 3
v 6 3
v 7 3
v 8 3
v 9 3
v 10 3
v 11 3
v 12 3
v 13 3
v 14 3
v 15 3
v 16 3
v 17 3
v 18 3
v 19 3
v 20 3
v 21 3
v 22 3
v 23 3
v 24 3
v 25 3
v 26 3
v 27 3
v 28 4
v 29 4
v 30 4
v 31 4
v 32 4
v 33 4
v 34 4
v 35 4
v 36 4
v 37 4
v 38 4
v 39 4
v 40 4
v 41 4
v 42 4
v 43 4
v 44 4
v 45 4
v 46 4
v 47 4
v 48 4
e 0 12 1
e 0 21 1
e 1 9 2
e 2 5 1
e 2 6 1
e 2 9 1
e 3 5 1
e 3 7 1
e 3 11 1
e 5 10 2
e 6 7 1
e 6 14 2
e 7 15 2
e 8 9 1
e 8 12 2
e 8 13 1
e 10 12 1
e 10 20 1
e 11 16 1
e 11 28 1
e 11 29 1
e 13 19 1
e 13 30 1
e 13 31 1
e 14 17 1
e 14 32 1
e 15 18 1
e 15 33 1
e 16 34 1
e 16 35 1
e 16 36 1
e 17 18 2
e 17 37 1
e 18 38 1
e 19 22 2
e 19 23 1
e 21 26 1
e 21 39 1
e 21 40 1
e 22 24 1
e 22 41 1
e 23 25 2
e 23 42 1
e 24 27 2
e 24 43 1
e 25 27 1
e 25 44 1
e 26 45 1
e 26 46 1
e 26 47 1
e 27 48 1
t # 29975
v 0 1
v 1 1
v 2 2
v 3 2
v 4 2
v 5 2
v 6 3
v 7 3
v 8 3
v 9 3
v 10 3
v 11 3
v 12 3
v 13 3
v 14 3
v 15 3
v 16 3
v 17 3
v 18 3
v 19 3
v 20 3
v 21 3
v 22 3
v 23 4
v 24 4
v 25 4
v 26 4
v 27 4
v 28 4
v 29 4
v 30 4
v 31 4
v 32 4
v 33 4
v 34 4
v 35 4
v 36 4
v 37 4
v 38 4
v 39 4
v 40 4
e 0 10 2
e 1 16 2
e 2 6 1
e 2 7 1
e 2 9 1
e 3 7 1
e 3 8 1
e 3 10 1
e 4 10 1
e 4 16 1
e 4 17 1
e 6 8 2
e 6 11 1
e 7 13 2
e 8 12 1
e 9 18 1
e 9 23 1
e 9 24 1
e 11 14 2
e 11 25 1
e 12 15 2
e 12 26 1
e 13 16 1
e 13 22 1
e 14 15 1
e 14 19 1
e 15 20 1
e 17 21 1
e 17 27 1
e 17 28 1
e 18 29 1
e 18 30 1
e 18 31 1
e 19 32 1
e 19 33 1
e 19 34 1
e 20 35 1
e 20 36 1
e 20 37 1
e 21 38 1
e 21 39 1
e 21 40 1
t # 29976
v 0 1
v 1 1
v 2 1
v 3 2
v 4 2
v 5 2
v 6 2
v 7 3
v 8 3
v 9 3
v 10 3
v 11 3
v 12 3
v 13 3
v 14 3
v 15 3
v 16 3
v 17 3
v 18 3
v 19 3
v 20 3
v 21 3
v 22 3
v 23 3
v 24 3
v 25 3
v 26 3
v 27 3
v 28 3
v 29 3
v 30 4
v 31 4
v 32 4
v 33 4
v 34 4
v 35 4
v 36 4
v 37 4
v 38 4
v 39 4
v 40 4
v 41 4
v 42 4
v 43 4
v 44 4
v 45 4
v 46 4
v 47 4
v 48 4
v 49 4
e 0 17 1
e 0 26 1
e 1 10 2
e 2 26 2
e 3 7 1
e 3 8 1
e 3 10 1
e 4 8 1
e 4 9 1
e 4 30 1
e 5 26 1
e 5 28 1
e 5 29 1
e 7 9 2
e 7 11 1
e 8 12 2
e 9 14 1
e 10 13 1
e 11 15 2
e 11 31 1
e 12 17 1
e 12 23 1
e 13 17 2
e 13 18 1
e 14 16 2
e 14 32 1
e 15 16 1
e 15 19 1
e 16 20 1
e 18 21 2
e 18 22 1
e 19 33 1
e 19 34 1
e 19 35 1
e 20 36 1
e 20 37 1
e 20 38 1
e 21 24 1
e 21 39 1
e 22 25 2
e 22 40 1
e 24 27 2
e 24 41 1
e 25 27 1
e 25 42 1
e 27 43 1
e 28 44 1
e 28 45 1
e 28 46 1
e 29 47 1
e 29 48 1
e 29 49 1
t # 29977
v 0 1
v 1 1
v 2 2
v 3 2
v 4 2
v 5 2
v 6 3
v 7 3
v 8 3
v 9 3
v 10 3
v 11 3
v 12 3
v 13 3
v 14 3
v 15 3
v 16 3
v 17 3
v 18 3
v 19 4
v 20 4
v 21 4
v 22 4
v 23 4
v 24 4
v 25 4
v 26 4
v 27 4
v 28 4
e 0 9 2
e 1 14 2
e 2 6 1
e 2 7 1
e 2 9 1
e 3 6 1
e 3 8 1
e 3 12 1
e 4 9 1
e 4 14 1
e 4 17 1
e 6 10 2
e 7 8 1
e 7 11 2
e 8 13 2
e 10 14 1
e 10 18 1
e 11 15 1
e 11 19 1
e 12 20 1
e 12 21 1
e 12 22 1
e 13 16 1
e 13 23 1
e 15 16 2
e 15 24 1
e 16 25 1
e 17 26 1
e 17 27 1
e 17 28 1
t # 29978
v 0 1
v 1 1
v 2 2
v 3 2
v 4 2
v 5 2
v 6 3
v 7 3
v 8 3
v 9 3
v 10 3
v 11 3
v 12 3
v 13 3
v 14 3
v 15 3
v 16 3
v 17 3
v 18 3
v 19 3
v 20 3
v 21 4
v 22 4
v 23 4
v 24 4
v 25 4
v 26 4
v 27 4
v 28 4
v 29 4
v 30 4
v 31 4
v 32 4
v 33 4
v 34 4
e 0 10 2
e 1 12 2
e 2 6 1
e 2 7 1
e 2 9 1
e 3 6 1
e 3 8 1
e 3 10 1
e 4 10 1
e 4 12 1
e 4 15 1
e 6 11 2
e 7 8 1
e 7 13 2
e 8 14 2
e 9 16 1
e 9 21 1
e 9 22 1
e 11 12 1
e 11 20 1
e 13 17 1
e 13 23 1
e 14 18 1
e 14 24 1
e 15 19 1
e 15 25 1
e 15 26 1
e 16 27 1
e 16 28 1
e 16 29 1
e 17 18 2
e 17 30 1
e 18 31 1
e 19 32 1
e 19 33 1
e 19 34 1
t # 29979
v 0 1
v 1 1
v 2 1
v 3 2
v 4 2
v 5 2
v 6 2
v 7 3
v 8 3
v 9 3
v 10 3
v 11 3
v 12 3
v 13 3
v 14 3
v 15 3
v 16 3
v 17 3
v 18 3
v 19 3
v 20 3
v 21 3
v 22 3
v 23 3
v 24 3
v 25 4
v 26 4
v 27 4
v 28 4
v 29 4
v 30 4
v 31 4
v 32 4
v 33 4
v 34 4
v 35 4
v 36 4
v 37 4
v 38 4
v 39 4
v 40 4
v 41 4
v 42 4
e 0 17 1
e 0 22 1
e 1 11 2
e 2 22 2
e 3 7 1
e 3 8 1
e 3 11 1
e 4 8 1
e 4 9 1
e 4 25 1
e 5 22 1
e 5 23 1
e 5 24 1
e 7 9 2
e 7 10 1
e 8 12 2
e 9 13 1
e 10 14 2
e 10 26 1
e 11 16 1
e 12 17 1
e 12 21 1
e 13 15 2
e 13 27 1
e 14 15 1
e 14 18 1
e 15 19 1
e 16 17 2
e 16 20 1
e 18 28 1
e 18 29 1
e 18 30 1
e 19 31 1
e 19 32 1
e 19 33 1
e 20 34 1
e 20 35 1
e 20 36 1
e 23 37 1
e 23 38 1
e 23 39 1
e 24 40 1
e 24 41 1
e 24 42 1
t # 29980
v 0 1
v 1 1
v 2 1
v 3 1
v 4 2
v 5 2
v 6 3
v 7 3
v 8 3
v 9 3
v 10 3
v 11 3
v 12 3
v 13 3
v 14 3
v 15 3
v 16 3
v 17 3
v 18 3
v 19 3
v 20 3
v 21 3
v 22 3
v 23 4
v 24 4
v 25 4
v 26 4
v 27 4
v 28 4
v 29 4
v 30 4
v 31 4
v 32 4
v 33 4
v 34 4
v 35 4
v 36 4
v 37 4
v 38 4
v 39 4
v 40 4
e 0 10 1
e 0 35 1
e 1 20 1
e 1 21 1
e 2 16 2
e 3 20 2
e 4 6 1
e 4 7 1
e 4 10 1
e 5 7 1
e 5 8 1
e 5 23 1
e 6 8 2
e 6 11 1
e 7 9 2
e 8 12 1
e 9 16 1
e 9 20 1
e 10 15 2
e 11 13 2
e 11 24 1
e 12 14 2
e 12 25 1
e 13 14 1
e 13 17 1
e 14 19 1
e 15 16 1
e 15 18 1
e 17 26 1
e 17 27 1
e 17 28 1
e 18 29 1
e 18 30 1
e 18 31 1
e 19 32 1
e 19 33 1
e 19 34 1
e 21 22 1
e 21 36 1
e 21 37 1
e 22 38 1
e 22 39 1
e 22 40 1
t # 29981
v 0 1
v 1 1
v 2 2
v 3 2
v 4 2
v 5 3
v 6 3
v 7 3
v 8 3
v 9 3
v 10 3
v 11 3
v 12 3
v 13 3
v 14 3
v 15 3
v 16 3
v 17 3
v 18 3
v 19 3
v 20 4
v 21 4
v 22 4
v 23 4
v 24 4
v 25 4
v 26 4
v 27 4
v 28 4
v 29 4
v 30 4
v 31 4
v 32 4
e 0 9 1
e 0 32 1
e 1 15 2
e 2 5 1
e 2 7 1
e 2 9 1
e 3 6 1
e 3 7 1
e 3 20 1
e 5 6 2
e 5 8 1
e 6 10 1
e 7 13 2
e 8 11 2
e 8 21 1
e 9 14 2
e 10 12 2
e 10 22 1
e 11 12 1
e 11 16 1
e 12 17 1
e 13 15 1
e 13 19 1
e 14 15 1
e 14 18 1
e 16 23 1
e 16 24 1
e 16 25 1
e 17 26 1
e 17 27 1
e 17 28 1
e 18 29 1
e 18 30 1
e 18 31 1
t # 29982
v 0 1
v 1 1
v 2 1
v 3 1
v 4 2
v 5 2
v 6 3
v 7 3
v 8 3
v 9 3
v 10 3
v 11 3
v 12 3
v 13 3
v 14 3
v 15 3
v 16 3
v 17 3
v 18 3
v 19 3
v 20 3
v 21 3
v 22 3
v 23 3
v 24 3
v 25 3
v 26 3
v 27 3
v 28 3
v 29 4
v 30 4
v 31 4
v 32 4
v 33 4
v 34 4
v 35 4
v 36 4
v 37 4
v 38 4
v 39 4
v 40 4
v 41 4
v 42 4
v 43 4
v 44 4
v 45 4
v 46 4
v 47 4
v 48 4
v 49 4
v 50 4
e 0 9 1
e 0 40 1
e 1 14 2
e 2 19 1
e 2 26 1
e 3 19 2
e 4 6 1
e 4 7 1
e 4 9 1
e 5 7 1
e 5 8 1
e 5 29 1
e 6 8 2
e 6 12 1
e 7 11 2
e 8 13 1
e 9 10 2
e 10 14 1
e 10 17 1
e 11 14 1
e 11 19 1
e 12 15 2
e 12 30 1
e 13 16 2
e 13 31 1
e 15 16 1
e 15 20 1
e 16 21 1
e 17 18 1
e 17 32 1
e 17 33 1
e 18 22 2
e 18 23 1
e 20 34 1
e 20 35 1
e 20 36 1
e 21 37 1
e 21 38 1
e 21 39 1
e 22 24 1
e 22 41 1
e 23 25 2
e 23 42 1
e 24 27 2
e 24 43 1
e 25 27 1
e 25 44 1
e 26 28 1
e 26 45 1
e 26 46 1
e 27 47 1
e 28 48 1
e 28 49 1
e 28 50 1
t # 29983
v 0 1
v 1 1
v 2 2
v 3 2
v 4 2
v 5 3
v 6 3
v 7 3
v 8 3
v 9 3
v 10 3
v 11 3
v 12 3
v 13 3
v 14 3
v 15 3
v 16 3
v 17 3
v 18 3
v 19 3
v 20 3
v 21 4
v 22 4
v 23 4
v 24 4
v 25 4
v 26 4
v 27 4
v 28 4
v 29 4
v 30 4
v 31 4
v 32 4
v 33 4
v 34 4
v 35 4
e 0 8 1
e 0 35 1
e 1 15 2
e 2 5 1
e 2 6 1
e 2 8 1
e 3 6 1
e 3 7 1
e 3 21 1
e 5 7 2
e 5 10 1
e 6 11 2
e 7 12 1
e 8 9 2
e 9 15 1
e 9 16 1
e 10 13 2
e 10 22 1
e 11 15 1
e 11 20 1
e 12 14 2
e 12 23 1
e 13 14 1
e 13 17 1
e 14 18 1
e 16 19 1
e 16 24 1
e 16 25 1
e 17 26 1
e 17 27 1
e 17 28 1
e 18 29 1
e 18 30 1
e 18 31 1
e 19 32 1
e 19 33 1
e 19 34 1
t # 29984
v 0 11
v 1 11
v 2 1
v 3 1
v 4 1
v 5 1
v 6 2
v 7 2
v 8 3
v 9 3
v 10 3
v 11 3
v 12 3
v 13 3
v 14 3
v 15 3
v 16 3
v 17 3
v 18 4
v 19 4
v 20 4
v 21 4
v 22 4
v 23 4
v 24 4
v 25 4
v 26 4
v 27 4
e 0 8 1
e 0 14 1
e 1 4 2
e 1 14 1
e 1 17 1
e 2 13 2
e 3 16 1
e 3 27 1
e 5 16 2
e 6 8 1
e 6 10 1
e 6 11 1
e 7 9 1
e 7 14 2
e 8 9 2
e 9 13 1
e 10 15 1
e 10 18 1
e 10 19 1
e 11 12 2
e 11 20 1
e 12 13 1
e 12 16 1
e 15 21 1
e 15 22 1
e 15 23 1
e 17 24 1
e 17 25 1
e 17 26 1
t # 29985
v 0 1
v 1 1
v 2 1
v 3 2
v 4 2
v 5 2
v 6 3
v 7 3
v 8 3
v 9 3
v 10 3
v 11 3
v 12 3
v 13 3
v 14 3
v 15 3
v 16 3
v 17 3
v 18 3
v 19 4
v 20 4
v 21 4
v 22 4
v 23 4
v 24 4
v 25 4
v 26 4
v 27 4
v 28 4
v 29 4
v 30 4
v 31 4
e 0 8 2
e 1 9 2
e 2 15 2
e 3 4 1
e 3 8 1
e 3 10 1
e 4 9 1
e 4 19 1
e 5 15 1
e 5 30 1
e 5 31 1
e 6 7 2
e 6 8 1
e 6 9 1
e 7 11 1
e 7 12 1
e 10 13 2
e 10 14 1
e 11 15 1
e 11 20 1
e 11 21 1
e 12 22 1
e 12 23 1
e 12 24 1
e 13 16 1
e 13 25 1
e 14 17 2
e 14 26 1
e 16 18 2
e 16 27 1
e 17 18 1
e 17 28 1
e 18 29 1
t # 29986
v 0 1
v 1 1
v 2 1
v 3 1
v 4 2
v 5 2
v 6 2
v 7 3
v 8 3
v 9 3
v 10 3
v 11 3
v 12 3
v 13 3
v 14 3
v 15 3
v 16 3
v 17 3
v 18 3
v 19 3
v 20 3
v 21 3
v 22 3
v 23 3
v 24 3
v 25 3
v 26 3
v 27 4
v 28 4
v 29 4
v 30 4
v 31 4
v 32 4
v 33 4
v 34 4
v 35 4
v 36 4
v 37 4
v 38 4
v 39 4
v 40 4
v 41 4
v 42 4
v 43 4
v 44 4
v 45 4
e 0 10 2
e 1 11 2
e 2 14 2
e 3 25 1
e 3 26 1
e 4 5 1
e 4 10 1
e 4 12 1
e 5 11 1
e 5 29 1
e 6 14 1
e 6 17 1
e 6 35 1
e 7 8 2
e 7 10 1
e 7 11 1
e 8 9 1
e 8 13 1
e 9 14 1
e 9 27 1
e 9 28 1
e 12 15 2
e 12 16 1
e 13 30 1
e 13 31 1
e 13 32 1
e 15 18 1
e 15 33 1
e 16 19 2
e 16 34 1
e 17 21 2
e 17 22 1
e 18 20 2
e 18 36 1
e 19 20 1
e 19 37 1
e 20 38 1
e 21 23 1
e 21 39 1
e 22 24 2
e 22 40 1
e 23 25 2
e 23 41 1
e 24 25 1
e 24 42 1
e 26 43 1
e 26 44 1
e 26 45 1
t # 29987
v 0 1
v 1 1
v 2 1
v 3 1
v 4 1
v 5 1
v 6 3
v 7 3
v 8 3
v 9 3
v 10 3
v 11 3
v 12 3
v 13 3
v 14 3
v 15 3
v 16 3
v 17 3
v 18 3
v 19 3
v 20 3
v 21 3
v 22 4
v 23 4
v 24 4
v 25 4
v 26 4
v 27 4
v 28 4
v 29 4
v 30 4
v 31 4
v 32 4
v 33 4
v 34 4
v 35 4
v 36 4
v 37 4
e 0 8 1
e 0 10 1
e 1 13 1
e 1 17 1
e 2 16 1
e 2 19 1
e 3 13 2
e 4 16 1
e 4 34 1
e 5 15 2
e 6 7 1
e 6 9 1
e 6 11 1
e 6 22 1
e 7 8 1
e 7 23 1
e 7 24 1
e 8 12 1
e 8 25 1
e 9 10 2
e 9 13 1
e 10 14 1
e 11 26 1
e 11 27 1
e 11 28 1
e 12 15 1
e 12 16 2
e 14 17 2
e 14 29 1
e 15 18 1
e 17 20 1
e 18 19 2
e 18 30 1
e 19 21 1
e 20 31 1
e 20 32 1
e 20 33 1
e 21 35 1
e 21 36 1
e 21 37 1
t # 29988
v 0 8
v 1 8
v 2 1
v 3 1
v 4 2
v 5 2
v 6 3
v 7 3
v 8 3
v 9 3
v 10 3
v 11 3
v 12 3
v 13 3
v 14 3
v 15 3
v 16 3
v 17 3
v 18 3
v 19 3
v 20 3
v 21 4
v 22 4
v 23 4
v 24 4
v 25 4
v 26 4
v 27 4
v 28 4
v 29 4
v 30 4
v 31 4
v 32 4
v 33 4
v 34 4
v 35 4
v 36 4
e 3 7 2
e 4 7 1
e 4 9 1
e 5 7 1
e 5 10 1
e 6 11 2
e 6 12 1
e 8 13 2
e 8 14 1
e 9 21 1
e 9 22 1
e 9 23 1
e 10 24 1
e 10 25 1
e 10 26 1
e 11 15 1
e 11 27 1
e 12 16 2
e 12 28 1
e 13 17 1
e 13 29 1
e 14 18 2
e 14 30 1
e 15 19 2
e 15 31 1
e 16 19 1
e 16 32 1
e 17 20 2
e 17 33 1
e 18 20 1
e 18 34 1
e 19 35 1
e 20 36 1
t # 29989
v 0 27
v 1 2
v 2 2
v 3 2
v 4 2
v 5 2
v 6 3
v 7 3
v 8 3
v 9 3
v 10 3
v 11 3
v 12 3
v 13 3
v 14 3
v 15 3
v 16 3
v 17 3
v 18 3
v 19 3
v 20 3
v 21 3
v 22 3
v 23 3
v 24 3
v 25 3
v 26 4
v 27 4
v 28 4
v 29 4
v 30 4
v 31 4
v 32 4
v 33 4
v 34 4
v 35 4
v 36 4
v 37 4
v 38 4
v 39 4
v 40 4
v 41 4
v 42 4
v 43 4
v 44 4
v 45 4
v 46 4
v 47 4
v 48 4
v 49 4
v 50 4
v 51 4
v 52 4
v 53 4
v 54 4
v 55 4
v 56 4
v 57 4
e 1 6 2
e 1 8 1
e 1 17 1
e 2 7 1
e 2 9 1
e 2 35 1
e 3 7 1
e 3 10 1
e 3 36 1
e 4 12 1
e 4 22 1
e 4 23 1
e 5 13 1
e 5 24 1
e 5 25 1
e 6 11 1
e 6 15 1
e 7 11 2
e 8 14 1
e 8 18 2
e 9 12 1
e 9 26 1
e 9 27 1
e 10 13 1
e 10 28 1
e 10 29 1
e 11 30 1
e 12 31 1
e 12 32 1
e 13 33 1
e 13 34 1
e 14 16 1
e 14 19 2
e 15 16 2
e 15 37 1
e 16 38 1
e 17 39 1
e 17 40 1
e 17 41 1
e 18 20 1
e 18 42 1
e 19 21 1
e 19 43 1
e 20 21 2
e 20 44 1
e 21 45 1
e 22 46 1
e 22 47 1
e 22 48 1
e 23 49 1
e 23 50 1
e 23 51 1
e 24 52 1
e 24 53 1
e 24 54 1
e 25 55 1
e 25 56 1
e 25 57 1
t # 29990
v 0 11
v 1 11
v 2 2
v 3 2
v 4 3
v 5 3
v 6 3
v 7 3
v 8 3
v 9 3
v 10 3
v 11 3
v 12 3
v 13 3
v 14 3
v 15 3
v 16 4
v 17 4
v 18 4
v 19 4
v 20 4
v 21 4
v 22 4
v 23 4
e 0 7 1
e 0 12 1
e 2 5 1
e 2 7 1
e 2 9 1
e 3 7 2
e 3 8 1
e 4 5 1
e 4 6 1
e 4 8 2
e 6 10 2
e 6 11 1
e 8 16 1
e 9 12 2
e 9 17 1
e 10 13 1
e 10 18 1
e 11 14 2
e 11 19 1
e 12 20 1
e 13 15 2
e 13 21 1
e 14 15 1
e 14 22 1
e 15 23 1
t # 29991
v 0 11
v 1 11
v 2 2
v 3 2
v 4 2
v 5 3
v 6 3
v 7 3
v 8 3
v 9 3
v 10 3
v 11 3
v 12 3
v 13 3
v 14 3
v 15 3
v 16 3
v 17 3
v 18 3
v 19 4
v 20 4
v 21 4
v 22 4
v 23 4
v 24 4
v 25 4
v 26 4
v 27 4
v 28 4
v 29 4
v 30 4
v 31 4
v 32 4
v 33 4
e 0 8 1
e 0 15 1
e 2 6 1
e 2 13 1
e 2 22 1
e 3 13 1
e 3 16 2
e 4 13 2
e 4 17 1
e 5 6 1
e 5 7 1
e 5 8 1
e 5 19 1
e 6 20 1
e 6 21 1
e 7 9 2
e 7 10 1
e 9 11 1
e 9 23 1
e 10 12 2
e 10 24 1
e 11 14 2
e 11 25 1
e 12 14 1
e 12 26 1
e 14 27 1
e 15 28 1
e 15 29 1
e 15 30 1
e 16 18 1
e 16 31 1
e 17 18 2
e 17 32 1
e 18 33 1
t # 29992
v 0 1
v 1 1
v 2 1
v 3 2
v 4 3
v 5 3
v 6 3
v 7 3
v 8 3
v 9 3
v 10 4
v 11 4
v 12 4
v 13 4
v 14 4
v 15 4
v 16 4
v 17 4
v 18 4
v 19 4
v 20 4
v 21 4
v 22 4
e 0 5 1
e 0 21 1
e 1 9 1
e 1 22 1
e 2 9 2
e 3 6 1
e 3 19 1
e 3 20 1
e 4 5 1
e 4 6 1
e 4 7 1
e 4 10 1
e 5 8 1
e 5 11 1
e 6 9 1
e 6 12 1
e 7 13 1
e 7 14 1
e 7 15 1
e 8 16 1
e 8 17 1
e 8 18 1
t # 29993
v 0 1
v 1 1
v 2 1
v 3 2
v 4 3
v 5 3
v 6 3
v 7 3
v 8 3
v 9 3
v 10 3
v 11 4
v 12 4
v 13 4
v 14 4
v 15 4
v 16 4
v 17 4
v 18 4
v 19 4
v 20 4
v 21 4
v 22 4
v 23 4
v 24 4
v 25 4
e 0 6 1
e 0 7 1
e 1 6 1
e 1 8 1
e 5 2 1
e 2 25 1
e 3 4 1
e 3 23 1
e 3 24 1
e 4 5 1
e 4 7 1
e 4 11 1
e 5 8 1
e 5 12 1
e 6 9 1
e 6 10 1
e 7 13 1
e 7 14 1
e 8 15 1
e 8 16 1
e 9 17 1
e 9 18 1
e 9 19 1
e 10 20 1
e 10 21 1
e 10 22 1
t # 29994
v 0 1
v 1 1
v 2 1
v 3 2
v 4 3
v 5 3
v 6 3
v 7 3
v 8 3
v 9 3
v 10 3
v 11 4
v 12 4
v 13 4
v 14 4
v 15 4
v 16 4
v 17 4
v 18 4
v 19 4
v 20 4
v 21 4
v 22 4
v 23 4
v 24 4
v 25 4
e 0 6 1
e 0 7 1
e 1 6 1
e 1 8 1
e 5 2 1
e 2 25 1
e 4 3 1
e 3 23 1
e 3 24 1
e 4 5 1
e 4 7 1
e 4 11 1
e 5 8 1
e 5 12 1
e 6 9 1
e 6 10 1
e 7 13 1
e 7 14 1
e 8 15 1
e 8 16 1
e 9 17 1
e 9 18 1
e 9 19 1
e 10 20 1
e 10 21 1
e 10 22 1
t # 29995
v 0 12
v 1 1
v 2 2
v 3 2
v 4 3
v 5 3
v 6 3
v 7 3
v 8 3
v 9 3
v 10 3
v 11 3
v 12 3
v 13 3
v 14 3
v 15 4
v 16 4
v 17 4
v 18 4
v 19 4
v 20 4
v 21 4
v 22 4
v 23 4
v 24 4
v 25 4
v 26 4
v 27 4
v 28 4
v 29 4
e 1 14 2
e 2 8 1
e 2 13 1
e 2 22 1
e 3 14 1
e 3 27 1
e 3 28 1
e 4 5 1
e 4 6 1
e 4 8 1
e 4 15 1
e 5 7 1
e 5 16 1
e 5 17 1
e 6 7 1
e 6 9 2
e 7 10 2
e 8 18 1
e 8 19 1
e 9 11 1
e 9 20 1
e 10 12 1
e 10 21 1
e 11 12 2
e 11 23 1
e 12 24 1
e 13 14 1
e 13 25 1
e 13 26 1
t # 29996
v 0 1
v 1 1
v 2 2
v 3 3
v 4 3
v 5 3
v 6 3
v 7 3
v 8 3
v 9 3
v 10 3
v 11 3
v 12 3
v 13 3
v 14 3
v 15 3
v 16 3
v 17 3
v 18 3
v 19 4
v 20 4
v 21 4
v 22 4
v 23 4
v 24 4
v 25 4
v 26 4
v 27 4
v 28 4
v 29 4
v 30 4
v 31 4
v 32 4
v 33 4
e 0 7 1
e 1 10 2
e 2 6 1
e 2 10 1
e 3 4 1
e 3 5 1
e 3 19 1
e 3 20 1
e 4 7 1
e 4 21 1
e 4 22 1
e 5 6 1
e 5 8 2
e 6 9 2
e 7 23 1
e 7 24 1
e 8 11 1
e 8 25 1
e 9 12 1
e 9 26 1
e 10 13 1
e 11 12 2
e 11 27 1
e 12 28 1
e 13 14 2
e 13 15 1
e 14 16 1
e 14 29 1
e 15 17 2
e 15 30 1
e 16 18 2
e 16 31 1
e 17 18 1
e 17 32 1
e 18 33 1
t # 29997
v 0 1
v 1 1
v 2 2
v 3 3
v 4 3
v 5 3
v 6 3
v 7 3
v 8 3
v 9 3
v 10 3
v 11 3
v 12 3
v 13 4
v 14 4
v 15 4
v 16 4
v 17 4
v 18 4
v 19 4
v 20 4
v 21 4
v 22 4
v 23 4
e 0 6 1
e 1 10 2
e 2 5 1
e 2 10 1
e 3 4 1
e 3 6 1
e 3 13 1
e 3 14 1
e 4 5 1
e 4 7 2
e 5 8 2
e 6 15 1
e 6 16 1
e 7 9 1
e 7 17 1
e 8 11 1
e 8 18 1
e 9 11 2
e 9 19 1
e 10 12 1
e 11 20 1
e 12 21 1
e 12 22 1
e 12 23 1
t # 29998
v 0 1
v 1 1
v 2 2
v 3 3
v 4 3
v 5 3
v 6 3
v 7 3
v 8 3
v 9 3
v 10 3
v 11 3
v 12 3
v 13 3
v 14 3
v 15 3
v 16 3
v 17 3
v 18 4
v 19 4
v 20 4
v 21 4
v 22 4
v 23 4
v 24 4
v 25 4
v 26 4
v 27 4
v 28 4
v 29 4
v 30 4
e 0 6 1
e 1 9 2
e 2 5 1
e 2 9 1
e 3 4 1
e 3 6 1
e 3 18 1
e 3 19 1
e 4 5 1
e 4 7 2
e 5 8 2
e 6 20 1
e 6 21 1
e 7 10 1
e 7 22 1
e 8 11 1
e 8 23 1
e 9 12 1
e 10 11 2
e 10 24 1
e 11 25 1
e 12 13 2
e 12 14 1
e 13 15 1
e 13 26 1
e 14 16 2
e 14 27 1
e 15 17 2
e 15 28 1
e 16 17 1
e 16 29 1
e 17 30 1
t # 29999
v 0 1
v 1 2
v 2 2
v 3 2
v 4 3
v 5 3
v 6 3
v 7 3
v 8 3
v 9 3
v 10 3
v 11 3
v 12 3
v 13 3
v 14 3
v 15 3
v 16 3
v 17 3
v 18 3
v 19 3
v 20 3
v 21 4
v 22 4
v 23 4
v 24 4
v 25 4
v 26 4
v 27 4
v 28 4
v 29 4
v 30 4
v 31 4
e 0 11 2
e 1 4 1
e 1 5 1
e 1 21 1
e 2 9 2
e 2 11 1
e 3 17 2
e 3 20 1
e 4 7 1
e 4 10 2
e 5 6 2
e 5 11 1
e 6 9 1
e 6 12 1
e 7 8 2
e 7 14 1
e 8 13 1
e 8 17 1
e 9 16 1
e 10 15 1
e 10 22 1
e 12 18 2
e 12 23 1
e 13 15 2
e 13 24 1
e 14 20 2
e 14 25 1
e 15 26 1
e 16 19 2
e 16 27 1
e 17 28 1
e 18 19 1
e 18 29 1
e 19 30 1
e 20 31 1
