t # 37300
v 0 12
v 1 12
v 2 1
v 3 1
v 4 1
v 5 1
v 6 2
v 7 2
v 8 3
v 9 3
v 10 3
v 11 3
v 12 3
v 13 3
v 14 3
v 15 3
v 16 3
v 17 3
v 18 3
v 19 3
v 20 3
v 21 4
v 22 4
v 23 4
v 24 4
v 25 4
v 26 4
e 0 17 1
e 1 18 1
e 2 8 1
e 2 10 1
e 3 14 1
e 3 17 1
e 4 12 2
e 5 14 2
e 6 10 1
e 6 11 1
e 6 21 1
e 7 10 2
e 7 12 1
e 8 9 2
e 8 13 1
e 9 12 1
e 9 14 1
e 11 15 2
e 11 16 1
e 13 17 2
e 13 22 1
e 15 18 1
e 15 23 1
e 16 19 2
e 16 24 1
e 18 20 2
e 19 20 1
e 19 25 1
e 20 26 1
t # 37301
v 0 11
v 1 11
v 2 11
v 3 11
v 4 11
v 5 2
v 6 2
v 7 2
v 8 2
v 9 3
v 10 3
v 11 3
v 12 3
v 13 3
v 14 3
v 15 3
v 16 3
v 17 3
v 18 3
v 19 3
v 20 3
v 21 3
v 22 3
v 23 4
v 24 4
v 25 4
v 26 4
v 27 4
v 28 4
v 29 4
v 30 4
v 31 4
v 32 4
v 33 4
v 34 4
v 35 4
v 36 4
v 37 4
v 38 4
v 39 4
v 40 4
v 41 4
v 42 4
e 0 17 1
e 0 19 1
e 1 18 1
e 1 20 1
e 2 19 1
e 5 9 1
e 5 10 1
e 5 17 1
e 6 11 1
e 6 12 1
e 6 18 1
e 7 20 2
e 9 13 1
e 9 23 1
e 9 24 1
e 10 14 1
e 10 25 1
e 10 26 1
e 11 15 1
e 11 27 1
e 11 28 1
e 12 16 1
e 12 29 1
e 12 30 1
e 13 31 1
e 13 32 1
e 13 33 1
e 14 34 1
e 14 35 1
e 14 36 1
e 15 37 1
e 15 38 1
e 15 39 1
e 16 40 1
e 16 41 1
e 16 42 1
e 19 21 2
e 20 21 1
e 21 22 1
t # 37302
v 0 12
v 1 11
v 2 1
v 3 1
v 4 2
v 5 2
v 6 2
v 7 3
v 8 3
v 9 3
v 10 3
v 11 3
v 12 3
v 13 3
v 14 3
v 15 3
v 16 3
v 17 3
v 18 3
v 19 3
v 20 3
v 21 3
v 22 3
v 23 4
v 24 4
v 25 4
v 26 4
v 27 4
v 28 4
v 29 4
v 30 4
v 31 4
v 32 4
v 33 4
v 34 4
v 35 4
v 36 4
e 0 17 1
e 1 10 1
e 1 14 1
e 4 7 1
e 4 8 1
e 4 10 1
e 5 9 1
e 5 10 2
e 6 22 1
e 7 9 1
e 7 23 1
e 7 24 1
e 8 11 1
e 8 25 1
e 8 26 1
e 9 27 1
e 9 28 1
e 11 12 2
e 11 13 1
e 12 15 1
e 12 29 1
e 13 16 2
e 13 30 1
e 14 17 2
e 14 18 1
e 15 19 2
e 15 31 1
e 16 19 1
e 16 32 1
e 17 20 1
e 18 21 2
e 18 33 1
e 19 34 1
e 20 22 2
e 20 35 1
e 21 22 1
e 21 36 1
t # 37303
v 0 11
v 1 1
v 2 1
v 3 1
v 4 1
v 5 1
v 6 2
v 7 2
v 8 2
v 9 2
v 10 2
v 11 3
v 12 3
v 13 3
v 14 3
v 15 3
v 16 3
v 17 3
v 18 3
v 19 3
v 20 3
v 21 3
v 22 3
v 23 3
v 24 3
v 25 3
v 26 3
v 27 3
v 28 4
v 29 4
v 30 4
v 31 4
v 32 4
v 33 4
v 34 4
v 35 4
v 36 4
v 37 4
v 38 4
v 39 4
v 40 4
v 41 4
v 42 4
e 0 1 2
e 0 2 2
e 0 11 1
e 3 18 1
e 3 21 1
e 6 12 1
e 6 28 1
e 7 9 1
e 7 16 1
e 7 35 1
e 8 15 1
e 9 22 2
e 10 23 1
e 10 27 2
e 11 13 2
e 11 14 1
e 12 18 1
e 12 29 1
e 12 30 1
e 13 15 1
e 13 31 1
e 14 17 2
e 14 32 1
e 15 16 2
e 16 17 1
e 17 33 1
e 18 19 2
e 19 20 1
e 19 34 1
e 20 21 2
e 20 36 1
e 21 37 1
e 22 23 1
e 22 38 1
e 23 24 2
e 24 25 1
e 24 39 1
e 25 26 2
e 25 40 1
e 26 27 1
e 26 41 1
e 27 42 1
t # 37304
v 0 1
v 1 1
v 2 1
v 3 1
v 4 1
v 5 2
v 6 2
v 7 2
v 8 3
v 9 3
v 10 3
v 11 3
v 12 3
v 13 3
v 14 3
v 15 3
v 16 3
v 17 3
v 18 3
v 19 3
v 20 3
v 21 3
v 22 3
v 23 3
v 24 3
v 25 4
v 26 4
v 27 4
v 28 4
v 29 4
v 30 4
v 31 4
v 32 4
v 33 4
v 34 4
v 35 4
v 36 4
v 37 4
v 38 4
v 39 4
e 0 13 1
e 0 21 1
e 1 14 1
e 1 22 1
e 2 16 1
e 2 23 1
e 3 17 1
e 3 24 1
e 4 18 2
e 5 17 1
e 5 18 1
e 5 27 1
e 8 9 1
e 8 10 2
e 8 11 1
e 9 12 1
e 9 15 2
e 10 14 1
e 10 25 1
e 11 13 2
e 11 26 1
e 12 17 2
e 12 19 1
e 13 16 1
e 14 16 2
e 15 18 1
e 15 20 1
e 21 28 1
e 21 29 1
e 21 30 1
e 22 31 1
e 22 32 1
e 22 33 1
e 23 34 1
e 23 35 1
e 23 36 1
e 24 37 1
e 24 38 1
e 24 39 1
t # 37305
v 0 12
v 1 11
v 2 1
v 3 1
v 4 1
v 5 1
v 6 2
v 7 2
v 8 2
v 9 2
v 10 3
v 11 3
v 12 3
v 13 3
v 14 3
v 15 3
v 16 3
v 17 3
v 18 3
v 19 3
v 20 3
v 21 3
v 22 3
v 23 3
v 24 3
v 25 3
v 26 3
v 27 3
v 28 3
v 29 4
v 30 4
v 31 4
v 32 4
v 33 4
v 34 4
v 35 4
v 36 4
v 37 4
v 38 4
v 39 4
v 40 4
v 41 4
v 42 4
v 43 4
v 44 4
v 45 4
v 46 4
v 47 4
v 48 4
v 49 4
e 0 22 1
e 1 15 1
e 1 21 1
e 2 18 1
e 2 27 1
e 3 20 1
e 3 28 1
e 6 10 1
e 6 12 1
e 6 13 1
e 7 12 1
e 7 15 1
e 7 37 1
e 8 13 1
e 8 15 2
e 9 26 1
e 10 11 1
e 10 29 1
e 10 30 1
e 11 14 1
e 11 31 1
e 11 32 1
e 12 33 1
e 12 34 1
e 13 35 1
e 13 36 1
e 14 16 2
e 14 17 1
e 16 18 1
e 16 38 1
e 17 19 2
e 17 39 1
e 18 20 2
e 19 20 1
e 19 40 1
e 21 22 2
e 21 23 1
e 22 24 1
e 23 25 2
e 23 41 1
e 24 26 2
e 24 42 1
e 25 26 1
e 25 43 1
e 27 44 1
e 27 45 1
e 27 46 1
e 28 47 1
e 28 48 1
e 28 49 1
t # 37306
v 0 14
v 1 14
v 2 14
v 3 14
v 4 14
v 5 14
v 6 1
v 7 1
v 8 2
v 9 2
v 10 2
v 11 2
v 12 2
v 13 3
v 14 3
v 15 3
v 16 3
v 17 3
v 18 3
v 19 3
v 20 3
v 21 3
v 22 3
v 23 3
v 24 3
v 25 3
v 26 3
v 27 3
v 28 3
v 29 3
v 30 3
v 31 3
v 32 3
v 33 3
v 34 3
v 35 3
v 36 3
v 37 4
v 38 4
v 39 4
v 40 4
v 41 4
v 42 4
v 43 4
v 44 4
v 45 4
v 46 4
v 47 4
v 48 4
v 49 4
v 50 4
v 51 4
v 52 4
v 53 4
e 6 19 1
e 7 16 2
e 8 9 1
e 8 13 1
e 8 16 1
e 9 17 2
e 10 15 1
e 11 18 2
e 12 23 1
e 13 15 2
e 13 20 1
e 14 16 1
e 14 18 1
e 14 19 2
e 15 17 1
e 17 22 1
e 18 21 1
e 19 24 1
e 20 37 1
e 20 38 1
e 20 39 1
e 21 29 2
e 21 30 1
e 22 40 1
e 22 41 1
e 22 42 1
e 23 27 2
e 23 28 1
e 24 43 1
e 24 44 1
e 24 45 1
e 25 28 2
e 25 31 1
e 25 32 1
e 26 27 1
e 26 31 2
e 26 33 1
e 27 46 1
e 28 47 1
e 29 34 1
e 29 49 1
e 30 35 2
e 30 50 1
e 31 48 1
e 34 36 2
e 34 51 1
e 35 36 1
e 35 52 1
e 36 53 1
t # 37307
v 0 1
v 1 1
v 2 2
v 3 3
v 4 3
v 5 3
v 6 3
v 7 3
v 8 3
v 9 3
v 10 3
v 11 3
v 12 3
v 13 3
v 14 3
v 15 3
v 16 3
v 17 3
v 18 3
v 19 3
v 20 4
v 21 4
v 22 4
v 23 4
v 24 4
v 25 4
v 26 4
v 27 4
v 28 4
v 29 4
v 30 4
v 31 4
v 32 4
v 33 4
v 34 4
v 35 4
v 36 4
v 37 4
v 38 4
v 39 4
v 40 4
v 41 4
v 42 4
e 0 3 1
e 0 15 1
e 1 7 1
e 1 38 1
e 2 3 1
e 2 10 1
e 2 11 1
e 3 4 1
e 3 5 1
e 4 6 1
e 4 7 1
e 4 20 1
e 5 8 1
e 5 21 1
e 5 22 1
e 6 9 1
e 6 23 1
e 6 24 1
e 7 14 1
e 7 25 1
e 8 9 1
e 8 26 1
e 8 27 1
e 9 28 1
e 9 29 1
e 10 12 1
e 10 30 1
e 10 31 1
e 11 13 1
e 11 32 1
e 11 33 1
e 12 13 1
e 12 34 1
e 12 35 1
e 13 36 1
e 13 37 1
e 14 15 1
e 14 16 2
e 15 17 2
e 16 18 1
e 16 39 1
e 17 19 1
e 17 40 1
e 18 19 2
e 18 41 1
e 19 42 1
t # 37308
v 0 12
v 1 11
v 2 1
v 3 1
v 4 2
v 5 2
v 6 2
v 7 2
v 8 3
v 9 3
v 10 3
v 11 3
v 12 3
v 13 3
v 14 3
v 15 3
v 16 3
v 17 3
v 18 4
v 19 4
v 20 4
v 21 4
v 22 4
v 23 4
v 24 4
v 25 4
v 26 4
v 27 4
v 28 4
e 0 17 1
e 1 10 1
e 1 12 1
e 4 8 1
e 4 9 1
e 4 11 1
e 5 8 1
e 5 10 1
e 5 22 1
e 6 9 1
e 6 10 2
e 7 13 1
e 8 18 1
e 8 19 1
e 9 20 1
e 9 21 1
e 11 23 1
e 11 24 1
e 11 25 1
e 12 13 2
e 12 14 1
e 13 15 1
e 14 16 2
e 14 26 1
e 15 17 2
e 15 27 1
e 16 17 1
e 16 28 1
t # 37309
v 0 12
v 1 12
v 2 1
v 3 1
v 4 2
v 5 2
v 6 2
v 7 3
v 8 3
v 9 3
v 10 3
v 11 3
v 12 3
v 13 3
v 14 3
v 15 3
v 16 3
v 17 3
v 18 3
v 19 3
v 20 3
v 21 3
v 22 3
v 23 3
v 24 3
v 25 3
v 26 3
v 27 3
v 28 4
v 29 4
v 30 4
v 31 4
v 32 4
v 33 4
v 34 4
v 35 4
v 36 4
v 37 4
v 38 4
v 39 4
v 40 4
v 41 4
v 42 4
v 43 4
v 44 4
e 0 21 1
e 1 22 1
e 2 10 2
e 3 14 1
e 3 41 1
e 4 7 1
e 4 8 1
e 4 10 1
e 5 7 1
e 5 11 1
e 5 31 1
e 6 18 1
e 6 26 2
e 7 9 1
e 7 28 1
e 8 13 1
e 8 29 1
e 8 30 1
e 9 14 2
e 9 15 1
e 10 12 1
e 11 12 1
e 11 16 2
e 12 17 2
e 13 18 1
e 13 32 1
e 13 33 1
e 14 21 1
e 15 22 2
e 15 34 1
e 16 19 1
e 16 35 1
e 17 20 1
e 17 36 1
e 18 24 2
e 19 20 2
e 19 37 1
e 20 38 1
e 21 23 2
e 22 23 1
e 23 39 1
e 24 25 1
e 24 40 1
e 25 27 2
e 25 42 1
e 26 27 1
e 26 43 1
e 27 44 1
t # 37310
v 0 12
v 1 11
v 2 1
v 3 1
v 4 2
v 5 2
v 6 2
v 7 3
v 8 3
v 9 3
v 10 3
v 11 3
v 12 3
v 13 3
v 14 3
v 15 3
v 16 4
v 17 4
v 18 4
v 19 4
v 20 4
v 21 4
v 22 4
v 23 4
e 0 11 1
e 1 9 1
e 1 10 1
e 4 7 1
e 4 9 1
e 4 20 1
e 5 8 1
e 5 9 2
e 6 13 1
e 7 8 1
e 7 16 1
e 7 17 1
e 8 18 1
e 8 19 1
e 10 11 2
e 10 12 1
e 11 14 1
e 12 15 2
e 12 21 1
e 13 14 2
e 13 15 1
e 14 22 1
e 15 23 1
t # 37311
v 0 1
v 1 1
v 2 1
v 3 2
v 4 2
v 5 3
v 6 3
v 7 3
v 8 3
v 9 3
v 10 3
v 11 3
v 12 3
v 13 3
v 14 3
v 15 3
v 16 4
v 17 4
v 18 4
v 19 4
v 20 4
v 21 4
v 22 4
v 23 4
v 24 4
v 25 4
v 26 4
v 27 4
v 28 4
v 29 4
v 30 4
v 31 4
e 0 11 1
e 0 13 1
e 1 11 2
e 2 12 2
e 3 5 1
e 3 7 1
e 3 10 1
e 4 6 1
e 4 12 1
e 4 23 1
e 5 6 2
e 5 9 1
e 6 8 1
e 7 8 2
e 7 11 1
e 8 16 1
e 9 17 1
e 9 18 1
e 9 19 1
e 10 20 1
e 10 21 1
e 10 22 1
e 12 14 1
e 13 15 1
e 13 24 1
e 13 25 1
e 14 26 1
e 14 27 1
e 14 28 1
e 15 29 1
e 15 30 1
e 15 31 1
t # 37312
v 0 1
v 1 1
v 2 1
v 3 2
v 4 2
v 5 3
v 6 3
v 7 3
v 8 3
v 9 3
v 10 3
v 11 3
v 12 3
v 13 3
v 14 3
v 15 4
v 16 4
v 17 4
v 18 4
v 19 4
v 20 4
v 21 4
v 22 4
v 23 4
v 24 4
v 25 4
v 26 4
v 27 4
v 28 4
e 0 10 1
e 0 11 1
e 1 10 2
e 2 12 2
e 3 5 1
e 3 7 1
e 3 9 1
e 4 6 1
e 4 12 1
e 4 20 1
e 5 8 2
e 5 10 1
e 6 7 2
e 6 8 1
e 7 15 1
e 8 16 1
e 9 17 1
e 9 18 1
e 9 19 1
e 11 13 1
e 11 21 1
e 11 22 1
e 12 14 1
e 13 23 1
e 13 24 1
e 13 25 1
e 14 26 1
e 14 27 1
e 14 28 1
t # 37313
v 0 11
v 1 1
v 2 1
v 3 1
v 4 2
v 5 2
v 6 2
v 7 3
v 8 3
v 9 3
v 10 3
v 11 3
v 12 3
v 13 3
v 14 3
v 15 4
v 16 4
v 17 4
v 18 4
v 19 4
v 20 4
v 21 4
v 22 4
v 23 4
v 24 4
v 25 4
e 0 8 1
e 0 12 1
e 3 13 2
e 4 11 1
e 4 12 2
e 5 12 1
e 5 13 1
e 5 22 1
e 6 11 1
e 7 8 1
e 7 9 1
e 7 10 1
e 7 15 1
e 8 11 2
e 9 16 1
e 9 17 1
e 9 18 1
e 10 19 1
e 10 20 1
e 10 21 1
e 13 14 1
e 14 23 1
e 14 24 1
e 14 25 1
t # 37314
v 0 11
v 1 1
v 2 1
v 3 1
v 4 1
v 5 2
v 6 2
v 7 2
v 8 3
v 9 3
v 10 3
v 11 3
v 12 3
v 13 3
v 14 3
v 15 3
v 16 3
v 17 3
v 18 3
v 19 4
v 20 4
v 21 4
v 22 4
v 23 4
v 24 4
v 25 4
v 26 4
v 27 4
v 28 4
v 29 4
v 30 4
v 31 4
e 0 8 1
e 0 13 1
e 1 14 1
e 1 17 1
e 2 15 1
e 2 16 1
e 3 14 2
e 4 15 2
e 5 8 1
e 5 10 1
e 5 12 1
e 6 9 1
e 6 13 2
e 7 13 1
e 7 15 1
e 7 23 1
e 8 9 2
e 9 11 1
e 10 11 2
e 10 14 1
e 11 19 1
e 12 20 1
e 12 21 1
e 12 22 1
e 16 18 1
e 16 24 1
e 16 25 1
e 17 29 1
e 17 30 1
e 17 31 1
e 18 26 1
e 18 27 1
e 18 28 1
t # 37315
v 0 1
v 1 1
v 2 2
v 3 2
v 4 3
v 5 3
v 6 3
v 7 3
v 8 3
v 9 3
v 10 4
v 11 4
v 12 4
v 13 4
v 14 4
v 15 4
v 16 4
v 17 4
e 2 4 1
e 2 6 1
e 2 9 1
e 3 5 1
e 4 5 2
e 4 8 1
e 5 7 1
e 6 7 2
e 6 10 1
e 7 11 1
e 8 12 1
e 8 13 1
e 8 14 1
e 9 15 1
e 9 16 1
e 9 17 1
t # 37316
v 0 1
v 1 1
v 2 1
v 3 1
v 4 2
v 5 2
v 6 2
v 7 3
v 8 3
v 9 3
v 10 3
v 11 3
v 12 4
v 13 4
v 14 4
v 15 4
v 16 4
e 4 9 1
e 4 10 1
e 4 11 1
e 5 7 1
e 6 8 1
e 7 8 1
e 7 9 2
e 8 10 2
e 9 12 1
e 10 13 1
e 11 14 1
e 11 15 1
e 11 16 1
t # 37317
v 0 11
v 1 1
v 2 1
v 3 1
v 4 2
v 5 2
v 6 2
v 7 3
v 8 3
v 9 3
v 10 3
v 11 3
v 12 3
v 13 3
v 14 3
v 15 3
v 16 4
v 17 4
v 18 4
v 19 4
v 20 4
v 21 4
v 22 4
v 23 4
v 24 4
v 25 4
v 26 4
v 27 4
v 28 4
e 0 12 1
e 0 13 1
e 3 14 2
e 4 8 1
e 4 13 2
e 5 12 1
e 6 13 1
e 6 14 1
e 6 25 1
e 7 8 1
e 7 9 1
e 7 10 1
e 7 11 1
e 8 12 2
e 9 16 1
e 9 17 1
e 9 18 1
e 10 19 1
e 10 20 1
e 10 21 1
e 11 22 1
e 11 23 1
e 11 24 1
e 14 15 1
e 15 26 1
e 15 27 1
e 15 28 1
t # 37318
v 0 11
v 1 1
v 2 1
v 3 1
v 4 2
v 5 2
v 6 2
v 7 3
v 8 3
v 9 3
v 10 3
v 11 3
v 12 3
v 13 4
v 14 4
v 15 4
v 16 4
v 17 4
v 18 4
v 19 4
e 0 8 1
e 0 9 1
e 1 11 2
e 4 7 1
e 4 9 2
e 5 9 1
e 5 11 1
e 5 16 1
e 6 8 1
e 7 8 2
e 7 10 1
e 10 13 1
e 10 14 1
e 10 15 1
e 11 12 1
e 12 17 1
e 12 18 1
e 12 19 1
t # 37319
v 0 11
v 1 1
v 2 1
v 3 1
v 4 1
v 5 1
v 6 2
v 7 2
v 8 3
v 9 3
v 10 3
v 11 3
v 12 3
v 13 3
v 14 3
v 15 3
v 16 3
v 17 3
v 18 3
v 19 3
v 20 3
v 21 4
v 22 4
v 23 4
v 24 4
v 25 4
v 26 4
v 27 4
v 28 4
v 29 4
v 30 4
e 0 8 1
e 0 12 1
e 1 9 1
e 1 11 1
e 2 13 1
e 2 16 1
e 3 15 1
e 3 20 1
e 4 13 2
e 5 14 2
e 6 9 1
e 6 12 2
e 7 12 1
e 7 14 1
e 7 22 1
e 8 9 2
e 8 10 1
e 10 11 2
e 10 21 1
e 11 13 1
e 14 15 1
e 15 17 2
e 16 18 1
e 16 23 1
e 16 24 1
e 17 19 1
e 17 25 1
e 18 26 1
e 18 27 1
e 18 28 1
e 19 20 2
e 19 29 1
e 20 30 1
t # 37320
v 0 1
v 1 1
v 2 1
v 3 1
v 4 1
v 5 1
v 6 2
v 7 2
v 8 2
v 9 2
v 10 3
v 11 3
v 12 3
v 13 3
v 14 3
v 15 3
v 16 3
v 17 3
v 18 3
v 19 3
v 20 3
v 21 3
v 22 3
v 23 3
v 24 3
v 25 3
v 26 3
v 27 3
v 28 3
v 29 3
v 30 4
v 31 4
v 32 4
v 33 4
v 34 4
v 35 4
v 36 4
v 37 4
v 38 4
v 39 4
v 40 4
v 41 4
v 42 4
v 43 4
v 44 4
v 45 4
v 46 4
v 47 4
v 48 4
v 49 4
v 50 4
v 51 4
v 52 4
v 53 4
v 54 4
v 55 4
e 11 0 1
e 0 20 1
e 1 17 1
e 1 25 1
e 2 18 2
e 3 19 2
e 4 26 1
e 4 29 1
e 5 25 2
e 10 6 1
e 12 6 1
e 6 32 1
e 7 11 1
e 7 13 1
e 7 15 1
e 8 22 1
e 8 24 1
e 8 41 1
e 9 25 1
e 9 54 1
e 9 55 1
e 10 11 1
e 10 12 1
e 10 30 1
e 11 14 1
e 12 13 1
e 12 31 1
e 13 33 1
e 13 34 1
e 14 16 1
e 14 17 1
e 14 35 1
e 15 16 2
e 15 18 1
e 16 19 1
e 17 36 1
e 17 37 1
e 18 21 1
e 19 22 1
e 20 38 1
e 20 39 1
e 20 40 1
e 21 22 2
e 21 23 1
e 23 42 1
e 23 43 1
e 23 44 1
e 24 26 1
e 24 45 1
e 24 46 1
e 26 27 1
e 26 47 1
e 27 28 1
e 27 48 1
e 27 49 1
e 28 29 1
e 28 50 1
e 28 51 1
e 29 52 1
e 29 53 1
t # 37321
v 0 11
v 1 11
v 2 2
v 3 2
v 4 2
v 5 3
v 6 3
v 7 3
v 8 3
v 9 3
v 10 3
v 11 3
v 12 3
v 13 3
v 14 3
v 15 3
v 16 3
v 17 3
v 18 4
v 19 4
v 20 4
v 21 4
v 22 4
v 23 4
v 24 4
v 25 4
v 26 4
v 27 4
v 28 4
e 0 8 1
e 0 11 1
e 2 6 2
e 2 28 1
e 5 6 1
e 5 8 1
e 5 16 1
e 5 18 1
e 6 7 1
e 7 9 2
e 7 10 1
e 9 12 1
e 9 19 1
e 10 13 2
e 10 20 1
e 11 15 1
e 11 21 1
e 11 22 1
e 12 14 2
e 12 23 1
e 13 14 1
e 13 24 1
e 14 25 1
e 15 17 1
e 15 26 1
e 15 27 1
t # 37322
v 0 8
v 1 1
v 2 1
v 3 1
v 4 2
v 5 2
v 6 3
v 7 3
v 8 3
v 9 3
v 10 3
v 11 3
v 12 3
v 13 3
v 14 3
v 15 3
v 16 3
v 17 3
v 18 3
v 19 4
v 20 4
v 21 4
v 22 4
v 23 4
v 24 4
v 25 4
v 26 4
v 27 4
v 28 4
v 29 4
v 30 4
v 31 4
e 1 6 1
e 2 7 1
e 4 18 2
e 5 18 1
e 5 30 1
e 5 31 1
e 6 8 2
e 6 10 1
e 7 9 2
e 7 11 1
e 8 12 1
e 8 19 1
e 9 13 1
e 9 20 1
e 10 14 2
e 10 21 1
e 11 15 2
e 11 22 1
e 12 16 2
e 12 23 1
e 13 17 2
e 13 24 1
e 14 16 1
e 14 25 1
e 15 17 1
e 15 26 1
e 16 27 1
e 17 28 1
e 18 29 1
t # 37323
v 0 8
v 1 1
v 2 2
v 3 2
v 4 2
v 5 2
v 6 2
v 7 3
v 8 3
v 9 3
v 10 3
v 11 3
v 12 3
v 13 3
v 14 3
v 15 3
v 16 3
v 17 3
v 18 3
v 19 3
v 20 3
v 21 4
v 22 4
v 23 4
v 24 4
v 25 4
v 26 4
v 27 4
v 28 4
v 29 4
v 30 4
v 31 4
v 32 4
v 33 4
v 34 4
v 35 4
v 36 4
v 37 4
v 38 4
v 39 4
v 40 4
v 41 4
v 42 4
v 43 4
v 44 4
v 45 4
v 46 4
v 47 4
v 48 4
v 49 4
v 50 4
v 51 4
v 52 4
v 53 4
v 54 4
e 2 7 1
e 2 25 1
e 3 8 1
e 3 26 1
e 4 13 1
e 4 31 1
e 5 13 1
e 5 14 1
e 5 40 1
e 6 13 2
e 6 20 1
e 7 9 1
e 7 21 1
e 7 22 1
e 8 10 1
e 8 23 1
e 8 24 1
e 9 11 1
e 9 27 1
e 9 28 1
e 10 12 1
e 10 29 1
e 10 30 1
e 11 17 1
e 11 32 1
e 11 33 1
e 12 18 1
e 12 34 1
e 12 35 1
e 14 15 1
e 14 36 1
e 14 37 1
e 15 16 1
e 15 38 1
e 15 39 1
e 16 19 1
e 16 41 1
e 16 42 1
e 17 43 1
e 17 44 1
e 17 45 1
e 18 46 1
e 18 47 1
e 18 48 1
e 19 49 1
e 19 50 1
e 19 51 1
e 20 52 1
e 20 53 1
e 20 54 1
t # 37324
v 0 1
v 1 1
v 2 1
v 3 1
v 4 1
v 5 2
v 6 2
v 7 2
v 8 2
v 9 2
v 10 2
v 11 3
v 12 3
v 13 3
v 14 3
v 15 3
v 16 3
v 17 3
v 18 3
v 19 3
v 20 3
v 21 3
v 22 3
v 23 3
v 24 3
v 25 3
v 26 3
v 27 3
v 28 4
v 29 4
v 30 4
v 31 4
v 32 4
v 33 4
v 34 4
v 35 4
v 36 4
v 37 4
v 38 4
v 39 4
v 40 4
v 41 4
v 42 4
v 43 4
v 44 4
v 45 4
v 46 4
v 47 4
e 0 12 1
e 0 14 1
e 1 11 1
e 1 34 1
e 2 13 1
e 2 35 1
e 3 15 1
e 3 37 1
e 4 26 1
e 4 27 1
e 5 12 1
e 5 16 1
e 5 17 1
e 6 17 2
e 6 18 1
e 7 16 2
e 7 20 1
e 8 19 1
e 8 20 2
e 9 19 1
e 9 21 1
e 9 38 1
e 10 20 1
e 10 39 1
e 10 40 1
e 11 12 1
e 11 13 1
e 11 28 1
e 12 29 1
e 13 14 1
e 13 30 1
e 14 15 1
e 14 31 1
e 15 32 1
e 15 33 1
e 16 18 1
e 17 36 1
e 18 19 2
e 21 22 2
e 21 23 1
e 22 24 1
e 22 41 1
e 23 25 2
e 23 42 1
e 24 26 2
e 24 43 1
e 25 26 1
e 25 44 1
e 27 45 1
e 27 46 1
e 27 47 1
t # 37325
v 0 1
v 1 1
v 2 1
v 3 1
v 4 2
v 5 2
v 6 2
v 7 2
v 8 2
v 9 2
v 10 3
v 11 3
v 12 3
v 13 3
v 14 3
v 15 3
v 16 3
v 17 3
v 18 3
v 19 3
v 20 3
v 21 3
v 22 3
v 23 3
v 24 3
v 25 3
v 26 4
v 27 4
v 28 4
v 29 4
v 30 4
v 31 4
v 32 4
v 33 4
v 34 4
v 35 4
v 36 4
v 37 4
v 38 4
v 39 4
v 40 4
v 41 4
v 42 4
v 43 4
e 0 11 1
e 0 13 1
e 1 10 1
e 1 32 1
e 2 12 1
e 2 33 1
e 3 14 1
e 3 35 1
e 4 11 1
e 4 15 1
e 4 16 1
e 5 16 2
e 5 17 1
e 6 15 2
e 6 19 1
e 7 18 1
e 7 19 2
e 8 18 1
e 8 20 1
e 8 36 1
e 9 19 1
e 9 37 1
e 9 38 1
e 10 11 1
e 10 12 1
e 10 26 1
e 11 27 1
e 12 13 1
e 12 28 1
e 13 14 1
e 13 29 1
e 14 30 1
e 14 31 1
e 15 17 1
e 16 34 1
e 17 18 2
e 20 21 2
e 20 22 1
e 21 23 1
e 21 39 1
e 22 24 2
e 22 40 1
e 23 25 2
e 23 41 1
e 24 25 1
e 24 42 1
e 25 43 1
t # 37326
v 0 12
v 1 11
v 2 1
v 3 1
v 4 2
v 5 2
v 6 2
v 7 3
v 8 3
v 9 3
v 10 3
v 11 3
v 12 3
v 13 3
v 14 3
v 15 3
v 16 3
v 17 3
v 18 3
v 19 3
v 20 3
v 21 3
v 22 3
v 23 3
v 24 3
v 25 3
v 26 3
v 27 3
v 28 3
v 29 3
v 30 3
v 31 3
v 32 4
v 33 4
v 34 4
v 35 4
v 36 4
v 37 4
v 38 4
v 39 4
v 40 4
v 41 4
v 42 4
v 43 4
e 0 27 1
e 1 23 1
e 1 24 1
e 2 25 2
e 3 26 2
e 4 11 1
e 4 23 2
e 5 12 1
e 6 23 1
e 7 8 1
e 7 9 1
e 7 13 2
e 8 10 1
e 8 14 2
e 9 11 1
e 9 15 2
e 10 12 1
e 10 16 2
e 11 12 2
e 13 17 1
e 13 32 1
e 14 18 1
e 14 33 1
e 15 19 1
e 15 34 1
e 16 20 1
e 16 35 1
e 17 19 2
e 17 36 1
e 18 20 2
e 18 37 1
e 19 38 1
e 20 39 1
e 21 22 1
e 21 25 1
e 21 28 2
e 22 26 1
e 22 29 2
e 24 25 1
e 24 27 2
e 26 27 1
e 28 30 1
e 28 40 1
e 29 31 1
e 29 41 1
e 30 31 2
e 30 42 1
e 31 43 1
t # 37327
v 0 11
v 1 1
v 2 1
v 3 2
v 4 2
v 5 2
v 6 3
v 7 3
v 8 3
v 9 3
v 10 3
v 11 3
v 12 3
v 13 3
v 14 3
v 15 3
v 16 3
v 17 3
v 18 3
v 19 3
v 20 3
v 21 3
v 22 3
v 23 4
v 24 4
v 25 4
v 26 4
v 27 4
v 28 4
v 29 4
v 30 4
v 31 4
v 32 4
v 33 4
e 0 20 1
e 0 21 1
e 1 22 1
e 1 33 1
e 2 22 2
e 3 10 1
e 3 20 2
e 4 11 1
e 5 20 1
e 6 7 1
e 6 8 1
e 6 12 2
e 7 9 1
e 7 13 2
e 8 10 1
e 8 14 2
e 9 11 1
e 9 15 2
e 10 11 2
e 12 16 1
e 12 23 1
e 13 17 1
e 13 24 1
e 14 18 1
e 14 25 1
e 15 19 1
e 15 26 1
e 16 18 2
e 16 27 1
e 17 19 2
e 17 28 1
e 18 29 1
e 19 30 1
e 21 22 1
e 21 31 1
e 21 32 1
t # 37328
v 0 11
v 1 2
v 2 2
v 3 2
v 4 3
v 5 3
v 6 3
v 7 3
v 8 3
v 9 3
v 10 3
v 11 3
v 12 3
v 13 3
v 14 3
v 15 3
v 16 3
v 17 3
v 18 3
v 19 3
v 20 3
v 21 3
v 22 3
v 23 3
v 24 3
v 25 3
v 26 4
v 27 4
v 28 4
v 29 4
v 30 4
v 31 4
v 32 4
v 33 4
v 34 4
v 35 4
v 36 4
v 37 4
v 38 4
v 39 4
v 40 4
e 0 18 1
e 0 19 1
e 1 8 1
e 1 18 2
e 2 9 1
e 3 18 1
e 4 5 1
e 4 6 1
e 4 10 2
e 5 7 1
e 5 11 2
e 6 8 1
e 6 12 2
e 7 9 1
e 7 13 2
e 8 9 2
e 10 14 1
e 10 26 1
e 11 15 1
e 11 27 1
e 12 16 1
e 12 28 1
e 13 17 1
e 13 29 1
e 14 16 2
e 14 30 1
e 15 17 2
e 15 31 1
e 16 32 1
e 17 33 1
e 19 20 1
e 19 34 1
e 19 35 1
e 20 21 2
e 20 22 1
e 21 23 1
e 21 36 1
e 22 24 2
e 22 37 1
e 23 25 2
e 23 38 1
e 24 25 1
e 24 39 1
e 25 40 1
t # 37329
v 0 11
v 1 1
v 2 2
v 3 2
v 4 2
v 5 2
v 6 3
v 7 3
v 8 3
v 9 3
v 10 3
v 11 3
v 12 3
v 13 3
v 14 3
v 15 3
v 16 3
v 17 3
v 18 3
v 19 3
v 20 3
v 21 3
v 22 3
v 23 3
v 24 3
v 25 3
v 26 3
v 27 3
v 28 4
v 29 4
v 30 4
v 31 4
v 32 4
v 33 4
v 34 4
v 35 4
v 36 4
v 37 4
v 38 4
v 39 4
v 40 4
v 41 4
e 0 20 1
e 0 22 1
e 1 22 2
e 2 10 1
e 2 20 2
e 3 11 1
e 4 20 1
e 5 21 1
e 5 22 1
e 5 36 1
e 6 7 1
e 6 8 1
e 6 12 2
e 7 9 1
e 7 13 2
e 8 10 1
e 8 14 2
e 9 11 1
e 9 15 2
e 10 11 2
e 12 16 1
e 12 28 1
e 13 17 1
e 13 29 1
e 14 18 1
e 14 30 1
e 15 19 1
e 15 31 1
e 16 18 2
e 16 32 1
e 17 19 2
e 17 33 1
e 18 34 1
e 19 35 1
e 21 23 2
e 21 24 1
e 23 25 1
e 23 37 1
e 24 26 2
e 24 38 1
e 25 27 2
e 25 39 1
e 26 27 1
e 26 40 1
e 27 41 1
t # 37330
v 0 12
v 1 12
v 2 1
v 3 2
v 4 2
v 5 2
v 6 2
v 7 3
v 8 3
v 9 3
v 10 3
v 11 3
v 12 3
v 13 3
v 14 3
v 15 3
v 16 3
v 17 3
v 18 3
v 19 3
v 20 3
v 21 3
v 22 3
v 23 3
v 24 4
v 25 4
v 26 4
v 27 4
v 28 4
v 29 4
v 30 4
v 31 4
v 32 4
v 33 4
v 34 4
v 35 4
v 36 4
v 37 4
e 0 13 1
e 1 17 1
e 2 12 2
e 3 10 1
e 3 21 1
e 3 22 1
e 4 9 2
e 4 12 1
e 5 6 1
e 5 8 1
e 5 27 1
e 6 23 2
e 7 8 2
e 7 9 1
e 7 11 1
e 8 12 1
e 9 13 1
e 10 15 2
e 10 16 1
e 11 17 2
e 11 24 1
e 13 20 2
e 14 18 2
e 14 19 1
e 14 23 1
e 15 18 1
e 15 25 1
e 16 19 2
e 16 26 1
e 17 20 1
e 18 28 1
e 19 29 1
e 20 30 1
e 21 31 1
e 21 32 1
e 21 33 1
e 22 34 1
e 22 35 1
e 22 36 1
e 23 37 1
t # 37331
v 0 1
v 1 1
v 2 1
v 3 1
v 4 1
v 5 2
v 6 2
v 7 3
v 8 3
v 9 3
v 10 3
v 11 3
v 12 3
v 13 3
v 14 3
v 15 3
v 16 3
v 17 3
v 18 3
v 19 3
v 20 3
v 21 3
v 22 3
v 23 4
v 24 4
v 25 4
v 26 4
v 27 4
v 28 4
v 29 4
v 30 4
v 31 4
v 32 4
v 33 4
v 34 4
v 35 4
v 36 4
v 37 4
v 38 4
v 39 4
v 40 4
v 41 4
v 42 4
v 43 4
v 44 4
v 45 4
v 46 4
e 11 0 1
e 0 40 1
e 1 13 2
e 2 17 1
e 2 45 1
e 3 17 2
e 4 22 1
e 4 46 1
e 8 5 1
e 5 13 1
e 5 31 1
e 10 6 1
e 6 38 1
e 6 39 1
e 7 8 1
e 7 9 1
e 7 23 1
e 7 24 1
e 8 17 1
e 8 25 1
e 9 14 1
e 9 15 1
e 9 26 1
e 10 11 1
e 10 12 1
e 10 27 1
e 11 13 1
e 11 28 1
e 12 16 1
e 12 29 1
e 12 30 1
e 14 32 1
e 14 33 1
e 14 34 1
e 15 35 1
e 15 36 1
e 15 37 1
e 16 18 2
e 16 19 1
e 18 20 1
e 18 41 1
e 19 21 2
e 19 42 1
e 20 22 2
e 20 43 1
e 21 22 1
e 21 44 1
t # 37332
v 0 11
v 1 11
v 2 2
v 3 2
v 4 3
v 5 3
v 6 3
v 7 3
v 8 3
v 9 3
v 10 3
v 11 3
v 12 3
v 13 3
v 14 4
v 15 4
v 16 4
v 17 4
v 18 4
v 19 4
v 20 4
v 21 4
v 22 4
v 23 4
v 24 4
v 25 4
v 26 4
v 27 4
e 0 10 1
e 0 11 1
e 2 9 2
e 2 23 1
e 4 5 1
e 4 9 1
e 4 10 1
e 4 14 1
e 5 6 1
e 5 15 1
e 5 16 1
e 6 7 1
e 6 17 1
e 6 18 1
e 7 8 1
e 7 19 1
e 7 20 1
e 8 9 1
e 8 21 1
e 8 22 1
e 11 12 1
e 11 24 1
e 11 25 1
e 12 13 1
e 12 26 1
e 12 27 1
t # 37333
v 0 11
v 1 1
v 2 1
v 3 1
v 4 1
v 5 2
v 6 2
v 7 2
v 8 2
v 9 3
v 10 3
v 11 3
v 12 3
v 13 3
v 14 3
v 15 3
v 16 3
v 17 3
v 18 4
v 19 4
v 20 4
v 21 4
v 22 4
v 23 4
e 0 1 2
e 0 2 2
e 0 9 1
e 0 11 1
e 5 9 1
e 5 14 2
e 6 10 1
e 7 11 1
e 7 15 2
e 8 11 2
e 8 16 1
e 9 10 2
e 10 12 1
e 12 13 2
e 12 18 1
e 13 14 1
e 13 19 1
e 14 20 1
e 15 17 1
e 15 21 1
e 16 17 2
e 16 22 1
e 17 23 1
t # 37334
v 0 11
v 1 1
v 2 1
v 3 2
v 4 2
v 5 2
v 6 2
v 7 3
v 8 3
v 9 3
v 10 3
v 11 3
v 12 3
v 13 3
v 14 3
v 15 3
v 16 3
v 17 4
v 18 4
v 19 4
v 20 4
v 21 4
v 22 4
v 23 4
v 24 4
e 0 8 1
e 0 12 1
e 3 8 2
e 3 9 1
e 4 7 1
e 5 9 1
e 5 21 1
e 5 22 1
e 6 12 1
e 6 16 2
e 7 9 2
e 7 10 1
e 8 11 1
e 10 11 2
e 10 17 1
e 11 18 1
e 12 13 2
e 13 14 1
e 13 19 1
e 14 15 2
e 14 20 1
e 15 16 1
e 15 23 1
e 16 24 1
t # 37335
v 0 11
v 1 1
v 2 1
v 3 1
v 4 1
v 5 1
v 6 3
v 7 3
v 8 3
v 9 3
v 10 3
v 11 3
v 12 3
v 13 3
v 14 3
v 15 3
v 16 4
v 17 4
v 18 4
v 19 4
v 20 4
v 21 4
v 22 4
v 23 4
v 24 4
v 25 4
e 0 2 2
e 0 3 2
e 0 8 1
e 1 6 1
e 4 10 1
e 4 15 1
e 5 10 2
e 6 7 1
e 6 9 1
e 6 10 1
e 7 8 1
e 7 11 2
e 8 12 2
e 9 16 1
e 9 17 1
e 9 18 1
e 11 13 1
e 11 19 1
e 12 14 1
e 12 20 1
e 13 14 2
e 13 21 1
e 14 22 1
e 15 23 1
e 15 24 1
e 15 25 1
t # 37336
v 0 11
v 1 1
v 2 2
v 3 2
v 4 2
v 5 2
v 6 3
v 7 3
v 8 3
v 9 3
v 10 3
v 11 3
v 12 3
v 13 3
v 14 3
v 15 3
v 16 3
v 17 3
v 18 3
v 19 3
v 20 3
v 21 3
v 22 4
v 23 4
v 24 4
v 25 4
v 26 4
v 27 4
v 28 4
v 29 4
v 30 4
v 31 4
v 32 4
v 33 4
v 34 4
v 35 4
e 0 7 1
e 0 9 1
e 1 15 2
e 2 6 1
e 2 8 1
e 2 9 1
e 3 4 1
e 3 9 2
e 4 15 1
e 4 29 1
e 5 20 2
e 5 21 1
e 6 7 1
e 6 10 2
e 7 11 2
e 8 14 1
e 8 22 1
e 8 23 1
e 10 12 1
e 10 24 1
e 11 13 1
e 11 25 1
e 12 13 2
e 12 26 1
e 13 27 1
e 14 17 2
e 14 28 1
e 15 16 1
e 16 18 2
e 16 19 1
e 17 30 1
e 17 31 1
e 18 20 1
e 18 32 1
e 19 21 2
e 19 33 1
e 20 34 1
e 21 35 1
t # 37337
v 0 11
v 1 11
v 2 2
v 3 3
v 4 3
v 5 3
v 6 3
v 7 3
v 8 3
v 9 3
v 10 3
v 11 3
v 12 3
v 13 4
v 14 4
v 15 4
v 16 4
v 17 4
v 18 4
v 19 4
v 20 4
v 21 4
e 0 4 1
e 0 6 1
e 2 3 1
e 2 5 1
e 2 6 1
e 3 4 1
e 3 7 2
e 4 8 2
e 5 11 1
e 5 13 1
e 5 14 1
e 7 9 1
e 7 15 1
e 8 10 1
e 8 16 1
e 9 10 2
e 9 17 1
e 10 18 1
e 11 12 2
e 11 19 1
e 12 20 1
e 12 21 1
t # 37338
v 0 11
v 1 1
v 2 2
v 3 2
v 4 2
v 5 2
v 6 3
v 7 3
v 8 3
v 9 3
v 10 3
v 11 3
v 12 3
v 13 3
v 14 3
v 15 3
v 16 3
v 17 3
v 18 3
v 19 3
v 20 4
v 21 4
v 22 4
v 23 4
v 24 4
v 25 4
v 26 4
v 27 4
v 28 4
v 29 4
v 30 4
v 31 4
e 0 7 1
e 0 8 1
e 1 15 2
e 2 6 1
e 2 8 1
e 2 10 1
e 3 4 1
e 3 8 2
e 4 15 1
e 4 27 1
e 5 18 2
e 5 19 1
e 6 7 1
e 6 9 2
e 7 11 2
e 9 12 1
e 9 20 1
e 10 21 1
e 10 22 1
e 10 23 1
e 11 13 1
e 11 24 1
e 12 13 2
e 12 25 1
e 13 26 1
e 14 15 1
e 14 16 2
e 14 17 1
e 16 18 1
e 16 28 1
e 17 19 2
e 17 29 1
e 18 30 1
e 19 31 1
t # 37339
v 0 11
v 1 1
v 2 1
v 3 2
v 4 2
v 5 3
v 6 3
v 7 3
v 8 3
v 9 3
v 10 3
v 11 3
v 12 3
v 13 3
v 14 3
v 15 3
v 16 3
v 17 4
v 18 4
v 19 4
v 20 4
v 21 4
v 22 4
v 23 4
v 24 4
v 25 4
v 26 4
e 0 5 1
e 0 11 1
e 1 13 1
e 1 14 1
e 2 13 2
e 3 6 1
e 3 11 2
e 4 11 1
e 4 13 1
e 4 23 1
e 5 6 2
e 5 8 1
e 6 9 1
e 7 8 2
e 7 10 1
e 7 12 1
e 8 17 1
e 9 10 2
e 9 18 1
e 10 19 1
e 12 20 1
e 12 21 1
e 12 22 1
e 14 15 1
e 14 24 1
e 14 25 1
e 16 26 1
t # 37340
v 0 11
v 1 1
v 2 1
v 3 2
v 4 2
v 5 3
v 6 3
v 7 3
v 8 3
v 9 3
v 10 3
v 11 3
v 12 3
v 13 3
v 14 3
v 15 3
v 16 3
v 17 3
v 18 3
v 19 3
v 20 3
v 21 4
v 22 4
v 23 4
v 24 4
v 25 4
v 26 4
v 27 4
v 28 4
v 29 4
v 30 4
v 31 4
v 32 4
v 33 4
v 34 4
e 0 5 1
e 0 11 1
e 1 14 1
e 1 17 1
e 2 17 2
e 3 6 1
e 3 11 2
e 4 11 1
e 4 17 1
e 4 29 1
e 5 6 2
e 5 8 1
e 6 9 1
e 7 8 2
e 7 10 1
e 7 13 1
e 8 21 1
e 9 10 2
e 9 22 1
e 10 23 1
e 12 14 1
e 12 15 2
e 12 16 1
e 13 24 1
e 13 25 1
e 13 26 1
e 14 27 1
e 14 28 1
e 15 18 1
e 15 30 1
e 16 19 2
e 16 31 1
e 18 20 2
e 18 32 1
e 19 20 1
e 19 33 1
e 20 34 1
t # 37341
v 0 11
v 1 11
v 2 11
v 3 1
v 4 1
v 5 2
v 6 2
v 7 2
v 8 3
v 9 3
v 10 3
v 11 3
v 12 3
v 13 3
v 14 3
v 15 3
v 16 3
v 17 3
v 18 3
v 19 3
v 20 4
v 21 4
v 22 4
v 23 4
v 24 4
v 25 4
v 26 4
v 27 4
v 28 4
v 29 4
v 30 4
v 31 4
v 32 4
e 0 8 1
e 0 14 1
e 1 15 1
e 1 16 1
e 2 15 1
e 2 17 1
e 5 9 1
e 5 14 2
e 6 14 1
e 6 15 2
e 7 11 1
e 8 9 2
e 8 10 1
e 9 12 1
e 10 11 2
e 10 20 1
e 11 13 1
e 12 13 2
e 12 21 1
e 13 22 1
e 16 18 1
e 16 23 1
e 16 24 1
e 17 19 1
e 17 25 1
e 17 26 1
e 18 27 1
e 18 28 1
e 18 29 1
e 19 30 1
e 19 31 1
e 19 32 1
t # 37342
v 0 11
v 1 11
v 2 1
v 3 1
v 4 2
v 5 2
v 6 2
v 7 3
v 8 3
v 9 3
v 10 3
v 11 3
v 12 3
v 13 3
v 14 3
v 15 3
v 16 3
v 17 3
v 18 3
v 19 3
v 20 3
v 21 3
v 22 3
v 23 3
v 24 4
v 25 4
v 26 4
v 27 4
v 28 4
v 29 4
v 30 4
v 31 4
v 32 4
v 33 4
v 34 4
v 35 4
v 36 4
e 0 7 1
e 0 14 1
e 1 14 1
e 1 21 1
e 4 8 1
e 4 14 2
e 5 9 1
e 5 15 2
e 6 18 1
e 7 8 2
e 7 10 1
e 8 11 1
e 9 10 2
e 9 12 1
e 10 24 1
e 11 12 2
e 11 25 1
e 12 26 1
e 13 15 1
e 13 16 2
e 13 17 1
e 15 27 1
e 16 19 1
e 16 28 1
e 17 20 2
e 17 29 1
e 18 19 2
e 18 20 1
e 19 30 1
e 20 31 1
e 21 22 1
e 21 32 1
e 21 33 1
e 22 23 2
e 22 34 1
e 23 35 1
e 23 36 1
t # 37343
v 0 11
v 1 11
v 2 1
v 3 1
v 4 2
v 5 2
v 6 2
v 7 3
v 8 3
v 9 3
v 10 3
v 11 3
v 12 3
v 13 3
v 14 3
v 15 3
v 16 3
v 17 3
v 18 3
v 19 3
v 20 3
v 21 3
v 22 3
v 23 3
v 24 3
v 25 3
v 26 3
v 27 3
v 28 4
v 29 4
v 30 4
v 31 4
v 32 4
v 33 4
v 34 4
v 35 4
v 36 4
v 37 4
v 38 4
v 39 4
v 40 4
v 41 4
v 42 4
e 0 7 1
e 0 13 1
e 1 12 1
e 1 13 1
e 4 8 1
e 4 13 2
e 5 9 1
e 5 20 2
e 6 17 1
e 7 8 2
e 7 10 1
e 8 11 1
e 9 10 2
e 9 14 1
e 10 28 1
e 11 14 2
e 11 29 1
e 12 15 1
e 12 30 1
e 12 31 1
e 14 32 1
e 15 18 2
e 15 19 1
e 16 17 1
e 16 20 1
e 16 21 2
e 17 22 2
e 18 23 1
e 18 33 1
e 19 24 2
e 19 34 1
e 20 35 1
e 21 25 1
e 21 36 1
e 22 27 1
e 22 37 1
e 23 26 2
e 23 38 1
e 24 26 1
e 24 39 1
e 25 27 2
e 25 40 1
e 26 41 1
e 27 42 1
t # 37344
v 0 11
v 1 11
v 2 1
v 3 1
v 4 2
v 5 2
v 6 2
v 7 3
v 8 3
v 9 3
v 10 3
v 11 3
v 12 3
v 13 3
v 14 3
v 15 3
v 16 3
v 17 3
v 18 3
v 19 3
v 20 3
v 21 3
v 22 3
v 23 3
v 24 3
v 25 3
v 26 3
v 27 3
v 28 3
v 29 3
v 30 4
v 31 4
v 32 4
v 33 4
v 34 4
v 35 4
v 36 4
v 37 4
v 38 4
v 39 4
v 40 4
v 41 4
v 42 4
v 43 4
v 44 4
v 45 4
v 46 4
v 47 4
v 48 4
v 49 4
v 50 4
v 51 4
v 52 4
e 0 21 1
e 0 29 1
e 1 23 1
e 1 29 1
e 2 14 2
e 3 15 2
e 4 14 1
e 4 15 1
e 4 16 1
e 5 16 1
e 5 17 1
e 5 40 1
e 6 26 1
e 6 29 2
e 7 8 1
e 7 9 1
e 7 14 1
e 7 30 1
e 8 10 1
e 8 15 1
e 8 31 1
e 9 11 1
e 9 12 1
e 9 32 1
e 10 11 1
e 10 13 1
e 10 33 1
e 11 34 1
e 11 35 1
e 12 13 2
e 12 36 1
e 13 37 1
e 16 38 1
e 16 39 1
e 17 18 2
e 17 19 1
e 18 23 1
e 18 41 1
e 19 25 2
e 19 42 1
e 20 21 1
e 20 22 1
e 20 43 1
e 20 44 1
e 21 27 1
e 21 45 1
e 22 24 1
e 22 46 1
e 22 47 1
e 23 26 2
e 24 28 1
e 24 48 1
e 24 49 1
e 25 26 1
e 25 50 1
e 27 28 2
e 27 51 1
e 28 52 1
t # 37345
v 0 11
v 1 11
v 2 1
v 3 1
v 4 2
v 5 2
v 6 2
v 7 3
v 8 3
v 9 3
v 10 3
v 11 3
v 12 3
v 13 3
v 14 3
v 15 3
v 16 3
v 17 3
v 18 3
v 19 3
v 20 3
v 21 3
v 22 3
v 23 3
v 24 3
v 25 3
v 26 3
v 27 3
v 28 3
v 29 4
v 30 4
v 31 4
v 32 4
v 33 4
v 34 4
v 35 4
v 36 4
v 37 4
v 38 4
v 39 4
v 40 4
v 41 4
v 42 4
v 43 4
v 44 4
v 45 4
v 46 4
v 47 4
v 48 4
v 49 4
v 50 4
v 51 4
e 0 17 1
e 0 26 1
e 1 25 1
e 1 26 1
e 2 14 2
e 3 15 2
e 4 14 1
e 4 15 1
e 4 16 1
e 5 16 1
e 5 22 1
e 5 39 1
e 6 26 2
e 6 27 1
e 7 8 1
e 7 9 1
e 7 14 1
e 7 29 1
e 8 10 1
e 8 15 1
e 8 30 1
e 9 11 1
e 9 12 1
e 9 31 1
e 10 11 1
e 10 13 1
e 10 32 1
e 11 33 1
e 11 34 1
e 12 13 2
e 12 35 1
e 13 36 1
e 16 37 1
e 16 38 1
e 17 18 1
e 17 19 1
e 17 40 1
e 18 20 1
e 18 41 1
e 18 42 1
e 19 21 1
e 19 43 1
e 19 44 1
e 20 21 1
e 20 45 1
e 20 46 1
e 21 47 1
e 21 48 1
e 22 23 2
e 22 24 1
e 23 25 1
e 23 49 1
e 24 28 2
e 24 50 1
e 25 27 2
e 27 28 1
e 28 51 1
t # 37346
v 0 11
v 1 11
v 2 1
v 3 1
v 4 2
v 5 2
v 6 3
v 7 3
v 8 3
v 9 3
v 10 3
v 11 3
v 12 3
v 13 3
v 14 3
v 15 3
v 16 3
v 17 3
v 18 3
v 19 3
v 20 3
v 21 3
v 22 3
v 23 3
v 24 4
v 25 4
v 26 4
v 27 4
v 28 4
v 29 4
v 30 4
v 31 4
v 32 4
v 33 4
v 34 4
v 35 4
v 36 4
v 37 4
e 0 14 1
e 0 21 1
e 1 21 1
e 1 22 1
e 2 10 2
e 3 11 2
e 4 6 1
e 4 10 1
e 4 11 1
e 5 15 1
e 5 21 2
e 6 7 1
e 6 24 1
e 6 25 1
e 7 12 2
e 7 13 1
e 8 9 1
e 8 10 1
e 8 16 2
e 9 11 1
e 9 17 2
e 12 14 1
e 12 26 1
e 13 18 2
e 13 27 1
e 14 15 2
e 15 18 1
e 16 19 1
e 16 28 1
e 17 20 1
e 17 29 1
e 18 30 1
e 19 20 2
e 19 31 1
e 20 32 1
e 22 23 1
e 22 33 1
e 22 34 1
e 23 35 1
e 23 36 1
e 23 37 1
t # 37347
v 0 11
v 1 11
v 2 1
v 3 1
v 4 2
v 5 2
v 6 3
v 7 3
v 8 3
v 9 3
v 10 3
v 11 3
v 12 3
v 13 3
v 14 3
v 15 3
v 16 3
v 17 3
v 18 3
v 19 3
v 20 3
v 21 3
v 22 3
v 23 4
v 24 4
v 25 4
v 26 4
v 27 4
v 28 4
v 29 4
v 30 4
v 31 4
v 32 4
v 33 4
v 34 4
e 0 14 1
e 0 21 1
e 1 21 1
e 1 22 1
e 2 10 2
e 3 11 2
e 4 6 1
e 4 10 1
e 4 11 1
e 5 17 1
e 5 21 2
e 6 7 1
e 6 23 1
e 6 24 1
e 7 12 2
e 7 13 1
e 8 9 1
e 8 10 1
e 8 15 2
e 9 11 1
e 9 16 2
e 12 14 1
e 12 25 1
e 13 18 2
e 13 26 1
e 14 17 2
e 15 19 1
e 15 27 1
e 16 20 1
e 16 28 1
e 17 18 1
e 18 29 1
e 19 20 2
e 19 30 1
e 20 31 1
e 22 32 1
e 22 33 1
e 22 34 1
t # 37348
v 0 11
v 1 11
v 2 1
v 3 1
v 4 1
v 5 1
v 6 2
v 7 2
v 8 3
v 9 3
v 10 3
v 11 3
v 12 3
v 13 3
v 14 3
v 15 3
v 16 3
v 17 3
v 18 3
v 19 3
v 20 3
v 21 3
v 22 3
v 23 3
v 24 4
v 25 4
v 26 4
v 27 4
v 28 4
v 29 4
v 30 4
v 31 4
v 32 4
v 33 4
e 0 4 2
e 0 5 2
e 0 18 1
e 0 23 1
e 1 13 1
e 1 18 1
e 2 11 2
e 3 12 2
e 6 8 1
e 6 11 1
e 6 12 1
e 7 15 1
e 7 18 2
e 8 14 2
e 8 16 1
e 9 10 1
e 9 11 1
e 9 19 2
e 10 12 1
e 10 20 2
e 13 14 1
e 13 15 2
e 14 24 1
e 15 17 1
e 16 17 2
e 16 25 1
e 17 26 1
e 19 21 1
e 19 27 1
e 20 22 1
e 20 28 1
e 21 22 2
e 21 29 1
e 22 30 1
e 23 31 1
e 23 32 1
e 23 33 1
t # 37349
v 0 11
v 1 11
v 2 1
v 3 1
v 4 1
v 5 1
v 6 2
v 7 2
v 8 3
v 9 3
v 10 3
v 11 3
v 12 3
v 13 3
v 14 3
v 15 3
v 16 3
v 17 3
v 18 3
v 19 3
v 20 3
v 21 3
v 22 3
v 23 3
v 24 3
v 25 3
v 26 4
v 27 4
v 28 4
v 29 4
v 30 4
v 31 4
v 32 4
v 33 4
v 34 4
v 35 4
v 36 4
v 37 4
v 38 4
v 39 4
e 0 20 1
e 0 23 1
e 1 23 1
e 1 24 1
e 2 15 2
e 3 16 2
e 4 25 1
e 4 39 1
e 5 25 2
e 6 15 1
e 6 16 1
e 6 17 1
e 7 22 1
e 7 23 2
e 8 9 1
e 8 10 1
e 8 15 1
e 8 26 1
e 9 11 1
e 9 16 1
e 9 27 1
e 10 12 1
e 10 13 1
e 10 28 1
e 11 12 1
e 11 14 1
e 11 29 1
e 12 30 1
e 12 31 1
e 13 14 2
e 13 32 1
e 14 33 1
e 17 18 2
e 17 19 1
e 18 20 1
e 18 34 1
e 19 21 2
e 19 35 1
e 20 22 2
e 21 22 1
e 21 36 1
e 24 25 1
e 24 37 1
e 24 38 1
t # 37350
v 0 11
v 1 11
v 2 1
v 3 1
v 4 2
v 5 2
v 6 3
v 7 3
v 8 3
v 9 3
v 10 3
v 11 3
v 12 3
v 13 3
v 14 3
v 15 3
v 16 3
v 17 3
v 18 3
v 19 3
v 20 3
v 21 3
v 22 3
v 23 3
v 24 3
v 25 3
v 26 3
v 27 3
v 28 4
v 29 4
v 30 4
v 31 4
v 32 4
v 33 4
v 34 4
v 35 4
v 36 4
v 37 4
v 38 4
v 39 4
v 40 4
v 41 4
v 42 4
v 43 4
v 44 4
v 45 4
v 46 4
v 47 4
e 0 18 1
e 0 24 1
e 1 21 1
e 1 24 1
e 2 13 2
e 3 14 2
e 4 13 1
e 4 14 1
e 4 15 1
e 5 20 1
e 5 24 2
e 6 7 1
e 6 8 1
e 6 13 1
e 6 28 1
e 7 9 1
e 7 14 1
e 7 29 1
e 8 10 1
e 8 11 1
e 8 30 1
e 9 10 1
e 9 12 1
e 9 31 1
e 10 32 1
e 10 33 1
e 11 12 2
e 11 34 1
e 12 35 1
e 15 16 2
e 15 17 1
e 16 18 1
e 16 36 1
e 17 19 2
e 17 37 1
e 18 20 2
e 19 20 1
e 19 38 1
e 21 22 1
e 21 26 1
e 21 39 1
e 22 23 1
e 22 40 1
e 22 41 1
e 23 25 1
e 23 42 1
e 23 43 1
e 25 27 1
e 25 44 1
e 25 45 1
e 26 27 2
e 26 46 1
e 27 47 1
t # 37351
v 0 11
v 1 11
v 2 1
v 3 1
v 4 2
v 5 2
v 6 3
v 7 3
v 8 3
v 9 3
v 10 3
v 11 3
v 12 3
v 13 3
v 14 3
v 15 3
v 16 3
v 17 3
v 18 3
v 19 3
v 20 3
v 21 3
v 22 3
v 23 3
v 24 3
v 25 4
v 26 4
v 27 4
v 28 4
v 29 4
v 30 4
v 31 4
v 32 4
v 33 4
v 34 4
v 35 4
v 36 4
v 37 4
v 38 4
v 39 4
v 40 4
e 0 18 1
e 0 21 1
e 1 21 1
e 1 22 1
e 2 13 2
e 3 14 2
e 4 13 1
e 4 14 1
e 4 15 1
e 5 20 1
e 5 21 2
e 6 7 1
e 6 8 1
e 6 13 1
e 6 25 1
e 7 9 1
e 7 14 1
e 7 26 1
e 8 10 1
e 8 11 1
e 8 27 1
e 9 10 1
e 9 12 1
e 9 28 1
e 10 29 1
e 10 30 1
e 11 12 2
e 11 31 1
e 12 32 1
e 15 16 2
e 15 17 1
e 16 18 1
e 16 33 1
e 17 19 2
e 17 34 1
e 18 20 2
e 19 20 1
e 19 35 1
e 22 23 1
e 22 36 1
e 22 37 1
e 23 24 2
e 23 38 1
e 24 39 1
e 24 40 1
t # 37352
v 0 11
v 1 11
v 2 1
v 3 1
v 4 2
v 5 2
v 6 3
v 7 3
v 8 3
v 9 3
v 10 3
v 11 3
v 12 3
v 13 3
v 14 3
v 15 3
v 16 3
v 17 3
v 18 3
v 19 3
v 20 4
v 21 4
v 22 4
v 23 4
v 24 4
v 25 4
v 26 4
v 27 4
v 28 4
v 29 4
v 30 4
v 31 4
e 0 13 1
e 0 16 1
e 1 16 1
e 1 17 1
e 2 8 2
e 3 9 2
e 4 8 1
e 4 9 1
e 4 10 1
e 5 14 1
e 5 16 2
e 6 7 1
e 6 8 1
e 6 20 1
e 6 21 1
e 7 9 1
e 7 22 1
e 7 23 1
e 10 11 2
e 10 12 1
e 11 13 1
e 11 24 1
e 12 15 2
e 12 25 1
e 13 14 2
e 14 15 1
e 15 26 1
e 17 18 1
e 17 27 1
e 17 28 1
e 18 19 2
e 18 29 1
e 19 30 1
e 19 31 1
t # 37353
v 0 11
v 1 11
v 2 1
v 3 1
v 4 1
v 5 2
v 6 2
v 7 3
v 8 3
v 9 3
v 10 3
v 11 3
v 12 3
v 13 3
v 14 3
v 15 3
v 16 3
v 17 3
v 18 3
v 19 3
v 20 3
v 21 3
v 22 3
v 23 3
v 24 3
v 25 3
v 26 3
v 27 4
v 28 4
v 29 4
v 30 4
v 31 4
v 32 4
v 33 4
v 34 4
v 35 4
v 36 4
v 37 4
v 38 4
v 39 4
v 40 4
v 41 4
v 42 4
v 43 4
v 44 4
v 45 4
v 46 4
v 47 4
v 48 4
v 49 4
v 50 4
v 51 4
v 52 4
e 0 14 1
e 0 16 1
e 1 16 1
e 1 17 1
e 2 23 2
e 3 26 1
e 3 52 1
e 4 26 2
e 5 16 2
e 5 18 1
e 6 20 1
e 6 23 1
e 6 49 1
e 7 8 1
e 7 9 1
e 7 27 1
e 7 28 1
e 8 10 1
e 8 29 1
e 8 30 1
e 9 11 1
e 9 31 1
e 9 32 1
e 10 12 1
e 10 33 1
e 10 34 1
e 11 13 1
e 11 35 1
e 11 36 1
e 12 14 1
e 12 37 1
e 12 38 1
e 13 15 1
e 13 39 1
e 13 40 1
e 14 41 1
e 14 42 1
e 15 43 1
e 15 44 1
e 15 45 1
e 17 18 2
e 17 19 1
e 18 21 1
e 19 20 2
e 19 46 1
e 20 22 1
e 21 22 2
e 21 47 1
e 22 48 1
e 23 24 1
e 24 25 2
e 24 50 1
e 25 26 1
e 25 51 1
t # 37354
v 0 11
v 1 11
v 2 1
v 3 1
v 4 1
v 5 2
v 6 2
v 7 3
v 8 3
v 9 3
v 10 3
v 11 3
v 12 3
v 13 3
v 14 3
v 15 3
v 16 3
v 17 3
v 18 3
v 19 3
v 20 3
v 21 3
v 22 4
v 23 4
v 24 4
v 25 4
v 26 4
v 27 4
v 28 4
v 29 4
v 30 4
v 31 4
v 32 4
v 33 4
v 34 4
v 35 4
v 36 4
v 37 4
e 0 7 1
e 0 13 1
e 1 10 1
e 1 13 1
e 2 18 2
e 3 21 1
e 3 37 1
e 4 21 2
e 5 11 1
e 5 13 2
e 6 15 1
e 6 18 1
e 6 34 1
e 7 8 1
e 7 9 1
e 7 22 1
e 8 12 1
e 8 23 1
e 8 24 1
e 9 25 1
e 9 26 1
e 9 27 1
e 10 11 2
e 10 14 1
e 11 16 1
e 12 28 1
e 12 29 1
e 12 30 1
e 14 15 2
e 14 31 1
e 15 17 1
e 16 17 2
e 16 32 1
e 17 33 1
e 18 19 1
e 19 20 2
e 19 35 1
e 20 21 1
e 20 36 1
t # 37355
v 0 11
v 1 11
v 2 1
v 3 1
v 4 1
v 5 2
v 6 2
v 7 3
v 8 3
v 9 3
v 10 3
v 11 3
v 12 3
v 13 3
v 14 3
v 15 3
v 16 3
v 17 3
v 18 3
v 19 3
v 20 3
v 21 3
v 22 4
v 23 4
v 24 4
v 25 4
v 26 4
v 27 4
v 28 4
v 29 4
v 30 4
v 31 4
v 32 4
v 33 4
v 34 4
v 35 4
v 36 4
v 37 4
e 0 8 1
e 0 13 1
e 1 11 1
e 1 13 1
e 2 18 2
e 3 21 1
e 3 37 1
e 4 21 2
e 5 12 1
e 5 13 2
e 6 15 1
e 6 18 1
e 6 34 1
e 7 8 1
e 7 9 1
e 7 10 1
e 7 22 1
e 8 23 1
e 8 24 1
e 9 25 1
e 9 26 1
e 9 27 1
e 10 28 1
e 10 29 1
e 10 30 1
e 11 12 2
e 11 14 1
e 12 16 1
e 14 15 2
e 14 31 1
e 15 17 1
e 16 17 2
e 16 32 1
e 17 33 1
e 18 19 1
e 19 20 2
e 19 35 1
e 20 21 1
e 20 36 1
t # 37356
v 0 11
v 1 11
v 2 1
v 3 1
v 4 1
v 5 2
v 6 2
v 7 3
v 8 3
v 9 3
v 10 3
v 11 3
v 12 3
v 13 3
v 14 3
v 15 3
v 16 3
v 17 3
v 18 3
v 19 3
v 20 3
v 21 4
v 22 4
v 23 4
v 24 4
v 25 4
v 26 4
v 27 4
v 28 4
v 29 4
v 30 4
v 31 4
v 32 4
v 33 4
v 34 4
e 0 7 1
e 0 12 1
e 1 8 1
e 1 12 1
e 2 17 2
e 3 20 1
e 3 34 1
e 4 20 2
e 5 9 1
e 5 12 2
e 6 10 1
e 6 17 1
e 6 31 1
e 7 15 1
e 7 16 1
e 7 21 1
e 8 9 2
e 8 11 1
e 9 13 1
e 10 11 2
e 10 14 1
e 11 22 1
e 13 14 2
e 13 23 1
e 14 24 1
e 15 25 1
e 15 26 1
e 15 27 1
e 16 28 1
e 16 29 1
e 16 30 1
e 17 18 1
e 18 19 2
e 18 32 1
e 19 20 1
e 19 33 1
t # 37357
v 0 11
v 1 11
v 2 1
v 3 1
v 4 1
v 5 2
v 6 2
v 7 3
v 8 3
v 9 3
v 10 3
v 11 3
v 12 3
v 13 3
v 14 3
v 15 3
v 16 3
v 17 3
v 18 3
v 19 3
v 20 3
v 21 4
v 22 4
v 23 4
v 24 4
v 25 4
v 26 4
v 27 4
v 28 4
v 29 4
v 30 4
v 31 4
v 32 4
v 33 4
v 34 4
e 0 7 1
e 0 14 1
e 1 11 1
e 1 14 1
e 2 17 2
e 3 20 1
e 3 34 1
e 4 20 2
e 5 8 1
e 5 14 2
e 6 9 1
e 6 17 1
e 6 31 1
e 7 8 2
e 7 10 1
e 8 13 1
e 9 10 2
e 9 15 1
e 10 21 1
e 11 12 1
e 11 22 1
e 11 23 1
e 12 16 1
e 12 24 1
e 12 25 1
e 13 15 2
e 13 26 1
e 15 27 1
e 16 28 1
e 16 29 1
e 16 30 1
e 17 18 1
e 18 19 2
e 18 32 1
e 19 20 1
e 19 33 1
t # 37358
v 0 11
v 1 11
v 2 1
v 3 1
v 4 1
v 5 2
v 6 2
v 7 3
v 8 3
v 9 3
v 10 3
v 11 3
v 12 3
v 13 3
v 14 3
v 15 3
v 16 3
v 17 3
v 18 3
v 19 3
v 20 3
v 21 4
v 22 4
v 23 4
v 24 4
v 25 4
v 26 4
v 27 4
v 28 4
v 29 4
v 30 4
v 31 4
v 32 4
v 33 4
v 34 4
e 0 8 1
e 0 16 1
e 1 16 1
e 1 18 1
e 2 14 2
e 3 17 1
e 3 32 1
e 4 17 2
e 5 7 1
e 5 14 1
e 5 25 1
e 6 9 1
e 6 16 2
e 7 10 2
e 7 12 1
e 8 9 2
e 8 10 1
e 9 13 1
e 10 21 1
e 11 14 1
e 11 15 1
e 11 22 1
e 11 23 1
e 12 13 2
e 12 24 1
e 13 26 1
e 15 17 1
e 15 27 1
e 15 28 1
e 18 19 1
e 18 29 1
e 18 30 1
e 19 20 2
e 19 31 1
e 20 33 1
e 20 34 1
t # 37359
v 0 11
v 1 11
v 2 1
v 3 1
v 4 1
v 5 2
v 6 2
v 7 3
v 8 3
v 9 3
v 10 3
v 11 3
v 12 3
v 13 3
v 14 3
v 15 3
v 16 3
v 17 3
v 18 3
v 19 3
v 20 4
v 21 4
v 22 4
v 23 4
v 24 4
v 25 4
v 26 4
v 27 4
v 28 4
v 29 4
v 30 4
v 31 4
v 32 4
v 33 4
e 0 8 1
e 0 16 1
e 1 16 1
e 1 17 1
e 2 14 2
e 3 18 1
e 3 33 1
e 4 18 2
e 5 7 1
e 5 14 1
e 5 24 1
e 6 9 1
e 6 16 2
e 7 10 2
e 7 12 1
e 8 9 2
e 8 10 1
e 9 13 1
e 10 20 1
e 11 14 1
e 11 15 1
e 11 21 1
e 11 22 1
e 12 13 2
e 12 23 1
e 13 25 1
e 15 18 1
e 15 26 1
e 15 27 1
e 17 19 1
e 17 28 1
e 17 29 1
e 19 30 1
e 19 31 1
e 19 32 1
t # 37360
v 0 11
v 1 11
v 2 1
v 3 1
v 4 1
v 5 2
v 6 2
v 7 3
v 8 3
v 9 3
v 10 3
v 11 3
v 12 3
v 13 3
v 14 3
v 15 3
v 16 3
v 17 3
v 18 3
v 19 4
v 20 4
v 21 4
v 22 4
v 23 4
v 24 4
v 25 4
v 26 4
v 27 4
v 28 4
v 29 4
v 30 4
e 0 8 1
e 0 16 1
e 1 16 1
e 1 18 1
e 2 13 2
e 3 17 1
e 3 30 1
e 4 17 2
e 5 7 1
e 5 13 1
e 5 22 1
e 6 10 1
e 6 16 2
e 7 11 2
e 7 12 1
e 8 10 2
e 8 11 1
e 9 13 1
e 9 15 1
e 9 19 1
e 9 20 1
e 10 14 1
e 11 21 1
e 12 14 2
e 12 23 1
e 14 24 1
e 15 17 1
e 15 25 1
e 15 26 1
e 18 27 1
e 18 28 1
e 18 29 1
t # 37361
v 0 11
v 1 11
v 2 1
v 3 2
v 4 2
v 5 3
v 6 3
v 7 3
v 8 3
v 9 3
v 10 3
v 11 3
v 12 3
v 13 3
v 14 3
v 15 3
v 16 3
v 17 3
v 18 3
v 19 3
v 20 4
v 21 4
v 22 4
v 23 4
v 24 4
v 25 4
v 26 4
v 27 4
v 28 4
v 29 4
v 30 4
v 31 4
v 32 4
v 33 4
v 34 4
v 35 4
v 36 4
v 37 4
v 38 4
v 39 4
e 0 9 1
e 0 11 1
e 1 11 1
e 1 12 1
e 2 18 2
e 3 11 2
e 3 13 1
e 4 15 1
e 4 18 1
e 4 36 1
e 5 6 1
e 5 7 1
e 5 20 1
e 5 21 1
e 6 8 1
e 6 22 1
e 6 23 1
e 7 9 1
e 7 24 1
e 7 25 1
e 8 10 1
e 8 26 1
e 8 27 1
e 9 28 1
e 9 29 1
e 10 30 1
e 10 31 1
e 10 32 1
e 12 13 2
e 12 14 1
e 13 16 1
e 14 15 2
e 14 33 1
e 15 17 1
e 16 17 2
e 16 34 1
e 17 35 1
e 18 19 1
e 19 37 1
e 19 38 1
e 19 39 1
t # 37362
v 0 11
v 1 11
v 2 1
v 3 2
v 4 2
v 5 3
v 6 3
v 7 3
v 8 3
v 9 3
v 10 3
v 11 3
v 12 3
v 13 3
v 14 3
v 15 3
v 16 3
v 17 4
v 18 4
v 19 4
v 20 4
v 21 4
v 22 4
v 23 4
v 24 4
v 25 4
v 26 4
v 27 4
v 28 4
e 0 5 1
e 0 11 1
e 1 11 1
e 1 13 1
e 2 12 2
e 3 6 1
e 3 11 2
e 4 7 1
e 4 12 1
e 4 20 1
e 5 6 2
e 5 8 1
e 6 9 1
e 7 8 2
e 7 10 1
e 8 17 1
e 9 10 2
e 9 18 1
e 10 19 1
e 12 14 1
e 13 15 1
e 13 21 1
e 13 22 1
e 14 23 1
e 14 24 1
e 14 25 1
e 15 16 2
e 15 26 1
e 16 27 1
e 16 28 1
t # 37363
v 0 11
v 1 11
v 2 1
v 3 2
v 4 2
v 5 3
v 6 3
v 7 3
v 8 3
v 9 3
v 10 3
v 11 3
v 12 3
v 13 3
v 14 3
v 15 3
v 16 3
v 17 4
v 18 4
v 19 4
v 20 4
v 21 4
v 22 4
v 23 4
v 24 4
v 25 4
v 26 4
v 27 4
v 28 4
v 29 4
v 30 4
e 0 5 1
e 0 10 1
e 1 6 1
e 1 10 1
e 2 15 2
e 3 7 1
e 3 10 2
e 4 8 1
e 4 15 1
e 4 27 1
e 5 12 1
e 5 13 1
e 5 17 1
e 6 7 2
e 6 9 1
e 7 11 1
e 8 9 2
e 8 14 1
e 9 18 1
e 11 14 2
e 11 19 1
e 12 20 1
e 12 21 1
e 12 22 1
e 13 23 1
e 13 24 1
e 13 25 1
e 14 26 1
e 15 16 1
e 16 28 1
e 16 29 1
e 16 30 1
t # 37364
v 0 11
v 1 11
v 2 1
v 3 2
v 4 2
v 5 3
v 6 3
v 7 3
v 8 3
v 9 3
v 10 3
v 11 3
v 12 3
v 13 3
v 14 3
v 15 4
v 16 4
v 17 4
v 18 4
v 19 4
v 20 4
v 21 4
v 22 4
v 23 4
v 24 4
e 0 5 1
e 0 11 1
e 1 11 1
e 1 14 1
e 2 12 2
e 3 7 1
e 3 12 1
e 3 18 1
e 4 6 1
e 4 11 2
e 5 6 2
e 5 8 1
e 6 9 1
e 7 8 2
e 7 10 1
e 8 15 1
e 9 10 2
e 9 16 1
e 10 17 1
e 12 13 1
e 13 19 1
e 13 20 1
e 13 21 1
e 14 22 1
e 14 23 1
e 14 24 1
t # 37365
v 0 11
v 1 11
v 2 11
v 3 11
v 4 1
v 5 2
v 6 2
v 7 2
v 8 3
v 9 3
v 10 3
v 11 3
v 12 3
v 13 3
v 14 3
v 15 3
v 16 3
v 17 3
v 18 3
v 19 3
v 20 3
v 21 3
v 22 3
v 23 3
v 24 3
v 25 3
v 26 3
v 27 3
v 28 3
v 29 3
v 30 4
v 31 4
v 32 4
v 33 4
v 34 4
v 35 4
v 36 4
v 37 4
v 38 4
v 39 4
v 40 4
v 41 4
v 42 4
v 43 4
v 44 4
v 45 4
v 46 4
v 47 4
v 48 4
v 49 4
v 50 4
v 51 4
v 52 4
v 53 4
v 54 4
e 0 15 1
e 0 17 1
e 1 16 1
e 1 18 1
e 4 12 1
e 4 21 1
e 5 8 1
e 5 9 1
e 5 10 1
e 6 9 1
e 6 13 1
e 6 15 1
e 7 10 1
e 7 14 1
e 7 16 1
e 8 11 1
e 8 30 1
e 8 31 1
e 9 32 1
e 9 33 1
e 10 34 1
e 10 35 1
e 11 12 1
e 11 36 1
e 11 37 1
e 12 38 1
e 12 39 1
e 13 17 1
e 13 19 2
e 14 18 1
e 14 20 2
e 17 22 2
e 18 23 2
e 19 24 1
e 19 40 1
e 20 25 1
e 20 41 1
e 21 28 1
e 21 29 1
e 21 42 1
e 22 26 1
e 22 43 1
e 23 27 1
e 23 44 1
e 24 26 2
e 24 45 1
e 25 27 2
e 25 46 1
e 26 47 1
e 27 48 1
e 28 49 1
e 28 50 1
e 28 51 1
e 29 52 1
e 29 53 1
e 29 54 1
t # 37366
v 0 11
v 1 11
v 2 11
v 3 11
v 4 1
v 5 2
v 6 2
v 7 2
v 8 2
v 9 3
v 10 3
v 11 3
v 12 3
v 13 3
v 14 3
v 15 3
v 16 3
v 17 3
v 18 3
v 19 3
v 20 3
v 21 3
v 22 3
v 23 3
v 24 3
v 25 3
v 26 3
v 27 3
v 28 3
v 29 3
v 30 4
v 31 4
v 32 4
v 33 4
v 34 4
v 35 4
v 36 4
v 37 4
v 38 4
v 39 4
v 40 4
v 41 4
v 42 4
v 43 4
v 44 4
v 45 4
v 46 4
v 47 4
v 48 4
v 49 4
v 50 4
v 51 4
e 0 14 1
e 0 18 1
e 1 15 1
e 1 19 1
e 4 17 2
e 5 8 1
e 5 9 1
e 5 10 1
e 6 9 1
e 6 11 1
e 6 18 1
e 7 10 1
e 7 12 1
e 7 19 1
e 8 17 1
e 8 34 1
e 9 30 1
e 9 31 1
e 10 32 1
e 10 33 1
e 11 14 1
e 11 21 2
e 12 15 1
e 12 22 2
e 13 16 1
e 13 17 1
e 13 35 1
e 13 36 1
e 14 23 2
e 15 24 2
e 16 20 1
e 16 37 1
e 16 38 1
e 20 29 1
e 20 39 1
e 20 40 1
e 21 25 1
e 21 41 1
e 22 26 1
e 22 42 1
e 23 27 1
e 23 43 1
e 24 28 1
e 24 44 1
e 25 27 2
e 25 45 1
e 26 28 2
e 26 46 1
e 27 47 1
e 28 48 1
e 29 49 1
e 29 50 1
e 29 51 1
t # 37367
v 0 11
v 1 11
v 2 2
v 3 2
v 4 2
v 5 2
v 6 2
v 7 2
v 8 3
v 9 3
v 10 3
v 11 3
v 12 3
v 13 3
v 14 3
v 15 3
v 16 3
v 17 3
v 18 3
v 19 3
v 20 3
v 21 3
v 22 3
v 23 3
v 24 4
v 25 4
v 26 4
v 27 4
v 28 4
v 29 4
v 30 4
v 31 4
v 32 4
v 33 4
v 34 4
v 35 4
v 36 4
v 37 4
e 0 9 1
e 0 16 1
e 1 16 1
e 1 21 1
e 2 3 1
e 2 8 1
e 2 26 1
e 3 5 1
e 3 14 1
e 4 10 1
e 4 16 2
e 6 7 1
e 6 14 2
e 8 11 2
e 8 12 1
e 9 10 2
e 9 11 1
e 10 13 1
e 11 24 1
e 12 13 2
e 12 25 1
e 13 27 1
e 14 15 1
e 15 17 2
e 15 18 1
e 17 19 1
e 17 28 1
e 18 20 2
e 18 29 1
e 19 22 2
e 19 30 1
e 20 22 1
e 20 31 1
e 21 23 1
e 21 32 1
e 21 33 1
e 22 34 1
e 23 35 1
e 23 36 1
e 23 37 1
t # 37368
v 0 11
v 1 11
v 2 11
v 3 11
v 4 1
v 5 1
v 6 2
v 7 2
v 8 2
v 9 2
v 10 3
v 11 3
v 12 3
v 13 3
v 14 3
v 15 3
v 16 3
v 17 3
v 18 3
v 19 3
v 20 3
v 21 3
v 22 3
v 23 3
v 24 3
v 25 3
v 26 3
v 27 3
v 28 4
v 29 4
v 30 4
v 31 4
v 32 4
v 33 4
v 34 4
v 35 4
v 36 4
v 37 4
v 38 4
v 39 4
v 40 4
v 41 4
e 0 12 1
e 0 14 1
e 1 19 1
e 1 24 1
e 3 24 1
e 3 25 1
e 6 10 1
e 6 11 1
e 6 14 1
e 7 11 1
e 7 13 1
e 7 30 1
e 8 22 1
e 8 24 2
e 9 18 1
e 10 12 2
e 10 15 1
e 11 28 1
e 11 29 1
e 12 16 1
e 13 17 2
e 13 21 1
e 15 20 2
e 15 31 1
e 16 18 2
e 16 32 1
e 17 19 1
e 17 33 1
e 18 20 1
e 19 22 2
e 20 34 1
e 21 23 2
e 21 35 1
e 22 23 1
e 23 36 1
e 25 26 1
e 25 37 1
e 25 38 1
e 26 27 2
e 26 39 1
e 27 40 1
e 27 41 1
t # 37369
v 0 11
v 1 11
v 2 11
v 3 11
v 4 2
v 5 2
v 6 2
v 7 3
v 8 3
v 9 3
v 10 3
v 11 3
v 12 3
v 13 3
v 14 3
v 15 3
v 16 3
v 17 3
v 18 3
v 19 3
v 20 3
v 21 3
v 22 3
v 23 3
v 24 3
v 25 4
v 26 4
v 27 4
v 28 4
v 29 4
v 30 4
v 31 4
v 32 4
v 33 4
v 34 4
v 35 4
v 36 4
v 37 4
v 38 4
v 39 4
e 0 9 1
e 0 11 1
e 1 14 1
e 1 21 1
e 3 21 1
e 3 22 1
e 4 7 1
e 4 8 1
e 4 11 1
e 5 7 1
e 5 10 1
e 5 27 1
e 6 15 1
e 6 21 2
e 7 25 1
e 7 26 1
e 8 9 1
e 8 12 2
e 9 17 2
e 10 13 2
e 10 16 1
e 12 19 1
e 12 28 1
e 13 14 1
e 13 29 1
e 14 15 2
e 15 18 1
e 16 18 2
e 16 30 1
e 17 20 1
e 17 31 1
e 18 32 1
e 19 20 2
e 19 33 1
e 20 34 1
e 22 23 1
e 22 35 1
e 22 36 1
e 23 24 2
e 23 37 1
e 24 38 1
e 24 39 1
t # 37370
v 0 11
v 1 11
v 2 2
v 3 3
v 4 3
v 5 3
v 6 3
v 7 3
v 8 3
v 9 3
v 10 3
v 11 3
v 12 3
v 13 4
v 14 4
v 15 4
v 16 4
v 17 4
v 18 4
v 19 4
e 0 3 1
e 0 7 1
e 1 7 1
e 1 10 1
e 2 4 1
e 2 7 2
e 3 4 1
e 3 5 2
e 4 6 2
e 5 8 1
e 5 13 1
e 6 9 1
e 6 14 1
e 8 9 2
e 8 15 1
e 9 16 1
e 10 11 1
e 10 17 1
e 10 18 1
e 12 19 1
t # 37371
v 0 1
v 1 1
v 2 3
v 3 3
v 4 3
v 5 3
v 6 3
v 7 3
v 8 3
v 9 3
v 10 3
v 11 3
v 12 3
v 13 3
v 14 3
v 15 3
v 16 3
v 17 3
v 18 3
v 19 3
v 20 4
v 21 4
v 22 4
v 23 4
v 24 4
v 25 4
v 26 4
v 27 4
v 28 4
v 29 4
v 30 4
v 31 4
v 32 4
v 33 4
v 34 4
v 35 4
v 36 4
v 37 4
v 38 4
v 39 4
v 40 4
v 41 4
v 42 4
v 43 4
e 0 4 2
e 1 5 2
e 2 4 1
e 2 5 1
e 2 6 1
e 2 8 1
e 3 4 1
e 3 5 1
e 3 7 1
e 3 9 1
e 6 10 1
e 6 20 1
e 6 21 1
e 7 11 1
e 7 22 1
e 7 23 1
e 8 12 1
e 8 24 1
e 8 25 1
e 9 13 1
e 9 26 1
e 9 27 1
e 10 14 1
e 10 28 1
e 10 29 1
e 11 15 1
e 11 30 1
e 11 31 1
e 12 14 2
e 12 16 1
e 13 15 2
e 13 17 1
e 14 18 1
e 15 19 1
e 16 32 1
e 16 33 1
e 16 34 1
e 17 35 1
e 17 36 1
e 17 37 1
e 18 38 1
e 18 39 1
e 18 40 1
e 19 41 1
e 19 42 1
e 19 43 1
t # 37372
v 0 38
v 1 2
v 2 2
v 3 3
v 4 3
v 5 3
v 6 3
v 7 3
v 8 3
v 9 3
v 10 3
v 11 3
v 12 3
v 13 3
v 14 3
v 15 3
v 16 3
v 17 4
v 18 4
v 19 4
v 20 4
v 21 4
v 22 4
v 23 4
v 24 4
v 25 4
v 26 4
e 1 5 2
e 1 6 1
e 2 6 2
e 3 5 1
e 3 7 2
e 3 8 1
e 4 6 1
e 4 9 2
e 4 10 1
e 7 11 1
e 7 17 1
e 8 12 2
e 8 18 1
e 9 13 1
e 9 19 1
e 10 14 2
e 10 20 1
e 11 15 2
e 11 21 1
e 12 15 1
e 12 22 1
e 13 16 2
e 13 23 1
e 14 16 1
e 14 24 1
e 15 25 1
e 16 26 1
t # 37373
v 0 12
v 1 12
v 2 1
v 3 1
v 4 2
v 5 2
v 6 2
v 7 2
v 8 3
v 9 3
v 10 3
v 11 3
v 12 3
v 13 3
v 14 3
v 15 3
v 16 3
v 17 3
v 18 4
v 19 4
v 20 4
v 21 4
v 22 4
v 23 4
v 24 4
v 25 4
v 26 4
v 27 4
v 28 4
v 29 4
e 0 12 1
e 1 16 1
e 2 11 2
e 3 13 2
e 4 8 1
e 4 9 1
e 4 11 1
e 5 11 1
e 5 13 1
e 5 14 1
e 6 10 1
e 6 16 1
e 6 23 1
e 7 9 1
e 7 16 2
e 8 12 1
e 8 18 1
e 8 19 1
e 9 10 2
e 10 13 1
e 12 15 1
e 12 20 1
e 14 17 1
e 14 21 1
e 14 22 1
e 15 24 1
e 15 25 1
e 15 26 1
e 17 27 1
e 17 28 1
e 17 29 1
t # 37374
v 0 12
v 1 1
v 2 1
v 3 1
v 4 1
v 5 2
v 6 2
v 7 2
v 8 2
v 9 2
v 10 2
v 11 2
v 12 2
v 13 3
v 14 3
v 15 3
v 16 3
v 17 3
v 18 3
v 19 3
v 20 3
v 21 3
v 22 3
v 23 3
v 24 3
v 25 3
v 26 3
v 27 3
v 28 3
v 29 3
v 30 3
v 31 4
v 32 4
v 33 4
v 34 4
v 35 4
v 36 4
v 37 4
v 38 4
v 39 4
v 40 4
v 41 4
v 42 4
v 43 4
v 44 4
v 45 4
v 46 4
v 47 4
v 48 4
v 49 4
v 50 4
v 51 4
e 0 22 1
e 1 18 2
e 2 19 2
e 3 20 2
e 4 21 2
e 5 13 1
e 5 15 1
e 5 22 1
e 6 14 1
e 6 19 1
e 6 23 1
e 7 16 1
e 7 21 1
e 7 24 1
e 8 18 1
e 8 19 1
e 8 25 1
e 9 15 1
e 9 17 1
e 9 31 1
e 10 20 1
e 10 21 1
e 10 26 1
e 11 15 2
e 11 16 1
e 12 14 1
e 12 22 2
e 13 14 2
e 13 18 1
e 16 17 2
e 17 20 1
e 23 27 1
e 23 32 1
e 23 33 1
e 24 28 1
e 24 34 1
e 24 35 1
e 25 29 1
e 25 36 1
e 25 37 1
e 26 30 1
e 26 38 1
e 26 39 1
e 27 40 1
e 27 41 1
e 27 42 1
e 28 43 1
e 28 44 1
e 28 45 1
e 29 46 1
e 29 47 1
e 29 48 1
e 30 49 1
e 30 50 1
e 30 51 1
t # 37375
v 0 12
v 1 1
v 2 1
v 3 2
v 4 2
v 5 2
v 6 2
v 7 2
v 8 3
v 9 3
v 10 3
v 11 3
v 12 3
v 13 3
v 14 3
v 15 3
v 16 4
v 17 4
v 18 4
v 19 4
v 20 4
v 21 4
v 22 4
v 23 4
v 24 4
v 25 4
e 0 14 1
e 1 9 2
e 2 13 2
e 3 8 1
e 3 9 1
e 3 10 1
e 4 9 1
e 4 12 1
e 4 13 1
e 5 7 1
e 5 8 2
e 6 7 1
e 6 11 2
e 7 25 1
e 8 11 1
e 10 14 1
e 10 16 1
e 10 17 1
e 11 13 1
e 12 15 1
e 12 18 1
e 12 19 1
e 14 20 1
e 14 21 1
e 15 22 1
e 15 23 1
e 15 24 1
t # 37376
v 0 1
v 1 1
v 2 2
v 3 2
v 4 2
v 5 2
v 6 3
v 7 3
v 8 3
v 9 3
v 10 3
v 11 3
v 12 3
v 13 4
v 14 4
v 15 4
v 16 4
v 17 4
v 18 4
v 19 4
v 20 4
e 0 8 2
e 1 9 2
e 2 6 1
e 2 8 1
e 2 10 1
e 3 8 1
e 3 9 1
e 3 12 1
e 4 5 1
e 4 6 1
e 4 13 1
e 5 11 2
e 6 7 2
e 7 9 1
e 7 11 1
e 10 14 1
e 10 15 1
e 10 16 1
e 11 17 1
e 12 18 1
e 12 19 1
e 12 20 1
t # 37377
v 0 12
v 1 1
v 2 1
v 3 1
v 4 2
v 5 2
v 6 2
v 7 2
v 8 3
v 9 3
v 10 3
v 11 3
v 12 3
v 13 3
v 14 3
v 15 3
v 16 3
v 17 3
v 18 4
v 19 4
v 20 4
v 21 4
v 22 4
v 23 4
v 24 4
v 25 4
v 26 4
v 27 4
v 28 4
v 29 4
v 30 4
e 0 15 1
e 1 14 1
e 1 17 1
e 2 11 2
e 3 12 2
e 4 8 1
e 4 9 1
e 4 11 1
e 5 11 1
e 5 12 1
e 5 13 1
e 6 10 1
e 6 15 1
e 6 24 1
e 7 8 1
e 7 15 2
e 8 10 2
e 9 14 1
e 9 18 1
e 9 19 1
e 10 12 1
e 13 16 1
e 13 20 1
e 13 21 1
e 14 22 1
e 14 23 1
e 16 25 1
e 16 26 1
e 16 27 1
e 17 28 1
e 17 29 1
e 17 30 1
t # 37378
v 0 1
v 1 2
v 2 2
v 3 3
v 4 3
v 5 3
v 6 3
v 7 3
v 8 3
v 9 4
v 10 4
v 11 4
v 12 4
v 13 4
v 14 4
v 15 4
v 16 4
v 17 4
v 18 4
e 0 7 1
e 0 18 1
e 1 2 1
e 1 5 1
e 1 14 1
e 2 4 2
e 3 4 1
e 3 7 1
e 3 9 1
e 3 10 1
e 4 6 1
e 5 6 2
e 5 8 1
e 6 11 1
e 7 12 1
e 7 13 1
e 8 15 1
e 8 16 1
e 8 17 1
t # 37379
v 0 18
v 1 2
v 2 2
v 3 3
v 4 3
v 5 3
v 6 3
v 7 3
v 8 3
v 9 3
v 10 3
v 11 3
v 12 3
v 13 3
v 14 3
v 15 3
v 16 3
v 17 4
v 18 4
v 19 4
v 20 4
v 21 4
v 22 4
v 23 4
v 24 4
v 25 4
e 1 4 1
e 1 5 2
e 3 5 1
e 3 6 2
e 3 7 1
e 4 10 2
e 4 11 1
e 5 16 1
e 6 8 1
e 6 17 1
e 7 9 2
e 7 18 1
e 8 12 2
e 9 12 1
e 9 19 1
e 10 13 1
e 10 20 1
e 11 14 2
e 11 21 1
e 12 22 1
e 13 15 2
e 13 23 1
e 14 15 1
e 14 24 1
e 15 25 1
t # 37380
v 0 1
v 1 1
v 2 1
v 3 2
v 4 3
v 5 3
v 6 3
v 7 3
v 8 3
v 9 3
v 10 3
v 11 3
v 12 3
v 13 3
v 14 3
v 15 3
v 16 3
v 17 3
v 18 3
v 19 3
v 20 3
v 21 4
v 22 4
v 23 4
v 24 4
v 25 4
v 26 4
v 27 4
v 28 4
v 29 4
v 30 4
v 31 4
v 32 4
v 33 4
v 34 4
v 35 4
e 0 6 1
e 0 32 1
e 1 7 2
e 2 8 2
e 3 4 1
e 3 7 1
e 3 8 1
e 4 5 1
e 4 6 1
e 4 21 1
e 5 11 1
e 5 22 1
e 5 23 1
e 6 24 1
e 6 25 1
e 7 9 1
e 8 10 1
e 9 10 1
e 9 12 2
e 10 13 2
e 11 14 2
e 11 15 1
e 12 16 1
e 12 26 1
e 13 17 1
e 13 27 1
e 14 18 1
e 14 28 1
e 15 19 2
e 15 29 1
e 16 17 2
e 16 30 1
e 17 31 1
e 18 20 2
e 18 33 1
e 19 20 1
e 19 34 1
e 20 35 1
t # 37381
v 0 11
v 1 11
v 2 2
v 3 2
v 4 3
v 5 3
v 6 3
v 7 3
v 8 3
v 9 3
v 10 3
v 11 3
v 12 3
v 13 3
v 14 3
v 15 3
v 16 3
v 17 3
v 18 4
v 19 4
v 20 4
v 21 4
v 22 4
v 23 4
v 24 4
v 25 4
v 26 4
v 27 4
v 28 4
v 29 4
v 30 4
v 31 4
e 0 4 1
e 0 8 1
e 1 5 1
e 1 9 1
e 2 8 1
e 2 16 2
e 3 9 1
e 3 17 2
e 4 6 1
e 4 18 1
e 4 19 1
e 5 7 1
e 5 20 1
e 5 21 1
e 6 7 2
e 6 22 1
e 7 23 1
e 8 10 2
e 9 11 2
e 10 12 1
e 10 24 1
e 11 13 1
e 11 25 1
e 12 14 2
e 12 26 1
e 13 15 2
e 13 27 1
e 14 16 1
e 14 28 1
e 15 17 1
e 15 29 1
e 16 30 1
e 17 31 1
t # 37382
v 0 1
v 1 1
v 2 2
v 3 2
v 4 2
v 5 2
v 6 2
v 7 3
v 8 3
v 9 3
v 10 3
v 11 3
v 12 3
v 13 3
v 14 3
v 15 3
v 16 3
v 17 3
v 18 3
v 19 3
v 20 3
v 21 3
v 22 3
v 23 3
v 24 3
v 25 3
v 26 3
v 27 3
v 28 4
v 29 4
v 30 4
v 31 4
v 32 4
v 33 4
v 34 4
v 35 4
v 36 4
v 37 4
v 38 4
v 39 4
v 40 4
v 41 4
v 42 4
v 43 4
v 44 4
v 45 4
v 46 4
v 47 4
v 48 4
e 0 13 2
e 1 15 2
e 2 7 1
e 2 13 1
e 2 15 1
e 3 10 1
e 3 12 1
e 3 16 1
e 4 9 1
e 4 19 1
e 4 20 1
e 5 11 2
e 5 14 1
e 6 10 2
e 6 15 1
e 7 8 1
e 7 28 1
e 7 29 1
e 8 9 1
e 8 30 1
e 8 31 1
e 9 32 1
e 9 33 1
e 10 11 1
e 11 13 1
e 12 14 1
e 12 17 2
e 14 18 2
e 16 21 2
e 16 22 1
e 17 23 1
e 17 34 1
e 18 24 1
e 18 35 1
e 19 36 1
e 19 37 1
e 19 38 1
e 20 39 1
e 20 40 1
e 20 41 1
e 21 25 1
e 21 42 1
e 22 26 2
e 22 43 1
e 23 24 2
e 23 44 1
e 24 45 1
e 25 27 2
e 25 46 1
e 26 27 1
e 26 47 1
e 27 48 1
t # 37383
v 0 1
v 1 1
v 2 2
v 3 2
v 4 2
v 5 2
v 6 2
v 7 3
v 8 3
v 9 3
v 10 3
v 11 3
v 12 3
v 13 3
v 14 3
v 15 3
v 16 3
v 17 3
v 18 3
v 19 3
v 20 3
v 21 3
v 22 3
v 23 3
v 24 3
v 25 3
v 26 3
v 27 3
v 28 3
v 29 4
v 30 4
v 31 4
v 32 4
v 33 4
v 34 4
v 35 4
v 36 4
v 37 4
v 38 4
v 39 4
v 40 4
v 41 4
v 42 4
v 43 4
v 44 4
v 45 4
v 46 4
v 47 4
e 0 12 2
e 1 16 2
e 2 8 1
e 2 11 1
e 2 15 1
e 3 7 1
e 3 12 1
e 3 16 1
e 4 10 2
e 4 13 1
e 5 8 2
e 5 16 1
e 6 14 1
e 6 23 1
e 6 37 1
e 7 9 1
e 7 29 1
e 7 30 1
e 8 10 1
e 9 14 1
e 9 31 1
e 9 32 1
e 10 12 1
e 11 13 1
e 11 17 2
e 13 18 2
e 14 33 1
e 14 34 1
e 15 19 2
e 15 20 1
e 17 21 1
e 17 35 1
e 18 22 1
e 18 36 1
e 19 24 1
e 19 38 1
e 20 25 2
e 20 39 1
e 21 22 2
e 21 40 1
e 22 41 1
e 23 27 1
e 23 42 1
e 23 43 1
e 24 26 2
e 24 44 1
e 25 26 1
e 25 45 1
e 26 46 1
e 28 47 1
t # 37384
v 0 1
v 1 1
v 2 2
v 3 2
v 4 2
v 5 2
v 6 2
v 7 2
v 8 3
v 9 3
v 10 3
v 11 3
v 12 3
v 13 3
v 14 3
v 15 3
v 16 3
v 17 3
v 18 3
v 19 3
v 20 3
v 21 3
v 22 3
v 23 4
v 24 4
v 25 4
v 26 4
v 27 4
v 28 4
v 29 4
v 30 4
v 31 4
v 32 4
e 2 4 1
e 2 8 1
e 2 9 1
e 3 9 1
e 3 12 2
e 5 11 1
e 6 12 1
e 6 31 1
e 6 32 1
e 7 22 1
e 8 10 1
e 8 14 2
e 9 11 2
e 10 12 1
e 10 15 2
e 11 13 1
e 13 16 2
e 13 17 1
e 14 18 1
e 14 23 1
e 15 19 1
e 15 24 1
e 16 20 1
e 16 25 1
e 17 21 2
e 17 26 1
e 18 19 2
e 18 27 1
e 19 28 1
e 20 22 2
e 20 29 1
e 21 22 1
e 21 30 1
t # 37385
v 0 1
v 1 1
v 2 1
v 3 2
v 4 3
v 5 3
v 6 3
v 7 3
v 8 3
v 9 3
v 10 3
v 11 3
v 12 3
v 13 3
v 14 3
v 15 3
v 16 4
v 17 4
v 18 4
v 19 4
v 20 4
v 21 4
v 22 4
e 0 4 1
e 0 13 1
e 1 5 1
e 1 14 1
e 2 7 2
e 4 7 1
e 4 9 2
e 5 8 1
e 5 10 2
e 6 7 1
e 6 8 2
e 6 15 1
e 8 16 1
e 9 11 1
e 9 17 1
e 10 12 1
e 10 18 1
e 11 13 2
e 11 19 1
e 12 14 2
e 12 20 1
e 13 21 1
e 14 22 1
t # 37386
v 0 11
v 1 14
v 2 14
v 3 14
v 4 14
v 5 14
v 6 14
v 7 1
v 8 1
v 9 2
v 10 2
v 11 2
v 12 3
v 13 3
v 14 3
v 15 3
v 16 3
v 17 3
v 18 3
v 19 3
v 20 3
v 21 3
v 22 3
v 23 3
v 24 3
v 25 3
v 26 4
v 27 4
v 28 4
v 29 4
v 30 4
v 31 4
v 32 4
v 33 4
v 34 4
e 0 7 2
e 0 8 2
e 0 12 1
e 9 20 2
e 10 20 1
e 10 31 1
e 10 32 1
e 11 24 2
e 11 25 1
e 12 15 2
e 12 16 1
e 13 16 2
e 13 17 1
e 13 18 1
e 14 15 1
e 14 17 2
e 14 19 1
e 15 26 1
e 16 27 1
e 17 28 1
e 20 21 1
e 21 22 2
e 21 23 1
e 22 24 1
e 22 29 1
e 23 25 2
e 23 30 1
e 24 33 1
e 25 34 1
t # 37387
v 0 1
v 1 1
v 2 2
v 3 2
v 4 2
v 5 2
v 6 2
v 7 2
v 8 3
v 9 3
v 10 3
v 11 3
v 12 3
v 13 3
v 14 3
v 15 3
v 16 3
v 17 3
v 18 3
v 19 3
v 20 3
v 21 3
v 22 4
v 23 4
v 24 4
v 25 4
v 26 4
v 27 4
v 28 4
v 29 4
v 30 4
v 31 4
v 32 4
v 33 4
v 34 4
v 35 4
e 0 10 1
e 0 11 1
e 1 12 2
e 2 8 1
e 2 9 1
e 2 12 1
e 3 6 1
e 3 14 1
e 3 15 1
e 4 14 1
e 4 17 2
e 5 13 1
e 7 17 1
e 7 34 1
e 7 35 1
e 8 10 1
e 8 22 1
e 8 23 1
e 9 11 1
e 9 24 1
e 9 25 1
e 10 26 1
e 10 27 1
e 11 28 1
e 11 29 1
e 12 13 1
e 13 14 2
e 15 16 1
e 15 18 2
e 16 17 1
e 16 19 2
e 18 20 1
e 18 30 1
e 19 21 1
e 19 31 1
e 20 21 2
e 20 32 1
e 21 33 1
t # 37388
v 0 12
v 1 12
v 2 11
v 3 1
v 4 2
v 5 2
v 6 2
v 7 2
v 8 3
v 9 3
v 10 3
v 11 3
v 12 3
v 13 3
v 14 3
v 15 3
v 16 3
v 17 3
v 18 3
v 19 3
v 20 3
v 21 3
v 22 4
v 23 4
v 24 4
v 25 4
v 26 4
v 27 4
v 28 4
v 29 4
v 30 4
v 31 4
e 0 14 1
e 1 17 1
e 2 13 1
e 2 21 1
e 3 11 2
e 4 9 1
e 4 12 1
e 4 22 1
e 5 6 1
e 5 10 1
e 5 23 1
e 6 9 2
e 7 10 1
e 7 26 1
e 7 27 1
e 8 9 1
e 8 10 2
e 8 11 1
e 11 13 1
e 12 14 2
e 12 15 1
e 13 16 2
e 14 17 1
e 15 18 2
e 15 24 1
e 16 20 1
e 16 25 1
e 17 19 2
e 18 19 1
e 18 28 1
e 19 29 1
e 20 21 2
e 20 30 1
e 21 31 1
t # 37389
v 0 1
v 1 1
v 2 2
v 3 2
v 4 2
v 5 3
v 6 3
v 7 3
v 8 3
v 9 3
v 10 3
v 11 3
v 12 3
v 13 3
v 14 3
v 15 3
v 16 3
v 17 3
v 18 3
v 19 3
v 20 3
v 21 3
v 22 3
v 23 3
v 24 3
v 25 3
v 26 3
v 27 3
v 28 3
v 29 3
v 30 3
v 31 3
v 32 3
v 33 4
v 34 4
v 35 4
v 36 4
v 37 4
v 38 4
v 39 4
v 40 4
v 41 4
v 42 4
v 43 4
v 44 4
v 45 4
v 46 4
v 47 4
v 48 4
v 49 4
v 50 4
v 51 4
v 52 4
v 53 4
v 54 4
v 55 4
v 56 4
v 57 4
v 58 4
v 59 4
e 0 8 1
e 0 9 1
e 1 12 1
e 1 22 1
e 2 5 1
e 2 6 1
e 2 7 1
e 3 4 1
e 3 16 2
e 4 19 2
e 5 8 1
e 5 33 1
e 5 34 1
e 6 9 1
e 6 35 1
e 6 36 1
e 7 10 1
e 7 37 1
e 7 38 1
e 8 39 1
e 8 40 1
e 9 41 1
e 9 42 1
e 10 11 1
e 10 12 2
e 11 13 2
e 11 43 1
e 12 14 1
e 13 15 1
e 13 16 1
e 14 15 2
e 14 44 1
e 15 45 1
e 16 17 1
e 17 18 2
e 17 46 1
e 18 19 1
e 18 20 1
e 19 21 1
e 20 23 2
e 20 24 1
e 21 25 2
e 21 26 1
e 22 47 1
e 22 48 1
e 22 49 1
e 23 27 1
e 23 50 1
e 24 28 2
e 24 51 1
e 25 30 1
e 25 52 1
e 26 31 2
e 26 53 1
e 27 29 2
e 27 54 1
e 28 29 1
e 28 55 1
e 29 56 1
e 30 32 2
e 30 57 1
e 31 32 1
e 31 58 1
e 32 59 1
t # 37390
v 0 1
v 1 2
v 2 2
v 3 2
v 4 2
v 5 2
v 6 2
v 7 3
v 8 3
v 9 3
v 10 3
v 11 3
v 12 3
v 13 3
v 14 3
v 15 3
v 16 3
v 17 4
v 18 4
v 19 4
v 20 4
v 21 4
v 22 4
v 23 4
v 24 4
e 0 16 2
e 1 3 1
e 1 7 1
e 1 9 1
e 2 9 1
e 2 10 2
e 4 12 1
e 5 10 1
e 5 21 1
e 5 22 1
e 6 16 1
e 6 23 1
e 6 24 1
e 7 8 1
e 7 11 2
e 8 10 1
e 8 13 2
e 9 12 2
e 11 14 1
e 11 17 1
e 12 16 1
e 13 15 1
e 13 18 1
e 14 15 2
e 14 19 1
e 15 20 1
t # 37391
v 0 1
v 1 1
v 2 1
v 3 2
v 4 2
v 5 3
v 6 3
v 7 3
v 8 3
v 9 3
v 10 3
v 11 3
v 12 3
v 13 3
v 14 3
v 15 3
v 16 3
v 17 3
v 18 3
v 19 3
v 20 3
v 21 3
v 22 3
v 23 3
v 24 3
v 25 3
v 26 3
v 27 4
v 28 4
v 29 4
v 30 4
v 31 4
v 32 4
v 33 4
v 34 4
v 35 4
v 36 4
v 37 4
v 38 4
v 39 4
v 40 4
v 41 4
v 42 4
e 0 7 1
e 0 16 1
e 1 17 1
e 1 19 1
e 2 16 2
e 3 5 1
e 3 10 2
e 4 17 1
e 4 21 2
e 5 6 2
e 5 7 1
e 6 8 1
e 6 9 1
e 7 11 2
e 8 12 2
e 8 27 1
e 9 13 2
e 9 28 1
e 10 12 1
e 10 15 1
e 11 13 1
e 11 29 1
e 12 30 1
e 13 31 1
e 14 16 1
e 14 17 2
e 14 18 1
e 15 32 1
e 15 33 1
e 15 34 1
e 18 20 2
e 18 35 1
e 19 22 2
e 19 23 1
e 20 21 1
e 20 36 1
e 21 37 1
e 22 24 1
e 22 38 1
e 23 25 2
e 23 39 1
e 24 26 2
e 24 40 1
e 25 26 1
e 25 41 1
e 26 42 1
t # 37392
v 0 1
v 1 1
v 2 1
v 3 1
v 4 1
v 5 2
v 6 2
v 7 3
v 8 3
v 9 3
v 10 3
v 11 3
v 12 3
v 13 3
v 14 3
v 15 3
v 16 3
v 17 3
v 18 3
v 19 3
v 20 3
v 21 3
v 22 3
v 23 4
v 24 4
v 25 4
v 26 4
v 27 4
v 28 4
v 29 4
v 30 4
v 31 4
v 32 4
v 33 4
v 34 4
v 35 4
v 36 4
v 37 4
v 38 4
v 39 4
v 40 4
e 0 13 1
e 0 20 1
e 1 14 1
e 1 21 1
e 2 15 1
e 2 22 1
e 3 10 2
e 4 18 2
e 5 6 1
e 5 7 1
e 5 10 1
e 6 16 2
e 7 9 2
e 7 17 1
e 8 10 1
e 8 11 2
e 8 12 1
e 9 16 1
e 9 18 1
e 11 14 1
e 11 23 1
e 12 13 2
e 12 24 1
e 13 15 1
e 14 15 2
e 16 25 1
e 17 26 1
e 17 27 1
e 17 28 1
e 18 19 1
e 19 29 1
e 19 30 1
e 19 31 1
e 20 32 1
e 20 33 1
e 20 34 1
e 21 35 1
e 21 36 1
e 21 37 1
e 22 38 1
e 22 39 1
e 22 40 1
t # 37393
v 0 11
v 1 11
v 2 2
v 3 2
v 4 2
v 5 2
v 6 3
v 7 3
v 8 3
v 9 3
v 10 3
v 11 4
v 12 4
v 13 4
v 14 4
v 15 4
v 16 4
v 17 4
v 18 4
e 0 7 1
e 0 9 1
e 1 8 1
e 1 10 1
e 2 6 1
e 2 9 2
e 3 6 1
e 3 10 2
e 4 9 1
e 4 15 1
e 4 16 1
e 5 10 1
e 5 17 1
e 5 18 1
e 6 7 1
e 6 8 1
e 7 11 1
e 7 12 1
e 8 13 1
e 8 14 1
t # 37394
v 0 12
v 1 1
v 2 1
v 3 2
v 4 2
v 5 3
v 6 3
v 7 3
v 8 3
v 9 3
v 10 3
v 11 3
v 12 3
v 13 3
v 14 3
v 15 3
v 16 3
v 17 3
v 18 3
v 19 3
v 20 3
v 21 4
v 22 4
v 23 4
v 24 4
v 25 4
v 26 4
v 27 4
v 28 4
v 29 4
v 30 4
v 31 4
e 0 19 1
e 1 6 1
e 2 7 2
e 3 6 2
e 3 10 1
e 4 10 2
e 5 6 1
e 5 7 1
e 5 21 1
e 5 22 1
e 7 8 1
e 8 11 2
e 8 12 1
e 9 10 1
e 9 13 2
e 9 14 1
e 11 17 1
e 11 23 1
e 12 18 2
e 12 24 1
e 13 15 1
e 13 25 1
e 14 16 2
e 14 26 1
e 15 19 2
e 15 27 1
e 16 19 1
e 16 28 1
e 17 20 2
e 17 29 1
e 18 20 1
e 18 30 1
e 20 31 1
t # 37395
v 0 1
v 1 1
v 2 2
v 3 2
v 4 2
v 5 3
v 6 3
v 7 3
v 8 3
v 9 3
v 10 3
v 11 3
v 12 3
v 13 3
v 14 3
v 15 3
v 16 4
v 17 4
v 18 4
v 19 4
v 20 4
v 21 4
v 22 4
v 23 4
v 24 4
v 25 4
v 26 4
e 0 6 1
e 0 12 1
e 1 12 2
e 2 5 1
e 2 7 1
e 2 16 1
e 3 13 2
e 3 14 1
e 5 8 2
e 5 9 1
e 6 11 1
e 6 17 1
e 6 18 1
e 7 10 2
e 7 19 1
e 8 13 1
e 8 20 1
e 9 14 2
e 9 21 1
e 10 12 1
e 10 15 1
e 11 22 1
e 11 23 1
e 11 24 1
e 13 25 1
e 14 26 1
t # 37396
v 0 1
v 1 1
v 2 1
v 3 1
v 4 2
v 5 2
v 6 2
v 7 3
v 8 3
v 9 3
v 10 3
v 11 3
v 12 3
v 13 3
v 14 3
v 15 3
v 16 3
v 17 3
v 18 4
v 19 4
v 20 4
v 21 4
v 22 4
v 23 4
v 24 4
v 25 4
v 26 4
v 27 4
v 28 4
v 29 4
v 30 4
v 31 4
v 32 4
v 33 4
v 34 4
e 0 11 1
e 0 13 1
e 1 12 1
e 1 14 1
e 2 11 2
e 3 12 2
e 4 5 1
e 4 7 1
e 4 20 1
e 5 10 1
e 5 24 1
e 7 9 1
e 7 18 1
e 7 19 1
e 8 10 2
e 8 11 1
e 8 12 1
e 9 17 1
e 9 21 1
e 9 22 1
e 10 23 1
e 13 15 1
e 13 25 1
e 13 26 1
e 14 16 1
e 14 27 1
e 14 28 1
e 15 29 1
e 15 30 1
e 15 31 1
e 16 32 1
e 16 33 1
e 16 34 1
t # 37397
v 0 12
v 1 12
v 2 12
v 3 12
v 4 11
v 5 1
v 6 2
v 7 3
v 8 3
v 9 3
v 10 3
v 11 3
v 12 3
v 13 3
v 14 3
v 15 3
v 16 3
v 17 3
v 18 3
v 19 3
v 20 3
v 21 3
v 22 3
v 23 4
v 24 4
v 25 4
v 26 4
v 27 4
v 28 4
v 29 4
v 30 4
v 31 4
v 32 4
v 33 4
v 34 4
v 35 4
e 0 16 1
e 1 16 1
e 2 18 1
e 3 22 1
e 4 16 1
e 4 17 1
e 5 15 2
e 6 7 1
e 6 15 1
e 6 23 1
e 7 8 2
e 7 9 1
e 8 10 1
e 8 13 1
e 9 11 2
e 9 14 1
e 10 12 2
e 10 24 1
e 11 12 1
e 11 25 1
e 12 26 1
e 13 27 1
e 13 28 1
e 13 29 1
e 14 30 1
e 14 31 1
e 14 32 1
e 15 16 1
e 17 18 2
e 17 19 1
e 18 20 1
e 19 21 2
e 19 33 1
e 20 22 2
e 20 34 1
e 21 22 1
e 21 35 1
t # 37398
v 0 18
v 1 12
v 2 11
v 3 1
v 4 2
v 5 2
v 6 3
v 7 3
v 8 3
v 9 3
v 10 3
v 11 3
v 12 3
v 13 3
v 14 3
v 15 3
v 16 3
v 17 3
v 18 3
v 19 3
v 20 4
v 21 4
v 22 4
v 23 4
v 24 4
v 25 4
v 26 4
v 27 4
e 1 9 1
e 2 7 1
e 2 8 1
e 3 12 2
e 4 12 1
e 4 15 1
e 4 24 1
e 5 15 2
e 5 19 1
e 6 7 1
e 6 9 1
e 6 10 2
e 7 11 2
e 8 9 2
e 8 12 1
e 10 13 1
e 10 20 1
e 11 14 1
e 11 21 1
e 13 14 2
e 13 22 1
e 14 23 1
e 15 16 1
e 16 17 2
e 16 25 1
e 17 18 1
e 17 26 1
e 18 19 2
e 19 27 1
t # 37399
v 0 14
v 1 14
v 2 14
v 3 1
v 4 1
v 5 2
v 6 2
v 7 3
v 8 3
v 9 3
v 10 3
v 11 3
v 12 3
v 13 3
v 14 3
v 15 3
v 16 3
v 17 3
v 18 3
v 19 3
v 20 3
v 21 3
v 22 3
v 23 3
v 24 3
v 25 3
v 26 3
v 27 3
v 28 3
v 29 3
v 30 4
v 31 4
v 32 4
v 33 4
v 34 4
v 35 4
v 36 4
v 37 4
v 38 4
v 39 4
v 40 4
v 41 4
v 42 4
v 43 4
v 44 4
v 45 4
v 46 4
v 47 4
v 48 4
v 49 4
v 50 4
e 3 14 2
e 4 20 2
e 5 7 1
e 5 14 1
e 5 40 1
e 6 20 1
e 6 23 1
e 6 46 1
e 7 8 1
e 7 9 1
e 7 13 1
e 8 10 1
e 8 30 1
e 8 31 1
e 9 11 1
e 9 32 1
e 9 33 1
e 10 12 1
e 10 34 1
e 10 35 1
e 11 12 1
e 11 36 1
e 11 37 1
e 12 38 1
e 12 39 1
e 14 15 1
e 15 17 1
e 15 18 2
e 16 41 1
e 17 19 2
e 17 20 1
e 18 21 1
e 18 42 1
e 19 22 1
e 19 43 1
e 21 22 2
e 21 44 1
e 22 45 1
e 23 24 1
e 23 26 2
e 24 25 2
e 24 47 1
e 25 27 1
e 25 29 1
e 26 28 1
e 26 48 1
e 27 28 2
e 27 49 1
e 28 50 1
