t # 67400
v 0 9
v 1 12
v 2 12
v 3 3
v 4 3
v 5 3
v 6 3
v 7 3
v 8 3
v 9 3
v 10 3
v 11 3
v 12 3
v 13 3
v 14 3
v 15 4
v 16 4
v 17 4
v 18 4
v 19 4
v 20 4
v 21 4
v 22 4
v 23 4
v 24 4
e 3 5 2
e 3 7 1
e 4 6 2
e 4 8 1
e 5 9 1
e 5 15 1
e 6 10 1
e 6 16 1
e 7 11 2
e 7 17 1
e 8 12 2
e 8 18 1
e 9 13 2
e 9 19 1
e 10 14 2
e 10 20 1
e 11 13 1
e 11 21 1
e 12 14 1
e 12 22 1
e 13 23 1
e 14 24 1
t # 67401
v 0 18
v 1 3
v 2 3
v 3 3
v 4 3
v 5 3
v 6 3
v 7 3
v 8 3
v 9 3
v 10 3
v 11 3
v 12 3
v 13 3
v 14 4
v 15 4
v 16 4
v 17 4
v 18 4
v 19 4
v 20 4
v 21 4
v 22 4
e 1 2 1
e 1 3 1
e 1 14 1
e 1 15 1
e 2 4 2
e 2 6 1
e 3 5 1
e 3 7 2
e 4 5 1
e 4 8 1
e 5 9 2
e 6 10 2
e 6 16 1
e 7 12 1
e 7 18 1
e 8 11 2
e 8 17 1
e 9 13 1
e 9 19 1
e 10 11 1
e 11 20 1
e 12 13 2
e 12 21 1
e 13 22 1
t # 67402
v 0 1
v 1 1
v 2 1
v 3 1
v 4 3
v 5 3
v 6 3
v 7 3
v 8 3
v 9 3
v 10 3
v 11 3
v 12 3
v 13 4
v 14 4
v 15 4
v 16 4
v 17 4
v 18 4
v 19 4
v 20 4
v 21 4
v 22 4
e 0 5 1
e 0 11 1
e 1 6 1
e 1 12 1
e 2 10 1
e 2 22 1
e 3 10 2
e 4 7 2
e 4 8 1
e 4 10 1
e 5 8 2
e 5 9 1
e 6 7 1
e 6 9 2
e 7 13 1
e 8 14 1
e 9 15 1
e 11 16 1
e 11 17 1
e 11 18 1
e 12 19 1
e 12 20 1
e 12 21 1
t # 67403
v 0 1
v 1 1
v 2 1
v 3 3
v 4 3
v 5 3
v 6 3
v 7 3
v 8 3
v 9 3
v 10 3
v 11 3
v 12 3
v 13 4
v 14 4
v 15 4
v 16 4
v 17 4
v 18 4
v 19 4
v 20 4
v 21 4
v 22 4
v 23 4
v 24 4
e 0 4 1
e 0 11 1
e 1 5 1
e 1 12 1
e 2 9 2
e 3 6 2
e 3 7 1
e 3 9 1
e 4 5 2
e 4 6 1
e 5 8 1
e 6 13 1
e 7 8 2
e 7 14 1
e 8 15 1
e 9 10 1
e 10 16 1
e 10 17 1
e 10 18 1
e 11 19 1
e 11 20 1
e 11 21 1
e 12 22 1
e 12 23 1
e 12 24 1
t # 67404
v 0 1
v 1 3
v 2 3
v 3 3
v 4 3
v 5 3
v 6 3
v 7 3
v 8 3
v 9 3
v 10 3
v 11 3
v 12 3
v 13 4
v 14 4
v 15 4
v 16 4
v 17 4
v 18 4
v 19 4
v 20 4
v 21 4
v 22 4
v 23 4
v 24 4
v 25 4
v 26 4
v 27 4
v 28 4
e 0 12 1
e 0 28 1
e 1 2 1
e 1 3 1
e 1 7 1
e 1 13 1
e 2 4 1
e 2 14 1
e 2 15 1
e 3 5 1
e 3 16 1
e 3 17 1
e 4 6 1
e 4 18 1
e 4 19 1
e 5 6 1
e 5 20 1
e 5 21 1
e 6 22 1
e 6 23 1
e 7 8 2
e 7 9 1
e 8 10 1
e 8 24 1
e 9 11 2
e 9 25 1
e 10 12 2
e 10 26 1
e 11 12 1
e 11 27 1
t # 67405
v 0 1
v 1 1
v 2 2
v 3 3
v 4 3
v 5 3
v 6 3
v 7 3
v 8 3
v 9 3
v 10 3
v 11 3
v 12 3
v 13 4
v 14 4
v 15 4
v 16 4
v 17 4
v 18 4
v 19 4
v 20 4
v 21 4
v 22 4
v 23 4
v 24 4
v 25 4
v 26 4
v 27 4
e 0 11 2
e 1 12 2
e 2 11 1
e 2 12 1
e 2 27 1
e 3 4 1
e 3 5 1
e 3 6 1
e 3 7 1
e 4 8 1
e 4 13 1
e 4 14 1
e 5 9 1
e 5 15 1
e 5 16 1
e 6 11 1
e 6 17 1
e 6 18 1
e 7 12 1
e 7 19 1
e 7 20 1
e 8 10 1
e 8 21 1
e 8 22 1
e 9 10 1
e 9 23 1
e 9 24 1
e 10 25 1
e 10 26 1
t # 67406
v 0 1
v 1 2
v 2 3
v 3 3
v 4 3
v 5 3
v 6 3
v 7 3
v 8 3
v 9 3
v 10 3
v 11 3
v 12 4
v 13 4
v 14 4
v 15 4
v 16 4
v 17 4
v 18 4
v 19 4
v 20 4
v 21 4
v 22 4
v 23 4
v 24 4
e 0 4 2
e 1 4 1
e 1 5 1
e 1 19 1
e 2 3 1
e 2 4 1
e 2 12 1
e 2 13 1
e 3 6 1
e 3 14 1
e 3 15 1
e 5 7 2
e 5 8 1
e 6 16 1
e 6 17 1
e 6 18 1
e 7 9 1
e 7 20 1
e 8 10 2
e 8 21 1
e 9 11 2
e 9 22 1
e 10 11 1
e 10 23 1
e 11 24 1
t # 67407
v 0 11
v 1 1
v 2 3
v 3 3
v 4 3
v 5 3
v 6 3
v 7 3
v 8 3
v 9 3
v 10 3
v 11 3
v 12 4
v 13 4
v 14 4
v 15 4
v 16 4
v 17 4
v 18 4
v 19 4
e 0 4 1
e 0 6 1
e 1 8 2
e 2 3 1
e 2 4 1
e 2 5 2
e 3 6 2
e 3 8 1
e 4 7 2
e 5 9 1
e 5 12 1
e 6 13 1
e 7 10 1
e 7 14 1
e 8 11 1
e 9 10 2
e 9 15 1
e 10 16 1
e 11 17 1
e 11 18 1
e 11 19 1
t # 67408
v 0 1
v 1 1
v 2 2
v 3 3
v 4 3
v 5 3
v 6 3
v 7 3
v 8 3
v 9 3
v 10 3
v 11 3
v 12 4
v 13 4
v 14 4
v 15 4
v 16 4
v 17 4
v 18 4
e 0 6 2
e 1 8 2
e 2 3 1
e 2 8 1
e 2 12 1
e 3 4 1
e 3 5 2
e 4 6 1
e 4 7 2
e 5 9 1
e 5 11 1
e 6 8 1
e 7 10 1
e 7 13 1
e 9 10 2
e 9 14 1
e 10 15 1
e 11 16 1
e 11 17 1
e 11 18 1
t # 67409
v 0 1
v 1 1
v 2 2
v 3 3
v 4 3
v 5 3
v 6 3
v 7 3
v 8 3
v 9 3
v 10 3
v 11 3
v 12 4
v 13 4
v 14 4
v 15 4
v 16 4
v 17 4
v 18 4
e 0 5 1
e 0 18 1
e 2 3 1
e 2 10 2
e 3 4 2
e 3 5 1
e 4 6 1
e 4 7 1
e 5 8 2
e 6 9 2
e 6 12 1
e 7 11 2
e 7 13 1
e 8 9 1
e 8 14 1
e 9 15 1
e 10 11 1
e 10 16 1
e 11 17 1
t # 67410
v 0 2
v 1 3
v 2 3
v 3 3
v 4 3
v 5 3
v 6 3
v 7 3
v 8 3
v 9 3
v 10 3
v 11 4
v 12 4
v 13 4
v 14 4
v 15 4
v 16 4
v 17 4
v 18 4
v 19 4
v 20 4
v 21 4
v 22 4
v 23 4
v 24 4
v 25 4
e 0 2 1
e 0 4 1
e 0 17 1
e 1 2 1
e 1 3 1
e 1 11 1
e 1 12 1
e 2 13 1
e 2 14 1
e 3 5 1
e 3 15 1
e 3 16 1
e 4 6 2
e 4 7 1
e 5 18 1
e 5 19 1
e 5 20 1
e 6 8 1
e 6 21 1
e 7 9 2
e 7 22 1
e 8 10 2
e 8 23 1
e 9 10 1
e 9 24 1
e 10 25 1
t # 67411
v 0 20
v 1 1
v 2 1
v 3 1
v 4 3
v 5 3
v 6 3
v 7 3
v 8 3
v 9 3
v 10 3
v 11 4
v 12 4
v 13 4
v 14 4
v 15 4
v 16 4
v 17 4
e 1 15 1
e 1 16 1
e 2 10 1
e 2 17 1
e 3 10 2
e 4 6 2
e 4 7 1
e 4 10 1
e 5 8 2
e 5 9 1
e 6 8 1
e 6 11 1
e 7 9 2
e 7 12 1
e 8 13 1
e 9 14 1
t # 67412
v 0 12
v 1 1
v 2 1
v 3 3
v 4 3
v 5 3
v 6 3
v 7 3
v 8 3
v 9 3
v 10 3
v 11 4
v 12 4
v 13 4
v 14 4
v 15 4
v 16 4
v 17 4
e 0 8 1
e 1 9 1
e 1 10 1
e 2 9 2
e 3 4 2
e 3 5 1
e 3 9 1
e 4 6 1
e 4 11 1
e 5 7 2
e 5 12 1
e 6 8 2
e 6 13 1
e 7 8 1
e 7 14 1
e 10 15 1
e 10 16 1
e 10 17 1
t # 67413
v 0 2
v 1 3
v 2 3
v 3 3
v 4 3
v 5 3
v 6 3
v 7 3
v 8 3
v 9 3
v 10 3
v 11 4
v 12 4
v 13 4
v 14 4
v 15 4
v 16 4
v 17 4
v 18 4
v 19 4
e 0 4 1
e 0 7 2
e 1 2 1
e 1 3 1
e 1 5 2
e 2 6 2
e 2 7 1
e 3 4 2
e 3 11 1
e 4 10 1
e 5 8 1
e 5 12 1
e 6 9 1
e 6 13 1
e 7 14 1
e 8 9 2
e 8 15 1
e 9 16 1
e 10 17 1
e 10 18 1
e 10 19 1
t # 67414
v 0 1
v 1 2
v 2 3
v 3 3
v 4 3
v 5 3
v 6 3
v 7 3
v 8 3
v 9 3
v 10 4
v 11 4
v 12 4
v 13 4
v 14 4
v 15 4
v 16 4
v 17 4
v 18 4
v 19 4
v 20 4
v 21 4
v 22 4
v 23 4
v 24 4
e 0 8 2
e 1 2 1
e 1 8 1
e 1 21 1
e 2 3 1
e 2 4 1
e 2 10 1
e 3 5 1
e 3 11 1
e 3 12 1
e 4 6 1
e 4 13 1
e 4 14 1
e 5 7 1
e 5 15 1
e 5 16 1
e 6 7 1
e 6 17 1
e 6 18 1
e 7 19 1
e 7 20 1
e 8 9 1
e 9 22 1
e 9 23 1
e 9 24 1
t # 67415
v 0 1
v 1 1
v 2 1
v 3 2
v 4 2
v 5 3
v 6 3
v 7 3
v 8 3
v 9 3
v 10 4
v 11 4
v 12 4
v 13 4
e 3 8 2
e 3 9 1
e 4 5 1
e 5 6 2
e 5 7 1
e 6 8 1
e 6 10 1
e 7 9 2
e 7 11 1
e 8 12 1
e 9 13 1
t # 67416
v 0 1
v 1 1
v 2 1
v 3 1
v 4 3
v 5 3
v 6 3
v 7 3
v 8 3
v 9 3
v 10 4
v 11 4
v 12 4
v 13 4
v 14 4
v 15 4
v 16 4
v 17 4
e 0 8 1
e 0 16 1
e 1 9 1
e 1 17 1
e 2 8 2
e 3 9 2
e 4 5 1
e 4 6 1
e 4 8 1
e 4 10 1
e 5 7 1
e 5 9 1
e 5 11 1
e 6 7 1
e 6 12 1
e 6 13 1
e 7 14 1
e 7 15 1
t # 67417
v 0 1
v 1 3
v 2 3
v 3 3
v 4 3
v 5 3
v 6 3
v 7 3
v 8 3
v 9 3
v 10 4
v 11 4
v 12 4
v 13 4
v 14 4
v 15 4
v 16 4
v 17 4
v 18 4
v 19 4
v 20 4
v 21 4
e 0 3 1
e 0 21 1
e 1 2 1
e 1 3 1
e 1 4 1
e 1 10 1
e 2 5 2
e 2 6 1
e 3 11 1
e 3 12 1
e 4 13 1
e 4 14 1
e 4 15 1
e 5 7 1
e 5 16 1
e 6 8 2
e 6 17 1
e 7 9 2
e 7 18 1
e 8 9 1
e 8 19 1
e 9 20 1
t # 67418
v 0 12
v 1 12
v 2 3
v 3 3
v 4 3
v 5 3
v 6 3
v 7 3
v 8 3
v 9 3
v 10 4
v 11 4
v 12 4
v 13 4
v 14 4
v 15 4
e 0 3 1
e 1 5 1
e 2 3 2
e 2 4 1
e 2 8 1
e 3 6 1
e 4 5 2
e 4 10 1
e 5 7 1
e 6 7 2
e 6 11 1
e 7 12 1
e 8 9 2
e 8 13 1
e 9 14 1
e 9 15 1
t # 67419
v 0 1
v 1 3
v 2 3
v 3 3
v 4 3
v 5 3
v 6 3
v 7 3
v 8 3
v 9 4
v 10 4
v 11 4
v 12 4
v 13 4
v 14 4
v 15 4
v 16 4
v 17 4
v 18 4
v 19 4
v 20 4
e 0 6 2
e 1 2 1
e 1 3 1
e 1 5 1
e 1 9 1
e 2 4 1
e 2 10 1
e 2 11 1
e 3 6 1
e 3 12 1
e 3 13 1
e 4 7 2
e 4 8 1
e 5 14 1
e 5 15 1
e 5 16 1
e 6 7 1
e 7 17 1
e 8 18 1
e 8 19 1
e 8 20 1
t # 67420
v 0 1
v 1 2
v 2 3
v 3 3
v 4 3
v 5 3
v 6 3
v 7 3
v 8 3
v 9 4
v 10 4
v 11 4
v 12 4
v 13 4
v 14 4
v 15 4
e 0 4 2
e 1 2 1
e 1 8 2
e 2 3 2
e 2 4 1
e 3 5 1
e 3 9 1
e 4 6 1
e 5 7 2
e 5 10 1
e 6 11 1
e 6 12 1
e 6 13 1
e 7 8 1
e 7 14 1
e 8 15 1
t # 67421
v 0 1
v 1 1
v 2 2
v 3 3
v 4 3
v 5 3
v 6 3
v 7 3
v 8 3
v 9 4
v 10 4
v 11 4
v 12 4
v 13 4
v 14 4
v 15 4
v 16 4
v 17 4
v 18 4
v 19 4
e 2 3 1
e 3 4 1
e 3 5 1
e 3 9 1
e 4 6 1
e 4 10 1
e 4 11 1
e 5 7 1
e 5 12 1
e 5 13 1
e 6 8 1
e 6 14 1
e 6 15 1
e 7 8 1
e 7 16 1
e 7 17 1
e 8 18 1
e 8 19 1
t # 67422
v 0 1
v 1 2
v 2 3
v 3 3
v 4 3
v 5 3
v 6 3
v 7 3
v 8 3
v 9 4
v 10 4
v 11 4
v 12 4
v 13 4
v 14 4
v 15 4
v 16 4
v 17 4
v 18 4
v 19 4
v 20 4
v 21 4
e 0 8 2
e 1 8 1
e 1 20 1
e 1 21 1
e 2 3 1
e 2 4 1
e 2 8 1
e 2 9 1
e 3 5 1
e 3 10 1
e 3 11 1
e 4 6 1
e 4 12 1
e 4 13 1
e 5 7 1
e 5 14 1
e 5 15 1
e 6 7 1
e 6 16 1
e 6 17 1
e 7 18 1
e 7 19 1
t # 67423
v 0 1
v 1 2
v 2 3
v 3 3
v 4 3
v 5 3
v 6 3
v 7 3
v 8 3
v 9 4
v 10 4
v 11 4
v 12 4
v 13 4
v 14 4
v 15 4
e 0 3 2
e 1 7 2
e 1 8 1
e 2 3 1
e 2 4 2
e 2 5 1
e 3 6 1
e 4 7 1
e 4 9 1
e 5 8 2
e 5 10 1
e 6 11 1
e 6 12 1
e 6 13 1
e 7 14 1
e 8 15 1
t # 67424
v 0 2
v 1 3
v 2 3
v 3 3
v 4 3
v 5 3
v 6 3
v 7 3
v 8 4
v 9 4
v 10 4
v 11 4
v 12 4
v 13 4
v 14 4
v 15 4
v 16 4
v 17 4
v 18 4
v 19 4
v 20 4
v 21 4
v 22 4
e 0 6 1
e 0 7 1
e 0 22 1
e 1 2 1
e 1 3 1
e 1 8 1
e 1 9 1
e 2 4 1
e 2 10 1
e 2 11 1
e 3 5 1
e 3 12 1
e 3 13 1
e 4 6 1
e 4 14 1
e 4 15 1
e 5 7 1
e 5 16 1
e 5 17 1
e 6 18 1
e 6 19 1
e 7 20 1
e 7 21 1
t # 67425
v 0 1
v 1 1
v 2 3
v 3 3
v 4 3
v 5 3
v 6 3
v 7 4
v 8 4
v 9 4
v 10 4
v 11 4
v 12 4
v 13 4
v 14 4
v 15 4
v 16 4
e 0 2 1
e 0 6 1
e 1 4 1
e 1 6 1
e 2 3 1
e 2 5 1
e 2 7 1
e 3 4 1
e 3 8 1
e 3 9 1
e 4 10 1
e 4 11 1
e 5 12 1
e 5 13 1
e 5 14 1
e 6 15 1
e 6 16 1
t # 67426
v 0 18
v 1 2
v 2 3
v 3 3
v 4 3
v 5 3
v 6 3
v 7 4
v 8 4
v 9 4
v 10 4
e 1 5 2
e 1 6 1
e 2 3 2
e 2 4 1
e 3 5 1
e 3 7 1
e 4 6 2
e 4 8 1
e 5 9 1
e 6 10 1
t # 67427
v 0 3
v 1 3
v 2 3
v 3 3
v 4 3
v 5 4
v 6 4
v 7 4
v 8 4
v 9 4
v 10 4
v 11 4
v 12 4
e 0 1 1
e 0 2 1
e 0 5 1
e 0 6 1
e 1 3 1
e 1 7 1
e 1 8 1
e 2 3 1
e 2 9 1
e 2 10 1
e 3 4 2
e 4 11 1
e 4 12 1
t # 67428
v 0 3
v 1 3
v 2 3
v 3 3
v 4 3
v 5 3
v 6 3
v 7 3
v 8 3
v 9 3
v 10 3
v 11 3
v 12 3
v 13 3
v 14 4
v 15 4
v 16 4
v 17 4
v 18 4
v 19 4
v 20 4
v 21 4
v 22 4
v 23 4
v 24 4
v 25 4
v 26 4
v 27 4
v 28 4
v 29 4
v 30 4
v 31 4
v 32 4
v 33 4
v 34 4
v 35 4
v 36 4
v 37 4
v 38 4
v 39 4
v 40 4
v 41 4
e 0 1 1
e 0 2 1
e 0 14 1
e 0 15 1
e 1 3 1
e 1 16 1
e 1 17 1
e 2 4 1
e 2 18 1
e 2 19 1
e 3 5 1
e 3 20 1
e 3 21 1
e 4 6 1
e 4 22 1
e 4 23 1
e 5 7 1
e 5 24 1
e 5 25 1
e 6 8 1
e 6 26 1
e 6 27 1
e 7 9 1
e 7 28 1
e 7 29 1
e 8 10 1
e 8 30 1
e 8 31 1
e 9 11 1
e 9 32 1
e 9 33 1
e 10 12 1
e 10 34 1
e 10 35 1
e 11 36 1
e 11 37 1
e 11 38 1
e 12 13 2
e 12 39 1
e 13 40 1
e 13 41 1
t # 67429
v 0 1
v 1 1
v 2 1
v 3 1
v 4 2
v 5 3
v 6 3
v 7 3
v 8 3
v 9 3
v 10 3
v 11 3
v 12 4
v 13 4
v 14 4
v 15 4
v 16 4
v 17 4
v 18 4
v 19 4
v 20 4
v 21 4
v 22 4
v 23 4
v 24 4
e 0 8 1
e 0 10 1
e 1 9 1
e 1 24 1
e 2 8 2
e 3 9 2
e 4 6 1
e 4 17 1
e 4 18 1
e 5 6 1
e 5 7 1
e 5 12 1
e 5 13 1
e 6 9 1
e 6 14 1
e 7 8 1
e 7 15 1
e 7 16 1
e 10 11 1
e 10 19 1
e 10 20 1
e 11 21 1
e 11 22 1
e 11 23 1
t # 67430
v 0 1
v 1 2
v 2 2
v 3 3
v 4 3
v 5 3
v 6 3
v 7 3
v 8 4
v 9 4
v 10 4
v 11 4
v 12 4
v 13 4
v 14 4
v 15 4
v 16 4
v 17 4
v 18 4
v 19 4
e 0 7 2
e 1 3 1
e 1 7 1
e 1 17 1
e 2 7 1
e 2 18 1
e 2 19 1
e 3 4 1
e 3 5 1
e 3 6 1
e 4 8 1
e 4 9 1
e 4 10 1
e 5 11 1
e 5 12 1
e 5 13 1
e 6 14 1
e 6 15 1
e 6 16 1
t # 67431
v 0 18
v 1 1
v 2 1
v 3 3
v 4 3
v 5 3
v 6 3
v 7 3
v 8 4
v 9 4
v 10 4
v 11 4
v 12 4
v 13 4
v 14 4
e 1 6 1
e 1 7 1
e 2 6 2
e 3 4 2
e 3 5 1
e 3 8 1
e 4 6 1
e 4 9 1
e 5 10 1
e 5 11 1
e 7 12 1
e 7 13 1
e 7 14 1
t # 67432
v 0 1
v 1 1
v 2 3
v 3 3
v 4 3
v 5 3
v 6 3
v 7 3
v 8 3
v 9 3
v 10 3
v 11 3
v 12 3
v 13 3
v 14 3
v 15 3
v 16 3
v 17 3
v 18 3
v 19 3
v 20 3
v 21 3
v 22 3
v 23 4
v 24 4
v 25 4
v 26 4
v 27 4
v 28 4
v 29 4
v 30 4
v 31 4
v 32 4
v 33 4
v 34 4
v 35 4
v 36 4
v 37 4
v 38 4
e 0 9 1
e 0 37 1
e 1 10 1
e 1 38 1
e 2 3 1
e 2 4 1
e 2 23 1
e 2 24 1
e 3 5 1
e 3 9 2
e 4 6 1
e 4 10 2
e 5 7 1
e 5 11 2
e 6 8 1
e 6 12 2
e 7 13 1
e 7 17 2
e 8 14 1
e 8 18 2
e 9 15 1
e 10 16 1
e 11 19 1
e 11 25 1
e 12 20 1
e 12 26 1
e 13 15 2
e 13 27 1
e 14 16 2
e 14 28 1
e 15 29 1
e 16 30 1
e 17 21 1
e 17 31 1
e 18 22 1
e 18 32 1
e 19 21 2
e 19 33 1
e 20 22 2
e 20 34 1
e 21 35 1
e 22 36 1
t # 67433
v 0 1
v 1 1
v 2 1
v 3 3
v 4 3
v 5 3
v 6 3
v 7 3
v 8 3
v 9 3
v 10 3
v 11 3
v 12 3
v 13 3
v 14 3
v 15 3
v 16 3
v 17 3
v 18 3
v 19 3
v 20 3
v 21 42
v 22 4
v 23 4
v 24 4
v 25 4
v 26 4
v 27 4
v 28 4
v 29 4
v 30 4
v 31 4
v 32 4
v 33 4
v 34 4
v 35 4
v 36 4
e 0 3 1
e 1 4 1
e 2 5 1
e 3 6 2
e 3 9 1
e 4 7 2
e 4 10 1
e 5 8 2
e 5 11 1
e 6 12 1
e 6 22 1
e 7 13 1
e 7 23 1
e 8 14 1
e 8 24 1
e 9 15 2
e 9 25 1
e 10 16 2
e 10 26 1
e 11 17 2
e 11 27 1
e 12 18 2
e 12 28 1
e 13 19 2
e 13 29 1
e 14 20 2
e 14 30 1
e 15 18 1
e 15 31 1
e 16 19 1
e 16 32 1
e 17 20 1
e 17 33 1
e 18 34 1
e 19 35 1
e 20 36 1
t # 67434
v 0 12
v 1 1
v 2 1
v 3 2
v 4 3
v 5 3
v 6 3
v 7 3
v 8 3
v 9 3
v 10 3
v 11 3
v 12 3
v 13 3
v 14 3
v 15 3
v 16 3
v 17 3
v 18 3
v 19 3
v 20 4
v 21 4
v 22 4
v 23 4
v 24 4
v 25 4
v 26 4
v 27 4
v 28 4
v 29 4
e 0 9 1
e 1 7 2
e 2 8 2
e 3 6 1
e 3 12 1
e 3 20 1
e 4 5 1
e 4 7 1
e 4 10 2
e 5 8 1
e 5 11 2
e 6 7 1
e 6 9 2
e 8 9 1
e 10 13 1
e 10 21 1
e 11 14 1
e 11 22 1
e 12 15 2
e 12 16 1
e 13 14 2
e 13 23 1
e 14 24 1
e 15 17 1
e 15 25 1
e 16 18 2
e 16 26 1
e 17 19 2
e 17 27 1
e 18 19 1
e 18 28 1
e 19 29 1
t # 67435
v 0 1
v 1 2
v 2 2
v 3 3
v 4 3
v 5 3
v 6 3
v 7 3
v 8 3
v 9 3
v 10 3
v 11 3
v 12 3
v 13 3
v 14 3
v 15 3
v 16 3
v 17 3
v 18 4
v 19 4
v 20 4
v 21 4
v 22 4
v 23 4
v 24 4
v 25 4
v 26 4
v 27 4
v 28 4
v 29 4
v 30 4
v 31 4
v 32 4
v 33 4
e 0 7 2
e 1 2 1
e 1 4 1
e 1 22 1
e 2 7 1
e 2 23 1
e 3 5 1
e 3 7 1
e 3 18 1
e 3 19 1
e 4 6 1
e 4 20 1
e 4 21 1
e 5 8 2
e 5 9 1
e 6 10 2
e 6 11 1
e 8 12 1
e 8 24 1
e 9 13 2
e 9 25 1
e 10 14 1
e 10 26 1
e 11 15 2
e 11 27 1
e 12 16 2
e 12 28 1
e 13 16 1
e 13 29 1
e 14 17 2
e 14 30 1
e 15 17 1
e 15 31 1
e 16 32 1
e 17 33 1
t # 67436
v 0 1
v 1 1
v 2 1
v 3 1
v 4 1
v 5 3
v 6 3
v 7 3
v 8 3
v 9 3
v 10 3
v 11 3
v 12 3
v 13 3
v 14 3
v 15 4
v 16 4
v 17 4
v 18 4
v 19 4
v 20 4
v 21 4
v 22 4
v 23 4
v 24 4
e 0 9 1
e 0 14 1
e 1 10 1
e 1 23 1
e 2 12 2
e 3 13 1
e 3 24 1
e 4 13 2
e 5 6 1
e 5 7 2
e 5 8 1
e 6 12 1
e 6 15 1
e 6 16 1
e 7 9 1
e 7 17 1
e 8 11 2
e 8 18 1
e 9 10 2
e 10 11 1
e 11 19 1
e 12 13 1
e 14 20 1
e 14 21 1
e 14 22 1
t # 67437
v 0 1
v 1 1
v 2 3
v 3 3
v 4 3
v 5 3
v 6 3
v 7 3
v 8 3
v 9 3
v 10 3
v 11 3
v 12 3
v 13 3
v 14 4
v 15 4
v 16 4
v 17 4
v 18 4
v 19 4
v 20 4
v 21 4
v 22 4
v 23 4
e 0 4 1
e 0 22 1
e 1 8 1
e 1 23 1
e 2 3 1
e 2 4 2
e 2 5 1
e 3 6 2
e 3 7 1
e 4 9 1
e 5 8 2
e 5 14 1
e 6 11 1
e 6 15 1
e 7 12 2
e 7 16 1
e 8 10 1
e 9 10 2
e 9 17 1
e 10 18 1
e 11 13 2
e 11 19 1
e 12 13 1
e 12 20 1
e 13 21 1
t # 67438
v 0 3
v 1 3
v 2 3
v 3 3
v 4 3
v 5 3
v 6 3
v 7 3
v 8 3
v 9 3
v 10 3
v 11 3
v 12 3
v 13 4
v 14 4
v 15 4
v 16 4
v 17 4
v 18 4
v 19 4
v 20 4
v 21 4
v 22 4
v 23 4
v 24 4
v 25 4
v 26 4
v 27 4
v 28 4
v 29 4
v 30 4
v 31 4
v 32 4
e 0 1 1
e 0 2 1
e 0 13 1
e 0 14 1
e 1 3 1
e 1 15 1
e 1 16 1
e 2 4 1
e 2 17 1
e 2 18 1
e 3 5 1
e 3 19 1
e 3 20 1
e 4 6 1
e 4 21 1
e 4 22 1
e 5 7 1
e 5 23 1
e 5 24 1
e 6 8 2
e 6 9 1
e 7 25 1
e 7 26 1
e 7 27 1
e 8 10 1
e 8 28 1
e 9 11 2
e 9 29 1
e 10 12 2
e 10 30 1
e 11 12 1
e 11 31 1
e 12 32 1
t # 67439
v 0 2
v 1 3
v 2 3
v 3 3
v 4 3
v 5 3
v 6 3
v 7 3
v 8 3
v 9 3
v 10 3
v 11 3
v 12 4
v 13 4
v 14 4
v 15 4
v 16 4
v 17 4
v 18 4
v 19 4
v 20 4
v 21 4
v 22 4
v 23 4
v 24 4
v 25 4
v 26 4
v 27 4
v 28 4
v 29 4
e 0 1 1
e 0 3 1
e 0 4 1
e 0 5 1
e 1 2 1
e 1 12 1
e 1 13 1
e 2 6 1
e 2 14 1
e 2 15 1
e 3 16 1
e 3 17 1
e 3 18 1
e 4 19 1
e 4 20 1
e 4 21 1
e 5 22 1
e 5 23 1
e 5 24 1
e 6 7 2
e 6 8 1
e 7 9 1
e 7 25 1
e 8 10 2
e 8 26 1
e 9 11 2
e 9 27 1
e 10 11 1
e 10 28 1
e 11 29 1
t # 67440
v 0 1
v 1 1
v 2 1
v 3 1
v 4 3
v 5 3
v 6 3
v 7 3
v 8 3
v 9 3
v 10 3
v 11 3
v 12 4
v 13 4
v 14 4
v 15 4
v 16 4
v 17 4
v 18 4
v 19 4
v 20 4
v 21 4
v 22 4
v 23 4
e 0 10 1
e 0 22 1
e 1 11 1
e 1 23 1
e 2 10 2
e 3 11 2
e 4 6 1
e 4 7 1
e 4 10 1
e 4 12 1
e 5 8 1
e 5 9 1
e 5 11 1
e 5 13 1
e 6 8 1
e 6 14 1
e 6 15 1
e 7 9 1
e 7 16 1
e 7 17 1
e 8 18 1
e 8 19 1
e 9 20 1
e 9 21 1
t # 67441
v 0 1
v 1 1
v 2 1
v 3 3
v 4 3
v 5 3
v 6 3
v 7 3
v 8 3
v 9 3
v 10 3
v 11 3
v 12 4
v 13 4
v 14 4
v 15 4
v 16 4
v 17 4
e 0 4 1
e 0 11 1
e 1 5 2
e 2 11 1
e 2 17 1
e 3 4 1
e 3 5 1
e 3 6 2
e 4 7 2
e 5 8 1
e 6 9 1
e 6 12 1
e 7 10 1
e 7 13 1
e 8 11 2
e 8 14 1
e 9 10 2
e 9 15 1
e 10 16 1
t # 67442
v 0 12
v 1 3
v 2 3
v 3 3
v 4 3
v 5 3
v 6 3
v 7 3
v 8 3
v 9 4
v 10 4
v 11 4
v 12 4
v 13 4
v 14 4
v 15 4
e 0 6 1
e 1 2 2
e 1 3 1
e 1 7 1
e 2 4 1
e 2 9 1
e 3 5 2
e 3 10 1
e 4 6 2
e 4 11 1
e 5 6 1
e 5 12 1
e 7 8 2
e 7 13 1
e 8 14 1
e 8 15 1
t # 67443
v 0 1
v 1 2
v 2 3
v 3 3
v 4 3
v 5 3
v 6 3
v 7 3
v 8 4
v 9 4
v 10 4
v 11 4
v 12 4
v 13 4
v 14 4
e 0 4 2
e 1 2 1
e 1 5 1
e 1 8 1
e 2 3 2
e 2 4 1
e 3 6 1
e 3 9 1
e 4 7 1
e 5 6 2
e 5 10 1
e 6 11 1
e 7 12 1
e 7 13 1
e 7 14 1
t # 67444
v 0 11
v 1 1
v 2 1
v 3 1
v 4 1
v 5 3
v 6 3
v 7 4
v 8 4
v 9 4
v 10 4
e 0 3 2
e 0 4 2
e 1 5 1
e 2 6 1
e 5 6 1
e 5 7 1
e 5 8 1
e 6 9 1
e 6 10 1
t # 67445
v 0 11
v 1 3
v 2 3
v 3 3
v 4 4
v 5 4
v 6 4
v 7 4
v 8 4
v 9 4
e 0 1 1
e 0 2 1
e 1 2 1
e 1 3 1
e 1 4 1
e 2 5 1
e 2 6 1
e 3 7 1
e 3 8 1
e 3 9 1
t # 67446
v 0 1
v 1 1
v 2 3
v 3 3
v 4 3
v 5 3
v 6 3
v 7 4
v 8 4
v 9 4
v 10 4
v 11 4
v 12 4
v 13 4
v 14 4
v 15 4
v 16 4
e 0 4 1
e 0 16 1
e 1 5 2
e 2 3 1
e 2 4 1
e 2 7 1
e 2 8 1
e 3 5 1
e 3 9 1
e 3 10 1
e 4 11 1
e 4 12 1
e 5 6 1
e 6 13 1
e 6 14 1
e 6 15 1
t # 67447
v 0 1
v 1 1
v 2 3
v 3 3
v 4 3
v 5 3
v 6 3
v 7 3
v 8 4
v 9 4
v 10 4
v 11 4
v 12 4
v 13 4
v 14 4
v 15 4
v 16 4
v 17 4
v 18 4
v 19 4
e 0 7 1
e 0 19 1
e 1 7 2
e 2 3 1
e 2 4 1
e 2 5 1
e 2 6 1
e 3 7 1
e 3 8 1
e 3 9 1
e 4 10 1
e 4 11 1
e 4 12 1
e 5 13 1
e 5 14 1
e 5 15 1
e 6 16 1
e 6 17 1
e 6 18 1
t # 67448
v 0 1
v 1 1
v 2 2
v 3 3
v 4 3
v 5 3
v 6 3
v 7 3
v 8 4
v 9 4
v 10 4
v 11 4
v 12 4
v 13 4
v 14 4
v 15 4
v 16 4
e 0 5 1
e 0 16 1
e 1 5 2
e 2 3 1
e 2 12 1
e 2 13 1
e 3 4 1
e 3 5 1
e 3 8 1
e 4 6 1
e 4 9 1
e 4 10 1
e 6 7 2
e 6 11 1
e 7 14 1
e 7 15 1
t # 67449
v 0 1
v 1 1
v 2 3
v 3 3
v 4 3
v 5 3
v 6 3
v 7 3
v 8 4
v 9 4
v 10 4
v 11 4
v 12 4
v 13 4
v 14 4
v 15 4
v 16 4
v 17 4
e 0 2 1
e 0 12 1
e 1 3 1
e 1 13 1
e 2 3 1
e 2 4 1
e 2 8 1
e 3 5 1
e 3 9 1
e 4 6 2
e 4 10 1
e 5 7 2
e 5 11 1
e 6 14 1
e 6 15 1
e 7 16 1
e 7 17 1
t # 67450
v 0 1
v 1 1
v 2 1
v 3 1
v 4 1
v 5 2
v 6 3
v 7 3
v 8 3
v 9 3
v 10 3
v 11 3
v 12 3
v 13 3
v 14 3
v 15 4
v 16 4
v 17 4
v 18 4
v 19 4
v 20 4
v 21 4
v 22 4
v 23 4
v 24 4
v 25 4
v 26 4
v 27 4
v 28 4
v 29 4
e 0 7 1
e 0 10 1
e 1 8 1
e 1 11 1
e 2 7 2
e 3 8 2
e 4 9 2
e 5 6 1
e 5 9 1
e 5 16 1
e 6 7 1
e 6 8 1
e 6 15 1
e 9 14 1
e 10 12 1
e 10 17 1
e 10 18 1
e 11 13 1
e 11 19 1
e 11 20 1
e 12 21 1
e 12 22 1
e 12 23 1
e 13 24 1
e 13 25 1
e 13 26 1
e 14 27 1
e 14 28 1
e 14 29 1
t # 67451
v 0 1
v 1 2
v 2 2
v 3 3
v 4 3
v 5 4
v 6 4
v 7 4
v 8 4
v 9 4
v 10 4
e 0 3 2
e 1 2 1
e 1 3 1
e 1 8 1
e 2 9 1
e 2 10 1
e 3 4 1
e 4 5 1
e 4 6 1
e 4 7 1
t # 67452
v 0 29
v 1 12
v 2 3
v 3 3
v 4 3
v 5 3
v 6 3
v 7 3
v 8 4
v 9 4
v 10 4
v 11 4
v 12 4
v 13 4
v 14 4
v 15 4
v 16 4
v 17 4
v 18 4
v 19 4
v 20 4
v 21 4
v 22 4
e 2 5 1
e 2 8 1
e 2 9 1
e 3 6 1
e 3 10 1
e 3 11 1
e 4 7 1
e 4 12 1
e 4 13 1
e 5 14 1
e 5 15 1
e 5 16 1
e 6 17 1
e 6 18 1
e 6 19 1
e 7 20 1
e 7 21 1
e 7 22 1
t # 67453
v 0 1
v 1 1
v 2 1
v 3 2
v 4 2
v 5 2
v 6 3
v 7 3
v 8 3
v 9 3
v 10 3
v 11 3
v 12 3
v 13 3
v 14 3
v 15 3
v 16 3
v 17 3
v 18 4
v 19 4
v 20 4
v 21 4
v 22 4
v 23 4
v 24 4
v 25 4
v 26 4
v 27 4
v 28 4
v 29 4
v 30 4
v 31 4
v 32 4
e 0 6 2
e 1 7 2
e 2 8 2
e 3 6 1
e 3 7 1
e 3 9 1
e 4 6 1
e 4 8 1
e 4 10 1
e 5 7 1
e 5 8 1
e 5 11 1
e 9 12 1
e 9 18 1
e 9 19 1
e 10 13 1
e 10 20 1
e 10 21 1
e 11 14 1
e 11 22 1
e 11 23 1
e 12 15 2
e 12 24 1
e 13 16 2
e 13 25 1
e 14 17 2
e 14 26 1
e 15 27 1
e 15 28 1
e 16 29 1
e 16 30 1
e 17 31 1
e 17 32 1
t # 67454
v 0 1
v 1 1
v 2 2
v 3 3
v 4 3
v 5 3
v 6 3
v 7 3
v 8 3
v 9 3
v 10 3
v 11 3
v 12 3
v 13 3
v 14 3
v 15 3
v 16 3
v 17 4
v 18 4
v 19 4
v 20 4
v 21 4
v 22 4
v 23 4
v 24 4
v 25 4
e 0 5 1
e 0 8 1
e 1 8 2
e 2 4 1
e 2 5 2
e 3 4 1
e 3 7 2
e 3 8 1
e 4 9 2
e 5 6 1
e 6 10 2
e 6 11 1
e 7 12 1
e 7 17 1
e 9 13 1
e 9 18 1
e 10 14 1
e 10 19 1
e 11 15 2
e 11 20 1
e 12 13 2
e 12 21 1
e 13 22 1
e 14 16 2
e 14 23 1
e 15 16 1
e 15 24 1
e 16 25 1
t # 67455
v 0 12
v 1 1
v 2 2
v 3 3
v 4 3
v 5 3
v 6 3
v 7 3
v 8 3
v 9 3
v 10 3
v 11 3
v 12 3
v 13 3
v 14 3
v 15 3
v 16 4
v 17 4
v 18 4
v 19 4
v 20 4
v 21 4
v 22 4
v 23 4
v 24 4
v 25 4
e 0 6 1
e 1 5 2
e 2 3 1
e 2 5 1
e 2 16 1
e 3 6 1
e 3 7 2
e 4 5 1
e 4 8 2
e 4 9 1
e 6 10 2
e 7 11 1
e 7 17 1
e 8 12 1
e 8 18 1
e 9 13 2
e 9 19 1
e 10 14 1
e 10 20 1
e 11 14 2
e 11 21 1
e 12 15 2
e 12 22 1
e 13 15 1
e 13 23 1
e 14 24 1
e 15 25 1
t # 67456
v 0 2
v 1 2
v 2 2
v 3 3
v 4 3
v 5 3
v 6 3
v 7 3
v 8 3
v 9 3
v 10 3
v 11 3
v 12 3
v 13 3
v 14 3
v 15 4
v 16 4
v 17 4
v 18 4
v 19 4
v 20 4
v 21 4
v 22 4
v 23 4
v 24 4
v 25 4
v 26 4
v 27 4
v 28 4
v 29 4
v 30 4
v 31 4
v 32 4
v 33 4
v 34 4
v 35 4
e 0 6 2
e 0 7 1
e 1 6 1
e 1 8 2
e 2 7 2
e 2 8 1
e 3 6 1
e 3 9 1
e 3 15 1
e 3 16 1
e 4 7 1
e 4 10 1
e 4 17 1
e 4 18 1
e 5 8 1
e 5 11 1
e 5 19 1
e 5 20 1
e 9 12 1
e 9 21 1
e 9 22 1
e 10 13 1
e 10 23 1
e 10 24 1
e 11 14 1
e 11 25 1
e 11 26 1
e 12 27 1
e 12 28 1
e 12 29 1
e 13 30 1
e 13 31 1
e 13 32 1
e 14 33 1
e 14 34 1
e 14 35 1
t # 67457
v 0 11
v 1 1
v 2 1
v 3 3
v 4 3
v 5 3
v 6 3
v 7 3
v 8 3
v 9 3
v 10 3
v 11 3
v 12 3
v 13 3
v 14 3
v 15 4
v 16 4
v 17 4
v 18 4
v 19 4
v 20 4
v 21 4
v 22 4
e 0 1 2
e 0 2 2
e 0 3 1
e 0 4 1
e 3 5 1
e 3 7 2
e 4 6 1
e 4 8 2
e 5 6 1
e 5 9 2
e 6 10 2
e 7 11 1
e 7 15 1
e 8 12 1
e 8 16 1
e 9 13 1
e 9 17 1
e 10 14 1
e 10 18 1
e 11 13 2
e 11 19 1
e 12 14 2
e 12 20 1
e 13 21 1
e 14 22 1
t # 67458
v 0 1
v 1 1
v 2 2
v 3 3
v 4 3
v 5 3
v 6 3
v 7 3
v 8 3
v 9 3
v 10 3
v 11 3
v 12 3
v 13 3
v 14 4
v 15 4
v 16 4
v 17 4
v 18 4
v 19 4
v 20 4
v 21 4
v 22 4
v 23 4
v 24 4
v 25 4
v 26 4
v 27 4
v 28 4
e 0 6 1
e 0 12 1
e 1 6 2
e 2 3 1
e 2 4 1
e 2 6 1
e 3 5 1
e 3 14 1
e 3 15 1
e 4 7 2
e 4 8 1
e 5 16 1
e 5 17 1
e 5 18 1
e 7 9 1
e 7 19 1
e 8 10 2
e 8 20 1
e 9 11 2
e 9 21 1
e 10 11 1
e 10 22 1
e 11 25 1
e 12 13 1
e 12 23 1
e 12 24 1
e 13 26 1
e 13 27 1
e 13 28 1
t # 67459
v 0 11
v 1 1
v 2 3
v 3 3
v 4 3
v 5 3
v 6 3
v 7 3
v 8 3
v 9 3
v 10 3
v 11 3
v 12 3
v 13 3
v 14 4
v 15 4
v 16 4
v 17 4
v 18 4
v 19 4
v 20 4
v 21 4
e 0 1 2
e 0 4 1
e 0 5 1
e 2 3 1
e 2 4 1
e 2 6 2
e 3 5 1
e 3 7 2
e 4 8 2
e 5 9 2
e 6 10 1
e 6 14 1
e 7 11 1
e 7 15 1
e 8 12 1
e 8 16 1
e 9 13 1
e 9 17 1
e 10 12 2
e 10 18 1
e 11 13 2
e 11 19 1
e 12 20 1
e 13 21 1
t # 67460
v 0 12
v 1 12
v 2 12
v 3 12
v 4 12
v 5 1
v 6 1
v 7 3
v 8 3
v 9 3
v 10 3
v 11 3
v 12 3
v 13 3
v 14 4
e 0 8 1
e 1 9 1
e 2 10 1
e 3 11 1
e 4 12 1
e 5 13 1
e 5 14 1
e 6 13 2
e 7 8 2
e 7 9 1
e 7 13 1
e 8 11 1
e 9 10 2
e 10 12 1
e 11 12 2
t # 67461
v 0 3
v 1 3
v 2 3
v 3 3
v 4 3
v 5 3
v 6 3
v 7 3
v 8 3
v 9 3
v 10 3
v 11 3
v 12 3
v 13 3
v 14 4
v 15 4
v 16 4
v 17 4
v 18 4
v 19 4
v 20 4
v 21 4
v 22 4
v 23 4
v 24 4
v 25 4
v 26 4
v 27 4
v 28 4
v 29 4
v 30 4
v 31 4
v 32 4
v 33 4
v 34 4
v 35 4
e 0 2 1
e 0 4 1
e 0 5 1
e 0 6 1
e 1 3 1
e 1 7 1
e 1 8 1
e 1 9 1
e 2 10 2
e 2 12 1
e 3 11 2
e 3 13 1
e 4 14 1
e 4 15 1
e 4 16 1
e 5 17 1
e 5 18 1
e 5 19 1
e 6 20 1
e 6 21 1
e 6 22 1
e 7 23 1
e 7 24 1
e 7 25 1
e 8 26 1
e 8 27 1
e 8 28 1
e 9 29 1
e 9 30 1
e 9 31 1
e 10 11 1
e 10 32 1
e 11 33 1
e 12 13 2
e 12 34 1
e 13 35 1
t # 67462
v 0 1
v 1 1
v 2 3
v 3 3
v 4 3
v 5 3
v 6 3
v 7 3
v 8 3
v 9 3
v 10 3
v 11 3
v 12 3
v 13 4
v 14 4
v 15 4
v 16 4
v 17 4
v 18 4
v 19 4
v 20 4
v 21 4
v 22 4
v 23 4
v 24 4
v 25 4
v 26 4
e 0 9 1
e 0 26 1
e 1 9 2
e 2 3 1
e 2 4 1
e 2 5 1
e 2 6 1
e 3 9 1
e 3 13 1
e 3 14 1
e 4 7 2
e 4 8 1
e 5 15 1
e 5 16 1
e 5 17 1
e 6 18 1
e 6 19 1
e 6 20 1
e 7 10 1
e 7 21 1
e 8 11 2
e 8 22 1
e 10 12 2
e 10 23 1
e 11 12 1
e 11 24 1
e 12 25 1
t # 67463
v 0 2
v 1 3
v 2 3
v 3 3
v 4 3
v 5 3
v 6 3
v 7 3
v 8 3
v 9 3
v 10 3
v 11 3
v 12 4
v 13 4
v 14 4
v 15 4
v 16 4
v 17 4
v 18 4
v 19 4
v 20 4
e 0 2 1
e 0 11 2
e 1 2 1
e 1 3 2
e 1 4 1
e 2 5 2
e 3 6 1
e 3 12 1
e 4 7 2
e 4 13 1
e 5 9 1
e 5 14 1
e 6 8 2
e 6 15 1
e 7 8 1
e 7 16 1
e 8 17 1
e 9 10 2
e 9 18 1
e 10 11 1
e 10 19 1
e 11 20 1
t # 67464
v 0 1
v 1 2
v 2 2
v 3 3
v 4 3
v 5 3
v 6 3
v 7 3
v 8 3
v 9 3
v 10 3
v 11 4
v 12 4
v 13 4
v 14 4
v 15 4
v 16 4
v 17 4
v 18 4
v 19 4
v 20 4
e 0 9 2
e 1 3 1
e 1 9 1
e 1 13 1
e 2 9 1
e 2 10 1
e 2 17 1
e 3 4 2
e 3 5 1
e 4 6 1
e 4 11 1
e 5 7 2
e 5 12 1
e 6 8 2
e 6 14 1
e 7 8 1
e 7 15 1
e 8 16 1
e 10 18 1
e 10 19 1
e 10 20 1
t # 67465
v 0 12
v 1 11
v 2 2
v 3 3
v 4 3
v 5 3
v 6 3
v 7 3
v 8 3
v 9 3
v 10 3
v 11 4
v 12 4
v 13 4
v 14 4
v 15 4
v 16 4
e 0 8 1
e 1 4 1
e 1 5 1
e 2 3 1
e 2 5 2
e 3 4 2
e 3 6 1
e 4 7 1
e 5 10 1
e 6 8 2
e 6 11 1
e 7 9 2
e 7 12 1
e 8 9 1
e 9 13 1
e 10 14 1
e 10 15 1
e 10 16 1
t # 67466
v 0 2
v 1 2
v 2 2
v 3 2
v 4 2
v 5 3
v 6 3
v 7 3
v 8 3
v 9 4
v 10 4
v 11 4
v 12 4
v 13 4
v 14 4
v 15 4
e 0 5 2
e 0 8 1
e 1 6 1
e 1 8 2
e 2 5 1
e 2 10 1
e 2 11 1
e 3 6 1
e 3 12 1
e 3 13 1
e 4 8 1
e 4 14 1
e 4 15 1
e 5 7 1
e 6 7 2
e 7 9 1
t # 67467
v 0 1
v 1 1
v 2 3
v 3 3
v 4 3
v 5 3
v 6 3
v 7 3
v 8 3
v 9 4
v 10 4
v 11 4
v 12 4
v 13 4
v 14 4
v 15 4
v 16 4
e 0 2 1
e 0 3 1
e 1 6 2
e 2 4 2
e 2 7 1
e 3 5 2
e 3 8 1
e 4 6 1
e 4 9 1
e 5 6 1
e 5 10 1
e 7 11 1
e 7 12 1
e 7 13 1
e 8 14 1
e 8 15 1
e 8 16 1
t # 67468
v 0 1
v 1 2
v 2 3
v 3 3
v 4 3
v 5 3
v 6 3
v 7 4
v 8 4
v 9 4
v 10 4
v 11 4
e 0 6 2
e 1 2 1
e 1 4 1
e 1 7 1
e 2 3 2
e 2 6 1
e 3 5 1
e 3 8 1
e 4 5 2
e 4 9 1
e 5 10 1
e 6 11 1
t # 67469
v 0 12
v 1 3
v 2 3
v 3 3
v 4 3
v 5 3
v 6 3
v 7 3
v 8 3
v 9 3
v 10 3
v 11 4
v 12 4
v 13 4
v 14 4
v 15 4
v 16 4
v 17 4
v 18 4
v 19 4
v 20 4
v 21 4
v 22 4
v 23 4
v 24 4
v 25 4
v 26 4
v 27 4
v 28 4
v 29 4
v 30 4
v 31 4
e 0 9 1
e 1 2 1
e 1 3 1
e 1 11 1
e 1 12 1
e 2 4 1
e 2 13 1
e 2 14 1
e 3 5 1
e 3 15 1
e 3 16 1
e 4 6 1
e 4 17 1
e 4 18 1
e 5 7 1
e 5 19 1
e 5 20 1
e 6 8 1
e 6 21 1
e 6 22 1
e 7 9 1
e 7 23 1
e 7 24 1
e 8 10 1
e 8 25 1
e 8 26 1
e 9 27 1
e 9 28 1
e 10 29 1
e 10 30 1
e 10 31 1
t # 67470
v 0 1
v 1 2
v 2 2
v 3 3
v 4 3
v 5 3
v 6 3
v 7 3
v 8 3
v 9 3
v 10 3
v 11 4
v 12 4
v 13 4
v 14 4
v 15 4
v 16 4
v 17 4
v 18 4
v 19 4
v 20 4
v 21 4
v 22 4
v 23 4
v 24 4
v 25 4
v 26 4
v 27 4
v 28 4
e 1 2 1
e 1 5 1
e 1 6 1
e 3 5 1
e 3 7 1
e 3 8 1
e 3 11 1
e 4 6 1
e 4 9 1
e 4 10 1
e 4 12 1
e 5 13 1
e 5 14 1
e 6 15 1
e 6 16 1
e 7 17 1
e 7 18 1
e 7 19 1
e 8 20 1
e 8 21 1
e 8 22 1
e 9 23 1
e 9 24 1
e 9 25 1
e 10 26 1
e 10 27 1
e 10 28 1
t # 67471
v 0 1
v 1 1
v 2 2
v 3 2
v 4 2
v 5 2
v 6 3
v 7 3
v 8 4
v 9 4
v 10 4
v 11 4
v 12 4
v 13 4
e 0 6 2
e 1 7 2
e 2 4 1
e 2 6 1
e 2 8 1
e 3 5 1
e 3 7 1
e 3 9 1
e 4 10 1
e 4 11 1
e 5 12 1
e 5 13 1
e 6 7 1
t # 67472
v 0 8
v 1 1
v 2 1
v 3 1
v 4 3
v 5 4
v 6 4
v 7 4
v 8 4
v 9 4
e 1 8 1
e 2 9 1
e 4 5 1
e 4 6 1
e 4 7 1
t # 67473
v 0 2
v 1 2
v 2 3
v 3 3
v 4 3
v 5 3
v 6 3
v 7 3
v 8 3
v 9 3
v 10 3
v 11 3
v 12 3
v 13 3
v 14 3
v 15 3
v 16 3
v 17 3
v 18 3
v 19 4
v 20 4
v 21 4
v 22 4
v 23 4
v 24 4
v 25 4
v 26 4
v 27 4
v 28 4
v 29 4
v 30 4
v 31 4
v 32 4
v 33 4
v 34 4
v 35 4
v 36 4
v 37 4
v 38 4
v 39 4
v 40 4
e 0 2 1
e 0 4 1
e 0 5 1
e 1 3 1
e 1 9 1
e 1 10 1
e 2 3 1
e 2 19 1
e 2 20 1
e 3 21 1
e 3 22 1
e 4 6 1
e 4 23 1
e 4 24 1
e 5 7 2
e 5 8 1
e 6 11 2
e 6 12 1
e 7 13 1
e 7 25 1
e 8 14 2
e 8 26 1
e 9 27 1
e 9 28 1
e 9 29 1
e 10 30 1
e 10 31 1
e 10 32 1
e 11 15 1
e 11 33 1
e 12 16 2
e 12 34 1
e 13 17 2
e 13 35 1
e 14 17 1
e 14 36 1
e 15 18 2
e 15 37 1
e 16 18 1
e 16 38 1
e 17 39 1
e 18 40 1
t # 67474
v 0 1
v 1 1
v 2 1
v 3 1
v 4 2
v 5 2
v 6 2
v 7 3
v 8 3
v 9 3
v 10 3
v 11 3
v 12 3
v 13 3
v 14 3
v 15 3
v 16 3
v 17 3
v 18 3
v 19 4
v 20 4
v 21 4
v 22 4
v 23 4
v 24 4
v 25 4
v 26 4
v 27 4
e 4 7 1
e 4 9 1
e 4 19 1
e 5 8 1
e 6 12 1
e 7 8 2
e 7 10 1
e 8 11 1
e 9 14 2
e 9 15 1
e 10 13 2
e 10 20 1
e 11 12 2
e 11 21 1
e 12 13 1
e 13 22 1
e 14 16 1
e 14 23 1
e 15 17 2
e 15 24 1
e 16 18 2
e 16 25 1
e 17 18 1
e 17 26 1
e 18 27 1
t # 67475
v 0 1
v 1 1
v 2 3
v 3 3
v 4 3
v 5 3
v 6 3
v 7 3
v 8 3
v 9 3
v 10 3
v 11 3
v 12 3
v 13 3
v 14 3
v 15 3
v 16 3
v 17 3
v 18 4
v 19 4
v 20 4
v 21 4
v 22 4
v 23 4
v 24 4
v 25 4
v 26 4
v 27 4
v 28 4
v 29 4
v 30 4
v 31 4
v 32 4
v 33 4
e 0 11 1
e 0 32 1
e 1 11 2
e 2 3 1
e 2 4 1
e 2 11 1
e 2 18 1
e 3 5 2
e 3 6 1
e 4 8 1
e 4 19 1
e 4 20 1
e 5 9 1
e 5 21 1
e 6 10 2
e 6 22 1
e 7 9 2
e 7 10 1
e 7 12 1
e 8 23 1
e 8 24 1
e 8 25 1
e 9 26 1
e 10 27 1
e 12 13 2
e 12 14 1
e 13 15 1
e 13 28 1
e 14 16 2
e 14 29 1
e 15 17 2
e 15 30 1
e 16 17 1
e 16 31 1
e 17 33 1
t # 67476
v 0 1
v 1 1
v 2 2
v 3 3
v 4 3
v 5 3
v 6 3
v 7 3
v 8 3
v 9 3
v 10 3
v 11 3
v 12 3
v 13 3
v 14 3
v 15 3
v 16 4
v 17 4
v 18 4
v 19 4
v 20 4
v 21 4
v 22 4
v 23 4
v 24 4
v 25 4
v 26 4
v 27 4
v 28 4
v 29 4
v 30 4
v 31 4
v 32 4
v 33 4
v 34 4
e 0 3 1
e 0 8 1
e 1 5 1
e 1 9 1
e 2 4 1
e 2 6 1
e 2 7 1
e 3 4 1
e 3 5 1
e 3 16 1
e 4 17 1
e 4 18 1
e 5 19 1
e 5 20 1
e 6 10 1
e 6 21 1
e 6 22 1
e 7 11 1
e 7 23 1
e 7 24 1
e 8 9 1
e 8 12 2
e 9 13 2
e 10 25 1
e 10 26 1
e 10 27 1
e 11 28 1
e 11 29 1
e 11 30 1
e 12 14 1
e 12 31 1
e 13 15 1
e 13 32 1
e 14 15 2
e 14 33 1
e 15 34 1
t # 67477
v 0 12
v 1 12
v 2 12
v 3 12
v 4 12
v 5 12
v 6 2
v 7 2
v 8 2
v 9 3
v 10 3
v 11 3
v 12 3
v 13 3
v 14 3
v 15 4
v 16 4
v 17 4
e 0 12 1
e 1 12 1
e 2 12 1
e 3 13 1
e 4 13 1
e 5 13 1
e 6 9 2
e 6 10 1
e 7 10 2
e 7 11 1
e 8 9 1
e 8 11 2
e 9 12 1
e 10 13 1
e 11 14 1
e 14 15 1
e 14 16 1
e 14 17 1
t # 67478
v 0 2
v 1 3
v 2 3
v 3 3
v 4 3
v 5 3
v 6 3
v 7 3
v 8 3
v 9 3
v 10 3
v 11 3
v 12 3
v 13 3
v 14 3
v 15 4
v 16 4
v 17 4
v 18 4
v 19 4
v 20 4
v 21 4
v 22 4
v 23 4
v 24 4
v 25 4
e 0 1 1
e 0 2 1
e 0 15 1
e 1 4 2
e 1 5 1
e 2 3 1
e 2 6 2
e 3 4 1
e 3 7 2
e 4 16 1
e 5 8 2
e 5 9 1
e 6 10 1
e 6 17 1
e 7 11 1
e 7 18 1
e 8 12 1
e 8 19 1
e 9 13 2
e 9 20 1
e 10 11 2
e 10 21 1
e 11 22 1
e 12 14 2
e 12 23 1
e 13 14 1
e 13 24 1
e 14 25 1
t # 67479
v 0 1
v 1 2
v 2 2
v 3 3
v 4 3
v 5 3
v 6 3
v 7 3
v 8 3
v 9 3
v 10 3
v 11 3
v 12 3
v 13 3
v 14 3
v 15 4
v 16 4
v 17 4
v 18 4
v 19 4
v 20 4
v 21 4
v 22 4
v 23 4
v 24 4
v 25 4
v 26 4
v 27 4
v 28 4
v 29 4
v 30 4
v 31 4
v 32 4
v 33 4
v 34 4
v 35 4
v 36 4
e 1 2 1
e 1 3 1
e 1 4 1
e 3 5 1
e 3 6 1
e 3 15 1
e 4 7 1
e 4 8 1
e 4 16 1
e 5 9 1
e 5 17 1
e 5 18 1
e 6 10 1
e 6 19 1
e 6 20 1
e 7 11 1
e 7 21 1
e 7 22 1
e 8 12 1
e 8 23 1
e 8 24 1
e 9 13 1
e 9 25 1
e 9 26 1
e 10 13 1
e 10 27 1
e 10 28 1
e 11 14 1
e 11 29 1
e 11 30 1
e 12 14 1
e 12 31 1
e 12 32 1
e 13 33 1
e 13 34 1
e 14 35 1
e 14 36 1
t # 67480
v 0 2
v 1 3
v 2 3
v 3 3
v 4 3
v 5 3
v 6 3
v 7 3
v 8 3
v 9 3
v 10 3
v 11 3
v 12 3
v 13 3
v 14 3
v 15 4
v 16 4
v 17 4
v 18 4
v 19 4
v 20 4
v 21 4
v 22 4
v 23 4
v 24 4
v 25 4
e 0 5 1
e 0 24 1
e 0 25 1
e 1 2 1
e 1 3 1
e 1 7 2
e 2 4 1
e 2 8 2
e 3 5 1
e 3 9 2
e 4 6 1
e 4 10 2
e 5 6 2
e 6 15 1
e 7 11 1
e 7 16 1
e 8 13 1
e 8 17 1
e 9 12 1
e 9 18 1
e 10 14 1
e 10 19 1
e 11 12 2
e 11 20 1
e 12 21 1
e 13 14 2
e 13 22 1
e 14 23 1
t # 67481
v 0 12
v 1 1
v 2 1
v 3 1
v 4 3
v 5 3
v 6 3
v 7 3
v 8 3
v 9 3
v 10 3
v 11 3
v 12 3
v 13 3
v 14 4
v 15 4
v 16 4
v 17 4
v 18 4
v 19 4
v 20 4
v 21 4
v 22 4
v 23 4
v 24 4
e 0 12 1
e 1 4 1
e 1 5 1
e 2 6 1
e 2 9 1
e 3 9 2
e 4 7 2
e 4 8 1
e 5 9 1
e 5 14 1
e 5 15 1
e 6 12 1
e 6 16 1
e 6 17 1
e 7 10 1
e 7 18 1
e 8 11 2
e 8 19 1
e 10 13 2
e 10 22 1
e 11 13 1
e 11 23 1
e 12 20 1
e 12 21 1
e 13 24 1
t # 67482
v 0 12
v 1 1
v 2 1
v 3 1
v 4 1
v 5 1
v 6 2
v 7 2
v 8 3
v 9 3
v 10 3
v 11 3
v 12 3
v 13 3
v 14 4
v 15 4
v 16 4
e 0 13 1
e 1 11 1
e 1 16 1
e 6 8 1
e 7 9 1
e 8 10 1
e 8 11 2
e 9 10 2
e 9 12 1
e 10 14 1
e 11 13 1
e 12 13 2
e 12 15 1
t # 67483
v 0 11
v 1 1
v 2 3
v 3 3
v 4 3
v 5 3
v 6 3
v 7 3
v 8 3
v 9 3
v 10 3
v 11 3
v 12 3
v 13 3
v 14 4
v 15 4
v 16 4
v 17 4
v 18 4
v 19 4
v 20 4
v 21 4
v 22 4
v 23 4
e 0 1 2
e 0 2 1
e 0 3 1
e 2 4 2
e 2 6 1
e 3 5 2
e 3 7 1
e 4 8 1
e 4 14 1
e 5 9 1
e 5 15 1
e 6 10 2
e 6 16 1
e 7 11 2
e 7 17 1
e 8 12 2
e 8 18 1
e 9 13 2
e 9 19 1
e 10 12 1
e 10 20 1
e 11 13 1
e 11 21 1
e 12 22 1
e 13 23 1
t # 67484
v 0 1
v 1 1
v 2 1
v 3 2
v 4 2
v 5 2
v 6 3
v 7 3
v 8 3
v 9 3
v 10 3
v 11 3
v 12 3
v 13 4
v 14 4
v 15 4
v 16 4
v 17 4
v 18 4
v 19 4
e 3 5 1
e 3 6 1
e 3 12 1
e 4 9 1
e 6 7 2
e 6 8 1
e 7 10 1
e 7 13 1
e 8 11 2
e 8 14 1
e 9 10 2
e 9 11 1
e 10 15 1
e 11 16 1
e 12 17 1
e 12 18 1
e 12 19 1
t # 67485
v 0 1
v 1 3
v 2 3
v 3 3
v 4 3
v 5 3
v 6 3
v 7 3
v 8 3
v 9 3
v 10 3
v 11 3
v 12 3
v 13 4
v 14 4
v 15 4
v 16 4
v 17 4
v 18 4
v 19 4
v 20 4
v 21 4
v 22 4
v 23 4
v 24 4
v 25 4
v 26 4
v 27 4
v 28 4
e 0 11 2
e 1 2 1
e 1 3 1
e 1 4 1
e 1 5 1
e 2 6 2
e 2 7 1
e 3 13 1
e 3 14 1
e 3 15 1
e 4 16 1
e 4 17 1
e 4 18 1
e 5 19 1
e 5 20 1
e 5 21 1
e 6 8 1
e 6 22 1
e 7 9 2
e 7 23 1
e 8 10 2
e 8 24 1
e 9 10 1
e 9 25 1
e 10 11 1
e 11 12 1
e 12 26 1
e 12 27 1
e 12 28 1
t # 67486
v 0 2
v 1 3
v 2 3
v 3 3
v 4 3
v 5 3
v 6 3
v 7 3
v 8 3
v 9 3
v 10 3
v 11 3
v 12 3
v 13 4
v 14 4
v 15 4
v 16 4
v 17 4
v 18 4
v 19 4
v 20 4
v 21 4
v 22 4
v 23 4
v 24 4
v 25 4
e 0 2 1
e 0 8 1
e 0 21 1
e 1 2 2
e 1 3 1
e 1 7 1
e 2 4 1
e 3 5 1
e 3 13 1
e 3 14 1
e 4 6 1
e 4 15 1
e 4 16 1
e 5 6 1
e 5 17 1
e 5 18 1
e 6 19 1
e 6 20 1
e 7 8 1
e 7 9 2
e 8 10 2
e 9 11 1
e 9 22 1
e 10 12 1
e 10 23 1
e 11 12 2
e 11 24 1
e 12 25 1
t # 67487
v 0 1
v 1 3
v 2 3
v 3 3
v 4 3
v 5 3
v 6 3
v 7 3
v 8 3
v 9 3
v 10 3
v 11 3
v 12 3
v 13 4
v 14 4
v 15 4
v 16 4
v 17 4
v 18 4
v 19 4
v 20 4
v 21 4
v 22 4
e 0 9 2
e 1 2 1
e 1 3 1
e 1 4 2
e 2 5 1
e 2 7 2
e 3 6 2
e 3 9 1
e 4 10 1
e 4 13 1
e 5 8 2
e 5 14 1
e 6 8 1
e 6 15 1
e 7 11 1
e 7 16 1
e 8 17 1
e 9 12 1
e 10 11 2
e 10 18 1
e 11 19 1
e 12 20 1
e 12 21 1
e 12 22 1
t # 67488
v 0 1
v 1 1
v 2 1
v 3 3
v 4 3
v 5 3
v 6 3
v 7 3
v 8 3
v 9 3
v 10 3
v 11 3
v 12 4
v 13 4
v 14 4
v 15 4
v 16 4
v 17 4
v 18 4
v 19 4
v 20 4
v 21 4
e 0 3 1
e 0 4 1
e 1 8 1
e 1 21 1
e 2 8 2
e 3 5 1
e 3 8 1
e 3 12 1
e 4 6 2
e 4 7 1
e 5 13 1
e 5 14 1
e 5 15 1
e 6 9 1
e 6 16 1
e 7 10 2
e 7 17 1
e 9 11 2
e 9 18 1
e 10 11 1
e 10 19 1
e 11 20 1
t # 67489
v 0 2
v 1 3
v 2 3
v 3 3
v 4 3
v 5 3
v 6 3
v 7 3
v 8 3
v 9 3
v 10 3
v 11 3
v 12 4
v 13 4
v 14 4
v 15 4
v 16 4
v 17 4
v 18 4
v 19 4
v 20 4
e 0 10 2
e 0 11 1
e 1 2 1
e 1 3 2
e 1 4 1
e 2 5 2
e 2 6 1
e 3 7 1
e 3 12 1
e 4 8 2
e 4 13 1
e 5 10 1
e 5 14 1
e 6 11 2
e 6 15 1
e 7 9 2
e 7 16 1
e 8 9 1
e 8 17 1
e 9 18 1
e 10 19 1
e 11 20 1
t # 67490
v 0 1
v 1 1
v 2 1
v 3 3
v 4 3
v 5 3
v 6 3
v 7 3
v 8 3
v 9 3
v 10 3
v 11 3
v 12 4
v 13 4
v 14 4
v 15 4
v 16 4
v 17 4
e 0 4 1
e 0 11 1
e 1 8 1
e 1 17 1
e 2 11 2
e 3 4 1
e 3 5 1
e 3 6 2
e 4 7 2
e 5 8 2
e 5 12 1
e 6 9 1
e 6 13 1
e 7 10 1
e 7 14 1
e 8 11 1
e 9 10 2
e 9 15 1
e 10 16 1
t # 67491
v 0 2
v 1 2
v 2 3
v 3 3
v 4 3
v 5 3
v 6 3
v 7 3
v 8 3
v 9 3
v 10 3
v 11 3
v 12 4
v 13 4
v 14 4
v 15 4
v 16 4
v 17 4
v 18 4
v 19 4
v 20 4
v 21 4
e 0 4 1
e 0 18 1
e 0 19 1
e 1 5 1
e 1 20 1
e 1 21 1
e 2 3 1
e 2 4 1
e 2 7 2
e 3 6 1
e 3 9 2
e 4 5 2
e 5 8 1
e 6 8 2
e 6 12 1
e 7 10 1
e 7 13 1
e 8 14 1
e 9 11 1
e 9 15 1
e 10 11 2
e 10 16 1
e 11 17 1
t # 67492
v 0 12
v 1 11
v 2 1
v 3 1
v 4 3
v 5 3
v 6 3
v 7 3
v 8 3
v 9 3
v 10 3
v 11 3
v 12 4
v 13 4
v 14 4
v 15 4
v 16 4
v 17 4
v 18 4
v 19 4
v 20 4
e 0 6 1
e 1 2 2
e 1 3 2
e 1 4 1
e 1 5 1
e 4 6 1
e 4 12 1
e 4 13 1
e 5 7 2
e 5 8 1
e 6 14 1
e 6 15 1
e 7 9 1
e 7 16 1
e 8 10 2
e 8 17 1
e 9 11 2
e 9 18 1
e 10 11 1
e 10 19 1
e 11 20 1
t # 67493
v 0 1
v 1 3
v 2 3
v 3 3
v 4 3
v 5 3
v 6 3
v 7 3
v 8 3
v 9 3
v 10 3
v 11 4
v 12 4
v 13 4
v 14 4
v 15 4
v 16 4
v 17 4
v 18 4
v 19 4
v 20 4
v 21 4
v 22 4
e 0 9 2
e 1 2 1
e 1 4 2
e 1 5 1
e 2 8 1
e 2 11 1
e 2 12 1
e 3 6 2
e 3 7 1
e 3 9 1
e 4 6 1
e 4 13 1
e 5 7 2
e 5 14 1
e 6 15 1
e 7 16 1
e 8 17 1
e 8 18 1
e 8 19 1
e 9 10 1
e 10 20 1
e 10 21 1
e 10 22 1
t # 67494
v 0 1
v 1 1
v 2 2
v 3 2
v 4 3
v 5 3
v 6 3
v 7 3
v 8 3
v 9 3
v 10 3
v 11 4
v 12 4
v 13 4
v 14 4
v 15 4
v 16 4
v 17 4
v 18 4
e 0 5 1
e 0 16 1
e 1 9 2
e 2 3 1
e 2 9 1
e 2 15 1
e 3 17 1
e 3 18 1
e 4 5 1
e 4 6 2
e 4 9 1
e 5 7 2
e 6 8 1
e 6 11 1
e 7 10 1
e 7 12 1
e 8 10 2
e 8 13 1
e 10 14 1
t # 67495
v 0 11
v 1 1
v 2 2
v 3 3
v 4 3
v 5 3
v 6 3
v 7 3
v 8 3
v 9 3
v 10 4
v 11 4
v 12 4
v 13 4
v 14 4
e 0 4 1
e 0 7 1
e 1 7 2
e 2 3 1
e 2 7 1
e 2 10 1
e 3 4 1
e 3 5 2
e 4 6 2
e 5 8 1
e 5 11 1
e 6 9 1
e 6 12 1
e 8 9 2
e 8 13 1
e 9 14 1
t # 67496
v 0 2
v 1 2
v 2 2
v 3 3
v 4 3
v 5 3
v 6 3
v 7 3
v 8 3
v 9 3
v 10 4
v 11 4
v 12 4
v 13 4
v 14 4
v 15 4
v 16 4
e 0 3 1
e 0 5 1
e 0 10 1
e 1 4 1
e 1 5 2
e 2 5 1
e 2 15 1
e 2 16 1
e 3 4 1
e 3 6 2
e 4 7 2
e 6 8 1
e 6 11 1
e 7 9 1
e 7 12 1
e 8 9 2
e 8 13 1
e 9 14 1
t # 67497
v 0 2
v 1 2
v 2 2
v 3 3
v 4 3
v 5 3
v 6 3
v 7 3
v 8 3
v 9 3
v 10 4
v 11 4
v 12 4
v 13 4
v 14 4
v 15 4
v 16 4
e 0 3 1
e 0 9 1
e 0 12 1
e 1 4 1
e 1 9 2
e 2 6 1
e 2 15 1
e 2 16 1
e 3 4 2
e 3 5 1
e 4 7 1
e 5 6 2
e 5 10 1
e 6 8 1
e 7 8 2
e 7 11 1
e 8 13 1
e 9 14 1
t # 67498
v 0 1
v 1 1
v 2 1
v 3 3
v 4 3
v 5 3
v 6 3
v 7 3
v 8 3
v 9 3
v 10 4
v 11 4
v 12 4
v 13 4
v 14 4
v 15 4
v 16 4
v 17 4
e 0 3 1
e 0 9 1
e 1 4 1
e 1 16 1
e 2 5 1
e 2 17 1
e 3 4 1
e 3 6 2
e 4 5 2
e 5 7 1
e 6 8 1
e 6 10 1
e 7 8 2
e 7 11 1
e 8 12 1
e 9 13 1
e 9 14 1
e 9 15 1
t # 67499
v 0 12
v 1 12
v 2 2
v 3 2
v 4 2
v 5 2
v 6 3
v 7 3
v 8 3
v 9 4
v 10 4
e 0 7 1
e 1 8 1
e 2 6 2
e 2 8 1
e 3 6 1
e 3 7 2
e 4 7 1
e 4 8 2
e 5 6 1
e 5 9 1
e 5 10 1
