t # 62900
v 0 8
v 1 1
v 2 1
v 3 1
v 4 2
v 5 3
v 6 3
v 7 3
v 8 3
v 9 3
v 10 3
v 11 3
v 12 3
v 13 3
v 14 3
v 15 3
v 16 4
v 17 4
v 18 4
v 19 4
v 20 4
v 21 4
v 22 4
v 23 4
v 24 4
v 25 4
v 26 4
v 27 4
v 28 4
v 29 4
v 30 4
v 31 4
v 32 4
v 33 4
e 1 9 1
e 2 10 1
e 4 13 1
e 4 32 1
e 4 33 1
e 5 6 1
e 5 16 1
e 5 17 1
e 6 7 2
e 6 8 1
e 7 11 1
e 7 18 1
e 8 12 2
e 8 19 1
e 9 14 1
e 9 20 1
e 9 21 1
e 10 15 1
e 10 22 1
e 10 23 1
e 11 13 2
e 11 24 1
e 12 13 1
e 12 25 1
e 14 26 1
e 14 27 1
e 14 28 1
e 15 29 1
e 15 30 1
e 15 31 1
t # 62901
v 0 1
v 1 1
v 2 2
v 3 3
v 4 3
v 5 3
v 6 3
v 7 3
v 8 3
v 9 3
v 10 3
v 11 3
v 12 3
v 13 3
v 14 3
v 15 3
v 16 3
v 17 3
v 18 3
v 19 3
v 20 3
v 21 3
v 22 3
v 23 3
v 24 3
v 25 3
v 26 3
v 27 3
v 28 3
v 29 3
v 30 3
v 31 3
v 32 4
v 33 4
v 34 4
v 35 4
v 36 4
v 37 4
v 38 4
v 39 4
v 40 4
v 41 4
v 42 4
v 43 4
v 44 4
v 45 4
v 46 4
v 47 4
v 48 4
v 49 4
v 50 4
v 51 4
v 52 4
v 53 4
v 54 4
v 55 4
v 56 4
v 57 4
v 58 4
v 59 4
v 60 4
v 61 4
v 62 4
v 63 4
v 64 4
v 65 4
v 66 4
v 67 4
v 68 4
v 69 4
v 70 4
v 71 4
v 72 4
v 73 4
v 74 4
v 75 4
v 76 4
e 0 21 2
e 1 23 1
e 1 76 1
e 2 18 1
e 2 21 1
e 2 69 1
e 3 4 1
e 3 5 1
e 3 32 1
e 3 33 1
e 4 6 1
e 4 34 1
e 4 35 1
e 5 7 1
e 5 36 1
e 5 37 1
e 6 8 1
e 6 38 1
e 6 39 1
e 7 9 1
e 7 40 1
e 7 41 1
e 8 10 1
e 8 42 1
e 8 43 1
e 9 11 1
e 9 44 1
e 9 45 1
e 10 12 1
e 10 46 1
e 10 47 1
e 11 13 1
e 11 48 1
e 11 49 1
e 12 14 1
e 12 50 1
e 12 51 1
e 13 15 1
e 13 52 1
e 13 53 1
e 14 16 1
e 14 54 1
e 14 55 1
e 15 17 1
e 15 56 1
e 15 57 1
e 16 18 1
e 16 58 1
e 16 59 1
e 17 19 1
e 17 60 1
e 17 61 1
e 18 62 1
e 18 63 1
e 19 20 1
e 19 64 1
e 19 65 1
e 20 66 1
e 20 67 1
e 20 68 1
e 21 22 1
e 22 23 2
e 22 25 1
e 23 24 1
e 24 26 1
e 24 28 2
e 25 27 2
e 25 70 1
e 26 27 1
e 26 29 2
e 27 71 1
e 28 30 1
e 28 72 1
e 29 31 1
e 29 73 1
e 30 31 2
e 30 74 1
e 31 75 1
t # 62902
v 0 18
v 1 3
v 2 3
v 3 3
v 4 3
v 5 3
v 6 3
v 7 3
v 8 3
v 9 3
v 10 3
v 11 3
v 12 3
v 13 3
v 14 3
v 15 3
v 16 4
v 17 4
v 18 4
v 19 4
v 20 4
v 21 4
v 22 4
v 23 4
v 24 4
v 25 4
v 26 4
v 27 4
v 28 4
v 29 4
v 30 4
e 1 2 1
e 1 3 1
e 1 4 1
e 1 16 1
e 2 5 1
e 2 17 1
e 2 18 1
e 3 6 2
e 3 8 1
e 4 7 2
e 4 9 1
e 5 19 1
e 5 20 1
e 6 10 1
e 6 21 1
e 7 11 1
e 7 22 1
e 8 12 2
e 8 23 1
e 9 13 2
e 9 24 1
e 10 14 2
e 10 25 1
e 11 15 2
e 11 26 1
e 12 14 1
e 12 27 1
e 13 15 1
e 13 28 1
e 14 29 1
e 15 30 1
t # 62903
v 0 2
v 1 3
v 2 3
v 3 3
v 4 3
v 5 3
v 6 3
v 7 3
v 8 3
v 9 3
v 10 3
v 11 3
v 12 3
v 13 3
v 14 3
v 15 3
v 16 3
v 17 3
v 18 3
v 19 4
v 20 4
v 21 4
v 22 4
v 23 4
v 24 4
v 25 4
v 26 4
v 27 4
v 28 4
v 29 4
v 30 4
v 31 4
v 32 4
v 33 4
v 34 4
v 35 4
v 36 4
v 37 4
v 38 4
v 39 4
e 0 5 1
e 0 6 1
e 0 29 1
e 1 2 1
e 1 3 1
e 1 4 1
e 1 19 1
e 2 7 1
e 2 8 1
e 2 20 1
e 3 5 1
e 3 21 1
e 3 22 1
e 4 6 1
e 4 23 1
e 4 24 1
e 5 25 1
e 5 26 1
e 6 27 1
e 6 28 1
e 7 9 2
e 7 11 1
e 8 10 2
e 8 12 1
e 9 13 1
e 9 30 1
e 10 14 1
e 10 31 1
e 11 15 2
e 11 32 1
e 12 16 2
e 12 33 1
e 13 17 2
e 13 34 1
e 14 18 2
e 14 35 1
e 15 17 1
e 15 36 1
e 16 18 1
e 16 37 1
e 17 38 1
e 18 39 1
t # 62904
v 0 1
v 1 1
v 2 2
v 3 3
v 4 3
v 5 3
v 6 3
v 7 3
v 8 3
v 9 3
v 10 3
v 11 3
v 12 3
v 13 4
v 14 4
v 15 4
v 16 4
v 17 4
v 18 4
v 19 4
v 20 4
v 21 4
v 22 4
v 23 4
v 24 4
v 25 4
v 26 4
v 27 4
v 28 4
v 29 4
v 30 4
v 31 4
v 32 4
v 33 4
e 0 11 1
e 0 32 1
e 1 12 1
e 1 33 1
e 2 6 1
e 2 7 1
e 2 9 1
e 3 4 1
e 3 5 1
e 3 8 1
e 3 13 1
e 4 6 1
e 4 14 1
e 4 15 1
e 5 7 1
e 5 16 1
e 5 17 1
e 6 18 1
e 6 19 1
e 7 20 1
e 7 21 1
e 8 10 1
e 8 22 1
e 8 23 1
e 9 11 1
e 9 24 1
e 9 25 1
e 10 12 1
e 10 26 1
e 10 27 1
e 11 28 1
e 11 29 1
e 12 30 1
e 12 31 1
t # 62905
v 0 1
v 1 3
v 2 3
v 3 3
v 4 3
v 5 3
v 6 3
v 7 3
v 8 3
v 9 3
v 10 4
v 11 4
v 12 4
v 13 4
v 14 4
v 15 4
v 16 4
v 17 4
v 18 4
v 19 4
v 20 4
v 21 4
v 22 4
v 23 4
v 24 4
v 25 4
v 26 4
v 27 4
v 28 4
v 29 4
e 0 1 1
e 0 26 1
e 1 2 1
e 1 3 1
e 1 4 1
e 2 5 1
e 2 10 1
e 2 11 1
e 3 7 1
e 3 12 1
e 3 13 1
e 4 8 1
e 4 14 1
e 4 15 1
e 5 6 1
e 5 16 1
e 5 17 1
e 6 9 1
e 6 18 1
e 6 19 1
e 7 20 1
e 7 21 1
e 7 22 1
e 8 23 1
e 8 24 1
e 8 25 1
e 9 27 1
e 9 28 1
e 9 29 1
t # 62906
v 0 1
v 1 1
v 2 1
v 3 2
v 4 2
v 5 3
v 6 3
v 7 3
v 8 3
v 9 3
v 10 3
v 11 3
v 12 3
v 13 3
v 14 3
v 15 3
v 16 3
v 17 3
v 18 3
v 19 3
v 20 3
v 21 4
v 22 4
v 23 4
v 24 4
v 25 4
v 26 4
v 27 4
v 28 4
v 29 4
v 30 4
v 31 4
v 32 4
v 33 4
v 34 4
e 0 7 1
e 0 8 1
e 1 13 1
e 1 19 1
e 2 14 1
e 2 20 1
e 3 4 1
e 3 7 2
e 4 8 2
e 5 7 1
e 5 9 2
e 5 11 1
e 6 8 1
e 6 10 2
e 6 12 1
e 9 13 1
e 9 21 1
e 10 14 1
e 10 22 1
e 11 15 2
e 11 23 1
e 12 16 2
e 12 24 1
e 13 17 2
e 14 18 2
e 15 17 1
e 15 25 1
e 16 18 1
e 16 26 1
e 17 27 1
e 18 28 1
e 19 29 1
e 19 30 1
e 19 31 1
e 20 32 1
e 20 33 1
e 20 34 1
t # 62907
v 0 1
v 1 3
v 2 3
v 3 3
v 4 3
v 5 3
v 6 3
v 7 3
v 8 3
v 9 3
v 10 4
v 11 4
v 12 4
v 13 4
v 14 4
v 15 4
v 16 4
v 17 4
v 18 4
v 19 4
v 20 4
v 21 4
v 22 4
v 23 4
v 24 4
v 25 4
v 26 4
v 27 4
e 0 5 2
e 1 2 1
e 1 6 1
e 1 7 1
e 1 10 1
e 2 3 1
e 2 11 1
e 2 12 1
e 3 5 1
e 3 13 1
e 3 14 1
e 4 5 1
e 4 8 1
e 4 9 1
e 4 15 1
e 6 16 1
e 6 17 1
e 6 18 1
e 7 19 1
e 7 20 1
e 7 21 1
e 8 22 1
e 8 23 1
e 8 24 1
e 9 25 1
e 9 26 1
e 9 27 1
t # 62908
v 0 2
v 1 2
v 2 3
v 3 3
v 4 3
v 5 3
v 6 3
v 7 4
v 8 4
v 9 4
v 10 4
v 11 4
v 12 4
v 13 4
v 14 4
v 15 4
v 16 4
v 17 4
v 18 4
v 19 4
v 20 4
e 0 2 1
e 0 3 1
e 0 10 1
e 1 6 1
e 1 19 1
e 1 20 1
e 2 4 1
e 2 5 1
e 2 7 1
e 3 6 1
e 3 8 1
e 3 9 1
e 4 11 1
e 4 12 1
e 4 13 1
e 5 14 1
e 5 15 1
e 5 16 1
e 6 17 1
e 6 18 1
t # 62909
v 0 1
v 1 1
v 2 2
v 3 3
v 4 3
v 5 3
v 6 3
v 7 3
v 8 4
v 9 4
v 10 4
v 11 4
v 12 4
v 13 4
v 14 4
v 15 4
v 16 4
v 17 4
v 18 4
e 0 3 1
e 0 4 1
e 1 3 1
e 1 5 1
e 2 3 1
e 2 6 1
e 2 7 1
e 3 8 1
e 4 5 1
e 4 9 1
e 4 10 1
e 5 11 1
e 5 12 1
e 6 13 1
e 6 14 1
e 6 15 1
e 7 16 1
e 7 17 1
e 7 18 1
t # 62910
v 0 2
v 1 2
v 2 3
v 3 3
v 4 3
v 5 3
v 6 3
v 7 3
v 8 3
v 9 3
v 10 4
v 11 4
v 12 4
v 13 4
v 14 4
v 15 4
v 16 4
v 17 4
v 18 4
v 19 4
v 20 4
v 21 4
v 22 4
v 23 4
v 24 4
v 25 4
v 26 4
v 27 4
v 28 4
v 29 4
e 0 4 1
e 0 6 1
e 0 18 1
e 1 5 1
e 1 7 1
e 1 19 1
e 2 3 1
e 2 4 1
e 2 10 1
e 2 11 1
e 3 5 1
e 3 12 1
e 3 13 1
e 4 14 1
e 4 15 1
e 5 16 1
e 5 17 1
e 6 8 1
e 6 20 1
e 6 21 1
e 7 9 1
e 7 22 1
e 7 23 1
e 8 24 1
e 8 25 1
e 8 26 1
e 9 27 1
e 9 28 1
e 9 29 1
t # 62911
v 0 1
v 1 1
v 2 1
v 3 1
v 4 1
v 5 3
v 6 3
v 7 3
v 8 3
v 9 3
v 10 3
v 11 3
v 12 3
v 13 3
v 14 4
v 15 4
v 16 4
v 17 4
v 18 4
v 19 4
v 20 4
v 21 4
e 0 5 1
e 0 11 1
e 1 12 1
e 1 20 1
e 2 13 1
e 2 21 1
e 3 12 2
e 4 13 2
e 5 7 2
e 5 8 1
e 6 9 2
e 6 10 1
e 6 12 1
e 7 9 1
e 7 14 1
e 8 10 2
e 8 15 1
e 9 16 1
e 10 17 1
e 11 13 1
e 11 18 1
e 11 19 1
t # 62912
v 0 1
v 1 1
v 2 2
v 3 3
v 4 3
v 5 3
v 6 3
v 7 3
v 8 3
v 9 3
v 10 3
v 11 3
v 12 3
v 13 4
v 14 4
v 15 4
v 16 4
v 17 4
v 18 4
v 19 4
v 20 4
v 21 4
v 22 4
v 23 4
e 2 11 1
e 3 4 1
e 3 5 1
e 3 13 1
e 3 14 1
e 4 6 1
e 4 15 1
e 4 16 1
e 5 7 1
e 5 17 1
e 5 18 1
e 6 8 1
e 6 19 1
e 6 20 1
e 7 8 2
e 7 9 1
e 8 10 1
e 9 11 2
e 9 21 1
e 10 12 2
e 10 22 1
e 11 12 1
e 12 23 1
t # 62913
v 0 1
v 1 1
v 2 3
v 3 3
v 4 3
v 5 3
v 6 3
v 7 3
v 8 3
v 9 3
v 10 3
v 11 3
v 12 3
v 13 3
v 14 3
v 15 3
v 16 3
v 17 3
v 18 3
v 19 3
v 20 3
v 21 3
v 22 3
v 23 3
v 24 3
v 25 3
v 26 4
v 27 4
v 28 4
v 29 4
v 30 4
v 31 4
v 32 4
v 33 4
v 34 4
v 35 4
v 36 4
v 37 4
v 38 4
v 39 4
v 40 4
v 41 4
e 0 10 2
e 1 11 2
e 2 3 2
e 2 4 1
e 2 5 1
e 3 6 1
e 3 7 1
e 4 8 2
e 4 10 1
e 5 9 2
e 5 11 1
e 6 12 2
e 6 26 1
e 7 13 2
e 7 27 1
e 8 12 1
e 8 28 1
e 9 13 1
e 9 29 1
e 10 14 1
e 11 15 1
e 12 30 1
e 13 31 1
e 14 16 2
e 14 18 1
e 15 17 2
e 15 19 1
e 16 20 1
e 16 32 1
e 17 21 1
e 17 33 1
e 18 22 2
e 18 34 1
e 19 23 2
e 19 35 1
e 20 24 2
e 20 36 1
e 21 25 2
e 21 37 1
e 22 24 1
e 22 38 1
e 23 25 1
e 23 39 1
e 24 40 1
e 25 41 1
t # 62914
v 0 1
v 1 1
v 2 1
v 3 1
v 4 2
v 5 2
v 6 3
v 7 3
v 8 3
v 9 3
v 10 4
v 11 4
v 12 4
v 13 4
v 14 4
v 15 4
v 16 4
v 17 4
e 0 8 1
e 0 16 1
e 1 9 1
e 1 17 1
e 2 8 2
e 3 9 2
e 4 5 1
e 4 6 1
e 4 7 1
e 5 14 1
e 5 15 1
e 6 8 1
e 6 10 1
e 6 11 1
e 7 9 1
e 7 12 1
e 7 13 1
t # 62915
v 0 1
v 1 1
v 2 2
v 3 2
v 4 3
v 5 3
v 6 3
v 7 3
v 8 3
v 9 3
v 10 4
v 11 4
v 12 4
v 13 4
v 14 4
v 15 4
v 16 4
v 17 4
e 0 4 1
e 0 5 1
e 1 5 2
e 2 5 1
e 2 6 1
e 2 8 1
e 3 8 2
e 3 9 1
e 4 7 1
e 4 10 1
e 4 11 1
e 6 9 2
e 6 12 1
e 7 13 1
e 7 14 1
e 7 15 1
e 8 16 1
e 9 17 1
t # 62916
v 0 11
v 1 11
v 2 11
v 3 11
v 4 8
v 5 8
v 6 1
v 7 1
v 8 3
v 9 3
v 10 3
v 11 3
v 12 3
v 13 3
v 14 3
v 15 3
v 16 3
v 17 3
v 18 3
v 19 3
v 20 3
v 21 3
v 22 4
v 23 4
v 24 4
v 25 4
v 26 4
v 27 4
v 28 4
v 29 4
v 30 4
v 31 4
v 32 4
v 33 4
v 34 4
v 35 4
e 6 18 1
e 6 20 1
e 7 19 1
e 7 21 1
e 8 10 2
e 8 12 1
e 9 11 2
e 9 13 1
e 10 14 1
e 10 22 1
e 11 15 1
e 11 23 1
e 12 16 2
e 12 24 1
e 13 17 2
e 13 25 1
e 14 18 2
e 14 26 1
e 15 19 2
e 15 27 1
e 16 18 1
e 16 28 1
e 17 19 1
e 17 29 1
e 20 30 1
e 20 31 1
e 20 32 1
e 21 33 1
e 21 34 1
e 21 35 1
t # 62917
v 0 1
v 1 1
v 2 1
v 3 3
v 4 3
v 5 3
v 6 3
v 7 3
v 8 3
v 9 3
v 10 3
v 11 3
v 12 3
v 13 3
v 14 3
v 15 3
v 16 3
v 17 3
v 18 3
v 19 3
v 20 3
v 21 3
v 22 3
v 23 3
v 24 3
v 25 4
v 26 4
v 27 4
v 28 4
v 29 4
v 30 4
v 31 4
v 32 4
v 33 4
v 34 4
v 35 4
v 36 4
v 37 4
v 38 4
v 39 4
v 40 4
v 41 4
v 42 4
v 43 4
v 44 4
v 45 4
v 46 4
v 47 4
v 48 4
v 49 4
v 50 4
v 51 4
v 52 4
v 53 4
v 54 4
v 55 4
v 56 4
v 57 4
v 58 4
v 59 4
v 60 4
v 61 4
v 62 4
v 63 4
v 64 4
v 65 4
v 66 4
e 0 19 1
e 0 21 1
e 1 21 2
e 2 23 2
e 3 4 1
e 3 5 1
e 3 25 1
e 3 26 1
e 4 6 1
e 4 27 1
e 4 28 1
e 5 7 1
e 5 29 1
e 5 30 1
e 6 8 1
e 6 31 1
e 6 32 1
e 7 9 1
e 7 33 1
e 7 34 1
e 8 10 1
e 8 35 1
e 8 36 1
e 9 11 1
e 9 37 1
e 9 38 1
e 10 12 1
e 10 39 1
e 10 40 1
e 11 13 1
e 11 41 1
e 11 42 1
e 12 14 1
e 12 43 1
e 12 44 1
e 13 15 1
e 13 45 1
e 13 46 1
e 14 16 1
e 14 47 1
e 14 48 1
e 15 17 1
e 15 49 1
e 15 50 1
e 16 18 1
e 16 51 1
e 16 52 1
e 17 19 1
e 17 53 1
e 17 54 1
e 18 20 1
e 18 55 1
e 18 56 1
e 19 57 1
e 19 58 1
e 20 59 1
e 20 60 1
e 20 61 1
e 21 22 1
e 22 23 1
e 22 62 1
e 22 63 1
e 23 24 1
e 24 64 1
e 24 65 1
e 24 66 1
t # 62918
v 0 12
v 1 1
v 2 1
v 3 1
v 4 3
v 5 3
v 6 3
v 7 3
v 8 3
v 9 3
v 10 3
v 11 3
v 12 3
v 13 4
v 14 4
v 15 4
v 16 4
v 17 4
v 18 4
v 19 4
v 20 4
v 21 4
e 0 7 1
e 1 5 1
e 1 11 1
e 2 12 1
e 2 21 1
e 3 12 2
e 4 5 2
e 4 6 1
e 4 8 1
e 5 7 1
e 6 9 2
e 6 13 1
e 7 10 2
e 8 14 1
e 8 15 1
e 8 16 1
e 9 10 1
e 9 17 1
e 10 18 1
e 11 12 1
e 11 19 1
e 11 20 1
t # 62919
v 0 1
v 1 2
v 2 3
v 3 3
v 4 3
v 5 3
v 6 3
v 7 3
v 8 3
v 9 4
v 10 4
v 11 4
v 12 4
v 13 4
v 14 4
v 15 4
v 16 4
v 17 4
v 18 4
v 19 4
v 20 4
v 21 4
v 22 4
v 23 4
v 24 4
v 25 4
e 0 4 1
e 0 25 1
e 1 3 1
e 1 7 1
e 1 8 1
e 2 3 1
e 2 4 1
e 2 5 1
e 2 6 1
e 3 9 1
e 3 10 1
e 4 11 1
e 4 12 1
e 5 13 1
e 5 14 1
e 5 15 1
e 6 16 1
e 6 17 1
e 6 18 1
e 7 19 1
e 7 20 1
e 7 21 1
e 8 22 1
e 8 23 1
e 8 24 1
t # 62920
v 0 1
v 1 1
v 2 2
v 3 2
v 4 2
v 5 2
v 6 2
v 7 3
v 8 3
v 9 3
v 10 3
v 11 3
v 12 4
v 13 4
v 14 4
v 15 4
v 16 4
e 0 16 1
e 1 10 2
e 2 8 1
e 2 9 1
e 3 7 1
e 3 11 1
e 3 12 1
e 4 8 1
e 4 11 2
e 5 9 2
e 5 10 1
e 6 9 1
e 6 14 1
e 6 15 1
e 7 8 2
e 7 10 1
e 11 13 1
t # 62921
v 0 1
v 1 1
v 2 1
v 3 2
v 4 3
v 5 3
v 6 3
v 7 3
v 8 3
v 9 3
v 10 3
v 11 3
v 12 3
v 13 3
v 14 3
v 15 3
v 16 3
v 17 3
v 18 3
v 19 3
v 20 3
v 21 4
v 22 4
v 23 4
v 24 4
v 25 4
v 26 4
v 27 4
v 28 4
v 29 4
v 30 4
v 31 4
v 32 4
v 33 4
v 34 4
v 35 4
v 36 4
v 37 4
e 0 5 1
e 0 16 1
e 1 9 2
e 2 14 1
e 2 20 1
e 3 4 1
e 3 5 1
e 3 8 1
e 4 6 2
e 4 10 1
e 5 7 2
e 6 9 1
e 6 11 1
e 7 9 1
e 7 12 1
e 8 13 1
e 8 21 1
e 8 22 1
e 10 14 2
e 10 23 1
e 11 15 2
e 11 24 1
e 12 16 2
e 12 25 1
e 13 17 2
e 13 26 1
e 14 15 1
e 15 27 1
e 16 28 1
e 17 18 1
e 17 19 1
e 18 29 1
e 18 30 1
e 18 31 1
e 19 32 1
e 19 33 1
e 19 34 1
e 20 35 1
e 20 36 1
e 20 37 1
t # 62922
v 0 1
v 1 2
v 2 3
v 3 3
v 4 3
v 5 3
v 6 3
v 7 3
v 8 3
v 9 3
v 10 3
v 11 3
v 12 3
v 13 3
v 14 3
v 15 3
v 16 3
v 17 4
v 18 4
v 19 4
v 20 4
v 21 4
v 22 4
v 23 4
v 24 4
v 25 4
v 26 4
v 27 4
v 28 4
v 29 4
v 30 4
v 31 4
v 32 4
v 33 4
e 0 8 1
e 0 9 1
e 1 8 2
e 1 10 1
e 2 3 1
e 2 4 1
e 2 8 1
e 2 17 1
e 3 5 1
e 3 18 1
e 3 19 1
e 4 6 1
e 4 20 1
e 4 21 1
e 5 7 1
e 5 22 1
e 5 23 1
e 6 7 1
e 6 24 1
e 6 25 1
e 7 26 1
e 7 27 1
e 9 10 2
e 9 11 1
e 10 28 1
e 11 12 2
e 11 13 1
e 12 14 1
e 12 29 1
e 13 15 2
e 13 30 1
e 14 16 2
e 14 31 1
e 15 16 1
e 15 32 1
e 16 33 1
t # 62923
v 0 18
v 1 2
v 2 3
v 3 3
v 4 3
v 5 3
v 6 3
v 7 4
v 8 4
v 9 4
v 10 4
v 11 4
v 12 4
e 1 5 2
e 1 6 1
e 2 3 2
e 2 4 1
e 2 7 1
e 3 5 1
e 3 8 1
e 4 6 2
e 4 9 1
e 5 10 1
e 6 11 1
t # 62924
v 0 18
v 1 18
v 2 1
v 3 3
v 4 3
v 5 3
v 6 3
v 7 3
v 8 3
v 9 3
v 10 3
v 11 4
v 12 4
v 13 4
v 14 4
v 15 4
v 16 4
v 17 4
v 18 4
e 2 3 1
e 2 4 1
e 3 5 2
e 3 6 1
e 4 7 1
e 4 11 1
e 4 12 1
e 5 8 1
e 5 13 1
e 6 9 2
e 6 14 1
e 7 15 1
e 7 16 1
e 8 10 2
e 8 17 1
e 9 10 1
e 9 18 1
t # 62925
v 0 1
v 1 3
v 2 3
v 3 3
v 4 3
v 5 3
v 6 3
v 7 3
v 8 3
v 9 3
v 10 3
v 11 3
v 12 3
v 13 3
v 14 3
v 15 3
v 16 3
v 17 4
v 18 4
v 19 4
v 20 4
v 21 4
v 22 4
v 23 4
v 24 4
v 25 4
v 26 4
v 27 4
v 28 4
v 29 4
v 30 4
v 31 4
v 32 4
v 33 4
v 34 4
v 35 4
v 36 4
v 37 4
v 38 4
v 39 4
v 40 4
v 41 4
v 42 4
v 43 4
v 44 4
v 45 4
v 46 4
v 47 4
v 48 4
e 0 13 2
e 1 2 1
e 1 3 1
e 1 17 1
e 1 18 1
e 2 4 1
e 2 19 1
e 2 20 1
e 3 5 1
e 3 21 1
e 3 22 1
e 4 6 1
e 4 23 1
e 4 24 1
e 5 7 1
e 5 25 1
e 5 26 1
e 6 8 1
e 6 27 1
e 6 28 1
e 7 9 1
e 7 29 1
e 7 30 1
e 8 10 1
e 8 31 1
e 8 32 1
e 9 11 1
e 9 33 1
e 9 34 1
e 10 12 1
e 10 35 1
e 10 36 1
e 11 13 1
e 11 37 1
e 11 38 1
e 12 14 1
e 12 39 1
e 12 40 1
e 13 15 1
e 14 41 1
e 14 42 1
e 14 43 1
e 15 16 1
e 15 44 1
e 15 45 1
e 16 46 1
e 16 47 1
e 16 48 1
t # 62926
v 0 18
v 1 1
v 2 1
v 3 1
v 4 2
v 5 3
v 6 3
v 7 3
v 8 3
v 9 3
v 10 3
v 11 3
v 12 3
v 13 4
v 14 4
v 15 4
v 16 4
v 17 4
v 18 4
e 1 11 2
e 4 7 1
e 5 6 2
e 5 8 1
e 5 11 1
e 6 7 1
e 6 13 1
e 7 9 2
e 8 10 2
e 8 14 1
e 9 10 1
e 10 15 1
e 11 12 1
e 12 16 1
e 12 17 1
e 12 18 1
t # 62927
v 0 12
v 1 12
v 2 1
v 3 1
v 4 2
v 5 3
v 6 3
v 7 3
v 8 3
v 9 3
v 10 3
v 11 3
v 12 3
v 13 3
v 14 3
v 15 3
v 16 3
v 17 3
v 18 4
v 19 4
v 20 4
v 21 4
v 22 4
v 23 4
v 24 4
v 25 4
v 26 4
v 27 4
v 28 4
v 29 4
v 30 4
v 31 4
v 32 4
v 33 4
v 34 4
e 0 12 1
e 1 13 1
e 2 16 1
e 2 17 1
e 3 16 2
e 4 5 1
e 4 6 1
e 4 7 1
e 5 8 2
e 5 9 1
e 6 12 1
e 6 18 1
e 6 19 1
e 7 13 1
e 7 20 1
e 7 21 1
e 8 11 1
e 8 14 1
e 9 10 2
e 9 22 1
e 10 15 1
e 10 16 1
e 11 15 2
e 11 23 1
e 12 24 1
e 12 25 1
e 13 26 1
e 13 27 1
e 14 28 1
e 14 29 1
e 14 30 1
e 15 31 1
e 17 32 1
e 17 33 1
e 17 34 1
t # 62928
v 0 3
v 1 3
v 2 3
v 3 3
v 4 3
v 5 3
v 6 3
v 7 3
v 8 3
v 9 3
v 10 3
v 11 3
v 12 4
v 13 4
v 14 4
v 15 4
v 16 4
v 17 4
v 18 4
v 19 4
v 20 4
v 21 4
v 22 4
v 23 4
v 24 4
v 25 4
v 26 4
v 27 4
v 28 4
v 29 4
v 30 4
v 31 4
v 32 4
v 33 4
v 34 4
v 35 4
e 0 1 1
e 0 2 1
e 0 12 1
e 0 13 1
e 1 3 1
e 1 14 1
e 1 15 1
e 2 4 1
e 2 16 1
e 2 17 1
e 3 5 1
e 3 18 1
e 3 19 1
e 4 6 1
e 4 20 1
e 4 21 1
e 5 7 1
e 5 22 1
e 5 23 1
e 6 8 1
e 6 24 1
e 6 25 1
e 7 9 1
e 7 26 1
e 7 27 1
e 8 10 1
e 8 11 2
e 9 28 1
e 9 29 1
e 9 30 1
e 10 31 1
e 10 32 1
e 10 33 1
e 11 34 1
e 11 35 1
t # 62929
v 0 41
v 1 1
v 2 2
v 3 2
v 4 3
v 5 3
v 6 3
v 7 3
v 8 3
v 9 3
v 10 3
v 11 3
v 12 3
v 13 3
v 14 3
v 15 3
v 16 4
v 17 4
v 18 4
v 19 4
v 20 4
v 21 4
v 22 4
v 23 4
v 24 4
v 25 4
v 26 4
v 27 4
v 28 4
v 29 4
v 30 4
v 31 4
v 32 4
v 33 4
v 34 4
v 35 4
v 36 4
v 37 4
v 38 4
v 39 4
v 40 4
v 41 4
v 42 4
v 43 4
e 1 9 2
e 2 4 1
e 2 9 1
e 3 9 1
e 3 11 1
e 3 12 1
e 4 8 1
e 4 16 1
e 4 17 1
e 5 18 1
e 5 19 1
e 5 20 1
e 6 21 1
e 6 22 1
e 6 23 1
e 7 24 1
e 7 25 1
e 7 26 1
e 8 10 1
e 8 27 1
e 8 28 1
e 10 13 1
e 10 29 1
e 10 30 1
e 11 14 1
e 11 31 1
e 11 32 1
e 12 15 1
e 12 33 1
e 12 34 1
e 13 35 1
e 13 36 1
e 13 37 1
e 14 38 1
e 14 39 1
e 14 40 1
e 15 41 1
e 15 42 1
e 15 43 1
t # 62930
v 0 2
v 1 2
v 2 2
v 3 2
v 4 3
v 5 3
v 6 3
v 7 3
v 8 3
v 9 3
v 10 3
v 11 3
v 12 4
v 13 4
v 14 4
v 15 4
v 16 4
v 17 4
v 18 4
v 19 4
v 20 4
v 21 4
v 22 4
v 23 4
v 24 4
v 25 4
v 26 4
v 27 4
e 0 4 1
e 0 5 1
e 0 8 1
e 1 4 1
e 1 6 1
e 1 9 1
e 2 5 1
e 2 7 1
e 2 10 1
e 3 6 1
e 3 7 1
e 3 11 1
e 4 12 1
e 4 13 1
e 5 14 1
e 5 15 1
e 6 16 1
e 6 17 1
e 7 18 1
e 7 19 1
e 8 10 1
e 8 20 1
e 8 21 1
e 9 11 1
e 9 22 1
e 9 24 1
e 10 23 1
e 10 25 1
e 11 26 1
e 11 27 1
t # 62931
v 0 11
v 1 41
v 2 2
v 3 3
v 4 3
v 5 3
v 6 3
v 7 3
v 8 4
v 9 4
v 10 4
v 11 4
v 12 4
v 13 4
v 14 4
v 15 4
v 16 4
v 17 4
v 18 4
e 0 3 1
e 0 7 1
e 3 8 1
e 3 9 1
e 4 10 1
e 4 11 1
e 4 12 1
e 5 13 1
e 5 14 1
e 5 15 1
e 6 16 1
e 6 17 1
e 6 18 1
t # 62932
v 0 1
v 1 1
v 2 2
v 3 3
v 4 3
v 5 3
v 6 3
v 7 3
v 8 4
v 9 4
v 10 4
v 11 4
v 12 4
v 13 4
v 14 4
v 15 4
v 16 4
v 17 4
v 18 4
e 0 6 1
e 0 18 1
e 1 5 2
e 2 3 1
e 2 5 1
e 2 12 1
e 3 6 1
e 3 8 1
e 3 9 1
e 4 5 1
e 4 7 1
e 4 10 1
e 4 11 1
e 6 13 1
e 6 14 1
e 7 15 1
e 7 16 1
e 7 17 1
t # 62933
v 0 1
v 1 1
v 2 1
v 3 1
v 4 2
v 5 2
v 6 3
v 7 3
v 8 3
v 9 3
v 10 3
v 11 3
v 12 3
v 13 3
v 14 3
v 15 3
v 16 4
v 17 4
v 18 4
v 19 4
v 20 4
v 21 4
v 22 4
v 23 4
v 24 4
v 25 4
v 26 4
v 27 4
v 28 4
v 29 4
e 0 9 1
e 0 28 1
e 1 10 1
e 1 29 1
e 4 6 1
e 4 7 1
e 4 8 1
e 5 15 1
e 6 9 1
e 6 16 1
e 6 17 1
e 7 10 1
e 7 18 1
e 7 19 1
e 8 11 2
e 8 12 1
e 9 20 1
e 9 21 1
e 10 22 1
e 10 23 1
e 11 13 1
e 11 24 1
e 12 14 2
e 12 25 1
e 13 15 2
e 13 26 1
e 14 15 1
e 14 27 1
t # 62934
v 0 1
v 1 1
v 2 2
v 3 3
v 4 3
v 5 3
v 6 3
v 7 3
v 8 3
v 9 3
v 10 3
v 11 3
v 12 3
v 13 3
v 14 3
v 15 3
v 16 4
v 17 4
v 18 4
v 19 4
v 20 4
v 21 4
v 22 4
v 23 4
v 24 4
v 25 4
v 26 4
v 27 4
v 28 4
v 29 4
v 30 4
v 31 4
v 32 4
v 33 4
v 34 4
e 0 7 1
e 0 10 1
e 1 10 2
e 2 11 1
e 2 33 1
e 2 34 1
e 3 4 1
e 3 5 1
e 3 16 1
e 3 17 1
e 4 6 1
e 4 18 1
e 4 19 1
e 5 7 1
e 5 20 1
e 5 21 1
e 6 8 1
e 6 22 1
e 6 23 1
e 7 24 1
e 7 25 1
e 8 26 1
e 8 27 1
e 8 28 1
e 9 10 1
e 9 11 1
e 9 12 2
e 11 13 2
e 12 14 1
e 12 29 1
e 13 15 1
e 13 30 1
e 14 15 2
e 14 31 1
e 15 32 1
t # 62935
v 0 1
v 1 1
v 2 1
v 3 1
v 4 3
v 5 3
v 6 3
v 7 3
v 8 3
v 9 3
v 10 3
v 11 3
v 12 3
v 13 3
v 14 3
v 15 3
v 16 4
v 17 4
v 18 4
v 19 4
v 20 4
v 21 4
v 22 4
v 23 4
v 24 4
v 25 4
v 26 4
v 27 4
v 28 4
v 29 4
v 30 4
v 31 4
e 0 8 1
e 0 14 1
e 1 11 1
e 1 12 1
e 2 9 1
e 2 15 1
e 3 11 2
e 4 5 1
e 4 6 2
e 4 7 1
e 5 11 1
e 5 16 1
e 5 17 1
e 6 8 1
e 6 18 1
e 7 10 2
e 7 19 1
e 8 9 2
e 9 10 1
e 10 20 1
e 12 13 1
e 12 21 1
e 12 22 1
e 13 23 1
e 13 24 1
e 13 25 1
e 14 26 1
e 14 27 1
e 14 28 1
e 15 29 1
e 15 30 1
e 15 31 1
t # 62936
v 0 41
v 1 1
v 2 1
v 3 1
v 4 3
v 5 3
v 6 3
v 7 3
v 8 3
v 9 3
v 10 3
v 11 3
v 12 3
v 13 3
v 14 3
v 15 4
v 16 4
v 17 4
v 18 4
v 19 4
v 20 4
v 21 4
v 22 4
v 23 4
v 24 4
v 25 4
v 26 4
v 27 4
v 28 4
v 29 4
v 30 4
v 31 4
v 32 4
v 33 4
v 34 4
v 35 4
v 36 4
v 37 4
v 38 4
e 1 4 1
e 2 5 1
e 3 6 1
e 4 8 1
e 4 9 1
e 4 15 1
e 5 10 1
e 5 11 1
e 5 16 1
e 6 12 1
e 6 13 1
e 6 17 1
e 7 14 2
e 7 18 1
e 8 19 1
e 8 20 1
e 8 21 1
e 9 22 1
e 9 23 1
e 9 24 1
e 10 25 1
e 10 26 1
e 10 27 1
e 11 28 1
e 11 29 1
e 11 30 1
e 12 31 1
e 12 32 1
e 12 33 1
e 13 34 1
e 13 35 1
e 13 36 1
e 14 37 1
e 14 38 1
t # 62937
v 0 41
v 1 41
v 2 2
v 3 2
v 4 2
v 5 2
v 6 2
v 7 3
v 8 3
v 9 3
v 10 3
v 11 3
v 12 3
v 13 3
v 14 3
v 15 3
v 16 3
v 17 3
v 18 4
v 19 4
v 20 4
v 21 4
v 22 4
v 23 4
v 24 4
v 25 4
v 26 4
v 27 4
v 28 4
v 29 4
v 30 4
v 31 4
v 32 4
v 33 4
v 34 4
v 35 4
v 36 4
v 37 4
v 38 4
e 2 7 1
e 2 13 1
e 3 12 1
e 3 27 1
e 4 11 1
e 4 13 2
e 5 7 2
e 5 17 1
e 6 12 1
e 6 17 2
e 7 11 1
e 8 18 1
e 8 19 1
e 8 20 1
e 9 21 1
e 9 22 1
e 9 23 1
e 10 24 1
e 10 25 1
e 10 26 1
e 11 12 2
e 13 28 1
e 14 29 1
e 14 30 1
e 14 31 1
e 15 32 1
e 15 33 1
e 15 34 1
e 16 35 1
e 16 36 1
e 16 37 1
e 17 38 1
t # 62938
v 0 41
v 1 1
v 2 1
v 3 1
v 4 1
v 5 1
v 6 1
v 7 3
v 8 3
v 9 3
v 10 3
v 11 3
v 12 3
v 13 3
v 14 3
v 15 3
v 16 3
v 17 4
v 18 4
v 19 4
v 20 4
v 21 4
v 22 4
v 23 4
v 24 4
v 25 4
v 26 4
v 27 4
v 28 4
v 29 4
v 30 4
v 31 4
v 32 4
v 33 4
v 34 4
v 35 4
v 36 4
v 37 4
v 38 4
v 39 4
v 40 4
e 1 8 1
e 2 9 1
e 3 10 1
e 4 11 1
e 4 14 1
e 5 12 1
e 5 15 1
e 6 13 1
e 6 16 1
e 7 17 1
e 7 18 1
e 7 19 1
e 8 11 1
e 8 20 1
e 8 21 1
e 9 12 1
e 9 22 1
e 9 23 1
e 10 13 1
e 10 24 1
e 10 25 1
e 11 26 1
e 11 27 1
e 12 28 1
e 12 29 1
e 13 30 1
e 13 31 1
e 14 32 1
e 14 33 1
e 14 34 1
e 15 35 1
e 15 36 1
e 15 37 1
e 16 38 1
e 16 39 1
e 16 40 1
t # 62939
v 0 1
v 1 2
v 2 3
v 3 3
v 4 3
v 5 3
v 6 3
v 7 3
v 8 3
v 9 4
v 10 4
v 11 4
v 12 4
v 13 4
v 14 4
v 15 4
v 16 4
v 17 4
v 18 4
v 19 4
v 20 4
v 21 4
e 0 6 1
e 0 21 1
e 2 3 1
e 2 4 1
e 2 9 1
e 2 10 1
e 3 5 1
e 3 11 1
e 3 12 1
e 4 6 1
e 4 13 1
e 4 14 1
e 5 7 1
e 5 15 1
e 5 16 1
e 6 17 1
e 6 18 1
e 7 8 1
e 7 19 1
e 7 20 1
t # 62940
v 0 41
v 1 41
v 2 1
v 3 2
v 4 2
v 5 2
v 6 2
v 7 3
v 8 3
v 9 3
v 10 3
v 11 3
v 12 3
v 13 3
v 14 3
v 15 3
v 16 3
v 17 3
v 18 3
v 19 3
v 20 3
v 21 4
v 22 4
v 23 4
v 24 4
v 25 4
v 26 4
v 27 4
v 28 4
v 29 4
v 30 4
v 31 4
v 32 4
v 33 4
v 34 4
v 35 4
v 36 4
v 37 4
v 38 4
v 39 4
v 40 4
v 41 4
v 42 4
v 43 4
v 44 4
v 45 4
v 46 4
v 47 4
v 48 4
v 49 4
v 50 4
v 51 4
v 52 4
v 53 4
v 54 4
v 55 4
v 56 4
v 57 4
v 58 4
e 3 15 1
e 3 17 1
e 3 45 1
e 4 16 1
e 4 18 1
e 4 46 1
e 5 19 1
e 5 55 1
e 5 56 1
e 6 20 1
e 6 57 1
e 6 58 1
e 7 9 1
e 7 21 1
e 7 22 1
e 8 10 1
e 8 23 1
e 8 24 1
e 9 15 1
e 9 25 1
e 9 26 1
e 10 16 1
e 10 27 1
e 10 28 1
e 11 29 1
e 11 30 1
e 11 31 1
e 12 32 1
e 12 33 1
e 12 34 1
e 13 35 1
e 13 36 1
e 13 37 1
e 14 38 1
e 14 39 1
e 14 40 1
e 15 41 1
e 15 42 1
e 16 43 1
e 16 44 1
e 17 19 1
e 17 47 1
e 17 48 1
e 18 20 1
e 18 49 1
e 18 50 1
e 19 51 1
e 19 52 1
e 20 53 1
e 20 54 1
t # 62941
v 0 1
v 1 1
v 2 1
v 3 1
v 4 3
v 5 3
v 6 3
v 7 3
v 8 3
v 9 3
v 10 3
v 11 3
v 12 3
v 13 3
v 14 3
v 15 3
v 16 3
v 17 3
v 18 3
v 19 4
v 20 4
v 21 4
v 22 4
v 23 4
v 24 4
v 25 4
v 26 4
v 27 4
v 28 4
v 29 4
v 30 4
v 31 4
v 32 4
v 33 4
v 34 4
v 35 4
v 36 4
v 37 4
v 38 4
v 39 4
v 40 4
e 0 8 1
e 0 13 1
e 1 7 1
e 1 16 1
e 2 10 1
e 2 33 1
e 3 11 1
e 3 34 1
e 4 5 1
e 4 7 2
e 4 10 1
e 5 9 2
e 5 11 1
e 6 7 1
e 6 8 2
e 6 12 1
e 8 9 1
e 9 19 1
e 10 20 1
e 10 21 1
e 11 22 1
e 11 23 1
e 12 24 1
e 12 25 1
e 12 26 1
e 13 14 1
e 13 27 1
e 13 28 1
e 14 15 2
e 14 29 1
e 15 17 1
e 15 18 1
e 16 30 1
e 16 31 1
e 16 32 1
e 17 35 1
e 17 36 1
e 17 37 1
e 18 38 1
e 18 39 1
e 18 40 1
t # 62942
v 0 12
v 1 1
v 2 3
v 3 3
v 4 3
v 5 3
v 6 3
v 7 3
v 8 3
v 9 3
v 10 3
v 11 3
v 12 3
v 13 4
v 14 4
v 15 4
v 16 4
v 17 4
v 18 4
v 19 4
v 20 4
v 21 4
v 22 4
v 23 4
v 24 4
v 25 4
v 26 4
v 27 4
v 28 4
v 29 4
v 30 4
v 31 4
v 32 4
v 33 4
e 0 12 1
e 1 12 2
e 2 3 1
e 2 4 1
e 2 13 1
e 2 14 1
e 3 5 1
e 3 15 1
e 3 16 1
e 4 6 1
e 4 17 1
e 4 18 1
e 5 7 1
e 5 19 1
e 5 20 1
e 6 8 1
e 6 21 1
e 6 22 1
e 7 9 1
e 7 23 1
e 7 24 1
e 8 10 1
e 8 25 1
e 8 26 1
e 9 11 1
e 9 27 1
e 9 28 1
e 10 12 1
e 10 29 1
e 10 30 1
e 11 31 1
e 11 32 1
e 11 33 1
t # 62943
v 0 12
v 1 2
v 2 2
v 3 3
v 4 3
v 5 3
v 6 3
v 7 3
v 8 3
v 9 3
v 10 3
v 11 4
v 12 4
v 13 4
e 0 7 1
e 3 4 2
e 3 5 1
e 3 9 1
e 4 6 1
e 4 10 1
e 5 7 2
e 5 11 1
e 6 8 2
e 6 12 1
e 7 8 1
e 8 13 1
t # 62944
v 0 12
v 1 1
v 2 1
v 3 2
v 4 3
v 5 3
v 6 3
v 7 3
v 8 3
v 9 3
v 10 3
v 11 3
v 12 4
v 13 4
v 14 4
v 15 4
e 0 10 1
e 1 6 2
e 2 9 2
e 3 5 1
e 3 9 1
e 3 12 1
e 4 5 2
e 4 6 1
e 4 7 1
e 5 8 1
e 6 9 1
e 7 10 2
e 7 13 1
e 8 11 2
e 8 14 1
e 10 11 1
e 11 15 1
t # 62945
v 0 2
v 1 2
v 2 2
v 3 2
v 4 3
v 5 3
v 6 3
v 7 3
v 8 3
v 9 4
v 10 4
v 11 4
v 12 4
v 13 4
v 14 4
v 15 4
v 16 4
e 0 4 1
e 0 8 2
e 1 5 1
e 2 8 1
e 3 8 1
e 3 15 1
e 3 16 1
e 4 5 2
e 4 6 1
e 5 7 1
e 6 9 1
e 6 10 1
e 6 11 1
e 7 12 1
e 7 13 1
e 7 14 1
t # 62946
v 0 9
v 1 3
v 2 3
v 3 3
v 4 3
v 5 3
v 6 3
v 7 3
v 8 3
v 9 3
v 10 3
v 11 4
v 12 4
v 13 4
v 14 4
v 15 4
v 16 4
v 17 4
v 18 4
v 19 4
v 20 4
v 21 4
v 22 4
v 23 4
v 24 4
v 25 4
v 26 4
v 27 4
v 28 4
v 29 4
v 30 4
v 31 4
v 32 4
v 33 4
v 34 4
e 1 5 1
e 1 11 1
e 1 12 1
e 2 6 1
e 2 13 1
e 2 14 1
e 3 7 1
e 3 15 1
e 3 16 1
e 4 8 1
e 4 17 1
e 4 18 1
e 5 9 1
e 5 19 1
e 5 20 1
e 6 21 1
e 6 22 1
e 6 23 1
e 7 24 1
e 7 25 1
e 7 26 1
e 8 27 1
e 8 28 1
e 8 29 1
e 9 10 1
e 9 30 1
e 9 31 1
e 10 32 1
e 10 33 1
e 10 34 1
t # 62947
v 0 1
v 1 1
v 2 1
v 3 3
v 4 3
v 5 3
v 6 3
v 7 3
v 8 3
v 9 3
v 10 3
v 11 3
v 12 3
v 13 4
v 14 4
v 15 4
v 16 4
v 17 4
v 18 4
v 19 4
v 20 4
v 21 4
v 22 4
e 0 5 1
e 0 11 1
e 1 12 1
e 1 22 1
e 2 12 2
e 3 4 2
e 3 6 1
e 3 9 1
e 4 5 1
e 4 13 1
e 5 7 2
e 6 8 2
e 6 14 1
e 7 8 1
e 7 15 1
e 8 16 1
e 9 10 2
e 9 17 1
e 10 12 1
e 10 18 1
e 11 19 1
e 11 20 1
e 11 21 1
t # 62948
v 0 1
v 1 1
v 2 2
v 3 2
v 4 2
v 5 2
v 6 3
v 7 3
v 8 3
v 9 3
v 10 3
v 11 3
v 12 3
v 13 3
v 14 3
v 15 3
v 16 3
v 17 3
v 18 3
v 19 4
v 20 4
v 21 4
v 22 4
v 23 4
v 24 4
v 25 4
v 26 4
v 27 4
v 28 4
v 29 4
v 30 4
v 31 4
v 32 4
v 33 4
v 34 4
v 35 4
v 36 4
v 37 4
v 38 4
e 0 13 2
e 1 14 2
e 2 6 1
e 2 13 1
e 2 22 1
e 3 8 1
e 3 14 1
e 3 26 1
e 4 13 1
e 4 15 1
e 4 16 1
e 5 14 1
e 5 17 1
e 5 18 1
e 6 7 2
e 6 9 1
e 7 10 1
e 7 12 1
e 8 9 2
e 8 11 1
e 9 19 1
e 10 11 2
e 10 20 1
e 11 21 1
e 12 23 1
e 12 24 1
e 12 25 1
e 15 27 1
e 15 28 1
e 15 29 1
e 16 30 1
e 16 31 1
e 16 32 1
e 17 33 1
e 17 34 1
e 17 35 1
e 18 36 1
e 18 37 1
e 18 38 1
t # 62949
v 0 2
v 1 2
v 2 2
v 3 2
v 4 3
v 5 3
v 6 3
v 7 3
v 8 3
v 9 3
v 10 3
v 11 3
v 12 3
v 13 3
v 14 3
v 15 3
v 16 3
v 17 3
v 18 3
v 19 3
v 20 3
v 21 4
v 22 4
v 23 4
v 24 4
v 25 4
v 26 4
v 27 4
v 28 4
v 29 4
v 30 4
v 31 4
v 32 4
v 33 4
v 34 4
v 35 4
v 36 4
e 0 4 1
e 0 16 1
e 0 17 1
e 1 6 1
e 2 7 1
e 2 20 2
e 3 10 1
e 4 8 2
e 4 9 1
e 5 6 1
e 5 7 2
e 5 13 1
e 6 14 2
e 7 15 1
e 8 11 1
e 8 21 1
e 9 12 2
e 9 22 1
e 10 11 2
e 10 12 1
e 11 23 1
e 12 24 1
e 13 19 2
e 13 25 1
e 14 18 1
e 14 26 1
e 15 18 2
e 15 27 1
e 16 28 1
e 16 29 1
e 16 30 1
e 17 31 1
e 17 32 1
e 17 33 1
e 18 34 1
e 19 20 1
e 19 35 1
e 20 36 1
t # 62950
v 0 1
v 1 2
v 2 3
v 3 3
v 4 3
v 5 3
v 6 3
v 7 3
v 8 3
v 9 3
v 10 3
v 11 4
v 12 4
v 13 4
v 14 4
v 15 4
v 16 4
v 17 4
v 18 4
v 19 4
e 0 9 1
e 0 19 1
e 2 3 1
e 2 4 1
e 2 11 1
e 2 12 1
e 3 5 2
e 3 6 1
e 4 10 1
e 4 13 1
e 4 14 1
e 5 7 1
e 5 15 1
e 6 8 2
e 6 16 1
e 7 9 2
e 7 17 1
e 8 9 1
e 8 18 1
t # 62951
v 0 2
v 1 3
v 2 3
v 3 3
v 4 3
v 5 3
v 6 3
v 7 3
v 8 3
v 9 3
v 10 3
v 11 3
v 12 3
v 13 3
v 14 3
v 15 3
v 16 3
v 17 3
v 18 3
v 19 3
v 20 3
v 21 3
v 22 3
v 23 3
v 24 3
v 25 3
v 26 3
v 27 3
v 28 3
v 29 4
v 30 4
v 31 4
v 32 4
v 33 4
v 34 4
v 35 4
v 36 4
v 37 4
v 38 4
v 39 4
v 40 4
v 41 4
v 42 4
v 43 4
v 44 4
v 45 4
v 46 4
v 47 4
v 48 4
v 49 4
v 50 4
v 51 4
v 52 4
v 53 4
v 54 4
v 55 4
v 56 4
v 57 4
v 58 4
v 59 4
v 60 4
v 61 4
v 62 4
v 63 4
v 64 4
v 65 4
v 66 4
v 67 4
v 68 4
v 69 4
v 70 4
v 71 4
v 72 4
v 73 4
v 74 4
v 75 4
v 76 4
v 77 4
v 78 4
v 79 4
v 80 4
v 81 4
v 82 4
v 83 4
v 84 4
v 85 4
v 86 4
v 87 4
e 0 19 1
e 0 20 1
e 0 73 1
e 1 3 1
e 1 5 1
e 1 29 1
e 1 30 1
e 2 4 1
e 2 6 1
e 2 31 1
e 2 32 1
e 3 7 1
e 3 33 1
e 3 34 1
e 4 8 1
e 4 35 1
e 4 36 1
e 5 9 1
e 5 37 1
e 5 38 1
e 6 10 1
e 6 39 1
e 6 40 1
e 7 11 1
e 7 41 1
e 7 42 1
e 8 12 1
e 8 43 1
e 8 44 1
e 9 13 1
e 9 45 1
e 9 46 1
e 10 14 1
e 10 47 1
e 10 48 1
e 11 15 1
e 11 49 1
e 11 50 1
e 12 16 1
e 12 51 1
e 12 52 1
e 13 17 1
e 13 53 1
e 13 54 1
e 14 18 1
e 14 55 1
e 14 56 1
e 15 19 1
e 15 57 1
e 15 58 1
e 16 20 1
e 16 59 1
e 16 60 1
e 17 21 1
e 17 61 1
e 17 62 1
e 18 22 1
e 18 63 1
e 18 64 1
e 19 65 1
e 19 66 1
e 20 67 1
e 20 68 1
e 21 23 1
e 21 69 1
e 21 70 1
e 22 24 1
e 22 71 1
e 22 72 1
e 23 25 1
e 23 74 1
e 23 75 1
e 24 26 1
e 24 76 1
e 24 77 1
e 25 27 1
e 25 78 1
e 25 79 1
e 26 28 1
e 26 80 1
e 26 81 1
e 27 82 1
e 27 83 1
e 27 84 1
e 28 85 1
e 28 86 1
e 28 87 1
t # 62952
v 0 1
v 1 2
v 2 2
v 3 2
v 4 3
v 5 3
v 6 3
v 7 3
v 8 3
v 9 3
v 10 3
v 11 3
v 12 3
v 13 3
v 14 3
v 15 3
v 16 3
v 17 4
v 18 4
v 19 4
v 20 4
v 21 4
v 22 4
v 23 4
v 24 4
v 25 4
v 26 4
v 27 4
v 28 4
v 29 4
e 0 16 2
e 1 4 1
e 1 5 1
e 1 6 1
e 4 7 1
e 4 17 1
e 4 18 1
e 5 8 1
e 5 19 1
e 5 20 1
e 6 9 2
e 6 10 1
e 7 14 1
e 7 21 1
e 7 22 1
e 8 15 1
e 8 23 1
e 8 24 1
e 9 11 1
e 9 25 1
e 10 12 2
e 10 26 1
e 11 13 2
e 11 27 1
e 12 13 1
e 12 28 1
e 13 16 1
e 16 29 1
t # 62953
v 0 1
v 1 1
v 2 2
v 3 3
v 4 3
v 5 3
v 6 3
v 7 3
v 8 3
v 9 3
v 10 3
v 11 3
v 12 4
v 13 4
v 14 4
v 15 4
v 16 4
v 17 4
v 18 4
v 19 4
v 20 4
v 21 4
v 22 4
e 0 11 1
e 0 22 1
e 1 11 2
e 2 3 1
e 2 5 1
e 2 14 1
e 3 4 1
e 3 12 1
e 3 13 1
e 4 6 2
e 4 7 1
e 5 11 1
e 5 15 1
e 5 16 1
e 6 8 1
e 6 17 1
e 7 9 2
e 7 18 1
e 8 10 2
e 8 19 1
e 9 10 1
e 9 20 1
e 10 21 1
t # 62954
v 0 12
v 1 12
v 2 12
v 3 41
v 4 2
v 5 3
v 6 3
v 7 3
v 8 3
v 9 3
v 10 3
v 11 3
v 12 4
v 13 4
v 14 4
v 15 4
v 16 4
v 17 4
v 18 4
v 19 4
e 4 7 1
e 4 10 2
e 5 6 1
e 5 7 1
e 5 12 1
e 5 13 1
e 6 14 1
e 6 15 1
e 7 8 2
e 8 9 1
e 8 16 1
e 9 11 2
e 9 17 1
e 10 11 1
e 10 18 1
e 11 19 1
t # 62955
v 0 1
v 1 1
v 2 1
v 3 1
v 4 2
v 5 3
v 6 3
v 7 3
v 8 3
v 9 3
v 10 3
v 11 3
v 12 3
v 13 3
v 14 3
v 15 3
v 16 4
v 17 4
v 18 4
v 19 4
v 20 4
v 21 4
v 22 4
e 0 8 2
e 1 9 2
e 2 15 1
e 2 22 1
e 3 15 2
e 4 5 1
e 4 8 1
e 4 9 1
e 5 6 1
e 5 7 2
e 6 10 2
e 6 16 1
e 7 11 1
e 7 17 1
e 8 13 1
e 9 14 1
e 10 12 1
e 10 15 1
e 11 12 2
e 11 18 1
e 12 19 1
e 13 14 2
e 13 20 1
e 14 21 1
t # 62956
v 0 1
v 1 1
v 2 1
v 3 1
v 4 2
v 5 3
v 6 3
v 7 3
v 8 3
v 9 3
v 10 3
v 11 3
v 12 3
v 13 3
v 14 3
v 15 3
v 16 4
v 17 4
v 18 4
v 19 4
v 20 4
v 21 4
v 22 4
e 0 8 2
e 1 9 2
e 2 15 1
e 2 22 1
e 3 15 2
e 4 5 1
e 4 8 1
e 4 9 1
e 5 6 2
e 5 7 1
e 6 11 1
e 6 16 1
e 7 12 2
e 7 17 1
e 8 13 1
e 9 14 1
e 10 11 2
e 10 12 1
e 10 15 1
e 11 18 1
e 12 19 1
e 13 14 2
e 13 20 1
e 14 21 1
t # 62957
v 0 12
v 1 12
v 2 12
v 3 12
v 4 2
v 5 2
v 6 3
v 7 3
v 8 3
v 9 3
v 10 3
v 11 3
v 12 3
v 13 3
v 14 4
v 15 4
v 16 4
v 17 4
v 18 4
v 19 4
v 20 4
v 21 4
e 0 8 1
e 1 11 1
e 2 12 1
e 3 13 1
e 4 9 1
e 4 18 1
e 4 19 1
e 5 10 1
e 5 20 1
e 5 21 1
e 6 8 2
e 6 9 1
e 6 12 1
e 7 8 1
e 7 10 1
e 7 11 2
e 9 14 1
e 9 15 1
e 10 16 1
e 10 17 1
e 11 13 1
e 12 13 2
t # 62958
v 0 1
v 1 1
v 2 1
v 3 1
v 4 2
v 5 3
v 6 3
v 7 3
v 8 3
v 9 3
v 10 3
v 11 3
v 12 3
v 13 3
v 14 3
v 15 3
v 16 4
v 17 4
v 18 4
v 19 4
v 20 4
v 21 4
v 22 4
v 23 4
v 24 4
e 0 8 2
e 1 9 2
e 2 13 1
e 2 24 1
e 3 13 2
e 4 5 1
e 4 8 1
e 4 9 1
e 5 10 1
e 5 13 1
e 5 16 1
e 6 7 1
e 6 8 1
e 6 11 2
e 7 9 1
e 7 12 2
e 10 17 1
e 10 18 1
e 10 19 1
e 11 14 1
e 11 20 1
e 12 15 1
e 12 21 1
e 14 15 2
e 14 22 1
e 15 23 1
t # 62959
v 0 1
v 1 1
v 2 1
v 3 2
v 4 2
v 5 3
v 6 3
v 7 3
v 8 3
v 9 3
v 10 3
v 11 4
v 12 4
v 13 4
v 14 4
v 15 4
v 16 4
v 17 4
v 18 4
v 19 4
v 20 4
v 21 4
v 22 4
e 0 8 1
e 0 22 1
e 1 8 2
e 2 9 2
e 3 5 1
e 3 9 1
e 3 14 1
e 4 10 1
e 4 20 1
e 4 21 1
e 5 6 1
e 5 8 1
e 5 11 1
e 6 7 1
e 6 12 1
e 6 13 1
e 7 15 1
e 7 16 1
e 7 17 1
e 9 10 1
e 10 18 1
e 10 19 1
t # 62960
v 0 1
v 1 1
v 2 1
v 3 3
v 4 3
v 5 3
v 6 3
v 7 3
v 8 3
v 9 3
v 10 3
v 11 3
v 12 4
v 13 4
v 14 4
v 15 4
v 16 4
v 17 4
v 18 4
v 19 4
v 20 4
v 21 4
v 22 4
v 23 4
e 0 9 1
e 0 10 1
e 1 9 2
e 2 10 2
e 3 4 1
e 3 6 1
e 3 9 1
e 3 12 1
e 4 7 1
e 4 10 1
e 4 13 1
e 5 6 1
e 5 8 1
e 5 11 1
e 5 14 1
e 6 15 1
e 6 16 1
e 7 8 1
e 7 17 1
e 7 18 1
e 8 19 1
e 8 20 1
e 11 21 1
e 11 22 1
e 11 23 1
t # 62961
v 0 1
v 1 3
v 2 3
v 3 3
v 4 3
v 5 3
v 6 3
v 7 3
v 8 3
v 9 3
v 10 3
v 11 4
v 12 4
v 13 4
v 14 4
v 15 4
v 16 4
v 17 4
v 18 4
v 19 4
v 20 4
v 21 4
v 22 4
v 23 4
v 24 4
v 25 4
v 26 4
v 27 4
v 28 4
v 29 4
v 30 4
e 0 5 1
e 0 30 1
e 1 2 1
e 1 4 1
e 1 7 1
e 1 11 1
e 2 5 1
e 2 12 1
e 2 13 1
e 3 5 1
e 3 6 1
e 3 8 1
e 3 14 1
e 4 6 1
e 4 15 1
e 4 16 1
e 5 17 1
e 6 18 1
e 6 19 1
e 7 9 1
e 7 10 1
e 7 20 1
e 8 21 1
e 8 22 1
e 8 23 1
e 9 24 1
e 9 25 1
e 9 26 1
e 10 27 1
e 10 28 1
e 10 29 1
t # 62962
v 0 1
v 1 1
v 2 1
v 3 2
v 4 2
v 5 3
v 6 3
v 7 3
v 8 3
v 9 3
v 10 3
v 11 3
v 12 4
v 13 4
v 14 4
v 15 4
v 16 4
v 17 4
v 18 4
v 19 4
v 20 4
v 21 4
v 22 4
v 23 4
v 24 4
v 25 4
e 0 9 1
e 0 23 1
e 1 9 2
e 2 10 2
e 3 5 1
e 3 10 1
e 3 17 1
e 4 11 1
e 4 24 1
e 4 25 1
e 5 6 1
e 5 9 1
e 5 12 1
e 6 7 1
e 6 13 1
e 6 14 1
e 7 8 1
e 7 15 1
e 7 16 1
e 8 18 1
e 8 19 1
e 8 20 1
e 10 11 1
e 11 21 1
e 11 22 1
t # 62963
v 0 3
v 1 3
v 2 3
v 3 3
v 4 3
v 5 3
v 6 3
v 7 3
v 8 3
v 9 3
v 10 3
v 11 3
v 12 3
v 13 3
v 14 3
v 15 3
v 16 3
v 17 3
v 18 3
v 19 3
v 20 3
v 21 3
v 22 4
v 23 4
v 24 4
v 25 4
v 26 4
v 27 4
v 28 4
v 29 4
v 30 4
v 31 4
v 32 4
v 33 4
v 34 4
v 35 4
v 36 4
v 37 4
v 38 4
v 39 4
e 0 1 1
e 0 2 1
e 0 3 2
e 1 4 2
e 1 6 1
e 2 5 2
e 2 7 1
e 3 8 1
e 3 22 1
e 4 10 1
e 4 23 1
e 5 11 1
e 5 24 1
e 6 12 2
e 6 25 1
e 7 13 2
e 7 26 1
e 8 14 2
e 8 27 1
e 9 14 1
e 9 17 2
e 9 18 1
e 10 15 2
e 10 28 1
e 11 16 2
e 11 29 1
e 12 15 1
e 12 30 1
e 13 16 1
e 13 31 1
e 14 32 1
e 15 33 1
e 16 34 1
e 17 19 1
e 17 35 1
e 18 20 2
e 18 36 1
e 19 21 2
e 19 37 1
e 20 21 1
e 20 38 1
e 21 39 1
t # 62964
v 0 1
v 1 1
v 2 1
v 3 3
v 4 3
v 5 3
v 6 3
v 7 3
v 8 3
v 9 3
v 10 3
v 11 3
v 12 3
v 13 3
v 14 3
v 15 3
v 16 3
v 17 4
v 18 4
v 19 4
v 20 4
v 21 4
v 22 4
v 23 4
v 24 4
v 25 4
v 26 4
v 27 4
v 28 4
v 29 4
v 30 4
v 31 4
v 32 4
v 33 4
v 34 4
v 35 4
v 36 4
v 37 4
v 38 4
v 39 4
v 40 4
e 0 12 1
e 0 14 1
e 1 12 2
e 2 14 2
e 3 4 1
e 3 5 1
e 3 17 1
e 3 18 1
e 4 10 1
e 4 12 1
e 4 19 1
e 5 6 1
e 5 20 1
e 5 21 1
e 6 7 1
e 6 22 1
e 6 23 1
e 7 8 1
e 7 24 1
e 7 25 1
e 8 9 1
e 8 26 1
e 8 27 1
e 9 11 1
e 9 28 1
e 9 29 1
e 10 14 1
e 10 30 1
e 10 31 1
e 11 13 1
e 11 32 1
e 11 33 1
e 13 15 1
e 13 34 1
e 13 35 1
e 15 16 1
e 15 36 1
e 15 37 1
e 16 38 1
e 16 39 1
e 16 40 1
t # 62965
v 0 1
v 1 1
v 2 2
v 3 2
v 4 3
v 5 3
v 6 3
v 7 3
v 8 3
v 9 3
v 10 3
v 11 4
v 12 4
v 13 4
v 14 4
v 15 4
v 16 4
v 17 4
v 18 4
v 19 4
v 20 4
v 21 4
v 22 4
e 0 22 1
e 2 8 1
e 2 21 1
e 3 9 1
e 4 5 1
e 4 6 1
e 4 10 1
e 4 11 1
e 5 7 1
e 5 12 1
e 5 13 1
e 6 8 1
e 6 14 1
e 6 15 1
e 7 9 1
e 7 16 1
e 7 17 1
e 8 9 2
e 10 18 1
e 10 19 1
e 10 20 1
t # 62966
v 0 1
v 1 1
v 2 3
v 3 3
v 4 3
v 5 3
v 6 3
v 7 3
v 8 3
v 9 3
v 10 4
v 11 4
v 12 4
v 13 4
v 14 4
v 15 4
v 16 4
v 17 4
v 18 4
v 19 4
v 20 4
v 21 4
e 0 9 1
e 0 21 1
e 1 9 2
e 2 3 1
e 2 4 1
e 2 10 1
e 2 11 1
e 3 6 1
e 3 12 1
e 3 13 1
e 4 5 1
e 4 14 1
e 4 15 1
e 5 7 1
e 5 16 1
e 5 17 1
e 6 7 2
e 6 8 1
e 7 18 1
e 8 9 1
e 8 19 1
e 8 20 1
t # 62967
v 0 1
v 1 1
v 2 2
v 3 3
v 4 3
v 5 3
v 6 3
v 7 3
v 8 3
v 9 3
v 10 3
v 11 3
v 12 4
v 13 4
v 14 4
v 15 4
v 16 4
v 17 4
v 18 4
v 19 4
v 20 4
v 21 4
v 22 4
e 0 4 2
e 1 11 1
e 1 22 1
e 2 3 1
e 2 18 1
e 2 19 1
e 3 4 1
e 3 6 1
e 3 12 1
e 4 5 1
e 5 7 2
e 5 8 1
e 6 13 1
e 6 14 1
e 6 15 1
e 7 9 1
e 7 16 1
e 8 10 2
e 8 17 1
e 9 11 2
e 9 20 1
e 10 11 1
e 10 21 1
t # 62968
v 0 12
v 1 12
v 2 12
v 3 3
v 4 3
v 5 3
v 6 3
v 7 3
v 8 3
v 9 3
v 10 3
v 11 3
v 12 4
v 13 4
v 14 4
v 15 4
v 16 4
v 17 4
v 18 4
v 19 4
v 20 4
v 21 4
v 22 4
v 23 4
v 24 4
e 0 11 1
e 1 11 1
e 2 11 1
e 3 4 1
e 3 5 1
e 3 7 1
e 3 12 1
e 4 6 1
e 4 8 1
e 4 13 1
e 5 9 1
e 5 11 1
e 5 14 1
e 6 9 1
e 6 15 1
e 6 16 1
e 7 10 1
e 7 17 1
e 7 18 1
e 8 10 1
e 8 19 1
e 8 20 1
e 9 21 1
e 9 22 1
e 10 23 1
e 10 24 1
t # 62969
v 0 18
v 1 1
v 2 1
v 3 1
v 4 3
v 5 3
v 6 3
v 7 3
v 8 3
v 9 3
v 10 3
v 11 3
v 12 3
v 13 3
v 14 3
v 15 3
v 16 3
v 17 3
v 18 3
v 19 3
v 20 3
v 21 3
v 22 3
v 23 3
v 24 3
v 25 3
v 26 3
v 27 4
v 28 4
v 29 4
v 30 4
v 31 4
v 32 4
v 33 4
v 34 4
v 35 4
v 36 4
v 37 4
v 38 4
v 39 4
v 40 4
v 41 4
v 42 4
v 43 4
v 44 4
v 45 4
v 46 4
v 47 4
v 48 4
v 49 4
v 50 4
v 51 4
v 52 4
v 53 4
v 54 4
v 55 4
v 56 4
v 57 4
v 58 4
v 59 4
e 1 23 1
e 1 25 1
e 2 22 2
e 3 25 2
e 4 5 1
e 4 9 1
e 4 10 1
e 4 16 1
e 5 6 1
e 5 12 1
e 5 27 1
e 6 7 1
e 6 14 1
e 6 28 1
e 7 8 1
e 7 11 1
e 7 29 1
e 8 15 1
e 8 17 1
e 8 19 1
e 9 11 1
e 9 30 1
e 9 31 1
e 10 13 1
e 10 22 1
e 10 32 1
e 11 33 1
e 11 34 1
e 12 13 1
e 12 35 1
e 12 36 1
e 13 37 1
e 14 18 1
e 14 38 1
e 14 39 1
e 15 18 2
e 15 20 1
e 16 40 1
e 16 41 1
e 16 42 1
e 17 21 1
e 17 43 1
e 17 44 1
e 18 45 1
e 19 46 1
e 19 47 1
e 19 48 1
e 20 23 1
e 20 49 1
e 20 50 1
e 21 23 1
e 21 51 1
e 21 52 1
e 22 24 1
e 23 53 1
e 24 54 1
e 24 55 1
e 24 56 1
e 25 26 1
e 26 57 1
e 26 58 1
e 26 59 1
t # 62970
v 0 1
v 1 1
v 2 1
v 3 1
v 4 1
v 5 1
v 6 2
v 7 3
v 8 3
v 9 3
v 10 3
v 11 3
v 12 3
v 13 3
v 14 3
v 15 3
v 16 3
v 17 3
v 18 3
v 19 3
v 20 3
v 21 3
v 22 4
v 23 4
v 24 4
v 25 4
v 26 4
v 27 4
v 28 4
v 29 4
v 30 4
v 31 4
v 32 4
v 33 4
v 34 4
v 35 4
v 36 4
v 37 4
v 38 4
e 0 7 1
e 0 13 1
e 1 8 1
e 1 13 1
e 2 16 1
e 2 18 1
e 3 17 1
e 3 19 1
e 4 16 2
e 5 17 2
e 6 9 1
e 6 14 1
e 6 27 1
e 7 8 2
e 7 10 1
e 8 11 1
e 9 10 2
e 9 12 1
e 10 22 1
e 11 12 2
e 11 23 1
e 12 24 1
e 13 25 1
e 13 26 1
e 14 15 2
e 14 28 1
e 15 16 1
e 15 17 1
e 18 20 1
e 18 29 1
e 18 30 1
e 19 21 1
e 19 31 1
e 19 32 1
e 20 33 1
e 20 34 1
e 20 35 1
e 21 36 1
e 21 37 1
e 21 38 1
t # 62971
v 0 1
v 1 1
v 2 2
v 3 3
v 4 3
v 5 3
v 6 3
v 7 3
v 8 3
v 9 3
v 10 3
v 11 3
v 12 4
v 13 4
v 14 4
v 15 4
v 16 4
v 17 4
v 18 4
v 19 4
v 20 4
v 21 4
v 22 4
e 2 3 1
e 3 4 1
e 3 6 1
e 3 12 1
e 4 5 1
e 4 13 1
e 4 14 1
e 5 7 2
e 5 8 1
e 6 15 1
e 6 16 1
e 6 17 1
e 7 9 1
e 7 18 1
e 8 10 2
e 8 19 1
e 9 11 2
e 9 20 1
e 10 11 1
e 10 21 1
e 11 22 1
t # 62972
v 0 2
v 1 3
v 2 3
v 3 3
v 4 3
v 5 3
v 6 3
v 7 3
v 8 3
v 9 3
v 10 3
v 11 4
v 12 4
v 13 4
v 14 4
v 15 4
v 16 4
v 17 4
v 18 4
v 19 4
v 20 4
v 21 4
v 22 4
v 23 4
v 24 4
v 25 4
e 0 1 1
e 0 4 1
e 0 5 1
e 1 2 1
e 1 3 1
e 1 11 1
e 2 6 2
e 2 7 1
e 3 12 1
e 3 13 1
e 3 14 1
e 4 15 1
e 4 16 1
e 4 17 1
e 5 18 1
e 5 19 1
e 5 20 1
e 6 8 1
e 6 21 1
e 7 9 2
e 7 22 1
e 8 10 2
e 8 23 1
e 9 10 1
e 9 24 1
e 10 25 1
t # 62973
v 0 1
v 1 3
v 2 3
v 3 3
v 4 3
v 5 3
v 6 3
v 7 3
v 8 3
v 9 3
v 10 4
v 11 4
v 12 4
v 13 4
v 14 4
v 15 4
v 16 4
v 17 4
v 18 4
v 19 4
v 20 4
v 21 4
v 22 4
v 23 4
v 24 4
v 25 4
v 26 4
v 27 4
e 0 6 1
e 0 24 1
e 1 2 1
e 1 3 1
e 1 6 1
e 1 10 1
e 2 4 1
e 2 11 1
e 2 12 1
e 3 5 1
e 3 13 1
e 3 14 1
e 4 7 1
e 4 16 1
e 4 17 1
e 5 7 1
e 5 18 1
e 5 19 1
e 6 8 1
e 6 15 1
e 7 20 1
e 7 21 1
e 8 9 1
e 8 22 1
e 8 23 1
e 9 25 1
e 9 26 1
e 9 27 1
t # 62974
v 0 14
v 1 14
v 2 14
v 3 1
v 4 1
v 5 1
v 6 3
v 7 3
v 8 3
v 9 3
v 10 3
v 11 3
v 12 3
v 13 3
v 14 3
v 15 3
v 16 4
v 17 4
v 18 4
v 19 4
v 20 4
v 21 4
v 22 4
v 23 4
v 24 4
e 3 6 1
e 3 15 1
e 4 9 1
e 4 24 1
e 5 9 2
e 6 7 1
e 6 8 1
e 6 9 1
e 7 10 2
e 7 11 1
e 10 12 1
e 10 16 1
e 11 13 2
e 11 17 1
e 12 14 2
e 12 18 1
e 13 14 1
e 13 19 1
e 14 20 1
e 15 21 1
e 15 22 1
e 15 23 1
t # 62975
v 0 1
v 1 1
v 2 1
v 3 1
v 4 1
v 5 1
v 6 1
v 7 1
v 8 3
v 9 3
v 10 3
v 11 3
v 12 3
v 13 3
v 14 3
v 15 3
v 16 3
v 17 3
v 18 3
v 19 3
v 20 3
v 21 3
v 22 3
v 23 3
v 24 3
v 25 3
v 26 4
v 27 4
v 28 4
v 29 4
v 30 4
v 31 4
v 32 4
v 33 4
v 34 4
v 35 4
v 36 4
v 37 4
v 38 4
v 39 4
e 0 8 1
e 0 12 1
e 1 9 1
e 1 13 1
e 2 10 1
e 2 38 1
e 3 11 1
e 3 39 1
e 4 10 2
e 5 11 2
e 6 12 2
e 7 13 2
e 8 9 1
e 8 10 1
e 8 26 1
e 9 11 1
e 9 27 1
e 12 14 1
e 13 15 1
e 14 16 2
e 14 18 1
e 15 17 2
e 15 19 1
e 16 20 1
e 16 28 1
e 17 21 1
e 17 29 1
e 18 22 2
e 18 30 1
e 19 23 2
e 19 31 1
e 20 24 2
e 20 32 1
e 21 25 2
e 21 33 1
e 22 24 1
e 22 34 1
e 23 25 1
e 23 35 1
e 24 36 1
e 25 37 1
t # 62976
v 0 3
v 1 3
v 2 3
v 3 3
v 4 3
v 5 3
v 6 3
v 7 3
v 8 3
v 9 3
v 10 3
v 11 3
v 12 3
v 13 3
v 14 3
v 15 3
v 16 3
v 17 3
v 18 3
v 19 3
v 20 3
v 21 3
v 22 3
v 23 3
v 24 3
v 25 3
v 26 3
v 27 4
v 28 4
v 29 4
v 30 4
v 31 4
v 32 4
v 33 4
v 34 4
v 35 4
v 36 4
v 37 4
v 38 4
v 39 4
v 40 4
v 41 4
v 42 4
v 43 4
v 44 4
v 45 4
v 46 4
v 47 4
v 48 4
v 49 4
v 50 4
v 51 4
v 52 4
v 53 4
v 54 4
v 55 4
v 56 4
v 57 4
v 58 4
v 59 4
v 60 4
v 61 4
v 62 4
v 63 4
v 64 4
v 65 4
v 66 4
v 67 4
v 68 4
v 69 4
v 70 4
v 71 4
v 72 4
e 0 1 1
e 0 4 1
e 0 5 1
e 0 12 1
e 1 2 1
e 1 7 1
e 1 27 1
e 2 3 1
e 2 10 1
e 2 28 1
e 3 6 1
e 3 8 1
e 3 29 1
e 4 9 1
e 4 11 1
e 4 30 1
e 5 8 1
e 5 31 1
e 5 32 1
e 6 13 1
e 6 15 1
e 6 16 1
e 7 9 1
e 7 33 1
e 7 34 1
e 8 35 1
e 8 36 1
e 9 37 1
e 9 38 1
e 10 14 1
e 10 39 1
e 10 40 1
e 11 17 1
e 11 20 1
e 11 41 1
e 12 42 1
e 12 43 1
e 12 44 1
e 13 14 1
e 13 19 2
e 14 45 1
e 14 46 1
e 15 18 1
e 15 47 1
e 15 48 1
e 16 49 1
e 16 50 1
e 16 51 1
e 17 22 1
e 17 52 1
e 17 53 1
e 18 21 1
e 18 54 1
e 18 55 1
e 19 21 1
e 19 56 1
e 20 57 1
e 20 58 1
e 20 59 1
e 21 60 1
e 21 61 1
e 22 23 1
e 22 62 1
e 22 63 1
e 23 24 1
e 23 64 1
e 23 65 1
e 24 25 1
e 24 26 1
e 24 66 1
e 25 67 1
e 25 68 1
e 25 69 1
e 26 70 1
e 26 71 1
e 26 72 1
t # 62977
v 0 1
v 1 2
v 2 2
v 3 2
v 4 3
v 5 3
v 6 3
v 7 3
v 8 3
v 9 3
v 10 3
v 11 3
v 12 3
v 13 3
v 14 3
v 15 3
v 16 3
v 17 3
v 18 3
v 19 3
v 20 3
v 21 3
v 22 4
v 23 4
v 24 4
v 25 4
v 26 4
v 27 4
v 28 4
v 29 4
v 30 4
v 31 4
v 32 4
v 33 4
v 34 4
v 35 4
v 36 4
e 1 6 1
e 1 19 2
e 2 3 1
e 2 12 1
e 2 21 1
e 4 5 1
e 4 6 1
e 4 9 2
e 5 8 1
e 5 11 2
e 6 15 2
e 7 10 1
e 7 13 2
e 7 14 1
e 8 10 2
e 8 22 1
e 9 18 1
e 9 24 1
e 10 23 1
e 11 19 1
e 11 25 1
e 12 16 2
e 12 17 1
e 13 16 1
e 13 26 1
e 14 17 2
e 14 27 1
e 15 20 1
e 15 28 1
e 16 29 1
e 17 30 1
e 18 20 2
e 18 31 1
e 19 32 1
e 20 33 1
e 21 34 1
e 21 35 1
e 21 36 1
t # 62978
v 0 1
v 1 1
v 2 1
v 3 1
v 4 1
v 5 3
v 6 3
v 7 3
v 8 3
v 9 4
v 10 4
v 11 4
v 12 4
e 0 5 1
e 0 6 1
e 1 7 1
e 1 11 1
e 2 8 1
e 2 12 1
e 3 7 2
e 4 8 2
e 5 6 1
e 5 7 1
e 5 9 1
e 6 8 1
e 6 10 1
t # 62979
v 0 14
v 1 14
v 2 14
v 3 14
v 4 14
v 5 14
v 6 1
v 7 1
v 8 2
v 9 3
v 10 3
v 11 3
v 12 3
v 13 3
v 14 4
v 15 4
v 16 4
v 17 4
v 18 4
e 6 13 1
e 6 18 1
e 7 13 2
e 8 10 1
e 8 16 1
e 8 17 1
e 9 10 1
e 9 11 1
e 9 12 1
e 9 14 1
e 10 13 1
e 10 15 1
t # 62980
v 0 1
v 1 2
v 2 3
v 3 3
v 4 3
v 5 3
v 6 3
v 7 4
v 8 4
v 9 4
v 10 4
v 11 4
v 12 4
v 13 4
v 14 4
v 15 4
v 16 4
v 17 4
v 18 4
v 19 4
e 0 3 1
e 0 19 1
e 1 2 1
e 1 5 1
e 1 6 1
e 2 3 1
e 2 4 1
e 2 7 1
e 3 8 1
e 3 9 1
e 4 10 1
e 4 11 1
e 4 12 1
e 5 13 1
e 5 14 1
e 5 15 1
e 6 16 1
e 6 17 1
e 6 18 1
t # 62981
v 0 1
v 1 2
v 2 3
v 3 3
v 4 3
v 5 3
v 6 3
v 7 3
v 8 3
v 9 3
v 10 3
v 11 4
v 12 4
v 13 4
v 14 4
v 15 4
v 16 4
v 17 4
v 18 4
v 19 4
v 20 4
v 21 4
v 22 4
v 23 4
v 24 4
v 25 4
v 26 4
v 27 4
e 0 8 2
e 1 6 1
e 1 9 1
e 1 10 1
e 2 3 1
e 2 6 1
e 2 8 1
e 2 11 1
e 3 4 1
e 3 12 1
e 3 13 1
e 4 5 1
e 4 14 1
e 4 15 1
e 5 7 1
e 5 16 1
e 5 17 1
e 6 18 1
e 6 19 1
e 7 8 1
e 7 20 1
e 7 21 1
e 9 22 1
e 9 23 1
e 9 24 1
e 10 25 1
e 10 26 1
e 10 27 1
t # 62982
v 0 1
v 1 1
v 2 1
v 3 2
v 4 3
v 5 3
v 6 3
v 7 3
v 8 3
v 9 3
v 10 3
v 11 3
v 12 3
v 13 3
v 14 3
v 15 4
v 16 4
v 17 4
v 18 4
v 19 4
v 20 4
v 21 4
v 22 4
v 23 4
v 24 4
v 25 4
e 0 11 2
e 1 14 1
e 1 25 1
e 2 14 2
e 3 4 1
e 3 11 1
e 3 19 1
e 4 5 1
e 4 15 1
e 4 16 1
e 5 6 2
e 5 7 1
e 6 8 1
e 6 17 1
e 7 9 2
e 7 18 1
e 8 10 2
e 8 20 1
e 9 10 1
e 9 21 1
e 10 22 1
e 11 12 1
e 12 13 2
e 12 23 1
e 13 14 1
e 13 24 1
t # 62983
v 0 1
v 1 2
v 2 2
v 3 3
v 4 3
v 5 3
v 6 3
v 7 3
v 8 3
v 9 3
v 10 3
v 11 3
v 12 3
v 13 3
v 14 3
v 15 3
v 16 3
v 17 4
v 18 4
v 19 4
v 20 4
v 21 4
v 22 4
v 23 4
v 24 4
v 25 4
v 26 4
v 27 4
v 28 4
v 29 4
v 30 4
v 31 4
v 32 4
v 33 4
v 34 4
e 0 15 1
e 0 16 1
e 1 3 1
e 1 4 1
e 1 8 1
e 3 5 1
e 3 17 1
e 3 18 1
e 4 6 1
e 4 19 1
e 4 20 1
e 5 7 1
e 5 21 1
e 5 22 1
e 6 7 1
e 6 23 1
e 6 24 1
e 7 25 1
e 7 26 1
e 8 9 1
e 8 10 1
e 8 27 1
e 9 11 2
e 9 12 1
e 11 13 1
e 11 28 1
e 12 14 2
e 12 29 1
e 13 15 2
e 13 30 1
e 14 15 1
e 14 31 1
e 16 32 1
e 16 33 1
e 16 34 1
t # 62984
v 0 1
v 1 3
v 2 3
v 3 3
v 4 3
v 5 3
v 6 3
v 7 3
v 8 3
v 9 3
v 10 3
v 11 3
v 12 3
v 13 3
v 14 3
v 15 3
v 16 3
v 17 4
v 18 4
v 19 4
v 20 4
v 21 4
v 22 4
v 23 4
v 24 4
v 25 4
v 26 4
v 27 4
v 28 4
v 29 4
v 30 4
v 31 4
v 32 4
v 33 4
v 34 4
v 35 4
v 36 4
v 37 4
v 38 4
v 39 4
v 40 4
v 41 4
v 42 4
v 43 4
v 44 4
e 0 13 1
e 0 16 1
e 1 3 1
e 1 6 1
e 1 17 1
e 1 18 1
e 2 4 1
e 2 5 1
e 2 19 1
e 2 20 1
e 3 5 2
e 3 8 1
e 4 7 1
e 4 21 1
e 4 22 1
e 5 23 1
e 6 9 1
e 6 24 1
e 6 25 1
e 7 10 2
e 7 11 1
e 8 26 1
e 8 27 1
e 8 28 1
e 9 12 2
e 9 29 1
e 10 13 1
e 10 30 1
e 11 31 1
e 11 32 1
e 11 33 1
e 12 14 1
e 12 15 1
e 13 34 1
e 13 35 1
e 14 36 1
e 14 37 1
e 14 38 1
e 15 39 1
e 15 40 1
e 15 41 1
e 16 42 1
e 16 43 1
e 16 44 1
t # 62985
v 0 18
v 1 1
v 2 1
v 3 3
v 4 3
v 5 3
v 6 3
v 7 3
v 8 3
v 9 3
v 10 3
v 11 3
v 12 3
v 13 3
v 14 3
v 15 3
v 16 3
v 17 3
v 18 3
v 19 4
v 20 4
v 21 4
v 22 4
v 23 4
v 24 4
v 25 4
v 26 4
v 27 4
v 28 4
v 29 4
v 30 4
v 31 4
v 32 4
v 33 4
v 34 4
v 35 4
v 36 4
v 37 4
v 38 4
v 39 4
v 40 4
v 41 4
v 42 4
v 43 4
v 44 4
v 45 4
v 46 4
v 47 4
v 48 4
v 49 4
e 1 16 1
e 1 17 1
e 2 16 2
e 3 4 1
e 3 5 1
e 3 19 1
e 3 20 1
e 4 6 1
e 4 21 1
e 4 22 1
e 5 7 1
e 5 23 1
e 5 24 1
e 6 8 1
e 6 25 1
e 6 26 1
e 7 9 1
e 7 27 1
e 7 28 1
e 8 10 1
e 8 29 1
e 8 30 1
e 9 11 1
e 9 31 1
e 9 32 1
e 10 12 1
e 10 33 1
e 10 34 1
e 11 13 1
e 11 35 1
e 11 36 1
e 12 14 1
e 12 37 1
e 12 38 1
e 13 15 1
e 13 39 1
e 13 40 1
e 14 16 1
e 14 41 1
e 15 42 1
e 15 43 1
e 15 44 1
e 17 18 1
e 17 45 1
e 17 46 1
e 18 47 1
e 18 48 1
e 18 49 1
t # 62986
v 0 1
v 1 3
v 2 3
v 3 3
v 4 3
v 5 3
v 6 3
v 7 3
v 8 3
v 9 3
v 10 3
v 11 3
v 12 3
v 13 3
v 14 3
v 15 3
v 16 3
v 17 4
v 18 4
v 19 4
v 20 4
v 21 4
v 22 4
v 23 4
v 24 4
v 25 4
v 26 4
v 27 4
v 28 4
v 29 4
v 30 4
v 31 4
v 32 4
v 33 4
v 34 4
v 35 4
v 36 4
v 37 4
v 38 4
v 39 4
v 40 4
v 41 4
v 42 4
v 43 4
v 44 4
v 45 4
v 46 4
v 47 4
v 48 4
v 49 4
v 50 4
e 0 13 1
e 0 50 1
e 1 2 1
e 1 3 1
e 1 17 1
e 1 18 1
e 2 4 1
e 2 19 1
e 2 20 1
e 3 5 1
e 3 21 1
e 3 22 1
e 4 6 1
e 4 23 1
e 4 24 1
e 5 7 1
e 5 25 1
e 5 26 1
e 6 8 1
e 6 27 1
e 6 28 1
e 7 9 1
e 7 29 1
e 7 30 1
e 8 10 1
e 8 31 1
e 8 32 1
e 9 11 1
e 9 33 1
e 9 34 1
e 10 12 1
e 10 35 1
e 10 36 1
e 11 13 1
e 11 37 1
e 11 38 1
e 12 14 1
e 12 39 1
e 12 40 1
e 13 15 1
e 13 41 1
e 14 16 1
e 14 42 1
e 14 43 1
e 15 44 1
e 15 45 1
e 15 46 1
e 16 47 1
e 16 48 1
e 16 49 1
t # 62987
v 0 1
v 1 1
v 2 3
v 3 3
v 4 3
v 5 3
v 6 3
v 7 3
v 8 3
v 9 3
v 10 3
v 11 3
v 12 3
v 13 3
v 14 3
v 15 3
v 16 3
v 17 3
v 18 3
v 19 3
v 20 3
v 21 3
v 22 3
v 23 3
v 24 3
v 25 3
v 26 3
v 27 3
v 28 3
v 29 3
v 30 3
v 31 3
v 32 4
v 33 4
v 34 4
v 35 4
v 36 4
v 37 4
v 38 4
v 39 4
v 40 4
v 41 4
v 42 4
v 43 4
v 44 4
v 45 4
v 46 4
v 47 4
v 48 4
v 49 4
v 50 4
v 51 4
e 0 2 1
e 0 36 1
e 1 3 1
e 1 37 1
e 2 4 1
e 2 5 1
e 2 12 1
e 3 6 1
e 3 7 1
e 3 13 1
e 4 6 1
e 4 8 2
e 5 7 1
e 5 9 2
e 6 10 2
e 7 11 2
e 8 14 1
e 8 32 1
e 9 15 1
e 9 33 1
e 10 16 1
e 10 34 1
e 11 17 1
e 11 35 1
e 14 16 2
e 14 38 1
e 15 17 2
e 15 39 1
e 16 40 1
e 17 41 1
e 18 20 1
e 19 21 1
e 20 22 2
e 20 24 1
e 21 23 2
e 21 25 1
e 22 26 1
e 22 42 1
e 23 27 1
e 23 43 1
e 24 28 2
e 24 44 1
e 25 29 2
e 25 45 1
e 26 30 2
e 26 46 1
e 27 31 2
e 27 47 1
e 28 30 1
e 28 48 1
e 29 31 1
e 29 49 1
e 30 50 1
e 31 51 1
t # 62988
v 0 1
v 1 2
v 2 3
v 3 3
v 4 3
v 5 3
v 6 3
v 7 3
v 8 3
v 9 3
v 10 3
v 11 3
v 12 3
v 13 3
v 14 4
v 15 4
v 16 4
v 17 4
v 18 4
v 19 4
v 20 4
v 21 4
v 22 4
v 23 4
v 24 4
v 25 4
v 26 4
v 27 4
v 28 4
v 29 4
v 30 4
e 0 2 1
e 0 25 1
e 1 3 1
e 1 5 1
e 1 7 1
e 2 3 1
e 2 4 1
e 2 14 1
e 3 15 1
e 3 16 1
e 4 6 1
e 4 17 1
e 4 18 1
e 5 6 1
e 5 19 1
e 5 20 1
e 6 21 1
e 6 22 1
e 7 8 1
e 7 23 1
e 7 24 1
e 8 9 2
e 8 10 1
e 9 11 1
e 9 26 1
e 10 12 2
e 10 27 1
e 11 13 2
e 11 28 1
e 12 13 1
e 12 29 1
e 13 30 1
t # 62989
v 0 1
v 1 3
v 2 3
v 3 3
v 4 3
v 5 3
v 6 3
v 7 3
v 8 3
v 9 3
v 10 3
v 11 3
v 12 4
v 13 4
v 14 4
v 15 4
v 16 4
v 17 4
v 18 4
v 19 4
v 20 4
v 21 4
v 22 4
v 23 4
v 24 4
v 25 4
v 26 4
v 27 4
v 28 4
v 29 4
v 30 4
v 31 4
e 0 2 1
e 0 11 1
e 1 2 1
e 1 3 1
e 1 4 1
e 1 12 1
e 2 8 1
e 2 9 1
e 3 5 1
e 3 13 1
e 3 14 1
e 4 7 1
e 4 15 1
e 4 16 1
e 5 6 1
e 5 17 1
e 5 18 1
e 6 7 2
e 6 10 1
e 7 19 1
e 8 20 1
e 8 21 1
e 8 22 1
e 9 23 1
e 9 24 1
e 9 25 1
e 10 26 1
e 10 27 1
e 10 28 1
e 11 29 1
e 11 30 1
e 11 31 1
t # 62990
v 0 1
v 1 1
v 2 3
v 3 3
v 4 3
v 5 3
v 6 3
v 7 3
v 8 3
v 9 3
v 10 3
v 11 3
v 12 4
v 13 4
v 14 4
v 15 4
v 16 4
v 17 4
v 18 4
v 19 4
v 20 4
v 21 4
e 0 9 1
e 0 21 1
e 1 9 2
e 2 3 1
e 2 5 1
e 2 9 1
e 2 12 1
e 3 4 1
e 3 13 1
e 3 14 1
e 4 6 1
e 4 15 1
e 4 16 1
e 5 6 1
e 5 7 2
e 6 8 2
e 7 10 1
e 7 17 1
e 8 11 1
e 8 18 1
e 10 11 2
e 10 19 1
e 11 20 1
t # 62991
v 0 1
v 1 1
v 2 1
v 3 3
v 4 3
v 5 3
v 6 3
v 7 3
v 8 3
v 9 3
v 10 3
v 11 4
v 12 4
v 13 4
v 14 4
v 15 4
v 16 4
v 17 4
v 18 4
v 19 4
v 20 4
e 0 9 1
e 0 10 1
e 1 9 2
e 2 10 2
e 3 4 1
e 3 5 1
e 3 9 1
e 3 11 1
e 4 6 1
e 4 10 1
e 4 12 1
e 5 7 1
e 5 13 1
e 5 14 1
e 6 8 1
e 6 15 1
e 6 16 1
e 7 8 1
e 7 17 1
e 7 18 1
e 8 19 1
e 8 20 1
t # 62992
v 0 12
v 1 1
v 2 1
v 3 2
v 4 3
v 5 3
v 6 3
v 7 3
v 8 3
v 9 3
v 10 3
v 11 3
v 12 3
v 13 4
v 14 4
v 15 4
v 16 4
v 17 4
v 18 4
v 19 4
v 20 4
v 21 4
v 22 4
e 0 7 1
e 1 9 1
e 1 22 1
e 2 9 2
e 3 5 1
e 3 17 1
e 3 18 1
e 4 5 1
e 4 6 1
e 4 13 1
e 4 14 1
e 5 9 1
e 5 15 1
e 6 7 1
e 6 8 2
e 7 10 2
e 8 11 1
e 8 16 1
e 10 12 1
e 10 19 1
e 11 12 2
e 11 20 1
e 12 21 1
t # 62993
v 0 11
v 1 2
v 2 2
v 3 3
v 4 3
v 5 3
v 6 3
v 7 3
v 8 3
v 9 3
v 10 3
v 11 3
v 12 3
v 13 3
v 14 3
v 15 3
v 16 3
v 17 3
v 18 3
v 19 3
v 20 4
v 21 4
v 22 4
v 23 4
v 24 4
v 25 4
v 26 4
v 27 4
v 28 4
v 29 4
v 30 4
v 31 4
v 32 4
v 33 4
v 34 4
v 35 4
v 36 4
v 37 4
v 38 4
v 39 4
v 40 4
v 41 4
v 42 4
v 43 4
v 44 4
v 45 4
v 46 4
v 47 4
v 48 4
v 49 4
v 50 4
v 51 4
v 52 4
v 53 4
v 54 4
v 55 4
e 0 17 1
e 0 19 1
e 1 19 1
e 1 53 1
e 1 54 1
e 2 19 2
e 2 55 1
e 3 4 1
e 3 5 1
e 3 20 1
e 3 21 1
e 4 6 1
e 4 22 1
e 4 23 1
e 5 7 1
e 5 24 1
e 5 25 1
e 6 8 1
e 6 26 1
e 6 27 1
e 7 9 1
e 7 28 1
e 7 29 1
e 8 10 1
e 8 30 1
e 8 31 1
e 9 11 1
e 9 32 1
e 9 33 1
e 10 12 1
e 10 34 1
e 10 35 1
e 11 13 1
e 11 36 1
e 11 37 1
e 12 14 1
e 12 38 1
e 12 39 1
e 13 15 1
e 13 40 1
e 13 41 1
e 14 16 1
e 14 42 1
e 14 43 1
e 15 17 1
e 15 44 1
e 15 45 1
e 16 18 1
e 16 46 1
e 16 47 1
e 17 48 1
e 17 49 1
e 18 50 1
e 18 51 1
e 18 52 1
t # 62994
v 0 2
v 1 2
v 2 3
v 3 3
v 4 3
v 5 3
v 6 3
v 7 3
v 8 3
v 9 3
v 10 3
v 11 3
v 12 3
v 13 3
v 14 3
v 15 4
v 16 4
v 17 4
v 18 4
v 19 4
v 20 4
v 21 4
v 22 4
v 23 4
v 24 4
v 25 4
v 26 4
v 27 4
v 28 4
v 29 4
v 30 4
v 31 4
v 32 4
v 33 4
v 34 4
v 35 4
v 36 4
v 37 4
v 38 4
v 39 4
v 40 4
e 0 11 1
e 0 12 1
e 0 39 1
e 1 13 1
e 1 14 1
e 1 40 1
e 2 4 1
e 2 7 1
e 2 8 1
e 2 15 1
e 3 5 1
e 3 9 1
e 3 10 1
e 3 16 1
e 4 6 1
e 4 17 1
e 4 18 1
e 5 6 1
e 5 19 1
e 5 20 1
e 6 21 1
e 6 22 1
e 7 11 1
e 7 23 1
e 7 24 1
e 8 12 1
e 8 25 1
e 8 26 1
e 9 13 1
e 9 27 1
e 9 28 1
e 10 14 1
e 10 29 1
e 10 30 1
e 11 31 1
e 11 32 1
e 12 33 1
e 12 34 1
e 13 35 1
e 13 36 1
e 14 37 1
e 14 38 1
t # 62995
v 0 1
v 1 1
v 2 1
v 3 2
v 4 2
v 5 3
v 6 3
v 7 3
v 8 3
v 9 3
v 10 3
v 11 3
v 12 3
v 13 3
v 14 3
v 15 3
v 16 3
v 17 4
v 18 4
v 19 4
v 20 4
v 21 4
v 22 4
v 23 4
v 24 4
e 0 9 1
e 0 10 1
e 1 9 2
e 2 10 2
e 3 11 1
e 3 15 2
e 4 12 1
e 4 16 2
e 5 7 1
e 5 9 1
e 5 11 2
e 6 8 1
e 6 10 1
e 6 12 2
e 7 13 2
e 7 17 1
e 8 14 2
e 8 18 1
e 11 19 1
e 12 20 1
e 13 15 1
e 13 21 1
e 14 16 1
e 14 22 1
e 15 23 1
e 16 24 1
t # 62996
v 0 1
v 1 1
v 2 2
v 3 2
v 4 3
v 5 3
v 6 3
v 7 3
v 8 3
v 9 3
v 10 3
v 11 3
v 12 4
v 13 4
v 14 4
v 15 4
v 16 4
v 17 4
v 18 4
v 19 4
v 20 4
v 21 4
e 0 7 1
e 0 21 1
e 2 4 1
e 2 8 1
e 2 9 1
e 3 11 1
e 4 5 2
e 4 6 1
e 5 7 1
e 5 12 1
e 6 10 2
e 6 13 1
e 7 11 2
e 8 14 1
e 8 15 1
e 8 16 1
e 9 17 1
e 9 18 1
e 9 19 1
e 10 11 1
e 10 20 1
t # 62997
v 0 2
v 1 2
v 2 3
v 3 3
v 4 3
v 5 3
v 6 3
v 7 3
v 8 3
v 9 3
v 10 3
v 11 4
v 12 4
v 13 4
v 14 4
v 15 4
v 16 4
v 17 4
v 18 4
v 19 4
v 20 4
e 0 2 1
e 0 9 1
e 0 15 1
e 2 4 2
e 2 5 1
e 3 6 2
e 3 7 1
e 3 8 1
e 4 6 1
e 4 11 1
e 5 7 2
e 5 12 1
e 6 13 1
e 7 14 1
e 8 16 1
e 8 17 1
e 8 18 1
e 9 10 1
e 9 19 1
e 9 20 1
t # 62998
v 0 1
v 1 1
v 2 1
v 3 2
v 4 3
v 5 3
v 6 3
v 7 3
v 8 3
v 9 3
v 10 3
v 11 3
v 12 4
v 13 4
v 14 4
v 15 4
v 16 4
v 17 4
v 18 4
v 19 4
v 20 4
v 21 4
v 22 4
v 23 4
v 24 4
e 0 6 1
e 0 7 1
e 1 8 2
e 2 10 2
e 3 4 1
e 3 5 1
e 3 8 1
e 4 6 1
e 4 12 1
e 4 13 1
e 5 7 1
e 5 14 1
e 5 15 1
e 6 16 1
e 6 17 1
e 7 18 1
e 7 19 1
e 8 9 1
e 9 10 1
e 9 20 1
e 9 21 1
e 10 11 1
e 11 22 1
e 11 23 1
e 11 24 1
t # 62999
v 0 12
v 1 1
v 2 1
v 3 2
v 4 2
v 5 3
v 6 3
v 7 3
v 8 3
v 9 3
v 10 3
v 11 3
v 12 3
v 13 3
v 14 3
v 15 3
v 16 3
v 17 4
v 18 4
v 19 4
v 20 4
v 21 4
v 22 4
v 23 4
v 24 4
v 25 4
e 0 13 1
e 3 5 1
e 3 7 1
e 3 17 1
e 4 6 1
e 5 6 2
e 5 8 1
e 6 9 1
e 7 11 2
e 7 12 1
e 8 10 2
e 8 18 1
e 9 13 2
e 9 19 1
e 10 13 1
e 10 20 1
e 11 14 1
e 11 21 1
e 12 15 2
e 12 22 1
e 14 16 2
e 14 23 1
e 15 16 1
e 15 24 1
e 16 25 1
