t # 44600
v 0 12
v 1 1
v 2 1
v 3 2
v 4 2
v 5 3
v 6 3
v 7 3
v 8 3
v 9 3
v 10 3
v 11 3
v 12 3
v 13 3
v 14 3
v 15 3
v 16 3
v 17 3
v 18 3
v 19 3
v 20 4
v 21 4
v 22 4
v 23 4
v 24 4
v 25 4
v 26 4
v 27 4
v 28 4
v 29 4
v 30 4
v 31 4
v 32 4
v 33 4
v 34 4
e 0 14 1
e 1 6 1
e 1 13 1
e 2 10 2
e 3 5 1
e 3 10 1
e 3 20 1
e 4 9 1
e 4 10 1
e 4 24 1
e 5 6 1
e 5 7 2
e 6 8 2
e 7 11 1
e 7 21 1
e 8 12 1
e 8 22 1
e 9 14 1
e 9 15 2
e 11 12 2
e 11 23 1
e 12 25 1
e 13 18 1
e 13 26 1
e 13 27 1
e 14 16 2
e 15 17 1
e 15 28 1
e 16 19 1
e 16 29 1
e 17 19 2
e 17 30 1
e 18 31 1
e 18 32 1
e 18 33 1
e 19 34 1
t # 44601
v 0 12
v 1 1
v 2 1
v 3 2
v 4 2
v 5 3
v 6 3
v 7 3
v 8 3
v 9 3
v 10 3
v 11 3
v 12 3
v 13 3
v 14 3
v 15 3
v 16 3
v 17 3
v 18 3
v 19 4
v 20 4
v 21 4
v 22 4
v 23 4
v 24 4
v 25 4
v 26 4
v 27 4
v 28 4
v 29 4
v 30 4
v 31 4
e 0 13 1
e 1 8 1
e 1 18 1
e 2 10 2
e 3 5 1
e 3 10 1
e 3 20 1
e 4 6 1
e 4 10 1
e 4 22 1
e 5 7 2
e 5 9 1
e 6 13 1
e 6 14 2
e 7 8 1
e 7 19 1
e 8 11 2
e 9 12 2
e 9 21 1
e 11 12 1
e 11 23 1
e 12 24 1
e 13 15 2
e 14 16 1
e 14 25 1
e 15 17 1
e 15 26 1
e 16 17 2
e 16 27 1
e 17 28 1
e 18 29 1
e 18 30 1
e 18 31 1
t # 44602
v 0 1
v 1 1
v 2 1
v 3 2
v 4 2
v 5 3
v 6 3
v 7 3
v 8 3
v 9 3
v 10 3
v 11 3
v 12 3
v 13 3
v 14 3
v 15 3
v 16 3
v 17 3
v 18 3
v 19 3
v 20 3
v 21 4
v 22 4
v 23 4
v 24 4
v 25 4
v 26 4
v 27 4
v 28 4
v 29 4
v 30 4
v 31 4
v 32 4
v 33 4
v 34 4
v 35 4
v 36 4
v 37 4
v 38 4
e 0 6 1
e 0 16 1
e 1 9 1
e 1 20 1
e 2 11 2
e 3 5 1
e 3 11 1
e 3 21 1
e 4 7 1
e 4 11 1
e 4 23 1
e 5 6 1
e 5 8 2
e 6 10 2
e 7 9 1
e 7 12 2
e 8 13 1
e 8 22 1
e 9 15 2
e 10 14 1
e 10 24 1
e 12 17 1
e 12 25 1
e 13 14 2
e 13 26 1
e 14 27 1
e 15 18 1
e 15 28 1
e 16 19 1
e 16 29 1
e 16 30 1
e 17 18 2
e 17 31 1
e 18 32 1
e 19 33 1
e 19 34 1
e 19 35 1
e 20 36 1
e 20 37 1
e 20 38 1
t # 44603
v 0 1
v 1 1
v 2 1
v 3 2
v 4 2
v 5 3
v 6 3
v 7 3
v 8 3
v 9 3
v 10 3
v 11 3
v 12 3
v 13 3
v 14 3
v 15 3
v 16 3
v 17 3
v 18 3
v 19 3
v 20 4
v 21 4
v 22 4
v 23 4
v 24 4
v 25 4
v 26 4
v 27 4
v 28 4
v 29 4
v 30 4
v 31 4
v 32 4
v 33 4
v 34 4
v 35 4
e 0 7 1
e 0 18 1
e 1 12 1
e 1 19 1
e 2 11 2
e 3 5 1
e 3 11 1
e 3 20 1
e 4 6 1
e 4 11 1
e 4 21 1
e 5 7 1
e 5 8 2
e 6 9 2
e 6 10 1
e 7 13 2
e 8 16 1
e 8 22 1
e 9 14 1
e 9 23 1
e 10 15 2
e 10 24 1
e 12 14 2
e 12 15 1
e 13 17 1
e 13 25 1
e 14 26 1
e 15 27 1
e 16 17 2
e 16 28 1
e 17 29 1
e 18 30 1
e 18 31 1
e 18 32 1
e 19 33 1
e 19 34 1
e 19 35 1
t # 44604
v 0 1
v 1 1
v 2 2
v 3 2
v 4 3
v 5 3
v 6 3
v 7 3
v 8 3
v 9 3
v 10 3
v 11 3
v 12 3
v 13 3
v 14 3
v 15 3
v 16 3
v 17 3
v 18 3
v 19 4
v 20 4
v 21 4
v 22 4
v 23 4
v 24 4
v 25 4
v 26 4
v 27 4
v 28 4
v 29 4
v 30 4
v 31 4
v 32 4
e 0 11 2
e 1 12 2
e 2 4 1
e 2 11 1
e 2 21 1
e 3 10 1
e 3 11 1
e 3 24 1
e 4 6 1
e 4 7 2
e 5 6 2
e 5 8 1
e 5 12 1
e 6 19 1
e 7 9 1
e 7 20 1
e 8 9 2
e 8 22 1
e 9 23 1
e 10 13 2
e 10 14 1
e 12 17 1
e 13 15 1
e 13 25 1
e 14 16 2
e 14 26 1
e 15 18 2
e 15 27 1
e 16 18 1
e 16 28 1
e 17 29 1
e 17 30 1
e 17 31 1
e 18 32 1
t # 44605
v 0 1
v 1 1
v 2 1
v 3 2
v 4 2
v 5 3
v 6 3
v 7 3
v 8 3
v 9 3
v 10 3
v 11 3
v 12 3
v 13 3
v 14 3
v 15 3
v 16 3
v 17 3
v 18 3
v 19 3
v 20 4
v 21 4
v 22 4
v 23 4
v 24 4
v 25 4
v 26 4
v 27 4
v 28 4
v 29 4
v 30 4
v 31 4
v 32 4
v 33 4
e 0 13 1
e 0 19 1
e 1 11 2
e 2 13 2
e 3 5 1
e 3 11 1
e 3 20 1
e 4 9 1
e 4 11 1
e 4 25 1
e 5 6 1
e 5 7 2
e 6 8 2
e 6 13 1
e 7 10 1
e 7 21 1
e 8 12 1
e 8 22 1
e 9 14 2
e 9 15 1
e 10 12 2
e 10 23 1
e 12 24 1
e 14 16 1
e 14 26 1
e 15 17 2
e 15 27 1
e 16 18 2
e 16 28 1
e 17 18 1
e 17 29 1
e 18 30 1
e 19 31 1
e 19 32 1
e 19 33 1
t # 44606
v 0 1
v 1 1
v 2 2
v 3 2
v 4 3
v 5 3
v 6 3
v 7 3
v 8 3
v 9 3
v 10 3
v 11 3
v 12 3
v 13 3
v 14 3
v 15 3
v 16 3
v 17 3
v 18 3
v 19 4
v 20 4
v 21 4
v 22 4
v 23 4
v 24 4
v 25 4
v 26 4
v 27 4
v 28 4
v 29 4
v 30 4
v 31 4
v 32 4
v 33 4
v 34 4
e 0 5 1
e 0 12 1
e 1 10 2
e 2 4 1
e 2 10 1
e 2 20 1
e 3 8 1
e 3 10 1
e 3 24 1
e 4 5 1
e 4 6 2
e 5 7 2
e 6 9 1
e 6 19 1
e 7 11 1
e 7 21 1
e 8 13 2
e 8 14 1
e 9 11 2
e 9 22 1
e 11 23 1
e 12 15 1
e 12 25 1
e 12 26 1
e 13 16 1
e 13 27 1
e 14 17 2
e 14 28 1
e 15 29 1
e 15 30 1
e 15 31 1
e 16 18 2
e 16 32 1
e 17 18 1
e 17 33 1
e 18 34 1
t # 44607
v 0 1
v 1 1
v 2 2
v 3 2
v 4 3
v 5 3
v 6 3
v 7 3
v 8 3
v 9 3
v 10 3
v 11 3
v 12 3
v 13 3
v 14 3
v 15 3
v 16 3
v 17 3
v 18 4
v 19 4
v 20 4
v 21 4
v 22 4
v 23 4
v 24 4
v 25 4
v 26 4
v 27 4
v 28 4
v 29 4
v 30 4
v 31 4
e 0 7 1
e 0 17 1
e 1 9 2
e 2 4 1
e 2 9 1
e 2 19 1
e 3 6 1
e 3 9 1
e 3 21 1
e 4 5 2
e 4 8 1
e 5 7 1
e 5 18 1
e 6 12 2
e 6 13 1
e 7 10 2
e 8 11 2
e 8 20 1
e 10 11 1
e 10 22 1
e 11 23 1
e 12 14 1
e 12 24 1
e 13 15 2
e 13 25 1
e 14 16 2
e 14 26 1
e 15 16 1
e 15 27 1
e 16 28 1
e 17 29 1
e 17 30 1
e 17 31 1
t # 44608
v 0 1
v 1 1
v 2 2
v 3 2
v 4 3
v 5 3
v 6 3
v 7 3
v 8 3
v 9 3
v 10 3
v 11 3
v 12 3
v 13 3
v 14 3
v 15 3
v 16 3
v 17 3
v 18 4
v 19 4
v 20 4
v 21 4
v 22 4
v 23 4
v 24 4
v 25 4
v 26 4
v 27 4
v 28 4
v 29 4
v 30 4
v 31 4
e 0 5 1
e 0 17 1
e 1 9 2
e 2 4 1
e 2 9 1
e 2 18 1
e 3 6 1
e 3 9 1
e 3 21 1
e 4 5 1
e 4 7 2
e 5 8 2
e 6 12 2
e 6 13 1
e 7 10 1
e 7 19 1
e 8 11 1
e 8 20 1
e 10 11 2
e 10 22 1
e 11 23 1
e 12 14 1
e 12 24 1
e 13 15 2
e 13 25 1
e 14 16 2
e 14 26 1
e 15 16 1
e 15 27 1
e 16 28 1
e 17 29 1
e 17 30 1
e 17 31 1
t # 44609
v 0 12
v 1 12
v 2 1
v 3 2
v 4 3
v 5 3
v 6 3
v 7 3
v 8 3
v 9 3
v 10 3
v 11 3
v 12 3
v 13 3
v 14 3
v 15 3
v 16 3
v 17 3
v 18 4
v 19 4
v 20 4
v 21 4
v 22 4
v 23 4
v 24 4
v 25 4
v 26 4
v 27 4
v 28 4
e 0 12 1
e 1 13 1
e 2 9 2
e 3 4 1
e 3 9 1
e 3 18 1
e 4 5 2
e 4 6 1
e 5 7 1
e 5 10 1
e 6 11 2
e 6 19 1
e 7 12 2
e 7 20 1
e 8 9 1
e 8 13 1
e 8 14 2
e 10 21 1
e 10 22 1
e 10 23 1
e 11 12 1
e 11 24 1
e 13 15 2
e 14 16 1
e 14 25 1
e 15 17 1
e 15 26 1
e 16 17 2
e 16 27 1
e 17 28 1
t # 44610
v 0 12
v 1 12
v 2 1
v 3 2
v 4 3
v 5 3
v 6 3
v 7 3
v 8 3
v 9 3
v 10 3
v 11 3
v 12 3
v 13 3
v 14 3
v 15 3
v 16 3
v 17 3
v 18 4
v 19 4
v 20 4
v 21 4
v 22 4
v 23 4
v 24 4
v 25 4
v 26 4
v 27 4
v 28 4
e 0 8 1
e 1 17 1
e 2 11 2
e 3 4 1
e 3 11 1
e 3 20 1
e 4 6 2
e 4 7 1
e 5 8 2
e 5 9 1
e 5 12 1
e 6 8 1
e 6 18 1
e 7 9 2
e 7 19 1
e 9 21 1
e 10 11 1
e 10 13 2
e 10 14 1
e 12 22 1
e 12 23 1
e 12 24 1
e 13 15 1
e 13 25 1
e 14 16 2
e 14 26 1
e 15 17 2
e 15 27 1
e 16 17 1
e 16 28 1
t # 44611
v 0 12
v 1 12
v 2 1
v 3 2
v 4 3
v 5 3
v 6 3
v 7 3
v 8 3
v 9 3
v 10 3
v 11 3
v 12 3
v 13 3
v 14 3
v 15 3
v 16 3
v 17 3
v 18 4
v 19 4
v 20 4
v 21 4
v 22 4
v 23 4
v 24 4
v 25 4
v 26 4
v 27 4
v 28 4
e 0 7 1
e 1 17 1
e 2 9 2
e 3 4 1
e 3 9 1
e 3 18 1
e 4 5 2
e 4 6 1
e 5 7 1
e 5 10 1
e 6 11 2
e 6 19 1
e 7 12 2
e 8 9 1
e 8 13 2
e 8 14 1
e 10 20 1
e 10 21 1
e 10 22 1
e 11 12 1
e 11 23 1
e 12 24 1
e 13 15 1
e 13 25 1
e 14 16 2
e 14 26 1
e 15 17 2
e 15 27 1
e 16 17 1
e 16 28 1
t # 44612
v 0 12
v 1 1
v 2 2
v 3 3
v 4 3
v 5 3
v 6 3
v 7 3
v 8 3
v 9 3
v 10 3
v 11 3
v 12 3
v 13 3
v 14 3
v 15 3
v 16 3
v 17 3
v 18 4
v 19 4
v 20 4
v 21 4
v 22 4
v 23 4
v 24 4
v 25 4
v 26 4
v 27 4
v 28 4
v 29 4
v 30 4
v 31 4
e 0 17 1
e 1 10 2
e 2 3 1
e 2 10 1
e 2 21 1
e 3 4 2
e 3 7 1
e 4 6 1
e 4 9 1
e 5 6 2
e 5 8 1
e 5 12 1
e 6 18 1
e 7 8 2
e 7 19 1
e 8 20 1
e 9 22 1
e 9 23 1
e 9 24 1
e 10 11 1
e 11 13 2
e 11 14 1
e 12 25 1
e 12 26 1
e 12 27 1
e 13 15 1
e 13 28 1
e 14 16 2
e 14 29 1
e 15 17 2
e 15 30 1
e 16 17 1
e 16 31 1
t # 44613
v 0 12
v 1 1
v 2 2
v 3 3
v 4 3
v 5 3
v 6 3
v 7 3
v 8 3
v 9 3
v 10 3
v 11 3
v 12 3
v 13 3
v 14 3
v 15 3
v 16 3
v 17 4
v 18 4
v 19 4
v 20 4
v 21 4
v 22 4
v 23 4
v 24 4
v 25 4
v 26 4
v 27 4
v 28 4
e 0 10 1
e 1 8 2
e 2 3 1
e 2 8 1
e 2 17 1
e 3 4 2
e 3 5 1
e 4 6 1
e 4 9 1
e 5 10 2
e 5 18 1
e 6 11 2
e 6 19 1
e 7 8 1
e 7 12 2
e 7 13 1
e 9 20 1
e 9 21 1
e 9 22 1
e 10 11 1
e 11 23 1
e 12 14 1
e 12 24 1
e 13 15 2
e 13 25 1
e 14 16 2
e 14 26 1
e 15 16 1
e 15 27 1
e 16 28 1
t # 44614
v 0 12
v 1 1
v 2 2
v 3 3
v 4 3
v 5 3
v 6 3
v 7 3
v 8 3
v 9 3
v 10 3
v 11 3
v 12 3
v 13 3
v 14 3
v 15 3
v 16 3
v 17 4
v 18 4
v 19 4
v 20 4
v 21 4
v 22 4
v 23 4
v 24 4
v 25 4
v 26 4
v 27 4
v 28 4
e 0 11 1
e 1 8 2
e 2 3 1
e 2 8 1
e 2 17 1
e 3 4 2
e 3 5 1
e 4 6 1
e 4 9 1
e 5 10 2
e 5 18 1
e 6 11 2
e 6 19 1
e 7 8 1
e 7 12 2
e 7 13 1
e 9 20 1
e 9 21 1
e 9 22 1
e 10 11 1
e 10 23 1
e 12 14 1
e 12 24 1
e 13 15 2
e 13 25 1
e 14 16 2
e 14 26 1
e 15 16 1
e 15 27 1
e 16 28 1
t # 44615
v 0 1
v 1 2
v 2 3
v 3 3
v 4 3
v 5 3
v 6 3
v 7 3
v 8 3
v 9 3
v 10 3
v 11 3
v 12 3
v 13 3
v 14 3
v 15 3
v 16 3
v 17 4
v 18 4
v 19 4
v 20 4
v 21 4
v 22 4
v 23 4
v 24 4
v 25 4
v 26 4
v 27 4
v 28 4
v 29 4
v 30 4
v 31 4
e 0 10 2
e 1 3 1
e 1 10 1
e 1 19 1
e 2 3 1
e 2 4 2
e 2 7 1
e 3 5 2
e 4 6 1
e 4 9 1
e 5 8 1
e 5 17 1
e 6 8 2
e 6 18 1
e 7 20 1
e 7 21 1
e 7 22 1
e 8 23 1
e 9 24 1
e 9 25 1
e 9 26 1
e 10 11 1
e 11 12 2
e 11 13 1
e 12 14 1
e 12 27 1
e 13 15 2
e 13 28 1
e 14 16 2
e 14 29 1
e 15 16 1
e 15 30 1
e 16 31 1
t # 44616
v 0 12
v 1 12
v 2 14
v 3 14
v 4 14
v 5 1
v 6 1
v 7 2
v 8 3
v 9 3
v 10 3
v 11 3
v 12 3
v 13 3
v 14 3
v 15 3
v 16 3
v 17 3
v 18 3
v 19 3
v 20 3
v 21 3
v 22 3
v 23 4
v 24 4
v 25 4
v 26 4
v 27 4
v 28 4
v 29 4
v 30 4
v 31 4
v 32 4
e 0 11 1
e 1 22 1
e 5 14 1
e 5 17 1
e 6 15 2
e 7 8 1
e 7 15 1
e 7 24 1
e 8 10 1
e 8 11 2
e 9 10 2
e 9 12 1
e 9 16 1
e 10 23 1
e 11 13 1
e 12 13 2
e 12 25 1
e 13 26 1
e 14 15 1
e 14 27 1
e 14 28 1
e 17 18 2
e 17 19 1
e 18 20 1
e 18 29 1
e 19 21 2
e 19 30 1
e 20 22 2
e 20 31 1
e 21 22 1
e 21 32 1
t # 44617
v 0 12
v 1 14
v 2 1
v 3 1
v 4 2
v 5 3
v 6 3
v 7 3
v 8 3
v 9 3
v 10 3
v 11 3
v 12 3
v 13 3
v 14 3
v 15 3
v 16 3
v 17 3
v 18 3
v 19 4
v 20 4
v 21 4
v 22 4
v 23 4
v 24 4
v 25 4
v 26 4
v 27 4
v 28 4
v 29 4
e 0 18 1
e 2 6 1
e 2 8 1
e 3 7 2
e 4 5 1
e 4 7 1
e 4 21 1
e 5 9 1
e 5 10 2
e 6 7 1
e 6 19 1
e 6 20 1
e 8 11 2
e 8 12 1
e 9 13 2
e 10 14 1
e 10 22 1
e 11 16 1
e 11 23 1
e 12 17 2
e 12 24 1
e 13 15 1
e 13 25 1
e 14 15 2
e 14 26 1
e 15 27 1
e 16 18 2
e 16 28 1
e 17 18 1
e 17 29 1
t # 44618
v 0 12
v 1 12
v 2 1
v 3 1
v 4 2
v 5 3
v 6 3
v 7 3
v 8 3
v 9 3
v 10 3
v 11 3
v 12 3
v 13 3
v 14 3
v 15 3
v 16 3
v 17 3
v 18 3
v 19 3
v 20 4
v 21 4
v 22 4
v 23 4
v 24 4
v 25 4
v 26 4
v 27 4
v 28 4
v 29 4
v 30 4
v 31 4
v 32 4
e 0 8 1
e 1 19 1
e 2 10 1
e 2 14 1
e 3 11 2
e 4 5 1
e 4 11 1
e 4 20 1
e 5 6 2
e 5 7 1
e 6 8 1
e 6 9 1
e 7 12 2
e 7 21 1
e 8 13 2
e 9 22 1
e 9 23 1
e 9 24 1
e 10 11 1
e 10 25 1
e 10 26 1
e 12 13 1
e 12 27 1
e 13 28 1
e 14 15 2
e 14 16 1
e 15 17 1
e 15 29 1
e 16 18 2
e 16 30 1
e 17 19 2
e 17 31 1
e 18 19 1
e 18 32 1
t # 44619
v 0 12
v 1 1
v 2 1
v 3 2
v 4 3
v 5 3
v 6 3
v 7 3
v 8 3
v 9 3
v 10 3
v 11 3
v 12 3
v 13 3
v 14 3
v 15 3
v 16 3
v 17 3
v 18 3
v 19 3
v 20 4
v 21 4
v 22 4
v 23 4
v 24 4
v 25 4
v 26 4
v 27 4
v 28 4
v 29 4
v 30 4
v 31 4
v 32 4
v 33 4
v 34 4
v 35 4
e 0 19 1
e 1 13 1
e 1 14 1
e 2 12 2
e 3 5 1
e 3 12 1
e 3 23 1
e 4 5 2
e 4 7 1
e 4 10 1
e 5 8 1
e 6 7 2
e 6 9 1
e 6 11 1
e 7 20 1
e 8 9 2
e 8 21 1
e 9 22 1
e 10 24 1
e 10 25 1
e 10 26 1
e 11 27 1
e 11 28 1
e 11 29 1
e 12 13 1
e 13 30 1
e 13 31 1
e 14 15 2
e 14 16 1
e 15 17 1
e 15 32 1
e 16 18 2
e 16 33 1
e 17 19 2
e 17 34 1
e 18 19 1
e 18 35 1
t # 44620
v 0 12
v 1 1
v 2 1
v 3 2
v 4 3
v 5 3
v 6 3
v 7 3
v 8 3
v 9 3
v 10 3
v 11 3
v 12 3
v 13 3
v 14 3
v 15 3
v 16 3
v 17 3
v 18 3
v 19 3
v 20 4
v 21 4
v 22 4
v 23 4
v 24 4
v 25 4
v 26 4
v 27 4
v 28 4
v 29 4
v 30 4
v 31 4
v 32 4
v 33 4
v 34 4
v 35 4
e 0 19 1
e 1 13 1
e 1 14 1
e 2 12 2
e 3 5 1
e 3 12 1
e 3 25 1
e 4 5 1
e 4 6 2
e 4 9 1
e 5 7 2
e 6 8 1
e 6 11 1
e 7 10 1
e 7 20 1
e 8 10 2
e 8 21 1
e 9 22 1
e 9 23 1
e 9 24 1
e 10 26 1
e 11 27 1
e 11 28 1
e 11 29 1
e 12 13 1
e 13 30 1
e 13 31 1
e 14 15 2
e 14 16 1
e 15 17 1
e 15 32 1
e 16 18 2
e 16 33 1
e 17 19 2
e 17 34 1
e 18 19 1
e 18 35 1
t # 44621
v 0 14
v 1 14
v 2 14
v 3 1
v 4 2
v 5 3
v 6 3
v 7 3
v 8 3
v 9 3
v 10 3
v 11 3
v 12 3
v 13 3
v 14 3
v 15 3
v 16 3
v 17 3
v 18 3
v 19 3
v 20 3
v 21 3
v 22 3
v 23 3
v 24 3
v 25 3
v 26 4
v 27 4
v 28 4
v 29 4
v 30 4
v 31 4
v 32 4
v 33 4
v 34 4
v 35 4
v 36 4
v 37 4
v 38 4
v 39 4
v 40 4
v 41 4
e 3 8 2
e 4 8 1
e 4 9 1
e 4 27 1
e 5 6 1
e 5 7 1
e 5 8 1
e 5 26 1
e 6 10 2
e 6 12 1
e 7 11 2
e 7 13 1
e 9 14 1
e 9 19 2
e 10 15 1
e 10 28 1
e 11 16 1
e 11 29 1
e 12 17 2
e 12 30 1
e 13 18 2
e 13 31 1
e 14 22 2
e 14 23 1
e 15 20 2
e 15 32 1
e 16 21 2
e 16 33 1
e 17 20 1
e 17 34 1
e 18 21 1
e 18 35 1
e 19 24 1
e 19 36 1
e 20 37 1
e 21 38 1
e 22 25 1
e 22 39 1
e 24 25 2
e 24 40 1
e 25 41 1
t # 44622
v 0 14
v 1 1
v 2 2
v 3 3
v 4 3
v 5 3
v 6 3
v 7 3
v 8 3
v 9 3
v 10 3
v 11 3
v 12 3
v 13 3
v 14 3
v 15 3
v 16 3
v 17 3
v 18 3
v 19 3
v 20 3
v 21 3
v 22 3
v 23 4
v 24 4
v 25 4
v 26 4
v 27 4
v 28 4
v 29 4
v 30 4
v 31 4
v 32 4
v 33 4
v 34 4
v 35 4
v 36 4
v 37 4
v 38 4
e 1 6 2
e 2 6 1
e 2 11 1
e 2 28 1
e 3 4 1
e 3 5 1
e 3 6 1
e 3 23 1
e 4 7 2
e 4 9 1
e 5 8 2
e 5 10 1
e 7 12 1
e 7 24 1
e 8 13 1
e 8 25 1
e 9 14 2
e 9 26 1
e 10 15 2
e 10 27 1
e 11 18 1
e 11 19 2
e 12 16 2
e 12 29 1
e 13 17 2
e 13 30 1
e 14 16 1
e 14 31 1
e 15 17 1
e 15 32 1
e 16 33 1
e 17 34 1
e 18 20 2
e 19 21 1
e 19 35 1
e 20 22 1
e 20 36 1
e 21 22 2
e 21 37 1
e 22 38 1
t # 44623
v 0 1
v 1 2
v 2 3
v 3 3
v 4 3
v 5 3
v 6 3
v 7 3
v 8 3
v 9 3
v 10 3
v 11 3
v 12 3
v 13 3
v 14 3
v 15 3
v 16 3
v 17 3
v 18 3
v 19 3
v 20 3
v 21 3
v 22 3
v 23 3
v 24 4
v 25 4
v 26 4
v 27 4
v 28 4
v 29 4
v 30 4
v 31 4
v 32 4
v 33 4
v 34 4
v 35 4
v 36 4
v 37 4
v 38 4
v 39 4
v 40 4
v 41 4
v 42 4
v 43 4
v 44 4
e 0 5 2
e 1 5 1
e 1 6 1
e 1 25 1
e 2 3 1
e 2 4 1
e 2 5 1
e 2 24 1
e 3 7 2
e 3 9 1
e 4 8 2
e 4 10 1
e 6 12 2
e 6 13 1
e 7 17 1
e 7 26 1
e 8 18 1
e 8 27 1
e 9 19 2
e 9 28 1
e 10 20 2
e 10 29 1
e 11 14 1
e 11 15 2
e 11 16 1
e 12 15 1
e 12 30 1
e 13 16 2
e 13 31 1
e 14 23 1
e 14 32 1
e 14 33 1
e 15 34 1
e 16 35 1
e 17 21 2
e 17 36 1
e 18 22 2
e 18 37 1
e 19 21 1
e 19 38 1
e 20 22 1
e 20 39 1
e 21 40 1
e 22 41 1
e 23 42 1
e 23 43 1
e 23 44 1
t # 44624
v 0 1
v 1 2
v 2 2
v 3 3
v 4 3
v 5 3
v 6 3
v 7 3
v 8 3
v 9 3
v 10 3
v 11 3
v 12 3
v 13 4
v 14 4
v 15 4
v 16 4
v 17 4
v 18 4
v 19 4
v 20 4
v 21 4
v 22 4
v 23 4
v 24 4
v 25 4
v 26 4
e 0 11 2
e 1 3 1
e 1 11 1
e 1 15 1
e 2 11 1
e 2 12 1
e 2 23 1
e 3 4 2
e 3 5 1
e 4 6 1
e 4 9 1
e 5 7 2
e 5 10 1
e 6 8 2
e 6 13 1
e 7 8 1
e 7 14 1
e 8 16 1
e 9 17 1
e 9 18 1
e 9 19 1
e 10 20 1
e 10 21 1
e 10 22 1
e 12 24 1
e 12 25 1
e 12 26 1
t # 44625
v 0 12
v 1 1
v 2 2
v 3 2
v 4 3
v 5 3
v 6 3
v 7 3
v 8 3
v 9 3
v 10 3
v 11 3
v 12 3
v 13 4
v 14 4
v 15 4
v 16 4
v 17 4
v 18 4
v 19 4
v 20 4
v 21 4
v 22 4
v 23 4
e 0 10 1
e 1 11 2
e 2 4 1
e 2 11 1
e 2 15 1
e 3 11 1
e 3 12 1
e 3 20 1
e 4 5 2
e 4 6 1
e 5 7 1
e 5 8 1
e 6 9 2
e 6 13 1
e 7 10 2
e 7 14 1
e 8 16 1
e 8 17 1
e 8 18 1
e 9 10 1
e 9 19 1
e 12 21 1
e 12 22 1
e 12 23 1
t # 44626
v 0 12
v 1 1
v 2 2
v 3 2
v 4 3
v 5 3
v 6 3
v 7 3
v 8 3
v 9 3
v 10 3
v 11 3
v 12 3
v 13 3
v 14 3
v 15 3
v 16 3
v 17 3
v 18 3
v 19 4
v 20 4
v 21 4
v 22 4
v 23 4
v 24 4
v 25 4
v 26 4
v 27 4
v 28 4
v 29 4
v 30 4
v 31 4
v 32 4
v 33 4
e 0 14 1
e 1 12 2
e 2 5 1
e 2 12 1
e 2 24 1
e 3 12 1
e 3 13 1
e 3 29 1
e 4 5 1
e 4 6 2
e 4 9 1
e 5 7 2
e 6 8 1
e 6 11 1
e 7 10 1
e 7 19 1
e 8 10 2
e 8 20 1
e 9 21 1
e 9 22 1
e 9 23 1
e 10 25 1
e 11 26 1
e 11 27 1
e 11 28 1
e 13 14 1
e 13 15 2
e 14 16 2
e 15 17 1
e 15 30 1
e 16 18 1
e 16 31 1
e 17 18 2
e 17 32 1
e 18 33 1
t # 44627
v 0 12
v 1 12
v 2 1
v 3 2
v 4 2
v 5 3
v 6 3
v 7 3
v 8 3
v 9 3
v 10 3
v 11 3
v 12 3
v 13 3
v 14 3
v 15 3
v 16 3
v 17 3
v 18 3
v 19 4
v 20 4
v 21 4
v 22 4
v 23 4
v 24 4
v 25 4
v 26 4
v 27 4
v 28 4
v 29 4
v 30 4
e 0 11 1
e 1 14 1
e 2 12 2
e 3 5 1
e 3 12 1
e 3 19 1
e 4 10 1
e 4 12 1
e 4 26 1
e 5 6 2
e 5 7 1
e 6 8 1
e 6 9 1
e 7 11 2
e 7 20 1
e 8 13 2
e 8 21 1
e 9 22 1
e 9 23 1
e 9 24 1
e 10 14 1
e 10 15 2
e 11 13 1
e 13 25 1
e 14 16 2
e 15 17 1
e 15 27 1
e 16 18 1
e 16 28 1
e 17 18 2
e 17 29 1
e 18 30 1
t # 44628
v 0 12
v 1 12
v 2 1
v 3 2
v 4 2
v 5 3
v 6 3
v 7 3
v 8 3
v 9 3
v 10 3
v 11 3
v 12 3
v 13 3
v 14 3
v 15 3
v 16 3
v 17 3
v 18 3
v 19 4
v 20 4
v 21 4
v 22 4
v 23 4
v 24 4
v 25 4
v 26 4
v 27 4
v 28 4
v 29 4
v 30 4
e 0 9 1
e 1 14 1
e 2 12 2
e 3 5 1
e 3 12 1
e 3 22 1
e 4 11 1
e 4 12 1
e 4 23 1
e 5 7 2
e 5 8 1
e 6 9 2
e 6 10 1
e 6 13 1
e 7 9 1
e 7 19 1
e 8 10 2
e 8 20 1
e 10 21 1
e 11 14 1
e 11 15 2
e 13 24 1
e 13 25 1
e 13 26 1
e 14 16 2
e 15 17 1
e 15 27 1
e 16 18 1
e 16 28 1
e 17 18 2
e 17 29 1
e 18 30 1
t # 44629
v 0 12
v 1 12
v 2 1
v 3 2
v 4 2
v 5 3
v 6 3
v 7 3
v 8 3
v 9 3
v 10 3
v 11 3
v 12 3
v 13 3
v 14 3
v 15 3
v 16 3
v 17 3
v 18 3
v 19 4
v 20 4
v 21 4
v 22 4
v 23 4
v 24 4
v 25 4
v 26 4
v 27 4
v 28 4
v 29 4
v 30 4
e 0 13 1
e 1 14 1
e 2 12 2
e 3 5 1
e 3 12 1
e 3 19 1
e 4 10 1
e 4 12 1
e 4 26 1
e 5 6 2
e 5 7 1
e 6 8 1
e 6 9 1
e 7 11 2
e 7 20 1
e 8 13 2
e 8 21 1
e 9 22 1
e 9 23 1
e 9 24 1
e 10 14 1
e 10 15 2
e 11 13 1
e 11 25 1
e 14 16 2
e 15 17 1
e 15 27 1
e 16 18 1
e 16 28 1
e 17 18 2
e 17 29 1
e 18 30 1
t # 44630
v 0 1
v 1 1
v 2 1
v 3 1
v 4 2
v 5 3
v 6 3
v 7 3
v 8 3
v 9 3
v 10 3
v 11 3
v 12 3
v 13 3
v 14 3
v 15 3
v 16 3
v 17 3
v 18 3
v 19 3
v 20 4
v 21 4
v 22 4
v 23 4
v 24 4
v 25 4
v 26 4
v 27 4
v 28 4
v 29 4
v 30 4
v 31 4
v 32 4
v 33 4
v 34 4
e 0 9 1
e 0 17 1
e 1 8 1
e 1 18 1
e 2 12 1
e 2 19 1
e 3 17 2
e 4 5 1
e 4 17 1
e 4 24 1
e 5 6 2
e 5 7 1
e 6 10 1
e 6 20 1
e 7 11 2
e 7 21 1
e 8 10 2
e 8 11 1
e 9 13 2
e 9 14 1
e 10 22 1
e 11 23 1
e 12 15 2
e 12 16 1
e 13 15 1
e 13 25 1
e 14 16 2
e 14 26 1
e 15 27 1
e 16 28 1
e 18 29 1
e 18 30 1
e 18 31 1
e 19 32 1
e 19 33 1
e 19 34 1
t # 44631
v 0 1
v 1 1
v 2 1
v 3 2
v 4 3
v 5 3
v 6 3
v 7 3
v 8 3
v 9 3
v 10 3
v 11 3
v 12 3
v 13 3
v 14 3
v 15 3
v 16 3
v 17 3
v 18 3
v 19 3
v 20 3
v 21 3
v 22 3
v 23 3
v 24 4
v 25 4
v 26 4
v 27 4
v 28 4
v 29 4
v 30 4
v 31 4
v 32 4
v 33 4
v 34 4
v 35 4
v 36 4
v 37 4
v 38 4
v 39 4
v 40 4
v 41 4
v 42 4
v 43 4
v 44 4
v 45 4
v 46 4
v 47 4
v 48 4
e 0 8 1
e 0 16 1
e 1 16 2
e 2 18 1
e 2 23 1
e 3 16 1
e 3 17 1
e 3 41 1
e 4 6 1
e 4 11 1
e 4 12 1
e 4 24 1
e 5 7 1
e 5 13 1
e 5 14 1
e 5 25 1
e 6 8 2
e 6 9 1
e 7 8 1
e 7 10 2
e 9 15 2
e 9 26 1
e 10 15 1
e 10 27 1
e 11 28 1
e 11 29 1
e 11 30 1
e 12 31 1
e 12 32 1
e 12 33 1
e 13 34 1
e 13 35 1
e 13 36 1
e 14 37 1
e 14 38 1
e 14 39 1
e 15 40 1
e 17 18 1
e 17 19 2
e 18 20 2
e 19 21 1
e 19 42 1
e 20 22 1
e 20 43 1
e 21 22 2
e 21 44 1
e 22 45 1
e 23 46 1
e 23 47 1
e 23 48 1
t # 44632
v 0 1
v 1 1
v 2 1
v 3 1
v 4 2
v 5 3
v 6 3
v 7 3
v 8 3
v 9 3
v 10 3
v 11 3
v 12 3
v 13 3
v 14 3
v 15 3
v 16 3
v 17 3
v 18 3
v 19 3
v 20 4
v 21 4
v 22 4
v 23 4
v 24 4
v 25 4
v 26 4
v 27 4
v 28 4
v 29 4
v 30 4
v 31 4
v 32 4
v 33 4
v 34 4
e 0 8 1
e 0 17 1
e 1 6 1
e 1 18 1
e 2 12 1
e 2 19 1
e 3 17 2
e 4 5 1
e 4 17 1
e 4 21 1
e 5 6 1
e 5 7 2
e 6 9 2
e 7 10 1
e 7 20 1
e 8 13 2
e 8 14 1
e 9 11 1
e 9 22 1
e 10 11 2
e 10 23 1
e 11 24 1
e 12 15 2
e 12 16 1
e 13 15 1
e 13 25 1
e 14 16 2
e 14 26 1
e 15 27 1
e 16 28 1
e 18 29 1
e 18 30 1
e 18 31 1
e 19 32 1
e 19 33 1
e 19 34 1
t # 44633
v 0 11
v 1 14
v 2 1
v 3 1
v 4 2
v 5 3
v 6 3
v 7 3
v 8 3
v 9 3
v 10 3
v 11 3
v 12 3
v 13 3
v 14 3
v 15 3
v 16 3
v 17 3
v 18 3
v 19 4
v 20 4
v 21 4
v 22 4
v 23 4
v 24 4
v 25 4
v 26 4
v 27 4
v 28 4
v 29 4
v 30 4
v 31 4
v 32 4
e 0 2 2
e 0 3 2
e 0 9 1
e 4 5 1
e 4 19 1
e 5 8 2
e 5 10 1
e 6 7 2
e 6 8 1
e 6 12 1
e 7 11 1
e 7 13 1
e 8 20 1
e 9 14 2
e 9 15 1
e 10 11 2
e 10 21 1
e 11 22 1
e 12 23 1
e 12 24 1
e 12 25 1
e 13 26 1
e 13 27 1
e 13 28 1
e 14 16 1
e 14 29 1
e 15 17 2
e 15 30 1
e 16 18 2
e 16 31 1
e 17 18 1
e 17 32 1
t # 44634
v 0 11
v 1 14
v 2 1
v 3 1
v 4 2
v 5 3
v 6 3
v 7 3
v 8 3
v 9 3
v 10 3
v 11 3
v 12 3
v 13 3
v 14 3
v 15 3
v 16 3
v 17 3
v 18 3
v 19 4
v 20 4
v 21 4
v 22 4
v 23 4
v 24 4
v 25 4
v 26 4
v 27 4
v 28 4
v 29 4
v 30 4
v 31 4
v 32 4
e 0 2 2
e 0 3 2
e 0 7 1
e 4 5 1
e 4 19 1
e 5 6 2
e 5 10 1
e 6 9 1
e 6 12 1
e 7 13 2
e 7 14 1
e 8 9 2
e 8 11 1
e 8 15 1
e 9 20 1
e 10 11 2
e 10 21 1
e 11 22 1
e 12 23 1
e 12 24 1
e 12 25 1
e 13 16 1
e 13 26 1
e 14 17 2
e 14 27 1
e 15 28 1
e 15 29 1
e 15 30 1
e 16 18 2
e 16 31 1
e 17 18 1
e 17 32 1
t # 44635
v 0 12
v 1 1
v 2 1
v 3 1
v 4 1
v 5 2
v 6 3
v 7 3
v 8 3
v 9 3
v 10 3
v 11 3
v 12 3
v 13 3
v 14 3
v 15 3
v 16 3
v 17 3
v 18 3
v 19 3
v 20 3
v 21 4
v 22 4
v 23 4
v 24 4
v 25 4
v 26 4
v 27 4
v 28 4
v 29 4
v 30 4
v 31 4
v 32 4
e 0 15 1
e 1 10 1
e 1 20 1
e 2 9 2
e 3 19 1
e 3 32 1
e 4 19 2
e 5 6 1
e 5 9 1
e 5 21 1
e 6 10 2
e 6 11 1
e 7 8 1
e 7 9 1
e 7 12 2
e 8 14 2
e 8 19 1
e 10 13 1
e 11 15 2
e 11 22 1
e 12 16 1
e 12 23 1
e 13 17 2
e 13 24 1
e 14 18 1
e 14 25 1
e 15 17 1
e 16 18 2
e 16 26 1
e 17 27 1
e 18 28 1
e 20 29 1
e 20 30 1
e 20 31 1
t # 44636
v 0 14
v 1 1
v 2 1
v 3 1
v 4 2
v 5 3
v 6 3
v 7 3
v 8 3
v 9 3
v 10 3
v 11 3
v 12 3
v 13 3
v 14 3
v 15 3
v 16 3
v 17 3
v 18 3
v 19 4
v 20 4
v 21 4
v 22 4
v 23 4
v 24 4
v 25 4
v 26 4
v 27 4
v 28 4
e 1 8 2
e 2 17 1
e 2 28 1
e 3 17 2
e 4 7 1
e 4 8 1
e 4 19 1
e 5 6 1
e 5 8 1
e 5 9 2
e 6 10 2
e 6 17 1
e 7 12 1
e 7 13 2
e 9 11 1
e 9 20 1
e 10 14 1
e 10 21 1
e 11 14 2
e 11 22 1
e 12 15 2
e 13 16 1
e 13 23 1
e 14 24 1
e 15 18 1
e 15 25 1
e 16 18 2
e 16 26 1
e 18 27 1
t # 44637
v 0 12
v 1 12
v 2 14
v 3 14
v 4 14
v 5 1
v 6 2
v 7 3
v 8 3
v 9 3
v 10 3
v 11 3
v 12 3
v 13 3
v 14 3
v 15 3
v 16 3
v 17 3
v 18 3
v 19 3
v 20 3
v 21 4
v 22 4
v 23 4
v 24 4
v 25 4
v 26 4
v 27 4
v 28 4
e 0 18 1
e 1 20 1
e 5 13 2
e 6 7 1
e 6 13 1
e 6 22 1
e 7 9 1
e 7 11 2
e 8 9 2
e 8 12 1
e 8 15 1
e 9 21 1
e 10 13 1
e 10 16 2
e 10 17 1
e 11 14 1
e 11 23 1
e 12 14 2
e 12 24 1
e 14 25 1
e 16 18 1
e 16 26 1
e 17 19 2
e 17 27 1
e 18 20 2
e 19 20 1
e 19 28 1
t # 44638
v 0 12
v 1 1
v 2 2
v 3 2
v 4 3
v 5 3
v 6 3
v 7 3
v 8 3
v 9 3
v 10 3
v 11 3
v 12 3
v 13 3
v 14 3
v 15 3
v 16 3
v 17 3
v 18 4
v 19 4
v 20 4
v 21 4
v 22 4
v 23 4
v 24 4
v 25 4
v 26 4
v 27 4
v 28 4
v 29 4
v 30 4
e 0 7 1
e 1 12 2
e 2 4 1
e 2 12 1
e 2 19 1
e 3 9 1
e 3 12 1
e 3 25 1
e 4 5 2
e 4 6 1
e 5 7 1
e 5 8 1
e 6 10 2
e 6 18 1
e 7 11 2
e 8 20 1
e 8 21 1
e 8 22 1
e 9 13 2
e 9 14 1
e 10 11 1
e 10 23 1
e 11 24 1
e 13 15 1
e 13 26 1
e 14 16 2
e 14 27 1
e 15 17 2
e 15 28 1
e 16 17 1
e 16 29 1
e 17 30 1
t # 44639
v 0 12
v 1 1
v 2 1
v 3 2
v 4 2
v 5 3
v 6 3
v 7 3
v 8 3
v 9 3
v 10 3
v 11 3
v 12 3
v 13 3
v 14 3
v 15 3
v 16 3
v 17 3
v 18 3
v 19 3
v 20 4
v 21 4
v 22 4
v 23 4
v 24 4
v 25 4
v 26 4
v 27 4
v 28 4
v 29 4
v 30 4
v 31 4
v 32 4
v 33 4
v 34 4
e 0 13 1
e 1 16 1
e 1 19 1
e 2 11 2
e 3 5 1
e 3 11 1
e 3 20 1
e 4 7 1
e 4 11 1
e 4 26 1
e 5 6 2
e 5 8 1
e 6 9 1
e 6 10 1
e 7 14 2
e 7 15 1
e 8 12 2
e 8 21 1
e 9 13 2
e 9 22 1
e 10 23 1
e 10 24 1
e 10 25 1
e 12 13 1
e 12 27 1
e 14 17 1
e 14 28 1
e 15 18 2
e 15 29 1
e 16 17 2
e 16 18 1
e 17 30 1
e 18 31 1
e 19 32 1
e 19 33 1
e 19 34 1
t # 44640
v 0 12
v 1 12
v 2 12
v 3 14
v 4 14
v 5 14
v 6 1
v 7 2
v 8 3
v 9 3
v 10 3
v 11 3
v 12 3
v 13 3
v 14 3
v 15 3
v 16 3
v 17 3
v 18 3
v 19 3
v 20 3
v 21 3
v 22 4
v 23 4
v 24 4
v 25 4
v 26 4
v 27 4
v 28 4
e 0 11 1
e 1 17 1
e 2 21 1
e 6 14 2
e 7 8 1
e 7 14 1
e 7 23 1
e 8 10 1
e 8 11 2
e 9 10 2
e 9 13 1
e 9 16 1
e 10 22 1
e 11 15 1
e 12 14 1
e 12 17 2
e 12 18 1
e 13 15 2
e 13 24 1
e 15 25 1
e 17 19 1
e 18 20 2
e 18 26 1
e 19 21 2
e 19 27 1
e 20 21 1
e 20 28 1
t # 44641
v 0 1
v 1 1
v 2 1
v 3 2
v 4 3
v 5 3
v 6 3
v 7 3
v 8 3
v 9 3
v 10 3
v 11 3
v 12 3
v 13 3
v 14 3
v 15 3
v 16 3
v 17 3
v 18 3
v 19 3
v 20 4
v 21 4
v 22 4
v 23 4
v 24 4
v 25 4
v 26 4
v 27 4
v 28 4
v 29 4
v 30 4
v 31 4
v 32 4
v 33 4
v 34 4
e 0 12 2
e 1 19 1
e 1 34 1
e 2 19 2
e 3 6 1
e 3 12 1
e 3 23 1
e 4 5 2
e 4 7 1
e 4 11 1
e 5 8 1
e 5 13 1
e 6 7 2
e 6 9 1
e 7 20 1
e 8 9 2
e 8 21 1
e 9 22 1
e 10 12 1
e 10 14 1
e 10 15 2
e 11 24 1
e 11 25 1
e 11 26 1
e 13 27 1
e 13 28 1
e 13 29 1
e 14 16 2
e 14 19 1
e 15 17 1
e 15 30 1
e 16 18 1
e 16 31 1
e 17 18 2
e 17 32 1
e 18 33 1
t # 44642
v 0 1
v 1 2
v 2 2
v 3 3
v 4 3
v 5 3
v 6 3
v 7 3
v 8 3
v 9 3
v 10 3
v 11 3
v 12 3
v 13 3
v 14 3
v 15 4
v 16 4
v 17 4
v 18 4
v 19 4
v 20 4
v 21 4
v 22 4
v 23 4
v 24 4
v 25 4
v 26 4
v 27 4
v 28 4
v 29 4
v 30 4
v 31 4
v 32 4
e 0 10 2
e 1 3 1
e 1 10 1
e 1 16 1
e 2 4 1
e 2 10 1
e 2 24 1
e 3 6 1
e 3 7 1
e 3 15 1
e 4 5 2
e 4 8 1
e 5 11 1
e 5 13 1
e 6 17 1
e 6 18 1
e 6 19 1
e 7 20 1
e 7 21 1
e 7 22 1
e 8 9 2
e 8 23 1
e 9 12 1
e 9 14 1
e 11 12 2
e 11 25 1
e 12 26 1
e 13 27 1
e 13 28 1
e 13 29 1
e 14 30 1
e 14 31 1
e 14 32 1
t # 44643
v 0 12
v 1 1
v 2 2
v 3 2
v 4 3
v 5 3
v 6 3
v 7 3
v 8 3
v 9 3
v 10 3
v 11 3
v 12 3
v 13 3
v 14 3
v 15 3
v 16 3
v 17 3
v 18 3
v 19 4
v 20 4
v 21 4
v 22 4
v 23 4
v 24 4
v 25 4
v 26 4
v 27 4
v 28 4
v 29 4
v 30 4
v 31 4
v 32 4
v 33 4
e 0 16 1
e 1 13 2
e 2 6 1
e 2 13 1
e 2 28 1
e 3 12 1
e 3 13 1
e 3 29 1
e 4 5 2
e 4 7 1
e 4 10 1
e 5 8 1
e 5 11 1
e 6 7 2
e 6 9 1
e 7 19 1
e 8 9 2
e 8 20 1
e 9 21 1
e 10 22 1
e 10 23 1
e 10 24 1
e 11 25 1
e 11 26 1
e 11 27 1
e 12 14 2
e 12 15 1
e 14 16 1
e 14 30 1
e 15 17 2
e 15 31 1
e 16 18 2
e 17 18 1
e 17 32 1
e 18 33 1
t # 44644
v 0 12
v 1 1
v 2 2
v 3 2
v 4 3
v 5 3
v 6 3
v 7 3
v 8 3
v 9 3
v 10 3
v 11 3
v 12 3
v 13 3
v 14 3
v 15 3
v 16 3
v 17 3
v 18 3
v 19 4
v 20 4
v 21 4
v 22 4
v 23 4
v 24 4
v 25 4
v 26 4
v 27 4
v 28 4
v 29 4
v 30 4
v 31 4
v 32 4
v 33 4
e 0 16 1
e 1 12 2
e 2 4 1
e 2 12 1
e 2 21 1
e 3 12 1
e 3 13 1
e 3 29 1
e 4 5 2
e 4 6 1
e 5 7 1
e 5 10 1
e 6 8 2
e 6 11 1
e 7 9 2
e 7 19 1
e 8 9 1
e 8 20 1
e 9 22 1
e 10 23 1
e 10 24 1
e 10 25 1
e 11 26 1
e 11 27 1
e 11 28 1
e 13 14 2
e 13 15 1
e 14 16 1
e 14 30 1
e 15 17 2
e 15 31 1
e 16 18 2
e 17 18 1
e 17 32 1
e 18 33 1
t # 44645
v 0 12
v 1 1
v 2 2
v 3 2
v 4 3
v 5 3
v 6 3
v 7 3
v 8 3
v 9 3
v 10 3
v 11 3
v 12 3
v 13 3
v 14 3
v 15 3
v 16 3
v 17 3
v 18 3
v 19 3
v 20 4
v 21 4
v 22 4
v 23 4
v 24 4
v 25 4
v 26 4
v 27 4
v 28 4
v 29 4
v 30 4
v 31 4
v 32 4
v 33 4
v 34 4
v 35 4
v 36 4
e 0 17 1
e 1 13 2
e 2 4 1
e 2 13 1
e 2 22 1
e 3 13 1
e 3 14 1
e 3 32 1
e 4 5 2
e 4 6 1
e 5 8 1
e 5 10 1
e 6 9 2
e 6 11 1
e 7 8 2
e 7 9 1
e 7 12 1
e 8 20 1
e 9 21 1
e 10 23 1
e 10 24 1
e 10 25 1
e 11 26 1
e 11 27 1
e 11 28 1
e 12 29 1
e 12 30 1
e 12 31 1
e 14 15 2
e 14 16 1
e 15 17 1
e 15 33 1
e 16 18 2
e 16 34 1
e 17 19 2
e 18 19 1
e 18 35 1
e 19 36 1
t # 44646
v 0 12
v 1 1
v 2 2
v 3 2
v 4 3
v 5 3
v 6 3
v 7 3
v 8 3
v 9 3
v 10 3
v 11 3
v 12 3
v 13 3
v 14 3
v 15 3
v 16 3
v 17 3
v 18 3
v 19 4
v 20 4
v 21 4
v 22 4
v 23 4
v 24 4
v 25 4
v 26 4
v 27 4
v 28 4
v 29 4
v 30 4
v 31 4
v 32 4
v 33 4
e 0 16 1
e 1 12 2
e 2 4 1
e 2 12 1
e 2 22 1
e 3 12 1
e 3 13 1
e 3 29 1
e 4 5 2
e 4 7 1
e 5 8 1
e 5 10 1
e 6 7 2
e 6 9 1
e 6 11 1
e 7 19 1
e 8 9 2
e 8 20 1
e 9 21 1
e 10 23 1
e 10 24 1
e 10 25 1
e 11 26 1
e 11 27 1
e 11 28 1
e 13 14 2
e 13 15 1
e 14 16 1
e 14 30 1
e 15 17 2
e 15 31 1
e 16 18 2
e 17 18 1
e 17 32 1
e 18 33 1
t # 44647
v 0 12
v 1 1
v 2 2
v 3 2
v 4 3
v 5 3
v 6 3
v 7 3
v 8 3
v 9 3
v 10 3
v 11 3
v 12 3
v 13 3
v 14 3
v 15 3
v 16 3
v 17 3
v 18 3
v 19 4
v 20 4
v 21 4
v 22 4
v 23 4
v 24 4
v 25 4
v 26 4
v 27 4
v 28 4
v 29 4
v 30 4
v 31 4
v 32 4
v 33 4
e 0 16 1
e 1 13 2
e 2 6 1
e 2 13 1
e 2 28 1
e 3 12 1
e 3 13 1
e 3 29 1
e 4 5 1
e 4 7 2
e 4 8 1
e 5 11 1
e 5 19 1
e 5 20 1
e 6 9 2
e 6 10 1
e 7 9 1
e 7 21 1
e 8 10 2
e 8 22 1
e 9 23 1
e 10 24 1
e 11 25 1
e 11 26 1
e 11 27 1
e 12 14 2
e 12 15 1
e 14 16 1
e 14 30 1
e 15 17 2
e 15 31 1
e 16 18 2
e 17 18 1
e 17 32 1
e 18 33 1
t # 44648
v 0 1
v 1 2
v 2 2
v 3 3
v 4 3
v 5 3
v 6 3
v 7 3
v 8 3
v 9 3
v 10 3
v 11 3
v 12 3
v 13 3
v 14 3
v 15 3
v 16 4
v 17 4
v 18 4
v 19 4
v 20 4
v 21 4
v 22 4
v 23 4
v 24 4
v 25 4
v 26 4
v 27 4
v 28 4
v 29 4
v 30 4
v 31 4
v 32 4
v 33 4
v 34 4
v 35 4
e 0 11 2
e 1 4 1
e 1 11 1
e 1 22 1
e 2 6 1
e 2 11 1
e 2 27 1
e 3 4 1
e 3 5 1
e 3 16 1
e 3 17 1
e 4 18 1
e 4 19 1
e 5 8 1
e 5 20 1
e 5 21 1
e 6 7 2
e 6 9 1
e 7 12 1
e 7 14 1
e 8 23 1
e 8 24 1
e 8 25 1
e 9 10 2
e 9 26 1
e 10 13 1
e 10 15 1
e 12 13 2
e 12 28 1
e 13 29 1
e 14 30 1
e 14 31 1
e 14 32 1
e 15 33 1
e 15 34 1
e 15 35 1
t # 44649
v 0 1
v 1 2
v 2 2
v 3 3
v 4 3
v 5 3
v 6 3
v 7 3
v 8 3
v 9 3
v 10 3
v 11 3
v 12 3
v 13 3
v 14 3
v 15 3
v 16 4
v 17 4
v 18 4
v 19 4
v 20 4
v 21 4
v 22 4
v 23 4
v 24 4
v 25 4
v 26 4
v 27 4
v 28 4
v 29 4
v 30 4
v 31 4
v 32 4
v 33 4
v 34 4
v 35 4
e 0 10 2
e 1 4 1
e 1 10 1
e 1 22 1
e 2 7 1
e 2 10 1
e 2 26 1
e 3 4 1
e 3 5 1
e 3 16 1
e 3 17 1
e 4 18 1
e 4 19 1
e 5 9 1
e 5 20 1
e 5 21 1
e 6 7 1
e 6 8 2
e 6 13 1
e 7 11 2
e 8 12 1
e 8 15 1
e 9 23 1
e 9 24 1
e 9 25 1
e 11 14 1
e 11 27 1
e 12 14 2
e 12 28 1
e 13 29 1
e 13 30 1
e 13 31 1
e 14 32 1
e 15 33 1
e 15 34 1
e 15 35 1
t # 44650
v 0 1
v 1 2
v 2 2
v 3 3
v 4 3
v 5 3
v 6 3
v 7 3
v 8 3
v 9 3
v 10 3
v 11 3
v 12 3
v 13 3
v 14 3
v 15 3
v 16 4
v 17 4
v 18 4
v 19 4
v 20 4
v 21 4
v 22 4
v 23 4
v 24 4
v 25 4
v 26 4
v 27 4
v 28 4
v 29 4
v 30 4
v 31 4
v 32 4
v 33 4
v 34 4
v 35 4
e 0 10 2
e 1 4 1
e 1 10 1
e 1 22 1
e 2 8 1
e 2 10 1
e 2 32 1
e 3 4 1
e 3 5 1
e 3 16 1
e 3 17 1
e 4 18 1
e 4 19 1
e 5 7 1
e 5 20 1
e 5 21 1
e 6 9 1
e 6 11 2
e 6 12 1
e 7 23 1
e 7 24 1
e 7 25 1
e 8 13 2
e 8 14 1
e 9 15 1
e 9 26 1
e 9 27 1
e 11 13 1
e 11 28 1
e 12 14 2
e 12 29 1
e 13 30 1
e 14 31 1
e 15 33 1
e 15 34 1
e 15 35 1
t # 44651
v 0 1
v 1 2
v 2 2
v 3 3
v 4 3
v 5 3
v 6 3
v 7 3
v 8 3
v 9 3
v 10 3
v 11 3
v 12 3
v 13 3
v 14 3
v 15 3
v 16 3
v 17 3
v 18 4
v 19 4
v 20 4
v 21 4
v 22 4
v 23 4
v 24 4
v 25 4
v 26 4
v 27 4
v 28 4
v 29 4
v 30 4
v 31 4
v 32 4
v 33 4
e 0 11 2
e 1 3 1
e 1 11 1
e 1 21 1
e 2 11 1
e 2 12 1
e 2 28 1
e 3 4 2
e 3 6 1
e 4 7 1
e 4 9 1
e 5 6 2
e 5 8 1
e 5 10 1
e 6 18 1
e 7 8 2
e 7 19 1
e 8 20 1
e 9 22 1
e 9 23 1
e 9 24 1
e 10 25 1
e 10 26 1
e 10 27 1
e 12 13 2
e 12 14 1
e 13 15 1
e 13 29 1
e 14 16 2
e 14 30 1
e 15 17 2
e 15 31 1
e 16 17 1
e 16 32 1
e 17 33 1
t # 44652
v 0 1
v 1 2
v 2 2
v 3 3
v 4 3
v 5 3
v 6 3
v 7 3
v 8 3
v 9 3
v 10 3
v 11 3
v 12 3
v 13 3
v 14 3
v 15 3
v 16 3
v 17 3
v 18 4
v 19 4
v 20 4
v 21 4
v 22 4
v 23 4
v 24 4
v 25 4
v 26 4
v 27 4
v 28 4
v 29 4
v 30 4
v 31 4
v 32 4
v 33 4
e 0 11 2
e 1 4 1
e 1 11 1
e 1 23 1
e 2 11 1
e 2 12 1
e 2 28 1
e 3 4 1
e 3 5 2
e 3 8 1
e 4 6 2
e 5 7 1
e 5 10 1
e 6 9 1
e 6 18 1
e 7 9 2
e 7 19 1
e 8 20 1
e 8 21 1
e 8 22 1
e 9 24 1
e 10 25 1
e 10 26 1
e 10 27 1
e 12 13 2
e 12 14 1
e 13 15 1
e 13 29 1
e 14 16 2
e 14 30 1
e 15 17 2
e 15 31 1
e 16 17 1
e 16 32 1
e 17 33 1
t # 44653
v 0 1
v 1 2
v 2 2
v 3 3
v 4 3
v 5 3
v 6 3
v 7 3
v 8 3
v 9 3
v 10 3
v 11 3
v 12 3
v 13 3
v 14 3
v 15 3
v 16 3
v 17 3
v 18 3
v 19 3
v 20 3
v 21 3
v 22 3
v 23 3
v 24 4
v 25 4
v 26 4
v 27 4
v 28 4
v 29 4
v 30 4
v 31 4
v 32 4
v 33 4
v 34 4
v 35 4
v 36 4
v 37 4
v 38 4
v 39 4
v 40 4
v 41 4
v 42 4
v 43 4
v 44 4
v 45 4
v 46 4
v 47 4
v 48 4
v 49 4
v 50 4
v 51 4
v 52 4
v 53 4
v 54 4
v 55 4
v 56 4
v 57 4
v 58 4
v 59 4
e 0 15 2
e 1 13 1
e 1 15 1
e 1 49 1
e 2 15 1
e 2 16 1
e 2 50 1
e 3 4 1
e 3 5 1
e 3 24 1
e 3 25 1
e 4 6 1
e 4 26 1
e 4 27 1
e 5 7 1
e 5 28 1
e 5 29 1
e 6 8 1
e 6 30 1
e 6 31 1
e 7 9 1
e 7 32 1
e 7 33 1
e 8 10 1
e 8 34 1
e 8 35 1
e 9 11 1
e 9 36 1
e 9 37 1
e 10 13 1
e 10 38 1
e 10 39 1
e 11 12 1
e 11 40 1
e 11 41 1
e 12 14 1
e 12 42 1
e 12 43 1
e 13 44 1
e 13 45 1
e 14 46 1
e 14 47 1
e 14 48 1
e 16 17 1
e 16 19 2
e 17 18 2
e 17 20 1
e 18 21 1
e 18 23 1
e 19 22 1
e 19 51 1
e 20 52 1
e 20 53 1
e 20 54 1
e 21 22 2
e 21 55 1
e 22 56 1
e 23 57 1
e 23 58 1
e 23 59 1
t # 44654
v 0 12
v 1 1
v 2 2
v 3 2
v 4 3
v 5 3
v 6 3
v 7 3
v 8 3
v 9 3
v 10 3
v 11 3
v 12 3
v 13 3
v 14 3
v 15 3
v 16 3
v 17 3
v 18 3
v 19 4
v 20 4
v 21 4
v 22 4
v 23 4
v 24 4
v 25 4
v 26 4
v 27 4
v 28 4
v 29 4
v 30 4
v 31 4
v 32 4
v 33 4
e 0 18 1
e 1 12 2
e 2 5 1
e 2 12 1
e 2 24 1
e 3 12 1
e 3 13 1
e 3 29 1
e 4 5 1
e 4 6 2
e 4 9 1
e 5 7 2
e 6 8 1
e 6 11 1
e 7 10 1
e 7 19 1
e 8 10 2
e 8 20 1
e 9 21 1
e 9 22 1
e 9 23 1
e 10 25 1
e 11 26 1
e 11 27 1
e 11 28 1
e 13 14 2
e 13 15 1
e 14 16 1
e 14 30 1
e 15 17 2
e 15 31 1
e 16 18 2
e 16 32 1
e 17 18 1
e 17 33 1
t # 44655
v 0 12
v 1 1
v 2 2
v 3 2
v 4 3
v 5 3
v 6 3
v 7 3
v 8 3
v 9 3
v 10 3
v 11 3
v 12 3
v 13 3
v 14 3
v 15 3
v 16 3
v 17 3
v 18 3
v 19 4
v 20 4
v 21 4
v 22 4
v 23 4
v 24 4
v 25 4
v 26 4
v 27 4
v 28 4
v 29 4
v 30 4
v 31 4
v 32 4
v 33 4
e 0 18 1
e 1 13 2
e 2 6 1
e 2 13 1
e 2 28 1
e 3 12 1
e 3 13 1
e 3 29 1
e 4 5 1
e 4 7 2
e 4 8 1
e 5 11 1
e 5 19 1
e 5 20 1
e 6 9 2
e 6 10 1
e 7 9 1
e 7 21 1
e 8 10 2
e 8 22 1
e 9 23 1
e 10 24 1
e 11 25 1
e 11 26 1
e 11 27 1
e 12 14 2
e 12 15 1
e 14 16 1
e 14 30 1
e 15 17 2
e 15 31 1
e 16 18 2
e 16 32 1
e 17 18 1
e 17 33 1
t # 44656
v 0 1
v 1 2
v 2 2
v 3 3
v 4 3
v 5 3
v 6 3
v 7 3
v 8 3
v 9 3
v 10 3
v 11 3
v 12 3
v 13 3
v 14 3
v 15 3
v 16 3
v 17 3
v 18 3
v 19 3
v 20 3
v 21 3
v 22 4
v 23 4
v 24 4
v 25 4
v 26 4
v 27 4
v 28 4
v 29 4
v 30 4
v 31 4
v 32 4
v 33 4
v 34 4
v 35 4
v 36 4
v 37 4
v 38 4
v 39 4
e 0 17 2
e 1 4 1
e 1 17 1
e 1 24 1
e 2 6 1
e 2 17 1
e 2 28 1
e 3 4 1
e 3 5 1
e 3 11 2
e 4 10 2
e 5 12 1
e 5 14 2
e 6 7 2
e 6 13 1
e 7 9 1
e 7 18 1
e 8 9 2
e 8 15 1
e 8 21 1
e 9 22 1
e 10 16 1
e 10 23 1
e 11 19 1
e 11 25 1
e 12 16 2
e 12 26 1
e 13 15 2
e 13 27 1
e 14 20 1
e 14 29 1
e 15 30 1
e 16 31 1
e 18 32 1
e 18 33 1
e 18 34 1
e 19 20 2
e 19 35 1
e 20 36 1
e 21 37 1
e 21 38 1
e 21 39 1
t # 44657
v 0 12
v 1 14
v 2 14
v 3 14
v 4 1
v 5 2
v 6 2
v 7 3
v 8 3
v 9 3
v 10 3
v 11 3
v 12 3
v 13 3
v 14 3
v 15 3
v 16 3
v 17 3
v 18 3
v 19 3
v 20 3
v 21 4
v 22 4
v 23 4
v 24 4
v 25 4
v 26 4
v 27 4
v 28 4
v 29 4
v 30 4
e 0 10 1
e 4 15 2
e 5 7 1
e 5 15 1
e 5 23 1
e 6 14 1
e 6 15 1
e 6 25 1
e 7 9 1
e 7 10 2
e 8 9 2
e 8 11 1
e 8 13 1
e 9 21 1
e 10 12 1
e 11 12 2
e 11 22 1
e 12 24 1
e 14 16 2
e 14 17 1
e 16 18 1
e 16 26 1
e 17 19 2
e 17 27 1
e 18 20 2
e 18 28 1
e 19 20 1
e 19 29 1
e 20 30 1
t # 44658
v 0 1
v 1 1
v 2 2
v 3 2
v 4 3
v 5 3
v 6 3
v 7 3
v 8 3
v 9 3
v 10 3
v 11 3
v 12 3
v 13 3
v 14 3
v 15 3
v 16 3
v 17 3
v 18 3
v 19 3
v 20 3
v 21 3
v 22 3
v 23 3
v 24 3
v 25 3
v 26 3
v 27 3
v 28 3
v 29 3
v 30 4
v 31 4
v 32 4
v 33 4
v 34 4
v 35 4
v 36 4
v 37 4
v 38 4
v 39 4
v 40 4
v 41 4
v 42 4
v 43 4
v 44 4
v 45 4
v 46 4
v 47 4
v 48 4
v 49 4
v 50 4
v 51 4
v 52 4
v 53 4
v 54 4
v 55 4
v 56 4
v 57 4
e 0 6 2
e 1 7 2
e 2 4 1
e 2 6 1
e 2 8 1
e 3 5 1
e 3 7 1
e 3 9 1
e 4 12 1
e 4 13 1
e 4 30 1
e 5 14 1
e 5 15 1
e 5 31 1
e 6 10 1
e 7 11 1
e 8 20 2
e 8 22 1
e 9 21 2
e 9 23 1
e 10 16 2
e 10 18 1
e 11 17 2
e 11 19 1
e 12 32 1
e 12 33 1
e 12 34 1
e 13 35 1
e 13 36 1
e 13 37 1
e 14 38 1
e 14 39 1
e 14 40 1
e 15 41 1
e 15 42 1
e 15 43 1
e 16 17 1
e 16 44 1
e 17 45 1
e 18 19 2
e 18 46 1
e 19 47 1
e 20 24 1
e 20 48 1
e 21 25 1
e 21 49 1
e 22 26 2
e 22 50 1
e 23 27 2
e 23 51 1
e 24 28 2
e 24 52 1
e 25 29 2
e 25 53 1
e 26 28 1
e 26 54 1
e 27 29 1
e 27 55 1
e 28 56 1
e 29 57 1
t # 44659
v 0 12
v 1 14
v 2 14
v 3 14
v 4 1
v 5 1
v 6 2
v 7 2
v 8 3
v 9 3
v 10 3
v 11 3
v 12 3
v 13 3
v 14 3
v 15 3
v 16 3
v 17 3
v 18 3
v 19 3
v 20 3
v 21 3
v 22 3
v 23 4
v 24 4
v 25 4
v 26 4
v 27 4
v 28 4
v 29 4
v 30 4
v 31 4
v 32 4
v 33 4
v 34 4
e 0 11 1
e 4 19 1
e 4 22 1
e 5 16 2
e 6 8 1
e 6 16 1
e 6 25 1
e 7 12 1
e 7 16 1
e 7 27 1
e 8 10 1
e 8 11 2
e 9 10 2
e 9 13 1
e 9 15 1
e 10 23 1
e 11 14 1
e 12 17 2
e 12 18 1
e 13 14 2
e 13 24 1
e 14 26 1
e 17 20 1
e 17 28 1
e 18 21 2
e 18 29 1
e 19 20 2
e 19 21 1
e 20 30 1
e 21 31 1
e 22 32 1
e 22 33 1
e 22 34 1
t # 44660
v 0 12
v 1 12
v 2 1
v 3 1
v 4 2
v 5 2
v 6 3
v 7 3
v 8 3
v 9 3
v 10 3
v 11 3
v 12 3
v 13 3
v 14 3
v 15 3
v 16 3
v 17 3
v 18 3
v 19 3
v 20 4
v 21 4
v 22 4
v 23 4
v 24 4
v 25 4
v 26 4
v 27 4
v 28 4
v 29 4
v 30 4
v 31 4
e 0 14 1
e 1 16 1
e 2 10 1
e 2 19 1
e 3 11 2
e 4 6 1
e 4 11 1
e 4 20 1
e 5 7 1
e 5 11 1
e 5 23 1
e 6 8 2
e 6 9 1
e 7 14 2
e 7 15 1
e 8 12 1
e 8 21 1
e 9 13 2
e 9 22 1
e 10 12 2
e 10 13 1
e 12 24 1
e 13 25 1
e 14 17 1
e 15 16 2
e 15 26 1
e 16 18 1
e 17 18 2
e 17 27 1
e 18 28 1
e 19 29 1
e 19 30 1
e 19 31 1
t # 44661
v 0 14
v 1 14
v 2 14
v 3 1
v 4 2
v 5 2
v 6 3
v 7 3
v 8 3
v 9 3
v 10 3
v 11 3
v 12 3
v 13 3
v 14 3
v 15 3
v 16 3
v 17 3
v 18 3
v 19 3
v 20 4
v 21 4
v 22 4
v 23 4
v 24 4
v 25 4
v 26 4
v 27 4
v 28 4
v 29 4
v 30 4
v 31 4
v 32 4
v 33 4
v 34 4
v 35 4
v 36 4
e 3 12 2
e 4 6 1
e 4 12 1
e 4 31 1
e 5 12 1
e 5 13 1
e 5 32 1
e 6 7 1
e 6 8 1
e 6 20 1
e 7 9 1
e 7 21 1
e 7 22 1
e 8 10 1
e 8 23 1
e 8 24 1
e 9 11 1
e 9 25 1
e 9 26 1
e 10 11 1
e 10 27 1
e 10 28 1
e 11 29 1
e 11 30 1
e 13 14 1
e 13 15 2
e 14 16 2
e 14 33 1
e 15 17 1
e 15 34 1
e 16 18 1
e 16 19 1
e 17 18 2
e 17 36 1
e 18 35 1
t # 44662
v 0 14
v 1 1
v 2 2
v 3 3
v 4 3
v 5 3
v 6 3
v 7 3
v 8 3
v 9 3
v 10 3
v 11 3
v 12 4
v 13 4
v 14 4
v 15 4
v 16 4
v 17 4
v 18 4
v 19 4
v 20 4
v 21 4
e 1 5 2
e 2 3 1
e 2 5 1
e 2 14 1
e 3 6 2
e 3 7 1
e 4 5 1
e 4 8 1
e 4 12 1
e 4 13 1
e 6 9 1
e 6 15 1
e 7 10 2
e 7 16 1
e 8 17 1
e 8 18 1
e 8 19 1
e 9 11 2
e 9 20 1
e 10 11 1
e 10 21 1
t # 44663
v 0 1
v 1 1
v 2 1
v 3 1
v 4 2
v 5 2
v 6 2
v 7 3
v 8 3
v 9 3
v 10 3
v 11 3
v 12 3
v 13 3
v 14 3
v 15 3
v 16 3
v 17 3
v 18 3
v 19 4
v 20 4
v 21 4
v 22 4
v 23 4
v 24 4
v 25 4
v 26 4
v 27 4
v 28 4
v 29 4
v 30 4
v 31 4
v 32 4
v 33 4
e 0 11 1
e 0 12 1
e 1 9 2
e 2 10 2
e 3 12 2
e 4 7 1
e 4 12 1
e 4 22 1
e 5 9 1
e 5 27 1
e 5 28 1
e 6 10 1
e 6 31 1
e 6 32 1
e 7 8 1
e 7 9 1
e 7 19 1
e 8 10 1
e 8 20 1
e 8 21 1
e 11 13 1
e 11 23 1
e 11 24 1
e 13 14 2
e 13 15 1
e 14 16 1
e 14 25 1
e 15 17 2
e 15 26 1
e 16 18 2
e 16 29 1
e 17 18 1
e 17 30 1
e 18 33 1
t # 44664
v 0 1
v 1 1
v 2 1
v 3 1
v 4 1
v 5 2
v 6 2
v 7 3
v 8 3
v 9 3
v 10 3
v 11 3
v 12 3
v 13 3
v 14 3
v 15 3
v 16 3
v 17 3
v 18 3
v 19 3
v 20 3
v 21 3
v 22 3
v 23 3
v 24 3
v 25 3
v 26 3
v 27 3
v 28 3
v 29 3
v 30 3
v 31 3
v 32 3
v 33 3
v 34 4
v 35 4
v 36 4
v 37 4
v 38 4
v 39 4
v 40 4
v 41 4
v 42 4
v 43 4
v 44 4
v 45 4
v 46 4
v 47 4
v 48 4
v 49 4
v 50 4
v 51 4
v 52 4
v 53 4
v 54 4
v 55 4
v 56 4
v 57 4
v 58 4
v 59 4
v 60 4
v 61 4
e 0 10 1
e 0 16 1
e 1 10 2
e 2 11 2
e 3 23 1
e 3 24 1
e 4 23 2
e 5 7 1
e 5 11 1
e 5 37 1
e 6 15 1
e 6 23 1
e 6 49 1
e 7 8 1
e 7 10 1
e 7 34 1
e 8 9 1
e 8 35 1
e 8 36 1
e 9 13 2
e 9 14 1
e 11 12 1
e 12 15 1
e 12 38 1
e 12 39 1
e 13 17 1
e 13 40 1
e 14 18 2
e 14 41 1
e 15 42 1
e 15 43 1
e 16 20 1
e 16 44 1
e 16 45 1
e 17 19 2
e 17 46 1
e 18 19 1
e 18 47 1
e 19 48 1
e 20 21 2
e 20 22 1
e 21 25 1
e 21 50 1
e 22 26 2
e 22 51 1
e 24 27 1
e 24 52 1
e 24 53 1
e 25 28 2
e 25 54 1
e 26 28 1
e 26 55 1
e 27 29 2
e 27 30 1
e 28 56 1
e 29 31 1
e 29 57 1
e 30 32 2
e 30 58 1
e 31 33 2
e 31 59 1
e 32 33 1
e 32 60 1
e 33 61 1
t # 44665
v 0 1
v 1 1
v 2 1
v 3 1
v 4 1
v 5 2
v 6 2
v 7 3
v 8 3
v 9 3
v 10 3
v 11 3
v 12 3
v 13 3
v 14 3
v 15 3
v 16 3
v 17 3
v 18 3
v 19 3
v 20 3
v 21 3
v 22 3
v 23 3
v 24 3
v 25 3
v 26 3
v 27 3
v 28 3
v 29 3
v 30 3
v 31 3
v 32 3
v 33 3
v 34 4
v 35 4
v 36 4
v 37 4
v 38 4
v 39 4
v 40 4
v 41 4
v 42 4
v 43 4
v 44 4
v 45 4
v 46 4
v 47 4
v 48 4
v 49 4
v 50 4
v 51 4
v 52 4
v 53 4
v 54 4
v 55 4
v 56 4
v 57 4
v 58 4
v 59 4
v 60 4
v 61 4
e 0 12 1
e 0 16 1
e 1 11 2
e 2 12 2
e 3 21 1
e 3 24 1
e 4 21 2
e 5 7 1
e 5 11 1
e 5 37 1
e 6 10 1
e 6 21 1
e 6 44 1
e 7 8 1
e 7 12 1
e 7 34 1
e 8 9 1
e 8 35 1
e 8 36 1
e 9 13 2
e 9 14 1
e 10 11 1
e 10 15 1
e 10 38 1
e 13 17 1
e 13 39 1
e 14 18 2
e 14 40 1
e 15 41 1
e 15 42 1
e 15 43 1
e 16 20 1
e 16 45 1
e 16 46 1
e 17 19 2
e 17 47 1
e 18 19 1
e 18 48 1
e 19 49 1
e 20 22 2
e 20 23 1
e 22 26 1
e 22 50 1
e 23 27 2
e 23 51 1
e 24 25 1
e 24 52 1
e 24 53 1
e 25 29 2
e 25 30 1
e 26 28 2
e 26 54 1
e 27 28 1
e 27 55 1
e 28 56 1
e 29 31 1
e 29 57 1
e 30 32 2
e 30 58 1
e 31 33 2
e 31 59 1
e 32 33 1
e 32 60 1
e 33 61 1
t # 44666
v 0 1
v 1 1
v 2 1
v 3 1
v 4 1
v 5 1
v 6 2
v 7 2
v 8 3
v 9 3
v 10 3
v 11 3
v 12 3
v 13 3
v 14 3
v 15 3
v 16 3
v 17 3
v 18 3
v 19 3
v 20 3
v 21 3
v 22 3
v 23 3
v 24 4
v 25 4
v 26 4
v 27 4
v 28 4
v 29 4
v 30 4
v 31 4
v 32 4
v 33 4
v 34 4
v 35 4
v 36 4
v 37 4
v 38 4
v 39 4
v 40 4
v 41 4
v 42 4
v 43 4
e 0 13 1
e 0 14 1
e 1 12 1
e 1 18 1
e 2 12 2
e 3 13 2
e 6 8 1
e 6 11 1
e 6 13 1
e 7 23 1
e 8 9 1
e 8 12 1
e 8 24 1
e 9 10 1
e 9 25 1
e 9 26 1
e 10 11 1
e 10 27 1
e 10 28 1
e 11 29 1
e 11 30 1
e 14 15 1
e 14 16 1
e 14 17 1
e 15 31 1
e 15 32 1
e 15 33 1
e 16 34 1
e 16 35 1
e 16 36 1
e 17 37 1
e 17 38 1
e 17 39 1
e 18 19 2
e 18 20 1
e 19 21 1
e 19 40 1
e 20 22 2
e 20 41 1
e 21 23 2
e 21 42 1
e 22 23 1
e 22 43 1
t # 44667
v 0 1
v 1 1
v 2 1
v 3 1
v 4 1
v 5 1
v 6 2
v 7 2
v 8 3
v 9 3
v 10 3
v 11 3
v 12 3
v 13 3
v 14 3
v 15 3
v 16 3
v 17 3
v 18 3
v 19 3
v 20 3
v 21 3
v 22 3
v 23 3
v 24 4
v 25 4
v 26 4
v 27 4
v 28 4
v 29 4
v 30 4
v 31 4
v 32 4
v 33 4
v 34 4
v 35 4
v 36 4
v 37 4
v 38 4
v 39 4
v 40 4
v 41 4
v 42 4
v 43 4
v 44 4
v 45 4
v 46 4
v 47 4
v 48 4
v 49 4
v 50 4
v 51 4
v 52 4
v 53 4
e 0 13 1
e 0 16 1
e 1 14 1
e 1 23 1
e 2 15 1
e 2 53 1
e 3 15 2
e 4 16 2
e 5 23 2
e 6 10 1
e 6 16 1
e 6 33 1
e 7 12 1
e 7 23 1
e 7 34 1
e 8 9 1
e 8 10 1
e 8 24 1
e 8 25 1
e 9 11 1
e 9 26 1
e 9 27 1
e 10 15 1
e 10 28 1
e 11 12 1
e 11 29 1
e 11 30 1
e 12 31 1
e 12 32 1
e 13 17 1
e 13 18 1
e 13 19 1
e 14 20 1
e 14 21 1
e 14 22 1
e 17 35 1
e 17 36 1
e 17 37 1
e 18 38 1
e 18 39 1
e 18 40 1
e 19 41 1
e 19 42 1
e 19 43 1
e 20 44 1
e 20 45 1
e 20 46 1
e 21 47 1
e 21 48 1
e 21 49 1
e 22 50 1
e 22 51 1
e 22 52 1
t # 44668
v 0 11
v 1 11
v 2 1
v 3 1
v 4 1
v 5 1
v 6 1
v 7 1
v 8 1
v 9 1
v 10 2
v 11 2
v 12 3
v 13 3
v 14 3
v 15 3
v 16 3
v 17 3
v 18 3
v 19 3
v 20 3
v 21 3
v 22 3
v 23 3
v 24 3
v 25 3
v 26 3
v 27 3
v 28 4
v 29 4
v 30 4
v 31 4
v 32 4
v 33 4
v 34 4
v 35 4
v 36 4
v 37 4
v 38 4
v 39 4
v 40 4
v 41 4
v 42 4
v 43 4
v 44 4
v 45 4
v 46 4
v 47 4
v 48 4
v 49 4
v 50 4
v 51 4
v 52 4
v 53 4
v 54 4
v 55 4
e 0 22 1
e 1 23 1
e 2 12 1
e 2 24 1
e 3 13 1
e 3 25 1
e 4 24 2
e 5 25 2
e 6 26 1
e 6 54 1
e 7 27 1
e 7 55 1
e 8 26 2
e 9 27 2
e 10 20 1
e 10 24 1
e 10 52 1
e 11 21 1
e 11 25 1
e 11 53 1
e 12 14 1
e 12 15 1
e 12 16 1
e 13 17 1
e 13 18 1
e 13 19 1
e 14 28 1
e 14 29 1
e 14 30 1
e 15 31 1
e 15 32 1
e 15 33 1
e 16 34 1
e 16 35 1
e 16 36 1
e 17 37 1
e 17 38 1
e 17 39 1
e 18 40 1
e 18 41 1
e 18 42 1
e 19 43 1
e 19 44 1
e 19 45 1
e 20 22 1
e 20 26 1
e 20 46 1
e 21 23 1
e 21 27 1
e 21 47 1
e 22 48 1
e 22 49 1
e 23 50 1
e 23 51 1
t # 44669
v 0 2
v 1 2
v 2 2
v 3 3
v 4 3
v 5 3
v 6 3
v 7 3
v 8 3
v 9 3
v 10 3
v 11 3
v 12 3
v 13 3
v 14 3
v 15 3
v 16 3
v 17 3
v 18 3
v 19 3
v 20 3
v 21 3
v 22 3
v 23 3
v 24 3
v 25 3
v 26 3
v 27 3
v 28 3
v 29 4
v 30 4
v 31 4
v 32 4
v 33 4
v 34 4
v 35 4
v 36 4
v 37 4
v 38 4
v 39 4
v 40 4
v 41 4
v 42 4
v 43 4
v 44 4
v 45 4
v 46 4
v 47 4
v 48 4
v 49 4
v 50 4
v 51 4
v 52 4
v 53 4
e 0 3 1
e 0 6 1
e 0 9 1
e 1 12 1
e 1 21 1
e 1 45 1
e 2 18 2
e 2 22 1
e 3 4 2
e 3 7 1
e 4 5 1
e 4 8 1
e 5 6 1
e 5 13 2
e 6 14 2
e 7 10 2
e 7 15 1
e 8 11 2
e 8 16 1
e 9 12 1
e 9 29 1
e 9 30 1
e 10 11 1
e 10 17 1
e 11 18 1
e 12 31 1
e 12 32 1
e 13 19 1
e 13 34 1
e 14 20 1
e 14 33 1
e 15 35 1
e 15 36 1
e 15 37 1
e 16 38 1
e 16 39 1
e 16 40 1
e 17 22 2
e 17 41 1
e 18 42 1
e 19 20 2
e 19 44 1
e 20 43 1
e 21 23 1
e 21 46 1
e 21 47 1
e 22 48 1
e 23 24 2
e 23 25 1
e 24 26 1
e 24 49 1
e 25 27 2
e 25 50 1
e 26 28 2
e 26 51 1
e 27 28 1
e 27 52 1
e 28 53 1
t # 44670
v 0 2
v 1 2
v 2 3
v 3 3
v 4 3
v 5 3
v 6 3
v 7 3
v 8 3
v 9 3
v 10 3
v 11 3
v 12 4
v 13 4
v 14 4
v 15 4
v 16 4
v 17 4
v 18 4
v 19 4
v 20 4
v 21 4
v 22 4
v 23 4
v 24 4
v 25 4
v 26 4
v 27 4
e 0 8 1
e 0 24 1
e 0 25 1
e 1 9 1
e 1 26 1
e 1 27 1
e 2 4 2
e 2 6 1
e 2 8 1
e 3 5 1
e 3 6 2
e 3 9 1
e 4 7 1
e 4 10 1
e 5 7 2
e 5 11 1
e 6 12 1
e 7 13 1
e 8 14 1
e 8 15 1
e 9 16 1
e 9 17 1
e 10 18 1
e 10 19 1
e 10 20 1
e 11 21 1
e 11 22 1
e 11 23 1
t # 44671
v 0 1
v 1 1
v 2 3
v 3 3
v 4 3
v 5 3
v 6 3
v 7 3
v 8 3
v 9 3
v 10 3
v 11 3
v 12 4
v 13 4
v 14 4
v 15 4
v 16 4
v 17 4
v 18 4
v 19 4
v 20 4
v 21 4
v 22 4
v 23 4
v 24 4
v 25 4
v 26 4
v 27 4
e 0 10 1
e 0 27 1
e 1 10 2
e 2 3 1
e 2 4 1
e 2 8 2
e 3 7 1
e 3 10 1
e 3 12 1
e 4 5 1
e 4 13 1
e 4 14 1
e 5 6 1
e 5 15 1
e 5 16 1
e 6 8 1
e 6 17 1
e 6 18 1
e 7 9 1
e 7 19 1
e 7 20 1
e 8 21 1
e 9 11 1
e 9 22 1
e 9 23 1
e 11 24 1
e 11 25 1
e 11 26 1
t # 44672
v 0 12
v 1 12
v 2 12
v 3 12
v 4 1
v 5 1
v 6 1
v 7 1
v 8 1
v 9 1
v 10 3
v 11 3
v 12 3
v 13 3
v 14 3
v 15 3
v 16 3
v 17 3
v 18 3
v 19 3
v 20 3
v 21 3
v 22 4
v 23 4
v 24 4
v 25 4
e 0 10 1
e 1 11 1
e 2 16 1
e 3 17 1
e 4 18 1
e 4 20 1
e 5 19 1
e 5 21 1
e 6 18 2
e 7 19 2
e 8 20 2
e 9 21 2
e 10 12 1
e 10 13 1
e 10 16 1
e 11 14 1
e 11 15 1
e 11 17 1
e 12 14 1
e 12 18 1
e 12 22 1
e 13 15 1
e 13 19 1
e 13 23 1
e 14 20 1
e 14 24 1
e 15 21 1
e 15 25 1
e 16 17 2
t # 44673
v 0 11
v 1 1
v 2 1
v 3 1
v 4 3
v 5 3
v 6 3
v 7 3
v 8 3
v 9 3
v 10 3
v 11 3
v 12 3
v 13 4
v 14 4
v 15 4
v 16 4
v 17 4
v 18 4
v 19 4
v 20 4
v 21 4
v 22 4
v 23 4
v 24 4
e 0 2 2
e 0 3 2
e 0 4 1
e 1 24 1
e 4 5 2
e 4 8 1
e 5 9 1
e 5 10 1
e 6 7 1
e 6 8 2
e 6 11 1
e 7 9 2
e 7 12 1
e 8 13 1
e 9 14 1
e 10 15 1
e 10 16 1
e 10 17 1
e 11 18 1
e 11 19 1
e 11 20 1
e 12 21 1
e 12 22 1
e 12 23 1
t # 44674
v 0 11
v 1 1
v 2 1
v 3 1
v 4 1
v 5 1
v 6 2
v 7 2
v 8 3
v 9 3
v 10 3
v 11 3
v 12 3
v 13 3
v 14 4
v 15 4
v 16 4
v 17 4
v 18 4
v 19 4
v 20 4
v 21 4
v 22 4
v 23 4
e 0 4 2
e 0 5 2
e 1 13 2
e 2 22 1
e 3 23 1
e 6 8 1
e 6 13 1
e 6 15 1
e 7 10 2
e 7 13 1
e 8 9 2
e 8 11 1
e 9 10 1
e 9 14 1
e 10 12 1
e 11 16 1
e 11 17 1
e 11 18 1
e 12 19 1
e 12 20 1
e 12 21 1
t # 44675
v 0 11
v 1 3
v 2 3
v 3 3
v 4 3
v 5 3
v 6 3
v 7 3
v 8 4
v 9 4
v 10 4
v 11 4
v 12 4
v 13 4
v 14 4
v 15 4
v 16 4
v 17 4
v 18 4
v 19 4
v 20 4
v 21 4
v 22 4
v 23 4
e 0 2 1
e 0 4 1
e 1 2 1
e 1 3 1
e 1 8 1
e 1 9 1
e 2 10 1
e 2 11 1
e 3 6 1
e 3 12 1
e 3 13 1
e 4 5 1
e 4 14 1
e 4 15 1
e 5 7 1
e 5 16 1
e 5 17 1
e 6 18 1
e 6 19 1
e 6 20 1
e 7 21 1
e 7 22 1
e 7 23 1
t # 44676
v 0 2
v 1 2
v 2 2
v 3 2
v 4 3
v 5 3
v 6 3
v 7 3
v 8 3
v 9 3
v 10 3
v 11 3
v 12 3
v 13 3
v 14 3
v 15 3
v 16 3
v 17 3
v 18 3
v 19 3
v 20 3
v 21 3
v 22 4
v 23 4
v 24 4
v 25 4
v 26 4
v 27 4
v 28 4
v 29 4
v 30 4
v 31 4
v 32 4
v 33 4
v 34 4
v 35 4
v 36 4
v 37 4
v 38 4
v 39 4
e 0 4 1
e 0 6 1
e 0 22 1
e 1 5 1
e 1 7 1
e 1 23 1
e 2 6 2
e 2 8 1
e 3 7 2
e 3 9 1
e 4 8 2
e 4 14 1
e 5 9 2
e 5 15 1
e 6 7 1
e 8 16 1
e 9 17 1
e 10 12 1
e 10 14 2
e 10 18 1
e 11 13 1
e 11 15 2
e 11 19 1
e 12 16 2
e 12 20 1
e 13 17 2
e 13 21 1
e 14 24 1
e 15 25 1
e 16 26 1
e 17 27 1
e 18 28 1
e 18 29 1
e 18 30 1
e 19 31 1
e 19 32 1
e 19 33 1
e 20 34 1
e 20 35 1
e 20 36 1
e 21 37 1
e 21 38 1
e 21 39 1
t # 44677
v 0 2
v 1 2
v 2 2
v 3 2
v 4 2
v 5 3
v 6 3
v 7 3
v 8 3
v 9 3
v 10 3
v 11 3
v 12 3
v 13 4
v 14 4
v 15 4
v 16 4
v 17 4
v 18 4
v 19 4
v 20 4
v 21 4
e 0 5 1
e 0 7 1
e 0 15 1
e 1 4 1
e 1 7 1
e 1 18 1
e 2 7 2
e 2 12 1
e 3 9 1
e 3 11 2
e 4 12 2
e 5 6 1
e 5 13 1
e 5 14 1
e 6 8 1
e 6 9 2
e 8 10 2
e 8 16 1
e 9 17 1
e 10 11 1
e 10 19 1
e 11 20 1
e 12 21 1
t # 44678
v 0 1
v 1 1
v 2 2
v 3 2
v 4 3
v 5 3
v 6 3
v 7 3
v 8 3
v 9 3
v 10 3
v 11 3
v 12 4
v 13 4
v 14 4
v 15 4
v 16 4
v 17 4
v 18 4
v 19 4
v 20 4
v 21 4
v 22 4
v 23 4
v 24 4
v 25 4
e 0 8 2
e 1 11 2
e 2 4 1
e 2 7 1
e 2 8 1
e 3 11 1
e 3 24 1
e 3 25 1
e 4 5 1
e 4 12 1
e 4 13 1
e 5 6 1
e 5 14 1
e 5 15 1
e 6 8 1
e 6 16 1
e 6 17 1
e 7 9 1
e 7 18 1
e 7 19 1
e 9 10 1
e 9 20 1
e 9 21 1
e 10 11 1
e 10 22 1
e 10 23 1
t # 44679
v 0 11
v 1 3
v 2 3
v 3 3
v 4 3
v 5 3
v 6 3
v 7 3
v 8 3
v 9 3
v 10 3
v 11 3
v 12 3
v 13 3
v 14 3
v 15 3
v 16 3
v 17 3
v 18 3
v 19 4
v 20 4
v 21 4
v 22 4
v 23 4
v 24 4
v 25 4
v 26 4
v 27 4
v 28 4
v 29 4
v 30 4
e 0 7 1
e 0 9 1
e 1 2 1
e 1 3 1
e 1 9 2
e 2 5 2
e 2 8 1
e 3 7 1
e 3 11 2
e 4 5 1
e 4 6 1
e 4 12 2
e 5 19 1
e 6 10 1
e 6 14 2
e 7 13 2
e 8 10 2
e 8 20 1
e 9 21 1
e 10 22 1
e 11 15 1
e 11 23 1
e 12 17 1
e 12 24 1
e 13 16 1
e 13 25 1
e 14 18 1
e 14 26 1
e 15 16 2
e 15 27 1
e 16 28 1
e 17 18 2
e 17 29 1
e 18 30 1
t # 44680
v 0 2
v 1 3
v 2 3
v 3 3
v 4 3
v 5 3
v 6 3
v 7 3
v 8 3
v 9 3
v 10 3
v 11 3
v 12 3
v 13 4
v 14 4
v 15 4
v 16 4
v 17 4
v 18 4
v 19 4
v 20 4
v 21 4
v 22 4
v 23 4
v 24 4
v 25 4
v 26 4
v 27 4
e 0 4 1
e 0 5 1
e 0 15 1
e 1 2 1
e 1 3 1
e 1 4 2
e 2 6 1
e 2 13 1
e 2 14 1
e 3 5 1
e 3 7 2
e 4 8 1
e 5 9 2
e 6 10 1
e 6 16 1
e 6 17 1
e 7 11 1
e 7 18 1
e 8 19 1
e 8 20 1
e 8 21 1
e 9 12 1
e 9 22 1
e 10 23 1
e 10 24 1
e 10 25 1
e 11 12 2
e 11 26 1
e 12 27 1
t # 44681
v 0 1
v 1 1
v 2 1
v 3 1
v 4 1
v 5 1
v 6 1
v 7 3
v 8 3
v 9 3
v 10 3
v 11 3
v 12 3
v 13 3
v 14 4
v 15 4
v 16 4
v 17 4
v 18 4
v 19 4
v 20 4
v 21 4
v 22 4
v 23 4
v 24 4
v 25 4
e 0 7 1
e 0 19 1
e 1 8 1
e 1 20 1
e 2 9 1
e 2 21 1
e 3 10 1
e 3 22 1
e 4 11 2
e 5 12 1
e 5 13 1
e 6 12 2
e 7 8 1
e 7 9 1
e 7 14 1
e 8 10 1
e 8 15 1
e 9 11 1
e 9 16 1
e 10 17 1
e 10 18 1
e 11 12 1
e 13 23 1
e 13 24 1
e 13 25 1
t # 44682
v 0 2
v 1 2
v 2 3
v 3 3
v 4 3
v 5 3
v 6 3
v 7 3
v 8 3
v 9 3
v 10 3
v 11 3
v 12 3
v 13 3
v 14 3
v 15 3
v 16 3
v 17 3
v 18 3
v 19 3
v 20 3
v 21 3
v 22 3
v 23 4
v 24 4
v 25 4
v 26 4
v 27 4
v 28 4
v 29 4
v 30 4
v 31 4
v 32 4
v 33 4
v 34 4
v 35 4
v 36 4
e 0 6 2
e 0 8 1
e 1 7 2
e 1 9 1
e 2 3 1
e 2 4 1
e 2 10 2
e 3 5 1
e 3 11 2
e 4 6 1
e 4 12 2
e 5 7 1
e 5 13 2
e 6 7 1
e 8 9 2
e 8 14 1
e 9 19 1
e 10 15 1
e 10 23 1
e 11 17 1
e 11 24 1
e 12 16 1
e 12 25 1
e 13 18 1
e 13 26 1
e 14 20 2
e 14 27 1
e 15 16 2
e 15 28 1
e 16 29 1
e 17 18 2
e 17 30 1
e 18 31 1
e 19 21 2
e 19 32 1
e 20 21 1
e 20 22 1
e 21 33 1
e 22 34 1
e 22 35 1
e 22 36 1
t # 44683
v 0 1
v 1 1
v 2 1
v 3 2
v 4 3
v 5 3
v 6 3
v 7 3
v 8 3
v 9 3
v 10 3
v 11 4
v 12 4
v 13 4
v 14 4
v 15 4
v 16 4
v 17 4
v 18 4
v 19 4
v 20 4
v 21 4
v 22 4
v 23 4
v 24 4
v 25 4
e 0 6 1
e 0 20 1
e 1 8 1
e 1 9 1
e 2 8 2
e 3 4 1
e 3 8 1
e 3 16 1
e 4 5 1
e 4 6 1
e 4 11 1
e 5 7 1
e 5 12 1
e 5 13 1
e 6 14 1
e 6 15 1
e 7 17 1
e 7 18 1
e 7 19 1
e 9 10 1
e 9 21 1
e 9 22 1
e 10 23 1
e 10 24 1
e 10 25 1
t # 44684
v 0 1
v 1 1
v 2 3
v 3 3
v 4 3
v 5 3
v 6 3
v 7 3
v 8 3
v 9 3
v 10 4
v 11 4
v 12 4
v 13 4
v 14 4
v 15 4
v 16 4
v 17 4
v 18 4
v 19 4
v 20 4
v 21 4
v 22 4
v 23 4
e 0 9 1
e 0 23 1
e 1 9 2
e 2 3 1
e 2 4 1
e 2 10 1
e 2 11 1
e 3 5 1
e 3 8 2
e 4 6 1
e 4 12 1
e 4 13 1
e 5 7 1
e 5 14 1
e 5 15 1
e 6 16 1
e 6 17 1
e 6 18 1
e 7 19 1
e 7 20 1
e 7 21 1
e 8 9 1
e 8 22 1
t # 44685
v 0 1
v 1 1
v 2 1
v 3 1
v 4 1
v 5 1
v 6 1
v 7 1
v 8 1
v 9 2
v 10 2
v 11 2
v 12 2
v 13 2
v 14 3
v 15 3
v 16 3
v 17 3
v 18 3
v 19 3
v 20 3
v 21 3
v 22 3
v 23 3
v 24 3
v 25 3
v 26 3
v 27 3
v 28 3
v 29 3
v 30 3
v 31 3
v 32 4
v 33 4
v 34 4
v 35 4
v 36 4
v 37 4
v 38 4
v 39 4
v 40 4
v 41 4
v 42 4
e 0 17 1
e 0 21 1
e 9 14 1
e 9 15 1
e 9 32 1
e 10 16 1
e 11 25 1
e 12 26 1
e 13 30 1
e 14 16 2
e 14 20 1
e 15 18 2
e 15 19 1
e 16 24 1
e 17 22 2
e 17 23 1
e 18 22 1
e 18 33 1
e 19 23 2
e 19 34 1
e 20 27 2
e 20 35 1
e 21 26 2
e 21 28 1
e 22 36 1
e 23 37 1
e 24 25 2
e 24 38 1
e 25 27 1
e 26 29 1
e 27 39 1
e 28 31 2
e 28 40 1
e 29 30 2
e 29 41 1
e 30 31 1
e 31 42 1
t # 44686
v 0 1
v 1 2
v 2 2
v 3 3
v 4 3
v 5 3
v 6 3
v 7 3
v 8 3
v 9 3
v 10 3
v 11 3
v 12 3
v 13 4
v 14 4
v 15 4
v 16 4
v 17 4
v 18 4
v 19 4
v 20 4
v 21 4
v 22 4
v 23 4
v 24 4
e 0 12 1
e 0 24 1
e 1 3 1
e 1 9 1
e 1 15 1
e 2 4 1
e 2 9 2
e 3 4 2
e 3 7 1
e 4 8 1
e 5 6 1
e 5 7 2
e 5 10 1
e 6 8 2
e 6 11 1
e 7 13 1
e 8 14 1
e 9 12 1
e 10 16 1
e 10 17 1
e 10 18 1
e 11 19 1
e 11 20 1
e 11 21 1
e 12 22 1
e 12 23 1
t # 44687
v 0 12
v 1 12
v 2 1
v 3 2
v 4 3
v 5 3
v 6 3
v 7 3
v 8 3
v 9 3
v 10 4
v 11 4
v 12 4
v 13 4
v 14 4
v 15 4
v 16 4
v 17 4
v 18 4
v 19 4
v 20 4
e 0 9 1
e 1 9 1
e 2 8 2
e 3 4 1
e 3 8 1
e 3 19 1
e 4 5 1
e 4 6 1
e 4 7 1
e 5 10 1
e 5 11 1
e 5 12 1
e 6 13 1
e 6 14 1
e 6 15 1
e 7 16 1
e 7 17 1
e 7 18 1
e 8 9 1
e 9 20 1
t # 44688
v 0 1
v 1 1
v 2 1
v 3 1
v 4 2
v 5 2
v 6 3
v 7 3
v 8 3
v 9 3
v 10 3
v 11 3
v 12 3
v 13 3
v 14 3
v 15 3
v 16 3
v 17 3
v 18 3
v 19 3
v 20 3
v 21 4
v 22 4
v 23 4
v 24 4
v 25 4
v 26 4
v 27 4
v 28 4
v 29 4
v 30 4
v 31 4
v 32 4
v 33 4
v 34 4
v 35 4
v 36 4
v 37 4
v 38 4
e 0 10 2
e 1 11 1
e 1 14 1
e 2 11 2
e 3 12 2
e 4 5 1
e 4 6 1
e 4 11 1
e 5 10 1
e 5 12 1
e 6 7 1
e 6 8 1
e 6 9 1
e 7 10 1
e 7 21 1
e 7 22 1
e 8 23 1
e 8 24 1
e 8 25 1
e 9 26 1
e 9 27 1
e 9 28 1
e 12 13 1
e 13 15 2
e 13 16 1
e 14 19 1
e 14 29 1
e 14 30 1
e 15 17 1
e 15 31 1
e 16 18 2
e 16 32 1
e 17 20 2
e 17 33 1
e 18 20 1
e 18 34 1
e 19 35 1
e 19 36 1
e 19 37 1
e 20 38 1
t # 44689
v 0 11
v 1 1
v 2 1
v 3 1
v 4 2
v 5 3
v 6 3
v 7 3
v 8 3
v 9 3
v 10 3
v 11 3
v 12 3
v 13 3
v 14 3
v 15 3
v 16 3
v 17 3
v 18 3
v 19 3
v 20 3
v 21 3
v 22 3
v 23 3
v 24 3
v 25 3
v 26 3
v 27 3
v 28 3
v 29 4
v 30 4
v 31 4
v 32 4
v 33 4
v 34 4
v 35 4
v 36 4
v 37 4
v 38 4
v 39 4
v 40 4
v 41 4
v 42 4
v 43 4
v 44 4
v 45 4
v 46 4
v 47 4
v 48 4
v 49 4
v 50 4
v 51 4
e 0 1 2
e 0 2 2
e 0 11 1
e 3 26 1
e 3 28 1
e 4 5 1
e 4 10 1
e 5 6 1
e 5 29 1
e 5 30 1
e 6 7 1
e 6 31 1
e 6 32 1
e 7 8 1
e 7 13 2
e 8 9 1
e 8 14 2
e 9 10 2
e 9 12 1
e 10 33 1
e 11 17 2
e 11 18 1
e 12 19 2
e 12 20 1
e 13 15 1
e 13 34 1
e 14 16 1
e 14 35 1
e 15 16 2
e 15 36 1
e 16 37 1
e 17 21 1
e 17 38 1
e 18 22 2
e 18 39 1
e 19 24 1
e 19 40 1
e 20 25 2
e 20 41 1
e 21 23 2
e 21 42 1
e 22 23 1
e 22 43 1
e 23 27 1
e 24 26 2
e 24 44 1
e 25 26 1
e 25 45 1
e 27 46 1
e 27 47 1
e 27 48 1
e 28 49 1
e 28 50 1
e 28 51 1
t # 44690
v 0 1
v 1 1
v 2 1
v 3 3
v 4 3
v 5 3
v 6 3
v 7 3
v 8 3
v 9 3
v 10 3
v 11 3
v 12 3
v 13 3
v 14 3
v 15 3
v 16 3
v 17 3
v 18 3
v 19 3
v 20 4
v 21 4
v 22 4
v 23 4
v 24 4
v 25 4
v 26 4
v 27 4
v 28 4
v 29 4
v 30 4
v 31 4
v 32 4
v 33 4
v 34 4
v 35 4
v 36 4
v 37 4
v 38 4
v 39 4
e 0 9 2
e 1 16 1
e 1 19 1
e 2 18 1
e 2 36 1
e 3 4 1
e 3 5 1
e 3 6 1
e 3 7 1
e 4 8 1
e 4 20 1
e 4 21 1
e 5 9 1
e 5 11 2
e 6 22 1
e 6 23 1
e 6 24 1
e 7 25 1
e 7 26 1
e 7 27 1
e 8 10 2
e 8 12 1
e 9 10 1
e 10 28 1
e 11 13 1
e 11 29 1
e 12 30 1
e 12 31 1
e 12 32 1
e 13 14 2
e 13 15 1
e 14 16 1
e 14 33 1
e 15 17 2
e 15 34 1
e 16 18 2
e 17 18 1
e 17 35 1
e 19 37 1
e 19 38 1
e 19 39 1
t # 44691
v 0 1
v 1 1
v 2 1
v 3 1
v 4 3
v 5 3
v 6 3
v 7 3
v 8 3
v 9 3
v 10 3
v 11 3
v 12 3
v 13 3
v 14 3
v 15 3
v 16 3
v 17 4
v 18 4
v 19 4
v 20 4
v 21 4
v 22 4
v 23 4
v 24 4
v 25 4
v 26 4
v 27 4
v 28 4
v 29 4
v 30 4
e 0 8 1
e 0 16 1
e 1 10 1
e 1 27 1
e 2 12 2
e 3 13 2
e 4 5 1
e 4 6 2
e 4 9 1
e 5 7 2
e 5 17 1
e 6 8 1
e 6 18 1
e 7 12 1
e 7 13 1
e 8 10 2
e 9 11 2
e 9 19 1
e 10 11 1
e 11 20 1
e 12 14 1
e 13 15 1
e 14 21 1
e 14 22 1
e 14 23 1
e 15 24 1
e 15 25 1
e 15 26 1
e 16 28 1
e 16 29 1
e 16 30 1
t # 44692
v 0 11
v 1 1
v 2 1
v 3 1
v 4 1
v 5 1
v 6 3
v 7 3
v 8 3
v 9 3
v 10 3
v 11 3
v 12 3
v 13 3
v 14 3
v 15 3
v 16 4
v 17 4
v 18 4
v 19 4
v 20 4
v 21 4
v 22 4
v 23 4
v 24 4
v 25 4
v 26 4
v 27 4
e 0 3 2
e 0 4 2
e 0 13 1
e 1 6 1
e 2 7 1
e 2 15 1
e 5 12 2
e 6 7 2
e 6 10 1
e 7 9 1
e 8 9 2
e 8 11 1
e 8 12 1
e 9 16 1
e 10 11 2
e 10 17 1
e 11 18 1
e 12 14 1
e 13 19 1
e 13 20 1
e 13 21 1
e 14 22 1
e 14 23 1
e 14 24 1
e 15 25 1
e 15 26 1
e 15 27 1
t # 44693
v 0 34
v 1 11
v 2 1
v 3 1
v 4 1
v 5 1
v 6 1
v 7 3
v 8 3
v 9 3
v 10 3
v 11 3
v 12 3
v 13 3
v 14 3
v 15 4
v 16 4
v 17 4
v 18 4
v 19 4
v 20 4
v 21 4
v 22 4
v 23 4
v 24 4
v 25 4
v 26 4
v 27 4
v 28 4
v 29 4
v 30 4
v 31 4
e 1 11 1
e 2 10 1
e 2 11 1
e 3 7 1
e 3 22 1
e 4 8 1
e 4 23 1
e 5 9 1
e 5 24 1
e 6 12 1
e 6 25 1
e 7 8 1
e 7 9 1
e 7 15 1
e 8 10 1
e 8 16 1
e 9 11 1
e 9 17 1
e 10 12 1
e 10 18 1
e 11 19 1
e 12 20 1
e 12 21 1
e 13 26 1
e 13 27 1
e 13 28 1
e 14 29 1
e 14 30 1
e 14 31 1
t # 44694
v 0 12
v 1 1
v 2 1
v 3 1
v 4 2
v 5 3
v 6 3
v 7 3
v 8 3
v 9 3
v 10 3
v 11 3
v 12 3
v 13 3
v 14 3
v 15 3
v 16 3
v 17 3
v 18 4
v 19 4
v 20 4
v 21 4
v 22 4
v 23 4
v 24 4
v 25 4
v 26 4
v 27 4
v 28 4
v 29 4
v 30 4
v 31 4
e 0 7 1
e 1 5 1
e 1 8 1
e 2 6 1
e 2 12 1
e 3 8 2
e 4 8 1
e 4 9 1
e 4 23 1
e 5 6 1
e 5 7 1
e 5 18 1
e 6 19 1
e 6 20 1
e 7 21 1
e 7 22 1
e 9 10 2
e 9 11 1
e 10 13 1
e 10 24 1
e 11 14 2
e 11 25 1
e 12 16 1
e 12 26 1
e 12 27 1
e 13 15 2
e 13 28 1
e 14 15 1
e 14 29 1
e 15 30 1
e 17 31 1
t # 44695
v 0 11
v 1 1
v 2 1
v 3 1
v 4 1
v 5 2
v 6 2
v 7 2
v 8 3
v 9 3
v 10 3
v 11 3
v 12 3
v 13 3
v 14 3
v 15 4
v 16 4
v 17 4
v 18 4
v 19 4
v 20 4
v 21 4
v 22 4
v 23 4
e 0 1 2
e 0 2 2
e 0 8 1
e 5 9 1
e 6 10 1
e 6 20 1
e 6 21 1
e 7 22 1
e 7 23 1
e 8 9 1
e 8 10 2
e 9 12 2
e 10 13 1
e 11 12 1
e 11 13 2
e 11 14 1
e 12 15 1
e 13 16 1
e 14 17 1
e 14 18 1
e 14 19 1
t # 44696
v 0 1
v 1 1
v 2 1
v 3 1
v 4 1
v 5 2
v 6 2
v 7 2
v 8 3
v 9 3
v 10 3
v 11 3
v 12 3
v 13 3
v 14 3
v 15 3
v 16 3
v 17 4
v 18 4
v 19 4
v 20 4
v 21 4
v 22 4
v 23 4
e 0 11 2
e 1 12 2
e 2 15 1
e 2 16 1
e 3 14 2
e 4 15 2
e 5 8 1
e 5 10 1
e 5 17 1
e 6 8 1
e 6 14 1
e 6 18 1
e 7 12 1
e 7 14 1
e 7 20 1
e 8 9 2
e 9 11 1
e 9 12 1
e 10 13 2
e 10 15 1
e 11 13 1
e 13 19 1
e 16 21 1
e 16 22 1
e 16 23 1
t # 44697
v 0 1
v 1 1
v 2 2
v 3 2
v 4 2
v 5 2
v 6 2
v 7 3
v 8 3
v 9 3
v 10 3
v 11 3
v 12 3
v 13 3
v 14 3
v 15 3
v 16 3
v 17 3
v 18 4
v 19 4
v 20 4
v 21 4
v 22 4
v 23 4
v 24 4
v 25 4
v 26 4
v 27 4
v 28 4
v 29 4
v 30 4
v 31 4
v 32 4
e 0 11 1
e 0 12 1
e 1 11 2
e 2 12 1
e 2 13 1
e 2 15 1
e 3 13 2
e 3 17 1
e 4 15 2
e 4 16 1
e 5 14 1
e 5 17 2
e 6 16 1
e 6 31 1
e 6 32 1
e 7 8 1
e 7 9 1
e 7 10 1
e 7 11 1
e 8 18 1
e 8 19 1
e 8 20 1
e 9 21 1
e 9 22 1
e 9 23 1
e 10 24 1
e 10 25 1
e 10 26 1
e 12 27 1
e 12 28 1
e 13 14 1
e 14 16 2
e 15 29 1
e 17 30 1
t # 44698
v 0 18
v 1 1
v 2 1
v 3 1
v 4 2
v 5 3
v 6 3
v 7 3
v 8 3
v 9 3
v 10 3
v 11 3
v 12 3
v 13 3
v 14 3
v 15 3
v 16 3
v 17 3
v 18 4
v 19 4
v 20 4
v 21 4
v 22 4
v 23 4
v 24 4
v 25 4
v 26 4
v 27 4
v 28 4
v 29 4
v 30 4
v 31 4
e 1 5 1
e 1 13 1
e 2 12 1
e 2 17 1
e 3 12 2
e 4 5 1
e 4 6 1
e 4 12 1
e 5 8 1
e 5 18 1
e 6 7 1
e 6 10 2
e 7 9 1
e 7 11 2
e 8 9 2
e 9 19 1
e 10 14 1
e 10 20 1
e 11 15 1
e 11 21 1
e 13 16 1
e 13 22 1
e 13 23 1
e 14 15 2
e 14 24 1
e 15 25 1
e 16 26 1
e 16 27 1
e 16 28 1
e 17 29 1
e 17 30 1
e 17 31 1
t # 44699
v 0 1
v 1 2
v 2 2
v 3 3
v 4 3
v 5 3
v 6 3
v 7 3
v 8 3
v 9 3
v 10 3
v 11 3
v 12 3
v 13 3
v 14 3
v 15 3
v 16 3
v 17 3
v 18 3
v 19 3
v 20 3
v 21 3
v 22 4
v 23 4
v 24 4
v 25 4
v 26 4
v 27 4
v 28 4
v 29 4
v 30 4
v 31 4
e 0 9 2
e 1 3 2
e 1 7 1
e 2 5 2
e 2 8 1
e 3 4 1
e 3 5 1
e 4 6 1
e 4 14 2
e 5 9 1
e 6 9 1
e 6 15 2
e 7 8 1
e 7 12 2
e 8 13 2
e 10 11 1
e 10 12 1
e 10 16 2
e 11 13 1
e 11 17 2
e 12 22 1
e 13 23 1
e 14 18 1
e 14 24 1
e 15 19 1
e 15 25 1
e 16 20 1
e 16 26 1
e 17 21 1
e 17 27 1
e 18 19 2
e 18 28 1
e 19 29 1
e 20 21 2
e 20 30 1
e 21 31 1
