t # 25100
v 0 12
v 1 1
v 2 2
v 3 2
v 4 2
v 5 2
v 6 3
v 7 3
v 8 3
v 9 3
v 10 3
v 11 3
v 12 3
v 13 3
v 14 3
v 15 3
v 16 3
v 17 3
v 18 3
v 19 3
v 20 3
v 21 3
v 22 3
v 23 3
v 24 3
v 25 3
v 26 3
v 27 3
v 28 4
v 29 4
v 30 4
v 31 4
v 32 4
v 33 4
v 34 4
v 35 4
v 36 4
v 37 4
v 38 4
v 39 4
v 40 4
v 41 4
v 42 4
v 43 4
v 44 4
v 45 4
v 46 4
v 47 4
v 48 4
e 0 23 1
e 1 21 2
e 2 6 1
e 2 7 1
e 2 8 1
e 3 21 1
e 3 22 1
e 3 44 1
e 6 9 2
e 6 11 1
e 7 13 1
e 7 28 1
e 7 29 1
e 8 14 1
e 8 30 1
e 8 31 1
e 9 10 1
e 9 32 1
e 10 12 2
e 10 16 1
e 11 15 2
e 11 33 1
e 12 15 1
e 12 17 1
e 13 19 1
e 13 34 1
e 13 35 1
e 14 20 1
e 14 36 1
e 14 37 1
e 15 38 1
e 16 39 1
e 16 40 1
e 16 41 1
e 17 18 2
e 17 42 1
e 18 21 1
e 18 43 1
e 22 23 1
e 22 24 2
e 23 25 2
e 24 26 1
e 24 45 1
e 25 27 1
e 25 46 1
e 26 27 2
e 26 47 1
e 27 48 1
t # 25101
v 0 1
v 1 2
v 2 2
v 3 2
v 4 2
v 5 3
v 6 3
v 7 3
v 8 3
v 9 3
v 10 3
v 11 3
v 12 3
v 13 3
v 14 3
v 15 3
v 16 3
v 17 3
v 18 3
v 19 3
v 20 3
v 21 3
v 22 3
v 23 3
v 24 3
v 25 3
v 26 3
v 27 3
v 28 4
v 29 4
v 30 4
v 31 4
v 32 4
v 33 4
v 34 4
v 35 4
v 36 4
v 37 4
v 38 4
v 39 4
v 40 4
v 41 4
v 42 4
v 43 4
v 44 4
v 45 4
v 46 4
v 47 4
v 48 4
v 49 4
v 50 4
v 51 4
e 0 21 2
e 1 5 1
e 1 6 1
e 1 7 1
e 2 20 1
e 2 21 1
e 2 44 1
e 5 8 2
e 5 10 1
e 6 12 1
e 6 28 1
e 6 29 1
e 7 13 1
e 7 30 1
e 7 31 1
e 8 9 1
e 8 32 1
e 9 11 2
e 9 15 1
e 10 14 2
e 10 33 1
e 11 14 1
e 11 16 1
e 12 18 1
e 12 34 1
e 12 35 1
e 13 19 1
e 13 36 1
e 13 37 1
e 14 38 1
e 15 39 1
e 15 40 1
e 15 41 1
e 16 17 2
e 16 42 1
e 17 21 1
e 17 43 1
e 20 23 1
e 20 24 2
e 22 23 2
e 22 25 1
e 22 27 1
e 23 45 1
e 24 26 1
e 24 46 1
e 25 26 2
e 25 47 1
e 26 48 1
e 27 49 1
e 27 50 1
e 27 51 1
t # 25102
v 0 1
v 1 2
v 2 2
v 3 2
v 4 2
v 5 3
v 6 3
v 7 3
v 8 3
v 9 3
v 10 3
v 11 3
v 12 3
v 13 3
v 14 3
v 15 3
v 16 3
v 17 3
v 18 3
v 19 3
v 20 3
v 21 3
v 22 3
v 23 3
v 24 3
v 25 3
v 26 3
v 27 4
v 28 4
v 29 4
v 30 4
v 31 4
v 32 4
v 33 4
v 34 4
v 35 4
v 36 4
v 37 4
v 38 4
v 39 4
v 40 4
v 41 4
v 42 4
v 43 4
v 44 4
v 45 4
v 46 4
v 47 4
v 48 4
e 0 20 2
e 1 5 1
e 1 6 1
e 1 7 1
e 2 20 1
e 2 21 1
e 2 43 1
e 5 8 2
e 5 10 1
e 6 12 1
e 6 27 1
e 6 28 1
e 7 13 1
e 7 29 1
e 7 30 1
e 8 9 1
e 8 31 1
e 9 11 2
e 9 15 1
e 10 14 2
e 10 32 1
e 11 14 1
e 11 16 1
e 12 18 1
e 12 33 1
e 12 34 1
e 13 19 1
e 13 35 1
e 13 36 1
e 14 37 1
e 15 38 1
e 15 39 1
e 15 40 1
e 16 17 2
e 16 41 1
e 17 20 1
e 17 42 1
e 21 22 2
e 21 23 1
e 22 24 1
e 22 44 1
e 23 25 2
e 23 45 1
e 24 26 2
e 24 46 1
e 25 26 1
e 25 47 1
e 26 48 1
t # 25103
v 0 12
v 1 1
v 2 1
v 3 1
v 4 1
v 5 1
v 6 2
v 7 2
v 8 2
v 9 2
v 10 2
v 11 3
v 12 3
v 13 3
v 14 3
v 15 3
v 16 3
v 17 3
v 18 3
v 19 3
v 20 3
v 21 3
v 22 3
v 23 3
v 24 3
v 25 3
v 26 3
v 27 3
v 28 3
v 29 3
v 30 3
v 31 3
v 32 3
v 33 3
v 34 3
v 35 3
v 36 3
v 37 3
v 38 4
v 39 4
v 40 4
v 41 4
v 42 4
v 43 4
v 44 4
v 45 4
v 46 4
v 47 4
v 48 4
v 49 4
v 50 4
v 51 4
v 52 4
v 53 4
v 54 4
v 55 4
v 56 4
v 57 4
v 58 4
v 59 4
e 0 32 1
e 1 12 1
e 1 19 1
e 2 19 2
e 3 28 1
e 3 37 1
e 4 24 2
e 5 25 2
e 6 9 1
e 6 17 2
e 7 23 1
e 7 24 1
e 7 47 1
e 8 18 1
e 9 25 1
e 9 48 1
e 10 31 1
e 11 12 2
e 11 14 1
e 11 15 1
e 12 16 1
e 13 14 2
e 13 17 1
e 13 19 1
e 14 38 1
e 15 18 2
e 15 39 1
e 16 20 2
e 16 40 1
e 17 21 1
e 18 20 1
e 20 41 1
e 21 42 1
e 21 43 1
e 21 44 1
e 22 24 1
e 22 25 1
e 22 45 1
e 22 46 1
e 23 26 2
e 23 27 1
e 26 29 1
e 26 49 1
e 27 30 2
e 27 50 1
e 28 29 2
e 28 30 1
e 29 51 1
e 30 52 1
e 31 32 1
e 31 33 2
e 32 34 2
e 33 35 1
e 33 53 1
e 34 36 1
e 34 54 1
e 35 36 2
e 35 55 1
e 36 56 1
e 37 57 1
e 37 58 1
e 37 59 1
t # 25104
v 0 12
v 1 12
v 2 1
v 3 1
v 4 1
v 5 1
v 6 2
v 7 2
v 8 2
v 9 2
v 10 2
v 11 3
v 12 3
v 13 3
v 14 3
v 15 3
v 16 3
v 17 3
v 18 3
v 19 3
v 20 3
v 21 3
v 22 3
v 23 3
v 24 3
v 25 3
v 26 3
v 27 3
v 28 3
v 29 3
v 30 3
v 31 3
v 32 3
v 33 3
v 34 3
v 35 3
v 36 3
v 37 4
v 38 4
v 39 4
v 40 4
v 41 4
v 42 4
v 43 4
v 44 4
v 45 4
v 46 4
v 47 4
v 48 4
v 49 4
v 50 4
v 51 4
v 52 4
v 53 4
v 54 4
v 55 4
e 0 26 1
e 1 32 1
e 2 12 1
e 2 19 1
e 3 19 2
e 4 24 2
e 5 25 2
e 6 8 1
e 6 17 2
e 7 18 1
e 8 24 1
e 8 46 1
e 9 23 1
e 9 25 1
e 9 47 1
e 10 28 1
e 11 12 2
e 11 14 1
e 11 15 1
e 12 16 1
e 13 14 2
e 13 17 1
e 13 19 1
e 14 37 1
e 15 18 2
e 15 38 1
e 16 20 2
e 16 39 1
e 17 21 1
e 18 20 1
e 20 40 1
e 21 41 1
e 21 42 1
e 21 43 1
e 22 24 1
e 22 25 1
e 22 44 1
e 22 45 1
e 23 26 1
e 23 27 2
e 26 29 2
e 27 30 1
e 27 48 1
e 28 32 1
e 28 33 2
e 29 31 1
e 29 49 1
e 30 31 2
e 30 50 1
e 31 51 1
e 32 34 2
e 33 35 1
e 33 52 1
e 34 36 1
e 34 53 1
e 35 36 2
e 35 54 1
e 36 55 1
t # 25105
v 0 12
v 1 1
v 2 1
v 3 1
v 4 1
v 5 1
v 6 2
v 7 2
v 8 2
v 9 3
v 10 3
v 11 3
v 12 3
v 13 3
v 14 3
v 15 3
v 16 3
v 17 3
v 18 3
v 19 3
v 20 3
v 21 3
v 22 3
v 23 3
v 24 3
v 25 3
v 26 3
v 27 3
v 28 3
v 29 3
v 30 3
v 31 3
v 32 3
v 33 3
v 34 3
v 35 3
v 36 3
v 37 4
v 38 4
v 39 4
v 40 4
v 41 4
v 42 4
v 43 4
v 44 4
v 45 4
v 46 4
v 47 4
v 48 4
v 49 4
v 50 4
v 51 4
v 52 4
v 53 4
v 54 4
v 55 4
v 56 4
v 57 4
v 58 4
e 0 29 1
e 1 18 1
e 1 25 1
e 2 10 2
e 3 11 2
e 4 25 2
e 5 26 2
e 6 9 1
e 6 10 1
e 6 11 1
e 7 8 1
e 7 26 1
e 7 55 1
e 8 23 2
e 9 12 2
e 9 13 1
e 10 14 1
e 11 19 1
e 12 20 1
e 12 37 1
e 13 21 2
e 13 38 1
e 14 26 1
e 14 39 1
e 14 40 1
e 15 18 1
e 15 22 1
e 15 24 2
e 16 20 2
e 16 21 1
e 16 28 1
e 17 22 2
e 17 23 1
e 17 25 1
e 18 27 2
e 19 29 1
e 19 30 2
e 20 42 1
e 21 43 1
e 22 41 1
e 23 33 1
e 24 31 1
e 24 44 1
e 27 32 1
e 27 45 1
e 28 46 1
e 28 47 1
e 28 48 1
e 29 34 2
e 30 35 1
e 30 49 1
e 31 32 2
e 31 50 1
e 32 51 1
e 33 52 1
e 33 53 1
e 33 54 1
e 34 36 1
e 34 56 1
e 35 36 2
e 35 57 1
e 36 58 1
t # 25106
v 0 1
v 1 1
v 2 2
v 3 2
v 4 2
v 5 2
v 6 3
v 7 3
v 8 3
v 9 3
v 10 3
v 11 3
v 12 3
v 13 3
v 14 3
v 15 3
v 16 3
v 17 3
v 18 3
v 19 3
v 20 3
v 21 4
v 22 4
v 23 4
v 24 4
v 25 4
v 26 4
v 27 4
v 28 4
v 29 4
v 30 4
v 31 4
v 32 4
v 33 4
v 34 4
v 35 4
v 36 4
v 37 4
v 38 4
v 39 4
v 40 4
e 0 9 2
e 1 13 2
e 2 9 1
e 2 10 1
e 2 11 1
e 3 6 1
e 3 14 1
e 3 25 1
e 4 12 1
e 4 13 1
e 4 26 1
e 5 12 1
e 5 20 2
e 6 7 2
e 6 8 1
e 7 9 1
e 7 13 1
e 8 12 2
e 8 15 1
e 10 16 1
e 10 21 1
e 10 22 1
e 11 17 1
e 11 23 1
e 11 24 1
e 14 19 1
e 14 27 1
e 14 28 1
e 15 18 2
e 15 29 1
e 16 30 1
e 16 31 1
e 16 32 1
e 17 33 1
e 17 34 1
e 17 35 1
e 18 20 1
e 18 36 1
e 19 37 1
e 19 38 1
e 19 39 1
e 20 40 1
t # 25107
v 0 12
v 1 11
v 2 1
v 3 1
v 4 1
v 5 2
v 6 3
v 7 3
v 8 3
v 9 3
v 10 3
v 11 3
v 12 3
v 13 4
v 14 4
v 15 4
v 16 4
v 17 4
v 18 4
v 19 4
v 20 4
v 21 4
v 22 4
v 23 4
v 24 4
e 0 7 1
e 1 8 1
e 1 10 1
e 2 9 1
e 2 11 1
e 3 10 2
e 4 11 2
e 5 6 1
e 5 10 1
e 5 15 1
e 6 7 1
e 6 13 1
e 6 14 1
e 7 16 1
e 7 17 1
e 8 11 1
e 8 18 1
e 8 19 1
e 9 12 1
e 9 20 1
e 9 21 1
e 12 22 1
e 12 23 1
e 12 24 1
t # 25108
v 0 12
v 1 11
v 2 1
v 3 1
v 4 2
v 5 3
v 6 3
v 7 3
v 8 3
v 9 3
v 10 4
v 11 4
v 12 4
v 13 4
v 14 4
v 15 4
v 16 4
v 17 4
v 18 4
v 19 4
e 0 7 1
e 1 6 1
e 1 9 1
e 2 8 1
e 2 19 1
e 3 9 2
e 4 5 1
e 4 9 1
e 4 14 1
e 5 7 1
e 5 10 1
e 5 11 1
e 6 8 1
e 6 12 1
e 6 13 1
e 7 15 1
e 7 16 1
e 8 17 1
e 8 18 1
t # 25109
v 0 1
v 1 1
v 2 1
v 3 1
v 4 2
v 5 2
v 6 3
v 7 3
v 8 3
v 9 3
v 10 3
v 11 3
v 12 3
v 13 3
v 14 3
v 15 3
v 16 3
v 17 4
v 18 4
v 19 4
v 20 4
v 21 4
v 22 4
v 23 4
v 24 4
v 25 4
v 26 4
v 27 4
v 28 4
v 29 4
v 30 4
e 0 8 1
e 0 11 1
e 1 10 1
e 1 30 1
e 2 10 2
e 3 11 2
e 4 6 1
e 4 11 1
e 4 20 1
e 5 7 1
e 5 23 1
e 5 24 1
e 6 7 1
e 6 10 1
e 6 17 1
e 7 18 1
e 7 19 1
e 8 9 1
e 8 21 1
e 8 22 1
e 9 12 2
e 9 13 1
e 12 14 1
e 12 25 1
e 13 15 2
e 13 26 1
e 14 16 2
e 14 27 1
e 15 16 1
e 15 28 1
e 16 29 1
t # 25110
v 0 1
v 1 1
v 2 1
v 3 2
v 4 2
v 5 3
v 6 3
v 7 3
v 8 3
v 9 3
v 10 3
v 11 3
v 12 3
v 13 3
v 14 3
v 15 3
v 16 3
v 17 3
v 18 4
v 19 4
v 20 4
v 21 4
v 22 4
v 23 4
v 24 4
v 25 4
v 26 4
v 27 4
v 28 4
v 29 4
v 30 4
v 31 4
v 32 4
v 33 4
v 34 4
v 35 4
v 36 4
v 37 4
e 0 12 1
e 0 36 1
e 1 12 2
e 2 13 1
e 2 37 1
e 3 8 1
e 3 10 1
e 3 27 1
e 4 9 1
e 4 30 1
e 4 31 1
e 5 6 1
e 5 7 1
e 5 18 1
e 5 19 1
e 6 8 1
e 6 20 1
e 6 21 1
e 7 9 1
e 7 22 1
e 7 23 1
e 8 24 1
e 8 25 1
e 9 12 1
e 9 26 1
e 10 11 1
e 10 28 1
e 10 29 1
e 11 13 1
e 11 14 2
e 13 15 2
e 14 16 1
e 14 32 1
e 15 17 1
e 15 33 1
e 16 17 2
e 16 34 1
e 17 35 1
t # 25111
v 0 1
v 1 1
v 2 2
v 3 2
v 4 3
v 5 3
v 6 3
v 7 3
v 8 3
v 9 3
v 10 3
v 11 3
v 12 3
v 13 3
v 14 3
v 15 3
v 16 3
v 17 4
v 18 4
v 19 4
v 20 4
v 21 4
v 22 4
v 23 4
v 24 4
v 25 4
v 26 4
v 27 4
v 28 4
v 29 4
v 30 4
v 31 4
v 32 4
v 33 4
v 34 4
v 35 4
v 36 4
e 0 11 1
e 0 36 1
e 1 11 2
e 2 7 1
e 2 9 1
e 2 26 1
e 3 8 1
e 3 29 1
e 3 30 1
e 4 5 1
e 4 6 1
e 4 17 1
e 4 18 1
e 5 7 1
e 5 19 1
e 5 20 1
e 6 8 1
e 6 21 1
e 6 22 1
e 7 23 1
e 7 24 1
e 8 11 1
e 8 25 1
e 9 10 1
e 9 27 1
e 9 28 1
e 10 12 2
e 10 13 1
e 12 14 1
e 12 31 1
e 13 15 2
e 13 32 1
e 14 16 2
e 14 33 1
e 15 16 1
e 15 34 1
e 16 35 1
t # 25112
v 0 1
v 1 1
v 2 1
v 3 2
v 4 2
v 5 3
v 6 3
v 7 3
v 8 3
v 9 3
v 10 3
v 11 3
v 12 3
v 13 3
v 14 3
v 15 3
v 16 3
v 17 4
v 18 4
v 19 4
v 20 4
v 21 4
v 22 4
v 23 4
v 24 4
v 25 4
v 26 4
v 27 4
v 28 4
v 29 4
v 30 4
v 31 4
v 32 4
v 33 4
v 34 4
e 0 11 1
e 0 33 1
e 1 12 1
e 1 34 1
e 2 11 2
e 3 7 1
e 3 9 1
e 3 24 1
e 4 8 1
e 4 27 1
e 4 28 1
e 5 6 1
e 5 7 1
e 5 17 1
e 5 18 1
e 6 8 1
e 6 19 1
e 6 20 1
e 7 21 1
e 7 22 1
e 8 11 1
e 8 23 1
e 9 10 1
e 9 25 1
e 9 26 1
e 10 12 1
e 10 13 2
e 12 14 2
e 13 15 1
e 13 29 1
e 14 16 1
e 14 30 1
e 15 16 2
e 15 31 1
e 16 32 1
t # 25113
v 0 1
v 1 1
v 2 2
v 3 2
v 4 3
v 5 3
v 6 3
v 7 3
v 8 3
v 9 3
v 10 3
v 11 3
v 12 3
v 13 3
v 14 3
v 15 3
v 16 4
v 17 4
v 18 4
v 19 4
v 20 4
v 21 4
v 22 4
v 23 4
v 24 4
v 25 4
v 26 4
v 27 4
v 28 4
v 29 4
v 30 4
v 31 4
v 32 4
v 33 4
e 0 10 1
e 0 33 1
e 1 10 2
e 2 6 1
e 2 8 1
e 2 23 1
e 3 7 1
e 3 26 1
e 3 27 1
e 4 5 1
e 4 6 1
e 4 16 1
e 4 17 1
e 5 7 1
e 5 18 1
e 5 19 1
e 6 20 1
e 6 21 1
e 7 10 1
e 7 22 1
e 8 9 1
e 8 24 1
e 8 25 1
e 9 11 2
e 9 12 1
e 11 13 1
e 11 28 1
e 12 14 2
e 12 29 1
e 13 15 2
e 13 30 1
e 14 15 1
e 14 31 1
e 15 32 1
t # 25114
v 0 15
v 1 12
v 2 1
v 3 1
v 4 1
v 5 1
v 6 1
v 7 1
v 8 1
v 9 1
v 10 3
v 11 3
v 12 3
v 13 3
v 14 3
v 15 3
v 16 3
v 17 3
v 18 3
v 19 3
v 20 3
v 21 3
v 22 3
v 23 3
v 24 3
v 25 3
v 26 3
v 27 3
v 28 3
v 29 3
v 30 3
v 31 3
v 32 3
v 33 3
v 34 3
v 35 3
v 36 3
v 37 3
v 38 3
v 39 3
v 40 3
v 41 3
v 42 3
v 43 3
v 44 3
v 45 3
v 46 3
v 47 3
v 48 3
v 49 3
v 50 3
v 51 3
v 52 3
v 53 3
v 54 3
v 55 3
v 56 3
v 57 3
v 58 3
v 59 3
v 60 3
v 61 3
v 62 3
v 63 3
v 64 3
v 65 3
v 66 3
v 67 3
v 68 3
v 69 3
v 70 3
v 71 3
v 72 4
v 73 4
v 74 4
v 75 4
v 76 4
v 77 4
v 78 4
v 79 4
v 80 4
v 81 4
v 82 4
v 83 4
v 84 4
v 85 4
v 86 4
v 87 4
v 88 4
v 89 4
v 90 4
v 91 4
v 92 4
v 93 4
v 94 4
v 95 4
v 96 4
v 97 4
v 98 4
v 99 4
v 100 4
v 101 4
v 102 4
v 103 4
v 104 4
v 105 4
v 106 4
v 107 4
v 108 4
v 109 4
v 110 4
v 111 4
v 112 4
v 113 4
v 114 4
v 115 4
v 116 4
v 117 4
v 118 4
v 119 4
v 120 4
v 121 4
v 122 4
v 123 4
v 124 4
v 125 4
v 126 4
v 127 4
v 128 4
v 129 4
v 130 4
v 131 4
v 132 4
v 133 4
v 134 4
v 135 4
v 136 4
v 137 4
v 138 4
v 139 4
v 140 4
v 141 4
v 142 4
v 143 4
v 144 4
v 145 4
v 146 4
v 147 4
v 148 4
v 149 4
v 150 4
v 151 4
v 152 4
e 42 2 1
e 43 3 1
e 4 52 2
e 5 53 2
e 6 54 2
e 7 55 2
e 8 48 2
e 9 49 2
e 10 12 1
e 10 14 1
e 10 26 1
e 10 72 1
e 11 13 1
e 11 15 1
e 11 27 1
e 11 73 1
e 12 20 1
e 12 22 1
e 12 36 1
e 13 21 1
e 13 23 1
e 13 37 1
e 14 16 1
e 14 30 1
e 14 74 1
e 15 17 1
e 15 31 1
e 15 75 1
e 16 18 1
e 16 24 1
e 16 76 1
e 17 19 1
e 17 25 1
e 17 77 1
e 18 32 1
e 18 34 1
e 18 44 1
e 19 33 1
e 19 35 1
e 19 45 1
e 20 24 1
e 20 78 1
e 20 79 1
e 21 25 1
e 21 80 1
e 21 81 1
e 22 28 1
e 22 48 1
e 22 82 1
e 23 29 1
e 23 49 1
e 23 83 1
e 24 84 1
e 24 85 1
e 25 86 1
e 25 87 1
e 26 28 1
e 26 88 1
e 26 89 1
e 27 29 1
e 27 90 1
e 27 91 1
e 28 92 1
e 28 93 1
e 29 94 1
e 29 95 1
e 30 38 1
e 30 96 1
e 30 97 1
e 31 39 1
e 31 98 1
e 31 99 1
e 32 38 2
e 32 40 1
e 33 39 2
e 33 41 1
e 34 46 1
e 34 100 1
e 34 101 1
e 35 47 1
e 35 102 1
e 35 103 1
e 36 104 1
e 36 105 1
e 36 106 1
e 37 107 1
e 37 108 1
e 37 109 1
e 38 110 1
e 39 111 1
e 40 42 1
e 40 112 1
e 40 113 1
e 41 43 1
e 41 114 1
e 41 115 1
e 42 46 1
e 42 116 1
e 43 47 1
e 43 117 1
e 44 118 1
e 44 119 1
e 44 120 1
e 45 121 1
e 45 122 1
e 45 123 1
e 46 124 1
e 46 125 1
e 47 126 1
e 47 127 1
e 48 50 1
e 49 51 1
e 50 128 1
e 50 129 1
e 50 130 1
e 51 131 1
e 51 132 1
e 51 133 1
e 52 56 1
e 52 58 1
e 53 57 1
e 53 59 1
e 54 57 1
e 54 60 1
e 55 56 1
e 55 61 1
e 56 134 1
e 57 135 1
e 58 136 1
e 58 137 1
e 58 138 1
e 59 139 1
e 59 140 1
e 59 141 1
e 60 62 2
e 60 64 1
e 61 63 2
e 61 65 1
e 62 66 1
e 62 142 1
e 63 67 1
e 63 143 1
e 64 68 2
e 64 144 1
e 65 69 2
e 65 145 1
e 66 70 2
e 66 146 1
e 67 71 2
e 67 147 1
e 68 70 1
e 68 148 1
e 69 71 1
e 69 149 1
e 70 150 1
e 71 151 1
t # 25115
v 0 15
v 1 12
v 2 1
v 3 1
v 4 1
v 5 1
v 6 1
v 7 1
v 8 3
v 9 3
v 10 3
v 11 3
v 12 3
v 13 3
v 14 3
v 15 3
v 16 3
v 17 3
v 18 3
v 19 3
v 20 3
v 21 3
v 22 3
v 23 3
v 24 3
v 25 3
v 26 3
v 27 3
v 28 3
v 29 3
v 30 3
v 31 3
v 32 3
v 33 3
v 34 3
v 35 3
v 36 3
v 37 3
v 38 3
v 39 3
v 40 3
v 41 3
v 42 3
v 43 3
v 44 3
v 45 3
v 46 3
v 47 3
v 48 3
v 49 3
v 50 3
v 51 3
v 52 3
v 53 3
v 54 3
v 55 3
v 56 3
v 57 3
v 58 3
v 59 3
v 60 3
v 61 3
v 62 3
v 63 3
v 64 3
v 65 3
v 66 3
v 67 3
v 68 3
v 69 3
v 70 3
v 71 3
v 72 3
v 73 3
v 74 3
v 75 3
v 76 3
v 77 3
v 78 3
v 79 3
v 80 3
v 81 3
v 82 4
v 83 4
v 84 4
v 85 4
v 86 4
v 87 4
v 88 4
v 89 4
v 90 4
v 91 4
v 92 4
v 93 4
v 94 4
v 95 4
v 96 4
v 97 4
v 98 4
v 99 4
v 100 4
v 101 4
v 102 4
v 103 4
v 104 4
v 105 4
v 106 4
v 107 4
v 108 4
v 109 4
v 110 4
v 111 4
v 112 4
v 113 4
v 114 4
v 115 4
v 116 4
v 117 4
v 118 4
v 119 4
v 120 4
v 121 4
v 122 4
v 123 4
v 124 4
v 125 4
v 126 4
v 127 4
v 128 4
v 129 4
v 130 4
v 131 4
v 132 4
v 133 4
v 134 4
v 135 4
v 136 4
v 137 4
v 138 4
v 139 4
v 140 4
v 141 4
v 142 4
v 143 4
v 144 4
v 145 4
v 146 4
v 147 4
v 148 4
v 149 4
v 150 4
v 151 4
v 152 4
v 153 4
v 154 4
v 155 4
v 156 4
v 157 4
v 158 4
v 159 4
v 160 4
v 161 4
v 162 4
v 163 4
v 164 4
v 165 4
v 166 4
v 167 4
v 168 4
v 169 4
v 170 4
v 171 4
v 172 4
v 173 4
v 174 4
v 175 4
v 176 4
v 177 4
v 178 4
v 179 4
v 180 4
v 181 4
v 182 4
v 183 4
v 184 4
v 185 4
v 186 4
v 187 4
v 188 4
v 189 4
v 190 4
e 44 2 1
e 45 3 1
e 4 56 2
e 5 57 2
e 6 58 2
e 7 59 2
e 8 10 1
e 8 16 1
e 8 20 1
e 8 34 1
e 9 11 1
e 9 17 1
e 9 21 1
e 9 35 1
e 10 12 1
e 10 22 1
e 10 82 1
e 11 13 1
e 11 23 1
e 11 83 1
e 12 14 1
e 12 28 1
e 12 84 1
e 13 15 1
e 13 29 1
e 13 85 1
e 14 18 1
e 14 24 1
e 14 86 1
e 15 19 1
e 15 25 1
e 15 87 1
e 16 26 1
e 16 30 1
e 16 88 1
e 17 27 1
e 17 31 1
e 17 89 1
e 18 32 1
e 18 36 1
e 18 42 1
e 19 33 1
e 19 37 1
e 19 43 1
e 20 24 1
e 20 90 1
e 20 91 1
e 21 25 1
e 21 92 1
e 21 93 1
e 22 26 1
e 22 94 1
e 22 95 1
e 23 27 1
e 23 96 1
e 23 97 1
e 24 98 1
e 24 99 1
e 25 100 1
e 25 101 1
e 26 102 1
e 26 103 1
e 27 104 1
e 27 105 1
e 28 38 1
e 28 106 1
e 28 107 1
e 29 39 1
e 29 108 1
e 29 109 1
e 30 48 1
e 30 50 1
e 30 110 1
e 31 49 1
e 31 51 1
e 31 111 1
e 32 38 2
e 32 40 1
e 33 39 2
e 33 41 1
e 34 112 1
e 34 113 1
e 34 114 1
e 35 115 1
e 35 116 1
e 35 117 1
e 36 46 1
e 36 118 1
e 36 119 1
e 37 47 1
e 37 120 1
e 37 121 1
e 38 122 1
e 39 123 1
e 40 44 1
e 40 124 1
e 40 125 1
e 41 45 1
e 41 126 1
e 41 127 1
e 42 128 1
e 42 129 1
e 42 130 1
e 43 131 1
e 43 132 1
e 43 133 1
e 44 46 1
e 44 134 1
e 45 47 1
e 45 135 1
e 46 136 1
e 46 137 1
e 47 138 1
e 47 139 1
e 48 52 1
e 48 140 1
e 48 141 1
e 49 53 1
e 49 142 1
e 49 143 1
e 50 144 1
e 50 145 1
e 50 146 1
e 51 147 1
e 51 148 1
e 51 149 1
e 52 54 1
e 52 150 1
e 52 151 1
e 53 55 1
e 53 152 1
e 53 153 1
e 54 62 1
e 54 154 1
e 54 155 1
e 55 63 1
e 55 156 1
e 55 157 1
e 56 60 1
e 56 64 1
e 57 61 1
e 57 65 1
e 58 61 1
e 58 66 1
e 59 60 1
e 59 67 1
e 60 158 1
e 61 159 1
e 62 68 1
e 62 69 1
e 62 160 1
e 63 70 1
e 63 71 1
e 63 161 1
e 64 162 1
e 64 163 1
e 64 164 1
e 65 165 1
e 65 166 1
e 65 167 1
e 66 72 2
e 66 74 1
e 67 73 2
e 67 75 1
e 68 168 1
e 68 169 1
e 68 170 1
e 69 171 1
e 69 172 1
e 69 173 1
e 70 174 1
e 70 175 1
e 70 176 1
e 71 177 1
e 71 178 1
e 71 179 1
e 72 76 1
e 72 180 1
e 73 77 1
e 73 181 1
e 74 78 2
e 74 182 1
e 75 79 2
e 75 183 1
e 76 80 2
e 76 184 1
e 77 81 2
e 77 185 1
e 78 80 1
e 78 186 1
e 79 81 1
e 79 187 1
e 80 188 1
e 81 189 1
t # 25116
v 0 15
v 1 12
v 2 1
v 3 1
v 4 1
v 5 1
v 6 1
v 7 1
v 8 3
v 9 3
v 10 3
v 11 3
v 12 3
v 13 3
v 14 3
v 15 3
v 16 3
v 17 3
v 18 3
v 19 3
v 20 3
v 21 3
v 22 3
v 23 3
v 24 3
v 25 3
v 26 3
v 27 3
v 28 3
v 29 3
v 30 3
v 31 3
v 32 3
v 33 3
v 34 3
v 35 3
v 36 3
v 37 3
v 38 3
v 39 3
v 40 3
v 41 3
v 42 3
v 43 3
v 44 3
v 45 3
v 46 3
v 47 3
v 48 3
v 49 3
v 50 3
v 51 3
v 52 3
v 53 3
v 54 3
v 55 3
v 56 3
v 57 3
v 58 3
v 59 3
v 60 3
v 61 3
v 62 3
v 63 3
v 64 3
v 65 3
v 66 3
v 67 3
v 68 3
v 69 3
v 70 3
v 71 3
v 72 3
v 73 3
v 74 3
v 75 3
v 76 3
v 77 3
v 78 3
v 79 3
v 80 3
v 81 3
v 82 3
v 83 3
v 84 3
v 85 3
v 86 4
v 87 4
v 88 4
v 89 4
v 90 4
v 91 4
v 92 4
v 93 4
v 94 4
v 95 4
v 96 4
v 97 4
v 98 4
v 99 4
v 100 4
v 101 4
v 102 4
v 103 4
v 104 4
v 105 4
v 106 4
v 107 4
v 108 4
v 109 4
v 110 4
v 111 4
v 112 4
v 113 4
v 114 4
v 115 4
v 116 4
v 117 4
v 118 4
v 119 4
v 120 4
v 121 4
v 122 4
v 123 4
v 124 4
v 125 4
v 126 4
v 127 4
v 128 4
v 129 4
v 130 4
v 131 4
v 132 4
v 133 4
v 134 4
v 135 4
v 136 4
v 137 4
v 138 4
v 139 4
v 140 4
v 141 4
v 142 4
v 143 4
v 144 4
v 145 4
v 146 4
v 147 4
v 148 4
v 149 4
v 150 4
v 151 4
v 152 4
v 153 4
v 154 4
v 155 4
v 156 4
v 157 4
v 158 4
v 159 4
v 160 4
v 161 4
v 162 4
v 163 4
v 164 4
v 165 4
v 166 4
v 167 4
v 168 4
v 169 4
v 170 4
v 171 4
v 172 4
v 173 4
v 174 4
v 175 4
v 176 4
v 177 4
v 178 4
v 179 4
v 180 4
v 181 4
v 182 4
v 183 4
v 184 4
v 185 4
v 186 4
v 187 4
v 188 4
v 189 4
v 190 4
v 191 4
v 192 4
v 193 4
v 194 4
v 195 4
v 196 4
v 197 4
v 198 4
v 199 4
v 200 4
v 201 4
v 202 4
e 44 2 1
e 45 3 1
e 4 56 2
e 5 57 2
e 6 58 2
e 7 59 2
e 8 10 1
e 8 16 1
e 8 20 1
e 8 32 1
e 9 11 1
e 9 17 1
e 9 21 1
e 9 33 1
e 10 12 1
e 10 22 1
e 10 86 1
e 11 13 1
e 11 23 1
e 11 87 1
e 12 14 1
e 12 28 1
e 12 88 1
e 13 15 1
e 13 29 1
e 13 89 1
e 14 18 1
e 14 24 1
e 14 90 1
e 15 19 1
e 15 25 1
e 15 91 1
e 16 26 1
e 16 30 1
e 16 92 1
e 17 27 1
e 17 31 1
e 17 93 1
e 18 34 1
e 18 36 1
e 18 42 1
e 19 35 1
e 19 37 1
e 19 43 1
e 20 24 1
e 20 94 1
e 20 95 1
e 21 25 1
e 21 96 1
e 21 97 1
e 22 26 1
e 22 98 1
e 22 99 1
e 23 27 1
e 23 100 1
e 23 101 1
e 24 102 1
e 24 103 1
e 25 104 1
e 25 105 1
e 26 106 1
e 26 107 1
e 27 108 1
e 27 109 1
e 28 38 1
e 28 110 1
e 28 111 1
e 29 39 1
e 29 112 1
e 29 113 1
e 30 48 1
e 30 50 1
e 30 114 1
e 31 49 1
e 31 51 1
e 31 115 1
e 32 116 1
e 32 117 1
e 32 118 1
e 33 119 1
e 33 120 1
e 33 121 1
e 34 38 2
e 34 40 1
e 35 39 2
e 35 41 1
e 36 46 1
e 36 122 1
e 36 123 1
e 37 47 1
e 37 124 1
e 37 125 1
e 38 126 1
e 39 127 1
e 40 44 1
e 40 128 1
e 40 129 1
e 41 45 1
e 41 130 1
e 41 131 1
e 42 132 1
e 42 133 1
e 42 134 1
e 43 135 1
e 43 136 1
e 43 137 1
e 44 46 1
e 44 138 1
e 45 47 1
e 45 139 1
e 46 140 1
e 46 141 1
e 47 142 1
e 47 143 1
e 48 52 1
e 48 144 1
e 48 145 1
e 49 53 1
e 49 146 1
e 49 147 1
e 50 148 1
e 50 149 1
e 50 150 1
e 51 151 1
e 51 152 1
e 51 153 1
e 52 54 1
e 52 154 1
e 52 155 1
e 53 55 1
e 53 156 1
e 53 157 1
e 54 60 1
e 54 62 1
e 54 158 1
e 55 61 1
e 55 63 1
e 55 159 1
e 56 64 1
e 56 66 1
e 57 65 1
e 57 67 1
e 58 65 1
e 58 68 1
e 59 64 1
e 59 69 1
e 60 70 1
e 60 71 1
e 60 160 1
e 61 72 1
e 61 73 1
e 61 161 1
e 62 74 1
e 62 162 1
e 62 163 1
e 63 75 1
e 63 164 1
e 63 165 1
e 64 166 1
e 65 167 1
e 66 168 1
e 66 169 1
e 66 170 1
e 67 171 1
e 67 172 1
e 67 173 1
e 68 76 2
e 68 78 1
e 69 77 2
e 69 79 1
e 70 174 1
e 70 175 1
e 70 176 1
e 71 177 1
e 71 178 1
e 71 179 1
e 72 180 1
e 72 181 1
e 72 182 1
e 73 183 1
e 73 184 1
e 73 185 1
e 74 186 1
e 74 187 1
e 74 188 1
e 75 189 1
e 75 190 1
e 75 191 1
e 76 80 1
e 76 192 1
e 77 81 1
e 77 193 1
e 78 82 2
e 78 194 1
e 79 83 2
e 79 195 1
e 80 84 2
e 80 196 1
e 81 85 2
e 81 197 1
e 82 84 1
e 82 198 1
e 83 85 1
e 83 199 1
e 84 200 1
e 85 201 1
t # 25117
v 0 15
v 1 12
v 2 1
v 3 1
v 4 1
v 5 1
v 6 1
v 7 1
v 8 3
v 9 3
v 10 3
v 11 3
v 12 3
v 13 3
v 14 3
v 15 3
v 16 3
v 17 3
v 18 3
v 19 3
v 20 3
v 21 3
v 22 3
v 23 3
v 24 3
v 25 3
v 26 3
v 27 3
v 28 3
v 29 3
v 30 3
v 31 3
v 32 3
v 33 3
v 34 3
v 35 3
v 36 3
v 37 3
v 38 3
v 39 3
v 40 3
v 41 3
v 42 3
v 43 3
v 44 3
v 45 3
v 46 3
v 47 3
v 48 3
v 49 3
v 50 3
v 51 3
v 52 3
v 53 3
v 54 3
v 55 3
v 56 3
v 57 3
v 58 3
v 59 3
v 60 3
v 61 3
v 62 3
v 63 3
v 64 3
v 65 3
v 66 3
v 67 3
v 68 3
v 69 3
v 70 3
v 71 3
v 72 3
v 73 3
v 74 3
v 75 3
v 76 3
v 77 3
v 78 3
v 79 3
v 80 3
v 81 3
v 82 4
v 83 4
v 84 4
v 85 4
v 86 4
v 87 4
v 88 4
v 89 4
v 90 4
v 91 4
v 92 4
v 93 4
v 94 4
v 95 4
v 96 4
v 97 4
v 98 4
v 99 4
v 100 4
v 101 4
v 102 4
v 103 4
v 104 4
v 105 4
v 106 4
v 107 4
v 108 4
v 109 4
v 110 4
v 111 4
v 112 4
v 113 4
v 114 4
v 115 4
v 116 4
v 117 4
v 118 4
v 119 4
v 120 4
v 121 4
v 122 4
v 123 4
v 124 4
v 125 4
v 126 4
v 127 4
v 128 4
v 129 4
v 130 4
v 131 4
v 132 4
v 133 4
v 134 4
v 135 4
v 136 4
v 137 4
v 138 4
v 139 4
v 140 4
v 141 4
v 142 4
v 143 4
v 144 4
v 145 4
v 146 4
v 147 4
v 148 4
v 149 4
v 150 4
v 151 4
v 152 4
v 153 4
v 154 4
v 155 4
v 156 4
v 157 4
v 158 4
v 159 4
v 160 4
v 161 4
v 162 4
v 163 4
v 164 4
v 165 4
v 166 4
v 167 4
v 168 4
v 169 4
v 170 4
v 171 4
v 172 4
v 173 4
v 174 4
v 175 4
v 176 4
v 177 4
v 178 4
v 179 4
v 180 4
v 181 4
v 182 4
v 183 4
v 184 4
v 185 4
v 186 4
v 187 4
v 188 4
v 189 4
v 190 4
v 191 4
v 192 4
v 193 4
v 194 4
e 40 2 1
e 41 3 1
e 4 54 2
e 5 55 2
e 6 56 2
e 7 57 2
e 8 10 1
e 8 12 1
e 8 28 1
e 8 82 1
e 9 11 1
e 9 13 1
e 9 29 1
e 9 83 1
e 10 14 1
e 10 26 1
e 10 84 1
e 11 15 1
e 11 27 1
e 11 85 1
e 12 20 1
e 12 22 1
e 12 38 1
e 13 21 1
e 13 23 1
e 13 39 1
e 14 16 1
e 14 24 1
e 14 86 1
e 15 17 1
e 15 25 1
e 15 87 1
e 16 18 1
e 16 34 1
e 16 44 1
e 17 19 1
e 17 35 1
e 17 45 1
e 18 30 1
e 18 36 1
e 18 88 1
e 19 31 1
e 19 37 1
e 19 89 1
e 20 32 1
e 20 42 1
e 20 90 1
e 21 33 1
e 21 43 1
e 21 91 1
e 22 24 1
e 22 92 1
e 22 93 1
e 23 25 1
e 23 94 1
e 23 95 1
e 24 96 1
e 24 97 1
e 25 98 1
e 25 99 1
e 26 30 1
e 26 100 1
e 26 101 1
e 27 31 1
e 27 102 1
e 27 103 1
e 28 32 1
e 28 104 1
e 28 105 1
e 29 33 1
e 29 106 1
e 29 107 1
e 30 108 1
e 30 109 1
e 31 110 1
e 31 111 1
e 32 112 1
e 32 113 1
e 33 114 1
e 33 115 1
e 34 46 1
e 34 116 1
e 34 117 1
e 35 47 1
e 35 118 1
e 35 119 1
e 36 40 1
e 36 120 1
e 36 121 1
e 37 41 1
e 37 122 1
e 37 123 1
e 38 124 1
e 38 125 1
e 38 126 1
e 39 127 1
e 39 128 1
e 39 129 1
e 40 46 1
e 40 130 1
e 41 47 1
e 41 131 1
e 42 48 1
e 42 50 1
e 42 132 1
e 43 49 1
e 43 51 1
e 43 133 1
e 44 134 1
e 44 135 1
e 44 136 1
e 45 137 1
e 45 138 1
e 45 139 1
e 46 140 1
e 46 141 1
e 47 142 1
e 47 143 1
e 48 52 1
e 48 144 1
e 48 145 1
e 49 53 1
e 49 146 1
e 49 147 1
e 50 148 1
e 50 149 1
e 50 150 1
e 51 151 1
e 51 152 1
e 51 153 1
e 52 58 1
e 52 154 1
e 52 155 1
e 53 59 1
e 53 156 1
e 53 157 1
e 54 60 1
e 54 62 1
e 55 61 1
e 55 63 1
e 56 61 1
e 56 66 1
e 57 60 1
e 57 67 1
e 58 64 1
e 58 158 1
e 58 159 1
e 59 65 1
e 59 160 1
e 59 161 1
e 60 162 1
e 61 163 1
e 62 164 1
e 62 165 1
e 62 166 1
e 63 167 1
e 63 168 1
e 63 169 1
e 64 68 1
e 64 69 1
e 64 170 1
e 65 70 1
e 65 71 1
e 65 171 1
e 66 72 2
e 66 74 1
e 67 73 2
e 67 75 1
e 68 172 1
e 68 173 1
e 68 174 1
e 69 175 1
e 69 176 1
e 69 177 1
e 70 178 1
e 70 179 1
e 70 180 1
e 71 181 1
e 71 182 1
e 71 183 1
e 72 76 1
e 72 184 1
e 73 77 1
e 73 185 1
e 74 78 2
e 74 186 1
e 75 79 2
e 75 187 1
e 76 80 2
e 76 188 1
e 77 81 2
e 77 189 1
e 78 80 1
e 78 190 1
e 79 81 1
e 79 191 1
e 80 192 1
e 81 193 1
t # 25118
v 0 1
v 1 3
v 2 3
v 3 3
v 4 3
v 5 3
v 6 3
v 7 3
v 8 3
v 9 3
v 10 3
v 11 4
v 12 4
v 13 4
v 14 4
v 15 4
v 16 4
v 17 4
v 18 4
v 19 4
v 20 4
v 21 4
v 22 4
v 23 4
v 24 4
v 25 4
v 26 4
e 0 8 1
e 0 26 1
e 1 2 1
e 1 3 1
e 1 7 1
e 1 11 1
e 2 4 1
e 2 12 1
e 2 13 1
e 3 6 1
e 3 14 1
e 3 15 1
e 4 5 1
e 4 16 1
e 4 17 1
e 5 6 2
e 5 8 1
e 6 18 1
e 7 9 1
e 7 10 2
e 8 19 1
e 8 20 1
e 9 21 1
e 9 22 1
e 9 23 1
e 10 24 1
e 10 25 1
t # 25119
v 0 1
v 1 1
v 2 1
v 3 2
v 4 2
v 5 3
v 6 3
v 7 3
v 8 3
v 9 3
v 10 3
v 11 3
v 12 3
v 13 3
v 14 3
v 15 3
v 16 3
v 17 3
v 18 3
v 19 3
v 20 3
v 21 3
v 22 3
v 23 3
v 24 3
v 25 4
v 26 4
v 27 4
v 28 4
v 29 4
v 30 4
v 31 4
v 32 4
v 33 4
v 34 4
v 35 4
v 36 4
v 37 4
v 38 4
v 39 4
v 40 4
v 41 4
v 42 4
v 43 4
v 44 4
e 0 7 2
e 1 12 1
e 1 23 1
e 2 12 2
e 3 5 1
e 3 6 1
e 3 7 1
e 4 7 1
e 4 8 1
e 4 9 1
e 5 9 2
e 5 12 1
e 6 10 1
e 6 25 1
e 6 26 1
e 8 11 1
e 8 27 1
e 8 28 1
e 9 29 1
e 10 13 2
e 10 14 1
e 11 15 2
e 11 16 1
e 13 17 1
e 13 30 1
e 14 18 2
e 14 31 1
e 15 19 1
e 15 32 1
e 16 20 2
e 16 33 1
e 17 21 2
e 17 34 1
e 18 21 1
e 18 35 1
e 19 22 2
e 19 36 1
e 20 22 1
e 20 37 1
e 21 38 1
e 22 39 1
e 23 24 1
e 23 40 1
e 23 41 1
e 24 42 1
e 24 43 1
e 24 44 1
t # 25120
v 0 1
v 1 1
v 2 2
v 3 2
v 4 2
v 5 3
v 6 3
v 7 3
v 8 3
v 9 3
v 10 3
v 11 3
v 12 3
v 13 3
v 14 3
v 15 3
v 16 3
v 17 3
v 18 3
v 19 3
v 20 3
v 21 3
v 22 3
v 23 4
v 24 4
v 25 4
v 26 4
v 27 4
v 28 4
v 29 4
v 30 4
v 31 4
v 32 4
v 33 4
v 34 4
v 35 4
v 36 4
v 37 4
v 38 4
v 39 4
e 0 7 2
e 1 12 2
e 2 5 1
e 2 6 1
e 2 7 1
e 3 7 1
e 3 8 1
e 3 9 1
e 4 12 1
e 4 38 1
e 4 39 1
e 5 10 1
e 5 23 1
e 5 24 1
e 6 9 2
e 6 12 1
e 8 11 1
e 8 25 1
e 8 26 1
e 9 27 1
e 10 13 2
e 10 14 1
e 11 15 2
e 11 16 1
e 13 17 1
e 13 28 1
e 14 18 2
e 14 29 1
e 15 19 1
e 15 30 1
e 16 20 2
e 16 31 1
e 17 21 2
e 17 32 1
e 18 21 1
e 18 33 1
e 19 22 2
e 19 34 1
e 20 22 1
e 20 35 1
e 21 36 1
e 22 37 1
t # 25121
v 0 25
v 1 1
v 2 1
v 3 1
v 4 1
v 5 2
v 6 2
v 7 2
v 8 2
v 9 2
v 10 2
v 11 2
v 12 2
v 13 2
v 14 2
v 15 2
v 16 2
v 17 3
v 18 3
v 19 3
v 20 3
v 21 3
v 22 3
v 23 3
v 24 3
v 25 3
v 26 3
v 27 3
v 28 3
v 29 3
v 30 3
v 31 3
v 32 3
v 33 3
v 34 3
v 35 3
v 36 3
v 37 3
v 38 3
v 39 3
v 40 3
v 41 3
v 42 3
v 43 3
v 44 3
v 45 3
v 46 3
v 47 3
v 48 3
v 49 3
v 50 3
v 51 3
v 52 3
v 53 4
v 54 4
v 55 4
v 56 4
v 57 4
v 58 4
v 59 4
v 60 4
v 61 4
v 62 4
v 63 4
v 64 4
v 65 4
v 66 4
v 67 4
v 68 4
v 69 4
v 70 4
v 71 4
v 72 4
e 1 49 2
e 2 50 2
e 3 51 2
e 4 52 2
e 5 17 1
e 5 21 1
e 6 18 1
e 6 22 1
e 7 19 2
e 7 24 1
e 8 20 1
e 8 23 2
e 9 17 2
e 9 23 1
e 10 19 1
e 10 21 2
e 11 18 1
e 11 24 2
e 12 20 2
e 12 22 1
e 13 49 1
e 13 65 1
e 13 66 1
e 14 50 1
e 14 67 1
e 14 68 1
e 15 51 1
e 15 69 1
e 15 70 1
e 16 52 1
e 16 71 1
e 16 72 1
e 17 25 1
e 18 26 2
e 19 27 1
e 20 28 1
e 21 29 1
e 22 30 2
e 23 31 1
e 24 32 1
e 25 29 2
e 25 33 1
e 26 30 1
e 26 34 1
e 27 32 2
e 27 35 1
e 28 31 2
e 28 36 1
e 29 37 1
e 30 38 1
e 31 39 1
e 32 40 1
e 33 41 2
e 33 53 1
e 34 42 2
e 34 54 1
e 35 43 2
e 35 55 1
e 36 44 2
e 36 56 1
e 37 45 2
e 37 57 1
e 38 46 2
e 38 58 1
e 39 47 2
e 39 59 1
e 40 48 2
e 40 60 1
e 41 45 1
e 41 49 1
e 42 46 1
e 42 50 1
e 43 48 1
e 43 51 1
e 44 47 1
e 44 52 1
e 45 61 1
e 46 62 1
e 47 63 1
e 48 64 1
t # 25122
v 0 10
v 1 1
v 2 1
v 3 1
v 4 1
v 5 1
v 6 1
v 7 1
v 8 1
v 9 2
v 10 2
v 11 2
v 12 2
v 13 2
v 14 2
v 15 2
v 16 2
v 17 3
v 18 3
v 19 3
v 20 3
v 21 3
v 22 3
v 23 3
v 24 3
v 25 3
v 26 3
v 27 3
v 28 3
v 29 3
v 30 3
v 31 3
v 32 3
v 33 3
v 34 3
v 35 3
v 36 3
v 37 3
v 38 3
v 39 3
v 40 3
v 41 3
v 42 3
v 43 3
v 44 3
v 45 3
v 46 3
v 47 3
v 48 3
v 49 3
v 50 3
v 51 3
v 52 3
v 53 4
v 54 4
v 55 4
v 56 4
v 57 4
v 58 4
v 59 4
v 60 4
v 61 4
v 62 4
v 63 4
v 64 4
e 1 49 1
e 2 49 2
e 3 50 1
e 4 50 2
e 5 51 1
e 6 51 2
e 7 52 1
e 8 52 2
e 9 17 1
e 9 21 1
e 10 18 1
e 10 24 2
e 11 20 1
e 11 22 2
e 12 19 1
e 12 23 1
e 13 17 1
e 13 18 2
e 14 20 2
e 14 21 1
e 15 19 2
e 15 22 1
e 16 23 2
e 16 24 1
e 17 25 2
e 18 27 1
e 19 26 1
e 20 28 1
e 21 29 2
e 22 31 1
e 23 30 1
e 24 32 1
e 25 29 1
e 25 33 1
e 26 30 2
e 26 34 1
e 27 32 2
e 27 35 1
e 28 31 2
e 28 36 1
e 29 37 1
e 30 38 1
e 31 39 1
e 32 40 1
e 33 41 2
e 33 53 1
e 34 42 2
e 34 54 1
e 35 43 2
e 35 55 1
e 36 44 2
e 36 56 1
e 37 45 2
e 37 57 1
e 38 46 2
e 38 58 1
e 39 47 2
e 39 59 1
e 40 48 2
e 40 60 1
e 41 45 1
e 41 49 1
e 42 46 1
e 42 50 1
e 43 48 1
e 43 51 1
e 44 47 1
e 44 52 1
e 45 61 1
e 46 62 1
e 47 63 1
e 48 64 1
t # 25123
v 0 12
v 1 12
v 2 1
v 3 1
v 4 1
v 5 1
v 6 2
v 7 2
v 8 3
v 9 3
v 10 3
v 11 3
v 12 3
v 13 3
v 14 3
v 15 3
v 16 3
v 17 3
v 18 3
v 19 3
v 20 3
v 21 3
v 22 3
v 23 3
v 24 3
v 25 3
v 26 3
v 27 3
v 28 3
v 29 3
v 30 3
v 31 4
v 32 4
v 33 4
v 34 4
v 35 4
v 36 4
v 37 4
v 38 4
v 39 4
v 40 4
v 41 4
v 42 4
v 43 4
v 44 4
v 45 4
v 46 4
v 47 4
v 48 4
v 49 4
v 50 4
v 51 4
v 52 4
v 53 4
v 54 4
v 55 4
v 56 4
e 0 25 1
e 1 26 1
e 2 23 1
e 2 29 1
e 3 24 1
e 3 30 1
e 4 27 2
e 5 28 2
e 6 27 1
e 6 47 1
e 6 48 1
e 7 28 1
e 7 49 1
e 7 50 1
e 8 9 1
e 8 10 1
e 8 31 1
e 8 32 1
e 9 12 1
e 9 33 1
e 9 34 1
e 10 13 1
e 10 35 1
e 10 36 1
e 11 12 2
e 11 14 1
e 11 15 1
e 12 37 1
e 13 16 1
e 13 38 1
e 13 39 1
e 14 17 2
e 14 19 1
e 15 18 2
e 15 20 1
e 16 40 1
e 16 41 1
e 16 42 1
e 17 21 1
e 17 43 1
e 18 22 1
e 18 44 1
e 19 25 2
e 19 45 1
e 20 26 2
e 20 46 1
e 21 23 2
e 21 27 1
e 22 24 2
e 22 28 1
e 23 25 1
e 24 26 1
e 29 51 1
e 29 52 1
e 29 53 1
e 30 54 1
e 30 55 1
e 30 56 1
t # 25124
v 0 1
v 1 1
v 2 1
v 3 1
v 4 2
v 5 2
v 6 2
v 7 2
v 8 2
v 9 3
v 10 3
v 11 3
v 12 3
v 13 3
v 14 3
v 15 3
v 16 3
v 17 3
v 18 3
v 19 3
v 20 3
v 21 3
v 22 3
v 23 3
v 24 3
v 25 3
v 26 4
v 27 4
v 28 4
v 29 4
v 30 4
v 31 4
v 32 4
v 33 4
v 34 4
v 35 4
v 36 4
v 37 4
v 38 4
v 39 4
v 40 4
v 41 4
v 42 4
e 0 9 1
e 0 12 1
e 1 13 1
e 1 35 1
e 2 17 2
e 3 19 2
e 4 9 1
e 4 14 1
e 4 15 1
e 5 15 2
e 5 16 1
e 6 14 1
e 6 18 2
e 7 17 1
e 7 18 1
e 7 19 1
e 8 18 1
e 8 36 1
e 8 37 1
e 9 10 1
e 9 26 1
e 10 11 1
e 10 27 1
e 10 28 1
e 11 12 1
e 11 29 1
e 11 30 1
e 12 13 1
e 12 31 1
e 13 32 1
e 13 33 1
e 14 16 2
e 15 34 1
e 16 17 1
e 19 20 1
e 20 21 2
e 20 22 1
e 21 23 1
e 21 38 1
e 22 24 2
e 22 39 1
e 23 25 2
e 23 40 1
e 24 25 1
e 24 41 1
e 25 42 1
t # 25125
v 0 1
v 1 1
v 2 1
v 3 1
v 4 1
v 5 1
v 6 2
v 7 3
v 8 3
v 9 3
v 10 3
v 11 3
v 12 3
v 13 3
v 14 3
v 15 3
v 16 3
v 17 3
v 18 3
v 19 3
v 20 3
v 21 3
v 22 3
v 23 4
v 24 4
v 25 4
v 26 4
v 27 4
v 28 4
v 29 4
v 30 4
v 31 4
v 32 4
v 33 4
v 34 4
v 35 4
v 36 4
v 37 4
v 38 4
v 39 4
e 0 11 2
e 1 14 2
e 2 16 2
e 3 17 2
e 4 21 1
e 4 22 1
e 5 21 2
e 6 8 1
e 6 14 1
e 6 25 1
e 7 11 1
e 7 16 1
e 7 17 1
e 7 23 1
e 8 9 2
e 8 13 1
e 9 12 1
e 9 18 1
e 10 12 2
e 10 15 1
e 10 19 1
e 11 14 1
e 12 24 1
e 13 15 2
e 13 26 1
e 15 27 1
e 16 20 1
e 17 21 1
e 18 28 1
e 18 29 1
e 18 30 1
e 19 31 1
e 19 32 1
e 19 33 1
e 20 34 1
e 20 35 1
e 20 36 1
e 22 37 1
e 22 38 1
e 22 39 1
t # 25126
v 0 12
v 1 1
v 2 1
v 3 1
v 4 1
v 5 1
v 6 2
v 7 2
v 8 2
v 9 3
v 10 3
v 11 3
v 12 3
v 13 3
v 14 3
v 15 3
v 16 3
v 17 3
v 18 3
v 19 3
v 20 3
v 21 3
v 22 3
v 23 3
v 24 3
v 25 3
v 26 3
v 27 3
v 28 3
v 29 4
v 30 4
v 31 4
v 32 4
v 33 4
v 34 4
v 35 4
v 36 4
v 37 4
v 38 4
v 39 4
v 40 4
v 41 4
v 42 4
v 43 4
v 44 4
e 0 20 1
e 1 13 2
e 2 14 2
e 3 15 2
e 4 18 2
e 5 25 1
e 5 28 1
e 6 11 1
e 6 13 1
e 6 30 1
e 7 10 2
e 7 12 1
e 8 18 1
e 8 22 1
e 8 37 1
e 9 10 1
e 9 14 1
e 9 15 1
e 9 29 1
e 10 13 1
e 11 12 2
e 11 16 1
e 12 17 1
e 14 18 1
e 15 19 1
e 16 20 2
e 16 31 1
e 17 21 2
e 17 32 1
e 19 33 1
e 19 34 1
e 19 35 1
e 20 21 1
e 21 36 1
e 22 23 2
e 22 24 1
e 23 25 1
e 23 38 1
e 24 26 2
e 24 39 1
e 25 27 2
e 26 27 1
e 26 40 1
e 27 41 1
e 28 42 1
e 28 43 1
e 28 44 1
t # 25127
v 0 12
v 1 1
v 2 1
v 3 1
v 4 1
v 5 1
v 6 1
v 7 2
v 8 2
v 9 2
v 10 3
v 11 3
v 12 3
v 13 3
v 14 3
v 15 3
v 16 3
v 17 3
v 18 3
v 19 3
v 20 3
v 21 3
v 22 3
v 23 3
v 24 3
v 25 3
v 26 3
v 27 3
v 28 3
v 29 3
v 30 3
v 31 4
v 32 4
v 33 4
v 34 4
v 35 4
v 36 4
v 37 4
v 38 4
v 39 4
v 40 4
v 41 4
v 42 4
v 43 4
v 44 4
v 45 4
v 46 4
v 47 4
v 48 4
e 0 22 1
e 1 12 2
e 2 15 2
e 3 16 2
e 4 24 1
e 4 29 1
e 5 17 2
e 6 26 1
e 6 30 1
e 7 13 1
e 7 15 1
e 7 32 1
e 8 11 2
e 8 14 1
e 9 17 1
e 9 20 1
e 9 38 1
e 10 11 1
e 10 12 1
e 10 16 1
e 10 31 1
e 11 15 1
e 12 17 1
e 13 14 2
e 13 18 1
e 14 19 1
e 16 21 1
e 18 22 2
e 18 33 1
e 19 23 2
e 19 34 1
e 20 24 2
e 20 25 1
e 21 35 1
e 21 36 1
e 21 37 1
e 22 23 1
e 23 39 1
e 24 27 1
e 25 26 2
e 25 40 1
e 26 28 1
e 27 28 2
e 27 41 1
e 28 42 1
e 29 43 1
e 29 44 1
e 29 45 1
e 30 46 1
e 30 47 1
e 30 48 1
t # 25128
v 0 12
v 1 1
v 2 1
v 3 1
v 4 1
v 5 1
v 6 2
v 7 3
v 8 3
v 9 3
v 10 3
v 11 3
v 12 3
v 13 3
v 14 3
v 15 3
v 16 3
v 17 3
v 18 3
v 19 3
v 20 3
v 21 3
v 22 3
v 23 3
v 24 3
v 25 3
v 26 3
v 27 3
v 28 3
v 29 3
v 30 3
v 31 3
v 32 3
v 33 3
v 34 3
v 35 3
v 36 3
v 37 4
v 38 4
v 39 4
v 40 4
v 41 4
v 42 4
v 43 4
v 44 4
v 45 4
v 46 4
v 47 4
v 48 4
v 49 4
v 50 4
v 51 4
v 52 4
v 53 4
v 54 4
v 55 4
v 56 4
e 0 36 1
e 1 7 1
e 1 13 1
e 2 11 2
e 3 12 2
e 4 13 2
e 5 20 2
e 6 20 1
e 6 28 1
e 6 47 1
e 7 8 1
e 7 9 1
e 7 37 1
e 8 11 1
e 8 12 1
e 8 38 1
e 9 10 1
e 9 14 2
e 10 13 1
e 10 16 2
e 11 15 1
e 12 20 1
e 14 18 1
e 14 39 1
e 15 17 1
e 15 21 2
e 16 19 1
e 16 40 1
e 17 22 1
e 17 23 2
e 18 19 2
e 18 41 1
e 19 42 1
e 21 24 1
e 21 43 1
e 22 26 2
e 22 27 1
e 23 25 1
e 23 44 1
e 24 25 2
e 24 45 1
e 25 46 1
e 26 29 1
e 26 48 1
e 27 30 2
e 27 49 1
e 28 32 2
e 28 33 1
e 29 31 2
e 29 50 1
e 30 31 1
e 30 51 1
e 31 52 1
e 32 34 1
e 32 53 1
e 33 35 2
e 33 54 1
e 34 36 2
e 34 55 1
e 35 36 1
e 35 56 1
t # 25129
v 0 12
v 1 1
v 2 1
v 3 1
v 4 1
v 5 1
v 6 1
v 7 1
v 8 1
v 9 1
v 10 2
v 11 2
v 12 2
v 13 2
v 14 2
v 15 3
v 16 3
v 17 3
v 18 3
v 19 3
v 20 3
v 21 3
v 22 3
v 23 3
v 24 3
v 25 3
v 26 3
v 27 3
v 28 3
v 29 3
v 30 3
v 31 3
v 32 3
v 33 3
v 34 4
v 35 4
v 36 4
v 37 4
v 38 4
v 39 4
v 40 4
v 41 4
v 42 4
v 43 4
v 44 4
v 45 4
e 0 27 1
e 1 21 1
e 1 33 1
e 2 19 2
e 3 20 2
e 4 21 2
e 5 22 2
e 10 17 1
e 10 19 1
e 10 35 1
e 11 16 2
e 11 18 1
e 12 22 1
e 12 25 1
e 12 38 1
e 13 26 1
e 14 31 1
e 15 16 1
e 15 20 1
e 15 21 1
e 15 34 1
e 16 19 1
e 17 18 2
e 17 23 1
e 18 24 1
e 20 22 1
e 23 27 2
e 23 36 1
e 24 28 2
e 24 37 1
e 25 26 2
e 25 29 1
e 26 30 1
e 27 28 1
e 28 39 1
e 29 32 2
e 29 40 1
e 30 31 2
e 30 41 1
e 31 32 1
e 32 42 1
e 33 43 1
e 33 44 1
e 33 45 1
t # 25130
v 0 12
v 1 1
v 2 1
v 3 1
v 4 1
v 5 1
v 6 1
v 7 2
v 8 2
v 9 2
v 10 3
v 11 3
v 12 3
v 13 3
v 14 3
v 15 3
v 16 3
v 17 3
v 18 3
v 19 3
v 20 3
v 21 3
v 22 3
v 23 3
v 24 3
v 25 3
v 26 3
v 27 3
v 28 3
v 29 4
v 30 4
v 31 4
v 32 4
v 33 4
v 34 4
v 35 4
v 36 4
v 37 4
v 38 4
v 39 4
v 40 4
v 41 4
v 42 4
e 0 20 1
e 1 16 1
e 1 28 1
e 2 14 2
e 3 15 2
e 4 16 2
e 5 19 2
e 6 25 1
e 6 42 1
e 7 12 1
e 7 14 1
e 7 30 1
e 8 11 2
e 8 13 1
e 9 19 1
e 9 22 1
e 9 34 1
e 10 11 1
e 10 15 1
e 10 16 1
e 10 29 1
e 11 14 1
e 12 13 2
e 12 17 1
e 13 18 1
e 15 19 1
e 17 20 2
e 17 31 1
e 18 21 2
e 18 32 1
e 20 21 1
e 21 33 1
e 22 23 2
e 22 24 1
e 23 25 1
e 23 35 1
e 24 26 2
e 24 36 1
e 25 27 2
e 26 27 1
e 26 37 1
e 27 38 1
e 28 39 1
e 28 40 1
e 28 41 1
t # 25131
v 0 12
v 1 11
v 2 1
v 3 1
v 4 1
v 5 1
v 6 1
v 7 1
v 8 1
v 9 2
v 10 2
v 11 2
v 12 2
v 13 2
v 14 3
v 15 3
v 16 3
v 17 3
v 18 3
v 19 3
v 20 3
v 21 3
v 22 3
v 23 3
v 24 3
v 25 3
v 26 3
v 27 3
v 28 3
v 29 3
v 30 3
v 31 3
v 32 3
v 33 3
v 34 4
v 35 4
v 36 4
v 37 4
v 38 4
v 39 4
v 40 4
v 41 4
v 42 4
v 43 4
v 44 4
v 45 4
e 0 27 1
e 1 24 1
e 1 26 1
e 2 20 1
e 2 33 1
e 3 18 2
e 4 19 2
e 5 20 2
e 6 23 2
e 9 16 1
e 9 18 1
e 9 35 1
e 10 15 2
e 10 17 1
e 11 23 1
e 11 26 1
e 11 38 1
e 12 25 1
e 12 26 2
e 13 31 1
e 14 15 1
e 14 19 1
e 14 20 1
e 14 34 1
e 15 18 1
e 16 17 2
e 16 21 1
e 17 22 1
e 19 23 1
e 21 27 2
e 21 36 1
e 22 28 2
e 22 37 1
e 24 25 2
e 24 29 1
e 25 30 1
e 27 28 1
e 28 39 1
e 29 31 2
e 29 40 1
e 30 32 2
e 30 41 1
e 31 32 1
e 32 42 1
e 33 43 1
e 33 44 1
e 33 45 1
t # 25132
v 0 12
v 1 1
v 2 1
v 3 1
v 4 1
v 5 1
v 6 1
v 7 2
v 8 2
v 9 2
v 10 3
v 11 3
v 12 3
v 13 3
v 14 3
v 15 3
v 16 3
v 17 3
v 18 3
v 19 3
v 20 3
v 21 3
v 22 3
v 23 3
v 24 3
v 25 3
v 26 3
v 27 3
v 28 3
v 29 3
v 30 3
v 31 4
v 32 4
v 33 4
v 34 4
v 35 4
v 36 4
v 37 4
v 38 4
v 39 4
v 40 4
v 41 4
v 42 4
v 43 4
v 44 4
v 45 4
v 46 4
e 0 22 1
e 1 16 1
e 1 29 1
e 2 14 2
e 3 15 2
e 4 16 2
e 5 19 2
e 6 27 2
e 7 12 1
e 7 14 1
e 7 32 1
e 8 11 2
e 8 13 1
e 9 19 1
e 9 20 1
e 9 35 1
e 10 11 1
e 10 15 1
e 10 16 1
e 10 31 1
e 11 14 1
e 12 13 2
e 12 17 1
e 13 18 1
e 15 19 1
e 17 22 2
e 17 33 1
e 18 23 2
e 18 34 1
e 20 21 1
e 20 24 2
e 21 25 2
e 21 27 1
e 22 23 1
e 23 36 1
e 24 26 1
e 24 37 1
e 25 28 1
e 25 38 1
e 26 28 2
e 26 39 1
e 27 30 1
e 28 40 1
e 29 44 1
e 29 45 1
e 29 46 1
e 30 41 1
e 30 42 1
e 30 43 1
t # 25133
v 0 12
v 1 11
v 2 1
v 3 1
v 4 1
v 5 1
v 6 1
v 7 1
v 8 1
v 9 1
v 10 2
v 11 2
v 12 2
v 13 2
v 14 2
v 15 2
v 16 2
v 17 2
v 18 3
v 19 3
v 20 3
v 21 3
v 22 3
v 23 3
v 24 3
v 25 3
v 26 3
v 27 3
v 28 3
v 29 3
v 30 3
v 31 3
v 32 3
v 33 3
v 34 3
v 35 3
v 36 3
v 37 3
v 38 3
v 39 3
v 40 3
v 41 3
v 42 3
v 43 4
v 44 4
v 45 4
v 46 4
v 47 4
v 48 4
v 49 4
v 50 4
v 51 4
v 52 4
v 53 4
v 54 4
v 55 4
v 56 4
v 57 4
v 58 4
v 59 4
e 0 40 1
e 1 26 1
e 1 37 1
e 2 31 1
e 2 39 1
e 3 23 2
e 4 28 2
e 5 29 2
e 10 24 1
e 10 29 1
e 10 48 1
e 11 19 2
e 11 25 1
e 12 37 1
e 12 39 1
e 12 55 1
e 13 33 1
e 13 37 2
e 14 27 1
e 15 17 1
e 15 31 2
e 16 32 1
e 17 39 2
e 18 19 1
e 18 23 1
e 18 43 1
e 18 44 1
e 19 29 1
e 20 23 1
e 20 28 1
e 20 45 1
e 20 46 1
e 21 22 2
e 21 30 1
e 21 31 1
e 22 27 1
e 22 35 1
e 24 25 2
e 24 36 1
e 25 38 1
e 26 28 1
e 26 33 2
e 27 34 2
e 30 32 2
e 30 47 1
e 32 34 1
e 33 42 1
e 34 49 1
e 35 50 1
e 35 51 1
e 35 52 1
e 36 40 2
e 36 53 1
e 38 41 2
e 38 54 1
e 40 41 1
e 41 56 1
e 42 57 1
e 42 58 1
e 42 59 1
t # 25134
v 0 11
v 1 1
v 2 1
v 3 1
v 4 1
v 5 1
v 6 1
v 7 2
v 8 2
v 9 3
v 10 3
v 11 3
v 12 3
v 13 3
v 14 3
v 15 3
v 16 3
v 17 3
v 18 3
v 19 3
v 20 3
v 21 3
v 22 3
v 23 3
v 24 3
v 25 3
v 26 3
v 27 3
v 28 3
v 29 3
v 30 3
v 31 3
v 32 3
v 33 3
v 34 3
v 35 3
v 36 3
v 37 3
v 38 3
v 39 3
v 40 3
v 41 3
v 42 4
v 43 4
v 44 4
v 45 4
v 46 4
v 47 4
v 48 4
v 49 4
v 50 4
v 51 4
v 52 4
v 53 4
v 54 4
v 55 4
v 56 4
v 57 4
v 58 4
v 59 4
v 60 4
v 61 4
v 62 4
v 63 4
v 64 4
v 65 4
e 0 30 1
e 0 31 1
e 1 9 1
e 1 15 1
e 2 13 2
e 3 14 2
e 4 15 2
e 5 22 2
e 6 38 1
e 6 40 1
e 7 22 1
e 7 30 1
e 7 51 1
e 8 30 2
e 8 32 1
e 9 10 1
e 9 11 1
e 9 42 1
e 10 13 1
e 10 14 1
e 10 43 1
e 11 12 1
e 11 16 2
e 12 15 1
e 12 18 2
e 13 17 1
e 14 22 1
e 16 20 1
e 16 44 1
e 17 19 1
e 17 23 2
e 18 21 1
e 18 45 1
e 19 24 1
e 19 25 2
e 20 21 2
e 20 46 1
e 21 47 1
e 23 26 1
e 23 48 1
e 24 28 2
e 24 29 1
e 25 27 1
e 25 49 1
e 26 27 2
e 26 50 1
e 27 52 1
e 28 33 1
e 28 53 1
e 29 34 2
e 29 54 1
e 31 32 2
e 31 36 1
e 32 37 1
e 33 35 2
e 33 55 1
e 34 35 1
e 34 56 1
e 35 57 1
e 36 38 2
e 36 58 1
e 37 39 2
e 37 59 1
e 38 39 1
e 39 60 1
e 40 41 1
e 40 61 1
e 40 62 1
e 41 63 1
e 41 64 1
e 41 65 1
t # 25135
v 0 18
v 1 12
v 2 1
v 3 1
v 4 1
v 5 1
v 6 1
v 7 2
v 8 2
v 9 2
v 10 3
v 11 3
v 12 3
v 13 3
v 14 3
v 15 3
v 16 3
v 17 3
v 18 3
v 19 3
v 20 3
v 21 3
v 22 3
v 23 3
v 24 3
v 25 3
v 26 3
v 27 3
v 28 3
v 29 4
v 30 4
v 31 4
v 32 4
v 33 4
v 34 4
v 35 4
v 36 4
v 37 4
v 38 4
v 39 4
v 40 4
v 41 4
e 1 20 1
e 2 16 1
e 2 27 1
e 3 14 2
e 4 15 2
e 5 16 2
e 6 19 2
e 7 12 1
e 7 14 1
e 7 30 1
e 8 11 2
e 8 13 1
e 9 19 1
e 9 22 1
e 9 34 1
e 10 11 1
e 10 15 1
e 10 16 1
e 10 29 1
e 11 14 1
e 12 13 2
e 12 17 1
e 13 18 1
e 15 19 1
e 17 20 2
e 17 31 1
e 18 21 2
e 18 32 1
e 20 21 1
e 21 33 1
e 22 23 2
e 22 24 1
e 23 25 1
e 23 35 1
e 24 26 2
e 24 36 1
e 25 28 2
e 25 37 1
e 26 28 1
e 26 38 1
e 27 39 1
e 27 40 1
e 27 41 1
t # 25136
v 0 14
v 1 1
v 2 1
v 3 1
v 4 1
v 5 1
v 6 1
v 7 2
v 8 3
v 9 3
v 10 3
v 11 3
v 12 3
v 13 3
v 14 3
v 15 3
v 16 3
v 17 3
v 18 3
v 19 3
v 20 3
v 21 3
v 22 3
v 23 3
v 24 3
v 25 3
v 26 3
v 27 3
v 28 3
v 29 3
v 30 3
v 31 3
v 32 3
v 33 4
v 34 4
v 35 4
v 36 4
v 37 4
v 38 4
v 39 4
v 40 4
v 41 4
v 42 4
v 43 4
v 44 4
v 45 4
v 46 4
v 47 4
v 48 4
v 49 4
v 50 4
e 1 8 1
e 1 14 1
e 2 12 2
e 3 13 2
e 4 14 2
e 5 20 2
e 6 27 1
e 6 32 1
e 7 20 1
e 7 23 1
e 7 40 1
e 8 9 1
e 8 10 1
e 8 33 1
e 9 12 1
e 9 13 1
e 9 34 1
e 10 11 1
e 10 15 2
e 11 14 1
e 11 16 2
e 12 17 1
e 13 20 1
e 15 18 1
e 15 35 1
e 16 19 1
e 16 36 1
e 17 21 1
e 17 22 2
e 18 19 2
e 18 37 1
e 19 38 1
e 21 24 2
e 22 25 1
e 22 39 1
e 23 27 1
e 23 28 2
e 24 26 1
e 24 41 1
e 25 26 2
e 25 42 1
e 26 43 1
e 27 29 2
e 28 30 1
e 28 44 1
e 29 31 1
e 29 45 1
e 30 31 2
e 30 46 1
e 31 47 1
e 32 48 1
e 32 49 1
e 32 50 1
t # 25137
v 0 14
v 1 1
v 2 1
v 3 1
v 4 1
v 5 1
v 6 1
v 7 1
v 8 2
v 9 3
v 10 3
v 11 3
v 12 3
v 13 3
v 14 3
v 15 3
v 16 3
v 17 3
v 18 3
v 19 3
v 20 3
v 21 3
v 22 3
v 23 3
v 24 3
v 25 3
v 26 3
v 27 3
v 28 3
v 29 3
v 30 3
v 31 3
v 32 3
v 33 3
v 34 3
v 35 4
v 36 4
v 37 4
v 38 4
v 39 4
v 40 4
v 41 4
v 42 4
v 43 4
v 44 4
v 45 4
v 46 4
v 47 4
v 48 4
v 49 4
v 50 4
v 51 4
v 52 4
v 53 4
v 54 4
e 1 9 1
e 1 15 1
e 2 13 2
e 3 14 2
e 4 15 2
e 5 21 2
e 6 28 1
e 6 33 1
e 7 30 1
e 7 34 1
e 8 21 1
e 8 24 1
e 8 42 1
e 9 10 1
e 9 11 1
e 9 35 1
e 10 13 1
e 10 14 1
e 10 36 1
e 11 12 1
e 11 16 2
e 12 15 1
e 12 17 2
e 13 18 1
e 14 21 1
e 16 19 1
e 16 37 1
e 17 20 1
e 17 38 1
e 18 22 1
e 18 23 2
e 19 20 2
e 19 39 1
e 20 40 1
e 22 25 2
e 23 26 1
e 23 41 1
e 24 28 2
e 24 29 1
e 25 27 1
e 25 43 1
e 26 27 2
e 26 44 1
e 27 45 1
e 28 31 1
e 29 30 2
e 29 46 1
e 30 32 1
e 31 32 2
e 31 47 1
e 32 48 1
e 33 49 1
e 33 50 1
e 33 51 1
e 34 52 1
e 34 53 1
e 34 54 1
t # 25138
v 0 11
v 1 14
v 2 1
v 3 1
v 4 1
v 5 1
v 6 1
v 7 1
v 8 2
v 9 2
v 10 3
v 11 3
v 12 3
v 13 3
v 14 3
v 15 3
v 16 3
v 17 3
v 18 3
v 19 3
v 20 3
v 21 3
v 22 3
v 23 3
v 24 3
v 25 3
v 26 3
v 27 3
v 28 3
v 29 3
v 30 3
v 31 3
v 32 3
v 33 3
v 34 3
v 35 3
v 36 3
v 37 4
v 38 4
v 39 4
v 40 4
v 41 4
v 42 4
v 43 4
v 44 4
v 45 4
v 46 4
v 47 4
v 48 4
v 49 4
v 50 4
v 51 4
v 52 4
v 53 4
v 54 4
v 55 4
e 0 25 1
e 0 29 1
e 2 10 1
e 2 16 1
e 3 14 2
e 4 15 2
e 5 16 2
e 6 22 2
e 7 33 1
e 7 35 1
e 8 22 1
e 8 25 1
e 8 44 1
e 9 25 2
e 9 30 1
e 10 11 1
e 10 12 1
e 10 37 1
e 11 14 1
e 11 15 1
e 11 38 1
e 12 13 1
e 12 17 2
e 13 16 1
e 13 18 2
e 14 19 1
e 15 22 1
e 17 20 1
e 17 39 1
e 18 21 1
e 18 40 1
e 19 23 1
e 19 24 2
e 20 21 2
e 20 41 1
e 21 42 1
e 23 26 2
e 24 27 1
e 24 43 1
e 26 28 1
e 26 45 1
e 27 28 2
e 27 46 1
e 28 47 1
e 29 30 2
e 29 31 1
e 30 32 1
e 31 33 2
e 31 48 1
e 32 34 2
e 32 49 1
e 33 34 1
e 34 50 1
e 35 36 1
e 35 51 1
e 35 52 1
e 36 53 1
e 36 54 1
e 36 55 1
t # 25139
v 0 14
v 1 1
v 2 1
v 3 1
v 4 1
v 5 1
v 6 1
v 7 1
v 8 2
v 9 2
v 10 3
v 11 3
v 12 3
v 13 3
v 14 3
v 15 3
v 16 3
v 17 3
v 18 3
v 19 3
v 20 3
v 21 3
v 22 3
v 23 3
v 24 3
v 25 3
v 26 3
v 27 3
v 28 3
v 29 3
v 30 3
v 31 3
v 32 3
v 33 3
v 34 3
v 35 4
v 36 4
v 37 4
v 38 4
v 39 4
v 40 4
v 41 4
v 42 4
v 43 4
v 44 4
v 45 4
v 46 4
v 47 4
v 48 4
v 49 4
v 50 4
v 51 4
e 1 10 1
e 1 16 1
e 2 14 2
e 3 15 2
e 4 16 2
e 5 21 2
e 8 21 1
e 8 25 1
e 8 41 1
e 9 32 1
e 10 11 1
e 10 12 1
e 10 35 1
e 11 14 1
e 11 15 1
e 11 36 1
e 12 13 1
e 12 17 2
e 13 16 1
e 13 18 2
e 14 19 1
e 15 21 1
e 17 20 1
e 17 37 1
e 18 22 1
e 18 38 1
e 19 23 1
e 19 24 2
e 20 22 2
e 20 39 1
e 22 40 1
e 23 27 2
e 24 28 1
e 24 42 1
e 25 26 2
e 25 29 1
e 26 31 1
e 26 33 1
e 27 30 1
e 27 43 1
e 28 30 2
e 28 44 1
e 29 32 2
e 29 45 1
e 30 46 1
e 31 34 2
e 31 47 1
e 32 34 1
e 33 48 1
e 33 49 1
e 33 50 1
e 34 51 1
t # 25140
v 0 14
v 1 1
v 2 1
v 3 1
v 4 1
v 5 1
v 6 1
v 7 2
v 8 3
v 9 3
v 10 3
v 11 3
v 12 3
v 13 3
v 14 3
v 15 3
v 16 3
v 17 3
v 18 3
v 19 3
v 20 3
v 21 3
v 22 3
v 23 3
v 24 3
v 25 3
v 26 3
v 27 3
v 28 3
v 29 3
v 30 3
v 31 3
v 32 3
v 33 4
v 34 4
v 35 4
v 36 4
v 37 4
v 38 4
v 39 4
v 40 4
v 41 4
v 42 4
v 43 4
v 44 4
v 45 4
v 46 4
v 47 4
v 48 4
v 49 4
v 50 4
e 1 8 1
e 1 14 1
e 2 12 2
e 3 13 2
e 4 14 2
e 5 20 2
e 6 29 1
e 6 32 1
e 7 20 1
e 7 25 1
e 7 40 1
e 8 9 1
e 8 10 1
e 8 33 1
e 9 12 1
e 9 13 1
e 9 34 1
e 10 11 1
e 10 15 2
e 11 14 1
e 11 16 2
e 12 17 1
e 13 20 1
e 15 18 1
e 15 35 1
e 16 19 1
e 16 36 1
e 17 21 1
e 17 22 2
e 18 19 2
e 18 37 1
e 19 38 1
e 21 23 2
e 22 24 1
e 22 39 1
e 23 26 1
e 23 41 1
e 24 26 2
e 24 42 1
e 25 27 2
e 25 28 1
e 26 43 1
e 27 29 1
e 27 44 1
e 28 30 2
e 28 45 1
e 29 31 2
e 30 31 1
e 30 46 1
e 31 47 1
e 32 48 1
e 32 49 1
e 32 50 1
t # 25141
v 0 14
v 1 1
v 2 1
v 3 1
v 4 1
v 5 1
v 6 1
v 7 1
v 8 2
v 9 2
v 10 3
v 11 3
v 12 3
v 13 3
v 14 3
v 15 3
v 16 3
v 17 3
v 18 3
v 19 3
v 20 3
v 21 3
v 22 3
v 23 3
v 24 3
v 25 3
v 26 3
v 27 3
v 28 3
v 29 3
v 30 3
v 31 3
v 32 3
v 33 3
v 34 4
v 35 4
v 36 4
v 37 4
v 38 4
v 39 4
v 40 4
v 41 4
v 42 4
v 43 4
v 44 4
v 45 4
v 46 4
v 47 4
v 48 4
v 49 4
v 50 4
e 1 11 1
e 1 14 1
e 2 14 2
e 3 17 2
e 4 19 2
e 5 22 2
e 8 22 1
e 8 27 1
e 8 43 1
e 9 31 1
e 10 11 1
e 10 12 1
e 10 15 1
e 10 34 1
e 11 13 1
e 11 35 1
e 12 14 1
e 12 16 1
e 12 36 1
e 13 17 1
e 13 19 1
e 13 37 1
e 15 18 2
e 15 38 1
e 16 20 2
e 16 39 1
e 17 21 1
e 18 20 1
e 18 40 1
e 19 22 1
e 20 41 1
e 21 23 1
e 21 24 2
e 23 25 2
e 24 26 1
e 24 42 1
e 25 28 1
e 25 44 1
e 26 28 2
e 26 45 1
e 27 29 2
e 27 30 1
e 28 46 1
e 29 31 1
e 29 47 1
e 30 32 2
e 30 48 1
e 31 33 2
e 32 33 1
e 32 49 1
e 33 50 1
t # 25142
v 0 1
v 1 1
v 2 1
v 3 1
v 4 1
v 5 1
v 6 1
v 7 1
v 8 1
v 9 2
v 10 2
v 11 2
v 12 3
v 13 3
v 14 3
v 15 3
v 16 3
v 17 3
v 18 3
v 19 3
v 20 3
v 21 3
v 22 3
v 23 3
v 24 3
v 25 3
v 26 3
v 27 3
v 28 3
v 29 3
v 30 3
v 31 3
v 32 3
v 33 3
v 34 3
v 35 3
v 36 3
v 37 3
v 38 3
v 39 3
v 40 4
v 41 4
v 42 4
v 43 4
v 44 4
v 45 4
v 46 4
v 47 4
v 48 4
v 49 4
v 50 4
v 51 4
v 52 4
v 53 4
v 54 4
v 55 4
v 56 4
e 0 12 1
e 0 18 1
e 1 16 2
e 2 17 2
e 3 18 2
e 4 25 2
e 9 25 1
e 9 32 1
e 9 49 1
e 10 35 1
e 11 39 1
e 12 13 1
e 12 14 1
e 12 40 1
e 13 16 1
e 13 17 1
e 13 41 1
e 14 15 1
e 14 19 2
e 15 18 1
e 15 21 2
e 16 20 1
e 17 25 1
e 19 22 1
e 19 42 1
e 20 24 2
e 20 26 1
e 21 23 1
e 21 43 1
e 22 23 2
e 22 44 1
e 23 45 1
e 24 27 1
e 24 46 1
e 26 29 2
e 26 47 1
e 27 28 1
e 27 30 2
e 28 29 1
e 28 31 2
e 29 48 1
e 30 33 1
e 30 50 1
e 31 34 1
e 31 51 1
e 32 35 2
e 32 36 1
e 33 34 2
e 33 52 1
e 34 53 1
e 35 37 1
e 36 38 2
e 36 54 1
e 37 39 2
e 37 55 1
e 38 39 1
e 38 56 1
t # 25143
v 0 1
v 1 1
v 2 1
v 3 1
v 4 1
v 5 2
v 6 3
v 7 3
v 8 3
v 9 3
v 10 3
v 11 3
v 12 3
v 13 3
v 14 3
v 15 3
v 16 3
v 17 3
v 18 3
v 19 3
v 20 3
v 21 3
v 22 3
v 23 3
v 24 3
v 25 3
v 26 3
v 27 3
v 28 3
v 29 3
v 30 3
v 31 3
v 32 3
v 33 3
v 34 3
v 35 3
v 36 4
v 37 4
v 38 4
v 39 4
v 40 4
v 41 4
v 42 4
v 43 4
v 44 4
v 45 4
v 46 4
v 47 4
v 48 4
v 49 4
v 50 4
v 51 4
v 52 4
v 53 4
v 54 4
v 55 4
v 56 4
v 57 4
v 58 4
e 0 6 1
e 0 12 1
e 1 10 2
e 2 11 2
e 3 12 2
e 4 17 2
e 5 17 1
e 5 24 1
e 5 45 1
e 6 7 1
e 6 8 1
e 6 36 1
e 7 10 1
e 7 11 1
e 7 37 1
e 8 9 1
e 8 13 2
e 9 12 1
e 9 15 2
e 10 14 1
e 11 17 1
e 13 16 1
e 13 38 1
e 14 19 2
e 14 20 1
e 15 18 1
e 15 39 1
e 16 18 2
e 16 40 1
e 18 41 1
e 19 21 1
e 19 42 1
e 20 23 2
e 20 43 1
e 21 22 1
e 21 25 2
e 22 23 1
e 22 26 2
e 23 44 1
e 24 27 2
e 24 28 1
e 25 29 1
e 25 46 1
e 26 31 1
e 26 47 1
e 27 32 1
e 27 34 1
e 28 30 2
e 28 48 1
e 29 31 2
e 29 49 1
e 30 33 1
e 30 35 1
e 31 50 1
e 32 33 2
e 32 51 1
e 33 52 1
e 34 53 1
e 34 54 1
e 34 55 1
e 35 56 1
e 35 57 1
e 35 58 1
t # 25144
v 0 12
v 1 12
v 2 14
v 3 1
v 4 1
v 5 1
v 6 1
v 7 1
v 8 2
v 9 3
v 10 3
v 11 3
v 12 3
v 13 3
v 14 3
v 15 3
v 16 3
v 17 3
v 18 3
v 19 3
v 20 3
v 21 3
v 22 3
v 23 3
v 24 3
v 25 3
v 26 3
v 27 3
v 28 3
v 29 3
v 30 3
v 31 3
v 32 3
v 33 4
v 34 4
v 35 4
v 36 4
v 37 4
v 38 4
v 39 4
v 40 4
v 41 4
v 42 4
v 43 4
v 44 4
v 45 4
v 46 4
e 0 30 1
e 1 32 1
e 3 9 1
e 3 15 1
e 4 13 2
e 5 14 2
e 6 15 2
e 7 21 2
e 8 21 1
e 8 26 1
e 8 40 1
e 9 10 1
e 9 11 1
e 9 33 1
e 10 13 1
e 10 14 1
e 10 34 1
e 11 12 1
e 11 16 2
e 12 15 1
e 12 17 2
e 13 18 1
e 14 21 1
e 16 19 1
e 16 35 1
e 17 20 1
e 17 36 1
e 18 22 1
e 18 23 2
e 19 20 2
e 19 37 1
e 20 38 1
e 22 24 2
e 23 25 1
e 23 39 1
e 24 27 1
e 24 41 1
e 25 27 2
e 25 42 1
e 26 28 2
e 26 29 1
e 27 43 1
e 28 30 1
e 28 44 1
e 29 31 2
e 29 45 1
e 30 32 2
e 31 32 1
e 31 46 1
t # 25145
v 0 12
v 1 12
v 2 12
v 3 11
v 4 1
v 5 1
v 6 1
v 7 2
v 8 2
v 9 2
v 10 3
v 11 3
v 12 3
v 13 3
v 14 3
v 15 3
v 16 3
v 17 3
v 18 3
v 19 3
v 20 3
v 21 3
v 22 3
v 23 3
v 24 4
v 25 4
v 26 4
v 27 4
v 28 4
v 29 4
v 30 4
v 31 4
v 32 4
v 33 4
e 0 19 1
e 1 21 1
e 2 23 1
e 3 15 1
e 3 18 1
e 4 12 2
e 5 13 2
e 6 14 2
e 7 14 1
e 7 16 1
e 7 26 1
e 8 11 1
e 8 18 2
e 9 18 1
e 9 32 1
e 9 33 1
e 10 11 1
e 10 12 1
e 10 13 1
e 10 24 1
e 11 15 2
e 12 14 1
e 13 17 1
e 15 25 1
e 16 19 1
e 16 20 2
e 17 27 1
e 17 28 1
e 17 29 1
e 19 22 2
e 20 21 1
e 20 30 1
e 21 23 2
e 22 23 1
e 22 31 1
t # 25146
v 0 14
v 1 1
v 2 1
v 3 1
v 4 1
v 5 1
v 6 1
v 7 2
v 8 3
v 9 3
v 10 3
v 11 3
v 12 3
v 13 3
v 14 3
v 15 3
v 16 3
v 17 3
v 18 3
v 19 3
v 20 3
v 21 3
v 22 3
v 23 3
v 24 3
v 25 3
v 26 3
v 27 3
v 28 3
v 29 3
v 30 3
v 31 3
v 32 3
v 33 3
v 34 4
v 35 4
v 36 4
v 37 4
v 38 4
v 39 4
v 40 4
v 41 4
v 42 4
v 43 4
v 44 4
v 45 4
v 46 4
v 47 4
v 48 4
v 49 4
v 50 4
v 51 4
e 1 8 1
e 1 14 1
e 2 12 2
e 3 13 2
e 4 14 2
e 5 20 2
e 6 32 2
e 7 20 1
e 7 23 1
e 7 41 1
e 8 9 1
e 8 10 1
e 8 34 1
e 9 12 1
e 9 13 1
e 9 35 1
e 10 11 1
e 10 15 2
e 11 14 1
e 11 16 2
e 12 17 1
e 13 20 1
e 15 18 1
e 15 36 1
e 16 19 1
e 16 37 1
e 17 21 1
e 17 22 2
e 18 19 2
e 18 38 1
e 19 39 1
e 21 24 2
e 22 25 1
e 22 40 1
e 23 27 1
e 23 28 2
e 24 26 1
e 24 42 1
e 25 26 2
e 25 43 1
e 26 44 1
e 27 29 2
e 27 45 1
e 28 30 1
e 28 46 1
e 29 31 1
e 29 32 1
e 30 31 2
e 30 47 1
e 31 48 1
e 32 33 1
e 33 49 1
e 33 50 1
e 33 51 1
t # 25147
v 0 12
v 1 14
v 2 1
v 3 1
v 4 1
v 5 1
v 6 1
v 7 2
v 8 3
v 9 3
v 10 3
v 11 3
v 12 3
v 13 3
v 14 3
v 15 3
v 16 3
v 17 3
v 18 3
v 19 3
v 20 3
v 21 3
v 22 3
v 23 3
v 24 3
v 25 3
v 26 3
v 27 3
v 28 3
v 29 3
v 30 3
v 31 3
v 32 3
v 33 4
v 34 4
v 35 4
v 36 4
v 37 4
v 38 4
v 39 4
v 40 4
v 41 4
v 42 4
v 43 4
v 44 4
v 45 4
v 46 4
v 47 4
v 48 4
v 49 4
e 0 27 1
e 2 8 1
e 2 14 1
e 3 12 2
e 4 13 2
e 5 14 2
e 6 20 2
e 7 20 1
e 7 23 1
e 7 40 1
e 8 9 1
e 8 10 1
e 8 33 1
e 9 12 1
e 9 13 1
e 9 34 1
e 10 11 1
e 10 15 2
e 11 14 1
e 11 16 2
e 12 17 1
e 13 20 1
e 15 18 1
e 15 35 1
e 16 19 1
e 16 36 1
e 17 21 1
e 17 22 2
e 18 19 2
e 18 37 1
e 19 38 1
e 21 24 2
e 22 25 1
e 22 39 1
e 23 27 1
e 23 28 2
e 24 26 1
e 24 41 1
e 25 26 2
e 25 42 1
e 26 43 1
e 27 29 2
e 28 30 1
e 28 44 1
e 29 31 1
e 29 32 1
e 30 31 2
e 30 45 1
e 31 46 1
e 32 47 1
e 32 48 1
e 32 49 1
t # 25148
v 0 11
v 1 14
v 2 1
v 3 1
v 4 1
v 5 1
v 6 1
v 7 1
v 8 1
v 9 2
v 10 2
v 11 2
v 12 3
v 13 3
v 14 3
v 15 3
v 16 3
v 17 3
v 18 3
v 19 3
v 20 3
v 21 3
v 22 3
v 23 3
v 24 3
v 25 3
v 26 3
v 27 3
v 28 3
v 29 3
v 30 3
v 31 3
v 32 3
v 33 3
v 34 3
v 35 3
v 36 3
v 37 4
v 38 4
v 39 4
v 40 4
v 41 4
v 42 4
v 43 4
v 44 4
v 45 4
v 46 4
v 47 4
v 48 4
v 49 4
v 50 4
e 0 27 1
e 0 30 1
e 2 12 1
e 2 18 1
e 3 16 2
e 4 17 2
e 5 18 2
e 6 24 2
e 9 24 1
e 9 27 1
e 9 44 1
e 10 27 2
e 10 31 1
e 11 35 1
e 12 13 1
e 12 14 1
e 12 37 1
e 13 16 1
e 13 17 1
e 13 38 1
e 14 15 1
e 14 19 2
e 15 18 1
e 15 20 2
e 16 21 1
e 17 24 1
e 19 22 1
e 19 39 1
e 20 23 1
e 20 40 1
e 21 25 1
e 21 26 2
e 22 23 2
e 22 41 1
e 23 42 1
e 25 28 2
e 26 29 1
e 26 43 1
e 28 32 1
e 28 45 1
e 29 32 2
e 29 46 1
e 30 31 2
e 30 33 1
e 31 34 1
e 32 47 1
e 33 35 2
e 33 48 1
e 34 36 2
e 34 49 1
e 35 36 1
e 36 50 1
t # 25149
v 0 11
v 1 1
v 2 1
v 3 1
v 4 1
v 5 1
v 6 2
v 7 2
v 8 2
v 9 2
v 10 3
v 11 3
v 12 3
v 13 3
v 14 3
v 15 3
v 16 3
v 17 3
v 18 3
v 19 3
v 20 3
v 21 3
v 22 3
v 23 3
v 24 3
v 25 3
v 26 3
v 27 3
v 28 4
v 29 4
v 30 4
v 31 4
v 32 4
v 33 4
v 34 4
v 35 4
v 36 4
v 37 4
v 38 4
v 39 4
v 40 4
v 41 4
v 42 4
v 43 4
v 44 4
v 45 4
v 46 4
v 47 4
e 0 10 1
e 0 16 1
e 1 19 1
e 1 24 1
e 2 13 2
e 3 15 2
e 4 18 2
e 5 26 2
e 6 14 1
e 6 18 1
e 6 33 1
e 7 12 1
e 7 16 2
e 8 9 1
e 8 16 1
e 8 38 1
e 9 26 1
e 9 41 1
e 10 12 2
e 10 13 1
e 11 13 1
e 11 15 1
e 11 28 1
e 11 29 1
e 12 17 1
e 14 20 2
e 14 21 1
e 15 18 1
e 17 30 1
e 17 31 1
e 17 32 1
e 19 22 2
e 19 23 1
e 20 22 1
e 20 34 1
e 21 23 2
e 21 35 1
e 22 36 1
e 23 37 1
e 24 25 1
e 24 39 1
e 24 40 1
e 25 42 1
e 25 43 1
e 25 44 1
e 26 27 1
e 27 45 1
e 27 46 1
e 27 47 1
t # 25150
v 0 14
v 1 14
v 2 1
v 3 1
v 4 1
v 5 1
v 6 1
v 7 2
v 8 3
v 9 3
v 10 3
v 11 3
v 12 3
v 13 3
v 14 3
v 15 3
v 16 3
v 17 3
v 18 3
v 19 3
v 20 3
v 21 3
v 22 3
v 23 3
v 24 3
v 25 3
v 26 3
v 27 3
v 28 3
v 29 3
v 30 3
v 31 3
v 32 4
v 33 4
v 34 4
v 35 4
v 36 4
v 37 4
v 38 4
v 39 4
v 40 4
v 41 4
v 42 4
v 43 4
v 44 4
v 45 4
v 46 4
e 2 8 1
e 2 14 1
e 3 12 2
e 4 13 2
e 5 14 2
e 6 20 2
e 7 20 1
e 7 25 1
e 7 39 1
e 8 9 1
e 8 10 1
e 8 32 1
e 9 12 1
e 9 13 1
e 9 33 1
e 10 11 1
e 10 15 2
e 11 14 1
e 11 16 2
e 12 17 1
e 13 20 1
e 15 18 1
e 15 34 1
e 16 19 1
e 16 35 1
e 17 21 1
e 17 22 2
e 18 19 2
e 18 36 1
e 19 37 1
e 21 23 2
e 22 24 1
e 22 38 1
e 23 26 1
e 23 40 1
e 24 26 2
e 24 41 1
e 25 27 2
e 25 28 1
e 26 42 1
e 27 29 1
e 27 43 1
e 28 30 2
e 28 44 1
e 29 31 2
e 29 45 1
e 30 31 1
e 30 46 1
t # 25151
v 0 14
v 1 1
v 2 1
v 3 1
v 4 1
v 5 1
v 6 2
v 7 3
v 8 3
v 9 3
v 10 3
v 11 3
v 12 3
v 13 3
v 14 3
v 15 3
v 16 3
v 17 3
v 18 3
v 19 3
v 20 3
v 21 3
v 22 3
v 23 3
v 24 3
v 25 3
v 26 3
v 27 3
v 28 3
v 29 3
v 30 3
v 31 4
v 32 4
v 33 4
v 34 4
v 35 4
v 36 4
v 37 4
v 38 4
v 39 4
v 40 4
v 41 4
v 42 4
v 43 4
v 44 4
v 45 4
v 46 4
e 1 7 1
e 1 13 1
e 2 11 2
e 3 12 2
e 4 13 2
e 5 19 2
e 6 19 1
e 6 24 1
e 6 38 1
e 7 8 1
e 7 9 1
e 7 31 1
e 8 11 1
e 8 12 1
e 8 32 1
e 9 10 1
e 9 14 2
e 10 13 1
e 10 15 2
e 11 16 1
e 12 19 1
e 14 17 1
e 14 33 1
e 15 18 1
e 15 34 1
e 16 20 1
e 16 21 2
e 17 18 2
e 17 35 1
e 18 36 1
e 20 22 2
e 21 23 1
e 21 37 1
e 22 25 1
e 22 39 1
e 23 25 2
e 23 40 1
e 24 26 2
e 24 27 1
e 25 41 1
e 26 28 1
e 26 42 1
e 27 29 2
e 27 43 1
e 28 30 2
e 28 44 1
e 29 30 1
e 29 45 1
e 30 46 1
t # 25152
v 0 14
v 1 1
v 2 1
v 3 1
v 4 1
v 5 1
v 6 1
v 7 1
v 8 2
v 9 2
v 10 3
v 11 3
v 12 3
v 13 3
v 14 3
v 15 3
v 16 3
v 17 3
v 18 3
v 19 3
v 20 3
v 21 3
v 22 3
v 23 3
v 24 3
v 25 3
v 26 3
v 27 3
v 28 3
v 29 3
v 30 3
v 31 3
v 32 3
v 33 3
v 34 4
v 35 4
v 36 4
v 37 4
v 38 4
v 39 4
v 40 4
v 41 4
v 42 4
v 43 4
v 44 4
v 45 4
v 46 4
v 47 4
v 48 4
e 1 10 1
e 1 16 1
e 2 14 2
e 3 15 2
e 4 16 2
e 5 22 2
e 8 22 1
e 8 25 1
e 8 41 1
e 9 33 1
e 10 11 1
e 10 12 1
e 10 34 1
e 11 14 1
e 11 15 1
e 11 35 1
e 12 13 1
e 12 17 2
e 13 16 1
e 13 18 2
e 14 19 1
e 15 22 1
e 17 20 1
e 17 36 1
e 18 21 1
e 18 37 1
e 19 23 1
e 19 24 2
e 20 21 2
e 20 38 1
e 21 39 1
e 23 26 2
e 24 27 1
e 24 40 1
e 25 29 2
e 25 30 1
e 26 28 1
e 26 42 1
e 27 28 2
e 27 43 1
e 28 44 1
e 29 31 1
e 29 45 1
e 30 32 2
e 30 46 1
e 31 33 2
e 31 47 1
e 32 33 1
e 32 48 1
t # 25153
v 0 14
v 1 1
v 2 1
v 3 1
v 4 1
v 5 1
v 6 1
v 7 2
v 8 3
v 9 3
v 10 3
v 11 3
v 12 3
v 13 3
v 14 3
v 15 3
v 16 3
v 17 3
v 18 3
v 19 3
v 20 3
v 21 3
v 22 3
v 23 3
v 24 3
v 25 3
v 26 3
v 27 3
v 28 3
v 29 3
v 30 3
v 31 3
v 32 4
v 33 4
v 34 4
v 35 4
v 36 4
v 37 4
v 38 4
v 39 4
v 40 4
v 41 4
v 42 4
v 43 4
v 44 4
v 45 4
v 46 4
v 47 4
e 1 8 1
e 1 14 1
e 2 12 2
e 3 13 2
e 4 14 2
e 5 20 2
e 6 29 1
e 6 47 1
e 7 20 1
e 7 25 1
e 7 39 1
e 8 9 1
e 8 10 1
e 8 32 1
e 9 12 1
e 9 13 1
e 9 33 1
e 10 11 1
e 10 15 2
e 11 14 1
e 11 16 2
e 12 17 1
e 13 20 1
e 15 18 1
e 15 34 1
e 16 19 1
e 16 35 1
e 17 21 1
e 17 22 2
e 18 19 2
e 18 36 1
e 19 37 1
e 21 23 2
e 22 24 1
e 22 38 1
e 23 26 1
e 23 40 1
e 24 26 2
e 24 41 1
e 25 27 2
e 25 28 1
e 26 42 1
e 27 29 1
e 27 43 1
e 28 30 2
e 28 44 1
e 29 31 2
e 30 31 1
e 30 45 1
e 31 46 1
t # 25154
v 0 14
v 1 1
v 2 1
v 3 1
v 4 1
v 5 1
v 6 2
v 7 2
v 8 3
v 9 3
v 10 3
v 11 3
v 12 3
v 13 3
v 14 3
v 15 3
v 16 3
v 17 3
v 18 3
v 19 3
v 20 3
v 21 3
v 22 3
v 23 3
v 24 3
v 25 3
v 26 3
v 27 3
v 28 3
v 29 3
v 30 3
v 31 3
v 32 3
v 33 4
v 34 4
v 35 4
v 36 4
v 37 4
v 38 4
v 39 4
v 40 4
v 41 4
v 42 4
v 43 4
v 44 4
v 45 4
v 46 4
v 47 4
e 1 8 1
e 1 14 1
e 2 12 2
e 3 13 2
e 4 14 2
e 5 20 2
e 6 20 1
e 6 25 1
e 6 40 1
e 8 9 1
e 8 10 1
e 8 33 1
e 9 12 1
e 9 13 1
e 9 34 1
e 10 11 1
e 10 15 2
e 11 14 1
e 11 16 2
e 12 17 1
e 13 20 1
e 15 18 1
e 15 35 1
e 16 19 1
e 16 36 1
e 17 21 1
e 17 22 2
e 18 19 2
e 18 37 1
e 19 38 1
e 21 23 2
e 22 24 1
e 22 39 1
e 23 26 1
e 23 41 1
e 24 26 2
e 24 42 1
e 25 27 1
e 25 28 2
e 26 43 1
e 27 29 2
e 27 32 1
e 28 30 1
e 28 44 1
e 29 31 1
e 29 45 1
e 30 31 2
e 30 46 1
e 31 47 1
t # 25155
v 0 11
v 1 1
v 2 1
v 3 1
v 4 1
v 5 1
v 6 2
v 7 2
v 8 2
v 9 2
v 10 2
v 11 2
v 12 3
v 13 3
v 14 3
v 15 3
v 16 3
v 17 3
v 18 3
v 19 3
v 20 3
v 21 3
v 22 3
v 23 3
v 24 3
v 25 3
v 26 3
v 27 3
v 28 3
v 29 4
v 30 4
v 31 4
v 32 4
v 33 4
v 34 4
v 35 4
v 36 4
v 37 4
v 38 4
v 39 4
v 40 4
v 41 4
v 42 4
v 43 4
v 44 4
v 45 4
v 46 4
e 0 12 1
e 0 17 1
e 1 19 2
e 2 23 2
e 3 24 2
e 4 25 2
e 5 27 2
e 6 14 1
e 6 24 1
e 6 36 1
e 7 13 1
e 7 17 2
e 8 10 1
e 8 19 1
e 8 37 1
e 9 11 1
e 9 17 1
e 9 38 1
e 10 25 1
e 10 39 1
e 11 27 1
e 11 43 1
e 12 13 2
e 12 19 1
e 13 21 1
e 14 16 1
e 14 18 2
e 15 16 2
e 15 20 1
e 15 23 1
e 16 29 1
e 18 22 1
e 18 30 1
e 20 22 2
e 20 31 1
e 21 32 1
e 21 33 1
e 21 34 1
e 22 35 1
e 23 26 1
e 24 25 1
e 26 40 1
e 26 41 1
e 26 42 1
e 27 28 1
e 28 44 1
e 28 45 1
e 28 46 1
t # 25156
v 0 11
v 1 1
v 2 1
v 3 1
v 4 1
v 5 2
v 6 2
v 7 2
v 8 2
v 9 2
v 10 2
v 11 3
v 12 3
v 13 3
v 14 3
v 15 3
v 16 3
v 17 3
v 18 3
v 19 3
v 20 3
v 21 3
v 22 3
v 23 3
v 24 3
v 25 3
v 26 3
v 27 3
v 28 3
v 29 3
v 30 3
v 31 4
v 32 4
v 33 4
v 34 4
v 35 4
v 36 4
v 37 4
v 38 4
v 39 4
v 40 4
v 41 4
v 42 4
v 43 4
v 44 4
v 45 4
v 46 4
v 47 4
v 48 4
v 49 4
v 50 4
v 51 4
v 52 4
v 53 4
v 54 4
v 55 4
v 56 4
e 0 24 1
e 0 27 1
e 1 22 2
e 2 23 2
e 3 26 2
e 4 29 2
e 5 16 1
e 5 22 1
e 5 43 1
e 6 7 1
e 6 23 1
e 6 47 1
e 7 26 1
e 7 48 1
e 8 25 1
e 8 27 2
e 9 10 1
e 9 27 1
e 9 52 1
e 10 29 1
e 10 53 1
e 11 12 1
e 11 13 1
e 11 14 1
e 11 15 1
e 12 16 1
e 12 17 2
e 13 31 1
e 13 32 1
e 13 33 1
e 14 34 1
e 14 35 1
e 14 36 1
e 15 37 1
e 15 38 1
e 15 39 1
e 16 18 2
e 17 19 1
e 17 40 1
e 18 20 1
e 18 21 1
e 19 20 2
e 19 41 1
e 20 42 1
e 21 44 1
e 21 45 1
e 21 46 1
e 22 23 1
e 24 25 2
e 24 26 1
e 25 28 1
e 28 49 1
e 28 50 1
e 28 51 1
e 29 30 1
e 30 54 1
e 30 55 1
e 30 56 1
t # 25157
v 0 11
v 1 1
v 2 1
v 3 1
v 4 1
v 5 2
v 6 2
v 7 2
v 8 2
v 9 2
v 10 2
v 11 2
v 12 3
v 13 3
v 14 3
v 15 3
v 16 3
v 17 3
v 18 3
v 19 3
v 20 3
v 21 3
v 22 3
v 23 3
v 24 3
v 25 3
v 26 3
v 27 3
v 28 4
v 29 4
v 30 4
v 31 4
v 32 4
v 33 4
v 34 4
v 35 4
v 36 4
v 37 4
v 38 4
v 39 4
v 40 4
v 41 4
v 42 4
e 0 12 1
e 0 14 1
e 1 15 2
e 2 20 2
e 3 22 2
e 4 25 2
e 5 13 1
e 5 14 2
e 6 10 1
e 6 14 1
e 6 31 1
e 7 9 1
e 7 15 1
e 7 32 1
e 8 17 1
e 8 20 1
e 8 33 1
e 9 22 1
e 9 35 1
e 10 25 1
e 10 39 1
e 12 13 2
e 12 15 1
e 13 16 1
e 16 28 1
e 16 29 1
e 16 30 1
e 17 18 1
e 17 19 2
e 18 21 2
e 18 27 1
e 19 23 1
e 19 34 1
e 20 22 1
e 21 24 1
e 21 36 1
e 23 24 2
e 23 37 1
e 24 38 1
e 25 26 1
e 26 40 1
e 26 41 1
e 26 42 1
t # 25158
v 0 11
v 1 1
v 2 1
v 3 1
v 4 1
v 5 2
v 6 2
v 7 2
v 8 2
v 9 2
v 10 2
v 11 3
v 12 3
v 13 3
v 14 3
v 15 3
v 16 3
v 17 3
v 18 3
v 19 3
v 20 3
v 21 3
v 22 3
v 23 3
v 24 3
v 25 3
v 26 3
v 27 3
v 28 4
v 29 4
v 30 4
v 31 4
v 32 4
v 33 4
v 34 4
v 35 4
v 36 4
v 37 4
v 38 4
v 39 4
v 40 4
v 41 4
v 42 4
v 43 4
v 44 4
v 45 4
v 46 4
v 47 4
e 0 19 1
e 0 21 1
e 1 22 2
e 2 23 2
e 3 25 2
e 4 26 2
e 5 13 1
e 5 23 1
e 5 37 1
e 6 20 1
e 6 21 2
e 7 8 1
e 7 22 1
e 7 41 1
e 8 25 1
e 8 43 1
e 9 10 1
e 9 21 1
e 9 42 1
e 10 26 1
e 10 44 1
e 11 12 2
e 11 14 1
e 11 17 1
e 12 15 1
e 12 18 1
e 13 14 2
e 13 16 1
e 14 28 1
e 15 16 2
e 15 29 1
e 16 30 1
e 17 31 1
e 17 32 1
e 17 33 1
e 18 34 1
e 18 35 1
e 18 36 1
e 19 20 2
e 19 22 1
e 20 24 1
e 23 25 1
e 24 38 1
e 24 39 1
e 24 40 1
e 26 27 1
e 27 45 1
e 27 46 1
e 27 47 1
t # 25159
v 0 11
v 1 1
v 2 1
v 3 1
v 4 1
v 5 2
v 6 2
v 7 2
v 8 2
v 9 2
v 10 2
v 11 3
v 12 3
v 13 3
v 14 3
v 15 3
v 16 3
v 17 3
v 18 3
v 19 3
v 20 3
v 21 3
v 22 3
v 23 3
v 24 3
v 25 3
v 26 3
v 27 3
v 28 4
v 29 4
v 30 4
v 31 4
v 32 4
v 33 4
v 34 4
v 35 4
v 36 4
v 37 4
v 38 4
v 39 4
v 40 4
v 41 4
v 42 4
v 43 4
v 44 4
v 45 4
v 46 4
v 47 4
e 0 19 1
e 0 22 1
e 1 21 2
e 2 23 2
e 3 25 2
e 4 26 2
e 5 11 1
e 5 21 1
e 5 30 1
e 6 20 1
e 6 22 2
e 7 8 1
e 7 23 1
e 7 41 1
e 8 25 1
e 8 42 1
e 9 10 1
e 9 22 1
e 9 43 1
e 10 26 1
e 10 44 1
e 11 12 2
e 11 13 1
e 12 14 1
e 12 17 1
e 13 15 2
e 13 18 1
e 14 16 2
e 14 28 1
e 15 16 1
e 15 29 1
e 16 31 1
e 17 32 1
e 17 33 1
e 17 34 1
e 18 35 1
e 18 36 1
e 18 37 1
e 19 20 2
e 19 23 1
e 20 24 1
e 21 25 1
e 24 38 1
e 24 39 1
e 24 40 1
e 26 27 1
e 27 45 1
e 27 46 1
e 27 47 1
t # 25160
v 0 1
v 1 1
v 2 1
v 3 1
v 4 1
v 5 1
v 6 1
v 7 1
v 8 2
v 9 2
v 10 2
v 11 3
v 12 3
v 13 3
v 14 3
v 15 3
v 16 3
v 17 3
v 18 3
v 19 3
v 20 3
v 21 3
v 22 3
v 23 3
v 24 3
v 25 3
v 26 3
v 27 3
v 28 3
v 29 3
v 30 3
v 31 3
v 32 3
v 33 3
v 34 3
v 35 3
v 36 3
v 37 3
v 38 3
v 39 3
v 40 3
v 41 3
v 42 3
v 43 3
v 44 3
v 45 3
v 46 4
v 47 4
v 48 4
v 49 4
v 50 4
v 51 4
v 52 4
v 53 4
v 54 4
v 55 4
v 56 4
v 57 4
v 58 4
v 59 4
v 60 4
v 61 4
v 62 4
v 63 4
v 64 4
v 65 4
v 66 4
v 67 4
v 68 4
v 69 4
v 70 4
v 71 4
v 72 4
v 73 4
v 74 4
v 75 4
v 76 4
v 77 4
v 78 4
v 79 4
v 80 4
v 81 4
v 82 4
v 83 4
v 84 4
v 85 4
v 86 4
v 87 4
v 88 4
e 0 31 2
e 1 32 2
e 2 33 2
e 3 34 2
e 4 42 1
e 4 44 1
e 5 43 1
e 5 45 1
e 6 42 2
e 7 43 2
e 8 19 1
e 8 31 1
e 8 76 1
e 9 20 1
e 9 32 1
e 9 77 1
e 10 37 2
e 10 38 1
e 11 19 1
e 11 21 1
e 11 22 1
e 11 46 1
e 12 19 1
e 12 23 1
e 12 24 1
e 12 47 1
e 13 20 1
e 13 25 1
e 13 26 1
e 13 48 1
e 14 20 1
e 14 27 1
e 14 28 1
e 14 49 1
e 15 21 1
e 15 23 1
e 15 29 1
e 15 50 1
e 16 22 1
e 16 24 1
e 16 29 1
e 16 51 1
e 17 25 1
e 17 27 1
e 17 30 1
e 17 52 1
e 18 26 1
e 18 28 1
e 18 30 1
e 18 53 1
e 19 54 1
e 20 55 1
e 21 56 1
e 21 57 1
e 22 58 1
e 22 59 1
e 23 60 1
e 23 61 1
e 24 62 1
e 24 63 1
e 25 64 1
e 25 65 1
e 26 66 1
e 26 67 1
e 27 68 1
e 27 69 1
e 28 70 1
e 28 71 1
e 29 72 1
e 29 73 1
e 30 74 1
e 30 75 1
e 31 33 1
e 32 34 1
e 33 35 1
e 34 36 1
e 35 37 1
e 35 78 1
e 35 79 1
e 36 38 1
e 36 80 1
e 36 81 1
e 37 39 1
e 38 40 2
e 39 41 2
e 39 42 1
e 40 41 1
e 40 43 1
e 41 82 1
e 44 83 1
e 44 84 1
e 44 85 1
e 45 86 1
e 45 87 1
e 45 88 1
t # 25161
v 0 12
v 1 1
v 2 1
v 3 2
v 4 3
v 5 3
v 6 3
v 7 3
v 8 3
v 9 3
v 10 3
v 11 3
v 12 3
v 13 3
v 14 3
v 15 3
v 16 3
v 17 3
v 18 3
v 19 3
v 20 3
v 21 3
v 22 3
v 23 3
v 24 3
v 25 3
v 26 4
v 27 4
v 28 4
v 29 4
v 30 4
v 31 4
v 32 4
v 33 4
v 34 4
v 35 4
v 36 4
v 37 4
v 38 4
v 39 4
v 40 4
v 41 4
v 42 4
v 43 4
v 44 4
v 45 4
v 46 4
v 47 4
v 48 4
v 49 4
v 50 4
v 51 4
v 52 4
v 53 4
v 54 4
v 55 4
v 56 4
v 57 4
e 1 19 2
e 2 20 2
e 3 4 1
e 3 5 1
e 3 10 1
e 4 6 1
e 4 26 1
e 4 27 1
e 5 7 1
e 5 28 1
e 5 29 1
e 6 8 1
e 6 30 1
e 6 31 1
e 7 9 1
e 7 32 1
e 7 33 1
e 8 11 1
e 8 34 1
e 8 35 1
e 9 12 1
e 9 36 1
e 9 37 1
e 10 13 1
e 10 16 2
e 11 14 1
e 11 38 1
e 11 39 1
e 12 15 1
e 12 40 1
e 12 41 1
e 13 17 1
e 13 18 2
e 14 21 1
e 14 42 1
e 14 43 1
e 15 22 1
e 15 44 1
e 15 45 1
e 16 19 1
e 16 46 1
e 17 20 1
e 17 23 2
e 18 24 1
e 18 47 1
e 19 20 1
e 21 48 1
e 21 49 1
e 21 50 1
e 22 51 1
e 22 52 1
e 22 53 1
e 23 25 1
e 23 54 1
e 24 25 2
e 24 55 1
e 25 56 1
t # 25162
v 0 1
v 1 1
v 2 2
v 3 3
v 4 3
v 5 3
v 6 3
v 7 3
v 8 3
v 9 3
v 10 3
v 11 3
v 12 3
v 13 3
v 14 3
v 15 3
v 16 3
v 17 3
v 18 3
v 19 3
v 20 3
v 21 3
v 22 3
v 23 3
v 24 3
v 25 4
v 26 4
v 27 4
v 28 4
v 29 4
v 30 4
v 31 4
v 32 4
v 33 4
v 34 4
v 35 4
v 36 4
v 37 4
v 38 4
v 39 4
v 40 4
v 41 4
v 42 4
v 43 4
v 44 4
v 45 4
v 46 4
v 47 4
e 0 20 2
e 1 21 2
e 2 3 1
e 2 14 1
e 2 27 1
e 3 4 2
e 3 5 1
e 4 6 1
e 4 8 1
e 5 7 1
e 5 9 2
e 6 10 1
e 6 11 1
e 6 25 1
e 7 12 1
e 7 13 1
e 7 26 1
e 8 15 2
e 8 28 1
e 9 15 1
e 9 29 1
e 10 30 1
e 10 31 1
e 10 32 1
e 11 33 1
e 11 34 1
e 11 35 1
e 12 36 1
e 12 37 1
e 12 38 1
e 13 39 1
e 13 40 1
e 13 41 1
e 14 16 1
e 14 18 2
e 15 42 1
e 16 17 1
e 16 19 2
e 17 20 1
e 17 22 2
e 18 21 1
e 18 43 1
e 19 23 1
e 19 44 1
e 20 21 1
e 22 24 1
e 22 45 1
e 23 24 2
e 23 46 1
e 24 47 1
t # 25163
v 0 1
v 1 1
v 2 1
v 3 1
v 4 2
v 5 2
v 6 3
v 7 3
v 8 3
v 9 3
v 10 3
v 11 3
v 12 3
v 13 3
v 14 3
v 15 3
v 16 4
v 17 4
v 18 4
v 19 4
v 20 4
v 21 4
v 22 4
v 23 4
v 24 4
v 25 4
e 0 14 2
e 1 15 2
e 2 24 1
e 3 25 1
e 4 14 1
e 4 22 1
e 5 15 1
e 5 23 1
e 6 8 1
e 6 9 1
e 6 10 1
e 6 14 1
e 7 11 1
e 7 12 1
e 7 13 1
e 7 15 1
e 8 11 1
e 8 12 1
e 8 16 1
e 9 11 1
e 9 13 1
e 9 17 1
e 10 12 1
e 10 13 1
e 10 18 1
e 11 19 1
e 12 20 1
e 13 21 1
t # 25164
v 0 1
v 1 1
v 2 2
v 3 2
v 4 3
v 5 3
v 6 3
v 7 3
v 8 3
v 9 3
v 10 3
v 11 3
v 12 3
v 13 3
v 14 4
v 15 4
v 16 4
v 17 4
v 18 4
v 19 4
v 20 4
v 21 4
v 22 4
v 23 4
e 0 12 2
e 1 13 2
e 2 12 1
e 2 20 1
e 2 21 1
e 3 13 1
e 3 22 1
e 3 23 1
e 4 6 1
e 4 7 1
e 4 8 1
e 4 12 1
e 5 9 1
e 5 10 1
e 5 11 1
e 5 13 1
e 6 9 1
e 6 10 1
e 6 14 1
e 7 9 1
e 7 11 1
e 7 15 1
e 8 10 1
e 8 11 1
e 8 16 1
e 9 17 1
e 10 18 1
e 11 19 1
t # 25165
v 0 1
v 1 2
v 2 3
v 3 3
v 4 3
v 5 3
v 6 3
v 7 3
v 8 3
v 9 3
v 10 3
v 11 3
v 12 3
v 13 3
v 14 3
v 15 3
v 16 3
v 17 3
v 18 3
v 19 4
v 20 4
v 21 4
v 22 4
v 23 4
v 24 4
v 25 4
v 26 4
v 27 4
v 28 4
v 29 4
v 30 4
v 31 4
v 32 4
v 33 4
v 34 4
v 35 4
v 36 4
v 37 4
v 38 4
v 39 4
v 40 4
v 41 4
v 42 4
v 43 4
v 44 4
v 45 4
v 46 4
v 47 4
e 0 12 2
e 1 12 1
e 1 13 1
e 1 14 1
e 2 6 1
e 2 7 1
e 2 8 1
e 2 12 1
e 3 6 1
e 3 9 1
e 3 10 1
e 3 19 1
e 4 7 1
e 4 9 1
e 4 11 1
e 4 20 1
e 5 8 1
e 5 10 1
e 5 11 1
e 5 21 1
e 6 22 1
e 6 23 1
e 7 24 1
e 7 25 1
e 8 26 1
e 8 27 1
e 9 28 1
e 9 29 1
e 10 30 1
e 10 31 1
e 11 32 1
e 11 33 1
e 13 15 1
e 13 16 1
e 13 34 1
e 14 17 1
e 14 18 1
e 14 35 1
e 15 36 1
e 15 37 1
e 15 38 1
e 16 39 1
e 16 40 1
e 16 41 1
e 17 42 1
e 17 43 1
e 17 44 1
e 18 45 1
e 18 46 1
e 18 47 1
t # 25166
v 0 18
v 1 18
v 2 1
v 3 1
v 4 3
v 5 3
v 6 3
v 7 3
v 8 3
v 9 3
v 10 3
v 11 3
v 12 3
v 13 3
v 14 4
v 15 4
v 16 4
v 17 4
v 18 4
v 19 4
e 2 8 2
e 3 11 2
e 4 5 1
e 4 6 1
e 4 11 1
e 4 14 1
e 5 7 1
e 5 12 1
e 5 15 1
e 6 8 1
e 6 9 1
e 7 8 1
e 7 10 1
e 7 16 1
e 9 10 2
e 9 17 1
e 10 18 1
e 11 13 1
e 12 13 2
e 12 19 1
t # 25167
v 0 1
v 1 1
v 2 1
v 3 1
v 4 3
v 5 3
v 6 3
v 7 3
v 8 3
v 9 3
v 10 3
v 11 3
v 12 3
v 13 3
v 14 3
v 15 3
v 16 3
v 17 3
v 18 4
v 19 4
v 20 4
v 21 4
v 22 4
v 23 4
v 24 4
v 25 4
v 26 4
v 27 4
v 28 4
v 29 4
v 30 4
v 31 4
v 32 4
v 33 4
v 34 4
v 35 4
v 36 4
v 37 4
v 38 4
v 39 4
v 40 4
v 41 4
e 0 8 1
e 0 14 1
e 1 8 1
e 1 15 1
e 2 9 1
e 2 16 1
e 3 9 1
e 3 17 1
e 4 6 1
e 4 7 1
e 4 8 1
e 4 18 1
e 5 6 1
e 5 7 1
e 5 9 1
e 5 19 1
e 6 10 1
e 6 20 1
e 7 11 1
e 7 21 1
e 8 12 1
e 9 13 1
e 10 12 1
e 10 22 1
e 10 23 1
e 11 13 1
e 11 24 1
e 11 25 1
e 12 26 1
e 12 27 1
e 13 28 1
e 13 29 1
e 14 30 1
e 14 31 1
e 14 32 1
e 15 33 1
e 15 34 1
e 15 35 1
e 16 36 1
e 16 37 1
e 16 38 1
e 17 39 1
e 17 40 1
e 17 41 1
t # 25168
v 0 1
v 1 2
v 2 3
v 3 3
v 4 3
v 5 3
v 6 3
v 7 3
v 8 3
v 9 3
v 10 3
v 11 3
v 12 3
v 13 4
v 14 4
v 15 4
v 16 4
v 17 4
v 18 4
v 19 4
v 20 4
v 21 4
v 22 4
v 23 4
v 24 4
v 25 4
v 26 4
v 27 4
v 28 4
v 29 4
v 30 4
v 31 4
v 32 4
v 33 4
e 0 5 2
e 1 5 1
e 1 7 1
e 1 8 1
e 2 3 1
e 2 4 1
e 2 5 1
e 2 6 1
e 3 4 1
e 3 13 1
e 3 14 1
e 4 15 1
e 4 16 1
e 6 17 1
e 6 18 1
e 6 19 1
e 7 9 1
e 7 10 1
e 7 20 1
e 8 11 1
e 8 12 1
e 8 21 1
e 9 22 1
e 9 23 1
e 9 24 1
e 10 25 1
e 10 26 1
e 10 27 1
e 11 28 1
e 11 29 1
e 11 30 1
e 12 31 1
e 12 32 1
e 12 33 1
t # 25169
v 0 1
v 1 1
v 2 2
v 3 2
v 4 3
v 5 3
v 6 3
v 7 3
v 8 3
v 9 3
v 10 3
v 11 3
v 12 3
v 13 3
v 14 3
v 15 3
v 16 3
v 17 3
v 18 3
v 19 3
v 20 3
v 21 3
v 22 3
v 23 3
v 24 4
v 25 4
v 26 4
v 27 4
v 28 4
v 29 4
v 30 4
v 31 4
v 32 4
v 33 4
v 34 4
v 35 4
v 36 4
v 37 4
v 38 4
v 39 4
v 40 4
v 41 4
v 42 4
v 43 4
v 44 4
v 45 4
v 46 4
v 47 4
v 48 4
v 49 4
v 50 4
v 51 4
v 52 4
v 53 4
v 54 4
v 55 4
e 0 8 2
e 1 9 2
e 2 4 1
e 2 5 1
e 2 8 1
e 3 6 1
e 3 7 1
e 3 9 1
e 4 12 1
e 4 13 1
e 4 24 1
e 5 14 1
e 5 15 1
e 5 25 1
e 6 16 1
e 6 17 1
e 6 26 1
e 7 18 1
e 7 19 1
e 7 27 1
e 8 10 1
e 9 11 1
e 10 20 2
e 10 21 1
e 11 20 1
e 11 22 2
e 12 28 1
e 12 29 1
e 12 30 1
e 13 31 1
e 13 32 1
e 13 33 1
e 14 34 1
e 14 35 1
e 14 36 1
e 15 37 1
e 15 38 1
e 15 39 1
e 16 40 1
e 16 41 1
e 16 42 1
e 17 43 1
e 17 44 1
e 17 45 1
e 18 46 1
e 18 47 1
e 18 48 1
e 19 49 1
e 19 50 1
e 19 51 1
e 20 52 1
e 21 23 2
e 21 53 1
e 22 23 1
e 22 54 1
e 23 55 1
t # 25170
v 0 1
v 1 1
v 2 1
v 3 1
v 4 3
v 5 3
v 6 3
v 7 3
v 8 3
v 9 3
v 10 3
v 11 3
v 12 3
v 13 3
v 14 3
v 15 3
v 16 3
v 17 3
v 18 3
v 19 4
v 20 4
v 21 4
v 22 4
v 23 4
v 24 4
v 25 4
v 26 4
v 27 4
v 28 4
v 29 4
v 30 4
v 31 4
v 32 4
v 33 4
v 34 4
v 35 4
v 36 4
e 0 12 1
e 0 14 1
e 1 13 1
e 1 15 1
e 2 12 2
e 3 13 2
e 4 6 1
e 4 7 1
e 4 8 1
e 4 12 1
e 5 9 1
e 5 10 1
e 5 11 1
e 5 13 1
e 6 9 1
e 6 10 1
e 6 19 1
e 7 9 1
e 7 11 1
e 7 20 1
e 8 10 1
e 8 11 1
e 8 21 1
e 9 22 1
e 10 23 1
e 11 24 1
e 14 16 1
e 14 17 1
e 14 18 1
e 15 25 1
e 15 26 1
e 15 27 1
e 16 28 1
e 16 29 1
e 16 30 1
e 17 31 1
e 17 32 1
e 17 33 1
e 18 34 1
e 18 35 1
e 18 36 1
t # 25171
v 0 1
v 1 1
v 2 2
v 3 2
v 4 2
v 5 3
v 6 3
v 7 3
v 8 3
v 9 3
v 10 3
v 11 3
v 12 3
v 13 3
v 14 3
v 15 3
v 16 3
v 17 3
v 18 3
v 19 3
v 20 3
v 21 3
v 22 3
v 23 3
v 24 3
v 25 3
v 26 3
v 27 3
v 28 4
v 29 4
v 30 4
v 31 4
v 32 4
v 33 4
v 34 4
v 35 4
v 36 4
v 37 4
v 38 4
v 39 4
v 40 4
v 41 4
v 42 4
v 43 4
v 44 4
v 45 4
v 46 4
v 47 4
v 48 4
v 49 4
v 50 4
v 51 4
v 52 4
v 53 4
v 54 4
v 55 4
v 56 4
v 57 4
v 58 4
v 59 4
v 60 4
e 0 13 2
e 1 14 2
e 2 13 1
e 2 16 1
e 2 17 1
e 3 14 1
e 3 18 1
e 3 19 1
e 5 6 1
e 5 7 1
e 5 9 1
e 5 13 1
e 6 8 1
e 6 10 1
e 6 14 1
e 7 8 1
e 7 11 1
e 7 15 1
e 8 12 1
e 8 28 1
e 9 10 1
e 9 11 1
e 9 29 1
e 10 12 1
e 10 30 1
e 11 12 1
e 11 31 1
e 12 32 1
e 16 20 1
e 16 21 1
e 16 33 1
e 17 22 1
e 17 23 1
e 17 34 1
e 18 24 1
e 18 25 1
e 18 35 1
e 19 26 1
e 19 27 1
e 19 36 1
e 20 37 1
e 20 38 1
e 20 39 1
e 21 40 1
e 21 41 1
e 21 42 1
e 22 43 1
e 22 44 1
e 22 45 1
e 23 46 1
e 23 47 1
e 23 48 1
e 24 49 1
e 24 50 1
e 24 51 1
e 25 52 1
e 25 53 1
e 25 54 1
e 26 55 1
e 26 56 1
e 26 57 1
e 27 58 1
e 27 59 1
e 27 60 1
t # 25172
v 0 1
v 1 1
v 2 2
v 3 2
v 4 3
v 5 3
v 6 3
v 7 3
v 8 3
v 9 3
v 10 3
v 11 3
v 12 3
v 13 3
v 14 3
v 15 3
v 16 3
v 17 3
v 18 3
v 19 3
v 20 3
v 21 3
v 22 3
v 23 3
v 24 3
v 25 3
v 26 4
v 27 4
v 28 4
v 29 4
v 30 4
v 31 4
v 32 4
v 33 4
v 34 4
v 35 4
v 36 4
v 37 4
v 38 4
v 39 4
v 40 4
v 41 4
v 42 4
v 43 4
v 44 4
v 45 4
v 46 4
v 47 4
v 48 4
v 49 4
v 50 4
v 51 4
v 52 4
v 53 4
v 54 4
v 55 4
v 56 4
v 57 4
v 58 4
v 59 4
e 0 12 2
e 1 13 2
e 2 12 1
e 2 14 1
e 2 15 1
e 3 13 1
e 3 16 1
e 3 17 1
e 4 5 1
e 4 6 1
e 4 7 1
e 4 12 1
e 5 8 1
e 5 9 1
e 5 13 1
e 6 8 1
e 6 10 1
e 6 26 1
e 7 9 1
e 7 10 1
e 7 27 1
e 8 11 1
e 8 28 1
e 9 11 1
e 9 29 1
e 10 11 1
e 10 30 1
e 11 31 1
e 14 18 1
e 14 19 1
e 14 32 1
e 15 20 1
e 15 21 1
e 15 33 1
e 16 22 1
e 16 23 1
e 16 34 1
e 17 24 1
e 17 25 1
e 17 35 1
e 18 36 1
e 18 37 1
e 18 38 1
e 19 39 1
e 19 40 1
e 19 41 1
e 20 42 1
e 20 43 1
e 20 44 1
e 21 45 1
e 21 46 1
e 21 47 1
e 22 48 1
e 22 49 1
e 22 50 1
e 23 51 1
e 23 52 1
e 23 53 1
e 24 54 1
e 24 55 1
e 24 56 1
e 25 57 1
e 25 58 1
e 25 59 1
t # 25173
v 0 1
v 1 2
v 2 2
v 3 3
v 4 3
v 5 3
v 6 3
v 7 3
v 8 3
v 9 3
v 10 3
v 11 3
v 12 3
v 13 3
v 14 3
v 15 3
v 16 3
v 17 3
v 18 3
v 19 4
v 20 4
v 21 4
v 22 4
v 23 4
v 24 4
v 25 4
v 26 4
v 27 4
v 28 4
v 29 4
v 30 4
v 31 4
v 32 4
v 33 4
v 34 4
v 35 4
v 36 4
v 37 4
v 38 4
e 0 11 2
e 1 11 1
e 1 13 1
e 1 14 1
e 3 4 1
e 3 5 1
e 3 6 1
e 3 11 1
e 4 7 1
e 4 8 1
e 4 12 1
e 5 7 1
e 5 9 1
e 5 19 1
e 6 8 1
e 6 9 1
e 6 20 1
e 7 10 1
e 7 21 1
e 8 10 1
e 8 22 1
e 9 10 1
e 9 23 1
e 10 24 1
e 13 15 1
e 13 16 1
e 13 25 1
e 14 17 1
e 14 18 1
e 14 26 1
e 15 27 1
e 15 28 1
e 15 29 1
e 16 30 1
e 16 31 1
e 16 32 1
e 17 33 1
e 17 34 1
e 17 35 1
e 18 36 1
e 18 37 1
e 18 38 1
t # 25174
v 0 1
v 1 1
v 2 1
v 3 2
v 4 3
v 5 3
v 6 3
v 7 3
v 8 3
v 9 3
v 10 3
v 11 3
v 12 3
v 13 3
v 14 3
v 15 3
v 16 3
v 17 3
v 18 3
v 19 4
v 20 4
v 21 4
v 22 4
v 23 4
v 24 4
v 25 4
v 26 4
v 27 4
v 28 4
v 29 4
v 30 4
v 31 4
v 32 4
v 33 4
v 34 4
v 35 4
v 36 4
v 37 4
e 0 13 1
e 0 25 1
e 1 12 2
e 2 13 2
e 3 12 1
e 3 14 1
e 3 15 1
e 4 5 1
e 4 6 1
e 4 7 1
e 4 12 1
e 5 8 1
e 5 9 1
e 5 13 1
e 6 8 1
e 6 10 1
e 6 19 1
e 7 9 1
e 7 10 1
e 7 20 1
e 8 11 1
e 8 21 1
e 9 11 1
e 9 22 1
e 10 11 1
e 10 23 1
e 11 24 1
e 14 16 1
e 14 17 1
e 14 18 1
e 15 26 1
e 15 27 1
e 15 28 1
e 16 29 1
e 16 30 1
e 16 31 1
e 17 32 1
e 17 33 1
e 17 34 1
e 18 35 1
e 18 36 1
e 18 37 1
t # 25175
v 0 1
v 1 1
v 2 1
v 3 2
v 4 2
v 5 3
v 6 3
v 7 3
v 8 3
v 9 3
v 10 3
v 11 3
v 12 3
v 13 3
v 14 3
v 15 3
v 16 3
v 17 3
v 18 3
v 19 3
v 20 3
v 21 3
v 22 4
v 23 4
v 24 4
v 25 4
v 26 4
v 27 4
v 28 4
v 29 4
v 30 4
v 31 4
v 32 4
v 33 4
v 34 4
v 35 4
v 36 4
v 37 4
v 38 4
v 39 4
v 40 4
v 41 4
e 0 14 1
e 0 27 1
e 1 13 2
e 2 14 2
e 3 13 1
e 3 16 1
e 3 17 1
e 5 6 1
e 5 10 1
e 5 11 1
e 5 13 1
e 6 7 1
e 6 8 1
e 6 14 1
e 7 9 1
e 7 10 1
e 7 22 1
e 8 9 1
e 8 11 1
e 8 23 1
e 9 12 1
e 9 15 1
e 10 12 1
e 10 24 1
e 11 12 1
e 11 25 1
e 12 26 1
e 16 18 1
e 16 19 1
e 16 28 1
e 17 20 1
e 17 21 1
e 17 29 1
e 18 30 1
e 18 31 1
e 18 32 1
e 19 33 1
e 19 34 1
e 19 35 1
e 20 36 1
e 20 37 1
e 20 38 1
e 21 39 1
e 21 40 1
e 21 41 1
t # 25176
v 0 1
v 1 1
v 2 1
v 3 1
v 4 1
v 5 2
v 6 2
v 7 3
v 8 3
v 9 3
v 10 3
v 11 3
v 12 3
v 13 3
v 14 3
v 15 3
v 16 3
v 17 3
v 18 3
v 19 3
v 20 3
v 21 3
v 22 3
v 23 3
v 24 3
v 25 3
v 26 3
v 27 4
v 28 4
v 29 4
v 30 4
v 31 4
v 32 4
v 33 4
v 34 4
v 35 4
v 36 4
v 37 4
v 38 4
v 39 4
v 40 4
v 41 4
v 42 4
v 43 4
v 44 4
v 45 4
v 46 4
v 47 4
v 48 4
v 49 4
v 50 4
e 0 16 1
e 0 21 1
e 1 17 1
e 1 22 1
e 2 15 2
e 3 16 2
e 4 17 2
e 5 15 1
e 5 19 1
e 5 20 1
e 7 8 1
e 7 9 1
e 7 12 1
e 7 15 1
e 8 10 1
e 8 13 1
e 8 16 1
e 9 10 1
e 9 14 1
e 9 17 1
e 10 11 1
e 10 27 1
e 11 13 1
e 11 14 1
e 11 18 1
e 12 13 1
e 12 14 1
e 12 28 1
e 13 29 1
e 14 30 1
e 19 23 1
e 19 24 1
e 19 31 1
e 20 25 1
e 20 26 1
e 20 32 1
e 21 33 1
e 21 34 1
e 21 35 1
e 22 36 1
e 22 37 1
e 22 38 1
e 23 39 1
e 23 40 1
e 23 41 1
e 24 42 1
e 24 43 1
e 24 44 1
e 25 45 1
e 25 46 1
e 25 47 1
e 26 48 1
e 26 49 1
e 26 50 1
t # 25177
v 0 27
v 1 1
v 2 1
v 3 1
v 4 1
v 5 1
v 6 2
v 7 3
v 8 3
v 9 3
v 10 3
v 11 3
v 12 3
v 13 3
v 14 3
v 15 3
v 16 3
v 17 3
v 18 3
v 19 3
v 20 3
v 21 3
v 22 3
v 23 3
v 24 4
v 25 4
v 26 4
v 27 4
v 28 4
v 29 4
v 30 4
v 31 4
v 32 4
v 33 4
v 34 4
v 35 4
v 36 4
v 37 4
v 38 4
v 39 4
v 40 4
v 41 4
v 42 4
v 43 4
e 1 16 1
e 1 28 1
e 2 17 1
e 2 29 1
e 3 15 2
e 4 16 2
e 5 17 2
e 6 15 1
e 6 18 1
e 6 19 1
e 7 8 1
e 7 12 1
e 7 13 1
e 7 15 1
e 8 10 1
e 8 11 1
e 8 16 1
e 9 10 1
e 9 11 1
e 9 14 1
e 9 17 1
e 10 12 1
e 10 24 1
e 11 13 1
e 11 25 1
e 12 14 1
e 12 26 1
e 13 14 1
e 13 27 1
e 18 20 1
e 18 21 1
e 18 30 1
e 19 22 1
e 19 23 1
e 19 31 1
e 20 32 1
e 20 33 1
e 20 34 1
e 21 35 1
e 21 36 1
e 21 37 1
e 22 38 1
e 22 39 1
e 22 40 1
e 23 41 1
e 23 42 1
e 23 43 1
t # 25178
v 0 1
v 1 2
v 2 2
v 3 2
v 4 2
v 5 3
v 6 3
v 7 3
v 8 3
v 9 3
v 10 3
v 11 3
v 12 3
v 13 3
v 14 3
v 15 3
v 16 3
v 17 3
v 18 3
v 19 3
v 20 3
v 21 3
v 22 3
v 23 4
v 24 4
v 25 4
v 26 4
v 27 4
v 28 4
v 29 4
v 30 4
v 31 4
v 32 4
v 33 4
v 34 4
v 35 4
v 36 4
v 37 4
v 38 4
v 39 4
v 40 4
e 0 13 2
e 1 13 1
e 1 17 1
e 1 18 1
e 5 6 1
e 5 7 1
e 5 10 1
e 5 13 1
e 6 9 1
e 6 11 1
e 6 14 1
e 7 9 1
e 7 12 1
e 7 15 1
e 8 9 1
e 8 11 1
e 8 12 1
e 8 16 1
e 9 23 1
e 10 11 1
e 10 12 1
e 10 24 1
e 11 25 1
e 12 26 1
e 17 19 1
e 17 20 1
e 17 27 1
e 18 21 1
e 18 22 1
e 18 28 1
e 19 29 1
e 19 30 1
e 19 31 1
e 20 32 1
e 20 33 1
e 20 34 1
e 21 35 1
e 21 36 1
e 21 37 1
e 22 38 1
e 22 39 1
e 22 40 1
t # 25179
v 0 27
v 1 27
v 2 1
v 3 2
v 4 2
v 5 3
v 6 3
v 7 3
v 8 3
v 9 3
v 10 3
v 11 3
v 12 3
v 13 3
v 14 3
v 15 3
v 16 3
v 17 3
v 18 3
v 19 3
v 20 3
v 21 4
v 22 4
v 23 4
v 24 4
v 25 4
v 26 4
v 27 4
v 28 4
v 29 4
v 30 4
v 31 4
v 32 4
v 33 4
v 34 4
v 35 4
v 36 4
v 37 4
v 38 4
e 2 13 2
e 3 13 1
e 3 15 1
e 3 16 1
e 5 7 1
e 5 8 1
e 5 9 1
e 5 13 1
e 6 10 1
e 6 11 1
e 6 12 1
e 6 14 1
e 7 10 1
e 7 11 1
e 8 10 1
e 8 12 1
e 9 11 1
e 9 12 1
e 9 21 1
e 10 22 1
e 11 23 1
e 12 24 1
e 15 17 1
e 15 18 1
e 15 25 1
e 16 19 1
e 16 20 1
e 16 26 1
e 17 27 1
e 17 28 1
e 17 29 1
e 18 30 1
e 18 31 1
e 18 32 1
e 19 33 1
e 19 34 1
e 19 35 1
e 20 36 1
e 20 37 1
e 20 38 1
t # 25180
v 0 1
v 1 1
v 2 1
v 3 2
v 4 3
v 5 3
v 6 3
v 7 3
v 8 3
v 9 3
v 10 3
v 11 3
v 12 3
v 13 3
v 14 3
v 15 3
v 16 3
v 17 3
v 18 3
v 19 3
v 20 3
v 21 4
v 22 4
v 23 4
v 24 4
v 25 4
v 26 4
v 27 4
v 28 4
v 29 4
v 30 4
v 31 4
v 32 4
v 33 4
v 34 4
v 35 4
v 36 4
v 37 4
v 38 4
v 39 4
v 40 4
v 41 4
v 42 4
v 43 4
e 0 13 1
e 0 16 1
e 1 12 2
e 2 13 2
e 3 12 1
e 3 14 1
e 3 15 1
e 4 6 1
e 4 7 1
e 4 8 1
e 4 12 1
e 5 9 1
e 5 10 1
e 5 11 1
e 5 13 1
e 6 9 1
e 6 10 1
e 6 21 1
e 7 9 1
e 7 11 1
e 7 22 1
e 8 10 1
e 8 11 1
e 8 23 1
e 9 24 1
e 10 25 1
e 11 26 1
e 14 17 1
e 14 18 1
e 14 27 1
e 15 19 1
e 15 20 1
e 15 28 1
e 16 29 1
e 16 30 1
e 16 31 1
e 17 32 1
e 17 33 1
e 17 34 1
e 18 35 1
e 18 36 1
e 18 37 1
e 19 38 1
e 19 39 1
e 19 40 1
e 20 41 1
e 20 42 1
e 20 43 1
t # 25181
v 0 1
v 1 1
v 2 1
v 3 2
v 4 3
v 5 3
v 6 3
v 7 3
v 8 3
v 9 3
v 10 3
v 11 3
v 12 3
v 13 3
v 14 3
v 15 3
v 16 3
v 17 3
v 18 3
v 19 3
v 20 4
v 21 4
v 22 4
v 23 4
v 24 4
v 25 4
v 26 4
v 27 4
v 28 4
v 29 4
v 30 4
v 31 4
v 32 4
v 33 4
v 34 4
v 35 4
v 36 4
v 37 4
v 38 4
v 39 4
v 40 4
e 0 13 1
e 0 26 1
e 1 12 2
e 2 13 2
e 3 12 1
e 3 14 1
e 3 15 1
e 4 6 1
e 4 7 1
e 4 8 1
e 4 12 1
e 5 9 1
e 5 10 1
e 5 11 1
e 5 13 1
e 6 9 1
e 6 10 1
e 6 20 1
e 7 9 1
e 7 11 1
e 7 21 1
e 8 10 1
e 8 11 1
e 8 22 1
e 9 23 1
e 10 24 1
e 11 25 1
e 14 16 1
e 14 17 1
e 14 27 1
e 15 18 1
e 15 19 1
e 15 28 1
e 16 29 1
e 16 30 1
e 16 31 1
e 17 32 1
e 17 33 1
e 17 34 1
e 18 35 1
e 18 36 1
e 18 37 1
e 19 38 1
e 19 39 1
e 19 40 1
t # 25182
v 0 1
v 1 1
v 2 2
v 3 3
v 4 3
v 5 3
v 6 3
v 7 3
v 8 3
v 9 3
v 10 3
v 11 3
v 12 3
v 13 3
v 14 3
v 15 3
v 16 3
v 17 3
v 18 3
v 19 3
v 20 3
v 21 3
v 22 3
v 23 4
v 24 4
v 25 4
v 26 4
v 27 4
v 28 4
v 29 4
v 30 4
v 31 4
v 32 4
v 33 4
v 34 4
v 35 4
v 36 4
v 37 4
v 38 4
v 39 4
v 40 4
v 41 4
v 42 4
v 43 4
v 44 4
v 45 4
v 46 4
v 47 4
v 48 4
v 49 4
v 50 4
v 51 4
e 0 11 2
e 1 12 2
e 2 12 1
e 2 17 1
e 2 18 1
e 3 5 1
e 3 6 1
e 3 7 1
e 3 11 1
e 4 8 1
e 4 9 1
e 4 10 1
e 4 12 1
e 5 8 1
e 5 9 1
e 5 23 1
e 6 8 1
e 6 10 1
e 6 24 1
e 7 9 1
e 7 10 1
e 7 25 1
e 8 26 1
e 9 27 1
e 10 28 1
e 11 13 1
e 13 14 1
e 13 15 1
e 13 16 1
e 14 29 1
e 14 30 1
e 14 31 1
e 15 32 1
e 15 33 1
e 15 34 1
e 16 35 1
e 16 36 1
e 16 37 1
e 17 19 1
e 17 20 1
e 17 38 1
e 18 21 1
e 18 22 1
e 18 39 1
e 19 40 1
e 19 41 1
e 19 42 1
e 20 43 1
e 20 44 1
e 20 45 1
e 21 46 1
e 21 47 1
e 21 48 1
e 22 49 1
e 22 50 1
e 22 51 1
t # 25183
v 0 1
v 1 2
v 2 2
v 3 3
v 4 3
v 5 3
v 6 3
v 7 3
v 8 3
v 9 3
v 10 3
v 11 3
v 12 3
v 13 3
v 14 3
v 15 3
v 16 3
v 17 3
v 18 4
v 19 4
v 20 4
v 21 4
v 22 4
v 23 4
v 24 4
v 25 4
v 26 4
v 27 4
v 28 4
v 29 4
v 30 4
v 31 4
v 32 4
v 33 4
v 34 4
v 35 4
e 0 11 2
e 1 11 1
e 1 13 1
e 1 14 1
e 3 5 1
e 3 6 1
e 3 7 1
e 3 11 1
e 4 8 1
e 4 9 1
e 4 10 1
e 4 12 1
e 5 8 1
e 5 9 1
e 5 18 1
e 6 8 1
e 6 10 1
e 6 19 1
e 7 9 1
e 7 10 1
e 7 20 1
e 8 21 1
e 9 22 1
e 10 23 1
e 13 15 1
e 13 16 1
e 13 17 1
e 14 24 1
e 14 25 1
e 14 26 1
e 15 27 1
e 15 28 1
e 15 29 1
e 16 30 1
e 16 31 1
e 16 32 1
e 17 33 1
e 17 34 1
e 17 35 1
t # 25184
v 0 1
v 1 1
v 2 2
v 3 2
v 4 3
v 5 3
v 6 3
v 7 3
v 8 3
v 9 3
v 10 3
v 11 3
v 12 3
v 13 3
v 14 3
v 15 3
v 16 3
v 17 3
v 18 3
v 19 3
v 20 3
v 21 3
v 22 3
v 23 3
v 24 4
v 25 4
v 26 4
v 27 4
v 28 4
v 29 4
v 30 4
v 31 4
v 32 4
v 33 4
v 34 4
v 35 4
v 36 4
v 37 4
v 38 4
v 39 4
v 40 4
v 41 4
v 42 4
v 43 4
v 44 4
v 45 4
v 46 4
v 47 4
v 48 4
v 49 4
v 50 4
v 51 4
v 52 4
v 53 4
e 0 12 2
e 1 13 2
e 2 12 1
e 2 14 1
e 2 16 1
e 3 13 1
e 3 15 1
e 3 17 1
e 4 6 1
e 4 7 1
e 4 8 1
e 4 12 1
e 5 9 1
e 5 10 1
e 5 11 1
e 5 13 1
e 6 9 1
e 6 10 1
e 6 24 1
e 7 9 1
e 7 11 1
e 7 25 1
e 8 10 1
e 8 11 1
e 8 26 1
e 9 27 1
e 10 28 1
e 11 29 1
e 14 18 1
e 14 19 1
e 14 20 1
e 15 21 1
e 15 22 1
e 15 23 1
e 16 30 1
e 16 31 1
e 16 32 1
e 17 33 1
e 17 34 1
e 17 35 1
e 18 36 1
e 18 37 1
e 18 38 1
e 19 39 1
e 19 40 1
e 19 41 1
e 20 42 1
e 20 43 1
e 20 44 1
e 21 45 1
e 21 46 1
e 21 47 1
e 22 48 1
e 22 49 1
e 22 50 1
e 23 51 1
e 23 52 1
e 23 53 1
t # 25185
v 0 27
v 1 27
v 2 1
v 3 1
v 4 2
v 5 2
v 6 3
v 7 3
v 8 3
v 9 3
v 10 3
v 11 3
v 12 3
v 13 3
v 14 3
v 15 3
v 16 3
v 17 3
v 18 3
v 19 3
v 20 3
v 21 3
v 22 3
v 23 3
v 24 3
v 25 3
v 26 3
v 27 3
v 28 4
v 29 4
v 30 4
v 31 4
v 32 4
v 33 4
v 34 4
v 35 4
v 36 4
v 37 4
v 38 4
v 39 4
v 40 4
v 41 4
v 42 4
v 43 4
v 44 4
v 45 4
v 46 4
v 47 4
v 48 4
v 49 4
v 50 4
v 51 4
v 52 4
v 53 4
v 54 4
v 55 4
v 56 4
v 57 4
v 58 4
v 59 4
e 2 14 2
e 3 15 2
e 4 14 1
e 4 16 1
e 4 17 1
e 5 15 1
e 5 18 1
e 5 19 1
e 6 8 1
e 6 10 1
e 6 12 1
e 6 14 1
e 7 9 1
e 7 11 1
e 7 13 1
e 7 15 1
e 8 11 1
e 8 13 1
e 8 28 1
e 9 10 1
e 9 12 1
e 9 29 1
e 10 13 1
e 10 30 1
e 11 12 1
e 11 31 1
e 16 20 1
e 16 21 1
e 16 32 1
e 17 22 1
e 17 23 1
e 17 33 1
e 18 24 1
e 18 25 1
e 18 34 1
e 19 26 1
e 19 27 1
e 19 35 1
e 20 36 1
e 20 37 1
e 20 38 1
e 21 39 1
e 21 40 1
e 21 41 1
e 22 42 1
e 22 43 1
e 22 44 1
e 23 45 1
e 23 46 1
e 23 47 1
e 24 48 1
e 24 49 1
e 24 50 1
e 25 51 1
e 25 52 1
e 25 53 1
e 26 54 1
e 26 55 1
e 26 56 1
e 27 57 1
e 27 58 1
e 27 59 1
t # 25186
v 0 1
v 1 1
v 2 2
v 3 2
v 4 3
v 5 3
v 6 3
v 7 3
v 8 3
v 9 3
v 10 3
v 11 3
v 12 3
v 13 3
v 14 3
v 15 3
v 16 3
v 17 3
v 18 3
v 19 3
v 20 3
v 21 3
v 22 3
v 23 3
v 24 3
v 25 3
v 26 4
v 27 4
v 28 4
v 29 4
v 30 4
v 31 4
v 32 4
v 33 4
v 34 4
v 35 4
v 36 4
v 37 4
v 38 4
v 39 4
v 40 4
v 41 4
v 42 4
v 43 4
v 44 4
v 45 4
v 46 4
v 47 4
v 48 4
v 49 4
v 50 4
v 51 4
v 52 4
v 53 4
v 54 4
v 55 4
v 56 4
v 57 4
v 58 4
v 59 4
e 0 12 2
e 1 13 2
e 2 12 1
e 2 14 1
e 2 15 1
e 3 13 1
e 3 16 1
e 3 17 1
e 4 6 1
e 4 7 1
e 4 8 1
e 4 12 1
e 5 9 1
e 5 10 1
e 5 11 1
e 5 13 1
e 6 9 1
e 6 10 1
e 6 26 1
e 7 9 1
e 7 11 1
e 7 27 1
e 8 10 1
e 8 11 1
e 8 28 1
e 9 29 1
e 10 30 1
e 11 31 1
e 14 18 1
e 14 19 1
e 14 32 1
e 15 20 1
e 15 21 1
e 15 33 1
e 16 22 1
e 16 23 1
e 16 34 1
e 17 24 1
e 17 25 1
e 17 35 1
e 18 36 1
e 18 37 1
e 18 38 1
e 19 39 1
e 19 40 1
e 19 41 1
e 20 42 1
e 20 43 1
e 20 44 1
e 21 45 1
e 21 46 1
e 21 47 1
e 22 48 1
e 22 49 1
e 22 50 1
e 23 51 1
e 23 52 1
e 23 53 1
e 24 54 1
e 24 55 1
e 24 56 1
e 25 57 1
e 25 58 1
e 25 59 1
t # 25187
v 0 1
v 1 1
v 2 2
v 3 2
v 4 3
v 5 3
v 6 3
v 7 3
v 8 3
v 9 3
v 10 3
v 11 3
v 12 3
v 13 3
v 14 3
v 15 3
v 16 3
v 17 3
v 18 3
v 19 4
v 20 4
v 21 4
v 22 4
v 23 4
v 24 4
v 25 4
v 26 4
v 27 4
v 28 4
v 29 4
v 30 4
v 31 4
v 32 4
v 33 4
v 34 4
v 35 4
v 36 4
v 37 4
v 38 4
e 0 12 2
e 1 13 2
e 2 12 1
e 2 14 1
e 2 15 1
e 3 13 1
e 3 25 1
e 3 26 1
e 4 6 1
e 4 7 1
e 4 8 1
e 4 12 1
e 5 9 1
e 5 10 1
e 5 11 1
e 5 13 1
e 6 9 1
e 6 10 1
e 6 19 1
e 7 9 1
e 7 11 1
e 7 20 1
e 8 10 1
e 8 11 1
e 8 21 1
e 9 22 1
e 10 23 1
e 11 24 1
e 14 16 1
e 14 17 1
e 14 18 1
e 15 27 1
e 15 28 1
e 15 29 1
e 16 30 1
e 16 31 1
e 16 32 1
e 17 33 1
e 17 34 1
e 17 35 1
e 18 36 1
e 18 37 1
e 18 38 1
t # 25188
v 0 27
v 1 1
v 2 2
v 3 3
v 4 3
v 5 3
v 6 3
v 7 3
v 8 3
v 9 3
v 10 3
v 11 3
v 12 3
v 13 3
v 14 3
v 15 3
v 16 3
v 17 3
v 18 4
v 19 4
v 20 4
v 21 4
v 22 4
v 23 4
v 24 4
v 25 4
v 26 4
v 27 4
v 28 4
v 29 4
v 30 4
v 31 4
v 32 4
v 33 4
v 34 4
v 35 4
v 36 4
v 37 4
e 1 11 2
e 2 11 1
e 2 12 1
e 2 13 1
e 3 4 1
e 3 5 1
e 3 6 1
e 3 11 1
e 4 7 1
e 4 8 1
e 4 18 1
e 5 7 1
e 5 9 1
e 5 19 1
e 6 8 1
e 6 9 1
e 6 20 1
e 7 10 1
e 7 21 1
e 8 10 1
e 8 22 1
e 9 10 1
e 9 23 1
e 12 14 1
e 12 15 1
e 12 24 1
e 13 16 1
e 13 17 1
e 13 25 1
e 14 26 1
e 14 27 1
e 14 28 1
e 15 29 1
e 15 30 1
e 15 31 1
e 16 32 1
e 16 33 1
e 16 34 1
e 17 35 1
e 17 36 1
e 17 37 1
t # 25189
v 0 1
v 1 1
v 2 3
v 3 3
v 4 3
v 5 3
v 6 3
v 7 3
v 8 3
v 9 3
v 10 3
v 11 3
v 12 4
v 13 4
v 14 4
v 15 4
v 16 4
v 17 4
v 18 4
v 19 4
v 20 4
v 21 4
e 0 11 1
e 0 21 1
e 1 11 2
e 2 3 1
e 2 4 1
e 2 5 1
e 2 10 1
e 3 6 1
e 3 7 1
e 3 12 1
e 4 6 1
e 4 8 1
e 4 13 1
e 5 7 1
e 5 8 1
e 5 14 1
e 6 9 1
e 6 15 1
e 7 9 1
e 7 16 1
e 8 9 1
e 8 17 1
e 9 18 1
e 10 11 1
e 10 19 1
e 10 20 1
t # 25190
v 0 1
v 1 1
v 2 3
v 3 3
v 4 3
v 5 3
v 6 3
v 7 3
v 8 3
v 9 3
v 10 3
v 11 3
v 12 4
v 13 4
v 14 4
v 15 4
v 16 4
v 17 4
v 18 4
v 19 4
v 20 4
v 21 4
v 22 4
v 23 4
e 0 10 1
e 0 22 1
e 1 11 1
e 1 23 1
e 2 4 1
e 2 5 1
e 2 6 1
e 2 10 1
e 3 7 1
e 3 8 1
e 3 9 1
e 3 11 1
e 4 7 1
e 4 8 1
e 4 12 1
e 5 7 1
e 5 9 1
e 5 13 1
e 6 8 1
e 6 9 1
e 6 14 1
e 7 15 1
e 8 16 1
e 9 17 1
e 10 18 1
e 10 19 1
e 11 20 1
e 11 21 1
t # 25191
v 0 27
v 1 1
v 2 2
v 3 3
v 4 3
v 5 3
v 6 3
v 7 3
v 8 3
v 9 3
v 10 3
v 11 3
v 12 3
v 13 3
v 14 3
v 15 3
v 16 4
v 17 4
v 18 4
v 19 4
v 20 4
v 21 4
v 22 4
v 23 4
v 24 4
v 25 4
v 26 4
v 27 4
v 28 4
v 29 4
e 1 11 1
e 1 13 1
e 2 11 2
e 2 12 1
e 3 4 1
e 3 5 1
e 3 6 1
e 3 11 1
e 4 7 1
e 4 8 1
e 4 16 1
e 5 7 1
e 5 9 1
e 5 17 1
e 6 8 1
e 6 9 1
e 6 18 1
e 7 10 1
e 7 19 1
e 8 10 1
e 8 20 1
e 9 10 1
e 9 21 1
e 12 13 1
e 12 14 1
e 12 15 1
e 13 22 1
e 13 23 1
e 14 24 1
e 14 25 1
e 14 26 1
e 15 27 1
e 15 28 1
e 15 29 1
t # 25192
v 0 27
v 1 1
v 2 1
v 3 3
v 4 3
v 5 3
v 6 3
v 7 3
v 8 3
v 9 3
v 10 3
v 11 3
v 12 3
v 13 4
v 14 4
v 15 4
v 16 4
v 17 4
v 18 4
v 19 4
v 20 4
v 21 4
e 1 11 1
e 1 12 1
e 2 11 2
e 3 4 1
e 3 5 1
e 3 6 1
e 3 11 1
e 4 7 1
e 4 8 1
e 4 13 1
e 5 7 1
e 5 9 1
e 5 14 1
e 6 8 1
e 6 9 1
e 6 15 1
e 7 10 1
e 7 16 1
e 8 10 1
e 8 17 1
e 9 10 1
e 9 18 1
e 12 19 1
e 12 20 1
e 12 21 1
t # 25193
v 0 1
v 1 1
v 2 1
v 3 1
v 4 3
v 5 3
v 6 3
v 7 3
v 8 3
v 9 3
v 10 3
v 11 3
v 12 3
v 13 3
v 14 3
v 15 4
v 16 4
v 17 4
v 18 4
v 19 4
v 20 4
v 21 4
v 22 4
v 23 4
v 24 4
e 0 12 1
e 0 14 1
e 1 13 1
e 1 21 1
e 2 12 2
e 3 13 2
e 4 6 1
e 4 7 1
e 4 8 1
e 4 12 1
e 5 9 1
e 5 10 1
e 5 11 1
e 5 13 1
e 6 9 1
e 6 10 1
e 6 15 1
e 7 9 1
e 7 11 1
e 7 16 1
e 8 10 1
e 8 11 1
e 8 17 1
e 9 18 1
e 10 19 1
e 11 20 1
e 14 22 1
e 14 23 1
e 14 24 1
t # 25194
v 0 1
v 1 2
v 2 2
v 3 2
v 4 2
v 5 2
v 6 2
v 7 3
v 8 3
v 9 3
v 10 3
v 11 3
v 12 3
v 13 3
v 14 3
v 15 3
v 16 3
v 17 3
v 18 3
v 19 3
v 20 3
v 21 3
v 22 4
v 23 4
v 24 4
v 25 4
v 26 4
v 27 4
v 28 4
v 29 4
v 30 4
v 31 4
v 32 4
v 33 4
v 34 4
v 35 4
e 0 21 2
e 1 7 1
e 1 8 1
e 1 10 1
e 2 7 2
e 2 9 1
e 3 8 1
e 4 15 1
e 5 6 1
e 5 21 1
e 5 33 1
e 6 34 1
e 6 35 1
e 7 11 1
e 8 9 2
e 9 12 1
e 10 13 2
e 10 22 1
e 11 14 2
e 11 23 1
e 12 24 1
e 12 25 1
e 12 26 1
e 13 14 1
e 13 27 1
e 14 28 1
e 15 17 2
e 15 18 1
e 16 19 2
e 16 20 1
e 16 21 1
e 17 19 1
e 17 29 1
e 18 20 2
e 18 30 1
e 19 31 1
e 20 32 1
t # 25195
v 0 1
v 1 1
v 2 2
v 3 2
v 4 3
v 5 3
v 6 3
v 7 3
v 8 3
v 9 3
v 10 3
v 11 3
v 12 3
v 13 3
v 14 3
v 15 3
v 16 3
v 17 3
v 18 3
v 19 3
v 20 3
v 21 3
v 22 4
v 23 4
v 24 4
v 25 4
v 26 4
v 27 4
v 28 4
v 29 4
v 30 4
v 31 4
v 32 4
v 33 4
v 34 4
v 35 4
v 36 4
v 37 4
v 38 4
v 39 4
v 40 4
v 41 4
e 0 4 1
e 1 16 1
e 1 21 1
e 2 6 1
e 2 13 1
e 3 13 1
e 3 19 2
e 4 5 1
e 4 7 1
e 4 22 1
e 5 8 1
e 5 9 2
e 6 9 1
e 6 23 1
e 6 24 1
e 7 10 2
e 7 11 1
e 8 12 1
e 8 25 1
e 8 26 1
e 9 27 1
e 10 14 1
e 10 28 1
e 11 15 2
e 11 29 1
e 12 30 1
e 12 31 1
e 12 32 1
e 13 17 2
e 14 16 2
e 14 33 1
e 15 16 1
e 15 34 1
e 17 18 1
e 17 35 1
e 18 20 2
e 18 36 1
e 19 20 1
e 19 37 1
e 20 38 1
e 21 39 1
e 21 40 1
e 21 41 1
t # 25196
v 0 11
v 1 11
v 2 1
v 3 2
v 4 2
v 5 3
v 6 3
v 7 3
v 8 3
v 9 3
v 10 3
v 11 3
v 12 3
v 13 3
v 14 3
v 15 3
v 16 3
v 17 3
v 18 3
v 19 3
v 20 3
v 21 3
v 22 3
v 23 3
v 24 3
v 25 3
v 26 3
v 27 3
v 28 4
v 29 4
v 30 4
v 31 4
v 32 4
v 33 4
v 34 4
v 35 4
v 36 4
v 37 4
v 38 4
v 39 4
v 40 4
v 41 4
v 42 4
v 43 4
v 44 4
v 45 4
v 46 4
v 47 4
v 48 4
v 49 4
v 50 4
v 51 4
v 52 4
v 53 4
v 54 4
v 55 4
v 56 4
v 57 4
v 58 4
v 59 4
v 60 4
v 61 4
e 0 15 1
e 0 19 1
e 2 20 2
e 3 4 1
e 3 20 1
e 3 21 1
e 4 18 1
e 4 53 1
e 5 6 1
e 5 7 1
e 5 28 1
e 5 29 1
e 6 8 1
e 6 30 1
e 6 31 1
e 7 9 1
e 7 32 1
e 7 33 1
e 8 10 1
e 8 34 1
e 8 35 1
e 9 11 1
e 9 36 1
e 9 37 1
e 10 12 1
e 10 38 1
e 10 39 1
e 11 13 1
e 11 40 1
e 11 41 1
e 12 14 1
e 12 42 1
e 12 43 1
e 13 15 1
e 13 44 1
e 13 45 1
e 14 16 1
e 14 46 1
e 14 47 1
e 15 48 1
e 15 49 1
e 16 50 1
e 16 51 1
e 16 52 1
e 17 18 2
e 17 19 1
e 17 20 1
e 18 22 1
e 21 23 2
e 21 24 1
e 22 54 1
e 22 55 1
e 22 56 1
e 23 25 1
e 23 57 1
e 24 26 2
e 24 58 1
e 25 27 2
e 25 59 1
e 26 27 1
e 26 60 1
e 27 61 1
t # 25197
v 0 1
v 1 1
v 2 2
v 3 2
v 4 2
v 5 2
v 6 3
v 7 3
v 8 3
v 9 3
v 10 3
v 11 3
v 12 3
v 13 3
v 14 3
v 15 3
v 16 3
v 17 3
v 18 3
v 19 4
v 20 4
v 21 4
v 22 4
v 23 4
v 24 4
v 25 4
v 26 4
v 27 4
v 28 4
v 29 4
v 30 4
v 31 4
v 32 4
e 0 7 2
e 1 10 2
e 2 6 1
e 2 10 1
e 2 11 1
e 3 7 1
e 3 10 1
e 3 12 1
e 4 11 1
e 4 13 1
e 4 25 1
e 5 11 2
e 5 14 1
e 6 7 1
e 6 8 1
e 6 9 1
e 8 19 1
e 8 20 1
e 8 21 1
e 9 22 1
e 9 23 1
e 9 24 1
e 12 26 1
e 12 27 1
e 12 28 1
e 13 14 1
e 13 15 2
e 14 16 2
e 15 17 1
e 15 29 1
e 16 18 1
e 16 30 1
e 17 18 2
e 17 31 1
e 18 32 1
t # 25198
v 0 1
v 1 1
v 2 1
v 3 1
v 4 1
v 5 2
v 6 2
v 7 3
v 8 3
v 9 3
v 10 3
v 11 3
v 12 3
v 13 3
v 14 3
v 15 3
v 16 3
v 17 3
v 18 3
v 19 3
v 20 3
v 21 3
v 22 3
v 23 3
v 24 3
v 25 3
v 26 3
v 27 3
v 28 4
v 29 4
v 30 4
v 31 4
v 32 4
v 33 4
v 34 4
v 35 4
v 36 4
v 37 4
v 38 4
v 39 4
v 40 4
v 41 4
v 42 4
v 43 4
v 44 4
v 45 4
v 46 4
v 47 4
e 0 12 1
e 0 15 1
e 1 15 2
e 2 23 1
e 2 26 1
e 3 24 1
e 3 27 1
e 4 25 1
e 4 41 1
e 5 7 1
e 5 8 1
e 5 15 1
e 6 10 1
e 6 16 1
e 6 34 1
e 7 9 1
e 7 12 1
e 7 28 1
e 8 10 1
e 8 14 1
e 8 29 1
e 9 11 1
e 9 30 1
e 9 31 1
e 10 11 2
e 11 13 1
e 12 32 1
e 12 33 1
e 13 16 1
e 13 17 2
e 14 18 2
e 14 19 1
e 16 20 2
e 17 21 1
e 17 35 1
e 18 24 1
e 18 36 1
e 19 23 2
e 19 37 1
e 20 22 1
e 20 38 1
e 21 22 2
e 21 39 1
e 22 40 1
e 23 25 1
e 24 25 2
e 26 42 1
e 26 43 1
e 26 44 1
e 27 45 1
e 27 46 1
e 27 47 1
t # 25199
v 0 1
v 1 1
v 2 1
v 3 3
v 4 3
v 5 3
v 6 3
v 7 3
v 8 3
v 9 3
v 10 3
v 11 3
v 12 3
v 13 3
v 14 3
v 15 3
v 16 3
v 17 3
v 18 3
v 19 3
v 20 3
v 21 3
v 22 3
v 23 4
v 24 4
v 25 4
v 26 4
v 27 4
v 28 4
v 29 4
v 30 4
v 31 4
v 32 4
v 33 4
v 34 4
v 35 4
v 36 4
v 37 4
v 38 4
e 0 3 1
e 0 9 1
e 1 9 2
e 2 19 1
e 2 22 1
e 3 4 1
e 3 6 1
e 3 23 1
e 4 5 2
e 4 8 1
e 5 7 1
e 5 9 1
e 6 11 2
e 6 13 1
e 7 10 1
e 7 14 2
e 8 12 2
e 8 24 1
e 10 12 1
e 10 16 2
e 11 15 1
e 11 17 1
e 12 25 1
e 13 18 2
e 13 26 1
e 14 20 1
e 14 27 1
e 15 19 2
e 15 28 1
e 16 21 1
e 16 29 1
e 17 30 1
e 17 31 1
e 17 32 1
e 18 19 1
e 18 33 1
e 20 21 2
e 20 34 1
e 21 35 1
e 22 36 1
e 22 37 1
e 22 38 1
