t # 28700
v 0 12
v 1 12
v 2 1
v 3 1
v 4 1
v 5 1
v 6 1
v 7 2
v 8 2
v 9 2
v 10 2
v 11 2
v 12 2
v 13 2
v 14 2
v 15 3
v 16 3
v 17 3
v 18 3
v 19 3
v 20 3
v 21 3
v 22 3
v 23 3
v 24 3
v 25 3
v 26 3
v 27 3
v 28 3
v 29 3
v 30 3
v 31 3
v 32 3
v 33 3
v 34 3
v 35 3
v 36 3
v 37 3
v 38 3
v 39 3
v 40 3
v 41 3
v 42 3
v 43 3
v 44 3
v 45 3
v 46 3
v 47 3
v 48 3
v 49 3
v 50 3
v 51 3
v 52 3
v 53 3
v 54 3
v 55 3
v 56 3
v 57 3
v 58 4
v 59 4
v 60 4
v 61 4
v 62 4
v 63 4
v 64 4
v 65 4
v 66 4
v 67 4
v 68 4
v 69 4
v 70 4
v 71 4
v 72 4
v 73 4
v 74 4
v 75 4
v 76 4
v 77 4
v 78 4
v 79 4
v 80 4
v 81 4
v 82 4
v 83 4
v 84 4
v 85 4
v 86 4
v 87 4
v 88 4
v 89 4
v 90 4
v 91 4
v 92 4
v 93 4
e 0 25 1
e 1 26 1
e 2 33 1
e 2 84 1
e 3 34 1
e 3 85 1
e 4 35 2
e 5 36 2
e 6 57 2
e 7 19 1
e 7 21 1
e 7 35 1
e 8 20 1
e 8 22 1
e 8 36 1
e 9 27 1
e 9 37 1
e 9 70 1
e 10 28 1
e 10 38 1
e 10 71 1
e 11 39 1
e 11 47 1
e 11 82 1
e 12 40 1
e 12 48 1
e 12 83 1
e 13 53 1
e 13 57 1
e 13 92 1
e 14 54 1
e 14 57 1
e 14 93 1
e 15 17 1
e 15 19 1
e 15 25 1
e 15 58 1
e 16 18 1
e 16 20 1
e 16 26 1
e 16 59 1
e 17 21 1
e 17 23 2
e 18 22 1
e 18 24 2
e 19 60 1
e 19 61 1
e 20 62 1
e 20 63 1
e 21 29 2
e 22 30 2
e 23 27 1
e 23 31 1
e 24 28 1
e 24 32 1
e 25 64 1
e 25 65 1
e 26 66 1
e 26 67 1
e 27 33 2
e 28 34 2
e 29 33 1
e 29 68 1
e 30 34 1
e 30 69 1
e 31 37 2
e 31 41 1
e 32 38 2
e 32 42 1
e 35 39 1
e 36 40 1
e 37 72 1
e 38 73 1
e 39 43 2
e 40 44 2
e 41 74 1
e 41 75 1
e 41 76 1
e 42 77 1
e 42 78 1
e 42 79 1
e 43 45 1
e 43 80 1
e 44 46 1
e 44 81 1
e 45 47 2
e 45 49 1
e 46 48 2
e 46 50 1
e 47 51 1
e 48 52 1
e 49 53 2
e 49 86 1
e 50 54 2
e 50 87 1
e 51 55 2
e 51 88 1
e 52 56 2
e 52 89 1
e 53 55 1
e 54 56 1
e 55 90 1
e 56 91 1
t # 28701
v 0 1
v 1 1
v 2 1
v 3 1
v 4 1
v 5 1
v 6 1
v 7 1
v 8 1
v 9 1
v 10 1
v 11 1
v 12 2
v 13 2
v 14 2
v 15 2
v 16 2
v 17 2
v 18 2
v 19 2
v 20 2
v 21 2
v 22 2
v 23 2
v 24 2
v 25 2
v 26 3
v 27 3
v 28 3
v 29 3
v 30 3
v 31 3
v 32 3
v 33 3
v 34 3
v 35 3
v 36 3
v 37 3
v 38 3
v 39 3
v 40 3
v 41 3
v 42 3
v 43 3
v 44 3
v 45 3
v 46 3
v 47 3
v 48 3
v 49 3
v 50 3
v 51 3
v 52 3
v 53 3
v 54 3
v 55 3
v 56 3
v 57 3
v 58 3
v 59 3
v 60 3
v 61 3
v 62 3
v 63 3
v 64 3
v 65 3
v 66 3
v 67 4
v 68 4
v 69 4
v 70 4
v 71 4
v 72 4
v 73 4
v 74 4
v 75 4
v 76 4
v 77 4
v 78 4
v 79 4
v 80 4
v 81 4
v 82 4
v 83 4
v 84 4
v 85 4
v 86 4
v 87 4
v 88 4
v 89 4
v 90 4
v 91 4
v 92 4
v 93 4
v 94 4
v 95 4
v 96 4
v 97 4
v 98 4
v 99 4
v 100 4
v 101 4
v 102 4
v 103 4
v 104 4
v 105 4
v 106 4
v 107 4
v 108 4
v 109 4
v 110 4
v 111 4
v 112 4
v 113 4
v 114 4
v 115 4
v 116 4
v 117 4
v 118 4
v 119 4
v 120 4
v 121 4
v 122 4
v 123 4
v 124 4
v 125 4
v 126 4
v 127 4
v 128 4
v 129 4
v 130 4
v 131 4
v 132 4
v 133 4
v 134 4
e 0 32 2
e 1 35 2
e 2 36 2
e 3 43 2
e 4 44 2
e 5 49 2
e 6 53 2
e 7 54 2
e 8 56 2
e 9 63 1
e 9 132 1
e 10 64 2
e 11 65 2
e 12 28 1
e 12 32 1
e 12 77 1
e 13 26 1
e 13 36 1
e 13 80 1
e 14 35 1
e 14 41 1
e 14 88 1
e 15 37 1
e 15 43 1
e 15 89 1
e 16 38 1
e 16 96 1
e 16 97 1
e 17 39 1
e 17 98 1
e 17 99 1
e 18 42 1
e 18 49 1
e 18 101 1
e 19 44 1
e 19 45 1
e 19 102 1
e 20 47 1
e 20 53 1
e 20 110 1
e 21 50 1
e 21 56 1
e 21 115 1
e 22 55 1
e 22 65 1
e 22 123 1
e 23 54 1
e 23 124 1
e 23 125 1
e 24 64 1
e 24 130 1
e 24 131 1
e 25 66 1
e 25 133 1
e 25 134 1
e 26 27 1
e 26 32 1
e 26 67 1
e 27 30 1
e 27 68 1
e 27 69 1
e 28 29 1
e 28 35 1
e 28 70 1
e 29 31 1
e 29 71 1
e 29 72 1
e 30 33 1
e 30 73 1
e 30 74 1
e 31 34 1
e 31 75 1
e 31 76 1
e 33 38 1
e 33 78 1
e 33 79 1
e 34 39 1
e 34 81 1
e 34 82 1
e 36 37 1
e 37 40 1
e 37 83 1
e 38 84 1
e 38 85 1
e 39 86 1
e 39 87 1
e 40 90 1
e 40 91 1
e 40 92 1
e 41 44 1
e 41 93 1
e 41 94 1
e 42 43 1
e 42 46 1
e 42 95 1
e 45 48 1
e 45 54 1
e 45 100 1
e 46 104 1
e 46 105 1
e 46 106 1
e 47 49 1
e 47 52 1
e 47 103 1
e 48 51 1
e 48 107 1
e 48 108 1
e 50 53 1
e 50 57 1
e 50 109 1
e 51 59 2
e 51 60 1
e 52 111 1
e 52 112 1
e 52 113 1
e 55 56 1
e 55 58 1
e 55 114 1
e 57 116 1
e 57 117 1
e 57 118 1
e 58 64 1
e 58 119 1
e 58 120 1
e 59 61 1
e 59 121 1
e 60 62 2
e 60 122 1
e 61 63 2
e 61 126 1
e 62 63 1
e 62 127 1
e 65 66 1
e 66 128 1
e 66 129 1
t # 28702
v 0 1
v 1 1
v 2 1
v 3 1
v 4 1
v 5 1
v 6 1
v 7 1
v 8 1
v 9 1
v 10 1
v 11 1
v 12 1
v 13 1
v 14 1
v 15 2
v 16 2
v 17 2
v 18 2
v 19 2
v 20 2
v 21 2
v 22 2
v 23 2
v 24 2
v 25 2
v 26 2
v 27 2
v 28 3
v 29 3
v 30 3
v 31 3
v 32 3
v 33 3
v 34 3
v 35 3
v 36 3
v 37 3
v 38 3
v 39 3
v 40 3
v 41 3
v 42 3
v 43 3
v 44 3
v 45 3
v 46 3
v 47 3
v 48 3
v 49 3
v 50 3
v 51 3
v 52 3
v 53 3
v 54 3
v 55 3
v 56 3
v 57 3
v 58 3
v 59 3
v 60 3
v 61 3
v 62 3
v 63 3
v 64 3
v 65 3
v 66 3
v 67 3
v 68 3
v 69 3
v 70 3
v 71 3
v 72 3
v 73 3
v 74 3
v 75 3
v 76 3
v 77 3
v 78 3
v 79 3
v 80 4
v 81 4
v 82 4
v 83 4
v 84 4
v 85 4
v 86 4
v 87 4
v 88 4
v 89 4
v 90 4
v 91 4
v 92 4
v 93 4
v 94 4
v 95 4
v 96 4
v 97 4
v 98 4
v 99 4
v 100 4
v 101 4
v 102 4
v 103 4
v 104 4
v 105 4
v 106 4
v 107 4
v 108 4
v 109 4
v 110 4
v 111 4
v 112 4
v 113 4
v 114 4
v 115 4
v 116 4
v 117 4
v 118 4
v 119 4
v 120 4
v 121 4
v 122 4
v 123 4
v 124 4
v 125 4
v 126 4
v 127 4
v 128 4
v 129 4
v 130 4
v 131 4
v 132 4
v 133 4
v 134 4
v 135 4
v 136 4
v 137 4
v 138 4
v 139 4
v 140 4
v 141 4
v 142 4
v 143 4
v 144 4
v 145 4
v 146 4
v 147 4
v 148 4
v 149 4
v 150 4
v 151 4
v 152 4
v 153 4
v 154 4
v 155 4
v 156 4
v 157 4
v 158 4
v 159 4
v 160 4
v 161 4
v 162 4
v 163 4
v 164 4
v 165 4
v 166 4
v 167 4
v 168 4
v 169 4
v 170 4
v 171 4
v 172 4
v 173 4
v 174 4
e 0 32 2
e 1 34 2
e 2 41 2
e 3 42 2
e 4 46 1
e 4 124 1
e 5 50 2
e 6 53 2
e 7 60 1
e 7 160 1
e 8 60 2
e 9 63 2
e 10 72 1
e 10 169 1
e 11 74 2
e 12 75 2
e 13 78 1
e 13 174 1
e 14 79 2
e 15 28 1
e 15 31 1
e 15 32 1
e 16 34 1
e 16 36 1
e 16 90 1
e 17 33 1
e 17 41 1
e 17 94 1
e 18 42 1
e 18 47 1
e 18 106 1
e 19 43 1
e 19 50 1
e 19 110 1
e 20 44 1
e 20 114 1
e 20 115 1
e 21 48 1
e 21 120 1
e 21 121 1
e 22 49 1
e 22 63 1
e 22 125 1
e 23 53 1
e 23 144 1
e 23 145 1
e 24 66 1
e 24 74 1
e 24 159 1
e 25 67 1
e 25 161 1
e 25 162 1
e 26 75 1
e 26 77 1
e 26 167 1
e 27 76 1
e 27 79 1
e 27 168 1
e 28 29 1
e 28 34 1
e 28 80 1
e 29 30 1
e 29 81 1
e 29 82 1
e 30 31 1
e 30 83 1
e 30 84 1
e 31 85 1
e 31 86 1
e 32 33 1
e 33 35 1
e 33 87 1
e 35 37 1
e 35 88 1
e 35 89 1
e 36 38 1
e 36 42 1
e 36 91 1
e 37 39 1
e 37 92 1
e 37 93 1
e 38 40 1
e 38 95 1
e 38 96 1
e 39 44 1
e 39 97 1
e 39 98 1
e 40 45 1
e 40 99 1
e 40 100 1
e 41 43 1
e 43 46 1
e 43 101 1
e 44 102 1
e 44 103 1
e 45 48 1
e 45 104 1
e 45 105 1
e 46 107 1
e 46 108 1
e 47 51 1
e 47 53 1
e 47 109 1
e 48 111 1
e 48 112 1
e 49 50 1
e 49 52 1
e 49 113 1
e 51 60 1
e 51 116 1
e 51 117 1
e 52 54 1
e 52 118 1
e 52 119 1
e 54 57 1
e 54 122 1
e 54 123 1
e 55 56 1
e 55 58 1
e 55 126 1
e 55 127 1
e 56 59 1
e 56 128 1
e 56 129 1
e 57 67 1
e 57 130 1
e 57 131 1
e 58 61 1
e 58 132 1
e 58 133 1
e 59 62 1
e 59 134 1
e 59 135 1
e 61 64 1
e 61 136 1
e 61 137 1
e 62 65 1
e 62 138 1
e 62 139 1
e 63 66 1
e 64 68 1
e 64 140 1
e 64 141 1
e 65 69 1
e 65 142 1
e 65 143 1
e 66 72 1
e 66 146 1
e 67 149 1
e 67 150 1
e 68 70 1
e 68 147 1
e 68 148 1
e 69 71 1
e 69 151 1
e 69 152 1
e 70 73 1
e 70 153 1
e 70 154 1
e 71 75 1
e 71 155 1
e 71 156 1
e 72 157 1
e 72 158 1
e 73 163 1
e 73 164 1
e 73 165 1
e 74 76 1
e 76 78 1
e 76 166 1
e 77 79 1
e 77 170 1
e 77 171 1
e 78 172 1
e 78 173 1
t # 28703
v 0 1
v 1 1
v 2 1
v 3 1
v 4 1
v 5 1
v 6 1
v 7 1
v 8 1
v 9 1
v 10 1
v 11 1
v 12 1
v 13 1
v 14 2
v 15 2
v 16 2
v 17 2
v 18 2
v 19 2
v 20 2
v 21 2
v 22 2
v 23 2
v 24 2
v 25 2
v 26 2
v 27 3
v 28 3
v 29 3
v 30 3
v 31 3
v 32 3
v 33 3
v 34 3
v 35 3
v 36 3
v 37 3
v 38 3
v 39 3
v 40 3
v 41 3
v 42 3
v 43 3
v 44 3
v 45 3
v 46 3
v 47 3
v 48 3
v 49 3
v 50 3
v 51 3
v 52 3
v 53 3
v 54 3
v 55 3
v 56 3
v 57 3
v 58 3
v 59 3
v 60 3
v 61 3
v 62 3
v 63 3
v 64 3
v 65 4
v 66 4
v 67 4
v 68 4
v 69 4
v 70 4
v 71 4
v 72 4
v 73 4
v 74 4
v 75 4
v 76 4
v 77 4
v 78 4
v 79 4
v 80 4
v 81 4
v 82 4
v 83 4
v 84 4
v 85 4
v 86 4
v 87 4
v 88 4
v 89 4
v 90 4
v 91 4
v 92 4
v 93 4
v 94 4
v 95 4
v 96 4
v 97 4
v 98 4
v 99 4
v 100 4
v 101 4
v 102 4
v 103 4
v 104 4
v 105 4
v 106 4
v 107 4
v 108 4
v 109 4
v 110 4
v 111 4
v 112 4
v 113 4
v 114 4
v 115 4
v 116 4
v 117 4
v 118 4
v 119 4
v 120 4
v 121 4
v 122 4
v 123 4
v 124 4
v 125 4
v 126 4
v 127 4
v 128 4
v 129 4
v 130 4
v 131 4
v 132 4
v 133 4
e 0 31 2
e 1 33 2
e 2 40 2
e 3 41 2
e 4 45 1
e 4 112 1
e 5 49 2
e 6 53 2
e 7 57 1
e 7 123 1
e 8 55 2
e 9 57 2
e 10 59 1
e 10 125 1
e 11 60 2
e 12 62 1
e 12 129 1
e 13 63 2
e 14 27 1
e 14 30 1
e 14 31 1
e 15 33 1
e 15 35 1
e 15 75 1
e 16 32 1
e 16 40 1
e 16 79 1
e 17 41 1
e 17 46 1
e 17 91 1
e 18 42 1
e 18 49 1
e 18 94 1
e 19 44 1
e 19 101 1
e 19 102 1
e 20 48 1
e 20 55 1
e 20 107 1
e 21 47 1
e 21 110 1
e 21 111 1
e 22 53 1
e 22 116 1
e 22 117 1
e 23 56 1
e 23 60 1
e 23 120 1
e 24 58 1
e 24 121 1
e 24 122 1
e 25 61 1
e 25 63 1
e 25 128 1
e 26 64 1
e 26 132 1
e 26 133 1
e 27 28 1
e 27 33 1
e 27 65 1
e 28 29 1
e 28 66 1
e 28 67 1
e 29 30 1
e 29 68 1
e 29 69 1
e 30 70 1
e 30 71 1
e 31 32 1
e 32 34 1
e 32 72 1
e 34 36 1
e 34 73 1
e 34 74 1
e 35 37 1
e 35 41 1
e 35 76 1
e 36 38 1
e 36 77 1
e 36 78 1
e 37 39 1
e 37 80 1
e 37 81 1
e 38 44 1
e 38 82 1
e 38 83 1
e 39 43 1
e 39 84 1
e 39 85 1
e 40 42 1
e 42 45 1
e 42 86 1
e 43 47 1
e 43 87 1
e 43 88 1
e 44 89 1
e 44 90 1
e 45 92 1
e 45 93 1
e 46 51 1
e 46 53 1
e 46 95 1
e 47 96 1
e 47 97 1
e 48 49 1
e 48 50 1
e 48 98 1
e 50 52 1
e 50 99 1
e 50 100 1
e 51 57 1
e 51 103 1
e 51 104 1
e 52 54 1
e 52 105 1
e 52 106 1
e 54 58 1
e 54 108 1
e 54 109 1
e 55 56 1
e 56 59 1
e 56 113 1
e 58 114 1
e 58 115 1
e 59 118 1
e 59 119 1
e 60 61 1
e 61 62 1
e 61 124 1
e 62 126 1
e 62 127 1
e 63 64 1
e 64 130 1
e 64 131 1
t # 28704
v 0 1
v 1 1
v 2 1
v 3 2
v 4 3
v 5 3
v 6 3
v 7 3
v 8 3
v 9 3
v 10 3
v 11 3
v 12 3
v 13 4
v 14 4
v 15 4
v 16 4
v 17 4
v 18 4
v 19 4
v 20 4
v 21 4
v 22 4
v 23 4
v 24 4
v 25 4
v 26 4
v 27 4
e 0 5 1
e 0 11 1
e 1 5 1
e 1 12 1
e 2 11 2
e 3 4 1
e 3 6 1
e 3 7 1
e 4 5 1
e 4 8 2
e 5 13 1
e 6 9 1
e 6 14 1
e 6 15 1
e 7 10 1
e 7 16 1
e 7 17 1
e 8 11 1
e 8 18 1
e 9 19 1
e 9 20 1
e 9 21 1
e 10 22 1
e 10 23 1
e 10 24 1
e 12 25 1
e 12 26 1
e 12 27 1
t # 28705
v 0 1
v 1 2
v 2 3
v 3 3
v 4 3
v 5 3
v 6 3
v 7 3
v 8 3
v 9 3
v 10 3
v 11 3
v 12 3
v 13 3
v 14 3
v 15 3
v 16 3
v 17 3
v 18 3
v 19 4
v 20 4
v 21 4
v 22 4
v 23 4
v 24 4
v 25 4
v 26 4
v 27 4
v 28 4
v 29 4
v 30 4
v 31 4
v 32 4
v 33 4
v 34 4
v 35 4
e 0 8 2
e 1 2 1
e 1 4 1
e 1 7 1
e 2 3 1
e 2 8 1
e 2 19 1
e 3 5 1
e 3 20 1
e 3 21 1
e 4 6 1
e 4 22 1
e 4 23 1
e 5 6 1
e 5 24 1
e 5 25 1
e 6 26 1
e 6 27 1
e 7 9 1
e 7 28 1
e 7 29 1
e 8 10 1
e 9 10 2
e 9 12 1
e 10 11 1
e 11 13 1
e 11 15 2
e 12 14 2
e 12 30 1
e 13 14 1
e 13 16 2
e 14 31 1
e 15 17 1
e 15 32 1
e 16 18 1
e 16 33 1
e 17 18 2
e 17 34 1
e 18 35 1
t # 28706
v 0 1
v 1 1
v 2 1
v 3 1
v 4 2
v 5 3
v 6 3
v 7 3
v 8 3
v 9 3
v 10 3
v 11 3
v 12 3
v 13 3
v 14 3
v 15 3
v 16 3
v 17 3
v 18 3
v 19 3
v 20 3
v 21 3
v 22 3
v 23 3
v 24 3
v 25 3
v 26 3
v 27 3
v 28 3
v 29 3
v 30 3
v 31 3
v 32 3
v 33 3
v 34 4
v 35 4
v 36 4
v 37 4
v 38 4
v 39 4
v 40 4
v 41 4
v 42 4
v 43 4
v 44 4
v 45 4
v 46 4
v 47 4
v 48 4
v 49 4
v 50 4
v 51 4
v 52 4
v 53 4
v 54 4
v 55 4
v 56 4
v 57 4
v 58 4
e 0 5 1
e 1 6 2
e 2 24 1
e 2 32 1
e 3 25 1
e 3 33 1
e 4 6 1
e 4 7 1
e 5 6 1
e 5 8 1
e 5 9 1
e 7 10 1
e 7 11 1
e 7 34 1
e 8 12 2
e 8 14 1
e 9 13 2
e 9 15 1
e 10 16 2
e 10 18 1
e 11 17 2
e 11 19 1
e 12 20 1
e 12 35 1
e 13 21 1
e 13 36 1
e 14 22 2
e 14 37 1
e 15 23 2
e 15 38 1
e 16 26 1
e 16 39 1
e 17 27 1
e 17 40 1
e 18 28 2
e 18 41 1
e 19 29 2
e 19 42 1
e 20 24 2
e 20 43 1
e 21 25 2
e 21 44 1
e 22 24 1
e 22 45 1
e 23 25 1
e 23 46 1
e 26 30 2
e 26 47 1
e 27 31 2
e 27 48 1
e 28 30 1
e 28 49 1
e 29 31 1
e 29 50 1
e 30 51 1
e 31 52 1
e 32 53 1
e 32 54 1
e 32 55 1
e 33 56 1
e 33 57 1
e 33 58 1
t # 28707
v 0 1
v 1 1
v 2 2
v 3 2
v 4 3
v 5 3
v 6 3
v 7 3
v 8 3
v 9 3
v 10 3
v 11 3
v 12 3
v 13 3
v 14 3
v 15 3
v 16 3
v 17 3
v 18 3
v 19 3
v 20 3
v 21 3
v 22 3
v 23 3
v 24 3
v 25 3
v 26 3
v 27 3
v 28 3
v 29 3
v 30 3
v 31 3
v 32 3
v 33 3
v 34 4
v 35 4
v 36 4
v 37 4
v 38 4
v 39 4
v 40 4
v 41 4
v 42 4
v 43 4
v 44 4
v 45 4
v 46 4
v 47 4
v 48 4
v 49 4
v 50 4
v 51 4
v 52 4
v 53 4
v 54 4
v 55 4
v 56 4
v 57 4
v 58 4
v 59 4
v 60 4
v 61 4
v 62 4
v 63 4
v 64 4
v 65 4
v 66 4
v 67 4
v 68 4
v 69 4
e 0 18 2
e 1 19 2
e 2 10 1
e 2 18 1
e 2 50 1
e 3 11 1
e 3 19 1
e 3 51 1
e 4 6 1
e 4 8 1
e 4 34 1
e 4 35 1
e 5 7 1
e 5 9 1
e 5 36 1
e 5 37 1
e 6 10 1
e 6 38 1
e 6 39 1
e 7 11 1
e 7 40 1
e 7 41 1
e 8 12 1
e 8 42 1
e 8 43 1
e 9 13 1
e 9 44 1
e 9 45 1
e 10 46 1
e 10 47 1
e 11 48 1
e 11 49 1
e 12 24 2
e 12 26 1
e 13 25 2
e 13 27 1
e 14 16 1
e 14 18 1
e 14 52 1
e 14 53 1
e 15 17 1
e 15 19 1
e 15 54 1
e 15 55 1
e 16 20 2
e 16 22 1
e 17 21 2
e 17 23 1
e 20 21 1
e 20 56 1
e 21 57 1
e 22 23 2
e 22 58 1
e 23 59 1
e 24 28 1
e 24 60 1
e 25 29 1
e 25 61 1
e 26 30 2
e 26 62 1
e 27 31 2
e 27 63 1
e 28 32 2
e 28 64 1
e 29 33 2
e 29 65 1
e 30 32 1
e 30 66 1
e 31 33 1
e 31 67 1
e 32 68 1
e 33 69 1
t # 28708
v 0 8
v 1 41
v 2 41
v 3 1
v 4 1
v 5 3
v 6 3
v 7 3
v 8 3
v 9 3
v 10 3
v 11 3
v 12 3
v 13 3
v 14 3
v 15 3
v 16 3
v 17 3
v 18 3
v 19 3
v 20 3
v 21 3
v 22 3
v 23 3
v 24 3
v 25 3
v 26 3
v 27 3
v 28 3
v 29 3
v 30 3
v 31 3
v 32 3
v 33 3
v 34 3
v 35 3
v 36 3
v 37 3
v 38 3
v 39 3
v 40 3
v 41 3
v 42 3
v 43 3
v 44 3
v 45 3
v 46 3
v 47 3
v 48 3
v 49 3
v 50 3
v 51 3
v 52 3
v 53 3
v 54 3
v 55 3
v 56 3
v 57 4
v 58 4
v 59 4
v 60 4
v 61 4
v 62 4
v 63 4
v 64 4
v 65 4
v 66 4
v 67 4
v 68 4
v 69 4
v 70 4
v 71 4
v 72 4
v 73 4
v 74 4
v 75 4
v 76 4
v 77 4
v 78 4
v 79 4
v 80 4
v 81 4
v 82 4
v 83 4
v 84 4
v 85 4
v 86 4
v 87 4
v 88 4
v 89 4
v 90 4
v 91 4
v 92 4
v 93 4
v 94 4
v 95 4
v 96 4
v 97 4
v 98 4
v 99 4
v 100 4
v 101 4
v 102 4
v 103 4
v 104 4
v 105 4
v 106 4
v 107 4
v 108 4
v 109 4
v 110 4
v 111 4
v 112 4
v 113 4
v 114 4
v 115 4
v 116 4
v 117 4
v 118 4
v 119 4
v 120 4
v 121 4
v 122 4
v 123 4
e 3 23 1
e 4 24 1
e 5 7 1
e 5 14 1
e 5 15 1
e 5 16 1
e 6 8 1
e 6 17 1
e 6 18 1
e 6 19 1
e 7 9 2
e 7 12 1
e 8 9 1
e 8 13 2
e 10 11 1
e 10 20 1
e 10 21 1
e 10 22 1
e 11 12 2
e 11 13 1
e 12 57 1
e 13 58 1
e 14 59 1
e 14 60 1
e 14 61 1
e 15 62 1
e 15 63 1
e 15 64 1
e 16 65 1
e 16 66 1
e 16 67 1
e 17 68 1
e 17 69 1
e 17 70 1
e 18 71 1
e 18 72 1
e 18 73 1
e 19 74 1
e 19 75 1
e 19 76 1
e 20 77 1
e 20 78 1
e 20 79 1
e 21 80 1
e 21 81 1
e 21 82 1
e 22 83 1
e 22 84 1
e 22 85 1
e 23 25 2
e 24 26 2
e 25 27 1
e 25 28 1
e 26 29 1
e 26 30 1
e 27 37 2
e 27 41 1
e 28 38 2
e 28 42 1
e 29 39 2
e 29 43 1
e 30 40 2
e 30 44 1
e 31 86 1
e 31 87 1
e 31 88 1
e 32 89 1
e 32 90 1
e 32 91 1
e 33 92 1
e 33 93 1
e 33 94 1
e 34 95 1
e 34 96 1
e 34 97 1
e 35 98 1
e 35 99 1
e 35 100 1
e 36 101 1
e 36 102 1
e 36 103 1
e 37 45 1
e 37 104 1
e 38 46 1
e 38 105 1
e 39 47 1
e 39 106 1
e 40 48 1
e 40 107 1
e 41 49 2
e 41 108 1
e 42 50 2
e 42 109 1
e 43 51 2
e 43 110 1
e 44 52 2
e 44 111 1
e 45 53 2
e 45 112 1
e 46 54 2
e 46 113 1
e 47 55 2
e 47 114 1
e 48 56 2
e 48 115 1
e 49 53 1
e 49 116 1
e 50 54 1
e 50 117 1
e 51 55 1
e 51 118 1
e 52 56 1
e 52 119 1
e 53 120 1
e 54 121 1
e 55 122 1
e 56 123 1
t # 28709
v 0 1
v 1 2
v 2 2
v 3 2
v 4 2
v 5 3
v 6 3
v 7 3
v 8 3
v 9 3
v 10 3
v 11 3
v 12 4
v 13 4
v 14 4
v 15 4
v 16 4
v 17 4
v 18 4
v 19 4
e 0 7 1
e 0 11 1
e 1 5 1
e 1 6 1
e 1 8 1
e 2 3 1
e 2 5 2
e 3 6 2
e 4 8 2
e 4 10 1
e 5 7 1
e 6 9 1
e 7 10 2
e 8 12 1
e 9 13 1
e 9 14 1
e 9 15 1
e 10 16 1
e 11 17 1
e 11 18 1
e 11 19 1
t # 28710
v 0 1
v 1 2
v 2 2
v 3 2
v 4 2
v 5 2
v 6 2
v 7 3
v 8 3
v 9 3
v 10 3
v 11 3
v 12 3
v 13 3
v 14 3
v 15 3
v 16 3
v 17 3
v 18 3
v 19 3
v 20 4
v 21 4
v 22 4
v 23 4
v 24 4
v 25 4
v 26 4
v 27 4
v 28 4
v 29 4
v 30 4
v 31 4
e 0 7 1
e 0 11 1
e 1 3 1
e 1 8 2
e 2 9 2
e 2 18 1
e 3 4 1
e 3 18 1
e 5 6 1
e 5 18 2
e 7 8 1
e 7 12 1
e 7 13 1
e 8 9 1
e 9 10 1
e 10 11 2
e 10 14 1
e 11 15 1
e 12 20 1
e 12 21 1
e 12 22 1
e 13 23 1
e 13 24 1
e 13 25 1
e 14 16 2
e 14 26 1
e 15 17 2
e 15 27 1
e 16 17 1
e 16 19 1
e 17 28 1
e 19 29 1
e 19 30 1
e 19 31 1
t # 28711
v 0 1
v 1 1
v 2 1
v 3 2
v 4 3
v 5 3
v 6 3
v 7 3
v 8 3
v 9 3
v 10 3
v 11 3
v 12 3
v 13 3
v 14 3
v 15 3
v 16 3
v 17 3
v 18 3
v 19 4
v 20 4
v 21 4
v 22 4
v 23 4
v 24 4
v 25 4
v 26 4
v 27 4
v 28 4
v 29 4
v 30 4
v 31 4
e 0 17 1
e 1 6 2
e 2 17 2
e 3 4 1
e 3 6 1
e 4 7 2
e 4 8 1
e 5 6 1
e 5 9 2
e 5 10 1
e 7 11 1
e 7 19 1
e 8 12 2
e 8 20 1
e 9 14 1
e 9 21 1
e 10 15 2
e 10 22 1
e 11 13 2
e 11 23 1
e 12 13 1
e 12 24 1
e 13 25 1
e 14 16 2
e 14 26 1
e 15 16 1
e 15 27 1
e 16 28 1
e 17 18 1
e 18 29 1
e 18 30 1
e 18 31 1
t # 28712
v 0 18
v 1 11
v 2 2
v 3 2
v 4 2
v 5 2
v 6 2
v 7 2
v 8 3
v 9 3
v 10 3
v 11 3
v 12 3
v 13 3
v 14 3
v 15 3
v 16 3
v 17 3
v 18 3
v 19 3
v 20 3
v 21 3
v 22 4
v 23 4
v 24 4
v 25 4
v 26 4
v 27 4
v 28 4
v 29 4
v 30 4
v 31 4
v 32 4
v 33 4
v 34 4
v 35 4
v 36 4
e 1 9 1
e 1 16 1
e 2 8 1
e 2 12 1
e 2 23 1
e 3 8 1
e 3 27 1
e 3 28 1
e 4 12 2
e 4 15 1
e 5 14 1
e 5 15 2
e 6 14 1
e 6 29 1
e 6 30 1
e 7 15 1
e 7 33 1
e 7 34 1
e 8 9 1
e 8 22 1
e 9 10 2
e 10 11 1
e 10 13 1
e 11 12 1
e 11 14 2
e 13 24 1
e 13 25 1
e 13 26 1
e 16 17 2
e 16 18 1
e 17 19 1
e 17 31 1
e 18 20 2
e 18 32 1
e 19 21 2
e 19 35 1
e 20 21 1
e 20 36 1
t # 28713
v 0 11
v 1 1
v 2 2
v 3 2
v 4 2
v 5 2
v 6 2
v 7 3
v 8 3
v 9 3
v 10 3
v 11 3
v 12 3
v 13 3
v 14 3
v 15 3
v 16 3
v 17 3
v 18 3
v 19 3
v 20 3
v 21 3
v 22 4
v 23 4
v 24 4
v 25 4
v 26 4
v 27 4
v 28 4
v 29 4
v 30 4
v 31 4
v 32 4
v 33 4
v 34 4
v 35 4
v 36 4
e 0 10 1
e 0 20 1
e 1 14 2
e 2 11 1
e 2 14 1
e 2 15 1
e 3 11 1
e 3 18 2
e 4 15 1
e 4 32 1
e 4 33 1
e 7 8 1
e 7 9 1
e 7 22 1
e 7 23 1
e 8 10 1
e 8 13 2
e 9 12 1
e 9 24 1
e 9 25 1
e 10 11 2
e 12 16 1
e 12 26 1
e 12 27 1
e 13 14 1
e 13 19 1
e 15 17 2
e 16 28 1
e 16 29 1
e 16 30 1
e 17 18 1
e 17 21 1
e 18 31 1
e 20 34 1
e 20 35 1
e 20 36 1
t # 28714
v 0 11
v 1 1
v 2 1
v 3 1
v 4 2
v 5 2
v 6 2
v 7 2
v 8 3
v 9 3
v 10 3
v 11 3
v 12 3
v 13 3
v 14 3
v 15 3
v 16 3
v 17 3
v 18 3
v 19 3
v 20 3
v 21 3
v 22 3
v 23 3
v 24 3
v 25 4
v 26 4
v 27 4
v 28 4
v 29 4
v 30 4
v 31 4
v 32 4
v 33 4
v 34 4
v 35 4
v 36 4
v 37 4
v 38 4
v 39 4
v 40 4
v 41 4
v 42 4
v 43 4
v 44 4
e 0 11 1
e 0 22 1
e 1 15 2
e 2 21 1
e 2 23 1
e 3 21 2
e 4 12 1
e 4 15 1
e 4 16 1
e 5 12 1
e 5 19 2
e 6 16 1
e 6 35 1
e 6 36 1
e 8 9 1
e 8 10 1
e 8 25 1
e 8 26 1
e 9 11 1
e 9 13 2
e 10 14 1
e 10 27 1
e 10 28 1
e 11 12 2
e 13 15 1
e 13 20 1
e 14 18 1
e 14 29 1
e 14 30 1
e 16 17 2
e 17 19 1
e 17 21 1
e 18 31 1
e 18 32 1
e 18 33 1
e 19 34 1
e 22 37 1
e 22 38 1
e 22 39 1
e 23 24 1
e 23 40 1
e 23 41 1
e 24 42 1
e 24 43 1
e 24 44 1
t # 28715
v 0 12
v 1 11
v 2 1
v 3 1
v 4 1
v 5 2
v 6 2
v 7 2
v 8 2
v 9 3
v 10 3
v 11 3
v 12 3
v 13 3
v 14 3
v 15 3
v 16 3
v 17 3
v 18 3
v 19 3
v 20 3
v 21 3
v 22 3
v 23 3
v 24 3
v 25 3
v 26 3
v 27 3
v 28 4
v 29 4
v 30 4
v 31 4
v 32 4
v 33 4
v 34 4
v 35 4
v 36 4
v 37 4
v 38 4
v 39 4
v 40 4
v 41 4
v 42 4
e 0 19 1
e 1 10 1
e 1 22 1
e 2 14 2
e 3 24 1
e 3 25 1
e 4 24 2
e 5 12 1
e 5 14 1
e 5 28 1
e 6 12 1
e 6 20 1
e 6 31 1
e 9 10 1
e 9 11 1
e 9 13 2
e 10 12 2
e 11 15 2
e 11 16 1
e 13 14 1
e 13 21 1
e 15 17 1
e 15 29 1
e 16 18 2
e 16 30 1
e 17 19 2
e 17 32 1
e 18 19 1
e 18 33 1
e 20 23 2
e 20 34 1
e 22 35 1
e 22 36 1
e 22 37 1
e 23 24 1
e 23 27 1
e 25 26 1
e 25 38 1
e 25 39 1
e 26 40 1
e 26 41 1
e 26 42 1
t # 28716
v 0 1
v 1 1
v 2 1
v 3 1
v 4 2
v 5 3
v 6 3
v 7 3
v 8 3
v 9 3
v 10 3
v 11 3
v 12 3
v 13 3
v 14 4
v 15 4
v 16 4
v 17 4
v 18 4
v 19 4
v 20 4
v 21 4
v 22 4
v 23 4
v 24 4
v 25 4
v 26 4
v 27 4
v 28 4
e 0 6 1
e 0 10 1
e 1 11 2
e 2 12 1
e 2 13 1
e 3 12 2
e 4 6 1
e 4 11 1
e 4 12 1
e 6 5 1
e 5 7 1
e 5 8 1
e 5 9 1
e 6 14 1
e 7 15 1
e 7 16 1
e 7 17 1
e 8 18 1
e 8 19 1
e 8 20 1
e 9 21 1
e 9 22 1
e 9 23 1
e 10 11 1
e 10 24 1
e 10 25 1
e 13 26 1
e 13 27 1
e 13 28 1
t # 28717
v 0 1
v 1 1
v 2 2
v 3 2
v 4 3
v 5 3
v 6 3
v 7 3
v 8 3
v 9 3
v 10 3
v 11 3
v 12 3
v 13 3
v 14 3
v 15 3
v 16 3
v 17 3
v 18 3
v 19 3
v 20 3
v 21 4
v 22 4
v 23 4
v 24 4
v 25 4
v 26 4
v 27 4
v 28 4
v 29 4
v 30 4
v 31 4
v 32 4
v 33 4
v 34 4
v 35 4
v 36 4
v 37 4
v 38 4
v 39 4
v 40 4
v 41 4
v 42 4
e 0 7 2
e 1 12 2
e 2 4 1
e 2 6 1
e 2 12 1
e 3 4 1
e 3 7 1
e 3 11 1
e 4 5 1
e 4 21 1
e 5 8 1
e 5 9 1
e 5 10 1
e 6 7 1
e 6 13 1
e 6 22 1
e 8 23 1
e 8 24 1
e 8 25 1
e 9 26 1
e 9 27 1
e 9 28 1
e 10 29 1
e 10 30 1
e 10 31 1
e 11 32 1
e 11 33 1
e 11 34 1
e 12 14 1
e 13 15 2
e 13 35 1
e 14 16 2
e 14 17 1
e 15 36 1
e 15 37 1
e 16 18 1
e 16 38 1
e 17 19 2
e 17 39 1
e 18 20 2
e 18 40 1
e 19 20 1
e 19 41 1
e 20 42 1
t # 28718
v 0 11
v 1 1
v 2 1
v 3 1
v 4 1
v 5 2
v 6 3
v 7 3
v 8 3
v 9 3
v 10 3
v 11 3
v 12 3
v 13 3
v 14 3
v 15 3
v 16 3
v 17 3
v 18 3
v 19 3
v 20 3
v 21 3
v 22 3
v 23 4
v 24 4
v 25 4
v 26 4
v 27 4
v 28 4
v 29 4
v 30 4
v 31 4
v 32 4
v 33 4
v 34 4
v 35 4
v 36 4
v 37 4
v 38 4
v 39 4
v 40 4
v 41 4
v 42 4
v 43 4
v 44 4
v 45 4
e 0 4 2
e 0 15 1
e 0 19 1
e 1 6 1
e 1 10 1
e 2 10 2
e 3 14 2
e 5 6 1
e 5 8 1
e 5 14 1
e 6 7 1
e 6 23 1
e 7 11 1
e 7 12 1
e 7 13 1
e 8 9 1
e 8 10 1
e 8 24 1
e 9 15 1
e 9 25 1
e 9 26 1
e 11 27 1
e 11 28 1
e 11 29 1
e 12 30 1
e 12 31 1
e 12 32 1
e 13 33 1
e 13 34 1
e 13 35 1
e 14 16 1
e 15 36 1
e 15 37 1
e 16 17 2
e 16 18 1
e 17 20 1
e 17 38 1
e 18 21 2
e 18 39 1
e 19 40 1
e 19 41 1
e 19 42 1
e 20 22 2
e 20 43 1
e 21 22 1
e 21 44 1
e 22 45 1
t # 28719
v 0 1
v 1 1
v 2 3
v 3 3
v 4 3
v 5 3
v 6 3
v 7 3
v 8 3
v 9 3
v 10 3
v 11 3
v 12 3
v 13 3
v 14 3
v 15 3
v 16 3
v 17 4
v 18 4
v 19 4
v 20 4
v 21 4
v 22 4
v 23 4
v 24 4
v 25 4
v 26 4
v 27 4
v 28 4
v 29 4
v 30 4
e 0 2 1
e 0 5 1
e 1 10 2
e 2 3 1
e 2 6 1
e 2 17 1
e 3 4 1
e 3 18 1
e 3 19 1
e 4 5 1
e 4 20 1
e 4 21 1
e 5 10 1
e 5 22 1
e 6 7 2
e 6 8 1
e 7 9 1
e 7 23 1
e 8 12 2
e 8 24 1
e 9 11 1
e 9 13 2
e 10 25 1
e 11 12 1
e 11 14 2
e 12 26 1
e 13 15 1
e 13 27 1
e 14 16 1
e 14 28 1
e 15 16 2
e 15 29 1
e 16 30 1
t # 28720
v 0 1
v 1 1
v 2 2
v 3 2
v 4 3
v 5 3
v 6 3
v 7 3
v 8 3
v 9 3
v 10 3
v 11 3
v 12 3
v 13 3
v 14 3
v 15 3
v 16 3
v 17 3
v 18 3
v 19 3
v 20 3
v 21 3
v 22 4
v 23 4
v 24 4
v 25 4
v 26 4
v 27 4
v 28 4
v 29 4
v 30 4
v 31 4
v 32 4
v 33 4
v 34 4
v 35 4
e 0 4 1
e 0 26 1
e 1 8 2
e 2 4 1
e 2 8 1
e 2 10 1
e 3 11 1
e 3 12 2
e 4 5 1
e 4 7 1
e 5 6 2
e 5 9 1
e 6 8 1
e 6 12 1
e 7 13 2
e 7 14 1
e 9 11 1
e 9 15 2
e 10 22 1
e 10 23 1
e 10 24 1
e 11 16 2
e 12 25 1
e 13 18 1
e 13 27 1
e 14 19 2
e 14 28 1
e 15 17 1
e 15 29 1
e 16 20 1
e 16 30 1
e 17 20 2
e 17 31 1
e 18 21 2
e 18 32 1
e 19 21 1
e 19 33 1
e 20 34 1
e 21 35 1
t # 28721
v 0 1
v 1 1
v 2 2
v 3 2
v 4 2
v 5 3
v 6 3
v 7 3
v 8 3
v 9 3
v 10 3
v 11 3
v 12 3
v 13 3
v 14 3
v 15 3
v 16 3
v 17 3
v 18 3
v 19 3
v 20 3
v 21 3
v 22 3
v 23 3
v 24 3
v 25 4
v 26 4
v 27 4
v 28 4
v 29 4
v 30 4
v 31 4
v 32 4
v 33 4
v 34 4
v 35 4
v 36 4
v 37 4
v 38 4
v 39 4
v 40 4
v 41 4
v 42 4
v 43 4
e 0 10 2
e 1 14 2
e 2 8 1
e 2 9 1
e 2 11 1
e 3 5 1
e 3 14 1
e 3 27 1
e 4 10 1
e 4 12 1
e 4 19 1
e 5 6 1
e 5 7 1
e 5 25 1
e 6 8 1
e 6 13 2
e 7 9 2
e 7 10 1
e 8 15 2
e 9 26 1
e 11 16 1
e 11 28 1
e 11 29 1
e 12 14 1
e 12 30 1
e 12 31 1
e 13 17 1
e 13 32 1
e 15 18 1
e 15 33 1
e 16 20 2
e 16 21 1
e 17 18 2
e 17 34 1
e 18 35 1
e 19 36 1
e 19 37 1
e 19 38 1
e 20 22 1
e 20 39 1
e 21 23 2
e 21 40 1
e 22 24 2
e 22 41 1
e 23 24 1
e 23 42 1
e 24 43 1
t # 28722
v 0 1
v 1 1
v 2 2
v 3 2
v 4 2
v 5 3
v 6 3
v 7 3
v 8 3
v 9 3
v 10 3
v 11 3
v 12 3
v 13 3
v 14 3
v 15 3
v 16 3
v 17 3
v 18 4
v 19 4
v 20 4
v 21 4
v 22 4
v 23 4
v 24 4
v 25 4
v 26 4
v 27 4
v 28 4
v 29 4
v 30 4
e 0 7 2
e 1 17 2
e 2 7 1
e 2 10 1
e 2 12 1
e 3 9 1
e 3 11 2
e 4 17 1
e 4 29 1
e 4 30 1
e 5 7 1
e 5 8 2
e 5 11 1
e 6 8 1
e 6 9 1
e 6 13 2
e 8 18 1
e 9 14 2
e 10 17 1
e 10 19 1
e 10 20 1
e 11 21 1
e 12 22 1
e 12 23 1
e 12 24 1
e 13 15 1
e 13 25 1
e 14 16 1
e 14 26 1
e 15 16 2
e 15 27 1
e 16 28 1
t # 28723
v 0 18
v 1 11
v 2 2
v 3 2
v 4 2
v 5 2
v 6 2
v 7 2
v 8 3
v 9 3
v 10 3
v 11 3
v 12 3
v 13 3
v 14 3
v 15 3
v 16 3
v 17 3
v 18 3
v 19 3
v 20 3
v 21 3
v 22 3
v 23 3
v 24 3
v 25 4
v 26 4
v 27 4
v 28 4
v 29 4
v 30 4
v 31 4
v 32 4
v 33 4
v 34 4
v 35 4
v 36 4
v 37 4
v 38 4
v 39 4
e 1 8 1
e 1 11 1
e 2 3 1
e 2 8 1
e 3 5 1
e 3 9 1
e 4 10 1
e 5 10 2
e 6 8 2
e 6 12 1
e 7 23 2
e 7 24 1
e 9 14 2
e 9 15 1
e 10 13 1
e 11 12 2
e 11 16 1
e 12 17 1
e 13 20 2
e 13 21 1
e 14 18 1
e 14 25 1
e 15 19 2
e 15 26 1
e 16 27 1
e 16 28 1
e 16 29 1
e 17 30 1
e 17 31 1
e 17 32 1
e 18 22 2
e 18 33 1
e 19 22 1
e 19 34 1
e 20 23 1
e 20 35 1
e 21 24 2
e 21 36 1
e 22 37 1
e 23 38 1
e 24 39 1
t # 28724
v 0 1
v 1 1
v 2 2
v 3 2
v 4 2
v 5 3
v 6 3
v 7 3
v 8 3
v 9 3
v 10 3
v 11 3
v 12 3
v 13 3
v 14 4
v 15 4
v 16 4
v 17 4
v 18 4
v 19 4
v 20 4
v 21 4
v 22 4
v 23 4
v 24 4
e 0 5 1
e 0 21 1
e 1 10 1
e 1 13 1
e 2 3 1
e 2 5 1
e 2 7 1
e 4 6 1
e 5 6 1
e 5 14 1
e 6 15 1
e 6 16 1
e 7 8 2
e 7 9 1
e 8 10 1
e 8 17 1
e 9 11 2
e 9 18 1
e 10 12 2
e 11 12 1
e 11 19 1
e 12 20 1
e 13 22 1
e 13 23 1
e 13 24 1
t # 28725
v 0 1
v 1 1
v 2 1
v 3 1
v 4 1
v 5 2
v 6 2
v 7 3
v 8 3
v 9 3
v 10 3
v 11 3
v 12 3
v 13 3
v 14 3
v 15 3
v 16 3
v 17 3
v 18 3
v 19 3
v 20 3
v 21 3
v 22 3
v 23 3
v 24 3
v 25 3
v 26 4
v 27 4
v 28 4
v 29 4
v 30 4
v 31 4
v 32 4
v 33 4
v 34 4
v 35 4
v 36 4
v 37 4
v 38 4
v 39 4
v 40 4
v 41 4
v 42 4
v 43 4
v 44 4
v 45 4
e 0 8 1
e 0 11 1
e 1 13 1
e 1 21 1
e 2 13 2
e 3 22 1
e 3 25 1
e 4 22 2
e 5 8 1
e 5 17 2
e 7 8 1
e 7 9 1
e 7 10 1
e 7 26 1
e 8 12 1
e 9 11 2
e 9 13 1
e 10 15 2
e 10 16 1
e 11 14 1
e 12 27 1
e 12 28 1
e 12 29 1
e 14 30 1
e 14 31 1
e 14 32 1
e 15 18 1
e 15 33 1
e 16 19 2
e 16 34 1
e 17 22 1
e 17 23 1
e 18 20 2
e 18 35 1
e 19 20 1
e 19 36 1
e 20 37 1
e 21 24 1
e 21 38 1
e 21 39 1
e 24 40 1
e 24 41 1
e 24 42 1
e 25 43 1
e 25 44 1
e 25 45 1
t # 28726
v 0 1
v 1 2
v 2 3
v 3 3
v 4 3
v 5 3
v 6 3
v 7 3
v 8 3
v 9 3
v 10 3
v 11 3
v 12 3
v 13 3
v 14 3
v 15 3
v 16 4
v 17 4
v 18 4
v 19 4
v 20 4
v 21 4
v 22 4
v 23 4
v 24 4
v 25 4
v 26 4
v 27 4
v 28 4
v 29 4
v 30 4
e 0 13 2
e 1 2 1
e 1 13 1
e 1 22 1
e 2 3 1
e 2 8 1
e 2 16 1
e 3 5 2
e 3 7 1
e 4 5 1
e 4 6 1
e 4 10 2
e 5 17 1
e 6 9 1
e 6 11 2
e 7 9 2
e 7 18 1
e 8 19 1
e 8 20 1
e 8 21 1
e 9 23 1
e 10 12 1
e 10 24 1
e 11 14 1
e 11 25 1
e 12 14 2
e 12 26 1
e 13 15 1
e 14 27 1
e 15 28 1
e 15 29 1
e 15 30 1
t # 28727
v 0 11
v 1 1
v 2 1
v 3 1
v 4 2
v 5 2
v 6 2
v 7 2
v 8 2
v 9 3
v 10 3
v 11 3
v 12 3
v 13 3
v 14 3
v 15 3
v 16 3
v 17 3
v 18 3
v 19 4
v 20 4
v 21 4
v 22 4
v 23 4
v 24 4
v 25 4
v 26 4
v 27 4
v 28 4
v 29 4
v 30 4
v 31 4
v 32 4
v 33 4
e 1 10 2
e 2 12 2
e 3 13 2
e 4 9 1
e 4 11 1
e 4 14 1
e 5 9 1
e 5 12 1
e 5 15 1
e 6 9 1
e 6 13 1
e 6 16 1
e 7 10 1
e 7 11 1
e 7 17 1
e 8 12 1
e 8 13 1
e 8 18 1
e 9 10 1
e 14 19 1
e 14 20 1
e 14 21 1
e 15 22 1
e 15 23 1
e 15 24 1
e 16 25 1
e 16 26 1
e 16 27 1
e 17 28 1
e 17 29 1
e 17 30 1
e 18 31 1
e 18 32 1
e 18 33 1
t # 28728
v 0 1
v 1 1
v 2 1
v 3 1
v 4 3
v 5 3
v 6 3
v 7 3
v 8 3
v 9 3
v 10 3
v 11 3
v 12 3
v 13 3
v 14 3
v 15 3
v 16 3
v 17 3
v 18 3
v 19 3
v 20 3
v 21 3
v 22 3
v 23 4
v 24 4
v 25 4
v 26 4
v 27 4
v 28 4
v 29 4
v 30 4
v 31 4
v 32 4
v 33 4
v 34 4
v 35 4
v 36 4
v 37 4
v 38 4
v 39 4
v 40 4
e 0 4 1
e 0 8 1
e 1 5 1
e 1 8 1
e 2 8 1
e 2 21 1
e 3 7 2
e 4 5 1
e 4 6 1
e 4 10 1
e 5 7 1
e 5 11 1
e 6 9 1
e 6 12 2
e 7 9 1
e 8 13 1
e 9 14 2
e 10 23 1
e 10 24 1
e 10 25 1
e 11 15 2
e 11 16 1
e 12 17 1
e 12 26 1
e 13 27 1
e 13 28 1
e 13 29 1
e 14 18 1
e 14 30 1
e 15 19 1
e 15 31 1
e 16 20 2
e 16 32 1
e 17 18 2
e 17 33 1
e 18 34 1
e 19 22 2
e 19 35 1
e 20 22 1
e 20 36 1
e 21 37 1
e 21 38 1
e 21 39 1
e 22 40 1
t # 28729
v 0 0
v 1 0
v 2 19
v 3 1
v 4 1
v 5 1
v 6 1
v 7 1
v 8 1
v 9 1
v 10 1
v 11 2
v 12 2
v 13 2
v 14 2
v 15 3
v 16 3
v 17 3
v 18 3
v 19 3
v 20 3
v 21 3
v 22 3
v 23 3
v 24 3
v 25 3
v 26 3
v 27 4
v 28 4
v 29 4
v 30 4
v 31 4
v 32 4
v 33 4
v 34 4
v 35 4
v 36 4
v 37 4
v 38 4
e 3 15 2
e 4 16 2
e 5 25 1
e 6 26 1
e 7 23 2
e 8 24 2
e 9 25 2
e 10 26 2
e 11 16 1
e 11 17 1
e 12 15 1
e 12 18 1
e 13 19 1
e 13 23 1
e 14 20 1
e 14 24 1
e 15 16 1
e 17 21 1
e 17 27 1
e 17 28 1
e 18 22 1
e 18 29 1
e 18 30 1
e 19 21 1
e 19 31 1
e 19 32 1
e 20 22 1
e 20 33 1
e 20 34 1
e 21 35 1
e 21 36 1
e 22 37 1
e 22 38 1
e 23 25 1
e 24 26 1
t # 28730
v 0 2
v 1 2
v 2 2
v 3 3
v 4 3
v 5 3
v 6 3
v 7 3
v 8 3
v 9 3
v 10 3
v 11 3
v 12 3
v 13 4
v 14 4
v 15 4
v 16 4
v 17 4
v 18 4
v 19 4
v 20 4
v 21 4
v 22 4
v 23 4
v 24 4
v 25 4
v 26 4
v 27 4
e 0 7 1
e 3 7 1
e 3 8 1
e 3 9 1
e 3 13 1
e 4 7 1
e 4 10 1
e 4 11 1
e 4 14 1
e 5 8 1
e 5 10 1
e 5 12 1
e 5 15 1
e 6 9 1
e 6 11 1
e 6 12 1
e 6 16 1
e 7 17 1
e 8 18 1
e 8 19 1
e 9 20 1
e 9 21 1
e 10 22 1
e 10 23 1
e 11 24 1
e 11 25 1
e 12 26 1
e 12 27 1
t # 28731
v 0 2
v 1 2
v 2 2
v 3 3
v 4 3
v 5 3
v 6 3
v 7 3
v 8 3
v 9 3
v 10 3
v 11 3
v 12 3
v 13 4
v 14 4
v 15 4
v 16 4
v 17 4
v 18 4
v 19 4
v 20 4
v 21 4
v 22 4
v 23 4
v 24 4
v 25 4
v 26 4
v 27 4
e 0 3 1
e 3 7 1
e 3 8 1
e 3 9 1
e 4 7 1
e 4 10 1
e 4 11 1
e 4 13 1
e 5 8 1
e 5 10 1
e 5 12 1
e 5 14 1
e 6 9 1
e 6 11 1
e 6 12 1
e 6 15 1
e 7 16 1
e 7 17 1
e 8 18 1
e 8 19 1
e 9 20 1
e 9 21 1
e 10 22 1
e 10 23 1
e 11 24 1
e 11 25 1
e 12 26 1
e 12 27 1
t # 28732
v 0 2
v 1 2
v 2 2
v 3 3
v 4 3
v 5 3
v 6 3
v 7 3
v 8 3
v 9 3
v 10 3
v 11 3
v 12 3
v 13 3
v 14 4
v 15 4
v 16 4
v 17 4
v 18 4
v 19 4
v 20 4
v 21 4
v 22 4
v 23 4
v 24 4
v 25 4
v 26 4
v 27 4
v 28 4
v 29 4
v 30 4
e 0 4 1
e 3 7 1
e 3 8 1
e 3 9 1
e 3 13 1
e 4 7 1
e 4 10 1
e 4 11 1
e 5 8 1
e 5 10 1
e 5 12 1
e 5 14 1
e 6 9 1
e 6 11 1
e 6 12 1
e 6 15 1
e 7 16 1
e 7 17 1
e 8 18 1
e 8 19 1
e 9 20 1
e 9 21 1
e 10 22 1
e 10 23 1
e 11 24 1
e 11 25 1
e 12 26 1
e 12 27 1
e 13 28 1
e 13 29 1
e 13 30 1
t # 28733
v 0 2
v 1 2
v 2 2
v 3 3
v 4 3
v 5 3
v 6 3
v 7 3
v 8 3
v 9 3
v 10 3
v 11 3
v 12 3
v 13 3
v 14 3
v 15 3
v 16 3
v 17 4
v 18 4
v 19 4
v 20 4
v 21 4
v 22 4
v 23 4
v 24 4
v 25 4
v 26 4
v 27 4
v 28 4
v 29 4
v 30 4
v 31 4
v 32 4
v 33 4
v 34 4
v 35 4
e 0 3 1
e 3 4 1
e 3 5 1
e 3 11 1
e 4 6 1
e 4 12 1
e 4 17 1
e 5 7 1
e 5 13 1
e 5 18 1
e 6 8 1
e 6 14 1
e 6 19 1
e 7 8 1
e 7 15 1
e 7 20 1
e 8 16 1
e 8 21 1
e 9 11 1
e 9 14 1
e 9 15 1
e 9 22 1
e 10 12 1
e 10 13 1
e 10 16 1
e 10 23 1
e 11 24 1
e 11 25 1
e 12 26 1
e 12 27 1
e 13 28 1
e 13 29 1
e 14 30 1
e 14 31 1
e 15 32 1
e 15 33 1
e 16 34 1
e 16 35 1
t # 28734
v 0 2
v 1 2
v 2 2
v 3 3
v 4 3
v 5 3
v 6 3
v 7 3
v 8 3
v 9 3
v 10 3
v 11 3
v 12 3
v 13 3
v 14 3
v 15 3
v 16 4
v 17 4
v 18 4
v 19 4
v 20 4
v 21 4
v 22 4
v 23 4
v 24 4
v 25 4
v 26 4
v 27 4
v 28 4
v 29 4
v 30 4
v 31 4
v 32 4
v 33 4
v 34 4
v 35 4
v 36 4
e 0 6 1
e 3 7 1
e 3 8 1
e 3 10 1
e 3 13 1
e 4 7 1
e 4 9 1
e 4 11 1
e 4 14 1
e 5 8 1
e 5 9 1
e 5 12 1
e 5 15 1
e 6 10 1
e 6 11 1
e 6 12 1
e 7 16 1
e 7 17 1
e 8 18 1
e 8 19 1
e 9 20 1
e 9 21 1
e 10 22 1
e 10 23 1
e 11 24 1
e 11 25 1
e 12 26 1
e 12 27 1
e 13 28 1
e 13 29 1
e 13 30 1
e 14 31 1
e 14 32 1
e 14 33 1
e 15 34 1
e 15 35 1
e 15 36 1
t # 28735
v 0 2
v 1 2
v 2 2
v 3 3
v 4 3
v 5 3
v 6 3
v 7 3
v 8 3
v 9 3
v 10 3
v 11 3
v 12 3
v 13 3
v 14 3
v 15 3
v 16 3
v 17 4
v 18 4
v 19 4
v 20 4
v 21 4
v 22 4
v 23 4
v 24 4
v 25 4
v 26 4
v 27 4
v 28 4
v 29 4
v 30 4
v 31 4
v 32 4
v 33 4
v 34 4
v 35 4
e 0 9 1
e 3 6 1
e 3 7 1
e 3 11 1
e 3 17 1
e 4 6 1
e 4 8 1
e 4 12 1
e 4 18 1
e 5 7 1
e 5 8 1
e 5 13 1
e 5 19 1
e 6 14 1
e 6 20 1
e 7 15 1
e 7 21 1
e 8 16 1
e 8 22 1
e 9 11 1
e 9 12 1
e 9 13 1
e 10 14 1
e 10 15 1
e 10 16 1
e 10 23 1
e 11 24 1
e 11 25 1
e 12 26 1
e 12 27 1
e 13 28 1
e 13 29 1
e 14 30 1
e 14 31 1
e 15 32 1
e 15 33 1
e 16 34 1
e 16 35 1
t # 28736
v 0 2
v 1 2
v 2 2
v 3 3
v 4 3
v 5 3
v 6 3
v 7 3
v 8 3
v 9 3
v 10 3
v 11 3
v 12 3
v 13 3
v 14 3
v 15 4
v 16 4
v 17 4
v 18 4
v 19 4
v 20 4
v 21 4
v 22 4
v 23 4
v 24 4
v 25 4
v 26 4
v 27 4
v 28 4
v 29 4
v 30 4
v 31 4
v 32 4
v 33 4
e 0 5 1
e 3 7 1
e 3 8 1
e 3 10 1
e 3 13 1
e 4 7 1
e 4 9 1
e 4 11 1
e 4 14 1
e 5 8 1
e 5 9 1
e 5 12 1
e 6 10 1
e 6 11 1
e 6 12 1
e 6 15 1
e 7 16 1
e 7 17 1
e 8 18 1
e 8 19 1
e 9 20 1
e 9 21 1
e 10 22 1
e 10 23 1
e 11 24 1
e 11 25 1
e 12 26 1
e 12 27 1
e 13 28 1
e 13 29 1
e 13 30 1
e 14 31 1
e 14 32 1
e 14 33 1
t # 28737
v 0 14
v 1 1
v 2 1
v 3 1
v 4 2
v 5 2
v 6 2
v 7 2
v 8 3
v 9 3
v 10 3
v 11 3
v 12 3
v 13 3
v 14 3
v 15 3
v 16 3
v 17 3
v 18 3
v 19 3
v 20 4
v 21 4
v 22 4
v 23 4
v 24 4
v 25 4
v 26 4
v 27 4
v 28 4
v 29 4
v 30 4
v 31 4
v 32 4
v 33 4
v 34 4
v 35 4
v 36 4
e 1 8 1
e 1 11 1
e 2 12 1
e 2 28 1
e 3 14 2
e 4 8 1
e 4 13 1
e 4 14 1
e 5 14 1
e 5 16 2
e 6 16 1
e 6 17 2
e 7 17 1
e 7 18 1
e 7 19 1
e 8 9 1
e 8 20 1
e 9 10 1
e 9 21 1
e 9 22 1
e 10 11 1
e 10 23 1
e 11 12 1
e 11 24 1
e 12 25 1
e 12 26 1
e 13 15 2
e 13 27 1
e 15 16 1
e 15 29 1
e 17 30 1
e 18 31 1
e 18 32 1
e 18 33 1
e 19 34 1
e 19 35 1
e 19 36 1
t # 28738
v 0 1
v 1 1
v 2 1
v 3 1
v 4 2
v 5 2
v 6 2
v 7 3
v 8 3
v 9 3
v 10 3
v 11 3
v 12 3
v 13 3
v 14 3
v 15 3
v 16 3
v 17 3
v 18 3
v 19 3
v 20 3
v 21 3
v 22 3
v 23 4
v 24 4
v 25 4
v 26 4
v 27 4
v 28 4
v 29 4
v 30 4
v 31 4
v 32 4
v 33 4
v 34 4
v 35 4
v 36 4
v 37 4
v 38 4
v 39 4
e 0 7 1
e 0 10 1
e 1 11 1
e 1 33 1
e 2 13 2
e 3 16 2
e 4 7 1
e 4 12 1
e 4 13 1
e 5 13 1
e 5 15 2
e 6 15 1
e 6 16 1
e 6 34 1
e 7 8 1
e 7 23 1
e 8 9 1
e 8 24 1
e 8 25 1
e 9 10 1
e 9 26 1
e 9 27 1
e 10 11 1
e 10 28 1
e 11 29 1
e 11 30 1
e 12 14 2
e 12 31 1
e 14 15 1
e 14 32 1
e 16 17 1
e 17 18 2
e 17 19 1
e 18 20 1
e 18 35 1
e 19 21 2
e 19 36 1
e 20 22 2
e 20 37 1
e 21 22 1
e 21 38 1
e 22 39 1
t # 28739
v 0 1
v 1 1
v 2 1
v 3 1
v 4 2
v 5 2
v 6 2
v 7 3
v 8 3
v 9 3
v 10 3
v 11 3
v 12 3
v 13 3
v 14 3
v 15 3
v 16 3
v 17 3
v 18 3
v 19 3
v 20 3
v 21 3
v 22 3
v 23 3
v 24 3
v 25 3
v 26 3
v 27 3
v 28 3
v 29 3
v 30 3
v 31 3
v 32 3
v 33 3
v 34 3
v 35 3
v 36 3
v 37 3
v 38 3
v 39 3
v 40 3
v 41 3
v 42 4
v 43 4
v 44 4
v 45 4
v 46 4
v 47 4
v 48 4
v 49 4
v 50 4
v 51 4
v 52 4
v 53 4
v 54 4
v 55 4
v 56 4
v 57 4
v 58 4
v 59 4
v 60 4
v 61 4
v 62 4
v 63 4
v 64 4
v 65 4
v 66 4
v 67 4
v 68 4
v 69 4
v 70 4
v 71 4
v 72 4
e 0 7 1
e 0 10 1
e 1 11 1
e 1 12 1
e 2 17 2
e 3 35 2
e 4 10 1
e 4 16 1
e 4 17 1
e 5 17 1
e 5 25 2
e 6 25 1
e 6 35 1
e 6 67 1
e 7 8 1
e 7 11 1
e 7 42 1
e 8 9 1
e 8 43 1
e 8 44 1
e 9 10 1
e 9 45 1
e 9 46 1
e 10 47 1
e 11 48 1
e 11 49 1
e 12 13 1
e 12 14 1
e 12 15 1
e 13 18 2
e 13 21 1
e 14 19 2
e 14 22 1
e 15 20 2
e 15 23 1
e 16 24 2
e 16 50 1
e 18 26 1
e 18 51 1
e 19 27 1
e 19 52 1
e 20 28 1
e 20 53 1
e 21 29 2
e 21 54 1
e 22 30 2
e 22 55 1
e 23 31 2
e 23 56 1
e 24 25 1
e 24 57 1
e 26 32 2
e 26 58 1
e 27 33 2
e 27 59 1
e 28 34 2
e 28 60 1
e 29 32 1
e 29 61 1
e 30 33 1
e 30 62 1
e 31 34 1
e 31 63 1
e 32 64 1
e 33 65 1
e 34 66 1
e 35 36 1
e 36 37 2
e 36 38 1
e 37 39 1
e 37 68 1
e 38 40 2
e 38 69 1
e 39 41 2
e 39 70 1
e 40 41 1
e 40 71 1
e 41 72 1
t # 28740
v 0 27
v 1 1
v 2 1
v 3 1
v 4 1
v 5 2
v 6 2
v 7 2
v 8 3
v 9 3
v 10 3
v 11 3
v 12 3
v 13 3
v 14 3
v 15 3
v 16 3
v 17 3
v 18 3
v 19 3
v 20 3
v 21 3
v 22 3
v 23 3
v 24 3
v 25 3
v 26 3
v 27 3
v 28 3
v 29 3
v 30 3
v 31 3
v 32 3
v 33 3
v 34 3
v 35 3
v 36 3
v 37 3
v 38 3
v 39 3
v 40 3
v 41 3
v 42 3
v 43 4
v 44 4
v 45 4
v 46 4
v 47 4
v 48 4
v 49 4
v 50 4
v 51 4
v 52 4
v 53 4
v 54 4
v 55 4
v 56 4
v 57 4
v 58 4
v 59 4
v 60 4
v 61 4
v 62 4
v 63 4
v 64 4
v 65 4
v 66 4
v 67 4
v 68 4
v 69 4
v 70 4
v 71 4
v 72 4
e 1 8 1
e 1 11 1
e 2 12 1
e 2 13 1
e 3 18 2
e 4 36 2
e 5 11 1
e 5 17 1
e 5 18 1
e 6 18 1
e 6 26 2
e 7 26 1
e 7 36 1
e 7 67 1
e 8 9 1
e 8 12 1
e 8 43 1
e 9 10 1
e 9 44 1
e 10 11 1
e 10 45 1
e 10 46 1
e 11 47 1
e 12 48 1
e 12 49 1
e 13 14 1
e 13 15 1
e 13 16 1
e 14 19 2
e 14 22 1
e 15 20 2
e 15 23 1
e 16 21 2
e 16 24 1
e 17 25 2
e 17 50 1
e 19 27 1
e 19 51 1
e 20 28 1
e 20 52 1
e 21 29 1
e 21 53 1
e 22 30 2
e 22 54 1
e 23 31 2
e 23 55 1
e 24 32 2
e 24 56 1
e 25 26 1
e 25 57 1
e 27 33 2
e 27 58 1
e 28 34 2
e 28 59 1
e 29 35 2
e 29 60 1
e 30 33 1
e 30 61 1
e 31 34 1
e 31 62 1
e 32 35 1
e 32 63 1
e 33 64 1
e 34 65 1
e 35 66 1
e 36 37 1
e 37 38 2
e 37 39 1
e 38 40 1
e 38 68 1
e 39 41 2
e 39 69 1
e 40 42 2
e 40 70 1
e 41 42 1
e 41 71 1
e 42 72 1
t # 28741
v 0 1
v 1 1
v 2 2
v 3 2
v 4 2
v 5 2
v 6 2
v 7 2
v 8 2
v 9 3
v 10 3
v 11 3
v 12 3
v 13 3
v 14 3
v 15 3
v 16 3
v 17 3
v 18 3
v 19 4
v 20 4
v 21 4
v 22 4
v 23 4
v 24 4
v 25 4
v 26 4
v 27 4
v 28 4
v 29 4
v 30 4
v 31 4
v 32 4
v 33 4
e 0 12 1
e 0 15 1
e 1 12 2
e 2 9 1
e 2 10 1
e 2 11 1
e 3 5 1
e 3 9 1
e 3 13 1
e 4 6 1
e 4 10 1
e 4 14 1
e 5 16 2
e 6 17 2
e 7 13 2
e 7 16 1
e 8 14 2
e 8 17 1
e 9 19 1
e 9 20 1
e 10 21 1
e 10 22 1
e 11 12 1
e 11 23 1
e 11 24 1
e 13 25 1
e 14 26 1
e 15 18 1
e 15 27 1
e 15 28 1
e 16 29 1
e 17 30 1
e 18 31 1
e 18 32 1
e 18 33 1
t # 28742
v 0 1
v 1 1
v 2 1
v 3 3
v 4 3
v 5 3
v 6 3
v 7 3
v 8 3
v 9 3
v 10 3
v 11 4
v 12 4
v 13 4
v 14 4
v 15 4
v 16 4
v 17 4
v 18 4
v 19 4
v 20 4
v 21 4
v 22 4
v 23 4
v 24 4
v 25 4
v 26 4
e 0 5 1
e 0 6 1
e 1 5 1
e 1 25 1
e 2 6 1
e 2 26 1
e 3 4 1
e 3 5 1
e 3 7 1
e 3 8 1
e 4 6 1
e 4 9 1
e 4 10 1
e 5 11 1
e 6 12 1
e 7 13 1
e 7 14 1
e 7 15 1
e 8 16 1
e 8 17 1
e 8 18 1
e 9 19 1
e 9 20 1
e 9 21 1
e 10 22 1
e 10 23 1
e 10 24 1
t # 28743
v 0 12
v 1 11
v 2 1
v 3 1
v 4 1
v 5 1
v 6 2
v 7 2
v 8 3
v 9 3
v 10 3
v 11 3
v 12 3
v 13 3
v 14 3
v 15 3
v 16 3
v 17 3
v 18 3
v 19 3
v 20 3
v 21 4
v 22 4
v 23 4
v 24 4
v 25 4
v 26 4
v 27 4
v 28 4
v 29 4
v 30 4
v 31 4
v 32 4
v 33 4
v 34 4
v 35 4
v 36 4
v 37 4
e 0 20 1
e 1 2 2
e 1 3 2
e 1 14 1
e 4 11 2
e 5 12 2
e 6 10 1
e 6 11 1
e 6 29 1
e 7 12 1
e 7 30 1
e 8 9 1
e 8 11 1
e 8 21 1
e 8 22 1
e 9 12 1
e 9 23 1
e 9 24 1
e 10 13 1
e 10 25 1
e 10 26 1
e 13 15 1
e 13 27 1
e 13 28 1
e 14 16 2
e 14 17 1
e 15 31 1
e 15 32 1
e 15 33 1
e 16 18 1
e 16 34 1
e 17 19 2
e 17 35 1
e 18 20 2
e 18 36 1
e 19 20 1
e 19 37 1
t # 28744
v 0 1
v 1 2
v 2 2
v 3 2
v 4 2
v 5 2
v 6 2
v 7 3
v 8 3
v 9 3
v 10 3
v 11 3
v 12 3
v 13 3
v 14 3
v 15 3
v 16 3
v 17 3
v 18 3
v 19 3
v 20 3
v 21 3
v 22 3
v 23 4
v 24 4
v 25 4
v 26 4
v 27 4
v 28 4
v 29 4
v 30 4
v 31 4
v 32 4
v 33 4
v 34 4
v 35 4
v 36 4
v 37 4
v 38 4
e 0 17 1
e 0 20 1
e 1 7 1
e 1 13 1
e 1 15 1
e 2 12 1
e 2 19 2
e 3 15 1
e 3 34 1
e 3 35 1
e 7 9 1
e 7 12 2
e 8 9 1
e 8 10 1
e 8 23 1
e 8 24 1
e 9 14 2
e 10 11 1
e 10 25 1
e 10 26 1
e 11 12 1
e 11 27 1
e 11 28 1
e 13 17 1
e 13 29 1
e 13 30 1
e 14 16 1
e 14 31 1
e 15 16 2
e 16 18 1
e 17 32 1
e 17 33 1
e 19 21 1
e 19 22 1
e 20 36 1
e 20 37 1
e 20 38 1
t # 28745
v 0 1
v 1 2
v 2 2
v 3 2
v 4 2
v 5 3
v 6 3
v 7 3
v 8 3
v 9 3
v 10 3
v 11 3
v 12 3
v 13 3
v 14 3
v 15 3
v 16 3
v 17 3
v 18 3
v 19 3
v 20 4
v 21 4
v 22 4
v 23 4
v 24 4
v 25 4
v 26 4
v 27 4
v 28 4
v 29 4
v 30 4
v 31 4
v 32 4
v 33 4
v 34 4
v 35 4
e 0 11 1
e 0 35 1
e 1 5 1
e 1 6 1
e 1 10 1
e 2 8 1
e 2 12 2
e 3 10 2
e 3 33 1
e 5 7 1
e 5 20 1
e 5 21 1
e 6 8 2
e 6 9 1
e 7 11 1
e 7 22 1
e 7 23 1
e 8 13 1
e 9 14 2
e 9 15 1
e 10 12 1
e 11 24 1
e 11 25 1
e 12 19 1
e 13 26 1
e 13 27 1
e 13 28 1
e 14 16 1
e 14 29 1
e 15 17 2
e 15 30 1
e 16 18 2
e 16 31 1
e 17 18 1
e 17 32 1
e 18 34 1
t # 28746
v 0 1
v 1 2
v 2 2
v 3 2
v 4 2
v 5 2
v 6 2
v 7 3
v 8 3
v 9 3
v 10 3
v 11 3
v 12 3
v 13 3
v 14 3
v 15 3
v 16 3
v 17 3
v 18 3
v 19 3
v 20 4
v 21 4
v 22 4
v 23 4
v 24 4
v 25 4
v 26 4
v 27 4
v 28 4
v 29 4
v 30 4
v 31 4
v 32 4
v 33 4
e 0 18 2
e 1 7 1
e 1 11 2
e 2 9 1
e 2 10 2
e 3 11 1
e 3 28 1
e 3 29 1
e 4 18 1
e 4 19 2
e 5 19 1
e 5 30 1
e 5 31 1
e 6 19 1
e 6 32 1
e 6 33 1
e 7 8 1
e 7 9 2
e 8 12 2
e 8 13 1
e 9 14 1
e 10 11 1
e 10 18 1
e 12 15 1
e 12 20 1
e 13 16 2
e 13 21 1
e 14 22 1
e 14 23 1
e 14 24 1
e 15 17 2
e 15 25 1
e 16 17 1
e 16 26 1
e 17 27 1
t # 28747
v 0 18
v 1 1
v 2 1
v 3 1
v 4 1
v 5 1
v 6 2
v 7 2
v 8 3
v 9 3
v 10 3
v 11 3
v 12 3
v 13 3
v 14 3
v 15 3
v 16 3
v 17 3
v 18 4
v 19 4
v 20 4
v 21 4
v 22 4
v 23 4
v 24 4
v 25 4
v 26 4
v 27 4
v 28 4
e 1 8 1
e 1 9 1
e 2 10 1
e 2 11 1
e 3 12 1
e 3 25 1
e 4 13 2
e 5 16 2
e 6 10 1
e 6 13 1
e 6 14 1
e 7 13 1
e 7 16 1
e 7 17 1
e 8 9 1
e 8 10 1
e 8 18 1
e 9 11 1
e 9 19 1
e 10 20 1
e 11 12 1
e 11 21 1
e 12 22 1
e 12 23 1
e 14 15 2
e 14 24 1
e 15 16 1
e 17 26 1
e 17 27 1
e 17 28 1
t # 28748
v 0 18
v 1 18
v 2 1
v 3 1
v 4 1
v 5 1
v 6 1
v 7 2
v 8 2
v 9 3
v 10 3
v 11 3
v 12 3
v 13 3
v 14 3
v 15 3
v 16 3
v 17 3
v 18 4
v 19 4
v 20 4
v 21 4
v 22 4
v 23 4
v 24 4
v 25 4
v 26 4
v 27 4
e 2 10 1
e 2 12 1
e 3 9 1
e 3 24 1
e 4 13 1
e 4 27 1
e 5 14 2
e 6 17 2
e 7 10 1
e 7 14 1
e 7 15 1
e 8 14 1
e 8 17 1
e 8 26 1
e 9 11 1
e 9 12 1
e 9 18 1
e 10 11 1
e 10 19 1
e 11 20 1
e 12 13 1
e 12 21 1
e 13 22 1
e 13 23 1
e 15 16 2
e 15 25 1
e 16 17 1
t # 28749
v 0 1
v 1 2
v 2 2
v 3 2
v 4 2
v 5 2
v 6 2
v 7 3
v 8 3
v 9 3
v 10 3
v 11 3
v 12 3
v 13 3
v 14 3
v 15 3
v 16 3
v 17 3
v 18 4
v 19 4
v 20 4
v 21 4
v 22 4
v 23 4
v 24 4
v 25 4
v 26 4
v 27 4
v 28 4
v 29 4
v 30 4
v 31 4
e 0 12 1
e 0 27 1
e 1 7 1
e 1 13 1
e 1 14 1
e 2 14 2
e 2 15 1
e 3 13 2
e 3 17 1
e 4 16 1
e 4 17 2
e 5 16 1
e 5 28 1
e 5 29 1
e 6 17 1
e 6 30 1
e 6 31 1
e 7 8 1
e 7 10 1
e 7 18 1
e 8 9 1
e 8 19 1
e 8 20 1
e 9 11 1
e 9 12 1
e 9 21 1
e 10 11 2
e 10 22 1
e 11 23 1
e 12 24 1
e 12 25 1
e 13 15 1
e 14 26 1
e 15 16 2
t # 28750
v 0 1
v 1 1
v 2 1
v 3 2
v 4 3
v 5 3
v 6 3
v 7 3
v 8 4
v 9 4
v 10 4
v 11 4
v 12 4
v 13 4
v 14 4
v 15 4
v 16 4
v 17 4
v 18 4
e 0 5 1
e 0 16 1
e 1 6 1
e 1 17 1
e 2 7 1
e 2 18 1
e 3 4 1
e 3 5 1
e 3 6 1
e 4 7 1
e 4 8 1
e 4 9 1
e 5 10 1
e 5 11 1
e 6 12 1
e 6 13 1
e 7 14 1
e 7 15 1
t # 28751
v 0 18
v 1 11
v 2 1
v 3 2
v 4 2
v 5 2
v 6 2
v 7 3
v 8 3
v 9 3
v 10 3
v 11 3
v 12 3
v 13 3
v 14 3
v 15 3
v 16 3
v 17 4
v 18 4
v 19 4
v 20 4
v 21 4
v 22 4
v 23 4
v 24 4
v 25 4
e 1 15 1
e 1 16 1
e 2 8 2
e 3 8 1
e 3 9 1
e 3 17 1
e 4 6 1
e 4 9 1
e 4 21 1
e 5 9 2
e 5 15 1
e 6 15 2
e 7 8 1
e 7 10 1
e 7 11 2
e 10 12 2
e 11 13 1
e 11 18 1
e 12 14 1
e 12 19 1
e 13 14 2
e 13 20 1
e 14 22 1
e 16 23 1
e 16 24 1
e 16 25 1
t # 28752
v 0 12
v 1 11
v 2 1
v 3 2
v 4 2
v 5 2
v 6 2
v 7 3
v 8 3
v 9 3
v 10 3
v 11 3
v 12 3
v 13 3
v 14 3
v 15 3
v 16 3
v 17 4
v 18 4
v 19 4
v 20 4
v 21 4
v 22 4
v 23 4
v 24 4
v 25 4
e 0 10 1
e 1 15 1
e 1 16 1
e 2 8 2
e 3 8 1
e 3 9 1
e 3 17 1
e 4 6 1
e 4 9 1
e 4 21 1
e 5 9 2
e 5 15 1
e 6 15 2
e 7 8 1
e 7 10 1
e 7 11 2
e 10 12 2
e 11 13 1
e 11 18 1
e 12 14 1
e 12 19 1
e 13 14 2
e 13 20 1
e 14 22 1
e 16 23 1
e 16 24 1
e 16 25 1
t # 28753
v 0 12
v 1 1
v 2 1
v 3 1
v 4 1
v 5 1
v 6 1
v 7 2
v 8 2
v 9 3
v 10 3
v 11 3
v 12 3
v 13 3
v 14 3
v 15 3
v 16 3
v 17 3
v 18 3
v 19 3
v 20 3
v 21 3
v 22 3
v 23 3
v 24 3
v 25 3
v 26 3
v 27 3
v 28 3
v 29 3
v 30 3
v 31 3
v 32 3
v 33 3
v 34 4
v 35 4
v 36 4
v 37 4
v 38 4
v 39 4
v 40 4
v 41 4
v 42 4
v 43 4
v 44 4
v 45 4
v 46 4
v 47 4
v 48 4
v 49 4
v 50 4
v 51 4
v 52 4
v 53 4
v 54 4
v 55 4
v 56 4
v 57 4
v 58 4
v 59 4
v 60 4
e 0 30 1
e 10 1 1
e 1 17 1
e 3 16 1
e 3 18 1
e 4 17 2
e 5 18 2
e 6 19 1
e 6 48 1
e 7 9 1
e 7 11 1
e 7 13 1
e 8 17 1
e 8 22 1
e 8 45 1
e 9 10 1
e 9 14 1
e 9 34 1
e 10 12 1
e 10 35 1
e 11 12 1
e 11 36 1
e 11 37 1
e 12 38 1
e 12 39 1
e 13 15 1
e 13 40 1
e 13 41 1
e 14 15 2
e 14 16 1
e 15 42 1
e 16 43 1
e 16 44 1
e 18 19 1
e 19 20 1
e 19 21 1
e 20 23 1
e 20 46 1
e 20 47 1
e 21 24 2
e 21 25 1
e 22 26 2
e 22 27 1
e 23 49 1
e 23 50 1
e 23 51 1
e 24 28 1
e 24 52 1
e 25 29 2
e 25 53 1
e 26 31 1
e 26 54 1
e 27 32 2
e 27 55 1
e 28 30 2
e 28 56 1
e 29 30 1
e 29 57 1
e 31 33 2
e 31 58 1
e 32 33 1
e 32 59 1
e 33 60 1
t # 28754
v 0 12
v 1 1
v 2 1
v 3 1
v 4 1
v 5 1
v 6 1
v 7 2
v 8 2
v 9 3
v 10 3
v 11 3
v 12 3
v 13 3
v 14 3
v 15 3
v 16 3
v 17 3
v 18 3
v 19 3
v 20 3
v 21 3
v 22 3
v 23 3
v 24 3
v 25 3
v 26 3
v 27 3
v 28 3
v 29 3
v 30 4
v 31 4
v 32 4
v 33 4
v 34 4
v 35 4
v 36 4
v 37 4
v 38 4
v 39 4
v 40 4
v 41 4
v 42 4
v 43 4
v 44 4
v 45 4
v 46 4
v 47 4
v 48 4
v 49 4
v 50 4
v 51 4
v 52 4
v 53 4
v 54 4
v 55 4
v 56 4
e 0 29 1
e 10 1 1
e 1 17 1
e 3 16 1
e 3 18 1
e 4 17 2
e 5 19 1
e 5 46 1
e 6 18 2
e 7 9 1
e 7 11 1
e 7 13 1
e 8 17 1
e 8 22 1
e 8 41 1
e 9 10 1
e 9 14 1
e 9 30 1
e 10 12 1
e 10 31 1
e 11 12 1
e 11 32 1
e 11 33 1
e 12 34 1
e 12 35 1
e 13 15 1
e 13 36 1
e 13 37 1
e 14 15 2
e 14 16 1
e 15 38 1
e 16 39 1
e 16 40 1
e 18 19 1
e 19 20 1
e 19 21 1
e 20 23 1
e 20 42 1
e 20 43 1
e 21 24 2
e 21 25 1
e 22 26 1
e 22 44 1
e 22 45 1
e 23 47 1
e 23 48 1
e 23 49 1
e 24 27 1
e 24 50 1
e 25 28 2
e 25 51 1
e 26 52 1
e 26 53 1
e 26 54 1
e 27 29 2
e 27 55 1
e 28 29 1
e 28 56 1
t # 28755
v 0 1
v 1 1
v 2 2
v 3 2
v 4 2
v 5 2
v 6 2
v 7 3
v 8 3
v 9 3
v 10 3
v 11 3
v 12 3
v 13 3
v 14 3
v 15 4
v 16 4
v 17 4
v 18 4
v 19 4
v 20 4
v 21 4
v 22 4
v 23 4
v 24 4
v 25 4
e 0 8 1
e 0 22 1
e 1 10 1
e 1 23 1
e 2 7 1
e 2 9 1
e 2 11 1
e 3 11 2
e 3 12 1
e 4 12 2
e 4 14 1
e 5 13 1
e 5 14 2
e 6 14 1
e 6 24 1
e 6 25 1
e 7 8 1
e 7 15 1
e 7 16 1
e 8 10 1
e 8 17 1
e 9 12 1
e 9 13 2
e 10 18 1
e 10 19 1
e 11 20 1
e 13 21 1
t # 28756
v 0 1
v 1 1
v 2 1
v 3 1
v 4 1
v 5 1
v 6 2
v 7 2
v 8 3
v 9 3
v 10 3
v 11 3
v 12 3
v 13 3
v 14 3
v 15 3
v 16 3
v 17 3
v 18 3
v 19 3
v 20 3
v 21 4
v 22 4
v 23 4
v 24 4
v 25 4
v 26 4
v 27 4
v 28 4
v 29 4
v 30 4
v 31 4
v 32 4
v 33 4
v 34 4
v 35 4
v 36 4
v 37 4
v 38 4
e 0 8 1
e 0 11 1
e 1 9 1
e 1 35 1
e 2 10 1
e 2 36 1
e 3 18 1
e 3 38 1
e 4 19 2
e 5 20 2
e 6 8 1
e 6 12 1
e 6 19 1
e 7 19 1
e 7 20 1
e 7 37 1
e 8 9 1
e 8 21 1
e 9 10 1
e 9 22 1
e 10 11 1
e 10 23 1
e 11 18 1
e 11 24 1
e 12 13 1
e 12 14 2
e 13 15 1
e 13 25 1
e 13 26 1
e 14 16 1
e 14 20 1
e 15 17 1
e 15 27 1
e 15 28 1
e 16 17 1
e 16 29 1
e 16 30 1
e 17 31 1
e 17 32 1
e 18 33 1
e 18 34 1
t # 28757
v 0 11
v 1 1
v 2 1
v 3 1
v 4 1
v 5 1
v 6 3
v 7 3
v 8 3
v 9 3
v 10 3
v 11 3
v 12 3
v 13 3
v 14 3
v 15 3
v 16 3
v 17 3
v 18 3
v 19 3
v 20 3
v 21 3
v 22 4
v 23 4
v 24 4
v 25 4
v 26 4
v 27 4
v 28 4
v 29 4
v 30 4
v 31 4
v 32 4
v 33 4
v 34 4
v 35 4
e 0 2 2
e 0 3 2
e 0 6 1
e 0 11 1
e 1 9 1
e 1 10 1
e 4 9 2
e 5 17 1
e 5 21 1
e 6 7 1
e 6 9 1
e 6 22 1
e 7 8 1
e 7 23 1
e 7 24 1
e 8 10 2
e 8 12 1
e 10 13 1
e 11 14 2
e 11 15 1
e 12 16 2
e 12 25 1
e 13 17 2
e 13 26 1
e 14 18 1
e 14 27 1
e 15 19 2
e 15 28 1
e 16 17 1
e 16 29 1
e 18 20 2
e 18 30 1
e 19 20 1
e 19 31 1
e 20 32 1
e 21 33 1
e 21 34 1
e 21 35 1
t # 28758
v 0 11
v 1 1
v 2 1
v 3 1
v 4 1
v 5 1
v 6 3
v 7 3
v 8 3
v 9 3
v 10 3
v 11 3
v 12 3
v 13 3
v 14 3
v 15 3
v 16 3
v 17 3
v 18 3
v 19 3
v 20 3
v 21 3
v 22 4
v 23 4
v 24 4
v 25 4
v 26 4
v 27 4
v 28 4
v 29 4
v 30 4
v 31 4
v 32 4
v 33 4
v 34 4
v 35 4
e 0 2 2
e 0 3 2
e 0 6 1
e 0 11 1
e 1 9 1
e 1 10 1
e 4 9 2
e 5 13 1
e 5 21 1
e 6 7 1
e 6 9 1
e 6 22 1
e 7 8 1
e 7 23 1
e 7 24 1
e 8 10 2
e 8 12 1
e 10 13 1
e 11 14 2
e 11 15 1
e 12 16 2
e 12 25 1
e 13 17 2
e 14 18 1
e 14 26 1
e 15 19 2
e 15 27 1
e 16 17 1
e 16 28 1
e 17 29 1
e 18 20 2
e 18 30 1
e 19 20 1
e 19 31 1
e 20 32 1
e 21 33 1
e 21 34 1
e 21 35 1
t # 28759
v 0 1
v 1 1
v 2 1
v 3 1
v 4 1
v 5 2
v 6 3
v 7 3
v 8 3
v 9 3
v 10 3
v 11 3
v 12 3
v 13 3
v 14 3
v 15 3
v 16 3
v 17 3
v 18 3
v 19 3
v 20 3
v 21 3
v 22 4
v 23 4
v 24 4
v 25 4
v 26 4
v 27 4
v 28 4
v 29 4
v 30 4
v 31 4
v 32 4
e 0 10 1
e 0 11 1
e 1 9 2
e 2 10 2
e 5 21 1
e 6 7 1
e 6 9 1
e 6 10 1
e 6 22 1
e 7 8 1
e 7 23 1
e 7 24 1
e 8 11 1
e 8 13 2
e 9 12 1
e 11 14 2
e 12 17 2
e 12 18 1
e 13 15 1
e 13 25 1
e 14 16 1
e 14 26 1
e 15 16 2
e 15 27 1
e 16 30 1
e 17 19 1
e 17 28 1
e 18 20 2
e 18 29 1
e 19 21 2
e 19 31 1
e 20 21 1
e 20 32 1
t # 28760
v 0 12
v 1 1
v 2 1
v 3 1
v 4 3
v 5 3
v 6 3
v 7 3
v 8 3
v 9 3
v 10 3
v 11 3
v 12 3
v 13 3
v 14 3
v 15 3
v 16 3
v 17 3
v 18 3
v 19 3
v 20 4
v 21 4
v 22 4
v 23 4
v 24 4
v 25 4
v 26 4
v 27 4
v 28 4
v 29 4
v 30 4
e 0 19 1
e 1 8 1
e 1 9 1
e 2 7 2
e 3 9 2
e 4 5 1
e 4 7 1
e 4 9 1
e 4 20 1
e 5 6 1
e 5 21 1
e 5 22 1
e 6 8 1
e 6 10 2
e 7 11 1
e 8 12 2
e 10 13 1
e 10 23 1
e 11 15 2
e 11 16 1
e 12 14 1
e 12 24 1
e 13 14 2
e 13 25 1
e 14 26 1
e 15 17 1
e 15 27 1
e 16 18 2
e 16 28 1
e 17 19 2
e 17 29 1
e 18 19 1
e 18 30 1
t # 28761
v 0 1
v 1 1
v 2 2
v 3 2
v 4 2
v 5 2
v 6 3
v 7 3
v 8 3
v 9 3
v 10 3
v 11 3
v 12 3
v 13 3
v 14 3
v 15 3
v 16 3
v 17 3
v 18 3
v 19 3
v 20 3
v 21 3
v 22 3
v 23 3
v 24 3
v 25 4
v 26 4
v 27 4
v 28 4
v 29 4
v 30 4
v 31 4
v 32 4
v 33 4
v 34 4
v 35 4
v 36 4
v 37 4
v 38 4
v 39 4
v 40 4
v 41 4
v 42 4
e 0 10 1
e 0 17 1
e 1 17 2
e 2 6 1
e 2 8 1
e 2 9 1
e 3 4 1
e 3 13 1
e 3 16 1
e 5 20 1
e 6 11 2
e 6 12 1
e 7 10 2
e 7 14 1
e 7 15 1
e 8 18 1
e 8 25 1
e 8 26 1
e 9 19 1
e 9 27 1
e 9 28 1
e 10 11 1
e 11 29 1
e 12 14 2
e 12 30 1
e 13 15 2
e 13 17 1
e 14 31 1
e 15 32 1
e 16 20 1
e 16 21 2
e 18 33 1
e 18 34 1
e 18 35 1
e 19 36 1
e 19 37 1
e 19 38 1
e 20 22 2
e 21 23 1
e 21 39 1
e 22 24 1
e 22 40 1
e 23 24 2
e 23 41 1
e 24 42 1
t # 28762
v 0 1
v 1 1
v 2 1
v 3 1
v 4 2
v 5 2
v 6 2
v 7 2
v 8 3
v 9 3
v 10 3
v 11 3
v 12 3
v 13 3
v 14 3
v 15 3
v 16 3
v 17 3
v 18 3
v 19 3
v 20 3
v 21 3
v 22 3
v 23 4
v 24 4
v 25 4
v 26 4
v 27 4
v 28 4
v 29 4
v 30 4
e 0 13 1
e 0 16 1
e 1 16 2
e 4 5 1
e 4 8 1
e 4 9 1
e 6 10 1
e 7 17 1
e 8 10 2
e 8 14 1
e 9 12 2
e 9 16 1
e 10 15 1
e 11 12 1
e 11 13 1
e 11 19 2
e 12 23 1
e 13 20 2
e 14 18 2
e 14 24 1
e 15 17 2
e 15 25 1
e 17 18 1
e 18 26 1
e 19 21 1
e 19 27 1
e 20 22 1
e 20 28 1
e 21 22 2
e 21 29 1
e 22 30 1
t # 28763
v 0 1
v 1 2
v 2 2
v 3 2
v 4 2
v 5 3
v 6 3
v 7 3
v 8 3
v 9 3
v 10 3
v 11 3
v 12 3
v 13 3
v 14 3
v 15 3
v 16 3
v 17 3
v 18 3
v 19 3
v 20 3
v 21 4
v 22 4
v 23 4
v 24 4
v 25 4
v 26 4
v 27 4
v 28 4
v 29 4
v 30 4
v 31 4
v 32 4
v 33 4
v 34 4
v 35 4
v 36 4
v 37 4
v 38 4
v 39 4
v 40 4
e 0 9 2
e 1 5 1
e 1 6 1
e 1 9 1
e 2 7 1
e 2 8 1
e 2 10 1
e 3 12 1
e 3 18 1
e 3 19 1
e 4 19 2
e 4 20 1
e 5 7 1
e 5 21 1
e 5 22 1
e 6 8 1
e 6 23 1
e 6 24 1
e 7 25 1
e 7 26 1
e 8 27 1
e 8 28 1
e 9 11 1
e 10 13 2
e 10 14 1
e 11 12 1
e 11 29 1
e 11 30 1
e 12 31 1
e 12 32 1
e 13 15 1
e 13 33 1
e 14 16 2
e 14 34 1
e 15 17 2
e 15 35 1
e 16 17 1
e 16 36 1
e 17 37 1
e 18 20 2
e 18 38 1
e 19 39 1
e 20 40 1
t # 28764
v 0 18
v 1 1
v 2 2
v 3 2
v 4 3
v 5 3
v 6 3
v 7 3
v 8 3
v 9 3
v 10 3
v 11 3
v 12 3
v 13 3
v 14 3
v 15 3
v 16 3
v 17 3
v 18 3
v 19 3
v 20 3
v 21 3
v 22 3
v 23 3
v 24 3
v 25 4
v 26 4
v 27 4
v 28 4
v 29 4
v 30 4
v 31 4
v 32 4
v 33 4
v 34 4
v 35 4
v 36 4
v 37 4
v 38 4
v 39 4
v 40 4
v 41 4
v 42 4
v 43 4
v 44 4
v 45 4
v 46 4
v 47 4
v 48 4
v 49 4
e 1 11 2
e 2 4 1
e 2 5 1
e 2 6 1
e 3 7 1
e 3 8 1
e 3 11 1
e 4 7 1
e 4 25 1
e 4 26 1
e 5 8 1
e 5 27 1
e 5 28 1
e 6 9 1
e 6 10 1
e 6 29 1
e 7 30 1
e 7 31 1
e 8 32 1
e 8 33 1
e 9 13 2
e 9 15 1
e 10 14 2
e 10 16 1
e 11 12 1
e 12 17 1
e 12 18 1
e 13 19 1
e 13 34 1
e 14 20 1
e 14 35 1
e 15 21 2
e 15 36 1
e 16 22 2
e 16 37 1
e 17 38 1
e 17 39 1
e 17 40 1
e 18 41 1
e 18 42 1
e 18 43 1
e 19 23 2
e 19 44 1
e 20 24 2
e 20 45 1
e 21 23 1
e 21 46 1
e 22 24 1
e 22 47 1
e 23 48 1
e 24 49 1
t # 28765
v 0 12
v 1 1
v 2 2
v 3 2
v 4 2
v 5 3
v 6 3
v 7 3
v 8 3
v 9 3
v 10 3
v 11 3
v 12 3
v 13 3
v 14 3
v 15 3
v 16 4
v 17 4
v 18 4
v 19 4
v 20 4
v 21 4
v 22 4
v 23 4
v 24 4
v 25 4
v 26 4
v 27 4
v 28 4
v 29 4
e 0 12 1
e 1 10 2
e 2 5 1
e 2 6 1
e 2 9 1
e 3 7 1
e 3 8 1
e 3 10 1
e 4 9 1
e 4 14 2
e 5 7 1
e 5 16 1
e 5 17 1
e 6 8 1
e 6 18 1
e 6 19 1
e 7 20 1
e 7 21 1
e 8 22 1
e 8 23 1
e 9 11 2
e 10 12 1
e 11 13 1
e 11 24 1
e 12 25 1
e 12 26 1
e 13 15 2
e 13 27 1
e 14 15 1
e 14 28 1
e 15 29 1
t # 28766
v 0 12
v 1 1
v 2 2
v 3 2
v 4 3
v 5 3
v 6 3
v 7 3
v 8 3
v 9 3
v 10 3
v 11 3
v 12 3
v 13 3
v 14 3
v 15 3
v 16 4
v 17 4
v 18 4
v 19 4
v 20 4
v 21 4
v 22 4
v 23 4
v 24 4
v 25 4
v 26 4
v 27 4
v 28 4
v 29 4
v 30 4
e 0 12 1
e 1 9 2
e 2 4 1
e 2 5 1
e 2 8 1
e 3 6 1
e 3 7 1
e 3 9 1
e 4 6 1
e 4 16 1
e 4 17 1
e 5 7 1
e 5 18 1
e 5 19 1
e 6 20 1
e 6 21 1
e 7 22 1
e 7 23 1
e 8 10 2
e 8 11 1
e 9 12 1
e 10 13 1
e 10 24 1
e 11 14 2
e 11 25 1
e 12 26 1
e 12 27 1
e 13 15 2
e 13 28 1
e 14 15 1
e 14 29 1
e 15 30 1
t # 28767
v 0 12
v 1 1
v 2 1
v 3 1
v 4 1
v 5 1
v 6 2
v 7 3
v 8 3
v 9 3
v 10 3
v 11 3
v 12 3
v 13 3
v 14 3
v 15 3
v 16 3
v 17 3
v 18 3
v 19 3
v 20 3
v 21 3
v 22 3
v 23 3
v 24 4
v 25 4
v 26 4
v 27 4
v 28 4
v 29 4
v 30 4
v 31 4
v 32 4
v 33 4
v 34 4
v 35 4
v 36 4
v 37 4
e 0 23 1
e 1 8 1
e 1 16 1
e 2 12 1
e 2 21 1
e 3 16 2
e 4 18 2
e 5 20 2
e 6 14 1
e 6 20 1
e 6 31 1
e 7 8 1
e 7 9 1
e 7 13 2
e 8 10 2
e 9 14 2
e 9 15 1
e 10 12 1
e 10 17 1
e 11 12 2
e 11 13 1
e 11 18 1
e 13 24 1
e 14 16 1
e 15 25 1
e 15 26 1
e 15 27 1
e 17 28 1
e 17 29 1
e 17 30 1
e 18 19 1
e 19 21 2
e 19 32 1
e 20 22 1
e 21 33 1
e 22 23 1
e 22 34 1
e 22 35 1
e 23 36 1
e 23 37 1
t # 28768
v 0 1
v 1 1
v 2 1
v 3 1
v 4 1
v 5 1
v 6 1
v 7 3
v 8 3
v 9 3
v 10 3
v 11 3
v 12 3
v 13 3
v 14 3
v 15 3
v 16 3
v 17 3
v 18 3
v 19 3
v 20 3
v 21 3
v 22 3
v 23 3
v 24 3
v 25 3
v 26 3
v 27 3
v 28 4
v 29 4
v 30 4
v 31 4
v 32 4
v 33 4
v 34 4
v 35 4
v 36 4
v 37 4
v 38 4
v 39 4
v 40 4
v 41 4
v 42 4
v 43 4
v 44 4
v 45 4
v 46 4
v 47 4
v 48 4
v 49 4
v 50 4
v 51 4
e 0 13 1
e 0 21 1
e 1 11 1
e 1 22 1
e 2 14 1
e 2 21 1
e 3 18 1
e 3 24 1
e 4 19 1
e 4 25 1
e 5 20 1
e 5 26 1
e 6 23 2
e 7 8 1
e 7 9 1
e 7 10 1
e 7 28 1
e 8 11 1
e 8 12 2
e 9 15 2
e 9 16 1
e 10 29 1
e 10 30 1
e 10 31 1
e 11 17 2
e 12 13 1
e 12 32 1
e 13 14 2
e 14 17 1
e 15 19 1
e 15 33 1
e 16 18 2
e 16 34 1
e 17 35 1
e 18 20 1
e 19 20 2
e 21 36 1
e 21 37 1
e 22 23 1
e 22 38 1
e 22 39 1
e 23 27 1
e 24 40 1
e 24 41 1
e 24 42 1
e 25 43 1
e 25 44 1
e 25 45 1
e 26 46 1
e 26 47 1
e 26 48 1
e 27 49 1
e 27 50 1
e 27 51 1
t # 28769
v 0 1
v 1 1
v 2 1
v 3 2
v 4 3
v 5 3
v 6 3
v 7 3
v 8 3
v 9 3
v 10 3
v 11 3
v 12 4
v 13 4
v 14 4
v 15 4
v 16 4
v 17 4
v 18 4
v 19 4
v 20 4
v 21 4
v 22 4
v 23 4
v 24 4
v 25 4
v 26 4
e 0 5 1
e 0 24 1
e 6 1 1
e 1 25 1
e 2 7 1
e 2 26 1
e 3 4 1
e 3 8 1
e 3 9 1
e 4 5 1
e 4 6 1
e 4 12 1
e 5 7 1
e 5 13 1
e 6 10 1
e 6 14 1
e 7 8 1
e 7 15 1
e 8 16 1
e 8 17 1
e 9 11 1
e 9 18 1
e 9 19 1
e 10 11 1
e 10 20 1
e 10 21 1
e 11 22 1
e 11 23 1
t # 28770
v 0 1
v 1 1
v 2 1
v 3 1
v 4 2
v 5 3
v 6 3
v 7 3
v 8 3
v 9 3
v 10 3
v 11 3
v 12 3
v 13 4
v 14 4
v 15 4
v 16 4
v 17 4
v 18 4
v 19 4
v 20 4
v 21 4
v 22 4
v 23 4
v 24 4
v 25 4
v 26 4
v 27 4
e 0 6 1
e 0 24 1
e 7 1 1
e 1 25 1
e 10 2 1
e 2 26 1
e 3 12 1
e 3 27 1
e 4 5 1
e 4 8 1
e 4 9 1
e 5 6 1
e 5 7 1
e 5 13 1
e 6 10 1
e 6 14 1
e 7 11 1
e 7 15 1
e 8 11 1
e 8 16 1
e 8 17 1
e 9 12 1
e 9 18 1
e 9 19 1
e 10 12 1
e 10 20 1
e 11 21 1
e 11 22 1
e 12 23 1
t # 28771
v 0 1
v 1 2
v 2 2
v 3 3
v 4 3
v 5 3
v 6 3
v 7 3
v 8 3
v 9 3
v 10 3
v 11 3
v 12 3
v 13 3
v 14 3
v 15 3
v 16 3
v 17 3
v 18 3
v 19 3
v 20 4
v 21 4
v 22 4
v 23 4
v 24 4
v 25 4
v 26 4
v 27 4
v 28 4
v 29 4
v 30 4
v 31 4
v 32 4
v 33 4
v 34 4
v 35 4
e 0 9 2
e 1 7 1
e 1 8 1
e 1 25 1
e 2 15 1
e 2 34 1
e 2 35 1
e 3 4 1
e 3 5 1
e 3 8 2
e 4 6 1
e 4 20 1
e 4 21 1
e 5 7 1
e 5 10 2
e 6 9 1
e 6 22 1
e 6 23 1
e 7 11 2
e 8 24 1
e 9 12 1
e 10 13 1
e 10 26 1
e 11 14 1
e 11 27 1
e 12 15 1
e 12 16 2
e 13 14 2
e 13 28 1
e 14 29 1
e 15 17 2
e 16 18 1
e 16 30 1
e 17 19 1
e 17 31 1
e 18 19 2
e 18 32 1
e 19 33 1
t # 28772
v 0 1
v 1 2
v 2 3
v 3 3
v 4 3
v 5 3
v 6 3
v 7 3
v 8 3
v 9 3
v 10 3
v 11 3
v 12 3
v 13 3
v 14 3
v 15 3
v 16 3
v 17 4
v 18 4
v 19 4
v 20 4
v 21 4
v 22 4
v 23 4
v 24 4
v 25 4
v 26 4
v 27 4
v 28 4
v 29 4
v 30 4
v 31 4
e 0 5 2
e 1 7 1
e 1 30 1
e 1 31 1
e 2 3 1
e 2 4 1
e 2 17 1
e 2 18 1
e 3 5 1
e 3 19 1
e 3 20 1
e 4 8 2
e 4 9 1
e 5 6 1
e 6 7 1
e 6 10 2
e 7 11 2
e 8 12 1
e 8 21 1
e 9 13 2
e 9 22 1
e 10 14 1
e 10 23 1
e 11 15 1
e 11 24 1
e 12 16 2
e 12 25 1
e 13 16 1
e 13 26 1
e 14 15 2
e 14 27 1
e 15 28 1
e 16 29 1
t # 28773
v 0 1
v 1 1
v 2 1
v 3 2
v 4 3
v 5 3
v 6 3
v 7 3
v 8 3
v 9 3
v 10 3
v 11 3
v 12 3
v 13 3
v 14 3
v 15 3
v 16 3
v 17 3
v 18 3
v 19 3
v 20 3
v 21 3
v 22 3
v 23 3
v 24 3
v 25 3
v 26 3
v 27 3
v 28 4
v 29 4
v 30 4
v 31 4
v 32 4
v 33 4
v 34 4
v 35 4
v 36 4
v 37 4
v 38 4
v 39 4
v 40 4
v 41 4
v 42 4
v 43 4
v 44 4
v 45 4
v 46 4
v 47 4
v 48 4
e 0 13 2
e 1 21 1
e 1 45 1
e 2 26 1
e 2 27 1
e 3 7 1
e 3 8 1
e 3 30 1
e 4 5 1
e 4 6 1
e 4 7 2
e 5 9 1
e 5 28 1
e 5 29 1
e 6 8 1
e 6 11 2
e 7 10 1
e 8 12 2
e 9 13 1
e 9 31 1
e 9 32 1
e 10 16 2
e 10 17 1
e 11 14 1
e 11 33 1
e 12 15 1
e 12 34 1
e 13 18 1
e 14 15 2
e 14 35 1
e 15 36 1
e 16 19 1
e 16 37 1
e 17 20 2
e 17 38 1
e 18 21 2
e 18 22 1
e 19 23 2
e 19 39 1
e 20 23 1
e 20 40 1
e 21 24 1
e 22 25 2
e 22 41 1
e 23 42 1
e 24 26 2
e 24 43 1
e 25 26 1
e 25 44 1
e 27 46 1
e 27 47 1
e 27 48 1
t # 28774
v 0 1
v 1 1
v 2 1
v 3 2
v 4 3
v 5 3
v 6 3
v 7 3
v 8 3
v 9 3
v 10 3
v 11 3
v 12 3
v 13 3
v 14 3
v 15 3
v 16 3
v 17 3
v 18 3
v 19 3
v 20 3
v 21 3
v 22 3
v 23 3
v 24 3
v 25 3
v 26 3
v 27 3
v 28 3
v 29 4
v 30 4
v 31 4
v 32 4
v 33 4
v 34 4
v 35 4
v 36 4
v 37 4
v 38 4
v 39 4
v 40 4
v 41 4
v 42 4
v 43 4
v 44 4
v 45 4
v 46 4
v 47 4
e 0 15 1
e 0 18 1
e 1 13 2
e 2 25 1
e 2 28 1
e 3 6 1
e 3 8 1
e 3 31 1
e 4 5 1
e 4 6 2
e 4 7 1
e 5 8 1
e 5 11 2
e 6 10 1
e 7 9 1
e 7 29 1
e 7 30 1
e 8 12 2
e 9 13 1
e 9 15 2
e 10 19 2
e 10 20 1
e 11 16 1
e 11 32 1
e 12 17 1
e 12 33 1
e 13 14 1
e 14 18 2
e 14 21 1
e 15 34 1
e 16 17 2
e 16 35 1
e 17 36 1
e 18 22 1
e 19 23 1
e 19 37 1
e 20 24 2
e 20 38 1
e 21 26 2
e 21 39 1
e 22 25 2
e 22 40 1
e 23 27 2
e 23 41 1
e 24 27 1
e 24 42 1
e 25 26 1
e 26 43 1
e 27 44 1
e 28 45 1
e 28 46 1
e 28 47 1
t # 28775
v 0 1
v 1 1
v 2 2
v 3 3
v 4 3
v 5 3
v 6 3
v 7 3
v 8 3
v 9 3
v 10 3
v 11 3
v 12 3
v 13 3
v 14 3
v 15 3
v 16 3
v 17 3
v 18 3
v 19 3
v 20 3
v 21 3
v 22 3
v 23 3
v 24 3
v 25 3
v 26 3
v 27 4
v 28 4
v 29 4
v 30 4
v 31 4
v 32 4
v 33 4
v 34 4
v 35 4
v 36 4
v 37 4
v 38 4
v 39 4
v 40 4
v 41 4
v 42 4
v 43 4
e 0 15 1
e 0 19 1
e 1 12 2
e 2 5 1
e 2 7 1
e 2 29 1
e 3 4 1
e 3 5 2
e 3 6 1
e 4 7 1
e 4 10 2
e 5 9 1
e 6 8 1
e 6 27 1
e 6 28 1
e 7 11 2
e 8 12 1
e 8 15 2
e 9 17 2
e 9 18 1
e 10 14 1
e 10 30 1
e 11 16 1
e 11 31 1
e 12 13 1
e 13 19 1
e 13 20 2
e 14 16 2
e 14 32 1
e 15 33 1
e 16 34 1
e 17 21 1
e 17 35 1
e 18 22 2
e 18 36 1
e 19 23 2
e 20 25 1
e 20 37 1
e 21 24 2
e 21 38 1
e 22 24 1
e 22 39 1
e 23 26 1
e 23 40 1
e 24 41 1
e 25 26 2
e 25 42 1
e 26 43 1
t # 28776
v 0 1
v 1 1
v 2 1
v 3 2
v 4 3
v 5 3
v 6 3
v 7 3
v 8 3
v 9 3
v 10 3
v 11 3
v 12 3
v 13 3
v 14 3
v 15 3
v 16 3
v 17 3
v 18 3
v 19 3
v 20 3
v 21 3
v 22 3
v 23 4
v 24 4
v 25 4
v 26 4
v 27 4
v 28 4
v 29 4
v 30 4
v 31 4
v 32 4
v 33 4
v 34 4
v 35 4
v 36 4
v 37 4
e 0 13 1
e 0 14 1
e 1 10 2
e 2 20 1
e 2 22 1
e 3 8 1
e 3 9 1
e 3 26 1
e 4 5 1
e 4 6 1
e 4 9 2
e 5 7 1
e 5 23 1
e 5 24 1
e 6 8 1
e 6 12 2
e 7 10 1
e 7 14 2
e 8 15 2
e 9 25 1
e 10 11 1
e 11 13 2
e 11 16 1
e 12 17 1
e 12 27 1
e 13 19 1
e 14 28 1
e 15 18 1
e 15 29 1
e 16 21 2
e 16 30 1
e 17 18 2
e 17 31 1
e 18 32 1
e 19 20 2
e 19 33 1
e 20 21 1
e 21 34 1
e 22 35 1
e 22 36 1
e 22 37 1
t # 28777
v 0 1
v 1 1
v 2 1
v 3 2
v 4 3
v 5 3
v 6 3
v 7 3
v 8 3
v 9 3
v 10 3
v 11 3
v 12 3
v 13 3
v 14 3
v 15 3
v 16 3
v 17 3
v 18 3
v 19 3
v 20 3
v 21 3
v 22 4
v 23 4
v 24 4
v 25 4
v 26 4
v 27 4
v 28 4
v 29 4
v 30 4
v 31 4
v 32 4
v 33 4
v 34 4
v 35 4
v 36 4
e 0 18 1
e 0 21 1
e 1 16 1
e 1 33 1
e 2 15 2
e 3 5 1
e 3 7 1
e 3 22 1
e 4 5 1
e 4 6 1
e 4 8 2
e 5 9 2
e 6 7 2
e 6 10 1
e 7 23 1
e 8 11 1
e 8 24 1
e 9 12 1
e 9 25 1
e 10 14 2
e 10 26 1
e 11 12 2
e 11 27 1
e 12 28 1
e 13 15 1
e 13 16 2
e 13 17 1
e 14 15 1
e 14 29 1
e 16 19 1
e 17 20 2
e 17 30 1
e 18 19 2
e 18 20 1
e 19 31 1
e 20 32 1
e 21 34 1
e 21 35 1
e 21 36 1
t # 28778
v 0 1
v 1 1
v 2 2
v 3 3
v 4 3
v 5 3
v 6 3
v 7 3
v 8 3
v 9 3
v 10 3
v 11 3
v 12 3
v 13 3
v 14 3
v 15 3
v 16 3
v 17 3
v 18 3
v 19 3
v 20 3
v 21 3
v 22 3
v 23 3
v 24 3
v 25 3
v 26 4
v 27 4
v 28 4
v 29 4
v 30 4
v 31 4
v 32 4
v 33 4
v 34 4
v 35 4
v 36 4
v 37 4
v 38 4
v 39 4
v 40 4
v 41 4
v 42 4
e 0 18 2
e 1 21 1
e 1 42 1
e 2 5 1
e 2 6 1
e 2 26 1
e 3 4 1
e 3 5 2
e 3 10 1
e 4 6 1
e 4 8 2
e 5 7 1
e 6 9 2
e 7 13 2
e 7 14 1
e 8 11 1
e 8 27 1
e 9 12 1
e 9 28 1
e 10 15 2
e 10 29 1
e 11 12 2
e 11 30 1
e 12 31 1
e 13 16 1
e 13 32 1
e 14 17 2
e 14 33 1
e 15 18 1
e 15 34 1
e 16 19 2
e 16 35 1
e 17 19 1
e 17 36 1
e 18 20 1
e 19 37 1
e 20 21 1
e 20 22 2
e 21 23 2
e 22 24 1
e 22 38 1
e 23 25 1
e 23 39 1
e 24 25 2
e 24 40 1
e 25 41 1
t # 28779
v 0 1
v 1 1
v 2 2
v 3 3
v 4 3
v 5 3
v 6 3
v 7 3
v 8 3
v 9 3
v 10 3
v 11 3
v 12 3
v 13 3
v 14 3
v 15 3
v 16 3
v 17 3
v 18 3
v 19 3
v 20 4
v 21 4
v 22 4
v 23 4
v 24 4
v 25 4
v 26 4
v 27 4
v 28 4
v 29 4
v 30 4
v 31 4
v 32 4
e 0 15 1
e 0 32 1
e 1 14 2
e 2 4 1
e 2 6 1
e 2 20 1
e 3 4 1
e 3 5 1
e 3 7 2
e 4 8 2
e 5 6 2
e 5 9 1
e 6 21 1
e 7 10 1
e 7 22 1
e 8 11 1
e 8 23 1
e 9 12 2
e 9 24 1
e 10 11 2
e 10 25 1
e 11 26 1
e 12 14 1
e 12 27 1
e 13 14 1
e 13 15 1
e 13 16 2
e 15 17 2
e 16 18 1
e 16 28 1
e 17 19 1
e 17 29 1
e 18 19 2
e 18 30 1
e 19 31 1
t # 28780
v 0 2
v 1 2
v 2 2
v 3 2
v 4 3
v 5 3
v 6 3
v 7 3
v 8 3
v 9 3
v 10 3
v 11 3
v 12 3
v 13 3
v 14 3
v 15 3
v 16 3
v 17 3
v 18 3
v 19 3
v 20 4
v 21 4
v 22 4
v 23 4
v 24 4
v 25 4
v 26 4
v 27 4
v 28 4
v 29 4
e 0 4 1
e 0 6 1
e 0 9 1
e 1 2 1
e 1 4 1
e 1 10 1
e 2 11 2
e 4 5 2
e 5 7 1
e 5 11 1
e 6 8 1
e 6 12 2
e 7 8 2
e 7 18 1
e 8 20 1
e 9 13 2
e 9 21 1
e 10 14 2
e 10 15 1
e 11 22 1
e 12 13 1
e 12 23 1
e 13 24 1
e 14 16 1
e 14 25 1
e 15 17 2
e 15 26 1
e 16 19 2
e 16 27 1
e 17 19 1
e 17 28 1
e 19 29 1
t # 28781
v 0 1
v 1 1
v 2 2
v 3 2
v 4 2
v 5 2
v 6 2
v 7 3
v 8 3
v 9 3
v 10 3
v 11 3
v 12 3
v 13 3
v 14 3
v 15 3
v 16 3
v 17 3
v 18 3
v 19 3
v 20 3
v 21 3
v 22 3
v 23 3
v 24 3
v 25 3
v 26 3
v 27 3
v 28 4
v 29 4
v 30 4
v 31 4
v 32 4
v 33 4
v 34 4
v 35 4
v 36 4
v 37 4
v 38 4
v 39 4
v 40 4
v 41 4
v 42 4
v 43 4
v 44 4
v 45 4
v 46 4
e 0 12 2
e 1 13 2
e 2 9 1
e 2 11 1
e 2 16 1
e 3 12 1
e 3 13 1
e 3 14 1
e 4 5 1
e 4 11 1
e 4 20 1
e 5 17 2
e 6 18 1
e 6 23 1
e 6 24 1
e 7 8 2
e 7 10 1
e 7 12 1
e 8 9 1
e 8 13 1
e 9 15 2
e 10 11 2
e 10 17 1
e 14 18 1
e 14 28 1
e 14 29 1
e 15 19 1
e 15 30 1
e 16 19 2
e 16 31 1
e 17 32 1
e 18 33 1
e 18 34 1
e 19 35 1
e 20 21 2
e 20 22 1
e 21 25 1
e 21 36 1
e 22 26 2
e 22 37 1
e 23 38 1
e 23 39 1
e 23 40 1
e 24 41 1
e 24 42 1
e 24 43 1
e 25 27 2
e 25 44 1
e 26 27 1
e 26 45 1
e 27 46 1
t # 28782
v 0 1
v 1 1
v 2 1
v 3 1
v 4 2
v 5 2
v 6 2
v 7 2
v 8 2
v 9 3
v 10 3
v 11 3
v 12 3
v 13 3
v 14 3
v 15 3
v 16 3
v 17 3
v 18 3
v 19 3
v 20 3
v 21 3
v 22 3
v 23 3
v 24 3
v 25 3
v 26 3
v 27 3
v 28 3
v 29 3
v 30 3
v 31 3
v 32 3
v 33 3
v 34 3
v 35 3
v 36 3
v 37 3
v 38 3
v 39 3
v 40 4
v 41 4
v 42 4
v 43 4
v 44 4
v 45 4
v 46 4
v 47 4
v 48 4
v 49 4
v 50 4
v 51 4
v 52 4
v 53 4
v 54 4
v 55 4
v 56 4
v 57 4
v 58 4
v 59 4
v 60 4
v 61 4
v 62 4
v 63 4
v 64 4
v 65 4
v 66 4
v 67 4
v 68 4
v 69 4
v 70 4
v 71 4
v 72 4
v 73 4
v 74 4
v 75 4
v 76 4
e 0 24 1
e 0 28 1
e 1 23 1
e 1 29 1
e 2 23 2
e 3 24 2
e 4 9 1
e 4 23 1
e 4 62 1
e 5 10 1
e 5 24 1
e 5 63 1
e 6 25 1
e 6 27 1
e 6 31 1
e 7 8 1
e 7 27 1
e 7 34 1
e 8 32 2
e 9 11 1
e 9 12 1
e 9 40 1
e 10 13 1
e 10 14 1
e 10 41 1
e 11 15 1
e 11 42 1
e 11 43 1
e 12 16 1
e 12 44 1
e 12 45 1
e 13 17 1
e 13 46 1
e 13 47 1
e 14 18 1
e 14 48 1
e 14 49 1
e 15 19 1
e 15 50 1
e 15 51 1
e 16 19 1
e 16 52 1
e 16 53 1
e 17 20 1
e 17 54 1
e 17 55 1
e 18 20 1
e 18 56 1
e 18 57 1
e 19 58 1
e 19 59 1
e 20 60 1
e 20 61 1
e 21 22 2
e 21 25 1
e 21 28 1
e 22 26 1
e 22 29 1
e 25 30 2
e 26 27 2
e 26 32 1
e 28 64 1
e 28 65 1
e 29 66 1
e 29 67 1
e 30 33 1
e 30 68 1
e 31 33 2
e 31 69 1
e 32 70 1
e 33 71 1
e 34 35 2
e 34 36 1
e 35 37 1
e 35 72 1
e 36 38 2
e 36 73 1
e 37 39 2
e 37 74 1
e 38 39 1
e 38 75 1
e 39 76 1
t # 28783
v 0 1
v 1 1
v 2 1
v 3 1
v 4 2
v 5 2
v 6 2
v 7 3
v 8 3
v 9 3
v 10 3
v 11 3
v 12 3
v 13 3
v 14 3
v 15 3
v 16 3
v 17 3
v 18 3
v 19 3
v 20 3
v 21 3
v 22 3
v 23 3
v 24 3
v 25 3
v 26 3
v 27 3
v 28 4
v 29 4
v 30 4
v 31 4
v 32 4
v 33 4
v 34 4
v 35 4
v 36 4
v 37 4
v 38 4
v 39 4
v 40 4
v 41 4
v 42 4
v 43 4
v 44 4
v 45 4
v 46 4
e 0 17 1
e 0 24 1
e 1 18 1
e 1 25 1
e 2 17 2
e 3 18 2
e 4 7 1
e 4 9 1
e 4 12 1
e 5 6 1
e 5 7 1
e 5 16 1
e 6 14 2
e 7 8 2
e 8 10 1
e 8 14 1
e 9 11 1
e 9 13 2
e 10 11 2
e 10 17 1
e 11 18 1
e 12 15 2
e 12 28 1
e 13 15 1
e 13 29 1
e 14 30 1
e 15 31 1
e 16 19 2
e 16 20 1
e 19 21 1
e 19 32 1
e 20 22 2
e 20 33 1
e 21 23 2
e 21 34 1
e 22 23 1
e 22 35 1
e 23 36 1
e 24 26 1
e 24 37 1
e 24 38 1
e 25 27 1
e 25 39 1
e 25 40 1
e 26 41 1
e 26 42 1
e 26 43 1
e 27 44 1
e 27 45 1
e 27 46 1
t # 28784
v 0 1
v 1 1
v 2 2
v 3 2
v 4 2
v 5 2
v 6 3
v 7 3
v 8 3
v 9 3
v 10 3
v 11 3
v 12 3
v 13 3
v 14 3
v 15 3
v 16 3
v 17 3
v 18 3
v 19 3
v 20 3
v 21 3
v 22 3
v 23 4
v 24 4
v 25 4
v 26 4
v 27 4
v 28 4
v 29 4
v 30 4
v 31 4
v 32 4
e 0 13 2
e 1 14 2
e 2 6 1
e 2 8 1
e 2 11 1
e 3 5 1
e 3 6 1
e 3 17 1
e 4 13 1
e 4 14 1
e 4 27 1
e 5 15 2
e 6 7 2
e 7 9 1
e 7 15 1
e 8 10 1
e 8 12 2
e 9 10 2
e 9 13 1
e 10 14 1
e 11 16 2
e 11 23 1
e 12 16 1
e 12 24 1
e 15 25 1
e 16 26 1
e 17 18 2
e 17 19 1
e 18 20 1
e 18 28 1
e 19 21 2
e 19 29 1
e 20 22 2
e 20 30 1
e 21 22 1
e 21 31 1
e 22 32 1
t # 28785
v 0 1
v 1 1
v 2 1
v 3 1
v 4 2
v 5 2
v 6 2
v 7 2
v 8 2
v 9 3
v 10 3
v 11 3
v 12 3
v 13 3
v 14 3
v 15 3
v 16 3
v 17 3
v 18 3
v 19 3
v 20 3
v 21 3
v 22 3
v 23 3
v 24 3
v 25 3
v 26 3
v 27 3
v 28 3
v 29 3
v 30 3
v 31 3
v 32 3
v 33 3
v 34 4
v 35 4
v 36 4
v 37 4
v 38 4
v 39 4
v 40 4
v 41 4
v 42 4
v 43 4
v 44 4
v 45 4
v 46 4
v 47 4
v 48 4
v 49 4
v 50 4
v 51 4
v 52 4
v 53 4
v 54 4
v 55 4
v 56 4
v 57 4
v 58 4
v 59 4
v 60 4
v 61 4
v 62 4
e 0 15 1
e 0 23 1
e 1 16 1
e 1 24 1
e 2 23 2
e 3 24 2
e 4 9 1
e 4 10 1
e 4 14 1
e 5 6 1
e 5 9 1
e 5 20 1
e 6 18 2
e 7 23 1
e 7 27 1
e 7 48 1
e 8 24 1
e 8 28 1
e 8 49 1
e 9 11 2
e 10 13 1
e 10 17 2
e 11 12 1
e 11 18 1
e 12 13 2
e 12 15 1
e 13 16 1
e 14 19 2
e 14 34 1
e 15 35 1
e 15 36 1
e 16 37 1
e 16 38 1
e 17 19 1
e 17 39 1
e 18 40 1
e 19 41 1
e 20 21 2
e 20 22 1
e 21 25 1
e 21 42 1
e 22 26 2
e 22 43 1
e 25 29 2
e 25 44 1
e 26 29 1
e 26 45 1
e 27 30 1
e 27 31 1
e 27 46 1
e 28 32 1
e 28 33 1
e 28 47 1
e 29 50 1
e 30 51 1
e 30 52 1
e 30 53 1
e 31 54 1
e 31 55 1
e 31 56 1
e 32 57 1
e 32 58 1
e 32 59 1
e 33 60 1
e 33 61 1
e 33 62 1
t # 28786
v 0 1
v 1 1
v 2 2
v 3 2
v 4 2
v 5 3
v 6 3
v 7 3
v 8 3
v 9 3
v 10 3
v 11 3
v 12 3
v 13 3
v 14 3
v 15 3
v 16 3
v 17 3
v 18 3
v 19 3
v 20 3
v 21 3
v 22 4
v 23 4
v 24 4
v 25 4
v 26 4
v 27 4
v 28 4
v 29 4
v 30 4
v 31 4
v 32 4
v 33 4
v 34 4
v 35 4
v 36 4
e 0 13 1
e 0 32 1
e 1 14 1
e 1 33 1
e 2 5 1
e 2 7 1
e 2 10 1
e 3 4 1
e 3 5 1
e 3 16 1
e 4 12 2
e 5 6 2
e 6 8 1
e 6 12 1
e 7 9 1
e 7 11 2
e 8 9 2
e 8 13 1
e 9 14 1
e 10 15 2
e 10 22 1
e 11 15 1
e 11 23 1
e 12 24 1
e 13 25 1
e 13 26 1
e 14 27 1
e 14 28 1
e 15 29 1
e 16 17 2
e 16 18 1
e 17 19 1
e 17 30 1
e 18 20 2
e 18 31 1
e 19 21 2
e 19 34 1
e 20 21 1
e 20 35 1
e 21 36 1
t # 28787
v 0 1
v 1 1
v 2 1
v 3 1
v 4 2
v 5 2
v 6 2
v 7 3
v 8 3
v 9 3
v 10 3
v 11 3
v 12 3
v 13 3
v 14 3
v 15 3
v 16 3
v 17 3
v 18 3
v 19 3
v 20 3
v 21 3
v 22 3
v 23 3
v 24 4
v 25 4
v 26 4
v 27 4
v 28 4
v 29 4
v 30 4
v 31 4
v 32 4
v 33 4
v 34 4
e 0 17 1
e 0 33 1
e 1 18 1
e 1 34 1
e 2 17 2
e 3 18 2
e 4 7 1
e 4 9 1
e 4 12 1
e 5 6 1
e 5 7 1
e 5 15 1
e 6 14 2
e 7 8 2
e 8 10 1
e 8 14 1
e 9 11 1
e 9 13 2
e 10 11 2
e 10 17 1
e 11 18 1
e 12 16 2
e 12 24 1
e 13 16 1
e 13 25 1
e 14 26 1
e 15 19 2
e 15 20 1
e 16 27 1
e 19 21 1
e 19 28 1
e 20 22 2
e 20 29 1
e 21 23 2
e 21 30 1
e 22 23 1
e 22 31 1
e 23 32 1
t # 28788
v 0 1
v 1 1
v 2 2
v 3 2
v 4 2
v 5 2
v 6 3
v 7 3
v 8 3
v 9 3
v 10 3
v 11 3
v 12 3
v 13 3
v 14 3
v 15 3
v 16 3
v 17 3
v 18 3
v 19 3
v 20 3
v 21 3
v 22 3
v 23 3
v 24 3
v 25 4
v 26 4
v 27 4
v 28 4
v 29 4
v 30 4
v 31 4
v 32 4
v 33 4
v 34 4
v 35 4
v 36 4
v 37 4
v 38 4
e 0 16 1
e 0 23 1
e 1 16 2
e 2 6 1
e 2 7 1
e 2 11 1
e 3 4 1
e 3 6 1
e 3 15 1
e 4 13 2
e 6 8 2
e 7 9 1
e 7 12 2
e 8 10 1
e 8 13 1
e 9 10 2
e 9 16 1
e 10 19 1
e 11 14 2
e 11 25 1
e 12 14 1
e 12 26 1
e 13 27 1
e 14 28 1
e 15 17 2
e 15 18 1
e 17 20 1
e 17 29 1
e 18 21 2
e 18 30 1
e 20 22 2
e 20 31 1
e 21 22 1
e 21 32 1
e 22 33 1
e 23 24 1
e 23 34 1
e 23 35 1
e 24 36 1
e 24 37 1
e 24 38 1
t # 28789
v 0 1
v 1 1
v 2 1
v 3 1
v 4 1
v 5 2
v 6 3
v 7 3
v 8 3
v 9 3
v 10 3
v 11 3
v 12 3
v 13 3
v 14 3
v 15 4
v 16 4
v 17 4
v 18 4
v 19 4
v 20 4
v 21 4
v 22 4
v 23 4
e 0 10 1
e 0 13 1
e 1 8 1
e 1 23 1
e 2 9 2
e 3 10 2
e 4 12 2
e 5 7 1
e 5 18 1
e 5 19 1
e 6 7 2
e 6 9 1
e 6 10 1
e 7 8 1
e 8 11 2
e 9 12 1
e 11 12 1
e 11 15 1
e 13 14 1
e 13 16 1
e 13 17 1
e 14 20 1
e 14 21 1
e 14 22 1
t # 28790
v 0 1
v 1 1
v 2 1
v 3 1
v 4 1
v 5 2
v 6 3
v 7 3
v 8 3
v 9 3
v 10 3
v 11 3
v 12 3
v 13 4
v 14 4
v 15 4
v 16 4
v 17 4
e 0 8 1
e 0 16 1
e 1 9 2
e 2 11 2
e 3 12 1
e 3 17 1
e 4 12 2
e 5 7 1
e 5 14 1
e 5 15 1
e 6 7 2
e 6 9 1
e 6 12 1
e 7 8 1
e 8 10 2
e 9 11 1
e 10 11 1
e 10 13 1
t # 28791
v 0 11
v 1 11
v 2 1
v 3 1
v 4 1
v 5 1
v 6 3
v 7 3
v 8 3
v 9 3
v 10 3
v 11 3
v 12 3
v 13 3
v 14 3
v 15 3
v 16 3
v 17 3
v 18 3
v 19 3
v 20 3
v 21 3
v 22 3
v 23 3
v 24 4
v 25 4
v 26 4
v 27 4
v 28 4
v 29 4
v 30 4
v 31 4
v 32 4
v 33 4
v 34 4
v 35 4
v 36 4
v 37 4
v 38 4
v 39 4
v 40 4
v 41 4
v 42 4
v 43 4
v 44 4
v 45 4
e 0 2 2
e 0 3 2
e 0 8 1
e 0 10 1
e 1 4 2
e 1 5 2
e 1 9 1
e 1 11 1
e 6 7 1
e 6 8 1
e 6 24 1
e 6 25 1
e 7 9 1
e 7 26 1
e 7 27 1
e 8 28 1
e 8 29 1
e 9 30 1
e 9 31 1
e 10 12 2
e 10 14 1
e 11 13 2
e 11 15 1
e 12 16 1
e 12 32 1
e 13 17 1
e 13 33 1
e 14 18 2
e 14 34 1
e 15 19 2
e 15 35 1
e 16 20 2
e 16 36 1
e 17 21 2
e 17 37 1
e 18 20 1
e 18 38 1
e 19 21 1
e 19 39 1
e 20 22 1
e 21 23 1
e 22 40 1
e 22 41 1
e 22 42 1
e 23 43 1
e 23 44 1
e 23 45 1
t # 28792
v 0 12
v 1 12
v 2 1
v 3 1
v 4 1
v 5 1
v 6 1
v 7 1
v 8 2
v 9 3
v 10 3
v 11 3
v 12 3
v 13 3
v 14 3
v 15 3
v 16 3
v 17 3
v 18 3
v 19 3
v 20 3
v 21 3
v 22 3
v 23 3
v 24 3
v 25 3
v 26 3
v 27 3
v 28 3
v 29 3
v 30 3
v 31 3
v 32 3
v 33 3
v 34 3
v 35 3
v 36 3
v 37 3
v 38 3
v 39 3
v 40 3
v 41 3
v 42 3
v 43 3
v 44 3
v 45 3
v 46 3
v 47 3
v 48 3
v 49 3
v 50 3
v 51 3
v 52 3
v 53 4
v 54 4
v 55 4
v 56 4
v 57 4
v 58 4
v 59 4
v 60 4
v 61 4
v 62 4
v 63 4
v 64 4
v 65 4
v 66 4
v 67 4
v 68 4
v 69 4
v 70 4
v 71 4
v 72 4
v 73 4
v 74 4
v 75 4
v 76 4
v 77 4
v 78 4
v 79 4
v 80 4
v 81 4
v 82 4
v 83 4
v 84 4
v 85 4
v 86 4
v 87 4
v 88 4
v 89 4
v 90 4
v 91 4
v 92 4
v 93 4
v 94 4
v 95 4
v 96 4
v 97 4
v 98 4
v 99 4
v 100 4
v 101 4
v 102 4
v 103 4
v 104 4
v 105 4
v 106 4
v 107 4
v 108 4
v 109 4
v 110 4
v 111 4
v 112 4
v 113 4
v 114 4
v 115 4
v 116 4
v 117 4
v 118 4
v 119 4
v 120 4
v 121 4
v 122 4
v 123 4
v 124 4
v 125 4
v 126 4
v 127 4
v 128 4
v 129 4
v 130 4
v 131 4
e 0 51 1
e 1 52 1
e 2 44 1
e 2 46 1
e 3 45 1
e 3 47 1
e 4 43 1
e 4 48 1
e 5 44 2
e 6 45 2
e 7 48 2
e 8 48 1
e 8 49 1
e 8 50 1
e 9 11 1
e 9 17 1
e 9 53 1
e 9 54 1
e 10 12 1
e 10 18 1
e 10 55 1
e 10 56 1
e 11 19 1
e 11 57 1
e 11 58 1
e 12 20 1
e 12 59 1
e 12 60 1
e 13 15 1
e 13 21 1
e 13 61 1
e 13 62 1
e 14 16 1
e 14 22 1
e 14 63 1
e 14 64 1
e 15 23 1
e 15 65 1
e 15 66 1
e 16 24 1
e 16 67 1
e 16 68 1
e 17 25 1
e 17 69 1
e 17 70 1
e 18 26 1
e 18 71 1
e 18 72 1
e 19 27 1
e 19 73 1
e 19 74 1
e 20 28 1
e 20 75 1
e 20 76 1
e 21 29 1
e 21 77 1
e 21 78 1
e 22 30 1
e 22 79 1
e 22 80 1
e 23 31 1
e 23 81 1
e 23 82 1
e 24 32 1
e 24 83 1
e 24 84 1
e 25 33 1
e 25 85 1
e 25 86 1
e 26 34 1
e 26 87 1
e 26 88 1
e 27 37 1
e 27 89 1
e 27 90 1
e 28 38 1
e 28 91 1
e 28 92 1
e 29 35 1
e 29 93 1
e 29 94 1
e 30 36 1
e 30 95 1
e 30 96 1
e 31 39 1
e 31 97 1
e 31 98 1
e 32 40 1
e 32 99 1
e 32 100 1
e 33 44 1
e 33 101 1
e 33 102 1
e 34 45 1
e 34 103 1
e 34 104 1
e 35 41 1
e 35 105 1
e 35 106 1
e 36 42 1
e 36 107 1
e 36 108 1
e 37 39 2
e 37 109 1
e 38 40 2
e 38 110 1
e 39 111 1
e 40 112 1
e 41 113 1
e 41 114 1
e 41 115 1
e 42 116 1
e 42 117 1
e 42 118 1
e 43 46 1
e 43 47 1
e 43 119 1
e 46 120 1
e 46 121 1
e 47 122 1
e 47 123 1
e 49 51 1
e 49 124 1
e 49 125 1
e 50 52 1
e 50 126 1
e 50 127 1
e 51 128 1
e 51 129 1
e 52 130 1
e 52 131 1
t # 28793
v 0 18
v 1 1
v 2 1
v 3 1
v 4 1
v 5 1
v 6 1
v 7 1
v 8 3
v 9 3
v 10 3
v 11 3
v 12 3
v 13 3
v 14 3
v 15 3
v 16 3
v 17 3
v 18 3
v 19 3
v 20 3
v 21 3
v 22 3
v 23 3
v 24 3
v 25 3
v 26 3
v 27 3
v 28 3
v 29 3
v 30 4
v 31 4
v 32 4
v 33 4
v 34 4
v 35 4
v 36 4
v 37 4
v 38 4
v 39 4
v 40 4
v 41 4
v 42 4
v 43 4
v 44 4
v 45 4
v 46 4
v 47 4
v 48 4
v 49 4
v 50 4
v 51 4
v 52 4
e 1 13 1
e 1 15 1
e 2 15 2
e 3 17 1
e 3 26 1
e 4 19 1
e 4 27 1
e 5 20 1
e 5 28 1
e 6 23 1
e 6 29 1
e 7 25 1
e 7 49 1
e 8 9 1
e 8 10 1
e 8 15 1
e 8 30 1
e 9 11 1
e 9 13 1
e 9 31 1
e 10 12 1
e 10 16 1
e 10 32 1
e 11 14 1
e 11 33 1
e 11 34 1
e 12 14 1
e 12 17 2
e 13 35 1
e 13 36 1
e 14 18 2
e 16 21 2
e 16 22 1
e 17 19 1
e 18 20 1
e 18 37 1
e 19 20 2
e 21 23 1
e 21 38 1
e 22 24 2
e 22 39 1
e 23 25 2
e 24 25 1
e 26 40 1
e 26 41 1
e 26 42 1
e 27 43 1
e 27 44 1
e 27 45 1
e 28 46 1
e 28 47 1
e 28 48 1
e 29 50 1
e 29 51 1
e 29 52 1
t # 28794
v 0 18
v 1 1
v 2 1
v 3 1
v 4 1
v 5 1
v 6 1
v 7 3
v 8 3
v 9 3
v 10 3
v 11 3
v 12 3
v 13 3
v 14 3
v 15 3
v 16 3
v 17 3
v 18 3
v 19 3
v 20 3
v 21 3
v 22 3
v 23 3
v 24 3
v 25 3
v 26 3
v 27 3
v 28 4
v 29 4
v 30 4
v 31 4
v 32 4
v 33 4
v 34 4
v 35 4
v 36 4
v 37 4
v 38 4
v 39 4
v 40 4
v 41 4
v 42 4
v 43 4
v 44 4
v 45 4
v 46 4
v 47 4
v 48 4
e 1 12 1
e 1 14 1
e 2 14 2
e 3 19 1
e 3 25 1
e 4 21 1
e 4 26 1
e 5 22 1
e 5 27 1
e 6 24 1
e 6 45 1
e 7 8 1
e 7 9 1
e 7 14 1
e 7 28 1
e 8 10 1
e 8 12 1
e 8 29 1
e 9 11 1
e 9 15 1
e 9 30 1
e 10 13 1
e 10 31 1
e 10 32 1
e 11 13 1
e 11 16 2
e 12 33 1
e 12 34 1
e 13 17 2
e 15 18 2
e 15 20 1
e 16 19 1
e 16 35 1
e 17 21 1
e 17 36 1
e 18 22 1
e 18 37 1
e 19 21 2
e 20 23 2
e 20 38 1
e 22 24 2
e 23 24 1
e 25 39 1
e 25 40 1
e 25 41 1
e 26 42 1
e 26 43 1
e 26 44 1
e 27 46 1
e 27 47 1
e 27 48 1
t # 28795
v 0 1
v 1 1
v 2 1
v 3 1
v 4 1
v 5 1
v 6 1
v 7 3
v 8 3
v 9 3
v 10 3
v 11 3
v 12 3
v 13 3
v 14 3
v 15 3
v 16 3
v 17 3
v 18 3
v 19 3
v 20 3
v 21 3
v 22 3
v 23 3
v 24 3
v 25 3
v 26 3
v 27 3
v 28 3
v 29 4
v 30 4
v 31 4
v 32 4
v 33 4
v 34 4
v 35 4
v 36 4
v 37 4
v 38 4
v 39 4
v 40 4
v 41 4
v 42 4
v 43 4
v 44 4
v 45 4
v 46 4
v 47 4
v 48 4
v 49 4
v 50 4
e 0 12 1
e 0 14 1
e 1 14 2
e 2 20 1
e 2 26 1
e 3 21 1
e 3 27 1
e 4 22 1
e 4 25 1
e 5 24 1
e 5 25 1
e 6 23 1
e 6 28 1
e 7 8 1
e 7 9 1
e 7 14 1
e 7 29 1
e 8 10 1
e 8 12 1
e 8 30 1
e 9 11 1
e 9 15 1
e 9 31 1
e 10 13 1
e 10 32 1
e 10 33 1
e 11 13 1
e 11 16 2
e 12 34 1
e 12 35 1
e 13 17 2
e 15 18 2
e 15 19 1
e 16 20 1
e 16 36 1
e 17 21 1
e 17 37 1
e 18 22 1
e 18 38 1
e 19 23 2
e 19 39 1
e 20 21 2
e 22 24 2
e 23 24 1
e 25 40 1
e 25 41 1
e 26 42 1
e 26 43 1
e 26 44 1
e 27 45 1
e 27 46 1
e 27 47 1
e 28 48 1
e 28 49 1
e 28 50 1
t # 28796
v 0 38
v 1 8
v 2 8
v 3 1
v 4 1
v 5 1
v 6 1
v 7 1
v 8 1
v 9 1
v 10 1
v 11 1
v 12 1
v 13 1
v 14 1
v 15 1
v 16 2
v 17 2
v 18 2
v 19 2
v 20 2
v 21 2
v 22 2
v 23 3
v 24 3
v 25 3
v 26 3
v 27 3
v 28 3
v 29 3
v 30 3
v 31 3
v 32 3
v 33 3
v 34 3
v 35 3
v 36 3
v 37 3
v 38 3
v 39 3
v 40 3
v 41 3
v 42 3
v 43 4
v 44 4
v 45 4
v 46 4
v 47 4
v 48 4
v 49 4
v 50 4
v 51 4
v 52 4
v 53 4
v 54 4
v 55 4
v 56 4
v 57 4
v 58 4
v 59 4
v 60 4
v 61 4
v 62 4
v 63 4
v 64 4
v 65 4
v 66 4
v 67 4
v 68 4
v 69 4
e 3 25 1
e 3 26 1
e 4 28 1
e 4 30 1
e 5 23 1
e 5 55 1
e 6 24 1
e 6 56 1
e 7 31 1
e 8 27 1
e 8 60 1
e 9 29 1
e 9 61 1
e 10 32 1
e 11 63 1
e 12 64 1
e 15 42 2
e 16 26 1
e 16 34 1
e 16 35 1
e 17 35 2
e 17 37 1
e 18 33 2
e 18 39 1
e 19 34 2
e 19 41 1
e 20 38 1
e 20 41 2
e 21 38 1
e 21 66 1
e 21 67 1
e 22 42 1
e 22 68 1
e 22 69 1
e 23 24 1
e 23 25 1
e 23 43 1
e 24 26 1
e 24 44 1
e 25 31 1
e 25 45 1
e 26 46 1
e 27 28 1
e 27 29 1
e 27 47 1
e 28 32 1
e 28 48 1
e 29 30 1
e 29 49 1
e 30 33 1
e 30 50 1
e 31 51 1
e 31 52 1
e 32 53 1
e 32 54 1
e 34 37 1
e 35 57 1
e 36 58 1
e 36 59 1
e 37 38 2
e 39 40 2
e 39 42 1
e 40 62 1
e 41 65 1
t # 28797
v 0 11
v 1 8
v 2 8
v 3 1
v 4 1
v 5 1
v 6 1
v 7 1
v 8 1
v 9 1
v 10 1
v 11 1
v 12 1
v 13 1
v 14 1
v 15 1
v 16 2
v 17 2
v 18 2
v 19 2
v 20 2
v 21 2
v 22 2
v 23 3
v 24 3
v 25 3
v 26 3
v 27 3
v 28 3
v 29 3
v 30 3
v 31 3
v 32 3
v 33 3
v 34 3
v 35 3
v 36 3
v 37 3
v 38 3
v 39 3
v 40 3
v 41 3
v 42 3
v 43 4
v 44 4
v 45 4
v 46 4
v 47 4
v 48 4
v 49 4
v 50 4
v 51 4
v 52 4
v 53 4
v 54 4
v 55 4
v 56 4
v 57 4
v 58 4
v 59 4
v 60 4
v 61 4
v 62 4
v 63 4
v 64 4
v 65 4
v 66 4
v 67 4
v 68 4
v 69 4
e 0 33 1
e 0 40 1
e 3 25 1
e 3 26 1
e 4 28 1
e 4 30 1
e 5 23 1
e 5 55 1
e 6 24 1
e 6 56 1
e 7 31 1
e 8 27 1
e 8 60 1
e 9 29 1
e 9 61 1
e 10 32 1
e 11 63 1
e 12 64 1
e 15 42 2
e 16 26 1
e 16 34 1
e 16 35 1
e 17 35 2
e 17 37 1
e 18 33 2
e 18 39 1
e 19 34 2
e 19 41 1
e 20 38 1
e 20 41 2
e 21 38 1
e 21 66 1
e 21 67 1
e 22 42 1
e 22 68 1
e 22 69 1
e 23 24 1
e 23 25 1
e 23 43 1
e 24 26 1
e 24 44 1
e 25 31 1
e 25 45 1
e 26 46 1
e 27 28 1
e 27 29 1
e 27 47 1
e 28 32 1
e 28 48 1
e 29 30 1
e 29 49 1
e 30 33 1
e 30 50 1
e 31 51 1
e 31 52 1
e 32 53 1
e 32 54 1
e 34 37 1
e 35 57 1
e 36 58 1
e 36 59 1
e 37 38 2
e 39 40 2
e 39 42 1
e 40 62 1
e 41 65 1
t # 28798
v 0 12
v 1 1
v 2 1
v 3 2
v 4 3
v 5 3
v 6 3
v 7 3
v 8 3
v 9 3
v 10 3
v 11 3
v 12 3
v 13 3
v 14 3
v 15 3
v 16 3
v 17 3
v 18 3
v 19 3
v 20 3
v 21 3
v 22 3
v 23 3
v 24 3
v 25 3
v 26 3
v 27 3
v 28 4
v 29 4
v 30 4
v 31 4
v 32 4
v 33 4
v 34 4
v 35 4
v 36 4
v 37 4
v 38 4
v 39 4
v 40 4
v 41 4
v 42 4
v 43 4
v 44 4
v 45 4
v 46 4
v 47 4
v 48 4
v 49 4
v 50 4
v 51 4
v 52 4
v 53 4
v 54 4
v 55 4
v 56 4
v 57 4
v 58 4
v 59 4
v 60 4
v 61 4
e 1 14 1
e 1 54 1
e 2 27 2
e 3 12 1
e 3 15 1
e 3 16 1
e 4 5 1
e 4 6 1
e 4 28 1
e 4 29 1
e 5 7 1
e 5 30 1
e 5 31 1
e 6 8 1
e 6 32 1
e 6 33 1
e 7 9 1
e 7 34 1
e 7 35 1
e 8 10 1
e 8 36 1
e 8 37 1
e 9 11 1
e 9 38 1
e 9 39 1
e 10 12 1
e 10 40 1
e 10 41 1
e 11 13 1
e 11 42 1
e 11 43 1
e 12 44 1
e 12 45 1
e 13 14 1
e 13 46 1
e 13 47 1
e 14 48 1
e 14 49 1
e 15 17 2
e 15 50 1
e 16 18 2
e 16 51 1
e 17 19 1
e 17 52 1
e 18 19 1
e 18 53 1
e 19 20 2
e 20 21 1
e 20 55 1
e 21 22 2
e 21 56 1
e 22 23 1
e 22 24 1
e 23 25 2
e 23 57 1
e 24 26 2
e 24 58 1
e 25 27 1
e 25 59 1
e 26 27 1
e 26 60 1
t # 28799
v 0 1
v 1 1
v 2 1
v 3 2
v 4 3
v 5 3
v 6 3
v 7 3
v 8 3
v 9 3
v 10 3
v 11 3
v 12 3
v 13 3
v 14 3
v 15 3
v 16 3
v 17 4
v 18 4
v 19 4
v 20 4
v 21 4
v 22 4
v 23 4
v 24 4
v 25 4
v 26 4
v 27 4
v 28 4
v 29 4
e 0 13 1
e 0 14 1
e 1 6 1
e 1 29 1
e 2 13 2
e 4 5 1
e 4 6 1
e 4 7 2
e 5 8 2
e 5 9 1
e 6 10 2
e 7 11 1
e 7 17 1
e 8 13 1
e 8 16 1
e 9 18 1
e 9 19 1
e 9 20 1
e 10 12 1
e 10 21 1
e 11 12 2
e 11 22 1
e 12 23 1
e 14 15 1
e 14 24 1
e 14 25 1
e 15 26 1
e 15 27 1
e 15 28 1
