t # 18000
v 0 1
v 1 1
v 2 1
v 3 1
v 4 1
v 5 1
v 6 1
v 7 1
v 8 1
v 9 1
v 10 1
v 11 1
v 12 1
v 13 1
v 14 2
v 15 2
v 16 2
v 17 3
v 18 3
v 19 3
v 20 3
v 21 3
v 22 3
v 23 3
v 24 3
v 25 3
v 26 3
v 27 3
v 28 3
v 29 3
v 30 3
v 31 3
v 32 3
v 33 3
v 34 3
v 35 3
v 36 3
v 37 3
v 38 3
v 39 3
v 40 3
v 41 3
v 42 3
v 43 3
v 44 3
v 45 4
v 46 4
v 47 4
v 48 4
v 49 4
v 50 4
v 51 4
v 52 4
v 53 4
v 54 4
v 55 4
v 56 4
v 57 4
v 58 4
v 59 4
v 60 4
v 61 4
v 62 4
v 63 4
v 64 4
v 65 4
v 66 4
v 67 4
v 68 4
v 69 4
v 70 4
v 71 4
v 72 4
v 73 4
v 74 4
v 75 4
e 0 20 1
e 0 21 1
e 1 21 1
e 22 1 1
e 2 17 1
e 2 29 1
e 3 18 1
e 3 30 1
e 4 19 1
e 4 31 1
e 5 23 1
e 5 37 1
e 6 27 2
e 7 28 2
e 8 32 1
e 8 43 1
e 9 29 2
e 10 30 2
e 11 31 2
e 12 32 2
e 13 37 2
e 14 15 1
e 14 22 1
e 14 27 1
e 15 24 1
e 15 28 1
e 16 27 1
e 16 28 1
e 16 33 1
e 17 18 1
e 17 19 1
e 17 45 1
e 18 20 1
e 18 46 1
e 19 21 1
e 19 47 1
e 20 23 1
e 20 48 1
e 21 49 1
e 22 25 1
e 22 50 1
e 23 51 1
e 23 52 1
e 24 26 1
e 24 32 1
e 24 53 1
e 25 26 2
e 25 54 1
e 26 55 1
e 29 34 1
e 30 35 1
e 31 36 1
e 33 38 2
e 33 39 1
e 34 56 1
e 34 57 1
e 34 58 1
e 35 59 1
e 35 60 1
e 35 61 1
e 36 62 1
e 36 63 1
e 36 64 1
e 37 40 1
e 38 41 1
e 38 65 1
e 39 42 2
e 39 66 1
e 40 67 1
e 40 68 1
e 40 69 1
e 41 44 2
e 41 70 1
e 42 44 1
e 42 71 1
e 43 72 1
e 43 73 1
e 43 74 1
e 44 75 1
t # 18001
v 0 1
v 1 1
v 2 1
v 3 1
v 4 1
v 5 1
v 6 1
v 7 3
v 8 3
v 9 3
v 10 3
v 11 3
v 12 3
v 13 3
v 14 3
v 15 3
v 16 3
v 17 3
v 18 3
v 19 3
v 20 3
v 21 3
v 22 3
v 23 3
v 24 3
v 25 3
v 26 4
v 27 4
v 28 4
v 29 4
v 30 4
v 31 4
v 32 4
v 33 4
v 34 4
v 35 4
v 36 4
v 37 4
v 38 4
v 39 4
v 40 4
v 41 4
v 42 4
v 43 4
e 0 13 1
e 0 22 1
e 1 14 1
e 1 23 1
e 2 18 1
e 2 24 1
e 3 11 2
e 4 12 2
e 5 15 1
e 5 31 1
e 6 20 1
e 6 25 1
e 7 8 1
e 7 11 1
e 7 13 2
e 8 12 1
e 8 15 2
e 9 10 1
e 9 12 1
e 9 14 2
e 10 11 1
e 10 17 2
e 13 16 1
e 14 18 1
e 15 19 1
e 16 19 2
e 16 21 1
e 17 20 1
e 17 26 1
e 18 20 2
e 19 27 1
e 21 28 1
e 21 29 1
e 21 30 1
e 22 32 1
e 22 33 1
e 22 34 1
e 23 35 1
e 23 36 1
e 23 37 1
e 24 38 1
e 24 39 1
e 24 40 1
e 25 41 1
e 25 42 1
e 25 43 1
t # 18002
v 0 1
v 1 1
v 2 1
v 3 1
v 4 1
v 5 1
v 6 1
v 7 1
v 8 1
v 9 1
v 10 3
v 11 3
v 12 3
v 13 3
v 14 3
v 15 3
v 16 3
v 17 3
v 18 3
v 19 3
v 20 3
v 21 3
v 22 3
v 23 3
v 24 3
v 25 3
v 26 3
v 27 3
v 28 3
v 29 3
v 30 3
v 31 3
v 32 3
v 33 3
v 34 3
v 35 3
v 36 3
v 37 3
v 38 3
v 39 3
v 40 3
v 41 3
v 42 3
v 43 3
v 44 3
v 45 3
v 46 3
v 47 3
v 48 4
v 49 4
v 50 4
v 51 4
v 52 4
v 53 4
v 54 4
v 55 4
v 56 4
v 57 4
v 58 4
v 59 4
v 60 4
v 61 4
v 62 4
v 63 4
v 64 4
v 65 4
v 66 4
v 67 4
v 68 4
v 69 4
v 70 4
v 71 4
v 72 4
v 73 4
v 74 4
v 75 4
v 76 4
v 77 4
v 78 4
v 79 4
v 80 4
v 81 4
v 82 4
v 83 4
v 84 4
v 85 4
v 86 4
v 87 4
v 88 4
v 89 4
v 90 4
v 91 4
v 92 4
v 93 4
v 94 4
v 95 4
v 96 4
v 97 4
v 98 4
v 99 4
v 100 4
v 101 4
v 102 4
v 103 4
v 104 4
v 105 4
v 106 4
v 107 4
e 26 0 1
e 0 40 1
e 24 1 1
e 1 87 1
e 2 37 1
e 2 42 1
e 3 37 2
e 4 40 1
e 4 44 1
e 5 41 1
e 5 102 1
e 6 43 1
e 6 103 1
e 7 45 1
e 7 104 1
e 8 46 1
e 8 47 1
e 9 46 2
e 10 11 1
e 10 13 1
e 10 15 1
e 10 25 1
e 11 12 1
e 11 20 1
e 11 48 1
e 12 14 1
e 12 21 1
e 12 28 1
e 13 17 1
e 13 22 1
e 13 30 1
e 14 16 1
e 14 18 1
e 14 49 1
e 15 16 1
e 15 50 1
e 15 51 1
e 16 52 1
e 16 53 1
e 17 19 1
e 17 27 2
e 18 26 1
e 18 34 1
e 18 35 1
e 19 23 1
e 19 31 1
e 19 54 1
e 20 27 1
e 20 55 1
e 20 56 1
e 21 29 1
e 21 57 1
e 21 58 1
e 22 24 1
e 22 59 1
e 22 60 1
e 23 24 1
e 23 32 1
e 23 37 1
e 24 61 1
e 25 62 1
e 25 63 1
e 25 64 1
e 26 29 1
e 26 65 1
e 27 66 1
e 28 67 1
e 28 68 1
e 28 69 1
e 29 70 1
e 29 71 1
e 30 72 1
e 30 73 1
e 30 74 1
e 31 33 1
e 31 75 1
e 31 76 1
e 32 36 1
e 32 77 1
e 32 78 1
e 33 36 1
e 33 38 1
e 33 39 1
e 34 79 1
e 34 80 1
e 34 81 1
e 35 82 1
e 35 83 1
e 35 84 1
e 36 85 1
e 36 86 1
e 38 88 1
e 38 89 1
e 38 90 1
e 39 91 1
e 39 92 1
e 39 93 1
e 40 41 1
e 40 94 1
e 41 43 1
e 41 95 1
e 42 96 1
e 42 97 1
e 42 98 1
e 43 45 1
e 43 99 1
e 44 45 1
e 44 46 1
e 44 100 1
e 45 101 1
e 47 105 1
e 47 106 1
e 47 107 1
t # 18003
v 0 1
v 1 1
v 2 1
v 3 1
v 4 1
v 5 1
v 6 1
v 7 1
v 8 1
v 9 1
v 10 1
v 11 1
v 12 1
v 13 1
v 14 1
v 15 1
v 16 1
v 17 1
v 18 1
v 19 1
v 20 1
v 21 1
v 22 1
v 23 1
v 24 1
v 25 1
v 26 3
v 27 3
v 28 3
v 29 3
v 30 3
v 31 3
v 32 3
v 33 3
v 34 3
v 35 3
v 36 3
v 37 3
v 38 3
v 39 3
v 40 3
v 41 3
v 42 3
v 43 3
v 44 3
v 45 3
v 46 3
v 47 3
v 48 3
v 49 3
v 50 3
v 51 3
v 52 3
v 53 3
v 54 3
v 55 3
v 56 3
v 57 3
v 58 3
v 59 3
v 60 3
v 61 3
v 62 3
v 63 3
v 64 3
v 65 3
v 66 3
v 67 3
v 68 3
v 69 3
v 70 3
v 71 3
v 72 3
v 73 3
v 74 3
v 75 3
v 76 3
v 77 3
v 78 3
v 79 3
v 80 3
v 81 3
v 82 3
v 83 3
v 84 4
v 85 4
v 86 4
v 87 4
v 88 4
v 89 4
v 90 4
v 91 4
v 92 4
v 93 4
v 94 4
v 95 4
v 96 4
v 97 4
v 98 4
v 99 4
v 100 4
v 101 4
v 102 4
v 103 4
v 104 4
v 105 4
v 106 4
v 107 4
v 108 4
v 109 4
v 110 4
v 111 4
v 112 4
v 113 4
v 114 4
v 115 4
v 116 4
v 117 4
v 118 4
v 119 4
v 120 4
v 121 4
v 122 4
v 123 4
v 124 4
v 125 4
v 126 4
v 127 4
v 128 4
v 129 4
v 130 4
v 131 4
v 132 4
v 133 4
v 134 4
v 135 4
v 136 4
v 137 4
v 138 4
v 139 4
v 140 4
v 141 4
v 142 4
v 143 4
v 144 4
v 145 4
v 146 4
v 147 4
v 148 4
v 149 4
v 150 4
v 151 4
v 152 4
v 153 4
v 154 4
v 155 4
v 156 4
v 157 4
v 158 4
v 159 4
v 160 4
v 161 4
v 162 4
v 163 4
v 164 4
v 165 4
v 166 4
v 167 4
v 168 4
v 169 4
v 170 4
v 171 4
v 172 4
v 173 4
v 174 4
v 175 4
e 42 0 1
e 0 56 1
e 40 1 1
e 1 123 1
e 2 53 1
e 2 58 1
e 3 53 2
e 4 56 1
e 4 60 1
e 5 58 1
e 5 64 1
e 6 57 1
e 6 137 1
e 7 59 1
e 7 142 1
e 8 61 1
e 8 67 1
e 9 62 1
e 9 143 1
e 10 63 1
e 10 145 1
e 11 65 1
e 11 146 1
e 12 66 1
e 12 72 1
e 13 66 2
e 14 67 1
e 14 70 1
e 15 68 1
e 15 154 1
e 16 69 1
e 16 74 1
e 17 71 1
e 17 75 1
e 18 74 1
e 18 79 1
e 19 75 1
e 19 82 1
e 20 76 1
e 20 169 1
e 21 77 1
e 21 171 1
e 22 78 1
e 22 172 1
e 23 80 1
e 23 173 1
e 24 81 1
e 24 174 1
e 25 83 1
e 25 175 1
e 26 27 1
e 26 29 1
e 26 31 1
e 26 41 1
e 27 28 1
e 27 36 1
e 27 84 1
e 28 30 1
e 28 37 1
e 28 44 1
e 29 34 1
e 29 38 1
e 29 46 1
e 30 32 1
e 30 33 1
e 30 85 1
e 31 32 1
e 31 86 1
e 31 87 1
e 32 88 1
e 32 89 1
e 33 42 1
e 33 50 1
e 33 51 1
e 34 35 1
e 34 43 2
e 35 39 1
e 35 47 1
e 35 90 1
e 36 43 1
e 36 91 1
e 36 92 1
e 37 45 1
e 37 93 1
e 37 94 1
e 38 40 1
e 38 95 1
e 38 96 1
e 39 40 1
e 39 48 1
e 39 53 1
e 40 97 1
e 41 98 1
e 41 99 1
e 41 100 1
e 42 45 1
e 42 101 1
e 43 102 1
e 44 103 1
e 44 104 1
e 44 105 1
e 45 106 1
e 45 107 1
e 46 108 1
e 46 109 1
e 46 110 1
e 47 49 1
e 47 111 1
e 47 112 1
e 48 52 1
e 48 113 1
e 48 114 1
e 49 52 1
e 49 54 1
e 49 55 1
e 50 115 1
e 50 116 1
e 50 117 1
e 51 118 1
e 51 119 1
e 51 120 1
e 52 121 1
e 52 122 1
e 54 124 1
e 54 125 1
e 54 126 1
e 55 127 1
e 55 128 1
e 55 129 1
e 56 57 1
e 56 130 1
e 57 59 1
e 57 131 1
e 58 61 1
e 58 132 1
e 59 62 1
e 59 133 1
e 60 62 1
e 60 66 1
e 60 134 1
e 61 63 1
e 61 135 1
e 62 136 1
e 63 65 1
e 63 138 1
e 64 65 1
e 64 139 1
e 64 140 1
e 65 141 1
e 67 68 1
e 67 144 1
e 68 69 1
e 68 147 1
e 69 71 1
e 69 148 1
e 70 71 1
e 70 73 1
e 70 149 1
e 71 150 1
e 72 151 1
e 72 152 1
e 72 153 1
e 73 155 1
e 73 156 1
e 73 157 1
e 74 76 1
e 74 158 1
e 75 78 1
e 75 159 1
e 76 77 1
e 76 160 1
e 77 79 1
e 77 81 1
e 78 80 1
e 78 161 1
e 79 162 1
e 79 163 1
e 80 83 1
e 80 164 1
e 81 165 1
e 81 166 1
e 82 83 1
e 82 167 1
e 82 168 1
e 83 170 1
t # 18004
v 0 1
v 1 1
v 2 1
v 3 1
v 4 1
v 5 1
v 6 1
v 7 1
v 8 1
v 9 1
v 10 1
v 11 1
v 12 1
v 13 1
v 14 1
v 15 1
v 16 1
v 17 1
v 18 1
v 19 1
v 20 1
v 21 1
v 22 1
v 23 1
v 24 1
v 25 1
v 26 3
v 27 3
v 28 3
v 29 3
v 30 3
v 31 3
v 32 3
v 33 3
v 34 3
v 35 3
v 36 3
v 37 3
v 38 3
v 39 3
v 40 3
v 41 3
v 42 3
v 43 3
v 44 3
v 45 3
v 46 3
v 47 3
v 48 3
v 49 3
v 50 3
v 51 3
v 52 3
v 53 3
v 54 3
v 55 3
v 56 3
v 57 3
v 58 3
v 59 3
v 60 3
v 61 3
v 62 3
v 63 3
v 64 3
v 65 3
v 66 3
v 67 3
v 68 3
v 69 3
v 70 3
v 71 3
v 72 3
v 73 3
v 74 3
v 75 3
v 76 3
v 77 3
v 78 3
v 79 3
v 80 3
v 81 3
v 82 3
v 83 3
v 84 4
v 85 4
v 86 4
v 87 4
v 88 4
v 89 4
v 90 4
v 91 4
v 92 4
v 93 4
v 94 4
v 95 4
v 96 4
v 97 4
v 98 4
v 99 4
v 100 4
v 101 4
v 102 4
v 103 4
v 104 4
v 105 4
v 106 4
v 107 4
v 108 4
v 109 4
v 110 4
v 111 4
v 112 4
v 113 4
v 114 4
v 115 4
v 116 4
v 117 4
v 118 4
v 119 4
v 120 4
v 121 4
v 122 4
v 123 4
v 124 4
v 125 4
v 126 4
v 127 4
v 128 4
v 129 4
v 130 4
v 131 4
v 132 4
v 133 4
v 134 4
v 135 4
v 136 4
v 137 4
v 138 4
v 139 4
v 140 4
v 141 4
v 142 4
v 143 4
v 144 4
v 145 4
v 146 4
v 147 4
v 148 4
v 149 4
v 150 4
v 151 4
v 152 4
v 153 4
v 154 4
v 155 4
v 156 4
v 157 4
v 158 4
v 159 4
v 160 4
v 161 4
v 162 4
v 163 4
v 164 4
v 165 4
v 166 4
v 167 4
v 168 4
v 169 4
v 170 4
v 171 4
v 172 4
v 173 4
v 174 4
v 175 4
e 42 0 1
e 0 56 1
e 40 1 1
e 1 123 1
e 2 53 1
e 2 58 1
e 3 53 2
e 4 56 1
e 4 60 1
e 5 58 1
e 5 64 1
e 6 57 1
e 6 137 1
e 7 59 1
e 7 142 1
e 8 61 1
e 8 67 1
e 9 62 1
e 9 143 1
e 10 63 1
e 10 145 1
e 11 65 1
e 11 146 1
e 12 66 1
e 12 71 1
e 13 66 2
e 14 67 1
e 14 70 1
e 15 68 1
e 15 154 1
e 16 69 1
e 16 158 1
e 17 72 1
e 17 74 1
e 18 74 1
e 18 78 1
e 19 75 1
e 19 165 1
e 20 76 1
e 20 166 1
e 21 77 1
e 21 79 1
e 22 79 1
e 22 83 1
e 23 80 1
e 23 173 1
e 24 81 1
e 24 174 1
e 25 82 1
e 25 175 1
e 26 27 1
e 26 29 1
e 26 31 1
e 26 41 1
e 27 28 1
e 27 36 1
e 27 84 1
e 28 30 1
e 28 37 1
e 28 44 1
e 29 34 1
e 29 38 1
e 29 46 1
e 30 32 1
e 30 33 1
e 30 85 1
e 31 32 1
e 31 86 1
e 31 87 1
e 32 88 1
e 32 89 1
e 33 42 1
e 33 50 1
e 33 51 1
e 34 35 1
e 34 43 2
e 35 39 1
e 35 47 1
e 35 90 1
e 36 43 1
e 36 91 1
e 36 92 1
e 37 45 1
e 37 93 1
e 37 94 1
e 38 40 1
e 38 95 1
e 38 96 1
e 39 40 1
e 39 48 1
e 39 53 1
e 40 97 1
e 41 98 1
e 41 99 1
e 41 100 1
e 42 45 1
e 42 101 1
e 43 102 1
e 44 103 1
e 44 104 1
e 44 105 1
e 45 106 1
e 45 107 1
e 46 108 1
e 46 109 1
e 46 110 1
e 47 49 1
e 47 111 1
e 47 112 1
e 48 52 1
e 48 113 1
e 48 114 1
e 49 52 1
e 49 54 1
e 49 55 1
e 50 115 1
e 50 116 1
e 50 117 1
e 51 118 1
e 51 119 1
e 51 120 1
e 52 121 1
e 52 122 1
e 54 124 1
e 54 125 1
e 54 126 1
e 55 127 1
e 55 128 1
e 55 129 1
e 56 57 1
e 56 130 1
e 57 59 1
e 57 131 1
e 58 61 1
e 58 132 1
e 59 62 1
e 59 133 1
e 60 62 1
e 60 66 1
e 60 134 1
e 61 63 1
e 61 135 1
e 62 136 1
e 63 65 1
e 63 138 1
e 64 65 1
e 64 139 1
e 64 140 1
e 65 141 1
e 67 68 1
e 67 144 1
e 68 69 1
e 68 147 1
e 69 72 1
e 69 148 1
e 70 72 1
e 70 73 1
e 70 149 1
e 71 150 1
e 71 151 1
e 71 152 1
e 72 153 1
e 73 155 1
e 73 156 1
e 73 157 1
e 74 75 1
e 74 159 1
e 75 76 1
e 75 160 1
e 76 77 1
e 76 161 1
e 77 78 1
e 77 162 1
e 78 163 1
e 78 164 1
e 79 80 1
e 79 167 1
e 80 81 1
e 80 168 1
e 81 82 1
e 81 169 1
e 82 83 1
e 82 170 1
e 83 171 1
e 83 172 1
t # 18005
v 0 1
v 1 1
v 2 1
v 3 1
v 4 1
v 5 1
v 6 1
v 7 1
v 8 1
v 9 1
v 10 1
v 11 1
v 12 1
v 13 1
v 14 1
v 15 1
v 16 1
v 17 1
v 18 1
v 19 1
v 20 1
v 21 1
v 22 3
v 23 3
v 24 3
v 25 3
v 26 3
v 27 3
v 28 3
v 29 3
v 30 3
v 31 3
v 32 3
v 33 3
v 34 3
v 35 3
v 36 3
v 37 3
v 38 3
v 39 3
v 40 3
v 41 3
v 42 3
v 43 3
v 44 3
v 45 3
v 46 3
v 47 3
v 48 3
v 49 3
v 50 3
v 51 3
v 52 3
v 53 3
v 54 3
v 55 3
v 56 3
v 57 3
v 58 3
v 59 3
v 60 3
v 61 3
v 62 3
v 63 3
v 64 3
v 65 3
v 66 3
v 67 3
v 68 3
v 69 3
v 70 3
v 71 3
v 72 3
v 73 3
v 74 3
v 75 4
v 76 4
v 77 4
v 78 4
v 79 4
v 80 4
v 81 4
v 82 4
v 83 4
v 84 4
v 85 4
v 86 4
v 87 4
v 88 4
v 89 4
v 90 4
v 91 4
v 92 4
v 93 4
v 94 4
v 95 4
v 96 4
v 97 4
v 98 4
v 99 4
v 100 4
v 101 4
v 102 4
v 103 4
v 104 4
v 105 4
v 106 4
v 107 4
v 108 4
v 109 4
v 110 4
v 111 4
v 112 4
v 113 4
v 114 4
v 115 4
v 116 4
v 117 4
v 118 4
v 119 4
v 120 4
v 121 4
v 122 4
v 123 4
v 124 4
v 125 4
v 126 4
v 127 4
v 128 4
v 129 4
v 130 4
v 131 4
v 132 4
v 133 4
v 134 4
v 135 4
v 136 4
v 137 4
v 138 4
v 139 4
v 140 4
v 141 4
v 142 4
v 143 4
v 144 4
v 145 4
v 146 4
v 147 4
v 148 4
v 149 4
v 150 4
v 151 4
v 152 4
v 153 4
v 154 4
v 155 4
v 156 4
v 157 4
v 158 4
e 38 0 1
e 0 52 1
e 36 1 1
e 1 114 1
e 2 49 1
e 2 54 1
e 3 49 2
e 4 52 1
e 4 56 1
e 5 54 1
e 5 60 1
e 6 53 1
e 6 128 1
e 7 55 1
e 7 133 1
e 8 57 1
e 8 63 1
e 9 58 1
e 9 134 1
e 10 59 1
e 10 136 1
e 11 61 1
e 11 137 1
e 12 62 1
e 12 67 1
e 13 62 2
e 14 63 1
e 14 66 1
e 15 64 1
e 15 145 1
e 16 65 1
e 16 149 1
e 17 68 1
e 17 70 1
e 18 70 1
e 18 73 1
e 19 71 1
e 19 156 1
e 20 72 1
e 20 157 1
e 21 74 1
e 21 158 1
e 22 23 1
e 22 25 1
e 22 27 1
e 22 37 1
e 23 24 1
e 23 32 1
e 23 75 1
e 24 26 1
e 24 33 1
e 24 40 1
e 25 30 1
e 25 34 1
e 25 42 1
e 26 28 1
e 26 29 1
e 26 76 1
e 27 28 1
e 27 77 1
e 27 78 1
e 28 79 1
e 28 80 1
e 29 38 1
e 29 46 1
e 29 47 1
e 30 31 1
e 30 39 2
e 31 35 1
e 31 43 1
e 31 81 1
e 32 39 1
e 32 82 1
e 32 83 1
e 33 41 1
e 33 84 1
e 33 85 1
e 34 36 1
e 34 86 1
e 34 87 1
e 35 36 1
e 35 44 1
e 35 49 1
e 36 88 1
e 37 89 1
e 37 90 1
e 37 91 1
e 38 41 1
e 38 92 1
e 39 93 1
e 40 94 1
e 40 95 1
e 40 96 1
e 41 97 1
e 41 98 1
e 42 99 1
e 42 100 1
e 42 101 1
e 43 45 1
e 43 102 1
e 43 103 1
e 44 48 1
e 44 104 1
e 44 105 1
e 45 48 1
e 45 50 1
e 45 51 1
e 46 106 1
e 46 107 1
e 46 108 1
e 47 109 1
e 47 110 1
e 47 111 1
e 48 112 1
e 48 113 1
e 50 115 1
e 50 116 1
e 50 117 1
e 51 118 1
e 51 119 1
e 51 120 1
e 52 53 1
e 52 121 1
e 53 55 1
e 53 122 1
e 54 57 1
e 54 123 1
e 55 58 1
e 55 124 1
e 56 58 1
e 56 62 1
e 56 125 1
e 57 59 1
e 57 126 1
e 58 127 1
e 59 61 1
e 59 129 1
e 60 61 1
e 60 130 1
e 60 131 1
e 61 132 1
e 63 64 1
e 63 135 1
e 64 65 1
e 64 138 1
e 65 68 1
e 65 139 1
e 66 68 1
e 66 69 1
e 66 140 1
e 67 141 1
e 67 142 1
e 67 143 1
e 68 144 1
e 69 146 1
e 69 147 1
e 69 148 1
e 70 71 1
e 70 150 1
e 71 72 1
e 71 151 1
e 72 74 1
e 72 152 1
e 73 74 1
e 73 153 1
e 73 154 1
e 74 155 1
t # 18006
v 0 1
v 1 1
v 2 1
v 3 1
v 4 1
v 5 1
v 6 1
v 7 1
v 8 1
v 9 3
v 10 3
v 11 3
v 12 3
v 13 3
v 14 3
v 15 3
v 16 3
v 17 3
v 18 3
v 19 3
v 20 3
v 21 3
v 22 3
v 23 3
v 24 3
v 25 3
v 26 3
v 27 3
v 28 3
v 29 3
v 30 3
v 31 3
v 32 3
v 33 3
v 34 3
v 35 3
v 36 3
v 37 3
v 38 3
v 39 3
v 40 3
v 41 3
v 42 3
v 43 3
v 44 3
v 45 3
v 46 3
v 47 4
v 48 4
v 49 4
v 50 4
v 51 4
v 52 4
v 53 4
v 54 4
v 55 4
v 56 4
v 57 4
v 58 4
v 59 4
v 60 4
v 61 4
v 62 4
v 63 4
v 64 4
v 65 4
v 66 4
v 67 4
v 68 4
v 69 4
v 70 4
v 71 4
v 72 4
v 73 4
v 74 4
v 75 4
v 76 4
v 77 4
v 78 4
v 79 4
v 80 4
v 81 4
v 82 4
v 83 4
v 84 4
v 85 4
v 86 4
v 87 4
v 88 4
v 89 4
v 90 4
v 91 4
v 92 4
v 93 4
v 94 4
v 95 4
v 96 4
v 97 4
v 98 4
v 99 4
v 100 4
v 101 4
v 102 4
v 103 4
v 104 4
v 105 4
v 106 4
e 24 0 1
e 0 39 1
e 1 36 1
e 1 42 1
e 2 36 2
e 3 39 1
e 3 43 1
e 4 40 1
e 4 101 1
e 5 41 1
e 5 102 1
e 6 44 1
e 6 103 1
e 7 45 1
e 7 46 1
e 8 45 2
e 9 10 1
e 9 12 1
e 9 14 1
e 9 23 1
e 10 11 1
e 10 19 1
e 10 47 1
e 11 13 1
e 11 20 1
e 11 26 1
e 12 17 1
e 12 21 1
e 12 29 1
e 13 15 1
e 13 16 1
e 13 48 1
e 14 16 1
e 14 49 1
e 14 50 1
e 15 24 1
e 15 33 1
e 15 34 1
e 16 51 1
e 16 52 1
e 17 18 1
e 17 27 2
e 18 22 1
e 18 30 1
e 18 53 1
e 19 27 1
e 19 54 1
e 19 55 1
e 20 28 1
e 20 56 1
e 20 57 1
e 21 25 1
e 21 58 1
e 21 59 1
e 22 25 1
e 22 31 1
e 22 36 1
e 23 60 1
e 23 61 1
e 23 62 1
e 24 28 1
e 24 63 1
e 25 64 1
e 25 65 1
e 26 66 1
e 26 67 1
e 26 68 1
e 27 69 1
e 28 70 1
e 28 71 1
e 29 72 1
e 29 73 1
e 29 74 1
e 30 32 1
e 30 75 1
e 30 76 1
e 31 35 1
e 31 77 1
e 31 78 1
e 32 35 1
e 32 37 1
e 32 38 1
e 33 79 1
e 33 80 1
e 33 81 1
e 34 82 1
e 34 83 1
e 34 84 1
e 35 85 1
e 35 86 1
e 37 87 1
e 37 88 1
e 37 89 1
e 38 90 1
e 38 91 1
e 38 92 1
e 39 40 1
e 39 93 1
e 40 41 1
e 40 94 1
e 41 44 1
e 41 95 1
e 42 96 1
e 42 97 1
e 42 98 1
e 43 44 1
e 43 45 1
e 43 99 1
e 44 100 1
e 46 104 1
e 46 105 1
e 46 106 1
t # 18007
v 0 1
v 1 1
v 2 1
v 3 1
v 4 1
v 5 1
v 6 1
v 7 1
v 8 1
v 9 1
v 10 1
v 11 1
v 12 1
v 13 1
v 14 1
v 15 1
v 16 1
v 17 1
v 18 1
v 19 1
v 20 1
v 21 1
v 22 1
v 23 1
v 24 1
v 25 1
v 26 1
v 27 1
v 28 1
v 29 1
v 30 1
v 31 1
v 32 1
v 33 3
v 34 3
v 35 3
v 36 3
v 37 3
v 38 3
v 39 3
v 40 3
v 41 3
v 42 3
v 43 3
v 44 3
v 45 3
v 46 3
v 47 3
v 48 3
v 49 3
v 50 3
v 51 3
v 52 3
v 53 3
v 54 3
v 55 3
v 56 3
v 57 3
v 58 3
v 59 3
v 60 3
v 61 3
v 62 3
v 63 3
v 64 3
v 65 3
v 66 3
v 67 3
v 68 3
v 69 3
v 70 3
v 71 3
v 72 3
v 73 3
v 74 3
v 75 3
v 76 3
v 77 3
v 78 3
v 79 3
v 80 3
v 81 3
v 82 3
v 83 3
v 84 3
v 85 3
v 86 3
v 87 3
v 88 3
v 89 3
v 90 3
v 91 3
v 92 3
v 93 3
v 94 3
v 95 3
v 96 3
v 97 3
v 98 3
v 99 3
v 100 3
v 101 4
v 102 4
v 103 4
v 104 4
v 105 4
v 106 4
v 107 4
v 108 4
v 109 4
v 110 4
v 111 4
v 112 4
v 113 4
v 114 4
v 115 4
v 116 4
v 117 4
v 118 4
v 119 4
v 120 4
v 121 4
v 122 4
v 123 4
v 124 4
v 125 4
v 126 4
v 127 4
v 128 4
v 129 4
v 130 4
v 131 4
v 132 4
v 133 4
v 134 4
v 135 4
v 136 4
v 137 4
v 138 4
v 139 4
v 140 4
v 141 4
v 142 4
v 143 4
v 144 4
v 145 4
v 146 4
v 147 4
v 148 4
v 149 4
v 150 4
v 151 4
v 152 4
v 153 4
v 154 4
v 155 4
v 156 4
v 157 4
v 158 4
v 159 4
v 160 4
v 161 4
v 162 4
v 163 4
v 164 4
v 165 4
v 166 4
v 167 4
v 168 4
v 169 4
v 170 4
v 171 4
v 172 4
v 173 4
v 174 4
v 175 4
v 176 4
v 177 4
v 178 4
v 179 4
v 180 4
v 181 4
v 182 4
v 183 4
v 184 4
v 185 4
v 186 4
v 187 4
v 188 4
v 189 4
v 190 4
v 191 4
v 192 4
v 193 4
v 194 4
v 195 4
v 196 4
v 197 4
v 198 4
v 199 4
v 200 4
v 201 4
v 202 4
v 203 4
v 204 4
v 205 4
v 206 4
v 207 4
v 208 4
e 48 0 1
e 0 63 1
e 1 60 1
e 1 65 1
e 2 60 2
e 3 63 1
e 3 67 1
e 4 64 1
e 4 154 1
e 5 65 1
e 5 71 1
e 6 66 1
e 6 74 1
e 7 69 1
e 7 75 1
e 8 68 1
e 8 159 1
e 9 70 1
e 9 162 1
e 10 73 1
e 10 82 1
e 11 72 1
e 11 164 1
e 12 73 2
e 13 74 1
e 13 80 1
e 14 75 1
e 14 83 1
e 15 76 1
e 15 176 1
e 16 77 1
e 16 177 1
e 17 78 1
e 17 178 1
e 18 79 1
e 18 86 1
e 19 81 1
e 19 182 1
e 20 84 1
e 20 87 1
e 21 86 1
e 21 92 1
e 22 87 1
e 22 94 1
e 23 88 1
e 23 195 1
e 24 89 1
e 24 196 1
e 25 90 1
e 25 197 1
e 26 91 1
e 26 96 1
e 27 93 1
e 27 198 1
e 28 95 1
e 28 199 1
e 29 96 1
e 29 99 1
e 30 97 1
e 30 206 1
e 31 98 1
e 31 207 1
e 32 100 1
e 32 208 1
e 33 34 1
e 33 36 1
e 33 38 1
e 33 47 1
e 34 35 1
e 34 43 1
e 34 101 1
e 35 37 1
e 35 44 1
e 35 50 1
e 36 41 1
e 36 45 1
e 36 53 1
e 37 39 1
e 37 40 1
e 37 102 1
e 38 40 1
e 38 103 1
e 38 104 1
e 39 48 1
e 39 57 1
e 39 58 1
e 40 105 1
e 40 106 1
e 41 42 1
e 41 51 2
e 42 46 1
e 42 54 1
e 42 107 1
e 43 51 1
e 43 108 1
e 43 109 1
e 44 52 1
e 44 110 1
e 44 111 1
e 45 49 1
e 45 112 1
e 45 113 1
e 46 49 1
e 46 55 1
e 46 60 1
e 47 114 1
e 47 115 1
e 47 116 1
e 48 52 1
e 48 117 1
e 49 118 1
e 49 119 1
e 50 120 1
e 50 121 1
e 50 122 1
e 51 123 1
e 52 124 1
e 52 125 1
e 53 126 1
e 53 127 1
e 53 128 1
e 54 56 1
e 54 129 1
e 54 130 1
e 55 59 1
e 55 131 1
e 55 132 1
e 56 59 1
e 56 61 1
e 56 62 1
e 57 133 1
e 57 134 1
e 57 135 1
e 58 136 1
e 58 137 1
e 58 138 1
e 59 139 1
e 59 140 1
e 61 141 1
e 61 142 1
e 61 143 1
e 62 144 1
e 62 145 1
e 62 146 1
e 63 64 1
e 63 147 1
e 64 66 1
e 64 148 1
e 65 69 1
e 65 149 1
e 66 68 1
e 66 150 1
e 67 68 1
e 67 73 1
e 67 151 1
e 68 152 1
e 69 70 1
e 69 153 1
e 70 72 1
e 70 155 1
e 71 72 1
e 71 156 1
e 71 157 1
e 72 158 1
e 74 76 1
e 74 160 1
e 75 77 1
e 75 161 1
e 76 78 1
e 76 163 1
e 77 79 1
e 77 165 1
e 78 81 1
e 78 166 1
e 79 84 1
e 79 167 1
e 80 81 1
e 80 168 1
e 80 169 1
e 81 170 1
e 82 171 1
e 82 172 1
e 82 173 1
e 83 84 1
e 83 85 1
e 83 174 1
e 84 175 1
e 85 179 1
e 85 180 1
e 85 181 1
e 86 88 1
e 86 183 1
e 87 89 1
e 87 184 1
e 88 90 1
e 88 185 1
e 89 91 1
e 89 186 1
e 90 93 1
e 90 187 1
e 91 95 1
e 91 188 1
e 92 93 1
e 92 189 1
e 92 190 1
e 93 191 1
e 94 95 1
e 94 192 1
e 94 193 1
e 95 194 1
e 96 97 1
e 96 200 1
e 97 98 1
e 97 201 1
e 98 100 1
e 98 202 1
e 99 100 1
e 99 203 1
e 99 204 1
e 100 205 1
t # 18008
v 0 1
v 1 1
v 2 1
v 3 1
v 4 1
v 5 1
v 6 1
v 7 1
v 8 1
v 9 1
v 10 1
v 11 1
v 12 1
v 13 1
v 14 1
v 15 1
v 16 1
v 17 1
v 18 1
v 19 1
v 20 1
v 21 1
v 22 1
v 23 1
v 24 1
v 25 1
v 26 1
v 27 1
v 28 1
v 29 1
v 30 1
v 31 1
v 32 1
v 33 3
v 34 3
v 35 3
v 36 3
v 37 3
v 38 3
v 39 3
v 40 3
v 41 3
v 42 3
v 43 3
v 44 3
v 45 3
v 46 3
v 47 3
v 48 3
v 49 3
v 50 3
v 51 3
v 52 3
v 53 3
v 54 3
v 55 3
v 56 3
v 57 3
v 58 3
v 59 3
v 60 3
v 61 3
v 62 3
v 63 3
v 64 3
v 65 3
v 66 3
v 67 3
v 68 3
v 69 3
v 70 3
v 71 3
v 72 3
v 73 3
v 74 3
v 75 3
v 76 3
v 77 3
v 78 3
v 79 3
v 80 3
v 81 3
v 82 3
v 83 3
v 84 3
v 85 3
v 86 3
v 87 3
v 88 3
v 89 3
v 90 3
v 91 3
v 92 3
v 93 3
v 94 3
v 95 3
v 96 3
v 97 3
v 98 3
v 99 3
v 100 4
v 101 4
v 102 4
v 103 4
v 104 4
v 105 4
v 106 4
v 107 4
v 108 4
v 109 4
v 110 4
v 111 4
v 112 4
v 113 4
v 114 4
v 115 4
v 116 4
v 117 4
v 118 4
v 119 4
v 120 4
v 121 4
v 122 4
v 123 4
v 124 4
v 125 4
v 126 4
v 127 4
v 128 4
v 129 4
v 130 4
v 131 4
v 132 4
v 133 4
v 134 4
v 135 4
v 136 4
v 137 4
v 138 4
v 139 4
v 140 4
v 141 4
v 142 4
v 143 4
v 144 4
v 145 4
v 146 4
v 147 4
v 148 4
v 149 4
v 150 4
v 151 4
v 152 4
v 153 4
v 154 4
v 155 4
v 156 4
v 157 4
v 158 4
v 159 4
v 160 4
v 161 4
v 162 4
v 163 4
v 164 4
v 165 4
v 166 4
v 167 4
v 168 4
v 169 4
v 170 4
v 171 4
v 172 4
v 173 4
v 174 4
v 175 4
v 176 4
v 177 4
v 178 4
v 179 4
v 180 4
v 181 4
v 182 4
v 183 4
v 184 4
v 185 4
v 186 4
v 187 4
v 188 4
v 189 4
v 190 4
v 191 4
v 192 4
v 193 4
v 194 4
v 195 4
v 196 4
v 197 4
v 198 4
v 199 4
v 200 4
v 201 4
v 202 4
v 203 4
v 204 4
v 205 4
e 48 0 1
e 0 63 1
e 1 60 1
e 1 65 1
e 2 60 2
e 3 63 1
e 3 67 1
e 4 64 1
e 4 153 1
e 5 65 1
e 5 71 1
e 6 66 1
e 6 74 1
e 7 69 1
e 7 75 1
e 8 68 1
e 8 158 1
e 9 70 1
e 9 161 1
e 10 72 1
e 10 163 1
e 11 73 1
e 11 164 1
e 12 73 2
e 13 74 1
e 13 80 1
e 14 75 1
e 14 82 1
e 15 76 1
e 15 173 1
e 16 77 1
e 16 174 1
e 17 78 1
e 17 175 1
e 18 79 1
e 18 85 1
e 19 81 1
e 19 179 1
e 20 83 1
e 20 86 1
e 21 85 1
e 21 91 1
e 22 86 1
e 22 93 1
e 23 87 1
e 23 192 1
e 24 88 1
e 24 193 1
e 25 89 1
e 25 194 1
e 26 90 1
e 26 95 1
e 27 92 1
e 27 195 1
e 28 94 1
e 28 196 1
e 29 95 1
e 29 98 1
e 30 96 1
e 30 203 1
e 31 97 1
e 31 204 1
e 32 99 1
e 32 205 1
e 33 34 1
e 33 36 1
e 33 38 1
e 33 47 1
e 34 35 1
e 34 43 1
e 34 100 1
e 35 37 1
e 35 44 1
e 35 50 1
e 36 41 1
e 36 45 1
e 36 53 1
e 37 39 1
e 37 40 1
e 37 101 1
e 38 40 1
e 38 102 1
e 38 103 1
e 39 48 1
e 39 57 1
e 39 58 1
e 40 104 1
e 40 105 1
e 41 42 1
e 41 51 2
e 42 46 1
e 42 54 1
e 42 106 1
e 43 51 1
e 43 107 1
e 43 108 1
e 44 52 1
e 44 109 1
e 44 110 1
e 45 49 1
e 45 111 1
e 45 112 1
e 46 49 1
e 46 55 1
e 46 60 1
e 47 113 1
e 47 114 1
e 47 115 1
e 48 52 1
e 48 116 1
e 49 117 1
e 49 118 1
e 50 119 1
e 50 120 1
e 50 121 1
e 51 122 1
e 52 123 1
e 52 124 1
e 53 125 1
e 53 126 1
e 53 127 1
e 54 56 1
e 54 128 1
e 54 129 1
e 55 59 1
e 55 130 1
e 55 131 1
e 56 59 1
e 56 61 1
e 56 62 1
e 57 132 1
e 57 133 1
e 57 134 1
e 58 135 1
e 58 136 1
e 58 137 1
e 59 138 1
e 59 139 1
e 61 140 1
e 61 141 1
e 61 142 1
e 62 143 1
e 62 144 1
e 62 145 1
e 63 64 1
e 63 146 1
e 64 66 1
e 64 147 1
e 65 69 1
e 65 148 1
e 66 68 1
e 66 149 1
e 67 68 1
e 67 73 1
e 67 150 1
e 68 151 1
e 69 70 1
e 69 152 1
e 70 72 1
e 70 154 1
e 71 72 1
e 71 155 1
e 71 156 1
e 72 157 1
e 74 76 1
e 74 159 1
e 75 77 1
e 75 160 1
e 76 78 1
e 76 162 1
e 77 79 1
e 77 165 1
e 78 81 1
e 78 166 1
e 79 83 1
e 79 167 1
e 80 81 1
e 80 168 1
e 80 169 1
e 81 170 1
e 82 83 1
e 82 84 1
e 82 171 1
e 83 172 1
e 84 176 1
e 84 177 1
e 84 178 1
e 85 87 1
e 85 180 1
e 86 88 1
e 86 181 1
e 87 89 1
e 87 182 1
e 88 90 1
e 88 183 1
e 89 92 1
e 89 184 1
e 90 94 1
e 90 185 1
e 91 92 1
e 91 186 1
e 91 187 1
e 92 188 1
e 93 94 1
e 93 189 1
e 93 190 1
e 94 191 1
e 95 96 1
e 95 197 1
e 96 97 1
e 96 198 1
e 97 99 1
e 97 199 1
e 98 99 1
e 98 200 1
e 98 201 1
e 99 202 1
t # 18009
v 0 1
v 1 1
v 2 1
v 3 1
v 4 1
v 5 1
v 6 1
v 7 1
v 8 1
v 9 1
v 10 1
v 11 1
v 12 1
v 13 1
v 14 1
v 15 1
v 16 1
v 17 1
v 18 1
v 19 1
v 20 1
v 21 1
v 22 1
v 23 1
v 24 1
v 25 1
v 26 1
v 27 1
v 28 1
v 29 3
v 30 3
v 31 3
v 32 3
v 33 3
v 34 3
v 35 3
v 36 3
v 37 3
v 38 3
v 39 3
v 40 3
v 41 3
v 42 3
v 43 3
v 44 3
v 45 3
v 46 3
v 47 3
v 48 3
v 49 3
v 50 3
v 51 3
v 52 3
v 53 3
v 54 3
v 55 3
v 56 3
v 57 3
v 58 3
v 59 3
v 60 3
v 61 3
v 62 3
v 63 3
v 64 3
v 65 3
v 66 3
v 67 3
v 68 3
v 69 3
v 70 3
v 71 3
v 72 3
v 73 3
v 74 3
v 75 3
v 76 3
v 77 3
v 78 3
v 79 3
v 80 3
v 81 3
v 82 3
v 83 3
v 84 3
v 85 3
v 86 3
v 87 3
v 88 3
v 89 3
v 90 3
v 91 3
v 92 4
v 93 4
v 94 4
v 95 4
v 96 4
v 97 4
v 98 4
v 99 4
v 100 4
v 101 4
v 102 4
v 103 4
v 104 4
v 105 4
v 106 4
v 107 4
v 108 4
v 109 4
v 110 4
v 111 4
v 112 4
v 113 4
v 114 4
v 115 4
v 116 4
v 117 4
v 118 4
v 119 4
v 120 4
v 121 4
v 122 4
v 123 4
v 124 4
v 125 4
v 126 4
v 127 4
v 128 4
v 129 4
v 130 4
v 131 4
v 132 4
v 133 4
v 134 4
v 135 4
v 136 4
v 137 4
v 138 4
v 139 4
v 140 4
v 141 4
v 142 4
v 143 4
v 144 4
v 145 4
v 146 4
v 147 4
v 148 4
v 149 4
v 150 4
v 151 4
v 152 4
v 153 4
v 154 4
v 155 4
v 156 4
v 157 4
v 158 4
v 159 4
v 160 4
v 161 4
v 162 4
v 163 4
v 164 4
v 165 4
v 166 4
v 167 4
v 168 4
v 169 4
v 170 4
v 171 4
v 172 4
v 173 4
v 174 4
v 175 4
v 176 4
v 177 4
v 178 4
v 179 4
v 180 4
v 181 4
v 182 4
v 183 4
v 184 4
v 185 4
v 186 4
v 187 4
v 188 4
v 189 4
v 190 4
v 191 4
v 192 4
v 193 4
e 44 0 1
e 0 59 1
e 1 56 1
e 1 61 1
e 2 56 2
e 3 59 1
e 3 63 1
e 4 60 1
e 4 68 1
e 5 61 1
e 5 69 1
e 6 62 1
e 6 152 1
e 7 65 1
e 7 72 1
e 8 64 1
e 8 153 1
e 9 66 1
e 9 156 1
e 10 68 1
e 10 74 1
e 11 67 1
e 11 157 1
e 12 70 1
e 12 159 1
e 13 71 1
e 13 163 1
e 14 72 1
e 14 79 1
e 15 73 1
e 15 169 1
e 16 75 1
e 16 170 1
e 17 76 1
e 17 171 1
e 18 77 1
e 18 175 1
e 19 80 1
e 19 82 1
e 20 78 1
e 20 176 1
e 21 82 1
e 21 85 1
e 22 83 1
e 22 183 1
e 23 84 1
e 23 87 1
e 24 86 1
e 24 184 1
e 25 87 1
e 25 90 1
e 26 88 1
e 26 191 1
e 27 89 1
e 27 192 1
e 28 91 1
e 28 193 1
e 29 30 1
e 29 32 1
e 29 34 1
e 29 43 1
e 30 31 1
e 30 39 1
e 30 92 1
e 31 33 1
e 31 40 1
e 31 46 1
e 32 37 1
e 32 41 1
e 32 49 1
e 33 35 1
e 33 36 1
e 33 93 1
e 34 36 1
e 34 94 1
e 34 95 1
e 35 44 1
e 35 53 1
e 35 54 1
e 36 96 1
e 36 97 1
e 37 38 1
e 37 48 2
e 38 42 1
e 38 50 1
e 38 98 1
e 39 48 1
e 39 99 1
e 39 100 1
e 40 47 1
e 40 101 1
e 40 102 1
e 41 45 1
e 41 103 1
e 41 104 1
e 42 45 1
e 42 51 1
e 42 56 1
e 43 105 1
e 43 106 1
e 43 107 1
e 44 47 1
e 44 108 1
e 45 109 1
e 45 110 1
e 46 111 1
e 46 112 1
e 46 113 1
e 47 114 1
e 47 115 1
e 48 116 1
e 49 117 1
e 49 118 1
e 49 119 1
e 50 52 1
e 50 120 1
e 50 121 1
e 51 55 1
e 51 122 1
e 51 123 1
e 52 55 1
e 52 57 1
e 52 58 1
e 53 124 1
e 53 125 1
e 53 126 1
e 54 127 1
e 54 128 1
e 54 129 1
e 55 130 1
e 55 131 1
e 57 132 1
e 57 133 1
e 57 134 1
e 58 135 1
e 58 136 1
e 58 137 1
e 59 60 1
e 59 138 1
e 60 62 1
e 60 139 1
e 61 65 1
e 61 140 1
e 62 64 1
e 62 141 1
e 63 64 1
e 63 67 1
e 63 142 1
e 64 143 1
e 65 66 1
e 65 144 1
e 66 70 1
e 66 145 1
e 67 146 1
e 67 147 1
e 68 71 1
e 68 148 1
e 69 70 1
e 69 149 1
e 69 150 1
e 70 151 1
e 71 73 1
e 71 154 1
e 72 76 1
e 72 155 1
e 73 75 1
e 73 158 1
e 74 75 1
e 74 78 1
e 74 160 1
e 75 161 1
e 76 77 1
e 76 162 1
e 77 80 1
e 77 164 1
e 78 165 1
e 78 166 1
e 79 80 1
e 79 81 1
e 79 167 1
e 80 168 1
e 81 172 1
e 81 173 1
e 81 174 1
e 82 83 1
e 82 177 1
e 83 84 1
e 83 178 1
e 84 86 1
e 84 179 1
e 85 86 1
e 85 180 1
e 85 181 1
e 86 182 1
e 87 88 1
e 87 185 1
e 88 89 1
e 88 186 1
e 89 91 1
e 89 187 1
e 90 91 1
e 90 188 1
e 90 189 1
e 91 190 1
t # 18010
v 0 1
v 1 1
v 2 1
v 3 1
v 4 1
v 5 1
v 6 1
v 7 1
v 8 1
v 9 1
v 10 1
v 11 1
v 12 1
v 13 1
v 14 1
v 15 1
v 16 1
v 17 1
v 18 1
v 19 1
v 20 1
v 21 1
v 22 1
v 23 1
v 24 1
v 25 3
v 26 3
v 27 3
v 28 3
v 29 3
v 30 3
v 31 3
v 32 3
v 33 3
v 34 3
v 35 3
v 36 3
v 37 3
v 38 3
v 39 3
v 40 3
v 41 3
v 42 3
v 43 3
v 44 3
v 45 3
v 46 3
v 47 3
v 48 3
v 49 3
v 50 3
v 51 3
v 52 3
v 53 3
v 54 3
v 55 3
v 56 3
v 57 3
v 58 3
v 59 3
v 60 3
v 61 3
v 62 3
v 63 3
v 64 3
v 65 3
v 66 3
v 67 3
v 68 3
v 69 3
v 70 3
v 71 3
v 72 3
v 73 3
v 74 3
v 75 3
v 76 3
v 77 3
v 78 3
v 79 3
v 80 3
v 81 3
v 82 3
v 83 4
v 84 4
v 85 4
v 86 4
v 87 4
v 88 4
v 89 4
v 90 4
v 91 4
v 92 4
v 93 4
v 94 4
v 95 4
v 96 4
v 97 4
v 98 4
v 99 4
v 100 4
v 101 4
v 102 4
v 103 4
v 104 4
v 105 4
v 106 4
v 107 4
v 108 4
v 109 4
v 110 4
v 111 4
v 112 4
v 113 4
v 114 4
v 115 4
v 116 4
v 117 4
v 118 4
v 119 4
v 120 4
v 121 4
v 122 4
v 123 4
v 124 4
v 125 4
v 126 4
v 127 4
v 128 4
v 129 4
v 130 4
v 131 4
v 132 4
v 133 4
v 134 4
v 135 4
v 136 4
v 137 4
v 138 4
v 139 4
v 140 4
v 141 4
v 142 4
v 143 4
v 144 4
v 145 4
v 146 4
v 147 4
v 148 4
v 149 4
v 150 4
v 151 4
v 152 4
v 153 4
v 154 4
v 155 4
v 156 4
v 157 4
v 158 4
v 159 4
v 160 4
v 161 4
v 162 4
v 163 4
v 164 4
v 165 4
v 166 4
v 167 4
v 168 4
v 169 4
v 170 4
v 171 4
v 172 4
v 173 4
v 174 4
v 175 4
v 176 4
e 40 0 1
e 0 55 1
e 1 52 1
e 1 57 1
e 2 52 2
e 3 55 1
e 3 59 1
e 4 56 1
e 4 64 1
e 5 57 1
e 5 65 1
e 6 58 1
e 6 143 1
e 7 61 1
e 7 68 1
e 8 60 1
e 8 144 1
e 9 62 1
e 9 147 1
e 10 64 1
e 10 70 1
e 11 63 1
e 11 148 1
e 12 66 1
e 12 150 1
e 13 67 1
e 13 154 1
e 14 68 1
e 14 75 1
e 15 69 1
e 15 160 1
e 16 71 1
e 16 161 1
e 17 72 1
e 17 162 1
e 18 73 1
e 18 166 1
e 19 76 1
e 19 78 1
e 20 74 1
e 20 167 1
e 21 78 1
e 21 81 1
e 22 79 1
e 22 174 1
e 23 80 1
e 23 175 1
e 24 82 1
e 24 176 1
e 25 26 1
e 25 28 1
e 25 30 1
e 25 39 1
e 26 27 1
e 26 35 1
e 26 83 1
e 27 29 1
e 27 36 1
e 27 42 1
e 28 33 1
e 28 37 1
e 28 45 1
e 29 31 1
e 29 32 1
e 29 84 1
e 30 32 1
e 30 85 1
e 30 86 1
e 31 40 1
e 31 49 1
e 31 50 1
e 32 87 1
e 32 88 1
e 33 34 1
e 33 44 2
e 34 38 1
e 34 46 1
e 34 89 1
e 35 44 1
e 35 90 1
e 35 91 1
e 36 43 1
e 36 92 1
e 36 93 1
e 37 41 1
e 37 94 1
e 37 95 1
e 38 41 1
e 38 47 1
e 38 52 1
e 39 96 1
e 39 97 1
e 39 98 1
e 40 43 1
e 40 99 1
e 41 100 1
e 41 101 1
e 42 102 1
e 42 103 1
e 42 104 1
e 43 105 1
e 43 106 1
e 44 107 1
e 45 108 1
e 45 109 1
e 45 110 1
e 46 48 1
e 46 111 1
e 46 112 1
e 47 51 1
e 47 113 1
e 47 114 1
e 48 51 1
e 48 53 1
e 48 54 1
e 49 115 1
e 49 116 1
e 49 117 1
e 50 118 1
e 50 119 1
e 50 120 1
e 51 121 1
e 51 122 1
e 53 123 1
e 53 124 1
e 53 125 1
e 54 126 1
e 54 127 1
e 54 128 1
e 55 56 1
e 55 129 1
e 56 58 1
e 56 130 1
e 57 61 1
e 57 131 1
e 58 60 1
e 58 132 1
e 59 60 1
e 59 63 1
e 59 133 1
e 60 134 1
e 61 62 1
e 61 135 1
e 62 66 1
e 62 136 1
e 63 137 1
e 63 138 1
e 64 67 1
e 64 139 1
e 65 66 1
e 65 140 1
e 65 141 1
e 66 142 1
e 67 69 1
e 67 145 1
e 68 72 1
e 68 146 1
e 69 71 1
e 69 149 1
e 70 71 1
e 70 74 1
e 70 151 1
e 71 152 1
e 72 73 1
e 72 153 1
e 73 76 1
e 73 155 1
e 74 156 1
e 74 157 1
e 75 76 1
e 75 77 1
e 75 158 1
e 76 159 1
e 77 163 1
e 77 164 1
e 77 165 1
e 78 79 1
e 78 168 1
e 79 80 1
e 79 169 1
e 80 82 1
e 80 170 1
e 81 82 1
e 81 171 1
e 81 172 1
e 82 173 1
t # 18011
v 0 1
v 1 2
v 2 2
v 3 2
v 4 2
v 5 3
v 6 3
v 7 3
v 8 3
v 9 3
v 10 3
v 11 3
v 12 3
v 13 3
v 14 3
v 15 3
v 16 3
v 17 3
v 18 3
v 19 4
v 20 4
v 21 4
v 22 4
v 23 4
v 24 4
v 25 4
v 26 4
v 27 4
v 28 4
v 29 4
v 30 4
e 0 8 2
e 1 2 1
e 1 5 1
e 1 8 1
e 2 7 1
e 2 19 1
e 3 4 1
e 3 8 1
e 3 22 1
e 4 5 2
e 5 6 1
e 6 9 2
e 6 10 1
e 7 11 2
e 7 12 1
e 9 13 1
e 9 20 1
e 10 14 2
e 10 21 1
e 11 16 1
e 11 23 1
e 12 17 2
e 12 24 1
e 13 15 2
e 13 25 1
e 14 15 1
e 14 26 1
e 15 27 1
e 16 18 2
e 16 28 1
e 17 18 1
e 17 29 1
e 18 30 1
t # 18012
v 0 1
v 1 2
v 2 2
v 3 2
v 4 3
v 5 3
v 6 3
v 7 3
v 8 3
v 9 3
v 10 3
v 11 3
v 12 3
v 13 3
v 14 3
v 15 3
v 16 3
v 17 3
v 18 4
v 19 4
v 20 4
v 21 4
v 22 4
v 23 4
v 24 4
v 25 4
v 26 4
v 27 4
v 28 4
v 29 4
v 30 4
v 31 4
v 32 4
v 33 4
v 34 4
e 0 10 2
e 1 4 1
e 1 9 1
e 1 10 1
e 2 3 1
e 2 10 1
e 2 29 1
e 3 9 2
e 4 5 1
e 4 6 1
e 4 18 1
e 5 7 1
e 5 19 1
e 5 20 1
e 6 8 1
e 6 21 1
e 6 22 1
e 7 8 1
e 7 23 1
e 7 24 1
e 8 25 1
e 8 26 1
e 9 11 1
e 11 12 1
e 11 27 1
e 11 28 1
e 12 13 2
e 12 14 1
e 13 15 1
e 13 30 1
e 14 16 2
e 14 31 1
e 15 17 2
e 15 32 1
e 16 17 1
e 16 33 1
e 17 34 1
t # 18013
v 0 1
v 1 1
v 2 1
v 3 2
v 4 2
v 5 2
v 6 2
v 7 3
v 8 3
v 9 3
v 10 3
v 11 3
v 12 3
v 13 3
v 14 3
v 15 3
v 16 3
v 17 3
v 18 3
v 19 3
v 20 3
v 21 4
v 22 4
v 23 4
v 24 4
v 25 4
v 26 4
v 27 4
v 28 4
v 29 4
v 30 4
e 0 10 2
e 3 7 1
e 3 8 1
e 3 10 1
e 4 5 1
e 4 10 1
e 4 23 1
e 5 7 2
e 6 13 1
e 7 9 1
e 8 11 2
e 8 12 1
e 9 14 2
e 9 15 1
e 11 13 1
e 11 21 1
e 12 16 2
e 12 22 1
e 13 17 2
e 14 18 1
e 14 24 1
e 15 19 2
e 15 25 1
e 16 17 1
e 16 26 1
e 17 27 1
e 18 20 2
e 18 28 1
e 19 20 1
e 19 29 1
e 20 30 1
t # 18014
v 0 1
v 1 1
v 2 2
v 3 2
v 4 2
v 5 3
v 6 3
v 7 3
v 8 3
v 9 3
v 10 3
v 11 3
v 12 3
v 13 4
v 14 4
v 15 4
v 16 4
v 17 4
v 18 4
v 19 4
e 0 19 1
e 1 9 2
e 2 6 1
e 2 9 1
e 3 4 1
e 3 6 2
e 4 9 1
e 4 15 1
e 5 6 1
e 5 7 2
e 5 8 1
e 7 10 1
e 7 13 1
e 8 11 2
e 8 14 1
e 10 12 2
e 10 16 1
e 11 12 1
e 11 17 1
e 12 18 1
t # 18015
v 0 12
v 1 1
v 2 1
v 3 2
v 4 2
v 5 2
v 6 3
v 7 3
v 8 3
v 9 3
v 10 3
v 11 3
v 12 3
v 13 3
v 14 3
v 15 4
v 16 4
v 17 4
v 18 4
v 19 4
v 20 4
v 21 4
v 22 4
e 0 14 1
e 1 22 1
e 2 11 2
e 3 8 1
e 3 11 1
e 4 5 1
e 4 8 2
e 5 11 1
e 5 19 1
e 6 7 1
e 6 8 1
e 6 15 1
e 6 16 1
e 7 9 2
e 7 10 1
e 9 12 1
e 9 17 1
e 10 13 2
e 10 18 1
e 12 14 2
e 12 20 1
e 13 14 1
e 13 21 1
t # 18016
v 0 11
v 1 1
v 2 1
v 3 2
v 4 3
v 5 3
v 6 3
v 7 3
v 8 3
v 9 3
v 10 3
v 11 3
v 12 3
v 13 3
v 14 3
v 15 3
v 16 3
v 17 3
v 18 3
v 19 3
v 20 4
v 21 4
v 22 4
v 23 4
v 24 4
v 25 4
v 26 4
v 27 4
v 28 4
v 29 4
v 30 4
e 0 6 1
e 0 12 1
e 1 8 2
e 2 18 1
e 2 19 1
e 3 4 1
e 3 5 1
e 3 9 1
e 4 6 2
e 4 7 1
e 5 8 1
e 5 11 2
e 6 8 1
e 7 10 1
e 7 12 2
e 9 13 2
e 9 20 1
e 10 14 2
e 10 15 1
e 11 13 1
e 11 21 1
e 12 22 1
e 13 23 1
e 14 16 1
e 14 24 1
e 15 17 2
e 15 25 1
e 16 18 2
e 16 26 1
e 17 18 1
e 17 27 1
e 19 28 1
e 19 29 1
e 19 30 1
t # 18017
v 0 1
v 1 1
v 2 2
v 3 2
v 4 2
v 5 3
v 6 3
v 7 3
v 8 3
v 9 3
v 10 3
v 11 3
v 12 3
v 13 3
v 14 3
v 15 3
v 16 3
v 17 3
v 18 3
v 19 3
v 20 3
v 21 3
v 22 3
v 23 3
v 24 3
v 25 3
v 26 3
v 27 3
v 28 3
v 29 4
v 30 4
v 31 4
v 32 4
v 33 4
v 34 4
v 35 4
v 36 4
v 37 4
v 38 4
v 39 4
v 40 4
v 41 4
v 42 4
v 43 4
v 44 4
v 45 4
v 46 4
v 47 4
v 48 4
v 49 4
v 50 4
v 51 4
e 0 7 1
e 0 8 1
e 1 19 1
e 1 24 1
e 2 5 1
e 2 6 1
e 2 9 1
e 3 18 2
e 3 19 1
e 5 7 1
e 5 29 1
e 5 30 1
e 6 8 1
e 6 31 1
e 6 32 1
e 7 33 1
e 7 34 1
e 8 35 1
e 8 36 1
e 9 10 2
e 9 11 1
e 10 13 1
e 10 37 1
e 11 14 2
e 11 38 1
e 12 13 2
e 12 14 1
e 12 15 1
e 13 39 1
e 14 40 1
e 15 16 2
e 15 17 1
e 16 18 1
e 16 41 1
e 17 19 2
e 17 23 1
e 18 20 1
e 20 21 2
e 20 22 1
e 21 25 1
e 21 42 1
e 22 26 2
e 22 43 1
e 24 28 1
e 24 44 1
e 24 45 1
e 25 27 2
e 25 46 1
e 26 27 1
e 26 47 1
e 27 48 1
e 28 49 1
e 28 50 1
e 28 51 1
t # 18018
v 0 1
v 1 1
v 2 1
v 3 1
v 4 2
v 5 3
v 6 3
v 7 3
v 8 3
v 9 3
v 10 3
v 11 3
v 12 3
v 13 3
v 14 3
v 15 3
v 16 3
v 17 3
v 18 3
v 19 3
v 20 3
v 21 4
v 22 4
v 23 4
v 24 4
v 25 4
v 26 4
v 27 4
v 28 4
v 29 4
v 30 4
v 31 4
v 32 4
v 33 4
v 34 4
v 35 4
v 36 4
v 37 4
e 0 7 1
e 0 18 1
e 1 10 1
e 1 20 1
e 2 19 1
e 2 37 1
e 3 19 2
e 4 5 1
e 4 9 1
e 4 23 1
e 5 6 1
e 5 21 1
e 5 22 1
e 6 7 2
e 6 8 1
e 7 11 1
e 8 10 2
e 8 24 1
e 9 13 2
e 9 14 1
e 10 12 1
e 11 12 2
e 11 25 1
e 12 26 1
e 13 16 1
e 13 27 1
e 14 17 2
e 14 28 1
e 15 16 2
e 15 17 1
e 15 19 1
e 16 29 1
e 17 30 1
e 18 31 1
e 18 32 1
e 18 33 1
e 20 34 1
e 20 35 1
e 20 36 1
t # 18019
v 0 11
v 1 1
v 2 1
v 3 1
v 4 1
v 5 1
v 6 2
v 7 2
v 8 3
v 9 3
v 10 3
v 11 3
v 12 3
v 13 3
v 14 3
v 15 3
v 16 3
v 17 3
v 18 3
v 19 3
v 20 3
v 21 3
v 22 3
v 23 3
v 24 3
v 25 4
v 26 4
v 27 4
v 28 4
v 29 4
v 30 4
v 31 4
v 32 4
v 33 4
v 34 4
v 35 4
v 36 4
v 37 4
v 38 4
v 39 4
v 40 4
v 41 4
v 42 4
v 43 4
v 44 4
v 45 4
v 46 4
e 1 8 1
e 1 12 1
e 2 9 1
e 2 43 1
e 3 10 1
e 3 44 1
e 4 11 1
e 4 45 1
e 5 19 1
e 5 46 1
e 6 8 1
e 6 13 1
e 6 21 1
e 8 9 1
e 8 25 1
e 9 10 1
e 9 26 1
e 10 11 1
e 10 27 1
e 11 12 1
e 11 28 1
e 12 19 1
e 12 29 1
e 13 14 1
e 13 15 2
e 14 16 1
e 14 30 1
e 14 31 1
e 15 17 1
e 15 22 1
e 16 18 1
e 16 32 1
e 16 33 1
e 17 20 1
e 17 34 1
e 17 35 1
e 18 20 1
e 18 36 1
e 18 37 1
e 19 40 1
e 19 41 1
e 20 38 1
e 20 39 1
e 21 23 1
e 22 23 2
e 22 42 1
e 23 24 1
t # 18020
v 0 11
v 1 1
v 2 1
v 3 1
v 4 1
v 5 1
v 6 2
v 7 2
v 8 3
v 9 3
v 10 3
v 11 3
v 12 3
v 13 3
v 14 3
v 15 3
v 16 3
v 17 3
v 18 3
v 19 3
v 20 3
v 21 3
v 22 3
v 23 3
v 24 3
v 25 3
v 26 4
v 27 4
v 28 4
v 29 4
v 30 4
v 31 4
v 32 4
v 33 4
v 34 4
v 35 4
v 36 4
v 37 4
v 38 4
v 39 4
v 40 4
v 41 4
v 42 4
v 43 4
v 44 4
v 45 4
v 46 4
v 47 4
v 48 4
v 49 4
e 1 8 1
e 1 12 1
e 2 9 1
e 2 46 1
e 3 10 1
e 3 47 1
e 4 11 1
e 4 48 1
e 5 18 1
e 5 49 1
e 6 8 1
e 6 13 1
e 6 22 1
e 8 9 1
e 8 26 1
e 9 10 1
e 9 27 1
e 10 11 1
e 10 28 1
e 11 12 1
e 11 29 1
e 12 18 1
e 12 30 1
e 13 14 1
e 13 15 2
e 14 16 1
e 14 31 1
e 14 32 1
e 15 17 1
e 15 23 1
e 16 19 1
e 16 33 1
e 16 34 1
e 17 20 1
e 17 35 1
e 17 36 1
e 18 37 1
e 18 38 1
e 19 21 1
e 19 39 1
e 19 40 1
e 20 21 1
e 20 41 1
e 20 42 1
e 21 43 1
e 21 44 1
e 22 24 1
e 23 24 2
e 23 45 1
e 24 25 1
t # 18021
v 0 11
v 1 1
v 2 1
v 3 1
v 4 1
v 5 1
v 6 1
v 7 1
v 8 1
v 9 1
v 10 2
v 11 2
v 12 3
v 13 3
v 14 3
v 15 3
v 16 3
v 17 3
v 18 3
v 19 3
v 20 3
v 21 3
v 22 3
v 23 3
v 24 3
v 25 3
v 26 3
v 27 3
v 28 3
v 29 3
v 30 3
v 31 3
v 32 3
v 33 3
v 34 3
v 35 3
v 36 3
v 37 3
v 38 4
v 39 4
v 40 4
v 41 4
v 42 4
v 43 4
v 44 4
v 45 4
v 46 4
v 47 4
v 48 4
v 49 4
v 50 4
v 51 4
v 52 4
v 53 4
v 54 4
v 55 4
v 56 4
v 57 4
v 58 4
v 59 4
v 60 4
v 61 4
v 62 4
v 63 4
v 64 4
v 65 4
v 66 4
v 67 4
v 68 4
v 69 4
e 1 12 1
e 1 16 1
e 2 13 1
e 2 29 1
e 3 14 1
e 3 30 1
e 4 15 1
e 4 31 1
e 5 18 1
e 5 36 1
e 6 29 2
e 7 30 2
e 8 31 2
e 9 36 2
e 10 12 1
e 10 17 1
e 10 23 1
e 12 13 1
e 12 38 1
e 13 14 1
e 13 39 1
e 14 15 1
e 14 40 1
e 15 16 1
e 15 41 1
e 16 18 1
e 16 42 1
e 17 19 1
e 17 20 2
e 18 43 1
e 18 44 1
e 19 21 1
e 19 45 1
e 19 46 1
e 20 22 1
e 20 27 1
e 21 24 1
e 21 47 1
e 21 48 1
e 22 25 1
e 22 49 1
e 22 50 1
e 23 28 1
e 24 26 1
e 24 51 1
e 24 52 1
e 25 26 1
e 25 53 1
e 25 54 1
e 26 55 1
e 26 56 1
e 27 28 2
e 27 57 1
e 28 32 1
e 29 33 1
e 30 34 1
e 31 35 1
e 33 58 1
e 33 59 1
e 33 60 1
e 34 61 1
e 34 62 1
e 34 63 1
e 35 64 1
e 35 65 1
e 35 66 1
e 36 37 1
e 37 67 1
e 37 68 1
e 37 69 1
t # 18022
v 0 11
v 1 1
v 2 1
v 3 1
v 4 1
v 5 1
v 6 1
v 7 1
v 8 1
v 9 1
v 10 2
v 11 2
v 12 3
v 13 3
v 14 3
v 15 3
v 16 3
v 17 3
v 18 3
v 19 3
v 20 3
v 21 3
v 22 3
v 23 3
v 24 3
v 25 3
v 26 3
v 27 3
v 28 3
v 29 3
v 30 3
v 31 3
v 32 3
v 33 3
v 34 3
v 35 4
v 36 4
v 37 4
v 38 4
v 39 4
v 40 4
v 41 4
v 42 4
v 43 4
v 44 4
v 45 4
v 46 4
v 47 4
v 48 4
v 49 4
v 50 4
v 51 4
v 52 4
v 53 4
v 54 4
v 55 4
v 56 4
v 57 4
v 58 4
v 59 4
v 60 4
e 1 12 1
e 1 16 1
e 2 13 1
e 2 26 1
e 3 14 1
e 3 27 1
e 4 15 1
e 4 28 1
e 5 22 1
e 5 32 1
e 6 26 2
e 7 27 2
e 8 28 2
e 9 32 2
e 10 12 1
e 10 17 1
e 10 23 1
e 12 13 1
e 12 35 1
e 13 14 1
e 13 36 1
e 14 15 1
e 14 37 1
e 15 16 1
e 15 38 1
e 16 22 1
e 16 39 1
e 17 18 1
e 17 19 2
e 18 20 1
e 18 40 1
e 18 41 1
e 19 21 1
e 19 24 1
e 20 21 1
e 20 42 1
e 20 43 1
e 21 44 1
e 21 45 1
e 22 46 1
e 22 47 1
e 23 25 1
e 24 25 2
e 24 48 1
e 25 29 1
e 26 30 1
e 27 31 1
e 28 33 1
e 30 49 1
e 30 50 1
e 30 51 1
e 31 52 1
e 31 53 1
e 31 54 1
e 32 34 1
e 33 55 1
e 33 56 1
e 33 57 1
e 34 58 1
e 34 59 1
e 34 60 1
t # 18023
v 0 11
v 1 1
v 2 1
v 3 1
v 4 1
v 5 1
v 6 1
v 7 1
v 8 1
v 9 1
v 10 2
v 11 2
v 12 3
v 13 3
v 14 3
v 15 3
v 16 3
v 17 3
v 18 3
v 19 3
v 20 3
v 21 3
v 22 3
v 23 3
v 24 3
v 25 3
v 26 3
v 27 3
v 28 3
v 29 3
v 30 3
v 31 3
v 32 3
v 33 3
v 34 3
v 35 3
v 36 3
v 37 4
v 38 4
v 39 4
v 40 4
v 41 4
v 42 4
v 43 4
v 44 4
v 45 4
v 46 4
v 47 4
v 48 4
v 49 4
v 50 4
v 51 4
v 52 4
v 53 4
v 54 4
v 55 4
v 56 4
v 57 4
v 58 4
v 59 4
v 60 4
v 61 4
v 62 4
v 63 4
v 64 4
v 65 4
v 66 4
e 1 12 1
e 1 16 1
e 2 13 1
e 2 28 1
e 3 14 1
e 3 29 1
e 4 15 1
e 4 30 1
e 5 19 1
e 5 35 1
e 6 28 2
e 7 29 2
e 8 30 2
e 9 35 2
e 10 12 1
e 10 17 1
e 10 23 1
e 12 13 1
e 12 37 1
e 13 14 1
e 13 38 1
e 14 15 1
e 14 39 1
e 15 16 1
e 15 40 1
e 16 19 1
e 16 41 1
e 17 18 1
e 17 20 2
e 18 21 1
e 18 42 1
e 18 43 1
e 19 44 1
e 19 45 1
e 20 22 1
e 20 26 1
e 21 24 1
e 21 46 1
e 21 47 1
e 22 25 1
e 22 48 1
e 22 49 1
e 23 27 1
e 24 25 1
e 24 50 1
e 24 51 1
e 25 52 1
e 25 53 1
e 26 27 2
e 26 54 1
e 27 31 1
e 28 32 1
e 29 33 1
e 30 34 1
e 32 55 1
e 32 56 1
e 32 57 1
e 33 58 1
e 33 59 1
e 33 60 1
e 34 61 1
e 34 62 1
e 34 63 1
e 35 36 1
e 36 64 1
e 36 65 1
e 36 66 1
t # 18024
v 0 11
v 1 1
v 2 1
v 3 1
v 4 1
v 5 1
v 6 1
v 7 1
v 8 1
v 9 1
v 10 2
v 11 2
v 12 3
v 13 3
v 14 3
v 15 3
v 16 3
v 17 3
v 18 3
v 19 3
v 20 3
v 21 3
v 22 3
v 23 3
v 24 3
v 25 3
v 26 3
v 27 3
v 28 3
v 29 3
v 30 3
v 31 3
v 32 3
v 33 3
v 34 3
v 35 3
v 36 4
v 37 4
v 38 4
v 39 4
v 40 4
v 41 4
v 42 4
v 43 4
v 44 4
v 45 4
v 46 4
v 47 4
v 48 4
v 49 4
v 50 4
v 51 4
v 52 4
v 53 4
v 54 4
v 55 4
v 56 4
v 57 4
v 58 4
v 59 4
v 60 4
v 61 4
v 62 4
v 63 4
e 1 12 1
e 1 16 1
e 2 13 1
e 2 27 1
e 3 14 1
e 3 28 1
e 4 15 1
e 4 29 1
e 5 20 1
e 5 34 1
e 6 27 2
e 7 28 2
e 8 29 2
e 9 34 2
e 10 12 1
e 10 17 1
e 10 24 1
e 12 13 1
e 12 36 1
e 13 14 1
e 13 37 1
e 14 15 1
e 14 38 1
e 15 16 1
e 15 39 1
e 16 20 1
e 16 40 1
e 17 18 1
e 17 19 2
e 18 21 1
e 18 41 1
e 18 42 1
e 19 22 1
e 19 25 1
e 20 43 1
e 20 44 1
e 21 23 1
e 21 45 1
e 21 46 1
e 22 23 1
e 22 47 1
e 22 48 1
e 23 49 1
e 23 50 1
e 24 26 1
e 25 26 2
e 25 51 1
e 26 30 1
e 27 31 1
e 28 32 1
e 29 33 1
e 31 52 1
e 31 53 1
e 31 54 1
e 32 55 1
e 32 56 1
e 32 57 1
e 33 58 1
e 33 59 1
e 33 60 1
e 34 35 1
e 35 61 1
e 35 62 1
e 35 63 1
t # 18025
v 0 12
v 1 11
v 2 1
v 3 1
v 4 1
v 5 1
v 6 1
v 7 1
v 8 2
v 9 2
v 10 3
v 11 3
v 12 3
v 13 3
v 14 3
v 15 3
v 16 3
v 17 3
v 18 3
v 19 3
v 20 3
v 21 3
v 22 3
v 23 3
v 24 3
v 25 3
v 26 3
v 27 3
v 28 3
v 29 3
v 30 3
v 31 3
v 32 3
v 33 3
v 34 3
v 35 3
v 36 4
v 37 4
v 38 4
v 39 4
v 40 4
v 41 4
v 42 4
v 43 4
v 44 4
v 45 4
v 46 4
v 47 4
v 48 4
v 49 4
v 50 4
v 51 4
v 52 4
v 53 4
v 54 4
v 55 4
v 56 4
v 57 4
v 58 4
v 59 4
v 60 4
e 0 35 1
e 1 18 1
e 2 10 1
e 2 14 1
e 3 11 1
e 3 44 1
e 4 12 1
e 4 45 1
e 5 13 1
e 5 46 1
e 6 17 1
e 6 47 1
e 7 23 2
e 8 10 1
e 8 15 1
e 8 18 1
e 10 11 1
e 10 36 1
e 11 12 1
e 11 37 1
e 12 13 1
e 12 38 1
e 13 14 1
e 13 39 1
e 14 17 1
e 14 40 1
e 15 19 2
e 15 21 1
e 16 19 1
e 16 20 1
e 16 22 1
e 16 41 1
e 17 42 1
e 17 43 1
e 18 20 2
e 19 23 1
e 20 28 1
e 21 24 2
e 21 25 1
e 22 26 2
e 22 27 1
e 23 29 1
e 24 30 1
e 24 49 1
e 25 31 2
e 25 50 1
e 26 32 1
e 26 51 1
e 27 33 2
e 27 52 1
e 29 53 1
e 29 54 1
e 29 55 1
e 30 34 2
e 30 56 1
e 31 34 1
e 31 57 1
e 32 35 2
e 32 58 1
e 33 35 1
e 33 59 1
e 34 60 1
t # 18026
v 0 11
v 1 1
v 2 1
v 3 1
v 4 1
v 5 1
v 6 1
v 7 1
v 8 2
v 9 2
v 10 3
v 11 3
v 12 3
v 13 3
v 14 3
v 15 3
v 16 3
v 17 3
v 18 3
v 19 3
v 20 3
v 21 3
v 22 3
v 23 3
v 24 3
v 25 3
v 26 3
v 27 3
v 28 3
v 29 3
v 30 3
v 31 3
v 32 3
v 33 3
v 34 3
v 35 3
v 36 3
v 37 4
v 38 4
v 39 4
v 40 4
v 41 4
v 42 4
v 43 4
v 44 4
v 45 4
v 46 4
v 47 4
v 48 4
v 49 4
v 50 4
v 51 4
v 52 4
v 53 4
v 54 4
v 55 4
v 56 4
v 57 4
v 58 4
v 59 4
v 60 4
v 61 4
v 62 4
v 63 4
v 64 4
e 0 18 1
e 1 10 1
e 1 14 1
e 2 11 1
e 2 45 1
e 3 12 1
e 3 46 1
e 4 13 1
e 4 47 1
e 5 16 1
e 5 48 1
e 6 23 2
e 7 34 1
e 7 36 1
e 8 10 1
e 8 15 1
e 8 18 1
e 10 11 1
e 10 37 1
e 11 12 1
e 11 38 1
e 12 13 1
e 12 39 1
e 13 14 1
e 13 40 1
e 14 16 1
e 14 41 1
e 15 19 2
e 15 21 1
e 16 43 1
e 16 44 1
e 17 19 1
e 17 20 1
e 17 22 1
e 17 42 1
e 18 20 2
e 19 23 1
e 20 28 1
e 21 24 2
e 21 25 1
e 22 26 2
e 22 27 1
e 23 29 1
e 24 30 1
e 24 50 1
e 25 31 2
e 25 51 1
e 26 32 1
e 26 52 1
e 27 33 2
e 27 53 1
e 29 54 1
e 29 55 1
e 29 56 1
e 30 35 2
e 30 57 1
e 31 35 1
e 31 58 1
e 32 34 2
e 32 59 1
e 33 34 1
e 33 60 1
e 35 61 1
e 36 62 1
e 36 63 1
e 36 64 1
t # 18027
v 0 11
v 1 1
v 2 1
v 3 1
v 4 1
v 5 1
v 6 1
v 7 1
v 8 1
v 9 1
v 10 1
v 11 1
v 12 2
v 13 2
v 14 3
v 15 3
v 16 3
v 17 3
v 18 3
v 19 3
v 20 3
v 21 3
v 22 3
v 23 3
v 24 3
v 25 3
v 26 3
v 27 3
v 28 3
v 29 3
v 30 3
v 31 3
v 32 3
v 33 3
v 34 3
v 35 3
v 36 3
v 37 3
v 38 3
v 39 3
v 40 3
v 41 3
v 42 3
v 43 3
v 44 3
v 45 3
v 46 4
v 47 4
v 48 4
v 49 4
v 50 4
v 51 4
v 52 4
v 53 4
v 54 4
v 55 4
v 56 4
v 57 4
v 58 4
v 59 4
v 60 4
v 61 4
v 62 4
v 63 4
v 64 4
v 65 4
v 66 4
v 67 4
v 68 4
v 69 4
v 70 4
v 71 4
v 72 4
v 73 4
v 74 4
v 75 4
v 76 4
v 77 4
e 0 21 1
e 1 16 1
e 1 18 1
e 2 14 1
e 2 27 1
e 3 15 1
e 3 28 1
e 4 17 1
e 4 30 1
e 5 19 1
e 5 39 1
e 6 26 1
e 6 43 1
e 7 27 2
e 8 28 2
e 9 29 2
e 10 30 2
e 11 39 2
e 12 16 1
e 12 20 1
e 12 21 1
e 14 15 1
e 14 16 1
e 14 46 1
e 15 17 1
e 15 47 1
e 16 48 1
e 17 18 1
e 17 49 1
e 18 19 1
e 18 50 1
e 19 51 1
e 19 52 1
e 20 23 2
e 20 25 1
e 21 24 2
e 22 23 1
e 22 24 1
e 22 26 1
e 22 53 1
e 23 29 1
e 24 33 1
e 25 31 2
e 25 32 1
e 26 34 2
e 27 35 1
e 28 36 1
e 29 37 1
e 30 38 1
e 31 40 1
e 31 55 1
e 32 41 2
e 32 56 1
e 34 42 1
e 34 57 1
e 35 58 1
e 35 59 1
e 35 60 1
e 36 61 1
e 36 62 1
e 36 63 1
e 37 64 1
e 37 65 1
e 37 66 1
e 38 67 1
e 38 68 1
e 38 69 1
e 39 45 1
e 40 44 2
e 40 70 1
e 41 44 1
e 41 71 1
e 42 43 2
e 42 72 1
e 43 73 1
e 44 74 1
e 45 75 1
e 45 76 1
e 45 77 1
t # 18028
v 0 11
v 1 1
v 2 1
v 3 1
v 4 1
v 5 1
v 6 1
v 7 1
v 8 1
v 9 1
v 10 1
v 11 1
v 12 2
v 13 2
v 14 3
v 15 3
v 16 3
v 17 3
v 18 3
v 19 3
v 20 3
v 21 3
v 22 3
v 23 3
v 24 3
v 25 3
v 26 3
v 27 3
v 28 3
v 29 3
v 30 3
v 31 3
v 32 3
v 33 3
v 34 3
v 35 3
v 36 3
v 37 3
v 38 3
v 39 3
v 40 3
v 41 3
v 42 3
v 43 3
v 44 3
v 45 3
v 46 3
v 47 3
v 48 3
v 49 4
v 50 4
v 51 4
v 52 4
v 53 4
v 54 4
v 55 4
v 56 4
v 57 4
v 58 4
v 59 4
v 60 4
v 61 4
v 62 4
v 63 4
v 64 4
v 65 4
v 66 4
v 67 4
v 68 4
v 69 4
v 70 4
v 71 4
v 72 4
v 73 4
v 74 4
v 75 4
v 76 4
v 77 4
v 78 4
v 79 4
v 80 4
v 81 4
v 82 4
v 83 4
v 84 4
e 0 21 1
e 1 16 1
e 1 18 1
e 2 14 1
e 2 27 1
e 3 15 1
e 3 29 1
e 4 17 1
e 4 30 1
e 5 19 1
e 5 40 1
e 6 27 2
e 7 28 2
e 8 29 2
e 9 30 2
e 10 40 2
e 11 46 1
e 11 48 1
e 12 16 1
e 12 20 1
e 12 21 1
e 14 15 1
e 14 16 1
e 14 49 1
e 15 17 1
e 15 50 1
e 16 51 1
e 17 18 1
e 17 52 1
e 18 19 1
e 18 53 1
e 19 54 1
e 19 55 1
e 20 23 2
e 20 25 1
e 21 24 2
e 22 23 1
e 22 24 1
e 22 26 1
e 22 56 1
e 23 28 1
e 24 33 1
e 25 31 2
e 25 32 1
e 26 34 2
e 26 35 1
e 27 36 1
e 28 37 1
e 29 38 1
e 30 39 1
e 31 41 1
e 31 58 1
e 32 42 2
e 32 59 1
e 34 43 1
e 34 60 1
e 35 44 2
e 35 61 1
e 36 65 1
e 36 66 1
e 36 67 1
e 37 62 1
e 37 63 1
e 37 64 1
e 38 68 1
e 38 69 1
e 38 70 1
e 39 71 1
e 39 72 1
e 39 73 1
e 40 47 1
e 41 45 2
e 41 74 1
e 42 45 1
e 42 75 1
e 43 46 2
e 43 76 1
e 44 46 1
e 44 77 1
e 45 78 1
e 47 79 1
e 47 80 1
e 47 81 1
e 48 82 1
e 48 83 1
e 48 84 1
t # 18029
v 0 11
v 1 1
v 2 1
v 3 1
v 4 1
v 5 1
v 6 1
v 7 1
v 8 1
v 9 1
v 10 1
v 11 1
v 12 2
v 13 2
v 14 3
v 15 3
v 16 3
v 17 3
v 18 3
v 19 3
v 20 3
v 21 3
v 22 3
v 23 3
v 24 3
v 25 3
v 26 3
v 27 3
v 28 3
v 29 3
v 30 3
v 31 3
v 32 3
v 33 3
v 34 3
v 35 3
v 36 3
v 37 3
v 38 3
v 39 3
v 40 3
v 41 4
v 42 4
v 43 4
v 44 4
v 45 4
v 46 4
v 47 4
v 48 4
v 49 4
v 50 4
v 51 4
v 52 4
v 53 4
v 54 4
v 55 4
v 56 4
v 57 4
v 58 4
v 59 4
v 60 4
v 61 4
v 62 4
v 63 4
v 64 4
v 65 4
v 66 4
v 67 4
v 68 4
v 69 4
v 70 4
e 0 21 1
e 1 16 1
e 1 18 1
e 2 14 1
e 2 27 1
e 3 15 1
e 3 28 1
e 4 17 1
e 4 30 1
e 5 19 1
e 5 37 1
e 6 26 1
e 6 39 1
e 7 27 2
e 8 28 2
e 9 29 2
e 10 30 2
e 11 37 2
e 12 16 1
e 12 20 1
e 12 21 1
e 14 15 1
e 14 16 1
e 14 41 1
e 15 17 1
e 15 42 1
e 16 43 1
e 17 18 1
e 17 44 1
e 18 19 1
e 18 45 1
e 19 46 1
e 19 47 1
e 20 23 2
e 20 25 1
e 21 24 2
e 22 23 1
e 22 24 1
e 22 26 1
e 22 48 1
e 23 29 1
e 24 31 1
e 25 49 1
e 25 50 1
e 25 51 1
e 26 32 2
e 27 33 1
e 28 34 1
e 29 35 1
e 30 36 1
e 32 38 1
e 32 53 1
e 33 54 1
e 33 55 1
e 33 56 1
e 34 57 1
e 34 58 1
e 34 59 1
e 35 60 1
e 35 61 1
e 35 62 1
e 36 63 1
e 36 64 1
e 36 65 1
e 37 40 1
e 38 39 2
e 38 66 1
e 39 67 1
e 40 68 1
e 40 69 1
e 40 70 1
t # 18030
v 0 11
v 1 1
v 2 1
v 3 1
v 4 1
v 5 1
v 6 2
v 7 2
v 8 3
v 9 3
v 10 3
v 11 3
v 12 3
v 13 3
v 14 3
v 15 3
v 16 3
v 17 3
v 18 3
v 19 3
v 20 3
v 21 3
v 22 4
v 23 4
v 24 4
v 25 4
v 26 4
v 27 4
v 28 4
v 29 4
v 30 4
v 31 4
v 32 4
v 33 4
v 34 4
v 35 4
v 36 4
v 37 4
v 38 4
v 39 4
e 1 10 1
e 1 12 1
e 2 8 1
e 2 29 1
e 3 9 1
e 3 30 1
e 4 11 1
e 4 31 1
e 5 13 1
e 5 36 1
e 6 10 1
e 6 14 1
e 6 15 1
e 8 9 1
e 8 10 1
e 8 22 1
e 9 11 1
e 9 23 1
e 10 24 1
e 11 12 1
e 11 25 1
e 12 13 1
e 12 26 1
e 13 27 1
e 13 28 1
e 14 16 2
e 14 19 1
e 15 17 1
e 16 18 1
e 16 32 1
e 17 18 2
e 17 21 1
e 18 20 1
e 19 33 1
e 19 34 1
e 19 35 1
e 20 37 1
e 20 38 1
e 20 39 1
t # 18031
v 0 11
v 1 1
v 2 1
v 3 1
v 4 1
v 5 1
v 6 1
v 7 1
v 8 1
v 9 1
v 10 2
v 11 2
v 12 3
v 13 3
v 14 3
v 15 3
v 16 3
v 17 3
v 18 3
v 19 3
v 20 3
v 21 3
v 22 3
v 23 3
v 24 3
v 25 3
v 26 3
v 27 3
v 28 3
v 29 3
v 30 3
v 31 3
v 32 3
v 33 3
v 34 4
v 35 4
v 36 4
v 37 4
v 38 4
v 39 4
v 40 4
v 41 4
v 42 4
v 43 4
v 44 4
v 45 4
v 46 4
v 47 4
v 48 4
v 49 4
v 50 4
v 51 4
v 52 4
v 53 4
v 54 4
v 55 4
v 56 4
v 57 4
v 58 4
v 59 4
e 1 15 1
e 1 16 1
e 2 12 1
e 2 22 1
e 3 13 1
e 3 23 1
e 4 14 1
e 4 24 1
e 5 17 1
e 5 31 1
e 6 22 2
e 7 23 2
e 8 24 2
e 9 31 2
e 10 15 1
e 10 18 1
e 10 19 1
e 12 13 1
e 12 14 1
e 12 34 1
e 13 15 1
e 13 35 1
e 14 16 1
e 14 36 1
e 15 37 1
e 16 17 1
e 16 38 1
e 17 39 1
e 17 40 1
e 18 20 2
e 18 25 1
e 19 21 1
e 20 26 1
e 20 41 1
e 21 26 2
e 21 32 1
e 22 27 1
e 23 28 1
e 24 30 1
e 25 42 1
e 25 43 1
e 25 44 1
e 26 29 1
e 27 45 1
e 27 46 1
e 27 47 1
e 28 48 1
e 28 49 1
e 28 50 1
e 29 51 1
e 29 52 1
e 29 53 1
e 30 54 1
e 30 55 1
e 30 56 1
e 31 33 1
e 33 57 1
e 33 58 1
e 33 59 1
t # 18032
v 0 11
v 1 1
v 2 1
v 3 1
v 4 1
v 5 1
v 6 2
v 7 2
v 8 3
v 9 3
v 10 3
v 11 3
v 12 3
v 13 3
v 14 3
v 15 3
v 16 3
v 17 3
v 18 3
v 19 3
v 20 3
v 21 3
v 22 3
v 23 3
v 24 3
v 25 3
v 26 3
v 27 3
v 28 3
v 29 3
v 30 3
v 31 3
v 32 4
v 33 4
v 34 4
v 35 4
v 36 4
v 37 4
v 38 4
v 39 4
v 40 4
v 41 4
v 42 4
v 43 4
v 44 4
v 45 4
v 46 4
v 47 4
v 48 4
v 49 4
v 50 4
v 51 4
v 52 4
v 53 4
v 54 4
v 55 4
e 0 15 1
e 1 8 1
e 1 12 1
e 2 9 1
e 2 41 1
e 3 10 1
e 3 42 1
e 4 11 1
e 4 43 1
e 5 13 1
e 5 44 1
e 6 8 1
e 6 14 1
e 6 15 1
e 8 9 1
e 8 32 1
e 9 10 1
e 9 33 1
e 10 11 1
e 10 34 1
e 11 12 1
e 11 35 1
e 12 13 1
e 12 36 1
e 13 37 1
e 13 38 1
e 14 17 2
e 14 19 1
e 15 18 2
e 16 17 1
e 16 18 1
e 16 20 1
e 16 39 1
e 17 40 1
e 18 23 1
e 19 21 2
e 19 22 1
e 20 24 2
e 20 25 1
e 21 26 1
e 21 46 1
e 22 27 2
e 22 47 1
e 24 28 1
e 24 48 1
e 25 29 2
e 25 49 1
e 26 30 2
e 26 50 1
e 27 30 1
e 27 51 1
e 28 31 2
e 28 52 1
e 29 31 1
e 29 53 1
e 30 54 1
e 31 55 1
t # 18033
v 0 11
v 1 11
v 2 1
v 3 1
v 4 1
v 5 1
v 6 1
v 7 2
v 8 2
v 9 3
v 10 3
v 11 3
v 12 3
v 13 3
v 14 3
v 15 3
v 16 3
v 17 3
v 18 3
v 19 3
v 20 3
v 21 3
v 22 3
v 23 3
v 24 3
v 25 3
v 26 3
v 27 3
v 28 3
v 29 3
v 30 3
v 31 4
v 32 4
v 33 4
v 34 4
v 35 4
v 36 4
v 37 4
v 38 4
v 39 4
v 40 4
v 41 4
v 42 4
v 43 4
v 44 4
v 45 4
v 46 4
v 47 4
v 48 4
v 49 4
v 50 4
v 51 4
v 52 4
e 0 16 1
e 1 21 1
e 1 29 1
e 2 9 1
e 2 13 1
e 3 10 1
e 3 40 1
e 4 11 1
e 4 41 1
e 5 12 1
e 5 42 1
e 6 14 1
e 6 43 1
e 7 9 1
e 7 15 1
e 7 16 1
e 9 10 1
e 9 31 1
e 10 11 1
e 10 32 1
e 11 12 1
e 11 33 1
e 12 13 1
e 12 34 1
e 13 14 1
e 13 35 1
e 14 36 1
e 14 37 1
e 15 18 2
e 15 20 1
e 16 19 2
e 17 18 1
e 17 19 1
e 17 21 1
e 17 38 1
e 18 39 1
e 19 24 1
e 20 22 2
e 20 23 1
e 21 25 2
e 22 26 1
e 22 45 1
e 23 27 2
e 23 46 1
e 25 28 1
e 25 47 1
e 26 30 2
e 26 48 1
e 27 30 1
e 27 49 1
e 28 29 2
e 28 50 1
e 29 51 1
e 30 52 1
t # 18034
v 0 11
v 1 1
v 2 1
v 3 1
v 4 1
v 5 1
v 6 1
v 7 2
v 8 2
v 9 3
v 10 3
v 11 3
v 12 3
v 13 3
v 14 3
v 15 3
v 16 3
v 17 3
v 18 3
v 19 3
v 20 3
v 21 3
v 22 3
v 23 3
v 24 3
v 25 3
v 26 3
v 27 3
v 28 3
v 29 3
v 30 3
v 31 4
v 32 4
v 33 4
v 34 4
v 35 4
v 36 4
v 37 4
v 38 4
v 39 4
v 40 4
v 41 4
v 42 4
v 43 4
v 44 4
v 45 4
v 46 4
v 47 4
v 48 4
v 49 4
v 50 4
v 51 4
v 52 4
e 0 16 1
e 1 9 1
e 1 13 1
e 2 10 1
e 2 40 1
e 3 11 1
e 3 41 1
e 4 12 1
e 4 42 1
e 5 14 1
e 5 43 1
e 6 21 1
e 6 29 1
e 7 9 1
e 7 15 1
e 7 16 1
e 9 10 1
e 9 31 1
e 10 11 1
e 10 32 1
e 11 12 1
e 11 33 1
e 12 13 1
e 12 34 1
e 13 14 1
e 13 35 1
e 14 36 1
e 14 37 1
e 15 18 2
e 15 20 1
e 16 19 2
e 17 18 1
e 17 19 1
e 17 21 1
e 17 38 1
e 18 39 1
e 19 24 1
e 20 22 2
e 20 23 1
e 21 25 2
e 22 26 1
e 22 45 1
e 23 27 2
e 23 46 1
e 25 28 1
e 25 47 1
e 26 30 2
e 26 48 1
e 27 30 1
e 27 49 1
e 28 29 2
e 28 50 1
e 29 51 1
e 30 52 1
t # 18035
v 0 11
v 1 1
v 2 1
v 3 1
v 4 1
v 5 1
v 6 1
v 7 2
v 8 2
v 9 3
v 10 3
v 11 3
v 12 3
v 13 3
v 14 3
v 15 3
v 16 3
v 17 3
v 18 3
v 19 3
v 20 3
v 21 3
v 22 3
v 23 3
v 24 3
v 25 3
v 26 3
v 27 3
v 28 3
v 29 3
v 30 3
v 31 3
v 32 3
v 33 3
v 34 4
v 35 4
v 36 4
v 37 4
v 38 4
v 39 4
v 40 4
v 41 4
v 42 4
v 43 4
v 44 4
v 45 4
v 46 4
v 47 4
v 48 4
v 49 4
v 50 4
v 51 4
v 52 4
v 53 4
v 54 4
v 55 4
v 56 4
v 57 4
v 58 4
v 59 4
v 60 4
v 61 4
e 1 10 1
e 1 17 1
e 2 13 1
e 2 51 1
e 3 15 1
e 3 52 1
e 4 16 1
e 4 53 1
e 5 19 2
e 6 24 1
e 6 54 1
e 7 10 1
e 7 12 1
e 7 23 1
e 9 11 1
e 9 14 1
e 9 20 1
e 9 21 1
e 10 13 1
e 10 34 1
e 11 12 1
e 11 35 1
e 11 36 1
e 12 18 2
e 13 15 1
e 13 37 1
e 14 19 1
e 14 39 1
e 14 40 1
e 15 16 1
e 15 38 1
e 16 17 1
e 16 41 1
e 17 24 1
e 17 42 1
e 18 19 1
e 18 22 1
e 20 43 1
e 20 44 1
e 20 45 1
e 21 46 1
e 21 47 1
e 21 48 1
e 22 25 2
e 22 26 1
e 23 25 1
e 24 49 1
e 24 50 1
e 25 27 1
e 26 28 2
e 26 29 1
e 28 30 1
e 28 55 1
e 29 31 2
e 29 56 1
e 30 32 2
e 30 57 1
e 31 32 1
e 31 58 1
e 32 33 1
e 33 59 1
e 33 60 1
e 33 61 1
t # 18036
v 0 11
v 1 1
v 2 1
v 3 1
v 4 1
v 5 1
v 6 1
v 7 1
v 8 2
v 9 2
v 10 3
v 11 3
v 12 3
v 13 3
v 14 3
v 15 3
v 16 3
v 17 3
v 18 3
v 19 3
v 20 3
v 21 3
v 22 3
v 23 3
v 24 3
v 25 3
v 26 3
v 27 3
v 28 3
v 29 3
v 30 3
v 31 3
v 32 3
v 33 3
v 34 3
v 35 4
v 36 4
v 37 4
v 38 4
v 39 4
v 40 4
v 41 4
v 42 4
v 43 4
v 44 4
v 45 4
v 46 4
v 47 4
v 48 4
v 49 4
v 50 4
v 51 4
v 52 4
v 53 4
v 54 4
v 55 4
v 56 4
v 57 4
v 58 4
v 59 4
v 60 4
v 61 4
v 62 4
e 1 11 1
e 1 18 1
e 2 14 1
e 2 52 1
e 3 15 1
e 3 53 1
e 4 17 1
e 4 54 1
e 5 20 2
e 6 25 1
e 6 55 1
e 7 33 1
e 7 34 1
e 8 11 1
e 8 13 1
e 8 24 1
e 10 12 1
e 10 16 1
e 10 21 1
e 10 22 1
e 11 14 1
e 11 35 1
e 12 13 1
e 12 36 1
e 12 37 1
e 13 19 2
e 14 15 1
e 14 38 1
e 15 17 1
e 15 39 1
e 16 20 1
e 16 40 1
e 16 41 1
e 17 18 1
e 17 42 1
e 18 25 1
e 18 43 1
e 19 20 1
e 19 23 1
e 21 44 1
e 21 45 1
e 21 46 1
e 22 47 1
e 22 48 1
e 22 49 1
e 23 26 2
e 23 27 1
e 24 26 1
e 25 50 1
e 25 51 1
e 26 28 1
e 27 29 2
e 27 30 1
e 29 31 1
e 29 56 1
e 30 32 2
e 30 57 1
e 31 33 2
e 31 58 1
e 32 33 1
e 32 59 1
e 34 60 1
e 34 61 1
e 34 62 1
t # 18037
v 0 12
v 1 11
v 2 1
v 3 1
v 4 1
v 5 1
v 6 1
v 7 1
v 8 1
v 9 1
v 10 1
v 11 1
v 12 2
v 13 2
v 14 3
v 15 3
v 16 3
v 17 3
v 18 3
v 19 3
v 20 3
v 21 3
v 22 3
v 23 3
v 24 3
v 25 3
v 26 3
v 27 3
v 28 3
v 29 3
v 30 3
v 31 3
v 32 3
v 33 3
v 34 3
v 35 3
v 36 3
v 37 3
v 38 3
v 39 3
v 40 3
v 41 3
v 42 3
v 43 3
v 44 3
v 45 3
v 46 4
v 47 4
v 48 4
v 49 4
v 50 4
v 51 4
v 52 4
v 53 4
v 54 4
v 55 4
v 56 4
v 57 4
v 58 4
v 59 4
v 60 4
v 61 4
v 62 4
v 63 4
v 64 4
v 65 4
v 66 4
v 67 4
v 68 4
v 69 4
v 70 4
v 71 4
v 72 4
v 73 4
v 74 4
v 75 4
v 76 4
v 77 4
v 78 4
e 0 44 1
e 2 14 1
e 2 21 1
e 3 16 1
e 3 32 1
e 4 17 1
e 4 33 1
e 5 20 1
e 5 34 1
e 6 29 1
e 6 40 1
e 7 24 2
e 8 32 2
e 9 33 2
e 10 34 2
e 11 40 2
e 12 14 1
e 12 19 1
e 12 27 1
e 14 16 1
e 14 46 1
e 15 18 1
e 15 22 1
e 15 25 1
e 15 26 1
e 16 17 1
e 16 47 1
e 17 20 1
e 17 48 1
e 18 19 1
e 18 49 1
e 18 50 1
e 19 23 2
e 20 21 1
e 20 51 1
e 21 29 1
e 21 52 1
e 22 24 1
e 22 53 1
e 22 54 1
e 23 24 1
e 23 28 1
e 25 55 1
e 25 56 1
e 25 57 1
e 26 58 1
e 26 59 1
e 26 60 1
e 27 30 1
e 28 30 2
e 28 31 1
e 29 61 1
e 29 62 1
e 30 35 1
e 31 36 2
e 31 37 1
e 32 38 1
e 33 39 1
e 34 41 1
e 36 42 1
e 36 63 1
e 37 43 2
e 37 64 1
e 38 65 1
e 38 66 1
e 38 67 1
e 39 68 1
e 39 69 1
e 39 70 1
e 40 45 1
e 41 71 1
e 41 72 1
e 41 73 1
e 42 44 2
e 42 74 1
e 43 44 1
e 43 75 1
e 45 76 1
e 45 77 1
e 45 78 1
t # 18038
v 0 11
v 1 1
v 2 1
v 3 1
v 4 1
v 5 1
v 6 1
v 7 1
v 8 1
v 9 1
v 10 1
v 11 1
v 12 2
v 13 2
v 14 3
v 15 3
v 16 3
v 17 3
v 18 3
v 19 3
v 20 3
v 21 3
v 22 3
v 23 3
v 24 3
v 25 3
v 26 3
v 27 3
v 28 3
v 29 3
v 30 3
v 31 3
v 32 3
v 33 3
v 34 3
v 35 3
v 36 3
v 37 3
v 38 3
v 39 3
v 40 3
v 41 3
v 42 3
v 43 3
v 44 3
v 45 3
v 46 3
v 47 4
v 48 4
v 49 4
v 50 4
v 51 4
v 52 4
v 53 4
v 54 4
v 55 4
v 56 4
v 57 4
v 58 4
v 59 4
v 60 4
v 61 4
v 62 4
v 63 4
v 64 4
v 65 4
v 66 4
v 67 4
v 68 4
v 69 4
v 70 4
v 71 4
v 72 4
v 73 4
v 74 4
v 75 4
v 76 4
v 77 4
v 78 4
v 79 4
v 80 4
v 81 4
v 82 4
e 1 14 1
e 1 21 1
e 2 16 1
e 2 32 1
e 3 17 1
e 3 33 1
e 4 20 1
e 4 34 1
e 5 29 1
e 5 40 1
e 6 24 2
e 7 32 2
e 8 33 2
e 9 34 2
e 10 40 2
e 11 44 1
e 11 46 1
e 12 14 1
e 12 19 1
e 12 27 1
e 14 16 1
e 14 47 1
e 15 18 1
e 15 22 1
e 15 25 1
e 15 26 1
e 16 17 1
e 16 48 1
e 17 20 1
e 17 49 1
e 18 19 1
e 18 50 1
e 18 51 1
e 19 23 2
e 20 21 1
e 20 52 1
e 21 29 1
e 21 53 1
e 22 24 1
e 22 54 1
e 22 55 1
e 23 24 1
e 23 28 1
e 25 56 1
e 25 57 1
e 25 58 1
e 26 59 1
e 26 60 1
e 26 61 1
e 27 30 1
e 28 30 2
e 28 31 1
e 29 62 1
e 29 63 1
e 30 35 1
e 31 36 2
e 31 37 1
e 32 38 1
e 33 39 1
e 34 41 1
e 36 42 1
e 36 64 1
e 37 43 2
e 37 65 1
e 38 66 1
e 38 67 1
e 38 68 1
e 39 69 1
e 39 70 1
e 39 71 1
e 40 45 1
e 41 72 1
e 41 73 1
e 41 74 1
e 42 44 2
e 42 75 1
e 43 44 1
e 43 76 1
e 45 77 1
e 45 78 1
e 45 79 1
e 46 80 1
e 46 81 1
e 46 82 1
t # 18039
v 0 11
v 1 1
v 2 1
v 3 2
v 4 3
v 5 3
v 6 3
v 7 3
v 8 3
v 9 3
v 10 3
v 11 3
v 12 3
v 13 3
v 14 3
v 15 3
v 16 3
v 17 3
v 18 4
v 19 4
v 20 4
v 21 4
v 22 4
v 23 4
v 24 4
v 25 4
v 26 4
v 27 4
v 28 4
v 29 4
v 30 4
v 31 4
v 32 4
e 0 2 2
e 0 4 1
e 1 13 1
e 1 17 1
e 3 6 1
e 3 19 1
e 4 7 1
e 4 8 2
e 5 7 2
e 5 9 1
e 5 14 1
e 6 10 2
e 6 11 1
e 7 18 1
e 8 12 1
e 8 20 1
e 9 12 2
e 9 21 1
e 10 15 1
e 10 22 1
e 11 16 2
e 11 23 1
e 12 24 1
e 13 15 2
e 13 16 1
e 14 25 1
e 14 26 1
e 14 27 1
e 15 28 1
e 16 29 1
e 17 30 1
e 17 31 1
e 17 32 1
t # 18040
v 0 11
v 1 1
v 2 1
v 3 1
v 4 2
v 5 3
v 6 3
v 7 3
v 8 3
v 9 3
v 10 3
v 11 3
v 12 3
v 13 3
v 14 3
v 15 3
v 16 3
v 17 3
v 18 3
v 19 4
v 20 4
v 21 4
v 22 4
v 23 4
v 24 4
v 25 4
v 26 4
v 27 4
v 28 4
v 29 4
v 30 4
v 31 4
v 32 4
v 33 4
e 0 3 2
e 0 5 1
e 1 7 1
e 1 17 1
e 2 12 1
e 2 18 1
e 4 6 1
e 4 19 1
e 5 7 1
e 5 8 2
e 6 9 2
e 6 10 1
e 7 11 2
e 8 15 1
e 8 20 1
e 9 13 1
e 9 21 1
e 10 14 2
e 10 22 1
e 11 16 1
e 11 23 1
e 12 13 2
e 12 14 1
e 13 24 1
e 14 25 1
e 15 16 2
e 15 26 1
e 16 27 1
e 17 28 1
e 17 29 1
e 17 30 1
e 18 31 1
e 18 32 1
e 18 33 1
t # 18041
v 0 12
v 1 11
v 2 1
v 3 1
v 4 2
v 5 3
v 6 3
v 7 3
v 8 3
v 9 3
v 10 3
v 11 3
v 12 3
v 13 3
v 14 3
v 15 3
v 16 3
v 17 3
v 18 4
v 19 4
v 20 4
v 21 4
v 22 4
v 23 4
v 24 4
v 25 4
v 26 4
v 27 4
v 28 4
v 29 4
e 0 16 1
e 1 3 2
e 1 6 1
e 2 9 1
e 2 17 1
e 4 5 1
e 4 18 1
e 5 7 2
e 5 8 1
e 6 12 2
e 6 13 1
e 7 10 1
e 7 19 1
e 8 11 2
e 8 20 1
e 9 10 2
e 9 11 1
e 10 21 1
e 11 22 1
e 12 14 1
e 12 23 1
e 13 15 2
e 13 24 1
e 14 16 2
e 14 25 1
e 15 16 1
e 15 26 1
e 17 27 1
e 17 28 1
e 17 29 1
t # 18042
v 0 11
v 1 1
v 2 2
v 3 2
v 4 3
v 5 3
v 6 3
v 7 3
v 8 3
v 9 3
v 10 3
v 11 3
v 12 3
v 13 3
v 14 3
v 15 3
v 16 3
v 17 4
v 18 4
v 19 4
v 20 4
v 21 4
v 22 4
v 23 4
v 24 4
v 25 4
v 26 4
v 27 4
v 28 4
v 29 4
v 30 4
e 0 1 2
e 0 4 1
e 2 10 1
e 2 21 1
e 3 5 1
e 3 16 1
e 3 22 1
e 4 6 2
e 4 7 1
e 5 8 2
e 5 9 1
e 6 8 1
e 6 17 1
e 7 9 2
e 7 18 1
e 8 19 1
e 9 20 1
e 10 11 2
e 10 12 1
e 11 13 1
e 11 23 1
e 12 14 2
e 12 24 1
e 13 15 2
e 13 25 1
e 14 15 1
e 14 26 1
e 15 27 1
e 16 28 1
e 16 29 1
e 16 30 1
t # 18043
v 0 11
v 1 14
v 2 14
v 3 14
v 4 1
v 5 1
v 6 2
v 7 2
v 8 3
v 9 3
v 10 3
v 11 3
v 12 3
v 13 3
v 14 3
v 15 3
v 16 3
v 17 3
v 18 3
v 19 3
v 20 4
v 21 4
v 22 4
v 23 4
v 24 4
e 0 9 1
e 0 11 1
e 6 8 1
e 6 10 1
e 6 20 1
e 7 14 1
e 8 9 1
e 8 12 2
e 9 13 2
e 10 11 1
e 10 16 2
e 11 17 2
e 12 14 1
e 13 15 1
e 14 15 2
e 16 18 1
e 16 21 1
e 17 19 1
e 17 22 1
e 18 19 2
e 18 23 1
e 19 24 1
t # 18044
v 0 12
v 1 12
v 2 2
v 3 2
v 4 2
v 5 2
v 6 3
v 7 3
v 8 3
v 9 3
v 10 3
v 11 3
v 12 3
v 13 3
v 14 3
v 15 3
v 16 3
v 17 3
v 18 3
v 19 4
v 20 4
v 21 4
v 22 4
v 23 4
v 24 4
v 25 4
v 26 4
v 27 4
v 28 4
e 0 10 1
e 1 16 1
e 2 6 1
e 2 9 1
e 2 20 1
e 3 6 2
e 3 12 1
e 4 11 1
e 4 17 2
e 5 11 2
e 5 18 1
e 6 7 1
e 7 8 2
e 7 19 1
e 8 10 1
e 8 21 1
e 9 14 2
e 9 22 1
e 10 12 2
e 11 13 1
e 12 23 1
e 13 15 2
e 13 24 1
e 14 17 1
e 14 25 1
e 15 16 1
e 15 26 1
e 16 18 2
e 17 27 1
e 18 28 1
t # 18045
v 0 12
v 1 12
v 2 12
v 3 12
v 4 2
v 5 2
v 6 3
v 7 3
v 8 3
v 9 3
v 10 3
v 11 3
v 12 3
v 13 3
v 14 3
v 15 3
v 16 3
v 17 3
v 18 3
v 19 3
v 20 3
v 21 4
v 22 4
v 23 4
v 24 4
v 25 4
v 26 4
v 27 4
v 28 4
v 29 4
v 30 4
e 0 10 1
e 1 11 1
e 2 16 1
e 3 17 1
e 4 6 1
e 4 15 1
e 4 23 1
e 5 9 1
e 5 20 2
e 6 7 2
e 6 8 1
e 7 11 1
e 7 21 1
e 8 10 2
e 8 22 1
e 9 13 2
e 9 14 1
e 10 12 1
e 11 12 2
e 12 24 1
e 13 17 1
e 13 25 1
e 14 16 2
e 14 26 1
e 15 19 2
e 15 27 1
e 16 18 1
e 17 18 2
e 18 28 1
e 19 20 1
e 19 29 1
e 20 30 1
t # 18046
v 0 2
v 1 2
v 2 3
v 3 3
v 4 3
v 5 3
v 6 3
v 7 3
v 8 3
v 9 3
v 10 3
v 11 3
v 12 3
v 13 3
v 14 3
v 15 3
v 16 3
v 17 3
v 18 3
v 19 3
v 20 3
v 21 3
v 22 3
v 23 3
v 24 3
v 25 3
v 26 3
v 27 3
v 28 3
v 29 4
v 30 4
v 31 4
v 32 4
v 33 4
v 34 4
v 35 4
v 36 4
v 37 4
v 38 4
v 39 4
v 40 4
v 41 4
v 42 4
v 43 4
v 44 4
v 45 4
v 46 4
v 47 4
v 48 4
v 49 4
v 50 4
e 0 6 1
e 0 26 1
e 0 41 1
e 1 15 1
e 1 28 2
e 2 3 1
e 2 7 2
e 2 8 1
e 3 13 2
e 3 14 1
e 4 5 1
e 4 11 2
e 4 12 1
e 5 16 2
e 5 17 1
e 6 9 2
e 6 10 1
e 7 9 1
e 7 29 1
e 8 10 2
e 8 30 1
e 9 31 1
e 10 32 1
e 11 18 1
e 11 33 1
e 12 19 2
e 12 34 1
e 13 20 1
e 13 35 1
e 14 21 2
e 14 36 1
e 15 18 2
e 15 19 1
e 16 23 1
e 16 37 1
e 17 24 2
e 17 38 1
e 18 39 1
e 19 40 1
e 20 22 2
e 20 42 1
e 21 22 1
e 21 43 1
e 22 46 1
e 23 25 2
e 23 44 1
e 24 25 1
e 24 45 1
e 25 47 1
e 26 27 2
e 26 48 1
e 27 28 1
e 27 49 1
e 28 50 1
t # 18047
v 0 14
v 1 14
v 2 14
v 3 1
v 4 1
v 5 1
v 6 1
v 7 2
v 8 2
v 9 3
v 10 3
v 11 3
v 12 3
v 13 3
v 14 3
v 15 3
v 16 3
v 17 3
v 18 3
v 19 3
v 20 3
v 21 3
v 22 3
v 23 3
v 24 3
v 25 3
v 26 4
v 27 4
v 28 4
v 29 4
v 30 4
v 31 4
v 32 4
v 33 4
v 34 4
v 35 4
v 36 4
v 37 4
v 38 4
v 39 4
v 40 4
e 3 16 2
e 4 21 1
e 4 24 1
e 5 21 2
e 6 22 2
e 7 15 1
e 7 17 1
e 7 31 1
e 12 8 1
e 8 22 1
e 8 32 1
e 9 10 1
e 9 11 1
e 9 26 1
e 9 27 1
e 10 12 1
e 10 28 1
e 10 29 1
e 11 13 1
e 11 17 2
e 12 16 1
e 12 30 1
e 13 14 2
e 13 15 1
e 14 16 1
e 14 18 1
e 15 19 2
e 17 21 1
e 18 20 2
e 18 33 1
e 19 20 1
e 19 34 1
e 20 35 1
e 22 23 1
e 24 25 1
e 24 36 1
e 24 37 1
e 25 38 1
e 25 39 1
e 25 40 1
t # 18048
v 0 1
v 1 1
v 2 1
v 3 1
v 4 3
v 5 3
v 6 3
v 7 3
v 8 3
v 9 3
v 10 3
v 11 3
v 12 3
v 13 3
v 14 3
v 15 3
v 16 3
v 17 3
v 18 3
v 19 3
v 20 3
v 21 3
v 22 3
v 23 3
v 24 3
v 25 3
v 26 3
v 27 3
v 28 3
v 29 3
v 30 3
v 31 3
v 32 3
v 33 3
v 34 3
v 35 3
v 36 3
v 37 3
v 38 3
v 39 3
v 40 3
v 41 3
v 42 3
v 43 3
v 44 3
v 45 3
v 46 3
v 47 3
v 48 4
v 49 4
v 50 4
v 51 4
v 52 4
v 53 4
v 54 4
v 55 4
v 56 4
v 57 4
v 58 4
v 59 4
v 60 4
v 61 4
v 62 4
v 63 4
v 64 4
v 65 4
v 66 4
v 67 4
v 68 4
v 69 4
v 70 4
v 71 4
v 72 4
v 73 4
v 74 4
v 75 4
v 76 4
v 77 4
v 78 4
v 79 4
e 0 8 2
e 1 9 2
e 2 18 2
e 3 19 2
e 4 6 2
e 4 8 1
e 4 14 1
e 5 7 2
e 5 8 1
e 5 15 1
e 6 9 1
e 6 16 1
e 7 9 1
e 7 17 1
e 10 14 2
e 10 18 1
e 10 20 1
e 11 15 2
e 11 19 1
e 11 21 1
e 12 16 2
e 12 18 1
e 12 22 1
e 13 17 2
e 13 19 1
e 13 23 1
e 14 48 1
e 15 49 1
e 16 50 1
e 17 51 1
e 20 24 1
e 20 52 1
e 20 53 1
e 21 25 1
e 21 54 1
e 21 55 1
e 22 26 1
e 22 56 1
e 22 57 1
e 23 27 1
e 23 58 1
e 23 59 1
e 24 28 2
e 24 32 1
e 25 29 2
e 25 33 1
e 26 30 2
e 26 34 1
e 27 31 2
e 27 35 1
e 28 36 1
e 28 60 1
e 29 37 1
e 29 61 1
e 30 38 1
e 30 62 1
e 31 39 1
e 31 63 1
e 32 40 2
e 32 64 1
e 33 41 2
e 33 65 1
e 34 42 2
e 34 66 1
e 35 43 2
e 35 67 1
e 36 44 2
e 36 68 1
e 37 45 2
e 37 69 1
e 38 46 2
e 38 70 1
e 39 47 2
e 39 71 1
e 40 44 1
e 40 72 1
e 41 45 1
e 41 73 1
e 42 46 1
e 42 74 1
e 43 47 1
e 43 75 1
e 44 76 1
e 45 77 1
e 46 78 1
e 47 79 1
t # 18049
v 0 11
v 1 2
v 2 2
v 3 3
v 4 3
v 5 3
v 6 3
v 7 3
v 8 3
v 9 3
v 10 3
v 11 3
v 12 3
v 13 3
v 14 3
v 15 3
v 16 3
v 17 3
v 18 3
v 19 3
v 20 3
v 21 3
v 22 3
v 23 3
v 24 3
v 25 3
v 26 3
v 27 3
v 28 4
v 29 4
v 30 4
v 31 4
v 32 4
v 33 4
v 34 4
v 35 4
v 36 4
v 37 4
v 38 4
v 39 4
v 40 4
v 41 4
v 42 4
v 43 4
v 44 4
v 45 4
v 46 4
v 47 4
v 48 4
v 49 4
v 50 4
v 51 4
v 52 4
v 53 4
v 54 4
v 55 4
e 0 14 1
e 0 15 1
e 1 3 1
e 1 13 1
e 1 14 1
e 2 14 2
e 2 19 1
e 3 7 1
e 3 8 1
e 3 9 1
e 4 7 1
e 4 10 1
e 4 11 1
e 4 28 1
e 5 8 1
e 5 10 1
e 5 12 1
e 5 29 1
e 6 9 1
e 6 11 1
e 6 12 1
e 6 30 1
e 7 31 1
e 7 32 1
e 8 33 1
e 8 34 1
e 9 35 1
e 9 36 1
e 10 37 1
e 10 38 1
e 11 39 1
e 11 40 1
e 12 41 1
e 12 42 1
e 13 15 1
e 13 43 1
e 13 44 1
e 15 16 1
e 15 45 1
e 16 17 2
e 16 18 1
e 17 20 1
e 17 46 1
e 18 21 2
e 18 47 1
e 19 22 2
e 19 23 1
e 20 24 2
e 20 48 1
e 21 24 1
e 21 49 1
e 22 25 1
e 22 50 1
e 23 26 2
e 23 51 1
e 24 52 1
e 25 27 2
e 25 53 1
e 26 27 1
e 26 54 1
e 27 55 1
t # 18050
v 0 12
v 1 12
v 2 1
v 3 1
v 4 2
v 5 2
v 6 2
v 7 2
v 8 2
v 9 2
v 10 3
v 11 3
v 12 3
v 13 3
v 14 3
v 15 3
v 16 3
v 17 3
v 18 3
v 19 3
v 20 3
v 21 3
v 22 3
v 23 3
v 24 3
v 25 3
v 26 3
v 27 3
v 28 3
v 29 3
v 30 3
v 31 3
v 32 3
v 33 4
v 34 4
v 35 4
v 36 4
v 37 4
v 38 4
v 39 4
v 40 4
v 41 4
v 42 4
v 43 4
v 44 4
v 45 4
v 46 4
v 47 4
v 48 4
v 49 4
v 50 4
v 51 4
v 52 4
v 53 4
v 54 4
v 55 4
v 56 4
e 0 22 1
e 1 32 1
e 2 13 1
e 2 16 1
e 3 15 1
e 3 45 1
e 4 14 1
e 4 17 1
e 4 42 1
e 5 17 1
e 5 23 2
e 6 19 1
e 7 22 2
e 7 23 1
e 8 23 1
e 8 51 1
e 8 52 1
e 9 27 1
e 10 11 1
e 10 12 1
e 10 14 1
e 10 15 1
e 11 13 1
e 11 33 1
e 11 34 1
e 12 13 1
e 12 35 1
e 12 36 1
e 13 37 1
e 14 38 1
e 14 39 1
e 15 40 1
e 15 41 1
e 16 18 1
e 16 43 1
e 16 44 1
e 17 19 2
e 18 20 2
e 18 21 1
e 19 22 1
e 20 24 1
e 20 46 1
e 21 25 2
e 21 47 1
e 24 26 2
e 24 48 1
e 25 26 1
e 25 49 1
e 26 50 1
e 27 28 2
e 27 29 1
e 28 30 1
e 28 53 1
e 29 31 2
e 29 54 1
e 30 32 2
e 30 55 1
e 31 32 1
e 31 56 1
t # 18051
v 0 12
v 1 1
v 2 1
v 3 2
v 4 2
v 5 2
v 6 2
v 7 3
v 8 3
v 9 3
v 10 3
v 11 3
v 12 3
v 13 3
v 14 3
v 15 3
v 16 3
v 17 3
v 18 3
v 19 3
v 20 3
v 21 3
v 22 3
v 23 3
v 24 3
v 25 3
v 26 4
v 27 4
v 28 4
v 29 4
v 30 4
v 31 4
v 32 4
v 33 4
v 34 4
v 35 4
v 36 4
v 37 4
v 38 4
v 39 4
v 40 4
v 41 4
v 42 4
v 43 4
v 44 4
v 45 4
v 46 4
v 47 4
v 48 4
e 0 22 1
e 1 13 1
e 1 40 1
e 2 25 2
e 3 11 1
e 3 16 1
e 3 39 1
e 4 16 1
e 4 24 2
e 5 22 2
e 5 24 1
e 6 24 1
e 6 47 1
e 6 48 1
e 7 9 1
e 7 10 1
e 7 11 1
e 7 13 1
e 8 9 1
e 8 10 1
e 8 12 1
e 8 26 1
e 9 27 1
e 9 28 1
e 10 29 1
e 10 30 1
e 11 31 1
e 11 32 1
e 12 14 1
e 12 33 1
e 12 34 1
e 13 35 1
e 13 36 1
e 14 15 1
e 14 37 1
e 14 38 1
e 15 17 2
e 15 18 1
e 16 19 2
e 17 20 1
e 17 41 1
e 18 21 2
e 18 42 1
e 19 22 1
e 19 25 1
e 20 23 2
e 20 43 1
e 21 23 1
e 21 44 1
e 23 45 1
e 25 46 1
t # 18052
v 0 12
v 1 12
v 2 1
v 3 2
v 4 2
v 5 2
v 6 2
v 7 2
v 8 3
v 9 3
v 10 3
v 11 3
v 12 3
v 13 3
v 14 3
v 15 3
v 16 3
v 17 3
v 18 3
v 19 3
v 20 3
v 21 3
v 22 3
v 23 3
v 24 3
v 25 4
v 26 4
v 27 4
v 28 4
v 29 4
v 30 4
v 31 4
v 32 4
v 33 4
v 34 4
v 35 4
v 36 4
v 37 4
v 38 4
v 39 4
v 40 4
v 41 4
v 42 4
v 43 4
v 44 4
v 45 4
v 46 4
v 47 4
e 0 23 1
e 2 13 1
e 2 37 1
e 3 12 1
e 3 16 1
e 3 36 1
e 4 16 1
e 4 24 2
e 5 21 1
e 5 43 1
e 5 44 1
e 6 23 2
e 6 24 1
e 7 24 1
e 7 45 1
e 7 46 1
e 8 10 1
e 8 11 1
e 8 12 1
e 8 13 1
e 9 10 1
e 9 11 1
e 9 14 1
e 9 25 1
e 10 26 1
e 10 27 1
e 11 28 1
e 11 29 1
e 12 30 1
e 12 31 1
e 13 32 1
e 13 33 1
e 14 15 1
e 14 34 1
e 14 35 1
e 15 17 2
e 15 18 1
e 16 21 2
e 17 19 1
e 17 38 1
e 18 20 2
e 18 39 1
e 19 22 2
e 19 40 1
e 20 22 1
e 20 41 1
e 21 23 1
e 22 42 1
t # 18053
v 0 12
v 1 1
v 2 2
v 3 2
v 4 2
v 5 2
v 6 3
v 7 3
v 8 3
v 9 3
v 10 3
v 11 3
v 12 3
v 13 3
v 14 3
v 15 3
v 16 3
v 17 3
v 18 3
v 19 3
v 20 3
v 21 3
v 22 3
v 23 3
v 24 3
v 25 4
v 26 4
v 27 4
v 28 4
v 29 4
v 30 4
v 31 4
v 32 4
v 33 4
v 34 4
v 35 4
v 36 4
v 37 4
v 38 4
v 39 4
v 40 4
v 41 4
v 42 4
v 43 4
v 44 4
v 45 4
v 46 4
v 47 4
v 48 4
v 49 4
e 0 20 1
e 1 12 1
e 1 41 1
e 2 11 1
e 2 15 1
e 2 38 1
e 3 15 1
e 3 21 2
e 4 20 2
e 4 21 1
e 5 21 1
e 5 48 1
e 5 49 1
e 6 8 1
e 6 9 1
e 6 11 1
e 6 12 1
e 7 8 1
e 7 9 1
e 7 10 1
e 7 25 1
e 8 26 1
e 8 27 1
e 9 28 1
e 9 29 1
e 10 13 1
e 10 30 1
e 10 31 1
e 11 32 1
e 11 33 1
e 12 34 1
e 12 35 1
e 13 14 1
e 13 36 1
e 13 37 1
e 14 16 1
e 14 39 1
e 14 40 1
e 15 17 2
e 16 18 2
e 16 19 1
e 17 20 1
e 17 42 1
e 18 22 1
e 18 43 1
e 19 23 2
e 19 44 1
e 22 24 2
e 22 45 1
e 23 24 1
e 23 46 1
e 24 47 1
t # 18054
v 0 12
v 1 1
v 2 2
v 3 2
v 4 2
v 5 2
v 6 2
v 7 3
v 8 3
v 9 3
v 10 3
v 11 3
v 12 3
v 13 3
v 14 3
v 15 3
v 16 3
v 17 3
v 18 3
v 19 3
v 20 3
v 21 3
v 22 3
v 23 3
v 24 3
v 25 4
v 26 4
v 27 4
v 28 4
v 29 4
v 30 4
v 31 4
v 32 4
v 33 4
v 34 4
v 35 4
v 36 4
v 37 4
v 38 4
v 39 4
v 40 4
v 41 4
v 42 4
v 43 4
v 44 4
v 45 4
v 46 4
v 47 4
v 48 4
v 49 4
v 50 4
e 1 13 1
e 1 39 1
e 2 11 1
e 2 16 1
e 2 38 1
e 3 16 2
e 3 24 1
e 4 19 1
e 4 46 1
e 4 47 1
e 5 22 1
e 5 24 2
e 6 24 1
e 6 48 1
e 6 49 1
e 7 9 1
e 7 10 1
e 7 11 1
e 7 13 1
e 8 9 1
e 8 10 1
e 8 12 1
e 8 25 1
e 9 26 1
e 9 27 1
e 10 28 1
e 10 29 1
e 11 30 1
e 11 31 1
e 12 14 1
e 12 32 1
e 12 33 1
e 13 34 1
e 13 35 1
e 14 15 1
e 14 36 1
e 14 37 1
e 15 17 2
e 15 18 1
e 16 19 1
e 17 20 1
e 17 40 1
e 18 21 2
e 18 41 1
e 19 22 2
e 20 23 2
e 20 42 1
e 21 23 1
e 21 43 1
e 22 44 1
e 23 45 1
t # 18055
v 0 12
v 1 1
v 2 2
v 3 2
v 4 2
v 5 2
v 6 3
v 7 3
v 8 3
v 9 3
v 10 3
v 11 3
v 12 3
v 13 3
v 14 3
v 15 3
v 16 3
v 17 3
v 18 3
v 19 3
v 20 3
v 21 3
v 22 3
v 23 3
v 24 4
v 25 4
v 26 4
v 27 4
v 28 4
v 29 4
v 30 4
v 31 4
v 32 4
v 33 4
v 34 4
v 35 4
v 36 4
v 37 4
v 38 4
v 39 4
v 40 4
v 41 4
v 42 4
v 43 4
v 44 4
v 45 4
v 46 4
e 0 18 1
e 1 12 1
e 1 38 1
e 2 10 1
e 2 15 1
e 2 37 1
e 3 15 2
e 3 23 1
e 4 22 1
e 4 23 2
e 5 23 1
e 5 45 1
e 5 46 1
e 6 8 1
e 6 9 1
e 6 10 1
e 6 12 1
e 7 8 1
e 7 9 1
e 7 11 1
e 7 24 1
e 8 25 1
e 8 26 1
e 9 27 1
e 9 28 1
e 10 29 1
e 10 30 1
e 11 13 1
e 11 31 1
e 11 32 1
e 12 33 1
e 12 34 1
e 13 14 1
e 13 35 1
e 13 36 1
e 14 16 2
e 14 17 1
e 15 18 1
e 16 19 1
e 16 39 1
e 17 20 2
e 17 40 1
e 18 22 2
e 19 21 2
e 19 41 1
e 20 21 1
e 20 42 1
e 21 43 1
e 22 44 1
t # 18056
v 0 14
v 1 1
v 2 2
v 3 2
v 4 3
v 5 3
v 6 3
v 7 3
v 8 3
v 9 3
v 10 3
v 11 3
v 12 3
v 13 3
v 14 3
v 15 3
v 16 3
v 17 3
v 18 3
v 19 4
v 20 4
v 21 4
v 22 4
v 23 4
v 24 4
v 25 4
v 26 4
v 27 4
v 28 4
v 29 4
e 1 8 2
e 2 5 1
e 2 6 1
e 2 19 1
e 3 6 1
e 3 12 2
e 4 6 2
e 4 8 1
e 4 10 1
e 5 7 1
e 5 9 2
e 7 13 2
e 7 14 1
e 8 9 1
e 9 20 1
e 10 11 2
e 10 21 1
e 11 12 1
e 11 15 1
e 12 22 1
e 13 16 1
e 13 23 1
e 14 17 2
e 14 24 1
e 15 25 1
e 15 26 1
e 15 27 1
e 16 18 2
e 17 18 1
e 17 28 1
e 18 29 1
t # 18057
v 0 1
v 1 2
v 2 2
v 3 3
v 4 3
v 5 3
v 6 3
v 7 3
v 8 3
v 9 3
v 10 3
v 11 3
v 12 3
v 13 3
v 14 3
v 15 3
v 16 3
v 17 3
v 18 3
v 19 4
v 20 4
v 21 4
v 22 4
v 23 4
v 24 4
v 25 4
v 26 4
v 27 4
v 28 4
v 29 4
v 30 4
v 31 4
v 32 4
e 0 8 2
e 1 3 1
e 1 5 1
e 1 19 1
e 2 5 1
e 2 14 2
e 3 6 1
e 3 7 2
e 4 5 2
e 4 8 1
e 4 9 1
e 6 10 1
e 6 13 2
e 7 8 1
e 7 20 1
e 9 11 2
e 9 21 1
e 10 12 2
e 10 22 1
e 11 14 1
e 11 17 1
e 12 15 1
e 12 18 1
e 13 16 1
e 13 23 1
e 14 24 1
e 15 16 2
e 15 25 1
e 16 26 1
e 17 27 1
e 17 28 1
e 17 29 1
e 18 30 1
e 18 31 1
e 18 32 1
t # 18058
v 0 1
v 1 2
v 2 2
v 3 3
v 4 3
v 5 3
v 6 3
v 7 3
v 8 3
v 9 3
v 10 3
v 11 3
v 12 3
v 13 3
v 14 3
v 15 3
v 16 3
v 17 3
v 18 3
v 19 4
v 20 4
v 21 4
v 22 4
v 23 4
v 24 4
v 25 4
v 26 4
v 27 4
v 28 4
v 29 4
v 30 4
v 31 4
v 32 4
e 0 8 2
e 1 4 1
e 1 5 1
e 1 19 1
e 2 5 2
e 2 15 1
e 3 5 1
e 3 7 2
e 3 8 1
e 4 6 1
e 4 9 2
e 6 10 1
e 6 11 2
e 7 13 1
e 7 14 1
e 8 9 1
e 9 20 1
e 10 12 2
e 10 21 1
e 11 17 1
e 11 22 1
e 12 16 1
e 12 18 1
e 13 15 2
e 13 23 1
e 14 24 1
e 14 25 1
e 14 26 1
e 15 27 1
e 16 17 2
e 16 28 1
e 17 29 1
e 18 30 1
e 18 31 1
e 18 32 1
t # 18059
v 0 1
v 1 2
v 2 2
v 3 3
v 4 3
v 5 3
v 6 3
v 7 3
v 8 3
v 9 3
v 10 3
v 11 3
v 12 3
v 13 3
v 14 3
v 15 3
v 16 3
v 17 3
v 18 4
v 19 4
v 20 4
v 21 4
v 22 4
v 23 4
v 24 4
v 25 4
v 26 4
v 27 4
v 28 4
v 29 4
e 0 8 2
e 1 3 1
e 1 6 1
e 1 18 1
e 2 6 1
e 2 17 2
e 3 4 1
e 3 7 2
e 4 9 1
e 4 11 2
e 5 6 2
e 5 8 1
e 5 12 1
e 7 8 1
e 7 19 1
e 9 10 2
e 9 20 1
e 10 13 1
e 10 15 1
e 11 14 1
e 11 21 1
e 12 16 2
e 12 22 1
e 13 14 2
e 13 23 1
e 14 24 1
e 15 25 1
e 15 26 1
e 15 27 1
e 16 17 1
e 16 28 1
e 17 29 1
t # 18060
v 0 1
v 1 2
v 2 2
v 3 3
v 4 3
v 5 3
v 6 3
v 7 3
v 8 3
v 9 3
v 10 3
v 11 3
v 12 3
v 13 3
v 14 3
v 15 3
v 16 3
v 17 3
v 18 3
v 19 3
v 20 3
v 21 3
v 22 4
v 23 4
v 24 4
v 25 4
v 26 4
v 27 4
v 28 4
v 29 4
v 30 4
v 31 4
v 32 4
v 33 4
v 34 4
v 35 4
e 0 11 2
e 1 4 1
e 1 7 1
e 1 22 1
e 2 7 1
e 2 19 2
e 3 4 1
e 3 5 1
e 3 10 2
e 4 9 2
e 5 8 1
e 5 13 2
e 6 7 2
e 6 11 1
e 6 12 1
e 8 14 1
e 8 17 2
e 9 11 1
e 9 23 1
e 10 15 1
e 10 24 1
e 12 16 2
e 12 25 1
e 13 18 1
e 13 26 1
e 14 15 2
e 14 27 1
e 15 28 1
e 16 19 1
e 16 21 1
e 17 20 1
e 17 29 1
e 18 20 2
e 18 30 1
e 19 31 1
e 20 32 1
e 21 33 1
e 21 34 1
e 21 35 1
t # 18061
v 0 1
v 1 2
v 2 2
v 3 3
v 4 3
v 5 3
v 6 3
v 7 3
v 8 3
v 9 3
v 10 3
v 11 3
v 12 3
v 13 3
v 14 3
v 15 3
v 16 3
v 17 3
v 18 3
v 19 3
v 20 3
v 21 3
v 22 4
v 23 4
v 24 4
v 25 4
v 26 4
v 27 4
v 28 4
v 29 4
v 30 4
v 31 4
v 32 4
v 33 4
v 34 4
v 35 4
e 0 10 2
e 1 4 1
e 1 7 1
e 1 22 1
e 2 7 2
e 2 20 1
e 3 4 1
e 3 5 1
e 3 12 2
e 4 9 2
e 5 8 1
e 5 13 2
e 6 7 1
e 6 10 1
e 6 11 2
e 8 14 1
e 8 16 2
e 9 10 1
e 9 23 1
e 11 17 1
e 11 18 1
e 12 15 1
e 12 24 1
e 13 19 1
e 13 25 1
e 14 15 2
e 14 26 1
e 15 27 1
e 16 21 1
e 16 28 1
e 17 20 2
e 17 29 1
e 18 30 1
e 18 31 1
e 18 32 1
e 19 21 2
e 19 33 1
e 20 34 1
e 21 35 1
t # 18062
v 0 1
v 1 2
v 2 2
v 3 3
v 4 3
v 5 3
v 6 3
v 7 3
v 8 3
v 9 3
v 10 3
v 11 3
v 12 3
v 13 3
v 14 3
v 15 3
v 16 3
v 17 3
v 18 3
v 19 3
v 20 3
v 21 4
v 22 4
v 23 4
v 24 4
v 25 4
v 26 4
v 27 4
v 28 4
v 29 4
v 30 4
v 31 4
v 32 4
e 0 12 2
e 1 5 1
e 1 7 1
e 1 21 1
e 2 7 1
e 2 20 2
e 3 4 1
e 3 5 1
e 3 9 2
e 4 6 1
e 4 11 2
e 5 10 2
e 6 13 1
e 6 15 2
e 7 8 2
e 8 12 1
e 8 17 1
e 9 14 1
e 9 23 1
e 10 12 1
e 10 22 1
e 11 16 1
e 11 24 1
e 13 14 2
e 13 25 1
e 14 26 1
e 15 18 1
e 15 27 1
e 16 18 2
e 16 29 1
e 17 19 2
e 17 28 1
e 18 30 1
e 19 20 1
e 19 31 1
e 20 32 1
t # 18063
v 0 27
v 1 2
v 2 2
v 3 2
v 4 2
v 5 2
v 6 2
v 7 2
v 8 2
v 9 3
v 10 3
v 11 3
v 12 3
v 13 3
v 14 3
v 15 3
v 16 3
v 17 3
v 18 3
v 19 3
v 20 3
v 21 3
v 22 3
v 23 3
v 24 4
v 25 4
v 26 4
v 27 4
v 28 4
v 29 4
v 30 4
v 31 4
v 32 4
v 33 4
v 34 4
v 35 4
v 36 4
v 37 4
v 38 4
v 39 4
v 40 4
v 41 4
v 42 4
v 43 4
v 44 4
v 45 4
v 46 4
v 47 4
v 48 4
v 49 4
v 50 4
v 51 4
v 52 4
e 1 13 1
e 1 17 1
e 1 40 1
e 2 14 1
e 2 18 1
e 2 41 1
e 3 15 1
e 3 17 2
e 4 16 1
e 4 18 2
e 5 7 1
e 5 17 1
e 5 19 1
e 6 8 1
e 6 18 1
e 6 20 1
e 7 21 2
e 8 22 2
e 9 11 1
e 9 13 1
e 9 24 1
e 9 25 1
e 10 12 1
e 10 14 1
e 10 26 1
e 10 27 1
e 11 15 1
e 11 28 1
e 11 29 1
e 12 16 1
e 12 30 1
e 12 31 1
e 13 32 1
e 13 33 1
e 14 34 1
e 14 35 1
e 15 36 1
e 15 37 1
e 16 38 1
e 16 39 1
e 19 42 1
e 19 43 1
e 19 44 1
e 20 45 1
e 20 46 1
e 20 47 1
e 21 22 1
e 21 23 1
e 22 48 1
e 23 49 1
e 23 50 1
e 23 51 1
t # 18064
v 0 27
v 1 2
v 2 2
v 3 2
v 4 2
v 5 2
v 6 2
v 7 2
v 8 2
v 9 3
v 10 3
v 11 3
v 12 3
v 13 3
v 14 3
v 15 3
v 16 3
v 17 3
v 18 3
v 19 3
v 20 3
v 21 3
v 22 4
v 23 4
v 24 4
v 25 4
v 26 4
v 27 4
v 28 4
v 29 4
v 30 4
v 31 4
v 32 4
v 33 4
v 34 4
v 35 4
v 36 4
v 37 4
v 38 4
v 39 4
v 40 4
v 41 4
v 42 4
v 43 4
v 44 4
v 45 4
v 46 4
e 1 11 1
e 1 15 1
e 1 34 1
e 2 12 1
e 2 16 1
e 2 35 1
e 3 13 1
e 3 15 2
e 4 14 1
e 4 16 2
e 5 7 1
e 5 15 1
e 5 17 1
e 6 8 1
e 6 16 1
e 6 18 1
e 7 19 2
e 8 20 2
e 9 11 1
e 9 13 1
e 9 22 1
e 9 23 1
e 10 12 1
e 10 14 1
e 10 24 1
e 10 25 1
e 11 26 1
e 11 27 1
e 12 28 1
e 12 29 1
e 13 30 1
e 13 31 1
e 14 32 1
e 14 33 1
e 17 36 1
e 17 37 1
e 17 38 1
e 18 39 1
e 18 40 1
e 18 41 1
e 19 20 1
e 19 21 1
e 20 42 1
e 21 43 1
e 21 44 1
e 21 45 1
t # 18065
v 0 27
v 1 1
v 2 2
v 3 2
v 4 2
v 5 2
v 6 3
v 7 3
v 8 3
v 9 3
v 10 3
v 11 3
v 12 3
v 13 3
v 14 4
v 15 4
v 16 4
v 17 4
v 18 4
v 19 4
v 20 4
v 21 4
v 22 4
v 23 4
v 24 4
v 25 4
v 26 4
e 1 10 2
e 2 7 1
e 2 9 1
e 2 10 1
e 3 8 1
e 3 9 1
e 3 11 1
e 4 5 1
e 4 9 2
e 5 12 2
e 6 7 1
e 6 8 1
e 6 14 1
e 6 15 1
e 7 16 1
e 7 17 1
e 8 18 1
e 8 19 1
e 10 12 1
e 11 20 1
e 11 21 1
e 11 22 1
e 12 13 1
e 13 23 1
e 13 24 1
e 13 25 1
t # 18066
v 0 27
v 1 1
v 2 2
v 3 2
v 4 2
v 5 2
v 6 3
v 7 3
v 8 3
v 9 3
v 10 3
v 11 3
v 12 3
v 13 4
v 14 4
v 15 4
v 16 4
v 17 4
v 18 4
v 19 4
v 20 4
v 21 4
v 22 4
v 23 4
e 1 9 2
e 2 6 1
e 2 8 1
e 2 9 1
e 3 7 1
e 3 8 1
e 3 10 1
e 4 5 1
e 4 8 2
e 5 11 2
e 6 7 1
e 6 13 1
e 6 14 1
e 7 15 1
e 7 16 1
e 9 11 1
e 10 17 1
e 10 18 1
e 10 19 1
e 11 12 1
e 12 20 1
e 12 21 1
e 12 22 1
t # 18067
v 0 27
v 1 1
v 2 1
v 3 1
v 4 1
v 5 2
v 6 2
v 7 2
v 8 2
v 9 3
v 10 3
v 11 3
v 12 3
v 13 3
v 14 3
v 15 3
v 16 3
v 17 3
v 18 3
v 19 4
v 20 4
v 21 4
v 22 4
v 23 4
v 24 4
v 25 4
v 26 4
v 27 4
v 28 4
v 29 4
v 30 4
v 31 4
v 32 4
v 33 4
v 34 4
v 35 4
e 1 16 1
e 1 17 1
e 2 13 2
e 3 15 2
e 4 16 2
e 5 10 1
e 5 12 1
e 5 25 1
e 6 11 1
e 6 12 2
e 7 8 1
e 7 12 1
e 7 26 1
e 8 13 1
e 8 27 1
e 9 10 1
e 9 11 1
e 9 19 1
e 9 20 1
e 10 21 1
e 10 22 1
e 11 23 1
e 11 24 1
e 13 15 1
e 14 15 1
e 14 16 1
e 14 28 1
e 14 29 1
e 17 18 1
e 17 30 1
e 17 31 1
e 18 32 1
e 18 33 1
e 18 34 1
t # 18068
v 0 27
v 1 1
v 2 1
v 3 1
v 4 1
v 5 2
v 6 2
v 7 2
v 8 2
v 9 3
v 10 3
v 11 3
v 12 3
v 13 3
v 14 3
v 15 3
v 16 3
v 17 3
v 18 4
v 19 4
v 20 4
v 21 4
v 22 4
v 23 4
v 24 4
v 25 4
v 26 4
v 27 4
v 28 4
v 29 4
v 30 4
v 31 4
v 32 4
e 1 15 1
e 1 16 1
e 2 13 2
e 3 14 2
e 4 15 2
e 5 9 1
e 5 11 1
e 5 22 1
e 6 10 1
e 6 11 2
e 7 8 1
e 7 11 1
e 7 23 1
e 8 13 1
e 8 24 1
e 9 10 1
e 9 18 1
e 9 19 1
e 10 20 1
e 10 21 1
e 12 14 1
e 12 15 1
e 12 25 1
e 12 26 1
e 13 14 1
e 16 17 1
e 16 27 1
e 16 28 1
e 17 29 1
e 17 30 1
e 17 31 1
t # 18069
v 0 27
v 1 1
v 2 1
v 3 2
v 4 2
v 5 2
v 6 2
v 7 3
v 8 3
v 9 3
v 10 3
v 11 3
v 12 3
v 13 3
v 14 3
v 15 3
v 16 4
v 17 4
v 18 4
v 19 4
v 20 4
v 21 4
v 22 4
v 23 4
v 24 4
v 25 4
v 26 4
v 27 4
v 28 4
e 1 12 1
e 1 15 1
e 2 11 2
e 3 8 1
e 3 10 1
e 3 22 1
e 4 9 1
e 4 10 2
e 5 6 1
e 5 10 1
e 5 23 1
e 6 11 1
e 6 24 1
e 7 8 1
e 7 9 1
e 7 16 1
e 7 17 1
e 8 18 1
e 8 19 1
e 9 20 1
e 9 21 1
e 11 12 1
e 12 13 2
e 13 14 1
e 13 25 1
e 14 15 2
e 14 26 1
e 15 27 1
t # 18070
v 0 27
v 1 1
v 2 1
v 3 2
v 4 2
v 5 2
v 6 2
v 7 3
v 8 3
v 9 3
v 10 3
v 11 3
v 12 3
v 13 3
v 14 3
v 15 4
v 16 4
v 17 4
v 18 4
v 19 4
v 20 4
v 21 4
v 22 4
v 23 4
v 24 4
v 25 4
e 1 11 1
e 1 14 1
e 2 10 2
e 3 7 1
e 3 9 1
e 3 19 1
e 4 8 1
e 4 9 2
e 5 6 1
e 5 9 1
e 5 20 1
e 6 10 1
e 6 21 1
e 7 8 1
e 7 15 1
e 7 16 1
e 8 17 1
e 8 18 1
e 10 11 1
e 11 12 2
e 12 13 1
e 12 22 1
e 13 14 2
e 13 23 1
e 14 24 1
t # 18071
v 0 27
v 1 12
v 2 1
v 3 2
v 4 2
v 5 2
v 6 2
v 7 3
v 8 3
v 9 3
v 10 3
v 11 3
v 12 3
v 13 3
v 14 3
v 15 4
v 16 4
v 17 4
v 18 4
v 19 4
v 20 4
v 21 4
v 22 4
v 23 4
v 24 4
v 25 4
v 26 4
v 27 4
v 28 4
v 29 4
v 30 4
e 1 14 1
e 2 13 2
e 3 9 1
e 3 11 1
e 3 23 1
e 4 10 1
e 4 11 2
e 5 6 1
e 5 11 1
e 5 24 1
e 6 13 1
e 6 25 1
e 7 8 1
e 7 9 1
e 7 15 1
e 7 16 1
e 8 10 1
e 8 17 1
e 8 18 1
e 9 19 1
e 9 20 1
e 10 21 1
e 10 22 1
e 12 13 1
e 12 14 1
e 12 26 1
e 12 27 1
e 14 28 1
e 14 29 1
t # 18072
v 0 27
v 1 12
v 2 1
v 3 2
v 4 2
v 5 2
v 6 2
v 7 3
v 8 3
v 9 3
v 10 3
v 11 3
v 12 3
v 13 3
v 14 4
v 15 4
v 16 4
v 17 4
v 18 4
v 19 4
v 20 4
v 21 4
v 22 4
v 23 4
v 24 4
v 25 4
v 26 4
v 27 4
e 1 13 1
e 2 12 2
e 3 8 1
e 3 10 1
e 3 20 1
e 4 9 1
e 4 10 2
e 5 6 1
e 5 10 1
e 5 21 1
e 6 12 1
e 6 22 1
e 7 8 1
e 7 9 1
e 7 14 1
e 7 15 1
e 8 16 1
e 8 17 1
e 9 18 1
e 9 19 1
e 11 12 1
e 11 13 1
e 11 23 1
e 11 24 1
e 13 25 1
e 13 26 1
t # 18073
v 0 27
v 1 12
v 2 1
v 3 2
v 4 2
v 5 2
v 6 2
v 7 3
v 8 3
v 9 3
v 10 3
v 11 3
v 12 3
v 13 4
v 14 4
v 15 4
v 16 4
v 17 4
v 18 4
v 19 4
v 20 4
v 21 4
v 22 4
v 23 4
v 24 4
e 1 12 1
e 2 11 2
e 3 7 1
e 3 9 1
e 3 17 1
e 4 8 1
e 4 9 2
e 5 6 1
e 5 9 1
e 5 18 1
e 6 11 1
e 6 21 1
e 7 8 1
e 7 13 1
e 7 14 1
e 8 15 1
e 8 16 1
e 10 11 1
e 10 12 1
e 10 19 1
e 10 20 1
e 12 22 1
e 12 23 1
t # 18074
v 0 27
v 1 1
v 2 1
v 3 1
v 4 1
v 5 2
v 6 2
v 7 2
v 8 2
v 9 3
v 10 3
v 11 3
v 12 3
v 13 3
v 14 3
v 15 3
v 16 3
v 17 3
v 18 4
v 19 4
v 20 4
v 21 4
v 22 4
v 23 4
v 24 4
v 25 4
v 26 4
v 27 4
v 28 4
v 29 4
v 30 4
v 31 4
v 32 4
e 1 15 1
e 1 16 1
e 2 13 2
e 3 14 2
e 4 16 2
e 5 9 1
e 5 11 1
e 5 22 1
e 6 8 1
e 6 11 1
e 6 12 1
e 7 10 1
e 7 11 2
e 8 13 1
e 8 26 1
e 9 10 1
e 9 18 1
e 9 19 1
e 10 20 1
e 10 21 1
e 12 23 1
e 12 24 1
e 12 25 1
e 13 14 1
e 14 16 1
e 15 17 1
e 15 27 1
e 15 28 1
e 17 29 1
e 17 30 1
e 17 31 1
t # 18075
v 0 27
v 1 1
v 2 1
v 3 2
v 4 2
v 5 2
v 6 2
v 7 3
v 8 3
v 9 3
v 10 3
v 11 3
v 12 3
v 13 3
v 14 3
v 15 3
v 16 3
v 17 3
v 18 4
v 19 4
v 20 4
v 21 4
v 22 4
v 23 4
v 24 4
v 25 4
v 26 4
v 27 4
v 28 4
v 29 4
v 30 4
v 31 4
v 32 4
v 33 4
v 34 4
e 1 14 1
e 1 17 1
e 2 13 2
e 3 9 1
e 3 11 1
e 3 26 1
e 4 10 1
e 4 11 2
e 5 6 1
e 5 11 1
e 5 12 1
e 6 13 1
e 6 30 1
e 7 8 1
e 7 9 1
e 7 18 1
e 7 19 1
e 8 10 1
e 8 20 1
e 8 21 1
e 9 22 1
e 9 23 1
e 10 24 1
e 10 25 1
e 12 27 1
e 12 28 1
e 12 29 1
e 13 14 1
e 14 15 2
e 15 16 1
e 15 31 1
e 16 17 2
e 16 32 1
e 17 33 1
t # 18076
v 0 27
v 1 1
v 2 1
v 3 2
v 4 2
v 5 2
v 6 2
v 7 3
v 8 3
v 9 3
v 10 3
v 11 3
v 12 3
v 13 3
v 14 3
v 15 3
v 16 4
v 17 4
v 18 4
v 19 4
v 20 4
v 21 4
v 22 4
v 23 4
v 24 4
v 25 4
v 26 4
v 27 4
v 28 4
e 1 12 1
e 1 15 1
e 2 11 2
e 3 7 1
e 3 9 1
e 3 20 1
e 4 6 1
e 4 9 1
e 4 10 1
e 5 8 1
e 5 9 2
e 6 11 1
e 6 21 1
e 7 8 1
e 7 16 1
e 7 17 1
e 8 18 1
e 8 19 1
e 10 22 1
e 10 23 1
e 10 24 1
e 11 12 1
e 12 13 2
e 13 14 1
e 13 25 1
e 14 15 2
e 14 26 1
e 15 27 1
t # 18077
v 0 27
v 1 12
v 2 1
v 3 2
v 4 2
v 5 2
v 6 2
v 7 3
v 8 3
v 9 3
v 10 3
v 11 3
v 12 3
v 13 3
v 14 3
v 15 3
v 16 4
v 17 4
v 18 4
v 19 4
v 20 4
v 21 4
v 22 4
v 23 4
v 24 4
v 25 4
v 26 4
v 27 4
v 28 4
v 29 4
v 30 4
v 31 4
v 32 4
v 33 4
e 1 15 1
e 2 13 2
e 3 9 1
e 3 11 1
e 3 24 1
e 4 6 1
e 4 11 1
e 4 12 1
e 5 10 1
e 5 11 2
e 6 13 1
e 6 25 1
e 7 8 1
e 7 9 1
e 7 16 1
e 7 17 1
e 8 10 1
e 8 18 1
e 8 19 1
e 9 20 1
e 9 21 1
e 10 22 1
e 10 23 1
e 12 26 1
e 12 27 1
e 12 28 1
e 13 14 1
e 14 15 1
e 14 29 1
e 14 30 1
e 15 31 1
e 15 32 1
t # 18078
v 0 27
v 1 12
v 2 1
v 3 2
v 4 2
v 5 2
v 6 2
v 7 3
v 8 3
v 9 3
v 10 3
v 11 3
v 12 3
v 13 3
v 14 4
v 15 4
v 16 4
v 17 4
v 18 4
v 19 4
v 20 4
v 21 4
v 22 4
v 23 4
v 24 4
v 25 4
v 26 4
v 27 4
e 1 13 1
e 2 11 2
e 3 7 1
e 3 8 1
e 3 18 1
e 4 6 1
e 4 8 1
e 4 10 1
e 5 8 2
e 5 9 1
e 6 11 1
e 6 19 1
e 7 9 1
e 7 14 1
e 7 15 1
e 9 16 1
e 9 17 1
e 10 20 1
e 10 21 1
e 10 22 1
e 11 12 1
e 12 13 1
e 12 23 1
e 12 24 1
e 13 25 1
e 13 26 1
t # 18079
v 0 27
v 1 1
v 2 1
v 3 2
v 4 2
v 5 2
v 6 2
v 7 3
v 8 3
v 9 3
v 10 3
v 11 3
v 12 3
v 13 3
v 14 3
v 15 3
v 16 3
v 17 3
v 18 3
v 19 3
v 20 3
v 21 4
v 22 4
v 23 4
v 24 4
v 25 4
v 26 4
v 27 4
v 28 4
v 29 4
v 30 4
v 31 4
v 32 4
v 33 4
v 34 4
v 35 4
v 36 4
v 37 4
v 38 4
v 39 4
e 1 13 1
e 1 19 1
e 2 15 1
e 2 19 1
e 3 9 1
e 3 11 1
e 3 29 1
e 4 10 1
e 4 11 2
e 5 6 1
e 5 11 1
e 5 34 1
e 6 20 2
e 7 8 1
e 7 9 1
e 7 21 1
e 7 22 1
e 8 10 1
e 8 23 1
e 8 24 1
e 9 25 1
e 9 26 1
e 10 27 1
e 10 28 1
e 12 14 1
e 12 16 2
e 12 17 1
e 13 15 2
e 13 16 1
e 14 20 1
e 14 30 1
e 14 31 1
e 15 18 1
e 16 32 1
e 17 18 2
e 17 33 1
e 18 35 1
e 19 36 1
e 19 37 1
e 20 38 1
t # 18080
v 0 27
v 1 1
v 2 1
v 3 2
v 4 2
v 5 2
v 6 2
v 7 3
v 8 3
v 9 3
v 10 3
v 11 3
v 12 3
v 13 3
v 14 3
v 15 3
v 16 3
v 17 3
v 18 3
v 19 3
v 20 4
v 21 4
v 22 4
v 23 4
v 24 4
v 25 4
v 26 4
v 27 4
v 28 4
v 29 4
v 30 4
v 31 4
v 32 4
v 33 4
v 34 4
v 35 4
v 36 4
e 1 12 1
e 1 18 1
e 2 14 1
e 2 18 1
e 3 8 1
e 3 11 1
e 3 26 1
e 4 9 1
e 4 11 2
e 5 6 1
e 5 11 1
e 5 34 1
e 6 19 2
e 7 8 1
e 7 9 1
e 7 20 1
e 7 21 1
e 8 22 1
e 8 23 1
e 9 24 1
e 9 25 1
e 10 13 1
e 10 15 2
e 10 16 1
e 12 14 2
e 12 15 1
e 13 19 1
e 13 27 1
e 13 28 1
e 14 17 1
e 15 29 1
e 16 17 2
e 16 30 1
e 17 31 1
e 18 32 1
e 18 33 1
e 19 35 1
t # 18081
v 0 27
v 1 1
v 2 1
v 3 2
v 4 2
v 5 2
v 6 2
v 7 3
v 8 3
v 9 3
v 10 3
v 11 3
v 12 3
v 13 3
v 14 3
v 15 3
v 16 3
v 17 3
v 18 3
v 19 4
v 20 4
v 21 4
v 22 4
v 23 4
v 24 4
v 25 4
v 26 4
v 27 4
v 28 4
v 29 4
v 30 4
v 31 4
v 32 4
v 33 4
e 1 9 1
e 1 17 1
e 2 11 1
e 2 17 1
e 3 8 1
e 3 15 1
e 3 26 1
e 4 10 1
e 4 15 2
e 5 6 1
e 5 15 1
e 5 32 1
e 6 18 2
e 7 12 1
e 7 13 2
e 7 14 1
e 8 10 1
e 8 19 1
e 8 20 1
e 9 11 2
e 9 13 1
e 10 21 1
e 10 22 1
e 11 16 1
e 12 18 1
e 12 23 1
e 12 24 1
e 13 25 1
e 14 16 2
e 14 27 1
e 16 28 1
e 17 29 1
e 17 30 1
e 18 31 1
t # 18082
v 0 27
v 1 2
v 2 2
v 3 2
v 4 2
v 5 3
v 6 3
v 7 3
v 8 3
v 9 3
v 10 3
v 11 3
v 12 3
v 13 3
v 14 3
v 15 3
v 16 3
v 17 3
v 18 3
v 19 3
v 20 3
v 21 4
v 22 4
v 23 4
v 24 4
v 25 4
v 26 4
v 27 4
v 28 4
v 29 4
v 30 4
v 31 4
v 32 4
v 33 4
v 34 4
v 35 4
v 36 4
v 37 4
v 38 4
v 39 4
e 1 7 1
e 1 9 1
e 1 29 1
e 2 8 1
e 2 9 2
e 3 4 1
e 3 9 1
e 3 30 1
e 4 18 2
e 5 6 1
e 5 7 1
e 5 21 1
e 5 22 1
e 6 8 1
e 6 23 1
e 6 24 1
e 7 25 1
e 7 26 1
e 8 27 1
e 8 28 1
e 10 11 1
e 10 13 1
e 10 16 2
e 11 14 1
e 11 17 2
e 12 13 2
e 12 15 1
e 12 18 1
e 13 31 1
e 14 15 2
e 14 32 1
e 15 33 1
e 16 19 1
e 16 34 1
e 17 20 1
e 17 35 1
e 18 36 1
e 19 20 2
e 19 37 1
e 20 38 1
t # 18083
v 0 27
v 1 2
v 2 2
v 3 2
v 4 2
v 5 3
v 6 3
v 7 3
v 8 3
v 9 3
v 10 3
v 11 3
v 12 3
v 13 3
v 14 3
v 15 3
v 16 3
v 17 3
v 18 3
v 19 3
v 20 4
v 21 4
v 22 4
v 23 4
v 24 4
v 25 4
v 26 4
v 27 4
v 28 4
v 29 4
v 30 4
v 31 4
v 32 4
v 33 4
v 34 4
v 35 4
v 36 4
e 1 6 1
e 1 8 1
e 1 26 1
e 2 7 1
e 2 8 2
e 3 4 1
e 3 8 1
e 3 30 1
e 4 17 2
e 5 6 1
e 5 7 1
e 5 20 1
e 5 21 1
e 6 22 1
e 6 23 1
e 7 24 1
e 7 25 1
e 9 10 1
e 9 12 1
e 9 15 2
e 10 13 1
e 10 16 2
e 11 12 2
e 11 14 1
e 11 17 1
e 12 27 1
e 13 14 2
e 13 28 1
e 14 29 1
e 15 18 1
e 15 31 1
e 16 19 1
e 16 32 1
e 17 33 1
e 18 19 2
e 18 34 1
e 19 35 1
t # 18084
v 0 27
v 1 2
v 2 2
v 3 2
v 4 2
v 5 3
v 6 3
v 7 3
v 8 3
v 9 3
v 10 3
v 11 3
v 12 3
v 13 3
v 14 3
v 15 3
v 16 3
v 17 3
v 18 3
v 19 4
v 20 4
v 21 4
v 22 4
v 23 4
v 24 4
v 25 4
v 26 4
v 27 4
v 28 4
v 29 4
v 30 4
v 31 4
v 32 4
v 33 4
e 1 5 1
e 1 9 1
e 1 23 1
e 2 6 1
e 2 9 2
e 3 4 1
e 3 9 1
e 3 29 1
e 4 16 2
e 5 6 1
e 5 19 1
e 5 20 1
e 6 21 1
e 6 22 1
e 7 8 1
e 7 11 1
e 7 14 2
e 8 12 1
e 8 15 2
e 10 11 2
e 10 13 1
e 10 16 1
e 11 24 1
e 12 13 2
e 12 25 1
e 13 26 1
e 14 17 1
e 14 27 1
e 15 18 1
e 15 28 1
e 16 30 1
e 17 18 2
e 17 31 1
e 18 32 1
t # 18085
v 0 11
v 1 2
v 2 2
v 3 2
v 4 3
v 5 3
v 6 3
v 7 3
v 8 3
v 9 3
v 10 3
v 11 3
v 12 4
v 13 4
v 14 4
v 15 4
v 16 4
e 1 7 1
e 1 16 1
e 2 5 2
e 3 10 1
e 3 11 2
e 4 5 1
e 4 6 1
e 4 10 2
e 5 7 1
e 6 8 2
e 6 11 1
e 7 9 2
e 8 9 1
e 8 12 1
e 9 13 1
e 10 14 1
e 11 15 1
t # 18086
v 0 11
v 1 11
v 2 1
v 3 2
v 4 2
v 5 3
v 6 3
v 7 3
v 8 3
v 9 3
v 10 3
v 11 3
v 12 3
v 13 3
v 14 3
v 15 3
v 16 3
v 17 3
v 18 3
v 19 3
v 20 3
v 21 3
v 22 4
v 23 4
v 24 4
v 25 4
v 26 4
v 27 4
v 28 4
v 29 4
v 30 4
v 31 4
v 32 4
v 33 4
v 34 4
v 35 4
v 36 4
v 37 4
v 38 4
v 39 4
v 40 4
v 41 4
v 42 4
v 43 4
e 0 5 1
e 0 13 1
e 1 5 1
e 1 14 1
e 2 20 1
e 2 21 1
e 3 8 1
e 3 12 1
e 3 27 1
e 4 6 1
e 4 15 1
e 4 28 1
e 5 7 1
e 5 8 1
e 6 9 1
e 6 10 1
e 6 22 1
e 7 9 1
e 7 23 1
e 7 24 1
e 8 10 2
e 9 25 1
e 9 26 1
e 10 11 1
e 11 12 1
e 11 16 2
e 12 17 2
e 13 14 1
e 13 29 1
e 13 30 1
e 14 31 1
e 14 32 1
e 15 20 1
e 15 33 1
e 15 34 1
e 16 18 1
e 16 35 1
e 17 19 1
e 17 36 1
e 18 19 2
e 18 37 1
e 19 38 1
e 20 39 1
e 20 40 1
e 21 41 1
e 21 42 1
e 21 43 1
t # 18087
v 0 11
v 1 11
v 2 1
v 3 1
v 4 1
v 5 2
v 6 2
v 7 3
v 8 3
v 9 3
v 10 3
v 11 3
v 12 3
v 13 3
v 14 3
v 15 3
v 16 3
v 17 3
v 18 3
v 19 3
v 20 3
v 21 3
v 22 3
v 23 3
v 24 3
v 25 3
v 26 3
v 27 4
v 28 4
v 29 4
v 30 4
v 31 4
v 32 4
v 33 4
v 34 4
v 35 4
v 36 4
v 37 4
v 38 4
v 39 4
v 40 4
v 41 4
v 42 4
v 43 4
v 44 4
v 45 4
v 46 4
v 47 4
v 48 4
v 49 4
v 50 4
v 51 4
v 52 4
e 0 7 1
e 0 15 1
e 1 7 1
e 1 16 1
e 2 21 1
e 2 25 1
e 3 21 1
e 3 26 1
e 4 19 2
e 5 8 1
e 5 17 1
e 5 19 1
e 6 12 1
e 6 14 1
e 6 32 1
e 7 9 1
e 7 12 1
e 8 10 1
e 8 11 1
e 8 27 1
e 9 10 1
e 9 28 1
e 9 29 1
e 10 30 1
e 10 31 1
e 11 12 2
e 11 13 1
e 13 14 1
e 13 18 2
e 14 20 2
e 15 16 1
e 15 33 1
e 15 34 1
e 16 35 1
e 16 36 1
e 17 21 1
e 17 37 1
e 17 38 1
e 18 22 1
e 18 39 1
e 19 24 1
e 20 23 1
e 20 40 1
e 21 41 1
e 22 23 2
e 22 42 1
e 23 43 1
e 24 44 1
e 24 45 1
e 24 46 1
e 25 47 1
e 25 48 1
e 25 49 1
e 26 50 1
e 26 51 1
e 26 52 1
t # 18088
v 0 11
v 1 11
v 2 1
v 3 1
v 4 2
v 5 2
v 6 3
v 7 3
v 8 3
v 9 3
v 10 3
v 11 3
v 12 3
v 13 3
v 14 3
v 15 3
v 16 3
v 17 3
v 18 3
v 19 3
v 20 3
v 21 3
v 22 3
v 23 3
v 24 3
v 25 3
v 26 3
v 27 3
v 28 3
v 29 3
v 30 4
v 31 4
v 32 4
v 33 4
v 34 4
v 35 4
v 36 4
v 37 4
v 38 4
v 39 4
v 40 4
v 41 4
v 42 4
v 43 4
v 44 4
v 45 4
v 46 4
v 47 4
v 48 4
v 49 4
v 50 4
v 51 4
v 52 4
v 53 4
v 54 4
v 55 4
e 0 6 1
e 0 14 1
e 1 6 1
e 1 15 1
e 2 18 2
e 3 20 1
e 3 26 1
e 4 7 1
e 4 16 1
e 4 18 1
e 5 11 1
e 5 13 1
e 5 35 1
e 6 8 1
e 6 11 1
e 7 9 1
e 7 10 1
e 7 30 1
e 8 9 1
e 8 31 1
e 8 32 1
e 9 33 1
e 9 34 1
e 10 11 2
e 10 12 1
e 12 13 1
e 12 17 2
e 13 19 2
e 14 15 1
e 14 36 1
e 14 37 1
e 15 38 1
e 15 39 1
e 16 20 1
e 16 40 1
e 16 41 1
e 17 21 1
e 17 42 1
e 18 23 1
e 19 22 1
e 19 43 1
e 20 44 1
e 20 45 1
e 21 22 2
e 21 46 1
e 22 47 1
e 23 24 2
e 23 25 1
e 24 27 1
e 24 48 1
e 25 28 2
e 25 49 1
e 26 52 1
e 26 53 1
e 26 54 1
e 27 29 2
e 27 50 1
e 28 29 1
e 28 51 1
e 29 55 1
t # 18089
v 0 1
v 1 1
v 2 1
v 3 1
v 4 1
v 5 1
v 6 1
v 7 2
v 8 2
v 9 3
v 10 3
v 11 3
v 12 3
v 13 3
v 14 3
v 15 3
v 16 3
v 17 3
v 18 3
v 19 3
v 20 3
v 21 3
v 22 3
v 23 3
v 24 3
v 25 3
v 26 3
v 27 3
v 28 3
v 29 3
v 30 3
v 31 3
v 32 3
v 33 3
v 34 3
v 35 3
v 36 3
v 37 3
v 38 3
v 39 3
v 40 3
v 41 3
v 42 3
v 43 3
v 44 3
v 45 3
v 46 3
v 47 4
v 48 4
v 49 4
v 50 4
v 51 4
v 52 4
v 53 4
v 54 4
v 55 4
v 56 4
v 57 4
v 58 4
v 59 4
v 60 4
v 61 4
v 62 4
v 63 4
v 64 4
v 65 4
v 66 4
v 67 4
v 68 4
v 69 4
v 70 4
v 71 4
v 72 4
v 73 4
v 74 4
v 75 4
v 76 4
v 77 4
v 78 4
v 79 4
v 80 4
v 81 4
v 82 4
v 83 4
v 84 4
v 85 4
v 86 4
v 87 4
v 88 4
e 0 18 1
e 0 29 1
e 1 22 1
e 1 38 1
e 2 23 1
e 2 39 1
e 3 25 1
e 3 40 1
e 4 24 1
e 4 71 1
e 5 34 1
e 5 45 1
e 6 46 1
e 6 88 1
e 7 9 1
e 7 10 1
e 7 17 1
e 8 26 1
e 8 30 1
e 8 36 1
e 9 12 1
e 9 13 1
e 9 47 1
e 10 11 1
e 10 14 1
e 10 48 1
e 11 15 1
e 11 49 1
e 11 50 1
e 12 16 1
e 12 51 1
e 12 52 1
e 13 15 1
e 13 19 2
e 14 16 1
e 14 20 2
e 15 18 2
e 16 21 2
e 17 53 1
e 17 54 1
e 17 55 1
e 18 22 1
e 19 23 1
e 19 56 1
e 20 24 1
e 20 57 1
e 21 25 1
e 21 58 1
e 22 23 2
e 24 25 2
e 26 27 1
e 26 32 1
e 26 59 1
e 27 28 1
e 27 33 2
e 28 31 1
e 28 35 2
e 29 33 1
e 29 34 2
e 30 31 1
e 30 60 1
e 30 61 1
e 31 62 1
e 31 63 1
e 32 37 1
e 32 64 1
e 32 65 1
e 33 66 1
e 34 35 1
e 35 67 1
e 36 68 1
e 36 69 1
e 36 70 1
e 37 41 2
e 37 42 1
e 38 72 1
e 38 73 1
e 38 74 1
e 39 75 1
e 39 76 1
e 39 77 1
e 40 78 1
e 40 79 1
e 40 80 1
e 41 43 1
e 41 81 1
e 42 44 2
e 42 82 1
e 43 46 2
e 43 83 1
e 44 46 1
e 44 84 1
e 45 85 1
e 45 86 1
e 45 87 1
t # 18090
v 0 27
v 1 1
v 2 1
v 3 2
v 4 2
v 5 2
v 6 3
v 7 3
v 8 3
v 9 3
v 10 3
v 11 3
v 12 3
v 13 3
v 14 3
v 15 3
v 16 4
v 17 4
v 18 4
v 19 4
v 20 4
v 21 4
v 22 4
v 23 4
e 1 8 2
e 2 9 1
e 3 8 1
e 3 10 1
e 3 16 1
e 4 9 1
e 4 10 2
e 5 10 1
e 5 22 1
e 5 23 1
e 6 8 1
e 6 9 2
e 7 11 2
e 7 12 1
e 11 13 1
e 11 17 1
e 12 14 2
e 12 18 1
e 13 15 2
e 13 19 1
e 14 15 1
e 14 20 1
e 15 21 1
t # 18091
v 0 11
v 1 1
v 2 1
v 3 2
v 4 2
v 5 2
v 6 2
v 7 3
v 8 3
v 9 3
v 10 3
v 11 3
v 12 3
v 13 3
v 14 3
v 15 3
v 16 3
v 17 3
v 18 3
v 19 3
v 20 3
v 21 3
v 22 3
v 23 3
v 24 3
v 25 3
v 26 3
v 27 3
v 28 4
v 29 4
v 30 4
v 31 4
v 32 4
v 33 4
v 34 4
v 35 4
v 36 4
v 37 4
v 38 4
v 39 4
v 40 4
v 41 4
v 42 4
v 43 4
v 44 4
v 45 4
v 46 4
v 47 4
v 48 4
v 49 4
e 0 13 1
e 0 21 1
e 1 16 2
e 2 19 2
e 3 7 1
e 3 10 1
e 3 11 1
e 4 9 1
e 4 12 1
e 4 15 1
e 5 8 1
e 5 19 1
e 5 37 1
e 6 12 2
e 6 14 1
e 7 8 1
e 7 28 1
e 7 29 1
e 8 30 1
e 8 31 1
e 9 13 2
e 9 16 1
e 10 22 1
e 10 32 1
e 10 33 1
e 11 23 1
e 11 34 1
e 11 35 1
e 12 18 1
e 13 20 1
e 14 15 2
e 14 19 1
e 15 36 1
e 16 17 1
e 17 21 1
e 17 24 2
e 18 20 2
e 18 38 1
e 20 39 1
e 21 25 2
e 22 40 1
e 22 41 1
e 22 42 1
e 23 43 1
e 23 44 1
e 23 45 1
e 24 26 1
e 24 46 1
e 25 27 1
e 25 47 1
e 26 27 2
e 26 48 1
e 27 49 1
t # 18092
v 0 11
v 1 1
v 2 1
v 3 1
v 4 2
v 5 2
v 6 3
v 7 3
v 8 3
v 9 3
v 10 3
v 11 3
v 12 3
v 13 3
v 14 3
v 15 3
v 16 3
v 17 3
v 18 3
v 19 3
v 20 3
v 21 3
v 22 3
v 23 4
v 24 4
v 25 4
v 26 4
v 27 4
v 28 4
v 29 4
v 30 4
v 31 4
v 32 4
v 33 4
v 34 4
e 0 7 1
e 0 12 1
e 1 9 2
e 2 20 1
e 2 21 1
e 3 20 2
e 4 6 1
e 4 8 1
e 4 11 1
e 5 8 2
e 5 15 1
e 6 7 2
e 6 9 1
e 7 13 1
e 8 14 1
e 9 10 1
e 10 12 1
e 10 16 2
e 11 15 2
e 11 23 1
e 12 17 2
e 13 14 2
e 13 24 1
e 14 25 1
e 15 20 1
e 16 18 1
e 16 26 1
e 17 19 1
e 17 27 1
e 18 19 2
e 18 28 1
e 19 29 1
e 21 22 1
e 21 30 1
e 21 31 1
e 22 32 1
e 22 33 1
e 22 34 1
t # 18093
v 0 1
v 1 1
v 2 2
v 3 2
v 4 2
v 5 3
v 6 3
v 7 3
v 8 3
v 9 3
v 10 3
v 11 3
v 12 3
v 13 3
v 14 3
v 15 3
v 16 3
v 17 3
v 18 3
v 19 3
v 20 4
v 21 4
v 22 4
v 23 4
v 24 4
v 25 4
v 26 4
v 27 4
v 28 4
v 29 4
v 30 4
v 31 4
v 32 4
v 33 4
v 34 4
v 35 4
v 36 4
e 0 12 2
e 1 15 2
e 2 5 1
e 2 7 1
e 2 12 1
e 3 4 1
e 3 9 1
e 3 29 1
e 4 15 1
e 4 31 1
e 5 6 1
e 5 20 1
e 5 21 1
e 6 11 1
e 6 22 1
e 6 23 1
e 7 8 1
e 7 14 2
e 8 9 1
e 8 16 2
e 9 10 2
e 10 12 1
e 10 15 1
e 11 13 1
e 11 24 1
e 11 25 1
e 13 19 1
e 13 26 1
e 13 27 1
e 14 17 1
e 14 28 1
e 16 18 1
e 16 30 1
e 17 18 2
e 17 32 1
e 18 33 1
e 19 34 1
e 19 35 1
e 19 36 1
t # 18094
v 0 1
v 1 1
v 2 1
v 3 1
v 4 2
v 5 2
v 6 3
v 7 3
v 8 3
v 9 3
v 10 3
v 11 3
v 12 3
v 13 3
v 14 3
v 15 3
v 16 3
v 17 3
v 18 3
v 19 3
v 20 3
v 21 4
v 22 4
v 23 4
v 24 4
v 25 4
v 26 4
v 27 4
v 28 4
v 29 4
v 30 4
e 0 9 1
e 0 15 1
e 1 15 2
e 4 7 1
e 4 9 2
e 5 14 1
e 6 7 2
e 6 10 1
e 6 15 1
e 7 13 1
e 8 9 1
e 8 11 1
e 8 16 2
e 10 14 2
e 10 21 1
e 11 12 2
e 11 22 1
e 12 18 1
e 12 20 1
e 13 17 2
e 13 23 1
e 14 17 1
e 16 19 1
e 16 24 1
e 17 25 1
e 18 19 2
e 18 26 1
e 19 27 1
e 20 28 1
e 20 29 1
e 20 30 1
t # 18095
v 0 1
v 1 1
v 2 1
v 3 2
v 4 3
v 5 3
v 6 3
v 7 3
v 8 3
v 9 3
v 10 3
v 11 3
v 12 3
v 13 3
v 14 3
v 15 3
v 16 3
v 17 3
v 18 3
v 19 3
v 20 4
v 21 4
v 22 4
v 23 4
v 24 4
v 25 4
v 26 4
v 27 4
v 28 4
v 29 4
v 30 4
v 31 4
v 32 4
e 0 7 1
e 0 11 1
e 1 9 1
e 1 19 1
e 2 11 2
e 3 5 1
e 3 7 2
e 4 7 1
e 4 8 1
e 4 12 2
e 5 6 2
e 5 9 1
e 6 10 1
e 6 11 1
e 8 13 2
e 8 16 1
e 9 14 2
e 10 15 2
e 10 20 1
e 12 17 1
e 12 21 1
e 13 18 1
e 13 22 1
e 14 15 1
e 14 23 1
e 15 24 1
e 16 25 1
e 16 26 1
e 16 27 1
e 17 18 2
e 17 28 1
e 18 29 1
e 19 30 1
e 19 31 1
e 19 32 1
t # 18096
v 0 1
v 1 1
v 2 2
v 3 2
v 4 3
v 5 3
v 6 3
v 7 3
v 8 3
v 9 3
v 10 3
v 11 3
v 12 3
v 13 3
v 14 3
v 15 3
v 16 3
v 17 3
v 18 3
v 19 3
v 20 3
v 21 3
v 22 3
v 23 3
v 24 3
v 25 3
v 26 4
v 27 4
v 28 4
v 29 4
v 30 4
v 31 4
v 32 4
v 33 4
v 34 4
v 35 4
v 36 4
v 37 4
v 38 4
v 39 4
e 0 5 1
e 0 13 1
e 1 14 2
e 2 6 2
e 2 10 1
e 3 7 1
e 3 31 1
e 3 32 1
e 4 5 1
e 4 6 1
e 4 7 2
e 5 8 2
e 6 11 1
e 7 9 1
e 8 12 1
e 8 14 1
e 9 10 1
e 9 16 2
e 10 17 2
e 11 12 2
e 11 26 1
e 12 27 1
e 13 15 2
e 13 18 1
e 14 15 1
e 15 28 1
e 16 19 1
e 16 29 1
e 17 20 1
e 17 30 1
e 18 21 2
e 18 22 1
e 19 20 2
e 19 33 1
e 20 34 1
e 21 23 1
e 21 35 1
e 22 24 2
e 22 36 1
e 23 25 2
e 23 37 1
e 24 25 1
e 24 38 1
e 25 39 1
t # 18097
v 0 12
v 1 12
v 2 1
v 3 2
v 4 2
v 5 3
v 6 3
v 7 3
v 8 3
v 9 3
v 10 3
v 11 3
v 12 3
v 13 3
v 14 3
v 15 3
v 16 3
v 17 3
v 18 3
v 19 3
v 20 4
v 21 4
v 22 4
v 23 4
v 24 4
v 25 4
v 26 4
v 27 4
v 28 4
v 29 4
e 0 15 1
e 1 18 1
e 2 11 2
e 3 5 1
e 3 7 1
e 3 11 1
e 4 5 1
e 4 9 1
e 4 20 1
e 5 6 1
e 5 10 1
e 6 8 1
e 6 12 2
e 7 9 2
e 7 13 1
e 8 11 1
e 8 14 2
e 9 15 1
e 10 21 1
e 10 22 1
e 10 23 1
e 12 16 1
e 12 24 1
e 13 18 2
e 13 25 1
e 14 17 1
e 14 26 1
e 15 19 2
e 16 17 2
e 16 27 1
e 17 28 1
e 18 19 1
e 19 29 1
t # 18098
v 0 11
v 1 1
v 2 1
v 3 2
v 4 2
v 5 2
v 6 3
v 7 3
v 8 3
v 9 3
v 10 3
v 11 3
v 12 3
v 13 3
v 14 3
v 15 3
v 16 3
v 17 3
v 18 3
v 19 3
v 20 3
v 21 3
v 22 3
v 23 3
v 24 4
v 25 4
v 26 4
v 27 4
v 28 4
v 29 4
v 30 4
v 31 4
v 32 4
v 33 4
v 34 4
v 35 4
v 36 4
v 37 4
v 38 4
v 39 4
v 40 4
v 41 4
v 42 4
v 43 4
v 44 4
e 1 15 1
e 1 19 1
e 2 15 2
e 3 8 1
e 3 9 1
e 3 10 1
e 4 12 1
e 4 13 1
e 4 14 1
e 5 10 1
e 5 13 2
e 6 7 1
e 6 8 1
e 6 24 1
e 6 25 1
e 7 9 1
e 7 26 1
e 7 27 1
e 8 28 1
e 8 29 1
e 9 30 1
e 9 31 1
e 10 11 2
e 11 12 1
e 11 15 1
e 13 32 1
e 14 16 1
e 14 33 1
e 14 34 1
e 16 17 2
e 16 18 1
e 17 20 1
e 17 35 1
e 18 21 2
e 18 36 1
e 19 23 1
e 19 37 1
e 19 38 1
e 20 22 2
e 20 39 1
e 21 22 1
e 21 40 1
e 22 41 1
e 23 42 1
e 23 43 1
e 23 44 1
t # 18099
v 0 11
v 1 2
v 2 2
v 3 2
v 4 2
v 5 3
v 6 3
v 7 3
v 8 3
v 9 3
v 10 3
v 11 3
v 12 3
v 13 3
v 14 3
v 15 3
v 16 3
v 17 3
v 18 3
v 19 3
v 20 3
v 21 4
v 22 4
v 23 4
v 24 4
v 25 4
v 26 4
v 27 4
v 28 4
v 29 4
v 30 4
v 31 4
v 32 4
v 33 4
v 34 4
v 35 4
v 36 4
e 1 7 1
e 1 8 1
e 1 9 1
e 2 11 1
e 2 12 1
e 2 13 1
e 3 9 1
e 3 13 2
e 5 6 1
e 5 7 1
e 5 21 1
e 5 22 1
e 6 8 1
e 6 23 1
e 6 24 1
e 7 25 1
e 7 26 1
e 8 27 1
e 8 28 1
e 9 10 2
e 10 11 1
e 10 15 1
e 12 14 1
e 12 29 1
e 12 30 1
e 13 31 1
e 14 16 2
e 14 17 1
e 16 18 1
e 16 32 1
e 17 19 2
e 17 33 1
e 18 20 2
e 18 34 1
e 19 20 1
e 19 35 1
e 20 36 1
