t # 11800
v 0 11
v 1 1
v 2 1
v 3 1
v 4 2
v 5 2
v 6 2
v 7 2
v 8 2
v 9 2
v 10 2
v 11 2
v 12 3
v 13 3
v 14 3
v 15 3
v 16 3
v 17 3
v 18 3
v 19 3
v 20 3
v 21 3
v 22 3
v 23 4
v 24 4
v 25 4
v 26 4
v 27 4
v 28 4
e 0 13 1
e 0 15 1
e 4 12 1
e 4 22 2
e 5 13 2
e 5 21 1
e 6 14 1
e 6 21 2
e 7 14 2
e 7 22 1
e 8 16 2
e 9 17 2
e 10 18 1
e 11 21 1
e 11 27 1
e 11 28 1
e 12 13 1
e 12 14 1
e 12 23 1
e 15 16 1
e 15 19 2
e 16 17 1
e 17 18 1
e 18 20 2
e 19 20 1
e 19 24 1
e 20 25 1
e 22 26 1
t # 11801
v 0 1
v 1 1
v 2 2
v 3 2
v 4 3
v 5 3
v 6 3
v 7 3
v 8 3
v 9 3
v 10 3
v 11 3
v 12 3
v 13 3
v 14 3
v 15 4
v 16 4
v 17 4
v 18 4
v 19 4
v 20 4
v 21 4
v 22 4
v 23 4
v 24 4
v 25 4
v 26 4
e 0 6 2
e 1 7 2
e 2 6 1
e 2 7 1
e 2 8 1
e 3 4 1
e 3 20 1
e 3 21 1
e 4 5 1
e 4 6 1
e 4 15 1
e 5 7 1
e 5 16 1
e 5 17 1
e 8 9 1
e 8 18 1
e 8 19 1
e 9 10 2
e 9 11 1
e 10 12 1
e 10 22 1
e 11 13 2
e 11 23 1
e 12 14 2
e 12 24 1
e 13 14 1
e 13 25 1
e 14 26 1
t # 11802
v 0 7
v 1 12
v 2 12
v 3 2
v 4 3
v 5 3
v 6 4
v 7 4
v 8 4
v 9 4
v 10 4
e 3 4 1
e 3 5 1
e 3 10 1
e 4 5 1
e 4 6 1
e 4 7 1
e 5 8 1
e 5 9 1
t # 11803
v 0 7
v 1 12
v 2 12
v 3 2
v 4 2
v 5 3
v 6 3
v 7 3
v 8 3
v 9 3
v 10 3
v 11 3
v 12 3
v 13 3
v 14 3
v 15 3
v 16 3
v 17 3
v 18 3
v 19 3
v 20 3
v 21 3
v 22 3
v 23 4
v 24 4
v 25 4
v 26 4
v 27 4
v 28 4
v 29 4
v 30 4
v 31 4
v 32 4
v 33 4
v 34 4
v 35 4
v 36 4
v 37 4
v 38 4
v 39 4
v 40 4
v 41 4
v 42 4
v 43 4
v 44 4
v 45 4
v 46 4
e 3 6 1
e 3 13 1
e 4 14 1
e 4 15 1
e 5 6 1
e 5 7 1
e 5 8 1
e 5 23 1
e 6 9 1
e 6 24 1
e 7 10 1
e 7 25 1
e 7 26 1
e 8 12 1
e 8 27 1
e 8 28 1
e 9 11 1
e 9 29 1
e 9 30 1
e 10 11 1
e 10 31 1
e 10 32 1
e 11 33 1
e 11 34 1
e 12 13 1
e 12 35 1
e 12 36 1
e 13 37 1
e 13 38 1
e 14 16 1
e 14 17 2
e 15 18 2
e 15 39 1
e 16 19 1
e 16 20 2
e 17 21 1
e 17 40 1
e 18 20 1
e 18 41 1
e 19 22 1
e 19 42 1
e 19 43 1
e 20 44 1
e 21 22 2
e 21 45 1
e 22 46 1
t # 11804
v 0 1
v 1 1
v 2 1
v 3 2
v 4 2
v 5 3
v 6 3
v 7 3
v 8 3
v 9 3
v 10 3
v 11 3
v 12 3
v 13 3
v 14 3
v 15 3
v 16 3
v 17 3
v 18 3
v 19 3
v 20 4
v 21 4
v 22 4
v 23 4
v 24 4
v 25 4
v 26 4
v 27 4
v 28 4
v 29 4
v 30 4
v 31 4
v 32 4
v 33 4
v 34 4
v 35 4
v 36 4
v 37 4
v 38 4
v 39 4
e 0 7 1
e 0 8 1
e 1 9 2
e 2 10 2
e 3 9 1
e 3 10 1
e 3 13 1
e 4 14 1
e 4 15 1
e 4 16 1
e 5 6 1
e 5 7 1
e 5 9 1
e 5 20 1
e 6 8 1
e 6 10 1
e 6 21 1
e 7 11 1
e 7 22 1
e 8 12 1
e 8 23 1
e 11 12 2
e 11 24 1
e 12 25 1
e 13 14 1
e 13 26 1
e 13 27 1
e 14 28 1
e 14 29 1
e 15 17 1
e 15 30 1
e 15 31 1
e 16 18 1
e 16 32 1
e 16 33 1
e 17 19 1
e 17 34 1
e 17 35 1
e 18 19 1
e 18 36 1
e 18 37 1
e 19 38 1
e 19 39 1
t # 11805
v 0 1
v 1 1
v 2 1
v 3 1
v 4 1
v 5 1
v 6 3
v 7 3
v 8 3
v 9 3
v 10 3
v 11 3
v 12 3
v 13 3
v 14 3
v 15 3
v 16 3
v 17 3
v 18 3
v 19 3
v 20 3
v 21 3
v 22 3
v 23 3
v 24 3
v 25 3
v 26 3
v 27 3
v 28 3
v 29 3
v 30 3
v 31 3
v 32 3
v 33 3
v 34 4
v 35 4
v 36 4
v 37 4
v 38 4
v 39 4
v 40 4
v 41 4
v 42 4
v 43 4
v 44 4
v 45 4
v 46 4
v 47 4
v 48 4
v 49 4
v 50 4
v 51 4
v 52 4
v 53 4
v 54 4
v 55 4
v 56 4
v 57 4
v 58 4
v 59 4
v 60 4
v 61 4
v 62 4
v 63 4
v 64 4
v 65 4
v 66 4
v 67 4
v 68 4
v 69 4
e 0 10 1
e 0 14 1
e 1 11 1
e 1 29 1
e 2 18 1
e 2 27 1
e 3 27 2
e 4 31 1
e 4 33 1
e 5 29 2
e 6 7 1
e 6 9 1
e 6 10 1
e 6 18 1
e 7 8 1
e 7 15 1
e 7 34 1
e 8 11 1
e 8 16 1
e 8 20 1
e 9 12 1
e 9 14 1
e 9 35 1
e 10 21 1
e 10 36 1
e 11 12 1
e 11 37 1
e 12 38 1
e 12 39 1
e 13 16 1
e 13 17 1
e 13 19 1
e 13 24 1
e 14 25 1
e 14 26 1
e 15 17 1
e 15 40 1
e 15 41 1
e 16 22 2
e 17 42 1
e 17 43 1
e 18 44 1
e 18 45 1
e 19 23 1
e 19 28 1
e 19 46 1
e 20 47 1
e 20 48 1
e 20 49 1
e 21 27 1
e 21 50 1
e 21 51 1
e 22 23 1
e 22 52 1
e 23 53 1
e 23 54 1
e 24 55 1
e 24 56 1
e 24 57 1
e 25 58 1
e 25 59 1
e 25 60 1
e 26 61 1
e 26 62 1
e 26 63 1
e 28 30 1
e 28 31 2
e 29 32 1
e 30 33 2
e 30 64 1
e 31 65 1
e 32 66 1
e 32 67 1
e 32 68 1
e 33 69 1
t # 11806
v 0 11
v 1 1
v 2 1
v 3 2
v 4 2
v 5 2
v 6 2
v 7 2
v 8 2
v 9 2
v 10 3
v 11 3
v 12 3
v 13 3
v 14 3
v 15 3
v 16 3
v 17 3
v 18 3
v 19 3
v 20 3
v 21 3
v 22 3
v 23 4
v 24 4
v 25 4
v 26 4
v 27 4
v 28 4
v 29 4
v 30 4
v 31 4
v 32 4
v 33 4
v 34 4
v 35 4
v 36 4
v 37 4
e 0 12 1
e 0 17 1
e 3 10 1
e 3 11 1
e 3 12 1
e 4 11 2
e 4 15 1
e 5 15 1
e 6 16 1
e 6 21 2
e 7 17 2
e 7 22 1
e 8 20 2
e 8 21 1
e 9 20 1
e 9 22 2
e 10 13 1
e 10 23 1
e 10 24 1
e 11 14 1
e 12 15 2
e 13 18 1
e 13 25 1
e 13 26 1
e 14 19 1
e 14 27 1
e 14 28 1
e 16 17 1
e 16 20 1
e 16 29 1
e 18 30 1
e 18 31 1
e 18 32 1
e 19 33 1
e 19 34 1
e 19 35 1
e 21 36 1
e 22 37 1
t # 11807
v 0 7
v 1 11
v 2 11
v 3 1
v 4 1
v 5 1
v 6 1
v 7 1
v 8 1
v 9 2
v 10 2
v 11 2
v 12 2
v 13 2
v 14 2
v 15 2
v 16 2
v 17 3
v 18 3
v 19 3
v 20 3
v 21 3
v 22 3
v 23 3
v 24 3
v 25 3
v 26 3
v 27 3
v 28 3
v 29 3
v 30 3
v 31 3
v 32 3
v 33 3
v 34 3
v 35 3
v 36 3
v 37 3
v 38 3
v 39 3
v 40 3
v 41 3
v 42 3
v 43 3
v 44 3
v 45 3
v 46 3
v 47 3
v 48 3
v 49 3
v 50 3
v 51 4
v 52 4
v 53 4
v 54 4
v 55 4
v 56 4
v 57 4
v 58 4
v 59 4
v 60 4
v 61 4
v 62 4
v 63 4
v 64 4
v 65 4
v 66 4
v 67 4
v 68 4
v 69 4
v 70 4
v 71 4
v 72 4
v 73 4
v 74 4
v 75 4
v 76 4
v 77 4
v 78 4
v 79 4
v 80 4
v 81 4
v 82 4
v 83 4
v 84 4
v 85 4
v 86 4
v 87 4
v 88 4
v 89 4
v 90 4
v 91 4
v 92 4
e 1 5 2
e 1 6 2
e 1 23 1
e 2 7 2
e 2 8 2
e 2 24 1
e 3 63 1
e 4 64 1
e 9 17 1
e 9 57 1
e 10 18 1
e 10 58 1
e 11 33 1
e 12 34 1
e 13 35 1
e 14 36 1
e 15 45 1
e 15 47 1
e 15 48 1
e 16 46 1
e 16 49 1
e 16 50 1
e 17 18 1
e 17 19 1
e 17 51 1
e 18 20 1
e 18 52 1
e 19 21 1
e 19 53 1
e 19 54 1
e 20 22 1
e 20 55 1
e 20 56 1
e 21 22 1
e 21 59 1
e 21 60 1
e 22 61 1
e 22 62 1
e 23 25 2
e 23 27 1
e 24 26 2
e 24 28 1
e 25 29 1
e 25 65 1
e 26 30 1
e 26 66 1
e 27 31 2
e 27 67 1
e 28 32 2
e 28 68 1
e 29 33 2
e 29 69 1
e 30 34 2
e 30 70 1
e 31 33 1
e 31 71 1
e 32 34 1
e 32 72 1
e 35 37 2
e 35 39 1
e 36 38 2
e 36 40 1
e 37 41 1
e 37 73 1
e 38 42 1
e 38 74 1
e 39 43 2
e 39 75 1
e 40 44 2
e 40 76 1
e 41 45 2
e 41 77 1
e 42 46 2
e 42 78 1
e 43 45 1
e 43 79 1
e 44 46 1
e 44 80 1
e 47 81 1
e 47 82 1
e 47 83 1
e 48 84 1
e 48 85 1
e 48 86 1
e 49 87 1
e 49 88 1
e 49 89 1
e 50 90 1
e 50 91 1
e 50 92 1
t # 11808
v 0 7
v 1 1
v 2 1
v 3 1
v 4 1
v 5 2
v 6 2
v 7 3
v 8 3
v 9 3
v 10 3
v 11 3
v 12 3
v 13 3
v 14 3
v 15 3
v 16 3
v 17 3
v 18 3
v 19 3
v 20 3
v 21 3
v 22 3
v 23 3
v 24 3
v 25 3
v 26 3
v 27 3
v 28 3
v 29 3
v 30 3
v 31 4
v 32 4
v 33 4
v 34 4
v 35 4
v 36 4
v 37 4
v 38 4
v 39 4
v 40 4
v 41 4
v 42 4
v 43 4
v 44 4
v 45 4
v 46 4
v 47 4
v 48 4
v 49 4
v 50 4
v 51 4
v 52 4
v 53 4
v 54 4
v 55 4
v 56 4
v 57 4
v 58 4
v 59 4
v 60 4
e 1 16 1
e 1 43 1
e 2 16 2
e 3 24 1
e 3 60 1
e 4 24 2
e 5 7 1
e 5 41 1
e 6 8 1
e 6 42 1
e 7 8 1
e 7 9 1
e 7 31 1
e 8 10 1
e 8 32 1
e 9 11 1
e 9 33 1
e 9 34 1
e 10 12 1
e 10 35 1
e 10 36 1
e 11 12 1
e 11 37 1
e 11 38 1
e 12 39 1
e 12 40 1
e 13 14 1
e 13 15 1
e 13 17 1
e 13 44 1
e 14 18 1
e 14 19 1
e 14 45 1
e 15 16 1
e 15 46 1
e 15 47 1
e 17 20 2
e 17 21 1
e 18 24 1
e 18 48 1
e 18 49 1
e 19 22 2
e 19 23 1
e 20 25 1
e 20 50 1
e 21 26 2
e 21 51 1
e 22 27 1
e 22 52 1
e 23 28 2
e 23 53 1
e 25 29 2
e 25 54 1
e 26 29 1
e 26 55 1
e 27 30 2
e 27 56 1
e 28 30 1
e 28 57 1
e 29 58 1
e 30 59 1
t # 11809
v 0 1
v 1 2
v 2 2
v 3 3
v 4 3
v 5 3
v 6 3
v 7 3
v 8 3
v 9 3
v 10 3
v 11 3
v 12 3
v 13 3
v 14 3
v 15 3
v 16 3
v 17 3
v 18 3
v 19 3
v 20 3
v 21 3
v 22 4
v 23 4
v 24 4
v 25 4
v 26 4
v 27 4
v 28 4
v 29 4
v 30 4
v 31 4
v 32 4
v 33 4
v 34 4
v 35 4
v 36 4
v 37 4
v 38 4
v 39 4
v 40 4
v 41 4
v 42 4
v 43 4
v 44 4
v 45 4
v 46 4
v 47 4
e 0 13 2
e 1 13 1
e 1 14 1
e 1 37 1
e 2 15 1
e 2 16 1
e 2 42 1
e 3 7 1
e 3 8 1
e 3 9 1
e 3 13 1
e 4 7 1
e 4 10 1
e 4 11 1
e 4 22 1
e 5 8 1
e 5 10 1
e 5 12 1
e 5 23 1
e 6 9 1
e 6 11 1
e 6 12 1
e 6 24 1
e 7 25 1
e 7 26 1
e 8 27 1
e 8 28 1
e 9 29 1
e 9 30 1
e 10 31 1
e 10 32 1
e 11 33 1
e 11 34 1
e 12 35 1
e 12 36 1
e 14 15 1
e 14 38 1
e 14 39 1
e 15 40 1
e 15 41 1
e 16 17 2
e 16 18 1
e 17 19 1
e 17 43 1
e 18 20 2
e 18 44 1
e 19 21 2
e 19 45 1
e 20 21 1
e 20 46 1
e 21 47 1
t # 11810
v 0 1
v 1 2
v 2 2
v 3 2
v 4 3
v 5 3
v 6 3
v 7 3
v 8 3
v 9 3
v 10 3
v 11 3
v 12 3
v 13 3
v 14 3
v 15 3
v 16 3
v 17 3
v 18 3
v 19 4
v 20 4
v 21 4
v 22 4
v 23 4
v 24 4
v 25 4
v 26 4
v 27 4
v 28 4
v 29 4
v 30 4
v 31 4
e 0 15 1
e 0 18 1
e 1 4 1
e 1 11 1
e 1 23 1
e 2 9 2
e 2 17 1
e 3 14 1
e 3 17 2
e 4 5 2
e 4 6 1
e 5 8 1
e 5 9 1
e 6 7 1
e 6 19 1
e 6 20 1
e 7 10 1
e 7 21 1
e 7 22 1
e 8 11 2
e 8 12 1
e 9 10 1
e 10 14 2
e 11 13 1
e 12 15 2
e 12 24 1
e 13 16 2
e 13 25 1
e 14 26 1
e 15 16 1
e 16 27 1
e 17 28 1
e 18 29 1
e 18 30 1
e 18 31 1
t # 11811
v 0 1
v 1 1
v 2 1
v 3 2
v 4 3
v 5 3
v 6 3
v 7 3
v 8 3
v 9 3
v 10 3
v 11 3
v 12 3
v 13 3
v 14 3
v 15 3
v 16 3
v 17 3
v 18 3
v 19 3
v 20 3
v 21 3
v 22 3
v 23 3
v 24 3
v 25 3
v 26 4
v 27 4
v 28 4
v 29 4
v 30 4
v 31 4
v 32 4
v 33 4
v 34 4
v 35 4
v 36 4
v 37 4
v 38 4
v 39 4
v 40 4
v 41 4
v 42 4
e 0 15 2
e 1 18 1
e 1 39 1
e 2 18 2
e 3 5 1
e 3 8 1
e 3 26 1
e 4 5 1
e 4 6 1
e 4 9 2
e 5 7 2
e 6 8 1
e 6 12 2
e 7 11 1
e 7 13 1
e 8 14 2
e 9 10 1
e 9 27 1
e 10 11 2
e 10 15 1
e 11 18 1
e 12 16 1
e 12 28 1
e 13 29 1
e 13 30 1
e 13 31 1
e 14 17 1
e 14 32 1
e 15 19 1
e 16 17 2
e 16 33 1
e 17 34 1
e 19 20 2
e 19 21 1
e 20 23 1
e 20 35 1
e 21 24 2
e 21 36 1
e 22 23 2
e 22 24 1
e 22 25 1
e 23 37 1
e 24 38 1
e 25 40 1
e 25 41 1
e 25 42 1
t # 11812
v 0 1
v 1 1
v 2 2
v 3 2
v 4 3
v 5 3
v 6 3
v 7 3
v 8 3
v 9 3
v 10 3
v 11 3
v 12 3
v 13 3
v 14 3
v 15 3
v 16 3
v 17 3
v 18 3
v 19 3
v 20 3
v 21 3
v 22 3
v 23 3
v 24 3
v 25 3
v 26 3
v 27 4
v 28 4
v 29 4
v 30 4
v 31 4
v 32 4
v 33 4
v 34 4
v 35 4
v 36 4
v 37 4
v 38 4
v 39 4
v 40 4
v 41 4
v 42 4
v 43 4
v 44 4
v 45 4
v 46 4
v 47 4
v 48 4
v 49 4
v 50 4
v 51 4
v 52 4
e 0 6 1
e 0 11 1
e 1 7 1
e 1 12 1
e 2 4 1
e 2 8 1
e 2 11 1
e 3 5 1
e 3 8 1
e 3 12 1
e 4 7 1
e 4 9 1
e 4 27 1
e 5 6 1
e 5 10 1
e 5 28 1
e 6 13 1
e 6 29 1
e 7 14 1
e 7 30 1
e 8 31 1
e 8 32 1
e 9 15 1
e 9 33 1
e 9 35 1
e 10 16 1
e 10 34 1
e 10 36 1
e 11 37 1
e 11 38 1
e 12 39 1
e 12 40 1
e 13 17 1
e 13 41 1
e 13 42 1
e 14 18 1
e 14 43 1
e 14 44 1
e 15 18 1
e 15 19 2
e 16 17 1
e 16 20 2
e 17 21 2
e 18 22 2
e 19 23 1
e 19 45 1
e 20 24 1
e 20 46 1
e 21 25 1
e 21 47 1
e 22 26 1
e 22 48 1
e 23 26 2
e 23 49 1
e 24 25 2
e 24 50 1
e 25 51 1
e 26 52 1
t # 11813
v 0 0
v 1 0
v 2 1
v 3 1
v 4 1
v 5 1
v 6 1
v 7 1
v 8 1
v 9 1
v 10 3
v 11 3
v 12 3
v 13 3
v 14 3
v 15 3
v 16 3
v 17 3
v 18 4
v 19 4
v 20 4
v 21 4
v 22 4
v 23 4
v 24 4
v 25 4
v 26 4
v 27 4
v 28 4
v 29 4
v 30 4
v 31 4
v 32 4
v 33 4
e 2 10 1
e 2 18 1
e 3 11 1
e 3 19 1
e 4 12 1
e 4 20 1
e 5 13 1
e 5 21 1
e 6 12 2
e 7 13 2
e 8 10 2
e 9 11 2
e 10 14 1
e 11 15 1
e 12 16 1
e 13 17 1
e 14 22 1
e 14 23 1
e 14 24 1
e 15 25 1
e 15 26 1
e 15 27 1
e 16 28 1
e 16 29 1
e 16 30 1
e 17 31 1
e 17 32 1
e 17 33 1
t # 11814
v 0 1
v 1 1
v 2 1
v 3 1
v 4 1
v 5 1
v 6 3
v 7 3
v 8 3
v 9 3
v 10 3
v 11 3
v 12 3
v 13 3
v 14 3
v 15 3
v 16 3
v 17 3
v 18 3
v 19 3
v 20 3
v 21 3
v 22 3
v 23 3
v 24 3
v 25 3
v 26 3
v 27 3
v 28 4
v 29 4
v 30 4
v 31 4
v 32 4
v 33 4
v 34 4
v 35 4
v 36 4
v 37 4
v 38 4
v 39 4
v 40 4
v 41 4
v 42 4
v 43 4
e 0 6 1
e 0 8 1
e 1 9 1
e 1 36 1
e 2 12 1
e 2 21 1
e 3 17 1
e 3 37 1
e 4 20 1
e 4 40 1
e 5 21 2
e 6 9 1
e 6 10 1
e 6 28 1
e 7 8 2
e 7 11 1
e 7 12 1
e 8 13 1
e 9 11 2
e 10 14 2
e 10 15 1
e 11 29 1
e 12 16 2
e 13 17 2
e 13 30 1
e 14 18 1
e 14 31 1
e 15 19 2
e 15 32 1
e 16 17 1
e 16 33 1
e 18 20 2
e 18 34 1
e 19 20 1
e 19 35 1
e 21 22 1
e 22 23 2
e 22 24 1
e 23 25 1
e 23 38 1
e 24 26 2
e 24 39 1
e 25 27 2
e 25 41 1
e 26 27 1
e 26 42 1
e 27 43 1
t # 11815
v 0 1
v 1 2
v 2 3
v 3 3
v 4 3
v 5 3
v 6 3
v 7 3
v 8 3
v 9 3
v 10 3
v 11 3
v 12 3
v 13 3
v 14 3
v 15 3
v 16 3
v 17 4
v 18 4
v 19 4
v 20 4
v 21 4
v 22 4
v 23 4
v 24 4
v 25 4
v 26 4
v 27 4
v 28 4
v 29 4
v 30 4
v 31 4
v 32 4
v 33 4
e 0 12 1
e 0 16 1
e 1 2 1
e 1 22 1
e 1 23 1
e 2 3 1
e 2 4 1
e 2 17 1
e 3 5 1
e 3 18 1
e 3 19 1
e 4 6 2
e 4 7 1
e 5 8 2
e 5 9 1
e 6 10 1
e 6 20 1
e 7 11 2
e 7 21 1
e 8 13 1
e 8 24 1
e 9 14 2
e 9 25 1
e 10 12 2
e 10 26 1
e 11 12 1
e 11 27 1
e 13 15 2
e 13 28 1
e 14 15 1
e 14 29 1
e 15 30 1
e 16 31 1
e 16 32 1
e 16 33 1
t # 11816
v 0 2
v 1 2
v 2 3
v 3 3
v 4 3
v 5 3
v 6 3
v 7 3
v 8 3
v 9 3
v 10 3
v 11 3
v 12 3
v 13 4
v 14 4
v 15 4
v 16 4
v 17 4
v 18 4
v 19 4
v 20 4
v 21 4
v 22 4
e 0 4 1
e 1 5 1
e 2 4 1
e 2 5 1
e 2 7 1
e 2 13 1
e 3 4 1
e 3 6 1
e 3 8 1
e 3 14 1
e 4 15 1
e 5 6 1
e 5 16 1
e 6 17 1
e 6 18 1
e 7 8 1
e 7 9 2
e 8 10 2
e 9 11 1
e 9 19 1
e 10 12 1
e 10 20 1
e 11 12 2
e 11 21 1
e 12 22 1
t # 11817
v 0 1
v 1 1
v 2 2
v 3 2
v 4 2
v 5 2
v 6 3
v 7 3
v 8 3
v 9 3
v 10 3
v 11 3
v 12 3
v 13 3
v 14 3
v 15 3
v 16 3
v 17 3
v 18 3
v 19 3
v 20 3
v 21 3
v 22 4
v 23 4
v 24 4
v 25 4
v 26 4
v 27 4
v 28 4
v 29 4
v 30 4
v 31 4
v 32 4
v 33 4
e 0 14 2
e 1 15 2
e 2 3 1
e 2 9 1
e 2 14 1
e 3 10 1
e 3 15 1
e 4 14 1
e 4 15 1
e 4 16 1
e 6 7 1
e 6 8 1
e 6 9 1
e 6 22 1
e 7 8 1
e 7 10 1
e 7 23 1
e 8 13 1
e 8 24 1
e 9 11 1
e 9 25 1
e 10 12 1
e 10 26 1
e 11 12 2
e 11 27 1
e 12 28 1
e 16 17 2
e 16 18 1
e 17 19 1
e 17 29 1
e 18 20 2
e 18 30 1
e 19 21 2
e 19 31 1
e 20 21 1
e 20 32 1
e 21 33 1
t # 11818
v 0 1
v 1 1
v 2 1
v 3 1
v 4 1
v 5 1
v 6 1
v 7 3
v 8 3
v 9 3
v 10 3
v 11 3
v 12 3
v 13 3
v 14 3
v 15 3
v 16 3
v 17 3
v 18 3
v 19 3
v 20 3
v 21 3
v 22 3
v 23 3
v 24 3
v 25 3
v 26 3
v 27 3
v 28 3
v 29 3
v 30 3
v 31 3
v 32 3
v 33 3
v 34 3
v 35 3
v 36 3
v 37 4
v 38 4
v 39 4
v 40 4
v 41 4
v 42 4
v 43 4
v 44 4
v 45 4
v 46 4
v 47 4
v 48 4
v 49 4
v 50 4
v 51 4
v 52 4
v 53 4
v 54 4
v 55 4
v 56 4
v 57 4
v 58 4
v 59 4
v 60 4
v 61 4
v 62 4
v 63 4
v 64 4
v 65 4
v 66 4
v 67 4
v 68 4
v 69 4
v 70 4
v 71 4
v 72 4
v 73 4
v 74 4
v 75 4
v 76 4
v 77 4
v 78 4
v 79 4
v 80 4
e 0 15 2
e 1 24 1
e 1 29 1
e 2 27 1
e 2 30 1
e 3 29 1
e 3 33 1
e 4 30 2
e 5 32 1
e 5 36 1
e 6 34 1
e 6 77 1
e 7 8 1
e 7 12 1
e 7 14 1
e 7 15 1
e 8 9 1
e 8 13 1
e 8 37 1
e 9 10 1
e 9 18 1
e 9 22 1
e 10 16 1
e 10 21 1
e 10 38 1
e 11 15 1
e 11 17 1
e 11 19 1
e 11 25 1
e 12 16 1
e 12 39 1
e 12 40 1
e 13 17 1
e 13 41 1
e 13 42 1
e 14 20 1
e 14 43 1
e 14 44 1
e 16 45 1
e 16 46 1
e 17 47 1
e 17 48 1
e 18 23 1
e 18 49 1
e 18 50 1
e 19 20 1
e 19 26 1
e 19 51 1
e 20 52 1
e 20 53 1
e 21 24 1
e 21 54 1
e 21 55 1
e 22 56 1
e 22 57 1
e 22 58 1
e 23 24 1
e 23 59 1
e 23 60 1
e 24 61 1
e 25 62 1
e 25 63 1
e 25 64 1
e 26 27 1
e 26 28 2
e 27 65 1
e 27 66 1
e 28 30 1
e 28 67 1
e 29 31 1
e 29 68 1
e 31 32 1
e 31 69 1
e 31 70 1
e 32 34 1
e 32 71 1
e 33 34 1
e 33 35 1
e 33 72 1
e 34 73 1
e 35 74 1
e 35 75 1
e 35 76 1
e 36 78 1
e 36 79 1
e 36 80 1
t # 11819
v 0 1
v 1 1
v 2 1
v 3 1
v 4 1
v 5 1
v 6 1
v 7 1
v 8 1
v 9 1
v 10 1
v 11 2
v 12 2
v 13 2
v 14 2
v 15 2
v 16 3
v 17 3
v 18 3
v 19 3
v 20 3
v 21 3
v 22 3
v 23 3
v 24 3
v 25 3
v 26 3
v 27 3
v 28 3
v 29 3
v 30 3
v 31 3
v 32 3
v 33 3
v 34 3
v 35 3
v 36 3
v 37 3
v 38 4
v 39 4
v 40 4
v 41 4
v 42 4
v 43 4
v 44 4
v 45 4
v 46 4
v 47 4
v 48 4
v 49 4
v 50 4
v 51 4
v 52 4
v 53 4
v 54 4
v 55 4
v 56 4
v 57 4
v 58 4
v 59 4
v 60 4
v 61 4
v 62 4
v 63 4
v 64 4
v 65 4
v 66 4
v 67 4
v 68 4
v 69 4
v 70 4
v 71 4
v 72 4
v 73 4
v 74 4
e 0 21 2
e 1 25 2
e 2 27 1
e 2 65 1
e 3 28 1
e 3 66 1
e 4 27 2
e 5 28 2
e 6 29 2
e 7 32 1
e 7 67 1
e 8 32 2
e 9 34 1
e 9 35 1
e 10 34 2
e 11 17 1
e 11 25 1
e 11 45 1
e 12 21 1
e 12 26 1
e 12 52 1
e 13 24 1
e 13 29 1
e 13 54 1
e 14 20 1
e 14 55 1
e 14 56 1
e 15 30 1
e 15 34 1
e 15 64 1
e 16 17 1
e 16 18 1
e 16 38 1
e 16 39 1
e 17 21 1
e 17 40 1
e 18 19 1
e 18 41 1
e 18 42 1
e 19 20 1
e 19 43 1
e 19 44 1
e 20 27 1
e 20 46 1
e 22 23 1
e 22 24 1
e 22 47 1
e 22 48 1
e 23 25 1
e 23 49 1
e 23 50 1
e 24 28 1
e 24 51 1
e 26 31 1
e 26 32 1
e 26 53 1
e 29 30 1
e 30 33 1
e 30 57 1
e 31 58 1
e 31 59 1
e 31 60 1
e 33 61 1
e 33 62 1
e 33 63 1
e 35 36 1
e 35 68 1
e 35 69 1
e 36 37 1
e 36 70 1
e 36 71 1
e 37 72 1
e 37 73 1
e 37 74 1
t # 11820
v 0 11
v 1 8
v 2 1
v 3 1
v 4 1
v 5 3
v 6 3
v 7 3
v 8 3
v 9 3
v 10 3
v 11 3
v 12 3
v 13 3
v 14 3
v 15 3
v 16 3
v 17 3
v 18 3
v 19 3
v 20 3
v 21 3
v 22 3
v 23 4
v 24 4
v 25 4
v 26 4
v 27 4
v 28 4
v 29 4
v 30 4
v 31 4
v 32 4
v 33 4
v 34 4
v 35 4
v 36 4
v 37 4
e 0 3 2
e 0 4 2
e 0 6 1
e 2 37 1
e 5 6 1
e 5 9 2
e 6 10 2
e 7 11 2
e 7 13 1
e 8 12 2
e 8 14 1
e 9 15 1
e 9 23 1
e 10 16 1
e 10 24 1
e 11 17 1
e 11 25 1
e 12 18 1
e 12 26 1
e 13 19 2
e 13 27 1
e 14 20 2
e 14 28 1
e 15 16 2
e 15 29 1
e 16 30 1
e 17 21 2
e 17 31 1
e 18 22 2
e 18 32 1
e 19 21 1
e 19 33 1
e 20 22 1
e 20 34 1
e 21 35 1
e 22 36 1
t # 11821
v 0 1
v 1 1
v 2 1
v 3 1
v 4 1
v 5 2
v 6 3
v 7 3
v 8 3
v 9 3
v 10 3
v 11 3
v 12 3
v 13 3
v 14 3
v 15 3
v 16 3
v 17 3
v 18 3
v 19 3
v 20 3
v 21 3
v 22 4
v 23 4
v 24 4
v 25 4
v 26 4
v 27 4
v 28 4
v 29 4
v 30 4
v 31 4
v 32 4
v 33 4
v 34 4
v 35 4
v 36 4
v 37 4
v 38 4
v 39 4
v 40 4
v 41 4
v 42 4
e 0 11 1
e 0 12 1
e 1 13 1
e 1 36 1
e 2 14 1
e 2 37 1
e 3 17 1
e 3 20 1
e 4 17 2
e 5 6 1
e 5 8 1
e 5 9 1
e 6 7 1
e 6 22 1
e 6 23 1
e 7 10 1
e 7 11 2
e 8 13 1
e 8 24 1
e 8 25 1
e 9 14 1
e 9 26 1
e 9 27 1
e 10 12 1
e 10 15 2
e 11 17 1
e 12 16 2
e 13 28 1
e 13 29 1
e 14 30 1
e 14 31 1
e 15 18 1
e 15 32 1
e 16 19 1
e 16 33 1
e 18 19 2
e 18 34 1
e 19 35 1
e 20 21 1
e 20 38 1
e 20 39 1
e 21 40 1
e 21 41 1
e 21 42 1
t # 11822
v 0 11
v 1 1
v 2 1
v 3 1
v 4 1
v 5 1
v 6 1
v 7 1
v 8 1
v 9 2
v 10 3
v 11 3
v 12 3
v 13 3
v 14 3
v 15 3
v 16 3
v 17 3
v 18 3
v 19 3
v 20 3
v 21 3
v 22 3
v 23 3
v 24 3
v 25 3
v 26 3
v 27 3
v 28 3
v 29 3
v 30 3
v 31 3
v 32 3
v 33 3
v 34 4
v 35 4
v 36 4
v 37 4
v 38 4
v 39 4
v 40 4
v 41 4
v 42 4
v 43 4
v 44 4
v 45 4
v 46 4
v 47 4
v 48 4
v 49 4
v 50 4
v 51 4
v 52 4
v 53 4
v 54 4
v 55 4
v 56 4
v 57 4
v 58 4
v 59 4
v 60 4
v 61 4
e 0 7 2
e 0 8 2
e 0 33 1
e 1 18 1
e 1 28 1
e 2 24 1
e 2 29 1
e 3 25 1
e 3 30 1
e 4 26 1
e 4 31 1
e 5 27 1
e 5 32 1
e 6 61 1
e 9 10 1
e 9 17 2
e 9 23 1
e 10 11 2
e 10 12 1
e 11 13 1
e 11 16 1
e 12 14 1
e 12 19 2
e 13 15 1
e 13 20 2
e 14 18 1
e 14 21 2
e 15 17 1
e 15 22 2
e 16 18 2
e 16 34 1
e 17 35 1
e 19 24 1
e 19 36 1
e 20 25 1
e 20 37 1
e 21 26 1
e 21 38 1
e 22 27 1
e 22 39 1
e 23 40 1
e 23 41 1
e 23 42 1
e 24 26 2
e 25 27 2
e 28 43 1
e 28 44 1
e 28 45 1
e 29 46 1
e 29 47 1
e 29 48 1
e 30 49 1
e 30 50 1
e 30 51 1
e 31 52 1
e 31 53 1
e 31 54 1
e 32 55 1
e 32 56 1
e 32 57 1
e 33 58 1
e 33 59 1
e 33 60 1
t # 11823
v 0 1
v 1 1
v 2 2
v 3 3
v 4 3
v 5 3
v 6 3
v 7 3
v 8 3
v 9 3
v 10 3
v 11 3
v 12 3
v 13 3
v 14 3
v 15 3
v 16 3
v 17 3
v 18 3
v 19 3
v 20 3
v 21 3
v 22 3
v 23 3
v 24 3
v 25 3
v 26 3
v 27 3
v 28 3
v 29 3
v 30 3
v 31 3
v 32 3
v 33 3
v 34 42
v 35 42
v 36 4
v 37 4
v 38 4
v 39 4
v 40 4
v 41 4
v 42 4
v 43 4
v 44 4
v 45 4
v 46 4
v 47 4
v 48 4
v 49 4
v 50 4
v 51 4
v 52 4
v 53 4
v 54 4
v 55 4
v 56 4
v 57 4
v 58 4
v 59 4
v 60 4
v 61 4
v 62 4
v 63 4
v 64 4
v 65 4
v 66 4
v 67 4
v 68 4
v 69 4
v 70 4
v 71 4
v 72 4
v 73 4
v 74 4
e 1 4 1
e 2 4 2
e 2 11 1
e 2 12 1
e 3 5 1
e 3 6 1
e 5 7 1
e 5 36 1
e 5 37 1
e 6 8 1
e 6 38 1
e 6 39 1
e 7 9 1
e 7 40 1
e 7 41 1
e 8 9 1
e 8 42 1
e 8 43 1
e 9 44 1
e 9 45 1
e 10 15 2
e 10 16 1
e 11 17 1
e 11 18 1
e 11 46 1
e 12 19 1
e 12 20 1
e 12 47 1
e 13 21 2
e 13 23 1
e 14 22 2
e 14 24 1
e 15 25 1
e 15 48 1
e 16 26 2
e 16 49 1
e 17 50 1
e 17 51 1
e 17 52 1
e 18 53 1
e 18 54 1
e 18 55 1
e 19 56 1
e 19 57 1
e 19 58 1
e 20 59 1
e 20 60 1
e 20 61 1
e 21 28 1
e 21 62 1
e 22 29 1
e 22 63 1
e 23 30 2
e 23 64 1
e 24 31 2
e 24 65 1
e 25 27 2
e 25 66 1
e 26 27 1
e 26 67 1
e 27 68 1
e 28 32 2
e 28 69 1
e 29 33 2
e 29 70 1
e 30 32 1
e 30 71 1
e 31 33 1
e 31 72 1
e 32 73 1
e 33 74 1
t # 11824
v 0 12
v 1 12
v 2 1
v 3 3
v 4 3
v 5 3
v 6 3
v 7 3
v 8 3
v 9 3
v 10 3
v 11 3
v 12 3
v 13 3
v 14 3
v 15 3
v 16 3
v 17 3
v 18 3
v 19 3
v 20 3
v 21 3
v 22 3
v 23 3
v 24 3
v 25 3
v 26 3
v 27 3
v 28 3
v 29 3
v 30 3
v 31 3
v 32 3
v 33 4
v 34 4
v 35 4
v 36 4
v 37 4
v 38 4
v 39 4
v 40 4
v 41 4
v 42 4
v 43 4
v 44 4
v 45 4
v 46 4
v 47 4
v 48 4
v 49 4
v 50 4
v 51 4
v 52 4
v 53 4
v 54 4
v 55 4
v 56 4
v 57 4
v 58 4
v 59 4
v 60 4
v 61 4
v 62 4
v 63 4
v 64 4
v 65 4
v 66 4
v 67 4
v 68 4
v 69 4
v 70 4
v 71 4
v 72 4
v 73 4
v 74 4
v 75 4
v 76 4
v 77 4
v 78 4
v 79 4
v 80 4
e 0 20 1
e 1 20 1
e 2 22 2
e 3 4 1
e 3 8 1
e 3 10 1
e 3 21 1
e 4 5 1
e 4 12 1
e 4 33 1
e 5 6 1
e 5 15 1
e 5 34 1
e 6 7 1
e 6 18 1
e 6 35 1
e 7 13 1
e 7 16 1
e 7 23 1
e 8 14 1
e 8 17 1
e 8 36 1
e 9 11 1
e 9 14 1
e 9 20 1
e 9 25 1
e 10 11 1
e 10 37 1
e 10 38 1
e 11 22 1
e 11 39 1
e 12 16 1
e 12 40 1
e 12 41 1
e 13 19 1
e 13 24 1
e 13 42 1
e 14 43 1
e 14 44 1
e 15 17 1
e 15 45 1
e 15 46 1
e 16 47 1
e 16 48 1
e 17 49 1
e 17 50 1
e 18 19 1
e 18 51 1
e 18 52 1
e 19 53 1
e 19 54 1
e 20 22 1
e 21 55 1
e 21 56 1
e 21 57 1
e 23 58 1
e 23 59 1
e 23 60 1
e 24 26 1
e 24 27 1
e 24 61 1
e 25 62 1
e 25 63 1
e 25 64 1
e 26 28 1
e 26 65 1
e 26 66 1
e 27 67 1
e 27 68 1
e 27 69 1
e 28 29 1
e 28 70 1
e 28 71 1
e 29 30 1
e 29 72 1
e 29 73 1
e 30 31 1
e 30 32 1
e 30 74 1
e 31 75 1
e 31 76 1
e 31 77 1
e 32 78 1
e 32 79 1
e 32 80 1
t # 11825
v 0 12
v 1 1
v 2 1
v 3 1
v 4 3
v 5 3
v 6 3
v 7 3
v 8 3
v 9 3
v 10 3
v 11 3
v 12 3
v 13 3
v 14 3
v 15 3
v 16 3
v 17 3
v 18 3
v 19 3
v 20 3
v 21 3
v 22 3
v 23 3
v 24 3
v 25 3
v 26 3
v 27 3
v 28 3
v 29 3
v 30 3
v 31 3
v 32 3
v 33 3
v 34 3
v 35 4
v 36 4
v 37 4
v 38 4
v 39 4
v 40 4
v 41 4
v 42 4
v 43 4
v 44 4
v 45 4
v 46 4
v 47 4
v 48 4
v 49 4
v 50 4
v 51 4
v 52 4
v 53 4
v 54 4
v 55 4
v 56 4
v 57 4
v 58 4
v 59 4
v 60 4
v 61 4
v 62 4
v 63 4
v 64 4
v 65 4
v 66 4
v 67 4
v 68 4
v 69 4
v 70 4
v 71 4
v 72 4
v 73 4
v 74 4
v 75 4
v 76 4
v 77 4
v 78 4
v 79 4
v 80 4
v 81 4
v 82 4
v 83 4
e 0 22 1
e 1 16 1
e 1 29 1
e 2 25 2
e 3 29 2
e 4 5 1
e 4 9 1
e 4 12 1
e 4 21 1
e 5 6 1
e 5 11 1
e 5 35 1
e 6 7 1
e 6 14 1
e 6 36 1
e 7 8 1
e 7 18 1
e 7 37 1
e 8 10 1
e 8 13 1
e 8 23 1
e 9 17 1
e 9 19 1
e 9 38 1
e 10 20 1
e 10 24 1
e 10 39 1
e 11 13 1
e 11 40 1
e 11 41 1
e 12 15 1
e 12 42 1
e 12 43 1
e 13 44 1
e 13 45 1
e 14 17 1
e 14 46 1
e 14 47 1
e 15 16 1
e 15 22 1
e 15 48 1
e 16 19 1
e 16 25 1
e 17 49 1
e 17 50 1
e 18 20 1
e 18 51 1
e 18 52 1
e 19 53 1
e 19 54 1
e 20 55 1
e 20 56 1
e 21 57 1
e 21 58 1
e 21 59 1
e 22 25 1
e 22 60 1
e 23 61 1
e 23 62 1
e 23 63 1
e 24 26 1
e 24 27 1
e 24 64 1
e 26 28 1
e 26 65 1
e 26 66 1
e 27 67 1
e 27 68 1
e 27 69 1
e 28 30 1
e 28 70 1
e 28 71 1
e 29 31 1
e 30 32 1
e 30 72 1
e 30 73 1
e 31 74 1
e 31 75 1
e 31 76 1
e 32 33 1
e 32 34 1
e 32 77 1
e 33 78 1
e 33 79 1
e 33 80 1
e 34 81 1
e 34 82 1
e 34 83 1
t # 11826
v 0 11
v 1 11
v 2 1
v 3 2
v 4 2
v 5 2
v 6 2
v 7 3
v 8 3
v 9 3
v 10 3
v 11 3
v 12 3
v 13 3
v 14 3
v 15 3
v 16 4
v 17 4
v 18 4
v 19 4
v 20 4
v 21 4
v 22 4
v 23 4
v 24 4
v 25 4
e 0 9 1
e 0 13 1
e 1 14 1
e 1 15 1
e 2 10 2
e 3 7 1
e 3 19 1
e 3 20 1
e 4 10 1
e 4 14 1
e 4 22 1
e 5 6 1
e 5 14 2
e 6 15 2
e 7 8 1
e 7 10 1
e 7 16 1
e 8 9 1
e 8 17 1
e 8 18 1
e 9 11 2
e 11 12 1
e 11 21 1
e 12 13 2
e 12 23 1
e 13 24 1
e 15 25 1
t # 11827
v 0 1
v 1 1
v 2 1
v 3 1
v 4 1
v 5 1
v 6 1
v 7 1
v 8 3
v 9 3
v 10 3
v 11 3
v 12 3
v 13 3
v 14 3
v 15 3
v 16 3
v 17 3
v 18 3
v 19 3
v 20 3
v 21 3
v 22 3
v 23 3
v 24 3
v 25 3
v 26 3
v 27 3
v 28 3
v 29 3
v 30 3
v 31 3
v 32 3
v 33 3
v 34 3
v 35 3
v 36 3
v 37 3
v 38 3
v 39 3
v 40 3
v 41 3
v 42 3
v 43 3
v 44 3
v 45 3
v 46 3
v 47 3
v 48 3
v 49 3
v 50 3
v 51 3
v 52 3
v 53 3
v 54 3
v 55 3
v 56 3
v 57 3
v 58 3
v 59 3
v 60 3
v 61 3
v 62 3
v 63 3
v 64 3
v 65 3
v 66 3
v 67 3
v 68 3
v 69 3
v 70 3
v 71 3
v 72 3
v 73 3
v 74 3
v 75 3
v 76 3
v 77 3
v 78 3
v 79 3
v 80 3
v 81 3
v 82 3
v 83 3
v 84 3
v 85 3
v 86 3
v 87 3
v 88 3
v 89 3
v 90 3
v 91 3
v 92 3
v 93 3
v 94 3
v 95 3
v 96 4
v 97 4
v 98 4
v 99 4
v 100 4
v 101 4
v 102 4
v 103 4
v 104 4
v 105 4
v 106 4
v 107 4
v 108 4
v 109 4
v 110 4
v 111 4
v 112 4
v 113 4
v 114 4
v 115 4
v 116 4
v 117 4
v 118 4
v 119 4
v 120 4
v 121 4
v 122 4
v 123 4
v 124 4
v 125 4
v 126 4
v 127 4
v 128 4
v 129 4
v 130 4
v 131 4
v 132 4
v 133 4
v 134 4
v 135 4
v 136 4
v 137 4
v 138 4
v 139 4
v 140 4
v 141 4
v 142 4
v 143 4
v 144 4
v 145 4
v 146 4
v 147 4
v 148 4
v 149 4
v 150 4
v 151 4
v 152 4
v 153 4
v 154 4
v 155 4
v 156 4
v 157 4
v 158 4
v 159 4
v 160 4
v 161 4
v 162 4
v 163 4
v 164 4
v 165 4
v 166 4
v 167 4
v 168 4
v 169 4
v 170 4
v 171 4
v 172 4
v 173 4
v 174 4
v 175 4
v 176 4
v 177 4
v 178 4
v 179 4
v 180 4
v 181 4
v 182 4
v 183 4
v 184 4
v 185 4
v 186 4
v 187 4
v 188 4
v 189 4
v 190 4
v 191 4
v 192 4
v 193 4
v 194 4
v 195 4
v 196 4
v 197 4
v 198 4
v 199 4
v 200 4
v 201 4
v 202 4
v 203 4
v 204 4
v 205 4
v 206 4
v 207 4
e 0 64 1
e 0 200 1
e 1 65 1
e 1 201 1
e 2 66 1
e 2 202 1
e 3 67 1
e 3 203 1
e 4 68 1
e 4 204 1
e 5 69 1
e 5 205 1
e 6 70 1
e 6 206 1
e 7 71 1
e 7 207 1
e 8 16 1
e 8 72 1
e 8 73 1
e 8 74 1
e 9 17 1
e 9 75 1
e 9 76 1
e 9 77 1
e 10 18 1
e 10 78 1
e 10 79 1
e 10 80 1
e 11 19 1
e 11 81 1
e 11 82 1
e 11 83 1
e 12 20 1
e 12 84 1
e 12 85 1
e 12 86 1
e 13 21 1
e 13 87 1
e 13 88 1
e 13 89 1
e 14 22 1
e 14 90 1
e 14 91 1
e 14 92 1
e 15 23 1
e 15 93 1
e 15 94 1
e 15 95 1
e 16 48 2
e 16 56 1
e 17 49 2
e 17 57 1
e 18 50 2
e 18 58 1
e 19 51 2
e 19 59 1
e 20 52 2
e 20 60 1
e 21 53 2
e 21 61 1
e 22 54 2
e 22 62 1
e 23 55 2
e 23 63 1
e 24 40 1
e 24 56 2
e 24 64 1
e 25 40 1
e 25 57 2
e 25 65 1
e 26 41 1
e 26 58 2
e 26 66 1
e 27 42 1
e 27 59 2
e 27 67 1
e 28 43 1
e 28 60 2
e 28 68 1
e 29 44 1
e 29 61 2
e 29 69 1
e 30 45 1
e 30 62 2
e 30 70 1
e 31 46 1
e 31 63 2
e 31 71 1
e 32 41 1
e 32 48 1
e 32 64 2
e 33 42 1
e 33 49 1
e 33 65 2
e 34 43 1
e 34 50 1
e 34 66 2
e 35 44 1
e 35 51 1
e 35 67 2
e 36 45 1
e 36 52 1
e 36 68 2
e 37 46 1
e 37 53 1
e 37 69 2
e 38 47 1
e 38 54 1
e 38 70 2
e 39 47 1
e 39 55 1
e 39 71 2
e 40 96 1
e 40 97 1
e 41 98 1
e 41 99 1
e 42 100 1
e 42 101 1
e 43 102 1
e 43 103 1
e 44 104 1
e 44 105 1
e 45 106 1
e 45 107 1
e 46 108 1
e 46 109 1
e 47 110 1
e 47 111 1
e 48 112 1
e 49 113 1
e 50 114 1
e 51 115 1
e 52 116 1
e 53 117 1
e 54 118 1
e 55 119 1
e 56 120 1
e 57 121 1
e 58 122 1
e 59 123 1
e 60 124 1
e 61 125 1
e 62 126 1
e 63 127 1
e 72 128 1
e 72 129 1
e 72 130 1
e 73 131 1
e 73 132 1
e 73 133 1
e 74 134 1
e 74 135 1
e 74 136 1
e 75 137 1
e 75 138 1
e 75 139 1
e 76 140 1
e 76 141 1
e 76 142 1
e 77 143 1
e 77 144 1
e 77 145 1
e 78 146 1
e 78 147 1
e 78 148 1
e 79 149 1
e 79 150 1
e 79 151 1
e 80 152 1
e 80 153 1
e 80 154 1
e 81 155 1
e 81 156 1
e 81 157 1
e 82 158 1
e 82 159 1
e 82 160 1
e 83 161 1
e 83 162 1
e 83 163 1
e 84 164 1
e 84 165 1
e 84 166 1
e 85 167 1
e 85 168 1
e 85 169 1
e 86 170 1
e 86 171 1
e 86 172 1
e 87 173 1
e 87 174 1
e 87 175 1
e 88 176 1
e 88 177 1
e 88 178 1
e 89 179 1
e 89 180 1
e 89 181 1
e 90 182 1
e 90 183 1
e 90 184 1
e 91 185 1
e 91 186 1
e 91 187 1
e 92 188 1
e 92 189 1
e 92 190 1
e 93 191 1
e 93 192 1
e 93 193 1
e 94 194 1
e 94 195 1
e 94 196 1
e 95 197 1
e 95 198 1
e 95 199 1
t # 11828
v 0 12
v 1 12
v 2 2
v 3 2
v 4 3
v 5 3
v 6 3
v 7 3
v 8 3
v 9 3
v 10 3
v 11 3
v 12 3
v 13 4
v 14 4
v 15 4
v 16 4
v 17 4
v 18 4
v 19 4
v 20 4
v 21 4
v 22 4
v 23 4
v 24 4
v 25 4
v 26 4
v 27 4
v 28 4
v 29 4
v 30 4
e 0 11 1
e 1 12 1
e 2 4 1
e 2 5 1
e 2 8 1
e 3 6 1
e 3 7 1
e 3 9 1
e 4 6 1
e 4 13 1
e 4 14 1
e 5 7 1
e 5 15 1
e 5 16 1
e 6 17 1
e 6 18 1
e 7 19 1
e 7 20 1
e 8 10 1
e 8 21 1
e 8 22 1
e 9 11 1
e 9 23 1
e 9 24 1
e 10 12 1
e 10 25 1
e 10 26 1
e 11 27 1
e 11 28 1
e 12 29 1
e 12 30 1
t # 11829
v 0 12
v 1 12
v 2 8
v 3 1
v 4 1
v 5 2
v 6 2
v 7 3
v 8 3
v 9 3
v 10 3
v 11 3
v 12 3
v 13 3
v 14 3
v 15 3
v 16 3
v 17 3
v 18 3
v 19 3
v 20 3
v 21 3
v 22 3
v 23 3
v 24 3
v 25 3
v 26 4
v 27 4
v 28 4
v 29 4
v 30 4
v 31 4
v 32 4
v 33 4
v 34 4
v 35 4
v 36 4
v 37 4
v 38 4
v 39 4
v 40 4
v 41 4
v 42 4
v 43 4
v 44 4
v 45 4
v 46 4
e 0 13 1
e 1 14 1
e 3 11 1
e 5 7 1
e 5 10 1
e 6 8 1
e 6 9 1
e 7 12 1
e 7 26 1
e 7 27 1
e 8 13 1
e 8 28 1
e 8 29 1
e 9 14 1
e 9 30 1
e 9 31 1
e 10 16 2
e 10 17 1
e 11 12 2
e 11 15 1
e 12 32 1
e 13 33 1
e 13 34 1
e 14 35 1
e 14 36 1
e 15 20 2
e 15 21 1
e 16 18 1
e 16 37 1
e 17 19 2
e 17 38 1
e 18 22 2
e 18 39 1
e 19 22 1
e 19 40 1
e 20 23 1
e 20 41 1
e 21 24 2
e 21 42 1
e 22 43 1
e 23 25 2
e 23 44 1
e 24 25 1
e 24 45 1
e 25 46 1
t # 11830
v 0 12
v 1 12
v 2 8
v 3 1
v 4 1
v 5 1
v 6 2
v 7 2
v 8 3
v 9 3
v 10 3
v 11 3
v 12 3
v 13 3
v 14 3
v 15 3
v 16 3
v 17 3
v 18 3
v 19 3
v 20 3
v 21 3
v 22 3
v 23 3
v 24 3
v 25 3
v 26 3
v 27 3
v 28 4
v 29 4
v 30 4
v 31 4
v 32 4
v 33 4
v 34 4
v 35 4
v 36 4
v 37 4
v 38 4
v 39 4
v 40 4
v 41 4
v 42 4
v 43 4
v 44 4
v 45 4
v 46 4
v 47 4
v 48 4
v 49 4
v 50 4
e 0 14 1
e 1 15 1
e 3 12 1
e 5 23 1
e 5 27 1
e 6 8 1
e 6 11 1
e 7 9 1
e 7 10 1
e 8 13 1
e 8 28 1
e 8 29 1
e 9 14 1
e 9 30 1
e 9 31 1
e 10 15 1
e 10 32 1
e 10 33 1
e 11 17 2
e 11 18 1
e 12 13 2
e 12 16 1
e 13 34 1
e 14 35 1
e 14 36 1
e 15 37 1
e 15 38 1
e 16 21 2
e 16 22 1
e 17 19 1
e 17 39 1
e 18 20 2
e 18 40 1
e 19 23 2
e 19 41 1
e 20 23 1
e 20 42 1
e 21 24 1
e 21 43 1
e 22 25 2
e 22 44 1
e 24 26 2
e 24 45 1
e 25 26 1
e 25 46 1
e 26 47 1
e 27 48 1
e 27 49 1
e 27 50 1
t # 11831
v 0 1
v 1 1
v 2 1
v 3 1
v 4 1
v 5 2
v 6 3
v 7 3
v 8 3
v 9 3
v 10 3
v 11 3
v 12 3
v 13 3
v 14 3
v 15 3
v 16 3
v 17 3
v 18 3
v 19 3
v 20 3
v 21 3
v 22 3
v 23 3
v 24 3
v 25 4
v 26 4
v 27 4
v 28 4
v 29 4
v 30 4
v 31 4
v 32 4
v 33 4
v 34 4
v 35 4
v 36 4
v 37 4
v 38 4
v 39 4
v 40 4
v 41 4
v 42 4
v 43 4
v 44 4
v 45 4
v 46 4
v 47 4
v 48 4
v 49 4
v 50 4
v 51 4
v 52 4
v 53 4
e 0 7 1
e 0 12 1
e 1 9 1
e 1 13 1
e 2 10 1
e 2 41 1
e 3 16 1
e 3 23 1
e 4 23 2
e 5 11 1
e 5 20 1
e 5 21 1
e 6 7 1
e 6 8 1
e 6 10 1
e 6 14 1
e 7 9 1
e 7 12 1
e 8 13 1
e 8 15 1
e 8 16 1
e 9 11 1
e 9 25 1
e 10 11 1
e 10 26 1
e 11 27 1
e 12 28 1
e 12 29 1
e 13 17 1
e 13 30 1
e 14 31 1
e 14 32 1
e 14 33 1
e 15 18 1
e 15 34 1
e 15 35 1
e 16 36 1
e 16 37 1
e 17 19 2
e 17 38 1
e 18 19 1
e 18 39 1
e 18 40 1
e 19 22 1
e 20 42 1
e 20 43 1
e 20 44 1
e 21 45 1
e 21 46 1
e 21 47 1
e 22 48 1
e 22 49 1
e 22 50 1
e 23 24 1
e 24 51 1
e 24 52 1
e 24 53 1
t # 11832
v 0 7
v 1 18
v 2 18
v 3 1
v 4 1
v 5 2
v 6 2
v 7 3
v 8 3
v 9 3
v 10 3
v 11 3
v 12 3
v 13 3
v 14 3
v 15 3
v 16 3
v 17 3
v 18 3
v 19 3
v 20 3
v 21 4
v 22 4
v 23 4
v 24 4
v 25 4
v 26 4
v 27 4
v 28 4
v 29 4
v 30 4
v 31 4
v 32 4
v 33 4
v 34 4
v 35 4
v 36 4
e 3 13 1
e 3 19 1
e 4 14 1
e 4 20 1
e 5 7 1
e 5 21 1
e 6 8 1
e 6 22 1
e 7 9 2
e 7 11 1
e 8 10 2
e 8 12 1
e 9 15 1
e 9 23 1
e 10 16 1
e 10 24 1
e 11 17 2
e 11 25 1
e 12 18 2
e 12 26 1
e 13 15 2
e 13 17 1
e 14 16 2
e 14 18 1
e 15 27 1
e 16 28 1
e 17 29 1
e 18 30 1
e 19 31 1
e 19 32 1
e 19 33 1
e 20 34 1
e 20 35 1
e 20 36 1
t # 11833
v 0 7
v 1 27
v 2 27
v 3 18
v 4 18
v 5 2
v 6 2
v 7 3
v 8 3
v 9 3
v 10 3
v 11 3
v 12 3
v 13 3
v 14 3
v 15 3
v 16 3
v 17 3
v 18 3
v 19 4
v 20 4
v 21 4
v 22 4
v 23 4
v 24 4
v 25 4
v 26 4
v 27 4
v 28 4
e 5 7 1
e 5 19 1
e 6 8 1
e 6 20 1
e 7 9 2
e 7 11 1
e 8 10 2
e 8 12 1
e 9 13 1
e 9 21 1
e 10 14 1
e 10 22 1
e 11 15 2
e 11 23 1
e 12 16 2
e 12 24 1
e 13 17 2
e 14 18 2
e 15 17 1
e 15 25 1
e 16 18 1
e 16 26 1
e 17 27 1
e 18 28 1
t # 11834
v 0 7
v 1 18
v 2 18
v 3 2
v 4 2
v 5 3
v 6 3
v 7 3
v 8 3
v 9 3
v 10 3
v 11 3
v 12 3
v 13 3
v 14 3
v 15 3
v 16 3
v 17 4
v 18 4
v 19 4
v 20 4
v 21 4
v 22 4
v 23 4
v 24 4
v 25 4
v 26 4
v 27 4
v 28 4
e 3 5 1
e 3 17 1
e 4 6 1
e 4 18 1
e 5 7 2
e 5 9 1
e 6 8 2
e 6 10 1
e 7 11 1
e 7 19 1
e 8 12 1
e 8 20 1
e 9 13 2
e 9 21 1
e 10 14 2
e 10 22 1
e 11 15 2
e 11 23 1
e 12 16 2
e 12 24 1
e 13 15 1
e 13 25 1
e 14 16 1
e 14 26 1
e 15 27 1
e 16 28 1
t # 11835
v 0 7
v 1 12
v 2 12
v 3 2
v 4 2
v 5 3
v 6 3
v 7 3
v 8 3
v 9 3
v 10 3
v 11 3
v 12 3
v 13 3
v 14 3
v 15 3
v 16 3
v 17 3
v 18 3
v 19 3
v 20 3
v 21 4
v 22 4
v 23 4
v 24 4
v 25 4
v 26 4
v 27 4
v 28 4
v 29 4
v 30 4
v 31 4
v 32 4
v 33 4
v 34 4
v 35 4
v 36 4
v 37 4
v 38 4
v 39 4
v 40 4
e 3 5 1
e 3 21 1
e 4 6 1
e 4 22 1
e 5 11 2
e 5 13 1
e 6 12 2
e 6 14 1
e 7 9 2
e 7 11 1
e 7 17 1
e 8 10 2
e 8 12 1
e 8 18 1
e 9 15 1
e 9 19 1
e 10 16 1
e 10 20 1
e 11 23 1
e 12 24 1
e 13 15 2
e 13 25 1
e 14 16 2
e 14 26 1
e 15 27 1
e 16 28 1
e 17 29 1
e 17 30 1
e 17 31 1
e 18 32 1
e 18 33 1
e 18 34 1
e 19 35 1
e 19 36 1
e 19 37 1
e 20 38 1
e 20 39 1
e 20 40 1
t # 11836
v 0 7
v 1 27
v 2 27
v 3 12
v 4 12
v 5 2
v 6 2
v 7 3
v 8 3
v 9 3
v 10 3
v 11 3
v 12 3
v 13 3
v 14 3
v 15 3
v 16 3
v 17 3
v 18 3
v 19 4
v 20 4
v 21 4
v 22 4
v 23 4
v 24 4
v 25 4
v 26 4
v 27 4
v 28 4
e 5 7 1
e 5 19 1
e 6 8 1
e 6 20 1
e 7 9 2
e 7 11 1
e 8 10 2
e 8 12 1
e 9 13 1
e 9 21 1
e 10 14 1
e 10 22 1
e 11 15 2
e 11 23 1
e 12 16 2
e 12 24 1
e 13 17 2
e 14 18 2
e 15 17 1
e 15 25 1
e 16 18 1
e 16 26 1
e 17 27 1
e 18 28 1
t # 11837
v 0 2
v 1 2
v 2 3
v 3 3
v 4 3
v 5 3
v 6 3
v 7 3
v 8 3
v 9 3
v 10 3
v 11 3
v 12 3
v 13 3
v 14 3
v 15 4
v 16 4
v 17 4
v 18 4
v 19 4
v 20 4
v 21 4
v 22 4
v 23 4
v 24 4
v 25 4
v 26 4
v 27 4
v 28 4
v 29 4
v 30 4
v 31 4
v 32 4
v 33 4
v 34 4
e 0 2 1
e 0 3 1
e 0 16 1
e 1 3 1
e 1 7 1
e 1 23 1
e 2 5 1
e 2 6 1
e 2 15 1
e 3 4 2
e 4 8 1
e 4 9 1
e 5 17 1
e 5 18 1
e 5 19 1
e 6 20 1
e 6 21 1
e 6 22 1
e 7 10 2
e 7 11 1
e 8 24 1
e 8 25 1
e 8 26 1
e 9 27 1
e 9 28 1
e 9 29 1
e 10 12 1
e 10 30 1
e 11 13 2
e 11 31 1
e 12 14 2
e 12 32 1
e 13 14 1
e 13 33 1
e 14 34 1
t # 11838
v 0 8
v 1 1
v 2 1
v 3 1
v 4 1
v 5 1
v 6 1
v 7 2
v 8 3
v 9 3
v 10 3
v 11 3
v 12 3
v 13 3
v 14 3
v 15 3
v 16 3
v 17 3
v 18 3
v 19 3
v 20 3
v 21 3
v 22 3
v 23 3
v 24 3
v 25 3
v 26 4
v 27 4
v 28 4
v 29 4
v 30 4
v 31 4
v 32 4
v 33 4
v 34 4
v 35 4
v 36 4
v 37 4
v 38 4
v 39 4
v 40 4
v 41 4
v 42 4
v 43 4
v 44 4
v 45 4
v 46 4
v 47 4
v 48 4
v 49 4
v 50 4
v 51 4
v 52 4
v 53 4
v 54 4
v 55 4
v 56 4
v 57 4
v 58 4
v 59 4
v 60 4
v 61 4
v 62 4
v 63 4
v 64 4
v 65 4
v 66 4
e 1 14 1
e 2 19 1
e 2 22 1
e 3 23 1
e 4 21 1
e 4 25 1
e 5 63 1
e 7 8 1
e 7 9 1
e 7 10 1
e 7 11 1
e 8 14 1
e 8 26 1
e 8 27 1
e 9 28 1
e 9 29 1
e 9 30 1
e 10 31 1
e 10 32 1
e 10 33 1
e 11 34 1
e 11 35 1
e 11 36 1
e 12 13 1
e 12 15 1
e 12 37 1
e 12 38 1
e 13 16 1
e 13 39 1
e 13 40 1
e 14 41 1
e 14 42 1
e 15 17 1
e 15 43 1
e 15 44 1
e 16 18 1
e 16 45 1
e 16 46 1
e 17 19 1
e 17 47 1
e 17 48 1
e 18 20 1
e 18 49 1
e 18 50 1
e 19 51 1
e 19 52 1
e 20 24 1
e 20 53 1
e 20 54 1
e 21 22 1
e 21 23 1
e 21 55 1
e 22 56 1
e 22 57 1
e 23 58 1
e 23 59 1
e 24 60 1
e 24 61 1
e 24 62 1
e 25 64 1
e 25 65 1
e 25 66 1
t # 11839
v 0 1
v 1 1
v 2 1
v 3 2
v 4 2
v 5 3
v 6 3
v 7 3
v 8 3
v 9 3
v 10 3
v 11 3
v 12 3
v 13 3
v 14 3
v 15 3
v 16 3
v 17 3
v 18 3
v 19 3
v 20 3
v 21 3
v 22 3
v 23 3
v 24 4
v 25 4
v 26 4
v 27 4
v 28 4
v 29 4
v 30 4
v 31 4
v 32 4
v 33 4
v 34 4
v 35 4
v 36 4
v 37 4
v 38 4
v 39 4
v 40 4
v 41 4
v 42 4
v 43 4
v 44 4
v 45 4
v 46 4
v 47 4
v 48 4
v 49 4
v 50 4
v 51 4
e 0 10 2
e 1 11 2
e 2 22 1
e 2 23 1
e 3 7 1
e 3 14 1
e 3 15 1
e 4 8 1
e 4 16 1
e 4 17 1
e 5 7 1
e 5 10 1
e 5 24 1
e 5 25 1
e 6 8 1
e 6 11 1
e 6 26 1
e 6 27 1
e 7 28 1
e 7 29 1
e 8 30 1
e 8 31 1
e 9 10 1
e 9 11 1
e 9 12 2
e 12 13 1
e 12 32 1
e 13 18 2
e 13 19 1
e 14 33 1
e 14 34 1
e 14 35 1
e 15 36 1
e 15 37 1
e 15 38 1
e 16 39 1
e 16 40 1
e 16 41 1
e 17 42 1
e 17 43 1
e 17 44 1
e 18 20 1
e 18 45 1
e 19 21 2
e 19 46 1
e 20 22 2
e 20 47 1
e 21 22 1
e 21 48 1
e 23 49 1
e 23 50 1
e 23 51 1
t # 11840
v 0 14
v 1 14
v 2 1
v 3 2
v 4 2
v 5 3
v 6 3
v 7 3
v 8 3
v 9 3
v 10 3
v 11 3
v 12 3
v 13 3
v 14 3
v 15 3
v 16 3
v 17 3
v 18 3
v 19 4
v 20 4
v 21 4
v 22 4
v 23 4
v 24 4
v 25 4
v 26 4
v 27 4
v 28 4
v 29 4
v 30 4
v 31 4
e 2 7 2
e 3 5 1
e 3 8 2
e 3 9 1
e 4 7 1
e 4 10 1
e 4 25 1
e 5 6 1
e 5 19 1
e 5 20 1
e 6 7 1
e 6 21 1
e 6 22 1
e 8 11 1
e 8 23 1
e 9 12 2
e 9 24 1
e 10 14 2
e 10 15 1
e 11 13 2
e 11 26 1
e 12 13 1
e 12 27 1
e 13 29 1
e 14 16 1
e 15 17 2
e 15 28 1
e 16 18 2
e 16 30 1
e 17 18 1
e 17 31 1
t # 11841
v 0 12
v 1 14
v 2 1
v 3 2
v 4 3
v 5 3
v 6 3
v 7 3
v 8 3
v 9 3
v 10 3
v 11 3
v 12 3
v 13 3
v 14 3
v 15 4
v 16 4
v 17 4
v 18 4
v 19 4
v 20 4
v 21 4
v 22 4
v 23 4
v 24 4
v 25 4
e 0 10 1
e 2 5 1
e 2 8 1
e 3 4 1
e 3 8 2
e 4 5 1
e 4 6 1
e 4 7 1
e 5 15 1
e 5 16 1
e 6 17 1
e 6 18 1
e 6 19 1
e 7 20 1
e 7 21 1
e 7 22 1
e 8 9 1
e 9 10 1
e 9 11 2
e 10 12 2
e 11 13 1
e 12 14 1
e 12 23 1
e 13 14 2
e 13 24 1
e 14 25 1
t # 11842
v 0 12
v 1 11
v 2 2
v 3 2
v 4 3
v 5 3
v 6 3
v 7 3
v 8 3
v 9 3
v 10 3
v 11 3
v 12 3
v 13 3
v 14 3
v 15 3
v 16 4
v 17 4
v 18 4
v 19 4
v 20 4
v 21 4
v 22 4
v 23 4
v 24 4
v 25 4
v 26 4
e 0 14 1
e 1 7 1
e 1 9 1
e 2 4 1
e 2 5 1
e 2 7 1
e 3 6 1
e 3 7 2
e 4 6 1
e 4 16 1
e 4 17 1
e 5 8 1
e 5 9 2
e 6 18 1
e 6 19 1
e 8 10 2
e 8 11 1
e 9 20 1
e 10 12 1
e 10 21 1
e 11 13 2
e 11 22 1
e 12 14 2
e 12 15 1
e 13 14 1
e 13 23 1
e 15 24 1
e 15 25 1
e 15 26 1
t # 11843
v 0 12
v 1 11
v 2 2
v 3 2
v 4 3
v 5 3
v 6 3
v 7 3
v 8 3
v 9 3
v 10 3
v 11 3
v 12 3
v 13 3
v 14 3
v 15 3
v 16 4
v 17 4
v 18 4
v 19 4
v 20 4
v 21 4
v 22 4
v 23 4
v 24 4
v 25 4
v 26 4
e 0 13 1
e 1 7 1
e 1 9 1
e 2 4 1
e 2 5 1
e 2 7 1
e 3 6 1
e 3 7 2
e 4 6 1
e 4 16 1
e 4 17 1
e 5 8 1
e 5 9 2
e 6 18 1
e 6 19 1
e 8 10 2
e 8 11 1
e 9 20 1
e 10 13 1
e 10 21 1
e 11 14 2
e 11 22 1
e 12 13 2
e 12 14 1
e 12 15 1
e 14 23 1
e 15 24 1
e 15 25 1
e 15 26 1
t # 11844
v 0 2
v 1 2
v 2 2
v 3 2
v 4 3
v 5 3
v 6 3
v 7 3
v 8 3
v 9 3
v 10 3
v 11 3
v 12 3
v 13 3
v 14 4
v 15 4
v 16 4
v 17 4
v 18 4
v 19 4
v 20 4
v 21 4
e 0 4 1
e 0 6 1
e 0 14 1
e 1 5 1
e 1 12 2
e 2 6 1
e 2 20 1
e 2 21 1
e 4 5 1
e 4 7 2
e 5 8 2
e 6 9 2
e 7 10 1
e 7 15 1
e 8 11 1
e 8 16 1
e 9 12 1
e 9 13 1
e 10 11 2
e 10 17 1
e 11 18 1
e 12 19 1
t # 11845
v 0 11
v 1 8
v 2 1
v 3 1
v 4 1
v 5 1
v 6 1
v 7 1
v 8 1
v 9 1
v 10 2
v 11 2
v 12 3
v 13 3
v 14 3
v 15 3
v 16 3
v 17 3
v 18 3
v 19 3
v 20 3
v 21 4
v 22 4
v 23 4
v 24 4
v 25 4
v 26 4
v 27 4
v 28 4
v 29 4
v 30 4
v 31 4
v 32 4
v 33 4
e 0 17 1
e 0 19 1
e 2 14 1
e 2 15 1
e 3 12 1
e 3 27 1
e 4 13 1
e 4 28 1
e 5 16 1
e 6 30 1
e 7 31 1
e 9 20 2
e 10 17 2
e 10 18 1
e 11 20 1
e 11 32 1
e 11 33 1
e 12 13 1
e 12 14 1
e 12 21 1
e 13 15 1
e 13 22 1
e 14 16 1
e 14 23 1
e 15 17 1
e 15 24 1
e 16 25 1
e 16 26 1
e 18 19 2
e 18 20 1
e 19 29 1
t # 11846
v 0 1
v 1 1
v 2 1
v 3 1
v 4 1
v 5 1
v 6 2
v 7 3
v 8 3
v 9 3
v 10 3
v 11 3
v 12 3
v 13 3
v 14 3
v 15 3
v 16 3
v 17 3
v 18 3
v 19 3
v 20 3
v 21 3
v 22 3
v 23 3
v 24 3
v 25 3
v 26 3
v 27 3
v 28 3
v 29 3
v 30 3
v 31 4
v 32 4
v 33 4
v 34 4
v 35 4
v 36 4
v 37 4
v 38 4
v 39 4
v 40 4
v 41 4
v 42 4
v 43 4
v 44 4
v 45 4
v 46 4
v 47 4
v 48 4
v 49 4
v 50 4
v 51 4
v 52 4
v 53 4
v 54 4
v 55 4
v 56 4
v 57 4
v 58 4
v 59 4
e 0 14 1
e 0 26 1
e 1 18 1
e 1 28 1
e 2 19 1
e 2 29 1
e 3 20 2
e 4 24 1
e 4 30 1
e 5 21 2
e 6 7 1
e 6 20 1
e 6 36 1
e 7 8 1
e 7 10 1
e 7 31 1
e 8 9 1
e 8 32 1
e 8 33 1
e 9 11 1
e 9 34 1
e 9 35 1
e 10 13 1
e 10 16 2
e 11 12 1
e 11 15 2
e 12 13 1
e 12 14 2
e 13 17 2
e 14 18 1
e 15 19 1
e 15 37 1
e 16 21 1
e 16 38 1
e 17 22 1
e 17 39 1
e 18 19 2
e 20 23 1
e 21 24 1
e 22 24 2
e 22 40 1
e 23 25 1
e 23 41 1
e 23 42 1
e 25 27 1
e 25 43 1
e 25 44 1
e 26 45 1
e 26 46 1
e 26 47 1
e 27 48 1
e 27 49 1
e 27 50 1
e 28 51 1
e 28 52 1
e 28 53 1
e 29 54 1
e 29 55 1
e 29 56 1
e 30 57 1
e 30 58 1
e 30 59 1
t # 11847
v 0 12
v 1 12
v 2 11
v 3 1
v 4 1
v 5 1
v 6 2
v 7 3
v 8 3
v 9 3
v 10 3
v 11 3
v 12 3
v 13 3
v 14 3
v 15 3
v 16 4
v 17 4
v 18 4
v 19 4
v 20 4
v 21 4
v 22 4
e 0 13 1
e 1 15 1
e 2 3 2
e 2 4 2
e 2 7 1
e 2 8 1
e 5 9 2
e 6 7 1
e 6 9 1
e 6 10 1
e 7 16 1
e 7 17 1
e 8 9 1
e 8 18 1
e 8 19 1
e 10 11 2
e 10 12 1
e 11 13 1
e 11 20 1
e 12 14 2
e 12 21 1
e 13 15 2
e 14 15 1
e 14 22 1
t # 11848
v 0 1
v 1 1
v 2 1
v 3 1
v 4 1
v 5 1
v 6 1
v 7 1
v 8 1
v 9 1
v 10 1
v 11 1
v 12 1
v 13 3
v 14 3
v 15 3
v 16 3
v 17 3
v 18 3
v 19 3
v 20 3
v 21 3
v 22 3
v 23 3
v 24 3
v 25 3
v 26 3
v 27 3
v 28 3
v 29 3
v 30 3
v 31 3
v 32 3
v 33 3
v 34 3
v 35 3
v 36 3
v 37 3
v 38 3
v 39 3
v 40 3
v 41 3
v 42 3
v 43 3
v 44 3
v 45 3
v 46 3
v 47 3
v 48 3
v 49 3
v 50 3
v 51 3
v 52 3
v 53 3
v 54 3
v 55 4
v 56 4
v 57 4
v 58 4
v 59 4
v 60 4
v 61 4
v 62 4
v 63 4
v 64 4
v 65 4
v 66 4
v 67 4
v 68 4
v 69 4
v 70 4
v 71 4
v 72 4
v 73 4
v 74 4
v 75 4
v 76 4
v 77 4
v 78 4
v 79 4
v 80 4
v 81 4
v 82 4
v 83 4
v 84 4
v 85 4
v 86 4
v 87 4
v 88 4
v 89 4
v 90 4
v 91 4
v 92 4
v 93 4
v 94 4
v 95 4
v 96 4
v 97 4
v 98 4
v 99 4
v 100 4
v 101 4
v 102 4
v 103 4
v 104 4
v 105 4
v 106 4
v 107 4
v 108 4
v 109 4
v 110 4
v 111 4
v 112 4
v 113 4
v 114 4
v 115 4
v 116 4
v 117 4
v 118 4
v 119 4
v 120 4
v 121 4
v 122 4
e 0 28 1
e 0 43 1
e 1 40 1
e 1 45 1
e 2 40 2
e 3 43 1
e 3 47 1
e 4 45 1
e 4 51 1
e 5 44 1
e 5 108 1
e 6 46 1
e 6 114 1
e 7 48 1
e 7 115 1
e 8 49 1
e 8 116 1
e 9 50 1
e 9 119 1
e 10 52 1
e 10 120 1
e 11 53 1
e 11 121 1
e 12 54 1
e 12 122 1
e 13 14 1
e 13 16 1
e 13 18 1
e 13 27 1
e 14 15 1
e 14 23 1
e 14 55 1
e 15 17 1
e 15 24 1
e 15 30 1
e 16 21 1
e 16 25 1
e 16 33 1
e 17 19 1
e 17 20 1
e 17 56 1
e 18 19 1
e 18 57 1
e 18 58 1
e 19 59 1
e 19 60 1
e 20 28 1
e 20 37 1
e 20 38 1
e 21 22 1
e 21 31 2
e 22 26 1
e 22 34 1
e 22 61 1
e 23 31 1
e 23 62 1
e 23 63 1
e 24 32 1
e 24 64 1
e 24 65 1
e 25 29 1
e 25 66 1
e 25 67 1
e 26 29 1
e 26 35 1
e 26 40 1
e 27 68 1
e 27 69 1
e 27 70 1
e 28 32 1
e 28 71 1
e 29 72 1
e 29 73 1
e 30 74 1
e 30 75 1
e 30 76 1
e 31 77 1
e 32 78 1
e 32 79 1
e 33 80 1
e 33 81 1
e 33 82 1
e 34 36 1
e 34 83 1
e 34 84 1
e 35 39 1
e 35 85 1
e 35 86 1
e 36 39 1
e 36 41 1
e 36 42 1
e 37 87 1
e 37 88 1
e 37 89 1
e 38 90 1
e 38 91 1
e 38 92 1
e 39 93 1
e 39 94 1
e 41 95 1
e 41 96 1
e 41 97 1
e 42 98 1
e 42 99 1
e 42 100 1
e 43 44 1
e 43 101 1
e 44 46 1
e 44 102 1
e 45 49 1
e 45 103 1
e 46 48 1
e 46 104 1
e 47 48 1
e 47 52 1
e 47 105 1
e 48 106 1
e 49 50 1
e 49 107 1
e 50 53 1
e 50 109 1
e 51 53 1
e 51 54 1
e 51 110 1
e 52 111 1
e 52 112 1
e 53 113 1
e 54 117 1
e 54 118 1
t # 11849
v 0 9
v 1 1
v 2 1
v 3 1
v 4 1
v 5 1
v 6 1
v 7 3
v 8 3
v 9 3
v 10 3
v 11 3
v 12 3
v 13 3
v 14 3
v 15 4
v 16 4
v 17 4
v 18 4
v 19 4
v 20 4
v 21 4
v 22 4
v 23 4
v 24 4
v 25 4
v 26 4
v 27 4
v 28 4
e 1 9 1
e 1 18 1
e 2 10 1
e 2 19 1
e 3 9 2
e 4 10 2
e 5 14 1
e 5 28 1
e 6 14 2
e 7 8 1
e 7 9 1
e 7 11 1
e 7 15 1
e 8 10 1
e 8 16 1
e 8 17 1
e 11 14 1
e 11 20 1
e 11 21 1
e 12 22 1
e 12 23 1
e 12 24 1
e 13 25 1
e 13 26 1
e 13 27 1
t # 11850
v 0 9
v 1 2
v 2 2
v 3 2
v 4 2
v 5 2
v 6 2
v 7 3
v 8 3
v 9 3
v 10 3
v 11 3
v 12 3
v 13 3
v 14 3
v 15 3
v 16 3
v 17 3
v 18 3
v 19 3
v 20 3
v 21 3
v 22 3
v 23 3
v 24 3
v 25 3
v 26 3
v 27 3
v 28 3
v 29 3
v 30 3
v 31 3
v 32 3
v 33 4
v 34 4
v 35 4
v 36 4
v 37 4
v 38 4
v 39 4
v 40 4
v 41 4
v 42 4
v 43 4
v 44 4
v 45 4
v 46 4
v 47 4
v 48 4
v 49 4
v 50 4
v 51 4
v 52 4
v 53 4
v 54 4
v 55 4
v 56 4
v 57 4
v 58 4
v 59 4
v 60 4
v 61 4
v 62 4
v 63 4
v 64 4
v 65 4
v 66 4
v 67 4
v 68 4
v 69 4
v 70 4
e 1 11 1
e 1 12 1
e 2 9 1
e 2 14 1
e 3 10 1
e 3 15 1
e 4 13 1
e 4 17 1
e 5 11 2
e 5 16 1
e 6 13 2
e 6 25 1
e 7 33 1
e 7 34 1
e 7 35 1
e 8 36 1
e 8 37 1
e 8 38 1
e 9 11 1
e 9 18 1
e 9 39 1
e 10 13 1
e 10 19 1
e 10 40 1
e 12 16 1
e 12 20 1
e 12 41 1
e 14 21 1
e 14 42 1
e 14 43 1
e 15 22 1
e 15 44 1
e 15 45 1
e 16 26 1
e 16 46 1
e 17 25 1
e 17 29 2
e 18 23 1
e 18 47 1
e 18 48 1
e 19 24 1
e 19 49 1
e 19 50 1
e 20 27 1
e 20 51 1
e 20 52 1
e 21 23 1
e 21 53 1
e 21 54 1
e 22 24 1
e 22 55 1
e 22 56 1
e 23 57 1
e 23 58 1
e 24 59 1
e 24 60 1
e 25 30 2
e 26 28 1
e 26 61 1
e 26 62 1
e 27 28 1
e 27 63 1
e 27 64 1
e 28 65 1
e 28 66 1
e 29 31 1
e 29 67 1
e 30 32 1
e 30 68 1
e 31 32 2
e 31 69 1
e 32 70 1
t # 11851
v 0 7
v 1 12
v 2 12
v 3 1
v 4 1
v 5 1
v 6 2
v 7 3
v 8 3
v 9 3
v 10 4
v 11 4
v 12 4
v 13 4
v 14 4
v 15 4
e 3 8 1
e 3 12 1
e 4 9 1
e 4 15 1
e 5 8 2
e 6 7 1
e 6 11 1
e 7 8 1
e 7 9 1
e 7 10 1
e 9 13 1
e 9 14 1
t # 11852
v 0 0
v 1 0
v 2 1
v 3 1
v 4 1
v 5 1
v 6 1
v 7 1
v 8 1
v 9 1
v 10 2
v 11 2
v 12 2
v 13 2
v 14 2
v 15 2
v 16 2
v 17 2
v 18 3
v 19 3
v 20 3
v 21 3
v 22 3
v 23 3
v 24 3
v 25 3
v 26 3
v 27 3
v 28 3
v 29 3
v 30 3
v 31 3
v 32 3
v 33 3
v 34 3
v 35 3
v 36 4
v 37 4
v 38 4
v 39 4
v 40 4
v 41 4
v 42 4
v 43 4
v 44 4
v 45 4
v 46 4
v 47 4
v 48 4
v 49 4
v 50 4
v 51 4
v 52 4
v 53 4
v 54 4
v 55 4
v 56 4
v 57 4
v 58 4
v 59 4
v 60 4
v 61 4
v 62 4
v 63 4
e 2 20 1
e 2 38 1
e 3 21 1
e 3 39 1
e 4 46 1
e 4 47 1
e 5 48 1
e 5 49 1
e 6 20 2
e 7 21 2
e 8 24 2
e 9 25 2
e 10 18 1
e 10 24 1
e 11 19 1
e 11 25 1
e 12 30 1
e 12 34 2
e 13 31 1
e 13 35 2
e 14 26 1
e 14 40 1
e 15 27 1
e 15 41 1
e 16 28 1
e 16 34 1
e 16 62 1
e 17 29 1
e 17 35 1
e 17 63 1
e 18 20 1
e 18 22 1
e 18 36 1
e 19 21 1
e 19 23 1
e 19 37 1
e 22 29 1
e 22 42 1
e 22 43 1
e 23 28 1
e 23 44 1
e 23 45 1
e 24 32 1
e 25 33 1
e 26 32 1
e 26 50 1
e 26 51 1
e 27 33 1
e 27 52 1
e 27 53 1
e 28 30 2
e 29 31 2
e 30 54 1
e 31 55 1
e 32 56 1
e 32 57 1
e 33 58 1
e 33 59 1
e 34 60 1
e 35 61 1
t # 11853
v 0 12
v 1 12
v 2 1
v 3 1
v 4 1
v 5 1
v 6 1
v 7 1
v 8 1
v 9 1
v 10 1
v 11 2
v 12 3
v 13 3
v 14 3
v 15 3
v 16 3
v 17 3
v 18 3
v 19 3
v 20 3
v 21 3
v 22 3
v 23 3
v 24 3
v 25 3
v 26 3
v 27 3
v 28 3
v 29 3
v 30 4
v 31 4
v 32 4
v 33 4
v 34 4
v 35 4
v 36 4
v 37 4
v 38 4
v 39 4
v 40 4
v 41 4
v 42 4
v 43 4
v 44 4
v 45 4
v 46 4
v 47 4
v 48 4
v 49 4
v 50 4
v 51 4
v 52 4
v 53 4
v 54 4
v 55 4
v 56 4
e 0 20 1
e 1 21 1
e 2 14 1
e 2 16 1
e 3 12 1
e 3 22 1
e 4 13 1
e 4 23 1
e 5 15 1
e 5 24 1
e 6 17 1
e 6 28 1
e 7 22 2
e 8 23 2
e 9 24 2
e 10 28 2
e 11 14 1
e 11 18 1
e 11 19 1
e 12 13 1
e 12 14 1
e 12 30 1
e 13 15 1
e 13 31 1
e 14 32 1
e 15 16 1
e 15 33 1
e 16 17 1
e 16 34 1
e 17 35 1
e 17 36 1
e 18 20 1
e 18 37 1
e 18 38 1
e 19 21 1
e 19 39 1
e 19 40 1
e 20 41 1
e 20 42 1
e 21 43 1
e 21 44 1
e 22 25 1
e 23 26 1
e 24 27 1
e 25 45 1
e 25 46 1
e 25 47 1
e 26 48 1
e 26 49 1
e 26 50 1
e 27 51 1
e 27 52 1
e 27 53 1
e 28 29 1
e 29 54 1
e 29 55 1
e 29 56 1
t # 11854
v 0 7
v 1 27
v 2 27
v 3 11
v 4 11
v 5 1
v 6 1
v 7 1
v 8 1
v 9 2
v 10 2
v 11 3
v 12 3
v 13 3
v 14 3
v 15 3
v 16 3
v 17 3
v 18 3
v 19 4
v 20 4
v 21 4
v 22 4
v 23 4
v 24 4
e 3 13 1
e 3 15 1
e 4 14 1
e 4 16 1
e 5 17 1
e 5 23 1
e 6 18 1
e 6 24 1
e 7 17 2
e 8 18 2
e 9 11 1
e 9 13 2
e 10 12 1
e 10 14 2
e 11 15 2
e 11 17 1
e 12 16 2
e 12 18 1
e 13 19 1
e 14 20 1
e 15 21 1
e 16 22 1
t # 11855
v 0 11
v 1 11
v 2 2
v 3 3
v 4 3
v 5 3
v 6 3
v 7 3
v 8 3
v 9 3
v 10 3
v 11 3
v 12 4
v 13 4
v 14 4
v 15 4
v 16 4
v 17 4
v 18 4
v 19 4
v 20 4
v 21 4
v 22 4
v 23 4
v 24 4
e 0 4 1
e 1 6 1
e 2 8 1
e 2 23 1
e 2 24 1
e 3 4 1
e 3 5 2
e 3 9 1
e 4 7 2
e 5 10 1
e 5 14 1
e 6 8 1
e 6 12 1
e 6 13 1
e 7 11 1
e 7 15 1
e 8 16 1
e 8 17 1
e 9 18 1
e 9 19 1
e 9 20 1
e 10 11 2
e 10 21 1
e 11 22 1
t # 11856
v 0 9
v 1 12
v 2 1
v 3 1
v 4 1
v 5 1
v 6 3
v 7 3
v 8 3
v 9 3
v 10 3
v 11 3
v 12 3
v 13 3
v 14 3
v 15 3
v 16 3
v 17 3
v 18 3
v 19 3
v 20 3
v 21 3
v 22 4
v 23 4
v 24 4
v 25 4
v 26 4
v 27 4
v 28 4
v 29 4
v 30 4
v 31 4
v 32 4
v 33 4
v 34 4
v 35 4
v 36 4
v 37 4
v 38 4
v 39 4
v 40 4
v 41 4
v 42 4
e 2 7 2
e 3 8 2
e 4 9 2
e 5 10 2
e 6 13 2
e 6 14 1
e 7 11 1
e 7 15 1
e 8 12 1
e 8 16 1
e 9 12 1
e 9 17 1
e 10 11 1
e 10 18 1
e 11 22 1
e 11 23 1
e 12 24 1
e 12 25 1
e 13 19 1
e 13 26 1
e 14 20 2
e 14 27 1
e 15 28 1
e 15 29 1
e 15 30 1
e 16 31 1
e 16 32 1
e 16 33 1
e 17 34 1
e 17 35 1
e 17 36 1
e 18 37 1
e 18 38 1
e 18 39 1
e 19 21 2
e 19 40 1
e 20 21 1
e 20 41 1
e 21 42 1
t # 11857
v 0 12
v 1 1
v 2 1
v 3 1
v 4 2
v 5 2
v 6 3
v 7 3
v 8 3
v 9 3
v 10 3
v 11 3
v 12 3
v 13 3
v 14 3
v 15 3
v 16 3
v 17 3
v 18 3
v 19 3
v 20 3
v 21 3
v 22 3
v 23 3
v 24 3
v 25 3
v 26 4
v 27 4
v 28 4
v 29 4
v 30 4
v 31 4
v 32 4
v 33 4
v 34 4
v 35 4
v 36 4
v 37 4
v 38 4
v 39 4
v 40 4
v 41 4
e 0 23 1
e 1 13 2
e 2 25 1
e 2 41 1
e 3 25 2
e 4 6 1
e 4 14 2
e 4 15 1
e 5 13 1
e 5 16 1
e 5 34 1
e 6 7 1
e 6 26 1
e 6 27 1
e 7 8 2
e 7 10 1
e 8 9 1
e 8 28 1
e 9 11 2
e 9 13 1
e 10 12 2
e 10 29 1
e 11 12 1
e 11 30 1
e 12 31 1
e 14 18 1
e 14 32 1
e 15 19 2
e 15 33 1
e 16 17 2
e 16 20 1
e 17 22 1
e 17 25 1
e 18 21 2
e 18 35 1
e 19 21 1
e 19 36 1
e 20 23 2
e 20 37 1
e 21 38 1
e 22 24 2
e 22 39 1
e 23 24 1
e 24 40 1
t # 11858
v 0 1
v 1 1
v 2 1
v 3 1
v 4 2
v 5 3
v 6 3
v 7 3
v 8 3
v 9 3
v 10 3
v 11 3
v 12 3
v 13 3
v 14 3
v 15 3
v 16 3
v 17 3
v 18 3
v 19 3
v 20 3
v 21 3
v 22 4
v 23 4
v 24 4
v 25 4
v 26 4
v 27 4
v 28 4
v 29 4
v 30 4
v 31 4
v 32 4
v 33 4
v 34 4
v 35 4
v 36 4
v 37 4
v 38 4
v 39 4
v 40 4
e 0 6 1
e 0 9 1
e 1 12 1
e 1 19 1
e 2 13 1
e 2 21 1
e 3 21 2
e 4 5 1
e 4 7 1
e 4 8 1
e 5 6 1
e 5 22 1
e 5 23 1
e 6 24 1
e 6 25 1
e 7 14 1
e 7 26 1
e 7 27 1
e 8 15 1
e 8 28 1
e 8 29 1
e 9 10 1
e 9 11 2
e 10 12 2
e 10 17 1
e 11 13 1
e 11 18 1
e 12 16 1
e 13 16 2
e 14 30 1
e 14 31 1
e 14 32 1
e 15 33 1
e 15 34 1
e 15 35 1
e 16 36 1
e 17 19 2
e 17 37 1
e 18 20 2
e 18 38 1
e 19 39 1
e 20 21 1
e 20 40 1
t # 11859
v 0 1
v 1 1
v 2 1
v 3 1
v 4 1
v 5 1
v 6 1
v 7 1
v 8 1
v 9 3
v 10 3
v 11 3
v 12 3
v 13 3
v 14 3
v 15 3
v 16 3
v 17 3
v 18 3
v 19 3
v 20 3
v 21 3
v 22 3
v 23 3
v 24 3
v 25 3
v 26 3
v 27 3
v 28 3
v 29 3
v 30 3
v 31 3
v 32 3
v 33 3
v 34 3
v 35 3
v 36 3
v 37 3
v 38 3
v 39 3
v 40 3
v 41 3
v 42 3
v 43 3
v 44 3
v 45 3
v 46 3
v 47 3
v 48 3
v 49 3
v 50 3
v 51 3
v 52 4
v 53 4
v 54 4
v 55 4
v 56 4
v 57 4
v 58 4
v 59 4
v 60 4
v 61 4
v 62 4
v 63 4
v 64 4
v 65 4
v 66 4
v 67 4
v 68 4
v 69 4
v 70 4
v 71 4
v 72 4
v 73 4
v 74 4
v 75 4
v 76 4
v 77 4
v 78 4
v 79 4
v 80 4
v 81 4
v 82 4
v 83 4
v 84 4
v 85 4
v 86 4
v 87 4
v 88 4
v 89 4
v 90 4
v 91 4
v 92 4
v 93 4
v 94 4
v 95 4
v 96 4
v 97 4
v 98 4
v 99 4
v 100 4
v 101 4
v 102 4
v 103 4
v 104 4
v 105 4
v 106 4
v 107 4
v 108 4
v 109 4
v 110 4
v 111 4
v 112 4
v 113 4
e 0 11 1
e 0 16 1
e 1 23 1
e 1 24 1
e 2 20 1
e 2 36 1
e 3 17 2
e 4 23 2
e 5 40 1
e 5 46 1
e 6 36 2
e 7 42 2
e 8 43 2
e 9 10 1
e 9 12 1
e 9 13 1
e 9 22 1
e 10 11 1
e 10 17 1
e 10 20 1
e 11 15 1
e 11 16 1
e 12 14 1
e 12 19 1
e 12 23 1
e 13 18 1
e 13 52 1
e 13 53 1
e 14 21 1
e 14 25 1
e 14 54 1
e 15 18 1
e 15 55 1
e 15 56 1
e 16 57 1
e 16 58 1
e 17 21 1
e 18 59 1
e 18 60 1
e 19 24 1
e 19 61 1
e 19 62 1
e 20 63 1
e 20 64 1
e 21 65 1
e 21 66 1
e 22 67 1
e 22 68 1
e 22 69 1
e 24 29 1
e 24 70 1
e 25 71 1
e 25 72 1
e 25 73 1
e 26 27 1
e 26 28 1
e 26 34 1
e 26 74 1
e 27 31 1
e 27 33 1
e 27 37 1
e 28 30 1
e 28 35 1
e 28 38 1
e 29 39 1
e 29 40 2
e 30 32 1
e 30 41 1
e 30 75 1
e 31 32 1
e 31 76 1
e 31 77 1
e 32 78 1
e 32 79 1
e 33 42 1
e 33 45 1
e 33 80 1
e 34 43 1
e 34 81 1
e 34 82 1
e 35 44 1
e 35 83 1
e 35 84 1
e 36 47 1
e 37 85 1
e 37 86 1
e 37 87 1
e 38 88 1
e 38 89 1
e 38 90 1
e 39 46 2
e 39 91 1
e 40 92 1
e 41 93 1
e 41 94 1
e 41 95 1
e 42 43 1
e 44 48 1
e 44 96 1
e 44 97 1
e 45 98 1
e 45 99 1
e 45 100 1
e 46 101 1
e 47 102 1
e 47 103 1
e 47 104 1
e 48 49 1
e 48 50 1
e 48 105 1
e 49 51 1
e 49 106 1
e 49 107 1
e 50 108 1
e 50 109 1
e 50 110 1
e 51 111 1
e 51 112 1
e 51 113 1
t # 11860
v 0 14
v 1 1
v 2 1
v 3 1
v 4 1
v 5 2
v 6 2
v 7 2
v 8 3
v 9 3
v 10 3
v 11 3
v 12 3
v 13 3
v 14 3
v 15 3
v 16 3
v 17 4
v 18 4
v 19 4
v 20 4
v 21 4
v 22 4
v 23 4
v 24 4
v 25 4
v 26 4
v 27 4
v 28 4
v 29 4
v 30 4
v 31 4
v 32 4
e 1 9 1
e 1 27 1
e 2 10 1
e 2 28 1
e 3 14 2
e 5 8 1
e 5 14 1
e 5 26 1
e 6 7 1
e 6 14 1
e 6 15 1
e 8 9 1
e 8 10 1
e 8 17 1
e 9 11 1
e 9 18 1
e 10 12 1
e 10 19 1
e 11 13 1
e 11 20 1
e 11 21 1
e 12 13 1
e 12 22 1
e 12 23 1
e 13 24 1
e 13 25 1
e 15 16 1
e 15 29 1
e 15 30 1
e 16 31 1
e 16 32 1
t # 11861
v 0 1
v 1 1
v 2 1
v 3 1
v 4 1
v 5 1
v 6 1
v 7 1
v 8 1
v 9 3
v 10 3
v 11 3
v 12 3
v 13 3
v 14 3
v 15 3
v 16 3
v 17 3
v 18 3
v 19 3
v 20 3
v 21 3
v 22 3
v 23 3
v 24 3
v 25 3
v 26 3
v 27 3
v 28 3
v 29 3
v 30 3
v 31 3
v 32 3
v 33 3
v 34 4
v 35 4
v 36 4
v 37 4
v 38 4
v 39 4
v 40 4
v 41 4
v 42 4
v 43 4
v 44 4
v 45 4
v 46 4
v 47 4
v 48 4
v 49 4
v 50 4
v 51 4
v 52 4
v 53 4
v 54 4
v 55 4
v 56 4
v 57 4
v 58 4
v 59 4
v 60 4
v 61 4
v 62 4
v 63 4
v 64 4
v 65 4
v 66 4
v 67 4
e 0 13 1
e 0 16 1
e 1 14 1
e 1 26 1
e 2 13 1
e 2 53 1
e 3 18 1
e 3 29 1
e 4 19 1
e 4 55 1
e 5 20 1
e 5 56 1
e 6 24 1
e 6 60 1
e 7 26 2
e 8 29 2
e 9 10 1
e 9 12 1
e 9 14 1
e 9 16 1
e 10 11 1
e 10 13 1
e 10 34 1
e 11 15 1
e 11 20 1
e 11 22 1
e 12 17 1
e 12 21 1
e 12 35 1
e 13 19 1
e 14 18 1
e 14 36 1
e 15 18 1
e 15 23 1
e 15 37 1
e 16 38 1
e 16 39 1
e 17 19 1
e 17 25 1
e 17 40 1
e 18 41 1
e 19 42 1
e 20 24 1
e 20 43 1
e 21 26 1
e 21 44 1
e 21 45 1
e 22 46 1
e 22 47 1
e 22 48 1
e 23 27 2
e 23 28 1
e 24 27 1
e 24 49 1
e 25 50 1
e 25 51 1
e 25 52 1
e 27 54 1
e 28 57 1
e 28 58 1
e 28 59 1
e 29 30 1
e 30 31 2
e 30 61 1
e 31 32 1
e 31 33 1
e 32 62 1
e 32 63 1
e 32 64 1
e 33 65 1
e 33 66 1
e 33 67 1
t # 11862
v 0 1
v 1 1
v 2 1
v 3 2
v 4 3
v 5 3
v 6 3
v 7 3
v 8 3
v 9 3
v 10 3
v 11 3
v 12 3
v 13 3
v 14 3
v 15 3
v 16 3
v 17 3
v 18 4
v 19 4
v 20 4
v 21 4
v 22 4
v 23 4
v 24 4
v 25 4
v 26 4
v 27 4
v 28 4
v 29 4
v 30 4
v 31 4
v 32 4
v 33 4
v 34 4
v 35 4
v 36 4
v 37 4
v 38 4
v 39 4
v 40 4
v 41 4
v 42 4
e 0 4 1
e 0 8 1
e 1 7 1
e 1 38 1
e 2 16 1
e 2 17 1
e 3 6 1
e 3 14 1
e 3 15 1
e 4 6 1
e 4 9 1
e 4 11 1
e 5 7 1
e 5 8 1
e 5 10 1
e 5 18 1
e 6 7 1
e 6 19 1
e 7 20 1
e 8 12 1
e 8 13 1
e 9 10 1
e 9 21 1
e 9 22 1
e 10 23 1
e 10 24 1
e 11 25 1
e 11 26 1
e 11 27 1
e 12 28 1
e 12 29 1
e 12 30 1
e 13 31 1
e 13 32 1
e 13 33 1
e 14 16 1
e 14 34 1
e 14 35 1
e 15 17 1
e 15 36 1
e 15 37 1
e 16 39 1
e 16 40 1
e 17 41 1
e 17 42 1
t # 11863
v 0 1
v 1 1
v 2 2
v 3 3
v 4 3
v 5 3
v 6 3
v 7 3
v 8 3
v 9 3
v 10 3
v 11 3
v 12 3
v 13 3
v 14 3
v 15 3
v 16 3
v 17 3
v 18 4
v 19 4
v 20 4
v 21 4
v 22 4
v 23 4
v 24 4
v 25 4
v 26 4
v 27 4
v 28 4
v 29 4
v 30 4
v 31 4
v 32 4
v 33 4
v 34 4
v 35 4
v 36 4
v 37 4
v 38 4
v 39 4
v 40 4
v 41 4
v 42 4
v 43 4
v 44 4
e 0 3 1
e 0 7 1
e 1 6 1
e 1 38 1
e 2 5 1
e 2 13 1
e 2 14 1
e 3 5 1
e 3 8 1
e 3 10 1
e 4 6 1
e 4 7 1
e 4 9 1
e 4 18 1
e 5 6 1
e 5 19 1
e 6 20 1
e 7 11 1
e 7 12 1
e 8 9 1
e 8 21 1
e 8 22 1
e 9 23 1
e 9 24 1
e 10 25 1
e 10 26 1
e 10 27 1
e 11 28 1
e 11 29 1
e 11 30 1
e 12 31 1
e 12 32 1
e 12 33 1
e 13 15 1
e 13 34 1
e 13 35 1
e 14 16 1
e 14 36 1
e 14 37 1
e 15 17 1
e 15 39 1
e 15 40 1
e 16 17 1
e 16 41 1
e 16 42 1
e 17 43 1
e 17 44 1
t # 11864
v 0 11
v 1 1
v 2 1
v 3 1
v 4 1
v 5 1
v 6 1
v 7 1
v 8 1
v 9 1
v 10 1
v 11 1
v 12 1
v 13 2
v 14 2
v 15 2
v 16 2
v 17 3
v 18 3
v 19 3
v 20 3
v 21 3
v 22 3
v 23 3
v 24 3
v 25 3
v 26 3
v 27 3
v 28 3
v 29 3
v 30 3
v 31 3
v 32 3
v 33 3
v 34 3
v 35 3
v 36 3
v 37 3
v 38 3
v 39 3
v 40 3
v 41 3
v 42 3
v 43 3
v 44 3
v 45 3
v 46 3
v 47 3
v 48 3
v 49 3
v 50 3
v 51 3
v 52 3
v 53 3
v 54 3
v 55 3
v 56 3
v 57 3
v 58 3
v 59 3
v 60 3
v 61 4
v 62 4
v 63 4
v 64 4
v 65 4
v 66 4
v 67 4
v 68 4
v 69 4
v 70 4
v 71 4
v 72 4
v 73 4
v 74 4
v 75 4
v 76 4
v 77 4
v 78 4
v 79 4
v 80 4
v 81 4
v 82 4
v 83 4
v 84 4
v 85 4
v 86 4
v 87 4
v 88 4
v 89 4
v 90 4
v 91 4
v 92 4
v 93 4
v 94 4
v 95 4
v 96 4
v 97 4
v 98 4
v 99 4
v 100 4
v 101 4
v 102 4
v 103 4
v 104 4
v 105 4
v 106 4
v 107 4
v 108 4
v 109 4
v 110 4
v 111 4
v 112 4
v 113 4
v 114 4
v 115 4
v 116 4
e 0 11 2
e 0 12 2
e 1 22 1
e 1 76 1
e 2 31 1
e 2 43 1
e 3 31 2
e 4 35 2
e 5 37 1
e 5 52 1
e 6 42 1
e 6 58 1
e 7 42 2
e 8 47 1
e 8 104 1
e 9 115 1
e 10 116 1
e 13 18 1
e 13 25 1
e 13 29 1
e 14 20 1
e 14 27 1
e 14 35 1
e 15 45 1
e 15 48 1
e 15 50 1
e 16 40 1
e 16 53 1
e 16 92 1
e 17 18 1
e 17 20 1
e 17 21 1
e 17 24 1
e 18 19 1
e 18 61 1
e 19 23 1
e 19 26 1
e 19 28 1
e 20 22 1
e 20 62 1
e 21 25 1
e 21 63 1
e 21 64 1
e 22 23 1
e 22 31 1
e 23 65 1
e 23 66 1
e 24 27 1
e 24 32 2
e 25 67 1
e 25 68 1
e 26 34 1
e 26 69 1
e 26 70 1
e 27 33 2
e 28 30 2
e 28 71 1
e 29 30 1
e 29 72 1
e 29 73 1
e 30 74 1
e 32 36 1
e 32 75 1
e 33 37 1
e 33 77 1
e 34 78 1
e 34 79 1
e 34 80 1
e 35 81 1
e 36 37 2
e 36 38 1
e 38 39 1
e 38 40 1
e 38 42 1
e 39 41 1
e 39 82 1
e 39 83 1
e 40 46 2
e 41 44 1
e 41 45 1
e 41 84 1
e 43 87 1
e 43 88 1
e 43 89 1
e 44 47 1
e 44 85 1
e 44 86 1
e 45 90 1
e 45 91 1
e 46 49 1
e 46 51 1
e 47 48 1
e 47 54 1
e 48 93 1
e 48 94 1
e 49 50 1
e 49 95 1
e 49 96 1
e 50 97 1
e 50 98 1
e 51 53 1
e 51 55 2
e 52 99 1
e 52 100 1
e 52 101 1
e 53 56 2
e 54 57 1
e 54 102 1
e 54 103 1
e 55 59 1
e 55 105 1
e 56 60 1
e 56 106 1
e 57 107 1
e 57 108 1
e 57 109 1
e 58 110 1
e 58 111 1
e 58 112 1
e 59 60 2
e 59 113 1
e 60 114 1
t # 11865
v 0 1
v 1 1
v 2 1
v 3 1
v 4 1
v 5 1
v 6 1
v 7 1
v 8 1
v 9 1
v 10 1
v 11 1
v 12 1
v 13 1
v 14 2
v 15 2
v 16 2
v 17 2
v 18 2
v 19 2
v 20 2
v 21 2
v 22 2
v 23 2
v 24 2
v 25 3
v 26 3
v 27 3
v 28 3
v 29 3
v 30 3
v 31 3
v 32 3
v 33 3
v 34 3
v 35 3
v 36 3
v 37 3
v 38 3
v 39 3
v 40 3
v 41 3
v 42 3
v 43 3
v 44 3
v 45 3
v 46 3
v 47 3
v 48 3
v 49 3
v 50 3
v 51 3
v 52 3
v 53 3
v 54 3
v 55 3
v 56 3
v 57 3
v 58 3
v 59 3
v 60 4
v 61 4
v 62 4
v 63 4
v 64 4
v 65 4
v 66 4
v 67 4
v 68 4
v 69 4
v 70 4
v 71 4
v 72 4
v 73 4
v 74 4
v 75 4
v 76 4
v 77 4
v 78 4
v 79 4
v 80 4
v 81 4
v 82 4
v 83 4
v 84 4
v 85 4
v 86 4
v 87 4
v 88 4
v 89 4
v 90 4
v 91 4
v 92 4
v 93 4
v 94 4
v 95 4
v 96 4
v 97 4
v 98 4
v 99 4
v 100 4
v 101 4
v 102 4
e 0 34 2
e 1 35 2
e 2 39 1
e 2 84 1
e 3 40 1
e 3 87 1
e 4 37 2
e 5 39 2
e 6 40 2
e 7 42 1
e 7 92 1
e 8 43 1
e 8 96 1
e 9 42 2
e 10 43 2
e 11 44 2
e 12 49 1
e 12 98 1
e 13 49 2
e 14 27 1
e 14 34 1
e 14 74 1
e 15 26 1
e 15 35 1
e 15 76 1
e 16 36 1
e 16 37 1
e 16 80 1
e 17 33 1
e 17 44 1
e 17 81 1
e 18 46 1
e 18 52 1
e 18 53 1
e 19 54 1
e 19 56 2
e 20 55 1
e 20 57 2
e 21 57 1
e 21 59 2
e 22 58 2
e 22 59 1
e 23 58 1
e 23 99 1
e 23 100 1
e 24 59 1
e 24 101 1
e 24 102 1
e 25 26 1
e 25 29 1
e 25 60 1
e 25 61 1
e 26 39 1
e 26 62 1
e 27 28 1
e 27 40 1
e 27 63 1
e 28 30 1
e 28 64 1
e 28 65 1
e 29 34 1
e 29 66 1
e 29 67 1
e 30 37 1
e 30 68 1
e 30 69 1
e 31 32 1
e 31 33 1
e 31 70 1
e 31 71 1
e 32 35 1
e 32 72 1
e 32 73 1
e 33 42 1
e 33 75 1
e 36 38 1
e 36 43 1
e 36 77 1
e 38 41 1
e 38 78 1
e 38 79 1
e 41 49 1
e 41 82 1
e 41 83 1
e 44 45 1
e 45 47 2
e 45 48 1
e 46 50 2
e 46 51 1
e 47 50 1
e 47 85 1
e 48 51 2
e 48 86 1
e 50 88 1
e 51 89 1
e 52 54 1
e 52 90 1
e 52 91 1
e 53 93 1
e 53 94 1
e 53 95 1
e 54 55 2
e 55 97 1
e 56 57 1
e 56 58 1
t # 11866
v 0 1
v 1 1
v 2 1
v 3 1
v 4 1
v 5 1
v 6 1
v 7 1
v 8 1
v 9 1
v 10 1
v 11 2
v 12 2
v 13 2
v 14 2
v 15 2
v 16 2
v 17 2
v 18 2
v 19 2
v 20 2
v 21 3
v 22 3
v 23 3
v 24 3
v 25 3
v 26 3
v 27 3
v 28 3
v 29 3
v 30 3
v 31 3
v 32 3
v 33 3
v 34 3
v 35 3
v 36 3
v 37 3
v 38 3
v 39 3
v 40 3
v 41 3
v 42 3
v 43 3
v 44 3
v 45 3
v 46 3
v 47 3
v 48 3
v 49 3
v 50 3
v 51 4
v 52 4
v 53 4
v 54 4
v 55 4
v 56 4
v 57 4
v 58 4
v 59 4
v 60 4
v 61 4
v 62 4
v 63 4
v 64 4
v 65 4
v 66 4
v 67 4
v 68 4
v 69 4
v 70 4
v 71 4
v 72 4
v 73 4
v 74 4
v 75 4
v 76 4
v 77 4
v 78 4
v 79 4
v 80 4
v 81 4
v 82 4
v 83 4
v 84 4
v 85 4
v 86 4
e 0 28 2
e 1 29 2
e 2 31 1
e 2 75 1
e 3 31 2
e 4 33 1
e 4 79 1
e 5 35 1
e 5 80 1
e 6 33 2
e 7 34 2
e 8 35 2
e 9 43 1
e 9 82 1
e 10 43 2
e 11 21 1
e 11 28 1
e 11 61 1
e 12 27 1
e 12 29 1
e 12 65 1
e 13 26 1
e 13 34 1
e 13 66 1
e 14 37 1
e 14 40 1
e 14 44 1
e 15 45 1
e 15 47 2
e 16 46 1
e 16 48 2
e 17 48 1
e 17 50 2
e 18 49 2
e 18 50 1
e 19 49 1
e 19 83 1
e 19 84 1
e 20 50 1
e 20 85 1
e 20 86 1
e 21 22 1
e 21 31 1
e 21 51 1
e 22 24 1
e 22 52 1
e 22 53 1
e 23 25 1
e 23 26 1
e 23 54 1
e 23 55 1
e 24 29 1
e 24 56 1
e 24 57 1
e 25 28 1
e 25 58 1
e 25 59 1
e 26 33 1
e 26 60 1
e 27 30 1
e 27 35 1
e 27 62 1
e 30 32 1
e 30 63 1
e 30 64 1
e 32 43 1
e 32 67 1
e 32 68 1
e 34 36 1
e 36 38 2
e 36 39 1
e 37 41 2
e 37 42 1
e 38 41 1
e 38 69 1
e 39 42 2
e 39 70 1
e 40 45 1
e 40 71 1
e 40 72 1
e 41 73 1
e 42 74 1
e 44 76 1
e 44 77 1
e 44 78 1
e 45 46 2
e 46 81 1
e 47 48 1
e 47 49 1
t # 11867
v 0 12
v 1 12
v 2 1
v 3 1
v 4 1
v 5 1
v 6 1
v 7 2
v 8 3
v 9 3
v 10 3
v 11 3
v 12 3
v 13 3
v 14 3
v 15 3
v 16 3
v 17 3
v 18 4
v 19 4
v 20 4
v 21 4
v 22 4
v 23 4
v 24 4
v 25 4
v 26 4
v 27 4
v 28 4
v 29 4
v 30 4
v 31 4
v 32 4
v 33 4
v 34 4
v 35 4
v 36 4
e 0 15 1
e 1 16 1
e 2 8 1
e 2 28 1
e 3 9 1
e 3 29 1
e 4 11 1
e 4 34 1
e 5 12 1
e 5 36 1
e 6 17 2
e 7 10 1
e 7 13 1
e 7 14 1
e 8 9 1
e 8 10 1
e 8 18 1
e 9 11 1
e 9 19 1
e 10 20 1
e 10 21 1
e 11 12 1
e 11 22 1
e 12 17 1
e 12 23 1
e 13 15 1
e 13 24 1
e 13 25 1
e 14 16 1
e 14 26 1
e 14 27 1
e 15 30 1
e 15 31 1
e 16 32 1
e 16 33 1
e 17 35 1
t # 11868
v 0 1
v 1 1
v 2 1
v 3 2
v 4 2
v 5 3
v 6 3
v 7 3
v 8 3
v 9 3
v 10 3
v 11 3
v 12 3
v 13 3
v 14 3
v 15 3
v 16 3
v 17 3
v 18 3
v 19 3
v 20 3
v 21 3
v 22 3
v 23 4
v 24 4
v 25 4
v 26 4
v 27 4
v 28 4
v 29 4
v 30 4
v 31 4
v 32 4
v 33 4
v 34 4
v 35 4
v 36 4
v 37 4
v 38 4
v 39 4
v 40 4
v 41 4
v 42 4
v 43 4
v 44 4
v 45 4
v 46 4
v 47 4
v 48 4
e 0 10 2
e 1 11 2
e 2 22 1
e 2 48 1
e 3 7 1
e 3 14 1
e 3 15 1
e 4 8 1
e 4 16 1
e 4 17 1
e 5 7 1
e 5 10 1
e 5 23 1
e 5 24 1
e 6 8 1
e 6 11 1
e 6 25 1
e 6 26 1
e 7 27 1
e 7 28 1
e 8 29 1
e 8 30 1
e 9 10 1
e 9 11 1
e 9 12 2
e 12 13 1
e 12 31 1
e 13 18 2
e 13 19 1
e 14 32 1
e 14 33 1
e 14 34 1
e 15 35 1
e 15 36 1
e 15 37 1
e 16 38 1
e 16 39 1
e 16 40 1
e 17 41 1
e 17 42 1
e 17 43 1
e 18 20 1
e 18 44 1
e 19 21 2
e 19 45 1
e 20 22 2
e 20 46 1
e 21 22 1
e 21 47 1
t # 11869
v 0 1
v 1 1
v 2 1
v 3 1
v 4 1
v 5 3
v 6 3
v 7 3
v 8 3
v 9 3
v 10 3
v 11 3
v 12 3
v 13 3
v 14 3
v 15 3
v 16 3
v 17 3
v 18 3
v 19 3
v 20 3
v 21 3
v 22 3
v 23 3
v 24 3
v 25 4
v 26 4
v 27 4
v 28 4
v 29 4
v 30 4
v 31 4
v 32 4
v 33 4
v 34 4
v 35 4
v 36 4
v 37 4
v 38 4
v 39 4
v 40 4
v 41 4
v 42 4
v 43 4
v 44 4
v 45 4
v 46 4
v 47 4
v 48 4
v 49 4
v 50 4
v 51 4
v 52 4
v 53 4
v 54 4
v 55 4
v 56 4
v 57 4
v 58 4
e 0 14 1
e 0 54 1
e 1 16 1
e 1 55 1
e 2 20 1
e 2 56 1
e 3 22 1
e 3 57 1
e 4 24 1
e 4 58 1
e 5 6 1
e 5 7 1
e 5 9 1
e 5 12 1
e 6 8 1
e 6 17 1
e 6 19 1
e 7 11 1
e 7 13 1
e 7 25 1
e 8 14 1
e 8 15 1
e 8 26 1
e 9 10 1
e 9 27 1
e 9 28 1
e 10 11 1
e 10 16 1
e 10 29 1
e 11 30 1
e 11 31 1
e 12 18 1
e 12 32 1
e 12 33 1
e 13 14 1
e 13 34 1
e 13 35 1
e 14 36 1
e 15 20 1
e 15 22 1
e 15 23 1
e 16 18 1
e 16 24 1
e 17 21 1
e 17 37 1
e 17 38 1
e 18 39 1
e 18 40 1
e 19 41 1
e 19 42 1
e 19 43 1
e 20 21 1
e 20 44 1
e 21 45 1
e 21 46 1
e 22 47 1
e 22 48 1
e 23 49 1
e 23 50 1
e 23 51 1
e 24 52 1
e 24 53 1
t # 11870
v 0 1
v 1 1
v 2 2
v 3 3
v 4 3
v 5 3
v 6 3
v 7 3
v 8 3
v 9 3
v 10 3
v 11 3
v 12 3
v 13 3
v 14 3
v 15 3
v 16 3
v 17 3
v 18 3
v 19 3
v 20 3
v 21 4
v 22 4
v 23 4
v 24 4
v 25 4
v 26 4
v 27 4
v 28 4
v 29 4
v 30 4
v 31 4
v 32 4
v 33 4
v 34 4
v 35 4
v 36 4
v 37 4
v 38 4
v 39 4
v 40 4
v 41 4
v 42 4
v 43 4
e 0 3 1
e 0 8 1
e 1 3 1
e 1 9 1
e 2 4 1
e 2 6 1
e 2 10 1
e 3 4 1
e 3 5 1
e 4 7 1
e 4 21 1
e 5 22 1
e 5 23 1
e 5 24 1
e 6 11 1
e 6 25 1
e 6 26 1
e 7 12 2
e 7 27 1
e 8 9 1
e 8 28 1
e 8 29 1
e 9 30 1
e 9 31 1
e 10 13 2
e 10 32 1
e 11 14 2
e 11 15 1
e 12 13 1
e 12 33 1
e 13 34 1
e 14 17 1
e 14 18 1
e 15 16 2
e 15 35 1
e 16 19 1
e 16 20 1
e 17 19 2
e 17 36 1
e 18 37 1
e 18 38 1
e 18 39 1
e 19 40 1
e 20 41 1
e 20 42 1
e 20 43 1
t # 11871
v 0 1
v 1 2
v 2 2
v 3 3
v 4 3
v 5 3
v 6 3
v 7 3
v 8 3
v 9 3
v 10 3
v 11 3
v 12 4
v 13 4
v 14 4
v 15 4
v 16 4
v 17 4
v 18 4
v 19 4
v 20 4
v 21 4
v 22 4
v 23 4
e 0 11 2
e 1 3 1
e 1 5 1
e 1 14 1
e 2 11 1
e 2 22 1
e 2 23 1
e 3 4 1
e 3 12 1
e 3 13 1
e 4 6 2
e 4 7 1
e 5 11 1
e 5 15 1
e 5 16 1
e 6 8 1
e 6 17 1
e 7 9 2
e 7 18 1
e 8 10 2
e 8 19 1
e 9 10 1
e 9 20 1
e 10 21 1
t # 11872
v 0 12
v 1 1
v 2 1
v 3 1
v 4 1
v 5 2
v 6 3
v 7 3
v 8 3
v 9 3
v 10 3
v 11 3
v 12 3
v 13 3
v 14 3
v 15 3
v 16 3
v 17 3
v 18 3
v 19 3
v 20 4
v 21 4
v 22 4
v 23 4
v 24 4
v 25 4
v 26 4
v 27 4
v 28 4
v 29 4
v 30 4
v 31 4
v 32 4
v 33 4
v 34 4
e 1 32 1
e 2 33 1
e 3 34 1
e 5 6 1
e 5 9 2
e 5 10 1
e 6 11 2
e 6 12 1
e 7 8 1
e 7 9 1
e 7 14 2
e 8 11 1
e 8 15 2
e 9 20 1
e 10 13 2
e 10 17 1
e 11 21 1
e 12 16 2
e 12 22 1
e 13 16 1
e 13 23 1
e 14 18 1
e 14 24 1
e 15 19 1
e 15 25 1
e 16 26 1
e 17 27 1
e 17 28 1
e 17 29 1
e 18 19 2
e 18 30 1
e 19 31 1
t # 11873
v 0 14
v 1 2
v 2 3
v 3 3
v 4 3
v 5 3
v 6 3
v 7 3
v 8 3
v 9 3
v 10 3
v 11 3
v 12 3
v 13 3
v 14 3
v 15 4
v 16 4
v 17 4
v 18 4
v 19 4
v 20 4
v 21 4
v 22 4
v 23 4
e 1 4 1
e 1 5 1
e 1 9 2
e 2 3 1
e 2 5 2
e 2 7 1
e 3 6 2
e 3 8 1
e 4 6 1
e 4 10 2
e 5 15 1
e 6 16 1
e 7 11 2
e 7 17 1
e 8 12 2
e 8 18 1
e 9 13 1
e 9 19 1
e 10 14 1
e 10 20 1
e 11 12 1
e 12 21 1
e 13 14 2
e 13 22 1
e 14 23 1
t # 11874
v 0 11
v 1 1
v 2 2
v 3 3
v 4 3
v 5 3
v 6 3
v 7 3
v 8 3
v 9 3
v 10 3
v 11 3
v 12 3
v 13 3
v 14 3
v 15 3
v 16 3
v 17 4
v 18 4
v 19 4
v 20 4
v 21 4
v 22 4
v 23 4
v 24 4
v 25 4
v 26 4
v 27 4
v 28 4
v 29 4
v 30 4
v 31 4
e 0 5 1
e 1 12 2
e 2 3 1
e 2 6 1
e 2 7 1
e 3 4 1
e 3 5 1
e 3 17 1
e 4 10 2
e 4 11 1
e 5 8 2
e 6 12 1
e 6 18 1
e 6 19 1
e 7 9 2
e 7 20 1
e 8 9 1
e 8 21 1
e 9 22 1
e 10 13 1
e 10 23 1
e 11 14 2
e 11 24 1
e 12 16 1
e 13 15 2
e 13 25 1
e 14 15 1
e 14 26 1
e 15 27 1
e 16 29 1
e 16 30 1
e 16 31 1
t # 11875
v 0 11
v 1 1
v 2 2
v 3 3
v 4 3
v 5 3
v 6 3
v 7 3
v 8 3
v 9 3
v 10 3
v 11 3
v 12 3
v 13 3
v 14 3
v 15 3
v 16 3
v 17 3
v 18 3
v 19 4
v 20 4
v 21 4
v 22 4
v 23 4
v 24 4
v 25 4
v 26 4
v 27 4
v 28 4
v 29 4
v 30 4
v 31 4
v 32 4
v 33 4
v 34 4
v 35 4
v 36 4
v 37 4
e 0 3 1
e 0 9 1
e 1 10 2
e 2 3 1
e 2 5 1
e 2 7 1
e 3 4 1
e 3 19 1
e 4 6 2
e 4 20 1
e 5 10 1
e 5 21 1
e 5 22 1
e 6 8 1
e 6 11 1
e 7 8 2
e 7 23 1
e 8 24 1
e 9 12 1
e 9 13 2
e 10 15 1
e 11 25 1
e 11 26 1
e 11 27 1
e 12 14 2
e 12 16 1
e 13 17 1
e 13 28 1
e 14 18 1
e 14 29 1
e 15 30 1
e 15 31 1
e 15 32 1
e 16 33 1
e 16 34 1
e 16 35 1
e 17 18 2
e 17 36 1
e 18 37 1
t # 11876
v 0 12
v 1 11
v 2 1
v 3 2
v 4 3
v 5 3
v 6 3
v 7 3
v 8 3
v 9 3
v 10 3
v 11 3
v 12 3
v 13 3
v 14 3
v 15 3
v 16 3
v 17 3
v 18 4
v 19 4
v 20 4
v 21 4
v 22 4
v 23 4
v 24 4
v 25 4
v 26 4
v 27 4
v 28 4
v 29 4
v 30 4
v 31 4
e 0 17 1
e 1 4 1
e 1 11 1
e 2 10 2
e 3 4 1
e 3 5 1
e 3 7 1
e 4 6 1
e 4 18 1
e 5 10 1
e 5 19 1
e 5 20 1
e 6 8 2
e 6 21 1
e 7 9 2
e 7 22 1
e 8 9 1
e 8 23 1
e 9 24 1
e 10 12 1
e 11 13 2
e 11 14 1
e 12 25 1
e 12 26 1
e 12 27 1
e 13 15 1
e 13 28 1
e 14 16 2
e 14 29 1
e 15 17 2
e 15 30 1
e 16 17 1
e 16 31 1
t # 11877
v 0 12
v 1 1
v 2 1
v 3 1
v 4 1
v 5 2
v 6 3
v 7 3
v 8 3
v 9 3
v 10 3
v 11 3
v 12 3
v 13 3
v 14 3
v 15 3
v 16 3
v 17 3
v 18 3
v 19 3
v 20 3
v 21 3
v 22 3
v 23 4
v 24 4
v 25 4
v 26 4
v 27 4
v 28 4
v 29 4
v 30 4
v 31 4
v 32 4
v 33 4
v 34 4
v 35 4
v 36 4
v 37 4
v 38 4
v 39 4
v 40 4
v 41 4
v 42 4
v 43 4
e 1 41 1
e 2 42 1
e 3 43 1
e 5 15 1
e 5 18 1
e 5 20 2
e 6 7 1
e 6 8 1
e 6 9 1
e 6 10 1
e 7 11 2
e 7 14 1
e 8 23 1
e 8 24 1
e 8 25 1
e 9 26 1
e 9 27 1
e 9 28 1
e 10 29 1
e 10 30 1
e 10 31 1
e 11 12 1
e 11 32 1
e 12 13 2
e 12 17 1
e 13 15 1
e 13 16 1
e 14 16 2
e 14 33 1
e 15 19 2
e 16 34 1
e 17 18 2
e 17 35 1
e 18 36 1
e 19 21 1
e 19 37 1
e 20 22 1
e 20 38 1
e 21 22 2
e 21 39 1
e 22 40 1
t # 11878
v 0 7
v 1 12
v 2 12
v 3 1
v 4 1
v 5 2
v 6 2
v 7 3
v 8 3
v 9 3
v 10 3
v 11 3
v 12 3
v 13 3
v 14 3
v 15 4
v 16 4
v 17 4
v 18 4
v 19 4
v 20 4
v 21 4
v 22 4
v 23 4
v 24 4
v 25 4
v 26 4
v 27 4
v 28 4
v 29 4
v 30 4
v 31 4
v 32 4
v 33 4
v 34 4
e 3 29 1
e 3 30 1
e 4 31 1
e 4 32 1
e 5 8 1
e 5 19 1
e 6 9 1
e 6 20 1
e 7 8 1
e 7 9 1
e 7 10 1
e 7 11 1
e 8 15 1
e 8 16 1
e 9 17 1
e 9 18 1
e 10 12 1
e 10 21 1
e 10 22 1
e 11 13 1
e 11 23 1
e 11 24 1
e 12 14 1
e 12 25 1
e 12 26 1
e 13 14 1
e 13 27 1
e 13 28 1
e 14 33 1
e 14 34 1
t # 11879
v 0 1
v 1 1
v 2 1
v 3 1
v 4 1
v 5 1
v 6 1
v 7 3
v 8 3
v 9 3
v 10 3
v 11 3
v 12 4
v 13 4
v 14 4
v 15 4
v 16 4
v 17 4
v 18 4
v 19 4
v 20 4
v 21 4
v 22 4
v 23 4
e 0 7 1
e 0 18 1
e 1 8 1
e 1 19 1
e 2 9 1
e 2 20 1
e 3 10 1
e 3 21 1
e 4 11 1
e 4 22 1
e 5 11 1
e 5 23 1
e 6 11 2
e 7 8 1
e 7 9 1
e 7 12 1
e 8 10 1
e 8 13 1
e 9 14 1
e 9 15 1
e 10 16 1
e 10 17 1
t # 11880
v 0 1
v 1 1
v 2 1
v 3 2
v 4 3
v 5 3
v 6 3
v 7 3
v 8 3
v 9 3
v 10 3
v 11 3
v 12 3
v 13 3
v 14 3
v 15 3
v 16 3
v 17 3
v 18 3
v 19 4
v 20 4
v 21 4
v 22 4
v 23 4
v 24 4
v 25 4
v 26 4
v 27 4
v 28 4
v 29 4
v 30 4
v 31 4
v 32 4
v 33 4
v 34 4
v 35 4
e 0 4 1
e 0 10 1
e 1 11 2
e 2 15 1
e 2 18 1
e 3 4 1
e 3 5 1
e 3 7 1
e 4 6 1
e 4 19 1
e 5 11 1
e 5 20 1
e 5 21 1
e 6 8 2
e 6 22 1
e 7 9 2
e 7 23 1
e 8 9 1
e 8 24 1
e 9 25 1
e 10 12 1
e 10 13 2
e 11 14 1
e 12 15 2
e 12 26 1
e 13 16 1
e 13 27 1
e 14 28 1
e 14 29 1
e 14 30 1
e 15 17 1
e 16 17 2
e 16 31 1
e 17 32 1
e 18 33 1
e 18 34 1
e 18 35 1
t # 11881
v 0 1
v 1 1
v 2 2
v 3 3
v 4 3
v 5 3
v 6 3
v 7 3
v 8 3
v 9 3
v 10 3
v 11 3
v 12 3
v 13 3
v 14 3
v 15 3
v 16 3
v 17 4
v 18 4
v 19 4
v 20 4
v 21 4
v 22 4
v 23 4
v 24 4
v 25 4
v 26 4
v 27 4
v 28 4
v 29 4
v 30 4
v 31 4
e 0 3 1
e 0 10 1
e 1 9 2
e 2 3 1
e 2 4 1
e 2 6 1
e 3 5 1
e 3 17 1
e 4 9 1
e 4 18 1
e 4 19 1
e 5 7 2
e 5 20 1
e 6 8 2
e 6 21 1
e 7 8 1
e 7 22 1
e 8 23 1
e 9 11 1
e 10 12 2
e 10 13 1
e 11 24 1
e 11 25 1
e 11 26 1
e 12 14 1
e 12 27 1
e 13 15 2
e 13 28 1
e 14 16 2
e 14 29 1
e 15 16 1
e 15 30 1
e 16 31 1
t # 11882
v 0 1
v 1 1
v 2 1
v 3 2
v 4 3
v 5 3
v 6 3
v 7 3
v 8 3
v 9 3
v 10 3
v 11 3
v 12 3
v 13 3
v 14 3
v 15 3
v 16 3
v 17 3
v 18 3
v 19 3
v 20 4
v 21 4
v 22 4
v 23 4
v 24 4
v 25 4
v 26 4
v 27 4
v 28 4
v 29 4
v 30 4
v 31 4
v 32 4
v 33 4
v 34 4
v 35 4
v 36 4
v 37 4
v 38 4
e 0 4 1
e 0 11 1
e 1 10 2
e 2 16 1
e 2 19 1
e 3 4 1
e 3 5 1
e 3 6 1
e 4 7 1
e 4 20 1
e 5 10 1
e 5 21 1
e 5 22 1
e 6 8 2
e 6 23 1
e 7 9 2
e 7 24 1
e 8 9 1
e 8 12 1
e 9 25 1
e 10 14 1
e 11 13 1
e 11 15 2
e 12 26 1
e 12 27 1
e 12 28 1
e 13 16 2
e 13 29 1
e 14 31 1
e 14 32 1
e 14 33 1
e 15 17 1
e 15 30 1
e 16 18 1
e 17 18 2
e 17 34 1
e 18 35 1
e 19 36 1
e 19 37 1
e 19 38 1
t # 11883
v 0 2
v 1 3
v 2 3
v 3 3
v 4 3
v 5 3
v 6 3
v 7 3
v 8 3
v 9 3
v 10 3
v 11 3
v 12 3
v 13 3
v 14 3
v 15 3
v 16 3
v 17 4
v 18 4
v 19 4
v 20 4
v 21 4
v 22 4
v 23 4
v 24 4
v 25 4
v 26 4
v 27 4
v 28 4
v 29 4
v 30 4
v 31 4
v 32 4
v 33 4
e 0 1 1
e 0 2 1
e 0 11 1
e 1 5 1
e 1 8 1
e 1 17 1
e 2 3 1
e 2 6 2
e 3 4 1
e 3 7 2
e 4 5 2
e 4 12 1
e 5 18 1
e 6 9 1
e 6 19 1
e 7 10 1
e 7 20 1
e 8 21 1
e 8 22 1
e 8 23 1
e 9 10 1
e 9 13 2
e 10 14 2
e 11 24 1
e 11 25 1
e 11 26 1
e 12 27 1
e 12 28 1
e 12 29 1
e 13 15 1
e 13 30 1
e 14 16 1
e 14 31 1
e 15 16 2
e 15 32 1
e 16 33 1
t # 11884
v 0 11
v 1 1
v 2 1
v 3 2
v 4 3
v 5 3
v 6 3
v 7 3
v 8 3
v 9 3
v 10 3
v 11 3
v 12 3
v 13 3
v 14 3
v 15 3
v 16 4
v 17 4
v 18 4
v 19 4
v 20 4
v 21 4
v 22 4
v 23 4
v 24 4
v 25 4
v 26 4
v 27 4
v 28 4
v 29 4
e 0 5 1
e 0 7 1
e 1 11 1
e 1 14 1
e 2 11 2
e 3 4 1
e 3 5 2
e 3 6 1
e 4 7 1
e 4 8 2
e 5 10 1
e 6 11 1
e 6 16 1
e 6 17 1
e 7 9 2
e 8 12 1
e 8 18 1
e 9 13 1
e 9 19 1
e 10 20 1
e 10 21 1
e 10 22 1
e 12 13 2
e 12 23 1
e 13 24 1
e 14 15 1
e 14 25 1
e 14 26 1
e 15 27 1
e 15 28 1
e 15 29 1
t # 11885
v 0 11
v 1 2
v 2 3
v 3 3
v 4 3
v 5 3
v 6 4
v 7 4
v 8 4
v 9 4
v 10 4
v 11 4
v 12 4
e 0 4 1
e 0 5 1
e 1 5 2
e 1 12 1
e 2 3 1
e 2 4 1
e 2 6 1
e 2 7 1
e 3 5 1
e 3 8 1
e 3 9 1
e 4 10 1
e 4 11 1
t # 11886
v 0 24
v 1 3
v 2 3
v 3 3
v 4 3
v 5 3
v 6 3
v 7 3
v 8 3
v 9 3
v 10 3
v 11 4
v 12 4
e 1 3 1
e 1 4 1
e 1 11 1
e 2 5 1
e 2 6 1
e 2 12 1
e 3 7 2
e 4 8 2
e 5 9 2
e 6 10 2
e 7 8 1
e 9 10 1
t # 11887
v 0 14
v 1 1
v 2 1
v 3 2
v 4 3
v 5 3
v 6 3
v 7 3
v 8 3
v 9 3
v 10 3
v 11 3
v 12 3
v 13 3
v 14 3
v 15 3
v 16 3
v 17 3
v 18 3
v 19 3
v 20 3
v 21 3
v 22 3
v 23 3
v 24 3
v 25 3
v 26 3
v 27 4
v 28 4
v 29 4
v 30 4
v 31 4
v 32 4
v 33 4
v 34 4
v 35 4
v 36 4
v 37 4
v 38 4
v 39 4
v 40 4
v 41 4
v 42 4
v 43 4
v 44 4
v 45 4
v 46 4
v 47 4
v 48 4
v 49 4
v 50 4
e 1 26 1
e 1 50 1
e 2 26 2
e 3 14 1
e 3 20 2
e 4 5 1
e 4 6 1
e 4 10 1
e 4 27 1
e 5 7 1
e 5 28 1
e 5 29 1
e 6 8 1
e 6 30 1
e 6 31 1
e 7 9 1
e 7 32 1
e 7 33 1
e 8 9 1
e 8 34 1
e 8 35 1
e 9 36 1
e 9 37 1
e 10 11 2
e 10 12 1
e 11 15 1
e 11 38 1
e 12 16 2
e 12 39 1
e 13 14 1
e 13 15 2
e 13 16 1
e 14 17 1
e 14 40 1
e 15 41 1
e 16 42 1
e 17 18 2
e 17 21 1
e 18 19 1
e 18 26 1
e 19 20 1
e 19 22 2
e 20 23 1
e 21 43 1
e 21 44 1
e 21 45 1
e 22 24 1
e 22 46 1
e 23 25 2
e 23 47 1
e 24 25 1
e 24 48 1
e 25 49 1
t # 11888
v 0 1
v 1 1
v 2 1
v 3 1
v 4 1
v 5 3
v 6 3
v 7 3
v 8 3
v 9 3
v 10 3
v 11 3
v 12 3
v 13 3
v 14 3
v 15 3
v 16 3
v 17 3
v 18 3
v 19 3
v 20 3
v 21 3
v 22 3
v 23 3
v 24 3
v 25 3
v 26 3
v 27 4
v 28 4
v 29 4
v 30 4
v 31 4
v 32 4
v 33 4
v 34 4
v 35 4
v 36 4
v 37 4
v 38 4
v 39 4
v 40 4
v 41 4
v 42 4
v 43 4
v 44 4
v 45 4
v 46 4
v 47 4
v 48 4
v 49 4
v 50 4
v 51 4
v 52 4
v 53 4
v 54 4
v 55 4
v 56 4
v 57 4
v 58 4
v 59 4
v 60 4
v 61 4
v 62 4
e 0 16 1
e 0 57 1
e 1 20 1
e 1 58 1
e 2 22 1
e 2 25 1
e 3 24 1
e 3 59 1
e 4 25 2
e 5 6 1
e 5 7 1
e 5 9 1
e 5 12 1
e 6 8 1
e 6 17 1
e 6 19 1
e 7 11 1
e 7 13 1
e 7 27 1
e 8 14 1
e 8 15 1
e 8 28 1
e 9 10 1
e 9 29 1
e 9 30 1
e 10 11 1
e 10 16 1
e 10 31 1
e 11 32 1
e 11 33 1
e 12 18 1
e 12 34 1
e 12 35 1
e 13 15 1
e 13 36 1
e 13 37 1
e 14 20 1
e 14 22 1
e 14 23 1
e 15 38 1
e 15 39 1
e 16 18 1
e 16 24 1
e 17 21 1
e 17 40 1
e 17 41 1
e 18 42 1
e 18 43 1
e 19 44 1
e 19 45 1
e 19 46 1
e 20 21 1
e 20 47 1
e 21 48 1
e 21 49 1
e 22 50 1
e 22 51 1
e 23 52 1
e 23 53 1
e 23 54 1
e 24 55 1
e 24 56 1
e 25 26 1
e 26 60 1
e 26 61 1
e 26 62 1
t # 11889
v 0 11
v 1 1
v 2 1
v 3 1
v 4 1
v 5 1
v 6 2
v 7 2
v 8 3
v 9 3
v 10 3
v 11 3
v 12 3
v 13 3
v 14 3
v 15 3
v 16 3
v 17 3
v 18 4
v 19 4
v 20 4
v 21 4
v 22 4
v 23 4
v 24 4
v 25 4
v 26 4
v 27 4
e 0 4 2
e 0 5 2
e 0 11 1
e 3 27 1
e 6 8 1
e 7 9 1
e 8 9 1
e 8 10 1
e 8 18 1
e 9 12 1
e 9 19 1
e 10 11 1
e 10 20 1
e 10 21 1
e 11 13 1
e 11 22 1
e 12 13 1
e 12 14 2
e 13 15 2
e 14 16 1
e 14 23 1
e 15 17 1
e 15 24 1
e 16 17 2
e 16 25 1
e 17 26 1
t # 11890
v 0 11
v 1 1
v 2 1
v 3 1
v 4 1
v 5 1
v 6 1
v 7 2
v 8 2
v 9 2
v 10 3
v 11 3
v 12 3
v 13 3
v 14 3
v 15 3
v 16 3
v 17 3
v 18 3
v 19 3
v 20 4
v 21 4
v 22 4
v 23 4
v 24 4
e 0 3 2
e 0 4 2
e 0 12 1
e 2 24 1
e 7 13 2
e 8 14 2
e 9 18 1
e 10 11 2
e 10 12 1
e 10 16 1
e 11 13 1
e 11 17 1
e 12 15 2
e 13 14 1
e 14 15 1
e 15 20 1
e 16 18 2
e 16 21 1
e 17 19 2
e 17 22 1
e 18 19 1
e 19 23 1
t # 11891
v 0 11
v 1 1
v 2 1
v 3 1
v 4 1
v 5 2
v 6 2
v 7 3
v 8 3
v 9 3
v 10 3
v 11 3
v 12 3
v 13 3
v 14 3
v 15 3
v 16 3
v 17 4
v 18 4
v 19 4
v 20 4
v 21 4
v 22 4
e 0 3 2
e 0 4 2
e 0 9 1
e 2 22 1
e 5 10 2
e 6 11 2
e 7 8 1
e 7 9 1
e 7 13 2
e 8 10 1
e 8 14 2
e 9 12 2
e 10 11 1
e 11 12 1
e 12 17 1
e 13 15 1
e 13 18 1
e 14 16 1
e 14 19 1
e 15 16 2
e 15 20 1
e 16 21 1
t # 11892
v 0 11
v 1 11
v 2 11
v 3 11
v 4 1
v 5 1
v 6 2
v 7 2
v 8 3
v 9 3
v 10 3
v 11 3
v 12 3
v 13 3
v 14 3
v 15 3
v 16 3
v 17 3
v 18 3
v 19 3
v 20 3
v 21 3
v 22 3
v 23 3
v 24 3
v 25 3
v 26 4
v 27 4
v 28 4
v 29 4
v 30 4
v 31 4
v 32 4
v 33 4
v 34 4
v 35 4
v 36 4
e 0 9 1
e 0 10 1
e 1 9 1
e 1 12 1
e 2 18 1
e 2 21 1
e 3 19 1
e 3 21 1
e 4 11 1
e 4 32 1
e 5 15 2
e 6 8 1
e 6 9 2
e 6 11 1
e 7 20 1
e 7 21 2
e 8 10 1
e 8 13 2
e 10 14 2
e 11 12 2
e 12 15 1
e 13 16 1
e 13 26 1
e 14 17 1
e 14 27 1
e 15 18 1
e 16 17 2
e 16 28 1
e 17 29 1
e 18 30 1
e 18 31 1
e 19 20 1
e 19 22 2
e 20 23 2
e 22 24 1
e 22 33 1
e 23 25 1
e 23 34 1
e 24 25 2
e 24 35 1
e 25 36 1
t # 11893
v 0 11
v 1 11
v 2 1
v 3 1
v 4 2
v 5 2
v 6 3
v 7 3
v 8 3
v 9 3
v 10 3
v 11 3
v 12 3
v 13 3
v 14 3
v 15 3
v 16 3
v 17 3
v 18 3
v 19 3
v 20 4
v 21 4
v 22 4
v 23 4
v 24 4
v 25 4
v 26 4
v 27 4
v 28 4
v 29 4
v 30 4
v 31 4
e 0 6 1
e 0 8 1
e 1 14 1
e 1 15 1
e 2 7 1
e 2 27 1
e 3 12 2
e 4 6 1
e 4 7 1
e 4 10 1
e 5 15 1
e 5 19 2
e 6 9 1
e 6 20 1
e 7 8 2
e 8 12 1
e 9 11 2
e 9 21 1
e 10 13 2
e 10 22 1
e 11 13 1
e 11 23 1
e 12 14 1
e 13 24 1
e 14 25 1
e 14 26 1
e 15 16 2
e 16 17 1
e 16 28 1
e 17 18 2
e 17 29 1
e 18 19 1
e 18 30 1
e 19 31 1
t # 11894
v 0 11
v 1 1
v 2 2
v 3 2
v 4 3
v 5 3
v 6 3
v 7 3
v 8 3
v 9 3
v 10 3
v 11 3
v 12 3
v 13 3
v 14 3
v 15 3
v 16 3
v 17 3
v 18 3
v 19 3
v 20 4
v 21 4
v 22 4
v 23 4
v 24 4
v 25 4
v 26 4
v 27 4
v 28 4
v 29 4
v 30 4
v 31 4
v 32 4
v 33 4
e 0 4 1
e 0 8 1
e 1 7 1
e 1 30 1
e 2 4 1
e 2 5 1
e 2 7 1
e 4 6 1
e 4 20 1
e 5 10 2
e 5 12 1
e 6 9 2
e 6 14 1
e 7 8 2
e 8 11 1
e 9 10 1
e 9 13 1
e 10 21 1
e 11 15 2
e 11 16 1
e 12 22 1
e 12 23 1
e 12 24 1
e 13 25 1
e 13 26 1
e 13 27 1
e 15 17 1
e 15 28 1
e 16 18 2
e 16 29 1
e 17 19 2
e 17 31 1
e 18 19 1
e 18 32 1
e 19 33 1
t # 11895
v 0 24
v 1 1
v 2 1
v 3 1
v 4 1
v 5 1
v 6 1
v 7 3
v 8 3
v 9 3
v 10 3
v 11 3
v 12 3
v 13 3
v 14 3
v 15 3
v 16 3
v 17 3
v 18 3
v 19 3
v 20 3
v 21 3
v 22 3
v 23 3
v 24 3
v 25 3
v 26 3
v 27 3
v 28 4
v 29 4
v 30 4
v 31 4
v 32 4
v 33 4
v 34 4
v 35 4
v 36 4
v 37 4
v 38 4
v 39 4
v 40 4
v 41 4
v 42 4
v 43 4
v 44 4
v 45 4
v 46 4
v 47 4
v 48 4
v 49 4
v 50 4
v 51 4
e 1 9 1
e 1 32 1
e 2 14 1
e 2 35 1
e 3 8 1
e 3 21 1
e 4 15 1
e 4 37 1
e 5 16 1
e 5 38 1
e 6 21 2
e 7 8 1
e 7 9 2
e 7 13 1
e 8 12 1
e 8 28 1
e 9 10 1
e 10 11 1
e 10 14 2
e 11 15 1
e 11 16 2
e 12 18 1
e 12 29 1
e 12 30 1
e 13 15 2
e 13 31 1
e 14 17 1
e 16 19 1
e 17 19 2
e 17 33 1
e 18 20 2
e 18 34 1
e 19 36 1
e 20 22 1
e 20 23 1
e 21 24 1
e 22 39 1
e 22 40 1
e 22 41 1
e 23 42 1
e 23 43 1
e 23 44 1
e 24 25 2
e 24 45 1
e 25 26 1
e 25 27 1
e 26 46 1
e 26 47 1
e 26 48 1
e 27 49 1
e 27 50 1
e 27 51 1
t # 11896
v 0 8
v 1 8
v 2 3
v 3 3
v 4 3
v 5 3
v 6 3
v 7 3
v 8 3
v 9 3
v 10 3
v 11 3
v 12 3
v 13 3
v 14 3
v 15 3
v 16 3
v 17 3
v 18 3
v 19 3
v 20 3
v 21 3
v 22 3
v 23 3
v 24 3
v 25 3
v 26 3
v 27 3
v 28 3
v 29 3
v 30 3
v 31 3
v 32 3
v 33 3
v 34 3
v 35 3
v 36 3
v 37 3
v 38 4
v 39 4
v 40 4
v 41 4
v 42 4
v 43 4
v 44 4
v 45 4
v 46 4
v 47 4
v 48 4
v 49 4
v 50 4
v 51 4
v 52 4
v 53 4
v 54 4
v 55 4
v 56 4
v 57 4
v 58 4
v 59 4
v 60 4
v 61 4
v 62 4
v 63 4
v 64 4
v 65 4
v 66 4
v 67 4
v 68 4
v 69 4
v 70 4
v 71 4
v 72 4
v 73 4
v 74 4
v 75 4
v 76 4
v 77 4
v 78 4
v 79 4
e 2 3 1
e 2 38 1
e 2 39 1
e 3 40 1
e 3 41 1
e 4 8 1
e 4 42 1
e 4 43 1
e 5 9 1
e 5 44 1
e 5 45 1
e 6 8 1
e 6 12 1
e 6 16 1
e 6 17 1
e 7 9 1
e 7 13 1
e 7 18 1
e 7 19 1
e 8 46 1
e 8 47 1
e 9 48 1
e 9 49 1
e 10 12 1
e 10 20 2
e 11 13 1
e 11 21 2
e 12 22 2
e 13 23 2
e 14 24 2
e 14 26 1
e 15 25 2
e 15 27 1
e 16 50 1
e 16 51 1
e 16 52 1
e 17 53 1
e 17 54 1
e 17 55 1
e 18 56 1
e 18 57 1
e 18 58 1
e 19 59 1
e 19 60 1
e 19 61 1
e 20 28 1
e 20 62 1
e 21 29 1
e 21 63 1
e 22 30 1
e 22 64 1
e 23 31 1
e 23 65 1
e 24 32 1
e 24 66 1
e 25 33 1
e 25 67 1
e 26 34 2
e 26 68 1
e 27 35 2
e 27 69 1
e 28 30 2
e 28 70 1
e 29 31 2
e 29 71 1
e 30 72 1
e 31 73 1
e 32 36 2
e 32 74 1
e 33 37 2
e 33 75 1
e 34 36 1
e 34 76 1
e 35 37 1
e 35 77 1
e 36 78 1
e 37 79 1
t # 11897
v 0 12
v 1 8
v 2 8
v 3 1
v 4 1
v 5 1
v 6 1
v 7 3
v 8 3
v 9 3
v 10 3
v 11 3
v 12 3
v 13 3
v 14 3
v 15 3
v 16 3
v 17 3
v 18 3
v 19 3
v 20 3
v 21 3
v 22 3
v 23 3
v 24 3
v 25 3
v 26 3
v 27 3
v 28 3
v 29 3
v 30 3
v 31 3
v 32 3
v 33 3
v 34 3
v 35 3
v 36 3
v 37 3
v 38 3
v 39 3
v 40 3
v 41 3
v 42 3
v 43 4
v 44 4
v 45 4
v 46 4
v 47 4
v 48 4
v 49 4
v 50 4
v 51 4
v 52 4
v 53 4
v 54 4
v 55 4
v 56 4
v 57 4
v 58 4
v 59 4
v 60 4
v 61 4
v 62 4
v 63 4
v 64 4
v 65 4
v 66 4
v 67 4
v 68 4
v 69 4
v 70 4
v 71 4
v 72 4
v 73 4
v 74 4
v 75 4
v 76 4
v 77 4
v 78 4
v 79 4
v 80 4
v 81 4
v 82 4
v 83 4
v 84 4
v 85 4
v 86 4
v 87 4
e 3 85 1
e 4 86 1
e 5 87 1
e 7 8 1
e 7 43 1
e 7 44 1
e 8 45 1
e 8 46 1
e 9 13 1
e 9 47 1
e 9 48 1
e 10 14 1
e 10 49 1
e 10 50 1
e 11 13 1
e 11 17 1
e 11 21 1
e 11 22 1
e 12 14 1
e 12 18 1
e 12 23 1
e 12 24 1
e 13 51 1
e 13 52 1
e 14 53 1
e 14 54 1
e 15 17 1
e 15 25 2
e 16 18 1
e 16 26 2
e 17 27 2
e 18 28 2
e 19 29 2
e 19 31 1
e 20 30 2
e 20 32 1
e 21 55 1
e 21 56 1
e 21 57 1
e 22 58 1
e 22 59 1
e 22 60 1
e 23 61 1
e 23 62 1
e 23 63 1
e 24 64 1
e 24 65 1
e 24 66 1
e 25 33 1
e 25 67 1
e 26 34 1
e 26 68 1
e 27 35 1
e 27 69 1
e 28 36 1
e 28 70 1
e 29 37 1
e 29 71 1
e 30 38 1
e 30 72 1
e 31 39 2
e 31 73 1
e 32 40 2
e 32 74 1
e 33 35 2
e 33 75 1
e 34 36 2
e 34 76 1
e 35 77 1
e 36 78 1
e 37 41 2
e 37 79 1
e 38 42 2
e 38 80 1
e 39 41 1
e 39 81 1
e 40 42 1
e 40 82 1
e 41 83 1
e 42 84 1
t # 11898
v 0 11
v 1 2
v 2 2
v 3 2
v 4 2
v 5 3
v 6 3
v 7 3
v 8 3
v 9 3
v 10 3
v 11 3
v 12 3
v 13 3
v 14 3
v 15 3
v 16 3
v 17 3
v 18 3
v 19 3
v 20 3
v 21 4
v 22 4
v 23 4
v 24 4
v 25 4
v 26 4
v 27 4
v 28 4
v 29 4
v 30 4
v 31 4
v 32 4
e 0 18 1
e 0 20 1
e 1 5 1
e 1 18 1
e 1 21 1
e 2 8 2
e 2 9 1
e 3 18 2
e 3 19 1
e 4 19 1
e 4 31 1
e 4 32 1
e 5 6 2
e 5 7 1
e 6 8 1
e 6 10 1
e 7 9 1
e 7 11 2
e 8 12 1
e 9 13 2
e 10 14 2
e 10 22 1
e 11 15 1
e 11 23 1
e 12 16 2
e 12 24 1
e 13 17 1
e 13 25 1
e 14 16 1
e 14 26 1
e 15 17 2
e 15 27 1
e 16 28 1
e 17 29 1
e 19 20 2
e 20 30 1
t # 11899
v 0 1
v 1 1
v 2 1
v 3 1
v 4 2
v 5 3
v 6 3
v 7 3
v 8 3
v 9 3
v 10 3
v 11 3
v 12 3
v 13 3
v 14 3
v 15 3
v 16 3
v 17 3
v 18 3
v 19 3
v 20 3
v 21 3
v 22 3
v 23 3
v 24 3
v 25 4
v 26 4
v 27 4
v 28 4
v 29 4
v 30 4
v 31 4
v 32 4
v 33 4
v 34 4
v 35 4
v 36 4
v 37 4
v 38 4
v 39 4
v 40 4
v 41 4
v 42 4
v 43 4
e 0 18 1
e 0 22 1
e 1 19 1
e 1 22 1
e 2 16 1
e 2 23 1
e 3 20 1
e 3 24 1
e 4 6 1
e 4 12 1
e 4 21 1
e 5 6 2
e 5 7 1
e 5 10 1
e 6 8 1
e 7 9 1
e 7 25 1
e 7 26 1
e 8 9 1
e 8 14 2
e 9 15 2
e 10 11 1
e 10 13 2
e 11 12 2
e 11 17 1
e 12 27 1
e 13 16 1
e 13 28 1
e 14 18 1
e 14 29 1
e 15 19 1
e 15 30 1
e 16 20 1
e 16 31 1
e 17 20 2
e 17 32 1
e 18 19 2
e 21 33 1
e 21 34 1
e 21 35 1
e 22 36 1
e 22 37 1
e 23 38 1
e 23 39 1
e 23 40 1
e 24 41 1
e 24 42 1
e 24 43 1
