t # 3400
v 0 12
v 1 11
v 2 11
v 3 1
v 4 1
v 5 1
v 6 1
v 7 1
v 8 1
v 9 1
v 10 1
v 11 2
v 12 2
v 13 2
v 14 3
v 15 3
v 16 3
v 17 3
v 18 3
v 19 3
v 20 3
v 21 3
v 22 3
v 23 3
v 24 3
v 25 3
v 26 3
v 27 3
v 28 3
v 29 3
v 30 3
v 31 3
v 32 3
v 33 3
v 34 3
v 35 3
v 36 3
v 37 3
v 38 3
v 39 3
v 40 3
v 41 3
v 42 3
v 43 3
v 44 3
v 45 3
v 46 3
v 47 3
v 48 3
v 49 3
v 50 3
v 51 3
v 52 3
v 53 3
v 54 3
v 55 3
v 56 3
v 57 3
v 58 3
v 59 3
v 60 3
v 61 3
v 62 3
v 63 3
v 64 3
v 65 3
v 66 3
v 67 4
v 68 4
v 69 4
v 70 4
v 71 4
v 72 4
v 73 4
v 74 4
v 75 4
v 76 4
v 77 4
v 78 4
v 79 4
v 80 4
v 81 4
v 82 4
v 83 4
v 84 4
v 85 4
v 86 4
v 87 4
v 88 4
v 89 4
v 90 4
v 91 4
v 92 4
v 93 4
v 94 4
v 95 4
v 96 4
v 97 4
v 98 4
v 99 4
v 100 4
v 101 4
v 102 4
v 103 4
v 104 4
v 105 4
v 106 4
v 107 4
v 108 4
v 109 4
v 110 4
v 111 4
v 112 4
v 113 4
v 114 4
v 115 4
v 116 4
v 117 4
e 1 21 1
e 1 31 1
e 2 22 1
e 2 32 1
e 3 47 1
e 3 63 1
e 4 48 1
e 4 64 1
e 5 63 2
e 6 64 2
e 7 115 1
e 8 116 1
e 9 117 1
e 11 16 1
e 11 29 1
e 11 30 1
e 12 21 2
e 12 23 1
e 12 27 1
e 13 22 1
e 13 24 1
e 13 28 1
e 14 15 1
e 14 17 1
e 14 67 1
e 14 68 1
e 15 18 1
e 15 69 1
e 15 70 1
e 16 17 2
e 16 18 1
e 17 19 1
e 18 20 2
e 19 25 2
e 19 71 1
e 20 26 1
e 20 72 1
e 21 25 1
e 22 26 2
e 23 31 1
e 23 35 2
e 24 32 1
e 24 36 2
e 25 73 1
e 26 74 1
e 27 33 1
e 27 75 1
e 27 76 1
e 28 34 1
e 28 77 1
e 28 78 1
e 29 43 2
e 29 45 1
e 30 44 2
e 30 46 1
e 31 39 2
e 32 40 2
e 33 47 1
e 33 79 1
e 33 80 1
e 34 48 1
e 34 81 1
e 34 82 1
e 35 37 1
e 35 83 1
e 36 38 1
e 36 84 1
e 37 41 1
e 37 49 2
e 38 42 1
e 38 50 2
e 39 41 1
e 39 85 1
e 40 42 1
e 40 86 1
e 41 51 2
e 42 52 2
e 43 53 1
e 43 87 1
e 44 54 1
e 44 88 1
e 45 55 2
e 45 89 1
e 46 56 2
e 46 90 1
e 47 91 1
e 47 92 1
e 48 93 1
e 48 94 1
e 49 59 1
e 49 95 1
e 50 60 1
e 50 96 1
e 51 61 1
e 51 97 1
e 52 62 1
e 52 98 1
e 53 57 2
e 53 99 1
e 54 58 2
e 54 100 1
e 55 57 1
e 55 101 1
e 56 58 1
e 56 102 1
e 57 103 1
e 58 104 1
e 59 61 2
e 59 105 1
e 60 62 2
e 60 106 1
e 61 107 1
e 62 108 1
e 63 65 1
e 64 66 1
e 65 109 1
e 65 110 1
e 65 111 1
e 66 112 1
e 66 113 1
e 66 114 1
t # 3401
v 0 7
v 1 12
v 2 1
v 3 1
v 4 1
v 5 2
v 6 2
v 7 2
v 8 3
v 9 3
v 10 3
v 11 3
v 12 3
v 13 3
v 14 3
v 15 3
v 16 3
v 17 3
v 18 3
v 19 4
v 20 4
v 21 4
v 22 4
v 23 4
v 24 4
v 25 4
v 26 4
v 27 4
e 2 10 2
e 3 12 2
e 4 16 2
e 5 8 1
e 5 9 1
e 5 19 1
e 6 10 1
e 6 16 1
e 6 22 1
e 7 13 1
e 7 16 1
e 7 24 1
e 8 10 1
e 8 13 2
e 9 11 2
e 9 20 1
e 11 12 1
e 11 14 1
e 12 15 1
e 13 21 1
e 14 17 2
e 14 23 1
e 15 18 2
e 15 25 1
e 17 18 1
e 17 26 1
e 18 27 1
t # 3402
v 0 1
v 1 1
v 2 1
v 3 1
v 4 2
v 5 2
v 6 3
v 7 3
v 8 3
v 9 3
v 10 3
v 11 3
v 12 3
v 13 3
v 14 3
v 15 3
v 16 3
v 17 3
v 18 3
v 19 3
v 20 3
v 21 3
v 22 3
v 23 3
v 24 3
v 25 3
v 26 3
v 27 3
v 28 3
v 29 3
v 30 4
v 31 4
v 32 4
v 33 4
v 34 4
v 35 4
v 36 4
v 37 4
v 38 4
v 39 4
v 40 4
v 41 4
v 42 4
v 43 4
v 44 4
v 45 4
v 46 4
v 47 4
v 48 4
v 49 4
v 50 4
v 51 4
v 52 4
v 53 4
v 54 4
v 55 4
v 56 4
v 57 4
e 0 28 1
e 0 56 1
e 1 29 1
e 1 57 1
e 2 28 2
e 3 29 2
e 4 7 1
e 4 8 1
e 4 14 1
e 5 18 1
e 5 24 1
e 5 25 1
e 6 8 1
e 6 9 1
e 6 10 1
e 6 30 1
e 7 11 1
e 7 12 1
e 7 31 1
e 8 32 1
e 8 33 1
e 9 13 1
e 9 34 1
e 9 35 1
e 10 11 1
e 10 15 2
e 11 16 2
e 12 13 1
e 12 17 2
e 13 19 2
e 14 18 1
e 14 36 1
e 14 37 1
e 15 20 1
e 15 38 1
e 16 21 1
e 16 39 1
e 17 22 1
e 17 40 1
e 18 41 1
e 18 42 1
e 19 23 1
e 19 43 1
e 20 21 2
e 20 44 1
e 21 45 1
e 22 23 2
e 22 46 1
e 23 47 1
e 24 48 1
e 24 49 1
e 24 50 1
e 25 51 1
e 25 52 1
e 25 53 1
e 26 27 2
e 26 28 1
e 26 54 1
e 27 29 1
e 27 55 1
t # 3403
v 0 2
v 1 3
v 2 3
v 3 3
v 4 3
v 5 3
v 6 3
v 7 3
v 8 3
v 9 3
v 10 3
v 11 3
v 12 3
v 13 3
v 14 3
v 15 3
v 16 3
v 17 3
v 18 3
v 19 3
v 20 3
v 21 3
v 22 3
v 23 3
v 24 3
v 25 3
v 26 4
v 27 4
v 28 4
v 29 4
v 30 4
v 31 4
v 32 4
v 33 4
v 34 4
v 35 4
v 36 4
v 37 4
v 38 4
v 39 4
v 40 4
v 41 4
v 42 4
v 43 4
v 44 4
e 0 10 2
e 0 43 1
e 1 2 1
e 1 3 1
e 1 8 2
e 2 5 1
e 2 7 2
e 3 9 1
e 3 11 2
e 4 5 2
e 4 6 1
e 4 10 1
e 5 26 1
e 6 16 2
e 6 17 1
e 7 12 1
e 7 27 1
e 8 14 1
e 8 28 1
e 9 12 2
e 9 29 1
e 10 13 1
e 11 15 1
e 11 30 1
e 12 31 1
e 13 18 2
e 13 19 1
e 14 15 2
e 14 32 1
e 15 33 1
e 16 20 1
e 16 34 1
e 17 21 2
e 17 35 1
e 18 23 1
e 18 36 1
e 19 24 2
e 19 37 1
e 20 22 2
e 20 38 1
e 21 22 1
e 21 39 1
e 22 40 1
e 23 25 2
e 23 41 1
e 24 25 1
e 24 42 1
e 25 44 1
t # 3404
v 0 1
v 1 1
v 2 1
v 3 1
v 4 3
v 5 3
v 6 3
v 7 3
v 8 3
v 9 3
v 10 3
v 11 3
v 12 3
v 13 3
v 14 3
v 15 3
v 16 3
v 17 3
v 18 3
v 19 3
v 20 3
v 21 3
v 22 3
v 23 3
v 24 4
v 25 4
v 26 4
v 27 4
v 28 4
v 29 4
v 30 4
v 31 4
v 32 4
v 33 4
v 34 4
v 35 4
v 36 4
v 37 4
v 38 4
v 39 4
v 40 4
v 41 4
v 42 4
v 43 4
v 44 4
v 45 4
v 46 4
v 47 4
v 48 4
v 49 4
v 50 4
v 51 4
v 52 4
v 53 4
e 0 4 1
e 0 5 1
e 1 12 1
e 1 18 1
e 2 13 1
e 2 48 1
e 3 18 2
e 4 5 1
e 4 6 1
e 4 10 1
e 5 8 1
e 5 24 1
e 6 7 1
e 6 25 1
e 6 26 1
e 7 9 1
e 7 27 1
e 7 28 1
e 8 14 1
e 8 29 1
e 8 30 1
e 9 11 1
e 9 15 1
e 9 31 1
e 10 32 1
e 10 33 1
e 10 34 1
e 11 12 1
e 11 35 1
e 11 36 1
e 12 13 1
e 12 37 1
e 13 16 1
e 13 20 1
e 14 17 1
e 14 38 1
e 14 39 1
e 15 18 1
e 15 22 2
e 16 19 1
e 16 40 1
e 16 41 1
e 17 21 2
e 17 23 1
e 19 21 1
e 19 42 1
e 19 43 1
e 20 44 1
e 20 45 1
e 20 46 1
e 21 47 1
e 22 49 1
e 22 50 1
e 23 51 1
e 23 52 1
e 23 53 1
t # 3405
v 0 1
v 1 1
v 2 1
v 3 3
v 4 3
v 5 3
v 6 3
v 7 3
v 8 3
v 9 3
v 10 3
v 11 3
v 12 3
v 13 3
v 14 3
v 15 3
v 16 3
v 17 3
v 18 3
v 19 3
v 20 3
v 21 4
v 22 4
v 23 4
v 24 4
v 25 4
v 26 4
v 27 4
v 28 4
v 29 4
v 30 4
v 31 4
v 32 4
v 33 4
v 34 4
v 35 4
v 36 4
v 37 4
v 38 4
v 39 4
v 40 4
v 41 4
v 42 4
v 43 4
v 44 4
v 45 4
v 46 4
e 0 9 2
e 1 15 1
e 1 18 1
e 2 18 1
e 2 19 1
e 3 4 1
e 3 5 1
e 3 21 1
e 3 22 1
e 4 6 1
e 4 23 1
e 4 24 1
e 5 7 1
e 5 25 1
e 5 26 1
e 6 8 1
e 6 27 1
e 6 28 1
e 7 9 1
e 7 29 1
e 7 30 1
e 8 31 1
e 8 32 1
e 8 33 1
e 9 10 1
e 10 11 2
e 10 34 1
e 11 12 1
e 11 35 1
e 12 13 2
e 12 14 1
e 13 15 1
e 13 36 1
e 14 16 2
e 14 37 1
e 15 17 2
e 16 17 1
e 16 39 1
e 17 38 1
e 18 40 1
e 18 41 1
e 19 20 1
e 19 42 1
e 19 43 1
e 20 44 1
e 20 45 1
e 20 46 1
t # 3406
v 0 11
v 1 11
v 2 1
v 3 1
v 4 1
v 5 1
v 6 1
v 7 1
v 8 2
v 9 3
v 10 3
v 11 3
v 12 3
v 13 3
v 14 3
v 15 3
v 16 3
v 17 3
v 18 3
v 19 3
v 20 3
v 21 3
v 22 3
v 23 3
v 24 3
v 25 4
v 26 4
v 27 4
v 28 4
v 29 4
v 30 4
v 31 4
v 32 4
v 33 4
v 34 4
v 35 4
v 36 4
v 37 4
v 38 4
v 39 4
v 40 4
v 41 4
e 0 16 1
e 0 17 1
e 2 12 1
e 2 13 1
e 3 9 1
e 3 32 1
e 4 10 1
e 4 33 1
e 5 11 1
e 5 34 1
e 6 14 1
e 6 35 1
e 7 15 2
e 8 12 1
e 8 15 1
e 8 16 1
e 9 10 1
e 9 11 1
e 9 25 1
e 10 12 1
e 10 26 1
e 11 13 1
e 11 27 1
e 12 28 1
e 13 14 1
e 13 29 1
e 14 30 1
e 14 31 1
e 15 17 1
e 17 18 2
e 18 19 1
e 18 36 1
e 19 20 2
e 19 21 1
e 20 22 1
e 20 37 1
e 21 23 2
e 21 38 1
e 22 24 2
e 22 39 1
e 23 24 1
e 23 40 1
e 24 41 1
t # 3407
v 0 11
v 1 11
v 2 1
v 3 1
v 4 1
v 5 1
v 6 1
v 7 1
v 8 1
v 9 1
v 10 1
v 11 1
v 12 2
v 13 2
v 14 3
v 15 3
v 16 3
v 17 3
v 18 3
v 19 3
v 20 3
v 21 3
v 22 3
v 23 3
v 24 3
v 25 3
v 26 3
v 27 3
v 28 3
v 29 3
v 30 3
v 31 3
v 32 3
v 33 3
v 34 3
v 35 3
v 36 3
v 37 3
v 38 3
v 39 3
v 40 4
v 41 4
v 42 4
v 43 4
v 44 4
v 45 4
v 46 4
v 47 4
v 48 4
v 49 4
v 50 4
v 51 4
v 52 4
v 53 4
v 54 4
v 55 4
v 56 4
v 57 4
v 58 4
v 59 4
v 60 4
v 61 4
v 62 4
v 63 4
v 64 4
v 65 4
e 0 21 1
e 0 22 1
e 2 17 1
e 2 18 1
e 3 14 1
e 3 23 1
e 4 15 1
e 4 24 1
e 5 16 1
e 5 25 1
e 6 19 1
e 6 30 1
e 7 20 2
e 8 23 2
e 9 24 2
e 10 25 2
e 11 30 2
e 12 17 1
e 12 20 1
e 12 21 1
e 13 34 1
e 13 35 1
e 13 61 1
e 14 15 1
e 14 16 1
e 14 40 1
e 15 17 1
e 15 41 1
e 16 18 1
e 16 42 1
e 17 43 1
e 18 19 1
e 18 44 1
e 19 45 1
e 19 46 1
e 20 22 1
e 22 26 2
e 23 27 1
e 24 28 1
e 25 29 1
e 26 31 1
e 26 47 1
e 27 48 1
e 27 49 1
e 27 50 1
e 28 51 1
e 28 52 1
e 28 53 1
e 29 54 1
e 29 55 1
e 29 56 1
e 30 33 1
e 31 32 1
e 31 34 2
e 32 35 1
e 32 36 2
e 33 57 1
e 33 58 1
e 33 59 1
e 34 60 1
e 35 37 2
e 36 38 1
e 36 62 1
e 37 39 1
e 37 63 1
e 38 39 2
e 38 64 1
e 39 65 1
t # 3408
v 0 11
v 1 11
v 2 1
v 3 1
v 4 1
v 5 1
v 6 1
v 7 1
v 8 1
v 9 1
v 10 1
v 11 1
v 12 1
v 13 1
v 14 2
v 15 3
v 16 3
v 17 3
v 18 3
v 19 3
v 20 3
v 21 3
v 22 3
v 23 3
v 24 3
v 25 3
v 26 3
v 27 3
v 28 3
v 29 3
v 30 3
v 31 3
v 32 3
v 33 3
v 34 3
v 35 3
v 36 3
v 37 3
v 38 3
v 39 3
v 40 4
v 41 4
v 42 4
v 43 4
v 44 4
v 45 4
v 46 4
v 47 4
v 48 4
v 49 4
v 50 4
v 51 4
v 52 4
v 53 4
v 54 4
v 55 4
v 56 4
v 57 4
v 58 4
v 59 4
v 60 4
v 61 4
v 62 4
v 63 4
v 64 4
e 0 22 1
e 0 23 1
e 2 18 1
e 2 19 1
e 3 15 1
e 3 24 1
e 4 17 1
e 4 25 1
e 5 16 1
e 5 26 1
e 6 20 1
e 6 31 1
e 7 21 2
e 8 24 2
e 9 25 2
e 10 26 2
e 11 31 2
e 12 36 1
e 12 39 1
e 13 37 1
e 13 39 1
e 14 19 1
e 14 21 1
e 14 22 1
e 15 16 1
e 15 17 1
e 15 40 1
e 16 18 1
e 16 42 1
e 17 19 1
e 17 41 1
e 18 20 1
e 18 43 1
e 19 44 1
e 20 45 1
e 20 46 1
e 21 23 1
e 23 28 2
e 24 27 1
e 25 29 1
e 26 30 1
e 27 48 1
e 27 49 1
e 27 50 1
e 28 32 1
e 28 47 1
e 29 51 1
e 29 52 1
e 29 53 1
e 30 54 1
e 30 55 1
e 30 56 1
e 31 33 1
e 32 34 2
e 32 35 1
e 33 57 1
e 33 58 1
e 33 59 1
e 34 36 1
e 34 60 1
e 35 38 2
e 35 61 1
e 36 37 2
e 37 38 1
e 38 62 1
e 39 63 1
e 39 64 1
t # 3409
v 0 1
v 1 1
v 2 1
v 3 1
v 4 1
v 5 1
v 6 3
v 7 3
v 8 3
v 9 3
v 10 3
v 11 3
v 12 3
v 13 3
v 14 3
v 15 3
v 16 3
v 17 3
v 18 3
v 19 3
v 20 3
v 21 3
v 22 3
v 23 3
v 24 3
v 25 3
v 26 4
v 27 4
v 28 4
v 29 4
v 30 4
v 31 4
v 32 4
v 33 4
v 34 4
v 35 4
v 36 4
v 37 4
v 38 4
v 39 4
v 40 4
v 41 4
v 42 4
v 43 4
v 44 4
v 45 4
v 46 4
v 47 4
v 48 4
v 49 4
v 50 4
v 51 4
e 0 8 1
e 0 13 1
e 1 7 1
e 1 21 1
e 2 16 1
e 2 43 1
e 3 13 2
e 4 19 1
e 4 44 1
e 5 21 2
e 6 7 1
e 6 8 1
e 6 10 1
e 6 26 1
e 7 9 1
e 7 27 1
e 8 11 1
e 8 28 1
e 9 12 1
e 9 29 1
e 9 30 1
e 10 13 1
e 10 18 2
e 11 14 2
e 11 31 1
e 12 17 2
e 12 19 1
e 14 15 1
e 14 20 1
e 15 16 1
e 15 32 1
e 15 33 1
e 16 17 1
e 16 34 1
e 17 35 1
e 18 36 1
e 18 37 1
e 19 38 1
e 19 39 1
e 20 40 1
e 20 41 1
e 20 42 1
e 21 22 1
e 22 23 1
e 22 24 2
e 23 45 1
e 23 46 1
e 23 47 1
e 24 25 1
e 24 48 1
e 25 49 1
e 25 50 1
e 25 51 1
t # 3410
v 0 1
v 1 1
v 2 1
v 3 1
v 4 1
v 5 1
v 6 3
v 7 3
v 8 3
v 9 3
v 10 3
v 11 3
v 12 3
v 13 3
v 14 3
v 15 3
v 16 3
v 17 3
v 18 3
v 19 3
v 20 3
v 21 3
v 22 3
v 23 3
v 24 3
v 25 4
v 26 4
v 27 4
v 28 4
v 29 4
v 30 4
v 31 4
v 32 4
v 33 4
v 34 4
v 35 4
v 36 4
v 37 4
v 38 4
v 39 4
v 40 4
v 41 4
v 42 4
v 43 4
v 44 4
v 45 4
v 46 4
v 47 4
v 48 4
e 0 8 1
e 0 13 1
e 1 7 1
e 1 21 1
e 2 16 1
e 2 42 1
e 3 13 2
e 4 19 1
e 4 43 1
e 5 21 2
e 6 7 1
e 6 8 1
e 6 10 1
e 6 25 1
e 7 9 1
e 7 26 1
e 8 11 1
e 8 27 1
e 9 12 1
e 9 28 1
e 9 29 1
e 10 13 1
e 10 18 2
e 11 14 2
e 11 30 1
e 12 17 2
e 12 19 1
e 14 15 1
e 14 20 1
e 15 16 1
e 15 31 1
e 15 32 1
e 16 17 1
e 16 33 1
e 17 34 1
e 18 35 1
e 18 36 1
e 19 37 1
e 19 38 1
e 20 39 1
e 20 40 1
e 20 41 1
e 21 22 1
e 22 23 1
e 22 24 2
e 23 44 1
e 23 45 1
e 23 46 1
e 24 47 1
e 24 48 1
t # 3411
v 0 1
v 1 1
v 2 2
v 3 3
v 4 3
v 5 3
v 6 3
v 7 3
v 8 3
v 9 3
v 10 3
v 11 3
v 12 3
v 13 3
v 14 4
v 15 4
v 16 4
v 17 4
v 18 4
v 19 4
v 20 4
v 21 4
v 22 4
v 23 4
v 24 4
v 25 4
v 26 4
v 27 4
v 28 4
v 29 4
v 30 4
v 31 4
v 32 4
v 33 4
v 34 4
e 0 3 1
e 0 27 1
e 1 11 1
e 1 34 1
e 2 6 1
e 2 7 1
e 2 9 1
e 3 4 1
e 3 5 1
e 3 8 1
e 4 6 1
e 4 14 1
e 4 15 1
e 5 7 1
e 5 16 1
e 5 17 1
e 6 18 1
e 6 19 1
e 7 20 1
e 7 21 1
e 8 10 2
e 8 22 1
e 9 23 1
e 9 24 1
e 9 25 1
e 10 11 1
e 10 26 1
e 11 12 1
e 11 13 1
e 12 28 1
e 12 29 1
e 12 30 1
e 13 31 1
e 13 32 1
e 13 33 1
t # 3412
v 0 12
v 1 1
v 2 3
v 3 3
v 4 3
v 5 3
v 6 3
v 7 3
v 8 3
v 9 3
v 10 3
v 11 3
v 12 3
v 13 3
v 14 3
v 15 3
v 16 3
v 17 3
v 18 3
v 19 3
v 20 3
v 21 3
v 22 3
v 23 3
v 24 3
v 25 4
v 26 4
v 27 4
v 28 4
v 29 4
v 30 4
v 31 4
v 32 4
v 33 4
v 34 4
v 35 4
v 36 4
v 37 4
v 38 4
v 39 4
e 0 24 1
e 1 5 2
e 2 3 2
e 2 4 1
e 2 6 1
e 3 5 1
e 3 7 1
e 4 5 1
e 4 8 2
e 6 10 2
e 6 11 1
e 7 12 2
e 7 13 1
e 8 9 1
e 8 25 1
e 9 18 2
e 9 19 1
e 10 14 1
e 10 26 1
e 11 15 2
e 11 27 1
e 12 16 1
e 12 28 1
e 13 17 2
e 13 29 1
e 14 20 2
e 14 30 1
e 15 20 1
e 15 31 1
e 16 21 2
e 16 32 1
e 17 21 1
e 17 33 1
e 18 22 1
e 18 34 1
e 19 23 2
e 19 35 1
e 20 36 1
e 21 37 1
e 22 24 2
e 22 38 1
e 23 24 1
e 23 39 1
t # 3413
v 0 1
v 1 1
v 2 1
v 3 1
v 4 1
v 5 3
v 6 3
v 7 3
v 8 3
v 9 3
v 10 3
v 11 3
v 12 3
v 13 3
v 14 3
v 15 3
v 16 3
v 17 3
v 18 3
v 19 3
v 20 3
v 21 3
v 22 3
v 23 3
v 24 3
v 25 3
v 26 3
v 27 3
v 28 3
v 29 3
v 30 3
v 31 4
v 32 4
v 33 4
v 34 4
v 35 4
v 36 4
v 37 4
v 38 4
v 39 4
v 40 4
v 41 4
v 42 4
v 43 4
v 44 4
v 45 4
v 46 4
v 47 4
v 48 4
v 49 4
v 50 4
v 51 4
v 52 4
v 53 4
v 54 4
v 55 4
v 56 4
v 57 4
v 58 4
e 0 10 2
e 1 19 1
e 1 27 1
e 2 23 1
e 2 28 1
e 3 24 1
e 3 29 1
e 4 26 1
e 4 30 1
e 5 6 1
e 5 7 1
e 5 9 1
e 5 31 1
e 6 8 1
e 6 32 1
e 6 33 1
e 7 10 1
e 7 34 1
e 7 35 1
e 8 11 2
e 8 12 1
e 9 13 2
e 9 36 1
e 10 11 1
e 11 37 1
e 12 15 2
e 12 38 1
e 13 14 1
e 13 39 1
e 14 17 2
e 14 18 1
e 15 16 1
e 15 40 1
e 16 20 2
e 16 22 1
e 17 19 1
e 17 41 1
e 18 21 2
e 18 42 1
e 19 23 2
e 20 24 1
e 20 43 1
e 21 23 1
e 21 44 1
e 22 25 2
e 22 45 1
e 24 26 2
e 25 26 1
e 25 46 1
e 27 47 1
e 27 48 1
e 27 49 1
e 28 50 1
e 28 51 1
e 28 52 1
e 29 53 1
e 29 54 1
e 29 55 1
e 30 56 1
e 30 57 1
e 30 58 1
t # 3414
v 0 1
v 1 1
v 2 2
v 3 3
v 4 3
v 5 3
v 6 3
v 7 3
v 8 3
v 9 3
v 10 3
v 11 3
v 12 3
v 13 3
v 14 3
v 15 3
v 16 4
v 17 4
v 18 4
v 19 4
v 20 4
v 21 4
v 22 4
v 23 4
v 24 4
v 25 4
v 26 4
v 27 4
v 28 4
v 29 4
v 30 4
v 31 4
v 32 4
v 33 4
e 0 4 1
e 0 12 1
e 1 15 2
e 2 3 1
e 2 4 1
e 2 5 1
e 2 6 1
e 3 7 2
e 3 8 1
e 4 16 1
e 4 17 1
e 5 18 1
e 5 19 1
e 5 20 1
e 6 21 1
e 6 22 1
e 6 23 1
e 7 9 1
e 7 24 1
e 8 10 2
e 8 25 1
e 9 11 2
e 9 26 1
e 10 11 1
e 10 27 1
e 11 13 1
e 12 28 1
e 12 29 1
e 12 30 1
e 13 14 2
e 13 31 1
e 14 15 1
e 14 32 1
e 15 33 1
t # 3415
v 0 1
v 1 1
v 2 2
v 3 2
v 4 3
v 5 3
v 6 3
v 7 3
v 8 3
v 9 3
v 10 3
v 11 3
v 12 4
v 13 4
v 14 4
v 15 4
v 16 4
v 17 4
e 0 17 1
e 2 7 2
e 4 5 2
e 4 6 1
e 4 7 1
e 5 8 1
e 5 12 1
e 6 9 2
e 6 13 1
e 7 11 1
e 8 10 2
e 8 14 1
e 9 10 1
e 9 15 1
e 10 16 1
t # 3416
v 0 11
v 1 1
v 2 1
v 3 1
v 4 1
v 5 3
v 6 3
v 7 3
v 8 3
v 9 3
v 10 3
v 11 3
v 12 3
v 13 3
v 14 3
v 15 3
v 16 3
v 17 3
v 18 3
v 19 3
v 20 3
v 21 3
v 22 3
v 23 3
v 24 3
v 25 3
v 26 3
v 27 3
v 28 3
v 29 3
v 30 3
v 31 3
v 32 3
v 33 4
v 34 4
v 35 4
v 36 4
v 37 4
v 38 4
v 39 4
v 40 4
v 41 4
v 42 4
v 43 4
v 44 4
v 45 4
v 46 4
v 47 4
v 48 4
v 49 4
v 50 4
v 51 4
v 52 4
v 53 4
v 54 4
v 55 4
v 56 4
v 57 4
v 58 4
v 59 4
v 60 4
v 61 4
v 62 4
v 63 4
v 64 4
v 65 4
v 66 4
v 67 4
v 68 4
v 69 4
v 70 4
v 71 4
v 72 4
v 73 4
v 74 4
v 75 4
v 76 4
v 77 4
v 78 4
e 0 24 1
e 0 25 1
e 1 28 1
e 1 31 1
e 2 26 2
e 3 30 1
e 3 32 1
e 4 29 2
e 5 6 1
e 5 10 1
e 5 14 1
e 5 33 1
e 6 8 1
e 6 34 1
e 6 35 1
e 7 9 1
e 7 11 1
e 7 16 1
e 7 36 1
e 8 9 1
e 8 37 1
e 8 38 1
e 9 39 1
e 9 40 1
e 10 12 1
e 10 41 1
e 10 42 1
e 11 15 1
e 11 43 1
e 11 44 1
e 12 13 1
e 12 45 1
e 12 46 1
e 13 17 1
e 13 47 1
e 13 48 1
e 14 49 1
e 14 50 1
e 14 51 1
e 15 18 1
e 15 52 1
e 15 53 1
e 16 54 1
e 16 55 1
e 16 56 1
e 17 19 1
e 17 20 1
e 17 57 1
e 18 21 1
e 18 58 1
e 18 59 1
e 19 60 1
e 19 61 1
e 19 62 1
e 20 63 1
e 20 64 1
e 20 65 1
e 21 22 1
e 21 23 2
e 22 66 1
e 22 67 1
e 22 68 1
e 23 24 1
e 23 69 1
e 24 70 1
e 24 71 1
e 25 26 1
e 25 27 2
e 26 28 1
e 27 29 1
e 27 72 1
e 28 30 2
e 29 30 1
e 31 73 1
e 31 74 1
e 31 75 1
e 32 76 1
e 32 77 1
e 32 78 1
t # 3417
v 0 1
v 1 1
v 2 1
v 3 1
v 4 1
v 5 2
v 6 3
v 7 3
v 8 3
v 9 3
v 10 3
v 11 3
v 12 3
v 13 3
v 14 3
v 15 3
v 16 3
v 17 3
v 18 3
v 19 3
v 20 3
v 21 3
v 22 3
v 23 3
v 24 3
v 25 3
v 26 3
v 27 3
v 28 3
v 29 3
v 30 3
v 31 3
v 32 3
v 33 3
v 34 3
v 35 3
v 36 3
v 37 3
v 38 4
v 39 4
v 40 4
v 41 4
v 42 4
v 43 4
v 44 4
v 45 4
v 46 4
v 47 4
v 48 4
v 49 4
v 50 4
v 51 4
v 52 4
v 53 4
v 54 4
v 55 4
v 56 4
v 57 4
v 58 4
v 59 4
v 60 4
v 61 4
v 62 4
v 63 4
v 64 4
v 65 4
v 66 4
v 67 4
v 68 4
v 69 4
v 70 4
v 71 4
v 72 4
v 73 4
v 74 4
v 75 4
v 76 4
v 77 4
v 78 4
v 79 4
v 80 4
v 81 4
v 82 4
v 83 4
v 84 4
v 85 4
v 86 4
v 87 4
v 88 4
v 89 4
v 90 4
v 91 4
v 92 4
v 93 4
v 94 4
v 95 4
v 96 4
e 0 24 1
e 0 29 1
e 1 25 1
e 1 30 1
e 2 17 2
e 3 29 2
e 4 30 2
e 5 17 1
e 5 19 1
e 5 20 1
e 6 7 1
e 6 8 1
e 6 38 1
e 6 39 1
e 7 9 1
e 7 40 1
e 7 41 1
e 8 10 1
e 8 42 1
e 8 43 1
e 9 11 1
e 9 44 1
e 9 45 1
e 10 15 1
e 10 46 1
e 10 47 1
e 11 17 1
e 11 48 1
e 11 49 1
e 12 13 1
e 12 14 1
e 12 50 1
e 12 51 1
e 13 16 1
e 13 52 1
e 13 53 1
e 14 18 1
e 14 54 1
e 14 55 1
e 15 22 1
e 15 56 1
e 15 57 1
e 16 21 1
e 16 58 1
e 16 59 1
e 18 23 1
e 18 60 1
e 18 61 1
e 19 24 1
e 19 62 1
e 19 63 1
e 20 25 1
e 20 64 1
e 20 65 1
e 21 28 1
e 21 66 1
e 21 67 1
e 22 23 2
e 22 68 1
e 23 69 1
e 24 70 1
e 24 71 1
e 25 72 1
e 25 73 1
e 26 29 1
e 26 31 1
e 26 32 1
e 26 33 1
e 27 30 1
e 27 34 1
e 27 35 1
e 27 36 1
e 28 37 1
e 28 74 1
e 28 75 1
e 31 76 1
e 31 77 1
e 31 78 1
e 32 79 1
e 32 80 1
e 32 81 1
e 33 82 1
e 33 83 1
e 33 84 1
e 34 85 1
e 34 86 1
e 34 87 1
e 35 88 1
e 35 89 1
e 35 90 1
e 36 91 1
e 36 92 1
e 36 93 1
e 37 94 1
e 37 95 1
e 37 96 1
t # 3418
v 0 1
v 1 1
v 2 2
v 3 2
v 4 3
v 5 3
v 6 3
v 7 3
v 8 3
v 9 3
v 10 3
v 11 3
v 12 3
v 13 3
v 14 3
v 15 3
v 16 3
v 17 3
v 18 3
v 19 3
v 20 3
v 21 3
v 22 3
v 23 3
v 24 3
v 25 3
v 26 3
v 27 4
v 28 4
v 29 4
v 30 4
v 31 4
v 32 4
v 33 4
v 34 4
v 35 4
v 36 4
v 37 4
v 38 4
v 39 4
v 40 4
v 41 4
v 42 4
v 43 4
v 44 4
v 45 4
v 46 4
v 47 4
v 48 4
v 49 4
e 0 7 1
e 0 10 1
e 1 9 1
e 1 11 1
e 2 4 1
e 2 6 1
e 2 7 2
e 3 5 1
e 3 8 1
e 3 9 1
e 4 10 1
e 4 12 2
e 5 11 1
e 5 13 2
e 6 16 1
e 6 27 1
e 6 28 1
e 7 18 1
e 8 17 1
e 8 29 1
e 8 30 1
e 9 19 2
e 10 14 2
e 11 15 2
e 12 20 1
e 12 31 1
e 13 21 1
e 13 32 1
e 14 22 1
e 14 33 1
e 15 23 1
e 15 34 1
e 16 35 1
e 16 36 1
e 16 37 1
e 17 38 1
e 17 39 1
e 17 40 1
e 18 24 2
e 18 41 1
e 19 25 1
e 19 42 1
e 20 22 2
e 20 43 1
e 21 23 2
e 21 44 1
e 22 45 1
e 23 46 1
e 24 26 1
e 24 47 1
e 25 26 2
e 25 48 1
e 26 49 1
t # 3419
v 0 1
v 1 1
v 2 1
v 3 1
v 4 1
v 5 1
v 6 1
v 7 1
v 8 1
v 9 1
v 10 1
v 11 3
v 12 3
v 13 3
v 14 3
v 15 3
v 16 3
v 17 3
v 18 3
v 19 3
v 20 3
v 21 3
v 22 3
v 23 3
v 24 3
v 25 3
v 26 3
v 27 3
v 28 3
v 29 3
v 30 3
v 31 3
v 32 3
v 33 3
v 34 3
v 35 3
v 36 3
v 37 3
v 38 3
v 39 3
v 40 4
v 41 4
v 42 4
v 43 4
v 44 4
v 45 4
v 46 4
v 47 4
v 48 4
v 49 4
v 50 4
v 51 4
v 52 4
v 53 4
v 54 4
v 55 4
v 56 4
v 57 4
v 58 4
v 59 4
v 60 4
v 61 4
v 62 4
v 63 4
v 64 4
v 65 4
v 66 4
v 67 4
v 68 4
v 69 4
v 70 4
v 71 4
v 72 4
v 73 4
v 74 4
v 75 4
v 76 4
v 77 4
e 0 12 1
e 0 16 1
e 1 14 1
e 1 18 1
e 2 15 1
e 2 26 1
e 3 21 1
e 3 27 1
e 4 22 1
e 4 59 1
e 5 28 1
e 5 29 1
e 6 26 2
e 7 27 2
e 8 31 1
e 8 69 1
e 9 34 1
e 9 36 1
e 10 38 1
e 10 77 1
e 11 12 1
e 11 13 1
e 11 15 1
e 11 19 1
e 12 14 1
e 12 16 1
e 13 18 1
e 13 20 1
e 13 21 1
e 14 17 1
e 14 40 1
e 15 17 1
e 15 41 1
e 16 42 1
e 16 43 1
e 17 44 1
e 17 45 1
e 18 23 1
e 18 46 1
e 19 47 1
e 19 48 1
e 19 49 1
e 20 22 1
e 20 50 1
e 20 51 1
e 21 52 1
e 21 53 1
e 22 24 1
e 22 54 1
e 23 24 2
e 23 55 1
e 24 25 1
e 25 56 1
e 25 57 1
e 25 58 1
e 26 30 1
e 27 28 1
e 28 29 1
e 28 60 1
e 29 31 1
e 29 32 1
e 30 33 2
e 30 61 1
e 31 34 1
e 31 62 1
e 32 63 1
e 32 64 1
e 32 65 1
e 33 35 1
e 33 66 1
e 34 67 1
e 34 68 1
e 35 37 2
e 35 70 1
e 36 37 1
e 36 38 1
e 36 71 1
e 37 72 1
e 38 39 1
e 38 73 1
e 39 74 1
e 39 75 1
e 39 76 1
t # 3420
v 0 11
v 1 14
v 2 1
v 3 1
v 4 1
v 5 2
v 6 3
v 7 3
v 8 3
v 9 3
v 10 3
v 11 3
v 12 3
v 13 3
v 14 3
v 15 3
v 16 3
v 17 4
v 18 4
v 19 4
v 20 4
v 21 4
v 22 4
v 23 4
v 24 4
e 0 7 1
e 0 8 1
e 2 10 2
e 3 15 1
e 3 16 1
e 4 15 2
e 5 6 1
e 5 10 1
e 5 17 1
e 6 7 2
e 6 9 1
e 7 11 1
e 8 10 1
e 8 14 2
e 9 12 2
e 9 18 1
e 11 13 2
e 11 19 1
e 12 13 1
e 12 20 1
e 14 15 1
e 14 21 1
e 16 22 1
e 16 23 1
e 16 24 1
t # 3421
v 0 1
v 1 1
v 2 1
v 3 1
v 4 1
v 5 1
v 6 1
v 7 1
v 8 1
v 9 1
v 10 1
v 11 1
v 12 1
v 13 1
v 14 1
v 15 1
v 16 1
v 17 1
v 18 1
v 19 1
v 20 2
v 21 2
v 22 2
v 23 2
v 24 2
v 25 2
v 26 2
v 27 2
v 28 2
v 29 2
v 30 2
v 31 2
v 32 2
v 33 3
v 34 3
v 35 3
v 36 3
v 37 3
v 38 3
v 39 3
v 40 3
v 41 3
v 42 3
v 43 3
v 44 3
v 45 3
v 46 3
v 47 3
v 48 3
v 49 3
v 50 3
v 51 3
v 52 3
v 53 3
v 54 3
v 55 3
v 56 3
v 57 3
v 58 3
v 59 3
v 60 3
v 61 3
v 62 3
v 63 3
v 64 3
v 65 3
v 66 3
v 67 3
v 68 3
v 69 3
v 70 3
v 71 3
v 72 3
v 73 3
v 74 3
v 75 3
v 76 3
v 77 3
v 78 3
v 79 3
v 80 3
v 81 3
v 82 3
v 83 3
v 84 3
v 85 3
v 86 3
v 87 3
v 88 3
v 89 4
v 90 4
v 91 4
v 92 4
v 93 4
v 94 4
v 95 4
v 96 4
v 97 4
v 98 4
v 99 4
v 100 4
v 101 4
v 102 4
v 103 4
v 104 4
v 105 4
v 106 4
v 107 4
v 108 4
v 109 4
v 110 4
v 111 4
v 112 4
v 113 4
v 114 4
v 115 4
v 116 4
v 117 4
v 118 4
v 119 4
v 120 4
v 121 4
v 122 4
v 123 4
v 124 4
v 125 4
v 126 4
v 127 4
v 128 4
v 129 4
v 130 4
v 131 4
v 132 4
v 133 4
v 134 4
v 135 4
v 136 4
v 137 4
v 138 4
v 139 4
v 140 4
v 141 4
v 142 4
v 143 4
v 144 4
v 145 4
v 146 4
v 147 4
v 148 4
v 149 4
v 150 4
v 151 4
v 152 4
v 153 4
v 154 4
v 155 4
v 156 4
v 157 4
v 158 4
v 159 4
v 160 4
v 161 4
v 162 4
v 163 4
v 164 4
v 165 4
v 166 4
v 167 4
v 168 4
v 169 4
v 170 4
v 171 4
v 172 4
v 173 4
v 174 4
v 175 4
e 0 41 2
e 1 42 2
e 2 46 2
e 3 48 2
e 4 53 2
e 5 57 2
e 6 59 2
e 7 73 1
e 7 172 1
e 8 71 2
e 9 74 2
e 10 73 2
e 11 78 2
e 12 85 1
e 12 173 1
e 13 82 2
e 14 85 2
e 15 86 2
e 16 87 1
e 16 174 1
e 17 88 1
e 17 175 1
e 18 87 2
e 19 88 2
e 20 33 1
e 20 36 1
e 20 41 1
e 21 34 1
e 21 42 1
e 21 103 1
e 22 40 1
e 22 45 1
e 22 48 1
e 23 39 1
e 23 46 1
e 23 108 1
e 24 49 1
e 24 53 1
e 24 114 1
e 25 54 1
e 25 57 1
e 25 123 1
e 26 55 1
e 26 127 1
e 26 128 1
e 27 58 1
e 27 59 1
e 27 131 1
e 28 60 1
e 28 71 1
e 28 145 1
e 29 68 1
e 29 78 1
e 29 154 1
e 30 74 1
e 30 76 1
e 30 159 1
e 31 75 1
e 31 86 1
e 31 170 1
e 32 77 1
e 32 82 1
e 32 171 1
e 33 35 1
e 33 42 1
e 33 89 1
e 34 39 1
e 34 41 1
e 34 90 1
e 35 37 1
e 35 91 1
e 35 92 1
e 36 38 1
e 36 93 1
e 36 94 1
e 37 38 1
e 37 95 1
e 37 96 1
e 38 97 1
e 38 98 1
e 39 47 1
e 39 99 1
e 40 43 1
e 40 46 1
e 40 100 1
e 43 44 1
e 43 101 1
e 43 102 1
e 44 45 1
e 44 104 1
e 44 105 1
e 45 106 1
e 45 107 1
e 47 109 1
e 47 110 1
e 47 111 1
e 48 49 1
e 49 50 1
e 49 112 1
e 50 51 1
e 50 52 1
e 50 113 1
e 51 115 1
e 51 116 1
e 51 117 1
e 52 118 1
e 52 119 1
e 52 120 1
e 53 54 1
e 54 55 1
e 54 121 1
e 55 56 1
e 55 122 1
e 56 124 1
e 56 125 1
e 56 126 1
e 57 58 1
e 58 129 1
e 58 130 1
e 59 60 1
e 60 65 1
e 60 132 1
e 61 62 1
e 61 64 1
e 61 66 1
e 61 133 1
e 62 63 1
e 62 134 1
e 62 135 1
e 63 67 1
e 63 136 1
e 63 137 1
e 64 69 1
e 64 138 1
e 64 139 1
e 65 73 1
e 65 140 1
e 65 141 1
e 66 142 1
e 66 143 1
e 66 144 1
e 67 72 1
e 67 146 1
e 67 147 1
e 68 70 1
e 68 74 1
e 68 148 1
e 69 149 1
e 69 150 1
e 69 151 1
e 70 79 1
e 70 85 1
e 70 152 1
e 71 77 1
e 72 80 2
e 72 153 1
e 75 78 1
e 75 81 1
e 75 155 1
e 76 82 1
e 76 84 1
e 76 156 1
e 77 157 1
e 77 158 1
e 79 160 1
e 79 161 1
e 79 162 1
e 80 83 1
e 80 163 1
e 81 87 1
e 81 164 1
e 81 165 1
e 83 86 1
e 83 166 1
e 83 167 1
e 84 88 1
e 84 168 1
e 84 169 1
t # 3422
v 0 1
v 1 1
v 2 1
v 3 2
v 4 2
v 5 2
v 6 2
v 7 3
v 8 3
v 9 3
v 10 3
v 11 3
v 12 3
v 13 3
v 14 3
v 15 3
v 16 3
v 17 3
v 18 3
v 19 3
v 20 3
v 21 3
v 22 3
v 23 3
v 24 3
v 25 3
v 26 3
v 27 3
v 28 3
v 29 3
v 30 3
v 31 3
v 32 3
v 33 3
v 34 3
v 35 3
v 36 3
v 37 3
v 38 3
v 39 3
v 40 3
v 41 4
v 42 4
v 43 4
v 44 4
v 45 4
v 46 4
v 47 4
v 48 4
v 49 4
v 50 4
v 51 4
v 52 4
v 53 4
v 54 4
v 55 4
v 56 4
v 57 4
v 58 4
v 59 4
v 60 4
v 61 4
v 62 4
v 63 4
v 64 4
v 65 4
v 66 4
v 67 4
v 68 4
v 69 4
v 70 4
v 71 4
v 72 4
v 73 4
v 74 4
v 75 4
v 76 4
e 0 18 2
e 1 23 1
e 1 39 1
e 2 23 2
e 3 9 2
e 3 11 1
e 4 15 1
e 4 21 2
e 5 22 1
e 5 27 1
e 5 54 1
e 6 28 1
e 6 31 1
e 6 59 1
e 7 8 1
e 7 9 1
e 7 10 1
e 7 41 1
e 8 11 1
e 8 13 1
e 8 42 1
e 9 12 1
e 10 16 1
e 10 43 1
e 10 44 1
e 11 19 2
e 12 14 1
e 12 15 2
e 13 45 1
e 13 46 1
e 13 47 1
e 14 18 1
e 14 48 1
e 14 49 1
e 15 17 1
e 16 23 1
e 16 50 1
e 16 51 1
e 17 18 1
e 17 20 2
e 19 22 1
e 19 52 1
e 20 21 1
e 20 26 1
e 21 25 1
e 22 24 2
e 24 29 1
e 24 34 1
e 25 28 2
e 25 53 1
e 26 55 1
e 26 56 1
e 26 57 1
e 27 29 2
e 27 33 1
e 28 30 1
e 29 36 1
e 30 32 2
e 30 35 1
e 31 32 1
e 31 33 2
e 32 37 1
e 33 58 1
e 34 60 1
e 34 61 1
e 34 62 1
e 35 38 1
e 35 63 1
e 35 64 1
e 36 40 2
e 36 68 1
e 37 65 1
e 37 66 1
e 37 67 1
e 38 69 1
e 38 70 1
e 38 71 1
e 39 72 1
e 39 73 1
e 39 74 1
e 40 75 1
e 40 76 1
t # 3423
v 0 7
v 1 1
v 2 1
v 3 1
v 4 1
v 5 2
v 6 2
v 7 3
v 8 3
v 9 3
v 10 3
v 11 4
v 12 4
v 13 4
v 14 4
v 15 4
v 16 4
v 17 4
v 18 4
e 1 7 1
e 1 11 1
e 2 8 1
e 2 12 1
e 3 7 2
e 4 8 2
e 5 13 1
e 5 14 1
e 6 15 1
e 6 16 1
e 7 9 1
e 8 10 1
e 9 10 2
e 9 17 1
e 10 18 1
t # 3424
v 0 1
v 1 1
v 2 1
v 3 1
v 4 1
v 5 1
v 6 1
v 7 1
v 8 1
v 9 2
v 10 2
v 11 2
v 12 2
v 13 3
v 14 3
v 15 3
v 16 3
v 17 3
v 18 3
v 19 3
v 20 3
v 21 3
v 22 3
v 23 3
v 24 3
v 25 3
v 26 3
v 27 3
v 28 3
v 29 3
v 30 3
v 31 3
v 32 3
v 33 3
v 34 3
v 35 3
v 36 3
v 37 3
v 38 3
v 39 3
v 40 3
v 41 3
v 42 3
v 43 3
v 44 3
v 45 3
v 46 3
v 47 3
v 48 3
v 49 3
v 50 3
v 51 4
v 52 4
v 53 4
v 54 4
v 55 4
v 56 4
v 57 4
v 58 4
v 59 4
v 60 4
v 61 4
v 62 4
v 63 4
v 64 4
v 65 4
v 66 4
v 67 4
v 68 4
v 69 4
v 70 4
v 71 4
v 72 4
v 73 4
v 74 4
v 75 4
v 76 4
v 77 4
v 78 4
v 79 4
v 80 4
v 81 4
v 82 4
v 83 4
v 84 4
v 85 4
v 86 4
v 87 4
v 88 4
v 89 4
v 90 4
v 91 4
v 92 4
v 93 4
v 94 4
v 95 4
v 96 4
v 97 4
v 98 4
v 99 4
v 100 4
v 101 4
v 102 4
v 103 4
v 104 4
v 105 4
v 106 4
v 107 4
v 108 4
e 0 13 1
e 0 27 1
e 1 16 1
e 1 66 1
e 2 24 1
e 2 41 1
e 3 25 1
e 3 40 1
e 4 28 1
e 4 43 1
e 5 26 2
e 6 31 2
e 7 41 2
e 8 42 2
e 9 11 1
e 9 35 1
e 9 36 1
e 10 30 2
e 10 42 1
e 11 34 1
e 11 77 1
e 12 41 1
e 12 104 1
e 12 105 1
e 13 14 1
e 13 16 1
e 13 51 1
e 14 15 1
e 14 52 1
e 14 53 1
e 15 18 1
e 15 19 1
e 15 54 1
e 16 17 1
e 16 55 1
e 17 20 1
e 17 21 1
e 17 56 1
e 18 22 1
e 18 57 1
e 18 58 1
e 19 59 1
e 19 60 1
e 19 61 1
e 20 23 2
e 20 62 1
e 21 63 1
e 21 64 1
e 21 65 1
e 22 25 2
e 22 26 1
e 23 24 1
e 23 29 1
e 24 28 1
e 24 67 1
e 25 31 1
e 26 30 1
e 27 68 1
e 27 69 1
e 27 70 1
e 28 33 1
e 28 71 1
e 29 72 1
e 29 73 1
e 29 74 1
e 30 32 1
e 31 32 1
e 32 34 2
e 33 39 2
e 33 75 1
e 34 76 1
e 35 37 1
e 35 78 1
e 35 79 1
e 36 38 1
e 36 80 1
e 36 81 1
e 37 44 1
e 37 82 1
e 37 83 1
e 38 45 1
e 38 84 1
e 38 85 1
e 39 47 1
e 39 86 1
e 40 87 1
e 40 88 1
e 40 89 1
e 42 46 1
e 43 90 1
e 43 91 1
e 43 92 1
e 44 48 1
e 44 93 1
e 44 94 1
e 45 49 1
e 45 95 1
e 45 96 1
e 46 47 2
e 46 50 1
e 47 97 1
e 48 98 1
e 48 99 1
e 48 100 1
e 49 101 1
e 49 102 1
e 49 103 1
e 50 106 1
e 50 107 1
e 50 108 1
t # 3425
v 0 1
v 1 1
v 2 1
v 3 1
v 4 1
v 5 1
v 6 1
v 7 1
v 8 1
v 9 2
v 10 2
v 11 2
v 12 3
v 13 3
v 14 3
v 15 3
v 16 3
v 17 3
v 18 3
v 19 3
v 20 3
v 21 3
v 22 3
v 23 3
v 24 3
v 25 3
v 26 3
v 27 3
v 28 3
v 29 3
v 30 3
v 31 3
v 32 3
v 33 3
v 34 3
v 35 3
v 36 3
v 37 3
v 38 3
v 39 3
v 40 3
v 41 4
v 42 4
v 43 4
v 44 4
v 45 4
v 46 4
v 47 4
v 48 4
v 49 4
v 50 4
v 51 4
v 52 4
v 53 4
v 54 4
v 55 4
v 56 4
v 57 4
v 58 4
v 59 4
v 60 4
v 61 4
v 62 4
v 63 4
v 64 4
v 65 4
v 66 4
v 67 4
v 68 4
v 69 4
v 70 4
v 71 4
v 72 4
v 73 4
v 74 4
v 75 4
v 76 4
v 77 4
v 78 4
v 79 4
v 80 4
v 81 4
v 82 4
v 83 4
e 0 12 1
e 0 25 1
e 1 15 1
e 1 56 1
e 2 23 1
e 2 33 1
e 3 27 1
e 3 35 1
e 4 26 2
e 5 30 2
e 6 33 2
e 7 39 1
e 7 40 1
e 8 39 2
e 9 24 1
e 9 67 1
e 9 68 1
e 10 29 1
e 10 69 1
e 10 70 1
e 11 33 1
e 11 76 1
e 11 77 1
e 12 13 1
e 12 15 1
e 12 41 1
e 13 14 1
e 13 42 1
e 13 43 1
e 14 17 1
e 14 18 1
e 14 44 1
e 15 16 1
e 15 45 1
e 16 19 1
e 16 20 1
e 16 46 1
e 17 21 1
e 17 47 1
e 17 48 1
e 18 49 1
e 18 50 1
e 18 51 1
e 19 22 2
e 19 52 1
e 20 53 1
e 20 54 1
e 20 55 1
e 21 24 2
e 21 26 1
e 22 23 1
e 22 28 1
e 23 27 1
e 23 57 1
e 24 30 1
e 25 58 1
e 25 59 1
e 25 60 1
e 26 29 1
e 27 32 1
e 27 61 1
e 28 62 1
e 28 63 1
e 28 64 1
e 29 31 2
e 30 31 1
e 31 65 1
e 32 34 2
e 32 66 1
e 34 36 1
e 34 71 1
e 35 72 1
e 35 73 1
e 35 74 1
e 36 37 2
e 36 75 1
e 37 38 1
e 37 39 1
e 38 78 1
e 38 79 1
e 38 80 1
e 40 81 1
e 40 82 1
e 40 83 1
t # 3426
v 0 25
v 1 1
v 2 1
v 3 2
v 4 2
v 5 2
v 6 3
v 7 3
v 8 3
v 9 3
v 10 3
v 11 3
v 12 3
v 13 3
v 14 3
v 15 3
v 16 3
v 17 3
v 18 3
v 19 3
v 20 3
v 21 3
v 22 3
v 23 3
v 24 3
v 25 3
v 26 4
v 27 4
v 28 4
v 29 4
v 30 4
v 31 4
v 32 4
v 33 4
v 34 4
v 35 4
v 36 4
v 37 4
v 38 4
v 39 4
v 40 4
v 41 4
v 42 4
v 43 4
v 44 4
v 45 4
v 46 4
v 47 4
v 48 4
v 49 4
e 1 14 2
e 2 15 2
e 3 6 1
e 3 12 1
e 3 26 1
e 4 7 1
e 4 13 1
e 4 27 1
e 5 8 1
e 5 9 1
e 6 10 1
e 6 28 1
e 6 29 1
e 7 11 1
e 7 30 1
e 7 31 1
e 8 10 1
e 8 32 1
e 8 33 1
e 9 11 1
e 9 34 1
e 9 35 1
e 10 36 1
e 10 37 1
e 11 38 1
e 11 39 1
e 12 16 2
e 12 40 1
e 13 17 2
e 13 41 1
e 14 16 1
e 14 18 1
e 15 17 1
e 15 19 1
e 16 20 1
e 17 21 1
e 18 22 2
e 18 42 1
e 19 23 2
e 19 43 1
e 20 24 2
e 20 44 1
e 21 25 2
e 21 45 1
e 22 24 1
e 22 46 1
e 23 25 1
e 23 47 1
e 24 48 1
e 25 49 1
t # 3427
v 0 18
v 1 18
v 2 0
v 3 11
v 4 11
v 5 1
v 6 1
v 7 2
v 8 2
v 9 2
v 10 2
v 11 3
v 12 3
v 13 3
v 14 3
v 15 3
v 16 3
v 17 3
v 18 3
v 19 3
v 20 3
v 21 3
v 22 3
v 23 3
v 24 3
v 25 3
v 26 3
v 27 3
v 28 3
v 29 3
v 30 3
v 31 3
v 32 3
v 33 3
v 34 3
v 35 3
v 36 3
v 37 3
v 38 3
v 39 4
v 40 4
v 41 4
v 42 4
v 43 4
v 44 4
v 45 4
v 46 4
v 47 4
v 48 4
v 49 4
v 50 4
v 51 4
v 52 4
v 53 4
v 54 4
v 55 4
v 56 4
e 3 13 1
e 3 23 1
e 4 14 1
e 4 24 1
e 5 17 2
e 6 18 2
e 7 11 1
e 7 13 1
e 7 39 1
e 8 12 1
e 8 14 1
e 8 40 1
e 9 13 2
e 9 25 1
e 10 14 2
e 10 26 1
e 11 15 2
e 11 41 1
e 12 16 2
e 12 42 1
e 15 17 1
e 15 19 1
e 16 18 1
e 16 20 1
e 17 21 1
e 18 22 1
e 19 27 2
e 19 43 1
e 20 28 2
e 20 44 1
e 21 29 2
e 21 45 1
e 22 30 2
e 22 46 1
e 23 25 1
e 23 31 2
e 24 26 1
e 24 32 2
e 25 33 2
e 26 34 2
e 27 29 1
e 28 30 1
e 29 47 1
e 30 48 1
e 31 35 1
e 31 49 1
e 32 36 1
e 32 50 1
e 33 37 1
e 33 51 1
e 34 38 1
e 34 52 1
e 35 37 2
e 35 53 1
e 36 38 2
e 36 54 1
e 37 55 1
e 38 56 1
t # 3428
v 0 18
v 1 12
v 2 1
v 3 3
v 4 3
v 5 3
v 6 3
v 7 3
v 8 3
v 9 3
v 10 3
v 11 3
v 12 3
v 13 3
v 14 3
v 15 3
v 16 3
v 17 3
v 18 4
v 19 4
v 20 4
v 21 4
v 22 4
v 23 4
v 24 4
v 25 4
v 26 4
v 27 4
v 28 4
v 29 4
v 30 4
v 31 4
v 32 4
v 33 4
v 34 4
v 35 4
e 1 4 1
e 2 3 1
e 2 7 1
e 3 4 1
e 3 6 1
e 3 18 1
e 4 5 1
e 4 19 1
e 5 9 1
e 5 20 1
e 5 21 1
e 6 11 1
e 6 22 1
e 6 23 1
e 7 8 1
e 7 12 2
e 8 10 1
e 8 24 1
e 8 25 1
e 9 10 2
e 9 26 1
e 10 27 1
e 11 15 2
e 11 28 1
e 12 13 1
e 13 14 1
e 13 29 1
e 13 30 1
e 14 31 1
e 14 32 1
e 14 33 1
e 15 16 1
e 15 34 1
e 17 35 1
t # 3429
v 0 2
v 1 2
v 2 2
v 3 2
v 4 3
v 5 3
v 6 3
v 7 3
v 8 3
v 9 3
v 10 3
v 11 3
v 12 3
v 13 3
v 14 3
v 15 3
v 16 3
v 17 3
v 18 3
v 19 3
v 20 3
v 21 3
v 22 3
v 23 3
v 24 3
v 25 3
v 26 3
v 27 4
v 28 4
v 29 4
v 30 4
v 31 4
v 32 4
v 33 4
v 34 4
v 35 4
v 36 4
v 37 4
v 38 4
v 39 4
v 40 4
v 41 4
v 42 4
v 43 4
v 44 4
v 45 4
v 46 4
v 47 4
v 48 4
v 49 4
v 50 4
v 51 4
v 52 4
v 53 4
v 54 4
v 55 4
v 56 4
v 57 4
v 58 4
v 59 4
v 60 4
e 0 2 1
e 0 9 1
e 0 10 1
e 0 11 1
e 1 3 1
e 1 12 1
e 1 13 1
e 1 14 1
e 2 7 2
e 3 8 2
e 4 5 1
e 4 6 1
e 4 27 1
e 4 28 1
e 5 7 1
e 5 29 1
e 5 30 1
e 6 8 1
e 6 31 1
e 6 32 1
e 7 15 1
e 8 16 1
e 9 33 1
e 9 34 1
e 9 35 1
e 10 36 1
e 10 37 1
e 10 38 1
e 11 39 1
e 11 40 1
e 11 41 1
e 12 42 1
e 12 43 1
e 12 44 1
e 13 45 1
e 13 46 1
e 13 47 1
e 14 48 1
e 14 49 1
e 14 50 1
e 15 17 2
e 15 18 1
e 16 19 2
e 16 20 1
e 17 21 1
e 17 51 1
e 18 22 2
e 18 52 1
e 19 23 1
e 19 53 1
e 20 24 2
e 20 54 1
e 21 25 2
e 21 55 1
e 22 25 1
e 22 56 1
e 23 26 2
e 23 57 1
e 24 26 1
e 24 58 1
e 25 59 1
e 26 60 1
t # 3430
v 0 2
v 1 2
v 2 2
v 3 2
v 4 3
v 5 3
v 6 3
v 7 3
v 8 3
v 9 3
v 10 3
v 11 3
v 12 3
v 13 3
v 14 3
v 15 3
v 16 3
v 17 3
v 18 3
v 19 3
v 20 3
v 21 3
v 22 3
v 23 3
v 24 3
v 25 3
v 26 3
v 27 3
v 28 4
v 29 4
v 30 4
v 31 4
v 32 4
v 33 4
v 34 4
v 35 4
v 36 4
v 37 4
v 38 4
v 39 4
v 40 4
v 41 4
v 42 4
v 43 4
v 44 4
v 45 4
v 46 4
v 47 4
v 48 4
v 49 4
v 50 4
v 51 4
v 52 4
v 53 4
v 54 4
v 55 4
v 56 4
v 57 4
v 58 4
v 59 4
v 60 4
v 61 4
v 62 4
v 63 4
e 0 2 1
e 0 8 1
e 0 10 1
e 1 3 1
e 1 9 1
e 1 11 1
e 4 6 1
e 4 8 1
e 4 12 1
e 4 16 1
e 5 7 1
e 5 9 1
e 5 13 1
e 5 17 1
e 6 10 1
e 6 14 1
e 6 18 1
e 7 11 1
e 7 15 1
e 7 19 1
e 8 28 1
e 8 29 1
e 9 30 1
e 9 31 1
e 10 32 1
e 10 33 1
e 11 34 1
e 11 35 1
e 12 20 1
e 12 36 1
e 12 37 1
e 13 21 1
e 13 38 1
e 13 39 1
e 14 22 1
e 14 40 1
e 14 41 1
e 15 23 1
e 15 42 1
e 15 43 1
e 16 24 1
e 16 44 1
e 16 45 1
e 17 25 1
e 17 46 1
e 17 47 1
e 18 26 1
e 18 48 1
e 18 49 1
e 19 27 1
e 19 50 1
e 19 51 1
e 20 22 1
e 20 52 1
e 20 53 1
e 21 23 1
e 21 54 1
e 21 55 1
e 22 56 1
e 22 57 1
e 23 58 1
e 23 59 1
e 24 26 2
e 24 60 1
e 25 27 2
e 25 61 1
e 26 62 1
e 27 63 1
t # 3431
v 0 1
v 1 1
v 2 1
v 3 1
v 4 1
v 5 1
v 6 1
v 7 1
v 8 1
v 9 2
v 10 2
v 11 3
v 12 3
v 13 3
v 14 3
v 15 3
v 16 3
v 17 3
v 18 3
v 19 3
v 20 3
v 21 3
v 22 3
v 23 3
v 24 3
v 25 3
v 26 3
v 27 3
v 28 3
v 29 3
v 30 3
v 31 3
v 32 3
v 33 3
v 34 3
v 35 3
v 36 3
v 37 3
v 38 4
v 39 4
v 40 4
v 41 4
v 42 4
v 43 4
v 44 4
v 45 4
v 46 4
v 47 4
v 48 4
v 49 4
v 50 4
v 51 4
v 52 4
v 53 4
v 54 4
v 55 4
v 56 4
v 57 4
v 58 4
v 59 4
v 60 4
v 61 4
v 62 4
v 63 4
v 64 4
v 65 4
v 66 4
v 67 4
e 0 11 1
e 0 17 1
e 1 17 1
e 1 21 1
e 2 12 1
e 2 49 1
e 3 20 1
e 3 58 1
e 4 22 2
e 5 23 2
e 6 24 2
e 7 30 1
e 7 62 1
e 8 33 1
e 8 37 1
e 9 18 1
e 9 53 1
e 9 54 1
e 10 28 1
e 10 59 1
e 10 60 1
e 11 13 1
e 11 15 1
e 11 38 1
e 12 13 1
e 12 14 1
e 12 23 1
e 13 39 1
e 13 40 1
e 14 16 1
e 14 41 1
e 14 42 1
e 15 16 2
e 15 22 1
e 16 24 1
e 17 19 1
e 17 43 1
e 18 19 1
e 18 20 1
e 18 44 1
e 19 45 1
e 19 46 1
e 20 21 1
e 20 47 1
e 21 27 1
e 21 48 1
e 22 25 1
e 23 29 1
e 24 26 1
e 25 26 1
e 25 28 2
e 26 30 2
e 27 50 1
e 27 51 1
e 27 52 1
e 28 31 1
e 29 55 1
e 29 56 1
e 29 57 1
e 30 32 1
e 31 32 2
e 31 33 1
e 32 34 1
e 33 35 2
e 34 36 2
e 34 61 1
e 35 36 1
e 35 63 1
e 36 64 1
e 37 65 1
e 37 66 1
e 37 67 1
t # 3432
v 0 11
v 1 11
v 2 1
v 3 1
v 4 1
v 5 1
v 6 1
v 7 1
v 8 1
v 9 1
v 10 1
v 11 1
v 12 1
v 13 2
v 14 3
v 15 3
v 16 3
v 17 3
v 18 3
v 19 3
v 20 3
v 21 3
v 22 3
v 23 3
v 24 3
v 25 3
v 26 3
v 27 3
v 28 3
v 29 3
v 30 3
v 31 3
v 32 3
v 33 3
v 34 3
v 35 3
v 36 3
v 37 3
v 38 3
v 39 3
v 40 3
v 41 3
v 42 3
v 43 3
v 44 3
v 45 3
v 46 3
v 47 3
v 48 3
v 49 3
v 50 3
v 51 3
v 52 3
v 53 3
v 54 3
v 55 4
v 56 4
v 57 4
v 58 4
v 59 4
v 60 4
v 61 4
v 62 4
v 63 4
v 64 4
v 65 4
v 66 4
v 67 4
v 68 4
v 69 4
v 70 4
v 71 4
v 72 4
v 73 4
v 74 4
v 75 4
v 76 4
v 77 4
v 78 4
v 79 4
v 80 4
v 81 4
v 82 4
v 83 4
v 84 4
v 85 4
v 86 4
v 87 4
v 88 4
v 89 4
v 90 4
v 91 4
v 92 4
v 93 4
v 94 4
v 95 4
v 96 4
v 97 4
v 98 4
v 99 4
v 100 4
v 101 4
v 102 4
v 103 4
v 104 4
v 105 4
v 106 4
v 107 4
e 0 49 1
e 0 53 1
e 1 49 1
e 1 54 1
e 2 15 1
e 2 19 1
e 3 16 1
e 3 19 1
e 4 20 1
e 4 79 1
e 5 22 1
e 5 32 1
e 6 31 1
e 6 34 1
e 7 34 1
e 7 38 1
e 8 36 2
e 9 44 1
e 9 105 1
e 10 46 1
e 10 106 1
e 11 48 1
e 11 107 1
e 12 50 2
e 13 47 1
e 13 50 1
e 13 94 1
e 14 15 1
e 14 16 1
e 14 21 1
e 14 55 1
e 15 17 1
e 15 56 1
e 16 18 1
e 16 57 1
e 17 20 1
e 17 23 1
e 17 58 1
e 18 22 1
e 18 25 1
e 18 59 1
e 19 26 1
e 19 27 1
e 20 24 1
e 20 60 1
e 21 61 1
e 21 62 1
e 21 63 1
e 22 28 1
e 22 64 1
e 23 65 1
e 23 66 1
e 23 67 1
e 24 29 1
e 24 30 1
e 24 68 1
e 25 69 1
e 25 70 1
e 25 71 1
e 26 72 1
e 26 73 1
e 26 74 1
e 27 75 1
e 27 76 1
e 27 77 1
e 28 31 2
e 28 78 1
e 29 80 1
e 29 81 1
e 29 82 1
e 30 33 2
e 30 83 1
e 31 84 1
e 32 85 1
e 32 86 1
e 32 87 1
e 33 35 1
e 33 88 1
e 34 36 1
e 34 40 1
e 35 43 2
e 35 89 1
e 36 37 1
e 37 38 2
e 37 39 1
e 38 42 1
e 39 41 2
e 39 44 1
e 40 90 1
e 40 91 1
e 40 92 1
e 41 46 1
e 41 48 1
e 42 46 2
e 42 51 1
e 43 50 1
e 43 52 1
e 44 45 2
e 45 47 1
e 45 49 1
e 47 48 2
e 49 93 1
e 51 95 1
e 51 96 1
e 51 97 1
e 52 98 1
e 52 99 1
e 52 100 1
e 53 54 1
e 53 101 1
e 53 102 1
e 54 103 1
e 54 104 1
t # 3433
v 0 1
v 1 1
v 2 1
v 3 1
v 4 1
v 5 1
v 6 2
v 7 2
v 8 2
v 9 3
v 10 3
v 11 3
v 12 3
v 13 3
v 14 3
v 15 3
v 16 3
v 17 3
v 18 3
v 19 3
v 20 3
v 21 3
v 22 3
v 23 3
v 24 3
v 25 3
v 26 3
v 27 3
v 28 3
v 29 3
v 30 3
v 31 3
v 32 3
v 33 3
v 34 3
v 35 3
v 36 4
v 37 4
v 38 4
v 39 4
v 40 4
v 41 4
v 42 4
v 43 4
v 44 4
v 45 4
v 46 4
v 47 4
v 48 4
v 49 4
v 50 4
v 51 4
v 52 4
v 53 4
v 54 4
v 55 4
v 56 4
v 57 4
v 58 4
v 59 4
v 60 4
v 61 4
v 62 4
v 63 4
v 64 4
v 65 4
v 66 4
v 67 4
v 68 4
v 69 4
v 70 4
v 71 4
v 72 4
v 73 4
v 74 4
v 75 4
v 76 4
v 77 4
v 78 4
v 79 4
v 80 4
e 0 11 1
e 0 12 1
e 1 9 1
e 1 43 1
e 2 10 1
e 2 42 1
e 3 13 1
e 3 45 1
e 4 15 2
e 5 31 2
e 6 12 1
e 6 14 1
e 6 15 1
e 7 15 1
e 7 17 2
e 8 17 1
e 8 31 1
e 8 71 1
e 9 10 1
e 9 11 1
e 9 36 1
e 10 12 1
e 10 37 1
e 11 13 1
e 11 38 1
e 12 39 1
e 13 40 1
e 13 41 1
e 14 16 2
e 14 44 1
e 16 17 1
e 16 46 1
e 18 19 1
e 18 20 1
e 18 47 1
e 18 48 1
e 19 21 1
e 19 49 1
e 19 50 1
e 20 24 1
e 20 51 1
e 20 52 1
e 21 27 1
e 21 57 1
e 21 58 1
e 22 23 1
e 22 25 1
e 22 53 1
e 22 54 1
e 23 26 1
e 23 55 1
e 23 56 1
e 24 28 1
e 24 59 1
e 24 60 1
e 25 29 1
e 25 61 1
e 25 62 1
e 26 30 1
e 26 63 1
e 26 64 1
e 27 31 1
e 27 65 1
e 27 66 1
e 28 33 1
e 28 67 1
e 28 68 1
e 29 32 1
e 29 69 1
e 29 70 1
e 30 34 1
e 30 72 1
e 30 73 1
e 32 35 1
e 32 74 1
e 32 75 1
e 33 34 2
e 33 76 1
e 34 77 1
e 35 78 1
e 35 79 1
e 35 80 1
t # 3434
v 0 1
v 1 1
v 2 1
v 3 1
v 4 1
v 5 1
v 6 1
v 7 1
v 8 1
v 9 1
v 10 3
v 11 3
v 12 3
v 13 3
v 14 3
v 15 3
v 16 3
v 17 3
v 18 3
v 19 3
v 20 3
v 21 3
v 22 3
v 23 3
v 24 3
v 25 3
v 26 3
v 27 3
v 28 3
v 29 3
v 30 3
v 31 3
v 32 3
v 33 3
v 34 4
v 35 4
v 36 4
v 37 4
v 38 4
v 39 4
v 40 4
v 41 4
v 42 4
v 43 4
v 44 4
v 45 4
v 46 4
v 47 4
v 48 4
v 49 4
v 50 4
v 51 4
v 52 4
v 53 4
v 54 4
v 55 4
v 56 4
v 57 4
v 58 4
v 59 4
v 60 4
v 61 4
v 62 4
v 63 4
v 64 4
v 65 4
e 0 10 1
e 0 11 1
e 1 12 1
e 1 23 1
e 2 16 1
e 2 25 1
e 3 18 1
e 3 51 1
e 4 22 1
e 4 26 1
e 5 23 2
e 6 25 2
e 7 26 2
e 8 29 1
e 8 32 1
e 9 32 2
e 10 12 1
e 10 14 1
e 10 34 1
e 11 15 1
e 11 17 1
e 11 21 1
e 12 13 1
e 12 35 1
e 13 16 1
e 13 20 1
e 13 36 1
e 14 18 1
e 14 22 1
e 14 37 1
e 15 16 1
e 15 38 1
e 15 39 1
e 16 40 1
e 17 19 1
e 17 41 1
e 17 42 1
e 18 19 1
e 18 43 1
e 19 44 1
e 19 45 1
e 20 23 1
e 20 24 2
e 21 46 1
e 21 47 1
e 21 48 1
e 22 49 1
e 22 50 1
e 24 52 1
e 24 53 1
e 25 27 1
e 26 28 1
e 27 29 1
e 27 30 2
e 28 54 1
e 28 55 1
e 28 56 1
e 29 57 1
e 29 58 1
e 30 31 1
e 30 59 1
e 31 60 1
e 31 61 1
e 31 62 1
e 32 33 1
e 33 63 1
e 33 64 1
e 33 65 1
t # 3435
v 0 27
v 1 27
v 2 25
v 3 1
v 4 1
v 5 1
v 6 1
v 7 2
v 8 2
v 9 3
v 10 3
v 11 3
v 12 3
v 13 3
v 14 3
v 15 3
v 16 3
v 17 3
v 18 3
v 19 3
v 20 3
v 21 3
v 22 3
v 23 3
v 24 3
v 25 3
v 26 3
v 27 3
v 28 3
v 29 3
v 30 3
v 31 3
v 32 3
v 33 3
v 34 3
v 35 3
v 36 3
v 37 4
v 38 4
v 39 4
v 40 4
v 41 4
v 42 4
v 43 4
v 44 4
v 45 4
v 46 4
v 47 4
v 48 4
v 49 4
v 50 4
v 51 4
v 52 4
v 53 4
v 54 4
v 55 4
v 56 4
v 57 4
v 58 4
v 59 4
v 60 4
e 3 15 2
e 4 16 2
e 5 21 1
e 5 35 1
e 6 22 1
e 6 36 1
e 7 9 1
e 7 11 1
e 7 37 1
e 8 10 1
e 8 12 1
e 8 38 1
e 9 13 2
e 9 39 1
e 10 14 2
e 10 40 1
e 11 17 2
e 11 19 1
e 12 18 2
e 12 20 1
e 13 15 1
e 13 23 1
e 14 16 1
e 14 24 1
e 15 21 1
e 16 22 1
e 17 29 1
e 17 41 1
e 18 30 1
e 18 42 1
e 19 31 2
e 19 43 1
e 20 32 2
e 20 44 1
e 21 25 2
e 22 26 2
e 23 27 2
e 23 45 1
e 24 28 2
e 24 46 1
e 25 27 1
e 25 47 1
e 26 28 1
e 26 48 1
e 27 49 1
e 28 50 1
e 29 33 2
e 29 51 1
e 30 34 2
e 30 52 1
e 31 33 1
e 31 53 1
e 32 34 1
e 32 54 1
e 35 55 1
e 35 56 1
e 35 57 1
e 36 58 1
e 36 59 1
e 36 60 1
t # 3436
v 0 25
v 1 1
v 2 1
v 3 1
v 4 1
v 5 2
v 6 2
v 7 3
v 8 3
v 9 3
v 10 3
v 11 3
v 12 3
v 13 3
v 14 3
v 15 3
v 16 3
v 17 3
v 18 3
v 19 3
v 20 3
v 21 3
v 22 3
v 23 3
v 24 3
v 25 3
v 26 3
v 27 3
v 28 3
v 29 3
v 30 3
v 31 3
v 32 3
v 33 3
v 34 3
v 35 4
v 36 4
v 37 4
v 38 4
v 39 4
v 40 4
v 41 4
v 42 4
v 43 4
v 44 4
v 45 4
v 46 4
v 47 4
v 48 4
v 49 4
v 50 4
v 51 4
v 52 4
v 53 4
v 54 4
v 55 4
v 56 4
v 57 4
v 58 4
v 59 4
v 60 4
e 1 13 2
e 2 14 2
e 3 19 1
e 3 33 1
e 4 20 1
e 4 34 1
e 5 7 1
e 5 9 1
e 5 35 1
e 6 8 1
e 6 10 1
e 6 36 1
e 7 12 2
e 7 37 1
e 8 11 2
e 8 38 1
e 9 15 2
e 9 17 1
e 10 16 2
e 10 18 1
e 11 13 1
e 11 21 1
e 12 14 1
e 12 22 1
e 13 19 1
e 14 20 1
e 15 27 1
e 15 39 1
e 16 28 1
e 16 40 1
e 17 29 2
e 17 41 1
e 18 30 2
e 18 42 1
e 19 23 2
e 20 24 2
e 21 25 2
e 21 43 1
e 22 26 2
e 22 44 1
e 23 25 1
e 23 45 1
e 24 26 1
e 24 46 1
e 25 47 1
e 26 48 1
e 27 31 2
e 27 49 1
e 28 32 2
e 28 50 1
e 29 31 1
e 29 51 1
e 30 32 1
e 30 52 1
e 31 53 1
e 32 54 1
e 33 55 1
e 33 56 1
e 33 57 1
e 34 58 1
e 34 59 1
e 34 60 1
t # 3437
v 0 25
v 1 1
v 2 1
v 3 1
v 4 1
v 5 2
v 6 2
v 7 2
v 8 2
v 9 3
v 10 3
v 11 3
v 12 3
v 13 3
v 14 3
v 15 3
v 16 3
v 17 3
v 18 3
v 19 3
v 20 3
v 21 3
v 22 3
v 23 3
v 24 3
v 25 3
v 26 3
v 27 3
v 28 3
v 29 3
v 30 3
v 31 3
v 32 3
v 33 3
v 34 3
v 35 3
v 36 3
v 37 3
v 38 3
v 39 3
v 40 3
v 41 4
v 42 4
v 43 4
v 44 4
v 45 4
v 46 4
v 47 4
v 48 4
v 49 4
v 50 4
v 51 4
v 52 4
v 53 4
v 54 4
v 55 4
v 56 4
v 57 4
v 58 4
v 59 4
v 60 4
v 61 4
v 62 4
v 63 4
v 64 4
v 65 4
v 66 4
v 67 4
v 68 4
v 69 4
v 70 4
v 71 4
v 72 4
v 73 4
v 74 4
v 75 4
v 76 4
e 1 15 2
e 2 16 2
e 3 21 1
e 3 35 1
e 4 22 1
e 4 36 1
e 5 9 1
e 5 11 1
e 5 41 1
e 6 10 1
e 6 12 1
e 6 42 1
e 7 33 1
e 7 37 1
e 7 38 1
e 8 34 1
e 8 39 1
e 8 40 1
e 9 14 2
e 9 43 1
e 10 13 2
e 10 44 1
e 11 17 2
e 11 19 1
e 12 18 2
e 12 20 1
e 13 15 1
e 13 23 1
e 14 16 1
e 14 24 1
e 15 21 1
e 16 22 1
e 17 25 1
e 17 45 1
e 18 26 1
e 18 46 1
e 19 27 2
e 19 47 1
e 20 28 2
e 20 48 1
e 21 29 2
e 22 30 2
e 23 31 2
e 23 49 1
e 24 32 2
e 24 50 1
e 25 33 2
e 25 51 1
e 26 34 2
e 26 52 1
e 27 33 1
e 27 53 1
e 28 34 1
e 28 54 1
e 29 31 1
e 29 55 1
e 30 32 1
e 30 56 1
e 31 57 1
e 32 58 1
e 35 59 1
e 35 60 1
e 35 61 1
e 36 62 1
e 36 63 1
e 36 64 1
e 37 65 1
e 37 66 1
e 37 67 1
e 38 68 1
e 38 69 1
e 38 70 1
e 39 71 1
e 39 72 1
e 39 73 1
e 40 74 1
e 40 75 1
e 40 76 1
t # 3438
v 0 27
v 1 27
v 2 25
v 3 1
v 4 1
v 5 2
v 6 2
v 7 3
v 8 3
v 9 3
v 10 3
v 11 3
v 12 3
v 13 3
v 14 3
v 15 3
v 16 3
v 17 3
v 18 3
v 19 3
v 20 3
v 21 3
v 22 3
v 23 3
v 24 3
v 25 3
v 26 3
v 27 3
v 28 3
v 29 3
v 30 3
v 31 3
v 32 3
v 33 4
v 34 4
v 35 4
v 36 4
v 37 4
v 38 4
v 39 4
v 40 4
v 41 4
v 42 4
v 43 4
v 44 4
v 45 4
v 46 4
v 47 4
v 48 4
v 49 4
v 50 4
v 51 4
v 52 4
e 3 13 2
e 4 14 2
e 5 7 1
e 5 9 1
e 5 33 1
e 6 8 1
e 6 10 1
e 6 34 1
e 7 11 2
e 7 35 1
e 8 12 2
e 8 36 1
e 9 15 2
e 9 17 1
e 10 16 2
e 10 18 1
e 11 13 1
e 11 19 1
e 12 14 1
e 12 20 1
e 13 21 1
e 14 22 1
e 15 27 1
e 15 37 1
e 16 28 1
e 16 38 1
e 17 29 2
e 17 39 1
e 18 30 2
e 18 40 1
e 19 23 2
e 19 41 1
e 20 24 2
e 20 42 1
e 21 25 2
e 21 43 1
e 22 26 2
e 22 44 1
e 23 25 1
e 23 45 1
e 24 26 1
e 24 46 1
e 25 47 1
e 26 48 1
e 27 31 2
e 27 49 1
e 28 32 2
e 28 50 1
e 29 31 1
e 29 51 1
e 30 32 1
e 30 52 1
t # 3439
v 0 12
v 1 12
v 2 2
v 3 2
v 4 3
v 5 3
v 6 3
v 7 3
v 8 3
v 9 3
v 10 3
v 11 3
v 12 3
v 13 3
v 14 3
v 15 3
v 16 3
v 17 3
v 18 3
v 19 3
v 20 3
v 21 3
v 22 3
v 23 3
v 24 3
v 25 3
v 26 4
v 27 4
v 28 4
v 29 4
v 30 4
v 31 4
v 32 4
v 33 4
v 34 4
v 35 4
v 36 4
v 37 4
v 38 4
v 39 4
v 40 4
v 41 4
v 42 4
v 43 4
v 44 4
v 45 4
v 46 4
v 47 4
v 48 4
v 49 4
e 0 24 1
e 1 25 1
e 2 4 1
e 2 8 1
e 2 11 1
e 3 15 1
e 3 16 1
e 3 17 1
e 4 5 1
e 4 7 1
e 4 26 1
e 5 6 2
e 5 9 1
e 6 10 1
e 6 12 1
e 7 13 2
e 7 27 1
e 8 10 2
e 8 28 1
e 9 14 2
e 9 29 1
e 10 30 1
e 11 31 1
e 11 32 1
e 11 33 1
e 12 19 2
e 12 34 1
e 13 14 1
e 13 35 1
e 14 36 1
e 15 20 2
e 15 21 1
e 16 24 1
e 16 37 1
e 16 38 1
e 17 25 1
e 17 39 1
e 17 40 1
e 18 19 1
e 18 22 2
e 18 23 1
e 19 41 1
e 20 22 1
e 20 42 1
e 21 23 2
e 21 43 1
e 22 44 1
e 23 45 1
e 24 46 1
e 24 47 1
e 25 48 1
e 25 49 1
t # 3440
v 0 25
v 1 1
v 2 1
v 3 1
v 4 1
v 5 2
v 6 2
v 7 2
v 8 2
v 9 3
v 10 3
v 11 3
v 12 3
v 13 3
v 14 3
v 15 3
v 16 3
v 17 3
v 18 3
v 19 3
v 20 3
v 21 3
v 22 3
v 23 3
v 24 3
v 25 3
v 26 3
v 27 3
v 28 3
v 29 3
v 30 3
v 31 3
v 32 3
v 33 3
v 34 3
v 35 3
v 36 3
v 37 3
v 38 3
v 39 3
v 40 3
v 41 4
v 42 4
v 43 4
v 44 4
v 45 4
v 46 4
v 47 4
v 48 4
v 49 4
v 50 4
v 51 4
v 52 4
v 53 4
v 54 4
v 55 4
v 56 4
v 57 4
v 58 4
v 59 4
v 60 4
v 61 4
v 62 4
v 63 4
v 64 4
v 65 4
v 66 4
v 67 4
v 68 4
v 69 4
v 70 4
v 71 4
v 72 4
v 73 4
v 74 4
v 75 4
v 76 4
v 77 4
v 78 4
v 79 4
v 80 4
v 81 4
v 82 4
v 83 4
v 84 4
v 85 4
v 86 4
v 87 4
v 88 4
e 1 31 2
e 2 32 2
e 3 79 1
e 4 80 1
e 5 9 1
e 5 19 1
e 5 43 1
e 6 10 1
e 6 20 1
e 6 44 1
e 7 15 1
e 7 16 1
e 8 17 1
e 8 18 1
e 9 11 1
e 9 12 1
e 9 41 1
e 10 13 1
e 10 14 1
e 10 42 1
e 11 15 1
e 11 45 1
e 11 46 1
e 12 16 1
e 12 47 1
e 12 48 1
e 13 17 1
e 13 49 1
e 13 50 1
e 14 18 1
e 14 51 1
e 14 52 1
e 15 21 1
e 15 22 1
e 16 23 1
e 16 24 1
e 17 25 1
e 17 26 1
e 18 27 1
e 18 28 1
e 19 29 2
e 19 53 1
e 20 30 2
e 20 54 1
e 21 55 1
e 21 56 1
e 21 57 1
e 22 58 1
e 22 59 1
e 22 60 1
e 23 61 1
e 23 62 1
e 23 63 1
e 24 64 1
e 24 65 1
e 24 66 1
e 25 67 1
e 25 68 1
e 25 69 1
e 26 70 1
e 26 71 1
e 26 72 1
e 27 73 1
e 27 74 1
e 27 75 1
e 28 76 1
e 28 77 1
e 28 78 1
e 29 31 1
e 29 33 1
e 30 32 1
e 30 34 1
e 31 35 1
e 32 36 1
e 33 37 2
e 33 81 1
e 34 38 2
e 34 82 1
e 35 39 2
e 35 83 1
e 36 40 2
e 36 84 1
e 37 39 1
e 37 85 1
e 38 40 1
e 38 86 1
e 39 87 1
e 40 88 1
t # 3441
v 0 30
v 1 1
v 2 1
v 3 1
v 4 1
v 5 2
v 6 2
v 7 2
v 8 2
v 9 3
v 10 3
v 11 3
v 12 3
v 13 3
v 14 3
v 15 3
v 16 3
v 17 3
v 18 3
v 19 3
v 20 3
v 21 3
v 22 3
v 23 3
v 24 3
v 25 3
v 26 3
v 27 3
v 28 3
v 29 3
v 30 3
v 31 3
v 32 3
v 33 3
v 34 3
v 35 3
v 36 3
v 37 3
v 38 3
v 39 3
v 40 3
v 41 4
v 42 4
v 43 4
v 44 4
v 45 4
v 46 4
v 47 4
v 48 4
v 49 4
v 50 4
v 51 4
v 52 4
v 53 4
v 54 4
v 55 4
v 56 4
v 57 4
v 58 4
v 59 4
v 60 4
v 61 4
v 62 4
v 63 4
v 64 4
v 65 4
v 66 4
v 67 4
v 68 4
v 69 4
v 70 4
v 71 4
v 72 4
v 73 4
v 74 4
v 75 4
v 76 4
v 77 4
v 78 4
v 79 4
v 80 4
v 81 4
v 82 4
v 83 4
v 84 4
v 85 4
v 86 4
v 87 4
v 88 4
e 1 31 2
e 2 32 2
e 3 79 1
e 4 80 1
e 5 9 1
e 5 19 1
e 5 43 1
e 6 10 1
e 6 20 1
e 6 44 1
e 7 15 1
e 7 16 1
e 8 17 1
e 8 18 1
e 9 11 1
e 9 12 1
e 9 41 1
e 10 13 1
e 10 14 1
e 10 42 1
e 11 15 1
e 11 45 1
e 11 46 1
e 12 16 1
e 12 47 1
e 12 48 1
e 13 17 1
e 13 49 1
e 13 50 1
e 14 18 1
e 14 51 1
e 14 52 1
e 15 21 1
e 15 22 1
e 16 23 1
e 16 24 1
e 17 25 1
e 17 26 1
e 18 27 1
e 18 28 1
e 19 29 2
e 19 53 1
e 20 30 2
e 20 54 1
e 21 55 1
e 21 56 1
e 21 57 1
e 22 58 1
e 22 59 1
e 22 60 1
e 23 61 1
e 23 62 1
e 23 63 1
e 24 64 1
e 24 65 1
e 24 66 1
e 25 67 1
e 25 68 1
e 25 69 1
e 26 70 1
e 26 71 1
e 26 72 1
e 27 73 1
e 27 74 1
e 27 75 1
e 28 76 1
e 28 77 1
e 28 78 1
e 29 31 1
e 29 33 1
e 30 32 1
e 30 34 1
e 31 35 1
e 32 36 1
e 33 37 2
e 33 81 1
e 34 38 2
e 34 82 1
e 35 39 2
e 35 83 1
e 36 40 2
e 36 84 1
e 37 39 1
e 37 85 1
e 38 40 1
e 38 86 1
e 39 87 1
e 40 88 1
t # 3442
v 0 1
v 1 1
v 2 1
v 3 1
v 4 1
v 5 1
v 6 1
v 7 2
v 8 3
v 9 3
v 10 3
v 11 3
v 12 3
v 13 3
v 14 3
v 15 3
v 16 3
v 17 3
v 18 3
v 19 3
v 20 3
v 21 3
v 22 3
v 23 3
v 24 3
v 25 3
v 26 3
v 27 3
v 28 3
v 29 3
v 30 3
v 31 3
v 32 3
v 33 3
v 34 3
v 35 3
v 36 3
v 37 3
v 38 3
v 39 3
v 40 3
v 41 3
v 42 4
v 43 4
v 44 4
v 45 4
v 46 4
v 47 4
v 48 4
v 49 4
v 50 4
v 51 4
v 52 4
v 53 4
v 54 4
v 55 4
v 56 4
v 57 4
v 58 4
v 59 4
v 60 4
v 61 4
v 62 4
v 63 4
v 64 4
v 65 4
v 66 4
v 67 4
v 68 4
v 69 4
v 70 4
v 71 4
v 72 4
v 73 4
v 74 4
v 75 4
v 76 4
v 77 4
v 78 4
e 0 9 1
e 0 48 1
e 1 10 1
e 1 17 1
e 2 12 2
e 3 15 1
e 3 18 1
e 4 15 1
e 4 53 1
e 5 18 1
e 5 60 1
e 6 34 2
e 7 27 1
e 7 34 1
e 7 68 1
e 8 9 1
e 8 11 1
e 8 13 1
e 8 14 1
e 9 10 1
e 9 42 1
e 10 12 1
e 10 43 1
e 11 12 1
e 11 15 2
e 13 44 1
e 13 45 1
e 13 46 1
e 14 16 2
e 14 47 1
e 16 19 1
e 16 49 1
e 17 50 1
e 17 51 1
e 17 52 1
e 18 20 1
e 18 21 1
e 19 22 2
e 19 54 1
e 20 55 1
e 20 56 1
e 20 57 1
e 21 23 2
e 21 58 1
e 22 24 1
e 22 59 1
e 23 25 1
e 23 61 1
e 24 26 2
e 24 62 1
e 25 28 2
e 25 63 1
e 26 29 1
e 26 64 1
e 27 30 1
e 27 31 1
e 27 65 1
e 28 33 1
e 28 66 1
e 29 32 2
e 29 67 1
e 30 35 2
e 30 36 1
e 31 37 2
e 31 69 1
e 32 34 1
e 32 70 1
e 33 38 2
e 33 71 1
e 35 39 1
e 35 72 1
e 36 40 2
e 36 73 1
e 37 38 1
e 37 74 1
e 38 75 1
e 39 41 2
e 39 76 1
e 40 41 1
e 40 77 1
e 41 78 1
t # 3443
v 0 1
v 1 1
v 2 1
v 3 1
v 4 1
v 5 1
v 6 1
v 7 1
v 8 3
v 9 3
v 10 3
v 11 3
v 12 3
v 13 3
v 14 3
v 15 3
v 16 3
v 17 3
v 18 3
v 19 3
v 20 3
v 21 3
v 22 3
v 23 3
v 24 3
v 25 3
v 26 3
v 27 3
v 28 3
v 29 3
v 30 4
v 31 4
v 32 4
v 33 4
v 34 4
v 35 4
v 36 4
v 37 4
v 38 4
v 39 4
v 40 4
v 41 4
v 42 4
v 43 4
v 44 4
v 45 4
v 46 4
v 47 4
v 48 4
v 49 4
v 50 4
v 51 4
v 52 4
v 53 4
v 54 4
v 55 4
e 0 8 1
e 0 13 1
e 1 12 1
e 1 21 1
e 2 16 1
e 2 23 1
e 3 15 1
e 3 44 1
e 4 21 2
e 5 23 2
e 6 27 1
e 6 28 1
e 7 28 2
e 8 9 1
e 8 11 1
e 8 13 1
e 9 10 1
e 9 15 1
e 9 30 1
e 10 12 1
e 10 17 1
e 10 31 1
e 11 16 1
e 11 32 1
e 11 33 1
e 12 14 1
e 12 34 1
e 13 35 1
e 13 36 1
e 14 16 1
e 14 19 1
e 14 37 1
e 15 18 1
e 15 38 1
e 16 39 1
e 17 18 2
e 17 20 1
e 18 40 1
e 19 21 1
e 19 22 2
e 20 41 1
e 20 42 1
e 20 43 1
e 22 45 1
e 22 46 1
e 23 24 1
e 24 25 1
e 24 26 2
e 25 47 1
e 25 48 1
e 25 49 1
e 26 27 1
e 26 50 1
e 27 51 1
e 27 52 1
e 28 29 1
e 29 53 1
e 29 54 1
e 29 55 1
t # 3444
v 0 1
v 1 1
v 2 1
v 3 1
v 4 1
v 5 1
v 6 1
v 7 1
v 8 2
v 9 2
v 10 2
v 11 2
v 12 3
v 13 3
v 14 3
v 15 3
v 16 3
v 17 3
v 18 3
v 19 3
v 20 3
v 21 3
v 22 3
v 23 3
v 24 3
v 25 3
v 26 3
v 27 3
v 28 3
v 29 3
v 30 3
v 31 3
v 32 4
v 33 4
v 34 4
v 35 4
v 36 4
v 37 4
v 38 4
v 39 4
v 40 4
v 41 4
v 42 4
v 43 4
v 44 4
v 45 4
v 46 4
v 47 4
v 48 4
v 49 4
v 50 4
v 51 4
v 52 4
v 53 4
v 54 4
v 55 4
v 56 4
v 57 4
e 0 18 2
e 1 19 2
e 2 20 2
e 3 21 2
e 4 26 1
e 4 28 1
e 5 27 1
e 5 29 1
e 6 26 2
e 7 27 2
e 8 16 1
e 8 18 1
e 8 20 1
e 9 17 1
e 9 19 1
e 9 21 1
e 10 20 1
e 10 22 1
e 10 44 1
e 11 21 1
e 11 23 1
e 11 45 1
e 12 13 1
e 12 14 1
e 12 32 1
e 12 33 1
e 13 15 1
e 13 34 1
e 13 35 1
e 14 16 1
e 14 36 1
e 14 37 1
e 15 17 1
e 15 38 1
e 15 39 1
e 16 40 1
e 16 41 1
e 17 42 1
e 17 43 1
e 18 22 1
e 19 23 1
e 22 24 2
e 23 25 2
e 24 26 1
e 24 46 1
e 25 27 1
e 25 47 1
e 28 30 1
e 28 48 1
e 28 49 1
e 29 31 1
e 29 50 1
e 29 51 1
e 30 52 1
e 30 53 1
e 30 54 1
e 31 55 1
e 31 56 1
e 31 57 1
t # 3445
v 0 1
v 1 1
v 2 1
v 3 1
v 4 1
v 5 1
v 6 1
v 7 1
v 8 1
v 9 2
v 10 2
v 11 2
v 12 2
v 13 3
v 14 3
v 15 3
v 16 3
v 17 3
v 18 3
v 19 3
v 20 3
v 21 3
v 22 3
v 23 3
v 24 3
v 25 3
v 26 3
v 27 3
v 28 3
v 29 3
v 30 3
v 31 3
v 32 3
v 33 3
v 34 3
v 35 3
v 36 4
v 37 4
v 38 4
v 39 4
v 40 4
v 41 4
v 42 4
v 43 4
v 44 4
v 45 4
v 46 4
v 47 4
v 48 4
v 49 4
v 50 4
v 51 4
v 52 4
v 53 4
v 54 4
v 55 4
v 56 4
v 57 4
v 58 4
v 59 4
v 60 4
v 61 4
e 0 22 1
e 0 26 1
e 1 22 2
e 2 32 1
e 2 61 1
e 9 13 1
e 9 16 1
e 9 18 1
e 10 30 1
e 11 31 1
e 12 33 1
e 13 14 1
e 13 19 1
e 13 36 1
e 14 15 1
e 14 37 1
e 14 38 1
e 15 17 1
e 15 39 1
e 15 40 1
e 16 17 1
e 16 41 1
e 16 42 1
e 17 43 1
e 17 44 1
e 18 20 1
e 18 45 1
e 18 46 1
e 19 47 1
e 19 48 1
e 19 49 1
e 20 21 2
e 20 22 1
e 21 23 1
e 21 50 1
e 23 24 2
e 23 25 1
e 24 27 1
e 24 51 1
e 25 28 2
e 25 52 1
e 26 53 1
e 26 54 1
e 26 55 1
e 27 29 2
e 27 56 1
e 28 29 1
e 28 57 1
e 29 58 1
e 30 32 2
e 30 34 1
e 31 32 1
e 31 35 2
e 33 34 2
e 33 35 1
e 34 59 1
e 35 60 1
t # 3446
v 0 12
v 1 1
v 2 1
v 3 1
v 4 1
v 5 1
v 6 1
v 7 1
v 8 1
v 9 1
v 10 2
v 11 2
v 12 2
v 13 2
v 14 3
v 15 3
v 16 3
v 17 3
v 18 3
v 19 3
v 20 3
v 21 3
v 22 3
v 23 3
v 24 3
v 25 3
v 26 3
v 27 3
v 28 3
v 29 3
v 30 3
v 31 3
v 32 3
v 33 3
v 34 3
v 35 3
v 36 4
v 37 4
v 38 4
v 39 4
v 40 4
v 41 4
v 42 4
v 43 4
v 44 4
v 45 4
v 46 4
v 47 4
v 48 4
v 49 4
v 50 4
v 51 4
v 52 4
v 53 4
v 54 4
v 55 4
v 56 4
v 57 4
v 58 4
e 0 29 1
e 1 22 1
e 1 28 1
e 2 22 2
e 3 32 1
e 3 58 1
e 10 17 1
e 10 18 1
e 10 19 1
e 11 30 1
e 12 31 1
e 13 33 1
e 14 16 1
e 14 17 1
e 14 36 1
e 14 37 1
e 15 16 1
e 15 18 1
e 15 38 1
e 15 39 1
e 16 44 1
e 16 45 1
e 17 40 1
e 17 41 1
e 18 42 1
e 18 43 1
e 19 20 1
e 19 46 1
e 19 47 1
e 20 21 2
e 20 22 1
e 21 23 1
e 21 48 1
e 23 24 2
e 23 25 1
e 24 26 1
e 24 49 1
e 25 27 2
e 25 50 1
e 26 29 2
e 26 51 1
e 27 29 1
e 27 52 1
e 28 53 1
e 28 54 1
e 28 55 1
e 30 32 2
e 30 34 1
e 31 32 1
e 31 35 2
e 33 34 2
e 33 35 1
e 34 56 1
e 35 57 1
t # 3447
v 0 1
v 1 1
v 2 1
v 3 2
v 4 3
v 5 3
v 6 3
v 7 3
v 8 3
v 9 3
v 10 3
v 11 3
v 12 3
v 13 3
v 14 3
v 15 3
v 16 3
v 17 4
v 18 4
v 19 4
v 20 4
v 21 4
v 22 4
v 23 4
v 24 4
v 25 4
v 26 4
v 27 4
e 0 7 1
e 0 27 1
e 1 6 2
e 2 10 2
e 3 4 1
e 3 7 1
e 3 17 1
e 4 6 1
e 4 8 2
e 5 6 1
e 5 7 2
e 5 10 1
e 8 9 1
e 8 18 1
e 9 11 2
e 9 12 1
e 10 13 1
e 11 14 1
e 11 19 1
e 12 15 2
e 12 20 1
e 13 21 1
e 13 22 1
e 13 23 1
e 14 16 2
e 14 24 1
e 15 16 1
e 15 25 1
e 16 26 1
t # 3448
v 0 1
v 1 1
v 2 1
v 3 1
v 4 1
v 5 1
v 6 1
v 7 1
v 8 1
v 9 1
v 10 1
v 11 1
v 12 1
v 13 2
v 14 2
v 15 2
v 16 2
v 17 3
v 18 3
v 19 3
v 20 3
v 21 3
v 22 3
v 23 3
v 24 3
v 25 3
v 26 3
v 27 3
v 28 3
v 29 3
v 30 3
v 31 3
v 32 3
v 33 3
v 34 3
v 35 3
v 36 3
v 37 3
v 38 3
v 39 3
v 40 3
v 41 3
v 42 3
v 43 3
v 44 3
v 45 3
v 46 3
v 47 3
v 48 3
v 49 3
v 50 3
v 51 3
v 52 3
v 53 3
v 54 3
v 55 3
v 56 3
v 57 3
v 58 3
v 59 3
v 60 3
v 61 3
v 62 3
v 63 3
v 64 3
v 65 3
v 66 3
v 67 3
v 68 4
v 69 4
v 70 4
v 71 4
v 72 4
v 73 4
v 74 4
v 75 4
v 76 4
v 77 4
v 78 4
v 79 4
v 80 4
v 81 4
v 82 4
v 83 4
v 84 4
v 85 4
v 86 4
v 87 4
v 88 4
v 89 4
v 90 4
v 91 4
v 92 4
v 93 4
v 94 4
v 95 4
v 96 4
v 97 4
v 98 4
v 99 4
v 100 4
v 101 4
v 102 4
v 103 4
v 104 4
v 105 4
v 106 4
v 107 4
v 108 4
v 109 4
v 110 4
v 111 4
v 112 4
v 113 4
v 114 4
v 115 4
v 116 4
v 117 4
v 118 4
v 119 4
v 120 4
v 121 4
v 122 4
v 123 4
v 124 4
v 125 4
v 126 4
v 127 4
v 128 4
v 129 4
v 130 4
v 131 4
e 0 19 1
e 0 35 1
e 1 18 1
e 1 85 1
e 2 22 1
e 2 96 1
e 3 24 1
e 3 41 1
e 4 39 1
e 4 42 1
e 5 42 1
e 5 49 1
e 6 35 2
e 7 38 2
e 8 47 2
e 9 57 1
e 9 129 1
e 10 53 2
e 11 58 1
e 11 130 1
e 12 63 2
e 13 28 1
e 13 29 1
e 13 38 1
e 14 15 1
e 14 31 1
e 14 32 1
e 15 45 1
e 15 105 1
e 16 54 1
e 16 63 1
e 16 120 1
e 17 18 1
e 17 19 1
e 17 23 1
e 17 68 1
e 18 20 1
e 18 69 1
e 19 21 1
e 19 70 1
e 20 22 1
e 20 26 1
e 20 71 1
e 21 24 1
e 21 27 1
e 21 72 1
e 22 25 1
e 22 73 1
e 23 74 1
e 23 75 1
e 23 76 1
e 24 33 1
e 24 77 1
e 25 30 1
e 25 34 1
e 25 78 1
e 26 79 1
e 26 80 1
e 26 81 1
e 27 82 1
e 27 83 1
e 27 84 1
e 28 31 1
e 28 36 1
e 28 86 1
e 29 32 1
e 29 37 1
e 29 87 1
e 30 88 1
e 30 89 1
e 30 90 1
e 31 91 1
e 31 92 1
e 32 93 1
e 32 94 1
e 33 39 2
e 33 95 1
e 34 40 2
e 34 97 1
e 35 43 1
e 36 98 1
e 36 99 1
e 36 100 1
e 37 101 1
e 37 102 1
e 37 103 1
e 38 48 1
e 39 104 1
e 40 52 1
e 40 106 1
e 41 107 1
e 41 108 1
e 41 109 1
e 42 47 1
e 42 55 1
e 43 110 1
e 43 111 1
e 43 112 1
e 44 46 1
e 44 47 1
e 44 49 2
e 45 50 2
e 45 113 1
e 46 51 2
e 46 53 1
e 48 60 2
e 48 61 1
e 49 56 1
e 50 53 1
e 50 54 1
e 51 57 1
e 51 58 1
e 52 59 2
e 52 114 1
e 54 57 2
e 55 115 1
e 55 116 1
e 55 117 1
e 56 58 2
e 56 62 1
e 59 63 1
e 59 66 1
e 60 64 1
e 60 118 1
e 61 65 2
e 61 119 1
e 62 121 1
e 62 122 1
e 62 123 1
e 64 67 2
e 64 124 1
e 65 67 1
e 65 125 1
e 66 126 1
e 66 127 1
e 66 128 1
e 67 131 1
t # 3449
v 0 1
v 1 2
v 2 2
v 3 3
v 4 3
v 5 3
v 6 3
v 7 3
v 8 3
v 9 3
v 10 3
v 11 3
v 12 3
v 13 3
v 14 3
v 15 3
v 16 3
v 17 3
v 18 4
v 19 4
v 20 4
v 21 4
v 22 4
v 23 4
v 24 4
v 25 4
v 26 4
v 27 4
v 28 4
v 29 4
v 30 4
v 31 4
v 32 4
e 0 12 2
e 1 4 1
e 1 6 2
e 1 9 1
e 2 10 1
e 2 12 1
e 2 27 1
e 3 4 2
e 3 5 1
e 3 7 1
e 4 18 1
e 5 8 2
e 5 19 1
e 6 8 1
e 6 20 1
e 7 11 2
e 7 21 1
e 8 22 1
e 9 23 1
e 9 24 1
e 9 25 1
e 10 13 2
e 10 14 1
e 11 12 1
e 11 26 1
e 13 15 1
e 13 28 1
e 14 16 2
e 14 29 1
e 15 17 2
e 15 30 1
e 16 17 1
e 16 31 1
e 17 32 1
t # 3450
v 0 12
v 1 1
v 2 2
v 3 2
v 4 2
v 5 2
v 6 2
v 7 3
v 8 3
v 9 3
v 10 3
v 11 3
v 12 3
v 13 3
v 14 3
v 15 3
v 16 3
v 17 3
v 18 3
v 19 3
v 20 3
v 21 3
v 22 3
v 23 3
v 24 3
v 25 3
v 26 3
v 27 4
v 28 4
v 29 4
v 30 4
v 31 4
v 32 4
v 33 4
v 34 4
v 35 4
v 36 4
v 37 4
v 38 4
v 39 4
v 40 4
v 41 4
v 42 4
v 43 4
v 44 4
e 0 24 1
e 1 25 2
e 2 9 1
e 2 22 2
e 3 10 2
e 3 22 1
e 4 17 1
e 4 25 1
e 4 37 1
e 5 10 1
e 5 38 1
e 5 39 1
e 6 22 1
e 6 40 1
e 6 41 1
e 7 8 1
e 7 9 2
e 7 10 1
e 8 14 2
e 8 15 1
e 9 12 1
e 11 13 1
e 11 16 2
e 11 18 1
e 12 13 2
e 12 27 1
e 13 28 1
e 14 20 1
e 14 29 1
e 15 21 2
e 15 30 1
e 16 17 1
e 16 31 1
e 17 19 2
e 18 23 2
e 18 32 1
e 19 23 1
e 19 33 1
e 20 24 2
e 20 34 1
e 21 24 1
e 21 35 1
e 23 36 1
e 25 26 1
e 26 42 1
e 26 43 1
e 26 44 1
t # 3451
v 0 1
v 1 1
v 2 2
v 3 2
v 4 3
v 5 3
v 6 3
v 7 3
v 8 3
v 9 3
v 10 3
v 11 3
v 12 3
v 13 3
v 14 3
v 15 3
v 16 3
v 17 3
v 18 4
v 19 4
v 20 4
v 21 4
v 22 4
v 23 4
v 24 4
v 25 4
v 26 4
v 27 4
v 28 4
v 29 4
e 2 11 1
e 3 13 1
e 3 28 1
e 3 29 1
e 4 6 1
e 4 8 2
e 4 10 1
e 5 7 1
e 5 9 2
e 5 12 1
e 6 7 2
e 6 18 1
e 7 19 1
e 8 11 1
e 8 20 1
e 9 13 1
e 9 21 1
e 10 14 2
e 10 22 1
e 11 15 2
e 12 16 2
e 12 23 1
e 13 17 2
e 14 15 1
e 14 24 1
e 15 25 1
e 16 17 1
e 16 26 1
e 17 27 1
t # 3452
v 0 1
v 1 1
v 2 2
v 3 2
v 4 3
v 5 3
v 6 3
v 7 3
v 8 3
v 9 3
v 10 3
v 11 3
v 12 3
v 13 3
v 14 3
v 15 3
v 16 3
v 17 3
v 18 4
v 19 4
v 20 4
v 21 4
v 22 4
v 23 4
v 24 4
v 25 4
v 26 4
v 27 4
v 28 4
v 29 4
e 2 12 1
e 2 28 1
e 2 29 1
e 3 13 1
e 4 6 1
e 4 9 2
e 4 10 1
e 5 7 1
e 5 8 2
e 5 11 1
e 6 7 2
e 6 18 1
e 7 19 1
e 8 12 1
e 8 20 1
e 9 14 1
e 9 21 1
e 10 15 2
e 10 22 1
e 11 16 2
e 11 23 1
e 12 17 2
e 13 14 2
e 13 15 1
e 14 24 1
e 15 25 1
e 16 17 1
e 16 26 1
e 17 27 1
t # 3453
v 0 1
v 1 1
v 2 2
v 3 2
v 4 2
v 5 2
v 6 2
v 7 2
v 8 3
v 9 3
v 10 3
v 11 3
v 12 3
v 13 3
v 14 3
v 15 3
v 16 3
v 17 3
v 18 3
v 19 3
v 20 3
v 21 3
v 22 3
v 23 3
v 24 3
v 25 3
v 26 3
v 27 4
v 28 4
v 29 4
v 30 4
v 31 4
v 32 4
v 33 4
v 34 4
v 35 4
v 36 4
v 37 4
v 38 4
v 39 4
v 40 4
v 41 4
v 42 4
v 43 4
v 44 4
v 45 4
v 46 4
e 2 8 1
e 2 11 1
e 2 12 1
e 3 8 1
e 3 14 2
e 4 12 2
e 4 14 1
e 5 12 1
e 5 37 1
e 5 38 1
e 6 14 1
e 6 40 1
e 6 41 1
e 7 26 1
e 8 9 1
e 8 10 1
e 9 27 1
e 9 28 1
e 9 29 1
e 10 30 1
e 10 31 1
e 10 32 1
e 11 13 1
e 11 15 2
e 13 16 2
e 13 33 1
e 15 17 1
e 15 34 1
e 16 18 1
e 16 19 1
e 17 18 2
e 17 35 1
e 18 36 1
e 19 20 2
e 19 39 1
e 20 21 1
e 20 42 1
e 21 22 2
e 21 23 1
e 22 24 1
e 22 43 1
e 23 25 2
e 23 44 1
e 24 26 2
e 24 45 1
e 25 26 1
e 25 46 1
t # 3454
v 0 1
v 1 1
v 2 1
v 3 1
v 4 1
v 5 1
v 6 1
v 7 1
v 8 1
v 9 1
v 10 1
v 11 1
v 12 1
v 13 1
v 14 1
v 15 1
v 16 1
v 17 1
v 18 2
v 19 3
v 20 3
v 21 3
v 22 3
v 23 3
v 24 3
v 25 3
v 26 3
v 27 3
v 28 3
v 29 3
v 30 3
v 31 3
v 32 3
v 33 3
v 34 3
v 35 3
v 36 3
v 37 3
v 38 3
v 39 3
v 40 3
v 41 3
v 42 3
v 43 3
v 44 3
v 45 3
v 46 3
v 47 3
v 48 3
v 49 3
v 50 3
v 51 3
v 52 3
v 53 3
v 54 3
v 55 3
v 56 3
v 57 3
v 58 3
v 59 3
v 60 3
v 61 3
v 62 3
v 63 4
v 64 4
v 65 4
v 66 4
v 67 4
v 68 4
v 69 4
v 70 4
v 71 4
v 72 4
v 73 4
v 74 4
v 75 4
v 76 4
v 77 4
v 78 4
v 79 4
v 80 4
v 81 4
v 82 4
v 83 4
v 84 4
v 85 4
v 86 4
v 87 4
v 88 4
v 89 4
v 90 4
v 91 4
v 92 4
v 93 4
v 94 4
v 95 4
v 96 4
v 97 4
v 98 4
v 99 4
v 100 4
v 101 4
v 102 4
v 103 4
v 104 4
v 105 4
v 106 4
v 107 4
v 108 4
v 109 4
v 110 4
v 111 4
v 112 4
v 113 4
v 114 4
v 115 4
v 116 4
v 117 4
v 118 4
v 119 4
e 0 20 1
e 0 36 1
e 1 22 1
e 1 76 1
e 2 24 1
e 2 84 1
e 3 25 1
e 3 86 1
e 4 26 1
e 4 87 1
e 5 27 1
e 5 88 1
e 6 30 1
e 6 41 1
e 7 30 2
e 8 36 2
e 9 38 1
e 9 48 1
e 10 45 1
e 10 48 1
e 11 49 1
e 11 59 1
e 12 50 1
e 12 112 1
e 13 53 2
e 14 56 2
e 15 59 2
e 16 62 1
e 16 119 1
e 17 62 2
e 18 54 1
e 18 56 1
e 18 105 1
e 19 20 1
e 19 22 1
e 19 30 1
e 19 63 1
e 20 21 1
e 20 64 1
e 21 24 1
e 21 28 1
e 21 65 1
e 22 23 1
e 22 66 1
e 23 25 1
e 23 29 1
e 23 67 1
e 24 26 1
e 24 68 1
e 25 27 1
e 25 69 1
e 26 31 1
e 26 32 1
e 27 33 1
e 27 34 1
e 28 70 1
e 28 71 1
e 28 72 1
e 29 73 1
e 29 74 1
e 29 75 1
e 31 77 1
e 31 78 1
e 31 79 1
e 32 35 2
e 32 80 1
e 33 81 1
e 33 82 1
e 33 83 1
e 34 37 2
e 34 85 1
e 35 38 1
e 35 39 1
e 36 40 1
e 37 44 1
e 37 89 1
e 38 42 2
e 39 90 1
e 39 91 1
e 39 92 1
e 40 93 1
e 40 94 1
e 40 95 1
e 41 96 1
e 41 97 1
e 41 98 1
e 42 43 1
e 42 45 1
e 43 46 1
e 43 49 2
e 44 51 2
e 44 99 1
e 45 47 2
e 46 50 2
e 46 53 1
e 47 50 1
e 47 55 1
e 48 100 1
e 48 101 1
e 49 52 1
e 51 56 1
e 51 57 1
e 52 54 2
e 52 58 1
e 53 54 1
e 55 102 1
e 55 103 1
e 55 104 1
e 57 106 1
e 57 107 1
e 57 108 1
e 58 109 1
e 58 110 1
e 58 111 1
e 59 60 1
e 60 113 1
e 60 114 1
e 60 115 1
e 61 62 1
e 61 116 1
e 61 117 1
e 61 118 1
t # 3455
v 0 1
v 1 1
v 2 3
v 3 3
v 4 3
v 5 3
v 6 3
v 7 3
v 8 3
v 9 3
v 10 3
v 11 3
v 12 3
v 13 3
v 14 3
v 15 3
v 16 3
v 17 3
v 18 3
v 19 3
v 20 3
v 21 3
v 22 3
v 23 3
v 24 3
v 25 3
v 26 3
v 27 3
v 28 3
v 29 3
v 30 3
v 31 4
v 32 4
v 33 4
v 34 4
v 35 4
v 36 4
v 37 4
v 38 4
v 39 4
v 40 4
v 41 4
v 42 4
v 43 4
v 44 4
v 45 4
v 46 4
v 47 4
v 48 4
v 49 4
v 50 4
v 51 4
v 52 4
v 53 4
v 54 4
v 55 4
v 56 4
v 57 4
v 58 4
e 0 7 2
e 1 10 2
e 2 3 1
e 2 4 1
e 2 10 1
e 2 31 1
e 3 5 1
e 3 8 1
e 3 32 1
e 4 6 1
e 4 9 1
e 4 33 1
e 5 7 1
e 5 11 1
e 5 34 1
e 6 7 1
e 6 35 1
e 6 36 1
e 8 13 2
e 8 14 1
e 9 15 2
e 9 16 1
e 10 12 1
e 11 37 1
e 11 38 1
e 11 39 1
e 12 19 1
e 12 22 2
e 13 17 1
e 13 40 1
e 14 18 2
e 14 41 1
e 15 20 1
e 15 42 1
e 16 21 2
e 16 43 1
e 17 23 2
e 17 44 1
e 18 23 1
e 18 45 1
e 19 46 1
e 19 47 1
e 19 48 1
e 20 24 2
e 20 49 1
e 21 24 1
e 21 50 1
e 22 25 1
e 22 51 1
e 23 52 1
e 24 53 1
e 25 26 2
e 25 27 1
e 26 28 1
e 26 54 1
e 27 29 2
e 27 55 1
e 28 30 2
e 28 56 1
e 29 30 1
e 29 57 1
e 30 58 1
t # 3456
v 0 1
v 1 1
v 2 1
v 3 1
v 4 2
v 5 2
v 6 2
v 7 3
v 8 3
v 9 3
v 10 3
v 11 3
v 12 3
v 13 3
v 14 3
v 15 3
v 16 3
v 17 3
v 18 3
v 19 3
v 20 3
v 21 3
v 22 3
v 23 3
v 24 3
v 25 3
v 26 3
v 27 3
v 28 3
v 29 4
v 30 4
v 31 4
v 32 4
v 33 4
v 34 4
v 35 4
v 36 4
v 37 4
v 38 4
v 39 4
v 40 4
v 41 4
v 42 4
v 43 4
v 44 4
v 45 4
v 46 4
v 47 4
e 0 22 1
e 0 28 1
e 1 11 2
e 2 12 2
e 3 24 2
e 4 7 1
e 4 12 1
e 4 29 1
e 5 6 1
e 5 11 1
e 5 34 1
e 6 17 1
e 6 37 1
e 7 8 1
e 7 9 2
e 8 10 2
e 8 11 1
e 9 14 1
e 9 30 1
e 10 15 1
e 10 31 1
e 12 13 1
e 13 19 2
e 13 20 1
e 14 15 2
e 14 32 1
e 15 33 1
e 16 17 2
e 16 18 1
e 16 21 1
e 17 35 1
e 18 22 2
e 18 36 1
e 19 25 1
e 19 38 1
e 20 26 2
e 20 39 1
e 21 23 2
e 21 40 1
e 22 24 1
e 23 24 1
e 23 41 1
e 25 27 2
e 25 42 1
e 26 27 1
e 26 43 1
e 27 44 1
e 28 45 1
e 28 46 1
e 28 47 1
t # 3457
v 0 1
v 1 2
v 2 2
v 3 2
v 4 3
v 5 3
v 6 3
v 7 3
v 8 3
v 9 3
v 10 3
v 11 3
v 12 3
v 13 3
v 14 3
v 15 3
v 16 3
v 17 3
v 18 3
v 19 4
v 20 4
v 21 4
v 22 4
v 23 4
v 24 4
v 25 4
v 26 4
v 27 4
v 28 4
v 29 4
v 30 4
v 31 4
v 32 4
v 33 4
v 34 4
v 35 4
v 36 4
e 1 6 1
e 1 16 1
e 1 17 1
e 2 14 1
e 2 15 1
e 2 18 1
e 3 5 1
e 3 33 1
e 4 5 1
e 4 8 2
e 4 9 1
e 5 7 2
e 6 10 2
e 6 11 1
e 7 12 1
e 7 13 1
e 8 10 1
e 8 19 1
e 9 11 2
e 9 20 1
e 10 21 1
e 11 22 1
e 12 14 2
e 12 23 1
e 13 15 2
e 13 24 1
e 14 25 1
e 15 26 1
e 16 27 1
e 16 28 1
e 16 29 1
e 17 30 1
e 17 31 1
e 17 32 1
e 18 34 1
e 18 35 1
e 18 36 1
t # 3458
v 0 1
v 1 1
v 2 2
v 3 2
v 4 2
v 5 2
v 6 3
v 7 3
v 8 3
v 9 3
v 10 3
v 11 3
v 12 3
v 13 3
v 14 3
v 15 3
v 16 3
v 17 3
v 18 3
v 19 3
v 20 3
v 21 3
v 22 3
v 23 3
v 24 3
v 25 3
v 26 4
v 27 4
v 28 4
v 29 4
v 30 4
v 31 4
v 32 4
v 33 4
v 34 4
v 35 4
v 36 4
v 37 4
v 38 4
v 39 4
v 40 4
v 41 4
e 0 9 1
e 0 37 1
e 1 13 2
e 2 4 1
e 2 6 1
e 2 11 1
e 3 5 1
e 3 7 1
e 3 12 1
e 4 10 2
e 5 17 2
e 6 8 1
e 6 9 2
e 7 8 2
e 7 13 1
e 8 26 1
e 9 10 1
e 10 14 1
e 11 15 2
e 11 16 1
e 12 18 2
e 12 19 1
e 13 17 1
e 14 27 1
e 14 28 1
e 14 29 1
e 15 20 1
e 15 30 1
e 16 21 2
e 16 31 1
e 17 32 1
e 18 23 1
e 18 33 1
e 19 24 2
e 19 34 1
e 20 22 2
e 20 35 1
e 21 22 1
e 21 36 1
e 22 38 1
e 23 25 2
e 23 39 1
e 24 25 1
e 24 40 1
e 25 41 1
t # 3459
v 0 30
v 1 1
v 2 1
v 3 1
v 4 1
v 5 2
v 6 2
v 7 2
v 8 2
v 9 3
v 10 3
v 11 3
v 12 3
v 13 3
v 14 3
v 15 3
v 16 3
v 17 3
v 18 3
v 19 3
v 20 3
v 21 3
v 22 3
v 23 3
v 24 3
v 25 3
v 26 3
v 27 3
v 28 3
v 29 3
v 30 3
v 31 3
v 32 3
v 33 3
v 34 3
v 35 3
v 36 3
v 37 4
v 38 4
v 39 4
v 40 4
v 41 4
v 42 4
v 43 4
v 44 4
v 45 4
v 46 4
v 47 4
v 48 4
v 49 4
v 50 4
v 51 4
v 52 4
v 53 4
v 54 4
v 55 4
v 56 4
v 57 4
v 58 4
v 59 4
v 60 4
e 1 39 1
e 2 40 1
e 5 9 1
e 5 37 1
e 6 10 1
e 6 38 1
e 7 11 1
e 8 12 1
e 9 12 2
e 9 13 1
e 10 11 2
e 10 14 1
e 11 15 1
e 12 16 1
e 13 17 2
e 13 19 1
e 14 18 2
e 14 20 1
e 15 21 2
e 15 23 1
e 16 22 2
e 16 24 1
e 17 25 1
e 17 41 1
e 18 26 1
e 18 42 1
e 19 27 2
e 19 43 1
e 20 28 2
e 20 44 1
e 21 29 1
e 21 45 1
e 22 30 1
e 22 46 1
e 23 31 2
e 23 47 1
e 24 32 2
e 24 48 1
e 25 33 2
e 25 49 1
e 26 34 2
e 26 50 1
e 27 33 1
e 27 51 1
e 28 34 1
e 28 52 1
e 29 35 2
e 29 53 1
e 30 36 2
e 30 54 1
e 31 35 1
e 31 55 1
e 32 36 1
e 32 56 1
e 33 57 1
e 34 58 1
e 35 59 1
e 36 60 1
t # 3460
v 0 1
v 1 1
v 2 2
v 3 2
v 4 2
v 5 3
v 6 3
v 7 3
v 8 3
v 9 3
v 10 3
v 11 3
v 12 3
v 13 3
v 14 3
v 15 3
v 16 3
v 17 3
v 18 3
v 19 3
v 20 3
v 21 3
v 22 3
v 23 3
v 24 3
v 25 3
v 26 4
v 27 4
v 28 4
v 29 4
v 30 4
v 31 4
v 32 4
v 33 4
v 34 4
v 35 4
v 36 4
v 37 4
v 38 4
v 39 4
v 40 4
e 0 8 2
e 1 21 2
e 2 4 1
e 2 5 1
e 2 8 1
e 3 5 2
e 3 7 1
e 4 16 1
e 4 26 1
e 5 9 1
e 6 7 1
e 6 8 1
e 6 10 2
e 7 11 2
e 9 12 2
e 9 13 1
e 10 14 1
e 10 27 1
e 11 15 1
e 11 28 1
e 12 18 1
e 12 29 1
e 13 19 2
e 13 30 1
e 14 15 2
e 14 31 1
e 15 32 1
e 16 17 2
e 16 33 1
e 17 21 1
e 17 22 1
e 18 20 2
e 18 34 1
e 19 20 1
e 19 35 1
e 20 36 1
e 21 23 1
e 22 24 2
e 22 37 1
e 23 25 2
e 23 38 1
e 24 25 1
e 24 39 1
e 25 40 1
t # 3461
v 0 12
v 1 1
v 2 1
v 3 1
v 4 1
v 5 2
v 6 2
v 7 2
v 8 3
v 9 3
v 10 3
v 11 3
v 12 3
v 13 3
v 14 3
v 15 3
v 16 3
v 17 3
v 18 3
v 19 3
v 20 3
v 21 3
v 22 3
v 23 3
v 24 3
v 25 3
v 26 3
v 27 3
v 28 3
v 29 3
v 30 3
v 31 4
v 32 4
v 33 4
v 34 4
v 35 4
v 36 4
v 37 4
v 38 4
v 39 4
v 40 4
v 41 4
v 42 4
v 43 4
v 44 4
v 45 4
v 46 4
v 47 4
v 48 4
v 49 4
v 50 4
e 0 24 1
e 1 18 1
e 1 28 1
e 2 12 2
e 3 14 2
e 4 22 2
e 5 8 1
e 5 14 1
e 5 31 1
e 6 7 1
e 6 12 1
e 6 37 1
e 7 20 1
e 7 40 1
e 8 9 1
e 8 10 2
e 9 11 2
e 9 12 1
e 10 16 1
e 10 32 1
e 11 17 1
e 11 33 1
e 13 19 1
e 13 20 2
e 13 21 1
e 14 15 1
e 15 24 1
e 15 25 2
e 16 17 2
e 16 34 1
e 17 35 1
e 18 19 2
e 18 22 1
e 19 36 1
e 20 38 1
e 21 23 2
e 21 39 1
e 22 23 1
e 23 41 1
e 24 26 2
e 25 27 1
e 25 42 1
e 26 29 1
e 26 45 1
e 27 29 2
e 27 46 1
e 28 30 1
e 28 43 1
e 28 44 1
e 29 47 1
e 30 48 1
e 30 49 1
e 30 50 1
t # 3462
v 0 1
v 1 1
v 2 1
v 3 1
v 4 2
v 5 3
v 6 3
v 7 3
v 8 3
v 9 3
v 10 3
v 11 3
v 12 3
v 13 3
v 14 3
v 15 3
v 16 3
v 17 3
v 18 3
v 19 4
v 20 4
v 21 4
v 22 4
v 23 4
v 24 4
v 25 4
v 26 4
v 27 4
v 28 4
v 29 4
v 30 4
v 31 4
v 32 4
v 33 4
v 34 4
v 35 4
v 36 4
v 37 4
v 38 4
v 39 4
v 40 4
v 41 4
v 42 4
v 43 4
e 0 15 1
e 0 17 1
e 1 15 2
e 2 16 1
e 2 18 1
e 3 16 2
e 4 5 1
e 4 6 1
e 4 11 1
e 5 7 1
e 5 19 1
e 5 20 1
e 6 8 1
e 6 21 1
e 6 22 1
e 7 9 1
e 7 23 1
e 7 24 1
e 8 10 1
e 8 25 1
e 8 26 1
e 9 12 1
e 9 27 1
e 9 28 1
e 10 13 1
e 10 29 1
e 10 30 1
e 11 14 2
e 11 15 1
e 12 31 1
e 12 32 1
e 12 33 1
e 13 34 1
e 13 35 1
e 13 36 1
e 14 16 1
e 14 37 1
e 17 38 1
e 17 39 1
e 17 40 1
e 18 41 1
e 18 42 1
e 18 43 1
t # 3463
v 0 11
v 1 1
v 2 2
v 3 2
v 4 3
v 5 3
v 6 3
v 7 3
v 8 3
v 9 3
v 10 3
v 11 3
v 12 3
v 13 3
v 14 3
v 15 3
v 16 3
v 17 3
v 18 3
v 19 3
v 20 3
v 21 3
v 22 3
v 23 3
v 24 3
v 25 3
v 26 3
v 27 3
v 28 3
v 29 4
v 30 4
v 31 4
v 32 4
v 33 4
v 34 4
v 35 4
v 36 4
v 37 4
v 38 4
v 39 4
v 40 4
v 41 4
v 42 4
v 43 4
v 44 4
v 45 4
v 46 4
v 47 4
v 48 4
v 49 4
e 0 10 1
e 1 11 2
e 2 5 1
e 2 7 2
e 2 8 1
e 3 10 1
e 3 14 1
e 3 34 1
e 4 6 1
e 4 7 1
e 4 12 2
e 5 10 2
e 5 11 1
e 6 9 1
e 6 13 2
e 7 29 1
e 8 9 2
e 8 30 1
e 9 31 1
e 11 15 1
e 12 16 1
e 12 32 1
e 13 17 1
e 13 33 1
e 14 18 1
e 14 20 2
e 15 21 2
e 15 22 1
e 16 17 2
e 16 35 1
e 17 36 1
e 18 19 2
e 18 37 1
e 19 23 1
e 19 25 1
e 20 24 1
e 20 38 1
e 21 26 1
e 21 39 1
e 22 27 2
e 22 40 1
e 23 24 2
e 23 41 1
e 24 42 1
e 25 43 1
e 25 44 1
e 25 45 1
e 26 28 2
e 26 47 1
e 27 28 1
e 27 48 1
e 28 49 1
t # 3464
v 0 11
v 1 1
v 2 1
v 3 1
v 4 1
v 5 2
v 6 2
v 7 2
v 8 3
v 9 3
v 10 3
v 11 3
v 12 3
v 13 3
v 14 3
v 15 3
v 16 3
v 17 3
v 18 3
v 19 3
v 20 3
v 21 3
v 22 3
v 23 3
v 24 3
v 25 3
v 26 3
v 27 3
v 28 3
v 29 3
v 30 3
v 31 3
v 32 3
v 33 4
v 34 4
v 35 4
v 36 4
v 37 4
v 38 4
v 39 4
v 40 4
v 41 4
v 42 4
v 43 4
v 44 4
v 45 4
v 46 4
v 47 4
v 48 4
v 49 4
v 50 4
v 51 4
v 52 4
e 0 15 1
e 1 14 2
e 2 29 1
e 2 32 1
e 5 8 1
e 5 9 1
e 5 11 2
e 6 15 1
e 6 21 1
e 6 40 1
e 7 27 1
e 8 10 1
e 8 12 2
e 9 14 1
e 9 15 2
e 10 13 1
e 10 17 2
e 11 16 1
e 11 33 1
e 12 19 1
e 12 34 1
e 13 16 2
e 13 35 1
e 14 18 1
e 16 36 1
e 17 20 1
e 17 37 1
e 18 22 2
e 18 23 1
e 19 20 2
e 19 38 1
e 20 39 1
e 21 24 2
e 21 28 1
e 22 25 1
e 22 41 1
e 23 26 2
e 23 42 1
e 24 29 1
e 24 43 1
e 25 27 2
e 25 44 1
e 26 27 1
e 26 45 1
e 28 30 2
e 28 46 1
e 29 31 2
e 30 31 1
e 30 48 1
e 31 49 1
e 32 50 1
e 32 51 1
e 32 52 1
t # 3465
v 0 1
v 1 1
v 2 2
v 3 3
v 4 3
v 5 3
v 6 3
v 7 3
v 8 3
v 9 3
v 10 3
v 11 3
v 12 3
v 13 3
v 14 3
v 15 3
v 16 3
v 17 3
v 18 3
v 19 3
v 20 3
v 21 3
v 22 3
v 23 3
v 24 4
v 25 4
v 26 4
v 27 4
v 28 4
v 29 4
v 30 4
v 31 4
v 32 4
v 33 4
v 34 4
v 35 4
v 36 4
v 37 4
v 38 4
e 0 11 1
e 0 38 1
e 1 10 2
e 2 5 1
e 2 6 2
e 3 4 1
e 3 8 1
e 3 11 2
e 4 7 1
e 4 13 2
e 5 8 2
e 5 10 1
e 6 9 1
e 6 10 1
e 7 12 1
e 7 16 2
e 8 24 1
e 9 15 1
e 9 18 2
e 11 14 1
e 12 14 2
e 12 25 1
e 13 19 1
e 13 26 1
e 14 27 1
e 15 17 2
e 15 28 1
e 16 20 1
e 16 29 1
e 17 21 1
e 17 23 1
e 18 22 1
e 18 30 1
e 19 20 2
e 19 31 1
e 20 32 1
e 21 22 2
e 21 33 1
e 22 34 1
e 23 35 1
e 23 36 1
e 23 37 1
t # 3466
v 0 1
v 1 1
v 2 1
v 3 1
v 4 3
v 5 3
v 6 3
v 7 3
v 8 3
v 9 3
v 10 3
v 11 3
v 12 3
v 13 3
v 14 3
v 15 3
v 16 3
v 17 3
v 18 3
v 19 3
v 20 3
v 21 3
v 22 3
v 23 3
v 24 3
v 25 3
v 26 4
v 27 4
v 28 4
v 29 4
v 30 4
v 31 4
v 32 4
v 33 4
v 34 4
v 35 4
v 36 4
v 37 4
v 38 4
v 39 4
v 40 4
v 41 4
v 42 4
v 43 4
v 44 4
v 45 4
e 0 12 1
e 0 23 1
e 1 13 1
e 1 24 1
e 2 14 1
e 2 25 1
e 3 18 2
e 4 5 1
e 4 7 1
e 4 11 2
e 5 9 1
e 5 15 2
e 6 7 2
e 6 10 1
e 6 18 1
e 7 26 1
e 8 16 2
e 8 17 1
e 8 19 1
e 9 10 2
e 9 27 1
e 10 28 1
e 11 21 1
e 11 29 1
e 12 13 2
e 12 14 1
e 13 16 1
e 14 17 2
e 15 22 1
e 15 32 1
e 16 30 1
e 17 31 1
e 18 20 1
e 19 20 2
e 19 33 1
e 20 34 1
e 21 22 2
e 21 35 1
e 22 36 1
e 23 37 1
e 23 38 1
e 23 39 1
e 24 40 1
e 24 41 1
e 24 42 1
e 25 43 1
e 25 44 1
e 25 45 1
t # 3467
v 0 26
v 1 1
v 2 1
v 3 1
v 4 1
v 5 2
v 6 2
v 7 2
v 8 2
v 9 3
v 10 3
v 11 3
v 12 3
v 13 3
v 14 3
v 15 3
v 16 3
v 17 3
v 18 3
v 19 3
v 20 3
v 21 3
v 22 3
v 23 3
v 24 3
v 25 3
v 26 3
v 27 3
v 28 3
v 29 3
v 30 3
v 31 3
v 32 3
v 33 3
v 34 3
v 35 3
v 36 3
v 37 4
v 38 4
v 39 4
v 40 4
v 41 4
v 42 4
v 43 4
v 44 4
v 45 4
v 46 4
v 47 4
v 48 4
v 49 4
v 50 4
v 51 4
v 52 4
v 53 4
v 54 4
v 55 4
v 56 4
v 57 4
v 58 4
v 59 4
v 60 4
e 1 39 1
e 2 40 1
e 5 9 1
e 5 37 1
e 6 10 1
e 6 38 1
e 7 11 1
e 8 12 1
e 9 12 2
e 9 13 1
e 10 11 2
e 10 14 1
e 11 15 1
e 12 16 1
e 13 17 2
e 13 19 1
e 14 18 2
e 14 20 1
e 15 21 2
e 15 23 1
e 16 22 2
e 16 24 1
e 17 25 1
e 17 41 1
e 18 26 1
e 18 42 1
e 19 27 2
e 19 43 1
e 20 28 2
e 20 44 1
e 21 29 1
e 21 45 1
e 22 30 1
e 22 46 1
e 23 31 2
e 23 47 1
e 24 32 2
e 24 48 1
e 25 33 2
e 25 49 1
e 26 34 2
e 26 50 1
e 27 33 1
e 27 51 1
e 28 34 1
e 28 52 1
e 29 35 2
e 29 53 1
e 30 36 2
e 30 54 1
e 31 35 1
e 31 55 1
e 32 36 1
e 32 56 1
e 33 57 1
e 34 58 1
e 35 59 1
e 36 60 1
t # 3468
v 0 1
v 1 1
v 2 1
v 3 1
v 4 1
v 5 1
v 6 1
v 7 1
v 8 2
v 9 2
v 10 2
v 11 3
v 12 3
v 13 3
v 14 3
v 15 3
v 16 3
v 17 3
v 18 3
v 19 3
v 20 3
v 21 3
v 22 3
v 23 3
v 24 3
v 25 3
v 26 3
v 27 3
v 28 3
v 29 3
v 30 3
v 31 3
v 32 3
v 33 3
v 34 3
v 35 3
v 36 4
v 37 4
v 38 4
v 39 4
v 40 4
v 41 4
v 42 4
v 43 4
v 44 4
v 45 4
v 46 4
v 47 4
v 48 4
v 49 4
v 50 4
v 51 4
v 52 4
v 53 4
v 54 4
v 55 4
v 56 4
v 57 4
v 58 4
v 59 4
v 60 4
v 61 4
v 62 4
v 63 4
v 64 4
v 65 4
v 66 4
v 67 4
v 68 4
e 0 16 2
e 1 20 1
e 1 23 1
e 4 20 2
e 5 45 1
e 6 21 2
e 8 12 1
e 9 17 2
e 10 30 1
e 10 31 1
e 10 32 1
e 11 12 1
e 11 14 1
e 11 17 1
e 11 36 1
e 12 13 1
e 12 37 1
e 13 16 1
e 13 18 1
e 13 38 1
e 14 15 1
e 14 20 1
e 14 39 1
e 15 16 1
e 15 40 1
e 15 41 1
e 17 19 1
e 18 19 2
e 18 21 1
e 19 42 1
e 21 22 1
e 22 24 2
e 22 25 1
e 23 26 1
e 23 43 1
e 23 44 1
e 24 27 1
e 24 46 1
e 25 28 2
e 25 47 1
e 26 48 1
e 26 49 1
e 26 50 1
e 27 29 2
e 27 51 1
e 28 29 1
e 28 52 1
e 29 53 1
e 30 33 1
e 30 54 1
e 30 55 1
e 31 34 1
e 31 56 1
e 31 57 1
e 32 35 1
e 32 58 1
e 32 59 1
e 33 60 1
e 33 61 1
e 33 62 1
e 34 63 1
e 34 64 1
e 34 65 1
e 35 66 1
e 35 67 1
e 35 68 1
t # 3469
v 0 1
v 1 1
v 2 1
v 3 1
v 4 1
v 5 1
v 6 1
v 7 1
v 8 1
v 9 1
v 10 1
v 11 1
v 12 1
v 13 2
v 14 2
v 15 2
v 16 2
v 17 2
v 18 3
v 19 3
v 20 3
v 21 3
v 22 3
v 23 3
v 24 3
v 25 3
v 26 3
v 27 3
v 28 3
v 29 3
v 30 3
v 31 3
v 32 3
v 33 3
v 34 3
v 35 3
v 36 3
v 37 3
v 38 3
v 39 3
v 40 3
v 41 4
v 42 4
v 43 4
v 44 4
v 45 4
v 46 4
v 47 4
v 48 4
v 49 4
v 50 4
v 51 4
v 52 4
v 53 4
v 54 4
v 55 4
v 56 4
v 57 4
v 58 4
v 59 4
v 60 4
v 61 4
v 62 4
v 63 4
v 64 4
v 65 4
v 66 4
v 67 4
v 68 4
v 69 4
e 0 26 2
e 1 27 1
e 1 33 1
e 4 30 1
e 4 34 1
e 5 27 2
e 6 47 1
e 7 30 1
e 7 48 1
e 13 19 1
e 14 23 2
e 15 29 1
e 16 31 1
e 17 35 1
e 17 36 1
e 17 37 1
e 18 19 1
e 18 21 1
e 18 23 1
e 18 41 1
e 19 20 1
e 19 42 1
e 20 22 1
e 20 24 1
e 20 43 1
e 21 26 1
e 21 27 1
e 21 44 1
e 22 25 2
e 22 28 1
e 23 25 1
e 24 26 1
e 24 30 2
e 25 29 1
e 28 31 2
e 28 45 1
e 29 32 2
e 31 32 1
e 32 46 1
e 33 49 1
e 33 50 1
e 33 51 1
e 34 52 1
e 34 53 1
e 34 54 1
e 35 38 1
e 35 55 1
e 35 56 1
e 36 39 1
e 36 57 1
e 36 58 1
e 37 40 1
e 37 59 1
e 37 60 1
e 38 61 1
e 38 62 1
e 38 63 1
e 39 64 1
e 39 65 1
e 39 66 1
e 40 67 1
e 40 68 1
e 40 69 1
t # 3470
v 0 26
v 1 11
v 2 11
v 3 1
v 4 1
v 5 2
v 6 2
v 7 3
v 8 3
v 9 3
v 10 3
v 11 3
v 12 3
v 13 3
v 14 3
v 15 3
v 16 3
v 17 3
v 18 3
v 19 3
v 20 3
v 21 3
v 22 3
v 23 3
v 24 3
v 25 3
v 26 3
v 27 3
v 28 3
v 29 3
v 30 3
v 31 3
v 32 3
v 33 4
v 34 4
v 35 4
v 36 4
v 37 4
v 38 4
v 39 4
v 40 4
v 41 4
v 42 4
v 43 4
v 44 4
v 45 4
v 46 4
v 47 4
v 48 4
v 49 4
v 50 4
v 51 4
v 52 4
v 53 4
v 54 4
e 1 17 1
e 2 18 1
e 3 11 2
e 4 12 2
e 5 7 1
e 5 33 1
e 6 8 1
e 6 34 1
e 7 10 2
e 7 35 1
e 8 9 2
e 8 36 1
e 9 11 1
e 9 13 1
e 10 12 1
e 10 14 1
e 11 15 1
e 12 16 1
e 13 19 2
e 13 37 1
e 14 20 2
e 14 38 1
e 15 21 2
e 15 39 1
e 16 22 2
e 16 40 1
e 17 23 2
e 17 25 1
e 18 24 2
e 18 26 1
e 19 21 1
e 19 41 1
e 20 22 1
e 20 42 1
e 21 43 1
e 22 44 1
e 23 27 1
e 23 45 1
e 24 28 1
e 24 46 1
e 25 29 2
e 25 47 1
e 26 30 2
e 26 48 1
e 27 31 2
e 27 49 1
e 28 32 2
e 28 50 1
e 29 31 1
e 29 51 1
e 30 32 1
e 30 52 1
e 31 53 1
e 32 54 1
t # 3471
v 0 1
v 1 1
v 2 2
v 3 3
v 4 3
v 5 3
v 6 3
v 7 3
v 8 3
v 9 3
v 10 3
v 11 3
v 12 3
v 13 4
v 14 4
v 15 4
v 16 4
v 17 4
v 18 4
v 19 4
v 20 4
v 21 4
v 22 4
v 23 4
v 24 4
v 25 4
v 26 4
v 27 4
v 28 4
v 29 4
v 30 4
v 31 4
v 32 4
e 0 8 1
e 0 9 1
e 1 9 2
e 2 3 1
e 2 5 1
e 2 6 1
e 2 7 1
e 3 4 1
e 3 13 1
e 3 14 1
e 4 8 1
e 4 15 1
e 4 16 1
e 5 17 1
e 5 18 1
e 5 19 1
e 6 20 1
e 6 21 1
e 6 22 1
e 7 23 1
e 7 24 1
e 7 25 1
e 8 26 1
e 8 27 1
e 9 10 1
e 10 11 2
e 10 28 1
e 11 12 1
e 11 29 1
e 12 30 1
e 12 31 1
e 12 32 1
t # 3472
v 0 1
v 1 1
v 2 1
v 3 2
v 4 3
v 5 3
v 6 3
v 7 3
v 8 3
v 9 3
v 10 3
v 11 3
v 12 3
v 13 3
v 14 3
v 15 3
v 16 3
v 17 3
v 18 3
v 19 3
v 20 3
v 21 3
v 22 3
v 23 3
v 24 3
v 25 4
v 26 4
v 27 4
v 28 4
v 29 4
v 30 4
v 31 4
v 32 4
v 33 4
v 34 4
v 35 4
v 36 4
v 37 4
v 38 4
v 39 4
v 40 4
v 41 4
v 42 4
v 43 4
v 44 4
v 45 4
v 46 4
v 47 4
e 0 17 1
e 0 22 1
e 1 19 1
e 1 23 1
e 2 21 1
e 2 24 1
e 3 4 1
e 3 8 1
e 3 11 1
e 4 5 1
e 4 7 1
e 4 25 1
e 5 6 2
e 5 9 1
e 6 10 1
e 6 13 1
e 7 12 2
e 7 26 1
e 8 10 2
e 8 27 1
e 9 14 2
e 9 28 1
e 10 29 1
e 11 30 1
e 11 31 1
e 11 32 1
e 12 14 1
e 12 33 1
e 13 15 2
e 13 34 1
e 14 35 1
e 15 16 1
e 15 36 1
e 16 17 1
e 16 18 2
e 17 20 2
e 18 19 1
e 18 37 1
e 19 21 2
e 20 21 1
e 20 38 1
e 22 39 1
e 22 40 1
e 22 41 1
e 23 42 1
e 23 43 1
e 23 44 1
e 24 45 1
e 24 46 1
e 24 47 1
t # 3473
v 0 11
v 1 2
v 2 2
v 3 3
v 4 3
v 5 3
v 6 3
v 7 3
v 8 3
v 9 3
v 10 3
v 11 3
v 12 3
v 13 3
v 14 3
v 15 3
v 16 3
v 17 3
v 18 3
v 19 3
v 20 4
v 21 4
v 22 4
v 23 4
v 24 4
v 25 4
v 26 4
v 27 4
v 28 4
v 29 4
v 30 4
v 31 4
v 32 4
v 33 4
v 34 4
v 35 4
v 36 4
v 37 4
v 38 4
v 39 4
v 40 4
e 0 11 1
e 0 12 1
e 1 6 1
e 1 7 1
e 1 8 2
e 2 10 1
e 2 11 1
e 2 16 1
e 3 4 1
e 3 5 1
e 3 20 1
e 3 21 1
e 4 6 1
e 4 22 1
e 4 23 1
e 5 7 1
e 5 24 1
e 5 25 1
e 6 26 1
e 6 27 1
e 7 28 1
e 7 29 1
e 8 9 1
e 8 30 1
e 9 13 2
e 9 31 1
e 10 12 1
e 10 15 2
e 11 14 2
e 12 17 2
e 13 14 1
e 13 32 1
e 14 33 1
e 15 18 1
e 15 34 1
e 16 35 1
e 16 36 1
e 16 37 1
e 17 19 1
e 17 38 1
e 18 19 2
e 18 39 1
e 19 40 1
t # 3474
v 0 11
v 1 1
v 2 1
v 3 2
v 4 3
v 5 3
v 6 3
v 7 3
v 8 3
v 9 3
v 10 3
v 11 3
v 12 3
v 13 3
v 14 4
v 15 4
v 16 4
v 17 4
v 18 4
v 19 4
v 20 4
v 21 4
v 22 4
v 23 4
v 24 4
e 0 4 1
e 0 6 1
e 1 9 1
e 1 24 1
e 2 13 2
e 3 5 1
e 3 6 1
e 3 17 1
e 4 5 1
e 4 7 1
e 4 14 1
e 5 15 1
e 5 16 1
e 6 8 2
e 7 18 1
e 7 19 1
e 7 20 1
e 8 9 1
e 8 10 1
e 9 11 2
e 10 12 2
e 10 21 1
e 11 13 1
e 11 22 1
e 12 13 1
e 12 23 1
t # 3475
v 0 11
v 1 1
v 2 2
v 3 3
v 4 3
v 5 3
v 6 3
v 7 3
v 8 3
v 9 3
v 10 3
v 11 3
v 12 3
v 13 3
v 14 3
v 15 3
v 16 3
v 17 4
v 18 4
v 19 4
v 20 4
v 21 4
v 22 4
v 23 4
v 24 4
v 25 4
v 26 4
v 27 4
v 28 4
v 29 4
v 30 4
v 31 4
v 32 4
v 33 4
v 34 4
v 35 4
e 0 3 1
e 0 8 1
e 1 15 2
e 2 6 1
e 2 8 1
e 2 21 1
e 3 6 1
e 3 11 1
e 3 17 1
e 4 5 1
e 4 8 2
e 4 9 1
e 5 7 1
e 5 10 2
e 6 18 1
e 6 19 1
e 7 12 1
e 7 13 1
e 7 20 1
e 9 14 2
e 9 22 1
e 10 15 1
e 10 23 1
e 11 24 1
e 11 25 1
e 11 26 1
e 12 27 1
e 12 28 1
e 12 29 1
e 13 30 1
e 13 31 1
e 13 32 1
e 14 15 1
e 14 16 1
e 16 33 1
e 16 34 1
e 16 35 1
t # 3476
v 0 11
v 1 1
v 2 2
v 3 3
v 4 3
v 5 3
v 6 3
v 7 3
v 8 3
v 9 3
v 10 3
v 11 3
v 12 3
v 13 3
v 14 3
v 15 4
v 16 4
v 17 4
v 18 4
v 19 4
v 20 4
v 21 4
v 22 4
v 23 4
v 24 4
v 25 4
v 26 4
v 27 4
v 28 4
v 29 4
e 0 3 1
e 0 5 1
e 1 13 2
e 2 4 1
e 2 5 1
e 2 17 1
e 3 4 1
e 3 6 1
e 3 7 1
e 4 15 1
e 4 16 1
e 5 8 2
e 6 18 1
e 6 19 1
e 6 20 1
e 7 21 1
e 7 22 1
e 7 23 1
e 8 9 1
e 8 10 1
e 9 11 2
e 9 24 1
e 10 12 2
e 10 25 1
e 11 13 1
e 11 14 1
e 12 13 1
e 12 26 1
e 14 27 1
e 14 28 1
e 14 29 1
t # 3477
v 0 11
v 1 1
v 2 2
v 3 3
v 4 3
v 5 3
v 6 3
v 7 3
v 8 3
v 9 3
v 10 3
v 11 3
v 12 3
v 13 3
v 14 3
v 15 3
v 16 3
v 17 4
v 18 4
v 19 4
v 20 4
v 21 4
v 22 4
v 23 4
v 24 4
v 25 4
v 26 4
v 27 4
v 28 4
v 29 4
e 0 3 1
e 0 5 1
e 1 10 2
e 2 4 1
e 2 5 1
e 2 20 1
e 3 4 1
e 3 8 1
e 3 17 1
e 4 18 1
e 4 19 1
e 5 6 2
e 6 7 1
e 6 10 1
e 7 9 1
e 7 11 2
e 8 21 1
e 8 22 1
e 8 23 1
e 9 12 1
e 9 14 2
e 10 13 1
e 11 15 1
e 11 24 1
e 12 13 2
e 12 25 1
e 13 26 1
e 14 16 1
e 14 27 1
e 15 16 2
e 15 28 1
e 16 29 1
t # 3478
v 0 11
v 1 1
v 2 2
v 3 3
v 4 3
v 5 3
v 6 3
v 7 3
v 8 3
v 9 3
v 10 3
v 11 3
v 12 3
v 13 3
v 14 3
v 15 4
v 16 4
v 17 4
v 18 4
v 19 4
v 20 4
v 21 4
v 22 4
v 23 4
v 24 4
v 25 4
v 26 4
v 27 4
v 28 4
v 29 4
e 0 3 1
e 0 5 1
e 1 14 2
e 2 4 1
e 2 5 1
e 2 17 1
e 3 4 1
e 3 6 1
e 3 7 1
e 4 15 1
e 4 16 1
e 5 8 2
e 6 18 1
e 6 19 1
e 6 20 1
e 7 21 1
e 7 22 1
e 7 23 1
e 8 9 1
e 8 10 1
e 9 11 2
e 9 12 1
e 10 13 2
e 10 24 1
e 11 14 1
e 11 25 1
e 12 26 1
e 12 27 1
e 12 28 1
e 13 14 1
e 13 29 1
t # 3479
v 0 11
v 1 1
v 2 1
v 3 2
v 4 3
v 5 3
v 6 3
v 7 3
v 8 3
v 9 3
v 10 3
v 11 3
v 12 3
v 13 3
v 14 4
v 15 4
v 16 4
v 17 4
v 18 4
v 19 4
v 20 4
v 21 4
v 22 4
v 23 4
v 24 4
e 0 4 1
e 0 6 1
e 1 11 1
e 1 24 1
e 2 13 2
e 3 5 1
e 3 6 1
e 3 17 1
e 4 5 1
e 4 7 1
e 4 14 1
e 5 15 1
e 5 16 1
e 6 8 2
e 7 18 1
e 7 19 1
e 7 20 1
e 8 9 1
e 8 10 1
e 9 11 2
e 9 21 1
e 10 12 2
e 10 22 1
e 11 13 1
e 12 13 1
e 12 23 1
t # 3480
v 0 1
v 1 1
v 2 1
v 3 1
v 4 1
v 5 2
v 6 2
v 7 2
v 8 2
v 9 3
v 10 3
v 11 3
v 12 3
v 13 3
v 14 3
v 15 3
v 16 3
v 17 3
v 18 3
v 19 3
v 20 3
v 21 3
v 22 3
v 23 3
v 24 3
v 25 4
v 26 4
v 27 4
v 28 4
v 29 4
v 30 4
v 31 4
v 32 4
v 33 4
v 34 4
v 35 4
v 36 4
v 37 4
v 38 4
v 39 4
v 40 4
e 0 16 1
e 1 20 1
e 1 24 1
e 2 17 2
e 5 9 1
e 5 10 1
e 5 12 1
e 6 16 1
e 6 19 2
e 7 19 1
e 7 35 1
e 8 24 1
e 9 11 1
e 9 13 1
e 9 25 1
e 10 16 2
e 10 17 1
e 11 15 2
e 11 26 1
e 12 14 2
e 12 27 1
e 13 28 1
e 13 29 1
e 13 30 1
e 14 15 1
e 14 18 1
e 15 31 1
e 17 21 1
e 18 32 1
e 18 33 1
e 18 34 1
e 19 20 1
e 20 22 2
e 21 36 1
e 21 37 1
e 21 38 1
e 22 23 1
e 22 39 1
e 23 24 2
e 23 40 1
t # 3481
v 0 26
v 1 1
v 2 1
v 3 2
v 4 2
v 5 3
v 6 3
v 7 3
v 8 3
v 9 3
v 10 3
v 11 3
v 12 3
v 13 3
v 14 3
v 15 3
v 16 3
v 17 3
v 18 3
v 19 3
v 20 3
v 21 3
v 22 3
v 23 3
v 24 3
v 25 4
v 26 4
v 27 4
v 28 4
v 29 4
v 30 4
v 31 4
v 32 4
v 33 4
v 34 4
v 35 4
v 36 4
v 37 4
v 38 4
v 39 4
v 40 4
v 41 4
v 42 4
v 43 4
v 44 4
v 45 4
v 46 4
e 1 15 2
e 2 16 2
e 3 5 1
e 3 11 1
e 3 27 1
e 4 6 1
e 4 12 1
e 4 28 1
e 5 6 1
e 5 7 1
e 5 25 1
e 6 8 1
e 6 26 1
e 7 9 1
e 7 29 1
e 7 30 1
e 8 10 1
e 8 31 1
e 8 32 1
e 9 10 1
e 9 33 1
e 9 34 1
e 10 35 1
e 10 36 1
e 11 14 2
e 11 37 1
e 12 13 2
e 12 38 1
e 13 15 1
e 13 17 1
e 14 16 1
e 14 18 1
e 15 19 1
e 16 20 1
e 17 21 2
e 17 39 1
e 18 22 2
e 18 40 1
e 19 23 2
e 19 41 1
e 20 24 2
e 20 42 1
e 21 23 1
e 21 43 1
e 22 24 1
e 22 44 1
e 23 45 1
e 24 46 1
t # 3482
v 0 1
v 1 1
v 2 1
v 3 1
v 4 3
v 5 3
v 6 3
v 7 3
v 8 3
v 9 3
v 10 3
v 11 3
v 12 3
v 13 3
v 14 3
v 15 3
v 16 3
v 17 3
v 18 3
v 19 3
v 20 3
v 21 3
v 22 3
v 23 3
v 24 3
v 25 3
v 26 3
v 27 3
v 28 3
v 29 3
v 30 3
v 31 3
v 32 3
v 33 3
v 34 4
v 35 4
v 36 4
v 37 4
v 38 4
v 39 4
v 40 4
v 41 4
v 42 4
v 43 4
v 44 4
v 45 4
v 46 4
v 47 4
v 48 4
v 49 4
v 50 4
v 51 4
v 52 4
v 53 4
v 54 4
v 55 4
v 56 4
v 57 4
v 58 4
v 59 4
e 0 4 1
e 0 8 1
e 1 5 1
e 1 9 1
e 2 25 1
e 2 28 1
e 3 28 2
e 4 5 2
e 4 7 1
e 5 10 1
e 6 7 2
e 6 11 1
e 6 14 1
e 7 34 1
e 8 12 1
e 8 35 1
e 8 36 1
e 9 13 1
e 9 37 1
e 9 38 1
e 10 11 2
e 10 39 1
e 11 40 1
e 12 15 2
e 12 16 1
e 13 17 2
e 13 18 1
e 14 22 2
e 14 41 1
e 15 20 1
e 15 42 1
e 16 21 2
e 16 43 1
e 17 23 1
e 17 44 1
e 18 24 2
e 18 45 1
e 19 25 1
e 19 29 2
e 19 30 1
e 20 26 2
e 20 46 1
e 21 26 1
e 21 47 1
e 22 28 1
e 22 48 1
e 23 27 2
e 23 49 1
e 24 27 1
e 24 50 1
e 25 51 1
e 25 52 1
e 26 53 1
e 27 54 1
e 29 31 1
e 29 55 1
e 30 32 2
e 30 56 1
e 31 33 2
e 31 57 1
e 32 33 1
e 32 58 1
e 33 59 1
t # 3483
v 0 1
v 1 1
v 2 2
v 3 3
v 4 3
v 5 3
v 6 3
v 7 3
v 8 3
v 9 3
v 10 3
v 11 3
v 12 3
v 13 3
v 14 3
v 15 3
v 16 3
v 17 3
v 18 3
v 19 3
v 20 3
v 21 3
v 22 3
v 23 3
v 24 4
v 25 4
v 26 4
v 27 4
v 28 4
v 29 4
v 30 4
v 31 4
v 32 4
v 33 4
v 34 4
v 35 4
v 36 4
v 37 4
v 38 4
v 39 4
v 40 4
v 41 4
v 42 4
v 43 4
v 44 4
e 0 11 1
e 0 15 1
e 1 15 2
e 2 3 1
e 2 4 1
e 2 7 1
e 3 5 1
e 3 24 1
e 3 25 1
e 4 6 1
e 4 26 1
e 4 27 1
e 5 8 1
e 5 28 1
e 5 29 1
e 6 9 1
e 6 10 2
e 7 8 2
e 7 30 1
e 8 31 1
e 9 11 1
e 9 12 2
e 10 13 1
e 10 32 1
e 11 33 1
e 11 34 1
e 12 14 1
e 12 35 1
e 13 14 2
e 13 36 1
e 14 37 1
e 15 16 1
e 16 18 2
e 16 38 1
e 17 18 1
e 17 19 2
e 17 20 1
e 18 39 1
e 19 21 1
e 19 40 1
e 20 22 2
e 20 41 1
e 21 23 2
e 21 42 1
e 22 23 1
e 22 43 1
e 23 44 1
t # 3484
v 0 1
v 1 1
v 2 2
v 3 3
v 4 3
v 5 3
v 6 3
v 7 3
v 8 3
v 9 3
v 10 3
v 11 3
v 12 3
v 13 3
v 14 3
v 15 3
v 16 3
v 17 3
v 18 3
v 19 3
v 20 3
v 21 3
v 22 3
v 23 3
v 24 3
v 25 4
v 26 4
v 27 4
v 28 4
v 29 4
v 30 4
v 31 4
v 32 4
v 33 4
v 34 4
v 35 4
v 36 4
v 37 4
v 38 4
v 39 4
v 40 4
v 41 4
v 42 4
v 43 4
v 44 4
v 45 4
v 46 4
v 47 4
v 48 4
v 49 4
e 0 12 1
e 0 16 1
e 1 16 2
e 2 3 1
e 2 4 1
e 2 8 1
e 3 5 1
e 3 25 1
e 3 26 1
e 4 6 1
e 4 27 1
e 4 28 1
e 5 7 1
e 5 29 1
e 5 30 1
e 6 7 1
e 6 31 1
e 6 32 1
e 7 33 1
e 7 34 1
e 8 9 1
e 8 35 1
e 8 36 1
e 9 10 1
e 9 11 2
e 10 12 1
e 10 13 2
e 11 14 1
e 11 37 1
e 12 38 1
e 12 39 1
e 13 15 1
e 13 40 1
e 14 15 2
e 14 41 1
e 15 42 1
e 16 17 1
e 17 18 2
e 17 43 1
e 18 19 1
e 18 44 1
e 19 20 2
e 19 21 1
e 20 22 1
e 20 45 1
e 21 23 2
e 21 46 1
e 22 24 2
e 22 47 1
e 23 24 1
e 23 48 1
e 24 49 1
t # 3485
v 0 1
v 1 1
v 2 2
v 3 3
v 4 3
v 5 3
v 6 3
v 7 3
v 8 3
v 9 3
v 10 3
v 11 3
v 12 3
v 13 3
v 14 3
v 15 3
v 16 3
v 17 3
v 18 3
v 19 3
v 20 3
v 21 3
v 22 4
v 23 4
v 24 4
v 25 4
v 26 4
v 27 4
v 28 4
v 29 4
v 30 4
v 31 4
v 32 4
v 33 4
v 34 4
v 35 4
v 36 4
v 37 4
v 38 4
v 39 4
v 40 4
v 41 4
v 42 4
e 0 7 1
e 0 13 1
e 1 13 2
e 2 4 1
e 2 10 1
e 2 11 1
e 3 4 1
e 3 5 1
e 3 6 2
e 4 22 1
e 4 23 1
e 5 7 1
e 5 8 2
e 6 9 1
e 6 24 1
e 7 25 1
e 7 26 1
e 8 12 1
e 8 27 1
e 9 12 2
e 9 28 1
e 10 29 1
e 10 30 1
e 10 31 1
e 11 32 1
e 11 33 1
e 11 34 1
e 12 35 1
e 13 15 1
e 14 16 1
e 14 17 2
e 14 18 1
e 15 16 2
e 15 36 1
e 16 37 1
e 17 19 1
e 17 38 1
e 18 20 2
e 18 39 1
e 19 21 2
e 19 40 1
e 20 21 1
e 20 41 1
e 21 42 1
t # 3486
v 0 1
v 1 1
v 2 2
v 3 3
v 4 3
v 5 3
v 6 3
v 7 3
v 8 3
v 9 3
v 10 3
v 11 3
v 12 3
v 13 3
v 14 3
v 15 3
v 16 3
v 17 3
v 18 3
v 19 3
v 20 3
v 21 3
v 22 3
v 23 3
v 24 4
v 25 4
v 26 4
v 27 4
v 28 4
v 29 4
v 30 4
v 31 4
v 32 4
v 33 4
v 34 4
v 35 4
v 36 4
v 37 4
v 38 4
v 39 4
v 40 4
v 41 4
v 42 4
v 43 4
v 44 4
v 45 4
v 46 4
v 47 4
v 48 4
e 0 11 1
e 0 15 1
e 1 15 2
e 2 3 1
e 2 5 1
e 2 6 1
e 3 4 1
e 3 24 1
e 3 25 1
e 4 7 1
e 4 8 2
e 5 9 1
e 5 26 1
e 5 27 1
e 6 10 1
e 6 28 1
e 6 29 1
e 7 11 1
e 7 12 2
e 8 13 1
e 8 30 1
e 9 31 1
e 9 32 1
e 9 33 1
e 10 34 1
e 10 35 1
e 10 36 1
e 11 37 1
e 11 38 1
e 12 14 1
e 12 39 1
e 13 14 2
e 13 40 1
e 14 41 1
e 15 16 1
e 16 18 2
e 16 42 1
e 17 18 1
e 17 19 2
e 17 20 1
e 18 43 1
e 19 21 1
e 19 44 1
e 20 22 2
e 20 45 1
e 21 23 2
e 21 46 1
e 22 23 1
e 22 47 1
e 23 48 1
t # 3487
v 0 9
v 1 12
v 2 12
v 3 1
v 4 1
v 5 2
v 6 2
v 7 3
v 8 3
v 9 3
v 10 3
v 11 3
v 12 3
v 13 3
v 14 3
v 15 3
v 16 3
v 17 3
v 18 3
v 19 3
v 20 3
v 21 3
v 22 3
v 23 3
v 24 3
v 25 4
v 26 4
v 27 4
v 28 4
v 29 4
v 30 4
v 31 4
v 32 4
v 33 4
v 34 4
v 35 4
v 36 4
v 37 4
v 38 4
v 39 4
v 40 4
v 41 4
v 42 4
v 43 4
v 44 4
v 45 4
v 46 4
e 3 13 2
e 4 14 2
e 5 7 1
e 5 9 1
e 5 29 1
e 6 8 1
e 6 10 1
e 6 30 1
e 7 8 1
e 7 25 1
e 7 26 1
e 8 27 1
e 8 28 1
e 9 11 2
e 9 31 1
e 10 12 2
e 10 32 1
e 11 13 1
e 11 15 1
e 12 14 1
e 12 16 1
e 13 17 1
e 14 18 1
e 15 19 2
e 15 33 1
e 16 20 2
e 16 34 1
e 17 21 2
e 17 35 1
e 18 22 2
e 18 36 1
e 19 21 1
e 19 37 1
e 20 22 1
e 20 38 1
e 21 39 1
e 22 40 1
e 23 41 1
e 23 42 1
e 23 43 1
e 24 44 1
e 24 45 1
e 24 46 1
t # 3488
v 0 14
v 1 14
v 2 14
v 3 1
v 4 1
v 5 1
v 6 1
v 7 1
v 8 1
v 9 1
v 10 1
v 11 1
v 12 1
v 13 1
v 14 1
v 15 2
v 16 2
v 17 2
v 18 2
v 19 3
v 20 3
v 21 3
v 22 3
v 23 3
v 24 3
v 25 3
v 26 3
v 27 3
v 28 3
v 29 3
v 30 3
v 31 3
v 32 3
v 33 3
v 34 3
v 35 3
v 36 3
v 37 3
v 38 3
v 39 3
v 40 3
v 41 3
v 42 3
v 43 3
v 44 3
v 45 3
v 46 3
v 47 3
v 48 3
v 49 3
v 50 3
v 51 3
v 52 3
v 53 3
v 54 3
v 55 3
v 56 3
v 57 3
v 58 3
v 59 3
v 60 3
v 61 3
v 62 3
v 63 3
v 64 3
v 65 3
v 66 3
v 67 3
v 68 3
v 69 4
v 70 4
v 71 4
v 72 4
v 73 4
v 74 4
v 75 4
v 76 4
v 77 4
v 78 4
v 79 4
v 80 4
v 81 4
v 82 4
v 83 4
v 84 4
v 85 4
v 86 4
v 87 4
v 88 4
v 89 4
v 90 4
v 91 4
v 92 4
v 93 4
v 94 4
v 95 4
v 96 4
v 97 4
v 98 4
v 99 4
v 100 4
v 101 4
v 102 4
v 103 4
v 104 4
v 105 4
v 106 4
v 107 4
v 108 4
v 109 4
v 110 4
v 111 4
v 112 4
v 113 4
v 114 4
v 115 4
v 116 4
v 117 4
v 118 4
v 119 4
v 120 4
v 121 4
v 122 4
v 123 4
v 124 4
v 125 4
v 126 4
v 127 4
v 128 4
v 129 4
e 3 21 1
e 3 33 1
e 4 20 1
e 4 86 1
e 5 24 1
e 5 90 1
e 6 26 1
e 6 36 1
e 7 34 1
e 7 37 1
e 8 37 1
e 8 41 1
e 9 33 2
e 10 40 2
e 11 52 1
e 11 125 1
e 12 57 1
e 12 127 1
e 13 54 2
e 14 61 2
e 15 44 1
e 15 45 1
e 15 51 1
e 16 17 1
e 16 46 1
e 16 47 1
e 17 58 1
e 17 115 1
e 18 56 1
e 18 61 1
e 18 120 1
e 19 20 1
e 19 21 1
e 19 25 1
e 19 69 1
e 20 22 1
e 20 70 1
e 21 23 1
e 21 71 1
e 22 24 1
e 22 28 1
e 22 72 1
e 23 26 1
e 23 29 1
e 23 73 1
e 24 27 1
e 24 74 1
e 25 75 1
e 25 76 1
e 25 77 1
e 26 31 1
e 26 78 1
e 27 30 1
e 27 32 1
e 27 79 1
e 28 80 1
e 28 81 1
e 28 82 1
e 29 83 1
e 29 84 1
e 29 85 1
e 30 87 1
e 30 88 1
e 30 89 1
e 31 34 2
e 31 91 1
e 32 35 2
e 32 92 1
e 33 38 1
e 34 93 1
e 35 42 1
e 35 94 1
e 36 95 1
e 36 96 1
e 36 97 1
e 37 40 1
e 37 48 1
e 38 98 1
e 38 99 1
e 38 100 1
e 39 40 1
e 39 41 2
e 39 43 1
e 41 50 1
e 42 55 2
e 42 101 1
e 43 49 2
e 43 54 1
e 44 46 1
e 44 102 1
e 44 103 1
e 45 47 1
e 45 104 1
e 45 105 1
e 46 106 1
e 46 107 1
e 47 108 1
e 47 109 1
e 48 110 1
e 48 111 1
e 48 112 1
e 49 52 1
e 49 57 1
e 50 52 2
e 50 60 1
e 51 59 1
e 51 113 1
e 51 114 1
e 53 54 1
e 53 56 1
e 53 58 2
e 55 61 1
e 55 62 1
e 56 57 2
e 58 116 1
e 59 63 2
e 59 64 1
e 60 117 1
e 60 118 1
e 60 119 1
e 62 121 1
e 62 122 1
e 62 123 1
e 63 65 1
e 63 124 1
e 64 66 2
e 64 126 1
e 65 67 2
e 65 68 1
e 66 67 1
e 66 128 1
e 67 129 1
t # 3489
v 0 1
v 1 1
v 2 1
v 3 1
v 4 2
v 5 3
v 6 3
v 7 3
v 8 3
v 9 3
v 10 3
v 11 3
v 12 3
v 13 3
v 14 3
v 15 3
v 16 3
v 17 3
v 18 3
v 19 3
v 20 3
v 21 3
v 22 4
v 23 4
v 24 4
v 25 4
v 26 4
v 27 4
v 28 4
v 29 4
v 30 4
v 31 4
v 32 4
v 33 4
v 34 4
v 35 4
v 36 4
v 37 4
v 38 4
v 39 4
v 40 4
v 41 4
v 42 4
v 43 4
v 44 4
e 0 8 1
e 0 33 1
e 1 16 1
e 1 19 1
e 2 17 1
e 2 20 1
e 3 18 1
e 3 21 1
e 4 9 1
e 4 10 1
e 4 11 1
e 5 6 1
e 5 7 1
e 5 8 1
e 5 22 1
e 6 9 1
e 6 23 1
e 6 24 1
e 7 10 1
e 7 25 1
e 7 26 1
e 8 11 1
e 8 27 1
e 9 28 1
e 9 29 1
e 10 30 1
e 10 31 1
e 11 12 2
e 12 13 1
e 12 32 1
e 13 14 2
e 13 15 1
e 14 17 1
e 14 34 1
e 15 16 2
e 15 35 1
e 16 18 1
e 17 18 2
e 19 36 1
e 19 37 1
e 19 38 1
e 20 39 1
e 20 40 1
e 20 41 1
e 21 42 1
e 21 43 1
e 21 44 1
t # 3490
v 0 11
v 1 2
v 2 3
v 3 3
v 4 3
v 5 3
v 6 3
v 7 3
v 8 3
v 9 3
v 10 3
v 11 3
v 12 3
v 13 3
v 14 3
v 15 3
v 16 3
v 17 3
v 18 3
v 19 3
v 20 3
v 21 3
v 22 4
v 23 4
v 24 4
v 25 4
v 26 4
v 27 4
v 28 4
v 29 4
v 30 4
v 31 4
v 32 4
v 33 4
v 34 4
v 35 4
v 36 4
v 37 4
v 38 4
v 39 4
v 40 4
v 41 4
v 42 4
v 43 4
v 44 4
e 0 9 1
e 0 11 1
e 1 10 1
e 1 20 1
e 1 21 1
e 2 3 1
e 2 6 1
e 2 8 2
e 3 4 1
e 3 12 2
e 4 5 1
e 4 13 2
e 5 9 1
e 5 22 1
e 5 23 1
e 6 11 1
e 6 14 2
e 7 8 1
e 7 10 1
e 7 24 1
e 7 25 1
e 8 26 1
e 9 27 1
e 9 28 1
e 10 29 1
e 10 30 1
e 11 17 2
e 12 15 1
e 12 31 1
e 13 16 1
e 13 32 1
e 14 18 1
e 14 33 1
e 15 16 2
e 15 34 1
e 16 35 1
e 17 19 1
e 17 36 1
e 18 19 2
e 18 37 1
e 19 38 1
e 20 39 1
e 20 40 1
e 20 41 1
e 21 42 1
e 21 43 1
e 21 44 1
t # 3491
v 0 25
v 1 25
v 2 1
v 3 1
v 4 1
v 5 1
v 6 1
v 7 1
v 8 1
v 9 1
v 10 2
v 11 2
v 12 2
v 13 2
v 14 2
v 15 2
v 16 2
v 17 2
v 18 3
v 19 3
v 20 3
v 21 3
v 22 3
v 23 3
v 24 3
v 25 3
v 26 3
v 27 3
v 28 3
v 29 3
v 30 3
v 31 3
v 32 3
v 33 3
v 34 3
v 35 3
v 36 4
v 37 4
v 38 4
v 39 4
v 40 4
v 41 4
v 42 4
v 43 4
v 44 4
v 45 4
v 46 4
v 47 4
v 48 4
v 49 4
v 50 4
v 51 4
v 52 4
v 53 4
v 54 4
v 55 4
v 56 4
v 57 4
v 58 4
v 59 4
v 60 4
v 61 4
v 62 4
v 63 4
v 64 4
v 65 4
v 66 4
v 67 4
v 68 4
v 69 4
v 70 4
v 71 4
v 72 4
v 73 4
e 2 46 1
e 3 47 1
e 4 48 1
e 5 49 1
e 10 20 1
e 10 36 1
e 11 21 1
e 11 37 1
e 12 22 1
e 12 38 1
e 13 23 1
e 13 39 1
e 14 24 1
e 15 25 1
e 16 26 1
e 17 27 1
e 18 40 1
e 18 41 1
e 18 42 1
e 19 43 1
e 19 44 1
e 19 45 1
e 20 25 2
e 20 28 1
e 21 24 2
e 21 29 1
e 22 27 2
e 22 30 1
e 23 26 2
e 23 31 1
e 24 32 1
e 25 33 1
e 26 34 1
e 27 35 1
e 28 50 1
e 28 51 1
e 28 52 1
e 29 53 1
e 29 54 1
e 29 55 1
e 30 56 1
e 30 57 1
e 30 58 1
e 31 59 1
e 31 60 1
e 31 61 1
e 32 62 1
e 32 63 1
e 32 64 1
e 33 65 1
e 33 66 1
e 33 67 1
e 34 68 1
e 34 69 1
e 34 70 1
e 35 71 1
e 35 72 1
e 35 73 1
t # 3492
v 0 25
v 1 1
v 2 1
v 3 1
v 4 1
v 5 1
v 6 2
v 7 2
v 8 2
v 9 2
v 10 2
v 11 3
v 12 3
v 13 3
v 14 3
v 15 3
v 16 3
v 17 3
v 18 3
v 19 3
v 20 3
v 21 3
v 22 3
v 23 3
v 24 3
v 25 3
v 26 4
v 27 4
v 28 4
v 29 4
v 30 4
v 31 4
v 32 4
v 33 4
v 34 4
v 35 4
v 36 4
v 37 4
v 38 4
v 39 4
v 40 4
v 41 4
v 42 4
v 43 4
v 44 4
v 45 4
v 46 4
v 47 4
v 48 4
v 49 4
e 1 31 1
e 2 32 1
e 5 11 2
e 6 12 1
e 6 26 1
e 7 13 1
e 7 27 1
e 8 14 1
e 9 15 1
e 10 17 2
e 10 18 1
e 11 16 1
e 12 14 2
e 12 19 1
e 13 15 2
e 13 20 1
e 14 21 1
e 15 22 1
e 16 28 1
e 16 29 1
e 16 30 1
e 17 23 1
e 17 33 1
e 18 24 2
e 18 34 1
e 19 35 1
e 19 36 1
e 19 37 1
e 20 38 1
e 20 39 1
e 20 40 1
e 21 41 1
e 21 42 1
e 21 43 1
e 22 44 1
e 22 45 1
e 22 46 1
e 23 25 2
e 23 47 1
e 24 25 1
e 24 48 1
e 25 49 1
t # 3493
v 0 25
v 1 1
v 2 1
v 3 1
v 4 1
v 5 2
v 6 2
v 7 2
v 8 2
v 9 2
v 10 3
v 11 3
v 12 3
v 13 3
v 14 3
v 15 3
v 16 3
v 17 3
v 18 3
v 19 3
v 20 3
v 21 3
v 22 3
v 23 3
v 24 3
v 25 3
v 26 3
v 27 3
v 28 3
v 29 3
v 30 4
v 31 4
v 32 4
v 33 4
v 34 4
v 35 4
v 36 4
v 37 4
v 38 4
v 39 4
v 40 4
v 41 4
v 42 4
v 43 4
v 44 4
v 45 4
v 46 4
v 47 4
v 48 4
v 49 4
v 50 4
v 51 4
v 52 4
v 53 4
v 54 4
v 55 4
v 56 4
v 57 4
e 1 34 1
e 2 35 1
e 5 11 1
e 5 30 1
e 6 12 1
e 6 31 1
e 7 13 1
e 8 14 1
e 9 16 2
e 9 17 1
e 10 15 1
e 10 32 1
e 10 33 1
e 11 14 2
e 11 18 1
e 12 13 2
e 12 19 1
e 13 20 1
e 14 21 1
e 15 22 2
e 15 23 1
e 16 24 1
e 16 36 1
e 17 25 2
e 17 37 1
e 18 38 1
e 18 39 1
e 18 40 1
e 19 41 1
e 19 42 1
e 19 43 1
e 20 44 1
e 20 45 1
e 20 46 1
e 21 47 1
e 21 48 1
e 21 49 1
e 22 27 1
e 22 50 1
e 23 28 2
e 23 51 1
e 24 26 2
e 24 52 1
e 25 26 1
e 25 53 1
e 26 54 1
e 27 29 2
e 27 55 1
e 28 29 1
e 28 56 1
e 29 57 1
t # 3494
v 0 25
v 1 12
v 2 1
v 3 1
v 4 1
v 5 1
v 6 2
v 7 2
v 8 2
v 9 2
v 10 2
v 11 3
v 12 3
v 13 3
v 14 3
v 15 3
v 16 3
v 17 3
v 18 3
v 19 3
v 20 3
v 21 3
v 22 3
v 23 3
v 24 3
v 25 4
v 26 4
v 27 4
v 28 4
v 29 4
v 30 4
v 31 4
v 32 4
v 33 4
v 34 4
v 35 4
v 36 4
v 37 4
v 38 4
v 39 4
v 40 4
v 41 4
v 42 4
v 43 4
v 44 4
v 45 4
v 46 4
v 47 4
e 1 11 1
e 2 29 1
e 3 30 1
e 6 12 1
e 6 25 1
e 7 13 1
e 7 26 1
e 8 14 1
e 9 15 1
e 10 16 2
e 10 17 1
e 11 27 1
e 11 28 1
e 12 14 2
e 12 18 1
e 13 15 2
e 13 19 1
e 14 20 1
e 15 21 1
e 16 22 1
e 16 31 1
e 17 23 2
e 17 32 1
e 18 33 1
e 18 34 1
e 18 35 1
e 19 36 1
e 19 37 1
e 19 38 1
e 20 39 1
e 20 40 1
e 20 41 1
e 21 42 1
e 21 43 1
e 21 44 1
e 22 24 2
e 22 45 1
e 23 24 1
e 23 46 1
e 24 47 1
t # 3495
v 0 25
v 1 1
v 2 1
v 3 1
v 4 1
v 5 1
v 6 1
v 7 1
v 8 2
v 9 2
v 10 2
v 11 2
v 12 2
v 13 3
v 14 3
v 15 3
v 16 3
v 17 3
v 18 3
v 19 3
v 20 3
v 21 3
v 22 3
v 23 3
v 24 3
v 25 3
v 26 3
v 27 3
v 28 3
v 29 3
v 30 3
v 31 3
v 32 4
v 33 4
v 34 4
v 35 4
v 36 4
v 37 4
v 38 4
v 39 4
v 40 4
v 41 4
v 42 4
v 43 4
v 44 4
v 45 4
v 46 4
v 47 4
v 48 4
v 49 4
v 50 4
v 51 4
v 52 4
v 53 4
v 54 4
v 55 4
v 56 4
v 57 4
v 58 4
v 59 4
v 60 4
v 61 4
e 1 36 1
e 2 37 1
e 5 13 2
e 6 29 1
e 6 30 1
e 7 29 2
e 8 14 1
e 8 32 1
e 9 15 1
e 9 33 1
e 10 16 1
e 11 17 1
e 12 19 2
e 12 20 1
e 13 18 1
e 14 16 2
e 14 21 1
e 15 17 2
e 15 22 1
e 16 23 1
e 17 24 1
e 18 25 1
e 18 34 1
e 18 35 1
e 19 26 1
e 19 38 1
e 20 27 2
e 20 39 1
e 21 40 1
e 21 41 1
e 21 42 1
e 22 43 1
e 22 44 1
e 22 45 1
e 23 46 1
e 23 47 1
e 23 48 1
e 24 49 1
e 24 50 1
e 24 51 1
e 25 29 1
e 25 52 1
e 25 53 1
e 26 28 2
e 26 54 1
e 27 28 1
e 27 55 1
e 28 56 1
e 30 31 1
e 30 57 1
e 30 58 1
e 31 59 1
e 31 60 1
e 31 61 1
t # 3496
v 0 25
v 1 1
v 2 1
v 3 1
v 4 1
v 5 2
v 6 2
v 7 2
v 8 2
v 9 2
v 10 3
v 11 3
v 12 3
v 13 3
v 14 3
v 15 3
v 16 3
v 17 3
v 18 3
v 19 3
v 20 3
v 21 3
v 22 3
v 23 3
v 24 3
v 25 3
v 26 3
v 27 3
v 28 3
v 29 4
v 30 4
v 31 4
v 32 4
v 33 4
v 34 4
v 35 4
v 36 4
v 37 4
v 38 4
v 39 4
v 40 4
v 41 4
v 42 4
v 43 4
v 44 4
v 45 4
v 46 4
v 47 4
v 48 4
v 49 4
v 50 4
v 51 4
v 52 4
v 53 4
v 54 4
v 55 4
v 56 4
v 57 4
v 58 4
v 59 4
v 60 4
e 1 40 1
e 2 41 1
e 5 11 1
e 5 30 1
e 6 12 1
e 6 31 1
e 7 15 1
e 8 16 1
e 9 19 2
e 9 20 1
e 10 13 1
e 10 14 1
e 10 29 1
e 11 16 2
e 11 22 1
e 12 15 2
e 12 23 1
e 13 17 1
e 13 32 1
e 13 33 1
e 14 18 1
e 14 34 1
e 14 35 1
e 15 24 1
e 16 25 1
e 17 21 1
e 17 36 1
e 17 37 1
e 18 21 1
e 18 38 1
e 18 39 1
e 19 26 1
e 19 42 1
e 20 27 2
e 20 43 1
e 21 44 1
e 21 45 1
e 22 46 1
e 22 47 1
e 22 48 1
e 23 49 1
e 23 50 1
e 23 51 1
e 24 52 1
e 24 53 1
e 24 54 1
e 25 55 1
e 25 56 1
e 25 57 1
e 26 28 2
e 26 58 1
e 27 28 1
e 27 59 1
e 28 60 1
t # 3497
v 0 0
v 1 0
v 2 1
v 3 1
v 4 1
v 5 1
v 6 1
v 7 1
v 8 1
v 9 1
v 10 2
v 11 2
v 12 2
v 13 2
v 14 2
v 15 2
v 16 2
v 17 2
v 18 3
v 19 3
v 20 3
v 21 3
v 22 3
v 23 3
v 24 3
v 25 3
v 26 3
v 27 3
v 28 3
v 29 3
v 30 3
v 31 3
v 32 3
v 33 3
v 34 4
v 35 4
v 36 4
v 37 4
v 38 4
v 39 4
v 40 4
v 41 4
v 42 4
v 43 4
v 44 4
v 45 4
v 46 4
v 47 4
v 48 4
v 49 4
v 50 4
v 51 4
v 52 4
v 53 4
v 54 4
v 55 4
v 56 4
v 57 4
v 58 4
v 59 4
v 60 4
v 61 4
v 62 4
v 63 4
v 64 4
v 65 4
e 2 38 1
e 3 39 1
e 4 40 1
e 5 41 1
e 10 18 1
e 10 34 1
e 11 19 1
e 11 35 1
e 12 20 1
e 12 36 1
e 13 21 1
e 13 37 1
e 14 22 1
e 15 23 1
e 16 24 1
e 17 25 1
e 18 23 2
e 18 26 1
e 19 22 2
e 19 27 1
e 20 25 2
e 20 28 1
e 21 24 2
e 21 29 1
e 22 30 1
e 23 31 1
e 24 32 1
e 25 33 1
e 26 42 1
e 26 43 1
e 26 44 1
e 27 45 1
e 27 46 1
e 27 47 1
e 28 48 1
e 28 49 1
e 28 50 1
e 29 51 1
e 29 52 1
e 29 53 1
e 30 54 1
e 30 55 1
e 30 56 1
e 31 57 1
e 31 58 1
e 31 59 1
e 32 60 1
e 32 61 1
e 32 62 1
e 33 63 1
e 33 64 1
e 33 65 1
t # 3498
v 0 10
v 1 1
v 2 1
v 3 1
v 4 1
v 5 2
v 6 2
v 7 2
v 8 2
v 9 2
v 10 2
v 11 2
v 12 3
v 13 3
v 14 3
v 15 3
v 16 3
v 17 3
v 18 3
v 19 3
v 20 3
v 21 3
v 22 3
v 23 4
v 24 4
v 25 4
v 26 4
v 27 4
v 28 4
v 29 4
v 30 4
v 31 4
v 32 4
v 33 4
v 34 4
v 35 4
v 36 4
v 37 4
v 38 4
v 39 4
v 40 4
v 41 4
v 42 4
v 43 4
v 44 4
e 1 29 1
e 2 30 1
e 5 12 1
e 5 23 1
e 6 13 1
e 6 24 1
e 7 14 1
e 8 15 1
e 9 16 2
e 9 17 1
e 10 25 1
e 10 26 1
e 11 16 1
e 11 22 1
e 11 43 1
e 12 15 2
e 12 18 1
e 13 14 2
e 13 19 1
e 14 20 1
e 15 21 1
e 16 27 1
e 17 22 2
e 17 28 1
e 18 31 1
e 18 32 1
e 18 33 1
e 19 34 1
e 19 35 1
e 19 36 1
e 20 37 1
e 20 38 1
e 20 39 1
e 21 40 1
e 21 41 1
e 21 42 1
e 22 44 1
t # 3499
v 0 25
v 1 1
v 2 1
v 3 1
v 4 1
v 5 1
v 6 2
v 7 2
v 8 2
v 9 2
v 10 2
v 11 3
v 12 3
v 13 3
v 14 3
v 15 3
v 16 3
v 17 3
v 18 3
v 19 3
v 20 3
v 21 3
v 22 3
v 23 3
v 24 3
v 25 3
v 26 3
v 27 3
v 28 3
v 29 4
v 30 4
v 31 4
v 32 4
v 33 4
v 34 4
v 35 4
v 36 4
v 37 4
v 38 4
v 39 4
v 40 4
v 41 4
v 42 4
v 43 4
v 44 4
v 45 4
v 46 4
v 47 4
v 48 4
v 49 4
v 50 4
v 51 4
v 52 4
v 53 4
v 54 4
v 55 4
v 56 4
v 57 4
v 58 4
e 1 34 1
e 2 35 1
e 5 16 1
e 5 25 1
e 6 12 1
e 6 29 1
e 7 13 1
e 7 30 1
e 8 14 1
e 9 15 1
e 10 17 2
e 10 18 1
e 11 16 1
e 11 31 1
e 11 32 1
e 12 14 2
e 12 20 1
e 13 15 2
e 13 21 1
e 14 22 1
e 15 23 1
e 16 19 1
e 16 33 1
e 17 26 1
e 17 36 1
e 18 27 2
e 18 37 1
e 19 24 1
e 19 38 1
e 19 39 1
e 20 40 1
e 20 41 1
e 20 42 1
e 21 43 1
e 21 44 1
e 21 45 1
e 22 46 1
e 22 47 1
e 22 48 1
e 23 49 1
e 23 50 1
e 23 51 1
e 24 25 1
e 24 52 1
e 24 53 1
e 25 54 1
e 25 55 1
e 26 28 2
e 26 56 1
e 27 28 1
e 27 57 1
e 28 58 1
