t # 48500
v 0 1
v 1 1
v 2 1
v 3 2
v 4 3
v 5 3
v 6 3
v 7 3
v 8 3
v 9 3
v 10 3
v 11 3
v 12 3
v 13 3
v 14 3
v 15 3
v 16 3
v 17 3
v 18 3
v 19 3
v 20 3
v 21 3
v 22 3
v 23 3
v 24 3
v 25 3
v 26 4
v 27 4
v 28 4
v 29 4
v 30 4
v 31 4
v 32 4
v 33 4
v 34 4
v 35 4
v 36 4
v 37 4
v 38 4
v 39 4
v 40 4
v 41 4
v 42 4
v 43 4
v 44 4
v 45 4
v 46 4
v 47 4
v 48 4
v 49 4
v 50 4
v 51 4
v 52 4
v 53 4
v 54 4
e 0 9 1
e 0 10 1
e 1 4 1
e 1 42 1
e 2 9 2
e 3 7 1
e 3 12 1
e 3 13 1
e 4 5 1
e 4 6 1
e 4 9 1
e 5 8 2
e 5 11 1
e 6 17 2
e 6 18 1
e 7 10 1
e 7 26 1
e 7 27 1
e 8 14 1
e 8 19 1
e 10 28 1
e 10 29 1
e 11 16 2
e 11 30 1
e 12 20 1
e 12 31 1
e 12 32 1
e 13 21 1
e 13 33 1
e 13 34 1
e 14 15 2
e 14 35 1
e 15 16 1
e 15 24 1
e 16 36 1
e 17 22 1
e 17 37 1
e 18 23 2
e 18 38 1
e 19 39 1
e 19 40 1
e 19 41 1
e 20 43 1
e 20 44 1
e 20 45 1
e 21 46 1
e 21 47 1
e 21 48 1
e 22 25 2
e 22 49 1
e 23 25 1
e 23 50 1
e 24 51 1
e 24 52 1
e 24 53 1
e 25 54 1
t # 48501
v 0 3
v 1 3
v 2 3
v 3 3
v 4 3
v 5 3
v 6 3
v 7 3
v 8 3
v 9 3
v 10 3
v 11 3
v 12 3
v 13 3
v 14 3
v 15 3
v 16 3
v 17 3
v 18 3
v 19 3
v 20 3
v 21 3
v 22 4
v 23 4
v 24 4
v 25 4
v 26 4
v 27 4
v 28 4
v 29 4
v 30 4
v 31 4
v 32 4
v 33 4
v 34 4
v 35 4
v 36 4
v 37 4
v 38 4
v 39 4
v 40 4
v 41 4
v 42 4
v 43 4
v 44 4
v 45 4
v 46 4
v 47 4
e 0 1 1
e 0 4 2
e 0 8 1
e 1 5 2
e 1 9 1
e 2 3 1
e 2 6 1
e 2 8 2
e 3 7 1
e 3 9 2
e 4 10 1
e 4 14 1
e 5 11 1
e 5 15 1
e 6 12 2
e 6 16 1
e 7 13 2
e 7 17 1
e 8 22 1
e 9 23 1
e 10 11 2
e 10 18 1
e 11 19 1
e 12 13 1
e 12 20 1
e 13 21 1
e 14 24 1
e 14 25 1
e 14 26 1
e 15 27 1
e 15 28 1
e 15 29 1
e 16 30 1
e 16 31 1
e 16 32 1
e 17 33 1
e 17 34 1
e 17 35 1
e 18 36 1
e 18 37 1
e 18 38 1
e 19 39 1
e 19 40 1
e 19 41 1
e 20 42 1
e 20 43 1
e 20 44 1
e 21 45 1
e 21 46 1
e 21 47 1
t # 48502
v 0 1
v 1 1
v 2 1
v 3 2
v 4 3
v 5 3
v 6 3
v 7 3
v 8 3
v 9 3
v 10 3
v 11 3
v 12 3
v 13 3
v 14 3
v 15 3
v 16 3
v 17 3
v 18 3
v 19 3
v 20 3
v 21 3
v 22 3
v 23 3
v 24 3
v 25 4
v 26 4
v 27 4
v 28 4
v 29 4
v 30 4
v 31 4
v 32 4
v 33 4
v 34 4
v 35 4
v 36 4
v 37 4
v 38 4
v 39 4
v 40 4
v 41 4
v 42 4
v 43 4
v 44 4
v 45 4
v 46 4
v 47 4
v 48 4
v 49 4
v 50 4
v 51 4
v 52 4
v 53 4
v 54 4
v 55 4
v 56 4
v 57 4
e 0 7 1
e 0 36 1
e 1 12 1
e 1 16 1
e 2 12 2
e 3 19 1
e 3 21 1
e 3 22 1
e 4 5 1
e 4 6 1
e 4 7 1
e 4 25 1
e 5 8 1
e 5 26 1
e 5 27 1
e 6 9 1
e 6 28 1
e 6 29 1
e 7 11 1
e 7 12 1
e 8 10 1
e 8 30 1
e 8 31 1
e 9 10 1
e 9 32 1
e 9 33 1
e 10 34 1
e 10 35 1
e 11 13 1
e 11 14 2
e 13 15 2
e 13 37 1
e 14 17 1
e 14 38 1
e 15 18 1
e 15 20 1
e 16 19 1
e 16 39 1
e 16 40 1
e 17 18 2
e 17 41 1
e 18 42 1
e 19 43 1
e 19 44 1
e 20 45 1
e 20 46 1
e 20 47 1
e 21 23 1
e 21 48 1
e 21 49 1
e 22 24 1
e 22 50 1
e 22 51 1
e 23 52 1
e 23 53 1
e 23 54 1
e 24 55 1
e 24 56 1
e 24 57 1
t # 48503
v 0 11
v 1 1
v 2 1
v 3 2
v 4 3
v 5 3
v 6 3
v 7 3
v 8 3
v 9 3
v 10 3
v 11 3
v 12 3
v 13 3
v 14 3
v 15 3
v 16 3
v 17 3
v 18 3
v 19 3
v 20 3
v 21 3
v 22 3
v 23 3
v 24 4
v 25 4
v 26 4
v 27 4
v 28 4
v 29 4
v 30 4
v 31 4
v 32 4
v 33 4
v 34 4
v 35 4
v 36 4
v 37 4
v 38 4
v 39 4
v 40 4
v 41 4
v 42 4
v 43 4
v 44 4
v 45 4
v 46 4
v 47 4
v 48 4
v 49 4
v 50 4
v 51 4
v 52 4
v 53 4
v 54 4
e 0 7 1
e 1 12 1
e 1 15 1
e 2 12 2
e 3 18 1
e 3 20 1
e 3 21 1
e 4 5 1
e 4 6 1
e 4 7 1
e 4 24 1
e 5 8 1
e 5 25 1
e 5 26 1
e 6 9 1
e 6 27 1
e 6 28 1
e 7 11 1
e 7 12 1
e 8 10 1
e 8 29 1
e 8 30 1
e 9 10 1
e 9 31 1
e 9 32 1
e 10 33 1
e 10 34 1
e 11 13 2
e 11 14 1
e 13 16 1
e 13 36 1
e 14 17 2
e 14 37 1
e 15 18 1
e 15 38 1
e 15 39 1
e 16 19 2
e 16 40 1
e 17 19 1
e 17 41 1
e 18 42 1
e 18 43 1
e 19 44 1
e 20 22 1
e 20 45 1
e 20 46 1
e 21 23 1
e 21 47 1
e 21 48 1
e 22 49 1
e 22 50 1
e 22 51 1
e 23 52 1
e 23 53 1
e 23 54 1
t # 48504
v 0 1
v 1 1
v 2 1
v 3 1
v 4 1
v 5 1
v 6 1
v 7 3
v 8 3
v 9 3
v 10 3
v 11 3
v 12 3
v 13 3
v 14 3
v 15 3
v 16 3
v 17 3
v 18 3
v 19 3
v 20 3
v 21 3
v 22 3
v 23 3
v 24 3
v 25 4
v 26 4
v 27 4
v 28 4
v 29 4
v 30 4
v 31 4
v 32 4
v 33 4
v 34 4
v 35 4
v 36 4
v 37 4
v 38 4
v 39 4
v 40 4
v 41 4
v 42 4
v 43 4
v 44 4
e 0 7 1
e 0 31 1
e 1 15 1
e 1 21 1
e 2 16 1
e 2 22 1
e 3 14 1
e 3 32 1
e 4 19 1
e 4 23 1
e 5 20 1
e 5 24 1
e 6 14 2
e 7 8 1
e 7 9 1
e 7 14 1
e 8 10 2
e 8 12 1
e 9 11 2
e 9 13 1
e 10 15 1
e 10 25 1
e 11 16 1
e 11 26 1
e 12 17 2
e 12 27 1
e 13 18 2
e 13 28 1
e 15 19 2
e 16 20 2
e 17 19 1
e 17 29 1
e 18 20 1
e 18 30 1
e 21 33 1
e 21 34 1
e 21 35 1
e 22 36 1
e 22 37 1
e 22 38 1
e 23 39 1
e 23 40 1
e 23 41 1
e 24 42 1
e 24 43 1
e 24 44 1
t # 48505
v 0 1
v 1 1
v 2 1
v 3 3
v 4 3
v 5 3
v 6 3
v 7 3
v 8 3
v 9 3
v 10 3
v 11 3
v 12 3
v 13 3
v 14 3
v 15 3
v 16 3
v 17 3
v 18 4
v 19 4
v 20 4
v 21 4
v 22 4
v 23 4
v 24 4
v 25 4
v 26 4
v 27 4
v 28 4
v 29 4
v 30 4
v 31 4
v 32 4
v 33 4
v 34 4
v 35 4
v 36 4
v 37 4
v 38 4
v 39 4
v 40 4
v 41 4
v 42 4
v 43 4
e 0 4 1
e 0 42 1
e 1 16 1
e 1 43 1
e 2 16 2
e 3 4 1
e 3 6 1
e 3 7 1
e 3 18 1
e 4 5 1
e 4 16 1
e 5 9 1
e 5 10 1
e 5 19 1
e 6 8 1
e 6 20 1
e 6 21 1
e 7 11 1
e 7 22 1
e 7 23 1
e 8 12 1
e 8 17 1
e 8 24 1
e 9 13 1
e 9 25 1
e 9 26 1
e 10 14 1
e 10 27 1
e 10 28 1
e 11 12 1
e 11 29 1
e 11 30 1
e 12 31 1
e 12 32 1
e 13 15 1
e 13 33 1
e 13 34 1
e 14 15 1
e 14 35 1
e 14 36 1
e 15 37 1
e 15 38 1
e 17 39 1
e 17 40 1
e 17 41 1
t # 48506
v 0 1
v 1 1
v 2 1
v 3 1
v 4 2
v 5 2
v 6 2
v 7 2
v 8 3
v 9 3
v 10 3
v 11 3
v 12 3
v 13 3
v 14 3
v 15 3
v 16 3
v 17 3
v 18 3
v 19 3
v 20 3
v 21 3
v 22 3
v 23 4
v 24 4
v 25 4
v 26 4
v 27 4
v 28 4
v 29 4
v 30 4
v 31 4
v 32 4
v 33 4
v 34 4
v 35 4
v 36 4
e 4 5 1
e 4 13 1
e 4 36 1
e 5 18 2
e 6 16 1
e 7 21 1
e 8 9 2
e 8 10 1
e 8 14 1
e 9 11 1
e 9 17 1
e 10 12 2
e 10 18 1
e 11 15 2
e 11 23 1
e 12 15 1
e 12 24 1
e 13 16 2
e 13 19 1
e 14 25 1
e 14 26 1
e 14 27 1
e 15 28 1
e 16 20 1
e 17 29 1
e 17 30 1
e 17 31 1
e 18 32 1
e 19 22 2
e 19 33 1
e 20 21 2
e 20 34 1
e 21 22 1
e 22 35 1
t # 48507
v 0 11
v 1 1
v 2 1
v 3 3
v 4 3
v 5 3
v 6 3
v 7 3
v 8 3
v 9 3
v 10 3
v 11 3
v 12 3
v 13 3
v 14 3
v 15 3
v 16 3
v 17 4
v 18 4
v 19 4
v 20 4
v 21 4
v 22 4
v 23 4
v 24 4
v 25 4
v 26 4
v 27 4
v 28 4
v 29 4
v 30 4
v 31 4
v 32 4
v 33 4
v 34 4
e 0 6 1
e 1 11 1
e 1 33 1
e 2 11 2
e 3 4 1
e 3 5 1
e 3 6 1
e 3 17 1
e 4 7 1
e 4 18 1
e 4 19 1
e 5 8 1
e 5 20 1
e 5 21 1
e 6 10 1
e 6 11 1
e 7 9 1
e 7 22 1
e 7 23 1
e 8 9 1
e 8 24 1
e 8 25 1
e 9 26 1
e 9 27 1
e 10 12 2
e 10 13 1
e 12 14 1
e 12 29 1
e 13 15 2
e 13 30 1
e 14 16 2
e 14 31 1
e 15 16 1
e 15 32 1
e 16 34 1
t # 48508
v 0 1
v 1 1
v 2 1
v 3 1
v 4 2
v 5 2
v 6 2
v 7 2
v 8 3
v 9 3
v 10 3
v 11 3
v 12 3
v 13 3
v 14 3
v 15 3
v 16 3
v 17 3
v 18 3
v 19 3
v 20 3
v 21 4
v 22 4
v 23 4
v 24 4
v 25 4
v 26 4
v 27 4
v 28 4
v 29 4
v 30 4
v 31 4
v 32 4
v 33 4
v 34 4
e 4 5 1
e 4 14 2
e 5 15 1
e 5 31 1
e 6 16 1
e 7 19 1
e 8 9 1
e 8 10 1
e 8 14 1
e 8 21 1
e 9 11 1
e 9 22 1
e 9 23 1
e 10 12 1
e 10 24 1
e 10 25 1
e 11 13 1
e 11 26 1
e 11 27 1
e 12 13 2
e 12 28 1
e 13 29 1
e 14 30 1
e 15 16 2
e 15 17 1
e 16 18 1
e 17 20 2
e 17 32 1
e 18 19 2
e 18 33 1
e 19 20 1
e 20 34 1
t # 48509
v 0 1
v 1 1
v 2 2
v 3 3
v 4 3
v 5 3
v 6 3
v 7 3
v 8 3
v 9 3
v 10 3
v 11 3
v 12 3
v 13 3
v 14 3
v 15 3
v 16 4
v 17 4
v 18 4
v 19 4
v 20 4
v 21 4
v 22 4
v 23 4
v 24 4
e 0 5 2
e 1 6 2
e 2 14 2
e 2 15 1
e 3 5 1
e 3 7 2
e 3 8 1
e 4 6 1
e 4 9 2
e 4 10 1
e 5 6 1
e 7 11 1
e 7 16 1
e 8 12 2
e 8 17 1
e 9 14 1
e 9 18 1
e 10 15 2
e 10 19 1
e 11 13 2
e 11 20 1
e 12 13 1
e 12 21 1
e 13 22 1
e 14 23 1
e 15 24 1
t # 48510
v 0 1
v 1 1
v 2 1
v 3 1
v 4 3
v 5 3
v 6 3
v 7 3
v 8 3
v 9 3
v 10 3
v 11 3
v 12 3
v 13 3
v 14 3
v 15 3
v 16 4
v 17 4
v 18 4
v 19 4
v 20 4
v 21 4
v 22 4
v 23 4
v 24 4
v 25 4
e 0 4 1
e 0 19 1
e 1 6 1
e 1 14 1
e 2 7 1
e 2 25 1
e 3 7 2
e 4 5 1
e 4 6 1
e 4 7 1
e 5 8 2
e 5 9 1
e 6 10 2
e 8 11 1
e 8 16 1
e 9 12 2
e 9 17 1
e 10 13 1
e 10 18 1
e 11 15 2
e 11 20 1
e 12 15 1
e 12 21 1
e 13 14 2
e 13 22 1
e 14 23 1
e 15 24 1
t # 48511
v 0 1
v 1 1
v 2 1
v 3 3
v 4 3
v 5 3
v 6 3
v 7 3
v 8 3
v 9 3
v 10 3
v 11 3
v 12 3
v 13 3
v 14 3
v 15 4
v 16 4
v 17 4
v 18 4
v 19 4
v 20 4
v 21 4
v 22 4
v 23 4
v 24 4
e 0 3 1
e 0 22 1
e 1 6 1
e 1 14 1
e 2 5 2
e 3 4 1
e 3 5 1
e 3 15 1
e 4 7 2
e 4 8 1
e 5 6 1
e 6 11 2
e 7 9 1
e 7 16 1
e 8 10 2
e 8 17 1
e 9 12 2
e 9 18 1
e 10 12 1
e 10 19 1
e 11 13 1
e 11 20 1
e 12 21 1
e 13 14 2
e 13 23 1
e 14 24 1
t # 48512
v 0 1
v 1 2
v 2 2
v 3 2
v 4 3
v 5 3
v 6 3
v 7 3
v 8 3
v 9 3
v 10 3
v 11 3
v 12 3
v 13 3
v 14 4
v 15 4
v 16 4
v 17 4
v 18 4
v 19 4
v 20 4
v 21 4
v 22 4
v 23 4
v 24 4
v 25 4
v 26 4
e 0 13 2
e 1 2 1
e 1 12 2
e 2 13 1
e 2 24 1
e 3 13 1
e 3 25 1
e 3 26 1
e 4 5 2
e 4 6 1
e 4 9 1
e 5 7 1
e 5 10 1
e 6 8 2
e 6 12 1
e 7 11 2
e 7 14 1
e 8 11 1
e 8 15 1
e 9 16 1
e 9 17 1
e 9 18 1
e 10 19 1
e 10 20 1
e 10 21 1
e 11 22 1
e 12 23 1
t # 48513
v 0 11
v 1 11
v 2 1
v 3 1
v 4 3
v 5 3
v 6 3
v 7 3
v 8 3
v 9 3
v 10 3
v 11 3
v 12 3
v 13 3
v 14 4
v 15 4
v 16 4
v 17 4
v 18 4
v 19 4
e 0 4 1
e 0 12 1
e 1 5 1
e 1 13 1
e 2 6 2
e 3 7 2
e 4 6 1
e 4 8 2
e 5 7 1
e 5 9 2
e 6 7 1
e 8 10 1
e 8 14 1
e 9 11 1
e 9 15 1
e 10 12 2
e 10 16 1
e 11 13 2
e 11 17 1
e 12 18 1
e 13 19 1
t # 48514
v 0 1
v 1 1
v 2 1
v 3 1
v 4 1
v 5 1
v 6 2
v 7 2
v 8 3
v 9 3
v 10 3
v 11 3
v 12 3
v 13 3
v 14 3
v 15 3
v 16 3
v 17 3
v 18 3
v 19 3
v 20 3
v 21 3
v 22 3
v 23 3
v 24 3
v 25 3
v 26 3
v 27 3
v 28 3
v 29 3
v 30 3
v 31 3
v 32 3
v 33 3
v 34 3
v 35 3
v 36 3
v 37 3
v 38 3
v 39 3
v 40 3
v 41 3
v 42 3
v 43 3
v 44 3
v 45 4
v 46 4
v 47 4
v 48 4
v 49 4
v 50 4
v 51 4
v 52 4
v 53 4
v 54 4
v 55 4
v 56 4
v 57 4
v 58 4
v 59 4
v 60 4
v 61 4
v 62 4
v 63 4
v 64 4
v 65 4
v 66 4
v 67 4
v 68 4
v 69 4
v 70 4
v 71 4
v 72 4
v 73 4
v 74 4
v 75 4
v 76 4
v 77 4
v 78 4
v 79 4
v 80 4
v 81 4
v 82 4
e 0 18 1
e 0 23 1
e 1 19 1
e 1 36 1
e 2 26 1
e 2 37 1
e 3 29 1
e 3 42 1
e 4 31 1
e 4 43 1
e 5 34 1
e 5 44 1
e 6 8 1
e 6 10 1
e 6 15 1
e 7 25 2
e 7 30 1
e 8 9 1
e 8 13 1
e 8 45 1
e 9 12 1
e 9 14 2
e 10 11 1
e 10 46 1
e 10 47 1
e 11 12 1
e 11 48 1
e 11 49 1
e 12 16 2
e 13 17 1
e 13 50 1
e 13 51 1
e 14 18 1
e 14 52 1
e 15 53 1
e 15 54 1
e 15 55 1
e 16 19 1
e 16 56 1
e 17 20 2
e 17 21 1
e 18 19 2
e 20 26 1
e 20 57 1
e 21 28 2
e 21 58 1
e 22 23 2
e 22 24 1
e 22 25 1
e 23 29 1
e 24 27 1
e 24 33 2
e 25 32 1
e 26 31 2
e 27 30 1
e 27 59 1
e 27 60 1
e 28 31 1
e 28 61 1
e 29 34 2
e 30 62 1
e 30 63 1
e 32 35 1
e 32 64 1
e 32 65 1
e 33 34 1
e 33 66 1
e 35 38 2
e 35 39 1
e 36 67 1
e 36 68 1
e 36 69 1
e 37 40 2
e 37 41 1
e 38 40 1
e 38 70 1
e 39 41 2
e 39 71 1
e 40 72 1
e 41 73 1
e 42 74 1
e 42 75 1
e 42 76 1
e 43 77 1
e 43 78 1
e 43 79 1
e 44 80 1
e 44 81 1
e 44 82 1
t # 48515
v 0 2
v 1 2
v 2 3
v 3 3
v 4 3
v 5 3
v 6 3
v 7 3
v 8 3
v 9 3
v 10 3
v 11 3
v 12 3
v 13 3
v 14 3
v 15 3
v 16 3
v 17 3
v 18 3
v 19 3
v 20 3
v 21 4
v 22 4
v 23 4
v 24 4
v 25 4
v 26 4
v 27 4
v 28 4
v 29 4
v 30 4
v 31 4
v 32 4
e 0 3 1
e 0 7 1
e 0 23 1
e 1 11 1
e 1 13 2
e 2 3 2
e 2 4 1
e 2 9 1
e 3 8 1
e 4 7 1
e 4 12 2
e 5 6 1
e 5 8 2
e 5 10 1
e 6 9 2
e 6 13 1
e 7 14 2
e 8 21 1
e 9 22 1
e 10 11 1
e 10 15 2
e 11 18 2
e 12 16 1
e 12 24 1
e 13 25 1
e 14 17 1
e 14 26 1
e 15 19 1
e 15 27 1
e 16 17 2
e 16 28 1
e 17 29 1
e 18 20 1
e 18 30 1
e 19 20 2
e 19 31 1
e 20 32 1
t # 48516
v 0 1
v 1 1
v 2 1
v 3 1
v 4 2
v 5 2
v 6 3
v 7 3
v 8 3
v 9 3
v 10 3
v 11 3
v 12 3
v 13 3
v 14 3
v 15 4
v 16 4
v 17 4
v 18 4
v 19 4
v 20 4
v 21 4
v 22 4
v 23 4
v 24 4
e 0 10 1
e 0 14 1
e 1 13 1
e 1 24 1
e 2 13 2
e 4 5 1
e 4 6 1
e 4 9 1
e 6 7 2
e 6 8 1
e 7 11 1
e 7 17 1
e 8 12 2
e 8 18 1
e 9 13 1
e 9 15 1
e 9 16 1
e 10 11 2
e 10 12 1
e 11 19 1
e 12 20 1
e 14 21 1
e 14 22 1
e 14 23 1
t # 48517
v 0 1
v 1 1
v 2 3
v 3 3
v 4 3
v 5 3
v 6 3
v 7 3
v 8 3
v 9 3
v 10 3
v 11 3
v 12 3
v 13 3
v 14 3
v 15 3
v 16 3
v 17 3
v 18 3
v 19 3
v 20 3
v 21 3
v 22 3
v 23 3
v 24 3
v 25 3
v 26 3
v 27 3
v 28 3
v 29 3
v 30 3
v 31 4
v 32 4
v 33 4
v 34 4
v 35 4
v 36 4
v 37 4
v 38 4
v 39 4
v 40 4
v 41 4
v 42 4
v 43 4
v 44 4
v 45 4
v 46 4
v 47 4
v 48 4
v 49 4
v 50 4
v 51 4
v 52 4
v 53 4
v 54 4
v 55 4
v 56 4
v 57 4
v 58 4
v 59 4
v 60 4
v 61 4
v 62 4
v 63 4
v 64 4
v 65 4
v 66 4
v 67 4
v 68 4
v 69 4
v 70 4
v 71 4
v 72 4
v 73 4
v 74 4
v 75 4
v 76 4
v 77 4
v 78 4
v 79 4
v 80 4
v 81 4
v 82 4
v 83 4
v 84 4
e 0 20 1
e 0 72 1
e 1 26 1
e 1 78 1
e 2 3 1
e 2 4 1
e 2 8 1
e 2 14 1
e 3 6 1
e 3 9 1
e 3 16 1
e 4 5 1
e 4 12 1
e 4 31 1
e 5 7 1
e 5 10 1
e 5 32 1
e 6 11 1
e 6 17 1
e 6 33 1
e 7 13 1
e 7 18 1
e 7 19 1
e 8 11 1
e 8 34 1
e 8 35 1
e 9 10 1
e 9 36 1
e 9 37 1
e 10 38 1
e 10 39 1
e 11 40 1
e 11 41 1
e 12 15 1
e 12 42 1
e 12 43 1
e 13 15 1
e 13 20 1
e 13 44 1
e 14 45 1
e 14 46 1
e 14 47 1
e 15 48 1
e 15 49 1
e 16 50 1
e 16 51 1
e 16 52 1
e 17 21 1
e 17 22 1
e 17 53 1
e 18 23 1
e 18 54 1
e 18 55 1
e 19 56 1
e 19 57 1
e 19 58 1
e 20 24 1
e 20 59 1
e 21 25 1
e 21 60 1
e 21 61 1
e 22 62 1
e 22 63 1
e 22 64 1
e 23 26 1
e 23 65 1
e 23 66 1
e 24 67 1
e 24 68 1
e 24 69 1
e 25 27 1
e 25 70 1
e 25 71 1
e 26 73 1
e 26 74 1
e 27 28 1
e 27 75 1
e 27 76 1
e 28 29 1
e 28 30 1
e 28 77 1
e 29 79 1
e 29 80 1
e 29 81 1
e 30 82 1
e 30 83 1
e 30 84 1
t # 48518
v 0 1
v 1 3
v 2 3
v 3 3
v 4 3
v 5 3
v 6 3
v 7 3
v 8 3
v 9 3
v 10 3
v 11 3
v 12 3
v 13 3
v 14 3
v 15 3
v 16 3
v 17 3
v 18 3
v 19 3
v 20 3
v 21 3
v 22 3
v 23 3
v 24 3
v 25 3
v 26 3
v 27 3
v 28 3
v 29 3
v 30 3
v 31 3
v 32 3
v 33 3
v 34 3
v 35 3
v 36 4
v 37 4
v 38 4
v 39 4
v 40 4
v 41 4
v 42 4
v 43 4
v 44 4
v 45 4
v 46 4
v 47 4
v 48 4
v 49 4
v 50 4
v 51 4
v 52 4
v 53 4
v 54 4
v 55 4
v 56 4
v 57 4
v 58 4
v 59 4
v 60 4
v 61 4
v 62 4
v 63 4
v 64 4
v 65 4
v 66 4
v 67 4
v 68 4
v 69 4
v 70 4
v 71 4
v 72 4
v 73 4
v 74 4
v 75 4
v 76 4
v 77 4
v 78 4
v 79 4
v 80 4
v 81 4
v 82 4
v 83 4
v 84 4
v 85 4
v 86 4
v 87 4
v 88 4
v 89 4
v 90 4
v 91 4
v 92 4
v 93 4
v 94 4
v 95 4
v 96 4
v 97 4
v 98 4
v 99 4
e 0 20 1
e 0 27 1
e 1 2 1
e 1 3 1
e 1 9 1
e 1 16 1
e 2 7 1
e 2 8 1
e 2 17 1
e 3 4 1
e 3 11 1
e 3 36 1
e 4 5 1
e 4 10 1
e 4 37 1
e 5 6 1
e 5 15 1
e 5 19 1
e 6 13 1
e 6 14 1
e 6 38 1
e 7 12 1
e 7 18 1
e 7 39 1
e 8 10 1
e 8 40 1
e 8 41 1
e 9 12 1
e 9 42 1
e 9 43 1
e 10 44 1
e 10 45 1
e 11 13 1
e 11 46 1
e 11 47 1
e 12 48 1
e 12 49 1
e 13 50 1
e 13 51 1
e 14 20 1
e 14 22 1
e 14 23 1
e 15 21 1
e 15 52 1
e 15 53 1
e 16 54 1
e 16 55 1
e 16 56 1
e 17 57 1
e 17 58 1
e 17 59 1
e 18 24 1
e 18 25 1
e 18 60 1
e 19 61 1
e 19 62 1
e 19 63 1
e 20 21 1
e 20 64 1
e 21 65 1
e 21 66 1
e 22 67 1
e 22 68 1
e 22 69 1
e 23 70 1
e 23 71 1
e 23 72 1
e 24 26 1
e 24 73 1
e 24 74 1
e 25 75 1
e 25 76 1
e 25 77 1
e 26 28 1
e 26 78 1
e 26 79 1
e 27 29 1
e 27 80 1
e 27 81 1
e 28 30 1
e 28 82 1
e 28 83 1
e 29 31 1
e 29 32 1
e 29 33 1
e 30 34 1
e 30 35 1
e 30 84 1
e 31 85 1
e 31 86 1
e 31 87 1
e 32 88 1
e 32 89 1
e 32 90 1
e 33 91 1
e 33 92 1
e 33 93 1
e 34 94 1
e 34 95 1
e 34 96 1
e 35 97 1
e 35 98 1
e 35 99 1
t # 48519
v 0 1
v 1 1
v 2 3
v 3 3
v 4 3
v 5 3
v 6 3
v 7 3
v 8 3
v 9 3
v 10 3
v 11 3
v 12 3
v 13 3
v 14 3
v 15 3
v 16 3
v 17 3
v 18 3
v 19 3
v 20 3
v 21 3
v 22 3
v 23 3
v 24 3
v 25 3
v 26 3
v 27 3
v 28 3
v 29 3
v 30 3
v 31 3
v 32 4
v 33 4
v 34 4
v 35 4
v 36 4
v 37 4
v 38 4
v 39 4
v 40 4
v 41 4
v 42 4
v 43 4
v 44 4
v 45 4
v 46 4
v 47 4
v 48 4
v 49 4
v 50 4
v 51 4
v 52 4
v 53 4
v 54 4
v 55 4
v 56 4
v 57 4
v 58 4
v 59 4
v 60 4
v 61 4
v 62 4
v 63 4
v 64 4
v 65 4
v 66 4
v 67 4
v 68 4
v 69 4
v 70 4
v 71 4
v 72 4
v 73 4
v 74 4
v 75 4
v 76 4
v 77 4
v 78 4
v 79 4
e 0 10 1
e 0 18 1
e 1 29 2
e 2 3 1
e 2 4 1
e 2 9 1
e 2 20 1
e 3 7 1
e 3 14 1
e 3 21 1
e 4 5 1
e 4 11 1
e 4 32 1
e 5 6 1
e 5 10 1
e 5 33 1
e 6 12 1
e 6 16 1
e 6 18 1
e 7 8 1
e 7 13 1
e 7 34 1
e 8 15 1
e 8 23 1
e 8 25 1
e 9 12 1
e 9 35 1
e 9 36 1
e 10 17 1
e 10 37 1
e 11 13 1
e 11 38 1
e 11 39 1
e 12 40 1
e 12 41 1
e 13 42 1
e 13 43 1
e 14 19 1
e 14 44 1
e 14 45 1
e 15 19 1
e 15 24 1
e 15 46 1
e 16 22 1
e 16 47 1
e 16 48 1
e 17 22 1
e 17 27 1
e 17 28 1
e 18 49 1
e 18 50 1
e 19 51 1
e 19 52 1
e 20 53 1
e 20 54 1
e 20 55 1
e 21 56 1
e 21 57 1
e 21 58 1
e 22 59 1
e 22 60 1
e 23 26 1
e 23 61 1
e 23 62 1
e 24 29 1
e 24 30 1
e 24 31 1
e 25 63 1
e 25 64 1
e 25 65 1
e 26 29 1
e 26 66 1
e 26 67 1
e 27 68 1
e 27 69 1
e 27 70 1
e 28 71 1
e 28 72 1
e 28 73 1
e 30 74 1
e 30 75 1
e 30 76 1
e 31 77 1
e 31 78 1
e 31 79 1
t # 48520
v 0 1
v 1 1
v 2 2
v 3 2
v 4 3
v 5 3
v 6 3
v 7 3
v 8 3
v 9 3
v 10 3
v 11 3
v 12 3
v 13 3
v 14 3
v 15 3
v 16 3
v 17 3
v 18 3
v 19 3
v 20 3
v 21 3
v 22 3
v 23 3
v 24 3
v 25 3
v 26 3
v 27 3
v 28 3
v 29 3
v 30 3
v 31 3
v 32 3
v 33 3
v 34 3
v 35 3
v 36 3
v 37 3
v 38 3
v 39 3
v 40 4
v 41 4
v 42 4
v 43 4
v 44 4
v 45 4
v 46 4
v 47 4
v 48 4
v 49 4
v 50 4
v 51 4
v 52 4
v 53 4
v 54 4
v 55 4
v 56 4
v 57 4
v 58 4
v 59 4
v 60 4
v 61 4
v 62 4
v 63 4
e 0 8 1
e 0 12 1
e 1 9 1
e 1 13 1
e 2 12 2
e 2 28 1
e 3 13 2
e 3 29 1
e 4 8 1
e 4 18 2
e 4 20 1
e 5 9 1
e 5 19 2
e 5 21 1
e 6 12 1
e 6 14 2
e 6 16 1
e 7 13 1
e 7 15 2
e 7 17 1
e 8 28 2
e 9 29 2
e 10 22 1
e 10 24 2
e 10 26 1
e 11 23 1
e 11 25 2
e 11 27 1
e 14 15 1
e 14 40 1
e 15 41 1
e 16 17 2
e 16 42 1
e 17 43 1
e 18 24 1
e 18 44 1
e 19 25 1
e 19 45 1
e 20 26 2
e 20 46 1
e 21 27 2
e 21 47 1
e 22 30 2
e 22 32 1
e 23 31 2
e 23 33 1
e 24 48 1
e 25 49 1
e 26 50 1
e 27 51 1
e 28 52 1
e 29 53 1
e 30 34 1
e 30 54 1
e 31 35 1
e 31 55 1
e 32 36 2
e 32 56 1
e 33 37 2
e 33 57 1
e 34 38 2
e 34 58 1
e 35 39 2
e 35 59 1
e 36 38 1
e 36 60 1
e 37 39 1
e 37 61 1
e 38 62 1
e 39 63 1
t # 48521
v 0 1
v 1 1
v 2 2
v 3 2
v 4 3
v 5 3
v 6 3
v 7 3
v 8 3
v 9 3
v 10 3
v 11 3
v 12 3
v 13 3
v 14 3
v 15 3
v 16 3
v 17 3
v 18 3
v 19 3
v 20 3
v 21 3
v 22 3
v 23 3
v 24 3
v 25 3
v 26 3
v 27 3
v 28 3
v 29 3
v 30 3
v 31 3
v 32 3
v 33 3
v 34 3
v 35 3
v 36 4
v 37 4
v 38 4
v 39 4
v 40 4
v 41 4
v 42 4
v 43 4
v 44 4
v 45 4
v 46 4
v 47 4
v 48 4
v 49 4
v 50 4
v 51 4
v 52 4
v 53 4
v 54 4
v 55 4
e 0 10 1
e 0 16 1
e 1 11 1
e 1 17 1
e 2 16 2
e 2 30 1
e 3 17 2
e 3 31 1
e 4 6 1
e 4 8 1
e 4 18 2
e 5 7 1
e 5 9 1
e 5 19 2
e 6 10 1
e 6 14 2
e 7 11 1
e 7 15 2
e 8 20 1
e 8 22 2
e 9 21 1
e 9 23 2
e 10 30 2
e 11 31 2
e 12 16 1
e 12 26 2
e 12 28 1
e 13 17 1
e 13 27 2
e 13 29 1
e 14 24 1
e 14 36 1
e 15 25 1
e 15 37 1
e 18 32 1
e 18 38 1
e 19 33 1
e 19 39 1
e 20 24 2
e 20 40 1
e 21 25 2
e 21 41 1
e 22 34 1
e 22 42 1
e 23 35 1
e 23 43 1
e 24 44 1
e 25 45 1
e 26 27 1
e 26 46 1
e 27 47 1
e 28 29 2
e 28 48 1
e 29 49 1
e 30 50 1
e 31 51 1
e 32 34 2
e 32 52 1
e 33 35 2
e 33 53 1
e 34 54 1
e 35 55 1
t # 48522
v 0 1
v 1 1
v 2 1
v 3 2
v 4 3
v 5 3
v 6 3
v 7 3
v 8 3
v 9 3
v 10 3
v 11 3
v 12 3
v 13 3
v 14 3
v 15 3
v 16 4
v 17 4
v 18 4
v 19 4
v 20 4
v 21 4
v 22 4
v 23 4
v 24 4
v 25 4
v 26 4
e 0 6 1
e 0 14 1
e 1 15 1
e 1 26 1
e 2 15 2
e 3 4 1
e 3 9 2
e 4 5 2
e 4 6 1
e 5 7 1
e 5 8 1
e 6 10 2
e 7 11 2
e 7 16 1
e 8 12 2
e 8 17 1
e 9 11 1
e 9 13 1
e 10 12 1
e 10 18 1
e 11 19 1
e 12 20 1
e 13 21 1
e 13 22 1
e 13 23 1
e 14 15 1
e 14 24 1
e 14 25 1
t # 48523
v 0 18
v 1 18
v 2 12
v 3 12
v 4 2
v 5 3
v 6 3
v 7 3
v 8 3
v 9 3
v 10 3
v 11 3
v 12 3
v 13 3
v 14 4
v 15 4
v 16 4
e 2 9 1
e 3 11 1
e 4 6 2
e 4 13 1
e 5 6 1
e 5 7 1
e 5 9 2
e 6 8 1
e 7 10 2
e 8 11 2
e 9 12 1
e 10 11 1
e 10 14 1
e 12 13 2
e 12 15 1
e 13 16 1
t # 48524
v 0 18
v 1 12
v 2 2
v 3 3
v 4 3
v 5 3
v 6 3
v 7 3
v 8 3
v 9 3
v 10 3
v 11 3
v 12 3
v 13 4
v 14 4
v 15 4
v 16 4
v 17 4
v 18 4
v 19 4
e 1 10 1
e 2 4 1
e 2 6 2
e 3 4 2
e 3 5 1
e 3 7 1
e 4 8 1
e 5 9 2
e 5 13 1
e 6 9 1
e 6 12 1
e 7 10 2
e 8 11 2
e 8 14 1
e 9 15 1
e 10 11 1
e 11 16 1
e 12 17 1
e 12 18 1
e 12 19 1
t # 48525
v 0 18
v 1 18
v 2 18
v 3 2
v 4 2
v 5 3
v 6 3
v 7 3
v 8 3
v 9 3
v 10 3
v 11 3
v 12 3
v 13 3
v 14 3
v 15 4
v 16 4
v 17 4
v 18 4
v 19 4
v 20 4
v 21 4
e 3 6 1
e 3 8 2
e 4 7 1
e 4 20 1
e 4 21 1
e 5 6 1
e 5 7 1
e 5 10 2
e 6 11 2
e 7 9 2
e 8 9 1
e 8 13 1
e 9 15 1
e 10 12 1
e 10 16 1
e 11 14 1
e 11 17 1
e 12 14 2
e 12 18 1
e 14 19 1
t # 48526
v 0 18
v 1 18
v 2 2
v 3 3
v 4 3
v 5 3
v 6 3
v 7 3
v 8 3
v 9 3
v 10 3
v 11 3
v 12 3
v 13 3
v 14 3
v 15 3
v 16 3
v 17 3
v 18 3
v 19 3
v 20 4
v 21 4
v 22 4
v 23 4
v 24 4
v 25 4
v 26 4
v 27 4
v 28 4
v 29 4
v 30 4
e 2 4 1
e 2 5 2
e 3 4 1
e 3 6 1
e 3 8 2
e 4 9 2
e 5 7 1
e 5 10 1
e 6 7 2
e 6 20 1
e 7 21 1
e 8 11 1
e 9 12 1
e 10 14 2
e 10 22 1
e 11 12 2
e 11 23 1
e 12 24 1
e 13 14 1
e 13 15 2
e 13 16 1
e 14 25 1
e 15 17 1
e 15 26 1
e 16 18 2
e 16 27 1
e 17 19 2
e 17 28 1
e 18 19 1
e 18 29 1
e 19 30 1
t # 48527
v 0 1
v 1 1
v 2 2
v 3 2
v 4 3
v 5 3
v 6 3
v 7 3
v 8 3
v 9 3
v 10 3
v 11 3
v 12 3
v 13 3
v 14 4
v 15 4
v 16 4
v 17 4
v 18 4
v 19 4
v 20 4
v 21 4
e 2 8 1
e 2 10 2
e 3 6 1
e 4 5 2
e 4 6 1
e 4 7 1
e 5 9 1
e 5 10 1
e 6 11 2
e 7 8 2
e 7 14 1
e 8 13 1
e 9 12 2
e 9 15 1
e 10 16 1
e 11 12 1
e 11 17 1
e 12 18 1
e 13 19 1
e 13 20 1
e 13 21 1
t # 48528
v 0 12
v 1 12
v 2 1
v 3 1
v 4 1
v 5 1
v 6 2
v 7 3
v 8 3
v 9 3
v 10 3
v 11 3
v 12 3
v 13 3
v 14 3
v 15 3
v 16 3
v 17 3
v 18 3
v 19 3
v 20 3
v 21 3
v 22 3
v 23 4
v 24 4
v 25 4
v 26 4
v 27 4
v 28 4
v 29 4
v 30 4
v 31 4
e 0 22 1
e 1 22 1
e 2 11 2
e 3 20 1
e 3 31 1
e 4 20 2
e 5 21 2
e 6 15 1
e 6 21 1
e 6 29 1
e 7 8 1
e 7 10 2
e 7 12 1
e 8 9 2
e 8 14 1
e 9 11 1
e 9 13 1
e 10 11 1
e 10 16 1
e 12 18 2
e 12 20 1
e 13 15 2
e 13 23 1
e 14 17 2
e 14 24 1
e 15 17 1
e 16 19 2
e 16 25 1
e 17 26 1
e 18 19 1
e 18 27 1
e 19 28 1
e 21 22 1
e 22 30 1
t # 48529
v 0 1
v 1 1
v 2 1
v 3 2
v 4 3
v 5 3
v 6 3
v 7 3
v 8 3
v 9 3
v 10 3
v 11 3
v 12 3
v 13 3
v 14 3
v 15 3
v 16 3
v 17 3
v 18 3
v 19 3
v 20 3
v 21 3
v 22 3
v 23 3
v 24 3
v 25 4
v 26 4
v 27 4
v 28 4
v 29 4
v 30 4
v 31 4
v 32 4
v 33 4
v 34 4
v 35 4
v 36 4
v 37 4
v 38 4
v 39 4
v 40 4
v 41 4
e 0 4 1
e 0 36 1
e 1 20 1
e 1 24 1
e 2 22 1
e 2 24 1
e 3 10 1
e 3 15 1
e 3 31 1
e 4 5 1
e 4 7 1
e 4 25 1
e 5 6 2
e 5 9 1
e 6 8 1
e 6 11 1
e 7 8 1
e 7 12 2
e 8 13 2
e 9 10 2
e 9 26 1
e 10 14 1
e 11 14 2
e 11 27 1
e 12 16 1
e 12 28 1
e 13 17 1
e 13 29 1
e 14 30 1
e 15 18 1
e 15 32 1
e 15 33 1
e 16 17 2
e 16 34 1
e 17 35 1
e 18 19 2
e 18 21 1
e 19 20 1
e 19 37 1
e 20 22 2
e 21 23 2
e 21 38 1
e 22 23 1
e 23 39 1
e 24 40 1
e 24 41 1
t # 48530
v 0 1
v 1 1
v 2 2
v 3 2
v 4 2
v 5 3
v 6 3
v 7 3
v 8 3
v 9 3
v 10 3
v 11 3
v 12 3
v 13 3
v 14 3
v 15 3
v 16 3
v 17 3
v 18 3
v 19 4
v 20 4
v 21 4
v 22 4
v 23 4
v 24 4
v 25 4
v 26 4
v 27 4
v 28 4
v 29 4
e 0 10 2
e 1 18 2
e 2 7 1
e 2 10 1
e 2 20 1
e 3 12 1
e 3 18 1
e 3 27 1
e 4 18 1
e 4 28 1
e 4 29 1
e 5 6 1
e 5 7 2
e 5 9 1
e 6 8 1
e 6 13 2
e 7 11 1
e 8 10 1
e 8 15 2
e 9 12 2
e 9 19 1
e 11 14 2
e 11 21 1
e 12 14 1
e 13 16 1
e 13 22 1
e 14 23 1
e 15 17 1
e 15 24 1
e 16 17 2
e 16 25 1
e 17 26 1
t # 48531
v 0 14
v 1 14
v 2 14
v 3 1
v 4 1
v 5 1
v 6 1
v 7 2
v 8 2
v 9 2
v 10 3
v 11 3
v 12 3
v 13 3
v 14 3
v 15 3
v 16 3
v 17 3
v 18 3
v 19 3
v 20 3
v 21 3
v 22 3
v 23 3
v 24 3
v 25 4
v 26 4
v 27 4
v 28 4
v 29 4
v 30 4
v 31 4
v 32 4
e 3 18 2
e 6 23 2
e 7 11 1
e 7 18 1
e 7 27 1
e 8 16 1
e 8 23 1
e 8 30 1
e 9 17 1
e 10 11 1
e 10 12 1
e 10 14 2
e 11 15 2
e 12 13 1
e 12 19 2
e 13 18 1
e 13 20 2
e 14 17 1
e 14 25 1
e 15 16 1
e 15 26 1
e 16 17 2
e 19 21 1
e 19 28 1
e 20 22 1
e 20 29 1
e 21 22 2
e 21 31 1
e 22 32 1
e 23 24 1
t # 48532
v 0 12
v 1 12
v 2 1
v 3 1
v 4 1
v 5 2
v 6 2
v 7 3
v 8 3
v 9 3
v 10 3
v 11 3
v 12 3
v 13 3
v 14 3
v 15 3
v 16 3
v 17 3
v 18 3
v 19 3
v 20 4
v 21 4
v 22 4
v 23 4
v 24 4
v 25 4
e 0 17 1
e 1 19 1
e 2 12 2
e 5 9 1
e 5 12 1
e 5 21 1
e 6 15 1
e 7 8 1
e 7 9 1
e 7 11 2
e 8 10 2
e 8 14 1
e 9 13 2
e 10 12 1
e 10 16 1
e 11 15 1
e 11 20 1
e 13 17 1
e 13 22 1
e 14 18 2
e 14 23 1
e 15 17 2
e 16 19 2
e 16 24 1
e 18 19 1
e 18 25 1
t # 48533
v 0 1
v 1 1
v 2 2
v 3 2
v 4 3
v 5 3
v 6 3
v 7 3
v 8 3
v 9 3
v 10 3
v 11 3
v 12 3
v 13 3
v 14 3
v 15 3
v 16 3
v 17 3
v 18 3
v 19 4
v 20 4
v 21 4
v 22 4
v 23 4
v 24 4
v 25 4
v 26 4
v 27 4
v 28 4
v 29 4
v 30 4
e 0 9 2
e 1 17 2
e 2 6 1
e 2 9 1
e 2 19 1
e 3 8 1
e 3 17 1
e 3 25 1
e 4 5 1
e 4 6 2
e 4 8 1
e 5 7 1
e 5 11 2
e 6 10 1
e 7 9 1
e 7 13 2
e 8 12 2
e 10 14 2
e 10 20 1
e 11 15 1
e 11 21 1
e 12 14 1
e 12 22 1
e 13 16 1
e 13 23 1
e 14 24 1
e 15 16 2
e 15 26 1
e 16 27 1
e 17 18 1
e 18 28 1
e 18 29 1
e 18 30 1
t # 48534
v 0 12
v 1 12
v 2 1
v 3 1
v 4 2
v 5 2
v 6 3
v 7 3
v 8 3
v 9 3
v 10 3
v 11 3
v 12 3
v 13 3
v 14 3
v 15 3
v 16 3
v 17 3
v 18 3
v 19 3
v 20 3
v 21 4
v 22 4
v 23 4
v 24 4
v 25 4
v 26 4
v 27 4
v 28 4
v 29 4
v 30 4
e 0 17 1
e 1 18 1
e 2 12 2
e 3 19 2
e 4 8 1
e 4 12 1
e 4 21 1
e 5 13 1
e 5 19 1
e 5 27 1
e 6 7 1
e 6 8 2
e 6 10 1
e 7 9 1
e 7 14 2
e 8 11 1
e 9 12 1
e 9 16 2
e 10 15 2
e 10 22 1
e 11 13 2
e 11 23 1
e 13 15 1
e 14 17 1
e 14 24 1
e 15 25 1
e 16 18 1
e 16 26 1
e 17 18 2
e 19 20 1
e 20 28 1
e 20 29 1
e 20 30 1
t # 48535
v 0 1
v 1 2
v 2 2
v 3 2
v 4 3
v 5 3
v 6 3
v 7 3
v 8 3
v 9 3
v 10 3
v 11 3
v 12 3
v 13 3
v 14 3
v 15 3
v 16 3
v 17 4
v 18 4
v 19 4
v 20 4
v 21 4
v 22 4
v 23 4
v 24 4
v 25 4
v 26 4
v 27 4
e 0 10 2
e 1 6 1
e 1 10 1
e 1 18 1
e 2 8 1
e 2 24 1
e 2 25 1
e 3 11 1
e 3 26 1
e 3 27 1
e 4 5 1
e 4 6 2
e 4 9 1
e 5 7 1
e 5 12 2
e 6 8 1
e 7 10 1
e 7 14 2
e 8 13 2
e 9 11 2
e 9 17 1
e 11 13 1
e 12 15 1
e 12 19 1
e 13 20 1
e 14 16 1
e 14 21 1
e 15 16 2
e 15 22 1
e 16 23 1
t # 48536
v 0 12
v 1 1
v 2 1
v 3 1
v 4 2
v 5 2
v 6 2
v 7 3
v 8 3
v 9 3
v 10 3
v 11 3
v 12 3
v 13 3
v 14 3
v 15 3
v 16 3
v 17 3
v 18 3
v 19 3
v 20 4
v 21 4
v 22 4
v 23 4
v 24 4
v 25 4
v 26 4
v 27 4
e 0 18 1
e 1 11 2
e 4 9 1
e 4 11 1
e 4 20 1
e 5 16 1
e 5 26 1
e 5 27 1
e 6 17 1
e 7 8 1
e 7 9 1
e 7 12 2
e 8 10 2
e 8 13 1
e 9 14 2
e 10 11 1
e 10 15 1
e 12 18 1
e 12 21 1
e 13 19 2
e 13 22 1
e 14 16 1
e 14 23 1
e 15 17 2
e 15 24 1
e 16 18 2
e 17 19 1
e 19 25 1
t # 48537
v 0 12
v 1 1
v 2 1
v 3 2
v 4 2
v 5 3
v 6 3
v 7 3
v 8 3
v 9 3
v 10 3
v 11 3
v 12 3
v 13 3
v 14 3
v 15 3
v 16 3
v 17 3
v 18 3
v 19 3
v 20 4
v 21 4
v 22 4
v 23 4
v 24 4
v 25 4
v 26 4
v 27 4
v 28 4
v 29 4
v 30 4
e 0 17 1
e 1 11 2
e 2 18 2
e 3 7 1
e 3 11 1
e 3 20 1
e 4 12 1
e 4 18 1
e 4 27 1
e 5 6 1
e 5 7 2
e 5 9 1
e 6 8 2
e 6 13 1
e 7 10 1
e 8 11 1
e 8 15 1
e 9 14 2
e 9 21 1
e 10 12 2
e 10 22 1
e 12 14 1
e 13 16 2
e 13 23 1
e 14 24 1
e 15 17 2
e 15 25 1
e 16 17 1
e 16 26 1
e 18 19 1
e 19 28 1
e 19 29 1
e 19 30 1
t # 48538
v 0 11
v 1 2
v 2 3
v 3 3
v 4 3
v 5 3
v 6 3
v 7 3
v 8 3
v 9 3
v 10 3
v 11 3
v 12 3
v 13 3
v 14 3
v 15 3
v 16 4
v 17 4
v 18 4
v 19 4
v 20 4
v 21 4
v 22 4
v 23 4
v 24 4
v 25 4
v 26 4
v 27 4
v 28 4
e 0 12 1
e 0 15 1
e 1 11 1
e 1 24 1
e 1 25 1
e 2 3 1
e 2 4 1
e 2 16 1
e 2 17 1
e 3 5 2
e 3 7 1
e 4 6 2
e 4 8 1
e 5 6 1
e 5 9 1
e 6 10 1
e 7 12 2
e 7 18 1
e 8 11 2
e 8 19 1
e 9 13 2
e 9 20 1
e 10 14 2
e 10 21 1
e 11 14 1
e 12 13 1
e 13 22 1
e 14 23 1
e 15 26 1
e 15 27 1
e 15 28 1
t # 48539
v 0 11
v 1 1
v 2 2
v 3 3
v 4 3
v 5 3
v 6 3
v 7 3
v 8 3
v 9 3
v 10 3
v 11 3
v 12 3
v 13 3
v 14 3
v 15 3
v 16 3
v 17 3
v 18 3
v 19 4
v 20 4
v 21 4
v 22 4
v 23 4
v 24 4
v 25 4
v 26 4
v 27 4
v 28 4
v 29 4
v 30 4
v 31 4
v 32 4
v 33 4
e 0 14 1
e 0 17 1
e 1 16 2
e 2 12 1
e 2 16 1
e 2 27 1
e 3 4 1
e 3 5 1
e 3 19 1
e 3 20 1
e 4 6 2
e 4 8 1
e 5 7 2
e 5 10 1
e 6 7 1
e 6 9 1
e 7 11 1
e 8 12 2
e 8 21 1
e 9 13 2
e 9 22 1
e 10 14 2
e 10 23 1
e 11 15 2
e 11 24 1
e 12 13 1
e 13 25 1
e 14 15 1
e 15 26 1
e 16 18 1
e 17 28 1
e 17 29 1
e 17 30 1
e 18 31 1
e 18 32 1
e 18 33 1
t # 48540
v 0 1
v 1 1
v 2 1
v 3 1
v 4 2
v 5 2
v 6 3
v 7 3
v 8 3
v 9 3
v 10 3
v 11 3
v 12 3
v 13 3
v 14 3
v 15 3
v 16 3
v 17 3
v 18 3
v 19 3
v 20 3
v 21 3
v 22 3
v 23 3
v 24 3
v 25 3
v 26 3
v 27 4
v 28 4
v 29 4
v 30 4
v 31 4
v 32 4
v 33 4
v 34 4
v 35 4
v 36 4
v 37 4
v 38 4
v 39 4
v 40 4
e 0 20 1
e 0 26 1
e 1 22 1
e 1 26 1
e 4 15 1
e 4 21 2
e 5 16 1
e 6 7 1
e 6 8 1
e 6 27 1
e 6 28 1
e 7 9 2
e 7 11 1
e 8 10 2
e 8 12 1
e 9 10 1
e 9 13 1
e 10 14 1
e 11 15 2
e 11 29 1
e 12 16 2
e 12 30 1
e 13 17 2
e 13 31 1
e 14 18 2
e 14 32 1
e 15 17 1
e 16 18 1
e 17 33 1
e 18 34 1
e 19 21 1
e 19 23 2
e 19 24 1
e 20 22 2
e 20 23 1
e 21 35 1
e 22 25 1
e 23 36 1
e 24 25 2
e 24 37 1
e 25 38 1
e 26 39 1
e 26 40 1
t # 48541
v 0 1
v 1 1
v 2 1
v 3 2
v 4 3
v 5 3
v 6 3
v 7 3
v 8 3
v 9 3
v 10 3
v 11 3
v 12 3
v 13 3
v 14 3
v 15 3
v 16 3
v 17 3
v 18 3
v 19 4
v 20 4
v 21 4
v 22 4
v 23 4
v 24 4
v 25 4
v 26 4
v 27 4
v 28 4
v 29 4
v 30 4
v 31 4
v 32 4
v 33 4
v 34 4
v 35 4
v 36 4
v 37 4
v 38 4
v 39 4
e 0 6 2
e 1 13 1
e 1 17 1
e 2 15 1
e 2 18 1
e 3 4 1
e 3 5 1
e 3 6 1
e 4 7 1
e 4 19 1
e 4 20 1
e 5 8 1
e 5 21 1
e 5 22 1
e 6 10 1
e 7 23 1
e 7 24 1
e 7 25 1
e 8 26 1
e 8 27 1
e 8 28 1
e 9 11 1
e 9 12 2
e 9 14 1
e 10 11 2
e 10 29 1
e 11 30 1
e 12 13 1
e 12 31 1
e 13 15 2
e 14 16 2
e 14 32 1
e 15 16 1
e 16 33 1
e 17 34 1
e 17 35 1
e 17 36 1
e 18 37 1
e 18 38 1
e 18 39 1
t # 48542
v 0 12
v 1 2
v 2 2
v 3 2
v 4 3
v 5 3
v 6 3
v 7 3
v 8 3
v 9 3
v 10 3
v 11 3
v 12 3
v 13 3
v 14 3
v 15 3
v 16 3
v 17 3
v 18 3
v 19 3
v 20 3
v 21 3
v 22 3
v 23 3
v 24 3
v 25 4
v 26 4
v 27 4
v 28 4
v 29 4
v 30 4
v 31 4
v 32 4
v 33 4
v 34 4
v 35 4
v 36 4
v 37 4
v 38 4
v 39 4
v 40 4
v 41 4
v 42 4
v 43 4
v 44 4
v 45 4
v 46 4
e 0 24 1
e 1 4 1
e 1 5 1
e 1 8 1
e 2 13 1
e 2 16 1
e 2 41 1
e 3 18 2
e 3 21 1
e 4 6 1
e 4 25 1
e 4 26 1
e 5 7 1
e 5 27 1
e 5 28 1
e 6 7 1
e 6 29 1
e 6 30 1
e 7 31 1
e 7 32 1
e 8 9 1
e 8 10 1
e 8 33 1
e 9 11 2
e 9 12 1
e 10 34 1
e 10 35 1
e 10 36 1
e 11 13 1
e 11 37 1
e 12 14 2
e 12 38 1
e 13 15 2
e 14 15 1
e 14 39 1
e 15 40 1
e 16 17 2
e 16 19 1
e 17 18 1
e 17 20 1
e 18 22 1
e 19 21 2
e 19 42 1
e 20 23 2
e 20 43 1
e 21 44 1
e 22 24 2
e 22 45 1
e 23 24 1
e 23 46 1
t # 48543
v 0 1
v 1 1
v 2 2
v 3 3
v 4 3
v 5 3
v 6 3
v 7 3
v 8 3
v 9 3
v 10 3
v 11 3
v 12 3
v 13 3
v 14 3
v 15 3
v 16 3
v 17 3
v 18 3
v 19 3
v 20 3
v 21 3
v 22 4
v 23 4
v 24 4
v 25 4
v 26 4
v 27 4
v 28 4
v 29 4
v 30 4
v 31 4
v 32 4
v 33 4
v 34 4
v 35 4
v 36 4
v 37 4
v 38 4
e 0 7 1
e 0 10 1
e 1 3 1
e 1 30 1
e 2 6 1
e 2 17 2
e 3 4 1
e 3 6 1
e 3 22 1
e 4 5 2
e 4 8 1
e 5 7 1
e 5 23 1
e 6 13 2
e 7 9 2
e 8 11 2
e 8 24 1
e 9 11 1
e 9 27 1
e 10 12 1
e 10 25 1
e 10 26 1
e 11 28 1
e 12 14 2
e 12 15 1
e 13 16 1
e 13 29 1
e 14 19 1
e 14 31 1
e 15 20 2
e 15 32 1
e 16 18 2
e 16 33 1
e 17 18 1
e 17 34 1
e 18 35 1
e 19 21 2
e 19 36 1
e 20 21 1
e 20 37 1
e 21 38 1
t # 48544
v 0 1
v 1 1
v 2 2
v 3 3
v 4 3
v 5 3
v 6 3
v 7 3
v 8 3
v 9 3
v 10 3
v 11 3
v 12 3
v 13 3
v 14 3
v 15 3
v 16 3
v 17 3
v 18 3
v 19 3
v 20 3
v 21 3
v 22 4
v 23 4
v 24 4
v 25 4
v 26 4
v 27 4
v 28 4
v 29 4
v 30 4
v 31 4
v 32 4
v 33 4
v 34 4
v 35 4
v 36 4
v 37 4
v 38 4
e 0 8 1
e 0 11 1
e 1 3 1
e 1 30 1
e 2 5 1
e 2 17 2
e 3 4 1
e 3 5 1
e 3 22 1
e 4 6 2
e 4 7 1
e 5 13 2
e 6 9 1
e 6 23 1
e 7 10 2
e 7 24 1
e 8 9 2
e 8 10 1
e 9 25 1
e 10 26 1
e 11 12 1
e 11 27 1
e 11 28 1
e 12 14 2
e 12 15 1
e 13 16 1
e 13 29 1
e 14 19 1
e 14 31 1
e 15 20 2
e 15 32 1
e 16 18 2
e 16 33 1
e 17 18 1
e 17 34 1
e 18 35 1
e 19 21 2
e 19 36 1
e 20 21 1
e 20 37 1
e 21 38 1
t # 48545
v 0 1
v 1 1
v 2 1
v 3 1
v 4 3
v 5 3
v 6 3
v 7 3
v 8 3
v 9 3
v 10 3
v 11 3
v 12 3
v 13 3
v 14 3
v 15 3
v 16 3
v 17 3
v 18 3
v 19 3
v 20 3
v 21 3
v 22 3
v 23 3
v 24 3
v 25 3
v 26 3
v 27 3
v 28 3
v 29 4
v 30 4
v 31 4
v 32 4
v 33 4
v 34 4
v 35 4
v 36 4
v 37 4
v 38 4
v 39 4
v 40 4
v 41 4
v 42 4
v 43 4
v 44 4
v 45 4
v 46 4
v 47 4
v 48 4
v 49 4
v 50 4
v 51 4
v 52 4
v 53 4
v 54 4
v 55 4
v 56 4
v 57 4
v 58 4
v 59 4
v 60 4
v 61 4
v 62 4
v 63 4
v 64 4
e 0 23 1
e 0 26 1
e 1 22 2
e 2 26 2
e 3 27 1
e 3 64 1
e 4 5 1
e 4 6 1
e 4 12 1
e 4 29 1
e 5 9 1
e 5 10 1
e 5 16 1
e 6 7 1
e 6 14 1
e 6 30 1
e 7 8 1
e 7 11 1
e 7 31 1
e 8 15 1
e 8 17 1
e 8 19 1
e 9 11 1
e 9 32 1
e 9 33 1
e 10 13 1
e 10 22 1
e 10 34 1
e 11 35 1
e 11 36 1
e 12 13 1
e 12 37 1
e 12 38 1
e 13 39 1
e 13 40 1
e 14 18 1
e 14 41 1
e 14 42 1
e 15 18 2
e 15 20 1
e 16 43 1
e 16 44 1
e 16 45 1
e 17 21 1
e 17 46 1
e 17 47 1
e 18 48 1
e 19 49 1
e 19 50 1
e 19 51 1
e 20 23 1
e 20 52 1
e 20 53 1
e 21 23 1
e 21 54 1
e 21 55 1
e 22 24 1
e 23 56 1
e 24 25 2
e 24 57 1
e 25 27 1
e 25 58 1
e 26 28 1
e 27 59 1
e 27 60 1
e 28 61 1
e 28 62 1
e 28 63 1
t # 48546
v 0 1
v 1 1
v 2 1
v 3 1
v 4 2
v 5 3
v 6 3
v 7 3
v 8 3
v 9 3
v 10 3
v 11 3
v 12 3
v 13 3
v 14 3
v 15 3
v 16 3
v 17 3
v 18 3
v 19 3
v 20 3
v 21 3
v 22 3
v 23 3
v 24 3
v 25 3
v 26 3
v 27 3
v 28 3
v 29 3
v 30 3
v 31 3
v 32 4
v 33 4
v 34 4
v 35 4
v 36 4
v 37 4
v 38 4
v 39 4
v 40 4
v 41 4
v 42 4
v 43 4
v 44 4
v 45 4
v 46 4
v 47 4
v 48 4
v 49 4
v 50 4
v 51 4
v 52 4
v 53 4
v 54 4
v 55 4
v 56 4
v 57 4
v 58 4
v 59 4
v 60 4
v 61 4
v 62 4
v 63 4
v 64 4
v 65 4
v 66 4
v 67 4
v 68 4
e 0 24 1
e 0 28 1
e 1 25 1
e 1 29 1
e 2 28 2
e 3 29 2
e 5 6 1
e 5 10 1
e 5 11 1
e 5 17 1
e 6 7 1
e 6 13 1
e 6 32 1
e 7 8 1
e 7 15 1
e 7 33 1
e 8 9 1
e 8 12 1
e 8 34 1
e 9 16 1
e 9 18 1
e 9 20 1
e 10 14 1
e 10 21 1
e 10 35 1
e 11 12 1
e 11 36 1
e 11 37 1
e 12 38 1
e 12 39 1
e 13 14 1
e 13 40 1
e 13 41 1
e 14 42 1
e 14 43 1
e 15 19 1
e 15 44 1
e 15 45 1
e 16 19 2
e 16 22 1
e 17 46 1
e 17 47 1
e 17 48 1
e 18 23 1
e 18 49 1
e 18 50 1
e 19 51 1
e 20 52 1
e 20 53 1
e 20 54 1
e 21 25 1
e 21 26 2
e 22 24 1
e 22 55 1
e 22 56 1
e 23 24 1
e 23 57 1
e 23 58 1
e 24 59 1
e 25 60 1
e 25 61 1
e 26 27 1
e 26 62 1
e 28 30 1
e 29 31 1
e 30 63 1
e 30 64 1
e 30 65 1
e 31 66 1
e 31 67 1
e 31 68 1
t # 48547
v 0 1
v 1 1
v 2 1
v 3 1
v 4 2
v 5 3
v 6 3
v 7 3
v 8 3
v 9 3
v 10 3
v 11 3
v 12 3
v 13 3
v 14 3
v 15 3
v 16 3
v 17 3
v 18 3
v 19 4
v 20 4
v 21 4
v 22 4
v 23 4
v 24 4
v 25 4
v 26 4
v 27 4
v 28 4
v 29 4
v 30 4
v 31 4
v 32 4
v 33 4
v 34 4
v 35 4
e 0 14 1
e 0 16 1
e 1 13 2
e 2 14 2
e 3 17 2
e 4 5 1
e 4 6 1
e 4 9 1
e 5 7 2
e 5 8 1
e 6 13 1
e 6 19 1
e 6 20 1
e 7 11 1
e 7 21 1
e 8 12 2
e 8 22 1
e 9 23 1
e 9 24 1
e 9 25 1
e 10 11 2
e 10 12 1
e 10 14 1
e 11 26 1
e 12 27 1
e 13 15 1
e 15 28 1
e 15 29 1
e 15 30 1
e 16 17 1
e 16 31 1
e 16 32 1
e 17 18 1
e 18 33 1
e 18 34 1
e 18 35 1
t # 48548
v 0 1
v 1 1
v 2 1
v 3 1
v 4 1
v 5 1
v 6 3
v 7 3
v 8 3
v 9 3
v 10 3
v 11 3
v 12 3
v 13 3
v 14 4
v 15 4
v 16 4
v 17 4
v 18 4
v 19 4
v 20 4
v 21 4
v 22 4
v 23 4
v 24 4
v 25 4
v 26 4
v 27 4
e 0 6 1
e 0 12 1
e 1 7 1
e 1 13 1
e 2 8 1
e 2 12 1
e 3 9 1
e 3 13 1
e 4 10 1
e 4 26 1
e 5 11 1
e 5 27 1
e 6 7 1
e 6 8 1
e 6 14 1
e 7 9 1
e 7 15 1
e 8 10 1
e 8 16 1
e 9 11 1
e 9 17 1
e 10 18 1
e 10 19 1
e 11 20 1
e 11 21 1
e 12 22 1
e 12 23 1
e 13 24 1
e 13 25 1
t # 48549
v 0 1
v 1 1
v 2 1
v 3 1
v 4 1
v 5 1
v 6 1
v 7 2
v 8 2
v 9 2
v 10 2
v 11 2
v 12 2
v 13 2
v 14 2
v 15 3
v 16 3
v 17 3
v 18 3
v 19 3
v 20 3
v 21 3
v 22 3
v 23 3
v 24 3
v 25 3
v 26 3
v 27 3
v 28 3
v 29 3
v 30 3
v 31 3
v 32 3
v 33 3
v 34 3
v 35 3
v 36 3
v 37 3
v 38 3
v 39 3
v 40 3
v 41 3
v 42 3
v 43 3
v 44 3
v 45 4
v 46 4
v 47 4
v 48 4
v 49 4
v 50 4
v 51 4
v 52 4
v 53 4
v 54 4
v 55 4
v 56 4
v 57 4
v 58 4
v 59 4
v 60 4
v 61 4
v 62 4
v 63 4
v 64 4
v 65 4
v 66 4
v 67 4
v 68 4
v 69 4
v 70 4
v 71 4
v 72 4
v 73 4
v 74 4
v 75 4
v 76 4
v 77 4
v 78 4
e 0 17 1
e 0 18 1
e 1 16 1
e 1 52 1
e 2 19 1
e 2 55 1
e 3 21 2
e 4 27 2
e 5 32 1
e 5 38 1
e 6 32 2
e 7 18 1
e 7 20 1
e 7 22 1
e 8 15 1
e 8 21 1
e 8 49 1
e 9 22 2
e 9 24 1
e 10 20 2
e 10 28 1
e 11 23 1
e 11 27 1
e 11 59 1
e 12 26 1
e 12 28 2
e 13 26 1
e 13 64 1
e 13 65 1
e 14 29 1
e 14 32 1
e 14 66 1
e 15 16 1
e 15 17 1
e 15 45 1
e 16 18 1
e 16 46 1
e 17 19 1
e 17 47 1
e 18 48 1
e 19 50 1
e 19 51 1
e 20 24 1
e 21 23 1
e 22 53 1
e 23 25 1
e 23 54 1
e 24 26 2
e 25 56 1
e 25 57 1
e 25 58 1
e 27 29 1
e 28 60 1
e 29 30 1
e 29 61 1
e 30 31 1
e 30 62 1
e 30 63 1
e 31 33 2
e 31 34 1
e 33 35 1
e 33 67 1
e 34 36 2
e 34 68 1
e 35 37 2
e 35 69 1
e 36 37 1
e 36 70 1
e 37 71 1
e 38 39 1
e 38 72 1
e 38 73 1
e 39 40 2
e 39 41 1
e 40 42 1
e 40 74 1
e 41 43 2
e 41 75 1
e 42 44 2
e 42 76 1
e 43 44 1
e 43 77 1
e 44 78 1
t # 48550
v 0 2
v 1 2
v 2 2
v 3 2
v 4 2
v 5 2
v 6 3
v 7 3
v 8 3
v 9 3
v 10 3
v 11 3
v 12 3
v 13 3
v 14 3
v 15 4
v 16 4
v 17 4
v 18 4
v 19 4
v 20 4
v 21 4
v 22 4
v 23 4
v 24 4
e 0 7 2
e 0 13 1
e 1 7 1
e 1 14 2
e 2 10 1
e 2 19 1
e 2 20 1
e 3 13 2
e 3 14 1
e 4 13 1
e 4 21 1
e 4 22 1
e 5 14 1
e 5 23 1
e 5 24 1
e 6 7 1
e 6 8 2
e 6 9 1
e 8 11 1
e 8 15 1
e 9 12 2
e 9 16 1
e 10 11 2
e 10 12 1
e 11 17 1
e 12 18 1
t # 48551
v 0 27
v 1 1
v 2 2
v 3 2
v 4 3
v 5 3
v 6 3
v 7 3
v 8 3
v 9 3
v 10 3
v 11 3
v 12 3
v 13 3
v 14 4
v 15 4
v 16 4
v 17 4
v 18 4
v 19 4
v 20 4
v 21 4
v 22 4
e 1 8 2
e 2 4 1
e 2 6 1
e 2 8 1
e 3 5 1
e 3 6 2
e 4 5 1
e 4 7 2
e 5 9 2
e 6 10 1
e 7 11 1
e 7 14 1
e 8 13 1
e 9 12 1
e 9 15 1
e 10 16 1
e 10 17 1
e 11 12 2
e 11 18 1
e 12 19 1
e 13 20 1
e 13 21 1
e 13 22 1
t # 48552
v 0 18
v 1 11
v 2 1
v 3 1
v 4 1
v 5 1
v 6 3
v 7 3
v 8 3
v 9 3
v 10 3
v 11 3
v 12 3
v 13 3
v 14 3
v 15 3
v 16 3
v 17 3
v 18 3
v 19 3
v 20 3
v 21 3
v 22 3
v 23 3
v 24 3
v 25 3
v 26 4
v 27 4
v 28 4
v 29 4
v 30 4
v 31 4
v 32 4
v 33 4
v 34 4
v 35 4
v 36 4
v 37 4
v 38 4
v 39 4
v 40 4
v 41 4
v 42 4
e 1 4 2
e 1 5 2
e 1 19 1
e 2 6 1
e 2 8 1
e 3 11 1
e 6 7 1
e 6 8 1
e 6 26 1
e 7 9 1
e 7 27 1
e 7 28 1
e 8 29 1
e 8 30 1
e 9 10 1
e 9 11 2
e 10 12 2
e 10 15 1
e 11 13 1
e 12 14 1
e 12 16 1
e 13 14 2
e 13 31 1
e 14 32 1
e 15 17 2
e 15 33 1
e 16 18 2
e 16 34 1
e 17 18 1
e 17 35 1
e 19 20 2
e 19 21 1
e 20 23 1
e 20 36 1
e 21 24 2
e 21 37 1
e 22 23 2
e 22 24 1
e 22 25 1
e 23 38 1
e 24 39 1
e 25 40 1
e 25 41 1
e 25 42 1
t # 48553
v 0 8
v 1 1
v 2 3
v 3 3
v 4 3
v 5 3
v 6 3
v 7 3
v 8 3
v 9 3
v 10 3
v 11 3
v 12 3
v 13 3
v 14 3
v 15 3
v 16 3
v 17 3
v 18 4
v 19 4
v 20 4
v 21 4
v 22 4
v 23 4
v 24 4
v 25 4
v 26 4
v 27 4
v 28 4
v 29 4
v 30 4
v 31 4
v 32 4
v 33 4
v 34 4
v 35 4
v 36 4
e 1 10 1
e 2 4 1
e 2 18 1
e 2 19 1
e 3 5 1
e 3 20 1
e 3 21 1
e 4 6 2
e 4 8 1
e 5 7 2
e 5 9 1
e 6 11 1
e 6 22 1
e 7 12 1
e 7 23 1
e 8 13 2
e 8 24 1
e 9 14 2
e 9 25 1
e 10 17 1
e 10 26 1
e 10 27 1
e 11 15 2
e 11 28 1
e 12 16 2
e 12 29 1
e 13 15 1
e 13 30 1
e 14 16 1
e 14 31 1
e 15 32 1
e 16 33 1
e 17 34 1
e 17 35 1
e 17 36 1
t # 48554
v 0 12
v 1 8
v 2 3
v 3 3
v 4 3
v 5 3
v 6 3
v 7 3
v 8 3
v 9 3
v 10 3
v 11 3
v 12 3
v 13 3
v 14 3
v 15 3
v 16 4
v 17 4
v 18 4
v 19 4
v 20 4
v 21 4
v 22 4
v 23 4
v 24 4
v 25 4
v 26 4
v 27 4
v 28 4
v 29 4
e 2 4 1
e 2 16 1
e 2 17 1
e 3 5 1
e 3 18 1
e 3 19 1
e 4 6 2
e 4 8 1
e 5 7 2
e 5 9 1
e 6 10 1
e 6 20 1
e 7 11 1
e 7 21 1
e 8 12 2
e 8 22 1
e 9 13 2
e 9 23 1
e 10 14 2
e 10 24 1
e 11 15 2
e 11 25 1
e 12 14 1
e 12 26 1
e 13 15 1
e 13 27 1
e 14 28 1
e 15 29 1
t # 48555
v 0 11
v 1 11
v 2 1
v 3 1
v 4 1
v 5 1
v 6 3
v 7 3
v 8 3
v 9 3
v 10 3
v 11 3
v 12 3
v 13 3
v 14 3
v 15 3
v 16 3
v 17 3
v 18 3
v 19 3
v 20 3
v 21 3
v 22 3
v 23 3
v 24 3
v 25 3
v 26 3
v 27 3
v 28 3
v 29 3
v 30 3
v 31 3
v 32 4
v 33 4
v 34 4
v 35 4
v 36 4
v 37 4
v 38 4
v 39 4
v 40 4
v 41 4
v 42 4
v 43 4
v 44 4
v 45 4
v 46 4
v 47 4
v 48 4
v 49 4
v 50 4
v 51 4
v 52 4
v 53 4
v 54 4
v 55 4
v 56 4
v 57 4
v 58 4
v 59 4
v 60 4
v 61 4
v 62 4
v 63 4
v 64 4
v 65 4
v 66 4
v 67 4
v 68 4
v 69 4
e 0 25 1
e 0 28 1
e 1 25 1
e 1 29 1
e 2 13 1
e 2 26 1
e 3 22 1
e 3 27 1
e 4 26 2
e 5 27 2
e 6 7 1
e 6 8 1
e 6 14 1
e 6 32 1
e 7 9 1
e 7 15 1
e 7 33 1
e 8 11 1
e 8 13 1
e 8 20 1
e 9 10 1
e 9 12 1
e 9 34 1
e 10 17 1
e 10 18 1
e 10 21 1
e 11 12 1
e 11 35 1
e 11 36 1
e 12 37 1
e 12 38 1
e 13 16 1
e 13 39 1
e 14 16 1
e 14 40 1
e 14 41 1
e 15 19 1
e 15 42 1
e 15 43 1
e 16 44 1
e 16 45 1
e 17 19 1
e 17 24 2
e 18 22 1
e 18 46 1
e 18 47 1
e 19 48 1
e 19 49 1
e 20 50 1
e 20 51 1
e 20 52 1
e 21 53 1
e 21 54 1
e 21 55 1
e 22 23 1
e 22 56 1
e 23 24 1
e 23 25 1
e 23 57 1
e 24 58 1
e 25 59 1
e 26 30 1
e 27 31 1
e 28 29 1
e 28 60 1
e 28 61 1
e 29 62 1
e 29 63 1
e 30 64 1
e 30 65 1
e 30 66 1
e 31 67 1
e 31 68 1
e 31 69 1
t # 48556
v 0 1
v 1 1
v 2 1
v 3 3
v 4 3
v 5 3
v 6 3
v 7 3
v 8 3
v 9 3
v 10 3
v 11 3
v 12 3
v 13 3
v 14 3
v 15 3
v 16 3
v 17 3
v 18 3
v 19 3
v 20 3
v 21 3
v 22 3
v 23 3
v 24 3
v 25 3
v 26 3
v 27 3
v 28 3
v 29 3
v 30 3
v 31 3
v 32 3
v 33 3
v 34 3
v 35 3
v 36 3
v 37 3
v 38 3
v 39 3
v 40 3
v 41 3
v 42 3
v 43 4
v 44 4
v 45 4
v 46 4
v 47 4
v 48 4
v 49 4
v 50 4
v 51 4
v 52 4
v 53 4
v 54 4
v 55 4
v 56 4
v 57 4
v 58 4
v 59 4
v 60 4
v 61 4
v 62 4
v 63 4
v 64 4
v 65 4
v 66 4
v 67 4
v 68 4
v 69 4
v 70 4
v 71 4
v 72 4
v 73 4
v 74 4
v 75 4
v 76 4
v 77 4
v 78 4
v 79 4
v 80 4
v 81 4
v 82 4
v 83 4
v 84 4
v 85 4
v 86 4
v 87 4
v 88 4
v 89 4
v 90 4
v 91 4
v 92 4
e 0 9 1
e 0 26 1
e 1 23 2
e 2 26 2
e 3 4 1
e 3 7 1
e 3 10 1
e 3 43 1
e 4 5 1
e 4 12 1
e 4 44 1
e 5 6 1
e 5 13 1
e 5 45 1
e 6 9 1
e 6 11 1
e 6 18 1
e 7 8 1
e 7 16 1
e 7 19 1
e 8 14 1
e 8 17 1
e 8 46 1
e 9 10 1
e 9 47 1
e 10 48 1
e 10 49 1
e 11 15 1
e 11 22 1
e 11 50 1
e 12 14 1
e 12 51 1
e 12 52 1
e 13 15 1
e 13 53 1
e 13 54 1
e 14 55 1
e 14 56 1
e 15 57 1
e 15 58 1
e 16 20 1
e 16 59 1
e 16 60 1
e 17 21 1
e 17 61 1
e 17 62 1
e 18 63 1
e 18 64 1
e 18 65 1
e 19 66 1
e 19 67 1
e 19 68 1
e 20 21 1
e 20 69 1
e 20 70 1
e 21 23 1
e 21 71 1
e 22 24 1
e 22 25 2
e 23 27 1
e 24 72 1
e 24 73 1
e 24 74 1
e 25 28 1
e 25 75 1
e 26 29 1
e 27 76 1
e 27 77 1
e 27 78 1
e 28 30 2
e 28 79 1
e 29 80 1
e 29 81 1
e 29 82 1
e 30 31 1
e 30 32 1
e 31 33 2
e 31 35 1
e 32 34 2
e 32 36 1
e 33 37 1
e 33 83 1
e 34 38 1
e 34 84 1
e 35 39 2
e 35 85 1
e 36 40 2
e 36 86 1
e 37 41 2
e 37 87 1
e 38 42 2
e 38 88 1
e 39 41 1
e 39 89 1
e 40 42 1
e 40 90 1
e 41 91 1
e 42 92 1
t # 48557
v 0 1
v 1 1
v 2 1
v 3 1
v 4 3
v 5 3
v 6 3
v 7 3
v 8 3
v 9 3
v 10 3
v 11 3
v 12 3
v 13 3
v 14 3
v 15 3
v 16 3
v 17 3
v 18 3
v 19 3
v 20 3
v 21 3
v 22 3
v 23 3
v 24 3
v 25 3
v 26 3
v 27 3
v 28 3
v 29 3
v 30 3
v 31 3
v 32 4
v 33 4
v 34 4
v 35 4
v 36 4
v 37 4
v 38 4
v 39 4
v 40 4
v 41 4
v 42 4
v 43 4
v 44 4
v 45 4
v 46 4
v 47 4
v 48 4
v 49 4
v 50 4
v 51 4
v 52 4
v 53 4
v 54 4
v 55 4
v 56 4
v 57 4
v 58 4
v 59 4
v 60 4
v 61 4
v 62 4
v 63 4
v 64 4
v 65 4
v 66 4
v 67 4
v 68 4
v 69 4
v 70 4
v 71 4
v 72 4
v 73 4
v 74 4
v 75 4
v 76 4
v 77 4
v 78 4
v 79 4
e 0 19 2
e 1 24 1
e 1 71 1
e 2 26 1
e 2 72 1
e 3 26 2
e 4 5 1
e 4 8 1
e 4 9 1
e 4 15 1
e 5 6 1
e 5 11 1
e 5 32 1
e 6 7 1
e 6 16 1
e 6 33 1
e 7 10 1
e 7 13 1
e 7 34 1
e 8 10 1
e 8 35 1
e 8 36 1
e 9 12 1
e 9 37 1
e 9 38 1
e 10 39 1
e 10 40 1
e 11 14 1
e 11 41 1
e 11 42 1
e 12 14 1
e 12 17 1
e 12 43 1
e 13 18 1
e 13 19 1
e 13 20 1
e 14 44 1
e 14 45 1
e 15 46 1
e 15 47 1
e 15 48 1
e 16 26 1
e 16 49 1
e 16 50 1
e 17 22 1
e 17 25 1
e 17 51 1
e 18 21 1
e 18 52 1
e 18 53 1
e 19 23 1
e 20 54 1
e 20 55 1
e 20 56 1
e 21 24 1
e 21 57 1
e 21 58 1
e 22 27 1
e 22 59 1
e 22 60 1
e 23 24 1
e 23 61 1
e 23 62 1
e 24 63 1
e 25 64 1
e 25 65 1
e 25 66 1
e 27 28 1
e 27 67 1
e 27 68 1
e 28 29 1
e 28 69 1
e 28 70 1
e 29 30 1
e 29 31 1
e 29 73 1
e 30 74 1
e 30 75 1
e 30 76 1
e 31 77 1
e 31 78 1
e 31 79 1
t # 48558
v 0 1
v 1 1
v 2 1
v 3 1
v 4 1
v 5 1
v 6 1
v 7 1
v 8 2
v 9 2
v 10 2
v 11 3
v 12 3
v 13 3
v 14 3
v 15 3
v 16 3
v 17 3
v 18 3
v 19 3
v 20 3
v 21 3
v 22 3
v 23 3
v 24 3
v 25 3
v 26 3
v 27 3
v 28 3
v 29 3
v 30 3
v 31 3
v 32 3
v 33 3
v 34 3
v 35 4
v 36 4
v 37 4
v 38 4
v 39 4
v 40 4
v 41 4
v 42 4
v 43 4
v 44 4
v 45 4
v 46 4
v 47 4
v 48 4
v 49 4
v 50 4
v 51 4
v 52 4
v 53 4
v 54 4
v 55 4
v 56 4
v 57 4
v 58 4
v 59 4
v 60 4
v 61 4
e 0 18 1
e 0 21 1
e 1 19 1
e 1 22 1
e 2 21 2
e 3 22 2
e 8 11 1
e 8 16 1
e 8 46 1
e 9 33 1
e 10 34 1
e 11 12 1
e 11 13 1
e 11 35 1
e 12 14 1
e 12 36 1
e 12 37 1
e 13 15 1
e 13 38 1
e 13 39 1
e 14 17 1
e 14 40 1
e 14 41 1
e 15 17 1
e 15 42 1
e 15 43 1
e 16 18 1
e 16 19 1
e 16 20 1
e 17 44 1
e 17 45 1
e 18 47 1
e 18 48 1
e 19 49 1
e 19 50 1
e 20 51 1
e 20 52 1
e 20 53 1
e 21 23 1
e 22 24 1
e 23 25 2
e 23 27 1
e 24 26 2
e 24 28 1
e 25 29 1
e 25 54 1
e 26 30 1
e 26 55 1
e 27 31 2
e 27 56 1
e 28 32 2
e 28 57 1
e 29 33 2
e 29 58 1
e 30 34 2
e 30 59 1
e 31 33 1
e 31 60 1
e 32 34 1
e 32 61 1
t # 48559
v 0 1
v 1 1
v 2 1
v 3 2
v 4 2
v 5 3
v 6 3
v 7 3
v 8 3
v 9 3
v 10 3
v 11 3
v 12 3
v 13 3
v 14 3
v 15 3
v 16 3
v 17 3
v 18 3
v 19 3
v 20 3
v 21 3
v 22 3
v 23 3
v 24 3
v 25 3
v 26 3
v 27 4
v 28 4
v 29 4
v 30 4
v 31 4
v 32 4
v 33 4
v 34 4
v 35 4
v 36 4
v 37 4
v 38 4
v 39 4
v 40 4
v 41 4
v 42 4
v 43 4
v 44 4
v 45 4
v 46 4
v 47 4
v 48 4
v 49 4
v 50 4
e 0 12 2
e 1 13 2
e 2 14 2
e 3 13 1
e 3 15 1
e 3 39 1
e 4 14 1
e 4 16 1
e 4 40 1
e 5 7 1
e 5 12 1
e 5 13 1
e 5 27 1
e 6 8 1
e 6 12 1
e 6 14 1
e 6 28 1
e 7 9 1
e 7 29 1
e 7 30 1
e 8 10 1
e 8 31 1
e 8 32 1
e 9 11 1
e 9 33 1
e 9 34 1
e 10 11 1
e 10 35 1
e 10 36 1
e 11 37 1
e 11 38 1
e 15 17 2
e 15 19 1
e 16 18 2
e 16 20 1
e 17 21 1
e 17 41 1
e 18 22 1
e 18 42 1
e 19 23 2
e 19 43 1
e 20 24 2
e 20 44 1
e 21 25 2
e 21 45 1
e 22 26 2
e 22 46 1
e 23 25 1
e 23 47 1
e 24 26 1
e 24 48 1
e 25 49 1
e 26 50 1
t # 48560
v 0 1
v 1 1
v 2 1
v 3 1
v 4 1
v 5 1
v 6 1
v 7 2
v 8 2
v 9 2
v 10 2
v 11 2
v 12 3
v 13 3
v 14 3
v 15 3
v 16 3
v 17 3
v 18 3
v 19 3
v 20 3
v 21 3
v 22 3
v 23 3
v 24 3
v 25 3
v 26 3
v 27 3
v 28 3
v 29 3
v 30 3
v 31 3
v 32 4
v 33 4
v 34 4
v 35 4
v 36 4
v 37 4
v 38 4
v 39 4
v 40 4
v 41 4
v 42 4
v 43 4
v 44 4
v 45 4
v 46 4
v 47 4
v 48 4
v 49 4
v 50 4
v 51 4
v 52 4
v 53 4
v 54 4
v 55 4
v 56 4
e 0 14 2
e 1 18 1
e 1 46 1
e 2 21 1
e 2 26 1
e 3 17 2
e 4 21 2
e 5 23 1
e 5 24 1
e 6 23 2
e 7 12 1
e 7 17 1
e 7 35 1
e 8 14 1
e 8 16 1
e 8 37 1
e 9 15 1
e 9 22 1
e 9 40 1
e 10 19 1
e 10 22 2
e 11 20 1
e 11 23 1
e 11 45 1
e 12 13 1
e 12 14 1
e 12 32 1
e 13 15 1
e 13 33 1
e 13 34 1
e 15 19 2
e 16 18 1
e 16 21 1
e 16 36 1
e 17 20 1
e 18 38 1
e 18 39 1
e 19 41 1
e 20 42 1
e 20 43 1
e 22 44 1
e 24 25 1
e 24 47 1
e 24 48 1
e 25 27 2
e 25 28 1
e 26 49 1
e 26 50 1
e 26 51 1
e 27 29 1
e 27 52 1
e 28 30 2
e 28 53 1
e 29 31 2
e 29 54 1
e 30 31 1
e 30 55 1
e 31 56 1
t # 48561
v 0 11
v 1 1
v 2 1
v 3 2
v 4 2
v 5 2
v 6 3
v 7 3
v 8 3
v 9 3
v 10 3
v 11 3
v 12 3
v 13 3
v 14 3
v 15 3
v 16 3
v 17 3
v 18 3
v 19 3
v 20 3
v 21 3
v 22 3
v 23 4
v 24 4
v 25 4
v 26 4
v 27 4
v 28 4
v 29 4
v 30 4
v 31 4
v 32 4
v 33 4
v 34 4
v 35 4
e 0 22 1
e 1 15 2
e 2 22 2
e 3 4 1
e 3 6 1
e 3 9 1
e 5 7 1
e 6 7 2
e 6 8 1
e 7 10 1
e 8 11 2
e 8 12 1
e 9 13 2
e 9 14 1
e 10 15 1
e 10 23 1
e 10 24 1
e 11 16 1
e 11 25 1
e 12 17 2
e 12 26 1
e 13 18 1
e 13 27 1
e 14 19 2
e 14 28 1
e 15 22 1
e 16 20 2
e 16 29 1
e 17 20 1
e 17 30 1
e 18 21 2
e 18 31 1
e 19 21 1
e 19 32 1
e 20 33 1
e 21 34 1
t # 48562
v 0 11
v 1 1
v 2 1
v 3 1
v 4 1
v 5 1
v 6 1
v 7 1
v 8 2
v 9 2
v 10 3
v 11 3
v 12 3
v 13 3
v 14 3
v 15 3
v 16 3
v 17 3
v 18 3
v 19 3
v 20 3
v 21 3
v 22 3
v 23 3
v 24 3
v 25 3
v 26 4
v 27 4
v 28 4
v 29 4
v 30 4
v 31 4
v 32 4
v 33 4
v 34 4
v 35 4
v 36 4
v 37 4
v 38 4
v 39 4
e 0 1 2
e 0 2 2
e 0 10 1
e 0 14 1
e 3 13 2
e 4 15 1
e 4 20 1
e 5 15 2
e 6 16 2
e 7 17 2
e 8 10 1
e 8 12 1
e 8 13 1
e 11 9 1
e 9 16 1
e 9 17 1
e 10 11 1
e 10 15 1
e 11 13 1
e 11 26 1
e 12 14 1
e 12 27 1
e 12 28 1
e 14 29 1
e 14 30 1
e 16 18 1
e 17 19 1
e 18 19 1
e 18 21 2
e 19 22 2
e 20 25 1
e 20 31 1
e 20 32 1
e 21 23 1
e 21 33 1
e 22 24 1
e 22 34 1
e 23 24 2
e 23 35 1
e 24 36 1
e 25 37 1
e 25 38 1
e 25 39 1
t # 48563
v 0 11
v 1 11
v 2 1
v 3 1
v 4 1
v 5 1
v 6 1
v 7 1
v 8 2
v 9 2
v 10 3
v 11 3
v 12 3
v 13 3
v 14 3
v 15 3
v 16 3
v 17 3
v 18 3
v 19 3
v 20 3
v 21 3
v 22 3
v 23 3
v 24 4
v 25 4
v 26 4
v 27 4
v 28 4
v 29 4
v 30 4
v 31 4
v 32 4
v 33 4
v 34 4
v 35 4
v 36 4
v 37 4
v 38 4
v 39 4
v 40 4
v 41 4
v 42 4
v 43 4
v 44 4
v 45 4
v 46 4
v 47 4
e 0 10 1
e 1 11 1
e 2 18 1
e 2 22 1
e 3 19 1
e 3 23 1
e 4 18 2
e 5 19 2
e 6 20 2
e 7 21 2
e 8 12 1
e 8 20 1
e 8 38 1
e 9 13 1
e 9 21 1
e 9 39 1
e 10 12 1
e 10 14 1
e 10 15 1
e 11 13 1
e 11 16 1
e 11 17 1
e 12 18 1
e 12 24 1
e 13 19 1
e 13 25 1
e 14 26 1
e 14 27 1
e 14 28 1
e 15 29 1
e 15 30 1
e 15 31 1
e 16 32 1
e 16 33 1
e 16 34 1
e 17 35 1
e 17 36 1
e 17 37 1
e 20 21 1
e 22 42 1
e 22 43 1
e 22 44 1
e 23 45 1
e 23 46 1
e 23 47 1
t # 48564
v 0 1
v 1 1
v 2 1
v 3 1
v 4 1
v 5 1
v 6 2
v 7 2
v 8 2
v 9 2
v 10 2
v 11 3
v 12 3
v 13 3
v 14 3
v 15 3
v 16 3
v 17 3
v 18 3
v 19 3
v 20 3
v 21 3
v 22 3
v 23 3
v 24 3
v 25 3
v 26 3
v 27 3
v 28 3
v 29 3
v 30 3
v 31 4
v 32 4
v 33 4
v 34 4
v 35 4
v 36 4
v 37 4
v 38 4
v 39 4
v 40 4
v 41 4
v 42 4
v 43 4
v 44 4
v 45 4
v 46 4
v 47 4
v 48 4
v 49 4
v 50 4
v 51 4
v 52 4
v 53 4
v 54 4
v 55 4
e 0 14 2
e 1 15 2
e 2 20 1
e 2 24 1
e 3 21 1
e 3 22 1
e 4 20 2
e 5 21 2
e 6 11 1
e 6 15 1
e 6 34 1
e 7 13 1
e 7 19 1
e 7 36 1
e 8 14 1
e 8 18 1
e 8 35 1
e 9 16 1
e 9 19 2
e 10 17 1
e 10 21 1
e 10 43 1
e 11 12 1
e 11 14 1
e 11 31 1
e 12 13 1
e 12 32 1
e 12 33 1
e 13 16 2
e 15 17 1
e 16 37 1
e 17 38 1
e 17 39 1
e 18 20 1
e 18 40 1
e 18 41 1
e 19 42 1
e 22 23 1
e 22 44 1
e 22 45 1
e 23 25 2
e 23 26 1
e 24 30 1
e 24 46 1
e 24 47 1
e 25 27 1
e 25 48 1
e 26 28 2
e 26 49 1
e 27 29 2
e 27 50 1
e 28 29 1
e 28 51 1
e 29 52 1
e 30 53 1
e 30 54 1
e 30 55 1
t # 48565
v 0 1
v 1 1
v 2 1
v 3 1
v 4 1
v 5 2
v 6 2
v 7 2
v 8 2
v 9 3
v 10 3
v 11 3
v 12 3
v 13 3
v 14 3
v 15 3
v 16 3
v 17 3
v 18 3
v 19 3
v 20 3
v 21 3
v 22 3
v 23 3
v 24 3
v 25 3
v 26 3
v 27 4
v 28 4
v 29 4
v 30 4
v 31 4
v 32 4
v 33 4
v 34 4
v 35 4
v 36 4
v 37 4
v 38 4
v 39 4
v 40 4
v 41 4
v 42 4
v 43 4
v 44 4
v 45 4
v 46 4
v 47 4
v 48 4
e 0 14 1
e 0 17 1
e 1 12 2
e 2 14 2
e 3 19 1
e 3 24 1
e 4 19 2
e 5 9 1
e 5 14 1
e 5 30 1
e 6 12 1
e 6 15 1
e 6 31 1
e 7 11 1
e 7 16 1
e 7 32 1
e 8 13 1
e 8 16 2
e 9 10 1
e 9 12 1
e 9 27 1
e 10 11 1
e 10 28 1
e 10 29 1
e 11 13 2
e 13 33 1
e 15 19 1
e 15 34 1
e 15 35 1
e 16 36 1
e 17 18 1
e 17 37 1
e 17 38 1
e 18 20 2
e 18 21 1
e 20 22 1
e 20 39 1
e 21 23 2
e 21 40 1
e 22 25 2
e 22 41 1
e 23 25 1
e 23 42 1
e 24 26 1
e 24 43 1
e 24 44 1
e 25 45 1
e 26 46 1
e 26 47 1
e 26 48 1
t # 48566
v 0 1
v 1 1
v 2 3
v 3 3
v 4 3
v 5 3
v 6 3
v 7 3
v 8 3
v 9 3
v 10 3
v 11 3
v 12 3
v 13 3
v 14 3
v 15 3
v 16 3
v 17 3
v 18 3
v 19 4
v 20 4
v 21 4
v 22 4
v 23 4
v 24 4
v 25 4
v 26 4
v 27 4
v 28 4
v 29 4
v 30 4
v 31 4
v 32 4
v 33 4
v 34 4
v 35 4
v 36 4
v 37 4
v 38 4
v 39 4
v 40 4
v 41 4
v 42 4
v 43 4
v 44 4
v 45 4
v 46 4
v 47 4
v 48 4
v 49 4
v 50 4
e 0 15 2
e 1 16 2
e 2 3 1
e 2 4 1
e 2 19 1
e 2 20 1
e 3 5 1
e 3 21 1
e 3 22 1
e 4 6 1
e 4 23 1
e 4 24 1
e 5 7 1
e 5 25 1
e 5 26 1
e 6 8 1
e 6 27 1
e 6 28 1
e 7 9 1
e 7 29 1
e 7 30 1
e 8 10 1
e 8 31 1
e 8 32 1
e 9 11 1
e 9 33 1
e 9 34 1
e 10 12 1
e 10 35 1
e 10 36 1
e 11 13 1
e 11 37 1
e 11 38 1
e 12 14 1
e 12 39 1
e 12 40 1
e 13 15 1
e 13 41 1
e 13 42 1
e 14 16 1
e 14 43 1
e 14 44 1
e 15 17 1
e 16 18 1
e 17 45 1
e 17 46 1
e 17 47 1
e 18 48 1
e 18 49 1
e 18 50 1
t # 48567
v 0 12
v 1 1
v 2 1
v 3 2
v 4 3
v 5 3
v 6 3
v 7 3
v 8 3
v 9 3
v 10 3
v 11 3
v 12 3
v 13 3
v 14 3
v 15 3
v 16 3
v 17 3
v 18 3
v 19 3
v 20 3
v 21 4
v 22 4
v 23 4
v 24 4
v 25 4
v 26 4
v 27 4
v 28 4
v 29 4
v 30 4
v 31 4
v 32 4
v 33 4
v 34 4
e 0 13 1
e 1 6 1
e 1 30 1
e 2 12 1
e 2 34 1
e 3 7 1
e 3 9 2
e 4 5 1
e 4 6 1
e 4 8 2
e 5 7 2
e 5 10 1
e 6 13 1
e 6 21 1
e 7 12 1
e 8 9 1
e 8 22 1
e 9 11 1
e 10 14 2
e 10 23 1
e 11 16 2
e 11 17 1
e 12 15 2
e 13 24 1
e 13 25 1
e 14 15 1
e 14 26 1
e 15 27 1
e 16 18 1
e 16 28 1
e 17 19 2
e 17 29 1
e 18 20 2
e 18 31 1
e 19 20 1
e 19 32 1
e 20 33 1
t # 48568
v 0 11
v 1 1
v 2 1
v 3 1
v 4 1
v 5 1
v 6 1
v 7 1
v 8 1
v 9 2
v 10 2
v 11 3
v 12 3
v 13 3
v 14 3
v 15 3
v 16 3
v 17 3
v 18 3
v 19 3
v 20 3
v 21 3
v 22 3
v 23 3
v 24 3
v 25 3
v 26 3
v 27 4
v 28 4
v 29 4
v 30 4
v 31 4
v 32 4
v 33 4
v 34 4
v 35 4
v 36 4
v 37 4
v 38 4
v 39 4
v 40 4
v 41 4
v 42 4
v 43 4
v 44 4
v 45 4
v 46 4
v 47 4
v 48 4
v 49 4
v 50 4
v 51 4
v 52 4
e 0 7 2
e 0 8 2
e 1 11 1
e 1 20 1
e 2 20 2
e 5 51 1
e 6 52 1
e 9 12 1
e 9 14 1
e 9 34 1
e 10 26 1
e 11 12 1
e 11 16 1
e 11 17 1
e 12 27 1
e 12 28 1
e 13 14 1
e 13 15 1
e 13 29 1
e 13 30 1
e 14 31 1
e 14 32 1
e 15 18 1
e 15 19 1
e 15 33 1
e 16 35 1
e 16 36 1
e 16 37 1
e 17 38 1
e 17 39 1
e 17 40 1
e 18 41 1
e 18 42 1
e 18 43 1
e 19 44 1
e 19 45 1
e 19 46 1
e 20 21 1
e 21 22 2
e 21 23 1
e 22 24 1
e 22 47 1
e 23 25 2
e 23 48 1
e 24 26 2
e 24 49 1
e 25 26 1
e 25 50 1
t # 48569
v 0 1
v 1 1
v 2 1
v 3 1
v 4 1
v 5 1
v 6 1
v 7 2
v 8 2
v 9 2
v 10 3
v 11 3
v 12 3
v 13 3
v 14 3
v 15 3
v 16 3
v 17 3
v 18 3
v 19 3
v 20 3
v 21 3
v 22 3
v 23 3
v 24 3
v 25 3
v 26 3
v 27 3
v 28 3
v 29 3
v 30 3
v 31 3
v 32 3
v 33 4
v 34 4
v 35 4
v 36 4
v 37 4
v 38 4
v 39 4
v 40 4
v 41 4
v 42 4
v 43 4
v 44 4
v 45 4
v 46 4
v 47 4
v 48 4
v 49 4
v 50 4
v 51 4
v 52 4
v 53 4
v 54 4
v 55 4
v 56 4
v 57 4
v 58 4
v 59 4
v 60 4
v 61 4
e 0 17 2
e 3 32 1
e 3 61 1
e 4 32 2
e 7 11 1
e 7 12 1
e 7 17 1
e 8 25 1
e 9 27 1
e 10 11 1
e 10 13 1
e 10 33 1
e 10 34 1
e 11 35 1
e 11 36 1
e 12 14 1
e 12 37 1
e 12 38 1
e 13 15 1
e 13 16 1
e 13 39 1
e 14 18 1
e 14 19 1
e 14 40 1
e 15 41 1
e 15 42 1
e 15 43 1
e 16 44 1
e 16 45 1
e 16 46 1
e 17 20 1
e 18 47 1
e 18 48 1
e 18 49 1
e 19 50 1
e 19 51 1
e 19 52 1
e 20 21 2
e 20 22 1
e 21 23 1
e 21 53 1
e 22 24 2
e 22 54 1
e 23 25 2
e 23 55 1
e 24 25 1
e 24 56 1
e 26 28 2
e 26 29 1
e 26 32 1
e 27 30 2
e 27 31 1
e 28 30 1
e 28 57 1
e 29 31 2
e 29 58 1
e 30 59 1
e 31 60 1
t # 48570
v 0 1
v 1 1
v 2 1
v 3 1
v 4 1
v 5 1
v 6 1
v 7 1
v 8 2
v 9 2
v 10 3
v 11 3
v 12 3
v 13 3
v 14 3
v 15 3
v 16 3
v 17 3
v 18 3
v 19 3
v 20 3
v 21 3
v 22 3
v 23 3
v 24 3
v 25 3
v 26 3
v 27 3
v 28 3
v 29 3
v 30 3
v 31 3
v 32 3
v 33 4
v 34 4
v 35 4
v 36 4
v 37 4
v 38 4
v 39 4
v 40 4
v 41 4
v 42 4
v 43 4
v 44 4
v 45 4
v 46 4
v 47 4
v 48 4
v 49 4
v 50 4
v 51 4
v 52 4
v 53 4
v 54 4
v 55 4
v 56 4
v 57 4
v 58 4
v 59 4
v 60 4
e 0 14 1
e 0 19 1
e 1 19 2
e 4 32 1
e 4 60 1
e 5 32 2
e 8 25 1
e 9 27 1
e 10 11 1
e 10 14 1
e 10 15 1
e 10 16 1
e 11 12 1
e 11 33 1
e 11 34 1
e 12 13 1
e 12 35 1
e 12 36 1
e 13 17 1
e 13 18 1
e 13 37 1
e 14 38 1
e 14 39 1
e 15 40 1
e 15 41 1
e 15 42 1
e 16 43 1
e 16 44 1
e 16 45 1
e 17 46 1
e 17 47 1
e 17 48 1
e 18 49 1
e 18 50 1
e 18 51 1
e 19 20 1
e 20 21 2
e 20 22 1
e 21 23 1
e 21 52 1
e 22 24 2
e 22 53 1
e 23 25 2
e 23 54 1
e 24 25 1
e 24 55 1
e 26 28 2
e 26 29 1
e 26 32 1
e 27 30 2
e 27 31 1
e 28 30 1
e 28 56 1
e 29 31 2
e 29 57 1
e 30 58 1
e 31 59 1
t # 48571
v 0 11
v 1 1
v 2 1
v 3 1
v 4 1
v 5 1
v 6 2
v 7 2
v 8 3
v 9 3
v 10 3
v 11 3
v 12 3
v 13 3
v 14 3
v 15 3
v 16 3
v 17 3
v 18 3
v 19 3
v 20 3
v 21 3
v 22 3
v 23 3
v 24 4
v 25 4
v 26 4
v 27 4
v 28 4
v 29 4
v 30 4
v 31 4
v 32 4
v 33 4
v 34 4
v 35 4
v 36 4
v 37 4
e 0 8 1
e 0 12 1
e 1 10 2
e 2 13 1
e 2 20 1
e 3 13 2
e 4 14 2
e 5 15 2
e 6 8 1
e 6 10 1
e 6 11 1
e 9 7 1
e 7 14 1
e 7 15 1
e 8 9 1
e 8 13 1
e 9 10 1
e 9 24 1
e 11 12 1
e 11 25 1
e 11 26 1
e 12 27 1
e 12 28 1
e 14 16 1
e 15 17 1
e 16 17 1
e 16 18 2
e 17 19 2
e 18 21 1
e 18 29 1
e 19 22 1
e 19 30 1
e 20 23 1
e 20 31 1
e 20 32 1
e 21 22 2
e 21 33 1
e 22 34 1
e 23 35 1
e 23 36 1
e 23 37 1
t # 48572
v 0 1
v 1 1
v 2 1
v 3 1
v 4 2
v 5 3
v 6 3
v 7 3
v 8 3
v 9 3
v 10 3
v 11 3
v 12 3
v 13 3
v 14 3
v 15 3
v 16 3
v 17 3
v 18 3
v 19 3
v 20 3
v 21 4
v 22 4
v 23 4
v 24 4
v 25 4
v 26 4
v 27 4
v 28 4
v 29 4
v 30 4
v 31 4
e 0 14 1
e 0 15 1
e 1 7 2
e 2 8 2
e 3 14 2
e 4 7 1
e 4 8 1
e 4 9 1
e 5 6 1
e 5 7 1
e 5 10 2
e 6 8 1
e 6 11 2
e 9 14 1
e 9 21 1
e 9 22 1
e 10 12 1
e 10 23 1
e 11 13 1
e 11 24 1
e 12 13 2
e 12 25 1
e 13 26 1
e 15 16 2
e 15 17 1
e 16 18 1
e 16 27 1
e 17 19 2
e 17 28 1
e 18 20 2
e 18 29 1
e 19 20 1
e 19 30 1
e 20 31 1
t # 48573
v 0 1
v 1 2
v 2 2
v 3 2
v 4 3
v 5 3
v 6 3
v 7 3
v 8 3
v 9 3
v 10 3
v 11 3
v 12 3
v 13 3
v 14 3
v 15 3
v 16 3
v 17 3
v 18 3
v 19 4
v 20 4
v 21 4
v 22 4
v 23 4
v 24 4
v 25 4
v 26 4
v 27 4
v 28 4
v 29 4
e 0 12 2
e 1 2 1
e 1 4 1
e 1 6 1
e 3 5 1
e 4 5 2
e 4 12 1
e 5 7 1
e 6 8 2
e 6 9 1
e 7 10 2
e 7 11 1
e 8 13 1
e 8 19 1
e 9 14 2
e 9 20 1
e 10 15 1
e 10 21 1
e 11 16 2
e 11 22 1
e 12 23 1
e 13 17 2
e 13 24 1
e 14 17 1
e 14 25 1
e 15 18 2
e 15 26 1
e 16 18 1
e 16 27 1
e 17 28 1
e 18 29 1
t # 48574
v 0 1
v 1 1
v 2 2
v 3 3
v 4 3
v 5 3
v 6 3
v 7 3
v 8 3
v 9 3
v 10 3
v 11 3
v 12 3
v 13 3
v 14 3
v 15 3
v 16 3
v 17 4
v 18 4
v 19 4
v 20 4
v 21 4
v 22 4
v 23 4
v 24 4
v 25 4
v 26 4
v 27 4
v 28 4
v 29 4
v 30 4
v 31 4
v 32 4
v 33 4
v 34 4
v 35 4
v 36 4
v 37 4
e 0 3 1
e 0 32 1
e 1 8 2
e 2 4 1
e 2 5 1
e 2 8 1
e 3 4 1
e 3 6 1
e 3 7 1
e 4 17 1
e 4 18 1
e 5 9 1
e 5 10 1
e 5 19 1
e 6 20 1
e 6 21 1
e 6 22 1
e 7 23 1
e 7 24 1
e 7 25 1
e 8 11 1
e 9 26 1
e 9 27 1
e 9 28 1
e 10 29 1
e 10 30 1
e 10 31 1
e 11 12 2
e 11 13 1
e 12 14 1
e 12 33 1
e 13 15 2
e 13 34 1
e 14 16 2
e 14 35 1
e 15 16 1
e 15 36 1
e 16 37 1
t # 48575
v 0 12
v 1 11
v 2 11
v 3 14
v 4 1
v 5 1
v 6 1
v 7 1
v 8 1
v 9 1
v 10 1
v 11 2
v 12 2
v 13 2
v 14 2
v 15 2
v 16 2
v 17 3
v 18 3
v 19 3
v 20 3
v 21 3
v 22 3
v 23 3
v 24 3
v 25 3
v 26 3
v 27 3
v 28 3
v 29 3
v 30 3
v 31 3
v 32 3
v 33 3
v 34 3
v 35 3
v 36 3
v 37 3
v 38 3
v 39 4
v 40 4
v 41 4
v 42 4
v 43 4
v 44 4
v 45 4
v 46 4
v 47 4
v 48 4
v 49 4
v 50 4
v 51 4
v 52 4
v 53 4
v 54 4
v 55 4
v 56 4
v 57 4
v 58 4
v 59 4
v 60 4
v 61 4
v 62 4
v 63 4
v 64 4
v 65 4
v 66 4
e 0 25 1
e 1 6 2
e 1 7 2
e 1 34 1
e 2 9 2
e 2 10 2
e 2 37 1
e 4 27 1
e 4 28 1
e 5 30 2
e 8 66 1
e 11 17 1
e 11 20 1
e 11 21 1
e 12 17 1
e 12 22 2
e 13 21 2
e 13 22 1
e 14 21 1
e 14 48 1
e 14 49 1
e 15 22 1
e 15 50 1
e 15 51 1
e 16 29 1
e 16 30 1
e 16 56 1
e 17 18 1
e 17 19 1
e 18 39 1
e 18 40 1
e 18 41 1
e 19 42 1
e 19 43 1
e 19 44 1
e 20 23 2
e 20 24 1
e 23 25 1
e 23 45 1
e 24 26 2
e 24 46 1
e 25 27 2
e 26 27 1
e 26 47 1
e 28 29 1
e 28 52 1
e 28 53 1
e 29 54 1
e 29 55 1
e 30 31 1
e 31 32 2
e 31 33 1
e 32 35 1
e 32 57 1
e 33 36 2
e 33 58 1
e 34 35 2
e 34 36 1
e 35 59 1
e 36 60 1
e 37 38 1
e 37 61 1
e 37 62 1
e 38 63 1
e 38 64 1
e 38 65 1
t # 48576
v 0 12
v 1 11
v 2 11
v 3 14
v 4 1
v 5 1
v 6 1
v 7 1
v 8 1
v 9 1
v 10 1
v 11 2
v 12 2
v 13 2
v 14 2
v 15 2
v 16 2
v 17 3
v 18 3
v 19 3
v 20 3
v 21 3
v 22 3
v 23 3
v 24 3
v 25 3
v 26 3
v 27 3
v 28 3
v 29 3
v 30 3
v 31 3
v 32 3
v 33 3
v 34 3
v 35 3
v 36 3
v 37 3
v 38 4
v 39 4
v 40 4
v 41 4
v 42 4
v 43 4
v 44 4
v 45 4
v 46 4
v 47 4
v 48 4
v 49 4
v 50 4
v 51 4
v 52 4
v 53 4
v 54 4
v 55 4
v 56 4
v 57 4
v 58 4
v 59 4
v 60 4
v 61 4
v 62 4
v 63 4
e 0 25 1
e 1 6 2
e 1 7 2
e 1 32 1
e 2 9 2
e 2 10 2
e 2 36 1
e 4 27 1
e 4 28 1
e 5 29 2
e 8 63 1
e 11 17 1
e 11 20 1
e 11 21 1
e 12 17 1
e 12 22 2
e 13 21 2
e 13 22 1
e 14 21 1
e 14 47 1
e 14 48 1
e 15 22 1
e 15 49 1
e 15 50 1
e 16 29 1
e 16 30 1
e 16 53 1
e 17 18 1
e 17 19 1
e 18 38 1
e 18 39 1
e 18 40 1
e 19 41 1
e 19 42 1
e 19 43 1
e 20 23 2
e 20 24 1
e 23 25 1
e 23 44 1
e 24 26 2
e 24 45 1
e 25 27 2
e 26 27 1
e 26 46 1
e 28 29 1
e 28 51 1
e 28 52 1
e 30 31 2
e 30 33 1
e 31 32 1
e 31 54 1
e 32 34 2
e 33 35 2
e 33 55 1
e 34 35 1
e 34 56 1
e 35 57 1
e 36 37 1
e 36 58 1
e 36 59 1
e 37 60 1
e 37 61 1
e 37 62 1
t # 48577
v 0 1
v 1 1
v 2 1
v 3 1
v 4 2
v 5 2
v 6 3
v 7 3
v 8 3
v 9 3
v 10 3
v 11 3
v 12 3
v 13 3
v 14 3
v 15 3
v 16 3
v 17 3
v 18 3
v 19 3
v 20 4
v 21 4
v 22 4
v 23 4
v 24 4
v 25 4
v 26 4
v 27 4
v 28 4
v 29 4
v 30 4
v 31 4
v 32 4
v 33 4
v 34 4
v 35 4
v 36 4
v 37 4
e 0 11 2
e 1 12 2
e 2 19 1
e 2 37 1
e 3 19 2
e 4 8 1
e 4 12 1
e 4 30 1
e 5 11 1
e 5 31 1
e 5 32 1
e 6 7 1
e 6 8 1
e 6 20 1
e 6 21 1
e 7 9 1
e 7 10 1
e 7 22 1
e 8 11 1
e 8 23 1
e 9 24 1
e 9 25 1
e 9 26 1
e 10 27 1
e 10 28 1
e 10 29 1
e 12 13 1
e 13 14 1
e 13 15 2
e 14 16 2
e 14 19 1
e 15 17 1
e 15 33 1
e 16 18 1
e 16 34 1
e 17 18 2
e 17 35 1
e 18 36 1
t # 48578
v 0 12
v 1 2
v 2 3
v 3 3
v 4 3
v 5 3
v 6 3
v 7 3
v 8 3
v 9 3
v 10 3
v 11 3
v 12 3
v 13 3
v 14 3
v 15 4
v 16 4
v 17 4
v 18 4
v 19 4
v 20 4
v 21 4
v 22 4
v 23 4
v 24 4
v 25 4
v 26 4
v 27 4
v 28 4
v 29 4
v 30 4
v 31 4
v 32 4
v 33 4
v 34 4
v 35 4
v 36 4
v 37 4
v 38 4
v 39 4
v 40 4
v 41 4
v 42 4
e 0 13 1
e 1 2 1
e 1 7 1
e 1 22 1
e 2 3 1
e 2 4 1
e 2 15 1
e 3 5 1
e 3 16 1
e 3 17 1
e 4 6 1
e 4 18 1
e 4 19 1
e 5 9 1
e 5 10 1
e 5 20 1
e 6 11 1
e 6 12 1
e 6 21 1
e 7 8 1
e 7 13 1
e 7 23 1
e 8 14 1
e 8 24 1
e 8 25 1
e 9 26 1
e 9 27 1
e 9 28 1
e 10 29 1
e 10 30 1
e 10 31 1
e 11 32 1
e 11 33 1
e 11 34 1
e 12 35 1
e 12 36 1
e 12 37 1
e 13 38 1
e 13 39 1
e 14 40 1
e 14 41 1
e 14 42 1
t # 48579
v 0 1
v 1 1
v 2 1
v 3 2
v 4 2
v 5 3
v 6 3
v 7 3
v 8 3
v 9 3
v 10 3
v 11 3
v 12 3
v 13 3
v 14 3
v 15 3
v 16 3
v 17 3
v 18 4
v 19 4
v 20 4
v 21 4
v 22 4
v 23 4
v 24 4
v 25 4
v 26 4
v 27 4
v 28 4
v 29 4
v 30 4
v 31 4
v 32 4
v 33 4
v 34 4
v 35 4
v 36 4
v 37 4
e 0 9 2
e 1 10 2
e 2 14 2
e 3 9 1
e 3 14 1
e 3 30 1
e 4 10 1
e 4 14 1
e 4 31 1
e 5 6 1
e 5 7 1
e 5 9 1
e 5 10 1
e 6 8 1
e 6 18 1
e 6 19 1
e 7 12 1
e 7 20 1
e 7 21 1
e 8 11 1
e 8 22 1
e 8 23 1
e 11 13 1
e 11 24 1
e 11 25 1
e 12 15 1
e 12 26 1
e 12 27 1
e 13 16 1
e 13 28 1
e 13 29 1
e 15 17 2
e 15 32 1
e 16 33 1
e 16 34 1
e 16 35 1
e 17 36 1
e 17 37 1
t # 48580
v 0 11
v 1 1
v 2 1
v 3 1
v 4 2
v 5 3
v 6 3
v 7 3
v 8 3
v 9 3
v 10 3
v 11 3
v 12 3
v 13 3
v 14 3
v 15 3
v 16 3
v 17 3
v 18 4
v 19 4
v 20 4
v 21 4
v 22 4
v 23 4
v 24 4
v 25 4
v 26 4
v 27 4
v 28 4
v 29 4
v 30 4
v 31 4
v 32 4
v 33 4
v 34 4
e 0 5 1
e 1 9 1
e 1 31 1
e 2 9 2
e 3 10 2
e 4 6 1
e 4 10 1
e 4 25 1
e 5 6 1
e 5 7 1
e 5 8 1
e 6 9 1
e 6 18 1
e 7 19 1
e 7 20 1
e 7 21 1
e 8 22 1
e 8 23 1
e 8 24 1
e 10 11 1
e 11 12 1
e 11 27 1
e 11 28 1
e 12 13 2
e 12 14 1
e 13 15 1
e 13 29 1
e 14 16 2
e 14 30 1
e 15 17 2
e 15 32 1
e 16 17 1
e 16 33 1
e 17 34 1
t # 48581
v 0 11
v 1 1
v 2 1
v 3 1
v 4 1
v 5 1
v 6 1
v 7 2
v 8 2
v 9 3
v 10 3
v 11 3
v 12 3
v 13 3
v 14 3
v 15 3
v 16 3
v 17 3
v 18 3
v 19 3
v 20 3
v 21 3
v 22 4
v 23 4
v 24 4
v 25 4
v 26 4
v 27 4
v 28 4
v 29 4
v 30 4
v 31 4
v 32 4
v 33 4
e 0 1 2
e 0 2 2
e 0 9 1
e 0 10 1
e 3 13 1
e 3 29 1
e 4 13 2
e 5 14 2
e 6 15 2
e 7 9 1
e 7 12 1
e 7 28 1
e 8 11 1
e 8 14 1
e 8 15 1
e 9 11 1
e 9 13 1
e 10 12 1
e 10 22 1
e 10 23 1
e 11 24 1
e 11 25 1
e 12 26 1
e 12 27 1
e 14 16 1
e 15 17 1
e 16 17 1
e 16 18 2
e 17 19 2
e 18 20 1
e 18 30 1
e 19 21 1
e 19 31 1
e 20 21 2
e 20 32 1
e 21 33 1
t # 48582
v 0 1
v 1 1
v 2 1
v 3 2
v 4 2
v 5 3
v 6 3
v 7 3
v 8 3
v 9 3
v 10 3
v 11 3
v 12 3
v 13 3
v 14 3
v 15 3
v 16 4
v 17 4
v 18 4
v 19 4
v 20 4
v 21 4
v 22 4
v 23 4
v 24 4
v 25 4
v 26 4
v 27 4
v 28 4
v 29 4
v 30 4
v 31 4
e 0 9 2
e 1 10 2
e 2 14 2
e 3 9 1
e 3 14 1
e 3 25 1
e 4 10 1
e 4 14 1
e 4 26 1
e 5 6 1
e 5 8 1
e 5 9 1
e 5 10 1
e 6 7 1
e 6 16 1
e 6 17 1
e 7 11 1
e 7 12 1
e 7 18 1
e 8 13 1
e 8 15 2
e 11 19 1
e 11 20 1
e 11 21 1
e 12 22 1
e 12 23 1
e 12 24 1
e 13 27 1
e 13 28 1
e 13 29 1
e 15 30 1
e 15 31 1
t # 48583
v 0 11
v 1 1
v 2 1
v 3 1
v 4 1
v 5 2
v 6 3
v 7 3
v 8 3
v 9 3
v 10 3
v 11 3
v 12 3
v 13 3
v 14 3
v 15 3
v 16 3
v 17 3
v 18 4
v 19 4
v 20 4
v 21 4
v 22 4
v 23 4
v 24 4
v 25 4
v 26 4
v 27 4
v 28 4
v 29 4
v 30 4
e 0 6 1
e 0 10 1
e 1 11 1
e 1 15 1
e 2 9 2
e 3 12 1
e 3 16 1
e 4 12 2
e 5 6 1
e 5 8 1
e 5 9 1
e 6 7 1
e 6 11 1
e 7 9 1
e 7 18 1
e 7 19 1
e 8 10 1
e 8 12 1
e 8 20 1
e 10 21 1
e 10 22 1
e 11 13 2
e 13 14 1
e 13 23 1
e 14 15 2
e 14 24 1
e 15 25 1
e 16 17 1
e 16 26 1
e 16 27 1
e 17 28 1
e 17 29 1
e 17 30 1
t # 48584
v 0 1
v 1 1
v 2 1
v 3 1
v 4 1
v 5 2
v 6 3
v 7 3
v 8 3
v 9 3
v 10 3
v 11 3
v 12 3
v 13 3
v 14 3
v 15 3
v 16 3
v 17 3
v 18 4
v 19 4
v 20 4
v 21 4
v 22 4
v 23 4
v 24 4
v 25 4
v 26 4
v 27 4
v 28 4
e 0 6 1
e 0 10 1
e 1 7 2
e 2 10 2
e 3 13 1
e 3 17 1
e 4 13 2
e 5 7 1
e 5 9 1
e 5 10 1
e 6 7 1
e 6 8 1
e 6 18 1
e 8 11 2
e 8 12 1
e 9 13 1
e 9 19 1
e 9 20 1
e 11 14 1
e 11 21 1
e 12 15 2
e 12 22 1
e 14 16 2
e 14 23 1
e 15 16 1
e 15 24 1
e 16 25 1
e 17 26 1
e 17 27 1
e 17 28 1
t # 48585
v 0 1
v 1 2
v 2 2
v 3 2
v 4 2
v 5 3
v 6 3
v 7 3
v 8 3
v 9 3
v 10 3
v 11 3
v 12 3
v 13 3
v 14 3
v 15 3
v 16 3
v 17 4
v 18 4
v 19 4
v 20 4
v 21 4
v 22 4
v 23 4
v 24 4
v 25 4
v 26 4
e 0 11 2
e 1 3 1
e 1 5 1
e 1 11 1
e 2 7 1
e 5 6 1
e 5 7 2
e 6 9 2
e 6 10 1
e 7 8 1
e 8 16 1
e 8 17 1
e 8 18 1
e 9 12 1
e 9 19 1
e 10 13 2
e 10 20 1
e 11 15 1
e 12 14 2
e 12 21 1
e 13 14 1
e 13 22 1
e 14 23 1
e 15 24 1
e 15 25 1
e 15 26 1
t # 48586
v 0 1
v 1 1
v 2 2
v 3 2
v 4 2
v 5 2
v 6 3
v 7 3
v 8 3
v 9 3
v 10 3
v 11 3
v 12 3
v 13 3
v 14 3
v 15 3
v 16 3
v 17 3
v 18 4
v 19 4
v 20 4
v 21 4
v 22 4
v 23 4
v 24 4
v 25 4
e 0 7 1
e 0 10 1
e 1 10 2
e 2 7 2
e 2 8 1
e 3 4 1
e 3 13 2
e 4 5 1
e 4 25 1
e 5 17 2
e 6 7 1
e 6 11 2
e 6 12 1
e 8 9 2
e 8 10 1
e 9 13 1
e 9 18 1
e 11 14 1
e 11 19 1
e 12 15 2
e 12 20 1
e 13 17 1
e 14 16 2
e 14 21 1
e 15 16 1
e 15 22 1
e 16 23 1
e 17 24 1
t # 48587
v 0 11
v 1 1
v 2 1
v 3 1
v 4 2
v 5 2
v 6 3
v 7 3
v 8 3
v 9 3
v 10 3
v 11 3
v 12 3
v 13 3
v 14 3
v 15 3
v 16 3
v 17 3
v 18 3
v 19 3
v 20 3
v 21 3
v 22 3
v 23 3
v 24 3
v 25 3
v 26 3
v 27 4
v 28 4
v 29 4
v 30 4
v 31 4
v 32 4
v 33 4
v 34 4
v 35 4
v 36 4
v 37 4
v 38 4
v 39 4
v 40 4
v 41 4
v 42 4
v 43 4
v 44 4
v 45 4
v 46 4
e 0 1 2
e 0 2 2
e 0 6 1
e 3 15 1
e 3 23 1
e 4 7 1
e 4 27 1
e 5 8 1
e 5 19 2
e 6 9 2
e 6 10 1
e 7 8 2
e 7 11 1
e 8 16 1
e 9 13 1
e 9 28 1
e 10 14 2
e 10 29 1
e 11 15 2
e 11 30 1
e 12 13 2
e 12 14 1
e 12 18 1
e 13 31 1
e 14 32 1
e 15 17 1
e 16 17 2
e 16 33 1
e 17 34 1
e 18 35 1
e 18 36 1
e 18 37 1
e 19 20 1
e 19 38 1
e 20 21 2
e 20 22 1
e 21 24 1
e 21 39 1
e 22 25 2
e 22 40 1
e 23 41 1
e 23 42 1
e 23 43 1
e 24 26 2
e 24 44 1
e 25 26 1
e 25 45 1
e 26 46 1
t # 48588
v 0 1
v 1 1
v 2 1
v 3 1
v 4 2
v 5 2
v 6 3
v 7 3
v 8 3
v 9 3
v 10 3
v 11 3
v 12 3
v 13 3
v 14 3
v 15 3
v 16 3
v 17 4
v 18 4
v 19 4
v 20 4
v 21 4
v 22 4
v 23 4
v 24 4
v 25 4
v 26 4
v 27 4
v 28 4
v 29 4
v 30 4
v 31 4
v 32 4
e 0 13 1
e 0 30 1
e 1 12 2
e 2 13 2
e 3 16 2
e 4 12 1
e 4 16 1
e 4 29 1
e 5 16 1
e 5 31 1
e 5 32 1
e 6 7 1
e 6 8 1
e 6 12 1
e 6 13 1
e 7 9 1
e 7 17 1
e 7 18 1
e 8 10 1
e 8 19 1
e 8 20 1
e 9 11 1
e 9 21 1
e 9 22 1
e 10 11 2
e 10 14 1
e 11 15 1
e 14 23 1
e 14 24 1
e 14 25 1
e 15 26 1
e 15 27 1
e 15 28 1
t # 48589
v 0 1
v 1 1
v 2 1
v 3 1
v 4 1
v 5 2
v 6 3
v 7 3
v 8 3
v 9 3
v 10 3
v 11 3
v 12 3
v 13 3
v 14 3
v 15 3
v 16 3
v 17 4
v 18 4
v 19 4
v 20 4
v 21 4
v 22 4
v 23 4
e 0 9 2
e 1 10 2
e 2 13 1
e 2 23 1
e 3 13 2
e 4 16 2
e 5 8 1
e 5 9 1
e 5 10 1
e 6 7 1
e 6 9 1
e 6 11 2
e 7 10 1
e 7 12 2
e 8 13 1
e 8 16 1
e 8 17 1
e 11 14 1
e 11 18 1
e 12 15 1
e 12 19 1
e 14 15 2
e 14 21 1
e 15 22 1
e 16 20 1
t # 48590
v 0 1
v 1 2
v 2 3
v 3 3
v 4 3
v 5 3
v 6 3
v 7 3
v 8 3
v 9 3
v 10 3
v 11 3
v 12 3
v 13 3
v 14 3
v 15 3
v 16 3
v 17 3
v 18 3
v 19 3
v 20 3
v 21 3
v 22 4
v 23 4
v 24 4
v 25 4
v 26 4
v 27 4
v 28 4
v 29 4
v 30 4
v 31 4
v 32 4
v 33 4
v 34 4
v 35 4
v 36 4
v 37 4
v 38 4
e 0 20 2
e 1 5 1
e 1 20 1
e 1 29 1
e 2 4 2
e 2 6 1
e 2 8 1
e 3 4 1
e 3 7 2
e 3 9 1
e 4 22 1
e 5 6 2
e 5 7 1
e 6 23 1
e 7 24 1
e 8 10 2
e 8 11 1
e 9 12 2
e 9 13 1
e 10 14 1
e 10 25 1
e 11 15 2
e 11 26 1
e 12 16 1
e 12 27 1
e 13 17 2
e 13 28 1
e 14 18 2
e 14 30 1
e 15 18 1
e 15 31 1
e 16 19 2
e 16 32 1
e 17 19 1
e 17 33 1
e 18 34 1
e 19 35 1
e 20 21 1
e 21 36 1
e 21 37 1
e 21 38 1
t # 48591
v 0 1
v 1 1
v 2 1
v 3 1
v 4 2
v 5 2
v 6 2
v 7 2
v 8 2
v 9 3
v 10 3
v 11 3
v 12 3
v 13 3
v 14 3
v 15 3
v 16 3
v 17 3
v 18 3
v 19 4
v 20 4
v 21 4
v 22 4
v 23 4
v 24 4
v 25 4
v 26 4
v 27 4
v 28 4
v 29 4
v 30 4
v 31 4
v 32 4
v 33 4
e 0 12 2
e 1 13 2
e 2 18 1
e 2 33 1
e 3 18 2
e 4 9 1
e 4 13 1
e 4 22 1
e 5 12 1
e 5 15 1
e 5 23 1
e 6 11 1
e 6 17 1
e 6 24 1
e 7 14 1
e 7 17 2
e 8 16 1
e 8 31 1
e 8 32 1
e 9 10 1
e 9 12 1
e 9 19 1
e 10 11 1
e 10 20 1
e 10 21 1
e 11 14 2
e 13 16 1
e 14 25 1
e 15 18 1
e 15 26 1
e 15 27 1
e 16 28 1
e 16 29 1
e 17 30 1
t # 48592
v 0 1
v 1 1
v 2 1
v 3 1
v 4 1
v 5 1
v 6 1
v 7 2
v 8 2
v 9 2
v 10 2
v 11 3
v 12 3
v 13 3
v 14 3
v 15 3
v 16 3
v 17 3
v 18 3
v 19 3
v 20 3
v 21 3
v 22 3
v 23 3
v 24 3
v 25 3
v 26 3
v 27 4
v 28 4
v 29 4
v 30 4
v 31 4
v 32 4
v 33 4
v 34 4
v 35 4
v 36 4
v 37 4
v 38 4
v 39 4
v 40 4
v 41 4
v 42 4
v 43 4
v 44 4
e 0 23 1
e 0 44 1
e 7 11 1
e 7 14 1
e 7 15 1
e 8 21 1
e 9 22 1
e 10 24 1
e 11 12 1
e 11 13 1
e 11 27 1
e 12 16 2
e 12 17 1
e 13 28 1
e 13 29 1
e 13 30 1
e 14 31 1
e 14 32 1
e 14 33 1
e 15 34 1
e 15 35 1
e 15 36 1
e 16 18 1
e 16 37 1
e 17 19 2
e 17 38 1
e 18 20 2
e 18 39 1
e 19 20 1
e 19 40 1
e 20 41 1
e 21 23 2
e 21 25 1
e 22 23 1
e 22 26 2
e 24 25 2
e 24 26 1
e 25 42 1
e 26 43 1
t # 48593
v 0 2
v 1 2
v 2 2
v 3 2
v 4 3
v 5 3
v 6 3
v 7 3
v 8 3
v 9 3
v 10 3
v 11 3
v 12 3
v 13 3
v 14 4
v 15 4
v 16 4
v 17 4
v 18 4
v 19 4
v 20 4
v 21 4
e 0 1 1
e 0 4 1
e 0 5 1
e 2 6 1
e 4 7 2
e 4 8 1
e 5 6 2
e 5 14 1
e 6 9 1
e 7 10 1
e 7 15 1
e 8 11 2
e 8 16 1
e 9 13 1
e 9 17 1
e 9 18 1
e 10 12 2
e 10 19 1
e 11 12 1
e 11 20 1
e 12 21 1
t # 48594
v 0 11
v 1 1
v 2 1
v 3 1
v 4 1
v 5 1
v 6 2
v 7 3
v 8 3
v 9 3
v 10 3
v 11 3
v 12 3
v 13 3
v 14 3
v 15 3
v 16 3
v 17 4
v 18 4
v 19 4
v 20 4
v 21 4
v 22 4
v 23 4
e 0 2 2
e 0 3 2
e 0 9 1
e 1 22 1
e 4 16 1
e 4 23 1
e 5 16 2
e 6 8 2
e 6 15 1
e 7 8 1
e 7 10 2
e 7 11 1
e 8 9 1
e 9 12 2
e 10 14 1
e 10 16 1
e 11 13 2
e 11 17 1
e 12 13 1
e 12 18 1
e 13 19 1
e 14 15 2
e 14 20 1
e 15 21 1
t # 48595
v 0 1
v 1 2
v 2 3
v 3 3
v 4 3
v 5 3
v 6 3
v 7 3
v 8 3
v 9 3
v 10 3
v 11 4
v 12 4
v 13 4
v 14 4
v 15 4
v 16 4
v 17 4
v 18 4
v 19 4
v 20 4
v 21 4
v 22 4
v 23 4
v 24 4
v 25 4
v 26 4
v 27 4
e 0 6 2
e 1 4 1
e 1 6 1
e 1 20 1
e 2 3 1
e 2 4 1
e 2 11 1
e 2 12 1
e 3 5 1
e 3 15 1
e 3 16 1
e 4 13 1
e 4 14 1
e 5 17 1
e 5 18 1
e 5 19 1
e 6 7 1
e 7 9 2
e 7 23 1
e 8 9 1
e 8 10 1
e 8 21 1
e 8 22 1
e 9 24 1
e 10 25 1
e 10 26 1
e 10 27 1
t # 48596
v 0 1
v 1 1
v 2 1
v 3 1
v 4 1
v 5 1
v 6 3
v 7 3
v 8 3
v 9 3
v 10 3
v 11 3
v 12 3
v 13 3
v 14 3
v 15 4
v 16 4
v 17 4
v 18 4
v 19 4
v 20 4
v 21 4
v 22 4
v 23 4
v 24 4
v 25 4
v 26 4
v 27 4
v 28 4
e 0 9 1
e 0 10 1
e 1 6 1
e 1 22 1
e 2 11 1
e 2 13 1
e 3 12 1
e 3 14 1
e 4 11 2
e 5 12 2
e 6 7 1
e 6 8 1
e 6 15 1
e 7 9 1
e 7 16 1
e 7 17 1
e 8 10 1
e 8 18 1
e 8 19 1
e 9 11 1
e 9 20 1
e 10 12 1
e 10 21 1
e 13 23 1
e 13 24 1
e 13 25 1
e 14 26 1
e 14 27 1
e 14 28 1
t # 48597
v 0 1
v 1 1
v 2 1
v 3 1
v 4 1
v 5 1
v 6 1
v 7 1
v 8 2
v 9 2
v 10 2
v 11 2
v 12 3
v 13 3
v 14 3
v 15 3
v 16 3
v 17 3
v 18 3
v 19 3
v 20 3
v 21 3
v 22 3
v 23 3
v 24 3
v 25 3
v 26 3
v 27 4
v 28 4
v 29 4
v 30 4
v 31 4
v 32 4
v 33 4
v 34 4
v 35 4
v 36 4
v 37 4
v 38 4
v 39 4
v 40 4
v 41 4
v 42 4
e 0 13 1
e 1 16 1
e 1 42 1
e 8 25 1
e 8 26 1
e 9 14 1
e 10 15 1
e 11 17 1
e 12 13 1
e 12 20 2
e 12 21 1
e 13 27 1
e 13 28 1
e 14 16 2
e 14 18 1
e 15 16 1
e 15 19 2
e 17 18 2
e 17 19 1
e 18 29 1
e 19 30 1
e 20 22 1
e 20 31 1
e 21 23 2
e 21 32 1
e 22 24 2
e 22 33 1
e 23 24 1
e 23 34 1
e 24 35 1
e 25 36 1
e 25 37 1
e 25 38 1
e 26 39 1
e 26 40 1
e 26 41 1
t # 48598
v 0 1
v 1 1
v 2 1
v 3 1
v 4 3
v 5 3
v 6 3
v 7 3
v 8 3
v 9 3
v 10 3
v 11 3
v 12 3
v 13 4
v 14 4
v 15 4
v 16 4
v 17 4
v 18 4
v 19 4
v 20 4
v 21 4
v 22 4
v 23 4
v 24 4
e 0 11 1
e 0 23 1
e 1 12 1
e 1 24 1
e 2 11 2
e 3 12 2
e 4 5 1
e 4 6 1
e 4 11 1
e 4 12 1
e 5 7 1
e 5 8 1
e 5 13 1
e 6 9 1
e 6 14 1
e 6 15 1
e 7 10 1
e 7 16 1
e 7 17 1
e 8 18 1
e 8 19 1
e 8 20 1
e 9 10 2
e 9 21 1
e 10 22 1
t # 48599
v 0 1
v 1 1
v 2 1
v 3 1
v 4 2
v 5 2
v 6 3
v 7 3
v 8 3
v 9 3
v 10 3
v 11 3
v 12 3
v 13 4
v 14 4
v 15 4
v 16 4
v 17 4
v 18 4
v 19 4
v 20 4
v 21 4
v 22 4
v 23 4
v 24 4
e 0 9 1
e 0 10 1
e 1 6 1
e 1 20 1
e 2 11 2
e 3 12 2
e 4 11 1
e 4 21 1
e 4 22 1
e 5 12 1
e 5 23 1
e 5 24 1
e 6 7 1
e 6 8 1
e 6 13 1
e 7 9 1
e 7 14 1
e 7 15 1
e 8 10 1
e 8 16 1
e 8 17 1
e 9 11 1
e 9 18 1
e 10 12 1
e 10 19 1
