t # 57800
v 0 1
v 1 1
v 2 2
v 3 3
v 4 3
v 5 3
v 6 3
v 7 3
v 8 3
v 9 3
v 10 3
v 11 3
v 12 3
v 13 4
v 14 4
v 15 4
v 16 4
v 17 4
v 18 4
v 19 4
v 20 4
v 21 4
v 22 4
v 23 4
v 24 4
v 25 4
v 26 4
v 27 4
v 28 4
v 29 4
v 30 4
v 31 4
e 0 12 1
e 0 31 1
e 1 12 2
e 2 11 1
e 2 29 1
e 2 30 1
e 3 4 1
e 3 5 1
e 3 6 1
e 3 13 1
e 4 7 1
e 4 14 1
e 4 15 1
e 5 8 1
e 5 16 1
e 5 17 1
e 6 10 1
e 6 18 1
e 6 19 1
e 7 9 1
e 7 20 1
e 7 21 1
e 8 9 1
e 8 22 1
e 8 23 1
e 9 24 1
e 9 25 1
e 10 11 1
e 10 26 1
e 10 27 1
e 11 12 1
e 11 28 1
t # 57801
v 0 1
v 1 1
v 2 2
v 3 3
v 4 3
v 5 3
v 6 3
v 7 3
v 8 3
v 9 3
v 10 3
v 11 3
v 12 3
v 13 4
v 14 4
v 15 4
v 16 4
v 17 4
v 18 4
v 19 4
v 20 4
v 21 4
v 22 4
v 23 4
v 24 4
v 25 4
v 26 4
v 27 4
v 28 4
v 29 4
v 30 4
v 31 4
e 0 10 1
e 0 31 1
e 1 10 2
e 2 8 1
e 2 11 1
e 2 25 1
e 3 4 1
e 3 5 1
e 3 8 1
e 3 13 1
e 4 6 1
e 4 14 1
e 4 15 1
e 5 7 1
e 5 16 1
e 5 17 1
e 6 9 1
e 6 18 1
e 6 19 1
e 7 9 1
e 7 20 1
e 7 21 1
e 8 10 1
e 8 22 1
e 9 23 1
e 9 24 1
e 11 12 1
e 11 26 1
e 11 27 1
e 12 28 1
e 12 29 1
e 12 30 1
t # 57802
v 0 1
v 1 1
v 2 2
v 3 3
v 4 3
v 5 3
v 6 3
v 7 3
v 8 3
v 9 3
v 10 3
v 11 3
v 12 3
v 13 4
v 14 4
v 15 4
v 16 4
v 17 4
v 18 4
v 19 4
v 20 4
v 21 4
v 22 4
v 23 4
v 24 4
v 25 4
v 26 4
v 27 4
v 28 4
v 29 4
v 30 4
v 31 4
e 0 11 1
e 0 31 1
e 1 11 2
e 2 10 1
e 2 12 1
e 2 27 1
e 3 4 1
e 3 5 1
e 3 6 1
e 3 13 1
e 4 7 1
e 4 14 1
e 4 15 1
e 5 8 1
e 5 16 1
e 5 17 1
e 6 10 1
e 6 18 1
e 6 19 1
e 7 9 1
e 7 20 1
e 7 21 1
e 8 9 1
e 8 22 1
e 8 23 1
e 9 24 1
e 9 25 1
e 10 11 1
e 10 26 1
e 12 28 1
e 12 29 1
e 12 30 1
t # 57803
v 0 12
v 1 1
v 2 2
v 3 3
v 4 3
v 5 3
v 6 3
v 7 3
v 8 3
v 9 3
v 10 3
v 11 3
v 12 3
v 13 4
v 14 4
v 15 4
v 16 4
v 17 4
v 18 4
v 19 4
v 20 4
e 0 6 1
e 1 9 1
e 1 20 1
e 2 4 1
e 2 8 2
e 3 4 1
e 3 6 1
e 3 7 2
e 4 10 2
e 5 6 2
e 5 8 1
e 5 9 1
e 7 11 1
e 7 13 1
e 8 14 1
e 9 15 1
e 9 16 1
e 10 12 1
e 10 17 1
e 11 12 2
e 11 18 1
e 12 19 1
t # 57804
v 0 1
v 1 1
v 2 2
v 3 3
v 4 3
v 5 3
v 6 3
v 7 3
v 8 3
v 9 3
v 10 3
v 11 3
v 12 4
v 13 4
v 14 4
v 15 4
v 16 4
v 17 4
v 18 4
v 19 4
v 20 4
v 21 4
v 22 4
v 23 4
v 24 4
v 25 4
v 26 4
v 27 4
v 28 4
e 0 10 1
e 0 28 1
e 1 10 2
e 2 9 1
e 2 11 1
e 2 24 1
e 3 4 1
e 3 5 1
e 3 9 1
e 3 12 1
e 4 6 1
e 4 13 1
e 4 14 1
e 5 7 1
e 5 15 1
e 5 16 1
e 6 8 1
e 6 17 1
e 6 18 1
e 7 8 1
e 7 19 1
e 7 20 1
e 8 21 1
e 8 22 1
e 9 10 1
e 9 23 1
e 11 25 1
e 11 26 1
e 11 27 1
t # 57805
v 0 1
v 1 1
v 2 2
v 3 3
v 4 3
v 5 3
v 6 3
v 7 3
v 8 3
v 9 3
v 10 3
v 11 3
v 12 4
v 13 4
v 14 4
v 15 4
v 16 4
v 17 4
v 18 4
v 19 4
v 20 4
v 21 4
v 22 4
v 23 4
v 24 4
e 0 5 1
e 0 23 1
e 1 6 1
e 1 24 1
e 2 3 1
e 2 16 1
e 2 17 1
e 3 4 1
e 3 5 1
e 3 6 1
e 4 7 2
e 4 8 1
e 5 12 1
e 5 13 1
e 6 14 1
e 6 15 1
e 7 9 1
e 7 18 1
e 8 10 2
e 8 19 1
e 9 11 2
e 9 20 1
e 10 11 1
e 10 21 1
e 11 22 1
t # 57806
v 0 1
v 1 1
v 2 1
v 3 1
v 4 2
v 5 3
v 6 3
v 7 3
v 8 3
v 9 3
v 10 3
v 11 3
v 12 3
v 13 3
v 14 4
v 15 4
v 16 4
v 17 4
v 18 4
v 19 4
v 20 4
v 21 4
v 22 4
v 23 4
v 24 4
e 0 7 1
e 0 23 1
e 1 8 1
e 1 24 1
e 4 5 1
e 5 6 1
e 5 7 1
e 5 8 1
e 6 9 2
e 6 10 1
e 7 14 1
e 7 15 1
e 8 16 1
e 8 17 1
e 9 11 1
e 9 18 1
e 10 12 2
e 10 19 1
e 11 13 2
e 11 20 1
e 12 13 1
e 12 21 1
e 13 22 1
t # 57807
v 0 1
v 1 1
v 2 2
v 3 3
v 4 3
v 5 3
v 6 3
v 7 3
v 8 3
v 9 3
v 10 3
v 11 4
v 12 4
v 13 4
v 14 4
v 15 4
v 16 4
v 17 4
v 18 4
v 19 4
v 20 4
v 21 4
v 22 4
v 23 4
v 24 4
v 25 4
v 26 4
v 27 4
e 0 7 1
e 0 27 1
e 1 7 2
e 2 3 1
e 2 8 1
e 2 9 1
e 3 4 1
e 3 7 1
e 3 11 1
e 4 5 1
e 4 12 1
e 4 13 1
e 5 6 1
e 5 14 1
e 5 15 1
e 6 10 1
e 6 16 1
e 6 17 1
e 8 18 1
e 8 19 1
e 8 20 1
e 9 21 1
e 9 22 1
e 9 23 1
e 10 24 1
e 10 25 1
e 10 26 1
t # 57808
v 0 1
v 1 1
v 2 2
v 3 3
v 4 3
v 5 3
v 6 3
v 7 3
v 8 3
v 9 3
v 10 3
v 11 4
v 12 4
v 13 4
v 14 4
v 15 4
v 16 4
v 17 4
v 18 4
v 19 4
v 20 4
v 21 4
v 22 4
v 23 4
v 24 4
v 25 4
e 0 10 1
e 0 25 1
e 1 10 2
e 2 9 1
e 2 23 1
e 2 24 1
e 3 4 1
e 3 5 1
e 3 9 1
e 3 11 1
e 4 6 1
e 4 12 1
e 4 13 1
e 5 7 1
e 5 14 1
e 5 15 1
e 6 8 1
e 6 16 1
e 6 17 1
e 7 8 1
e 7 18 1
e 7 19 1
e 8 20 1
e 8 21 1
e 9 10 1
e 9 22 1
t # 57809
v 0 18
v 1 1
v 2 1
v 3 3
v 4 3
v 5 3
v 6 3
v 7 3
v 8 3
v 9 3
v 10 3
v 11 4
v 12 4
v 13 4
v 14 4
v 15 4
v 16 4
v 17 4
v 18 4
v 19 4
v 20 4
v 21 4
v 22 4
v 23 4
e 1 10 1
e 1 23 1
e 2 10 2
e 3 4 1
e 3 5 1
e 3 9 1
e 3 11 1
e 4 6 1
e 4 12 1
e 4 13 1
e 5 7 1
e 5 14 1
e 5 15 1
e 6 8 1
e 6 16 1
e 6 17 1
e 7 8 1
e 7 18 1
e 7 19 1
e 8 20 1
e 8 21 1
e 9 10 1
e 9 22 1
t # 57810
v 0 1
v 1 1
v 2 1
v 3 1
v 4 2
v 5 3
v 6 3
v 7 3
v 8 3
v 9 3
v 10 3
v 11 4
v 12 4
v 13 4
v 14 4
v 15 4
v 16 4
v 17 4
v 18 4
v 19 4
v 20 4
v 21 4
e 0 9 1
e 0 20 1
e 1 10 1
e 1 21 1
e 2 9 2
e 3 10 2
e 4 5 1
e 4 18 1
e 4 19 1
e 5 6 1
e 5 7 1
e 5 11 1
e 6 8 1
e 6 12 1
e 6 13 1
e 7 9 1
e 7 14 1
e 7 15 1
e 8 10 1
e 8 16 1
e 8 17 1
t # 57811
v 0 1
v 1 2
v 2 3
v 3 3
v 4 3
v 5 3
v 6 3
v 7 3
v 8 3
v 9 3
v 10 3
v 11 3
v 12 3
v 13 3
v 14 3
v 15 3
v 16 3
v 17 3
v 18 4
v 19 4
v 20 4
v 21 4
v 22 4
v 23 4
v 24 4
v 25 4
v 26 4
v 27 4
v 28 4
v 29 4
v 30 4
v 31 4
v 32 4
v 33 4
v 34 4
e 0 7 2
e 1 2 1
e 1 8 1
e 1 27 1
e 2 3 1
e 2 7 1
e 2 18 1
e 3 4 1
e 3 19 1
e 3 20 1
e 4 5 1
e 4 21 1
e 4 22 1
e 5 6 1
e 5 23 1
e 5 24 1
e 6 7 1
e 6 25 1
e 6 26 1
e 8 9 2
e 8 10 1
e 9 11 1
e 9 28 1
e 10 13 2
e 10 29 1
e 11 12 1
e 11 14 2
e 12 13 1
e 12 15 2
e 13 30 1
e 14 16 1
e 14 31 1
e 15 17 1
e 15 32 1
e 16 17 2
e 16 33 1
e 17 34 1
t # 57812
v 0 1
v 1 1
v 2 2
v 3 3
v 4 3
v 5 3
v 6 3
v 7 3
v 8 3
v 9 3
v 10 3
v 11 3
v 12 3
v 13 3
v 14 3
v 15 3
v 16 3
v 17 3
v 18 4
v 19 4
v 20 4
v 21 4
v 22 4
v 23 4
v 24 4
v 25 4
v 26 4
v 27 4
v 28 4
v 29 4
v 30 4
v 31 4
v 32 4
v 33 4
v 34 4
v 35 4
v 36 4
v 37 4
v 38 4
v 39 4
v 40 4
e 0 9 1
e 0 33 1
e 1 10 1
e 1 11 1
e 2 3 1
e 2 4 1
e 2 8 1
e 3 5 1
e 3 18 1
e 3 19 1
e 4 6 1
e 4 20 1
e 4 21 1
e 5 7 1
e 5 22 1
e 5 23 1
e 6 7 1
e 6 24 1
e 6 25 1
e 7 26 1
e 7 27 1
e 8 9 1
e 8 28 1
e 8 29 1
e 9 10 1
e 9 30 1
e 10 31 1
e 10 32 1
e 11 12 1
e 11 13 2
e 12 14 2
e 12 15 1
e 13 16 1
e 13 34 1
e 14 17 1
e 14 35 1
e 15 36 1
e 15 37 1
e 15 38 1
e 16 17 2
e 16 39 1
e 17 40 1
t # 57813
v 0 11
v 1 1
v 2 1
v 3 3
v 4 3
v 5 3
v 6 3
v 7 3
v 8 3
v 9 3
v 10 3
v 11 3
v 12 3
v 13 3
v 14 3
v 15 3
v 16 3
v 17 3
v 18 4
v 19 4
v 20 4
v 21 4
v 22 4
v 23 4
v 24 4
v 25 4
v 26 4
v 27 4
v 28 4
v 29 4
v 30 4
v 31 4
e 0 3 1
e 0 8 1
e 1 9 1
e 1 31 1
e 2 9 2
e 3 4 1
e 3 5 1
e 3 18 1
e 4 6 2
e 4 7 1
e 5 9 1
e 5 19 1
e 5 20 1
e 6 10 1
e 6 21 1
e 7 11 2
e 7 22 1
e 8 13 2
e 8 14 1
e 10 12 2
e 10 23 1
e 11 12 1
e 11 24 1
e 12 25 1
e 13 15 1
e 13 26 1
e 14 16 2
e 14 27 1
e 15 17 2
e 15 28 1
e 16 17 1
e 16 29 1
e 17 30 1
t # 57814
v 0 11
v 1 1
v 2 2
v 3 2
v 4 3
v 5 3
v 6 3
v 7 3
v 8 3
v 9 3
v 10 3
v 11 3
v 12 3
v 13 3
v 14 3
v 15 3
v 16 4
v 17 4
v 18 4
v 19 4
v 20 4
v 21 4
v 22 4
v 23 4
v 24 4
v 25 4
v 26 4
v 27 4
v 28 4
v 29 4
v 30 4
v 31 4
e 1 6 1
e 1 7 1
e 2 4 1
e 2 5 1
e 2 8 1
e 3 13 1
e 3 30 1
e 3 31 1
e 4 6 1
e 4 16 1
e 4 17 1
e 5 7 1
e 5 18 1
e 5 19 1
e 6 20 1
e 6 21 1
e 7 22 1
e 7 23 1
e 8 9 1
e 9 10 1
e 9 24 1
e 9 25 1
e 10 11 2
e 10 12 1
e 11 13 1
e 11 26 1
e 12 14 2
e 12 27 1
e 13 15 2
e 14 15 1
e 14 28 1
e 15 29 1
t # 57815
v 0 1
v 1 1
v 2 2
v 3 2
v 4 3
v 5 3
v 6 3
v 7 3
v 8 3
v 9 3
v 10 3
v 11 3
v 12 3
v 13 3
v 14 3
v 15 3
v 16 4
v 17 4
v 18 4
v 19 4
v 20 4
v 21 4
v 22 4
v 23 4
v 24 4
v 25 4
v 26 4
v 27 4
v 28 4
v 29 4
e 0 6 2
e 1 12 2
e 2 6 1
e 2 12 1
e 2 20 1
e 3 12 1
e 3 13 1
e 3 26 1
e 4 5 1
e 4 6 1
e 4 16 1
e 4 17 1
e 5 7 2
e 5 8 1
e 7 9 1
e 7 18 1
e 8 10 2
e 8 19 1
e 9 11 2
e 9 21 1
e 10 11 1
e 10 22 1
e 11 23 1
e 13 14 1
e 13 24 1
e 13 25 1
e 14 15 2
e 14 27 1
e 15 28 1
e 15 29 1
t # 57816
v 0 11
v 1 1
v 2 1
v 3 1
v 4 1
v 5 1
v 6 2
v 7 3
v 8 3
v 9 3
v 10 3
v 11 3
v 12 3
v 13 3
v 14 3
v 15 4
v 16 4
v 17 4
v 18 4
v 19 4
v 20 4
v 21 4
v 22 4
v 23 4
e 0 2 2
e 0 3 2
e 0 7 1
e 1 22 1
e 4 14 1
e 4 23 1
e 5 14 2
e 6 10 1
e 6 20 1
e 6 21 1
e 7 9 1
e 7 10 2
e 8 9 2
e 8 11 1
e 8 12 1
e 9 15 1
e 10 13 1
e 11 14 1
e 11 16 1
e 11 17 1
e 12 13 2
e 12 18 1
e 13 19 1
t # 57817
v 0 11
v 1 1
v 2 1
v 3 1
v 4 2
v 5 2
v 6 3
v 7 3
v 8 3
v 9 3
v 10 3
v 11 3
v 12 4
v 13 4
v 14 4
v 15 4
v 16 4
v 17 4
v 18 4
v 19 4
e 0 6 1
e 0 9 1
e 1 8 1
e 1 10 1
e 2 7 2
e 3 8 2
e 4 7 1
e 4 9 2
e 5 9 1
e 5 18 1
e 5 19 1
e 6 7 1
e 6 8 1
e 6 12 1
e 10 11 1
e 10 13 1
e 10 14 1
e 11 15 1
e 11 16 1
e 11 17 1
t # 57818
v 0 11
v 1 1
v 2 2
v 3 2
v 4 3
v 5 3
v 6 3
v 7 3
v 8 3
v 9 4
v 10 4
v 11 4
v 12 4
v 13 4
v 14 4
v 15 4
v 16 4
e 0 4 1
e 0 8 1
e 1 7 2
e 2 7 1
e 2 8 2
e 3 8 1
e 3 15 1
e 3 16 1
e 4 5 1
e 4 6 1
e 4 7 1
e 5 9 1
e 5 10 1
e 5 11 1
e 6 12 1
e 6 13 1
e 6 14 1
t # 57819
v 0 11
v 1 1
v 2 2
v 3 2
v 4 3
v 5 3
v 6 3
v 7 3
v 8 3
v 9 4
v 10 4
v 11 4
v 12 4
v 13 4
v 14 4
e 0 6 1
e 0 8 1
e 1 7 2
e 2 4 1
e 2 6 1
e 2 7 1
e 3 5 1
e 3 6 2
e 4 5 1
e 4 9 1
e 4 10 1
e 5 11 1
e 5 12 1
e 7 8 1
e 8 13 1
e 8 14 1
t # 57820
v 0 1
v 1 1
v 2 2
v 3 3
v 4 3
v 5 3
v 6 3
v 7 3
v 8 3
v 9 3
v 10 4
v 11 4
v 12 4
v 13 4
v 14 4
v 15 4
v 16 4
v 17 4
v 18 4
v 19 4
v 20 4
v 21 4
v 22 4
e 0 9 1
e 0 22 1
e 1 9 2
e 2 8 1
e 2 20 1
e 2 21 1
e 3 4 1
e 3 5 1
e 3 8 1
e 3 10 1
e 4 6 1
e 4 11 1
e 4 12 1
e 5 7 1
e 5 13 1
e 5 14 1
e 6 7 1
e 6 15 1
e 6 16 1
e 7 17 1
e 7 18 1
e 8 9 1
e 8 19 1
t # 57821
v 0 34
v 1 1
v 2 1
v 3 2
v 4 3
v 5 3
v 6 3
v 7 3
v 8 3
v 9 3
v 10 3
v 11 3
v 12 3
v 13 3
v 14 3
v 15 3
v 16 3
v 17 4
v 18 4
v 19 4
v 20 4
v 21 4
v 22 4
v 23 4
v 24 4
v 25 4
v 26 4
e 1 6 2
e 3 4 1
e 3 6 1
e 3 17 1
e 4 7 2
e 4 8 1
e 5 6 1
e 5 9 2
e 5 10 1
e 7 11 1
e 7 18 1
e 8 12 2
e 8 19 1
e 9 14 1
e 9 20 1
e 10 15 2
e 10 21 1
e 11 13 2
e 11 22 1
e 12 13 1
e 12 23 1
e 14 16 2
e 14 24 1
e 15 16 1
e 15 25 1
e 16 26 1
t # 57822
v 0 34
v 1 1
v 2 1
v 3 1
v 4 1
v 5 3
v 6 3
v 7 3
v 8 3
v 9 3
v 10 3
v 11 3
v 12 3
v 13 3
v 14 3
v 15 4
v 16 4
v 17 4
v 18 4
v 19 4
v 20 4
v 21 4
v 22 4
v 23 4
v 24 4
v 25 4
v 26 4
v 27 4
e 1 14 1
e 1 25 1
e 2 14 2
e 3 26 1
e 4 27 1
e 5 6 1
e 5 7 1
e 5 15 1
e 5 16 1
e 6 8 1
e 6 17 1
e 6 18 1
e 7 9 2
e 7 10 1
e 8 14 1
e 8 19 1
e 8 20 1
e 9 12 1
e 9 21 1
e 10 13 2
e 10 22 1
e 11 12 2
e 11 13 1
e 12 23 1
e 13 24 1
t # 57823
v 0 34
v 1 1
v 2 1
v 3 2
v 4 3
v 5 3
v 6 3
v 7 3
v 8 3
v 9 3
v 10 3
v 11 3
v 12 3
v 13 4
v 14 4
v 15 4
v 16 4
v 17 4
v 18 4
v 19 4
v 20 4
v 21 4
v 22 4
e 1 11 2
e 3 5 1
e 3 11 1
e 3 17 1
e 4 5 1
e 4 6 2
e 4 7 1
e 5 13 1
e 5 14 1
e 6 8 1
e 6 15 1
e 7 9 2
e 7 16 1
e 8 10 2
e 8 18 1
e 9 10 1
e 9 19 1
e 11 12 1
e 12 20 1
e 12 21 1
e 12 22 1
t # 57824
v 0 34
v 1 1
v 2 1
v 3 1
v 4 2
v 5 2
v 6 3
v 7 3
v 8 3
v 9 3
v 10 3
v 11 3
v 12 3
v 13 3
v 14 3
v 15 4
v 16 4
v 17 4
v 18 4
v 19 4
v 20 4
v 21 4
v 22 4
v 23 4
e 1 7 2
e 2 14 2
e 4 7 1
e 4 8 1
e 4 17 1
e 5 14 1
e 5 22 1
e 5 23 1
e 6 7 1
e 6 9 2
e 6 10 1
e 8 14 1
e 8 15 1
e 8 16 1
e 9 11 1
e 9 18 1
e 10 12 2
e 10 19 1
e 11 13 2
e 11 20 1
e 12 13 1
e 12 21 1
t # 57825
v 0 34
v 1 1
v 2 1
v 3 2
v 4 2
v 5 3
v 6 3
v 7 3
v 8 3
v 9 3
v 10 3
v 11 3
v 12 3
v 13 3
v 14 4
v 15 4
v 16 4
v 17 4
v 18 4
v 19 4
v 20 4
e 1 8 2
e 3 8 1
e 3 12 1
e 3 18 1
e 5 6 2
e 5 7 1
e 5 8 1
e 6 9 1
e 6 14 1
e 7 10 2
e 7 15 1
e 9 11 2
e 9 16 1
e 10 11 1
e 10 17 1
e 12 13 1
e 12 19 1
e 12 20 1
t # 57826
v 0 34
v 1 11
v 2 1
v 3 1
v 4 1
v 5 1
v 6 2
v 7 3
v 8 3
v 9 3
v 10 3
v 11 3
v 12 3
v 13 3
v 14 3
v 15 4
v 16 4
v 17 4
v 18 4
v 19 4
v 20 4
v 21 4
v 22 4
v 23 4
v 24 4
e 1 2 2
e 1 3 2
e 1 7 1
e 4 11 1
e 4 24 1
e 6 8 1
e 6 15 1
e 7 9 2
e 7 10 1
e 8 11 1
e 8 16 1
e 8 17 1
e 9 12 1
e 9 18 1
e 10 13 2
e 10 19 1
e 11 20 1
e 11 21 1
e 12 14 2
e 12 22 1
e 13 14 1
e 13 23 1
t # 57827
v 0 34
v 1 1
v 2 1
v 3 1
v 4 2
v 5 3
v 6 3
v 7 3
v 8 3
v 9 3
v 10 3
v 11 3
v 12 3
v 13 4
v 14 4
v 15 4
v 16 4
v 17 4
v 18 4
v 19 4
v 20 4
e 1 6 1
e 1 20 1
e 2 11 2
e 4 5 1
e 4 11 1
e 4 14 1
e 5 6 2
e 5 7 1
e 6 9 1
e 7 8 2
e 7 13 1
e 8 10 1
e 9 10 2
e 9 15 1
e 10 16 1
e 11 12 1
e 12 17 1
e 12 18 1
e 12 19 1
t # 57828
v 0 34
v 1 1
v 2 1
v 3 1
v 4 2
v 5 3
v 6 3
v 7 3
v 8 3
v 9 3
v 10 3
v 11 3
v 12 3
v 13 4
v 14 4
v 15 4
v 16 4
v 17 4
v 18 4
v 19 4
v 20 4
e 1 5 1
e 1 8 1
e 2 12 2
e 4 12 1
e 4 19 1
e 4 20 1
e 5 6 2
e 5 7 1
e 6 9 1
e 6 13 1
e 7 10 2
e 7 14 1
e 8 12 1
e 8 15 1
e 8 16 1
e 9 11 2
e 9 17 1
e 10 11 1
e 10 18 1
t # 57829
v 0 34
v 1 1
v 2 1
v 3 2
v 4 3
v 5 3
v 6 3
v 7 3
v 8 3
v 9 3
v 10 3
v 11 3
v 12 4
v 13 4
v 14 4
v 15 4
v 16 4
v 17 4
v 18 4
v 19 4
e 1 11 2
e 3 11 1
e 3 18 1
e 3 19 1
e 4 5 1
e 4 6 2
e 4 7 1
e 5 11 1
e 5 12 1
e 5 13 1
e 6 8 1
e 6 14 1
e 7 9 2
e 7 15 1
e 8 10 2
e 8 16 1
e 9 10 1
e 9 17 1
t # 57830
v 0 34
v 1 1
v 2 1
v 3 2
v 4 3
v 5 3
v 6 3
v 7 3
v 8 3
v 9 3
v 10 3
v 11 3
v 12 4
v 13 4
v 14 4
v 15 4
v 16 4
v 17 4
v 18 4
v 19 4
e 1 10 2
e 3 4 1
e 3 10 1
e 3 14 1
e 4 5 2
e 4 6 1
e 5 7 1
e 5 12 1
e 6 8 2
e 6 13 1
e 7 9 2
e 8 9 1
e 8 15 1
e 9 16 1
e 10 11 1
e 11 17 1
e 11 18 1
e 11 19 1
t # 57831
v 0 34
v 1 1
v 2 1
v 3 1
v 4 2
v 5 3
v 6 3
v 7 3
v 8 3
v 9 3
v 10 3
v 11 3
v 12 3
v 13 4
v 14 4
v 15 4
v 16 4
v 17 4
v 18 4
e 1 6 1
e 1 12 1
e 2 11 1
e 2 18 1
e 4 5 1
e 4 11 1
e 4 14 1
e 5 6 2
e 5 7 1
e 6 8 1
e 7 9 2
e 7 13 1
e 8 10 2
e 8 15 1
e 9 10 1
e 10 16 1
e 11 12 2
e 12 17 1
t # 57832
v 0 34
v 1 1
v 2 1
v 3 1
v 4 2
v 5 2
v 6 3
v 7 3
v 8 3
v 9 3
v 10 3
v 11 3
v 12 3
v 13 4
v 14 4
v 15 4
v 16 4
v 17 4
v 18 4
v 19 4
v 20 4
v 21 4
e 1 20 1
e 2 21 1
e 3 12 2
e 4 7 1
e 4 16 1
e 4 17 1
e 5 12 1
e 5 18 1
e 5 19 1
e 6 7 2
e 6 10 1
e 6 12 1
e 7 9 1
e 8 9 2
e 8 11 1
e 9 13 1
e 10 11 2
e 10 14 1
e 11 15 1
t # 57833
v 0 34
v 1 1
v 2 1
v 3 1
v 4 2
v 5 2
v 6 3
v 7 3
v 8 3
v 9 3
v 10 3
v 11 3
v 12 3
v 13 4
v 14 4
v 15 4
v 16 4
v 17 4
v 18 4
v 19 4
v 20 4
v 21 4
e 1 18 1
e 2 19 1
e 3 12 2
e 4 6 1
e 4 12 1
e 4 17 1
e 5 12 1
e 5 20 1
e 5 21 1
e 6 8 2
e 6 9 1
e 7 10 2
e 7 11 1
e 8 10 1
e 8 13 1
e 9 11 2
e 9 14 1
e 10 15 1
e 11 16 1
t # 57834
v 0 34
v 1 1
v 2 1
v 3 1
v 4 1
v 5 2
v 6 3
v 7 3
v 8 3
v 9 3
v 10 3
v 11 3
v 12 3
v 13 4
v 14 4
v 15 4
v 16 4
v 17 4
v 18 4
v 19 4
v 20 4
e 1 18 1
e 2 19 1
e 3 12 1
e 3 20 1
e 4 12 2
e 5 9 1
e 5 16 1
e 5 17 1
e 6 7 2
e 6 10 1
e 7 8 1
e 7 12 1
e 8 9 2
e 8 13 1
e 9 11 1
e 10 11 2
e 10 14 1
e 11 15 1
t # 57835
v 0 34
v 1 1
v 2 1
v 3 1
v 4 1
v 5 2
v 6 3
v 7 3
v 8 3
v 9 3
v 10 3
v 11 3
v 12 3
v 13 4
v 14 4
v 15 4
v 16 4
v 17 4
v 18 4
v 19 4
v 20 4
e 1 18 1
e 2 19 1
e 3 12 1
e 3 20 1
e 4 12 2
e 5 7 1
e 5 16 1
e 5 17 1
e 6 7 2
e 6 9 1
e 7 10 1
e 8 9 2
e 8 11 1
e 8 12 1
e 9 13 1
e 10 11 2
e 10 14 1
e 11 15 1
t # 57836
v 0 34
v 1 1
v 2 1
v 3 1
v 4 1
v 5 2
v 6 3
v 7 3
v 8 3
v 9 3
v 10 3
v 11 3
v 12 3
v 13 4
v 14 4
v 15 4
v 16 4
v 17 4
v 18 4
v 19 4
v 20 4
e 1 18 1
e 2 19 1
e 3 12 1
e 3 20 1
e 4 12 2
e 5 9 1
e 5 16 1
e 5 17 1
e 6 7 2
e 6 8 1
e 7 10 1
e 7 12 1
e 8 9 2
e 8 13 1
e 9 11 1
e 10 11 2
e 10 14 1
e 11 15 1
t # 57837
v 0 34
v 1 1
v 2 1
v 3 1
v 4 1
v 5 2
v 6 3
v 7 3
v 8 3
v 9 3
v 10 3
v 11 3
v 12 3
v 13 4
v 14 4
v 15 4
v 16 4
v 17 4
v 18 4
v 19 4
v 20 4
e 1 18 1
e 2 19 1
e 3 12 1
e 3 20 1
e 4 12 2
e 5 7 1
e 5 16 1
e 5 17 1
e 6 7 2
e 6 10 1
e 7 9 1
e 8 9 2
e 8 11 1
e 8 12 1
e 9 13 1
e 10 11 2
e 10 14 1
e 11 15 1
t # 57838
v 0 34
v 1 1
v 2 1
v 3 1
v 4 1
v 5 3
v 6 3
v 7 3
v 8 3
v 9 3
v 10 3
v 11 3
v 12 4
v 13 4
v 14 4
v 15 4
v 16 4
v 17 4
v 18 4
e 1 16 1
e 2 17 1
e 3 11 1
e 3 18 1
e 4 11 2
e 5 7 1
e 5 8 2
e 6 7 2
e 6 9 1
e 6 11 1
e 7 12 1
e 8 10 1
e 8 13 1
e 9 10 2
e 9 14 1
e 10 15 1
t # 57839
v 0 34
v 1 1
v 2 1
v 3 1
v 4 2
v 5 2
v 6 3
v 7 3
v 8 3
v 9 3
v 10 3
v 11 3
v 12 3
v 13 4
v 14 4
v 15 4
v 16 4
v 17 4
v 18 4
v 19 4
e 1 12 2
e 2 18 1
e 3 19 1
e 4 6 1
e 4 12 1
e 4 15 1
e 5 7 1
e 5 12 1
e 5 16 1
e 6 7 2
e 6 8 1
e 7 10 1
e 8 9 2
e 8 13 1
e 9 11 1
e 10 11 2
e 10 14 1
e 11 17 1
t # 57840
v 0 34
v 1 1
v 2 1
v 3 1
v 4 1
v 5 2
v 6 3
v 7 3
v 8 3
v 9 3
v 10 3
v 11 3
v 12 3
v 13 4
v 14 4
v 15 4
v 16 4
v 17 4
v 18 4
e 1 7 1
e 1 12 1
e 5 6 1
e 6 7 2
e 6 8 1
e 7 9 1
e 8 10 2
e 8 13 1
e 9 11 2
e 9 14 1
e 10 11 1
e 11 15 1
e 12 16 1
e 12 17 1
e 12 18 1
t # 57841
v 0 34
v 1 1
v 2 1
v 3 2
v 4 2
v 5 3
v 6 3
v 7 3
v 8 3
v 9 3
v 10 3
v 11 3
v 12 4
v 13 4
v 14 4
v 15 4
v 16 4
e 1 6 1
e 1 11 1
e 3 5 1
e 3 11 2
e 4 11 1
e 4 15 1
e 4 16 1
e 5 6 2
e 5 7 1
e 6 8 1
e 7 9 2
e 7 12 1
e 8 10 2
e 8 13 1
e 9 10 1
e 10 14 1
t # 57842
v 0 34
v 1 12
v 2 1
v 3 1
v 4 3
v 5 3
v 6 3
v 7 3
v 8 3
v 9 3
v 10 3
v 11 4
v 12 4
v 13 4
v 14 4
e 1 10 1
e 2 10 2
e 4 5 2
e 4 6 1
e 4 10 1
e 5 8 1
e 5 11 1
e 6 9 2
e 6 12 1
e 7 8 2
e 7 9 1
e 8 13 1
e 9 14 1
t # 57843
v 0 34
v 1 1
v 2 1
v 3 2
v 4 3
v 5 3
v 6 3
v 7 3
v 8 3
v 9 3
v 10 4
v 11 4
v 12 4
v 13 4
v 14 4
v 15 4
v 16 4
v 17 4
e 1 16 1
e 2 17 1
e 3 5 1
e 3 14 1
e 3 15 1
e 4 6 2
e 4 7 1
e 5 8 2
e 5 9 1
e 6 8 1
e 6 10 1
e 7 9 2
e 7 11 1
e 8 12 1
e 9 13 1
t # 57844
v 0 34
v 1 1
v 2 1
v 3 1
v 4 1
v 5 1
v 6 2
v 7 2
v 8 3
v 9 3
v 10 3
v 11 3
v 12 3
v 13 3
v 14 3
v 15 3
v 16 3
v 17 3
v 18 3
v 19 3
v 20 3
v 21 3
v 22 4
v 23 4
v 24 4
v 25 4
v 26 4
v 27 4
v 28 4
v 29 4
v 30 4
v 31 4
v 32 4
v 33 4
v 34 4
e 1 31 1
e 2 32 1
e 4 15 2
e 5 21 2
e 6 8 1
e 6 15 1
e 6 26 1
e 7 21 1
e 7 33 1
e 7 34 1
e 8 10 2
e 8 11 1
e 9 12 2
e 9 13 1
e 10 12 1
e 10 22 1
e 11 13 2
e 11 23 1
e 12 24 1
e 13 25 1
e 14 15 1
e 14 16 2
e 14 17 1
e 16 19 1
e 16 27 1
e 17 20 2
e 17 28 1
e 18 19 2
e 18 20 1
e 18 21 1
e 19 29 1
e 20 30 1
t # 57845
v 0 34
v 1 1
v 2 1
v 3 1
v 4 1
v 5 2
v 6 2
v 7 3
v 8 3
v 9 3
v 10 3
v 11 3
v 12 3
v 13 3
v 14 3
v 15 3
v 16 3
v 17 3
v 18 3
v 19 3
v 20 4
v 21 4
v 22 4
v 23 4
v 24 4
v 25 4
v 26 4
v 27 4
v 28 4
v 29 4
v 30 4
v 31 4
v 32 4
e 1 29 1
e 2 30 1
e 4 14 2
e 5 8 1
e 5 14 1
e 5 24 1
e 6 17 1
e 6 31 1
e 6 32 1
e 7 9 2
e 7 10 1
e 8 11 2
e 8 12 1
e 9 11 1
e 9 20 1
e 10 12 2
e 10 21 1
e 11 22 1
e 12 23 1
e 13 14 1
e 13 15 2
e 13 16 1
e 15 18 1
e 15 25 1
e 16 19 2
e 16 26 1
e 17 18 2
e 17 19 1
e 18 27 1
e 19 28 1
t # 57846
v 0 34
v 1 1
v 2 1
v 3 1
v 4 1
v 5 1
v 6 3
v 7 3
v 8 3
v 9 3
v 10 3
v 11 3
v 12 3
v 13 3
v 14 3
v 15 3
v 16 3
v 17 3
v 18 4
v 19 4
v 20 4
v 21 4
v 22 4
v 23 4
v 24 4
v 25 4
v 26 4
v 27 4
v 28 4
v 29 4
v 30 4
v 31 4
v 32 4
v 33 4
v 34 4
e 1 32 1
e 2 33 1
e 3 17 1
e 3 34 1
e 5 17 2
e 6 7 1
e 6 8 1
e 6 18 1
e 6 19 1
e 7 9 1
e 7 20 1
e 7 21 1
e 8 10 1
e 8 22 1
e 8 23 1
e 9 11 1
e 9 24 1
e 9 25 1
e 10 12 2
e 10 13 1
e 11 17 1
e 11 26 1
e 11 27 1
e 12 15 1
e 12 28 1
e 13 16 2
e 13 29 1
e 14 15 2
e 14 16 1
e 15 30 1
e 16 31 1
t # 57847
v 0 34
v 1 1
v 2 1
v 3 1
v 4 2
v 5 2
v 6 3
v 7 3
v 8 3
v 9 3
v 10 3
v 11 3
v 12 3
v 13 3
v 14 3
v 15 3
v 16 3
v 17 3
v 18 4
v 19 4
v 20 4
v 21 4
v 22 4
v 23 4
v 24 4
v 25 4
v 26 4
v 27 4
v 28 4
e 1 27 1
e 2 28 1
e 4 9 1
e 5 12 1
e 6 7 2
e 6 8 1
e 7 10 1
e 7 18 1
e 8 11 2
e 8 19 1
e 9 10 2
e 9 11 1
e 10 20 1
e 11 21 1
e 12 13 2
e 12 14 1
e 13 15 1
e 13 22 1
e 14 16 2
e 14 23 1
e 15 17 2
e 15 24 1
e 16 17 1
e 16 25 1
e 17 26 1
t # 57848
v 0 34
v 1 1
v 2 1
v 3 1
v 4 1
v 5 1
v 6 1
v 7 2
v 8 3
v 9 3
v 10 3
v 11 3
v 12 3
v 13 3
v 14 3
v 15 3
v 16 3
v 17 4
v 18 4
v 19 4
v 20 4
v 21 4
v 22 4
v 23 4
v 24 4
v 25 4
v 26 4
e 1 24 1
e 2 25 1
e 4 14 2
e 5 16 1
e 5 26 1
e 6 16 2
e 7 14 1
e 7 15 1
e 7 21 1
e 8 10 2
e 8 11 1
e 9 12 2
e 9 13 1
e 9 14 1
e 10 12 1
e 10 17 1
e 11 13 2
e 11 18 1
e 12 19 1
e 13 20 1
e 15 16 1
e 15 22 1
e 15 23 1
t # 57849
v 0 34
v 1 11
v 2 11
v 3 1
v 4 1
v 5 1
v 6 1
v 7 1
v 8 2
v 9 2
v 10 3
v 11 3
v 12 3
v 13 3
v 14 3
v 15 3
v 16 3
v 17 3
v 18 3
v 19 4
v 20 4
v 21 4
v 22 4
v 23 4
v 24 4
v 25 4
v 26 4
v 27 4
e 1 3 2
e 1 4 2
e 1 10 1
e 2 16 1
e 2 17 1
e 5 24 1
e 6 25 1
e 8 16 1
e 8 23 1
e 9 16 2
e 9 18 1
e 10 12 2
e 10 13 1
e 11 14 2
e 11 15 1
e 12 14 1
e 12 19 1
e 13 15 2
e 13 20 1
e 14 21 1
e 15 22 1
e 17 18 2
e 17 26 1
e 18 27 1
t # 57850
v 0 34
v 1 1
v 2 1
v 3 1
v 4 1
v 5 3
v 6 3
v 7 3
v 8 3
v 9 3
v 10 3
v 11 3
v 12 3
v 13 4
v 14 4
v 15 4
v 16 4
v 17 4
v 18 4
v 19 4
v 20 4
v 21 4
v 22 4
v 23 4
e 1 21 1
e 2 22 1
e 3 12 1
e 3 23 1
e 5 6 1
e 5 8 2
e 5 9 1
e 6 12 1
e 6 13 1
e 6 14 1
e 7 10 2
e 7 11 1
e 8 10 1
e 8 15 1
e 9 11 2
e 9 16 1
e 10 17 1
e 11 18 1
e 12 19 1
e 12 20 1
t # 57851
v 0 34
v 1 1
v 2 1
v 3 1
v 4 1
v 5 3
v 6 3
v 7 3
v 8 3
v 9 3
v 10 3
v 11 3
v 12 3
v 13 4
v 14 4
v 15 4
v 16 4
v 17 4
v 18 4
v 19 4
v 20 4
v 21 4
e 1 20 1
e 2 21 1
e 4 11 2
e 5 7 2
e 5 8 1
e 6 9 2
e 6 10 1
e 6 11 1
e 7 9 1
e 7 13 1
e 8 10 2
e 8 14 1
e 9 15 1
e 10 16 1
e 11 12 1
e 12 17 1
e 12 18 1
e 12 19 1
t # 57852
v 0 34
v 1 11
v 2 1
v 3 1
v 4 1
v 5 3
v 6 3
v 7 3
v 8 3
v 9 3
v 10 3
v 11 3
v 12 4
v 13 4
v 14 4
v 15 4
v 16 4
v 17 4
v 18 4
v 19 4
v 20 4
e 1 8 1
e 1 11 1
e 2 16 1
e 3 17 1
e 5 6 2
e 5 7 1
e 6 9 1
e 6 12 1
e 7 10 2
e 7 13 1
e 8 9 2
e 8 10 1
e 9 14 1
e 10 15 1
e 11 18 1
e 11 19 1
e 11 20 1
t # 57853
v 0 34
v 1 12
v 2 12
v 3 11
v 4 1
v 5 1
v 6 2
v 7 3
v 8 3
v 9 3
v 10 3
v 11 3
v 12 3
v 13 3
v 14 4
v 15 4
v 16 4
v 17 4
v 18 4
v 19 4
v 20 4
v 21 4
e 3 4 2
e 3 5 2
e 3 7 1
e 6 20 1
e 6 21 1
e 7 8 1
e 7 14 1
e 7 15 1
e 8 9 2
e 8 10 1
e 9 12 1
e 9 16 1
e 10 13 2
e 10 17 1
e 11 12 2
e 11 13 1
e 12 18 1
e 13 19 1
t # 57854
v 0 34
v 1 1
v 2 1
v 3 1
v 4 1
v 5 1
v 6 3
v 7 3
v 8 3
v 9 3
v 10 3
v 11 3
v 12 3
v 13 4
v 14 4
v 15 4
v 16 4
v 17 4
v 18 4
v 19 4
e 1 17 1
e 2 18 1
e 4 12 1
e 4 19 1
e 5 12 2
e 6 7 1
e 6 9 2
e 7 8 2
e 7 13 1
e 8 10 1
e 8 12 1
e 9 11 1
e 9 14 1
e 10 11 2
e 10 15 1
e 11 16 1
t # 57855
v 0 34
v 1 1
v 2 1
v 3 1
v 4 1
v 5 2
v 6 2
v 7 3
v 8 3
v 9 3
v 10 3
v 11 3
v 12 3
v 13 3
v 14 4
v 15 4
v 16 4
v 17 4
v 18 4
v 19 4
v 20 4
e 1 9 1
e 1 13 1
e 2 17 1
e 3 18 1
e 5 8 1
e 5 13 2
e 6 13 1
e 6 19 1
e 6 20 1
e 7 10 2
e 7 11 1
e 8 9 2
e 8 10 1
e 9 12 1
e 10 14 1
e 11 12 2
e 11 15 1
e 12 16 1
t # 57856
v 0 34
v 1 34
v 2 1
v 3 1
v 4 1
v 5 1
v 6 1
v 7 1
v 8 3
v 9 3
v 10 3
v 11 3
v 12 3
v 13 3
v 14 4
v 15 4
v 16 4
v 17 4
v 18 4
v 19 4
v 20 4
v 21 4
e 2 18 1
e 3 19 1
e 4 20 1
e 5 21 1
e 8 10 2
e 8 12 1
e 9 11 2
e 9 13 1
e 10 11 1
e 10 14 1
e 11 15 1
e 12 13 2
e 12 16 1
e 13 17 1
t # 57857
v 0 34
v 1 12
v 2 1
v 3 1
v 4 1
v 5 3
v 6 3
v 7 3
v 8 3
v 9 3
v 10 3
v 11 4
v 12 4
v 13 4
v 14 4
v 15 4
v 16 4
e 1 8 1
e 2 15 1
e 3 16 1
e 5 6 1
e 5 7 2
e 6 8 2
e 6 11 1
e 7 9 1
e 7 12 1
e 8 10 1
e 9 10 2
e 9 13 1
e 10 14 1
t # 57858
v 0 14
v 1 1
v 2 1
v 3 1
v 4 1
v 5 1
v 6 1
v 7 3
v 8 3
v 9 3
v 10 3
v 11 3
v 12 3
v 13 3
v 14 3
v 15 3
v 16 3
v 17 3
v 18 3
v 19 3
v 20 3
v 21 3
v 22 3
v 23 3
v 24 3
v 25 3
v 26 3
v 27 3
v 28 3
v 29 3
v 30 4
v 31 4
v 32 4
v 33 4
v 34 4
v 35 4
v 36 4
v 37 4
v 38 4
v 39 4
v 40 4
v 41 4
v 42 4
v 43 4
v 44 4
v 45 4
v 46 4
v 47 4
v 48 4
v 49 4
v 50 4
v 51 4
v 52 4
v 53 4
v 54 4
v 55 4
v 56 4
v 57 4
v 58 4
e 11 1 1
e 1 50 1
e 14 2 1
e 2 51 1
e 3 21 2
e 4 25 1
e 4 28 1
e 5 27 2
e 6 28 2
e 7 8 1
e 7 11 1
e 7 12 1
e 7 18 1
e 8 9 1
e 8 13 1
e 8 30 1
e 9 10 1
e 9 17 1
e 9 31 1
e 10 14 1
e 10 15 1
e 11 16 1
e 11 21 1
e 12 14 1
e 12 32 1
e 12 33 1
e 13 16 1
e 13 34 1
e 13 35 1
e 14 36 1
e 15 20 1
e 15 22 1
e 15 23 1
e 16 37 1
e 16 38 1
e 17 19 1
e 17 39 1
e 17 40 1
e 18 41 1
e 18 42 1
e 18 43 1
e 19 20 1
e 19 44 1
e 19 45 1
e 20 24 2
e 21 25 1
e 22 46 1
e 22 47 1
e 22 48 1
e 23 26 2
e 23 49 1
e 24 27 1
e 24 52 1
e 25 53 1
e 25 54 1
e 26 27 1
e 26 55 1
e 28 29 1
e 29 56 1
e 29 57 1
e 29 58 1
t # 57859
v 0 1
v 1 3
v 2 3
v 3 3
v 4 3
v 5 3
v 6 3
v 7 3
v 8 3
v 9 3
v 10 3
v 11 3
v 12 3
v 13 3
v 14 3
v 15 3
v 16 3
v 17 3
v 18 4
v 19 4
v 20 4
v 21 4
v 22 4
v 23 4
v 24 4
v 25 4
v 26 4
v 27 4
v 28 4
v 29 4
v 30 4
v 31 4
v 32 4
v 33 4
v 34 4
v 35 4
e 0 8 2
e 1 2 2
e 1 3 1
e 1 4 1
e 2 5 1
e 2 6 1
e 3 7 2
e 3 8 1
e 4 10 1
e 4 18 1
e 4 19 1
e 5 12 2
e 5 13 1
e 6 9 2
e 6 20 1
e 7 9 1
e 7 21 1
e 8 11 1
e 9 22 1
e 10 23 1
e 10 24 1
e 10 25 1
e 11 14 1
e 11 26 1
e 11 27 1
e 12 15 1
e 12 28 1
e 13 16 2
e 13 29 1
e 14 30 1
e 14 31 1
e 14 32 1
e 15 17 2
e 15 33 1
e 16 17 1
e 16 34 1
e 17 35 1
t # 57860
v 0 1
v 1 3
v 2 3
v 3 3
v 4 3
v 5 3
v 6 3
v 7 3
v 8 3
v 9 3
v 10 3
v 11 3
v 12 3
v 13 3
v 14 3
v 15 3
v 16 3
v 17 4
v 18 4
v 19 4
v 20 4
v 21 4
v 22 4
v 23 4
v 24 4
v 25 4
v 26 4
v 27 4
v 28 4
v 29 4
v 30 4
v 31 4
v 32 4
e 0 7 2
e 1 2 2
e 1 3 1
e 1 8 1
e 2 4 1
e 2 5 1
e 3 6 2
e 3 7 1
e 4 11 2
e 4 12 1
e 5 9 2
e 5 17 1
e 6 9 1
e 6 18 1
e 7 10 1
e 8 19 1
e 8 20 1
e 8 21 1
e 9 22 1
e 10 13 1
e 10 23 1
e 10 24 1
e 11 14 1
e 11 25 1
e 12 15 2
e 12 26 1
e 13 27 1
e 13 28 1
e 13 29 1
e 14 16 2
e 14 30 1
e 15 16 1
e 15 31 1
e 16 32 1
t # 57861
v 0 1
v 1 1
v 2 1
v 3 1
v 4 1
v 5 2
v 6 3
v 7 3
v 8 3
v 9 3
v 10 3
v 11 3
v 12 3
v 13 3
v 14 4
v 15 4
v 16 4
v 17 4
v 18 4
v 19 4
v 20 4
v 21 4
v 22 4
v 23 4
v 24 4
v 25 4
v 26 4
e 0 9 1
e 0 12 1
e 1 10 1
e 1 13 1
e 2 8 2
e 3 9 2
e 4 10 2
e 5 6 1
e 5 7 1
e 5 8 1
e 6 9 1
e 6 14 1
e 6 15 1
e 7 10 1
e 7 16 1
e 7 17 1
e 8 11 1
e 11 18 1
e 11 19 1
e 11 20 1
e 12 21 1
e 12 22 1
e 12 23 1
e 13 24 1
e 13 25 1
e 13 26 1
t # 57862
v 0 1
v 1 1
v 2 2
v 3 2
v 4 2
v 5 2
v 6 3
v 7 3
v 8 3
v 9 3
v 10 4
v 11 4
v 12 4
v 13 4
e 2 3 1
e 2 6 1
e 2 7 1
e 6 8 1
e 6 10 1
e 6 11 1
e 7 9 1
e 7 12 1
e 7 13 1
t # 57863
v 0 41
v 1 1
v 2 1
v 3 3
v 4 3
v 5 3
v 6 3
v 7 3
v 8 3
v 9 3
v 10 3
v 11 3
v 12 3
v 13 3
v 14 3
v 15 3
v 16 3
v 17 3
v 18 3
v 19 3
v 20 3
v 21 3
v 22 4
v 23 4
v 24 4
v 25 4
v 26 4
v 27 4
v 28 4
v 29 4
v 30 4
v 31 4
v 32 4
v 33 4
v 34 4
v 35 4
v 36 4
v 37 4
e 1 6 1
e 1 37 1
e 2 6 2
e 3 7 2
e 3 10 1
e 4 8 2
e 4 11 1
e 5 9 2
e 5 12 1
e 7 13 1
e 7 22 1
e 8 14 1
e 8 23 1
e 9 15 1
e 9 24 1
e 10 16 2
e 10 25 1
e 11 17 2
e 11 26 1
e 12 18 2
e 12 27 1
e 13 19 2
e 13 28 1
e 14 20 2
e 14 29 1
e 15 21 2
e 15 30 1
e 16 19 1
e 16 31 1
e 17 20 1
e 17 32 1
e 18 21 1
e 18 33 1
e 19 34 1
e 20 35 1
e 21 36 1
t # 57864
v 0 1
v 1 1
v 2 1
v 3 1
v 4 3
v 5 3
v 6 3
v 7 3
v 8 3
v 9 3
v 10 3
v 11 3
v 12 3
v 13 3
v 14 3
v 15 3
v 16 3
v 17 3
v 18 3
v 19 3
v 20 3
v 21 3
v 22 3
v 23 3
v 24 3
v 25 3
v 26 3
v 27 3
v 28 3
v 29 3
v 30 3
v 31 3
v 32 4
v 33 4
v 34 4
v 35 4
v 36 4
v 37 4
v 38 4
v 39 4
v 40 4
v 41 4
v 42 4
v 43 4
v 44 4
v 45 4
v 46 4
v 47 4
v 48 4
v 49 4
v 50 4
v 51 4
v 52 4
v 53 4
e 0 4 1
e 0 8 1
e 1 5 1
e 1 9 1
e 2 18 2
e 3 19 2
e 4 5 1
e 4 32 1
e 4 33 1
e 5 34 1
e 5 35 1
e 6 10 2
e 6 12 1
e 6 18 1
e 7 11 2
e 7 13 1
e 7 19 1
e 8 14 2
e 8 16 1
e 9 15 2
e 9 17 1
e 10 14 1
e 10 36 1
e 11 15 1
e 11 37 1
e 12 16 2
e 12 38 1
e 13 17 2
e 13 39 1
e 14 40 1
e 15 41 1
e 16 42 1
e 17 43 1
e 18 20 1
e 19 21 1
e 20 22 2
e 20 24 1
e 21 23 2
e 21 25 1
e 22 26 1
e 22 44 1
e 23 27 1
e 23 45 1
e 24 28 2
e 24 46 1
e 25 29 2
e 25 47 1
e 26 30 2
e 26 48 1
e 27 31 2
e 27 49 1
e 28 30 1
e 28 50 1
e 29 31 1
e 29 51 1
e 30 52 1
e 31 53 1
t # 57865
v 0 12
v 1 12
v 2 11
v 3 11
v 4 3
v 5 3
v 6 3
v 7 3
v 8 3
v 9 3
v 10 3
v 11 3
v 12 3
v 13 3
v 14 3
v 15 3
v 16 3
v 17 3
v 18 3
v 19 3
v 20 4
v 21 4
v 22 4
v 23 4
v 24 4
v 25 4
v 26 4
v 27 4
v 28 4
v 29 4
v 30 4
v 31 4
v 32 4
v 33 4
v 34 4
v 35 4
e 0 18 1
e 1 19 1
e 2 6 1
e 2 8 1
e 3 7 1
e 3 9 1
e 4 5 1
e 4 6 1
e 4 20 1
e 4 21 1
e 5 7 1
e 5 22 1
e 5 23 1
e 6 24 1
e 6 25 1
e 7 26 1
e 7 27 1
e 8 10 2
e 8 12 1
e 9 11 2
e 9 13 1
e 10 14 1
e 10 28 1
e 11 15 1
e 11 29 1
e 12 16 2
e 12 30 1
e 13 17 2
e 13 31 1
e 14 18 2
e 14 32 1
e 15 19 2
e 15 33 1
e 16 18 1
e 16 34 1
e 17 19 1
e 17 35 1
t # 57866
v 0 12
v 1 12
v 2 11
v 3 1
v 4 1
v 5 3
v 6 3
v 7 3
v 8 3
v 9 3
v 10 3
v 11 3
v 12 3
v 13 3
v 14 3
v 15 3
v 16 3
v 17 3
v 18 3
v 19 3
v 20 3
v 21 4
v 22 4
v 23 4
v 24 4
v 25 4
v 26 4
v 27 4
v 28 4
v 29 4
v 30 4
v 31 4
v 32 4
v 33 4
v 34 4
v 35 4
v 36 4
e 0 19 1
e 1 20 1
e 2 5 1
e 2 6 1
e 3 7 1
e 3 9 1
e 4 8 1
e 4 10 1
e 5 7 1
e 5 21 1
e 5 22 1
e 6 8 1
e 6 23 1
e 6 24 1
e 7 25 1
e 7 26 1
e 8 27 1
e 8 28 1
e 9 11 2
e 9 13 1
e 10 12 2
e 10 14 1
e 11 15 1
e 11 29 1
e 12 16 1
e 12 30 1
e 13 17 2
e 13 31 1
e 14 18 2
e 14 32 1
e 15 19 2
e 15 33 1
e 16 20 2
e 16 34 1
e 17 19 1
e 17 35 1
e 18 20 1
e 18 36 1
t # 57867
v 0 1
v 1 1
v 2 1
v 3 1
v 4 3
v 5 3
v 6 3
v 7 3
v 8 3
v 9 3
v 10 3
v 11 3
v 12 3
v 13 3
v 14 3
v 15 3
v 16 3
v 17 3
v 18 3
v 19 3
v 20 4
v 21 4
v 22 4
v 23 4
v 24 4
v 25 4
v 26 4
v 27 4
v 28 4
v 29 4
v 30 4
v 31 4
v 32 4
v 33 4
e 0 4 1
e 0 6 1
e 1 5 1
e 1 7 1
e 2 18 2
e 3 19 2
e 4 5 1
e 4 20 1
e 4 21 1
e 5 22 1
e 5 23 1
e 6 8 1
e 6 10 2
e 7 9 1
e 7 11 2
e 8 12 2
e 8 18 1
e 9 13 2
e 9 19 1
e 10 14 1
e 10 24 1
e 11 15 1
e 11 25 1
e 12 16 1
e 12 26 1
e 13 17 1
e 13 27 1
e 14 16 2
e 14 28 1
e 15 17 2
e 15 29 1
e 16 30 1
e 17 31 1
e 18 32 1
e 19 33 1
t # 57868
v 0 12
v 1 12
v 2 11
v 3 11
v 4 3
v 5 3
v 6 3
v 7 3
v 8 3
v 9 3
v 10 3
v 11 3
v 12 3
v 13 3
v 14 3
v 15 3
v 16 3
v 17 3
v 18 3
v 19 4
v 20 4
v 21 4
v 22 4
v 23 4
v 24 4
v 25 4
v 26 4
v 27 4
v 28 4
v 29 4
v 30 4
v 31 4
v 32 4
e 0 17 1
e 1 18 1
e 2 6 1
e 2 8 1
e 3 7 1
e 3 8 1
e 4 6 1
e 4 9 2
e 4 11 1
e 5 7 1
e 5 10 2
e 5 12 1
e 6 19 1
e 6 20 1
e 7 21 1
e 7 22 1
e 8 23 1
e 8 24 1
e 9 13 1
e 9 25 1
e 10 14 1
e 10 26 1
e 11 15 2
e 11 27 1
e 12 16 2
e 12 28 1
e 13 17 2
e 13 29 1
e 14 18 2
e 14 30 1
e 15 17 1
e 15 31 1
e 16 18 1
e 16 32 1
t # 57869
v 0 12
v 1 12
v 2 12
v 3 1
v 4 3
v 5 3
v 6 3
v 7 3
v 8 3
v 9 3
v 10 3
v 11 3
v 12 3
v 13 3
v 14 3
v 15 3
v 16 3
v 17 3
v 18 3
v 19 4
v 20 4
v 21 4
v 22 4
v 23 4
v 24 4
v 25 4
v 26 4
v 27 4
v 28 4
v 29 4
v 30 4
v 31 4
e 0 16 1
e 1 17 1
e 2 18 1
e 3 4 1
e 3 11 1
e 4 5 1
e 4 6 1
e 4 19 1
e 5 7 2
e 5 9 1
e 6 8 2
e 6 10 1
e 7 12 1
e 7 20 1
e 8 13 1
e 8 21 1
e 9 14 2
e 9 22 1
e 10 15 2
e 10 23 1
e 11 18 1
e 11 24 1
e 11 25 1
e 12 16 2
e 12 26 1
e 13 17 2
e 13 27 1
e 14 16 1
e 14 28 1
e 15 17 1
e 15 29 1
e 18 30 1
e 18 31 1
t # 57870
v 0 12
v 1 1
v 2 3
v 3 3
v 4 3
v 5 3
v 6 3
v 7 3
v 8 3
v 9 3
v 10 3
v 11 3
v 12 3
v 13 3
v 14 3
v 15 3
v 16 4
v 17 4
v 18 4
v 19 4
v 20 4
v 21 4
v 22 4
v 23 4
v 24 4
v 25 4
v 26 4
v 27 4
v 28 4
v 29 4
v 30 4
v 31 4
v 32 4
v 33 4
v 34 4
v 35 4
v 36 4
e 0 15 1
e 1 9 1
e 1 13 1
e 2 3 1
e 2 4 1
e 2 5 1
e 2 6 1
e 3 7 2
e 3 8 1
e 4 16 1
e 4 17 1
e 4 18 1
e 5 19 1
e 5 20 1
e 5 21 1
e 6 22 1
e 6 23 1
e 6 24 1
e 7 10 1
e 7 25 1
e 8 11 2
e 8 26 1
e 9 10 2
e 9 11 1
e 10 27 1
e 11 28 1
e 12 13 1
e 12 14 1
e 12 29 1
e 12 30 1
e 13 31 1
e 13 32 1
e 14 15 1
e 14 33 1
e 14 34 1
e 15 35 1
e 15 36 1
t # 57871
v 0 12
v 1 12
v 2 1
v 3 3
v 4 3
v 5 3
v 6 3
v 7 3
v 8 3
v 9 3
v 10 3
v 11 3
v 12 3
v 13 3
v 14 3
v 15 3
v 16 3
v 17 4
v 18 4
v 19 4
v 20 4
v 21 4
v 22 4
v 23 4
v 24 4
v 25 4
v 26 4
v 27 4
v 28 4
v 29 4
v 30 4
v 31 4
v 32 4
v 33 4
v 34 4
v 35 4
v 36 4
e 0 13 1
e 1 16 1
e 2 11 1
e 2 14 1
e 3 4 1
e 3 5 1
e 3 6 1
e 3 7 1
e 4 8 2
e 4 9 1
e 5 17 1
e 5 18 1
e 5 19 1
e 6 20 1
e 6 21 1
e 6 22 1
e 7 23 1
e 7 24 1
e 7 25 1
e 8 10 1
e 8 26 1
e 9 12 2
e 9 27 1
e 10 11 2
e 10 13 1
e 11 12 1
e 12 28 1
e 13 29 1
e 13 30 1
e 14 15 1
e 14 31 1
e 14 32 1
e 15 16 1
e 15 33 1
e 15 34 1
e 16 35 1
e 16 36 1
t # 57872
v 0 12
v 1 1
v 2 1
v 3 3
v 4 3
v 5 3
v 6 3
v 7 3
v 8 3
v 9 3
v 10 3
v 11 3
v 12 3
v 13 3
v 14 3
v 15 3
v 16 4
v 17 4
v 18 4
v 19 4
v 20 4
v 21 4
v 22 4
v 23 4
v 24 4
v 25 4
v 26 4
v 27 4
v 28 4
e 0 15 1
e 1 6 1
e 1 13 1
e 2 13 1
e 2 14 1
e 3 4 1
e 3 5 1
e 3 9 2
e 4 7 1
e 4 10 2
e 5 6 2
e 5 16 1
e 6 8 1
e 7 8 2
e 7 17 1
e 8 18 1
e 9 11 1
e 9 19 1
e 10 12 1
e 10 20 1
e 11 12 2
e 11 21 1
e 12 22 1
e 13 23 1
e 13 24 1
e 14 15 1
e 14 25 1
e 14 26 1
e 15 27 1
e 15 28 1
t # 57873
v 0 12
v 1 11
v 2 1
v 3 1
v 4 3
v 5 3
v 6 3
v 7 3
v 8 3
v 9 3
v 10 3
v 11 3
v 12 3
v 13 3
v 14 4
v 15 4
v 16 4
v 17 4
v 18 4
v 19 4
v 20 4
v 21 4
v 22 4
v 23 4
v 24 4
e 0 12 1
e 1 5 1
e 1 8 1
e 2 6 1
e 2 9 1
e 3 4 1
e 3 24 1
e 4 5 1
e 4 6 1
e 4 14 1
e 5 15 1
e 5 16 1
e 6 17 1
e 6 18 1
e 7 8 1
e 7 9 2
e 7 10 1
e 8 19 1
e 8 20 1
e 9 11 1
e 10 12 2
e 10 21 1
e 11 13 2
e 11 22 1
e 12 13 1
e 13 23 1
t # 57874
v 0 11
v 1 8
v 2 1
v 3 1
v 4 1
v 5 2
v 6 3
v 7 3
v 8 3
v 9 3
v 10 3
v 11 4
v 12 4
v 13 4
v 14 4
v 15 4
v 16 4
v 17 4
v 18 4
v 19 4
v 20 4
e 0 10 1
e 2 6 1
e 3 7 1
e 6 8 1
e 6 11 1
e 6 12 1
e 7 9 1
e 7 13 1
e 7 14 1
e 8 15 1
e 8 16 1
e 8 17 1
e 9 18 1
e 9 19 1
e 9 20 1
t # 57875
v 0 1
v 1 1
v 2 1
v 3 3
v 4 3
v 5 3
v 6 3
v 7 3
v 8 3
v 9 3
v 10 3
v 11 3
v 12 3
v 13 3
v 14 3
v 15 3
v 16 3
v 17 3
v 18 3
v 19 3
v 20 3
v 21 3
v 22 3
v 23 4
v 24 4
v 25 4
v 26 4
v 27 4
v 28 4
v 29 4
v 30 4
v 31 4
v 32 4
v 33 4
v 34 4
v 35 4
v 36 4
v 37 4
v 38 4
v 39 4
v 40 4
v 41 4
v 42 4
v 43 4
v 44 4
v 45 4
v 46 4
e 0 8 2
e 1 19 1
e 1 21 1
e 2 20 1
e 2 22 1
e 3 4 1
e 3 5 1
e 3 6 1
e 3 23 1
e 4 7 1
e 4 8 1
e 4 24 1
e 5 9 1
e 5 25 1
e 5 26 1
e 6 10 2
e 6 11 1
e 7 12 2
e 7 13 1
e 8 14 1
e 9 27 1
e 9 28 1
e 9 29 1
e 10 15 1
e 10 30 1
e 11 16 2
e 11 31 1
e 12 17 1
e 12 32 1
e 13 18 2
e 13 33 1
e 14 34 1
e 14 35 1
e 14 36 1
e 15 19 2
e 15 37 1
e 16 19 1
e 16 38 1
e 17 20 2
e 17 39 1
e 18 20 1
e 18 40 1
e 21 41 1
e 21 42 1
e 21 43 1
e 22 44 1
e 22 45 1
e 22 46 1
t # 57876
v 0 12
v 1 1
v 2 1
v 3 1
v 4 1
v 5 1
v 6 2
v 7 3
v 8 3
v 9 3
v 10 3
v 11 3
v 12 3
v 13 3
v 14 3
v 15 3
v 16 3
v 17 3
v 18 3
v 19 3
v 20 3
v 21 3
v 22 3
v 23 4
v 24 4
v 25 4
v 26 4
v 27 4
v 28 4
v 29 4
v 30 4
v 31 4
v 32 4
v 33 4
v 34 4
v 35 4
v 36 4
v 37 4
v 38 4
v 39 4
v 40 4
v 41 4
v 42 4
e 0 19 1
e 1 10 1
e 1 17 1
e 2 11 1
e 2 18 1
e 3 10 2
e 4 11 2
e 5 14 2
e 6 7 1
e 6 14 1
e 6 25 1
e 7 8 1
e 7 10 1
e 7 11 1
e 8 9 1
e 8 23 1
e 8 24 1
e 9 12 2
e 9 13 1
e 12 15 1
e 12 26 1
e 13 16 2
e 13 27 1
e 14 20 1
e 15 19 2
e 15 28 1
e 16 19 1
e 16 29 1
e 17 21 1
e 17 30 1
e 17 31 1
e 18 22 1
e 18 32 1
e 18 33 1
e 20 34 1
e 20 35 1
e 20 36 1
e 21 37 1
e 21 38 1
e 21 39 1
e 22 40 1
e 22 41 1
e 22 42 1
t # 57877
v 0 2
v 1 2
v 2 3
v 3 3
v 4 3
v 5 3
v 6 3
v 7 3
v 8 3
v 9 3
v 10 3
v 11 3
v 12 3
v 13 3
v 14 3
v 15 3
v 16 3
v 17 3
v 18 4
v 19 4
v 20 4
v 21 4
v 22 4
v 23 4
v 24 4
v 25 4
v 26 4
v 27 4
v 28 4
v 29 4
e 2 3 1
e 2 4 1
e 2 10 1
e 2 18 1
e 3 5 1
e 3 11 1
e 3 19 1
e 4 6 2
e 4 8 1
e 5 7 2
e 5 9 1
e 6 12 1
e 6 20 1
e 7 13 1
e 7 21 1
e 8 14 2
e 8 22 1
e 9 15 2
e 9 23 1
e 12 16 2
e 12 24 1
e 13 17 2
e 13 25 1
e 14 16 1
e 14 26 1
e 15 17 1
e 15 27 1
e 16 28 1
e 17 29 1
t # 57878
v 0 2
v 1 2
v 2 3
v 3 3
v 4 3
v 5 3
v 6 3
v 7 3
v 8 3
v 9 3
v 10 3
v 11 3
v 12 3
v 13 3
v 14 3
v 15 3
v 16 3
v 17 4
v 18 4
v 19 4
v 20 4
v 21 4
v 22 4
v 23 4
v 24 4
v 25 4
v 26 4
v 27 4
v 28 4
v 29 4
v 30 4
v 31 4
v 32 4
e 0 2 1
e 0 3 1
e 0 6 1
e 1 6 1
e 1 15 1
e 1 16 1
e 2 4 1
e 2 7 2
e 3 5 1
e 3 8 2
e 4 5 1
e 4 9 2
e 5 10 2
e 6 17 1
e 6 18 1
e 7 11 1
e 7 19 1
e 8 12 1
e 8 20 1
e 9 13 1
e 9 21 1
e 10 14 1
e 10 22 1
e 11 13 2
e 11 23 1
e 12 14 2
e 12 24 1
e 13 25 1
e 14 26 1
e 15 27 1
e 15 28 1
e 15 29 1
e 16 30 1
e 16 31 1
e 16 32 1
t # 57879
v 0 1
v 1 1
v 2 2
v 3 2
v 4 3
v 5 3
v 6 3
v 7 3
v 8 3
v 9 3
v 10 3
v 11 3
v 12 3
v 13 3
v 14 3
v 15 3
v 16 3
v 17 4
v 18 4
v 19 4
v 20 4
v 21 4
v 22 4
v 23 4
v 24 4
v 25 4
v 26 4
v 27 4
v 28 4
v 29 4
v 30 4
v 31 4
v 32 4
v 33 4
v 34 4
v 35 4
v 36 4
e 0 9 1
e 0 33 1
e 1 15 2
e 2 4 1
e 2 5 1
e 2 6 1
e 3 12 1
e 3 15 1
e 3 32 1
e 4 7 1
e 4 17 1
e 4 18 1
e 5 10 1
e 5 19 1
e 5 20 1
e 6 11 1
e 6 21 1
e 6 22 1
e 7 8 1
e 7 9 2
e 8 12 2
e 8 23 1
e 9 13 1
e 10 24 1
e 10 25 1
e 10 26 1
e 11 27 1
e 11 28 1
e 11 29 1
e 12 14 1
e 13 14 2
e 13 30 1
e 14 31 1
e 15 16 1
e 16 34 1
e 16 35 1
e 16 36 1
t # 57880
v 0 11
v 1 1
v 2 2
v 3 3
v 4 3
v 5 3
v 6 3
v 7 3
v 8 3
v 9 3
v 10 3
v 11 3
v 12 3
v 13 3
v 14 3
v 15 4
v 16 4
v 17 4
v 18 4
v 19 4
v 20 4
v 21 4
v 22 4
v 23 4
v 24 4
v 25 4
v 26 4
v 27 4
v 28 4
v 29 4
v 30 4
v 31 4
e 0 11 1
e 0 14 1
e 1 10 2
e 2 3 1
e 2 4 1
e 2 8 1
e 3 5 1
e 3 15 1
e 3 16 1
e 4 6 1
e 4 17 1
e 4 18 1
e 5 7 1
e 5 19 1
e 5 20 1
e 6 7 1
e 6 21 1
e 6 22 1
e 7 23 1
e 7 24 1
e 8 9 1
e 8 25 1
e 8 26 1
e 9 10 1
e 9 27 1
e 9 28 1
e 10 11 1
e 11 12 2
e 12 13 1
e 12 29 1
e 13 14 2
e 13 30 1
e 14 31 1
t # 57881
v 0 1
v 1 1
v 2 1
v 3 1
v 4 2
v 5 2
v 6 3
v 7 3
v 8 3
v 9 3
v 10 3
v 11 3
v 12 3
v 13 3
v 14 3
v 15 3
v 16 4
v 17 4
v 18 4
v 19 4
v 20 4
v 21 4
v 22 4
v 23 4
v 24 4
v 25 4
v 26 4
v 27 4
v 28 4
v 29 4
e 0 9 1
e 0 13 1
e 1 9 2
e 2 11 2
e 3 12 2
e 4 6 1
e 4 11 1
e 4 20 1
e 6 7 1
e 6 9 1
e 6 10 1
e 7 8 1
e 7 16 1
e 7 17 1
e 8 12 1
e 8 18 1
e 8 19 1
e 11 14 1
e 12 21 1
e 13 15 1
e 13 22 1
e 13 23 1
e 14 24 1
e 14 25 1
e 14 26 1
e 15 27 1
e 15 28 1
e 15 29 1
t # 57882
v 0 1
v 1 1
v 2 1
v 3 1
v 4 1
v 5 2
v 6 2
v 7 3
v 8 3
v 9 3
v 10 3
v 11 3
v 12 3
v 13 3
v 14 3
v 15 3
v 16 3
v 17 4
v 18 4
v 19 4
v 20 4
v 21 4
v 22 4
v 23 4
v 24 4
v 25 4
v 26 4
e 0 13 1
e 0 16 1
e 1 13 2
e 2 14 2
e 5 7 1
e 5 14 1
e 5 20 1
e 6 11 1
e 7 8 2
e 7 10 1
e 8 9 1
e 8 13 1
e 9 11 2
e 9 17 1
e 10 12 2
e 10 18 1
e 11 12 1
e 12 19 1
e 14 15 1
e 15 21 1
e 15 22 1
e 15 23 1
e 16 24 1
e 16 25 1
e 16 26 1
t # 57883
v 0 1
v 1 1
v 2 1
v 3 1
v 4 2
v 5 2
v 6 3
v 7 3
v 8 3
v 9 3
v 10 3
v 11 3
v 12 3
v 13 3
v 14 3
v 15 4
v 16 4
v 17 4
v 18 4
v 19 4
v 20 4
v 21 4
v 22 4
v 23 4
v 24 4
v 25 4
v 26 4
e 6 0 1
e 0 25 1
e 1 9 1
e 1 26 1
e 7 4 1
e 4 21 1
e 4 22 1
e 5 14 1
e 6 7 1
e 6 8 1
e 6 15 1
e 7 9 1
e 7 16 1
e 8 10 2
e 8 11 1
e 9 17 1
e 9 18 1
e 10 12 1
e 10 19 1
e 11 13 2
e 11 20 1
e 12 14 2
e 12 23 1
e 13 14 1
e 13 24 1
t # 57884
v 0 12
v 1 1
v 2 1
v 3 1
v 4 2
v 5 2
v 6 3
v 7 3
v 8 3
v 9 3
v 10 3
v 11 3
v 12 3
v 13 3
v 14 4
v 15 4
v 16 4
v 17 4
v 18 4
v 19 4
v 20 4
e 0 10 1
e 1 12 2
e 4 6 1
e 4 12 1
e 4 16 1
e 5 7 1
e 6 7 2
e 6 8 1
e 7 9 1
e 8 10 2
e 8 14 1
e 9 11 2
e 9 15 1
e 10 11 1
e 11 17 1
e 12 13 1
e 13 18 1
e 13 19 1
e 13 20 1
t # 57885
v 0 12
v 1 1
v 2 1
v 3 2
v 4 2
v 5 2
v 6 3
v 7 3
v 8 3
v 9 3
v 10 3
v 11 4
v 12 4
v 13 4
v 14 4
e 0 9 1
e 3 7 1
e 3 10 2
e 4 6 1
e 5 7 1
e 5 13 1
e 5 14 1
e 6 7 2
e 6 8 1
e 8 9 2
e 8 11 1
e 9 10 1
e 10 12 1
t # 57886
v 0 11
v 1 1
v 2 1
v 3 1
v 4 1
v 5 1
v 6 1
v 7 3
v 8 3
v 9 3
v 10 3
v 11 3
v 12 3
v 13 3
v 14 3
v 15 3
v 16 3
v 17 3
v 18 3
v 19 3
v 20 3
v 21 4
v 22 4
v 23 4
v 24 4
v 25 4
v 26 4
v 27 4
v 28 4
v 29 4
v 30 4
e 0 1 2
e 0 2 2
e 0 7 1
e 0 8 1
e 3 19 1
e 3 29 1
e 4 20 1
e 4 30 1
e 5 19 2
e 6 20 2
e 7 9 2
e 7 11 1
e 8 10 2
e 8 12 1
e 9 13 1
e 9 21 1
e 10 14 1
e 10 22 1
e 11 15 2
e 11 23 1
e 12 16 2
e 12 24 1
e 13 17 2
e 13 25 1
e 14 18 2
e 14 26 1
e 15 17 1
e 15 27 1
e 16 18 1
e 16 28 1
e 17 19 1
e 18 20 1
t # 57887
v 0 1
v 1 1
v 2 1
v 3 1
v 4 3
v 5 3
v 6 3
v 7 3
v 8 3
v 9 3
v 10 3
v 11 3
v 12 3
v 13 4
v 14 4
v 15 4
v 16 4
v 17 4
v 18 4
v 19 4
v 20 4
v 21 4
v 22 4
e 0 7 1
e 0 11 1
e 1 11 2
e 2 12 1
e 2 22 1
e 3 12 2
e 4 6 1
e 4 7 1
e 4 9 1
e 4 13 1
e 5 8 1
e 5 9 1
e 5 10 1
e 5 14 1
e 6 8 1
e 6 11 1
e 6 15 1
e 7 10 1
e 7 16 1
e 8 12 1
e 8 17 1
e 9 18 1
e 9 19 1
e 10 20 1
e 10 21 1
t # 57888
v 0 1
v 1 1
v 2 3
v 3 3
v 4 3
v 5 3
v 6 3
v 7 3
v 8 3
v 9 3
v 10 3
v 11 3
v 12 3
v 13 3
v 14 3
v 15 3
v 16 3
v 17 3
v 18 3
v 19 3
v 20 3
v 21 3
v 22 3
v 23 4
v 24 4
v 25 4
v 26 4
v 27 4
v 28 4
v 29 4
v 30 4
v 31 4
v 32 4
v 33 4
v 34 4
v 35 4
v 36 4
v 37 4
v 38 4
v 39 4
v 40 4
v 41 4
v 42 4
v 43 4
v 44 4
v 45 4
v 46 4
v 47 4
v 48 4
v 49 4
v 50 4
v 51 4
v 52 4
v 53 4
v 54 4
e 9 0 1
e 0 48 1
e 1 20 2
e 2 3 1
e 2 4 1
e 2 10 1
e 2 23 1
e 3 7 1
e 3 9 1
e 3 15 1
e 4 5 1
e 4 11 1
e 4 24 1
e 5 6 1
e 5 8 1
e 5 25 1
e 6 13 1
e 6 14 1
e 6 18 1
e 7 8 1
e 7 26 1
e 7 27 1
e 8 28 1
e 8 29 1
e 9 12 1
e 9 30 1
e 10 12 1
e 10 31 1
e 10 32 1
e 11 16 1
e 11 33 1
e 11 34 1
e 12 35 1
e 12 36 1
e 13 16 2
e 13 17 1
e 14 19 1
e 14 37 1
e 14 38 1
e 15 39 1
e 15 40 1
e 15 41 1
e 16 42 1
e 17 20 1
e 17 21 1
e 17 22 1
e 18 43 1
e 18 44 1
e 18 45 1
e 19 20 1
e 19 46 1
e 19 47 1
e 21 49 1
e 21 50 1
e 21 51 1
e 22 52 1
e 22 53 1
e 22 54 1
t # 57889
v 0 1
v 1 2
v 2 3
v 3 3
v 4 3
v 5 3
v 6 3
v 7 3
v 8 3
v 9 3
v 10 3
v 11 3
v 12 3
v 13 3
v 14 3
v 15 4
v 16 4
v 17 4
v 18 4
v 19 4
v 20 4
v 21 4
v 22 4
v 23 4
v 24 4
v 25 4
v 26 4
v 27 4
e 0 11 2
e 1 4 1
e 1 11 1
e 1 19 1
e 2 3 1
e 2 5 1
e 2 8 2
e 3 6 1
e 3 9 2
e 4 5 2
e 4 7 1
e 5 15 1
e 6 7 2
e 6 16 1
e 7 17 1
e 8 12 1
e 8 18 1
e 9 13 1
e 9 20 1
e 10 11 1
e 10 14 1
e 10 21 1
e 10 22 1
e 12 13 2
e 12 23 1
e 13 24 1
e 14 25 1
e 14 26 1
e 14 27 1
t # 57890
v 0 14
v 1 14
v 2 14
v 3 1
v 4 2
v 5 3
v 6 3
v 7 3
v 8 3
v 9 3
v 10 3
v 11 3
v 12 3
v 13 3
v 14 3
v 15 3
v 16 3
v 17 4
v 18 4
v 19 4
v 20 4
v 21 4
v 22 4
v 23 4
v 24 4
e 3 15 2
e 4 7 1
e 4 15 1
e 4 22 1
e 5 6 1
e 5 8 1
e 5 11 2
e 6 9 1
e 6 12 2
e 7 8 2
e 7 10 1
e 8 17 1
e 9 10 2
e 9 18 1
e 10 19 1
e 11 13 1
e 11 20 1
e 12 14 1
e 12 21 1
e 13 14 2
e 13 23 1
e 14 24 1
e 15 16 1
t # 57891
v 0 1
v 1 1
v 2 1
v 3 2
v 4 3
v 5 3
v 6 3
v 7 3
v 8 3
v 9 3
v 10 3
v 11 3
v 12 3
v 13 3
v 14 3
v 15 3
v 16 3
v 17 3
v 18 4
v 19 4
v 20 4
v 21 4
v 22 4
v 23 4
v 24 4
v 25 4
v 26 4
v 27 4
v 28 4
v 29 4
v 30 4
e 0 11 2
e 1 17 1
e 1 30 1
e 2 17 2
e 3 6 1
e 3 11 1
e 3 23 1
e 4 5 1
e 4 7 1
e 4 12 2
e 5 9 1
e 5 14 2
e 6 7 2
e 6 10 1
e 7 18 1
e 8 11 1
e 8 13 1
e 8 19 1
e 8 20 1
e 9 10 2
e 9 21 1
e 10 22 1
e 12 15 1
e 12 24 1
e 13 17 1
e 13 25 1
e 13 26 1
e 14 16 1
e 14 27 1
e 15 16 2
e 15 28 1
e 16 29 1
t # 57892
v 0 11
v 1 2
v 2 3
v 3 3
v 4 3
v 5 3
v 6 3
v 7 3
v 8 3
v 9 3
v 10 3
v 11 3
v 12 3
v 13 3
v 14 3
v 15 3
v 16 3
v 17 4
v 18 4
v 19 4
v 20 4
v 21 4
v 22 4
v 23 4
v 24 4
v 25 4
v 26 4
v 27 4
e 0 13 1
e 0 16 1
e 1 4 1
e 1 12 2
e 2 3 1
e 2 4 1
e 2 5 2
e 3 6 1
e 3 7 2
e 4 8 2
e 5 10 1
e 5 17 1
e 6 9 2
e 6 18 1
e 7 11 1
e 7 19 1
e 8 9 1
e 8 20 1
e 9 21 1
e 10 11 2
e 10 22 1
e 11 23 1
e 12 13 1
e 12 24 1
e 13 14 2
e 14 15 1
e 14 25 1
e 15 16 2
e 15 26 1
e 16 27 1
t # 57893
v 0 1
v 1 1
v 2 2
v 3 2
v 4 3
v 5 3
v 6 3
v 7 3
v 8 3
v 9 3
v 10 3
v 11 3
v 12 3
v 13 3
v 14 3
v 15 3
v 16 3
v 17 3
v 18 4
v 19 4
v 20 4
v 21 4
v 22 4
v 23 4
v 24 4
v 25 4
v 26 4
v 27 4
v 28 4
v 29 4
e 0 16 2
e 1 17 2
e 2 10 1
e 2 16 1
e 2 26 1
e 3 11 1
e 3 17 1
e 3 27 1
e 4 5 1
e 4 6 2
e 4 8 1
e 5 7 2
e 5 9 1
e 6 12 1
e 6 18 1
e 7 13 1
e 7 19 1
e 8 14 2
e 8 20 1
e 9 15 2
e 9 21 1
e 10 12 2
e 10 14 1
e 11 13 2
e 11 15 1
e 12 22 1
e 13 23 1
e 14 24 1
e 15 25 1
e 16 28 1
e 17 29 1
t # 57894
v 0 2
v 1 2
v 2 3
v 3 3
v 4 3
v 5 3
v 6 3
v 7 3
v 8 3
v 9 3
v 10 3
v 11 3
v 12 3
v 13 3
v 14 3
v 15 3
v 16 4
v 17 4
v 18 4
v 19 4
v 20 4
v 21 4
v 22 4
v 23 4
v 24 4
v 25 4
e 0 2 1
e 0 20 1
e 0 21 1
e 2 3 1
e 2 4 1
e 2 11 1
e 3 5 1
e 3 7 2
e 4 6 1
e 4 8 2
e 5 6 1
e 5 9 2
e 6 10 2
e 7 12 1
e 7 16 1
e 8 13 1
e 8 17 1
e 9 14 1
e 9 18 1
e 10 15 1
e 10 19 1
e 12 14 2
e 12 22 1
e 13 15 2
e 13 23 1
e 14 24 1
e 15 25 1
t # 57895
v 0 1
v 1 1
v 2 1
v 3 3
v 4 3
v 5 3
v 6 3
v 7 3
v 8 3
v 9 3
v 10 3
v 11 3
v 12 3
v 13 3
v 14 3
v 15 3
v 16 3
v 17 3
v 18 3
v 19 3
v 20 4
v 21 4
v 22 4
v 23 4
v 24 4
v 25 4
v 26 4
v 27 4
v 28 4
v 29 4
v 30 4
v 31 4
v 32 4
v 33 4
v 34 4
v 35 4
e 0 3 1
e 0 12 1
e 1 17 1
e 1 18 1
e 2 18 2
e 3 4 1
e 3 5 1
e 3 20 1
e 4 6 1
e 4 8 2
e 5 7 1
e 5 9 2
e 6 7 1
e 6 10 2
e 7 11 2
e 8 13 1
e 8 21 1
e 9 14 1
e 9 22 1
e 10 15 1
e 10 23 1
e 11 16 1
e 11 24 1
e 12 17 1
e 12 25 1
e 12 26 1
e 13 15 2
e 13 27 1
e 14 16 2
e 14 28 1
e 15 29 1
e 16 30 1
e 17 31 1
e 17 32 1
e 18 19 1
e 19 33 1
e 19 34 1
e 19 35 1
t # 57896
v 0 1
v 1 1
v 2 3
v 3 3
v 4 3
v 5 3
v 6 3
v 7 3
v 8 3
v 9 3
v 10 3
v 11 3
v 12 3
v 13 3
v 14 3
v 15 3
v 16 3
v 17 4
v 18 4
v 19 4
v 20 4
v 21 4
v 22 4
v 23 4
v 24 4
v 25 4
v 26 4
v 27 4
v 28 4
v 29 4
v 30 4
e 0 2 1
e 0 11 1
e 1 16 1
e 1 30 1
e 2 3 1
e 2 4 1
e 2 17 1
e 3 5 1
e 3 7 2
e 4 6 1
e 4 8 2
e 5 6 1
e 5 9 2
e 6 10 2
e 7 12 1
e 7 18 1
e 8 13 1
e 8 19 1
e 9 14 1
e 9 20 1
e 10 15 1
e 10 21 1
e 11 16 1
e 11 22 1
e 11 23 1
e 12 14 2
e 12 24 1
e 13 15 2
e 13 25 1
e 14 26 1
e 15 27 1
e 16 28 1
e 16 29 1
t # 57897
v 0 1
v 1 1
v 2 1
v 3 1
v 4 2
v 5 3
v 6 3
v 7 3
v 8 3
v 9 3
v 10 3
v 11 3
v 12 3
v 13 3
v 14 3
v 15 3
v 16 3
v 17 3
v 18 3
v 19 3
v 20 4
v 21 4
v 22 4
v 23 4
v 24 4
v 25 4
v 26 4
v 27 4
v 28 4
v 29 4
v 30 4
e 0 5 1
e 0 18 1
e 1 18 2
e 4 14 1
e 5 6 1
e 5 7 1
e 5 20 1
e 6 8 2
e 6 10 1
e 7 9 1
e 7 12 2
e 8 9 1
e 8 11 1
e 9 13 2
e 10 14 2
e 10 21 1
e 11 15 2
e 11 22 1
e 12 16 1
e 12 23 1
e 13 17 1
e 13 24 1
e 14 15 1
e 15 25 1
e 16 17 2
e 16 26 1
e 17 27 1
e 18 19 1
e 19 28 1
e 19 29 1
e 19 30 1
t # 57898
v 0 1
v 1 2
v 2 3
v 3 3
v 4 3
v 5 3
v 6 3
v 7 3
v 8 3
v 9 3
v 10 3
v 11 3
v 12 3
v 13 3
v 14 3
v 15 3
v 16 3
v 17 3
v 18 3
v 19 4
v 20 4
v 21 4
v 22 4
v 23 4
v 24 4
v 25 4
v 26 4
v 27 4
v 28 4
v 29 4
v 30 4
v 31 4
v 32 4
v 33 4
v 34 4
v 35 4
v 36 4
v 37 4
e 0 2 1
e 0 32 1
e 1 8 1
e 1 13 1
e 1 27 1
e 2 3 1
e 2 5 1
e 2 19 1
e 3 4 2
e 3 7 1
e 4 6 1
e 4 9 1
e 5 6 1
e 5 10 2
e 6 11 2
e 7 8 2
e 7 20 1
e 8 12 1
e 9 12 2
e 9 21 1
e 10 15 1
e 10 22 1
e 11 16 1
e 11 24 1
e 12 23 1
e 13 14 1
e 13 25 1
e 13 26 1
e 14 17 1
e 14 28 1
e 14 29 1
e 15 16 2
e 15 30 1
e 16 31 1
e 17 18 1
e 17 33 1
e 17 34 1
e 18 35 1
e 18 36 1
e 18 37 1
t # 57899
v 0 1
v 1 2
v 2 3
v 3 3
v 4 3
v 5 3
v 6 3
v 7 3
v 8 3
v 9 3
v 10 3
v 11 3
v 12 3
v 13 3
v 14 3
v 15 3
v 16 3
v 17 3
v 18 4
v 19 4
v 20 4
v 21 4
v 22 4
v 23 4
v 24 4
v 25 4
v 26 4
v 27 4
v 28 4
v 29 4
v 30 4
v 31 4
v 32 4
v 33 4
v 34 4
e 0 2 1
e 0 29 1
e 1 8 1
e 1 13 1
e 1 24 1
e 2 3 1
e 2 5 1
e 2 18 1
e 3 4 2
e 3 7 1
e 4 6 1
e 4 9 1
e 5 6 1
e 5 10 2
e 6 11 2
e 7 8 2
e 7 19 1
e 8 12 1
e 9 12 2
e 9 20 1
e 10 14 1
e 10 21 1
e 11 15 1
e 11 22 1
e 12 23 1
e 13 16 1
e 13 25 1
e 13 26 1
e 14 15 2
e 14 27 1
e 15 28 1
e 16 17 1
e 16 30 1
e 16 31 1
e 17 32 1
e 17 33 1
e 17 34 1
