t # 19700
v 0 12
v 1 1
v 2 2
v 3 3
v 4 3
v 5 3
v 6 3
v 7 3
v 8 3
v 9 3
v 10 3
v 11 3
v 12 3
v 13 3
v 14 3
v 15 3
v 16 3
v 17 3
v 18 3
v 19 4
v 20 4
v 21 4
v 22 4
v 23 4
v 24 4
v 25 4
v 26 4
v 27 4
v 28 4
v 29 4
v 30 4
e 0 14 1
e 1 7 2
e 2 3 1
e 2 5 1
e 2 19 1
e 3 4 2
e 3 8 1
e 4 7 1
e 4 11 1
e 5 6 2
e 5 9 1
e 6 7 1
e 6 10 1
e 8 12 2
e 8 13 1
e 9 14 2
e 9 20 1
e 10 15 2
e 10 21 1
e 11 22 1
e 11 23 1
e 11 24 1
e 12 16 1
e 12 25 1
e 13 17 2
e 13 26 1
e 14 15 1
e 15 27 1
e 16 18 2
e 16 28 1
e 17 18 1
e 17 29 1
e 18 30 1
t # 19701
v 0 2
v 1 2
v 2 2
v 3 2
v 4 2
v 5 2
v 6 2
v 7 2
v 8 2
v 9 3
v 10 3
v 11 3
v 12 3
v 13 3
v 14 3
v 15 3
v 16 3
v 17 3
v 18 3
v 19 3
v 20 3
v 21 3
v 22 3
v 23 3
v 24 3
v 25 3
v 26 3
v 27 4
v 28 4
v 29 4
v 30 4
v 31 4
v 32 4
v 33 4
v 34 4
v 35 4
v 36 4
v 37 4
v 38 4
v 39 4
v 40 4
v 41 4
v 42 4
v 43 4
v 44 4
v 45 4
v 46 4
v 47 4
e 0 6 1
e 0 9 1
e 0 12 1
e 1 7 1
e 1 10 1
e 1 13 1
e 2 8 1
e 2 11 1
e 2 14 1
e 3 9 2
e 3 10 1
e 4 9 1
e 4 11 2
e 5 10 2
e 5 11 1
e 6 18 2
e 7 19 2
e 8 20 2
e 12 15 2
e 12 21 1
e 13 16 2
e 13 22 1
e 14 17 2
e 14 23 1
e 15 18 1
e 15 27 1
e 16 19 1
e 16 28 1
e 17 20 1
e 17 29 1
e 18 24 1
e 19 25 1
e 20 26 1
e 21 30 1
e 21 31 1
e 21 32 1
e 22 33 1
e 22 34 1
e 22 35 1
e 23 36 1
e 23 37 1
e 23 38 1
e 24 39 1
e 24 40 1
e 24 41 1
e 25 42 1
e 25 43 1
e 25 44 1
e 26 45 1
e 26 46 1
e 26 47 1
t # 19702
v 0 11
v 1 11
v 2 11
v 3 2
v 4 2
v 5 2
v 6 2
v 7 2
v 8 2
v 9 3
v 10 3
v 11 3
v 12 3
v 13 3
v 14 3
v 15 3
v 16 3
v 17 3
v 18 3
v 19 3
v 20 3
v 21 3
v 22 3
v 23 3
v 24 3
v 25 3
v 26 3
v 27 4
v 28 4
v 29 4
v 30 4
v 31 4
v 32 4
v 33 4
v 34 4
v 35 4
v 36 4
v 37 4
v 38 4
e 0 9 1
e 0 12 1
e 1 10 1
e 1 13 1
e 2 11 1
e 2 14 1
e 3 9 2
e 3 10 1
e 4 9 1
e 4 11 2
e 5 10 2
e 5 11 1
e 6 21 2
e 6 24 1
e 7 22 2
e 7 25 1
e 8 23 2
e 8 26 1
e 12 15 2
e 12 18 1
e 13 16 2
e 13 19 1
e 14 17 2
e 14 20 1
e 15 21 1
e 15 27 1
e 16 22 1
e 16 28 1
e 17 23 1
e 17 29 1
e 18 24 2
e 18 30 1
e 19 25 2
e 19 31 1
e 20 26 2
e 20 32 1
e 21 33 1
e 22 34 1
e 23 35 1
e 24 36 1
e 25 37 1
e 26 38 1
t # 19703
v 0 11
v 1 11
v 2 11
v 3 11
v 4 11
v 5 11
v 6 2
v 7 2
v 8 2
v 9 2
v 10 2
v 11 2
v 12 3
v 13 3
v 14 3
v 15 3
v 16 3
v 17 3
v 18 3
v 19 3
v 20 3
v 21 3
v 22 3
v 23 3
v 24 4
v 25 4
v 26 4
v 27 4
v 28 4
v 29 4
v 30 4
v 31 4
v 32 4
v 33 4
v 34 4
v 35 4
e 0 12 1
e 0 18 1
e 1 13 1
e 1 19 1
e 2 14 1
e 2 20 1
e 3 18 1
e 3 21 1
e 4 19 1
e 4 22 1
e 5 20 1
e 5 23 1
e 6 15 1
e 6 18 2
e 7 16 1
e 7 19 2
e 8 17 1
e 8 20 2
e 9 21 2
e 9 22 1
e 10 21 1
e 10 23 2
e 11 22 2
e 11 23 1
e 12 15 1
e 12 24 1
e 12 25 1
e 13 16 1
e 13 26 1
e 13 27 1
e 14 17 1
e 14 28 1
e 14 29 1
e 15 30 1
e 15 31 1
e 16 32 1
e 16 33 1
e 17 34 1
e 17 35 1
t # 19704
v 0 1
v 1 1
v 2 1
v 3 1
v 4 1
v 5 1
v 6 3
v 7 3
v 8 3
v 9 3
v 10 3
v 11 3
v 12 3
v 13 3
v 14 3
v 15 3
v 16 3
v 17 3
v 18 3
v 19 3
v 20 3
v 21 3
v 22 3
v 23 3
v 24 3
v 25 3
v 26 4
v 27 4
v 28 4
v 29 4
v 30 4
v 31 4
v 32 4
v 33 4
v 34 4
v 35 4
v 36 4
v 37 4
v 38 4
v 39 4
v 40 4
v 41 4
v 42 4
v 43 4
e 0 8 1
e 0 10 1
e 1 9 1
e 1 11 1
e 2 18 1
e 2 24 1
e 3 19 1
e 3 25 1
e 4 22 1
e 4 24 1
e 5 23 1
e 5 25 1
e 6 7 1
e 6 8 1
e 6 11 1
e 6 26 1
e 7 9 1
e 7 10 1
e 7 27 1
e 8 12 1
e 8 28 1
e 9 13 1
e 9 29 1
e 10 30 1
e 10 31 1
e 11 32 1
e 11 33 1
e 12 14 2
e 12 16 1
e 13 15 2
e 13 17 1
e 14 18 1
e 14 34 1
e 15 19 1
e 15 35 1
e 16 20 2
e 16 36 1
e 17 21 2
e 17 37 1
e 18 22 2
e 19 23 2
e 20 22 1
e 20 38 1
e 21 23 1
e 21 39 1
e 24 40 1
e 24 41 1
e 25 42 1
e 25 43 1
t # 19705
v 0 1
v 1 1
v 2 1
v 3 1
v 4 1
v 5 1
v 6 1
v 7 3
v 8 3
v 9 3
v 10 3
v 11 3
v 12 3
v 13 3
v 14 3
v 15 3
v 16 3
v 17 3
v 18 3
v 19 3
v 20 3
v 21 3
v 22 3
v 23 3
v 24 3
v 25 3
v 26 3
v 27 3
v 28 3
v 29 4
v 30 4
v 31 4
v 32 4
v 33 4
v 34 4
v 35 4
v 36 4
v 37 4
v 38 4
v 39 4
v 40 4
v 41 4
v 42 4
v 43 4
v 44 4
v 45 4
v 46 4
v 47 4
v 48 4
e 0 10 1
e 0 11 1
e 1 10 1
e 1 12 1
e 2 14 1
e 2 16 1
e 3 18 1
e 3 24 1
e 4 19 1
e 4 24 1
e 5 16 2
e 6 27 1
e 6 28 1
e 7 8 1
e 7 9 1
e 7 13 1
e 7 29 1
e 8 12 1
e 8 15 2
e 9 11 2
e 9 16 1
e 10 20 1
e 10 21 1
e 11 14 1
e 12 17 2
e 13 22 2
e 13 23 1
e 14 30 1
e 14 31 1
e 15 18 1
e 15 32 1
e 17 19 1
e 17 33 1
e 18 19 2
e 20 34 1
e 20 35 1
e 20 36 1
e 21 37 1
e 21 38 1
e 21 39 1
e 22 25 1
e 22 40 1
e 23 26 2
e 23 41 1
e 24 42 1
e 24 43 1
e 25 27 2
e 25 44 1
e 26 27 1
e 26 45 1
e 28 46 1
e 28 47 1
e 28 48 1
t # 19706
v 0 1
v 1 1
v 2 1
v 3 1
v 4 1
v 5 1
v 6 1
v 7 1
v 8 1
v 9 3
v 10 3
v 11 3
v 12 3
v 13 3
v 14 3
v 15 3
v 16 3
v 17 3
v 18 3
v 19 3
v 20 3
v 21 3
v 22 3
v 23 3
v 24 3
v 25 3
v 26 3
v 27 3
v 28 3
v 29 3
v 30 3
v 31 3
v 32 4
v 33 4
v 34 4
v 35 4
v 36 4
v 37 4
v 38 4
v 39 4
v 40 4
v 41 4
v 42 4
v 43 4
v 44 4
v 45 4
v 46 4
v 47 4
v 48 4
v 49 4
v 50 4
v 51 4
v 52 4
v 53 4
e 0 12 1
e 0 13 1
e 1 12 1
e 1 15 1
e 2 16 1
e 2 18 1
e 3 20 1
e 3 29 1
e 4 21 1
e 4 29 1
e 5 18 2
e 6 26 1
e 6 30 1
e 7 27 1
e 7 31 1
e 8 28 1
e 8 47 1
e 9 10 1
e 9 11 1
e 9 14 1
e 9 32 1
e 10 13 2
e 10 18 1
e 11 15 1
e 11 17 2
e 12 22 1
e 12 23 1
e 13 16 1
e 14 24 2
e 14 25 1
e 15 19 2
e 16 33 1
e 16 34 1
e 17 20 1
e 17 35 1
e 19 21 1
e 19 36 1
e 20 21 2
e 22 37 1
e 22 38 1
e 22 39 1
e 23 40 1
e 23 41 1
e 23 42 1
e 24 27 1
e 24 43 1
e 25 26 2
e 25 44 1
e 26 28 1
e 27 28 2
e 29 45 1
e 29 46 1
e 30 48 1
e 30 49 1
e 30 50 1
e 31 51 1
e 31 52 1
e 31 53 1
t # 19707
v 0 1
v 1 1
v 2 1
v 3 1
v 4 1
v 5 1
v 6 1
v 7 1
v 8 1
v 9 3
v 10 3
v 11 3
v 12 3
v 13 3
v 14 3
v 15 3
v 16 3
v 17 3
v 18 3
v 19 3
v 20 3
v 21 3
v 22 3
v 23 3
v 24 3
v 25 3
v 26 3
v 27 3
v 28 3
v 29 3
v 30 3
v 31 4
v 32 4
v 33 4
v 34 4
v 35 4
v 36 4
v 37 4
v 38 4
v 39 4
v 40 4
v 41 4
v 42 4
v 43 4
v 44 4
v 45 4
v 46 4
v 47 4
v 48 4
e 0 13 1
e 0 14 1
e 1 16 1
e 1 17 1
e 2 19 1
e 2 26 1
e 3 20 1
e 3 26 1
e 4 17 2
e 5 23 1
e 5 27 1
e 6 24 1
e 6 28 1
e 7 25 1
e 7 29 1
e 8 29 2
e 9 10 1
e 9 11 1
e 9 12 1
e 9 31 1
e 10 14 1
e 10 15 2
e 11 13 2
e 11 17 1
e 12 21 2
e 12 22 1
e 13 16 1
e 14 18 2
e 15 19 1
e 15 32 1
e 16 33 1
e 16 34 1
e 18 20 1
e 18 35 1
e 19 20 2
e 21 24 1
e 21 36 1
e 22 23 2
e 22 37 1
e 23 25 1
e 24 25 2
e 26 38 1
e 26 39 1
e 27 40 1
e 27 41 1
e 27 42 1
e 28 43 1
e 28 44 1
e 28 45 1
e 29 30 1
e 30 46 1
e 30 47 1
e 30 48 1
t # 19708
v 0 1
v 1 1
v 2 1
v 3 1
v 4 1
v 5 1
v 6 1
v 7 1
v 8 3
v 9 3
v 10 3
v 11 3
v 12 3
v 13 3
v 14 3
v 15 3
v 16 3
v 17 3
v 18 3
v 19 3
v 20 3
v 21 3
v 22 3
v 23 3
v 24 3
v 25 3
v 26 3
v 27 3
v 28 4
v 29 4
v 30 4
v 31 4
v 32 4
v 33 4
v 34 4
v 35 4
v 36 4
v 37 4
v 38 4
v 39 4
v 40 4
v 41 4
v 42 4
v 43 4
e 0 12 1
e 0 13 1
e 1 15 1
e 1 16 1
e 2 18 1
e 2 25 1
e 3 19 1
e 3 25 1
e 4 16 2
e 5 22 1
e 5 26 1
e 6 23 1
e 6 27 1
e 7 24 1
e 7 37 1
e 8 9 1
e 8 10 1
e 8 11 1
e 8 28 1
e 9 13 1
e 9 14 2
e 10 12 2
e 10 16 1
e 11 20 2
e 11 21 1
e 12 15 1
e 13 17 2
e 14 18 1
e 14 29 1
e 15 30 1
e 15 31 1
e 17 19 1
e 17 32 1
e 18 19 2
e 20 23 1
e 20 33 1
e 21 22 2
e 21 34 1
e 22 24 1
e 23 24 2
e 25 35 1
e 25 36 1
e 26 38 1
e 26 39 1
e 26 40 1
e 27 41 1
e 27 42 1
e 27 43 1
t # 19709
v 0 8
v 1 41
v 2 1
v 3 1
v 4 1
v 5 1
v 6 1
v 7 1
v 8 1
v 9 1
v 10 2
v 11 2
v 12 3
v 13 3
v 14 3
v 15 3
v 16 3
v 17 3
v 18 3
v 19 3
v 20 3
v 21 3
v 22 3
v 23 3
v 24 3
v 25 3
v 26 3
v 27 3
v 28 3
v 29 3
v 30 3
v 31 3
v 32 3
v 33 4
v 34 4
v 35 4
v 36 4
v 37 4
v 38 4
v 39 4
v 40 4
v 41 4
v 42 4
v 43 4
v 44 4
v 45 4
v 46 4
v 47 4
v 48 4
v 49 4
v 50 4
v 51 4
v 52 4
v 53 4
v 54 4
v 55 4
v 56 4
v 57 4
v 58 4
v 59 4
v 60 4
v 61 4
v 62 4
v 63 4
v 64 4
v 65 4
v 66 4
v 67 4
v 68 4
v 69 4
v 70 4
v 71 4
e 2 12 1
e 2 16 1
e 3 17 1
e 4 13 1
e 5 29 1
e 6 30 1
e 7 23 2
e 9 26 2
e 10 16 1
e 10 23 1
e 10 24 1
e 11 23 1
e 11 26 1
e 11 27 1
e 12 13 1
e 12 17 1
e 12 33 1
e 13 15 1
e 13 34 1
e 14 20 1
e 14 21 1
e 14 22 1
e 15 16 1
e 15 35 1
e 15 36 1
e 16 37 1
e 17 38 1
e 17 39 1
e 18 40 1
e 18 41 1
e 18 42 1
e 19 43 1
e 19 44 1
e 19 45 1
e 20 46 1
e 20 47 1
e 20 48 1
e 21 49 1
e 21 50 1
e 21 51 1
e 22 52 1
e 22 53 1
e 22 54 1
e 24 25 2
e 24 55 1
e 25 26 1
e 25 28 1
e 27 56 1
e 27 57 1
e 27 58 1
e 28 59 1
e 28 60 1
e 28 61 1
e 29 31 1
e 29 62 1
e 29 63 1
e 30 32 1
e 30 64 1
e 30 65 1
e 31 66 1
e 31 67 1
e 31 68 1
e 32 69 1
e 32 70 1
e 32 71 1
t # 19710
v 0 8
v 1 41
v 2 1
v 3 1
v 4 1
v 5 1
v 6 1
v 7 1
v 8 2
v 9 2
v 10 2
v 11 2
v 12 2
v 13 3
v 14 3
v 15 3
v 16 3
v 17 3
v 18 3
v 19 3
v 20 3
v 21 3
v 22 3
v 23 3
v 24 3
v 25 3
v 26 3
v 27 3
v 28 3
v 29 3
v 30 3
v 31 3
v 32 3
v 33 3
v 34 3
v 35 3
v 36 3
v 37 4
v 38 4
v 39 4
v 40 4
v 41 4
v 42 4
v 43 4
v 44 4
v 45 4
v 46 4
v 47 4
v 48 4
v 49 4
v 50 4
v 51 4
v 52 4
v 53 4
v 54 4
v 55 4
v 56 4
v 57 4
v 58 4
v 59 4
v 60 4
v 61 4
v 62 4
v 63 4
v 64 4
v 65 4
v 66 4
v 67 4
v 68 4
v 69 4
v 70 4
v 71 4
v 72 4
v 73 4
v 74 4
v 75 4
v 76 4
v 77 4
v 78 4
v 79 4
v 80 4
e 2 13 1
e 2 17 1
e 3 18 1
e 4 14 1
e 5 29 1
e 6 30 1
e 8 17 1
e 8 24 1
e 8 25 1
e 9 25 2
e 9 26 1
e 10 24 1
e 10 28 2
e 11 27 1
e 11 31 1
e 11 32 1
e 12 27 2
e 12 28 1
e 13 14 1
e 13 18 1
e 13 37 1
e 14 16 1
e 14 38 1
e 15 21 1
e 15 22 1
e 15 23 1
e 16 17 1
e 16 39 1
e 16 40 1
e 17 41 1
e 18 42 1
e 18 43 1
e 19 44 1
e 19 45 1
e 19 46 1
e 20 47 1
e 20 48 1
e 20 49 1
e 21 50 1
e 21 51 1
e 21 52 1
e 22 53 1
e 22 54 1
e 22 55 1
e 23 56 1
e 23 57 1
e 23 58 1
e 24 26 2
e 25 59 1
e 26 27 1
e 28 60 1
e 29 33 1
e 29 61 1
e 29 62 1
e 30 34 1
e 30 63 1
e 30 64 1
e 31 35 1
e 31 65 1
e 31 66 1
e 32 36 1
e 32 67 1
e 32 68 1
e 33 69 1
e 33 70 1
e 33 71 1
e 34 72 1
e 34 73 1
e 34 74 1
e 35 75 1
e 35 76 1
e 35 77 1
e 36 78 1
e 36 79 1
e 36 80 1
t # 19711
v 0 12
v 1 1
v 2 1
v 3 1
v 4 1
v 5 1
v 6 2
v 7 2
v 8 2
v 9 2
v 10 2
v 11 2
v 12 3
v 13 3
v 14 3
v 15 3
v 16 3
v 17 3
v 18 3
v 19 3
v 20 3
v 21 3
v 22 3
v 23 3
v 24 3
v 25 3
v 26 3
v 27 3
v 28 3
v 29 3
v 30 3
v 31 3
v 32 3
v 33 3
v 34 3
v 35 3
v 36 3
v 37 3
v 38 3
v 39 3
v 40 3
v 41 3
v 42 3
v 43 3
v 44 3
v 45 3
v 46 3
v 47 4
v 48 4
v 49 4
v 50 4
v 51 4
v 52 4
v 53 4
v 54 4
v 55 4
v 56 4
v 57 4
v 58 4
v 59 4
v 60 4
v 61 4
v 62 4
v 63 4
v 64 4
v 65 4
v 66 4
v 67 4
v 68 4
v 69 4
v 70 4
v 71 4
v 72 4
v 73 4
v 74 4
v 75 4
v 76 4
v 77 4
v 78 4
v 79 4
v 80 4
v 81 4
v 82 4
v 83 4
v 84 4
v 85 4
v 86 4
v 87 4
v 88 4
v 89 4
v 90 4
v 91 4
v 92 4
v 93 4
v 94 4
v 95 4
v 96 4
v 97 4
v 98 4
v 99 4
v 100 4
v 101 4
v 102 4
v 103 4
e 1 17 2
e 2 22 2
e 3 24 2
e 4 25 2
e 5 35 2
e 6 12 1
e 6 15 1
e 6 22 1
e 7 16 1
e 7 17 1
e 7 18 1
e 8 21 1
e 8 25 1
e 8 29 1
e 9 24 1
e 9 31 1
e 9 73 1
e 10 26 1
e 10 35 1
e 10 75 1
e 11 32 1
e 11 40 1
e 11 41 1
e 12 13 1
e 12 17 1
e 12 47 1
e 13 14 1
e 13 48 1
e 13 49 1
e 14 15 1
e 14 50 1
e 14 51 1
e 15 52 1
e 15 53 1
e 16 19 1
e 16 24 1
e 16 54 1
e 18 20 1
e 18 55 1
e 18 56 1
e 19 20 1
e 19 57 1
e 19 58 1
e 20 59 1
e 20 60 1
e 21 22 1
e 21 23 1
e 21 61 1
e 23 27 1
e 23 28 1
e 23 62 1
e 25 26 1
e 26 30 1
e 26 63 1
e 27 64 1
e 27 65 1
e 27 66 1
e 28 67 1
e 28 68 1
e 28 69 1
e 29 70 1
e 29 71 1
e 29 72 1
e 30 33 1
e 30 34 1
e 30 74 1
e 31 37 1
e 31 76 1
e 31 77 1
e 32 35 1
e 32 36 1
e 32 78 1
e 33 79 1
e 33 80 1
e 33 81 1
e 34 82 1
e 34 83 1
e 34 84 1
e 36 38 1
e 36 39 1
e 36 85 1
e 37 42 2
e 37 43 1
e 38 86 1
e 38 87 1
e 38 88 1
e 39 89 1
e 39 90 1
e 39 91 1
e 40 92 1
e 40 93 1
e 40 94 1
e 41 95 1
e 41 96 1
e 41 97 1
e 42 44 1
e 42 98 1
e 43 45 2
e 43 99 1
e 44 46 2
e 44 100 1
e 45 46 1
e 45 101 1
e 46 102 1
t # 19712
v 0 27
v 1 11
v 2 1
v 3 2
v 4 2
v 5 2
v 6 2
v 7 3
v 8 3
v 9 3
v 10 3
v 11 3
v 12 3
v 13 3
v 14 3
v 15 3
v 16 4
v 17 4
v 18 4
v 19 4
v 20 4
v 21 4
v 22 4
v 23 4
v 24 4
v 25 4
v 26 4
v 27 4
v 28 4
e 1 12 1
e 1 15 1
e 2 11 2
e 3 7 1
e 3 9 1
e 3 20 1
e 4 6 1
e 4 9 1
e 4 10 1
e 5 8 1
e 5 9 2
e 6 11 1
e 6 21 1
e 7 8 1
e 7 16 1
e 7 17 1
e 8 18 1
e 8 19 1
e 10 22 1
e 10 23 1
e 10 24 1
e 11 12 1
e 12 13 2
e 13 14 1
e 13 25 1
e 14 15 2
e 14 26 1
e 15 27 1
t # 19713
v 0 27
v 1 11
v 2 1
v 3 2
v 4 2
v 5 2
v 6 2
v 7 3
v 8 3
v 9 3
v 10 3
v 11 3
v 12 3
v 13 3
v 14 3
v 15 3
v 16 3
v 17 4
v 18 4
v 19 4
v 20 4
v 21 4
v 22 4
v 23 4
v 24 4
v 25 4
v 26 4
v 27 4
v 28 4
v 29 4
v 30 4
v 31 4
e 1 13 1
e 1 16 1
e 2 12 2
e 3 8 1
e 3 10 1
e 3 23 1
e 4 6 1
e 4 10 1
e 4 11 1
e 5 9 1
e 5 10 2
e 6 12 1
e 6 24 1
e 7 8 1
e 7 9 1
e 7 17 1
e 7 18 1
e 8 19 1
e 8 20 1
e 9 21 1
e 9 22 1
e 11 25 1
e 11 26 1
e 11 27 1
e 12 13 1
e 13 14 2
e 14 15 1
e 14 28 1
e 15 16 2
e 15 29 1
e 16 30 1
t # 19714
v 0 27
v 1 11
v 2 1
v 3 2
v 4 2
v 5 2
v 6 2
v 7 3
v 8 3
v 9 3
v 10 3
v 11 3
v 12 3
v 13 3
v 14 3
v 15 3
v 16 3
v 17 3
v 18 4
v 19 4
v 20 4
v 21 4
v 22 4
v 23 4
v 24 4
v 25 4
v 26 4
v 27 4
v 28 4
v 29 4
v 30 4
v 31 4
v 32 4
v 33 4
v 34 4
e 1 14 1
e 1 17 1
e 2 13 2
e 3 9 1
e 3 11 1
e 3 26 1
e 4 10 1
e 4 11 2
e 5 6 1
e 5 11 1
e 5 12 1
e 6 13 1
e 6 30 1
e 7 8 1
e 7 9 1
e 7 18 1
e 7 19 1
e 8 10 1
e 8 20 1
e 8 21 1
e 9 22 1
e 9 23 1
e 10 24 1
e 10 25 1
e 12 27 1
e 12 28 1
e 12 29 1
e 13 14 1
e 14 15 2
e 15 16 1
e 15 31 1
e 16 17 2
e 16 32 1
e 17 33 1
t # 19715
v 0 27
v 1 12
v 2 1
v 3 2
v 4 2
v 5 2
v 6 2
v 7 3
v 8 3
v 9 3
v 10 3
v 11 3
v 12 3
v 13 3
v 14 3
v 15 3
v 16 3
v 17 3
v 18 3
v 19 3
v 20 4
v 21 4
v 22 4
v 23 4
v 24 4
v 25 4
v 26 4
v 27 4
v 28 4
v 29 4
v 30 4
v 31 4
v 32 4
v 33 4
v 34 4
v 35 4
v 36 4
v 37 4
e 1 19 1
e 2 13 2
e 3 9 1
e 3 11 1
e 3 28 1
e 4 10 1
e 4 11 2
e 5 6 1
e 5 11 1
e 5 12 1
e 6 13 1
e 6 29 1
e 7 8 1
e 7 9 1
e 7 20 1
e 7 21 1
e 8 10 1
e 8 22 1
e 8 23 1
e 9 24 1
e 9 25 1
e 10 26 1
e 10 27 1
e 12 30 1
e 12 31 1
e 12 32 1
e 13 14 1
e 14 15 2
e 14 16 1
e 15 17 1
e 15 33 1
e 16 18 2
e 16 34 1
e 17 19 2
e 17 35 1
e 18 19 1
e 18 36 1
t # 19716
v 0 27
v 1 12
v 2 1
v 3 2
v 4 2
v 5 2
v 6 2
v 7 2
v 8 3
v 9 3
v 10 3
v 11 3
v 12 3
v 13 3
v 14 3
v 15 3
v 16 3
v 17 3
v 18 3
v 19 3
v 20 4
v 21 4
v 22 4
v 23 4
v 24 4
v 25 4
v 26 4
v 27 4
v 28 4
v 29 4
v 30 4
v 31 4
v 32 4
v 33 4
v 34 4
v 35 4
v 36 4
e 1 19 1
e 2 13 2
e 3 10 1
e 3 12 1
e 3 28 1
e 4 11 1
e 4 12 2
e 5 6 1
e 5 12 1
e 5 29 1
e 6 13 1
e 6 30 1
e 7 13 1
e 7 14 1
e 7 31 1
e 8 9 1
e 8 10 1
e 8 20 1
e 8 21 1
e 9 11 1
e 9 22 1
e 9 23 1
e 10 24 1
e 10 25 1
e 11 26 1
e 11 27 1
e 14 15 2
e 14 16 1
e 15 17 1
e 15 32 1
e 16 18 2
e 16 33 1
e 17 19 2
e 17 34 1
e 18 19 1
e 18 35 1
t # 19717
v 0 27
v 1 1
v 2 2
v 3 2
v 4 2
v 5 2
v 6 2
v 7 3
v 8 3
v 9 3
v 10 3
v 11 3
v 12 3
v 13 3
v 14 3
v 15 3
v 16 3
v 17 3
v 18 4
v 19 4
v 20 4
v 21 4
v 22 4
v 23 4
v 24 4
v 25 4
v 26 4
v 27 4
v 28 4
v 29 4
v 30 4
v 31 4
v 32 4
v 33 4
e 1 12 2
e 2 8 1
e 2 10 1
e 2 24 1
e 3 9 1
e 3 10 2
e 4 5 1
e 4 10 1
e 4 25 1
e 5 12 1
e 5 26 1
e 6 11 1
e 6 12 1
e 6 27 1
e 7 8 1
e 7 9 1
e 7 18 1
e 7 19 1
e 8 20 1
e 8 21 1
e 9 22 1
e 9 23 1
e 11 13 2
e 11 14 1
e 13 15 1
e 13 28 1
e 14 16 2
e 14 29 1
e 15 17 2
e 15 30 1
e 16 17 1
e 16 31 1
e 17 32 1
t # 19718
v 0 12
v 1 1
v 2 1
v 3 2
v 4 2
v 5 2
v 6 3
v 7 3
v 8 3
v 9 3
v 10 3
v 11 3
v 12 3
v 13 3
v 14 3
v 15 4
v 16 4
v 17 4
v 18 4
v 19 4
v 20 4
e 0 13 1
e 1 14 1
e 1 20 1
e 2 14 2
e 3 7 1
e 4 8 1
e 4 18 1
e 4 19 1
e 5 10 1
e 6 7 2
e 6 8 1
e 6 9 1
e 7 11 1
e 8 10 2
e 9 12 2
e 9 15 1
e 10 14 1
e 11 13 2
e 11 16 1
e 12 13 1
e 12 17 1
t # 19719
v 0 14
v 1 1
v 2 2
v 3 2
v 4 2
v 5 2
v 6 3
v 7 3
v 8 3
v 9 3
v 10 3
v 11 3
v 12 3
v 13 3
v 14 3
v 15 4
v 16 4
v 17 4
v 18 4
v 19 4
v 20 4
v 21 4
e 1 14 2
e 2 3 1
e 2 8 2
e 3 9 2
e 4 7 1
e 4 18 1
e 4 19 1
e 5 14 1
e 5 20 1
e 5 21 1
e 6 7 2
e 6 8 1
e 6 10 1
e 7 9 1
e 8 11 1
e 9 14 1
e 10 12 2
e 10 15 1
e 11 13 2
e 12 13 1
e 12 16 1
e 13 17 1
t # 19720
v 0 14
v 1 1
v 2 2
v 3 2
v 4 2
v 5 2
v 6 3
v 7 3
v 8 3
v 9 3
v 10 3
v 11 3
v 12 3
v 13 3
v 14 3
v 15 4
v 16 4
v 17 4
v 18 4
v 19 4
v 20 4
v 21 4
e 1 14 2
e 2 8 1
e 3 10 1
e 4 7 1
e 4 18 1
e 4 19 1
e 5 14 1
e 5 20 1
e 5 21 1
e 6 7 1
e 6 8 2
e 6 9 1
e 7 10 2
e 8 11 1
e 9 12 2
e 9 15 1
e 10 14 1
e 11 13 2
e 11 16 1
e 12 13 1
e 12 17 1
t # 19721
v 0 1
v 1 1
v 2 2
v 3 2
v 4 2
v 5 2
v 6 2
v 7 3
v 8 3
v 9 3
v 10 3
v 11 3
v 12 3
v 13 3
v 14 3
v 15 3
v 16 3
v 17 3
v 18 3
v 19 3
v 20 3
v 21 3
v 22 3
v 23 3
v 24 3
v 25 3
v 26 3
v 27 3
v 28 3
v 29 3
v 30 3
v 31 4
v 32 4
v 33 4
v 34 4
v 35 4
v 36 4
v 37 4
v 38 4
v 39 4
v 40 4
v 41 4
v 42 4
v 43 4
v 44 4
v 45 4
v 46 4
v 47 4
v 48 4
v 49 4
v 50 4
v 51 4
v 52 4
v 53 4
v 54 4
v 55 4
v 56 4
v 57 4
e 0 15 2
e 1 19 2
e 2 7 1
e 2 8 1
e 2 11 1
e 3 9 1
e 3 10 1
e 3 13 1
e 4 12 1
e 4 15 1
e 4 17 1
e 5 16 1
e 5 17 1
e 5 19 1
e 6 17 2
e 6 21 1
e 7 9 1
e 7 31 1
e 7 32 1
e 8 10 1
e 8 33 1
e 8 34 1
e 9 35 1
e 9 36 1
e 10 37 1
e 10 38 1
e 11 15 1
e 11 39 1
e 11 40 1
e 12 14 1
e 12 41 1
e 12 42 1
e 13 18 1
e 13 43 1
e 13 44 1
e 14 16 1
e 14 45 1
e 14 46 1
e 16 47 1
e 16 48 1
e 18 22 2
e 18 23 1
e 19 20 1
e 20 21 1
e 20 24 2
e 21 25 2
e 22 26 1
e 22 49 1
e 23 27 2
e 23 50 1
e 24 28 1
e 24 51 1
e 25 29 1
e 25 52 1
e 26 30 2
e 26 53 1
e 27 30 1
e 27 54 1
e 28 29 2
e 28 55 1
e 29 56 1
e 30 57 1
t # 19722
v 0 1
v 1 1
v 2 2
v 3 2
v 4 2
v 5 2
v 6 2
v 7 2
v 8 3
v 9 3
v 10 3
v 11 3
v 12 3
v 13 3
v 14 3
v 15 3
v 16 3
v 17 3
v 18 3
v 19 3
v 20 3
v 21 3
v 22 3
v 23 3
v 24 3
v 25 3
v 26 3
v 27 3
v 28 3
v 29 3
v 30 4
v 31 4
v 32 4
v 33 4
v 34 4
v 35 4
v 36 4
v 37 4
v 38 4
v 39 4
v 40 4
v 41 4
v 42 4
v 43 4
v 44 4
v 45 4
v 46 4
v 47 4
v 48 4
v 49 4
v 50 4
v 51 4
v 52 4
v 53 4
e 0 16 2
e 1 19 2
e 2 8 1
e 2 9 1
e 2 12 1
e 3 10 1
e 3 11 1
e 3 18 1
e 4 13 1
e 4 16 1
e 4 17 1
e 5 15 1
e 5 17 1
e 5 19 1
e 6 17 2
e 6 21 1
e 7 18 1
e 7 28 2
e 8 10 1
e 8 30 1
e 8 31 1
e 9 11 1
e 9 32 1
e 9 33 1
e 10 34 1
e 10 35 1
e 11 36 1
e 11 37 1
e 12 16 1
e 12 38 1
e 12 39 1
e 13 14 1
e 13 40 1
e 13 41 1
e 14 15 1
e 14 42 1
e 14 43 1
e 15 44 1
e 15 45 1
e 18 22 2
e 19 20 1
e 20 21 1
e 20 23 2
e 21 24 2
e 22 25 1
e 22 46 1
e 23 26 1
e 23 47 1
e 24 27 1
e 24 48 1
e 25 29 2
e 25 49 1
e 26 27 2
e 26 50 1
e 27 51 1
e 28 29 1
e 28 52 1
e 29 53 1
t # 19723
v 0 1
v 1 1
v 2 2
v 3 2
v 4 2
v 5 2
v 6 2
v 7 3
v 8 3
v 9 3
v 10 3
v 11 3
v 12 3
v 13 3
v 14 3
v 15 3
v 16 3
v 17 3
v 18 3
v 19 3
v 20 3
v 21 3
v 22 3
v 23 3
v 24 3
v 25 4
v 26 4
v 27 4
v 28 4
v 29 4
v 30 4
v 31 4
v 32 4
v 33 4
v 34 4
v 35 4
v 36 4
v 37 4
v 38 4
v 39 4
v 40 4
v 41 4
v 42 4
v 43 4
v 44 4
v 45 4
v 46 4
v 47 4
e 0 15 2
e 1 18 2
e 2 7 1
e 2 8 1
e 2 11 1
e 3 9 1
e 3 10 1
e 3 17 1
e 4 12 1
e 4 15 1
e 4 16 1
e 5 14 1
e 5 16 1
e 5 18 1
e 6 16 2
e 6 20 1
e 7 9 1
e 7 25 1
e 7 26 1
e 8 10 1
e 8 27 1
e 8 28 1
e 9 29 1
e 9 30 1
e 10 31 1
e 10 32 1
e 11 15 1
e 11 33 1
e 11 34 1
e 12 13 1
e 12 35 1
e 12 36 1
e 13 14 1
e 13 37 1
e 13 38 1
e 14 39 1
e 14 40 1
e 17 41 1
e 17 42 1
e 17 43 1
e 18 19 1
e 19 20 1
e 19 21 2
e 20 22 2
e 21 23 1
e 21 44 1
e 22 24 1
e 22 45 1
e 23 24 2
e 23 46 1
e 24 47 1
t # 19724
v 0 11
v 1 1
v 2 1
v 3 1
v 4 2
v 5 2
v 6 2
v 7 3
v 8 3
v 9 3
v 10 3
v 11 3
v 12 3
v 13 3
v 14 3
v 15 3
v 16 3
v 17 3
v 18 3
v 19 3
v 20 3
v 21 3
v 22 3
v 23 4
v 24 4
v 25 4
v 26 4
v 27 4
v 28 4
v 29 4
v 30 4
v 31 4
v 32 4
v 33 4
v 34 4
v 35 4
v 36 4
v 37 4
v 38 4
v 39 4
v 40 4
v 41 4
v 42 4
v 43 4
e 0 8 1
e 0 9 1
e 1 15 1
e 1 16 1
e 2 10 2
e 3 12 2
e 4 7 1
e 4 8 1
e 4 12 1
e 5 6 1
e 5 13 1
e 5 14 1
e 6 10 1
e 6 27 1
e 7 9 1
e 7 10 1
e 7 23 1
e 8 11 1
e 8 24 1
e 9 25 1
e 9 26 1
e 11 17 2
e 11 18 1
e 12 19 1
e 13 15 1
e 13 28 1
e 13 29 1
e 14 16 1
e 14 30 1
e 14 31 1
e 15 32 1
e 15 33 1
e 16 34 1
e 16 35 1
e 17 20 1
e 17 36 1
e 18 21 2
e 18 37 1
e 19 38 1
e 19 39 1
e 19 40 1
e 20 22 2
e 20 41 1
e 21 22 1
e 21 42 1
e 22 43 1
t # 19725
v 0 11
v 1 1
v 2 1
v 3 2
v 4 2
v 5 3
v 6 3
v 7 3
v 8 3
v 9 3
v 10 3
v 11 3
v 12 3
v 13 3
v 14 3
v 15 3
v 16 3
v 17 3
v 18 3
v 19 3
v 20 3
v 21 3
v 22 3
v 23 4
v 24 4
v 25 4
v 26 4
v 27 4
v 28 4
v 29 4
v 30 4
v 31 4
v 32 4
v 33 4
v 34 4
v 35 4
v 36 4
v 37 4
v 38 4
v 39 4
v 40 4
v 41 4
v 42 4
v 43 4
v 44 4
v 45 4
v 46 4
e 0 12 1
e 0 14 1
e 1 13 2
e 2 16 2
e 3 5 1
e 3 13 1
e 3 35 1
e 4 11 1
e 4 12 1
e 4 16 1
e 5 6 1
e 5 7 1
e 5 23 1
e 6 8 1
e 6 24 1
e 6 25 1
e 7 9 1
e 7 26 1
e 7 27 1
e 8 10 1
e 8 28 1
e 8 29 1
e 9 10 1
e 9 30 1
e 9 31 1
e 10 32 1
e 10 33 1
e 11 13 1
e 11 14 1
e 11 34 1
e 12 15 1
e 12 36 1
e 14 37 1
e 14 38 1
e 15 17 2
e 15 18 1
e 16 19 1
e 17 20 1
e 17 39 1
e 18 21 2
e 18 40 1
e 19 41 1
e 19 42 1
e 19 43 1
e 20 22 2
e 20 44 1
e 21 22 1
e 21 45 1
e 22 46 1
t # 19726
v 0 11
v 1 1
v 2 1
v 3 1
v 4 1
v 5 1
v 6 2
v 7 2
v 8 2
v 9 3
v 10 3
v 11 3
v 12 3
v 13 3
v 14 3
v 15 3
v 16 3
v 17 3
v 18 3
v 19 3
v 20 3
v 21 3
v 22 3
v 23 3
v 24 3
v 25 3
v 26 3
v 27 3
v 28 3
v 29 3
v 30 4
v 31 4
v 32 4
v 33 4
v 34 4
v 35 4
v 36 4
v 37 4
v 38 4
v 39 4
v 40 4
v 41 4
v 42 4
v 43 4
v 44 4
v 45 4
v 46 4
v 47 4
v 48 4
v 49 4
v 50 4
v 51 4
v 52 4
e 0 10 1
e 0 11 1
e 1 13 2
e 2 14 2
e 3 21 1
e 3 22 1
e 4 21 2
e 5 28 1
e 5 29 1
e 6 9 1
e 6 10 1
e 6 14 1
e 7 8 1
e 7 13 1
e 7 39 1
e 8 21 1
e 8 43 1
e 9 11 1
e 9 13 1
e 9 30 1
e 10 12 1
e 10 31 1
e 11 32 1
e 11 33 1
e 12 15 2
e 12 16 1
e 14 17 1
e 15 18 1
e 15 34 1
e 16 19 2
e 16 35 1
e 17 36 1
e 17 37 1
e 17 38 1
e 18 20 2
e 18 40 1
e 19 20 1
e 19 41 1
e 20 42 1
e 22 23 1
e 22 44 1
e 22 45 1
e 23 24 2
e 23 25 1
e 24 26 1
e 24 46 1
e 25 27 2
e 25 47 1
e 26 28 2
e 26 48 1
e 27 28 1
e 27 49 1
e 29 50 1
e 29 51 1
e 29 52 1
t # 19727
v 0 11
v 1 1
v 2 1
v 3 1
v 4 1
v 5 2
v 6 2
v 7 2
v 8 3
v 9 3
v 10 3
v 11 3
v 12 3
v 13 3
v 14 3
v 15 3
v 16 3
v 17 3
v 18 3
v 19 3
v 20 3
v 21 3
v 22 3
v 23 4
v 24 4
v 25 4
v 26 4
v 27 4
v 28 4
v 29 4
v 30 4
v 31 4
v 32 4
v 33 4
v 34 4
v 35 4
v 36 4
v 37 4
v 38 4
v 39 4
v 40 4
v 41 4
e 0 9 1
e 0 10 1
e 1 12 2
e 2 13 2
e 3 20 1
e 3 21 1
e 4 20 2
e 5 8 1
e 5 9 1
e 5 13 1
e 6 7 1
e 6 12 1
e 6 32 1
e 7 20 1
e 7 36 1
e 8 10 1
e 8 12 1
e 8 23 1
e 9 11 1
e 9 24 1
e 10 25 1
e 10 26 1
e 11 14 2
e 11 15 1
e 13 16 1
e 14 17 1
e 14 27 1
e 15 18 2
e 15 28 1
e 16 29 1
e 16 30 1
e 16 31 1
e 17 19 2
e 17 33 1
e 18 19 1
e 18 34 1
e 19 35 1
e 21 22 1
e 21 37 1
e 21 38 1
e 22 39 1
e 22 40 1
e 22 41 1
t # 19728
v 0 1
v 1 1
v 2 2
v 3 2
v 4 3
v 5 3
v 6 3
v 7 3
v 8 3
v 9 3
v 10 3
v 11 3
v 12 3
v 13 3
v 14 3
v 15 3
v 16 3
v 17 3
v 18 3
v 19 3
v 20 3
v 21 3
v 22 3
v 23 3
v 24 4
v 25 4
v 26 4
v 27 4
v 28 4
v 29 4
v 30 4
v 31 4
v 32 4
v 33 4
v 34 4
v 35 4
v 36 4
v 37 4
v 38 4
v 39 4
v 40 4
v 41 4
v 42 4
v 43 4
e 0 11 1
e 0 12 1
e 1 9 2
e 2 4 1
e 2 7 1
e 2 8 1
e 3 5 1
e 3 6 1
e 3 9 1
e 4 9 1
e 4 24 1
e 4 25 1
e 5 11 1
e 5 26 1
e 5 27 1
e 6 12 1
e 6 28 1
e 6 29 1
e 7 10 1
e 7 15 2
e 8 13 2
e 8 14 1
e 10 13 1
e 10 16 2
e 11 30 1
e 11 31 1
e 12 32 1
e 12 33 1
e 13 34 1
e 14 19 2
e 14 20 1
e 15 17 1
e 15 35 1
e 16 18 1
e 16 36 1
e 17 18 2
e 17 37 1
e 18 38 1
e 19 21 1
e 19 39 1
e 20 22 2
e 20 40 1
e 21 23 2
e 21 41 1
e 22 23 1
e 22 42 1
e 23 43 1
t # 19729
v 0 1
v 1 2
v 2 2
v 3 3
v 4 3
v 5 3
v 6 3
v 7 3
v 8 3
v 9 3
v 10 3
v 11 3
v 12 3
v 13 3
v 14 3
v 15 3
v 16 3
v 17 3
v 18 3
v 19 3
v 20 3
v 21 3
v 22 3
v 23 4
v 24 4
v 25 4
v 26 4
v 27 4
v 28 4
v 29 4
v 30 4
v 31 4
v 32 4
v 33 4
v 34 4
v 35 4
v 36 4
v 37 4
v 38 4
v 39 4
v 40 4
v 41 4
v 42 4
e 0 7 2
e 1 3 1
e 1 4 1
e 1 7 1
e 2 8 1
e 2 9 1
e 2 10 1
e 3 5 1
e 3 23 1
e 3 24 1
e 4 6 1
e 4 25 1
e 4 26 1
e 5 6 1
e 5 27 1
e 5 28 1
e 6 29 1
e 6 30 1
e 7 8 1
e 8 31 1
e 8 32 1
e 9 11 1
e 9 14 2
e 10 12 2
e 10 13 1
e 11 12 1
e 11 15 2
e 12 33 1
e 13 18 2
e 13 19 1
e 14 16 1
e 14 34 1
e 15 17 1
e 15 35 1
e 16 17 2
e 16 36 1
e 17 37 1
e 18 20 1
e 18 38 1
e 19 21 2
e 19 39 1
e 20 22 2
e 20 40 1
e 21 22 1
e 21 41 1
e 22 42 1
t # 19730
v 0 1
v 1 2
v 2 2
v 3 3
v 4 3
v 5 3
v 6 3
v 7 3
v 8 3
v 9 3
v 10 3
v 11 3
v 12 3
v 13 3
v 14 3
v 15 3
v 16 3
v 17 3
v 18 3
v 19 3
v 20 3
v 21 3
v 22 3
v 23 4
v 24 4
v 25 4
v 26 4
v 27 4
v 28 4
v 29 4
v 30 4
v 31 4
v 32 4
v 33 4
v 34 4
v 35 4
v 36 4
v 37 4
v 38 4
v 39 4
v 40 4
v 41 4
v 42 4
v 43 4
v 44 4
e 0 8 2
e 1 3 1
e 1 4 1
e 1 5 1
e 2 8 1
e 2 12 1
e 2 13 1
e 3 6 1
e 3 10 2
e 4 7 2
e 4 9 1
e 5 8 1
e 5 23 1
e 5 24 1
e 6 7 1
e 6 11 2
e 7 25 1
e 9 16 2
e 9 17 1
e 10 14 1
e 10 26 1
e 11 15 1
e 11 27 1
e 12 18 1
e 12 28 1
e 12 29 1
e 13 19 1
e 13 30 1
e 13 31 1
e 14 15 2
e 14 32 1
e 15 33 1
e 16 20 1
e 16 34 1
e 17 21 2
e 17 35 1
e 18 36 1
e 18 37 1
e 18 38 1
e 19 39 1
e 19 40 1
e 19 41 1
e 20 22 2
e 20 42 1
e 21 22 1
e 21 43 1
e 22 44 1
t # 19731
v 0 1
v 1 2
v 2 2
v 3 3
v 4 3
v 5 3
v 6 3
v 7 3
v 8 3
v 9 3
v 10 3
v 11 3
v 12 3
v 13 3
v 14 3
v 15 3
v 16 3
v 17 3
v 18 3
v 19 3
v 20 3
v 21 3
v 22 3
v 23 4
v 24 4
v 25 4
v 26 4
v 27 4
v 28 4
v 29 4
v 30 4
v 31 4
v 32 4
v 33 4
v 34 4
v 35 4
v 36 4
v 37 4
v 38 4
v 39 4
v 40 4
v 41 4
v 42 4
v 43 4
v 44 4
e 0 11 2
e 1 3 1
e 1 4 1
e 1 5 1
e 2 9 1
e 2 11 1
e 2 30 1
e 3 6 1
e 3 12 2
e 4 7 2
e 4 10 1
e 5 11 1
e 5 23 1
e 5 24 1
e 6 7 1
e 6 13 2
e 7 25 1
e 8 9 1
e 8 14 1
e 8 15 1
e 8 26 1
e 9 27 1
e 9 28 1
e 10 18 2
e 10 19 1
e 12 16 1
e 12 29 1
e 13 17 1
e 13 31 1
e 14 32 1
e 14 33 1
e 14 34 1
e 15 35 1
e 15 36 1
e 15 37 1
e 16 17 2
e 16 38 1
e 17 39 1
e 18 20 1
e 18 40 1
e 19 21 2
e 19 41 1
e 20 22 2
e 20 42 1
e 21 22 1
e 21 43 1
e 22 44 1
t # 19732
v 0 1
v 1 2
v 2 2
v 3 3
v 4 3
v 5 3
v 6 3
v 7 3
v 8 3
v 9 3
v 10 3
v 11 3
v 12 3
v 13 3
v 14 3
v 15 3
v 16 3
v 17 3
v 18 3
v 19 3
v 20 3
v 21 3
v 22 4
v 23 4
v 24 4
v 25 4
v 26 4
v 27 4
v 28 4
v 29 4
v 30 4
v 31 4
v 32 4
v 33 4
v 34 4
v 35 4
v 36 4
v 37 4
v 38 4
v 39 4
v 40 4
v 41 4
e 0 11 2
e 1 3 1
e 1 4 1
e 1 6 1
e 2 11 1
e 2 14 1
e 2 29 1
e 3 5 1
e 3 9 2
e 4 7 2
e 4 8 1
e 5 7 1
e 5 10 2
e 6 11 1
e 6 22 1
e 6 23 1
e 7 24 1
e 8 15 2
e 8 16 1
e 9 12 1
e 9 25 1
e 10 13 1
e 10 26 1
e 12 13 2
e 12 27 1
e 13 28 1
e 14 17 1
e 14 30 1
e 14 31 1
e 15 18 1
e 15 32 1
e 16 19 2
e 16 33 1
e 17 21 1
e 17 34 1
e 17 35 1
e 18 20 2
e 18 36 1
e 19 20 1
e 19 37 1
e 20 38 1
e 21 39 1
e 21 40 1
e 21 41 1
t # 19733
v 0 1
v 1 2
v 2 2
v 3 3
v 4 3
v 5 3
v 6 3
v 7 3
v 8 3
v 9 3
v 10 3
v 11 3
v 12 3
v 13 3
v 14 3
v 15 3
v 16 3
v 17 3
v 18 4
v 19 4
v 20 4
v 21 4
v 22 4
v 23 4
v 24 4
v 25 4
v 26 4
v 27 4
v 28 4
v 29 4
v 30 4
v 31 4
v 32 4
v 33 4
v 34 4
v 35 4
e 0 7 2
e 1 5 1
e 1 6 1
e 1 7 1
e 2 8 1
e 2 9 1
e 2 10 1
e 3 4 1
e 3 5 1
e 3 22 1
e 3 23 1
e 4 6 1
e 4 24 1
e 4 25 1
e 5 18 1
e 5 19 1
e 6 20 1
e 6 21 1
e 7 8 1
e 8 26 1
e 8 27 1
e 9 11 1
e 9 13 2
e 10 12 2
e 10 14 1
e 11 12 1
e 11 15 2
e 12 28 1
e 13 16 1
e 13 29 1
e 14 30 1
e 14 31 1
e 14 32 1
e 15 17 1
e 15 33 1
e 16 17 2
e 16 34 1
e 17 35 1
t # 19734
v 0 1
v 1 2
v 2 2
v 3 3
v 4 3
v 5 3
v 6 3
v 7 3
v 8 3
v 9 3
v 10 3
v 11 3
v 12 3
v 13 3
v 14 3
v 15 3
v 16 3
v 17 3
v 18 4
v 19 4
v 20 4
v 21 4
v 22 4
v 23 4
v 24 4
v 25 4
v 26 4
v 27 4
v 28 4
v 29 4
v 30 4
v 31 4
v 32 4
v 33 4
v 34 4
v 35 4
v 36 4
v 37 4
e 0 8 2
e 1 3 1
e 1 4 1
e 1 5 1
e 2 8 1
e 2 9 1
e 2 10 1
e 3 8 1
e 3 18 1
e 3 19 1
e 4 6 1
e 4 11 2
e 5 7 2
e 5 12 1
e 6 7 1
e 6 13 2
e 7 20 1
e 9 16 1
e 9 21 1
e 9 22 1
e 10 17 1
e 10 23 1
e 10 24 1
e 11 14 1
e 11 25 1
e 12 26 1
e 12 27 1
e 12 28 1
e 13 15 1
e 13 29 1
e 14 15 2
e 14 30 1
e 15 31 1
e 16 32 1
e 16 33 1
e 16 34 1
e 17 35 1
e 17 36 1
e 17 37 1
t # 19735
v 0 1
v 1 2
v 2 2
v 3 3
v 4 3
v 5 3
v 6 3
v 7 3
v 8 3
v 9 3
v 10 3
v 11 3
v 12 3
v 13 3
v 14 3
v 15 3
v 16 3
v 17 3
v 18 4
v 19 4
v 20 4
v 21 4
v 22 4
v 23 4
v 24 4
v 25 4
v 26 4
v 27 4
v 28 4
v 29 4
v 30 4
v 31 4
v 32 4
v 33 4
v 34 4
v 35 4
v 36 4
v 37 4
e 0 10 2
e 1 3 1
e 1 4 1
e 1 6 1
e 2 8 1
e 2 10 1
e 2 24 1
e 3 7 1
e 3 11 2
e 4 10 1
e 4 19 1
e 4 20 1
e 5 8 1
e 5 12 1
e 5 13 1
e 5 18 1
e 6 9 2
e 6 14 1
e 7 9 1
e 7 15 2
e 8 21 1
e 8 22 1
e 9 23 1
e 11 16 1
e 11 25 1
e 12 26 1
e 12 27 1
e 12 28 1
e 13 29 1
e 13 30 1
e 13 31 1
e 14 32 1
e 14 33 1
e 14 34 1
e 15 17 1
e 15 35 1
e 16 17 2
e 16 36 1
e 17 37 1
t # 19736
v 0 1
v 1 2
v 2 2
v 3 3
v 4 3
v 5 3
v 6 3
v 7 3
v 8 3
v 9 3
v 10 3
v 11 3
v 12 3
v 13 3
v 14 3
v 15 3
v 16 3
v 17 4
v 18 4
v 19 4
v 20 4
v 21 4
v 22 4
v 23 4
v 24 4
v 25 4
v 26 4
v 27 4
v 28 4
v 29 4
v 30 4
v 31 4
v 32 4
v 33 4
v 34 4
e 0 9 2
e 1 3 1
e 1 4 1
e 1 6 1
e 2 9 1
e 2 12 1
e 2 27 1
e 3 5 1
e 3 8 2
e 4 7 2
e 4 10 1
e 5 7 1
e 5 11 2
e 6 9 1
e 6 17 1
e 6 18 1
e 7 19 1
e 8 13 1
e 8 20 1
e 10 21 1
e 10 22 1
e 10 23 1
e 11 15 1
e 11 24 1
e 12 14 1
e 12 25 1
e 12 26 1
e 13 15 2
e 13 30 1
e 14 16 1
e 14 28 1
e 14 29 1
e 15 31 1
e 16 32 1
e 16 33 1
e 16 34 1
t # 19737
v 0 12
v 1 12
v 2 1
v 3 1
v 4 1
v 5 2
v 6 3
v 7 3
v 8 3
v 9 3
v 10 3
v 11 3
v 12 3
v 13 3
v 14 3
v 15 3
v 16 3
v 17 3
v 18 3
v 19 3
v 20 4
v 21 4
v 22 4
v 23 4
v 24 4
v 25 4
v 26 4
v 27 4
v 28 4
v 29 4
v 30 4
v 31 4
v 32 4
v 33 4
v 34 4
v 35 4
v 36 4
v 37 4
v 38 4
e 0 16 1
e 1 19 1
e 2 18 1
e 3 17 1
e 3 38 1
e 4 17 2
e 5 9 1
e 5 15 1
e 6 7 1
e 6 8 1
e 6 20 1
e 6 21 1
e 7 10 2
e 7 11 1
e 8 12 1
e 8 22 1
e 8 23 1
e 9 13 2
e 9 14 1
e 10 13 1
e 10 24 1
e 11 14 2
e 11 25 1
e 12 17 1
e 12 26 1
e 12 27 1
e 13 28 1
e 14 29 1
e 15 16 1
e 15 30 1
e 15 31 1
e 16 32 1
e 16 33 1
e 18 19 1
e 18 34 1
e 18 35 1
e 19 36 1
e 19 37 1
t # 19738
v 0 12
v 1 12
v 2 1
v 3 1
v 4 2
v 5 2
v 6 2
v 7 2
v 8 3
v 9 3
v 10 3
v 11 3
v 12 3
v 13 3
v 14 3
v 15 3
v 16 3
v 17 4
v 18 4
v 19 4
v 20 4
v 21 4
v 22 4
v 23 4
v 24 4
v 25 4
v 26 4
v 27 4
v 28 4
v 29 4
v 30 4
v 31 4
v 32 4
e 0 14 1
e 4 9 1
e 4 11 1
e 4 12 1
e 5 10 1
e 5 13 1
e 5 15 1
e 6 13 2
e 6 16 1
e 7 13 1
e 8 9 1
e 8 10 1
e 8 17 1
e 8 18 1
e 9 19 1
e 9 20 1
e 10 21 1
e 10 22 1
e 11 14 1
e 11 23 1
e 11 24 1
e 12 25 1
e 12 26 1
e 12 27 1
e 14 28 1
e 14 29 1
e 15 16 2
e 15 30 1
e 16 31 1
t # 19739
v 0 12
v 1 1
v 2 1
v 3 1
v 4 1
v 5 2
v 6 2
v 7 2
v 8 3
v 9 3
v 10 3
v 11 3
v 12 3
v 13 3
v 14 3
v 15 3
v 16 3
v 17 3
v 18 3
v 19 3
v 20 3
v 21 4
v 22 4
v 23 4
v 24 4
v 25 4
v 26 4
v 27 4
v 28 4
v 29 4
v 30 4
v 31 4
v 32 4
v 33 4
v 34 4
v 35 4
v 36 4
e 1 12 1
e 1 34 1
e 2 16 1
e 2 35 1
e 5 9 1
e 5 10 1
e 5 24 1
e 6 11 1
e 6 19 2
e 7 13 1
e 8 9 1
e 8 11 1
e 8 13 2
e 9 15 2
e 10 12 1
e 10 21 1
e 10 22 1
e 11 14 2
e 12 16 1
e 12 23 1
e 13 17 1
e 14 18 1
e 14 20 1
e 15 19 1
e 15 25 1
e 16 26 1
e 16 27 1
e 17 18 2
e 17 28 1
e 18 29 1
e 19 30 1
e 20 31 1
e 20 32 1
e 20 33 1
t # 19740
v 0 11
v 1 1
v 2 1
v 3 2
v 4 3
v 5 3
v 6 3
v 7 3
v 8 3
v 9 3
v 10 3
v 11 3
v 12 3
v 13 3
v 14 3
v 15 3
v 16 3
v 17 3
v 18 3
v 19 3
v 20 3
v 21 4
v 22 4
v 23 4
v 24 4
v 25 4
v 26 4
v 27 4
v 28 4
v 29 4
v 30 4
v 31 4
v 32 4
v 33 4
v 34 4
v 35 4
v 36 4
v 37 4
v 38 4
v 39 4
e 0 5 1
e 0 11 1
e 4 1 1
e 1 27 1
e 2 8 2
e 3 8 1
e 3 30 1
e 3 31 1
e 4 5 1
e 4 6 1
e 4 8 1
e 5 7 1
e 5 21 1
e 6 9 2
e 6 10 1
e 7 22 1
e 7 23 1
e 7 24 1
e 9 12 1
e 9 25 1
e 10 13 2
e 10 26 1
e 11 15 2
e 11 16 1
e 12 14 2
e 12 28 1
e 13 14 1
e 13 29 1
e 14 32 1
e 15 18 1
e 15 33 1
e 16 19 2
e 16 34 1
e 17 18 2
e 17 19 1
e 17 20 1
e 18 35 1
e 19 36 1
e 20 37 1
e 20 38 1
e 20 39 1
t # 19741
v 0 8
v 1 1
v 2 1
v 3 1
v 4 1
v 5 1
v 6 2
v 7 2
v 8 3
v 9 3
v 10 3
v 11 3
v 12 3
v 13 3
v 14 3
v 15 3
v 16 3
v 17 3
v 18 3
v 19 3
v 20 3
v 21 3
v 22 3
v 23 3
v 24 3
v 25 3
v 26 3
v 27 4
v 28 4
v 29 4
v 30 4
v 31 4
v 32 4
v 33 4
v 34 4
v 35 4
v 36 4
v 37 4
v 38 4
v 39 4
v 40 4
v 41 4
v 42 4
v 43 4
v 44 4
v 45 4
v 46 4
v 47 4
v 48 4
v 49 4
v 50 4
v 51 4
v 52 4
v 53 4
v 54 4
v 55 4
v 56 4
v 57 4
v 58 4
v 59 4
v 60 4
v 61 4
v 62 4
v 63 4
v 64 4
v 65 4
v 66 4
v 67 4
v 68 4
v 69 4
e 1 24 1
e 2 62 1
e 4 26 1
e 4 66 1
e 5 26 2
e 6 25 1
e 6 64 1
e 6 65 1
e 7 67 1
e 7 68 1
e 7 69 1
e 8 9 1
e 8 10 1
e 8 27 1
e 8 28 1
e 9 11 1
e 9 29 1
e 9 30 1
e 10 12 1
e 10 31 1
e 10 32 1
e 11 13 1
e 11 33 1
e 11 34 1
e 12 14 1
e 12 35 1
e 12 36 1
e 13 15 1
e 13 37 1
e 13 38 1
e 14 16 1
e 14 39 1
e 14 40 1
e 15 17 1
e 15 41 1
e 15 42 1
e 16 18 1
e 16 43 1
e 16 44 1
e 17 19 1
e 17 45 1
e 17 46 1
e 18 20 1
e 18 47 1
e 18 48 1
e 19 21 1
e 19 49 1
e 19 50 1
e 20 51 1
e 20 52 1
e 21 22 1
e 21 53 1
e 21 54 1
e 22 23 1
e 22 55 1
e 22 56 1
e 23 57 1
e 23 58 1
e 23 59 1
e 24 25 1
e 24 60 1
e 24 61 1
e 25 26 1
e 25 63 1
t # 19742
v 0 1
v 1 1
v 2 3
v 3 3
v 4 3
v 5 3
v 6 3
v 7 3
v 8 3
v 9 3
v 10 3
v 11 3
v 12 3
v 13 3
v 14 3
v 15 3
v 16 3
v 17 3
v 18 3
v 19 3
v 20 3
v 21 3
v 22 3
v 23 3
v 24 4
v 25 4
v 26 4
v 27 4
v 28 4
v 29 4
v 30 4
v 31 4
v 32 4
v 33 4
v 34 4
v 35 4
v 36 4
v 37 4
v 38 4
v 39 4
v 40 4
v 41 4
v 42 4
v 43 4
v 44 4
v 45 4
v 46 4
v 47 4
v 48 4
v 49 4
v 50 4
v 51 4
v 52 4
v 53 4
e 6 0 1
e 0 43 1
e 1 19 1
e 1 47 1
e 2 3 1
e 2 6 1
e 2 7 1
e 2 12 1
e 3 4 1
e 3 8 1
e 3 24 1
e 4 5 1
e 4 11 1
e 4 25 1
e 5 9 1
e 5 13 1
e 5 26 1
e 6 10 1
e 6 27 1
e 7 9 1
e 7 28 1
e 7 29 1
e 8 10 1
e 8 30 1
e 8 31 1
e 9 32 1
e 9 33 1
e 10 34 1
e 10 35 1
e 11 14 1
e 11 36 1
e 11 37 1
e 12 38 1
e 12 39 1
e 12 40 1
e 13 15 1
e 13 16 2
e 14 15 1
e 14 41 1
e 14 42 1
e 15 17 2
e 16 18 1
e 16 44 1
e 17 19 1
e 17 45 1
e 18 19 2
e 18 20 1
e 20 21 2
e 20 46 1
e 21 22 1
e 21 23 1
e 22 48 1
e 22 49 1
e 22 50 1
e 23 51 1
e 23 52 1
e 23 53 1
t # 19743
v 0 1
v 1 1
v 2 3
v 3 3
v 4 3
v 5 3
v 6 3
v 7 3
v 8 3
v 9 3
v 10 3
v 11 3
v 12 3
v 13 3
v 14 3
v 15 3
v 16 3
v 17 3
v 18 3
v 19 3
v 20 3
v 21 3
v 22 3
v 23 3
v 24 3
v 25 4
v 26 4
v 27 4
v 28 4
v 29 4
v 30 4
v 31 4
v 32 4
v 33 4
v 34 4
v 35 4
v 36 4
v 37 4
v 38 4
v 39 4
v 40 4
v 41 4
v 42 4
v 43 4
v 44 4
v 45 4
v 46 4
v 47 4
v 48 4
v 49 4
v 50 4
v 51 4
v 52 4
v 53 4
v 54 4
v 55 4
v 56 4
v 57 4
v 58 4
e 6 0 1
e 0 44 1
e 1 19 1
e 1 51 1
e 2 3 1
e 2 6 1
e 2 7 1
e 2 12 1
e 3 4 1
e 3 8 1
e 3 25 1
e 4 5 1
e 4 11 1
e 4 26 1
e 5 9 1
e 5 13 1
e 5 27 1
e 6 10 1
e 6 28 1
e 7 9 1
e 7 29 1
e 7 30 1
e 8 10 1
e 8 31 1
e 8 32 1
e 9 33 1
e 9 34 1
e 10 35 1
e 10 36 1
e 11 14 1
e 11 37 1
e 11 38 1
e 12 39 1
e 12 40 1
e 12 41 1
e 13 15 1
e 13 16 2
e 14 15 1
e 14 42 1
e 14 43 1
e 15 17 2
e 16 18 1
e 16 45 1
e 17 19 1
e 17 46 1
e 18 19 2
e 18 20 1
e 20 21 1
e 20 47 1
e 20 48 1
e 21 22 1
e 21 49 1
e 21 50 1
e 22 23 1
e 22 52 1
e 22 53 1
e 23 24 1
e 23 54 1
e 23 55 1
e 24 56 1
e 24 57 1
e 24 58 1
t # 19744
v 0 11
v 1 1
v 2 1
v 3 1
v 4 1
v 5 1
v 6 1
v 7 1
v 8 1
v 9 1
v 10 2
v 11 2
v 12 3
v 13 3
v 14 3
v 15 3
v 16 3
v 17 3
v 18 3
v 19 3
v 20 3
v 21 3
v 22 3
v 23 3
v 24 3
v 25 3
v 26 3
v 27 3
v 28 3
v 29 3
v 30 3
v 31 3
v 32 3
v 33 3
v 34 3
v 35 3
v 36 4
v 37 4
v 38 4
v 39 4
v 40 4
v 41 4
v 42 4
v 43 4
v 44 4
v 45 4
v 46 4
v 47 4
v 48 4
v 49 4
v 50 4
v 51 4
v 52 4
v 53 4
v 54 4
v 55 4
v 56 4
v 57 4
v 58 4
v 59 4
v 60 4
v 61 4
v 62 4
v 63 4
e 0 18 1
e 0 25 1
e 1 15 1
e 1 16 1
e 2 12 1
e 2 19 1
e 3 14 1
e 3 20 1
e 4 16 1
e 4 21 1
e 5 17 1
e 5 24 1
e 6 19 2
e 7 20 2
e 8 21 2
e 9 24 2
e 10 13 1
e 10 18 1
e 10 43 1
e 11 18 2
e 11 27 1
e 12 13 1
e 12 14 1
e 12 36 1
e 13 16 1
e 13 37 1
e 14 15 1
e 14 38 1
e 15 17 1
e 15 39 1
e 16 40 1
e 17 41 1
e 17 42 1
e 19 22 1
e 20 23 1
e 21 26 1
e 22 44 1
e 22 45 1
e 22 46 1
e 23 47 1
e 23 48 1
e 23 49 1
e 24 29 1
e 25 27 2
e 25 28 1
e 26 50 1
e 26 51 1
e 26 52 1
e 27 53 1
e 28 30 2
e 28 31 1
e 29 54 1
e 29 55 1
e 29 56 1
e 30 32 1
e 30 57 1
e 31 33 2
e 31 58 1
e 32 34 2
e 32 59 1
e 33 34 1
e 33 60 1
e 34 35 1
e 35 61 1
e 35 62 1
e 35 63 1
t # 19745
v 0 11
v 1 1
v 2 1
v 3 1
v 4 1
v 5 1
v 6 1
v 7 1
v 8 1
v 9 1
v 10 2
v 11 2
v 12 3
v 13 3
v 14 3
v 15 3
v 16 3
v 17 3
v 18 3
v 19 3
v 20 3
v 21 3
v 22 3
v 23 3
v 24 3
v 25 3
v 26 3
v 27 3
v 28 3
v 29 3
v 30 3
v 31 3
v 32 3
v 33 3
v 34 3
v 35 3
v 36 3
v 37 3
v 38 3
v 39 3
v 40 3
v 41 3
v 42 3
v 43 3
v 44 3
v 45 3
v 46 3
v 47 3
v 48 3
v 49 3
v 50 3
v 51 3
v 52 3
v 53 3
v 54 3
v 55 3
v 56 4
v 57 4
v 58 4
v 59 4
v 60 4
v 61 4
v 62 4
v 63 4
v 64 4
v 65 4
v 66 4
v 67 4
v 68 4
v 69 4
v 70 4
v 71 4
v 72 4
v 73 4
v 74 4
v 75 4
v 76 4
v 77 4
v 78 4
v 79 4
v 80 4
v 81 4
v 82 4
v 83 4
v 84 4
v 85 4
v 86 4
v 87 4
v 88 4
v 89 4
v 90 4
v 91 4
e 0 18 1
e 0 26 1
e 1 15 1
e 1 16 1
e 2 12 1
e 2 19 1
e 3 13 1
e 3 20 1
e 4 14 1
e 4 21 1
e 5 17 1
e 5 25 1
e 6 19 2
e 7 20 2
e 8 21 2
e 9 25 2
e 10 16 1
e 10 18 1
e 10 63 1
e 11 18 2
e 11 27 1
e 12 13 1
e 12 14 1
e 12 56 1
e 13 15 1
e 13 57 1
e 14 16 1
e 14 58 1
e 15 17 1
e 15 59 1
e 16 60 1
e 17 61 1
e 17 62 1
e 19 22 1
e 20 23 1
e 21 24 1
e 22 29 2
e 22 30 1
e 23 31 2
e 23 32 1
e 24 33 2
e 24 34 1
e 25 28 1
e 26 27 2
e 26 35 1
e 27 64 1
e 28 42 2
e 28 43 1
e 29 36 1
e 29 65 1
e 30 37 2
e 30 66 1
e 31 38 1
e 31 67 1
e 32 39 2
e 32 68 1
e 33 40 1
e 33 69 1
e 34 41 2
e 34 70 1
e 35 47 2
e 35 48 1
e 36 44 2
e 36 71 1
e 37 44 1
e 37 72 1
e 38 45 2
e 38 73 1
e 39 45 1
e 39 74 1
e 40 46 2
e 40 75 1
e 41 46 1
e 41 76 1
e 42 49 1
e 42 77 1
e 43 50 2
e 43 78 1
e 44 79 1
e 45 80 1
e 46 81 1
e 47 51 1
e 47 82 1
e 48 52 2
e 48 83 1
e 49 53 2
e 49 84 1
e 50 53 1
e 50 85 1
e 51 54 2
e 51 86 1
e 52 54 1
e 52 87 1
e 53 88 1
e 54 55 1
e 55 89 1
e 55 90 1
e 55 91 1
t # 19746
v 0 18
v 1 11
v 2 1
v 3 1
v 4 1
v 5 1
v 6 1
v 7 1
v 8 1
v 9 1
v 10 1
v 11 2
v 12 2
v 13 3
v 14 3
v 15 3
v 16 3
v 17 3
v 18 3
v 19 3
v 20 3
v 21 3
v 22 3
v 23 3
v 24 3
v 25 3
v 26 3
v 27 3
v 28 3
v 29 3
v 30 3
v 31 3
v 32 3
v 33 3
v 34 3
v 35 3
v 36 3
v 37 3
v 38 3
v 39 3
v 40 3
v 41 3
v 42 3
v 43 3
v 44 3
v 45 3
v 46 3
v 47 3
v 48 3
v 49 3
v 50 3
v 51 4
v 52 4
v 53 4
v 54 4
v 55 4
v 56 4
v 57 4
v 58 4
v 59 4
v 60 4
v 61 4
v 62 4
v 63 4
v 64 4
v 65 4
v 66 4
v 67 4
v 68 4
v 69 4
v 70 4
v 71 4
v 72 4
v 73 4
v 74 4
v 75 4
v 76 4
v 77 4
v 78 4
v 79 4
v 80 4
v 81 4
e 1 19 1
e 1 27 1
e 2 16 1
e 2 17 1
e 3 13 1
e 3 20 1
e 4 14 1
e 4 21 1
e 5 15 1
e 5 22 1
e 6 18 1
e 6 25 1
e 7 20 2
e 8 21 2
e 9 22 2
e 10 25 2
e 11 17 1
e 11 19 1
e 11 58 1
e 12 19 2
e 12 28 1
e 13 14 1
e 13 15 1
e 13 51 1
e 14 16 1
e 14 52 1
e 15 17 1
e 15 53 1
e 16 18 1
e 16 54 1
e 17 55 1
e 18 56 1
e 18 57 1
e 20 23 1
e 21 26 1
e 22 24 1
e 23 30 2
e 23 31 1
e 24 32 2
e 24 33 1
e 25 29 1
e 26 59 1
e 26 60 1
e 26 61 1
e 27 28 2
e 27 34 1
e 28 62 1
e 29 39 2
e 29 40 1
e 30 35 1
e 30 63 1
e 31 36 2
e 31 64 1
e 32 37 1
e 32 65 1
e 33 38 2
e 33 66 1
e 34 43 2
e 34 44 1
e 35 41 2
e 35 67 1
e 36 41 1
e 36 68 1
e 37 42 2
e 37 69 1
e 38 42 1
e 38 70 1
e 39 45 1
e 39 71 1
e 40 46 2
e 40 72 1
e 41 73 1
e 42 74 1
e 43 48 1
e 43 75 1
e 44 49 2
e 44 76 1
e 45 47 2
e 45 77 1
e 46 47 1
e 46 78 1
e 47 79 1
e 48 50 2
e 48 80 1
e 49 50 1
e 49 81 1
t # 19747
v 0 11
v 1 1
v 2 1
v 3 1
v 4 1
v 5 1
v 6 1
v 7 1
v 8 1
v 9 2
v 10 2
v 11 2
v 12 2
v 13 3
v 14 3
v 15 3
v 16 3
v 17 3
v 18 3
v 19 3
v 20 3
v 21 3
v 22 3
v 23 3
v 24 3
v 25 3
v 26 3
v 27 3
v 28 3
v 29 3
v 30 3
v 31 3
v 32 3
v 33 3
v 34 3
v 35 3
v 36 4
v 37 4
v 38 4
v 39 4
v 40 4
v 41 4
v 42 4
v 43 4
v 44 4
v 45 4
v 46 4
v 47 4
v 48 4
v 49 4
v 50 4
v 51 4
v 52 4
v 53 4
v 54 4
v 55 4
v 56 4
v 57 4
v 58 4
v 59 4
v 60 4
v 61 4
v 62 4
v 63 4
e 0 3 2
e 0 4 2
e 0 19 1
e 1 14 1
e 1 18 1
e 2 24 1
e 5 18 2
e 6 24 2
e 7 29 2
e 8 30 2
e 9 13 1
e 9 15 1
e 9 18 1
e 10 16 1
e 10 44 1
e 11 29 1
e 11 30 1
e 12 34 2
e 12 35 1
e 13 16 1
e 13 36 1
e 13 37 1
e 14 20 1
e 14 21 1
e 14 22 1
e 15 17 1
e 15 38 1
e 15 39 1
e 16 40 1
e 16 41 1
e 17 24 1
e 17 42 1
e 17 43 1
e 19 23 1
e 19 28 2
e 20 45 1
e 20 46 1
e 20 47 1
e 21 48 1
e 21 49 1
e 21 50 1
e 22 51 1
e 22 52 1
e 22 53 1
e 23 27 2
e 23 33 1
e 25 26 1
e 25 29 1
e 25 54 1
e 25 55 1
e 26 30 1
e 26 56 1
e 26 57 1
e 27 31 1
e 27 34 1
e 28 32 1
e 28 58 1
e 31 32 2
e 31 59 1
e 32 60 1
e 33 35 2
e 33 61 1
e 34 62 1
e 35 63 1
t # 19748
v 0 12
v 1 12
v 2 2
v 3 2
v 4 2
v 5 2
v 6 3
v 7 3
v 8 3
v 9 3
v 10 3
v 11 3
v 12 3
v 13 3
v 14 3
v 15 4
v 16 4
v 17 4
v 18 4
e 0 11 1
e 1 14 1
e 2 7 1
e 2 14 2
e 3 8 1
e 6 7 1
e 6 8 1
e 6 9 2
e 7 10 2
e 8 11 2
e 9 12 1
e 9 15 1
e 10 13 1
e 10 16 1
e 11 14 1
e 12 13 2
e 12 17 1
e 13 18 1
t # 19749
v 0 12
v 1 2
v 2 2
v 3 2
v 4 2
v 5 3
v 6 3
v 7 3
v 8 3
v 9 3
v 10 3
v 11 3
v 12 3
v 13 3
v 14 3
v 15 3
v 16 3
v 17 3
v 18 3
v 19 3
v 20 3
v 21 4
v 22 4
v 23 4
v 24 4
v 25 4
v 26 4
v 27 4
v 28 4
v 29 4
v 30 4
v 31 4
e 0 11 1
e 1 10 1
e 1 11 2
e 2 8 1
e 5 6 1
e 5 8 2
e 5 11 1
e 6 9 1
e 6 21 1
e 6 22 1
e 7 8 1
e 7 10 1
e 7 12 2
e 9 14 2
e 9 15 1
e 10 13 2
e 12 16 1
e 12 23 1
e 13 17 1
e 13 24 1
e 14 18 1
e 14 25 1
e 15 19 2
e 15 26 1
e 16 17 2
e 16 27 1
e 17 28 1
e 18 20 2
e 18 29 1
e 19 20 1
e 19 30 1
e 20 31 1
t # 19750
v 0 12
v 1 2
v 2 2
v 3 2
v 4 2
v 5 2
v 6 3
v 7 3
v 8 3
v 9 3
v 10 3
v 11 3
v 12 3
v 13 3
v 14 3
v 15 3
v 16 4
v 17 4
v 18 4
v 19 4
e 0 14 1
e 1 7 1
e 1 14 2
e 2 8 1
e 6 7 1
e 6 8 1
e 6 9 2
e 7 10 2
e 8 11 2
e 9 12 1
e 9 16 1
e 10 13 1
e 10 17 1
e 11 14 1
e 11 15 1
e 12 13 2
e 12 18 1
e 13 19 1
t # 19751
v 0 1
v 1 1
v 2 1
v 3 2
v 4 2
v 5 2
v 6 2
v 7 2
v 8 3
v 9 3
v 10 3
v 11 3
v 12 3
v 13 3
v 14 3
v 15 3
v 16 3
v 17 3
v 18 3
v 19 3
v 20 3
v 21 3
v 22 3
v 23 4
v 24 4
v 25 4
v 26 4
v 27 4
v 28 4
v 29 4
v 30 4
v 31 4
e 0 12 2
e 3 8 1
e 3 11 1
e 3 12 1
e 4 13 1
e 5 10 1
e 8 9 1
e 8 14 2
e 9 10 1
e 9 15 2
e 10 13 2
e 11 18 2
e 11 19 1
e 12 13 1
e 14 16 1
e 14 23 1
e 15 17 1
e 15 24 1
e 16 17 2
e 16 25 1
e 17 26 1
e 18 20 1
e 18 27 1
e 19 21 2
e 19 28 1
e 20 22 2
e 20 29 1
e 21 22 1
e 21 30 1
e 22 31 1
t # 19752
v 0 12
v 1 1
v 2 2
v 3 2
v 4 2
v 5 2
v 6 3
v 7 3
v 8 3
v 9 3
v 10 3
v 11 3
v 12 3
v 13 3
v 14 3
v 15 3
v 16 4
v 17 4
v 18 4
v 19 4
v 20 4
v 21 4
v 22 4
e 0 12 1
e 1 9 2
e 2 6 1
e 2 9 1
e 2 13 1
e 3 8 1
e 6 7 1
e 6 10 2
e 7 8 1
e 7 11 2
e 8 12 2
e 9 12 1
e 10 14 1
e 10 16 1
e 11 15 1
e 11 17 1
e 13 18 1
e 13 19 1
e 13 20 1
e 14 15 2
e 14 21 1
e 15 22 1
t # 19753
v 0 12
v 1 1
v 2 2
v 3 2
v 4 2
v 5 2
v 6 2
v 7 3
v 8 3
v 9 3
v 10 3
v 11 3
v 12 3
v 13 3
v 14 3
v 15 3
v 16 3
v 17 3
v 18 3
v 19 3
v 20 4
v 21 4
v 22 4
v 23 4
v 24 4
v 25 4
v 26 4
v 27 4
v 28 4
v 29 4
v 30 4
v 31 4
e 0 14 1
e 1 9 1
e 1 10 1
e 2 7 1
e 2 8 1
e 2 11 1
e 3 14 2
e 3 15 1
e 4 12 1
e 7 9 1
e 7 20 1
e 7 21 1
e 8 10 1
e 8 22 1
e 8 23 1
e 9 24 1
e 9 25 1
e 10 26 1
e 10 27 1
e 11 12 2
e 11 14 1
e 12 13 1
e 13 15 1
e 13 16 2
e 15 17 2
e 16 18 1
e 16 28 1
e 17 19 1
e 17 29 1
e 18 19 2
e 18 30 1
e 19 31 1
t # 19754
v 0 1
v 1 1
v 2 2
v 3 2
v 4 2
v 5 2
v 6 3
v 7 3
v 8 3
v 9 3
v 10 3
v 11 3
v 12 3
v 13 3
v 14 3
v 15 3
v 16 3
v 17 3
v 18 3
v 19 3
v 20 3
v 21 3
v 22 4
v 23 4
v 24 4
v 25 4
v 26 4
v 27 4
v 28 4
v 29 4
v 30 4
v 31 4
v 32 4
v 33 4
v 34 4
v 35 4
v 36 4
v 37 4
v 38 4
v 39 4
v 40 4
v 41 4
e 0 11 2
e 1 12 2
e 2 12 1
e 2 15 1
e 2 32 1
e 3 6 1
e 6 7 1
e 6 11 1
e 6 12 1
e 7 8 1
e 7 22 1
e 7 23 1
e 8 9 1
e 8 24 1
e 8 25 1
e 9 10 1
e 9 26 1
e 9 27 1
e 10 13 1
e 10 28 1
e 10 29 1
e 11 14 1
e 13 16 1
e 13 30 1
e 13 31 1
e 14 15 1
e 14 17 2
e 15 18 2
e 16 19 1
e 16 33 1
e 16 34 1
e 17 20 1
e 17 35 1
e 18 21 1
e 18 36 1
e 19 37 1
e 19 38 1
e 19 39 1
e 20 21 2
e 20 40 1
e 21 41 1
t # 19755
v 0 1
v 1 2
v 2 2
v 3 2
v 4 2
v 5 3
v 6 3
v 7 3
v 8 3
v 9 3
v 10 3
v 11 3
v 12 3
v 13 3
v 14 3
v 15 3
v 16 3
v 17 3
v 18 3
v 19 3
v 20 3
v 21 3
v 22 3
v 23 4
v 24 4
v 25 4
v 26 4
v 27 4
v 28 4
v 29 4
v 30 4
v 31 4
v 32 4
e 0 11 2
e 1 10 1
e 2 17 1
e 2 21 2
e 5 6 1
e 5 7 1
e 5 8 2
e 6 10 1
e 6 12 2
e 7 11 1
e 7 13 2
e 8 14 1
e 8 15 1
e 9 10 2
e 9 11 1
e 9 17 1
e 12 16 1
e 12 23 1
e 13 18 1
e 13 24 1
e 14 16 2
e 14 25 1
e 15 18 2
e 15 26 1
e 16 27 1
e 17 19 2
e 18 28 1
e 19 20 1
e 19 29 1
e 20 22 2
e 20 30 1
e 21 22 1
e 21 31 1
e 22 32 1
t # 19756
v 0 12
v 1 2
v 2 2
v 3 2
v 4 2
v 5 2
v 6 2
v 7 2
v 8 3
v 9 3
v 10 3
v 11 3
v 12 3
v 13 3
v 14 3
v 15 3
v 16 3
v 17 4
v 18 4
v 19 4
v 20 4
e 0 13 1
e 1 9 1
e 1 14 2
e 2 10 1
e 3 14 1
e 8 9 1
e 8 10 1
e 8 11 2
e 9 12 2
e 10 13 2
e 11 15 1
e 11 17 1
e 12 16 1
e 12 18 1
e 13 14 1
e 15 16 2
e 15 19 1
e 16 20 1
t # 19757
v 0 1
v 1 1
v 2 2
v 3 2
v 4 2
v 5 2
v 6 3
v 7 3
v 8 3
v 9 3
v 10 3
v 11 3
v 12 3
v 13 3
v 14 3
v 15 3
v 16 3
v 17 3
v 18 3
v 19 4
v 20 4
v 21 4
v 22 4
v 23 4
v 24 4
v 25 4
v 26 4
v 27 4
v 28 4
e 0 12 2
e 1 18 2
e 2 6 1
e 2 7 1
e 2 12 1
e 3 14 1
e 6 10 2
e 6 11 1
e 7 8 1
e 7 19 1
e 7 20 1
e 8 9 1
e 8 21 1
e 8 22 1
e 9 10 1
e 9 23 1
e 9 24 1
e 10 13 1
e 11 14 1
e 11 16 2
e 12 15 1
e 13 17 2
e 13 25 1
e 14 15 2
e 15 18 1
e 16 17 1
e 16 26 1
e 17 27 1
e 18 28 1
t # 19758
v 0 12
v 1 1
v 2 2
v 3 2
v 4 2
v 5 2
v 6 3
v 7 3
v 8 3
v 9 3
v 10 3
v 11 3
v 12 3
v 13 3
v 14 3
v 15 3
v 16 4
v 17 4
v 18 4
v 19 4
v 20 4
v 21 4
v 22 4
e 0 12 1
e 1 9 1
e 1 15 1
e 2 7 1
e 2 12 2
e 3 8 1
e 6 7 1
e 6 8 1
e 6 10 2
e 7 11 2
e 8 9 2
e 9 12 1
e 10 13 1
e 10 16 1
e 11 14 1
e 11 17 1
e 13 14 2
e 13 18 1
e 14 19 1
e 15 20 1
e 15 21 1
e 15 22 1
t # 19759
v 0 12
v 1 1
v 2 2
v 3 2
v 4 2
v 5 2
v 6 3
v 7 3
v 8 3
v 9 3
v 10 3
v 11 3
v 12 3
v 13 3
v 14 3
v 15 3
v 16 3
v 17 3
v 18 3
v 19 3
v 20 3
v 21 4
v 22 4
v 23 4
v 24 4
v 25 4
v 26 4
v 27 4
v 28 4
v 29 4
e 0 12 1
e 1 10 2
e 2 6 1
e 2 8 1
e 2 10 1
e 3 9 1
e 6 7 1
e 6 11 2
e 7 9 1
e 7 13 2
e 8 15 2
e 8 16 1
e 9 12 2
e 10 12 1
e 11 14 1
e 11 21 1
e 13 17 1
e 13 22 1
e 14 17 2
e 14 23 1
e 15 18 1
e 15 24 1
e 16 19 2
e 16 25 1
e 17 26 1
e 18 20 2
e 18 27 1
e 19 20 1
e 19 28 1
e 20 29 1
t # 19760
v 0 1
v 1 1
v 2 2
v 3 2
v 4 2
v 5 2
v 6 3
v 7 3
v 8 3
v 9 3
v 10 3
v 11 3
v 12 3
v 13 3
v 14 3
v 15 3
v 16 3
v 17 3
v 18 3
v 19 3
v 20 3
v 21 3
v 22 3
v 23 3
v 24 3
v 25 4
v 26 4
v 27 4
v 28 4
v 29 4
v 30 4
v 31 4
v 32 4
v 33 4
v 34 4
v 35 4
v 36 4
v 37 4
v 38 4
v 39 4
v 40 4
v 41 4
v 42 4
v 43 4
v 44 4
v 45 4
v 46 4
v 47 4
v 48 4
v 49 4
v 50 4
e 0 12 2
e 1 13 2
e 2 12 1
e 2 16 1
e 2 18 1
e 3 6 1
e 6 7 1
e 6 12 1
e 6 13 1
e 7 8 1
e 7 25 1
e 7 26 1
e 8 9 1
e 8 27 1
e 8 28 1
e 9 10 1
e 9 29 1
e 9 30 1
e 10 11 1
e 10 31 1
e 10 32 1
e 11 14 1
e 11 33 1
e 11 34 1
e 13 15 1
e 14 17 1
e 14 35 1
e 14 36 1
e 15 16 1
e 15 19 2
e 16 21 2
e 17 20 1
e 17 37 1
e 17 38 1
e 18 39 1
e 18 40 1
e 18 41 1
e 19 22 1
e 19 42 1
e 20 24 1
e 20 43 1
e 20 44 1
e 21 23 1
e 21 45 1
e 22 23 2
e 22 46 1
e 23 47 1
e 24 48 1
e 24 49 1
e 24 50 1
t # 19761
v 0 1
v 1 2
v 2 2
v 3 2
v 4 3
v 5 3
v 6 3
v 7 3
v 8 3
v 9 3
v 10 3
v 11 3
v 12 3
v 13 3
v 14 3
v 15 3
v 16 3
v 17 3
v 18 3
v 19 3
v 20 3
v 21 3
v 22 3
v 23 4
v 24 4
v 25 4
v 26 4
v 27 4
v 28 4
v 29 4
v 30 4
v 31 4
v 32 4
v 33 4
e 0 10 2
e 1 9 1
e 4 5 1
e 4 6 1
e 4 7 2
e 5 9 1
e 5 11 2
e 6 10 1
e 6 12 2
e 7 14 1
e 7 15 1
e 8 9 2
e 8 10 1
e 8 13 1
e 11 16 1
e 11 23 1
e 12 17 1
e 12 24 1
e 13 18 2
e 13 19 1
e 14 16 2
e 14 25 1
e 15 17 2
e 15 26 1
e 16 27 1
e 17 28 1
e 18 20 1
e 18 29 1
e 19 21 2
e 19 30 1
e 20 22 2
e 20 31 1
e 21 22 1
e 21 32 1
e 22 33 1
t # 19762
v 0 1
v 1 1
v 2 2
v 3 2
v 4 2
v 5 2
v 6 3
v 7 3
v 8 3
v 9 3
v 10 3
v 11 3
v 12 3
v 13 3
v 14 3
v 15 3
v 16 3
v 17 3
v 18 3
v 19 3
v 20 3
v 21 3
v 22 4
v 23 4
v 24 4
v 25 4
v 26 4
v 27 4
v 28 4
v 29 4
v 30 4
v 31 4
e 0 10 2
e 1 18 2
e 2 6 1
e 2 8 1
e 2 10 1
e 3 9 1
e 6 7 1
e 6 12 2
e 7 9 1
e 7 13 2
e 8 16 2
e 8 17 1
e 9 11 2
e 10 11 1
e 11 18 1
e 12 14 1
e 12 22 1
e 13 15 1
e 13 23 1
e 14 15 2
e 14 24 1
e 15 25 1
e 16 19 1
e 16 26 1
e 17 20 2
e 17 27 1
e 18 28 1
e 19 21 2
e 19 29 1
e 20 21 1
e 20 30 1
e 21 31 1
t # 19763
v 0 11
v 1 1
v 2 1
v 3 1
v 4 1
v 5 2
v 6 3
v 7 3
v 8 3
v 9 3
v 10 3
v 11 3
v 12 3
v 13 3
v 14 3
v 15 3
v 16 3
v 17 3
v 18 3
v 19 3
v 20 3
v 21 3
v 22 3
v 23 3
v 24 4
v 25 4
v 26 4
v 27 4
v 28 4
v 29 4
v 30 4
v 31 4
v 32 4
v 33 4
v 34 4
v 35 4
v 36 4
v 37 4
v 38 4
e 0 1 2
e 0 2 2
e 0 6 1
e 3 9 1
e 3 37 1
e 4 13 2
e 5 7 1
e 5 12 1
e 6 8 1
e 6 9 2
e 7 10 1
e 7 11 2
e 8 14 2
e 8 15 1
e 9 13 1
e 10 16 2
e 10 17 1
e 11 13 1
e 11 24 1
e 12 25 1
e 12 26 1
e 12 27 1
e 14 18 1
e 14 28 1
e 15 19 2
e 15 29 1
e 16 20 1
e 16 30 1
e 17 21 2
e 17 31 1
e 18 22 2
e 18 32 1
e 19 22 1
e 19 33 1
e 20 23 2
e 20 34 1
e 21 23 1
e 21 35 1
e 22 36 1
e 23 38 1
t # 19764
v 0 1
v 1 1
v 2 1
v 3 1
v 4 1
v 5 2
v 6 3
v 7 3
v 8 3
v 9 3
v 10 3
v 11 3
v 12 3
v 13 3
v 14 3
v 15 3
v 16 3
v 17 3
v 18 3
v 19 3
v 20 3
v 21 3
v 22 3
v 23 3
v 24 3
v 25 3
v 26 3
v 27 3
v 28 3
v 29 4
v 30 4
v 31 4
v 32 4
v 33 4
v 34 4
v 35 4
v 36 4
v 37 4
v 38 4
v 39 4
v 40 4
v 41 4
v 42 4
v 43 4
v 44 4
v 45 4
v 46 4
v 47 4
v 48 4
v 49 4
e 0 7 1
e 0 12 1
e 1 8 2
e 2 13 1
e 2 26 1
e 3 20 1
e 3 27 1
e 4 23 1
e 4 28 1
e 5 18 1
e 5 25 2
e 6 7 1
e 6 8 1
e 6 9 1
e 6 29 1
e 7 11 1
e 7 30 1
e 8 10 1
e 9 14 2
e 9 15 1
e 10 12 2
e 10 13 1
e 11 17 1
e 11 18 2
e 12 16 1
e 13 19 2
e 14 21 1
e 14 31 1
e 15 22 2
e 15 32 1
e 16 20 2
e 16 33 1
e 17 24 2
e 17 34 1
e 18 35 1
e 19 20 1
e 19 36 1
e 21 23 2
e 21 37 1
e 22 23 1
e 22 38 1
e 24 25 1
e 24 39 1
e 25 40 1
e 26 41 1
e 26 42 1
e 26 43 1
e 27 44 1
e 27 45 1
e 27 46 1
e 28 47 1
e 28 48 1
e 28 49 1
t # 19765
v 0 1
v 1 1
v 2 1
v 3 1
v 4 2
v 5 3
v 6 3
v 7 3
v 8 3
v 9 3
v 10 3
v 11 3
v 12 3
v 13 3
v 14 3
v 15 3
v 16 3
v 17 3
v 18 3
v 19 3
v 20 3
v 21 3
v 22 3
v 23 3
v 24 3
v 25 3
v 26 3
v 27 4
v 28 4
v 29 4
v 30 4
v 31 4
v 32 4
v 33 4
v 34 4
v 35 4
v 36 4
v 37 4
v 38 4
v 39 4
v 40 4
v 41 4
v 42 4
v 43 4
v 44 4
v 45 4
e 0 6 1
e 0 11 1
e 1 7 2
e 2 12 1
e 2 25 1
e 3 19 1
e 3 26 1
e 4 17 1
e 4 24 2
e 5 6 1
e 5 7 1
e 5 8 1
e 5 27 1
e 6 10 1
e 6 28 1
e 7 9 1
e 8 14 2
e 8 15 1
e 9 11 2
e 9 12 1
e 10 16 1
e 10 17 2
e 11 13 1
e 12 18 2
e 13 19 2
e 13 29 1
e 14 20 1
e 14 30 1
e 15 21 2
e 15 31 1
e 16 23 2
e 16 32 1
e 17 33 1
e 18 19 1
e 18 34 1
e 20 22 2
e 20 35 1
e 21 22 1
e 21 36 1
e 22 37 1
e 23 24 1
e 23 38 1
e 24 39 1
e 25 40 1
e 25 41 1
e 25 42 1
e 26 43 1
e 26 44 1
e 26 45 1
t # 19766
v 0 1
v 1 1
v 2 1
v 3 1
v 4 2
v 5 3
v 6 3
v 7 3
v 8 3
v 9 3
v 10 3
v 11 3
v 12 3
v 13 3
v 14 3
v 15 3
v 16 3
v 17 3
v 18 3
v 19 3
v 20 3
v 21 3
v 22 3
v 23 3
v 24 3
v 25 3
v 26 3
v 27 4
v 28 4
v 29 4
v 30 4
v 31 4
v 32 4
v 33 4
v 34 4
v 35 4
v 36 4
v 37 4
v 38 4
v 39 4
v 40 4
v 41 4
v 42 4
v 43 4
v 44 4
v 45 4
e 0 6 1
e 0 11 1
e 1 7 2
e 2 18 1
e 2 25 1
e 3 22 1
e 3 26 1
e 4 17 1
e 4 24 2
e 5 6 1
e 5 7 1
e 5 8 1
e 5 27 1
e 6 10 1
e 6 28 1
e 7 9 1
e 8 12 2
e 8 13 1
e 9 11 2
e 9 14 1
e 10 16 1
e 10 17 2
e 11 15 1
e 12 20 1
e 12 29 1
e 13 21 2
e 13 30 1
e 14 19 2
e 14 31 1
e 15 18 2
e 15 32 1
e 16 23 2
e 16 33 1
e 17 34 1
e 18 19 1
e 19 35 1
e 20 22 2
e 20 36 1
e 21 22 1
e 21 37 1
e 23 24 1
e 23 38 1
e 24 39 1
e 25 40 1
e 25 41 1
e 25 42 1
e 26 43 1
e 26 44 1
e 26 45 1
t # 19767
v 0 1
v 1 1
v 2 1
v 3 2
v 4 3
v 5 3
v 6 3
v 7 3
v 8 3
v 9 3
v 10 3
v 11 3
v 12 3
v 13 3
v 14 3
v 15 3
v 16 3
v 17 3
v 18 3
v 19 3
v 20 3
v 21 3
v 22 3
v 23 3
v 24 3
v 25 4
v 26 4
v 27 4
v 28 4
v 29 4
v 30 4
v 31 4
v 32 4
v 33 4
v 34 4
v 35 4
v 36 4
v 37 4
v 38 4
v 39 4
v 40 4
v 41 4
e 0 5 1
e 0 10 1
e 1 6 2
e 2 17 1
e 2 24 1
e 3 16 1
e 3 23 2
e 4 5 1
e 4 6 1
e 4 7 1
e 4 25 1
e 5 9 1
e 5 26 1
e 6 8 1
e 7 11 2
e 7 12 1
e 8 10 2
e 8 13 1
e 9 15 1
e 9 16 2
e 10 14 1
e 11 19 1
e 11 27 1
e 12 20 2
e 12 28 1
e 13 18 2
e 13 29 1
e 14 17 2
e 14 30 1
e 15 22 2
e 15 31 1
e 16 32 1
e 17 18 1
e 18 33 1
e 19 21 2
e 19 34 1
e 20 21 1
e 20 35 1
e 21 37 1
e 22 23 1
e 22 36 1
e 23 38 1
e 24 39 1
e 24 40 1
e 24 41 1
t # 19768
v 0 11
v 1 11
v 2 11
v 3 8
v 4 1
v 5 1
v 6 1
v 7 1
v 8 1
v 9 1
v 10 1
v 11 2
v 12 2
v 13 2
v 14 3
v 15 3
v 16 3
v 17 3
v 18 3
v 19 3
v 20 3
v 21 3
v 22 3
v 23 3
v 24 3
v 25 3
v 26 3
v 27 3
v 28 3
v 29 3
v 30 3
v 31 3
v 32 3
v 33 3
v 34 3
v 35 3
v 36 3
v 37 3
v 38 3
v 39 3
v 40 3
v 41 3
v 42 3
v 43 3
v 44 3
v 45 3
v 46 3
v 47 3
v 48 3
v 49 3
v 50 3
v 51 3
v 52 3
v 53 4
v 54 4
v 55 4
v 56 4
v 57 4
v 58 4
v 59 4
v 60 4
v 61 4
v 62 4
v 63 4
v 64 4
v 65 4
v 66 4
v 67 4
v 68 4
v 69 4
v 70 4
v 71 4
v 72 4
v 73 4
v 74 4
v 75 4
v 76 4
v 77 4
v 78 4
v 79 4
v 80 4
v 81 4
v 82 4
v 83 4
v 84 4
v 85 4
v 86 4
v 87 4
v 88 4
v 89 4
v 90 4
e 0 25 1
e 1 26 1
e 4 15 1
e 4 17 1
e 5 14 1
e 6 18 1
e 6 19 1
e 7 23 2
e 8 41 1
e 8 46 1
e 9 42 1
e 9 47 1
e 10 44 2
e 11 17 1
e 11 20 1
e 11 23 1
e 12 23 1
e 12 34 2
e 13 34 1
e 13 44 1
e 13 79 1
e 14 15 1
e 14 16 1
e 14 53 1
e 15 18 1
e 15 54 1
e 16 17 1
e 16 55 1
e 16 56 1
e 17 57 1
e 18 58 1
e 18 59 1
e 19 21 1
e 19 22 1
e 19 24 1
e 20 27 2
e 20 60 1
e 21 28 2
e 21 30 1
e 22 29 2
e 22 31 1
e 24 32 2
e 24 33 1
e 25 26 1
e 25 61 1
e 25 62 1
e 26 63 1
e 26 64 1
e 27 34 1
e 27 65 1
e 28 35 1
e 28 66 1
e 29 36 1
e 29 67 1
e 30 37 2
e 30 68 1
e 31 38 2
e 31 69 1
e 32 39 1
e 32 70 1
e 33 40 2
e 33 71 1
e 35 41 2
e 35 72 1
e 36 42 2
e 36 73 1
e 37 41 1
e 37 74 1
e 38 42 1
e 38 75 1
e 39 43 2
e 39 76 1
e 40 43 1
e 40 77 1
e 43 78 1
e 44 45 1
e 45 48 2
e 45 49 1
e 46 80 1
e 46 81 1
e 46 82 1
e 47 83 1
e 47 84 1
e 47 85 1
e 48 50 1
e 48 86 1
e 49 51 2
e 49 87 1
e 50 52 2
e 50 88 1
e 51 52 1
e 51 89 1
e 52 90 1
t # 19769
v 0 1
v 1 1
v 2 1
v 3 1
v 4 2
v 5 2
v 6 2
v 7 2
v 8 2
v 9 2
v 10 3
v 11 3
v 12 3
v 13 3
v 14 3
v 15 3
v 16 3
v 17 3
v 18 3
v 19 3
v 20 3
v 21 3
v 22 3
v 23 3
v 24 3
v 25 3
v 26 3
v 27 3
v 28 4
v 29 4
v 30 4
v 31 4
v 32 4
v 33 4
v 34 4
v 35 4
v 36 4
v 37 4
e 0 12 2
e 1 13 2
e 2 14 2
e 3 15 2
e 4 8 1
e 4 10 1
e 4 12 1
e 5 9 1
e 5 11 1
e 5 13 1
e 6 12 1
e 6 14 1
e 6 16 1
e 7 13 1
e 7 15 1
e 7 17 1
e 8 11 2
e 9 10 2
e 10 14 1
e 11 15 1
e 16 18 2
e 16 20 1
e 17 19 2
e 17 21 1
e 18 22 1
e 18 28 1
e 19 23 1
e 19 29 1
e 20 24 2
e 20 30 1
e 21 25 2
e 21 31 1
e 22 26 2
e 22 32 1
e 23 27 2
e 23 33 1
e 24 26 1
e 24 34 1
e 25 27 1
e 25 35 1
e 26 36 1
e 27 37 1
t # 19770
v 0 1
v 1 1
v 2 1
v 3 1
v 4 1
v 5 1
v 6 2
v 7 2
v 8 2
v 9 2
v 10 2
v 11 2
v 12 3
v 13 3
v 14 3
v 15 3
v 16 3
v 17 3
v 18 3
v 19 3
v 20 3
v 21 3
v 22 3
v 23 3
v 24 3
v 25 3
v 26 3
v 27 3
v 28 3
v 29 3
v 30 3
v 31 3
v 32 3
v 33 3
v 34 4
v 35 4
v 36 4
v 37 4
v 38 4
v 39 4
v 40 4
v 41 4
v 42 4
v 43 4
v 44 4
v 45 4
v 46 4
v 47 4
v 48 4
v 49 4
v 50 4
v 51 4
e 0 14 2
e 1 15 2
e 2 16 2
e 3 17 2
e 4 28 1
e 4 30 1
e 5 29 1
e 5 31 1
e 6 10 1
e 6 12 1
e 6 14 1
e 7 11 1
e 7 13 1
e 7 15 1
e 8 14 1
e 8 16 1
e 8 18 1
e 9 15 1
e 9 17 1
e 9 19 1
e 10 13 2
e 11 12 2
e 12 16 1
e 13 17 1
e 18 20 2
e 18 22 1
e 19 21 2
e 19 23 1
e 20 24 1
e 20 34 1
e 21 25 1
e 21 35 1
e 22 26 2
e 22 36 1
e 23 27 2
e 23 37 1
e 24 28 2
e 24 38 1
e 25 29 2
e 25 39 1
e 26 28 1
e 26 40 1
e 27 29 1
e 27 41 1
e 30 32 1
e 30 42 1
e 30 43 1
e 31 33 1
e 31 44 1
e 31 45 1
e 32 46 1
e 32 47 1
e 32 48 1
e 33 49 1
e 33 50 1
e 33 51 1
t # 19771
v 0 1
v 1 1
v 2 1
v 3 1
v 4 2
v 5 2
v 6 2
v 7 2
v 8 2
v 9 2
v 10 3
v 11 3
v 12 3
v 13 3
v 14 3
v 15 3
v 16 3
v 17 3
v 18 3
v 19 3
v 20 3
v 21 3
v 22 4
v 23 4
v 24 4
v 25 4
v 26 4
v 27 4
v 28 4
v 29 4
v 30 4
v 31 4
v 32 4
v 33 4
v 34 4
v 35 4
e 0 14 2
e 1 15 2
e 2 16 2
e 3 17 2
e 4 12 1
e 4 14 1
e 4 16 1
e 5 13 1
e 5 15 1
e 5 17 1
e 6 8 1
e 6 10 1
e 6 14 1
e 7 9 1
e 7 11 1
e 7 15 1
e 8 11 2
e 9 10 2
e 10 16 1
e 11 17 1
e 12 18 1
e 12 22 1
e 12 23 1
e 13 19 1
e 13 24 1
e 13 25 1
e 18 20 1
e 18 26 1
e 18 27 1
e 19 21 1
e 19 28 1
e 19 29 1
e 20 30 1
e 20 31 1
e 20 32 1
e 21 33 1
e 21 34 1
e 21 35 1
t # 19772
v 0 1
v 1 1
v 2 1
v 3 1
v 4 2
v 5 2
v 6 2
v 7 2
v 8 2
v 9 2
v 10 3
v 11 3
v 12 3
v 13 3
v 14 3
v 15 3
v 16 3
v 17 3
v 18 3
v 19 3
v 20 3
v 21 3
v 22 3
v 23 3
v 24 3
v 25 3
v 26 3
v 27 3
v 28 3
v 29 3
v 30 4
v 31 4
v 32 4
v 33 4
v 34 4
v 35 4
v 36 4
v 37 4
v 38 4
v 39 4
v 40 4
v 41 4
v 42 4
v 43 4
e 0 12 2
e 1 13 2
e 2 14 2
e 3 15 2
e 4 8 1
e 4 10 1
e 4 12 1
e 5 9 1
e 5 11 1
e 5 13 1
e 6 12 1
e 6 14 1
e 6 16 1
e 7 13 1
e 7 15 1
e 7 17 1
e 8 11 2
e 9 10 2
e 10 14 1
e 11 15 1
e 16 18 2
e 16 20 1
e 17 19 2
e 17 21 1
e 18 24 1
e 18 30 1
e 19 25 1
e 19 31 1
e 20 26 2
e 20 32 1
e 21 27 2
e 21 33 1
e 22 24 2
e 22 26 1
e 22 28 1
e 23 25 2
e 23 27 1
e 23 29 1
e 24 34 1
e 25 35 1
e 26 36 1
e 27 37 1
e 28 38 1
e 28 39 1
e 28 40 1
e 29 41 1
e 29 42 1
e 29 43 1
t # 19773
v 0 12
v 1 11
v 2 11
v 3 8
v 4 1
v 5 1
v 6 1
v 7 1
v 8 1
v 9 1
v 10 1
v 11 1
v 12 3
v 13 3
v 14 3
v 15 3
v 16 3
v 17 3
v 18 3
v 19 3
v 20 3
v 21 3
v 22 3
v 23 3
v 24 3
v 25 3
v 26 3
v 27 3
v 28 3
v 29 3
v 30 3
v 31 3
v 32 3
v 33 3
v 34 3
v 35 3
v 36 3
v 37 4
v 38 4
v 39 4
v 40 4
v 41 4
v 42 4
v 43 4
v 44 4
v 45 4
v 46 4
v 47 4
v 48 4
v 49 4
v 50 4
v 51 4
v 52 4
v 53 4
v 54 4
v 55 4
v 56 4
v 57 4
v 58 4
v 59 4
v 60 4
v 61 4
v 62 4
v 63 4
v 64 4
v 65 4
v 66 4
v 67 4
v 68 4
v 69 4
v 70 4
v 71 4
v 72 4
v 73 4
v 74 4
v 75 4
v 76 4
e 1 24 1
e 1 30 1
e 2 24 1
e 2 31 1
e 4 20 1
e 4 29 1
e 5 20 2
e 6 25 1
e 6 32 1
e 7 25 2
e 8 33 1
e 8 35 1
e 9 34 1
e 9 36 1
e 10 33 2
e 11 34 2
e 12 19 1
e 12 20 1
e 12 37 1
e 13 16 1
e 13 38 1
e 13 39 1
e 14 17 1
e 14 40 1
e 14 41 1
e 15 18 1
e 15 42 1
e 15 43 1
e 16 21 1
e 16 44 1
e 16 45 1
e 17 22 1
e 17 46 1
e 17 47 1
e 18 23 1
e 18 48 1
e 18 49 1
e 19 24 2
e 19 25 1
e 21 26 1
e 21 50 1
e 21 51 1
e 22 27 1
e 22 52 1
e 22 53 1
e 23 28 1
e 23 54 1
e 23 55 1
e 26 56 1
e 26 57 1
e 26 58 1
e 27 59 1
e 27 60 1
e 27 61 1
e 28 62 1
e 28 63 1
e 28 64 1
e 29 65 1
e 29 66 1
e 29 67 1
e 30 31 2
e 30 33 1
e 31 34 1
e 32 68 1
e 32 69 1
e 32 70 1
e 35 71 1
e 35 72 1
e 35 73 1
e 36 74 1
e 36 75 1
e 36 76 1
t # 19774
v 0 18
v 1 1
v 2 2
v 3 2
v 4 2
v 5 3
v 6 3
v 7 3
v 8 3
v 9 3
v 10 3
v 11 3
v 12 3
v 13 3
v 14 4
v 15 4
v 16 4
v 17 4
v 18 4
v 19 4
v 20 4
v 21 4
v 22 4
v 23 4
e 1 9 2
e 2 8 1
e 2 9 1
e 2 20 1
e 3 11 1
e 3 13 2
e 4 13 1
e 4 22 1
e 4 23 1
e 5 6 1
e 5 9 1
e 5 10 1
e 5 14 1
e 6 7 1
e 6 15 1
e 6 16 1
e 7 8 1
e 7 11 2
e 8 12 2
e 10 17 1
e 10 18 1
e 10 19 1
e 12 13 1
e 12 21 1
t # 19775
v 0 1
v 1 1
v 2 1
v 3 2
v 4 2
v 5 2
v 6 3
v 7 3
v 8 3
v 9 3
v 10 3
v 11 3
v 12 3
v 13 3
v 14 3
v 15 3
v 16 3
v 17 3
v 18 3
v 19 3
v 20 3
v 21 4
v 22 4
v 23 4
v 24 4
v 25 4
v 26 4
v 27 4
v 28 4
v 29 4
v 30 4
v 31 4
e 0 12 1
e 0 16 1
e 1 11 2
e 2 16 2
e 3 10 1
e 3 11 1
e 3 24 1
e 4 12 1
e 4 29 1
e 4 30 1
e 6 7 1
e 6 8 1
e 6 9 1
e 6 21 1
e 7 10 1
e 7 12 2
e 8 11 1
e 8 22 1
e 8 23 1
e 9 14 2
e 9 15 1
e 10 13 2
e 13 16 1
e 13 20 1
e 14 17 1
e 14 25 1
e 15 18 2
e 15 26 1
e 17 19 2
e 17 27 1
e 18 19 1
e 18 28 1
e 19 31 1
t # 19776
v 0 11
v 1 1
v 2 1
v 3 2
v 4 2
v 5 2
v 6 3
v 7 3
v 8 3
v 9 3
v 10 3
v 11 3
v 12 3
v 13 3
v 14 3
v 15 3
v 16 3
v 17 4
v 18 4
v 19 4
v 20 4
v 21 4
v 22 4
v 23 4
e 0 7 1
e 0 8 1
e 1 9 2
e 2 16 2
e 3 6 1
e 3 8 1
e 3 9 1
e 4 8 2
e 4 13 1
e 5 16 1
e 5 22 1
e 5 23 1
e 6 7 1
e 6 10 2
e 7 12 2
e 9 11 1
e 10 14 1
e 10 17 1
e 11 13 2
e 11 16 1
e 12 15 1
e 12 18 1
e 13 19 1
e 14 15 2
e 14 20 1
e 15 21 1
t # 19777
v 0 1
v 1 1
v 2 1
v 3 1
v 4 1
v 5 1
v 6 1
v 7 2
v 8 2
v 9 2
v 10 3
v 11 3
v 12 3
v 13 3
v 14 3
v 15 3
v 16 3
v 17 3
v 18 3
v 19 4
v 20 4
v 21 4
v 22 4
v 23 4
v 24 4
v 25 4
v 26 4
v 27 4
v 28 4
v 29 4
v 30 4
v 31 4
e 0 10 1
e 0 13 1
e 1 11 1
e 1 26 1
e 2 12 1
e 2 27 1
e 3 14 1
e 3 28 1
e 4 15 1
e 4 30 1
e 5 16 2
e 6 18 2
e 7 8 1
e 7 13 1
e 7 16 1
e 8 17 2
e 9 16 1
e 9 18 1
e 9 29 1
e 10 11 1
e 10 14 1
e 10 19 1
e 11 12 1
e 11 20 1
e 12 13 1
e 12 21 1
e 13 22 1
e 14 15 1
e 14 23 1
e 15 24 1
e 15 25 1
e 17 18 1
e 17 31 1
t # 19778
v 0 1
v 1 1
v 2 1
v 3 1
v 4 1
v 5 2
v 6 3
v 7 3
v 8 3
v 9 3
v 10 3
v 11 3
v 12 3
v 13 3
v 14 3
v 15 3
v 16 3
v 17 3
v 18 4
v 19 4
v 20 4
v 21 4
v 22 4
v 23 4
v 24 4
v 25 4
v 26 4
v 27 4
v 28 4
v 29 4
v 30 4
v 31 4
v 32 4
v 33 4
v 34 4
v 35 4
v 36 4
v 37 4
v 38 4
e 0 8 1
e 0 9 1
e 1 10 1
e 1 11 1
e 2 13 1
e 2 17 1
e 3 10 2
e 4 13 2
e 5 6 1
e 5 8 1
e 5 10 1
e 6 7 1
e 6 13 1
e 6 18 1
e 7 9 1
e 7 19 1
e 7 20 1
e 8 12 1
e 8 21 1
e 9 22 1
e 9 23 1
e 11 14 1
e 11 15 1
e 11 16 1
e 12 24 1
e 12 25 1
e 12 26 1
e 14 27 1
e 14 28 1
e 14 29 1
e 15 30 1
e 15 31 1
e 15 32 1
e 16 33 1
e 16 34 1
e 16 35 1
e 17 36 1
e 17 37 1
e 17 38 1
t # 19779
v 0 1
v 1 2
v 2 2
v 3 2
v 4 2
v 5 2
v 6 2
v 7 3
v 8 3
v 9 3
v 10 3
v 11 3
v 12 3
v 13 3
v 14 3
v 15 3
v 16 3
v 17 3
v 18 3
v 19 3
v 20 3
v 21 3
v 22 3
v 23 3
v 24 3
v 25 3
v 26 3
v 27 3
v 28 3
v 29 4
v 30 4
v 31 4
v 32 4
v 33 4
v 34 4
v 35 4
v 36 4
v 37 4
v 38 4
v 39 4
v 40 4
v 41 4
v 42 4
v 43 4
v 44 4
e 0 22 1
e 0 28 1
e 1 10 1
e 1 19 2
e 2 12 1
e 2 20 2
e 3 11 1
e 4 20 1
e 5 6 1
e 5 20 1
e 5 36 1
e 6 23 2
e 7 8 1
e 7 10 1
e 7 13 2
e 8 11 1
e 8 14 2
e 9 10 2
e 9 12 1
e 9 15 1
e 11 12 2
e 13 16 1
e 13 29 1
e 14 17 1
e 14 30 1
e 15 18 2
e 15 31 1
e 16 17 2
e 16 32 1
e 17 33 1
e 18 19 1
e 18 34 1
e 19 35 1
e 21 22 1
e 21 23 1
e 21 24 2
e 22 25 2
e 23 37 1
e 24 26 1
e 24 38 1
e 25 27 1
e 25 39 1
e 26 27 2
e 26 40 1
e 27 41 1
e 28 42 1
e 28 43 1
e 28 44 1
t # 19780
v 0 1
v 1 1
v 2 2
v 3 2
v 4 3
v 5 3
v 6 3
v 7 3
v 8 3
v 9 3
v 10 3
v 11 3
v 12 3
v 13 3
v 14 3
v 15 3
v 16 3
v 17 3
v 18 3
v 19 3
v 20 3
v 21 3
v 22 3
v 23 3
v 24 3
v 25 3
v 26 4
v 27 4
v 28 4
v 29 4
v 30 4
v 31 4
v 32 4
v 33 4
v 34 4
v 35 4
v 36 4
v 37 4
v 38 4
v 39 4
e 0 12 1
e 0 14 1
e 1 13 1
e 1 15 1
e 2 12 2
e 2 16 1
e 3 13 2
e 3 17 1
e 4 5 1
e 4 6 1
e 4 8 2
e 5 7 1
e 5 9 2
e 6 7 1
e 6 26 1
e 6 27 1
e 7 28 1
e 7 29 1
e 8 10 1
e 8 12 1
e 9 11 1
e 9 13 1
e 10 11 2
e 10 30 1
e 11 31 1
e 14 16 1
e 14 18 2
e 15 17 1
e 15 19 2
e 16 20 2
e 17 21 2
e 18 22 1
e 18 32 1
e 19 23 1
e 19 33 1
e 20 24 1
e 20 34 1
e 21 25 1
e 21 35 1
e 22 24 2
e 22 36 1
e 23 25 2
e 23 37 1
e 24 38 1
e 25 39 1
t # 19781
v 0 1
v 1 1
v 2 1
v 3 1
v 4 1
v 5 1
v 6 1
v 7 3
v 8 3
v 9 3
v 10 3
v 11 3
v 12 3
v 13 3
v 14 3
v 15 3
v 16 3
v 17 3
v 18 3
v 19 3
v 20 3
v 21 3
v 22 3
v 23 3
v 24 3
v 25 3
v 26 3
v 27 3
v 28 3
v 29 3
v 30 3
v 31 3
v 32 3
v 33 4
v 34 4
v 35 4
v 36 4
v 37 4
v 38 4
v 39 4
v 40 4
v 41 4
v 42 4
v 43 4
v 44 4
v 45 4
v 46 4
v 47 4
v 48 4
v 49 4
v 50 4
v 51 4
v 52 4
v 53 4
v 54 4
v 55 4
v 56 4
v 57 4
v 58 4
v 59 4
v 60 4
v 61 4
v 62 4
e 0 10 1
e 0 11 1
e 1 12 1
e 1 46 1
e 2 19 1
e 2 32 1
e 3 16 1
e 3 49 1
e 4 15 2
e 5 23 1
e 5 61 1
e 6 29 1
e 6 62 1
e 7 8 1
e 7 14 1
e 7 17 1
e 7 33 1
e 8 9 1
e 8 34 1
e 8 35 1
e 9 11 2
e 9 16 1
e 10 12 1
e 10 18 1
e 10 36 1
e 11 13 1
e 12 15 1
e 12 37 1
e 13 15 1
e 13 19 2
e 14 21 1
e 14 38 1
e 14 39 1
e 16 20 2
e 17 22 1
e 17 25 2
e 18 23 2
e 18 24 1
e 19 20 1
e 20 40 1
e 21 26 2
e 21 41 1
e 22 42 1
e 22 43 1
e 22 44 1
e 23 27 1
e 24 28 2
e 24 45 1
e 25 47 1
e 25 48 1
e 26 30 1
e 26 31 1
e 27 29 2
e 27 50 1
e 28 29 1
e 28 51 1
e 30 52 1
e 30 53 1
e 30 54 1
e 31 55 1
e 31 56 1
e 31 57 1
e 32 58 1
e 32 59 1
e 32 60 1
t # 19782
v 0 11
v 1 1
v 2 1
v 3 1
v 4 1
v 5 2
v 6 2
v 7 2
v 8 3
v 9 3
v 10 3
v 11 3
v 12 3
v 13 3
v 14 3
v 15 3
v 16 3
v 17 3
v 18 3
v 19 3
v 20 3
v 21 3
v 22 3
v 23 4
v 24 4
v 25 4
v 26 4
v 27 4
v 28 4
v 29 4
v 30 4
v 31 4
v 32 4
v 33 4
v 34 4
v 35 4
v 36 4
v 37 4
v 38 4
v 39 4
e 0 1 2
e 0 2 2
e 0 8 1
e 3 19 1
e 3 22 1
e 4 16 2
e 5 6 1
e 5 27 1
e 6 16 1
e 6 31 1
e 7 15 1
e 7 16 1
e 7 32 1
e 8 9 2
e 8 10 1
e 9 12 1
e 9 23 1
e 10 13 2
e 10 24 1
e 11 12 2
e 11 13 1
e 11 14 1
e 12 25 1
e 13 26 1
e 14 28 1
e 14 29 1
e 14 30 1
e 15 17 2
e 15 18 1
e 17 20 1
e 17 33 1
e 18 21 2
e 18 34 1
e 19 20 2
e 19 21 1
e 20 35 1
e 21 36 1
e 22 37 1
e 22 38 1
e 22 39 1
t # 19783
v 0 11
v 1 14
v 2 14
v 3 14
v 4 1
v 5 1
v 6 1
v 7 2
v 8 2
v 9 2
v 10 3
v 11 3
v 12 3
v 13 3
v 14 3
v 15 3
v 16 3
v 17 3
v 18 3
v 19 3
v 20 3
v 21 3
v 22 3
v 23 3
v 24 3
v 25 4
v 26 4
v 27 4
v 28 4
v 29 4
v 30 4
v 31 4
v 32 4
v 33 4
v 34 4
v 35 4
v 36 4
v 37 4
v 38 4
e 0 4 2
e 0 5 2
e 0 10 1
e 6 22 2
e 7 8 1
e 7 29 1
e 8 22 1
e 8 32 1
e 9 16 1
e 9 22 1
e 9 31 1
e 10 11 2
e 10 12 1
e 11 14 1
e 11 25 1
e 12 15 2
e 12 26 1
e 13 14 2
e 13 15 1
e 13 20 1
e 14 27 1
e 15 28 1
e 16 18 1
e 16 19 2
e 17 18 2
e 17 21 1
e 17 24 1
e 18 30 1
e 19 23 1
e 19 33 1
e 20 34 1
e 20 35 1
e 20 36 1
e 21 23 2
e 21 37 1
e 23 38 1
t # 19784
v 0 12
v 1 11
v 2 1
v 3 1
v 4 1
v 5 2
v 6 2
v 7 2
v 8 3
v 9 3
v 10 3
v 11 3
v 12 3
v 13 3
v 14 3
v 15 3
v 16 3
v 17 3
v 18 3
v 19 3
v 20 3
v 21 3
v 22 4
v 23 4
v 24 4
v 25 4
v 26 4
v 27 4
v 28 4
v 29 4
v 30 4
v 31 4
v 32 4
v 33 4
v 34 4
v 35 4
e 0 21 1
e 1 2 2
e 1 3 2
e 1 8 1
e 4 16 2
e 5 6 1
e 5 26 1
e 6 16 1
e 6 30 1
e 7 15 1
e 7 16 1
e 7 31 1
e 8 9 2
e 8 10 1
e 9 12 1
e 9 22 1
e 10 13 2
e 10 23 1
e 11 12 2
e 11 13 1
e 11 14 1
e 12 24 1
e 13 25 1
e 14 27 1
e 14 28 1
e 14 29 1
e 15 17 2
e 15 18 1
e 17 19 1
e 17 32 1
e 18 20 2
e 18 33 1
e 19 21 2
e 19 34 1
e 20 21 1
e 20 35 1
t # 19785
v 0 1
v 1 1
v 2 1
v 3 1
v 4 2
v 5 2
v 6 2
v 7 2
v 8 3
v 9 3
v 10 3
v 11 3
v 12 3
v 13 3
v 14 3
v 15 3
v 16 3
v 17 3
v 18 3
v 19 3
v 20 3
v 21 3
v 22 4
v 23 4
v 24 4
v 25 4
v 26 4
v 27 4
v 28 4
v 29 4
v 30 4
v 31 4
v 32 4
v 33 4
v 34 4
v 35 4
v 36 4
v 37 4
v 38 4
v 39 4
v 40 4
v 41 4
e 0 13 2
e 1 17 2
e 2 19 2
e 3 21 2
e 4 8 1
e 4 10 1
e 4 13 1
e 5 11 1
e 5 16 1
e 5 36 1
e 6 17 1
e 6 18 1
e 6 19 1
e 7 20 1
e 7 21 1
e 7 41 1
e 8 9 1
e 8 17 1
e 8 22 1
e 9 12 1
e 9 23 1
e 9 24 1
e 10 12 1
e 10 25 1
e 10 26 1
e 11 13 1
e 11 14 1
e 11 27 1
e 12 28 1
e 12 29 1
e 14 15 1
e 14 30 1
e 14 31 1
e 15 16 1
e 15 32 1
e 15 33 1
e 16 34 1
e 16 35 1
e 18 21 1
e 18 37 1
e 18 38 1
e 19 20 1
e 20 39 1
e 20 40 1
t # 19786
v 0 1
v 1 1
v 2 2
v 3 2
v 4 2
v 5 2
v 6 3
v 7 3
v 8 3
v 9 3
v 10 3
v 11 3
v 12 3
v 13 3
v 14 3
v 15 3
v 16 3
v 17 3
v 18 3
v 19 3
v 20 3
v 21 3
v 22 4
v 23 4
v 24 4
v 25 4
v 26 4
v 27 4
v 28 4
v 29 4
v 30 4
v 31 4
v 32 4
v 33 4
v 34 4
v 35 4
v 36 4
v 37 4
v 38 4
v 39 4
v 40 4
v 41 4
v 42 4
v 43 4
v 44 4
v 45 4
e 0 11 2
e 1 17 2
e 2 13 1
e 2 14 1
e 2 17 1
e 3 11 1
e 3 12 1
e 3 40 1
e 4 19 1
e 4 21 1
e 4 43 1
e 5 20 1
e 5 21 2
e 6 7 1
e 6 8 1
e 6 11 1
e 6 22 1
e 7 9 1
e 7 23 1
e 7 24 1
e 8 10 1
e 8 25 1
e 8 26 1
e 9 10 1
e 9 27 1
e 9 28 1
e 10 29 1
e 10 30 1
e 12 17 1
e 12 18 1
e 12 31 1
e 13 15 1
e 13 32 1
e 13 33 1
e 14 16 1
e 14 34 1
e 14 35 1
e 15 16 1
e 15 36 1
e 15 37 1
e 16 38 1
e 16 39 1
e 18 19 1
e 18 41 1
e 18 42 1
e 19 20 2
e 20 44 1
e 21 45 1
t # 19787
v 0 1
v 1 1
v 2 1
v 3 2
v 4 2
v 5 2
v 6 2
v 7 2
v 8 3
v 9 3
v 10 3
v 11 3
v 12 3
v 13 3
v 14 3
v 15 3
v 16 3
v 17 3
v 18 3
v 19 3
v 20 3
v 21 3
v 22 3
v 23 3
v 24 3
v 25 4
v 26 4
v 27 4
v 28 4
v 29 4
v 30 4
v 31 4
v 32 4
v 33 4
v 34 4
v 35 4
v 36 4
v 37 4
v 38 4
v 39 4
v 40 4
v 41 4
v 42 4
v 43 4
v 44 4
v 45 4
v 46 4
v 47 4
v 48 4
v 49 4
e 0 18 2
e 1 19 2
e 2 21 2
e 3 11 1
e 3 15 1
e 3 19 1
e 4 17 1
e 4 18 1
e 4 42 1
e 5 21 1
e 5 45 1
e 5 46 1
e 6 22 1
e 6 24 1
e 6 47 1
e 7 23 1
e 7 24 2
e 8 9 1
e 8 10 1
e 8 18 1
e 8 25 1
e 9 12 1
e 9 26 1
e 9 27 1
e 10 13 1
e 10 28 1
e 10 29 1
e 11 14 1
e 11 21 1
e 11 30 1
e 12 13 1
e 12 31 1
e 12 32 1
e 13 33 1
e 13 34 1
e 14 16 1
e 14 35 1
e 14 36 1
e 15 16 1
e 15 37 1
e 15 38 1
e 16 39 1
e 16 40 1
e 17 19 1
e 17 20 1
e 17 41 1
e 20 22 1
e 20 43 1
e 20 44 1
e 22 23 2
e 23 48 1
e 24 49 1
t # 19788
v 0 1
v 1 1
v 2 1
v 3 1
v 4 2
v 5 2
v 6 2
v 7 2
v 8 2
v 9 2
v 10 3
v 11 3
v 12 3
v 13 3
v 14 3
v 15 3
v 16 3
v 17 3
v 18 3
v 19 3
v 20 3
v 21 3
v 22 3
v 23 3
v 24 3
v 25 3
v 26 3
v 27 4
v 28 4
v 29 4
v 30 4
v 31 4
v 32 4
v 33 4
v 34 4
v 35 4
v 36 4
v 37 4
v 38 4
v 39 4
v 40 4
v 41 4
v 42 4
v 43 4
v 44 4
v 45 4
v 46 4
v 47 4
v 48 4
v 49 4
v 50 4
e 0 15 2
e 1 16 2
e 2 20 2
e 3 23 2
e 4 10 1
e 4 12 1
e 4 15 1
e 5 14 1
e 5 20 1
e 5 38 1
e 6 17 1
e 6 23 1
e 6 43 1
e 7 16 1
e 7 24 1
e 7 44 1
e 8 22 1
e 8 26 1
e 8 45 1
e 9 25 1
e 9 26 2
e 10 11 1
e 10 16 1
e 10 27 1
e 11 13 1
e 11 28 1
e 11 29 1
e 12 13 1
e 12 30 1
e 12 31 1
e 13 32 1
e 13 33 1
e 14 15 1
e 14 18 1
e 14 34 1
e 17 19 1
e 17 20 1
e 17 35 1
e 18 22 1
e 18 36 1
e 18 37 1
e 19 21 1
e 19 39 1
e 19 40 1
e 21 23 1
e 21 41 1
e 21 42 1
e 22 25 2
e 24 47 1
e 24 48 1
e 24 49 1
e 25 46 1
e 26 50 1
t # 19789
v 0 1
v 1 1
v 2 1
v 3 1
v 4 2
v 5 2
v 6 2
v 7 2
v 8 3
v 9 3
v 10 3
v 11 3
v 12 3
v 13 3
v 14 3
v 15 3
v 16 3
v 17 3
v 18 3
v 19 3
v 20 3
v 21 4
v 22 4
v 23 4
v 24 4
v 25 4
v 26 4
v 27 4
v 28 4
v 29 4
v 30 4
v 31 4
v 32 4
v 33 4
v 34 4
v 35 4
v 36 4
v 37 4
v 38 4
v 39 4
v 40 4
e 0 12 2
e 1 16 2
e 2 18 2
e 3 20 2
e 4 8 1
e 4 11 1
e 4 12 1
e 5 13 1
e 5 18 1
e 5 34 1
e 6 14 1
e 6 20 1
e 6 35 1
e 7 16 1
e 7 39 1
e 7 40 1
e 8 9 1
e 8 16 1
e 8 21 1
e 9 10 1
e 9 22 1
e 9 23 1
e 10 11 1
e 10 24 1
e 10 25 1
e 11 26 1
e 11 27 1
e 12 13 1
e 13 19 1
e 13 28 1
e 14 15 1
e 14 18 1
e 14 29 1
e 15 17 1
e 15 30 1
e 15 31 1
e 17 20 1
e 17 32 1
e 17 33 1
e 19 36 1
e 19 37 1
e 19 38 1
t # 19790
v 0 1
v 1 1
v 2 2
v 3 2
v 4 2
v 5 2
v 6 2
v 7 3
v 8 3
v 9 3
v 10 3
v 11 3
v 12 3
v 13 3
v 14 3
v 15 3
v 16 3
v 17 3
v 18 3
v 19 3
v 20 4
v 21 4
v 22 4
v 23 4
v 24 4
v 25 4
v 26 4
v 27 4
v 28 4
v 29 4
v 30 4
v 31 4
v 32 4
v 33 4
v 34 4
v 35 4
v 36 4
v 37 4
v 38 4
v 39 4
v 40 4
e 0 12 2
e 1 14 2
e 2 7 1
e 2 9 1
e 2 12 1
e 3 11 1
e 3 16 1
e 3 17 1
e 4 14 1
e 4 36 1
e 4 37 1
e 5 15 1
e 5 19 1
e 5 38 1
e 6 18 1
e 6 19 2
e 7 8 1
e 7 14 1
e 7 20 1
e 8 10 1
e 8 21 1
e 8 22 1
e 9 10 1
e 9 23 1
e 9 24 1
e 10 25 1
e 10 26 1
e 11 12 1
e 11 13 1
e 11 27 1
e 13 15 1
e 13 28 1
e 13 29 1
e 15 18 2
e 16 30 1
e 16 31 1
e 16 32 1
e 17 33 1
e 17 34 1
e 17 35 1
e 18 39 1
e 19 40 1
t # 19791
v 0 1
v 1 1
v 2 1
v 3 1
v 4 2
v 5 2
v 6 2
v 7 2
v 8 2
v 9 2
v 10 3
v 11 3
v 12 3
v 13 3
v 14 3
v 15 3
v 16 3
v 17 3
v 18 3
v 19 3
v 20 3
v 21 3
v 22 3
v 23 3
v 24 4
v 25 4
v 26 4
v 27 4
v 28 4
v 29 4
v 30 4
v 31 4
v 32 4
v 33 4
v 34 4
v 35 4
v 36 4
v 37 4
v 38 4
v 39 4
v 40 4
v 41 4
v 42 4
v 43 4
e 0 14 2
e 1 15 2
e 2 17 2
e 3 22 2
e 4 10 1
e 4 15 1
e 4 30 1
e 5 13 1
e 5 14 1
e 5 31 1
e 6 17 1
e 6 19 1
e 6 34 1
e 7 18 1
e 7 23 1
e 7 36 1
e 8 20 1
e 8 23 2
e 9 22 1
e 9 42 1
e 9 43 1
e 10 11 1
e 10 14 1
e 10 24 1
e 11 12 1
e 11 25 1
e 11 26 1
e 12 15 1
e 12 27 1
e 12 28 1
e 13 16 1
e 13 17 1
e 13 29 1
e 16 18 1
e 16 32 1
e 16 33 1
e 18 20 2
e 19 21 1
e 19 22 1
e 19 35 1
e 20 37 1
e 21 38 1
e 21 39 1
e 21 40 1
e 23 41 1
t # 19792
v 0 1
v 1 1
v 2 1
v 3 1
v 4 1
v 5 1
v 6 1
v 7 1
v 8 2
v 9 2
v 10 2
v 11 2
v 12 2
v 13 3
v 14 3
v 15 3
v 16 3
v 17 3
v 18 3
v 19 3
v 20 3
v 21 3
v 22 3
v 23 3
v 24 3
v 25 3
v 26 3
v 27 3
v 28 3
v 29 3
v 30 3
v 31 3
v 32 3
v 33 3
v 34 3
v 35 3
v 36 3
v 37 3
v 38 3
v 39 3
v 40 3
v 41 3
v 42 3
v 43 3
v 44 3
v 45 3
v 46 3
v 47 3
v 48 3
v 49 3
v 50 3
v 51 3
v 52 3
v 53 3
v 54 4
v 55 4
v 56 4
v 57 4
v 58 4
v 59 4
v 60 4
v 61 4
v 62 4
v 63 4
v 64 4
v 65 4
v 66 4
v 67 4
v 68 4
v 69 4
v 70 4
v 71 4
v 72 4
v 73 4
v 74 4
v 75 4
v 76 4
v 77 4
v 78 4
v 79 4
v 80 4
v 81 4
v 82 4
v 83 4
v 84 4
v 85 4
v 86 4
v 87 4
v 88 4
v 89 4
v 90 4
v 91 4
v 92 4
v 93 4
v 94 4
v 95 4
v 96 4
v 97 4
v 98 4
v 99 4
v 100 4
v 101 4
v 102 4
v 103 4
v 104 4
v 105 4
v 106 4
v 107 4
v 108 4
e 0 20 2
e 1 22 2
e 2 23 2
e 3 28 1
e 3 40 1
e 4 31 1
e 4 35 1
e 5 27 2
e 6 36 1
e 6 42 1
e 7 35 2
e 8 15 1
e 8 20 1
e 8 59 1
e 9 17 1
e 9 23 1
e 9 69 1
e 10 16 1
e 10 27 1
e 10 70 1
e 11 22 1
e 11 32 1
e 11 75 1
e 12 24 1
e 12 35 1
e 12 78 1
e 13 14 1
e 13 15 1
e 13 54 1
e 13 55 1
e 14 18 1
e 14 19 1
e 14 56 1
e 15 22 1
e 15 57 1
e 16 21 1
e 16 23 1
e 16 58 1
e 17 20 1
e 17 25 1
e 17 60 1
e 18 61 1
e 18 62 1
e 18 63 1
e 19 64 1
e 19 65 1
e 19 66 1
e 21 26 1
e 21 67 1
e 21 68 1
e 24 27 1
e 24 28 1
e 24 71 1
e 25 72 1
e 25 73 1
e 25 74 1
e 26 29 2
e 26 30 1
e 28 76 1
e 28 77 1
e 29 33 1
e 29 79 1
e 30 34 2
e 30 80 1
e 31 37 1
e 31 38 1
e 31 39 1
e 32 81 1
e 32 82 1
e 32 83 1
e 33 36 2
e 33 84 1
e 34 36 1
e 34 85 1
e 37 86 1
e 37 87 1
e 37 88 1
e 38 89 1
e 38 90 1
e 38 91 1
e 39 92 1
e 39 93 1
e 39 94 1
e 40 41 1
e 40 95 1
e 40 96 1
e 41 43 2
e 41 44 1
e 42 45 1
e 42 97 1
e 42 98 1
e 43 46 1
e 43 99 1
e 44 47 2
e 44 100 1
e 45 49 2
e 45 50 1
e 46 48 2
e 46 101 1
e 47 48 1
e 47 102 1
e 48 103 1
e 49 51 1
e 49 104 1
e 50 52 2
e 50 105 1
e 51 53 2
e 51 106 1
e 52 53 1
e 52 107 1
e 53 108 1
t # 19793
v 0 1
v 1 1
v 2 1
v 3 1
v 4 1
v 5 1
v 6 1
v 7 1
v 8 1
v 9 2
v 10 2
v 11 2
v 12 2
v 13 3
v 14 3
v 15 3
v 16 3
v 17 3
v 18 3
v 19 3
v 20 3
v 21 3
v 22 3
v 23 3
v 24 3
v 25 3
v 26 3
v 27 3
v 28 3
v 29 3
v 30 3
v 31 3
v 32 3
v 33 3
v 34 3
v 35 3
v 36 3
v 37 3
v 38 3
v 39 3
v 40 3
v 41 3
v 42 3
v 43 3
v 44 3
v 45 3
v 46 3
v 47 3
v 48 3
v 49 3
v 50 3
v 51 3
v 52 3
v 53 4
v 54 4
v 55 4
v 56 4
v 57 4
v 58 4
v 59 4
v 60 4
v 61 4
v 62 4
v 63 4
v 64 4
v 65 4
v 66 4
v 67 4
v 68 4
v 69 4
v 70 4
v 71 4
v 72 4
v 73 4
v 74 4
v 75 4
v 76 4
v 77 4
v 78 4
v 79 4
v 80 4
v 81 4
v 82 4
v 83 4
v 84 4
v 85 4
v 86 4
v 87 4
v 88 4
v 89 4
v 90 4
v 91 4
v 92 4
v 93 4
v 94 4
v 95 4
v 96 4
v 97 4
v 98 4
v 99 4
v 100 4
v 101 4
v 102 4
v 103 4
v 104 4
e 0 21 1
e 0 39 1
e 1 28 1
e 1 31 1
e 2 27 1
e 2 38 1
e 3 21 2
e 4 22 2
e 5 24 2
e 6 26 2
e 7 37 1
e 7 41 1
e 8 31 2
e 9 15 1
e 9 24 1
e 9 66 1
e 10 16 1
e 10 26 1
e 10 68 1
e 11 22 1
e 11 25 1
e 11 71 1
e 12 20 1
e 12 31 1
e 12 74 1
e 13 14 1
e 13 15 1
e 13 53 1
e 13 54 1
e 14 17 1
e 14 18 1
e 14 55 1
e 15 21 1
e 15 56 1
e 16 19 1
e 16 22 1
e 16 57 1
e 17 58 1
e 17 59 1
e 17 60 1
e 18 61 1
e 18 62 1
e 18 63 1
e 19 23 1
e 19 64 1
e 19 65 1
e 20 26 1
e 20 27 1
e 20 67 1
e 23 29 2
e 23 30 1
e 24 25 1
e 25 69 1
e 25 70 1
e 27 72 1
e 27 73 1
e 28 34 1
e 28 35 1
e 28 36 1
e 29 32 1
e 29 75 1
e 30 33 2
e 30 76 1
e 32 37 2
e 32 77 1
e 33 37 1
e 33 78 1
e 34 79 1
e 34 80 1
e 34 81 1
e 35 82 1
e 35 83 1
e 35 84 1
e 36 85 1
e 36 86 1
e 36 87 1
e 38 40 1
e 38 88 1
e 38 89 1
e 39 90 1
e 39 91 1
e 39 92 1
e 40 42 2
e 40 43 1
e 41 44 1
e 41 93 1
e 41 94 1
e 42 45 1
e 42 95 1
e 43 46 2
e 43 96 1
e 44 48 2
e 44 49 1
e 45 47 2
e 45 97 1
e 46 47 1
e 46 98 1
e 47 99 1
e 48 50 1
e 48 100 1
e 49 51 2
e 49 101 1
e 50 52 2
e 50 102 1
e 51 52 1
e 51 103 1
e 52 104 1
t # 19794
v 0 1
v 1 1
v 2 1
v 3 1
v 4 1
v 5 1
v 6 1
v 7 1
v 8 1
v 9 2
v 10 2
v 11 2
v 12 2
v 13 3
v 14 3
v 15 3
v 16 3
v 17 3
v 18 3
v 19 3
v 20 3
v 21 3
v 22 3
v 23 3
v 24 3
v 25 3
v 26 3
v 27 3
v 28 3
v 29 3
v 30 3
v 31 3
v 32 3
v 33 3
v 34 3
v 35 3
v 36 3
v 37 3
v 38 3
v 39 3
v 40 3
v 41 3
v 42 3
v 43 3
v 44 3
v 45 3
v 46 3
v 47 3
v 48 3
v 49 3
v 50 3
v 51 3
v 52 3
v 53 3
v 54 4
v 55 4
v 56 4
v 57 4
v 58 4
v 59 4
v 60 4
v 61 4
v 62 4
v 63 4
v 64 4
v 65 4
v 66 4
v 67 4
v 68 4
v 69 4
v 70 4
v 71 4
v 72 4
v 73 4
v 74 4
v 75 4
v 76 4
v 77 4
v 78 4
v 79 4
v 80 4
v 81 4
v 82 4
v 83 4
v 84 4
v 85 4
v 86 4
v 87 4
v 88 4
v 89 4
v 90 4
v 91 4
v 92 4
v 93 4
v 94 4
v 95 4
v 96 4
v 97 4
v 98 4
v 99 4
v 100 4
v 101 4
v 102 4
v 103 4
v 104 4
v 105 4
v 106 4
v 107 4
e 0 23 1
e 0 40 1
e 1 21 2
e 2 22 2
e 3 28 1
e 3 39 1
e 4 23 2
e 5 31 1
e 5 34 1
e 6 27 2
e 7 35 1
e 7 42 1
e 8 34 2
e 9 15 1
e 9 21 1
e 9 60 1
e 10 17 1
e 10 22 1
e 10 69 1
e 11 16 1
e 11 27 1
e 11 70 1
e 12 24 1
e 12 34 1
e 12 77 1
e 13 14 1
e 13 15 1
e 13 54 1
e 13 55 1
e 14 19 1
e 14 20 1
e 14 56 1
e 15 23 1
e 15 57 1
e 16 18 1
e 16 22 1
e 16 58 1
e 17 21 1
e 17 26 1
e 17 59 1
e 18 25 1
e 18 61 1
e 18 62 1
e 19 63 1
e 19 64 1
e 19 65 1
e 20 66 1
e 20 67 1
e 20 68 1
e 24 27 1
e 24 28 1
e 24 71 1
e 25 29 2
e 25 30 1
e 26 72 1
e 26 73 1
e 26 74 1
e 28 75 1
e 28 76 1
e 29 32 1
e 29 78 1
e 30 33 2
e 30 79 1
e 31 36 1
e 31 37 1
e 31 38 1
e 32 35 2
e 32 80 1
e 33 35 1
e 33 81 1
e 36 82 1
e 36 83 1
e 36 84 1
e 37 85 1
e 37 86 1
e 37 87 1
e 38 88 1
e 38 89 1
e 38 90 1
e 39 41 1
e 39 91 1
e 39 92 1
e 40 93 1
e 40 94 1
e 40 95 1
e 41 43 2
e 41 44 1
e 42 45 1
e 42 96 1
e 42 97 1
e 43 46 1
e 43 98 1
e 44 47 2
e 44 99 1
e 45 49 2
e 45 50 1
e 46 48 2
e 46 100 1
e 47 48 1
e 47 101 1
e 48 102 1
e 49 51 1
e 49 103 1
e 50 52 2
e 50 104 1
e 51 53 2
e 51 105 1
e 52 53 1
e 52 106 1
e 53 107 1
t # 19795
v 0 1
v 1 1
v 2 1
v 3 1
v 4 1
v 5 1
v 6 1
v 7 2
v 8 2
v 9 3
v 10 3
v 11 3
v 12 3
v 13 3
v 14 3
v 15 3
v 16 3
v 17 3
v 18 3
v 19 3
v 20 3
v 21 3
v 22 3
v 23 3
v 24 3
v 25 3
v 26 3
v 27 3
v 28 3
v 29 3
v 30 3
v 31 3
v 32 3
v 33 3
v 34 3
v 35 3
v 36 3
v 37 4
v 38 4
v 39 4
v 40 4
v 41 4
v 42 4
v 43 4
v 44 4
v 45 4
v 46 4
v 47 4
v 48 4
v 49 4
v 50 4
v 51 4
v 52 4
v 53 4
v 54 4
v 55 4
v 56 4
v 57 4
v 58 4
v 59 4
v 60 4
v 61 4
v 62 4
v 63 4
v 64 4
v 65 4
v 66 4
e 0 14 1
e 0 18 1
e 1 15 1
e 1 27 1
e 2 12 2
e 3 15 2
e 4 21 1
e 4 24 1
e 5 22 1
e 5 61 1
e 6 21 2
e 7 9 1
e 7 12 1
e 7 41 1
e 8 11 1
e 8 21 1
e 8 44 1
e 9 10 1
e 9 15 1
e 9 37 1
e 10 13 1
e 10 38 1
e 10 39 1
e 11 12 1
e 11 14 1
e 11 40 1
e 13 16 2
e 13 17 1
e 14 42 1
e 14 43 1
e 16 19 1
e 16 45 1
e 17 20 2
e 17 46 1
e 18 23 1
e 18 47 1
e 18 48 1
e 19 22 2
e 19 49 1
e 20 22 1
e 20 50 1
e 23 25 2
e 23 26 1
e 24 28 1
e 24 51 1
e 24 52 1
e 25 29 1
e 25 53 1
e 26 30 2
e 26 54 1
e 27 55 1
e 27 56 1
e 27 57 1
e 28 32 2
e 28 33 1
e 29 31 2
e 29 58 1
e 30 31 1
e 30 59 1
e 31 60 1
e 32 34 1
e 32 62 1
e 33 35 2
e 33 63 1
e 34 36 2
e 34 64 1
e 35 36 1
e 35 65 1
e 36 66 1
t # 19796
v 0 12
v 1 1
v 2 1
v 3 1
v 4 1
v 5 1
v 6 1
v 7 1
v 8 1
v 9 1
v 10 1
v 11 1
v 12 1
v 13 1
v 14 1
v 15 1
v 16 1
v 17 1
v 18 1
v 19 1
v 20 1
v 21 2
v 22 2
v 23 2
v 24 2
v 25 2
v 26 2
v 27 2
v 28 2
v 29 3
v 30 3
v 31 3
v 32 3
v 33 3
v 34 3
v 35 3
v 36 3
v 37 3
v 38 3
v 39 3
v 40 3
v 41 3
v 42 3
v 43 3
v 44 3
v 45 3
v 46 3
v 47 3
v 48 3
v 49 3
v 50 3
v 51 3
v 52 3
v 53 3
v 54 3
v 55 3
v 56 3
v 57 3
v 58 3
v 59 3
v 60 3
v 61 3
v 62 3
v 63 3
v 64 3
v 65 3
v 66 3
v 67 4
v 68 4
v 69 4
v 70 4
v 71 4
v 72 4
v 73 4
v 74 4
v 75 4
v 76 4
v 77 4
v 78 4
v 79 4
v 80 4
v 81 4
v 82 4
v 83 4
v 84 4
v 85 4
v 86 4
v 87 4
v 88 4
v 89 4
v 90 4
v 91 4
v 92 4
v 93 4
v 94 4
v 95 4
v 96 4
v 97 4
v 98 4
v 99 4
v 100 4
v 101 4
v 102 4
v 103 4
v 104 4
v 105 4
v 106 4
v 107 4
v 108 4
v 109 4
v 110 4
v 111 4
v 112 4
v 113 4
v 114 4
v 115 4
v 116 4
v 117 4
v 118 4
v 119 4
e 1 33 2
e 2 36 2
e 3 37 2
e 4 40 2
e 5 44 1
e 5 54 1
e 6 45 1
e 6 55 1
e 7 43 2
e 8 48 1
e 8 56 1
e 9 49 1
e 9 57 1
e 10 44 2
e 11 45 2
e 12 48 2
e 13 49 2
e 14 51 1
e 14 59 1
e 15 50 2
e 16 52 1
e 16 60 1
e 17 53 1
e 17 58 1
e 18 51 2
e 19 52 2
e 20 53 2
e 21 30 1
e 21 33 1
e 21 71 1
e 22 29 1
e 22 37 1
e 22 72 1
e 23 32 1
e 23 36 1
e 23 77 1
e 24 31 1
e 24 43 1
e 24 82 1
e 25 40 1
e 25 42 1
e 25 85 1
e 26 41 1
e 26 53 1
e 26 90 1
e 27 28 1
e 27 50 1
e 27 91 1
e 28 106 1
e 28 107 1
e 29 33 1
e 29 34 1
e 29 67 1
e 30 35 1
e 30 36 1
e 30 68 1
e 31 37 1
e 31 38 1
e 31 69 1
e 32 39 1
e 32 40 1
e 32 70 1
e 34 44 1
e 34 73 1
e 34 74 1
e 35 45 1
e 35 75 1
e 35 76 1
e 38 48 1
e 38 78 1
e 38 79 1
e 39 49 1
e 39 80 1
e 39 81 1
e 41 43 1
e 41 46 1
e 41 83 1
e 42 47 1
e 42 50 1
e 42 84 1
e 46 51 1
e 46 86 1
e 46 87 1
e 47 52 1
e 47 88 1
e 47 89 1
e 54 92 1
e 54 93 1
e 54 94 1
e 55 95 1
e 55 96 1
e 55 97 1
e 56 98 1
e 56 99 1
e 56 100 1
e 57 101 1
e 57 102 1
e 57 103 1
e 58 61 1
e 58 104 1
e 58 105 1
e 59 108 1
e 59 109 1
e 59 110 1
e 60 111 1
e 60 112 1
e 60 113 1
e 61 62 2
e 61 63 1
e 62 64 1
e 62 114 1
e 63 65 2
e 63 115 1
e 64 66 2
e 64 116 1
e 65 66 1
e 65 117 1
e 66 118 1
t # 19797
v 0 1
v 1 1
v 2 1
v 3 1
v 4 1
v 5 1
v 6 2
v 7 2
v 8 2
v 9 3
v 10 3
v 11 3
v 12 3
v 13 3
v 14 3
v 15 3
v 16 3
v 17 3
v 18 3
v 19 3
v 20 3
v 21 3
v 22 3
v 23 3
v 24 3
v 25 3
v 26 3
v 27 4
v 28 4
v 29 4
v 30 4
v 31 4
v 32 4
v 33 4
v 34 4
v 35 4
v 36 4
v 37 4
v 38 4
v 39 4
v 40 4
v 41 4
v 42 4
v 43 4
v 44 4
v 45 4
v 46 4
v 47 4
v 48 4
e 0 12 2
e 1 15 1
e 1 16 1
e 2 14 1
e 2 20 1
e 3 13 2
e 4 14 2
e 5 16 2
e 6 9 1
e 6 12 1
e 6 14 1
e 7 13 1
e 7 16 1
e 8 43 1
e 9 10 1
e 9 13 1
e 9 27 1
e 10 11 1
e 10 28 1
e 10 29 1
e 11 12 1
e 11 30 1
e 11 31 1
e 15 17 1
e 15 18 1
e 15 19 1
e 17 32 1
e 17 33 1
e 17 34 1
e 18 35 1
e 18 36 1
e 18 37 1
e 19 38 1
e 19 39 1
e 19 40 1
e 20 21 1
e 20 41 1
e 20 42 1
e 21 22 2
e 21 23 1
e 22 24 1
e 22 44 1
e 23 25 2
e 23 45 1
e 24 26 2
e 24 46 1
e 25 26 1
e 25 47 1
e 26 48 1
t # 19798
v 0 1
v 1 1
v 2 1
v 3 1
v 4 1
v 5 2
v 6 2
v 7 2
v 8 2
v 9 2
v 10 3
v 11 3
v 12 3
v 13 3
v 14 3
v 15 3
v 16 3
v 17 3
v 18 3
v 19 3
v 20 3
v 21 3
v 22 3
v 23 3
v 24 3
v 25 3
v 26 3
v 27 3
v 28 3
v 29 3
v 30 3
v 31 4
v 32 4
v 33 4
v 34 4
v 35 4
v 36 4
v 37 4
v 38 4
v 39 4
v 40 4
v 41 4
v 42 4
v 43 4
v 44 4
v 45 4
v 46 4
v 47 4
v 48 4
v 49 4
v 50 4
v 51 4
v 52 4
v 53 4
v 54 4
v 55 4
v 56 4
v 57 4
v 58 4
v 59 4
v 60 4
v 61 4
v 62 4
v 63 4
e 0 19 1
e 0 22 1
e 1 15 2
e 2 19 2
e 3 21 1
e 3 23 1
e 4 21 2
e 5 11 1
e 5 15 1
e 5 38 1
e 6 13 1
e 6 21 1
e 6 47 1
e 7 20 1
e 7 24 2
e 8 24 1
e 8 57 1
e 8 58 1
e 9 24 1
e 9 59 1
e 9 60 1
e 10 11 1
e 10 12 1
e 10 31 1
e 10 32 1
e 11 19 1
e 11 33 1
e 12 16 1
e 12 17 1
e 12 34 1
e 13 14 1
e 13 15 1
e 13 35 1
e 14 18 1
e 14 36 1
e 14 37 1
e 16 39 1
e 16 40 1
e 16 41 1
e 17 42 1
e 17 43 1
e 17 44 1
e 18 20 1
e 18 45 1
e 18 46 1
e 20 48 1
e 20 49 1
e 22 50 1
e 22 51 1
e 22 52 1
e 23 25 1
e 23 53 1
e 23 54 1
e 25 26 2
e 25 27 1
e 26 28 1
e 26 55 1
e 27 29 2
e 27 56 1
e 28 30 2
e 28 61 1
e 29 30 1
e 29 62 1
e 30 63 1
t # 19799
v 0 1
v 1 1
v 2 1
v 3 1
v 4 1
v 5 2
v 6 2
v 7 2
v 8 2
v 9 2
v 10 3
v 11 3
v 12 3
v 13 3
v 14 3
v 15 3
v 16 3
v 17 3
v 18 3
v 19 3
v 20 3
v 21 3
v 22 3
v 23 3
v 24 3
v 25 3
v 26 3
v 27 3
v 28 3
v 29 3
v 30 3
v 31 3
v 32 3
v 33 3
v 34 4
v 35 4
v 36 4
v 37 4
v 38 4
v 39 4
v 40 4
v 41 4
v 42 4
v 43 4
v 44 4
v 45 4
v 46 4
v 47 4
v 48 4
v 49 4
v 50 4
v 51 4
v 52 4
v 53 4
v 54 4
v 55 4
v 56 4
v 57 4
v 58 4
v 59 4
v 60 4
v 61 4
v 62 4
v 63 4
v 64 4
e 0 14 2
e 1 18 1
e 1 28 1
e 2 19 1
e 2 25 1
e 3 18 2
e 4 19 2
e 5 12 1
e 5 14 1
e 5 42 1
e 6 10 1
e 6 19 1
e 6 43 1
e 7 16 1
e 7 26 2
e 8 26 1
e 8 58 1
e 8 59 1
e 9 26 1
e 9 60 1
e 9 61 1
e 10 11 1
e 10 14 1
e 10 34 1
e 11 13 1
e 11 35 1
e 11 36 1
e 12 15 1
e 12 18 1
e 12 37 1
e 13 16 1
e 13 38 1
e 13 39 1
e 15 17 1
e 15 40 1
e 15 41 1
e 16 44 1
e 16 45 1
e 17 20 2
e 17 21 1
e 20 22 1
e 20 46 1
e 21 23 2
e 21 47 1
e 22 24 2
e 22 48 1
e 23 24 1
e 23 49 1
e 24 50 1
e 25 27 1
e 25 51 1
e 25 52 1
e 27 29 2
e 27 30 1
e 28 53 1
e 28 54 1
e 28 55 1
e 29 31 1
e 29 56 1
e 30 32 2
e 30 57 1
e 31 33 2
e 31 62 1
e 32 33 1
e 32 63 1
e 33 64 1
