t # 69200
v 0 1
v 1 1
v 2 1
v 3 1
v 4 1
v 5 1
v 6 3
v 7 3
v 8 3
v 9 3
v 10 3
v 11 3
v 12 3
v 13 3
v 14 3
v 15 3
v 16 3
v 17 3
v 18 3
v 19 3
v 20 4
v 21 4
v 22 4
v 23 4
v 24 4
v 25 4
v 26 4
v 27 4
e 0 10 2
e 1 11 2
e 2 12 1
e 2 24 1
e 3 13 1
e 3 25 1
e 4 14 1
e 4 26 1
e 5 15 1
e 5 27 1
e 6 8 1
e 6 10 1
e 6 12 2
e 7 9 1
e 7 10 1
e 7 13 2
e 8 11 1
e 8 14 2
e 9 11 1
e 9 15 2
e 12 16 1
e 13 17 1
e 14 18 1
e 15 19 1
e 16 18 2
e 16 20 1
e 17 19 2
e 17 21 1
e 18 22 1
e 19 23 1
t # 69201
v 0 18
v 1 18
v 2 1
v 3 1
v 4 2
v 5 3
v 6 3
v 7 3
v 8 3
v 9 3
v 10 3
v 11 3
v 12 3
v 13 3
v 14 3
v 15 3
v 16 3
v 17 3
v 18 3
v 19 4
v 20 4
v 21 4
v 22 4
v 23 4
v 24 4
v 25 4
e 2 9 2
e 3 10 2
e 4 11 1
e 4 24 1
e 4 25 1
e 5 6 2
e 5 9 1
e 5 11 1
e 6 10 1
e 6 12 1
e 7 8 1
e 7 9 1
e 7 13 2
e 8 10 1
e 8 14 2
e 11 15 2
e 12 16 2
e 13 17 1
e 13 19 1
e 14 18 1
e 14 20 1
e 15 16 1
e 16 21 1
e 17 18 2
e 17 22 1
e 18 23 1
t # 69202
v 0 1
v 1 1
v 2 1
v 3 2
v 4 3
v 5 3
v 6 3
v 7 3
v 8 3
v 9 3
v 10 3
v 11 3
v 12 3
v 13 3
v 14 3
v 15 3
v 16 3
v 17 3
v 18 3
v 19 3
v 20 3
v 21 3
v 22 3
v 23 3
v 24 3
v 25 4
v 26 4
v 27 4
v 28 4
v 29 4
v 30 4
v 31 4
v 32 4
v 33 4
v 34 4
v 35 4
v 36 4
v 37 4
v 38 4
v 39 4
e 0 11 1
e 0 36 1
e 1 9 2
e 2 10 2
e 3 6 1
e 3 16 1
e 3 26 1
e 4 5 1
e 4 6 2
e 4 9 1
e 5 10 1
e 5 11 2
e 6 12 1
e 7 8 1
e 7 9 1
e 7 14 2
e 8 10 1
e 8 15 2
e 11 13 1
e 12 13 2
e 12 25 1
e 13 27 1
e 14 17 1
e 14 28 1
e 15 18 1
e 15 29 1
e 16 19 2
e 16 20 1
e 17 18 2
e 17 30 1
e 18 31 1
e 19 22 1
e 19 32 1
e 20 23 2
e 20 33 1
e 21 22 2
e 21 23 1
e 21 24 1
e 22 34 1
e 23 35 1
e 24 37 1
e 24 38 1
e 24 39 1
t # 69203
v 0 1
v 1 1
v 2 1
v 3 1
v 4 1
v 5 1
v 6 3
v 7 3
v 8 3
v 9 3
v 10 3
v 11 3
v 12 3
v 13 3
v 14 3
v 15 3
v 16 3
v 17 3
v 18 3
v 19 3
v 20 4
v 21 4
v 22 4
v 23 4
e 0 16 1
e 0 18 1
e 1 17 1
e 1 19 1
e 2 16 2
e 3 17 2
e 4 18 2
e 5 19 2
e 6 7 1
e 6 8 2
e 6 10 1
e 7 9 2
e 7 11 1
e 8 12 1
e 8 16 1
e 9 13 1
e 9 17 1
e 10 14 2
e 10 18 1
e 11 15 2
e 11 19 1
e 12 13 2
e 12 20 1
e 13 21 1
e 14 15 1
e 14 22 1
e 15 23 1
t # 69204
v 0 1
v 1 1
v 2 1
v 3 1
v 4 3
v 5 3
v 6 3
v 7 3
v 8 3
v 9 3
v 10 3
v 11 3
v 12 3
v 13 3
v 14 3
v 15 3
v 16 3
v 17 3
v 18 3
v 19 3
v 20 3
v 21 3
v 22 3
v 23 3
v 24 3
v 25 3
v 26 3
v 27 3
v 28 3
v 29 3
v 30 3
v 31 3
v 32 3
v 33 3
v 34 4
v 35 4
v 36 4
v 37 4
v 38 4
v 39 4
v 40 4
v 41 4
v 42 4
v 43 4
v 44 4
v 45 4
v 46 4
v 47 4
v 48 4
v 49 4
v 50 4
v 51 4
e 0 12 2
e 1 13 2
e 2 16 2
e 3 17 2
e 4 5 1
e 4 6 1
e 4 10 2
e 5 7 1
e 5 11 2
e 6 8 2
e 6 12 1
e 7 9 2
e 7 13 1
e 8 16 1
e 8 20 1
e 9 17 1
e 9 21 1
e 10 22 1
e 10 24 1
e 11 23 1
e 11 25 1
e 12 14 1
e 13 15 1
e 14 18 1
e 14 26 2
e 15 19 1
e 15 27 2
e 16 18 1
e 17 19 1
e 18 28 2
e 19 29 2
e 20 22 2
e 20 34 1
e 21 23 2
e 21 35 1
e 22 36 1
e 23 37 1
e 24 38 1
e 24 39 1
e 24 40 1
e 25 41 1
e 25 42 1
e 25 43 1
e 26 30 1
e 26 44 1
e 27 31 1
e 27 45 1
e 28 32 1
e 28 46 1
e 29 33 1
e 29 47 1
e 30 32 2
e 30 48 1
e 31 33 2
e 31 49 1
e 32 50 1
e 33 51 1
t # 69205
v 0 11
v 1 1
v 2 1
v 3 1
v 4 1
v 5 1
v 6 1
v 7 1
v 8 2
v 9 3
v 10 3
v 11 3
v 12 3
v 13 3
v 14 3
v 15 3
v 16 3
v 17 3
v 18 3
v 19 3
v 20 3
v 21 3
v 22 3
v 23 3
v 24 3
v 25 3
v 26 3
v 27 3
v 28 3
v 29 3
v 30 3
v 31 3
v 32 3
v 33 3
v 34 3
v 35 4
v 36 4
v 37 4
v 38 4
v 39 4
v 40 4
v 41 4
v 42 4
v 43 4
v 44 4
v 45 4
v 46 4
v 47 4
v 48 4
v 49 4
v 50 4
v 51 4
v 52 4
v 53 4
v 54 4
v 55 4
v 56 4
v 57 4
v 58 4
v 59 4
v 60 4
v 61 4
v 62 4
v 63 4
v 64 4
v 65 4
v 66 4
v 67 4
v 68 4
v 69 4
v 70 4
v 71 4
v 72 4
v 73 4
v 74 4
v 75 4
v 76 4
v 77 4
v 78 4
v 79 4
e 0 6 2
e 0 7 2
e 0 34 1
e 15 1 1
e 1 64 1
e 19 2 1
e 2 67 1
e 28 3 1
e 3 71 1
e 4 32 2
e 5 79 1
e 8 32 1
e 8 33 1
e 8 74 1
e 9 10 1
e 9 14 1
e 9 15 1
e 9 23 1
e 10 11 1
e 10 18 1
e 10 35 1
e 11 12 1
e 11 19 1
e 11 36 1
e 12 13 1
e 12 16 1
e 12 37 1
e 13 17 1
e 13 22 1
e 13 26 1
e 14 20 1
e 14 24 1
e 14 38 1
e 15 16 1
e 15 39 1
e 16 40 1
e 16 41 1
e 17 21 1
e 17 25 1
e 17 42 1
e 18 20 1
e 18 43 1
e 18 44 1
e 19 21 1
e 19 45 1
e 20 46 1
e 20 47 1
e 21 48 1
e 21 49 1
e 22 27 1
e 22 50 1
e 22 51 1
e 23 52 1
e 23 53 1
e 23 54 1
e 24 29 1
e 24 30 1
e 24 55 1
e 25 28 1
e 25 56 1
e 25 57 1
e 26 58 1
e 26 59 1
e 26 60 1
e 27 28 1
e 27 61 1
e 27 62 1
e 28 63 1
e 29 31 1
e 29 65 1
e 29 66 1
e 30 68 1
e 30 69 1
e 30 70 1
e 31 32 1
e 31 72 1
e 31 73 1
e 33 34 1
e 33 75 1
e 33 76 1
e 34 77 1
e 34 78 1
t # 69206
v 0 1
v 1 1
v 2 3
v 3 3
v 4 3
v 5 3
v 6 3
v 7 3
v 8 3
v 9 3
v 10 3
v 11 3
v 12 4
v 13 4
v 14 4
v 15 4
v 16 4
v 17 4
v 18 4
v 19 4
v 20 4
v 21 4
v 22 4
v 23 4
e 0 6 1
e 0 7 1
e 1 8 1
e 1 10 1
e 2 3 1
e 2 4 1
e 2 8 1
e 2 12 1
e 3 6 1
e 3 9 1
e 3 13 1
e 4 5 1
e 4 11 1
e 4 14 1
e 5 7 1
e 5 9 1
e 5 15 1
e 6 7 1
e 6 16 1
e 7 17 1
e 8 10 1
e 8 18 1
e 9 19 1
e 9 20 1
e 10 11 1
e 10 21 1
e 11 22 1
e 11 23 1
t # 69207
v 0 1
v 1 1
v 2 2
v 3 3
v 4 3
v 5 3
v 6 3
v 7 3
v 8 3
v 9 3
v 10 3
v 11 4
v 12 4
v 13 4
v 14 4
v 15 4
v 16 4
v 17 4
v 18 4
v 19 4
e 2 3 1
e 3 4 2
e 3 5 1
e 4 6 1
e 4 9 1
e 5 7 2
e 5 10 1
e 6 8 2
e 6 11 1
e 7 8 1
e 7 12 1
e 8 13 1
e 9 14 1
e 9 15 1
e 9 16 1
e 10 17 1
e 10 18 1
e 10 19 1
t # 69208
v 0 12
v 1 12
v 2 12
v 3 12
v 4 3
v 5 3
v 6 3
v 7 3
v 8 3
v 9 3
v 10 3
v 11 4
v 12 4
v 13 4
v 14 4
e 0 5 1
e 1 6 1
e 2 7 1
e 3 7 1
e 4 5 2
e 4 6 1
e 4 7 1
e 5 8 1
e 6 9 2
e 7 11 1
e 8 10 2
e 8 12 1
e 9 10 1
e 9 13 1
e 10 14 1
t # 69209
v 0 11
v 1 1
v 2 1
v 3 1
v 4 2
v 5 3
v 6 3
v 7 3
v 8 3
v 9 3
v 10 3
v 11 3
v 12 3
v 13 3
v 14 3
v 15 4
v 16 4
v 17 4
v 18 4
v 19 4
v 20 4
v 21 4
v 22 4
v 23 4
e 0 2 2
e 0 3 2
e 0 6 1
e 1 23 1
e 4 8 1
e 4 21 1
e 4 22 1
e 5 6 1
e 5 7 1
e 5 10 2
e 6 8 2
e 7 9 1
e 7 12 2
e 8 11 1
e 9 11 2
e 9 15 1
e 10 13 1
e 10 16 1
e 11 17 1
e 12 14 1
e 12 18 1
e 13 14 2
e 13 19 1
e 14 20 1
t # 69210
v 0 1
v 1 1
v 2 2
v 3 3
v 4 3
v 5 3
v 6 3
v 7 4
v 8 4
v 9 4
v 10 4
v 11 4
v 12 4
v 13 4
v 14 4
v 15 4
e 0 6 1
e 0 15 1
e 1 6 2
e 2 3 1
e 2 13 1
e 2 14 1
e 3 4 1
e 3 6 1
e 3 7 1
e 4 5 1
e 4 8 1
e 4 9 1
e 5 10 1
e 5 11 1
e 5 12 1
t # 69211
v 0 18
v 1 1
v 2 1
v 3 3
v 4 3
v 5 3
v 6 3
v 7 4
v 8 4
v 9 4
v 10 4
v 11 4
v 12 4
v 13 4
e 1 6 1
e 1 13 1
e 2 6 2
e 3 4 1
e 3 5 1
e 3 7 1
e 3 8 1
e 4 6 1
e 4 9 1
e 5 10 1
e 5 11 1
e 5 12 1
t # 69212
v 0 3
v 1 3
v 2 3
v 3 3
v 4 3
v 5 3
v 6 3
v 7 3
v 8 3
v 9 3
v 10 4
v 11 4
v 12 4
v 13 4
v 14 4
v 15 4
v 16 4
v 17 4
v 18 4
v 19 4
v 20 4
v 21 4
v 22 4
v 23 4
v 24 4
v 25 4
e 0 1 1
e 0 2 1
e 0 6 1
e 0 7 1
e 1 3 1
e 1 4 1
e 1 10 1
e 2 3 1
e 2 5 1
e 2 11 1
e 3 12 1
e 3 13 1
e 4 8 1
e 4 14 1
e 4 15 1
e 5 8 2
e 5 9 1
e 6 16 1
e 6 17 1
e 6 18 1
e 7 19 1
e 7 20 1
e 7 21 1
e 8 22 1
e 9 23 1
e 9 24 1
e 9 25 1
t # 69213
v 0 1
v 1 1
v 2 1
v 3 3
v 4 3
v 5 3
v 6 3
v 7 3
v 8 3
v 9 4
v 10 4
v 11 4
v 12 4
v 13 4
v 14 4
v 15 4
v 16 4
v 17 4
v 18 4
v 19 4
v 20 4
e 0 3 1
e 0 17 1
e 1 6 1
e 1 7 1
e 2 6 2
e 3 4 1
e 3 5 1
e 3 6 1
e 4 9 1
e 4 10 1
e 4 11 1
e 5 12 1
e 5 13 1
e 5 14 1
e 7 8 1
e 7 15 1
e 7 16 1
e 8 18 1
e 8 19 1
e 8 20 1
t # 69214
v 0 1
v 1 1
v 2 3
v 3 3
v 4 3
v 5 3
v 6 3
v 7 3
v 8 3
v 9 3
v 10 3
v 11 3
v 12 4
v 13 4
v 14 4
v 15 4
v 16 4
v 17 4
v 18 4
v 19 4
v 20 4
v 21 4
v 22 4
v 23 4
v 24 4
v 25 4
v 26 4
v 27 4
v 28 4
v 29 4
v 30 4
v 31 4
e 0 3 1
e 0 30 1
e 1 8 1
e 1 31 1
e 2 4 1
e 2 5 1
e 2 8 1
e 2 12 1
e 3 6 1
e 3 7 1
e 3 9 1
e 4 6 1
e 4 13 1
e 4 14 1
e 5 7 1
e 5 15 1
e 5 16 1
e 6 17 1
e 6 18 1
e 7 19 1
e 7 20 1
e 8 10 1
e 8 11 1
e 9 21 1
e 9 22 1
e 9 23 1
e 10 24 1
e 10 25 1
e 10 26 1
e 11 27 1
e 11 28 1
e 11 29 1
t # 69215
v 0 2
v 1 2
v 2 3
v 3 3
v 4 3
v 5 3
v 6 3
v 7 3
v 8 3
v 9 3
v 10 3
v 11 3
v 12 4
v 13 4
v 14 4
v 15 4
v 16 4
v 17 4
v 18 4
v 19 4
v 20 4
v 21 4
v 22 4
v 23 4
v 24 4
v 25 4
v 26 4
v 27 4
v 28 4
v 29 4
v 30 4
v 31 4
v 32 4
v 33 4
e 0 3 1
e 0 30 1
e 0 31 1
e 1 8 1
e 1 32 1
e 1 33 1
e 2 4 1
e 2 5 1
e 2 8 1
e 2 12 1
e 3 6 1
e 3 7 1
e 3 9 1
e 4 6 1
e 4 13 1
e 4 14 1
e 5 7 1
e 5 15 1
e 5 16 1
e 6 17 1
e 6 18 1
e 7 19 1
e 7 20 1
e 8 10 1
e 8 11 1
e 9 21 1
e 9 22 1
e 9 23 1
e 10 24 1
e 10 25 1
e 10 26 1
e 11 27 1
e 11 28 1
e 11 29 1
t # 69216
v 0 11
v 1 11
v 2 1
v 3 1
v 4 1
v 5 1
v 6 1
v 7 2
v 8 2
v 9 2
v 10 2
v 11 3
v 12 3
v 13 3
v 14 3
v 15 3
v 16 3
v 17 3
v 18 3
v 19 3
v 20 3
v 21 3
v 22 3
v 23 4
v 24 4
v 25 4
v 26 4
v 27 4
v 28 4
v 29 4
v 30 4
v 31 4
v 32 4
v 33 4
v 34 4
v 35 4
v 36 4
e 0 3 2
e 0 4 2
e 0 11 1
e 1 5 2
e 1 6 2
e 1 12 1
e 2 13 1
e 2 14 1
e 7 9 1
e 7 31 1
e 8 10 1
e 8 32 1
e 9 33 1
e 9 34 1
e 10 35 1
e 10 36 1
e 11 15 2
e 11 17 1
e 12 16 2
e 12 18 1
e 13 19 2
e 13 21 1
e 14 20 2
e 14 22 1
e 15 19 1
e 15 23 1
e 16 20 1
e 16 24 1
e 17 21 2
e 17 25 1
e 18 22 2
e 18 26 1
e 19 27 1
e 20 28 1
e 21 29 1
e 22 30 1
t # 69217
v 0 11
v 1 1
v 2 1
v 3 1
v 4 3
v 5 3
v 6 3
v 7 3
v 8 3
v 9 3
v 10 3
v 11 3
v 12 4
v 13 4
v 14 4
v 15 4
v 16 4
v 17 4
v 18 4
v 19 4
v 20 4
v 21 4
e 0 2 2
e 0 3 2
e 0 4 1
e 1 11 1
e 4 6 2
e 4 7 1
e 5 8 2
e 5 9 1
e 5 10 1
e 6 8 1
e 6 12 1
e 7 9 2
e 7 13 1
e 8 14 1
e 9 15 1
e 10 16 1
e 10 17 1
e 10 18 1
e 11 19 1
e 11 20 1
e 11 21 1
t # 69218
v 0 1
v 1 3
v 2 3
v 3 3
v 4 3
v 5 3
v 6 3
v 7 3
v 8 3
v 9 3
v 10 3
v 11 3
v 12 4
v 13 4
v 14 4
v 15 4
v 16 4
v 17 4
v 18 4
v 19 4
v 20 4
v 21 4
v 22 4
v 23 4
v 24 4
v 25 4
v 26 4
v 27 4
e 0 11 1
e 0 27 1
e 1 2 1
e 1 3 1
e 1 4 1
e 1 5 1
e 2 6 1
e 2 12 1
e 2 13 1
e 3 7 2
e 3 8 1
e 4 14 1
e 4 15 1
e 4 16 1
e 5 17 1
e 5 18 1
e 5 19 1
e 6 20 1
e 6 21 1
e 6 22 1
e 7 9 1
e 7 23 1
e 8 10 2
e 8 24 1
e 9 11 2
e 9 25 1
e 10 11 1
e 10 26 1
t # 69219
v 0 11
v 1 1
v 2 1
v 3 1
v 4 3
v 5 3
v 6 3
v 7 3
v 8 3
v 9 3
v 10 3
v 11 3
v 12 3
v 13 3
v 14 4
v 15 4
v 16 4
v 17 4
v 18 4
v 19 4
v 20 4
v 21 4
v 22 4
v 23 4
v 24 4
v 25 4
v 26 4
v 27 4
e 0 2 2
e 0 3 2
e 0 7 1
e 1 5 1
e 4 5 1
e 4 6 1
e 4 14 1
e 4 15 1
e 5 16 1
e 5 17 1
e 6 8 1
e 6 18 1
e 6 19 1
e 7 9 2
e 7 10 1
e 8 20 1
e 8 21 1
e 8 22 1
e 9 11 1
e 9 23 1
e 10 12 2
e 10 24 1
e 11 13 2
e 11 25 1
e 12 13 1
e 12 26 1
e 13 27 1
t # 69220
v 0 1
v 1 1
v 2 3
v 3 3
v 4 3
v 5 3
v 6 3
v 7 3
v 8 3
v 9 3
v 10 3
v 11 3
v 12 3
v 13 3
v 14 3
v 15 3
v 16 3
v 17 3
v 18 3
v 19 3
v 20 4
v 21 4
v 22 4
v 23 4
v 24 4
v 25 4
v 26 4
v 27 4
v 28 4
v 29 4
v 30 4
v 31 4
v 32 4
v 33 4
v 34 4
v 35 4
v 36 4
v 37 4
v 38 4
v 39 4
v 40 4
v 41 4
e 0 2 1
e 1 3 1
e 2 4 1
e 2 6 1
e 2 7 1
e 3 5 1
e 3 8 1
e 3 9 1
e 4 10 2
e 4 12 1
e 5 11 2
e 5 13 1
e 6 20 1
e 6 21 1
e 6 22 1
e 7 23 1
e 7 24 1
e 7 25 1
e 8 26 1
e 8 27 1
e 8 28 1
e 9 29 1
e 9 30 1
e 9 31 1
e 10 14 1
e 10 32 1
e 11 15 1
e 11 33 1
e 12 16 2
e 12 34 1
e 13 17 2
e 13 35 1
e 14 18 2
e 14 36 1
e 15 19 2
e 15 37 1
e 16 18 1
e 16 38 1
e 17 19 1
e 17 39 1
e 18 40 1
e 19 41 1
t # 69221
v 0 12
v 1 11
v 2 1
v 3 1
v 4 1
v 5 3
v 6 3
v 7 3
v 8 3
v 9 3
v 10 3
v 11 3
v 12 3
v 13 3
v 14 4
v 15 4
v 16 4
v 17 4
v 18 4
v 19 4
v 20 4
v 21 4
v 22 4
v 23 4
v 24 4
e 0 13 1
e 1 3 2
e 1 4 2
e 1 5 1
e 2 11 1
e 5 7 2
e 5 8 1
e 6 9 2
e 6 10 1
e 6 12 1
e 7 9 1
e 7 14 1
e 8 10 2
e 8 15 1
e 9 16 1
e 10 17 1
e 11 13 1
e 11 18 1
e 11 19 1
e 12 20 1
e 12 21 1
e 12 22 1
e 13 23 1
e 13 24 1
t # 69222
v 0 11
v 1 1
v 2 1
v 3 1
v 4 3
v 5 3
v 6 3
v 7 3
v 8 3
v 9 3
v 10 3
v 11 3
v 12 3
v 13 4
v 14 4
v 15 4
v 16 4
v 17 4
v 18 4
v 19 4
v 20 4
v 21 4
v 22 4
v 23 4
v 24 4
e 0 2 2
e 0 3 2
e 0 4 1
e 1 10 1
e 4 6 2
e 4 7 1
e 5 8 2
e 5 9 1
e 5 11 1
e 6 8 1
e 6 13 1
e 7 9 2
e 7 14 1
e 8 15 1
e 9 16 1
e 10 12 1
e 10 17 1
e 10 18 1
e 11 19 1
e 11 20 1
e 11 21 1
e 12 22 1
e 12 23 1
e 12 24 1
t # 69223
v 0 12
v 1 11
v 2 1
v 3 1
v 4 1
v 5 3
v 6 3
v 7 3
v 8 3
v 9 3
v 10 3
v 11 3
v 12 3
v 13 3
v 14 3
v 15 3
v 16 3
v 17 4
v 18 4
v 19 4
v 20 4
v 21 4
v 22 4
v 23 4
v 24 4
v 25 4
e 0 16 1
e 1 3 2
e 1 4 2
e 1 5 1
e 2 6 1
e 5 7 2
e 5 8 1
e 6 11 2
e 6 12 1
e 7 9 1
e 7 17 1
e 8 10 2
e 8 18 1
e 9 13 2
e 9 19 1
e 10 13 1
e 10 20 1
e 11 14 1
e 11 21 1
e 12 15 2
e 12 22 1
e 13 23 1
e 14 16 2
e 14 24 1
e 15 16 1
e 15 25 1
t # 69224
v 0 11
v 1 1
v 2 1
v 3 1
v 4 3
v 5 3
v 6 3
v 7 3
v 8 3
v 9 3
v 10 3
v 11 4
v 12 4
v 13 4
v 14 4
v 15 4
v 16 4
v 17 4
v 18 4
e 0 2 2
e 0 3 2
e 0 4 1
e 1 10 1
e 4 5 2
e 4 6 1
e 5 7 1
e 5 11 1
e 6 8 2
e 6 12 1
e 7 9 2
e 7 13 1
e 8 9 1
e 8 14 1
e 9 15 1
e 10 16 1
e 10 17 1
e 10 18 1
t # 69225
v 0 11
v 1 1
v 2 1
v 3 1
v 4 1
v 5 3
v 6 3
v 7 3
v 8 3
v 9 3
v 10 3
v 11 3
v 12 3
v 13 3
v 14 3
v 15 3
v 16 3
v 17 4
v 18 4
v 19 4
v 20 4
v 21 4
v 22 4
v 23 4
v 24 4
v 25 4
v 26 4
e 0 1 2
e 0 2 2
e 0 5 1
e 0 6 1
e 3 15 1
e 3 25 1
e 4 16 1
e 4 26 1
e 5 7 2
e 5 9 1
e 6 8 2
e 6 10 1
e 7 11 1
e 7 17 1
e 8 12 1
e 8 18 1
e 9 13 2
e 9 19 1
e 10 14 2
e 10 20 1
e 11 15 2
e 11 21 1
e 12 16 2
e 12 22 1
e 13 15 1
e 13 23 1
e 14 16 1
e 14 24 1
t # 69226
v 0 12
v 1 12
v 2 1
v 3 3
v 4 3
v 5 3
v 6 3
v 7 3
v 8 3
v 9 3
v 10 3
v 11 3
v 12 3
v 13 3
v 14 3
v 15 3
v 16 3
v 17 4
v 18 4
v 19 4
v 20 4
v 21 4
v 22 4
v 23 4
v 24 4
v 25 4
v 26 4
v 27 4
v 28 4
e 0 15 1
e 1 16 1
e 2 3 1
e 2 24 1
e 3 4 1
e 3 5 1
e 3 6 1
e 4 7 2
e 4 9 1
e 5 8 2
e 5 10 1
e 6 17 1
e 6 18 1
e 6 19 1
e 7 11 1
e 7 20 1
e 8 12 1
e 8 21 1
e 9 13 2
e 9 22 1
e 10 14 2
e 10 23 1
e 11 15 2
e 11 25 1
e 12 16 2
e 12 26 1
e 13 15 1
e 13 27 1
e 14 16 1
e 14 28 1
t # 69227
v 0 1
v 1 1
v 2 3
v 3 3
v 4 3
v 5 3
v 6 3
v 7 3
v 8 3
v 9 3
v 10 3
v 11 3
v 12 3
v 13 3
v 14 3
v 15 3
v 16 3
v 17 4
v 18 4
v 19 4
v 20 4
v 21 4
v 22 4
v 23 4
v 24 4
v 25 4
v 26 4
v 27 4
v 28 4
v 29 4
v 30 4
v 31 4
v 32 4
e 0 15 1
e 0 31 1
e 1 16 1
e 1 32 1
e 2 3 1
e 2 4 1
e 2 5 1
e 2 6 1
e 3 7 2
e 3 9 1
e 4 8 2
e 4 10 1
e 5 17 1
e 5 18 1
e 5 19 1
e 6 20 1
e 6 21 1
e 6 22 1
e 7 11 1
e 7 23 1
e 8 12 1
e 8 24 1
e 9 13 2
e 9 25 1
e 10 14 2
e 10 26 1
e 11 15 2
e 11 27 1
e 12 16 2
e 12 28 1
e 13 15 1
e 13 29 1
e 14 16 1
e 14 30 1
t # 69228
v 0 11
v 1 1
v 2 1
v 3 1
v 4 2
v 5 2
v 6 3
v 7 3
v 8 3
v 9 3
v 10 3
v 11 3
v 12 3
v 13 3
v 14 3
v 15 3
v 16 3
v 17 3
v 18 3
v 19 3
v 20 4
v 21 4
v 22 4
v 23 4
v 24 4
v 25 4
v 26 4
v 27 4
v 28 4
v 29 4
v 30 4
v 31 4
v 32 4
v 33 4
v 34 4
v 35 4
e 0 1 2
e 0 2 2
e 0 6 1
e 0 7 1
e 3 19 1
e 3 35 1
e 4 8 1
e 4 15 1
e 4 26 1
e 5 18 1
e 5 33 1
e 5 34 1
e 6 9 2
e 6 10 1
e 7 13 2
e 7 14 1
e 8 11 2
e 8 12 1
e 9 11 1
e 9 20 1
e 10 12 2
e 10 21 1
e 11 22 1
e 12 23 1
e 13 16 1
e 13 24 1
e 14 17 2
e 14 25 1
e 15 19 1
e 15 27 1
e 15 28 1
e 16 18 2
e 16 29 1
e 17 18 1
e 17 30 1
e 19 31 1
e 19 32 1
t # 69229
v 0 12
v 1 11
v 2 1
v 3 1
v 4 3
v 5 3
v 6 3
v 7 3
v 8 3
v 9 3
v 10 3
v 11 3
v 12 3
v 13 3
v 14 3
v 15 3
v 16 4
v 17 4
v 18 4
v 19 4
v 20 4
v 21 4
v 22 4
v 23 4
v 24 4
e 0 14 1
e 1 2 2
e 1 3 2
e 1 4 1
e 1 5 1
e 4 6 2
e 4 7 1
e 5 8 2
e 5 9 1
e 6 10 1
e 6 16 1
e 7 11 2
e 7 17 1
e 8 12 1
e 8 18 1
e 9 13 2
e 9 19 1
e 10 14 2
e 10 20 1
e 11 14 1
e 11 21 1
e 12 15 2
e 12 22 1
e 13 15 1
e 13 23 1
e 15 24 1
t # 69230
v 0 1
v 1 1
v 2 3
v 3 3
v 4 3
v 5 3
v 6 3
v 7 3
v 8 3
v 9 3
v 10 3
v 11 3
v 12 3
v 13 3
v 14 3
v 15 3
v 16 3
v 17 3
v 18 4
v 19 4
v 20 4
v 21 4
v 22 4
v 23 4
v 24 4
v 25 4
v 26 4
v 27 4
v 28 4
v 29 4
v 30 4
v 31 4
v 32 4
v 33 4
v 34 4
v 35 4
v 36 4
v 37 4
v 38 4
v 39 4
v 40 4
v 41 4
v 42 4
v 43 4
e 0 12 1
e 0 42 1
e 1 13 1
e 1 43 1
e 2 4 1
e 2 6 1
e 2 8 1
e 2 9 1
e 3 5 1
e 3 7 1
e 3 10 1
e 3 11 1
e 4 12 2
e 4 14 1
e 5 13 1
e 5 15 2
e 6 16 1
e 6 18 1
e 6 19 1
e 7 17 1
e 7 20 1
e 7 21 1
e 8 22 1
e 8 23 1
e 8 24 1
e 9 25 1
e 9 26 1
e 9 27 1
e 10 28 1
e 10 29 1
e 10 30 1
e 11 31 1
e 11 32 1
e 11 33 1
e 12 15 1
e 13 14 2
e 14 34 1
e 15 35 1
e 16 36 1
e 16 37 1
e 16 38 1
e 17 39 1
e 17 40 1
e 17 41 1
t # 69231
v 0 12
v 1 12
v 2 1
v 3 1
v 4 3
v 5 3
v 6 4
v 7 4
e 0 4 1
e 1 4 1
e 2 5 1
e 2 7 1
e 3 5 2
e 4 5 1
e 4 6 1
t # 69232
v 0 1
v 1 1
v 2 3
v 3 3
v 4 3
v 5 4
v 6 4
v 7 4
v 8 4
e 0 3 1
e 0 8 1
e 1 3 2
e 2 3 1
e 2 4 2
e 2 5 1
e 4 6 1
e 4 7 1
t # 69233
v 0 12
v 1 1
v 2 2
v 3 3
v 4 3
v 5 4
v 6 4
v 7 4
v 8 4
e 0 3 1
e 1 4 2
e 2 4 1
e 2 7 1
e 2 8 1
e 3 4 1
e 3 5 1
e 3 6 1
t # 69234
v 0 1
v 1 2
v 2 3
v 3 3
v 4 3
v 5 4
v 6 4
v 7 4
v 8 4
v 9 4
v 10 4
v 11 4
e 0 4 2
e 1 4 1
e 1 10 1
e 1 11 1
e 2 3 1
e 2 4 1
e 2 5 1
e 2 6 1
e 3 7 1
e 3 8 1
e 3 9 1
t # 69235
v 0 12
v 1 12
v 2 1
v 3 3
v 4 3
v 5 3
v 6 3
v 7 3
v 8 4
v 9 4
v 10 4
v 11 4
v 12 4
v 13 4
v 14 4
v 15 4
e 0 6 1
e 1 7 1
e 2 4 1
e 2 5 1
e 3 4 1
e 3 5 1
e 3 6 1
e 3 7 1
e 4 8 1
e 4 9 1
e 5 10 1
e 5 11 1
e 6 12 1
e 6 13 1
e 7 14 1
e 7 15 1
t # 69236
v 0 1
v 1 3
v 2 3
v 3 3
v 4 3
v 5 3
v 6 3
v 7 3
v 8 3
v 9 3
v 10 3
v 11 4
v 12 4
v 13 4
v 14 4
v 15 4
v 16 4
v 17 4
v 18 4
v 19 4
v 20 4
v 21 4
v 22 4
v 23 4
v 24 4
v 25 4
v 26 4
v 27 4
v 28 4
e 0 1 1
e 0 20 1
e 1 2 1
e 1 4 1
e 1 5 1
e 2 3 1
e 2 11 1
e 2 12 1
e 3 6 1
e 3 13 1
e 3 14 1
e 4 15 1
e 4 16 1
e 4 17 1
e 5 10 2
e 5 18 1
e 6 7 2
e 6 19 1
e 7 8 1
e 7 9 1
e 8 21 1
e 8 22 1
e 8 23 1
e 9 24 1
e 9 25 1
e 9 26 1
e 10 27 1
e 10 28 1
t # 69237
v 0 1
v 1 1
v 2 3
v 3 3
v 4 3
v 5 3
v 6 3
v 7 3
v 8 3
v 9 3
v 10 3
v 11 3
v 12 4
v 13 4
v 14 4
v 15 4
v 16 4
v 17 4
v 18 4
v 19 4
v 20 4
v 21 4
v 22 4
v 23 4
v 24 4
v 25 4
v 26 4
v 27 4
v 28 4
v 29 4
e 0 2 1
e 0 28 1
e 1 3 1
e 1 29 1
e 2 4 1
e 2 6 1
e 2 8 1
e 3 5 1
e 3 7 1
e 3 9 1
e 4 10 1
e 4 12 1
e 4 13 1
e 5 11 1
e 5 14 1
e 5 15 1
e 6 16 1
e 6 17 1
e 6 18 1
e 7 19 1
e 7 20 1
e 7 21 1
e 10 22 1
e 10 23 1
e 10 24 1
e 11 25 1
e 11 26 1
e 11 27 1
t # 69238
v 0 1
v 1 3
v 2 3
v 3 3
v 4 3
v 5 3
v 6 3
v 7 3
v 8 3
v 9 3
v 10 4
v 11 4
v 12 4
v 13 4
v 14 4
v 15 4
v 16 4
v 17 4
v 18 4
v 19 4
v 20 4
v 21 4
v 22 4
v 23 4
e 0 7 2
e 1 2 1
e 1 3 1
e 1 4 1
e 1 5 1
e 2 6 1
e 2 10 1
e 2 11 1
e 3 7 1
e 3 12 1
e 3 13 1
e 4 14 1
e 4 15 1
e 4 16 1
e 5 17 1
e 5 18 1
e 5 19 1
e 6 8 2
e 6 9 1
e 7 8 1
e 8 20 1
e 9 21 1
e 9 22 1
e 9 23 1
t # 69239
v 0 8
v 1 1
v 2 1
v 3 1
v 4 1
v 5 1
v 6 1
v 7 1
v 8 3
v 9 3
v 10 3
v 11 3
v 12 3
v 13 3
v 14 3
v 15 3
v 16 3
v 17 3
v 18 3
v 19 3
v 20 3
v 21 3
v 22 3
v 23 3
v 24 3
v 25 3
v 26 4
v 27 4
v 28 4
v 29 4
v 30 4
v 31 4
v 32 4
v 33 4
v 34 4
v 35 4
v 36 4
v 37 4
v 38 4
v 39 4
v 40 4
v 41 4
v 42 4
v 43 4
v 44 4
v 45 4
v 46 4
v 47 4
v 48 4
v 49 4
v 50 4
v 51 4
v 52 4
v 53 4
v 54 4
v 55 4
v 56 4
v 57 4
v 58 4
v 59 4
v 60 4
v 61 4
v 62 4
v 63 4
v 64 4
e 1 17 1
e 2 18 1
e 3 19 1
e 4 11 1
e 4 20 1
e 5 12 1
e 5 21 1
e 6 13 1
e 6 22 1
e 8 11 1
e 8 14 1
e 8 26 1
e 8 27 1
e 9 12 1
e 9 15 1
e 9 28 1
e 9 29 1
e 10 13 1
e 10 16 1
e 10 30 1
e 10 31 1
e 11 32 1
e 11 33 1
e 12 34 1
e 12 35 1
e 13 36 1
e 13 37 1
e 14 23 1
e 14 38 1
e 14 39 1
e 15 24 1
e 15 40 1
e 15 41 1
e 16 25 1
e 16 42 1
e 16 43 1
e 17 20 1
e 17 44 1
e 17 45 1
e 18 21 1
e 18 46 1
e 18 47 1
e 19 22 1
e 19 48 1
e 19 49 1
e 20 50 1
e 20 51 1
e 21 52 1
e 21 53 1
e 22 54 1
e 22 55 1
e 23 56 1
e 23 57 1
e 23 58 1
e 24 59 1
e 24 60 1
e 24 61 1
e 25 62 1
e 25 63 1
e 25 64 1
t # 69240
v 0 8
v 1 1
v 2 1
v 3 1
v 4 3
v 5 3
v 6 3
v 7 3
v 8 3
v 9 3
v 10 3
v 11 3
v 12 3
v 13 3
v 14 3
v 15 3
v 16 4
v 17 4
v 18 4
v 19 4
v 20 4
v 21 4
v 22 4
v 23 4
v 24 4
v 25 4
v 26 4
v 27 4
v 28 4
v 29 4
v 30 4
v 31 4
v 32 4
v 33 4
v 34 4
v 35 4
v 36 4
v 37 4
v 38 4
v 39 4
v 40 4
v 41 4
v 42 4
e 1 7 1
e 2 8 1
e 4 5 1
e 4 16 1
e 4 17 1
e 5 6 1
e 5 18 1
e 5 19 1
e 6 13 1
e 6 20 1
e 6 21 1
e 7 9 1
e 7 22 1
e 7 23 1
e 8 10 1
e 8 24 1
e 8 25 1
e 9 11 1
e 9 26 1
e 9 27 1
e 10 12 1
e 10 28 1
e 10 29 1
e 11 14 1
e 11 30 1
e 11 31 1
e 12 15 1
e 12 32 1
e 12 33 1
e 13 34 1
e 13 35 1
e 13 36 1
e 14 37 1
e 14 38 1
e 14 39 1
e 15 40 1
e 15 41 1
e 15 42 1
t # 69241
v 0 8
v 1 1
v 2 1
v 3 1
v 4 1
v 5 3
v 6 3
v 7 3
v 8 3
v 9 3
v 10 3
v 11 3
v 12 3
v 13 3
v 14 3
v 15 3
v 16 3
v 17 3
v 18 3
v 19 3
v 20 3
v 21 3
v 22 3
v 23 3
v 24 3
v 25 3
v 26 3
v 27 3
v 28 3
v 29 4
v 30 4
v 31 4
v 32 4
v 33 4
v 34 4
v 35 4
v 36 4
v 37 4
v 38 4
v 39 4
v 40 4
v 41 4
v 42 4
v 43 4
v 44 4
v 45 4
v 46 4
v 47 4
v 48 4
v 49 4
v 50 4
v 51 4
v 52 4
v 53 4
v 54 4
v 55 4
v 56 4
v 57 4
v 58 4
v 59 4
v 60 4
v 61 4
v 62 4
v 63 4
v 64 4
v 65 4
v 66 4
v 67 4
v 68 4
v 69 4
v 70 4
v 71 4
v 72 4
v 73 4
v 74 4
v 75 4
v 76 4
v 77 4
v 78 4
v 79 4
e 1 11 1
e 2 12 1
e 3 13 1
e 5 8 1
e 5 11 1
e 5 14 1
e 5 29 1
e 6 9 1
e 6 12 1
e 6 15 1
e 6 30 1
e 7 10 1
e 7 13 1
e 7 16 1
e 7 31 1
e 8 17 1
e 8 32 1
e 8 33 1
e 9 18 1
e 9 34 1
e 9 35 1
e 10 19 1
e 10 36 1
e 10 37 1
e 11 38 1
e 11 39 1
e 12 40 1
e 12 41 1
e 13 42 1
e 13 43 1
e 14 23 1
e 14 44 1
e 14 45 1
e 15 24 1
e 15 46 1
e 15 47 1
e 16 25 1
e 16 48 1
e 16 49 1
e 17 20 1
e 17 50 1
e 17 51 1
e 18 21 1
e 18 52 1
e 18 53 1
e 19 22 1
e 19 54 1
e 19 55 1
e 20 26 1
e 20 56 1
e 20 57 1
e 21 27 1
e 21 58 1
e 21 59 1
e 22 28 1
e 22 60 1
e 22 61 1
e 23 62 1
e 23 63 1
e 23 64 1
e 24 65 1
e 24 66 1
e 24 67 1
e 25 68 1
e 25 69 1
e 25 70 1
e 26 71 1
e 26 72 1
e 26 73 1
e 27 74 1
e 27 75 1
e 27 76 1
e 28 77 1
e 28 78 1
e 28 79 1
t # 69242
v 0 8
v 1 1
v 2 1
v 3 1
v 4 1
v 5 3
v 6 3
v 7 3
v 8 3
v 9 3
v 10 3
v 11 4
v 12 4
v 13 4
v 14 4
v 15 4
v 16 4
v 17 4
v 18 4
v 19 4
v 20 4
v 21 4
v 22 4
v 23 4
v 24 4
v 25 4
e 1 5 1
e 2 6 1
e 3 7 1
e 5 8 1
e 5 11 1
e 5 12 1
e 6 9 1
e 6 13 1
e 6 14 1
e 7 10 1
e 7 15 1
e 7 16 1
e 8 17 1
e 8 18 1
e 8 19 1
e 9 20 1
e 9 21 1
e 9 22 1
e 10 23 1
e 10 24 1
e 10 25 1
t # 69243
v 0 8
v 1 1
v 2 1
v 3 1
v 4 3
v 5 3
v 6 3
v 7 3
v 8 3
v 9 3
v 10 4
v 11 4
v 12 4
v 13 4
v 14 4
v 15 4
v 16 4
v 17 4
v 18 4
v 19 4
v 20 4
v 21 4
v 22 4
v 23 4
v 24 4
e 1 6 1
e 2 7 1
e 4 5 1
e 4 10 1
e 4 11 1
e 5 12 1
e 5 13 1
e 5 14 1
e 6 8 1
e 6 15 1
e 6 16 1
e 7 9 1
e 7 17 1
e 7 18 1
e 8 19 1
e 8 20 1
e 8 21 1
e 9 22 1
e 9 23 1
e 9 24 1
t # 69244
v 0 8
v 1 1
v 2 1
v 3 1
v 4 1
v 5 3
v 6 3
v 7 3
v 8 3
v 9 3
v 10 3
v 11 3
v 12 3
v 13 3
v 14 3
v 15 3
v 16 3
v 17 3
v 18 3
v 19 3
v 20 3
v 21 3
v 22 3
v 23 3
v 24 3
v 25 3
v 26 3
v 27 3
v 28 3
v 29 3
v 30 3
v 31 3
v 32 3
v 33 3
v 34 3
v 35 4
v 36 4
v 37 4
v 38 4
v 39 4
v 40 4
v 41 4
v 42 4
v 43 4
v 44 4
v 45 4
v 46 4
v 47 4
v 48 4
v 49 4
v 50 4
v 51 4
v 52 4
v 53 4
v 54 4
v 55 4
v 56 4
v 57 4
v 58 4
v 59 4
v 60 4
v 61 4
v 62 4
v 63 4
v 64 4
v 65 4
v 66 4
v 67 4
v 68 4
v 69 4
v 70 4
v 71 4
v 72 4
v 73 4
e 1 26 1
e 2 27 1
e 3 28 1
e 5 8 1
e 5 11 1
e 5 12 1
e 5 13 1
e 6 9 1
e 6 14 1
e 6 15 1
e 6 16 1
e 7 10 1
e 7 17 1
e 7 18 1
e 7 19 1
e 8 20 2
e 8 23 1
e 9 21 2
e 9 24 1
e 10 22 2
e 10 25 1
e 11 35 1
e 11 36 1
e 11 37 1
e 12 38 1
e 12 39 1
e 12 40 1
e 13 41 1
e 13 42 1
e 13 43 1
e 14 44 1
e 14 45 1
e 14 46 1
e 15 47 1
e 15 48 1
e 15 49 1
e 16 50 1
e 16 51 1
e 16 52 1
e 17 53 1
e 17 54 1
e 17 55 1
e 18 56 1
e 18 57 1
e 18 58 1
e 19 59 1
e 19 60 1
e 19 61 1
e 20 29 1
e 20 62 1
e 21 30 1
e 21 63 1
e 22 31 1
e 22 64 1
e 23 32 2
e 23 65 1
e 24 33 2
e 24 66 1
e 25 34 2
e 25 67 1
e 26 29 2
e 26 32 1
e 27 30 2
e 27 33 1
e 28 31 2
e 28 34 1
e 29 68 1
e 30 69 1
e 31 70 1
e 32 71 1
e 33 72 1
e 34 73 1
t # 69245
v 0 1
v 1 3
v 2 3
v 3 3
v 4 3
v 5 3
v 6 3
v 7 3
v 8 3
v 9 4
v 10 4
v 11 4
v 12 4
v 13 4
v 14 4
v 15 4
v 16 4
v 17 4
v 18 4
v 19 4
v 20 4
e 0 1 1
e 0 19 1
e 1 2 1
e 1 3 1
e 1 7 1
e 2 4 1
e 2 9 1
e 2 10 1
e 3 5 1
e 3 11 1
e 3 12 1
e 4 6 1
e 4 13 1
e 4 14 1
e 5 6 1
e 5 15 1
e 5 16 1
e 6 17 1
e 6 18 1
e 8 20 1
t # 69246
v 0 41
v 1 1
v 2 1
v 3 1
v 4 3
v 5 3
v 6 3
v 7 3
v 8 3
v 9 3
v 10 3
v 11 3
v 12 4
v 13 4
v 14 4
v 15 4
v 16 4
v 17 4
v 18 4
v 19 4
v 20 4
v 21 4
v 22 4
v 23 4
v 24 4
v 25 4
v 26 4
v 27 4
v 28 4
v 29 4
v 30 4
v 31 4
e 1 6 1
e 2 7 1
e 3 8 1
e 4 5 1
e 4 12 1
e 4 13 1
e 5 14 1
e 5 15 1
e 5 16 1
e 6 9 1
e 6 17 1
e 6 18 1
e 7 10 1
e 7 19 1
e 7 20 1
e 8 11 1
e 8 21 1
e 8 22 1
e 9 23 1
e 9 24 1
e 9 25 1
e 10 26 1
e 10 27 1
e 10 28 1
e 11 29 1
e 11 30 1
e 11 31 1
t # 69247
v 0 11
v 1 1
v 2 1
v 3 3
v 4 3
v 5 3
v 6 4
v 7 4
v 8 4
v 9 4
v 10 4
v 11 4
e 0 4 1
e 1 5 1
e 1 11 1
e 2 5 2
e 3 4 1
e 3 5 1
e 3 6 1
e 3 7 1
e 4 8 1
e 4 9 1
t # 69248
v 0 1
v 1 1
v 2 1
v 3 3
v 4 3
v 5 3
v 6 3
v 7 3
v 8 3
v 9 4
v 10 4
v 11 4
v 12 4
v 13 4
v 14 4
v 15 4
v 16 4
v 17 4
v 18 4
v 19 4
v 20 4
v 21 4
v 22 4
e 0 5 1
e 0 20 1
e 1 6 1
e 1 21 1
e 2 7 1
e 2 22 1
e 3 4 1
e 3 5 1
e 3 6 1
e 3 7 1
e 4 8 1
e 4 9 1
e 4 10 1
e 5 11 1
e 5 12 1
e 6 13 1
e 6 14 1
e 7 15 1
e 7 16 1
e 8 17 1
e 8 18 1
e 8 19 1
t # 69249
v 0 1
v 1 1
v 2 1
v 3 1
v 4 1
v 5 1
v 6 3
v 7 3
v 8 3
v 9 3
v 10 3
v 11 3
v 12 3
v 13 4
v 14 4
v 15 4
v 16 4
v 17 4
v 18 4
v 19 4
v 20 4
v 21 4
v 22 4
v 23 4
v 24 4
e 0 6 1
e 0 20 1
e 9 1 1
e 1 21 1
e 10 2 1
e 2 22 1
e 3 11 1
e 3 23 1
e 4 12 1
e 4 24 1
e 5 12 2
e 6 7 1
e 6 8 1
e 6 12 1
e 7 9 1
e 7 13 1
e 7 14 1
e 8 10 1
e 8 15 1
e 8 16 1
e 9 11 1
e 9 17 1
e 10 11 1
e 10 18 1
e 11 19 1
t # 69250
v 0 1
v 1 1
v 2 1
v 3 1
v 4 1
v 5 1
v 6 1
v 7 1
v 8 3
v 9 3
v 10 3
v 11 3
v 12 3
v 13 3
v 14 3
v 15 3
v 16 3
v 17 3
v 18 3
v 19 3
v 20 3
v 21 3
v 22 3
v 23 3
v 24 3
v 25 3
v 26 3
v 27 3
v 28 4
v 29 4
v 30 4
v 31 4
v 32 4
v 33 4
v 34 4
v 35 4
v 36 4
v 37 4
v 38 4
v 39 4
v 40 4
v 41 4
v 42 4
v 43 4
v 44 4
v 45 4
v 46 4
v 47 4
v 48 4
v 49 4
v 50 4
v 51 4
v 52 4
v 53 4
v 54 4
v 55 4
v 56 4
v 57 4
v 58 4
v 59 4
v 60 4
v 61 4
e 0 8 1
e 0 21 1
e 1 11 1
e 1 14 1
e 2 12 1
e 2 16 1
e 3 13 1
e 3 17 1
e 4 11 2
e 5 12 2
e 6 13 2
e 7 21 2
e 8 9 1
e 8 10 1
e 8 11 1
e 9 12 1
e 9 28 1
e 9 29 1
e 10 13 1
e 10 30 1
e 10 31 1
e 14 15 1
e 14 32 1
e 14 33 1
e 15 20 1
e 15 34 1
e 15 35 1
e 16 18 1
e 16 36 1
e 16 37 1
e 17 19 1
e 17 38 1
e 17 39 1
e 18 22 1
e 18 40 1
e 18 41 1
e 19 23 1
e 19 42 1
e 19 43 1
e 20 24 1
e 20 44 1
e 20 45 1
e 21 25 1
e 22 26 1
e 22 46 1
e 22 47 1
e 23 27 1
e 23 48 1
e 23 49 1
e 24 50 1
e 24 51 1
e 24 52 1
e 25 53 1
e 25 54 1
e 25 55 1
e 26 56 1
e 26 57 1
e 26 58 1
e 27 59 1
e 27 60 1
e 27 61 1
t # 69251
v 0 1
v 1 1
v 2 1
v 3 1
v 4 1
v 5 1
v 6 1
v 7 1
v 8 3
v 9 3
v 10 3
v 11 3
v 12 3
v 13 3
v 14 3
v 15 3
v 16 3
v 17 3
v 18 3
v 19 3
v 20 3
v 21 3
v 22 4
v 23 4
v 24 4
v 25 4
v 26 4
v 27 4
v 28 4
v 29 4
v 30 4
v 31 4
v 32 4
v 33 4
v 34 4
v 35 4
v 36 4
v 37 4
v 38 4
v 39 4
v 40 4
v 41 4
v 42 4
v 43 4
e 0 8 1
e 0 14 1
e 1 11 1
e 1 15 1
e 2 12 1
e 2 16 1
e 3 13 1
e 3 17 1
e 4 11 2
e 5 12 2
e 6 13 2
e 7 14 2
e 8 9 1
e 8 10 1
e 8 11 1
e 9 12 1
e 9 22 1
e 9 23 1
e 10 13 1
e 10 24 1
e 10 25 1
e 14 18 1
e 15 19 1
e 15 26 1
e 15 27 1
e 16 20 1
e 16 28 1
e 16 29 1
e 17 21 1
e 17 30 1
e 17 31 1
e 18 32 1
e 18 33 1
e 18 34 1
e 19 35 1
e 19 36 1
e 19 37 1
e 20 38 1
e 20 39 1
e 20 40 1
e 21 41 1
e 21 42 1
e 21 43 1
t # 69252
v 0 1
v 1 1
v 2 1
v 3 2
v 4 3
v 5 3
v 6 3
v 7 3
v 8 4
v 9 4
v 10 4
v 11 4
v 12 4
v 13 4
v 14 4
v 15 4
v 16 4
v 17 4
v 18 4
e 0 5 1
e 0 16 1
e 1 6 1
e 1 17 1
e 2 7 1
e 2 18 1
e 3 4 1
e 3 14 1
e 3 15 1
e 4 5 1
e 4 6 1
e 4 7 1
e 5 8 1
e 5 9 1
e 6 10 1
e 6 11 1
e 7 12 1
e 7 13 1
t # 69253
v 0 11
v 1 1
v 2 1
v 3 3
v 4 3
v 5 3
v 6 3
v 7 4
v 8 4
v 9 4
v 10 4
v 11 4
v 12 4
e 0 1 2
e 0 2 2
e 0 3 1
e 0 4 1
e 3 5 1
e 3 7 1
e 3 8 1
e 4 6 1
e 4 9 1
e 4 10 1
e 5 6 2
e 5 11 1
e 6 12 1
t # 69254
v 0 1
v 1 1
v 2 2
v 3 2
v 4 3
v 5 3
v 6 3
v 7 3
v 8 3
v 9 4
v 10 4
v 11 4
v 12 4
v 13 4
v 14 4
v 15 4
v 16 4
e 0 5 2
e 1 8 2
e 2 4 1
e 2 8 1
e 2 9 1
e 3 5 1
e 3 8 1
e 3 16 1
e 4 5 1
e 4 6 1
e 4 7 1
e 6 10 1
e 6 11 1
e 6 12 1
e 7 13 1
e 7 14 1
e 7 15 1
t # 69255
v 0 18
v 1 1
v 2 1
v 3 2
v 4 2
v 5 3
v 6 3
v 7 3
v 8 3
v 9 3
v 10 3
v 11 3
v 12 4
v 13 4
v 14 4
v 15 4
v 16 4
v 17 4
v 18 4
v 19 4
v 20 4
v 21 4
v 22 4
v 23 4
v 24 4
e 1 8 2
e 2 11 2
e 3 8 1
e 3 11 1
e 3 22 1
e 4 11 1
e 4 23 1
e 4 24 1
e 5 6 1
e 5 7 1
e 5 8 1
e 6 9 1
e 6 12 1
e 6 13 1
e 7 10 1
e 7 14 1
e 7 15 1
e 9 16 1
e 9 17 1
e 9 18 1
e 10 19 1
e 10 20 1
e 10 21 1
t # 69256
v 0 1
v 1 1
v 2 1
v 3 1
v 4 2
v 5 3
v 6 3
v 7 3
v 8 3
v 9 4
v 10 4
v 11 4
v 12 4
v 13 4
v 14 4
v 15 4
v 16 4
v 17 4
e 0 6 1
e 0 16 1
e 1 7 1
e 1 17 1
e 4 5 1
e 5 6 1
e 5 7 1
e 5 8 1
e 6 9 1
e 6 10 1
e 7 11 1
e 7 12 1
e 8 13 1
e 8 14 1
e 8 15 1
t # 69257
v 0 11
v 1 1
v 2 1
v 3 1
v 4 1
v 5 2
v 6 2
v 7 3
v 8 3
v 9 3
v 10 3
v 11 3
v 12 3
v 13 3
v 14 3
v 15 3
v 16 3
v 17 3
v 18 3
v 19 3
v 20 3
v 21 3
v 22 3
v 23 4
v 24 4
v 25 4
v 26 4
v 27 4
v 28 4
v 29 4
v 30 4
v 31 4
v 32 4
v 33 4
v 34 4
v 35 4
v 36 4
v 37 4
v 38 4
e 0 1 2
e 0 2 2
e 0 7 1
e 0 8 1
e 3 19 2
e 4 20 2
e 5 13 1
e 5 19 1
e 5 31 1
e 6 14 1
e 6 20 1
e 6 32 1
e 7 9 2
e 7 11 1
e 8 10 2
e 8 12 1
e 9 15 1
e 9 23 1
e 10 16 1
e 10 24 1
e 11 17 2
e 11 25 1
e 12 18 2
e 12 26 1
e 13 15 2
e 13 17 1
e 14 16 2
e 14 18 1
e 15 27 1
e 16 28 1
e 17 29 1
e 18 30 1
e 19 21 1
e 20 22 1
e 21 33 1
e 21 34 1
e 21 35 1
e 22 36 1
e 22 37 1
e 22 38 1
t # 69258
v 0 1
v 1 1
v 2 2
v 3 3
v 4 3
v 5 3
v 6 3
v 7 3
v 8 3
v 9 3
v 10 3
v 11 3
v 12 3
v 13 3
v 14 3
v 15 3
v 16 3
v 17 3
v 18 3
v 19 4
v 20 4
v 21 4
v 22 4
v 23 4
v 24 4
v 25 4
v 26 4
v 27 4
v 28 4
v 29 4
v 30 4
v 31 4
v 32 4
v 33 4
v 34 4
v 35 4
v 36 4
v 37 4
v 38 4
v 39 4
v 40 4
v 41 4
e 0 10 1
e 0 17 1
e 1 10 2
e 2 7 1
e 2 8 1
e 2 11 1
e 3 4 1
e 3 5 1
e 3 9 1
e 3 10 1
e 4 6 1
e 4 19 1
e 4 20 1
e 5 7 1
e 5 21 1
e 5 22 1
e 6 8 1
e 6 23 1
e 6 24 1
e 7 25 1
e 7 26 1
e 8 27 1
e 8 28 1
e 9 12 2
e 9 13 1
e 11 29 1
e 11 30 1
e 11 31 1
e 12 14 1
e 12 32 1
e 13 15 2
e 13 33 1
e 14 16 2
e 14 34 1
e 15 16 1
e 15 35 1
e 16 36 1
e 17 18 1
e 17 37 1
e 17 38 1
e 18 39 1
e 18 40 1
e 18 41 1
t # 69259
v 0 12
v 1 41
v 2 3
v 3 3
v 4 3
v 5 3
v 6 3
v 7 3
v 8 3
v 9 3
v 10 3
v 11 3
v 12 3
v 13 3
v 14 3
v 15 3
v 16 3
v 17 3
v 18 3
v 19 3
v 20 4
v 21 4
v 22 4
v 23 4
v 24 4
v 25 4
v 26 4
v 27 4
v 28 4
v 29 4
v 30 4
v 31 4
v 32 4
v 33 4
v 34 4
e 2 5 2
e 2 8 1
e 3 6 2
e 3 9 1
e 4 7 2
e 4 10 1
e 5 11 1
e 5 20 1
e 6 12 1
e 6 21 1
e 7 13 1
e 7 22 1
e 8 14 2
e 8 23 1
e 9 15 2
e 9 24 1
e 10 16 2
e 10 25 1
e 11 17 2
e 11 26 1
e 12 18 2
e 12 27 1
e 13 19 2
e 13 28 1
e 14 17 1
e 14 29 1
e 15 18 1
e 15 30 1
e 16 19 1
e 16 31 1
e 17 32 1
e 18 33 1
e 19 34 1
t # 69260
v 0 1
v 1 3
v 2 3
v 3 3
v 4 3
v 5 3
v 6 3
v 7 3
v 8 3
v 9 3
v 10 3
v 11 3
v 12 3
v 13 3
v 14 3
v 15 3
v 16 3
v 17 3
v 18 3
v 19 3
v 20 4
v 21 4
v 22 4
v 23 4
v 24 4
v 25 4
v 26 4
v 27 4
v 28 4
v 29 4
v 30 4
v 31 4
v 32 4
v 33 4
v 34 4
v 35 4
e 0 1 1
e 0 26 1
e 1 2 1
e 1 3 1
e 1 4 1
e 2 5 2
e 2 8 1
e 3 6 2
e 3 9 1
e 4 7 2
e 4 10 1
e 5 11 1
e 5 20 1
e 6 12 1
e 6 21 1
e 7 13 1
e 7 22 1
e 8 14 2
e 8 23 1
e 9 15 2
e 9 24 1
e 10 16 2
e 10 25 1
e 11 17 2
e 11 27 1
e 12 18 2
e 12 28 1
e 13 19 2
e 13 29 1
e 14 17 1
e 14 30 1
e 15 18 1
e 15 31 1
e 16 19 1
e 16 32 1
e 17 33 1
e 18 34 1
e 19 35 1
t # 69261
v 0 1
v 1 1
v 2 3
v 3 3
v 4 3
v 5 3
v 6 3
v 7 3
v 8 3
v 9 3
v 10 3
v 11 3
v 12 3
v 13 3
v 14 4
v 15 4
v 16 4
v 17 4
v 18 4
v 19 4
v 20 4
v 21 4
v 22 4
v 23 4
v 24 4
v 25 4
v 26 4
v 27 4
v 28 4
v 29 4
v 30 4
v 31 4
v 32 4
v 33 4
e 0 5 1
e 0 12 1
e 1 12 2
e 2 3 1
e 2 5 1
e 2 6 1
e 2 9 1
e 3 4 1
e 3 10 1
e 3 11 1
e 4 7 1
e 4 8 1
e 4 14 1
e 5 7 1
e 5 15 1
e 6 8 1
e 6 16 1
e 6 17 1
e 7 18 1
e 7 19 1
e 8 20 1
e 8 21 1
e 9 22 1
e 9 23 1
e 9 24 1
e 10 25 1
e 10 26 1
e 10 27 1
e 11 28 1
e 11 29 1
e 11 30 1
e 12 13 1
e 13 31 1
e 13 32 1
e 13 33 1
t # 69262
v 0 1
v 1 1
v 2 1
v 3 2
v 4 3
v 5 3
v 6 3
v 7 3
v 8 4
v 9 4
v 10 4
v 11 4
v 12 4
v 13 4
v 14 4
v 15 4
v 16 4
e 0 5 1
e 0 16 1
e 3 4 1
e 4 5 1
e 4 6 1
e 4 7 1
e 5 8 1
e 5 9 1
e 6 10 1
e 6 11 1
e 6 12 1
e 7 13 1
e 7 14 1
e 7 15 1
t # 69263
v 0 1
v 1 1
v 2 1
v 3 1
v 4 1
v 5 1
v 6 1
v 7 1
v 8 3
v 9 3
v 10 3
v 11 3
v 12 4
v 13 4
v 14 4
v 15 4
v 16 4
v 17 4
e 0 8 1
e 0 12 1
e 1 8 1
e 1 13 1
e 2 9 1
e 2 14 1
e 3 9 1
e 3 15 1
e 4 10 1
e 4 16 1
e 5 11 1
e 5 17 1
e 6 10 2
e 7 11 2
e 8 9 1
e 8 10 1
e 9 11 1
t # 69264
v 0 1
v 1 1
v 2 1
v 3 1
v 4 1
v 5 1
v 6 1
v 7 1
v 8 2
v 9 2
v 10 2
v 11 2
v 12 3
v 13 3
v 14 3
v 15 3
v 16 3
v 17 3
v 18 3
v 19 3
v 20 4
v 21 4
v 22 4
v 23 4
v 24 4
v 25 4
e 0 12 1
e 0 24 1
e 1 13 1
e 1 25 1
e 2 14 2
e 3 15 2
e 4 16 2
e 5 17 2
e 6 18 2
e 7 19 2
e 8 14 1
e 8 18 1
e 8 20 1
e 9 15 1
e 9 18 1
e 9 21 1
e 10 16 1
e 10 19 1
e 10 22 1
e 11 17 1
e 11 19 1
e 11 23 1
e 12 13 1
e 12 14 1
e 12 15 1
e 13 16 1
e 13 17 1
t # 69265
v 0 18
v 1 18
v 2 18
v 3 1
v 4 3
v 5 3
v 6 3
v 7 3
v 8 4
v 9 4
v 10 4
v 11 4
v 12 4
v 13 4
v 14 4
e 3 4 1
e 3 14 1
e 4 5 1
e 4 6 1
e 4 7 1
e 6 8 1
e 6 9 1
e 6 10 1
e 7 11 1
e 7 12 1
e 7 13 1
t # 69266
v 0 1
v 1 1
v 2 3
v 3 3
v 4 3
v 5 3
v 6 3
v 7 4
v 8 4
v 9 4
v 10 4
v 11 4
v 12 4
v 13 4
v 14 4
v 15 4
v 16 4
e 0 6 1
e 0 16 1
e 1 6 2
e 2 3 1
e 2 4 1
e 2 5 1
e 2 6 1
e 3 7 1
e 3 8 1
e 3 9 1
e 4 10 1
e 4 11 1
e 4 12 1
e 5 13 1
e 5 14 1
e 5 15 1
t # 69267
v 0 1
v 1 3
v 2 3
v 3 3
v 4 3
v 5 3
v 6 3
v 7 4
v 8 4
v 9 4
v 10 4
v 11 4
v 12 4
v 13 4
v 14 4
v 15 4
v 16 4
v 17 4
v 18 4
e 0 5 2
e 1 2 1
e 1 3 1
e 1 4 1
e 1 5 1
e 2 7 1
e 2 8 1
e 2 9 1
e 3 10 1
e 3 11 1
e 3 12 1
e 4 13 1
e 4 14 1
e 4 15 1
e 5 6 1
e 6 16 1
e 6 17 1
e 6 18 1
t # 69268
v 0 18
v 1 18
v 2 18
v 3 1
v 4 1
v 5 3
v 6 3
v 7 4
e 3 6 1
e 3 7 1
e 4 6 2
e 5 6 1
t # 69269
v 0 11
v 1 1
v 2 1
v 3 1
v 4 1
v 5 3
v 6 4
v 7 4
v 8 4
v 9 4
e 0 3 2
e 0 4 2
e 0 5 1
e 1 8 1
e 2 5 1
e 2 9 1
e 5 6 1
e 5 7 1
t # 69270
v 0 1
v 1 1
v 2 3
v 3 3
v 4 3
v 5 3
v 6 4
v 7 4
v 8 4
v 9 4
v 10 4
v 11 4
v 12 4
v 13 4
v 14 4
v 15 4
e 0 2 1
e 1 15 1
e 2 3 1
e 2 4 1
e 2 5 1
e 3 6 1
e 3 7 1
e 3 8 1
e 4 9 1
e 4 10 1
e 4 11 1
e 5 12 1
e 5 13 1
e 5 14 1
t # 69271
v 0 1
v 1 3
v 2 3
v 3 3
v 4 3
v 5 3
v 6 4
v 7 4
v 8 4
v 9 4
v 10 4
v 11 4
v 12 4
v 13 4
v 14 4
v 15 4
v 16 4
v 17 4
e 0 1 1
e 0 17 1
e 1 2 1
e 1 3 1
e 1 4 1
e 2 5 1
e 2 6 1
e 2 7 1
e 3 8 1
e 3 9 1
e 3 10 1
e 4 11 1
e 4 12 1
e 4 13 1
e 5 14 1
e 5 15 1
e 5 16 1
t # 69272
v 0 18
v 1 18
v 2 18
v 3 1
v 4 3
v 5 3
v 6 4
v 7 4
v 8 4
e 3 4 1
e 3 8 1
e 4 5 1
e 4 6 1
e 4 7 1
t # 69273
v 0 11
v 1 1
v 2 1
v 3 1
v 4 3
v 5 4
v 6 4
v 7 4
v 8 4
e 0 2 2
e 0 3 2
e 0 4 1
e 1 8 1
e 4 5 1
e 4 6 1
e 4 7 1
t # 69274
v 0 2
v 1 3
v 2 3
v 3 3
v 4 3
v 5 4
v 6 4
v 7 4
v 8 4
v 9 4
v 10 4
v 11 4
v 12 4
v 13 4
v 14 4
v 15 4
v 16 4
e 0 1 1
e 0 2 1
e 0 3 1
e 0 4 1
e 1 5 1
e 1 6 1
e 1 7 1
e 2 8 1
e 2 9 1
e 2 10 1
e 3 11 1
e 3 12 1
e 3 13 1
e 4 14 1
e 4 15 1
e 4 16 1
t # 69275
v 0 11
v 1 3
v 2 3
v 3 3
v 4 4
v 5 4
v 6 4
v 7 4
v 8 4
v 9 4
v 10 4
v 11 4
e 0 1 1
e 1 2 1
e 1 3 1
e 1 4 1
e 2 5 1
e 2 6 1
e 2 7 1
e 3 8 1
e 3 9 1
e 3 10 1
t # 69276
v 0 2
v 1 3
v 2 3
v 3 4
v 4 4
v 5 4
v 6 4
v 7 4
v 8 4
v 9 4
e 0 1 1
e 0 8 1
e 0 9 1
e 1 2 1
e 1 3 1
e 1 4 1
e 2 5 1
e 2 6 1
e 2 7 1
t # 69277
v 0 2
v 1 2
v 2 3
v 3 3
v 4 3
v 5 3
v 6 3
v 7 3
v 8 3
v 9 3
v 10 3
v 11 3
v 12 3
v 13 3
v 14 3
v 15 3
v 16 3
v 17 3
v 18 3
v 19 3
v 20 4
v 21 4
v 22 4
v 23 4
v 24 4
v 25 4
v 26 4
v 27 4
v 28 4
v 29 4
v 30 4
v 31 4
v 32 4
v 33 4
v 34 4
v 35 4
e 0 2 1
e 0 8 1
e 0 24 1
e 1 3 1
e 1 9 1
e 1 25 1
e 2 4 2
e 2 6 1
e 3 5 2
e 3 7 1
e 4 5 1
e 4 20 1
e 5 21 1
e 6 7 2
e 6 22 1
e 7 23 1
e 8 10 2
e 8 12 1
e 9 11 2
e 9 13 1
e 10 14 1
e 10 26 1
e 11 15 1
e 11 27 1
e 12 16 2
e 12 28 1
e 13 17 2
e 13 29 1
e 14 18 2
e 14 30 1
e 15 19 2
e 15 31 1
e 16 18 1
e 16 32 1
e 17 19 1
e 17 33 1
e 18 34 1
e 19 35 1
t # 69278
v 0 12
v 1 1
v 2 1
v 3 3
v 4 3
v 5 3
v 6 3
v 7 3
v 8 3
v 9 3
v 10 4
v 11 4
v 12 4
v 13 4
v 14 4
e 0 8 1
e 1 9 1
e 1 14 1
e 2 9 2
e 3 4 2
e 3 5 1
e 3 9 1
e 4 6 1
e 4 10 1
e 5 7 2
e 5 11 1
e 6 8 2
e 6 12 1
e 7 8 1
e 7 13 1
t # 69279
v 0 1
v 1 2
v 2 2
v 3 3
v 4 3
v 5 3
v 6 3
v 7 3
v 8 3
v 9 3
v 10 3
v 11 3
v 12 3
v 13 3
v 14 3
v 15 3
v 16 3
v 17 3
v 18 3
v 19 4
v 20 4
v 21 4
v 22 4
v 23 4
v 24 4
v 25 4
v 26 4
v 27 4
v 28 4
v 29 4
v 30 4
v 31 4
v 32 4
e 0 6 2
e 1 3 1
e 1 4 1
e 1 6 1
e 2 4 2
e 2 8 1
e 3 7 1
e 3 9 2
e 4 11 1
e 5 6 1
e 5 8 1
e 5 10 2
e 7 12 2
e 7 14 1
e 8 13 2
e 9 15 1
e 9 19 1
e 10 17 1
e 10 20 1
e 11 21 1
e 11 22 1
e 11 23 1
e 12 16 1
e 12 24 1
e 13 18 1
e 13 25 1
e 14 26 1
e 14 27 1
e 14 28 1
e 15 16 2
e 15 29 1
e 16 30 1
e 17 18 2
e 17 31 1
e 18 32 1
t # 69280
v 0 1
v 1 1
v 2 1
v 3 1
v 4 1
v 5 1
v 6 1
v 7 1
v 8 1
v 9 1
v 10 1
v 11 2
v 12 3
v 13 3
v 14 3
v 15 3
v 16 3
v 17 3
v 18 3
v 19 3
v 20 3
v 21 3
v 22 3
v 23 3
v 24 3
v 25 3
v 26 3
v 27 3
v 28 3
v 29 3
v 30 3
v 31 3
v 32 3
v 33 3
v 34 3
v 35 3
v 36 3
v 37 3
v 38 3
v 39 3
v 40 3
v 41 3
v 42 3
v 43 3
v 44 3
v 45 3
v 46 3
v 47 3
v 48 4
v 49 4
v 50 4
v 51 4
v 52 4
v 53 4
v 54 4
v 55 4
v 56 4
v 57 4
v 58 4
v 59 4
v 60 4
v 61 4
v 62 4
v 63 4
v 64 4
v 65 4
v 66 4
v 67 4
v 68 4
v 69 4
v 70 4
v 71 4
v 72 4
v 73 4
v 74 4
v 75 4
v 76 4
v 77 4
v 78 4
v 79 4
v 80 4
v 81 4
v 82 4
v 83 4
v 84 4
v 85 4
v 86 4
v 87 4
v 88 4
v 89 4
v 90 4
v 91 4
v 92 4
v 93 4
v 94 4
v 95 4
v 96 4
v 97 4
v 98 4
e 0 12 1
e 0 19 1
e 15 1 1
e 1 71 1
e 16 2 1
e 2 72 1
e 19 3 1
e 3 73 1
e 23 4 1
e 4 74 1
e 27 5 1
e 5 38 1
e 26 6 1
e 6 82 1
e 30 7 1
e 7 83 1
e 8 38 2
e 9 43 1
e 9 46 1
e 10 45 1
e 10 47 1
e 11 31 1
e 11 32 1
e 11 35 1
e 12 13 1
e 12 14 1
e 12 18 1
e 13 17 1
e 13 24 1
e 13 28 1
e 14 15 1
e 14 21 1
e 14 48 1
e 15 16 1
e 15 25 1
e 16 18 1
e 16 20 1
e 17 19 1
e 17 22 1
e 17 49 1
e 18 50 1
e 18 51 1
e 19 27 1
e 20 23 1
e 20 31 1
e 20 52 1
e 21 22 1
e 21 53 1
e 21 54 1
e 22 55 1
e 22 56 1
e 23 26 1
e 23 30 1
e 24 29 1
e 24 57 1
e 24 58 1
e 25 26 1
e 25 59 1
e 25 60 1
e 26 61 1
e 27 29 1
e 27 62 1
e 28 63 1
e 28 64 1
e 28 65 1
e 29 66 1
e 29 67 1
e 30 32 1
e 30 33 1
e 31 68 1
e 31 69 1
e 32 34 1
e 32 70 1
e 33 75 1
e 33 76 1
e 33 77 1
e 34 37 1
e 34 78 1
e 34 79 1
e 35 36 1
e 35 80 1
e 35 81 1
e 36 37 1
e 36 39 1
e 36 84 1
e 37 85 1
e 37 86 1
e 38 40 1
e 39 87 1
e 39 88 1
e 39 89 1
e 40 41 2
e 40 42 1
e 41 43 1
e 41 90 1
e 42 44 2
e 42 91 1
e 43 45 2
e 44 45 1
e 44 92 1
e 46 93 1
e 46 94 1
e 46 95 1
e 47 96 1
e 47 97 1
e 47 98 1
t # 69281
v 0 1
v 1 1
v 2 3
v 3 3
v 4 3
v 5 3
v 6 3
v 7 3
v 8 3
v 9 3
v 10 3
v 11 4
v 12 4
v 13 4
v 14 4
v 15 4
v 16 4
v 17 4
v 18 4
v 19 4
v 20 4
e 0 4 2
e 1 10 1
e 1 20 1
e 2 4 1
e 2 5 2
e 2 6 1
e 3 4 1
e 3 7 1
e 3 11 1
e 3 12 1
e 5 8 1
e 5 13 1
e 6 9 2
e 6 14 1
e 7 15 1
e 7 16 1
e 7 17 1
e 8 10 2
e 8 18 1
e 9 10 1
e 9 19 1
t # 69282
v 0 1
v 1 2
v 2 3
v 3 3
v 4 3
v 5 3
v 6 3
v 7 3
v 8 3
v 9 3
v 10 3
v 11 4
v 12 4
v 13 4
v 14 4
v 15 4
v 16 4
v 17 4
v 18 4
v 19 4
v 20 4
v 21 4
e 0 4 2
e 1 7 1
e 1 20 1
e 1 21 1
e 2 4 1
e 2 5 2
e 2 6 1
e 3 4 1
e 3 10 1
e 3 11 1
e 3 12 1
e 5 8 1
e 5 13 1
e 6 9 2
e 6 14 1
e 7 8 2
e 7 9 1
e 8 15 1
e 9 16 1
e 10 17 1
e 10 18 1
e 10 19 1
t # 69283
v 0 11
v 1 1
v 2 1
v 3 2
v 4 3
v 5 3
v 6 3
v 7 3
v 8 3
v 9 3
v 10 3
v 11 4
v 12 4
v 13 4
v 14 4
v 15 4
v 16 4
v 17 4
v 18 4
v 19 4
e 0 1 2
e 0 2 2
e 0 4 1
e 3 18 1
e 3 19 1
e 4 6 2
e 4 7 1
e 5 8 2
e 5 9 1
e 5 10 1
e 6 8 1
e 6 11 1
e 7 9 2
e 7 12 1
e 8 13 1
e 9 14 1
e 10 15 1
e 10 16 1
e 10 17 1
t # 69284
v 0 11
v 1 1
v 2 1
v 3 1
v 4 1
v 5 3
v 6 3
v 7 3
v 8 3
v 9 4
v 10 4
v 11 4
v 12 4
v 13 4
v 14 4
e 0 5 1
e 1 7 1
e 1 13 1
e 2 8 1
e 2 14 1
e 3 7 2
e 4 8 2
e 5 6 1
e 5 7 1
e 5 9 1
e 6 8 1
e 6 10 1
e 6 11 1
t # 69285
v 0 12
v 1 1
v 2 1
v 3 1
v 4 1
v 5 3
v 6 3
v 7 3
v 8 3
v 9 3
v 10 3
v 11 3
v 12 3
v 13 3
v 14 3
v 15 3
v 16 3
v 17 3
v 18 3
v 19 3
v 20 3
v 21 3
v 22 3
v 23 4
v 24 4
v 25 4
v 26 4
v 27 4
v 28 4
v 29 4
v 30 4
v 31 4
v 32 4
v 33 4
v 34 4
v 35 4
v 36 4
v 37 4
v 38 4
v 39 4
v 40 4
v 41 4
v 42 4
v 43 4
e 0 18 1
e 1 11 1
e 1 15 1
e 2 11 2
e 3 19 1
e 3 22 1
e 4 21 1
e 4 22 1
e 5 6 1
e 5 7 1
e 5 8 1
e 5 9 1
e 6 7 1
e 6 10 1
e 6 23 1
e 7 11 1
e 7 24 1
e 8 25 1
e 8 26 1
e 8 27 1
e 9 28 1
e 9 29 1
e 9 30 1
e 10 12 2
e 10 31 1
e 12 13 1
e 12 14 1
e 13 32 1
e 13 33 1
e 13 34 1
e 14 35 1
e 14 36 1
e 14 37 1
e 15 16 1
e 15 38 1
e 15 39 1
e 16 17 2
e 16 18 1
e 17 19 1
e 17 40 1
e 18 20 2
e 19 21 2
e 20 21 1
e 20 41 1
e 22 42 1
e 22 43 1
t # 69286
v 0 18
v 1 1
v 2 3
v 3 3
v 4 3
v 5 3
v 6 3
v 7 3
v 8 3
v 9 3
v 10 4
v 11 4
v 12 4
v 13 4
v 14 4
v 15 4
v 16 4
e 1 5 2
e 2 3 2
e 2 4 1
e 2 5 1
e 3 6 1
e 3 10 1
e 4 7 2
e 4 11 1
e 5 9 1
e 6 8 2
e 6 12 1
e 7 8 1
e 7 13 1
e 8 14 1
e 9 15 1
e 9 16 1
t # 69287
v 0 14
v 1 14
v 2 1
v 3 1
v 4 1
v 5 1
v 6 1
v 7 1
v 8 3
v 9 3
v 10 3
v 11 3
v 12 3
v 13 3
v 14 3
v 15 3
v 16 3
v 17 3
v 18 3
v 19 3
v 20 3
v 21 3
v 22 3
v 23 3
v 24 3
v 25 3
v 26 3
v 27 3
v 28 3
v 29 3
v 30 3
v 31 3
v 32 4
v 33 4
v 34 4
v 35 4
v 36 4
v 37 4
v 38 4
v 39 4
v 40 4
v 41 4
v 42 4
v 43 4
v 44 4
v 45 4
v 46 4
v 47 4
v 48 4
v 49 4
v 50 4
v 51 4
v 52 4
v 53 4
v 54 4
v 55 4
v 56 4
v 57 4
v 58 4
v 59 4
v 60 4
v 61 4
e 2 11 1
e 2 22 1
e 3 13 1
e 3 22 1
e 16 4 1
e 4 50 1
e 5 21 2
e 6 26 1
e 6 61 1
e 7 31 2
e 8 9 1
e 8 11 1
e 8 15 1
e 8 19 1
e 9 10 1
e 9 14 1
e 9 32 1
e 10 12 1
e 10 18 1
e 10 33 1
e 11 13 1
e 11 21 1
e 12 16 1
e 12 17 1
e 13 14 1
e 13 34 1
e 14 35 1
e 14 36 1
e 15 16 1
e 15 37 1
e 15 38 1
e 16 39 1
e 17 23 1
e 17 24 1
e 17 25 1
e 18 20 1
e 18 40 1
e 18 41 1
e 19 42 1
e 19 43 1
e 19 44 1
e 20 23 1
e 20 45 1
e 21 26 1
e 22 27 1
e 22 28 1
e 23 29 2
e 24 46 1
e 24 47 1
e 24 48 1
e 25 30 2
e 25 49 1
e 26 51 1
e 26 52 1
e 27 53 1
e 27 54 1
e 27 55 1
e 28 56 1
e 28 57 1
e 28 58 1
e 29 31 1
e 29 59 1
e 30 31 1
e 30 60 1
t # 69288
v 0 12
v 1 12
v 2 12
v 3 12
v 4 12
v 5 12
v 6 3
v 7 3
e 0 6 1
e 1 6 1
e 2 6 1
e 3 7 1
e 4 7 1
e 5 7 1
e 6 7 1
t # 69289
v 0 1
v 1 1
v 2 1
v 3 1
v 4 1
v 5 1
v 6 1
v 7 1
v 8 1
v 9 1
v 10 2
v 11 2
v 12 3
v 13 3
v 14 3
v 15 3
v 16 3
v 17 3
v 18 3
v 19 3
v 20 3
v 21 3
v 22 3
v 23 3
v 24 3
v 25 3
v 26 4
v 27 4
v 28 4
v 29 4
v 30 4
v 31 4
v 32 4
v 33 4
v 34 4
v 35 4
v 36 4
v 37 4
v 38 4
v 39 4
v 40 4
v 41 4
v 42 4
v 43 4
v 44 4
v 45 4
v 46 4
v 47 4
v 48 4
v 49 4
e 0 14 1
e 0 20 1
e 1 15 1
e 1 21 1
e 2 22 1
e 2 46 1
e 3 23 1
e 3 47 1
e 4 24 1
e 4 48 1
e 5 25 1
e 5 49 1
e 6 22 2
e 7 23 2
e 8 24 2
e 9 25 2
e 10 12 1
e 10 16 1
e 10 17 1
e 11 13 1
e 11 18 1
e 11 19 1
e 12 14 1
e 12 26 1
e 12 27 1
e 13 15 1
e 13 28 1
e 13 29 1
e 14 30 1
e 14 31 1
e 15 32 1
e 15 33 1
e 16 22 1
e 16 34 1
e 16 35 1
e 17 23 1
e 17 36 1
e 17 37 1
e 18 24 1
e 18 38 1
e 18 39 1
e 19 25 1
e 19 40 1
e 19 41 1
e 20 21 1
e 20 42 1
e 20 43 1
e 21 44 1
e 21 45 1
t # 69290
v 0 11
v 1 1
v 2 1
v 3 2
v 4 3
v 5 3
v 6 3
v 7 3
v 8 3
v 9 3
v 10 4
v 11 4
v 12 4
v 13 4
v 14 4
v 15 4
v 16 4
v 17 4
v 18 4
v 19 4
v 20 4
v 21 4
v 22 4
e 0 6 1
e 0 8 1
e 1 7 1
e 1 22 1
e 2 7 2
e 3 5 1
e 3 15 1
e 3 16 1
e 4 5 1
e 4 6 1
e 4 10 1
e 4 11 1
e 5 7 1
e 5 12 1
e 6 13 1
e 6 14 1
e 8 9 1
e 8 17 1
e 8 18 1
e 9 19 1
e 9 20 1
e 9 21 1
t # 69291
v 0 1
v 1 3
v 2 3
v 3 3
v 4 3
v 5 3
v 6 3
v 7 3
v 8 3
v 9 3
v 10 3
v 11 3
v 12 4
v 13 4
v 14 4
v 15 4
v 16 4
v 17 4
v 18 4
v 19 4
e 0 11 2
e 1 2 1
e 1 3 1
e 1 6 2
e 2 4 1
e 2 7 2
e 3 5 2
e 3 12 1
e 4 8 2
e 4 13 1
e 5 8 1
e 5 11 1
e 6 9 1
e 6 14 1
e 7 10 1
e 7 15 1
e 8 16 1
e 9 10 2
e 9 17 1
e 10 18 1
e 11 19 1
t # 69292
v 0 1
v 1 3
v 2 3
v 3 3
v 4 3
v 5 3
v 6 3
v 7 3
v 8 3
v 9 3
v 10 3
v 11 3
v 12 4
v 13 4
v 14 4
v 15 4
v 16 4
v 17 4
v 18 4
v 19 4
e 0 11 2
e 1 2 1
e 1 3 1
e 1 4 2
e 2 5 1
e 2 6 2
e 3 7 2
e 3 11 1
e 4 9 1
e 4 12 1
e 5 8 2
e 5 13 1
e 6 10 1
e 6 14 1
e 7 8 1
e 7 15 1
e 8 16 1
e 9 10 2
e 9 17 1
e 10 18 1
e 11 19 1
t # 69293
v 0 1
v 1 1
v 2 1
v 3 1
v 4 1
v 5 1
v 6 3
v 7 3
v 8 3
v 9 3
v 10 3
v 11 3
v 12 3
v 13 3
v 14 3
v 15 3
v 16 3
v 17 3
v 18 3
v 19 3
v 20 3
v 21 3
v 22 3
v 23 3
v 24 3
v 25 3
v 26 3
v 27 3
v 28 3
v 29 4
v 30 4
v 31 4
v 32 4
v 33 4
v 34 4
v 35 4
v 36 4
v 37 4
v 38 4
v 39 4
v 40 4
v 41 4
v 42 4
v 43 4
v 44 4
v 45 4
v 46 4
v 47 4
v 48 4
v 49 4
v 50 4
v 51 4
v 52 4
v 53 4
v 54 4
v 55 4
v 56 4
v 57 4
v 58 4
v 59 4
v 60 4
e 6 0 1
e 0 54 1
e 11 1 1
e 1 56 1
e 23 2 1
e 2 60 1
e 3 24 2
e 4 26 1
e 4 28 1
e 5 28 2
e 6 7 1
e 6 8 1
e 6 15 1
e 7 9 1
e 7 16 1
e 7 29 1
e 8 12 1
e 8 13 1
e 8 20 1
e 9 10 1
e 9 14 1
e 9 30 1
e 10 11 1
e 10 19 1
e 10 24 1
e 11 17 1
e 11 21 1
e 12 18 1
e 12 25 1
e 12 31 1
e 13 14 1
e 13 32 1
e 13 33 1
e 14 34 1
e 14 35 1
e 15 18 1
e 15 36 1
e 15 37 1
e 16 17 1
e 16 38 1
e 16 39 1
e 17 40 1
e 17 41 1
e 18 42 1
e 18 43 1
e 19 22 1
e 19 44 1
e 19 45 1
e 20 46 1
e 20 47 1
e 20 48 1
e 21 23 1
e 21 49 1
e 21 50 1
e 22 23 1
e 22 51 1
e 22 52 1
e 23 53 1
e 24 55 1
e 25 26 1
e 25 27 2
e 26 57 1
e 26 58 1
e 27 28 1
e 27 59 1
t # 69294
v 0 27
v 1 27
v 2 1
v 3 1
v 4 1
v 5 2
v 6 3
v 7 3
v 8 3
v 9 3
v 10 3
v 11 3
v 12 3
v 13 3
v 14 3
v 15 4
v 16 4
v 17 4
v 18 4
v 19 4
v 20 4
v 21 4
v 22 4
v 23 4
e 2 11 1
e 2 22 1
e 3 14 1
e 3 23 1
e 4 11 2
e 5 7 1
e 5 20 1
e 5 21 1
e 6 7 1
e 6 8 1
e 6 15 1
e 6 16 1
e 7 11 1
e 7 17 1
e 8 9 2
e 8 10 1
e 9 13 1
e 9 18 1
e 10 12 2
e 10 19 1
e 12 14 1
e 13 14 2
t # 69295
v 0 1
v 1 1
v 2 1
v 3 1
v 4 1
v 5 1
v 6 2
v 7 3
v 8 3
v 9 3
v 10 3
v 11 3
v 12 3
v 13 3
v 14 3
v 15 3
v 16 3
v 17 3
v 18 3
v 19 3
v 20 3
v 21 3
v 22 3
v 23 3
v 24 3
v 25 3
v 26 3
v 27 3
v 28 3
v 29 4
v 30 4
v 31 4
v 32 4
v 33 4
v 34 4
v 35 4
v 36 4
v 37 4
v 38 4
v 39 4
v 40 4
v 41 4
v 42 4
v 43 4
v 44 4
v 45 4
v 46 4
v 47 4
v 48 4
v 49 4
v 50 4
v 51 4
v 52 4
v 53 4
e 0 14 1
e 0 25 1
e 1 18 1
e 1 26 1
e 2 19 1
e 2 27 1
e 3 23 1
e 3 28 1
e 4 20 2
e 5 21 2
e 7 6 1
e 6 21 1
e 6 34 1
e 7 8 1
e 7 10 1
e 7 29 1
e 8 9 1
e 8 30 1
e 8 31 1
e 9 11 1
e 9 32 1
e 9 33 1
e 10 13 1
e 10 16 2
e 11 12 1
e 11 15 2
e 12 13 1
e 12 14 2
e 13 17 2
e 14 18 1
e 15 19 1
e 15 35 1
e 16 20 1
e 16 36 1
e 17 22 1
e 17 37 1
e 18 19 2
e 20 23 1
e 21 24 1
e 22 23 2
e 22 38 1
e 24 39 1
e 24 40 1
e 24 41 1
e 25 42 1
e 25 43 1
e 25 44 1
e 26 45 1
e 26 46 1
e 26 47 1
e 27 48 1
e 27 49 1
e 27 50 1
e 28 51 1
e 28 52 1
e 28 53 1
t # 69296
v 0 11
v 1 1
v 2 1
v 3 1
v 4 1
v 5 3
v 6 3
v 7 3
v 8 3
v 9 4
v 10 4
v 11 4
v 12 4
v 13 4
v 14 4
v 15 4
v 16 4
v 17 4
v 18 4
e 0 3 2
e 0 4 2
e 1 5 1
e 2 6 1
e 5 7 1
e 5 9 1
e 5 10 1
e 6 8 1
e 6 11 1
e 6 12 1
e 7 13 1
e 7 14 1
e 7 15 1
e 8 16 1
e 8 17 1
e 8 18 1
t # 69297
v 0 1
v 1 2
v 2 2
v 3 3
v 4 3
v 5 3
v 6 3
v 7 3
v 8 3
v 9 3
v 10 4
v 11 4
v 12 4
v 13 4
v 14 4
v 15 4
v 16 4
v 17 4
e 0 9 2
e 1 3 1
e 1 9 1
e 1 12 1
e 2 9 1
e 2 16 1
e 2 17 1
e 3 4 2
e 3 5 1
e 4 6 1
e 4 10 1
e 5 7 2
e 5 11 1
e 6 8 2
e 6 13 1
e 7 8 1
e 7 14 1
e 8 15 1
t # 69298
v 0 1
v 1 2
v 2 2
v 3 3
v 4 3
v 5 3
v 6 3
v 7 3
v 8 3
v 9 3
v 10 3
v 11 4
v 12 4
v 13 4
v 14 4
v 15 4
v 16 4
v 17 4
v 18 4
v 19 4
v 20 4
e 0 10 2
e 1 4 1
e 1 10 1
e 1 18 1
e 2 10 1
e 2 19 1
e 2 20 1
e 3 5 2
e 3 6 1
e 3 9 1
e 4 5 1
e 4 7 2
e 5 11 1
e 6 8 2
e 6 13 1
e 7 8 1
e 7 12 1
e 8 14 1
e 9 15 1
e 9 16 1
e 9 17 1
t # 69299
v 0 1
v 1 1
v 2 2
v 3 3
v 4 3
v 5 3
v 6 3
v 7 4
v 8 4
v 9 4
v 10 4
v 11 4
v 12 4
v 13 4
v 14 4
v 15 4
e 0 6 1
e 0 15 1
e 1 6 2
e 2 3 1
e 2 13 1
e 2 14 1
e 3 4 1
e 3 5 1
e 3 6 1
e 4 7 1
e 4 8 1
e 4 9 1
e 5 10 1
e 5 11 1
e 5 12 1
