t # 67300
v 0 3
v 1 3
v 2 3
v 3 3
v 4 3
v 5 3
v 6 3
v 7 3
v 8 3
v 9 3
v 10 4
v 11 4
v 12 4
v 13 4
v 14 4
v 15 4
v 16 4
v 17 4
v 18 4
v 19 4
v 20 4
v 21 4
v 22 4
v 23 4
v 24 4
v 25 4
v 26 4
v 27 4
e 0 1 1
e 0 2 1
e 0 10 1
e 0 11 1
e 1 3 1
e 1 12 1
e 1 13 1
e 2 4 1
e 2 14 1
e 2 15 1
e 3 5 1
e 3 16 1
e 3 17 1
e 4 6 1
e 4 18 1
e 4 19 1
e 5 7 1
e 5 20 1
e 5 21 1
e 6 8 2
e 6 22 1
e 7 9 2
e 7 23 1
e 8 24 1
e 8 25 1
e 9 26 1
e 9 27 1
t # 67301
v 0 1
v 1 1
v 2 3
v 3 3
v 4 3
v 5 3
v 6 3
v 7 3
v 8 3
v 9 3
v 10 3
v 11 3
v 12 4
v 13 4
v 14 4
v 15 4
v 16 4
v 17 4
v 18 4
v 19 4
e 0 3 1
e 0 4 1
e 1 8 2
e 2 3 1
e 2 5 1
e 2 6 2
e 3 7 2
e 4 5 2
e 4 8 1
e 5 12 1
e 6 9 1
e 6 13 1
e 7 10 1
e 7 14 1
e 8 11 1
e 9 10 2
e 9 15 1
e 10 16 1
e 11 17 1
e 11 18 1
e 11 19 1
t # 67302
v 0 2
v 1 3
v 2 3
v 3 3
v 4 3
v 5 3
v 6 3
v 7 3
v 8 3
v 9 3
v 10 3
v 11 3
v 12 4
v 13 4
v 14 4
v 15 4
v 16 4
v 17 4
v 18 4
v 19 4
v 20 4
v 21 4
v 22 4
v 23 4
v 24 4
e 0 3 2
e 0 6 1
e 1 2 1
e 1 3 1
e 1 4 1
e 1 5 1
e 2 6 1
e 2 7 2
e 3 8 1
e 4 12 1
e 4 13 1
e 4 14 1
e 5 15 1
e 5 16 1
e 5 17 1
e 6 9 2
e 7 10 1
e 7 18 1
e 8 19 1
e 8 20 1
e 8 21 1
e 9 11 1
e 9 22 1
e 10 11 2
e 10 23 1
e 11 24 1
t # 67303
v 0 11
v 1 1
v 2 1
v 3 1
v 4 3
v 5 3
v 6 3
v 7 3
v 8 4
v 9 4
v 10 4
v 11 4
v 12 4
v 13 4
v 14 4
v 15 4
e 0 2 2
e 0 3 2
e 0 5 1
e 1 7 1
e 4 5 1
e 4 6 1
e 4 8 1
e 4 9 1
e 5 10 1
e 5 11 1
e 6 7 1
e 6 12 1
e 6 13 1
e 7 14 1
e 7 15 1
t # 67304
v 0 3
v 1 3
v 2 3
v 3 3
v 4 3
v 5 3
v 6 3
v 7 3
v 8 4
v 9 4
v 10 4
v 11 4
v 12 4
v 13 4
v 14 4
v 15 4
v 16 4
v 17 4
v 18 4
v 19 4
v 20 4
v 21 4
v 22 4
v 23 4
e 0 1 1
e 0 2 1
e 0 8 1
e 0 9 1
e 1 3 1
e 1 10 1
e 1 11 1
e 2 5 1
e 2 12 1
e 2 13 1
e 3 4 1
e 3 7 2
e 4 6 1
e 4 14 1
e 4 15 1
e 5 16 1
e 5 17 1
e 5 18 1
e 6 19 1
e 6 20 1
e 6 21 1
e 7 22 1
e 7 23 1
t # 67305
v 0 1
v 1 1
v 2 1
v 3 1
v 4 1
v 5 1
v 6 2
v 7 2
v 8 2
v 9 2
v 10 2
v 11 3
v 12 3
v 13 3
v 14 3
v 15 3
v 16 3
v 17 4
v 18 4
v 19 4
v 20 4
v 21 4
e 6 11 1
e 7 12 1
e 7 18 1
e 7 19 1
e 8 13 1
e 8 20 1
e 8 21 1
e 9 14 1
e 10 15 1
e 11 12 2
e 11 13 1
e 12 15 1
e 13 14 2
e 14 16 1
e 15 16 2
e 16 17 1
t # 67306
v 0 11
v 1 2
v 2 2
v 3 3
v 4 3
v 5 3
v 6 3
v 7 3
v 8 3
v 9 3
v 10 3
v 11 3
v 12 3
v 13 3
v 14 3
v 15 3
v 16 3
v 17 3
v 18 3
v 19 3
v 20 4
v 21 4
v 22 4
v 23 4
v 24 4
v 25 4
v 26 4
v 27 4
v 28 4
v 29 4
v 30 4
v 31 4
v 32 4
v 33 4
v 34 4
v 35 4
e 0 9 1
e 0 12 1
e 1 3 1
e 1 14 1
e 1 15 1
e 2 10 1
e 2 12 2
e 3 5 2
e 3 6 1
e 4 7 2
e 4 8 1
e 4 11 1
e 5 7 1
e 5 20 1
e 6 8 2
e 6 21 1
e 7 22 1
e 8 23 1
e 9 10 1
e 9 16 2
e 10 17 2
e 11 13 2
e 11 24 1
e 12 13 1
e 13 25 1
e 14 26 1
e 14 27 1
e 14 28 1
e 15 29 1
e 15 30 1
e 15 31 1
e 16 18 1
e 16 32 1
e 17 19 1
e 17 33 1
e 18 19 2
e 18 34 1
e 19 35 1
t # 67307
v 0 11
v 1 3
v 2 3
v 3 3
v 4 3
v 5 3
v 6 4
v 7 4
v 8 4
v 9 4
v 10 4
v 11 4
v 12 4
v 13 4
v 14 4
v 15 4
e 0 4 1
e 0 5 1
e 1 2 1
e 1 3 1
e 1 6 1
e 1 7 1
e 2 4 1
e 2 8 1
e 2 9 1
e 3 5 1
e 3 10 1
e 3 11 1
e 4 12 1
e 4 13 1
e 5 14 1
e 5 15 1
t # 67308
v 0 2
v 1 3
v 2 3
v 3 3
v 4 3
v 5 3
v 6 3
v 7 3
v 8 3
v 9 3
v 10 3
v 11 3
v 12 3
v 13 3
v 14 3
v 15 3
v 16 3
v 17 3
v 18 3
v 19 3
v 20 3
v 21 4
v 22 4
v 23 4
v 24 4
v 25 4
v 26 4
v 27 4
v 28 4
v 29 4
v 30 4
v 31 4
v 32 4
v 33 4
v 34 4
v 35 4
v 36 4
v 37 4
v 38 4
v 39 4
v 40 4
v 41 4
v 42 4
v 43 4
v 44 4
v 45 4
v 46 4
v 47 4
v 48 4
v 49 4
v 50 4
v 51 4
v 52 4
v 53 4
v 54 4
v 55 4
v 56 4
v 57 4
v 58 4
v 59 4
v 60 4
v 61 4
v 62 4
v 63 4
e 0 16 1
e 0 19 1
e 0 20 1
e 1 2 1
e 1 3 1
e 1 21 1
e 1 22 1
e 2 4 1
e 2 23 1
e 2 24 1
e 3 5 1
e 3 25 1
e 3 26 1
e 4 6 1
e 4 27 1
e 4 28 1
e 5 7 1
e 5 29 1
e 5 30 1
e 6 8 1
e 6 31 1
e 6 32 1
e 7 9 1
e 7 33 1
e 7 34 1
e 8 10 1
e 8 35 1
e 8 36 1
e 9 11 1
e 9 37 1
e 9 38 1
e 10 12 1
e 10 39 1
e 10 40 1
e 11 13 1
e 11 41 1
e 11 42 1
e 12 14 1
e 12 43 1
e 12 44 1
e 13 15 1
e 13 45 1
e 13 46 1
e 14 16 1
e 14 47 1
e 14 48 1
e 15 17 1
e 15 49 1
e 15 50 1
e 16 51 1
e 16 52 1
e 17 18 1
e 17 53 1
e 17 54 1
e 18 55 1
e 18 56 1
e 18 57 1
e 19 58 1
e 19 59 1
e 19 60 1
e 20 61 1
e 20 62 1
e 20 63 1
t # 67309
v 0 1
v 1 2
v 2 2
v 3 2
v 4 3
v 5 3
v 6 3
v 7 3
v 8 3
v 9 3
v 10 3
v 11 3
v 12 4
v 13 4
v 14 4
v 15 4
v 16 4
v 17 4
v 18 4
e 0 5 1
e 0 11 1
e 1 2 1
e 1 5 2
e 2 11 2
e 3 11 1
e 3 17 1
e 3 18 1
e 4 5 1
e 4 6 2
e 4 7 1
e 6 8 1
e 6 12 1
e 7 9 2
e 7 13 1
e 8 10 2
e 8 14 1
e 9 10 1
e 9 15 1
e 10 16 1
t # 67310
v 0 2
v 1 3
v 2 3
v 3 3
v 4 3
v 5 3
v 6 3
v 7 3
v 8 3
v 9 3
v 10 3
v 11 3
v 12 3
v 13 3
v 14 3
v 15 4
v 16 4
v 17 4
v 18 4
v 19 4
v 20 4
v 21 4
v 22 4
v 23 4
v 24 4
v 25 4
v 26 4
v 27 4
e 0 1 1
e 0 2 1
e 0 17 1
e 1 2 1
e 1 3 1
e 1 15 1
e 2 4 1
e 2 16 1
e 3 5 2
e 3 7 1
e 4 6 2
e 4 8 1
e 5 9 1
e 5 18 1
e 6 10 1
e 6 19 1
e 7 11 2
e 7 20 1
e 8 12 2
e 8 21 1
e 9 13 2
e 9 22 1
e 10 14 2
e 10 23 1
e 11 13 1
e 11 24 1
e 12 14 1
e 12 25 1
e 13 26 1
e 14 27 1
t # 67311
v 0 1
v 1 1
v 2 1
v 3 3
v 4 3
v 5 3
v 6 3
v 7 3
v 8 3
v 9 3
v 10 3
v 11 3
v 12 3
v 13 4
v 14 4
v 15 4
v 16 4
v 17 4
v 18 4
v 19 4
v 20 4
v 21 4
v 22 4
e 0 7 1
e 0 11 1
e 1 6 2
e 2 11 2
e 3 4 2
e 3 5 1
e 3 6 1
e 4 8 1
e 4 13 1
e 5 9 2
e 5 14 1
e 6 11 1
e 7 12 1
e 7 15 1
e 7 16 1
e 8 10 2
e 8 17 1
e 9 10 1
e 9 18 1
e 10 19 1
e 12 20 1
e 12 21 1
e 12 22 1
t # 67312
v 0 2
v 1 2
v 2 3
v 3 3
v 4 3
v 5 3
v 6 3
v 7 3
v 8 4
v 9 4
v 10 4
v 11 4
v 12 4
v 13 4
v 14 4
v 15 4
e 0 5 1
e 0 6 2
e 1 6 1
e 1 14 1
e 1 15 1
e 2 3 1
e 2 5 2
e 2 7 1
e 3 4 2
e 3 8 1
e 4 6 1
e 4 9 1
e 5 10 1
e 7 11 1
e 7 12 1
e 7 13 1
t # 67313
v 0 2
v 1 2
v 2 3
v 3 3
v 4 3
v 5 3
v 6 3
v 7 3
v 8 4
v 9 4
v 10 4
v 11 4
v 12 4
v 13 4
v 14 4
v 15 4
e 0 3 1
e 0 7 2
e 1 3 1
e 1 14 1
e 1 15 1
e 2 3 2
e 2 4 1
e 2 5 1
e 4 6 2
e 4 8 1
e 5 9 1
e 5 10 1
e 5 11 1
e 6 7 1
e 6 12 1
e 7 13 1
t # 67314
v 0 12
v 1 12
v 2 2
v 3 2
v 4 3
v 5 3
v 6 3
v 7 3
v 8 3
v 9 3
v 10 3
v 11 3
v 12 3
v 13 3
v 14 3
v 15 3
v 16 4
v 17 4
v 18 4
v 19 4
v 20 4
v 21 4
v 22 4
v 23 4
e 0 14 1
e 1 15 1
e 2 4 1
e 3 5 1
e 4 6 2
e 4 8 1
e 5 7 2
e 5 9 1
e 6 10 1
e 6 16 1
e 7 11 1
e 7 17 1
e 8 12 2
e 8 18 1
e 9 13 2
e 9 19 1
e 10 14 2
e 10 20 1
e 11 15 2
e 11 21 1
e 12 14 1
e 12 22 1
e 13 15 1
e 13 23 1
t # 67315
v 0 27
v 1 3
v 2 3
v 3 3
v 4 3
v 5 3
v 6 3
v 7 3
v 8 3
v 9 3
v 10 3
v 11 3
v 12 3
v 13 4
v 14 4
v 15 4
v 16 4
v 17 4
v 18 4
v 19 4
v 20 4
v 21 4
e 1 2 1
e 1 3 2
e 1 4 1
e 2 5 2
e 2 6 1
e 3 7 1
e 3 13 1
e 4 8 2
e 4 14 1
e 5 9 1
e 5 15 1
e 6 10 2
e 6 16 1
e 7 11 2
e 7 17 1
e 8 11 1
e 8 18 1
e 9 12 2
e 9 19 1
e 10 12 1
e 10 20 1
e 12 21 1
t # 67316
v 0 2
v 1 2
v 2 3
v 3 3
v 4 3
v 5 3
v 6 3
v 7 3
v 8 3
v 9 3
v 10 3
v 11 3
v 12 3
v 13 3
v 14 3
v 15 3
v 16 4
v 17 4
v 18 4
v 19 4
v 20 4
v 21 4
v 22 4
v 23 4
e 2 3 1
e 2 4 2
e 2 6 1
e 3 5 2
e 3 7 1
e 4 8 1
e 4 16 1
e 5 9 1
e 5 17 1
e 6 10 2
e 6 18 1
e 7 11 2
e 7 19 1
e 8 12 2
e 8 20 1
e 9 13 2
e 9 21 1
e 10 12 1
e 10 22 1
e 11 13 1
e 11 23 1
e 12 14 1
e 13 15 1
t # 67317
v 0 14
v 1 1
v 2 1
v 3 1
v 4 1
v 5 3
v 6 3
v 7 3
v 8 3
v 9 3
v 10 3
v 11 3
v 12 3
v 13 4
v 14 4
v 15 4
v 16 4
v 17 4
e 1 11 1
e 1 16 1
e 2 12 1
e 2 17 1
e 3 11 2
e 4 12 2
e 5 6 2
e 5 7 1
e 5 11 1
e 6 8 1
e 6 12 1
e 7 9 2
e 7 13 1
e 8 10 2
e 8 14 1
e 9 10 1
e 10 15 1
t # 67318
v 0 3
v 1 3
v 2 3
v 3 3
v 4 3
v 5 3
v 6 3
v 7 3
v 8 3
v 9 3
v 10 3
v 11 3
v 12 3
v 13 3
v 14 3
v 15 3
v 16 4
v 17 4
v 18 4
v 19 4
v 20 4
v 21 4
v 22 4
v 23 4
v 24 4
v 25 4
v 26 4
v 27 4
v 28 4
v 29 4
e 0 1 1
e 0 2 2
e 0 6 1
e 1 3 2
e 1 7 1
e 2 4 1
e 2 8 1
e 3 5 1
e 3 9 1
e 4 5 2
e 4 16 1
e 5 17 1
e 6 12 2
e 6 18 1
e 7 13 2
e 7 19 1
e 8 10 2
e 8 20 1
e 9 11 2
e 9 21 1
e 10 12 1
e 10 14 1
e 11 13 1
e 11 15 1
e 12 22 1
e 13 23 1
e 14 24 1
e 14 25 1
e 14 26 1
e 15 27 1
e 15 28 1
e 15 29 1
t # 67319
v 0 3
v 1 3
v 2 3
v 3 3
v 4 3
v 5 3
v 6 3
v 7 3
v 8 3
v 9 3
v 10 3
v 11 3
v 12 3
v 13 3
v 14 3
v 15 3
v 16 4
v 17 4
v 18 4
v 19 4
v 20 4
v 21 4
v 22 4
v 23 4
v 24 4
v 25 4
v 26 4
v 27 4
v 28 4
v 29 4
e 0 1 1
e 0 2 2
e 0 4 1
e 1 3 2
e 1 5 1
e 2 6 1
e 2 10 1
e 3 7 1
e 3 11 1
e 4 8 2
e 4 16 1
e 5 9 2
e 5 17 1
e 6 7 2
e 6 18 1
e 7 19 1
e 8 12 1
e 8 14 1
e 9 13 1
e 9 15 1
e 10 12 2
e 10 20 1
e 11 13 2
e 11 21 1
e 12 22 1
e 13 23 1
e 14 24 1
e 14 25 1
e 14 26 1
e 15 27 1
e 15 28 1
e 15 29 1
t # 67320
v 0 11
v 1 1
v 2 1
v 3 2
v 4 2
v 5 3
v 6 3
v 7 3
v 8 3
v 9 3
v 10 3
v 11 3
v 12 4
v 13 4
v 14 4
v 15 4
v 16 4
v 17 4
v 18 4
v 19 4
v 20 4
v 21 4
e 0 1 2
e 0 2 2
e 0 5 1
e 3 4 1
e 3 16 1
e 4 20 1
e 4 21 1
e 5 7 2
e 5 8 1
e 6 9 2
e 6 10 1
e 6 11 1
e 7 9 1
e 7 12 1
e 8 10 2
e 8 13 1
e 9 14 1
e 10 15 1
e 11 17 1
e 11 18 1
e 11 19 1
t # 67321
v 0 1
v 1 1
v 2 1
v 3 3
v 4 3
v 5 3
v 6 3
v 7 3
v 8 3
v 9 4
v 10 4
v 11 4
v 12 4
v 13 4
v 14 4
v 15 4
v 16 4
v 17 4
v 18 4
e 0 5 1
e 0 7 1
e 1 4 2
e 2 7 2
e 3 4 1
e 3 6 1
e 3 9 1
e 3 10 1
e 4 5 1
e 5 11 1
e 5 12 1
e 6 13 1
e 6 14 1
e 6 15 1
e 7 8 1
e 8 16 1
e 8 17 1
e 8 18 1
t # 67322
v 0 8
v 1 1
v 2 1
v 3 1
v 4 3
v 5 3
v 6 3
v 7 3
v 8 3
v 9 3
v 10 4
v 11 4
v 12 4
v 13 4
v 14 4
v 15 4
v 16 4
e 1 15 1
e 2 16 1
e 4 5 2
e 4 6 1
e 5 7 1
e 5 10 1
e 6 8 2
e 6 11 1
e 7 9 2
e 7 12 1
e 8 9 1
e 8 13 1
e 9 14 1
t # 67323
v 0 1
v 1 1
v 2 2
v 3 3
v 4 3
v 5 3
v 6 3
v 7 3
v 8 3
v 9 3
v 10 3
v 11 4
v 12 4
v 13 4
v 14 4
v 15 4
v 16 4
v 17 4
v 18 4
v 19 4
e 0 4 1
e 0 5 1
e 1 5 2
e 2 9 2
e 2 10 1
e 3 5 1
e 3 6 2
e 3 7 1
e 4 8 1
e 4 11 1
e 4 12 1
e 6 9 1
e 6 16 1
e 7 10 2
e 7 17 1
e 8 13 1
e 8 14 1
e 8 15 1
e 9 18 1
e 10 19 1
t # 67324
v 0 1
v 1 1
v 2 2
v 3 2
v 4 3
v 5 3
v 6 3
v 7 3
v 8 3
v 9 3
v 10 3
v 11 3
v 12 3
v 13 3
v 14 3
v 15 3
v 16 3
v 17 4
v 18 4
v 19 4
v 20 4
v 21 4
v 22 4
v 23 4
v 24 4
v 25 4
v 26 4
e 0 16 1
e 0 26 1
e 1 16 2
e 2 4 1
e 3 10 1
e 4 6 2
e 4 7 1
e 5 8 2
e 5 9 1
e 5 16 1
e 6 8 1
e 6 17 1
e 7 9 2
e 7 18 1
e 8 19 1
e 9 20 1
e 10 11 2
e 10 12 1
e 11 13 1
e 11 21 1
e 12 14 2
e 12 22 1
e 13 15 2
e 13 23 1
e 14 15 1
e 14 24 1
e 15 25 1
t # 67325
v 0 11
v 1 14
v 2 2
v 3 3
v 4 3
v 5 3
v 6 3
v 7 3
v 8 3
v 9 3
v 10 4
v 11 4
v 12 4
v 13 4
e 2 3 1
e 2 9 2
e 3 4 2
e 3 5 1
e 4 6 1
e 4 10 1
e 5 7 2
e 5 11 1
e 6 8 2
e 6 12 1
e 7 8 1
e 7 13 1
t # 67326
v 0 18
v 1 18
v 2 18
v 3 18
v 4 3
v 5 3
v 6 3
v 7 3
v 8 4
v 9 4
v 10 4
v 11 4
v 12 4
v 13 4
e 4 5 1
e 4 6 1
e 4 8 1
e 5 7 1
e 5 9 1
e 6 10 1
e 6 11 1
e 7 12 1
e 7 13 1
t # 67327
v 0 1
v 1 1
v 2 1
v 3 1
v 4 2
v 5 2
v 6 3
v 7 3
v 8 3
v 9 3
v 10 3
v 11 3
v 12 3
v 13 3
v 14 3
v 15 3
v 16 3
v 17 3
v 18 4
v 19 4
v 20 4
v 21 4
v 22 4
v 23 4
v 24 4
v 25 4
e 4 12 1
e 5 13 1
e 6 7 1
e 6 8 2
e 6 10 1
e 7 9 2
e 7 11 1
e 8 14 1
e 8 18 1
e 9 15 1
e 9 19 1
e 10 16 2
e 10 20 1
e 11 17 2
e 11 21 1
e 12 14 2
e 12 16 1
e 13 15 2
e 13 17 1
e 14 22 1
e 15 23 1
e 16 24 1
e 17 25 1
t # 67328
v 0 18
v 1 18
v 2 18
v 3 1
v 4 3
v 5 3
v 6 3
v 7 3
v 8 3
v 9 4
v 10 4
v 11 4
v 12 4
v 13 4
v 14 4
v 15 4
v 16 4
v 17 4
e 3 5 1
e 3 17 1
e 4 5 1
e 4 6 1
e 4 7 1
e 4 8 1
e 5 9 1
e 5 10 1
e 6 11 1
e 6 12 1
e 7 13 1
e 7 14 1
e 8 15 1
e 8 16 1
t # 67329
v 0 1
v 1 1
v 2 1
v 3 2
v 4 3
v 5 3
v 6 3
v 7 3
v 8 3
v 9 3
v 10 3
v 11 3
v 12 4
v 13 4
v 14 4
v 15 4
v 16 4
v 17 4
v 18 4
v 19 4
v 20 4
v 21 4
v 22 4
v 23 4
v 24 4
v 25 4
v 26 4
e 0 6 2
e 1 11 1
e 1 26 1
e 2 11 2
e 3 4 1
e 3 5 1
e 3 6 1
e 4 9 1
e 4 12 1
e 4 13 1
e 5 10 1
e 5 14 1
e 5 15 1
e 6 7 1
e 7 8 1
e 7 16 1
e 7 17 1
e 8 11 1
e 8 18 1
e 8 19 1
e 9 20 1
e 9 21 1
e 9 22 1
e 10 23 1
e 10 24 1
e 10 25 1
t # 67330
v 0 1
v 1 1
v 2 1
v 3 1
v 4 3
v 5 3
v 6 3
v 7 3
v 8 3
v 9 3
v 10 3
v 11 3
v 12 3
v 13 4
v 14 4
v 15 4
v 16 4
v 17 4
v 18 4
v 19 4
v 20 4
v 21 4
v 22 4
e 0 4 1
e 0 11 1
e 1 6 1
e 1 12 1
e 2 10 1
e 2 22 1
e 3 10 2
e 4 5 2
e 4 6 1
e 5 7 1
e 5 10 1
e 6 8 2
e 7 9 2
e 7 13 1
e 8 9 1
e 8 14 1
e 9 15 1
e 11 16 1
e 11 17 1
e 11 18 1
e 12 19 1
e 12 20 1
e 12 21 1
t # 67331
v 0 1
v 1 3
v 2 3
v 3 3
v 4 3
v 5 3
v 6 3
v 7 3
v 8 3
v 9 3
v 10 3
v 11 3
v 12 4
v 13 4
v 14 4
v 15 4
v 16 4
v 17 4
v 18 4
v 19 4
v 20 4
v 21 4
v 22 4
v 23 4
v 24 4
v 25 4
e 0 11 1
e 0 25 1
e 1 2 1
e 1 3 1
e 1 6 1
e 1 12 1
e 2 4 1
e 2 13 1
e 2 14 1
e 3 5 1
e 3 15 1
e 3 16 1
e 4 5 1
e 4 17 1
e 4 18 1
e 5 19 1
e 5 20 1
e 6 7 2
e 6 8 1
e 7 9 1
e 7 21 1
e 8 10 2
e 8 22 1
e 9 11 2
e 9 23 1
e 10 11 1
e 10 24 1
t # 67332
v 0 1
v 1 2
v 2 3
v 3 3
v 4 3
v 5 3
v 6 3
v 7 3
v 8 3
v 9 3
v 10 4
v 11 4
v 12 4
v 13 4
v 14 4
v 15 4
v 16 4
v 17 4
v 18 4
v 19 4
v 20 4
e 0 6 2
e 1 3 1
e 1 5 1
e 1 10 1
e 2 3 2
e 2 4 1
e 2 6 1
e 3 7 1
e 4 5 2
e 4 8 1
e 5 11 1
e 6 9 1
e 7 12 1
e 7 13 1
e 7 14 1
e 8 15 1
e 8 16 1
e 8 17 1
e 9 18 1
e 9 19 1
e 9 20 1
t # 67333
v 0 3
v 1 3
v 2 3
v 3 3
v 4 3
v 5 3
v 6 3
v 7 3
v 8 3
v 9 3
v 10 3
v 11 3
v 12 3
v 13 3
v 14 3
v 15 3
v 16 3
v 17 3
v 18 3
v 19 3
v 20 3
v 21 3
v 22 3
v 23 3
v 24 3
v 25 3
v 26 4
v 27 4
v 28 4
v 29 4
v 30 4
v 31 4
v 32 4
v 33 4
v 34 4
v 35 4
v 36 4
v 37 4
v 38 4
v 39 4
v 40 4
v 41 4
v 42 4
v 43 4
e 0 2 2
e 0 4 1
e 0 6 1
e 1 3 2
e 1 5 1
e 1 7 1
e 2 3 1
e 2 8 1
e 3 9 1
e 4 5 1
e 4 10 2
e 5 11 2
e 6 16 2
e 6 18 1
e 7 17 2
e 7 19 1
e 8 12 2
e 8 26 1
e 9 13 2
e 9 27 1
e 10 14 1
e 10 28 1
e 11 15 1
e 11 29 1
e 12 13 1
e 12 30 1
e 13 31 1
e 14 15 2
e 14 32 1
e 15 33 1
e 16 20 1
e 16 34 1
e 17 21 1
e 17 35 1
e 18 22 2
e 18 36 1
e 19 23 2
e 19 37 1
e 20 24 2
e 20 38 1
e 21 25 2
e 21 39 1
e 22 24 1
e 22 40 1
e 23 25 1
e 23 41 1
e 24 42 1
e 25 43 1
t # 67334
v 0 12
v 1 12
v 2 14
v 3 1
v 4 2
v 5 2
v 6 3
v 7 3
v 8 3
v 9 3
v 10 3
v 11 3
v 12 3
v 13 3
v 14 3
v 15 3
v 16 3
v 17 3
v 18 4
v 19 4
v 20 4
v 21 4
v 22 4
v 23 4
v 24 4
v 25 4
v 26 4
v 27 4
v 28 4
v 29 4
v 30 4
v 31 4
v 32 4
e 0 11 1
e 1 12 1
e 3 16 2
e 4 6 1
e 4 7 1
e 4 8 1
e 5 13 1
e 5 16 1
e 5 30 1
e 6 9 2
e 6 10 1
e 7 11 1
e 7 18 1
e 7 19 1
e 8 12 1
e 8 20 1
e 8 21 1
e 9 14 1
e 9 22 1
e 10 15 2
e 10 23 1
e 11 24 1
e 11 25 1
e 12 26 1
e 12 27 1
e 13 14 2
e 13 15 1
e 14 28 1
e 15 29 1
e 16 17 1
e 17 31 1
e 17 32 1
t # 67335
v 0 1
v 1 2
v 2 3
v 3 3
v 4 3
v 5 3
v 6 3
v 7 3
v 8 3
v 9 4
v 10 4
v 11 4
v 12 4
v 13 4
v 14 4
v 15 4
v 16 4
v 17 4
v 18 4
v 19 4
v 20 4
v 21 4
v 22 4
v 23 4
e 0 8 1
e 0 23 1
e 1 2 1
e 1 6 1
e 1 18 1
e 2 3 1
e 2 7 1
e 2 9 1
e 3 4 1
e 3 10 1
e 3 11 1
e 4 5 1
e 4 12 1
e 4 13 1
e 5 6 1
e 5 14 1
e 5 15 1
e 6 16 1
e 6 17 1
e 7 8 1
e 7 19 1
e 7 20 1
e 8 21 1
e 8 22 1
t # 67336
v 0 2
v 1 3
v 2 3
v 3 3
v 4 3
v 5 3
v 6 3
v 7 3
v 8 3
v 9 3
v 10 3
v 11 3
v 12 3
v 13 3
v 14 3
v 15 4
v 16 4
v 17 4
v 18 4
v 19 4
v 20 4
v 21 4
v 22 4
v 23 4
v 24 4
v 25 4
e 0 3 1
e 0 4 1
e 0 9 1
e 1 2 1
e 1 3 1
e 1 5 2
e 2 4 1
e 2 6 2
e 3 7 2
e 4 8 2
e 5 10 1
e 5 15 1
e 6 11 1
e 6 16 1
e 7 12 1
e 7 17 1
e 8 13 1
e 8 18 1
e 9 14 2
e 9 19 1
e 10 12 2
e 10 20 1
e 11 13 2
e 11 21 1
e 12 22 1
e 13 23 1
e 14 24 1
e 14 25 1
t # 67337
v 0 12
v 1 2
v 2 2
v 3 2
v 4 2
v 5 3
v 6 3
v 7 3
v 8 3
v 9 3
v 10 3
v 11 3
v 12 3
v 13 4
v 14 4
v 15 4
v 16 4
v 17 4
v 18 4
v 19 4
e 0 10 1
e 1 5 1
e 1 11 2
e 2 11 1
e 2 12 1
e 2 17 1
e 3 11 1
e 3 18 1
e 3 19 1
e 5 6 2
e 5 7 1
e 6 8 1
e 6 13 1
e 7 9 2
e 7 14 1
e 8 10 2
e 8 15 1
e 9 10 1
e 9 16 1
t # 67338
v 0 1
v 1 3
v 2 3
v 3 3
v 4 3
v 5 3
v 6 3
v 7 3
v 8 3
v 9 3
v 10 4
v 11 4
v 12 4
v 13 4
v 14 4
v 15 4
v 16 4
v 17 4
v 18 4
v 19 4
e 0 8 1
e 0 19 1
e 1 2 1
e 1 3 1
e 1 10 1
e 1 11 1
e 2 4 1
e 2 12 1
e 2 13 1
e 3 5 1
e 3 14 1
e 3 15 1
e 4 5 2
e 4 6 1
e 5 7 1
e 6 8 2
e 6 16 1
e 7 9 2
e 7 17 1
e 8 9 1
e 9 18 1
t # 67339
v 0 11
v 1 1
v 2 1
v 3 1
v 4 3
v 5 3
v 6 3
v 7 4
v 8 4
v 9 4
v 10 4
v 11 4
v 12 4
e 0 3 2
e 1 4 1
e 2 5 1
e 4 5 1
e 4 6 1
e 4 7 1
e 5 8 1
e 5 9 1
e 6 10 1
e 6 11 1
e 6 12 1
t # 67340
v 0 1
v 1 1
v 2 2
v 3 3
v 4 3
v 5 3
v 6 3
v 7 3
v 8 3
v 9 3
v 10 3
v 11 3
v 12 3
v 13 3
v 14 4
v 15 4
v 16 4
v 17 4
v 18 4
v 19 4
v 20 4
v 21 4
v 22 4
v 23 4
v 24 4
v 25 4
v 26 4
e 0 5 1
e 0 6 1
e 1 7 2
e 2 3 1
e 2 4 1
e 2 7 1
e 3 5 1
e 3 14 1
e 3 15 1
e 4 6 1
e 4 16 1
e 4 17 1
e 5 18 1
e 5 19 1
e 6 20 1
e 6 21 1
e 7 8 1
e 8 9 2
e 8 10 1
e 9 11 1
e 9 22 1
e 10 12 2
e 10 23 1
e 11 13 2
e 11 24 1
e 12 13 1
e 12 25 1
e 13 26 1
t # 67341
v 0 1
v 1 1
v 2 1
v 3 1
v 4 1
v 5 1
v 6 1
v 7 3
v 8 3
v 9 3
v 10 3
v 11 3
v 12 3
v 13 3
v 14 3
v 15 3
v 16 3
v 17 3
v 18 3
v 19 3
v 20 3
v 21 3
v 22 3
v 23 3
v 24 3
v 25 4
v 26 4
v 27 4
v 28 4
v 29 4
v 30 4
v 31 4
v 32 4
v 33 4
v 34 4
v 35 4
v 36 4
v 37 4
v 38 4
e 0 15 1
e 0 16 1
e 1 9 1
e 1 21 1
e 2 10 1
e 2 22 1
e 3 15 2
e 4 16 2
e 5 21 2
e 6 22 2
e 7 9 1
e 7 11 2
e 7 15 1
e 8 10 1
e 8 12 2
e 8 16 1
e 9 13 2
e 10 14 2
e 11 17 1
e 11 25 1
e 12 18 1
e 12 26 1
e 13 19 1
e 13 27 1
e 14 20 1
e 14 28 1
e 17 19 2
e 17 29 1
e 18 20 2
e 18 30 1
e 19 31 1
e 20 32 1
e 21 23 1
e 22 24 1
e 23 33 1
e 23 34 1
e 23 35 1
e 24 36 1
e 24 37 1
e 24 38 1
t # 67342
v 0 2
v 1 3
v 2 3
v 3 3
v 4 3
v 5 3
v 6 3
v 7 3
v 8 3
v 9 3
v 10 3
v 11 3
v 12 4
v 13 4
v 14 4
v 15 4
v 16 4
v 17 4
v 18 4
v 19 4
v 20 4
v 21 4
v 22 4
e 0 1 1
e 0 6 2
e 1 2 1
e 1 3 2
e 2 4 1
e 2 5 2
e 3 7 1
e 3 10 1
e 4 8 2
e 4 12 1
e 5 9 1
e 5 13 1
e 6 8 1
e 6 11 1
e 7 9 2
e 7 14 1
e 8 15 1
e 9 16 1
e 10 17 1
e 10 18 1
e 10 19 1
e 11 20 1
e 11 21 1
e 11 22 1
t # 67343
v 0 1
v 1 1
v 2 2
v 3 3
v 4 3
v 5 3
v 6 3
v 7 3
v 8 3
v 9 3
v 10 3
v 11 3
v 12 3
v 13 3
v 14 3
v 15 3
v 16 3
v 17 3
v 18 4
v 19 4
v 20 4
v 21 4
v 22 4
v 23 4
v 24 4
v 25 4
v 26 4
v 27 4
v 28 4
v 29 4
v 30 4
v 31 4
v 32 4
v 33 4
v 34 4
v 35 4
v 36 4
v 37 4
v 38 4
v 39 4
v 40 4
v 41 4
v 42 4
v 43 4
v 44 4
v 45 4
v 46 4
v 47 4
v 48 4
e 0 17 1
e 0 48 1
e 1 17 2
e 2 12 1
e 2 14 1
e 2 40 1
e 3 4 1
e 3 5 1
e 3 18 1
e 3 19 1
e 4 6 1
e 4 20 1
e 4 21 1
e 5 7 1
e 5 22 1
e 5 23 1
e 6 8 1
e 6 24 1
e 6 25 1
e 7 9 1
e 7 26 1
e 7 27 1
e 8 10 1
e 8 28 1
e 8 29 1
e 9 11 1
e 9 30 1
e 9 31 1
e 10 12 1
e 10 32 1
e 10 33 1
e 11 13 1
e 11 34 1
e 11 35 1
e 12 36 1
e 12 37 1
e 13 15 1
e 13 38 1
e 13 39 1
e 14 16 1
e 14 41 1
e 14 42 1
e 15 43 1
e 15 44 1
e 15 45 1
e 16 17 1
e 16 46 1
e 16 47 1
t # 67344
v 0 1
v 1 1
v 2 3
v 3 3
v 4 3
v 5 3
v 6 3
v 7 3
v 8 3
v 9 3
v 10 4
v 11 4
v 12 4
v 13 4
v 14 4
v 15 4
v 16 4
v 17 4
v 18 4
v 19 4
v 20 4
v 21 4
v 22 4
v 23 4
e 0 9 1
e 0 23 1
e 1 9 2
e 2 3 1
e 2 4 1
e 2 9 1
e 2 10 1
e 3 5 1
e 3 11 1
e 3 12 1
e 4 6 1
e 4 13 1
e 4 14 1
e 5 7 1
e 5 15 1
e 5 16 1
e 6 8 1
e 6 17 1
e 6 18 1
e 7 8 1
e 7 19 1
e 7 20 1
e 8 21 1
e 8 22 1
t # 67345
v 0 1
v 1 1
v 2 1
v 3 1
v 4 3
v 5 3
v 6 3
v 7 3
v 8 3
v 9 3
v 10 3
v 11 3
v 12 3
v 13 3
v 14 4
v 15 4
v 16 4
v 17 4
v 18 4
v 19 4
v 20 4
v 21 4
v 22 4
v 23 4
e 0 10 1
e 0 12 1
e 1 11 1
e 1 13 1
e 2 10 2
e 3 11 2
e 4 6 2
e 4 7 1
e 4 10 1
e 5 6 1
e 5 8 2
e 5 11 1
e 6 14 1
e 7 9 2
e 7 15 1
e 8 9 1
e 8 16 1
e 9 17 1
e 12 18 1
e 12 19 1
e 12 20 1
e 13 21 1
e 13 22 1
e 13 23 1
t # 67346
v 0 1
v 1 2
v 2 2
v 3 3
v 4 3
v 5 3
v 6 3
v 7 3
v 8 3
v 9 4
v 10 4
v 11 4
v 12 4
v 13 4
v 14 4
e 0 6 2
e 1 7 2
e 1 8 1
e 2 6 1
e 2 13 1
e 2 14 1
e 3 4 2
e 3 5 1
e 3 6 1
e 4 7 1
e 4 9 1
e 5 8 2
e 5 10 1
e 7 11 1
e 8 12 1
t # 67347
v 0 1
v 1 2
v 2 2
v 3 3
v 4 3
v 5 3
v 6 3
v 7 3
v 8 3
v 9 4
v 10 4
v 11 4
v 12 4
v 13 4
v 14 4
e 0 7 2
e 1 3 1
e 1 8 2
e 2 7 1
e 2 13 1
e 2 14 1
e 3 4 2
e 3 7 1
e 4 5 1
e 4 9 1
e 5 6 2
e 5 10 1
e 6 8 1
e 6 11 1
e 8 12 1
t # 67348
v 0 12
v 1 12
v 2 1
v 3 2
v 4 3
v 5 3
v 6 3
v 7 3
v 8 3
v 9 3
v 10 3
v 11 3
v 12 3
v 13 3
v 14 3
v 15 4
v 16 4
v 17 4
v 18 4
v 19 4
v 20 4
v 21 4
v 22 4
v 23 4
v 24 4
v 25 4
v 26 4
v 27 4
v 28 4
v 29 4
e 0 7 1
e 1 8 1
e 2 13 1
e 2 14 1
e 3 4 1
e 3 5 1
e 3 6 1
e 4 7 1
e 4 15 1
e 4 16 1
e 5 8 1
e 5 17 1
e 5 18 1
e 6 9 2
e 6 10 1
e 7 19 1
e 7 20 1
e 8 21 1
e 8 22 1
e 9 11 1
e 9 23 1
e 10 12 2
e 10 24 1
e 11 13 2
e 11 25 1
e 12 13 1
e 12 26 1
e 14 27 1
e 14 28 1
e 14 29 1
t # 67349
v 0 8
v 1 1
v 2 1
v 3 1
v 4 2
v 5 3
v 6 3
v 7 3
v 8 3
v 9 3
v 10 3
v 11 3
v 12 3
v 13 3
v 14 3
v 15 4
v 16 4
v 17 4
v 18 4
v 19 4
v 20 4
v 21 4
v 22 4
v 23 4
v 24 4
v 25 4
v 26 4
v 27 4
v 28 4
v 29 4
v 30 4
e 1 6 1
e 2 7 1
e 4 5 1
e 4 15 1
e 5 8 2
e 5 9 1
e 6 10 1
e 6 16 1
e 6 17 1
e 7 11 1
e 7 18 1
e 7 19 1
e 8 12 1
e 8 20 1
e 9 13 2
e 9 21 1
e 10 22 1
e 10 23 1
e 10 24 1
e 11 25 1
e 11 26 1
e 11 27 1
e 12 14 2
e 12 28 1
e 13 14 1
e 13 29 1
e 14 30 1
t # 67350
v 0 1
v 1 3
v 2 3
v 3 3
v 4 3
v 5 3
v 6 3
v 7 3
v 8 3
v 9 3
v 10 3
v 11 3
v 12 3
v 13 4
v 14 4
v 15 4
v 16 4
v 17 4
v 18 4
v 19 4
v 20 4
v 21 4
v 22 4
v 23 4
v 24 4
v 25 4
v 26 4
v 27 4
v 28 4
e 0 2 1
e 0 23 1
e 1 2 1
e 1 3 1
e 1 7 1
e 1 13 1
e 2 4 1
e 2 14 1
e 3 5 1
e 3 15 1
e 3 16 1
e 4 6 1
e 4 17 1
e 4 18 1
e 5 6 1
e 5 19 1
e 5 20 1
e 6 21 1
e 6 22 1
e 7 8 2
e 7 9 1
e 8 10 1
e 8 24 1
e 9 11 2
e 9 25 1
e 10 12 2
e 10 26 1
e 11 12 1
e 11 27 1
e 12 28 1
t # 67351
v 0 8
v 1 1
v 2 3
v 3 3
v 4 3
v 5 3
v 6 3
v 7 3
v 8 3
v 9 3
v 10 3
v 11 3
v 12 3
v 13 3
v 14 3
v 15 3
v 16 3
v 17 3
v 18 3
v 19 3
v 20 3
v 21 3
v 22 3
v 23 4
v 24 4
v 25 4
v 26 4
v 27 4
v 28 4
v 29 4
v 30 4
v 31 4
v 32 4
v 33 4
v 34 4
v 35 4
v 36 4
v 37 4
v 38 4
v 39 4
v 40 4
v 41 4
e 1 12 2
e 2 6 2
e 2 9 1
e 3 7 2
e 3 10 1
e 4 8 2
e 4 11 1
e 5 12 1
e 5 23 1
e 6 13 1
e 6 24 1
e 7 14 1
e 7 25 1
e 8 15 1
e 8 26 1
e 9 16 2
e 9 27 1
e 10 17 2
e 10 28 1
e 11 18 2
e 11 29 1
e 12 22 1
e 13 19 2
e 13 30 1
e 14 20 2
e 14 31 1
e 15 21 2
e 15 32 1
e 16 19 1
e 16 33 1
e 17 20 1
e 17 34 1
e 18 21 1
e 18 35 1
e 19 36 1
e 20 37 1
e 21 38 1
e 22 39 1
e 22 40 1
e 22 41 1
t # 67352
v 0 3
v 1 3
v 2 3
v 3 3
v 4 3
v 5 3
v 6 3
v 7 3
v 8 3
v 9 3
v 10 3
v 11 3
v 12 3
v 13 3
v 14 4
v 15 4
v 16 4
v 17 4
v 18 4
v 19 4
v 20 4
v 21 4
v 22 4
v 23 4
v 24 4
v 25 4
e 0 1 1
e 0 3 1
e 0 14 1
e 0 15 1
e 1 2 2
e 1 5 1
e 2 4 1
e 2 6 1
e 3 4 1
e 3 8 2
e 4 9 2
e 5 7 2
e 5 16 1
e 6 10 2
e 6 17 1
e 7 10 1
e 7 13 1
e 8 11 1
e 8 18 1
e 9 12 1
e 9 19 1
e 10 20 1
e 11 12 2
e 11 21 1
e 12 22 1
e 13 23 1
e 13 24 1
e 13 25 1
t # 67353
v 0 1
v 1 1
v 2 2
v 3 3
v 4 3
v 5 3
v 6 3
v 7 3
v 8 3
v 9 4
v 10 4
v 11 4
v 12 4
v 13 4
v 14 4
v 15 4
v 16 4
v 17 4
v 18 4
v 19 4
v 20 4
v 21 4
e 0 4 1
e 0 7 1
e 1 7 2
e 2 3 1
e 2 5 1
e 2 6 1
e 3 4 1
e 3 9 1
e 3 10 1
e 4 11 1
e 4 12 1
e 5 13 1
e 5 14 1
e 5 15 1
e 6 16 1
e 6 17 1
e 6 18 1
e 7 8 1
e 8 19 1
e 8 20 1
e 8 21 1
t # 67354
v 0 1
v 1 1
v 2 1
v 3 1
v 4 3
v 5 3
v 6 3
v 7 3
v 8 3
v 9 3
v 10 3
v 11 3
v 12 3
v 13 3
v 14 4
v 15 4
v 16 4
v 17 4
v 18 4
v 19 4
v 20 4
v 21 4
v 22 4
v 23 4
v 24 4
v 25 4
e 0 7 2
e 1 8 1
e 1 23 1
e 2 11 1
e 2 24 1
e 3 13 1
e 3 25 1
e 4 5 1
e 4 7 1
e 4 14 1
e 4 15 1
e 5 10 1
e 5 16 1
e 5 17 1
e 6 7 1
e 6 8 1
e 6 9 2
e 8 12 2
e 9 11 1
e 9 18 1
e 10 19 1
e 10 20 1
e 10 21 1
e 11 13 2
e 12 13 1
e 12 22 1
t # 67355
v 0 2
v 1 2
v 2 2
v 3 2
v 4 2
v 5 3
v 6 3
v 7 3
v 8 3
v 9 3
v 10 3
v 11 3
v 12 3
v 13 3
v 14 4
v 15 4
v 16 4
v 17 4
v 18 4
v 19 4
v 20 4
v 21 4
v 22 4
v 23 4
v 24 4
v 25 4
v 26 4
e 0 6 1
e 0 12 2
e 1 12 1
e 1 13 2
e 2 12 1
e 2 21 1
e 2 22 1
e 3 13 1
e 3 23 1
e 3 24 1
e 4 13 1
e 4 25 1
e 4 26 1
e 5 6 1
e 5 7 2
e 5 8 1
e 6 14 1
e 6 15 1
e 7 9 1
e 7 16 1
e 8 10 2
e 8 17 1
e 9 11 2
e 9 18 1
e 10 11 1
e 10 19 1
e 11 20 1
t # 67356
v 0 1
v 1 1
v 2 1
v 3 1
v 4 1
v 5 2
v 6 2
v 7 3
v 8 3
v 9 3
v 10 3
v 11 3
v 12 3
v 13 3
v 14 3
v 15 3
v 16 3
v 17 4
v 18 4
v 19 4
v 20 4
v 21 4
v 22 4
v 23 4
v 24 4
v 25 4
v 26 4
v 27 4
v 28 4
e 0 12 1
e 0 28 1
e 5 14 1
e 6 15 1
e 7 8 1
e 7 9 1
e 7 10 1
e 7 11 1
e 8 12 2
e 8 13 1
e 9 17 1
e 9 18 1
e 9 19 1
e 10 20 1
e 10 21 1
e 10 22 1
e 11 23 1
e 11 24 1
e 11 25 1
e 12 14 1
e 13 15 2
e 13 26 1
e 14 16 2
e 15 16 1
e 16 27 1
t # 67357
v 0 1
v 1 1
v 2 1
v 3 1
v 4 1
v 5 3
v 6 3
v 7 3
v 8 3
v 9 3
v 10 3
v 11 3
v 12 3
v 13 4
v 14 4
v 15 4
v 16 4
v 17 4
v 18 4
v 19 4
v 20 4
e 0 8 1
e 0 17 1
e 1 10 1
e 1 18 1
e 2 9 1
e 2 19 1
e 3 11 1
e 3 20 1
e 4 12 2
e 5 6 1
e 5 7 2
e 5 11 1
e 6 8 2
e 6 12 1
e 7 9 1
e 7 13 1
e 8 10 1
e 9 10 2
e 11 14 1
e 11 15 1
e 12 16 1
t # 67358
v 0 1
v 1 1
v 2 1
v 3 1
v 4 1
v 5 1
v 6 2
v 7 2
v 8 3
v 9 3
v 10 3
v 11 3
v 12 3
v 13 3
v 14 3
v 15 3
v 16 3
v 17 3
v 18 3
v 19 3
v 20 3
v 21 3
v 22 3
v 23 3
v 24 3
v 25 3
v 26 3
v 27 3
v 28 3
v 29 3
v 30 3
v 31 3
v 32 3
v 33 3
v 34 3
v 35 3
v 36 3
v 37 3
v 38 3
v 39 3
v 40 3
v 41 3
v 42 3
v 43 3
v 44 3
v 45 3
v 46 3
v 47 3
v 48 4
v 49 4
v 50 4
v 51 4
v 52 4
v 53 4
v 54 4
v 55 4
v 56 4
v 57 4
v 58 4
v 59 4
v 60 4
v 61 4
v 62 4
v 63 4
v 64 4
v 65 4
v 66 4
v 67 4
v 68 4
v 69 4
v 70 4
v 71 4
v 72 4
v 73 4
v 74 4
v 75 4
v 76 4
v 77 4
v 78 4
v 79 4
v 80 4
v 81 4
v 82 4
v 83 4
v 84 4
v 85 4
v 86 4
v 87 4
v 88 4
v 89 4
v 90 4
v 91 4
v 92 4
v 93 4
v 94 4
v 95 4
e 0 24 1
e 0 38 1
e 1 31 1
e 1 39 1
e 2 30 1
e 2 44 1
e 3 32 1
e 3 45 1
e 4 33 1
e 4 46 1
e 5 43 1
e 5 47 1
e 6 8 1
e 6 10 1
e 6 18 1
e 6 19 1
e 7 9 1
e 7 11 1
e 7 22 1
e 7 23 1
e 8 12 1
e 8 15 1
e 8 48 1
e 9 14 1
e 9 20 1
e 9 49 1
e 10 13 1
e 10 50 1
e 10 51 1
e 11 17 1
e 11 52 1
e 11 53 1
e 12 16 1
e 12 24 2
e 13 16 1
e 13 54 1
e 13 55 1
e 14 21 1
e 14 26 2
e 15 25 1
e 15 56 1
e 15 57 1
e 16 27 2
e 17 21 1
e 17 58 1
e 17 59 1
e 18 60 1
e 18 61 1
e 18 62 1
e 19 63 1
e 19 64 1
e 19 65 1
e 20 28 1
e 20 66 1
e 20 67 1
e 21 29 2
e 22 68 1
e 22 69 1
e 22 70 1
e 23 71 1
e 23 72 1
e 23 73 1
e 24 30 1
e 25 34 2
e 25 35 1
e 26 31 1
e 26 74 1
e 27 32 1
e 27 75 1
e 28 36 2
e 28 37 1
e 29 33 1
e 29 76 1
e 30 32 2
e 31 33 2
e 34 39 1
e 34 77 1
e 35 42 2
e 35 78 1
e 36 40 1
e 36 79 1
e 37 41 2
e 37 80 1
e 38 40 2
e 38 41 1
e 39 43 2
e 40 81 1
e 41 82 1
e 42 43 1
e 42 83 1
e 44 84 1
e 44 85 1
e 44 86 1
e 45 87 1
e 45 88 1
e 45 89 1
e 46 90 1
e 46 91 1
e 46 92 1
e 47 93 1
e 47 94 1
e 47 95 1
t # 67359
v 0 1
v 1 1
v 2 1
v 3 1
v 4 1
v 5 1
v 6 3
v 7 3
v 8 3
v 9 3
v 10 3
v 11 3
v 12 4
v 13 4
v 14 4
v 15 4
v 16 4
v 17 4
v 18 4
v 19 4
e 0 9 1
e 0 17 1
e 1 9 2
e 2 10 1
e 2 18 1
e 3 11 1
e 3 19 1
e 4 10 2
e 5 11 2
e 6 7 1
e 6 8 1
e 6 9 1
e 6 12 1
e 7 10 1
e 7 13 1
e 7 14 1
e 8 11 1
e 8 15 1
e 8 16 1
t # 67360
v 0 1
v 1 1
v 2 1
v 3 3
v 4 3
v 5 3
v 6 3
v 7 3
v 8 3
v 9 4
v 10 4
v 11 4
v 12 4
v 13 4
v 14 4
e 0 5 1
e 0 7 1
e 1 6 1
e 1 8 1
e 2 6 2
e 3 4 1
e 3 5 2
e 3 6 1
e 4 7 2
e 4 9 1
e 5 10 1
e 7 11 1
e 8 12 1
e 8 13 1
e 8 14 1
t # 67361
v 0 1
v 1 1
v 2 1
v 3 1
v 4 3
v 5 3
v 6 3
v 7 3
v 8 3
v 9 3
v 10 3
v 11 3
v 12 3
v 13 3
v 14 3
v 15 3
v 16 3
v 17 3
v 18 3
v 19 3
v 20 3
v 21 3
v 22 3
v 23 4
v 24 4
v 25 4
v 26 4
v 27 4
v 28 4
v 29 4
v 30 4
v 31 4
v 32 4
v 33 4
v 34 4
v 35 4
v 36 4
v 37 4
v 38 4
v 39 4
v 40 4
v 41 4
v 42 4
v 43 4
v 44 4
v 45 4
v 46 4
v 47 4
v 48 4
v 49 4
v 50 4
v 51 4
v 52 4
v 53 4
v 54 4
v 55 4
v 56 4
v 57 4
v 58 4
v 59 4
v 60 4
e 0 19 1
e 0 20 1
e 1 19 2
e 2 21 1
e 2 59 1
e 3 22 1
e 3 60 1
e 4 5 1
e 4 6 1
e 4 23 1
e 4 24 1
e 5 7 1
e 5 25 1
e 5 26 1
e 6 9 1
e 6 27 1
e 6 28 1
e 7 8 1
e 7 29 1
e 7 30 1
e 8 10 1
e 8 31 1
e 8 32 1
e 9 11 1
e 9 33 1
e 9 34 1
e 10 12 1
e 10 35 1
e 10 36 1
e 11 13 1
e 11 37 1
e 11 38 1
e 12 14 1
e 12 39 1
e 12 40 1
e 13 15 1
e 13 41 1
e 13 42 1
e 14 16 1
e 14 43 1
e 14 44 1
e 15 17 1
e 15 45 1
e 15 46 1
e 16 18 1
e 16 47 1
e 16 48 1
e 17 19 1
e 17 49 1
e 17 50 1
e 18 51 1
e 18 52 1
e 18 53 1
e 20 21 1
e 20 54 1
e 20 55 1
e 21 22 1
e 21 56 1
e 22 57 1
e 22 58 1
t # 67362
v 0 3
v 1 3
v 2 3
v 3 3
v 4 3
v 5 3
v 6 3
v 7 3
v 8 3
v 9 3
v 10 4
v 11 4
v 12 4
v 13 4
v 14 4
v 15 4
v 16 4
v 17 4
v 18 4
v 19 4
v 20 4
v 21 4
v 22 4
v 23 4
v 24 4
v 25 4
e 0 1 1
e 0 2 1
e 0 7 1
e 0 8 1
e 1 3 1
e 1 4 1
e 1 10 1
e 2 3 1
e 2 5 1
e 2 11 1
e 3 12 1
e 3 13 1
e 4 6 1
e 4 14 1
e 4 15 1
e 5 6 1
e 5 9 2
e 6 16 1
e 6 17 1
e 7 18 1
e 7 19 1
e 7 20 1
e 8 21 1
e 8 22 1
e 8 23 1
e 9 24 1
e 9 25 1
t # 67363
v 0 1
v 1 2
v 2 3
v 3 3
v 4 3
v 5 3
v 6 3
v 7 3
v 8 3
v 9 3
v 10 3
v 11 3
v 12 4
v 13 4
v 14 4
v 15 4
v 16 4
v 17 4
v 18 4
v 19 4
v 20 4
e 0 5 1
e 0 11 1
e 1 3 1
e 1 10 2
e 2 3 2
e 2 4 1
e 2 8 1
e 3 6 1
e 4 5 2
e 4 12 1
e 5 7 1
e 6 7 2
e 6 13 1
e 7 14 1
e 8 9 2
e 8 15 1
e 9 10 1
e 9 16 1
e 10 17 1
e 11 18 1
e 11 19 1
e 11 20 1
t # 67364
v 0 8
v 1 1
v 2 1
v 3 1
v 4 3
v 5 3
v 6 3
v 7 3
v 8 3
v 9 3
v 10 3
v 11 4
v 12 4
v 13 4
v 14 4
v 15 4
v 16 4
v 17 4
v 18 4
e 1 5 1
e 1 17 1
e 2 18 1
e 4 5 1
e 4 6 2
e 4 7 1
e 5 11 1
e 6 8 1
e 6 12 1
e 7 9 2
e 7 13 1
e 8 10 2
e 8 14 1
e 9 10 1
e 9 15 1
e 10 16 1
t # 67365
v 0 12
v 1 1
v 2 3
v 3 3
v 4 3
v 5 3
v 6 3
v 7 3
v 8 3
v 9 4
v 10 4
v 11 4
v 12 4
v 13 4
v 14 4
v 15 4
e 0 7 1
e 1 3 1
e 1 15 1
e 2 3 2
e 2 4 1
e 2 5 1
e 3 6 1
e 4 7 2
e 4 9 1
e 5 10 1
e 5 11 1
e 5 12 1
e 6 8 2
e 6 13 1
e 7 8 1
e 8 14 1
t # 67366
v 0 12
v 1 1
v 2 3
v 3 3
v 4 3
v 5 3
v 6 3
v 7 3
v 8 3
v 9 4
v 10 4
v 11 4
v 12 4
v 13 4
v 14 4
v 15 4
e 0 3 1
e 1 7 1
e 1 15 1
e 2 3 2
e 2 4 1
e 2 8 1
e 3 5 1
e 4 6 2
e 4 9 1
e 5 7 2
e 5 10 1
e 6 7 1
e 6 11 1
e 8 12 1
e 8 13 1
e 8 14 1
t # 67367
v 0 12
v 1 1
v 2 3
v 3 3
v 4 3
v 5 3
v 6 3
v 7 3
v 8 3
v 9 4
v 10 4
v 11 4
v 12 4
v 13 4
v 14 4
v 15 4
e 0 5 1
e 1 6 1
e 1 15 1
e 2 3 2
e 2 4 1
e 2 8 1
e 3 5 1
e 3 9 1
e 4 7 2
e 4 10 1
e 5 6 2
e 6 7 1
e 7 11 1
e 8 12 1
e 8 13 1
e 8 14 1
t # 67368
v 0 38
v 1 10
t # 67369
v 0 8
v 1 1
v 2 1
v 3 1
v 4 3
v 5 3
v 6 3
v 7 3
v 8 3
v 9 3
v 10 3
v 11 3
v 12 3
v 13 3
v 14 3
v 15 3
v 16 3
v 17 3
v 18 3
v 19 3
v 20 3
v 21 3
v 22 3
v 23 3
v 24 3
v 25 3
v 26 3
v 27 3
v 28 3
v 29 3
v 30 4
v 31 4
v 32 4
v 33 4
v 34 4
v 35 4
v 36 4
v 37 4
v 38 4
v 39 4
v 40 4
v 41 4
v 42 4
v 43 4
v 44 4
v 45 4
v 46 4
v 47 4
v 48 4
v 49 4
v 50 4
v 51 4
v 52 4
v 53 4
v 54 4
v 55 4
v 56 4
v 57 4
v 58 4
v 59 4
v 60 4
v 61 4
v 62 4
v 63 4
v 64 4
v 65 4
v 66 4
v 67 4
v 68 4
v 69 4
v 70 4
v 71 4
v 72 4
v 73 4
v 74 4
v 75 4
v 76 4
e 1 20 1
e 2 21 1
e 3 24 1
e 4 6 1
e 4 8 1
e 4 30 1
e 4 31 1
e 5 7 1
e 5 9 1
e 5 32 1
e 5 33 1
e 6 10 1
e 6 34 1
e 6 35 1
e 7 11 1
e 7 36 1
e 7 37 1
e 8 12 1
e 8 38 1
e 8 39 1
e 9 13 1
e 9 40 1
e 9 41 1
e 10 14 1
e 10 42 1
e 10 43 1
e 11 15 1
e 11 44 1
e 11 45 1
e 12 16 1
e 12 46 1
e 12 47 1
e 13 17 1
e 13 48 1
e 13 49 1
e 14 18 1
e 14 50 1
e 14 51 1
e 15 19 1
e 15 52 1
e 15 53 1
e 16 20 1
e 16 54 1
e 16 55 1
e 17 21 1
e 17 56 1
e 17 57 1
e 18 22 1
e 18 58 1
e 18 59 1
e 19 23 1
e 19 60 1
e 19 61 1
e 20 62 1
e 20 63 1
e 21 64 1
e 21 65 1
e 22 66 1
e 22 67 1
e 22 68 1
e 23 69 1
e 23 70 1
e 23 71 1
e 24 25 2
e 24 26 1
e 25 27 1
e 25 72 1
e 26 28 2
e 26 73 1
e 27 29 2
e 27 74 1
e 28 29 1
e 28 75 1
e 29 76 1
t # 67370
v 0 1
v 1 1
v 2 3
v 3 3
v 4 3
v 5 3
v 6 3
v 7 3
v 8 3
v 9 3
v 10 3
v 11 3
v 12 3
v 13 3
v 14 3
v 15 3
v 16 3
v 17 3
v 18 3
v 19 3
v 20 3
v 21 3
v 22 3
v 23 4
v 24 4
v 25 4
v 26 4
v 27 4
v 28 4
v 29 4
v 30 4
v 31 4
v 32 4
v 33 4
v 34 4
v 35 4
v 36 4
v 37 4
v 38 4
v 39 4
v 40 4
v 41 4
v 42 4
v 43 4
v 44 4
v 45 4
v 46 4
v 47 4
v 48 4
v 49 4
v 50 4
v 51 4
v 52 4
e 0 14 1
e 0 20 1
e 1 14 2
e 2 3 1
e 2 4 1
e 2 6 1
e 2 23 1
e 3 5 1
e 3 9 1
e 3 11 1
e 4 7 1
e 4 13 1
e 4 14 1
e 5 8 1
e 5 24 1
e 5 25 1
e 6 10 1
e 6 26 1
e 6 27 1
e 7 8 1
e 7 28 1
e 7 29 1
e 8 30 1
e 8 31 1
e 9 12 2
e 9 15 1
e 10 12 1
e 10 32 1
e 10 33 1
e 11 34 1
e 11 35 1
e 11 36 1
e 12 16 1
e 13 37 1
e 13 38 1
e 13 39 1
e 15 18 2
e 15 40 1
e 16 17 2
e 16 41 1
e 17 18 1
e 17 19 1
e 18 42 1
e 19 21 1
e 19 22 1
e 19 43 1
e 20 44 1
e 20 45 1
e 20 46 1
e 21 47 1
e 21 48 1
e 21 49 1
e 22 50 1
e 22 51 1
e 22 52 1
t # 67371
v 0 11
v 1 2
v 2 2
v 3 3
v 4 3
v 5 3
v 6 3
v 7 3
v 8 3
v 9 3
v 10 3
v 11 3
v 12 3
v 13 3
v 14 3
v 15 3
v 16 3
v 17 3
v 18 3
v 19 3
v 20 3
v 21 4
v 22 4
v 23 4
v 24 4
v 25 4
v 26 4
v 27 4
v 28 4
v 29 4
v 30 4
v 31 4
v 32 4
v 33 4
v 34 4
v 35 4
v 36 4
v 37 4
v 38 4
v 39 4
v 40 4
e 0 11 1
e 0 12 1
e 1 5 1
e 1 6 1
e 1 8 1
e 2 7 1
e 2 9 1
e 2 10 1
e 3 4 1
e 3 5 1
e 3 7 1
e 3 21 1
e 4 6 1
e 4 22 1
e 4 23 1
e 5 24 1
e 5 25 1
e 6 26 1
e 6 27 1
e 7 28 1
e 7 29 1
e 8 30 1
e 8 31 1
e 8 32 1
e 9 11 1
e 9 13 2
e 10 12 1
e 10 14 2
e 11 15 2
e 12 16 2
e 13 17 1
e 13 33 1
e 14 18 1
e 14 34 1
e 15 19 1
e 15 35 1
e 16 20 1
e 16 36 1
e 17 19 2
e 17 37 1
e 18 20 2
e 18 38 1
e 19 39 1
e 20 40 1
t # 67372
v 0 11
v 1 1
v 2 1
v 3 1
v 4 1
v 5 2
v 6 2
v 7 3
v 8 3
v 9 3
v 10 3
v 11 3
v 12 3
v 13 3
v 14 3
v 15 3
v 16 3
v 17 3
v 18 3
v 19 4
v 20 4
v 21 4
v 22 4
v 23 4
v 24 4
v 25 4
v 26 4
e 0 7 1
e 0 8 1
e 5 13 1
e 6 14 1
e 7 9 2
e 7 11 1
e 8 10 2
e 8 12 1
e 9 15 1
e 9 19 1
e 10 16 1
e 10 20 1
e 11 17 2
e 11 21 1
e 12 18 2
e 12 22 1
e 13 15 2
e 13 17 1
e 14 16 2
e 14 18 1
e 15 23 1
e 16 24 1
e 17 25 1
e 18 26 1
t # 67373
v 0 1
v 1 1
v 2 1
v 3 2
v 4 3
v 5 3
v 6 3
v 7 3
v 8 3
v 9 3
v 10 3
v 11 3
v 12 3
v 13 3
v 14 3
v 15 3
v 16 3
v 17 3
v 18 3
v 19 4
v 20 4
v 21 4
v 22 4
v 23 4
v 24 4
v 25 4
v 26 4
v 27 4
v 28 4
v 29 4
e 0 12 2
e 3 9 1
e 4 6 2
e 4 7 1
e 4 8 1
e 5 12 1
e 5 14 2
e 5 15 1
e 6 10 1
e 6 19 1
e 7 11 2
e 7 20 1
e 8 13 2
e 8 21 1
e 9 10 2
e 9 11 1
e 10 22 1
e 11 23 1
e 12 13 1
e 13 24 1
e 14 16 1
e 14 25 1
e 15 17 2
e 15 26 1
e 16 18 2
e 16 27 1
e 17 18 1
e 17 28 1
e 18 29 1
t # 67374
v 0 1
v 1 1
v 2 1
v 3 3
v 4 3
v 5 3
v 6 3
v 7 3
v 8 3
v 9 3
v 10 3
v 11 3
v 12 3
v 13 3
v 14 3
v 15 3
v 16 3
v 17 3
v 18 4
v 19 4
v 20 4
v 21 4
v 22 4
v 23 4
v 24 4
v 25 4
v 26 4
v 27 4
v 28 4
v 29 4
v 30 4
v 31 4
v 32 4
v 33 4
v 34 4
v 35 4
v 36 4
v 37 4
e 0 5 1
e 0 16 1
e 1 9 2
e 2 16 2
e 3 4 1
e 3 5 1
e 3 9 1
e 3 13 1
e 4 6 1
e 4 8 1
e 4 18 1
e 5 7 1
e 5 19 1
e 6 10 1
e 6 15 1
e 6 20 1
e 7 11 1
e 7 14 1
e 7 21 1
e 8 12 1
e 8 22 1
e 8 23 1
e 9 12 1
e 10 11 1
e 10 24 1
e 10 25 1
e 11 26 1
e 11 27 1
e 12 28 1
e 12 29 1
e 13 30 1
e 13 31 1
e 13 32 1
e 14 16 1
e 14 17 2
e 15 33 1
e 15 34 1
e 15 35 1
e 17 36 1
e 17 37 1
t # 67375
v 0 2
v 1 2
v 2 2
v 3 2
v 4 2
v 5 3
v 6 3
v 7 3
v 8 3
v 9 3
v 10 3
v 11 3
v 12 3
v 13 3
v 14 3
v 15 3
v 16 3
v 17 4
v 18 4
v 19 4
v 20 4
v 21 4
v 22 4
v 23 4
v 24 4
v 25 4
v 26 4
v 27 4
v 28 4
v 29 4
e 0 9 1
e 0 15 2
e 1 15 1
e 1 16 2
e 2 15 1
e 2 24 1
e 2 25 1
e 3 16 1
e 3 26 1
e 3 27 1
e 4 16 1
e 4 28 1
e 4 29 1
e 5 6 1
e 5 7 1
e 5 10 2
e 6 8 1
e 6 11 2
e 7 9 2
e 7 17 1
e 8 12 2
e 8 18 1
e 9 12 1
e 10 13 1
e 10 19 1
e 11 14 1
e 11 20 1
e 12 21 1
e 13 14 2
e 13 22 1
e 14 23 1
t # 67376
v 0 12
v 1 2
v 2 3
v 3 3
v 4 3
v 5 3
v 6 3
v 7 3
v 8 3
v 9 3
v 10 3
v 11 3
v 12 3
v 13 3
v 14 3
v 15 3
v 16 3
v 17 4
v 18 4
v 19 4
v 20 4
v 21 4
v 22 4
v 23 4
v 24 4
v 25 4
v 26 4
v 27 4
v 28 4
v 29 4
v 30 4
v 31 4
v 32 4
v 33 4
v 34 4
e 0 11 1
e 1 2 1
e 1 4 1
e 1 5 1
e 2 3 1
e 2 17 1
e 2 18 1
e 3 6 2
e 3 8 1
e 4 11 1
e 4 19 1
e 4 20 1
e 5 12 1
e 5 21 1
e 5 22 1
e 6 7 1
e 6 23 1
e 7 9 1
e 7 13 2
e 8 10 2
e 8 24 1
e 9 10 1
e 9 14 2
e 10 25 1
e 11 26 1
e 11 27 1
e 12 28 1
e 12 29 1
e 12 30 1
e 13 15 1
e 13 31 1
e 14 16 1
e 14 32 1
e 15 16 2
e 15 33 1
e 16 34 1
t # 67377
v 0 2
v 1 2
v 2 2
v 3 3
v 4 3
v 5 3
v 6 3
v 7 3
v 8 3
v 9 3
v 10 3
v 11 3
v 12 3
v 13 4
v 14 4
v 15 4
v 16 4
v 17 4
v 18 4
v 19 4
v 20 4
v 21 4
e 0 3 1
e 0 4 1
e 0 13 1
e 1 3 1
e 1 11 2
e 2 4 1
e 2 12 2
e 3 5 2
e 4 6 2
e 5 7 1
e 5 14 1
e 6 8 1
e 6 15 1
e 7 9 2
e 7 16 1
e 8 10 2
e 8 17 1
e 9 11 1
e 9 18 1
e 10 12 1
e 10 19 1
e 11 20 1
e 12 21 1
t # 67378
v 0 2
v 1 3
v 2 3
v 3 3
v 4 3
v 5 3
v 6 3
v 7 3
v 8 3
v 9 3
v 10 3
v 11 3
v 12 4
v 13 4
v 14 4
v 15 4
v 16 4
v 17 4
v 18 4
v 19 4
v 20 4
v 21 4
v 22 4
e 0 3 1
e 0 5 2
e 1 2 1
e 1 3 1
e 1 6 2
e 2 4 2
e 2 7 1
e 3 8 2
e 4 5 1
e 4 12 1
e 5 11 1
e 6 9 1
e 6 13 1
e 7 14 1
e 7 15 1
e 7 16 1
e 8 10 1
e 8 17 1
e 9 10 2
e 9 18 1
e 10 19 1
e 11 20 1
e 11 21 1
e 11 22 1
t # 67379
v 0 1
v 1 2
v 2 3
v 3 3
v 4 3
v 5 3
v 6 3
v 7 3
v 8 3
v 9 3
v 10 3
v 11 3
v 12 4
v 13 4
v 14 4
v 15 4
v 16 4
v 17 4
v 18 4
v 19 4
v 20 4
e 0 7 1
e 0 20 1
e 1 4 1
e 1 18 1
e 1 19 1
e 2 3 1
e 2 4 1
e 2 6 2
e 3 5 1
e 3 8 2
e 4 7 2
e 5 9 2
e 5 12 1
e 6 10 1
e 6 13 1
e 7 9 1
e 8 11 1
e 8 14 1
e 9 15 1
e 10 11 2
e 10 16 1
e 11 17 1
t # 67380
v 0 1
v 1 1
v 2 2
v 3 3
v 4 3
v 5 3
v 6 3
v 7 3
v 8 3
v 9 3
v 10 3
v 11 4
v 12 4
v 13 4
v 14 4
v 15 4
v 16 4
v 17 4
v 18 4
v 19 4
e 0 10 1
e 0 19 1
e 1 10 2
e 2 7 1
e 2 17 1
e 2 18 1
e 3 4 1
e 3 5 2
e 3 6 1
e 4 10 1
e 4 11 1
e 4 12 1
e 5 8 1
e 5 13 1
e 6 9 2
e 6 14 1
e 7 8 2
e 7 9 1
e 8 15 1
e 9 16 1
t # 67381
v 0 34
v 1 1
v 2 1
v 3 1
v 4 3
v 5 3
v 6 3
v 7 3
v 8 3
v 9 3
v 10 3
v 11 4
v 12 4
v 13 4
v 14 4
v 15 4
e 1 10 1
e 1 15 1
e 2 10 2
e 4 5 2
e 4 6 1
e 4 10 1
e 5 8 1
e 5 11 1
e 6 9 2
e 6 12 1
e 7 8 2
e 7 9 1
e 8 13 1
e 9 14 1
t # 67382
v 0 1
v 1 2
v 2 2
v 3 3
v 4 3
v 5 3
v 6 3
v 7 3
v 8 3
v 9 3
v 10 3
v 11 4
v 12 4
v 13 4
v 14 4
v 15 4
v 16 4
e 0 9 2
e 1 3 1
e 1 9 1
e 1 11 1
e 2 4 1
e 2 10 2
e 3 4 1
e 3 5 2
e 4 6 2
e 5 7 1
e 5 12 1
e 6 8 1
e 6 13 1
e 7 8 2
e 7 14 1
e 8 15 1
e 9 10 1
e 10 16 1
t # 67383
v 0 11
v 1 1
v 2 3
v 3 3
v 4 3
v 5 3
v 6 3
v 7 3
v 8 3
v 9 4
v 10 4
v 11 4
v 12 4
v 13 4
v 14 4
v 15 4
v 16 4
e 0 1 2
e 0 2 1
e 0 8 1
e 2 3 2
e 2 4 1
e 3 5 1
e 3 9 1
e 4 6 2
e 4 10 1
e 5 7 2
e 5 11 1
e 6 7 1
e 6 12 1
e 7 13 1
e 8 14 1
e 8 15 1
e 8 16 1
t # 67384
v 0 1
v 1 3
v 2 3
v 3 3
v 4 3
v 5 3
v 6 3
v 7 3
v 8 3
v 9 4
v 10 4
v 11 4
v 12 4
v 13 4
v 14 4
v 15 4
v 16 4
v 17 4
v 18 4
v 19 4
v 20 4
v 21 4
v 22 4
v 23 4
v 24 4
e 0 7 1
e 0 24 1
e 1 2 1
e 1 3 1
e 1 7 1
e 1 9 1
e 2 4 1
e 2 8 1
e 2 10 1
e 3 5 1
e 3 11 1
e 3 12 1
e 4 6 1
e 4 13 1
e 4 14 1
e 5 6 1
e 5 15 1
e 5 16 1
e 6 17 1
e 6 18 1
e 7 19 1
e 7 20 1
e 8 21 1
e 8 22 1
e 8 23 1
t # 67385
v 0 1
v 1 1
v 2 2
v 3 2
v 4 3
v 5 3
v 6 3
v 7 3
v 8 4
v 9 4
v 10 4
v 11 4
e 0 6 1
e 0 11 1
e 1 5 2
e 2 5 1
e 2 7 1
e 2 9 1
e 3 6 1
e 3 7 2
e 4 5 1
e 4 6 2
e 4 8 1
e 7 10 1
t # 67386
v 0 11
v 1 2
v 2 3
v 3 3
v 4 3
v 5 3
v 6 3
v 7 3
v 8 4
v 9 4
v 10 4
v 11 4
v 12 4
v 13 4
v 14 4
e 0 5 1
e 1 2 1
e 1 12 1
e 1 13 1
e 2 3 2
e 2 4 1
e 3 6 1
e 3 8 1
e 4 7 2
e 4 9 1
e 5 6 2
e 5 7 1
e 6 10 1
e 7 11 1
t # 67387
v 0 1
v 1 1
v 2 3
v 3 3
v 4 3
v 5 3
v 6 3
v 7 3
v 8 4
v 9 4
v 10 4
v 11 4
v 12 4
v 13 4
e 0 2 1
e 0 7 1
e 1 4 2
e 2 3 2
e 2 4 1
e 3 5 1
e 3 8 1
e 4 6 1
e 5 7 2
e 5 9 1
e 6 10 1
e 6 11 1
e 6 12 1
e 7 13 1
t # 67388
v 0 18
v 1 1
v 2 3
v 3 3
v 4 3
v 5 3
v 6 3
v 7 4
v 8 4
v 9 4
v 10 4
v 11 4
v 12 4
v 13 4
v 14 4
v 15 4
e 1 2 1
e 1 5 1
e 2 3 1
e 2 6 1
e 2 7 1
e 3 4 1
e 3 8 1
e 3 9 1
e 4 5 1
e 4 10 1
e 4 11 1
e 5 12 1
e 5 13 1
e 6 14 1
e 6 15 1
t # 67389
v 0 1
v 1 2
v 2 3
v 3 3
v 4 3
v 5 3
v 6 3
v 7 4
v 8 4
v 9 4
v 10 4
v 11 4
v 12 4
v 13 4
v 14 4
v 15 4
e 0 15 1
e 1 6 2
e 2 3 1
e 2 4 1
e 2 7 1
e 2 8 1
e 3 5 1
e 3 9 1
e 3 10 1
e 4 6 1
e 4 11 1
e 4 12 1
e 5 6 1
e 5 13 1
e 5 14 1
t # 67390
v 0 18
v 1 1
v 2 1
v 3 2
v 4 3
v 5 3
v 6 3
v 7 3
v 8 3
v 9 4
v 10 4
v 11 4
v 12 4
v 13 4
v 14 4
e 1 4 1
e 1 7 1
e 2 7 2
e 4 5 1
e 4 9 1
e 4 10 1
e 5 12 1
e 5 13 1
e 5 14 1
e 6 7 1
e 6 8 1
e 6 11 1
t # 67391
v 0 3
v 1 3
v 2 3
v 3 3
v 4 3
v 5 3
v 6 3
v 7 3
v 8 3
v 9 3
v 10 3
v 11 3
v 12 3
v 13 3
v 14 3
v 15 3
v 16 3
v 17 3
v 18 3
v 19 3
v 20 3
v 21 3
v 22 3
v 23 3
v 24 4
v 25 4
v 26 4
v 27 4
v 28 4
v 29 4
v 30 4
v 31 4
v 32 4
v 33 4
v 34 4
v 35 4
v 36 4
v 37 4
v 38 4
v 39 4
v 40 4
v 41 4
e 0 1 1
e 0 4 1
e 0 6 2
e 1 5 1
e 1 7 2
e 2 4 2
e 2 8 1
e 2 10 1
e 3 5 2
e 3 9 1
e 3 11 1
e 4 24 1
e 5 25 1
e 6 12 1
e 6 26 1
e 7 13 1
e 7 27 1
e 8 14 2
e 8 16 1
e 9 15 2
e 9 17 1
e 10 12 2
e 10 28 1
e 11 13 2
e 11 29 1
e 12 30 1
e 13 31 1
e 14 18 1
e 14 32 1
e 15 19 1
e 15 33 1
e 16 20 2
e 16 34 1
e 17 21 2
e 17 35 1
e 18 22 2
e 18 36 1
e 19 23 2
e 19 37 1
e 20 22 1
e 20 38 1
e 21 23 1
e 21 39 1
e 22 40 1
e 23 41 1
t # 67392
v 0 1
v 1 1
v 2 1
v 3 2
v 4 2
v 5 2
v 6 3
v 7 3
v 8 3
v 9 3
v 10 3
v 11 3
v 12 3
v 13 3
v 14 3
v 15 3
v 16 3
v 17 3
v 18 3
v 19 3
v 20 3
v 21 3
v 22 3
v 23 3
v 24 4
v 25 4
v 26 4
v 27 4
v 28 4
v 29 4
v 30 4
v 31 4
v 32 4
v 33 4
v 34 4
v 35 4
v 36 4
v 37 4
v 38 4
v 39 4
v 40 4
v 41 4
v 42 4
v 43 4
v 44 4
v 45 4
v 46 4
v 47 4
v 48 4
e 0 8 2
e 1 10 2
e 2 13 2
e 3 8 1
e 3 11 1
e 3 13 1
e 4 10 1
e 4 13 1
e 4 30 1
e 5 12 1
e 5 17 1
e 5 18 1
e 6 7 1
e 6 8 1
e 6 9 1
e 6 10 1
e 7 14 1
e 7 24 1
e 7 25 1
e 9 15 2
e 9 16 1
e 11 12 1
e 11 26 1
e 11 27 1
e 12 28 1
e 12 29 1
e 14 31 1
e 14 32 1
e 14 33 1
e 15 19 1
e 15 34 1
e 16 20 2
e 16 35 1
e 17 21 1
e 17 36 1
e 17 37 1
e 18 22 1
e 18 38 1
e 18 39 1
e 19 23 2
e 19 40 1
e 20 23 1
e 20 41 1
e 21 42 1
e 21 43 1
e 21 44 1
e 22 45 1
e 22 46 1
e 22 47 1
e 23 48 1
t # 67393
v 0 14
v 1 14
v 2 1
v 3 1
v 4 2
v 5 3
v 6 3
v 7 3
v 8 3
v 9 3
v 10 3
v 11 3
v 12 3
v 13 3
v 14 3
v 15 3
v 16 3
v 17 3
v 18 4
v 19 4
v 20 4
v 21 4
v 22 4
v 23 4
v 24 4
v 25 4
v 26 4
v 27 4
v 28 4
v 29 4
v 30 4
v 31 4
v 32 4
v 33 4
v 34 4
e 2 17 1
e 2 34 1
e 3 17 2
e 4 5 1
e 4 6 1
e 4 7 1
e 5 9 1
e 5 11 2
e 6 15 1
e 6 18 1
e 6 19 1
e 7 16 1
e 7 20 1
e 7 21 1
e 8 9 2
e 8 10 1
e 8 12 1
e 9 22 1
e 10 13 1
e 10 23 1
e 10 24 1
e 11 14 1
e 11 25 1
e 12 14 2
e 12 26 1
e 13 17 1
e 13 27 1
e 13 28 1
e 14 29 1
e 15 30 1
e 15 31 1
e 16 32 1
e 16 33 1
t # 67394
v 0 1
v 1 1
v 2 2
v 3 3
v 4 3
v 5 3
v 6 3
v 7 3
v 8 3
v 9 3
v 10 3
v 11 3
v 12 3
v 13 3
v 14 3
v 15 3
v 16 3
v 17 3
v 18 4
v 19 4
v 20 4
v 21 4
v 22 4
v 23 4
v 24 4
v 25 4
v 26 4
v 27 4
v 28 4
v 29 4
v 30 4
e 0 10 1
e 0 27 1
e 1 16 2
e 2 12 1
e 2 16 1
e 2 26 1
e 3 4 1
e 3 6 1
e 3 18 1
e 3 19 1
e 4 5 2
e 4 8 1
e 5 7 1
e 5 9 1
e 6 7 2
e 6 11 1
e 7 10 1
e 8 12 2
e 8 20 1
e 9 13 2
e 9 21 1
e 10 14 2
e 11 15 2
e 11 22 1
e 12 13 1
e 13 23 1
e 14 15 1
e 14 24 1
e 15 25 1
e 16 17 1
e 17 28 1
e 17 29 1
e 17 30 1
t # 67395
v 0 12
v 1 12
v 2 11
v 3 11
v 4 3
v 5 3
v 6 3
v 7 3
v 8 3
v 9 3
v 10 3
v 11 3
v 12 3
v 13 3
v 14 3
v 15 3
v 16 4
v 17 4
v 18 4
v 19 4
v 20 4
v 21 4
v 22 4
v 23 4
e 0 14 1
e 1 15 1
e 2 4 1
e 3 5 1
e 4 6 2
e 4 8 1
e 5 7 2
e 5 9 1
e 6 10 1
e 6 16 1
e 7 11 1
e 7 17 1
e 8 12 2
e 8 18 1
e 9 13 2
e 9 19 1
e 10 14 2
e 10 20 1
e 11 15 2
e 11 21 1
e 12 14 1
e 12 22 1
e 13 15 1
e 13 23 1
t # 67396
v 0 1
v 1 3
v 2 3
v 3 3
v 4 3
v 5 3
v 6 3
v 7 3
v 8 3
v 9 3
v 10 3
v 11 3
v 12 3
v 13 3
v 14 3
v 15 3
v 16 4
v 17 4
v 18 4
v 19 4
v 20 4
v 21 4
v 22 4
v 23 4
v 24 4
v 25 4
v 26 4
v 27 4
v 28 4
v 29 4
e 0 7 1
e 0 15 1
e 1 3 1
e 1 4 2
e 1 5 1
e 2 6 1
e 2 10 2
e 2 11 1
e 3 6 2
e 3 16 1
e 4 8 1
e 4 17 1
e 5 9 2
e 5 18 1
e 6 19 1
e 7 8 2
e 7 9 1
e 8 20 1
e 9 21 1
e 10 12 1
e 10 22 1
e 11 13 2
e 11 23 1
e 12 14 2
e 12 24 1
e 13 14 1
e 13 25 1
e 14 26 1
e 15 27 1
e 15 28 1
e 15 29 1
t # 67397
v 0 1
v 1 1
v 2 1
v 3 1
v 4 2
v 5 3
v 6 3
v 7 3
v 8 3
v 9 3
v 10 3
v 11 3
v 12 3
v 13 3
v 14 3
v 15 4
v 16 4
v 17 4
v 18 4
v 19 4
v 20 4
v 21 4
v 22 4
v 23 4
v 24 4
v 25 4
e 0 6 1
e 0 13 1
e 1 13 2
e 2 14 1
e 2 25 1
e 3 14 2
e 4 12 1
e 4 13 1
e 4 24 1
e 5 6 1
e 5 7 2
e 5 8 1
e 6 15 1
e 6 16 1
e 7 9 1
e 7 17 1
e 8 10 2
e 8 18 1
e 9 11 2
e 9 19 1
e 10 11 1
e 10 20 1
e 11 21 1
e 12 14 1
e 12 22 1
e 12 23 1
t # 67398
v 0 1
v 1 1
v 2 3
v 3 3
v 4 3
v 5 3
v 6 3
v 7 3
v 8 3
v 9 3
v 10 3
v 11 3
v 12 3
v 13 3
v 14 3
v 15 4
v 16 4
v 17 4
v 18 4
v 19 4
v 20 4
v 21 4
v 22 4
v 23 4
v 24 4
e 0 4 2
e 1 11 1
e 1 24 1
e 2 4 1
e 2 5 2
e 2 6 1
e 3 4 1
e 3 7 2
e 3 8 1
e 5 9 1
e 5 15 1
e 6 10 2
e 6 16 1
e 7 12 1
e 7 17 1
e 8 13 2
e 8 18 1
e 9 11 2
e 9 19 1
e 10 11 1
e 10 20 1
e 12 14 2
e 12 21 1
e 13 14 1
e 13 22 1
e 14 23 1
t # 67399
v 0 1
v 1 2
v 2 3
v 3 3
v 4 3
v 5 3
v 6 3
v 7 3
v 8 3
v 9 3
v 10 3
v 11 3
v 12 3
v 13 3
v 14 3
v 15 4
v 16 4
v 17 4
v 18 4
v 19 4
v 20 4
v 21 4
v 22 4
v 23 4
v 24 4
v 25 4
e 0 4 2
e 1 7 1
e 1 24 1
e 1 25 1
e 2 4 1
e 2 5 2
e 2 6 1
e 3 4 1
e 3 10 2
e 3 11 1
e 5 8 1
e 5 15 1
e 6 9 2
e 6 16 1
e 7 8 2
e 7 9 1
e 8 17 1
e 9 18 1
e 10 12 1
e 10 19 1
e 11 13 2
e 11 20 1
e 12 14 2
e 12 21 1
e 13 14 1
e 13 22 1
e 14 23 1
