t # 43700
v 0 1
v 1 1
v 2 1
v 3 1
v 4 2
v 5 3
v 6 3
v 7 3
v 8 3
v 9 3
v 10 3
v 11 3
v 12 3
v 13 3
v 14 3
v 15 3
v 16 3
v 17 3
v 18 3
v 19 3
v 20 3
v 21 3
v 22 3
v 23 3
v 24 3
v 25 4
v 26 4
v 27 4
v 28 4
v 29 4
v 30 4
v 31 4
v 32 4
v 33 4
v 34 4
v 35 4
v 36 4
v 37 4
v 38 4
v 39 4
e 0 13 1
e 0 22 1
e 1 15 1
e 1 22 1
e 2 20 1
e 2 23 1
e 3 21 1
e 3 24 1
e 4 7 1
e 4 17 2
e 5 6 1
e 5 7 2
e 5 11 1
e 6 9 1
e 6 12 2
e 7 8 1
e 8 10 1
e 8 18 2
e 9 16 2
e 9 17 1
e 10 14 1
e 10 19 2
e 11 14 2
e 11 25 1
e 12 13 1
e 12 26 1
e 13 15 2
e 14 27 1
e 15 16 1
e 16 28 1
e 17 29 1
e 18 20 1
e 18 30 1
e 19 21 1
e 19 31 1
e 20 21 2
e 22 32 1
e 22 33 1
e 23 34 1
e 23 35 1
e 23 36 1
e 24 37 1
e 24 38 1
e 24 39 1
t # 43701
v 0 12
v 1 11
v 2 1
v 3 1
v 4 1
v 5 2
v 6 2
v 7 3
v 8 3
v 9 3
v 10 3
v 11 3
v 12 3
v 13 3
v 14 3
v 15 3
v 16 3
v 17 4
v 18 4
v 19 4
v 20 4
v 21 4
v 22 4
v 23 4
v 24 4
v 25 4
e 0 15 1
e 1 9 1
e 1 16 1
e 2 8 2
e 3 11 2
e 4 12 2
e 5 7 1
e 5 11 1
e 5 12 1
e 6 8 1
e 6 11 1
e 6 20 1
e 7 8 1
e 7 9 1
e 7 10 1
e 9 13 2
e 10 17 1
e 10 18 1
e 10 19 1
e 12 15 1
e 13 14 1
e 13 21 1
e 14 16 2
e 14 22 1
e 15 23 1
e 15 24 1
e 16 25 1
t # 43702
v 0 1
v 1 1
v 2 1
v 3 2
v 4 3
v 5 3
v 6 3
v 7 3
v 8 4
v 9 4
v 10 4
v 11 4
v 12 4
e 0 4 1
e 0 6 1
e 1 6 2
e 2 7 2
e 3 6 1
e 3 7 2
e 4 5 1
e 4 8 1
e 4 9 1
e 5 10 1
e 5 11 1
e 5 12 1
t # 43703
v 0 11
v 1 1
v 2 1
v 3 1
v 4 1
v 5 2
v 6 3
v 7 3
v 8 3
v 9 3
v 10 3
v 11 3
v 12 3
v 13 3
v 14 3
v 15 3
v 16 4
v 17 4
v 18 4
v 19 4
v 20 4
v 21 4
v 22 4
v 23 4
v 24 4
v 25 4
v 26 4
v 27 4
v 28 4
e 0 1 2
e 0 2 2
e 0 9 1
e 3 12 1
e 3 28 1
e 4 12 2
e 5 6 1
e 5 7 1
e 6 8 1
e 6 16 1
e 6 17 1
e 7 12 1
e 7 18 1
e 7 19 1
e 8 10 2
e 8 11 1
e 9 20 1
e 9 21 1
e 9 22 1
e 10 13 1
e 10 23 1
e 11 14 2
e 11 24 1
e 13 15 2
e 13 25 1
e 14 15 1
e 14 26 1
e 15 27 1
t # 43704
v 0 1
v 1 2
v 2 3
v 3 3
v 4 3
v 5 3
v 6 4
v 7 4
v 8 4
v 9 4
v 10 4
v 11 4
v 12 4
e 1 3 1
e 1 5 2
e 2 3 1
e 2 4 1
e 2 6 1
e 2 7 1
e 3 8 1
e 3 9 1
e 4 5 1
e 4 10 1
e 4 11 1
e 5 12 1
t # 43705
v 0 12
v 1 12
v 2 1
v 3 1
v 4 1
v 5 2
v 6 3
v 7 3
v 8 3
v 9 3
v 10 3
v 11 3
v 12 3
v 13 3
v 14 3
v 15 3
v 16 3
v 17 3
v 18 3
v 19 4
v 20 4
v 21 4
v 22 4
v 23 4
v 24 4
v 25 4
v 26 4
v 27 4
e 0 11 1
e 1 14 1
e 2 13 1
e 2 16 1
e 3 13 2
e 4 17 2
e 5 8 2
e 5 12 1
e 6 7 2
e 6 8 1
e 6 9 1
e 7 10 1
e 7 13 1
e 8 11 1
e 9 14 2
e 9 19 1
e 10 12 2
e 10 20 1
e 11 15 2
e 12 17 1
e 14 15 1
e 15 21 1
e 16 18 1
e 16 22 1
e 16 23 1
e 17 24 1
e 18 25 1
e 18 26 1
e 18 27 1
t # 43706
v 0 12
v 1 12
v 2 1
v 3 1
v 4 1
v 5 2
v 6 3
v 7 3
v 8 3
v 9 3
v 10 3
v 11 3
v 12 3
v 13 3
v 14 3
v 15 3
v 16 3
v 17 3
v 18 3
v 19 4
v 20 4
v 21 4
v 22 4
v 23 4
v 24 4
v 25 4
v 26 4
v 27 4
v 28 4
v 29 4
e 0 12 1
e 1 14 1
e 2 13 1
e 2 17 1
e 3 15 1
e 3 29 1
e 4 13 2
e 5 8 2
e 5 9 1
e 6 7 2
e 6 8 1
e 6 11 1
e 7 10 1
e 7 13 1
e 8 12 1
e 9 10 2
e 9 15 1
e 10 19 1
e 11 14 2
e 11 20 1
e 12 16 2
e 14 16 1
e 15 21 1
e 15 22 1
e 16 23 1
e 17 18 1
e 17 24 1
e 17 25 1
e 18 26 1
e 18 27 1
e 18 28 1
t # 43707
v 0 12
v 1 12
v 2 1
v 3 1
v 4 2
v 5 3
v 6 3
v 7 3
v 8 3
v 9 3
v 10 3
v 11 3
v 12 3
v 13 3
v 14 3
v 15 3
v 16 3
v 17 3
v 18 4
v 19 4
v 20 4
v 21 4
v 22 4
v 23 4
v 24 4
v 25 4
v 26 4
v 27 4
v 28 4
e 0 11 1
e 1 13 1
e 2 12 1
e 2 16 1
e 3 12 2
e 4 7 2
e 4 9 1
e 5 6 2
e 5 7 1
e 5 10 1
e 6 8 1
e 6 12 1
e 7 11 1
e 8 9 2
e 8 18 1
e 9 15 1
e 10 13 2
e 10 19 1
e 11 14 2
e 13 14 1
e 14 20 1
e 15 21 1
e 15 22 1
e 15 23 1
e 16 17 1
e 16 24 1
e 16 25 1
e 17 26 1
e 17 27 1
e 17 28 1
t # 43708
v 0 11
v 1 1
v 2 1
v 3 2
v 4 3
v 5 3
v 6 3
v 7 3
v 8 3
v 9 3
v 10 3
v 11 3
v 12 3
v 13 4
v 14 4
v 15 4
v 16 4
v 17 4
v 18 4
v 19 4
v 20 4
v 21 4
v 22 4
v 23 4
v 24 4
v 25 4
v 26 4
v 27 4
v 28 4
v 29 4
e 0 8 1
e 0 10 1
e 1 10 2
e 2 11 2
e 3 10 1
e 3 11 1
e 3 26 1
e 4 5 1
e 4 6 1
e 4 13 1
e 4 14 1
e 5 7 1
e 5 15 1
e 5 16 1
e 6 8 1
e 6 17 1
e 6 18 1
e 7 9 1
e 7 19 1
e 7 20 1
e 8 21 1
e 8 22 1
e 9 23 1
e 9 24 1
e 9 25 1
e 11 12 1
e 12 27 1
e 12 28 1
e 12 29 1
t # 43709
v 0 12
v 1 2
v 2 2
v 3 2
v 4 2
v 5 2
v 6 2
v 7 2
v 8 3
v 9 3
v 10 3
v 11 3
v 12 3
v 13 3
v 14 3
v 15 3
v 16 3
v 17 3
v 18 3
v 19 3
v 20 3
v 21 3
v 22 3
v 23 3
v 24 3
v 25 3
v 26 3
v 27 3
v 28 4
v 29 4
v 30 4
v 31 4
v 32 4
v 33 4
v 34 4
v 35 4
v 36 4
v 37 4
v 38 4
v 39 4
v 40 4
v 41 4
v 42 4
v 43 4
v 44 4
v 45 4
v 46 4
v 47 4
v 48 4
v 49 4
v 50 4
v 51 4
v 52 4
v 53 4
v 54 4
v 55 4
e 0 26 1
e 1 8 1
e 1 9 1
e 1 10 1
e 2 11 1
e 2 16 1
e 2 46 1
e 3 16 2
e 3 19 1
e 4 19 1
e 4 20 1
e 4 48 1
e 5 18 1
e 5 19 2
e 6 20 1
e 6 21 1
e 6 49 1
e 7 20 2
e 7 22 1
e 8 12 1
e 8 13 1
e 8 28 1
e 9 14 1
e 9 15 1
e 9 29 1
e 10 11 1
e 10 30 1
e 10 31 1
e 11 32 1
e 11 33 1
e 12 34 1
e 12 35 1
e 12 36 1
e 13 37 1
e 13 38 1
e 13 39 1
e 14 40 1
e 14 41 1
e 14 42 1
e 15 43 1
e 15 44 1
e 15 45 1
e 16 17 1
e 17 18 2
e 17 47 1
e 18 23 1
e 21 22 2
e 21 24 1
e 22 25 1
e 23 50 1
e 23 51 1
e 23 52 1
e 24 26 2
e 24 53 1
e 25 27 2
e 25 54 1
e 26 27 1
e 27 55 1
t # 43710
v 0 12
v 1 2
v 2 2
v 3 2
v 4 2
v 5 2
v 6 2
v 7 2
v 8 3
v 9 3
v 10 3
v 11 3
v 12 3
v 13 3
v 14 3
v 15 3
v 16 3
v 17 3
v 18 3
v 19 3
v 20 3
v 21 3
v 22 3
v 23 3
v 24 3
v 25 3
v 26 3
v 27 3
v 28 4
v 29 4
v 30 4
v 31 4
v 32 4
v 33 4
v 34 4
v 35 4
v 36 4
v 37 4
v 38 4
v 39 4
v 40 4
v 41 4
v 42 4
v 43 4
v 44 4
v 45 4
v 46 4
v 47 4
v 48 4
v 49 4
v 50 4
v 51 4
e 0 23 1
e 1 8 1
e 1 10 1
e 1 11 1
e 2 9 1
e 2 12 1
e 2 36 1
e 3 15 1
e 3 16 1
e 3 40 1
e 4 16 1
e 4 19 1
e 4 41 1
e 5 12 2
e 5 19 1
e 6 16 2
e 6 17 1
e 7 19 2
e 7 20 1
e 8 9 1
e 8 28 1
e 8 29 1
e 9 30 1
e 9 31 1
e 10 13 1
e 10 32 1
e 10 33 1
e 11 14 1
e 11 34 1
e 11 35 1
e 12 18 1
e 13 26 2
e 13 37 1
e 14 27 2
e 14 38 1
e 15 17 2
e 15 21 1
e 17 22 1
e 18 20 2
e 18 39 1
e 20 25 1
e 21 23 2
e 21 42 1
e 22 24 2
e 22 43 1
e 23 24 1
e 24 44 1
e 25 45 1
e 25 46 1
e 25 47 1
e 26 48 1
e 26 49 1
e 27 50 1
e 27 51 1
t # 43711
v 0 11
v 1 14
v 2 1
v 3 1
v 4 1
v 5 1
v 6 1
v 7 2
v 8 3
v 9 3
v 10 3
v 11 3
v 12 3
v 13 3
v 14 3
v 15 3
v 16 3
v 17 3
v 18 3
v 19 3
v 20 3
v 21 3
v 22 4
v 23 4
v 24 4
v 25 4
v 26 4
v 27 4
v 28 4
v 29 4
v 30 4
v 31 4
v 32 4
v 33 4
v 34 4
v 35 4
v 36 4
v 37 4
v 38 4
v 39 4
v 40 4
v 41 4
e 0 5 2
e 0 6 2
e 0 15 1
e 0 16 1
e 2 9 1
e 2 36 1
e 3 10 1
e 3 37 1
e 4 13 2
e 7 13 1
e 7 14 1
e 7 35 1
e 8 9 1
e 8 10 1
e 8 11 1
e 8 12 1
e 9 13 1
e 9 22 1
e 10 23 1
e 10 24 1
e 11 25 1
e 11 26 1
e 11 27 1
e 12 28 1
e 12 29 1
e 12 30 1
e 14 15 1
e 14 31 1
e 14 32 1
e 15 33 1
e 15 34 1
e 16 17 2
e 16 18 1
e 17 19 1
e 17 38 1
e 18 20 2
e 18 39 1
e 19 21 2
e 19 40 1
e 20 21 1
e 20 41 1
t # 43712
v 0 18
v 1 11
v 2 14
v 3 14
v 4 14
v 5 1
v 6 1
v 7 3
v 8 3
v 9 3
v 10 3
v 11 3
v 12 3
v 13 3
v 14 4
v 15 4
v 16 4
v 17 4
e 1 5 2
e 1 6 2
e 1 7 1
e 1 8 1
e 7 9 2
e 7 10 1
e 9 11 1
e 9 14 1
e 10 12 2
e 10 15 1
e 11 13 2
e 11 16 1
e 12 13 1
e 12 17 1
t # 43713
v 0 1
v 1 1
v 2 1
v 3 1
v 4 2
v 5 3
v 6 3
v 7 3
v 8 3
v 9 3
v 10 3
v 11 3
v 12 3
v 13 3
v 14 3
v 15 4
v 16 4
v 17 4
v 18 4
v 19 4
v 20 4
v 21 4
v 22 4
v 23 4
v 24 4
v 25 4
e 0 5 1
e 0 6 1
e 1 7 2
e 2 14 1
e 2 25 1
e 3 14 2
e 4 7 1
e 4 8 1
e 4 19 1
e 5 7 1
e 5 15 1
e 5 16 1
e 6 9 2
e 6 10 1
e 8 14 1
e 8 17 1
e 8 18 1
e 9 11 1
e 9 20 1
e 10 12 2
e 10 21 1
e 11 13 2
e 11 22 1
e 12 13 1
e 12 23 1
e 13 24 1
t # 43714
v 0 2
v 1 2
v 2 2
v 3 2
v 4 3
v 5 3
v 6 3
v 7 3
v 8 3
v 9 3
v 10 3
v 11 3
v 12 3
v 13 3
v 14 3
v 15 3
v 16 3
v 17 3
v 18 3
v 19 3
v 20 4
v 21 4
v 22 4
v 23 4
v 24 4
v 25 4
v 26 4
v 27 4
v 28 4
v 29 4
v 30 4
v 31 4
v 32 4
v 33 4
v 34 4
v 35 4
e 0 6 1
e 0 8 1
e 0 26 1
e 1 3 1
e 1 8 2
e 2 12 1
e 4 5 1
e 4 6 1
e 4 20 1
e 4 21 1
e 5 7 1
e 5 22 1
e 5 23 1
e 6 24 1
e 6 25 1
e 7 10 2
e 7 11 1
e 8 9 1
e 9 12 1
e 9 13 2
e 10 14 1
e 10 27 1
e 11 15 2
e 11 28 1
e 12 16 2
e 13 18 1
e 13 29 1
e 14 17 2
e 14 30 1
e 15 17 1
e 15 31 1
e 16 19 1
e 16 32 1
e 17 33 1
e 18 19 2
e 18 34 1
e 19 35 1
t # 43715
v 0 12
v 1 1
v 2 1
v 3 2
v 4 3
v 5 3
v 6 3
v 7 3
v 8 3
v 9 3
v 10 3
v 11 3
v 12 3
v 13 3
v 14 3
v 15 3
v 16 3
v 17 3
v 18 3
v 19 3
v 20 3
v 21 3
v 22 3
v 23 4
v 24 4
v 25 4
v 26 4
v 27 4
v 28 4
v 29 4
v 30 4
v 31 4
v 32 4
v 33 4
v 34 4
v 35 4
v 36 4
e 0 22 1
e 1 7 2
e 2 12 2
e 3 5 2
e 3 9 1
e 4 5 1
e 4 7 1
e 4 23 1
e 4 24 1
e 5 10 1
e 6 7 1
e 6 12 1
e 6 25 1
e 6 26 1
e 8 9 1
e 8 11 1
e 8 14 2
e 9 15 2
e 10 11 2
e 10 27 1
e 11 28 1
e 12 13 1
e 13 18 2
e 13 19 1
e 14 16 1
e 14 29 1
e 15 17 1
e 15 30 1
e 16 17 2
e 16 31 1
e 17 32 1
e 18 20 1
e 18 33 1
e 19 21 2
e 19 34 1
e 20 22 2
e 20 35 1
e 21 22 1
e 21 36 1
t # 43716
v 0 1
v 1 1
v 2 1
v 3 3
v 4 3
v 5 3
v 6 3
v 7 3
v 8 3
v 9 3
v 10 3
v 11 3
v 12 4
v 13 4
v 14 4
v 15 4
v 16 4
v 17 4
v 18 4
v 19 4
v 20 4
v 21 4
v 22 4
v 23 4
v 24 4
v 25 4
v 26 4
v 27 4
e 0 6 1
e 0 22 1
e 1 9 1
e 1 10 1
e 2 9 2
e 3 4 1
e 3 5 1
e 3 6 1
e 3 12 1
e 4 5 1
e 4 13 1
e 4 14 1
e 5 15 1
e 5 16 1
e 6 7 1
e 6 8 1
e 7 9 1
e 7 17 1
e 7 18 1
e 8 19 1
e 8 20 1
e 8 21 1
e 10 11 1
e 10 23 1
e 10 24 1
e 11 25 1
e 11 26 1
e 11 27 1
t # 43717
v 0 1
v 1 1
v 2 1
v 3 1
v 4 1
v 5 1
v 6 1
v 7 2
v 8 2
v 9 3
v 10 3
v 11 3
v 12 3
v 13 3
v 14 3
v 15 3
v 16 3
v 17 3
v 18 3
v 19 3
v 20 3
v 21 3
v 22 3
v 23 3
v 24 4
v 25 4
v 26 4
v 27 4
v 28 4
v 29 4
v 30 4
v 31 4
v 32 4
v 33 4
v 34 4
v 35 4
v 36 4
v 37 4
v 38 4
v 39 4
v 40 4
v 41 4
e 0 13 1
e 0 21 1
e 1 17 1
e 1 19 1
e 2 18 1
e 2 20 1
e 5 17 2
e 6 18 2
e 7 9 1
e 7 15 1
e 7 25 1
e 8 10 1
e 9 10 2
e 9 11 1
e 10 12 1
e 11 14 2
e 11 24 1
e 12 13 2
e 12 26 1
e 13 14 1
e 14 27 1
e 15 16 2
e 15 28 1
e 16 17 1
e 16 18 1
e 19 22 1
e 19 29 1
e 19 30 1
e 20 23 1
e 20 31 1
e 20 32 1
e 21 39 1
e 21 40 1
e 21 41 1
e 22 33 1
e 22 34 1
e 22 35 1
e 23 36 1
e 23 37 1
e 23 38 1
t # 43718
v 0 1
v 1 1
v 2 1
v 3 2
v 4 2
v 5 2
v 6 3
v 7 3
v 8 3
v 9 3
v 10 3
v 11 3
v 12 3
v 13 3
v 14 3
v 15 3
v 16 3
v 17 3
v 18 3
v 19 3
v 20 3
v 21 3
v 22 3
v 23 3
v 24 3
v 25 3
v 26 3
v 27 3
v 28 3
v 29 3
v 30 3
v 31 3
v 32 3
v 33 3
v 34 3
v 35 4
v 36 4
v 37 4
v 38 4
v 39 4
v 40 4
v 41 4
v 42 4
v 43 4
v 44 4
v 45 4
v 46 4
v 47 4
v 48 4
v 49 4
v 50 4
v 51 4
v 52 4
v 53 4
v 54 4
v 55 4
v 56 4
v 57 4
v 58 4
v 59 4
e 0 21 1
e 0 34 1
e 1 25 2
e 2 26 2
e 3 6 1
e 3 8 1
e 3 10 1
e 4 16 1
e 4 25 1
e 4 26 1
e 5 24 2
e 5 29 1
e 6 7 2
e 6 11 1
e 7 9 1
e 7 12 1
e 8 9 2
e 8 18 1
e 9 17 1
e 10 13 1
e 10 35 1
e 10 36 1
e 11 14 2
e 11 19 1
e 12 15 2
e 12 20 1
e 13 16 1
e 13 37 1
e 13 38 1
e 14 15 1
e 14 23 1
e 15 24 1
e 16 39 1
e 16 40 1
e 17 21 2
e 17 41 1
e 18 22 2
e 18 42 1
e 19 43 1
e 19 44 1
e 19 45 1
e 20 46 1
e 20 47 1
e 20 48 1
e 21 22 1
e 22 49 1
e 23 29 2
e 23 50 1
e 24 51 1
e 25 27 1
e 26 28 1
e 27 28 1
e 27 30 2
e 28 31 2
e 29 52 1
e 30 32 1
e 30 53 1
e 31 33 1
e 31 54 1
e 32 33 2
e 32 55 1
e 33 56 1
e 34 57 1
e 34 58 1
e 34 59 1
t # 43719
v 0 11
v 1 1
v 2 1
v 3 1
v 4 1
v 5 1
v 6 1
v 7 1
v 8 1
v 9 1
v 10 1
v 11 1
v 12 1
v 13 1
v 14 1
v 15 1
v 16 1
v 17 1
v 18 1
v 19 1
v 20 1
v 21 1
v 22 1
v 23 2
v 24 2
v 25 2
v 26 2
v 27 2
v 28 3
v 29 3
v 30 3
v 31 3
v 32 3
v 33 3
v 34 3
v 35 3
v 36 3
v 37 3
v 38 3
v 39 3
v 40 3
v 41 3
v 42 3
v 43 3
v 44 3
v 45 3
v 46 3
v 47 3
v 48 3
v 49 3
v 50 3
v 51 3
v 52 3
v 53 3
v 54 3
v 55 3
v 56 3
v 57 4
v 58 4
v 59 4
v 60 4
v 61 4
v 62 4
v 63 4
v 64 4
v 65 4
v 66 4
v 67 4
v 68 4
v 69 4
v 70 4
v 71 4
v 72 4
v 73 4
v 74 4
v 75 4
v 76 4
v 77 4
v 78 4
v 79 4
v 80 4
v 81 4
v 82 4
v 83 4
v 84 4
v 85 4
v 86 4
v 87 4
v 88 4
v 89 4
v 90 4
v 91 4
v 92 4
v 93 4
v 94 4
v 95 4
v 96 4
v 97 4
v 98 4
v 99 4
v 100 4
v 101 4
v 102 4
v 103 4
v 104 4
v 105 4
v 106 4
v 107 4
v 108 4
v 109 4
v 110 4
v 111 4
v 112 4
v 113 4
e 0 21 2
e 0 22 2
e 1 28 1
e 1 34 1
e 2 29 1
e 2 42 1
e 3 34 1
e 3 37 1
e 4 35 1
e 4 38 1
e 5 38 1
e 5 43 1
e 6 31 1
e 6 83 1
e 7 42 1
e 7 48 1
e 8 40 1
e 8 49 1
e 9 36 1
e 9 89 1
e 10 41 1
e 10 96 1
e 11 49 1
e 11 54 1
e 12 45 1
e 12 101 1
e 13 47 1
e 13 104 1
e 14 51 1
e 14 107 1
e 15 52 1
e 15 108 1
e 16 53 1
e 16 109 1
e 17 55 1
e 17 110 1
e 18 56 1
e 18 111 1
e 19 112 1
e 20 113 1
e 23 30 1
e 23 75 1
e 23 76 1
e 24 32 1
e 24 77 1
e 24 78 1
e 25 39 1
e 25 91 1
e 25 92 1
e 26 44 1
e 26 97 1
e 26 98 1
e 27 50 1
e 27 102 1
e 27 103 1
e 28 29 1
e 28 31 1
e 28 57 1
e 29 30 1
e 29 58 1
e 30 33 1
e 30 59 1
e 31 32 1
e 31 60 1
e 32 33 1
e 32 61 1
e 33 62 1
e 33 63 1
e 34 36 1
e 34 64 1
e 35 36 1
e 35 37 1
e 35 65 1
e 36 66 1
e 37 45 1
e 37 67 1
e 38 39 1
e 38 68 1
e 39 41 1
e 39 69 1
e 40 41 1
e 40 43 1
e 40 70 1
e 41 71 1
e 42 44 1
e 42 72 1
e 43 50 1
e 43 73 1
e 44 46 1
e 44 74 1
e 45 79 1
e 45 80 1
e 46 47 1
e 46 81 1
e 46 82 1
e 47 48 1
e 47 84 1
e 48 55 1
e 48 85 1
e 49 51 1
e 49 86 1
e 50 87 1
e 50 88 1
e 51 52 1
e 51 90 1
e 52 53 1
e 52 93 1
e 53 54 1
e 53 94 1
e 54 56 1
e 54 95 1
e 55 99 1
e 55 100 1
e 56 105 1
e 56 106 1
t # 43720
v 0 12
v 1 1
v 2 1
v 3 1
v 4 3
v 5 3
v 6 3
v 7 3
v 8 3
v 9 3
v 10 3
v 11 3
v 12 3
v 13 3
v 14 3
v 15 3
v 16 3
v 17 3
v 18 3
v 19 4
v 20 4
v 21 4
v 22 4
v 23 4
v 24 4
v 25 4
v 26 4
v 27 4
v 28 4
v 29 4
e 0 13 1
e 1 10 1
e 1 18 1
e 2 6 2
e 3 7 2
e 4 6 1
e 4 8 2
e 4 9 1
e 5 7 1
e 5 13 1
e 5 14 2
e 6 7 1
e 8 11 1
e 8 19 1
e 9 12 2
e 9 20 1
e 10 11 2
e 10 12 1
e 11 21 1
e 12 22 1
e 13 15 2
e 14 16 1
e 14 23 1
e 15 17 1
e 15 24 1
e 16 17 2
e 16 25 1
e 17 26 1
e 18 27 1
e 18 28 1
e 18 29 1
t # 43721
v 0 1
v 1 1
v 2 1
v 3 1
v 4 3
v 5 3
v 6 3
v 7 3
v 8 3
v 9 3
v 10 3
v 11 3
v 12 3
v 13 3
v 14 3
v 15 3
v 16 3
v 17 3
v 18 3
v 19 3
v 20 3
v 21 3
v 22 3
v 23 3
v 24 3
v 25 3
v 26 4
v 27 4
v 28 4
v 29 4
v 30 4
v 31 4
v 32 4
v 33 4
v 34 4
v 35 4
v 36 4
v 37 4
v 38 4
v 39 4
v 40 4
v 41 4
v 42 4
v 43 4
v 44 4
v 45 4
v 46 4
v 47 4
v 48 4
v 49 4
e 0 24 1
e 0 48 1
e 1 25 1
e 1 49 1
e 2 24 2
e 3 25 2
e 4 6 1
e 4 8 2
e 4 10 1
e 5 7 1
e 5 9 2
e 5 11 1
e 6 12 2
e 6 14 1
e 7 13 2
e 7 15 1
e 8 16 1
e 8 24 1
e 9 17 1
e 9 25 1
e 10 26 1
e 10 27 1
e 10 28 1
e 11 29 1
e 11 30 1
e 11 31 1
e 12 18 1
e 12 32 1
e 13 19 1
e 13 33 1
e 14 20 2
e 14 34 1
e 15 21 2
e 15 35 1
e 16 36 1
e 16 37 1
e 16 38 1
e 17 39 1
e 17 40 1
e 17 41 1
e 18 22 2
e 18 42 1
e 19 23 2
e 19 43 1
e 20 22 1
e 20 44 1
e 21 23 1
e 21 45 1
e 22 46 1
e 23 47 1
t # 43722
v 0 1
v 1 1
v 2 1
v 3 1
v 4 3
v 5 3
v 6 3
v 7 3
v 8 3
v 9 3
v 10 3
v 11 3
v 12 3
v 13 3
v 14 3
v 15 3
v 16 3
v 17 3
v 18 3
v 19 3
v 20 3
v 21 3
v 22 3
v 23 4
v 24 4
v 25 4
v 26 4
v 27 4
v 28 4
v 29 4
v 30 4
v 31 4
v 32 4
v 33 4
v 34 4
v 35 4
v 36 4
v 37 4
v 38 4
v 39 4
v 40 4
v 41 4
v 42 4
e 0 9 2
e 1 10 2
e 2 15 2
e 3 16 2
e 4 5 1
e 4 6 1
e 4 23 1
e 4 24 1
e 5 7 2
e 5 9 1
e 6 8 2
e 6 10 1
e 7 15 1
e 7 17 1
e 8 16 1
e 8 18 1
e 9 11 1
e 10 12 1
e 11 13 2
e 11 19 1
e 12 14 2
e 12 20 1
e 13 15 1
e 13 21 1
e 14 16 1
e 14 22 1
e 17 25 1
e 17 26 1
e 17 27 1
e 18 28 1
e 18 29 1
e 18 30 1
e 19 31 1
e 19 32 1
e 19 33 1
e 20 34 1
e 20 35 1
e 20 36 1
e 21 37 1
e 21 38 1
e 21 39 1
e 22 40 1
e 22 41 1
e 22 42 1
t # 43723
v 0 1
v 1 1
v 2 3
v 3 3
v 4 3
v 5 3
v 6 3
v 7 3
v 8 3
v 9 3
v 10 3
v 11 3
v 12 4
v 13 4
v 14 4
v 15 4
v 16 4
v 17 4
v 18 4
v 19 4
v 20 4
v 21 4
v 22 4
v 23 4
v 24 4
v 25 4
v 26 4
v 27 4
v 28 4
v 29 4
e 0 3 1
e 0 25 1
e 1 9 1
e 1 27 1
e 2 3 1
e 2 4 1
e 2 8 1
e 2 9 1
e 3 5 1
e 3 12 1
e 4 6 1
e 4 13 1
e 4 14 1
e 5 7 1
e 5 15 1
e 5 16 1
e 6 7 1
e 6 17 1
e 6 18 1
e 7 19 1
e 7 20 1
e 8 10 1
e 8 21 1
e 8 22 1
e 9 23 1
e 9 24 1
e 10 11 2
e 10 26 1
e 11 28 1
e 11 29 1
t # 43724
v 0 2
v 1 2
v 2 3
v 3 3
v 4 3
v 5 3
v 6 3
v 7 3
v 8 3
v 9 3
v 10 3
v 11 4
v 12 4
v 13 4
v 14 4
v 15 4
v 16 4
v 17 4
v 18 4
v 19 4
v 20 4
v 21 4
v 22 4
v 23 4
v 24 4
v 25 4
v 26 4
v 27 4
v 28 4
e 0 6 1
e 0 7 1
e 0 8 1
e 1 5 1
e 1 9 1
e 1 21 1
e 2 3 1
e 2 4 1
e 2 5 1
e 2 11 1
e 3 4 1
e 3 12 1
e 3 13 1
e 4 14 1
e 4 15 1
e 5 10 1
e 5 16 1
e 6 7 1
e 6 17 1
e 6 18 1
e 7 19 1
e 7 20 1
e 8 9 1
e 8 22 1
e 8 23 1
e 9 24 1
e 9 25 1
e 10 26 1
e 10 27 1
e 10 28 1
t # 43725
v 0 18
v 1 14
v 2 14
v 3 14
v 4 2
v 5 2
v 6 3
v 7 3
v 8 3
v 9 3
v 10 3
v 11 3
v 12 3
v 13 3
v 14 3
v 15 3
v 16 3
v 17 3
v 18 3
v 19 4
v 20 4
v 21 4
v 22 4
v 23 4
v 24 4
e 4 6 1
e 4 13 2
e 5 9 1
e 5 18 2
e 6 7 2
e 6 8 1
e 7 10 1
e 7 11 1
e 8 9 2
e 8 15 1
e 9 12 1
e 10 12 2
e 10 19 1
e 11 14 2
e 12 20 1
e 13 14 1
e 13 16 1
e 14 21 1
e 15 17 2
e 15 22 1
e 17 18 1
e 17 23 1
e 18 24 1
t # 43726
v 0 1
v 1 1
v 2 1
v 3 1
v 4 1
v 5 1
v 6 2
v 7 2
v 8 3
v 9 3
v 10 3
v 11 3
v 12 3
v 13 3
v 14 3
v 15 3
v 16 3
v 17 3
v 18 3
v 19 3
v 20 3
v 21 4
v 22 4
v 23 4
v 24 4
v 25 4
v 26 4
v 27 4
v 28 4
v 29 4
v 30 4
v 31 4
v 32 4
v 33 4
v 34 4
v 35 4
v 36 4
v 37 4
v 38 4
v 39 4
v 40 4
e 0 11 1
e 0 15 1
e 1 12 1
e 1 16 1
e 2 13 1
e 2 34 1
e 3 11 2
e 4 12 2
e 5 14 2
e 6 8 1
e 6 14 1
e 6 25 1
e 8 9 1
e 8 11 1
e 8 12 1
e 9 10 1
e 9 21 1
e 9 22 1
e 10 13 1
e 10 23 1
e 10 24 1
e 13 18 1
e 13 26 1
e 14 17 1
e 15 19 1
e 15 27 1
e 15 28 1
e 16 20 1
e 16 29 1
e 16 30 1
e 17 31 1
e 17 32 1
e 17 33 1
e 19 35 1
e 19 36 1
e 19 37 1
e 20 38 1
e 20 39 1
e 20 40 1
t # 43727
v 0 1
v 1 1
v 2 1
v 3 1
v 4 3
v 5 3
v 6 3
v 7 3
v 8 3
v 9 3
v 10 3
v 11 3
v 12 3
v 13 3
v 14 3
v 15 3
v 16 3
v 17 3
v 18 3
v 19 3
v 20 3
v 21 3
v 22 3
v 23 3
v 24 3
v 25 3
v 26 4
v 27 4
v 28 4
v 29 4
v 30 4
v 31 4
v 32 4
v 33 4
v 34 4
v 35 4
v 36 4
v 37 4
v 38 4
v 39 4
v 40 4
v 41 4
v 42 4
v 43 4
e 0 4 1
e 0 12 1
e 1 7 1
e 1 14 1
e 2 12 2
e 3 14 2
e 4 5 2
e 4 6 1
e 5 8 1
e 5 10 1
e 6 9 2
e 6 11 1
e 7 8 2
e 7 9 1
e 8 26 1
e 9 27 1
e 10 28 1
e 10 29 1
e 10 30 1
e 11 31 1
e 11 32 1
e 11 33 1
e 12 13 1
e 13 16 2
e 13 17 1
e 14 15 1
e 15 18 2
e 15 19 1
e 16 20 1
e 16 34 1
e 17 21 2
e 17 35 1
e 18 23 1
e 18 36 1
e 19 24 2
e 19 37 1
e 20 22 2
e 20 38 1
e 21 22 1
e 21 39 1
e 22 42 1
e 23 25 2
e 23 40 1
e 24 25 1
e 24 41 1
e 25 43 1
t # 43728
v 0 1
v 1 3
v 2 3
v 3 3
v 4 3
v 5 3
v 6 3
v 7 3
v 8 3
v 9 3
v 10 3
v 11 3
v 12 3
v 13 3
v 14 3
v 15 3
v 16 3
v 17 3
v 18 3
v 19 3
v 20 3
v 21 3
v 22 3
v 23 3
v 24 3
v 25 3
v 26 3
v 27 3
v 28 3
v 29 4
v 30 4
v 31 4
v 32 4
v 33 4
v 34 4
v 35 4
v 36 4
v 37 4
v 38 4
v 39 4
v 40 4
v 41 4
v 42 4
v 43 4
v 44 4
v 45 4
v 46 4
v 47 4
v 48 4
v 49 4
v 50 4
v 51 4
v 52 4
e 0 6 2
e 1 2 1
e 1 3 1
e 1 4 1
e 1 29 1
e 2 5 1
e 2 6 1
e 2 30 1
e 3 8 2
e 3 10 1
e 4 9 2
e 4 11 1
e 5 12 2
e 5 13 1
e 6 7 1
e 7 14 1
e 7 31 1
e 7 32 1
e 8 15 1
e 8 33 1
e 9 16 1
e 9 34 1
e 10 17 2
e 10 35 1
e 11 18 2
e 11 36 1
e 12 19 1
e 12 37 1
e 13 20 2
e 13 38 1
e 14 24 2
e 14 25 1
e 15 21 2
e 15 39 1
e 16 22 2
e 16 40 1
e 17 21 1
e 17 41 1
e 18 22 1
e 18 42 1
e 19 23 2
e 19 43 1
e 20 23 1
e 20 44 1
e 21 45 1
e 22 46 1
e 23 47 1
e 24 26 1
e 24 48 1
e 25 27 2
e 25 49 1
e 26 28 2
e 26 50 1
e 27 28 1
e 27 51 1
e 28 52 1
t # 43729
v 0 12
v 1 1
v 2 1
v 3 1
v 4 3
v 5 3
v 6 3
v 7 3
v 8 3
v 9 3
v 10 3
v 11 3
v 12 3
v 13 3
v 14 3
v 15 3
v 16 4
v 17 4
v 18 4
v 19 4
v 20 4
v 21 4
v 22 4
v 23 4
v 24 4
v 25 4
v 26 4
v 27 4
v 28 4
v 29 4
v 30 4
e 0 5 1
e 1 4 1
e 1 22 1
e 2 10 1
e 2 14 1
e 3 10 2
e 4 5 1
e 4 6 1
e 4 7 1
e 5 10 1
e 5 16 1
e 6 8 2
e 6 9 1
e 7 17 1
e 7 18 1
e 7 19 1
e 8 11 1
e 8 20 1
e 9 12 2
e 9 21 1
e 11 13 2
e 11 23 1
e 12 13 1
e 12 24 1
e 13 25 1
e 14 15 1
e 14 26 1
e 14 27 1
e 15 28 1
e 15 29 1
e 15 30 1
t # 43730
v 0 11
v 1 1
v 2 1
v 3 1
v 4 1
v 5 1
v 6 1
v 7 1
v 8 2
v 9 2
v 10 2
v 11 2
v 12 2
v 13 3
v 14 3
v 15 3
v 16 3
v 17 3
v 18 3
v 19 3
v 20 3
v 21 3
v 22 3
v 23 3
v 24 3
v 25 3
v 26 3
v 27 3
v 28 3
v 29 3
v 30 3
v 31 3
v 32 3
v 33 3
v 34 3
v 35 3
v 36 3
v 37 3
v 38 3
v 39 3
v 40 3
v 41 3
v 42 3
v 43 3
v 44 4
v 45 4
v 46 4
v 47 4
v 48 4
v 49 4
v 50 4
v 51 4
v 52 4
v 53 4
v 54 4
v 55 4
v 56 4
v 57 4
v 58 4
v 59 4
v 60 4
v 61 4
v 62 4
v 63 4
v 64 4
v 65 4
v 66 4
v 67 4
v 68 4
e 0 25 1
e 0 40 1
e 1 15 1
e 1 16 1
e 2 13 1
e 2 20 1
e 3 14 1
e 3 21 1
e 4 17 1
e 4 24 1
e 5 20 2
e 6 21 2
e 7 24 2
e 8 9 1
e 8 16 1
e 8 18 1
e 10 19 1
e 11 18 1
e 11 26 2
e 12 25 2
e 12 26 1
e 13 14 1
e 13 15 1
e 13 44 1
e 14 16 1
e 14 45 1
e 15 17 1
e 15 46 1
e 16 47 1
e 17 48 1
e 17 49 1
e 18 19 2
e 19 25 1
e 20 22 1
e 21 23 1
e 22 28 2
e 22 29 1
e 23 30 2
e 23 31 1
e 24 27 1
e 26 50 1
e 27 36 2
e 27 37 1
e 28 32 1
e 28 51 1
e 29 33 2
e 29 52 1
e 30 34 1
e 30 53 1
e 31 35 2
e 31 54 1
e 32 38 2
e 32 55 1
e 33 38 1
e 33 56 1
e 34 39 2
e 34 57 1
e 35 39 1
e 35 58 1
e 36 41 1
e 36 59 1
e 37 42 2
e 37 60 1
e 38 61 1
e 39 62 1
e 40 63 1
e 40 64 1
e 40 65 1
e 41 43 2
e 41 66 1
e 42 43 1
e 42 67 1
e 43 68 1
t # 43731
v 0 2
v 1 2
v 2 2
v 3 2
v 4 3
v 5 3
v 6 3
v 7 3
v 8 3
v 9 3
v 10 3
v 11 3
v 12 3
v 13 3
v 14 3
v 15 3
v 16 3
v 17 3
v 18 3
v 19 3
v 20 3
v 21 3
v 22 4
v 23 4
v 24 4
v 25 4
v 26 4
v 27 4
v 28 4
v 29 4
v 30 4
v 31 4
e 0 4 2
e 0 12 1
e 1 5 2
e 1 13 1
e 4 5 1
e 4 6 1
e 5 7 1
e 6 8 2
e 6 10 1
e 7 9 2
e 7 11 1
e 8 14 1
e 8 22 1
e 9 15 1
e 9 23 1
e 10 16 2
e 10 24 1
e 11 17 2
e 11 25 1
e 12 13 2
e 12 20 1
e 13 21 1
e 14 18 2
e 14 26 1
e 15 19 2
e 15 27 1
e 16 18 1
e 16 28 1
e 17 19 1
e 17 29 1
e 18 30 1
e 19 31 1
t # 43732
v 0 18
v 1 12
v 2 11
v 3 1
v 4 2
v 5 3
v 6 3
v 7 3
v 8 3
v 9 3
v 10 3
v 11 3
v 12 3
v 13 3
v 14 3
v 15 3
v 16 3
v 17 3
v 18 3
v 19 3
v 20 3
v 21 3
v 22 3
v 23 3
v 24 3
v 25 3
v 26 3
v 27 3
v 28 3
v 29 3
v 30 4
v 31 4
v 32 4
v 33 4
v 34 4
v 35 4
v 36 4
v 37 4
v 38 4
v 39 4
v 40 4
v 41 4
v 42 4
v 43 4
v 44 4
v 45 4
v 46 4
v 47 4
v 48 4
v 49 4
v 50 4
e 1 29 1
e 2 13 1
e 2 16 1
e 3 17 1
e 3 24 1
e 4 5 1
e 4 6 1
e 4 7 1
e 5 8 1
e 5 30 1
e 5 31 1
e 6 9 1
e 6 32 1
e 6 33 1
e 7 11 1
e 7 34 1
e 7 35 1
e 8 10 1
e 8 36 1
e 8 37 1
e 9 10 1
e 9 14 2
e 10 15 2
e 11 12 1
e 11 13 2
e 12 16 2
e 12 20 1
e 13 17 1
e 14 18 1
e 14 38 1
e 15 19 1
e 15 39 1
e 16 21 1
e 17 40 1
e 17 41 1
e 18 19 2
e 18 42 1
e 19 43 1
e 20 22 2
e 20 44 1
e 21 23 2
e 21 45 1
e 22 23 1
e 23 46 1
e 24 25 2
e 24 26 1
e 25 27 1
e 25 47 1
e 26 28 2
e 26 48 1
e 27 29 2
e 27 49 1
e 28 29 1
e 28 50 1
t # 43733
v 0 1
v 1 1
v 2 2
v 3 2
v 4 3
v 5 3
v 6 3
v 7 3
v 8 3
v 9 3
v 10 3
v 11 3
v 12 3
v 13 3
v 14 3
v 15 3
v 16 3
v 17 3
v 18 3
v 19 3
v 20 3
v 21 3
v 22 4
v 23 4
v 24 4
v 25 4
v 26 4
v 27 4
v 28 4
v 29 4
v 30 4
v 31 4
v 32 4
v 33 4
v 34 4
v 35 4
v 36 4
v 37 4
v 38 4
v 39 4
e 0 8 1
e 0 21 1
e 1 11 2
e 2 5 1
e 2 10 1
e 2 23 1
e 3 14 2
e 3 20 1
e 4 5 2
e 4 6 1
e 4 12 1
e 5 11 1
e 6 7 2
e 6 13 1
e 7 8 1
e 7 14 1
e 8 15 1
e 8 22 1
e 9 10 1
e 9 11 1
e 9 16 2
e 10 17 2
e 12 24 1
e 12 25 1
e 12 26 1
e 13 20 2
e 13 27 1
e 14 31 1
e 15 28 1
e 15 29 1
e 15 30 1
e 16 18 1
e 16 32 1
e 17 19 1
e 17 33 1
e 18 19 2
e 18 35 1
e 19 36 1
e 20 34 1
e 21 37 1
e 21 38 1
e 21 39 1
t # 43734
v 0 1
v 1 1
v 2 2
v 3 3
v 4 3
v 5 3
v 6 3
v 7 3
v 8 3
v 9 3
v 10 3
v 11 3
v 12 3
v 13 3
v 14 3
v 15 3
v 16 3
v 17 3
v 18 3
v 19 3
v 20 3
v 21 3
v 22 4
v 23 4
v 24 4
v 25 4
v 26 4
v 27 4
v 28 4
v 29 4
v 30 4
v 31 4
v 32 4
v 33 4
v 34 4
v 35 4
v 36 4
v 37 4
v 38 4
v 39 4
v 40 4
e 0 7 1
e 0 21 1
e 1 10 2
e 2 5 1
e 2 9 1
e 2 23 1
e 3 4 1
e 3 5 2
e 3 12 1
e 4 6 1
e 4 11 2
e 5 10 1
e 6 7 1
e 6 13 2
e 7 14 1
e 7 22 1
e 8 9 1
e 8 10 1
e 8 15 2
e 9 16 2
e 11 17 1
e 11 24 1
e 12 25 1
e 12 26 1
e 12 27 1
e 13 18 1
e 13 28 1
e 14 29 1
e 14 30 1
e 14 31 1
e 15 19 1
e 15 32 1
e 16 20 1
e 16 33 1
e 17 18 2
e 17 34 1
e 18 35 1
e 19 20 2
e 19 36 1
e 20 37 1
e 21 38 1
e 21 39 1
e 21 40 1
t # 43735
v 0 12
v 1 1
v 2 1
v 3 1
v 4 1
v 5 1
v 6 2
v 7 2
v 8 2
v 9 3
v 10 3
v 11 3
v 12 3
v 13 3
v 14 3
v 15 3
v 16 3
v 17 3
v 18 3
v 19 3
v 20 3
v 21 3
v 22 3
v 23 3
v 24 3
v 25 3
v 26 3
v 27 3
v 28 3
v 29 3
v 30 3
v 31 3
v 32 3
v 33 3
v 34 3
v 35 4
v 36 4
v 37 4
v 38 4
v 39 4
v 40 4
v 41 4
v 42 4
v 43 4
v 44 4
v 45 4
v 46 4
v 47 4
v 48 4
v 49 4
v 50 4
v 51 4
v 52 4
v 53 4
v 54 4
v 55 4
v 56 4
v 57 4
v 58 4
v 59 4
v 60 4
v 61 4
v 62 4
v 63 4
v 64 4
v 65 4
v 66 4
e 0 21 1
e 1 12 2
e 2 17 2
e 3 19 2
e 4 27 1
e 4 28 1
e 5 27 2
e 6 10 1
e 6 19 1
e 6 46 1
e 7 12 1
e 7 13 1
e 7 47 1
e 8 20 1
e 8 27 1
e 8 58 1
e 9 10 1
e 9 11 1
e 9 35 1
e 9 36 1
e 10 12 1
e 10 37 1
e 11 14 1
e 11 15 1
e 11 38 1
e 13 16 1
e 13 17 1
e 13 39 1
e 14 40 1
e 14 41 1
e 14 42 1
e 15 43 1
e 15 44 1
e 15 45 1
e 16 18 1
e 16 48 1
e 16 49 1
e 17 21 1
e 18 22 2
e 18 23 1
e 19 20 1
e 20 50 1
e 20 51 1
e 21 52 1
e 21 53 1
e 22 24 1
e 22 54 1
e 23 25 2
e 23 55 1
e 24 26 2
e 24 56 1
e 25 26 1
e 25 57 1
e 26 59 1
e 28 29 1
e 28 60 1
e 28 61 1
e 29 30 2
e 29 31 1
e 30 32 1
e 30 62 1
e 31 33 2
e 31 63 1
e 32 34 2
e 32 64 1
e 33 34 1
e 33 65 1
e 34 66 1
t # 43736
v 0 12
v 1 1
v 2 1
v 3 1
v 4 1
v 5 1
v 6 2
v 7 2
v 8 2
v 9 3
v 10 3
v 11 3
v 12 3
v 13 3
v 14 3
v 15 3
v 16 3
v 17 3
v 18 3
v 19 3
v 20 3
v 21 3
v 22 3
v 23 3
v 24 3
v 25 3
v 26 3
v 27 3
v 28 3
v 29 3
v 30 3
v 31 4
v 32 4
v 33 4
v 34 4
v 35 4
v 36 4
v 37 4
v 38 4
v 39 4
v 40 4
v 41 4
v 42 4
v 43 4
v 44 4
v 45 4
v 46 4
v 47 4
v 48 4
v 49 4
v 50 4
v 51 4
v 52 4
v 53 4
v 54 4
e 0 17 1
e 1 12 2
e 2 13 2
e 3 24 1
e 3 25 1
e 4 21 2
e 5 25 2
e 6 9 1
e 6 13 1
e 6 34 1
e 7 16 1
e 7 21 1
e 7 44 1
e 8 22 1
e 8 25 1
e 8 47 1
e 9 10 1
e 9 12 1
e 9 31 1
e 10 11 1
e 10 32 1
e 10 33 1
e 11 14 2
e 11 15 1
e 12 17 1
e 13 16 1
e 14 18 1
e 14 35 1
e 15 19 2
e 15 36 1
e 16 37 1
e 16 38 1
e 17 39 1
e 17 40 1
e 18 20 2
e 18 41 1
e 19 20 1
e 19 42 1
e 20 43 1
e 21 22 1
e 22 45 1
e 22 46 1
e 23 24 1
e 23 26 2
e 23 27 1
e 24 48 1
e 24 49 1
e 26 28 1
e 26 50 1
e 27 29 2
e 27 51 1
e 28 30 2
e 28 52 1
e 29 30 1
e 29 53 1
e 30 54 1
t # 43737
v 0 1
v 1 2
v 2 2
v 3 3
v 4 3
v 5 3
v 6 3
v 7 3
v 8 3
v 9 3
v 10 3
v 11 3
v 12 3
v 13 3
v 14 3
v 15 3
v 16 3
v 17 4
v 18 4
v 19 4
v 20 4
v 21 4
v 22 4
v 23 4
v 24 4
v 25 4
v 26 4
v 27 4
v 28 4
e 0 3 1
e 0 6 1
e 3 4 1
e 3 7 1
e 3 8 1
e 4 5 1
e 4 17 1
e 4 18 1
e 5 6 2
e 5 10 1
e 6 9 1
e 7 19 1
e 7 20 1
e 7 21 1
e 8 22 1
e 8 23 1
e 8 24 1
e 9 11 2
e 9 13 1
e 10 12 2
e 10 25 1
e 11 12 1
e 11 26 1
e 12 27 1
e 13 14 2
e 13 28 1
e 14 15 1
e 14 16 1
t # 43738
v 0 1
v 1 1
v 2 3
v 3 3
v 4 3
v 5 3
v 6 3
v 7 3
v 8 3
v 9 3
v 10 3
v 11 3
v 12 3
v 13 3
v 14 3
v 15 3
v 16 3
v 17 4
v 18 4
v 19 4
v 20 4
v 21 4
v 22 4
v 23 4
v 24 4
v 25 4
v 26 4
v 27 4
v 28 4
v 29 4
v 30 4
v 31 4
v 32 4
v 33 4
v 34 4
e 0 8 1
e 0 10 1
e 1 10 2
e 2 3 1
e 2 4 1
e 2 5 1
e 2 10 1
e 3 6 1
e 3 17 1
e 3 18 1
e 4 7 1
e 4 19 1
e 4 20 1
e 5 8 1
e 5 21 1
e 5 22 1
e 6 9 1
e 6 23 1
e 6 24 1
e 7 9 1
e 7 25 1
e 7 26 1
e 8 11 1
e 8 27 1
e 9 28 1
e 9 29 1
e 11 12 2
e 11 13 1
e 12 14 1
e 12 30 1
e 13 15 2
e 13 31 1
e 14 16 2
e 14 32 1
e 15 16 1
e 15 33 1
e 16 34 1
t # 43739
v 0 1
v 1 1
v 2 2
v 3 2
v 4 3
v 5 3
v 6 3
v 7 3
v 8 3
v 9 3
v 10 3
v 11 3
v 12 3
v 13 3
v 14 3
v 15 3
v 16 3
v 17 3
v 18 3
v 19 3
v 20 3
v 21 3
v 22 3
v 23 3
v 24 3
v 25 3
v 26 4
v 27 4
v 28 4
v 29 4
v 30 4
v 31 4
v 32 4
v 33 4
v 34 4
v 35 4
v 36 4
v 37 4
v 38 4
v 39 4
v 40 4
v 41 4
v 42 4
v 43 4
v 44 4
v 45 4
v 46 4
v 47 4
v 48 4
v 49 4
e 0 8 2
e 1 11 2
e 2 8 1
e 2 11 1
e 2 13 1
e 3 9 1
e 3 10 1
e 3 14 1
e 4 5 1
e 4 6 1
e 4 7 1
e 4 8 1
e 5 11 1
e 5 12 1
e 5 26 1
e 6 9 1
e 6 27 1
e 6 28 1
e 7 10 1
e 7 29 1
e 7 30 1
e 9 31 1
e 9 32 1
e 10 33 1
e 10 34 1
e 12 15 2
e 12 16 1
e 13 17 1
e 13 35 1
e 13 36 1
e 14 37 1
e 14 38 1
e 14 39 1
e 15 18 1
e 15 40 1
e 16 19 2
e 16 41 1
e 17 21 2
e 17 22 1
e 18 20 2
e 18 42 1
e 19 20 1
e 19 43 1
e 20 44 1
e 21 23 1
e 21 45 1
e 22 24 2
e 22 46 1
e 23 25 2
e 23 47 1
e 24 25 1
e 24 48 1
e 25 49 1
t # 43740
v 0 1
v 1 1
v 2 2
v 3 2
v 4 2
v 5 3
v 6 3
v 7 3
v 8 3
v 9 3
v 10 3
v 11 3
v 12 3
v 13 3
v 14 3
v 15 3
v 16 3
v 17 3
v 18 3
v 19 3
v 20 3
v 21 3
v 22 3
v 23 3
v 24 3
v 25 3
v 26 4
v 27 4
v 28 4
v 29 4
v 30 4
v 31 4
v 32 4
v 33 4
v 34 4
v 35 4
v 36 4
v 37 4
v 38 4
v 39 4
v 40 4
v 41 4
v 42 4
v 43 4
v 44 4
v 45 4
v 46 4
v 47 4
v 48 4
e 0 9 2
e 1 12 2
e 2 10 1
e 2 11 1
e 2 14 1
e 3 4 1
e 3 9 1
e 3 12 1
e 4 17 1
e 4 38 1
e 5 6 1
e 5 7 1
e 5 8 1
e 5 9 1
e 6 12 1
e 6 13 1
e 6 26 1
e 7 10 1
e 7 27 1
e 7 28 1
e 8 11 1
e 8 29 1
e 8 30 1
e 10 31 1
e 10 32 1
e 11 33 1
e 11 34 1
e 13 15 2
e 13 16 1
e 14 35 1
e 14 36 1
e 14 37 1
e 15 18 1
e 15 39 1
e 16 19 2
e 16 40 1
e 17 21 2
e 17 22 1
e 18 20 2
e 18 41 1
e 19 20 1
e 19 42 1
e 20 43 1
e 21 23 1
e 21 44 1
e 22 24 2
e 22 45 1
e 23 25 2
e 23 46 1
e 24 25 1
e 24 47 1
e 25 48 1
t # 43741
v 0 11
v 1 11
v 2 1
v 3 1
v 4 1
v 5 1
v 6 1
v 7 1
v 8 3
v 9 3
v 10 3
v 11 3
v 12 3
v 13 3
v 14 3
v 15 3
v 16 3
v 17 3
v 18 3
v 19 3
v 20 3
v 21 3
v 22 3
v 23 3
v 24 3
v 25 3
v 26 3
v 27 3
v 28 3
v 29 3
v 30 3
v 31 3
v 32 3
v 33 3
v 34 4
v 35 4
v 36 4
v 37 4
v 38 4
v 39 4
v 40 4
v 41 4
v 42 4
v 43 4
v 44 4
v 45 4
v 46 4
v 47 4
v 48 4
v 49 4
v 50 4
v 51 4
v 52 4
v 53 4
v 54 4
v 55 4
v 56 4
v 57 4
v 58 4
v 59 4
v 60 4
v 61 4
e 0 4 2
e 0 5 2
e 0 20 1
e 1 6 2
e 1 7 2
e 1 21 1
e 2 18 1
e 3 19 1
e 8 9 1
e 8 10 1
e 8 14 1
e 8 34 1
e 9 11 1
e 9 15 1
e 9 35 1
e 10 12 1
e 10 16 1
e 10 36 1
e 11 13 1
e 11 17 1
e 11 37 1
e 12 13 1
e 12 18 1
e 12 38 1
e 13 19 1
e 13 39 1
e 14 15 2
e 14 40 1
e 15 41 1
e 16 17 2
e 16 42 1
e 17 43 1
e 18 44 1
e 18 45 1
e 19 46 1
e 19 47 1
e 20 22 2
e 20 24 1
e 21 23 2
e 21 25 1
e 22 26 1
e 22 48 1
e 23 27 1
e 23 49 1
e 24 28 2
e 24 50 1
e 25 29 2
e 25 51 1
e 26 30 2
e 26 52 1
e 27 31 2
e 27 53 1
e 28 30 1
e 28 54 1
e 29 31 1
e 29 55 1
e 30 32 1
e 31 33 1
e 32 56 1
e 32 57 1
e 32 58 1
e 33 59 1
e 33 60 1
e 33 61 1
t # 43742
v 0 1
v 1 1
v 2 3
v 3 3
v 4 3
v 5 3
v 6 3
v 7 3
v 8 3
v 9 3
v 10 3
v 11 3
v 12 3
v 13 3
v 14 4
v 15 4
v 16 4
v 17 4
v 18 4
v 19 4
v 20 4
v 21 4
v 22 4
v 23 4
v 24 4
v 25 4
v 26 4
v 27 4
v 28 4
v 29 4
e 0 12 1
e 0 28 1
e 1 13 1
e 1 29 1
e 2 3 1
e 2 4 1
e 2 8 1
e 2 14 1
e 3 5 1
e 3 9 1
e 3 15 1
e 4 6 1
e 4 10 1
e 4 16 1
e 5 7 1
e 5 11 1
e 5 17 1
e 6 7 1
e 6 12 1
e 6 18 1
e 7 13 1
e 7 19 1
e 8 9 2
e 8 20 1
e 9 21 1
e 10 11 2
e 10 22 1
e 11 23 1
e 12 24 1
e 12 25 1
e 13 26 1
e 13 27 1
t # 43743
v 0 1
v 1 1
v 2 2
v 3 2
v 4 3
v 5 3
v 6 3
v 7 3
v 8 3
v 9 3
v 10 3
v 11 3
v 12 3
v 13 3
v 14 3
v 15 3
v 16 3
v 17 3
v 18 3
v 19 3
v 20 4
v 21 4
v 22 4
v 23 4
v 24 4
v 25 4
v 26 4
v 27 4
v 28 4
v 29 4
v 30 4
v 31 4
v 32 4
v 33 4
v 34 4
v 35 4
v 36 4
v 37 4
v 38 4
v 39 4
v 40 4
v 41 4
e 0 10 2
e 1 11 2
e 2 10 1
e 2 16 1
e 2 17 1
e 3 11 1
e 3 18 1
e 3 19 1
e 4 5 1
e 4 6 1
e 4 10 1
e 4 20 1
e 5 7 1
e 5 11 1
e 5 21 1
e 6 8 1
e 6 22 1
e 6 23 1
e 7 9 1
e 7 24 1
e 7 25 1
e 8 9 1
e 8 12 2
e 9 13 2
e 12 14 1
e 12 26 1
e 13 15 1
e 13 27 1
e 14 15 2
e 14 28 1
e 15 29 1
e 16 30 1
e 16 31 1
e 16 32 1
e 17 33 1
e 17 34 1
e 17 35 1
e 18 36 1
e 18 37 1
e 18 38 1
e 19 39 1
e 19 40 1
e 19 41 1
t # 43744
v 0 11
v 1 11
v 2 1
v 3 1
v 4 1
v 5 1
v 6 1
v 7 1
v 8 3
v 9 3
v 10 3
v 11 3
v 12 3
v 13 3
v 14 3
v 15 3
v 16 3
v 17 3
v 18 3
v 19 3
v 20 3
v 21 3
v 22 3
v 23 3
v 24 3
v 25 3
v 26 3
v 27 3
v 28 3
v 29 3
v 30 3
v 31 3
v 32 3
v 33 3
v 34 3
v 35 3
v 36 3
v 37 3
v 38 3
v 39 3
v 40 3
v 41 3
v 42 4
v 43 4
v 44 4
v 45 4
v 46 4
v 47 4
v 48 4
v 49 4
v 50 4
v 51 4
v 52 4
v 53 4
v 54 4
v 55 4
v 56 4
v 57 4
v 58 4
v 59 4
v 60 4
v 61 4
v 62 4
v 63 4
v 64 4
v 65 4
v 66 4
v 67 4
v 68 4
v 69 4
v 70 4
v 71 4
v 72 4
v 73 4
v 74 4
v 75 4
v 76 4
v 77 4
e 0 4 2
e 0 5 2
e 0 28 1
e 1 6 2
e 1 7 2
e 1 29 1
e 2 14 1
e 3 15 1
e 8 9 1
e 8 10 1
e 8 14 1
e 8 42 1
e 9 11 1
e 9 15 1
e 9 43 1
e 10 12 1
e 10 16 1
e 10 44 1
e 11 13 1
e 11 17 1
e 11 45 1
e 12 13 1
e 12 46 1
e 12 47 1
e 13 48 1
e 13 49 1
e 14 50 1
e 14 51 1
e 15 52 1
e 15 53 1
e 16 18 2
e 16 20 1
e 17 19 2
e 17 21 1
e 18 22 1
e 18 54 1
e 19 23 1
e 19 55 1
e 20 24 2
e 20 56 1
e 21 25 2
e 21 57 1
e 22 26 2
e 22 58 1
e 23 27 2
e 23 59 1
e 24 26 1
e 24 60 1
e 25 27 1
e 25 61 1
e 26 62 1
e 27 63 1
e 28 30 2
e 28 32 1
e 29 31 2
e 29 33 1
e 30 34 1
e 30 64 1
e 31 35 1
e 31 65 1
e 32 36 2
e 32 66 1
e 33 37 2
e 33 67 1
e 34 38 2
e 34 68 1
e 35 39 2
e 35 69 1
e 36 38 1
e 36 70 1
e 37 39 1
e 37 71 1
e 38 40 1
e 39 41 1
e 40 72 1
e 40 73 1
e 40 74 1
e 41 75 1
e 41 76 1
e 41 77 1
t # 43745
v 0 1
v 1 1
v 2 2
v 3 2
v 4 3
v 5 3
v 6 3
v 7 3
v 8 3
v 9 3
v 10 3
v 11 3
v 12 3
v 13 3
v 14 3
v 15 3
v 16 3
v 17 3
v 18 3
v 19 4
v 20 4
v 21 4
v 22 4
v 23 4
v 24 4
v 25 4
v 26 4
v 27 4
v 28 4
v 29 4
v 30 4
v 31 4
v 32 4
v 33 4
v 34 4
v 35 4
v 36 4
v 37 4
v 38 4
v 39 4
v 40 4
v 41 4
v 42 4
e 0 13 2
e 1 14 2
e 2 13 1
e 2 15 1
e 2 16 1
e 3 14 1
e 3 17 1
e 3 18 1
e 4 5 1
e 4 6 1
e 4 8 1
e 4 19 1
e 5 7 1
e 5 8 1
e 5 20 1
e 6 9 1
e 6 11 1
e 6 21 1
e 7 10 1
e 7 12 1
e 7 22 1
e 8 23 1
e 8 24 1
e 9 10 1
e 9 13 1
e 9 25 1
e 10 14 1
e 10 26 1
e 11 12 1
e 11 27 1
e 11 28 1
e 12 29 1
e 12 30 1
e 15 31 1
e 15 32 1
e 15 33 1
e 16 34 1
e 16 35 1
e 16 36 1
e 17 37 1
e 17 38 1
e 17 39 1
e 18 40 1
e 18 41 1
e 18 42 1
t # 43746
v 0 11
v 1 11
v 2 1
v 3 1
v 4 1
v 5 1
v 6 1
v 7 1
v 8 3
v 9 3
v 10 3
v 11 3
v 12 3
v 13 3
v 14 3
v 15 3
v 16 3
v 17 3
v 18 3
v 19 3
v 20 3
v 21 3
v 22 3
v 23 3
v 24 3
v 25 3
v 26 3
v 27 3
v 28 3
v 29 3
v 30 3
v 31 3
v 32 3
v 33 3
v 34 4
v 35 4
v 36 4
v 37 4
v 38 4
v 39 4
v 40 4
v 41 4
v 42 4
v 43 4
v 44 4
v 45 4
v 46 4
v 47 4
v 48 4
v 49 4
v 50 4
v 51 4
v 52 4
v 53 4
v 54 4
v 55 4
v 56 4
v 57 4
v 58 4
v 59 4
v 60 4
v 61 4
e 0 4 2
e 0 5 2
e 0 20 1
e 1 6 2
e 1 7 2
e 1 21 1
e 2 18 1
e 3 19 1
e 8 9 1
e 8 10 1
e 8 11 1
e 8 34 1
e 9 12 1
e 9 13 1
e 9 35 1
e 10 12 1
e 10 14 1
e 10 36 1
e 11 13 1
e 11 14 1
e 11 37 1
e 12 15 1
e 12 38 1
e 13 15 1
e 13 39 1
e 14 16 1
e 14 40 1
e 15 17 1
e 15 41 1
e 16 17 1
e 16 18 1
e 16 42 1
e 17 19 1
e 17 43 1
e 18 44 1
e 18 45 1
e 19 46 1
e 19 47 1
e 20 22 2
e 20 24 1
e 21 23 2
e 21 25 1
e 22 26 1
e 22 48 1
e 23 27 1
e 23 49 1
e 24 28 2
e 24 50 1
e 25 29 2
e 25 51 1
e 26 30 2
e 26 52 1
e 27 31 2
e 27 53 1
e 28 30 1
e 28 54 1
e 29 31 1
e 29 55 1
e 30 32 1
e 31 33 1
e 32 56 1
e 32 57 1
e 32 58 1
e 33 59 1
e 33 60 1
e 33 61 1
t # 43747
v 0 1
v 1 1
v 2 3
v 3 3
v 4 3
v 5 3
v 6 3
v 7 3
v 8 3
v 9 3
v 10 3
v 11 3
v 12 3
v 13 3
v 14 4
v 15 4
v 16 4
v 17 4
v 18 4
v 19 4
v 20 4
v 21 4
v 22 4
v 23 4
v 24 4
v 25 4
v 26 4
v 27 4
v 28 4
v 29 4
v 30 4
v 31 4
e 0 9 1
e 0 30 1
e 1 10 1
e 1 31 1
e 2 3 1
e 2 4 1
e 2 9 1
e 2 14 1
e 3 5 1
e 3 10 1
e 3 15 1
e 4 6 1
e 4 7 1
e 4 16 1
e 5 6 1
e 5 8 1
e 5 17 1
e 6 11 2
e 7 8 2
e 7 18 1
e 8 19 1
e 9 20 1
e 9 21 1
e 10 22 1
e 10 23 1
e 11 12 1
e 11 13 1
e 12 24 1
e 12 25 1
e 12 26 1
e 13 27 1
e 13 28 1
e 13 29 1
t # 43748
v 0 1
v 1 1
v 2 2
v 3 2
v 4 3
v 5 3
v 6 3
v 7 3
v 8 3
v 9 3
v 10 3
v 11 3
v 12 3
v 13 3
v 14 3
v 15 3
v 16 3
v 17 3
v 18 3
v 19 4
v 20 4
v 21 4
v 22 4
v 23 4
v 24 4
v 25 4
v 26 4
v 27 4
v 28 4
v 29 4
v 30 4
v 31 4
v 32 4
v 33 4
v 34 4
v 35 4
v 36 4
v 37 4
v 38 4
v 39 4
v 40 4
v 41 4
v 42 4
e 0 13 2
e 1 14 2
e 2 13 1
e 2 15 1
e 2 16 1
e 3 14 1
e 3 17 1
e 3 18 1
e 4 5 1
e 4 6 1
e 4 13 1
e 4 19 1
e 5 7 1
e 5 14 1
e 5 20 1
e 6 8 1
e 6 11 1
e 6 21 1
e 7 9 1
e 7 12 1
e 7 22 1
e 8 10 1
e 8 23 1
e 8 24 1
e 9 10 1
e 9 25 1
e 9 26 1
e 10 27 1
e 10 28 1
e 11 12 2
e 11 29 1
e 12 30 1
e 15 31 1
e 15 32 1
e 15 33 1
e 16 34 1
e 16 35 1
e 16 36 1
e 17 37 1
e 17 38 1
e 17 39 1
e 18 40 1
e 18 41 1
e 18 42 1
t # 43749
v 0 2
v 1 2
v 2 2
v 3 2
v 4 3
v 5 3
v 6 3
v 7 3
v 8 3
v 9 3
v 10 3
v 11 3
v 12 3
v 13 3
v 14 3
v 15 3
v 16 3
v 17 3
v 18 3
v 19 3
v 20 3
v 21 3
v 22 3
v 23 3
v 24 3
v 25 3
v 26 3
v 27 3
v 28 4
v 29 4
v 30 4
v 31 4
v 32 4
v 33 4
v 34 4
v 35 4
v 36 4
v 37 4
v 38 4
v 39 4
v 40 4
v 41 4
v 42 4
v 43 4
v 44 4
v 45 4
v 46 4
v 47 4
e 0 1 1
e 0 12 2
e 1 13 2
e 2 16 1
e 2 24 2
e 3 17 1
e 3 25 2
e 4 5 1
e 4 6 1
e 4 8 1
e 4 28 1
e 5 7 1
e 5 9 1
e 5 29 1
e 6 7 1
e 6 12 1
e 6 30 1
e 7 13 1
e 7 31 1
e 8 10 1
e 8 14 1
e 8 32 1
e 9 11 1
e 9 15 1
e 9 33 1
e 10 11 1
e 10 18 2
e 11 19 2
e 12 16 1
e 13 17 1
e 14 15 2
e 14 34 1
e 15 35 1
e 16 20 2
e 17 21 2
e 18 36 1
e 18 37 1
e 19 38 1
e 19 39 1
e 20 22 1
e 20 40 1
e 21 23 1
e 21 41 1
e 22 26 2
e 22 42 1
e 23 27 2
e 23 43 1
e 24 26 1
e 24 44 1
e 25 27 1
e 25 45 1
e 26 46 1
e 27 47 1
t # 43750
v 0 1
v 1 1
v 2 2
v 3 2
v 4 3
v 5 3
v 6 3
v 7 3
v 8 3
v 9 3
v 10 3
v 11 3
v 12 3
v 13 3
v 14 3
v 15 3
v 16 3
v 17 3
v 18 3
v 19 4
v 20 4
v 21 4
v 22 4
v 23 4
v 24 4
v 25 4
v 26 4
v 27 4
v 28 4
v 29 4
v 30 4
v 31 4
v 32 4
v 33 4
v 34 4
v 35 4
v 36 4
v 37 4
v 38 4
v 39 4
v 40 4
v 41 4
v 42 4
v 43 4
v 44 4
e 0 13 2
e 1 14 2
e 2 13 1
e 2 15 1
e 2 16 1
e 3 14 1
e 3 17 1
e 3 18 1
e 4 6 1
e 4 8 1
e 4 10 1
e 4 19 1
e 5 7 1
e 5 9 1
e 5 11 1
e 5 20 1
e 6 7 1
e 6 13 1
e 6 21 1
e 7 14 1
e 7 22 1
e 8 9 1
e 8 23 1
e 8 24 1
e 9 25 1
e 9 26 1
e 10 12 1
e 10 27 1
e 10 28 1
e 11 12 1
e 11 29 1
e 11 30 1
e 12 31 1
e 12 32 1
e 15 33 1
e 15 34 1
e 15 35 1
e 16 36 1
e 16 37 1
e 16 38 1
e 17 39 1
e 17 40 1
e 17 41 1
e 18 42 1
e 18 43 1
e 18 44 1
t # 43751
v 0 1
v 1 1
v 2 2
v 3 2
v 4 2
v 5 2
v 6 2
v 7 3
v 8 3
v 9 3
v 10 3
v 11 4
v 12 4
v 13 4
v 14 4
v 15 4
v 16 4
v 17 4
e 0 10 1
e 0 17 1
e 1 10 2
e 2 7 1
e 2 14 1
e 2 15 1
e 3 5 1
e 3 9 2
e 4 9 1
e 5 6 1
e 5 16 1
e 7 8 1
e 7 10 1
e 7 11 1
e 8 9 1
e 8 12 1
e 8 13 1
t # 43752
v 0 1
v 1 1
v 2 1
v 3 1
v 4 2
v 5 2
v 6 2
v 7 3
v 8 3
v 9 3
v 10 3
v 11 3
v 12 3
v 13 3
v 14 3
v 15 3
v 16 3
v 17 3
v 18 3
v 19 3
v 20 3
v 21 4
v 22 4
v 23 4
v 24 4
v 25 4
v 26 4
v 27 4
v 28 4
v 29 4
v 30 4
v 31 4
v 32 4
v 33 4
v 34 4
v 35 4
e 0 9 1
e 0 12 1
e 1 7 1
e 1 27 1
e 4 8 1
e 4 10 1
e 4 11 1
e 5 10 2
e 5 35 1
e 6 18 1
e 7 8 1
e 7 9 1
e 7 21 1
e 8 22 1
e 8 23 1
e 9 24 1
e 9 25 1
e 10 13 1
e 11 14 2
e 11 26 1
e 12 16 1
e 12 17 2
e 13 15 2
e 13 28 1
e 14 15 1
e 14 29 1
e 15 30 1
e 16 18 2
e 16 31 1
e 17 19 1
e 17 32 1
e 18 20 1
e 19 20 2
e 19 33 1
e 20 34 1
t # 43753
v 0 1
v 1 1
v 2 1
v 3 1
v 4 1
v 5 1
v 6 2
v 7 2
v 8 3
v 9 3
v 10 3
v 11 3
v 12 3
v 13 3
v 14 3
v 15 3
v 16 3
v 17 3
v 18 3
v 19 3
v 20 3
v 21 3
v 22 3
v 23 3
v 24 3
v 25 3
v 26 3
v 27 3
v 28 3
v 29 4
v 30 4
v 31 4
v 32 4
v 33 4
v 34 4
v 35 4
v 36 4
v 37 4
v 38 4
v 39 4
v 40 4
v 41 4
v 42 4
v 43 4
v 44 4
v 45 4
v 46 4
v 47 4
v 48 4
v 49 4
v 50 4
v 51 4
v 52 4
e 0 11 1
e 0 12 1
e 1 13 1
e 1 15 1
e 2 17 1
e 2 21 1
e 3 15 2
e 6 8 1
e 6 9 1
e 6 10 1
e 7 16 1
e 8 11 1
e 8 29 1
e 8 30 1
e 9 12 1
e 9 31 1
e 9 32 1
e 10 13 1
e 10 33 1
e 10 34 1
e 11 35 1
e 11 36 1
e 12 37 1
e 12 38 1
e 13 39 1
e 13 40 1
e 14 15 1
e 14 16 2
e 14 19 1
e 16 17 1
e 17 18 2
e 18 20 1
e 18 22 1
e 19 20 2
e 19 41 1
e 20 42 1
e 21 23 1
e 21 43 1
e 21 44 1
e 22 45 1
e 22 46 1
e 22 47 1
e 23 24 2
e 23 25 1
e 24 26 1
e 24 48 1
e 25 27 2
e 25 49 1
e 26 28 2
e 26 50 1
e 27 28 1
e 27 51 1
e 28 52 1
t # 43754
v 0 1
v 1 1
v 2 1
v 3 1
v 4 1
v 5 1
v 6 2
v 7 2
v 8 3
v 9 3
v 10 3
v 11 3
v 12 3
v 13 3
v 14 3
v 15 3
v 16 3
v 17 3
v 18 3
v 19 3
v 20 3
v 21 3
v 22 3
v 23 3
v 24 3
v 25 4
v 26 4
v 27 4
v 28 4
v 29 4
v 30 4
v 31 4
v 32 4
v 33 4
v 34 4
v 35 4
v 36 4
e 0 16 1
e 0 19 1
e 1 11 2
e 2 12 2
e 3 13 2
e 6 10 1
e 6 11 1
e 6 12 1
e 7 20 1
e 8 9 1
e 8 11 1
e 8 14 2
e 9 12 1
e 9 15 2
e 10 13 1
e 10 25 1
e 10 26 1
e 13 16 1
e 14 17 1
e 14 27 1
e 15 18 1
e 15 28 1
e 16 29 1
e 16 30 1
e 17 18 2
e 17 31 1
e 18 32 1
e 19 20 1
e 19 21 2
e 20 22 2
e 21 23 1
e 21 33 1
e 22 24 1
e 22 34 1
e 23 24 2
e 23 35 1
e 24 36 1
t # 43755
v 0 1
v 1 1
v 2 1
v 3 1
v 4 1
v 5 1
v 6 2
v 7 2
v 8 3
v 9 3
v 10 3
v 11 3
v 12 3
v 13 3
v 14 3
v 15 3
v 16 3
v 17 3
v 18 3
v 19 3
v 20 3
v 21 3
v 22 3
v 23 3
v 24 3
v 25 4
v 26 4
v 27 4
v 28 4
v 29 4
v 30 4
v 31 4
v 32 4
v 33 4
v 34 4
v 35 4
v 36 4
v 37 4
v 38 4
e 0 9 1
e 0 32 1
e 1 14 1
e 1 19 1
e 2 12 2
e 3 13 2
e 6 8 1
e 6 12 1
e 6 13 1
e 7 20 1
e 8 9 1
e 8 25 1
e 8 26 1
e 9 14 1
e 9 27 1
e 10 11 1
e 10 12 1
e 10 15 2
e 11 13 1
e 11 16 2
e 14 28 1
e 14 29 1
e 15 17 1
e 15 30 1
e 16 18 1
e 16 31 1
e 17 18 2
e 17 33 1
e 18 34 1
e 19 20 1
e 19 21 2
e 20 22 2
e 21 23 1
e 21 35 1
e 22 24 1
e 22 36 1
e 23 24 2
e 23 37 1
e 24 38 1
t # 43756
v 0 11
v 1 1
v 2 1
v 3 1
v 4 2
v 5 2
v 6 3
v 7 3
v 8 3
v 9 3
v 10 3
v 11 3
v 12 3
v 13 3
v 14 3
v 15 3
v 16 3
v 17 3
v 18 3
v 19 4
v 20 4
v 21 4
v 22 4
v 23 4
v 24 4
v 25 4
v 26 4
v 27 4
v 28 4
v 29 4
v 30 4
v 31 4
v 32 4
v 33 4
v 34 4
v 35 4
v 36 4
v 37 4
v 38 4
e 0 1 2
e 0 2 2
e 0 10 1
e 3 16 2
e 4 8 1
e 4 27 1
e 5 9 1
e 5 16 1
e 5 28 1
e 6 7 1
e 6 8 1
e 6 19 1
e 6 20 1
e 7 9 1
e 7 21 1
e 7 22 1
e 8 23 1
e 8 24 1
e 9 25 1
e 9 26 1
e 10 11 2
e 10 12 1
e 11 14 1
e 11 29 1
e 12 15 2
e 12 30 1
e 13 14 2
e 13 15 1
e 13 17 1
e 14 31 1
e 15 32 1
e 16 18 1
e 17 33 1
e 17 34 1
e 17 35 1
e 18 36 1
e 18 37 1
e 18 38 1
t # 43757
v 0 1
v 1 1
v 2 1
v 3 1
v 4 1
v 5 1
v 6 3
v 7 3
v 8 3
v 9 3
v 10 3
v 11 3
v 12 3
v 13 3
v 14 3
v 15 3
v 16 3
v 17 3
v 18 3
v 19 3
v 20 3
v 21 3
v 22 3
v 23 3
v 24 3
v 25 3
v 26 4
v 27 4
v 28 4
v 29 4
v 30 4
v 31 4
v 32 4
v 33 4
v 34 4
v 35 4
v 36 4
v 37 4
v 38 4
v 39 4
v 40 4
v 41 4
v 42 4
v 43 4
v 44 4
v 45 4
e 0 8 1
e 0 14 1
e 1 9 1
e 1 15 1
e 2 12 1
e 2 34 1
e 3 13 1
e 3 35 1
e 4 12 2
e 5 13 2
e 6 8 1
e 6 10 1
e 6 12 1
e 6 26 1
e 7 9 1
e 7 11 1
e 7 13 1
e 7 27 1
e 8 10 1
e 8 28 1
e 9 11 1
e 9 29 1
e 10 30 1
e 10 31 1
e 11 32 1
e 11 33 1
e 14 16 2
e 14 18 1
e 15 17 2
e 15 19 1
e 16 20 1
e 16 36 1
e 17 21 1
e 17 37 1
e 18 22 2
e 18 38 1
e 19 23 2
e 19 39 1
e 20 24 2
e 20 40 1
e 21 25 2
e 21 41 1
e 22 24 1
e 22 42 1
e 23 25 1
e 23 43 1
e 24 44 1
e 25 45 1
t # 43758
v 0 1
v 1 1
v 2 2
v 3 3
v 4 3
v 5 3
v 6 3
v 7 3
v 8 3
v 9 3
v 10 3
v 11 3
v 12 3
v 13 3
v 14 4
v 15 4
v 16 4
v 17 4
v 18 4
v 19 4
v 20 4
v 21 4
v 22 4
v 23 4
v 24 4
v 25 4
v 26 4
v 27 4
v 28 4
v 29 4
v 30 4
e 0 3 1
e 0 13 1
e 1 9 1
e 1 30 1
e 2 4 1
e 2 6 1
e 2 17 1
e 3 4 1
e 3 5 1
e 3 14 1
e 4 15 1
e 4 16 1
e 5 7 2
e 5 8 1
e 6 9 1
e 6 18 1
e 6 19 1
e 7 10 1
e 7 20 1
e 8 11 2
e 8 21 1
e 9 22 1
e 9 23 1
e 10 12 2
e 10 24 1
e 11 12 1
e 11 25 1
e 12 26 1
e 13 27 1
e 13 28 1
e 13 29 1
t # 43759
v 0 12
v 1 1
v 2 1
v 3 1
v 4 2
v 5 2
v 6 3
v 7 3
v 8 3
v 9 3
v 10 3
v 11 3
v 12 3
v 13 3
v 14 3
v 15 3
v 16 3
v 17 3
v 18 4
v 19 4
v 20 4
v 21 4
v 22 4
v 23 4
v 24 4
v 25 4
v 26 4
v 27 4
v 28 4
v 29 4
v 30 4
v 31 4
v 32 4
v 33 4
v 34 4
e 0 10 1
e 1 9 1
e 1 12 1
e 4 6 1
e 4 7 1
e 4 8 1
e 5 17 1
e 6 9 1
e 6 18 1
e 6 19 1
e 7 10 1
e 7 20 1
e 7 21 1
e 8 11 1
e 8 22 1
e 8 23 1
e 9 24 1
e 9 25 1
e 10 26 1
e 10 27 1
e 11 28 1
e 11 29 1
e 11 30 1
e 12 13 2
e 12 14 1
e 13 15 1
e 13 31 1
e 14 16 2
e 14 32 1
e 15 17 2
e 15 33 1
e 16 17 1
e 16 34 1
t # 43760
v 0 1
v 1 1
v 2 1
v 3 1
v 4 1
v 5 1
v 6 1
v 7 1
v 8 1
v 9 1
v 10 3
v 11 3
v 12 3
v 13 3
v 14 3
v 15 3
v 16 3
v 17 3
v 18 3
v 19 3
v 20 3
v 21 3
v 22 3
v 23 3
v 24 3
v 25 3
v 26 3
v 27 3
v 28 3
v 29 3
v 30 4
v 31 4
v 32 4
v 33 4
v 34 4
v 35 4
v 36 4
v 37 4
v 38 4
v 39 4
v 40 4
v 41 4
v 42 4
v 43 4
v 44 4
v 45 4
v 46 4
v 47 4
v 48 4
v 49 4
v 50 4
v 51 4
v 52 4
v 53 4
e 0 13 1
e 0 14 1
e 1 10 1
e 1 16 1
e 2 11 1
e 2 17 1
e 3 12 1
e 3 19 1
e 4 14 1
e 4 18 1
e 5 15 1
e 5 22 1
e 6 16 2
e 7 17 2
e 8 19 2
e 9 22 2
e 10 11 1
e 10 12 1
e 10 30 1
e 11 13 1
e 11 31 1
e 12 14 1
e 12 32 1
e 13 15 1
e 13 33 1
e 14 34 1
e 15 35 1
e 15 36 1
e 16 20 1
e 17 21 1
e 18 24 2
e 18 25 1
e 19 23 1
e 20 37 1
e 20 38 1
e 20 39 1
e 21 40 1
e 21 41 1
e 21 42 1
e 22 26 1
e 23 43 1
e 23 44 1
e 23 45 1
e 24 27 1
e 24 46 1
e 25 28 2
e 25 47 1
e 26 48 1
e 26 49 1
e 26 50 1
e 27 29 2
e 27 51 1
e 28 29 1
e 28 52 1
e 29 53 1
t # 43761
v 0 1
v 1 1
v 2 1
v 3 1
v 4 3
v 5 3
v 6 3
v 7 3
v 8 3
v 9 3
v 10 3
v 11 3
v 12 3
v 13 3
v 14 4
v 15 4
v 16 4
v 17 4
v 18 4
v 19 4
v 20 4
v 21 4
v 22 4
v 23 4
v 24 4
v 25 4
v 26 4
v 27 4
v 28 4
v 29 4
e 0 9 1
e 0 23 1
e 1 10 1
e 1 24 1
e 2 11 1
e 2 12 1
e 3 11 2
e 4 5 1
e 4 6 1
e 4 7 1
e 4 14 1
e 5 6 1
e 5 8 1
e 5 15 1
e 6 11 1
e 6 16 1
e 7 9 1
e 7 17 1
e 7 18 1
e 8 10 1
e 8 19 1
e 8 20 1
e 9 10 1
e 9 21 1
e 10 22 1
e 12 13 1
e 12 25 1
e 12 26 1
e 13 27 1
e 13 28 1
e 13 29 1
t # 43762
v 0 1
v 1 1
v 2 1
v 3 3
v 4 3
v 5 3
v 6 3
v 7 3
v 8 3
v 9 3
v 10 3
v 11 3
v 12 3
v 13 3
v 14 3
v 15 3
v 16 3
v 17 3
v 18 4
v 19 4
v 20 4
v 21 4
v 22 4
v 23 4
v 24 4
v 25 4
v 26 4
v 27 4
v 28 4
v 29 4
v 30 4
v 31 4
e 0 3 1
e 0 5 1
e 1 16 1
e 1 17 1
e 2 16 2
e 3 4 1
e 3 18 1
e 3 19 1
e 4 9 2
e 4 10 1
e 5 7 2
e 5 8 1
e 6 11 2
e 6 12 1
e 6 16 1
e 7 11 1
e 7 20 1
e 8 12 2
e 8 21 1
e 9 13 1
e 9 22 1
e 10 14 2
e 10 23 1
e 11 24 1
e 12 25 1
e 13 15 2
e 13 26 1
e 14 15 1
e 14 27 1
e 15 28 1
e 17 29 1
e 17 30 1
e 17 31 1
t # 43763
v 0 1
v 1 1
v 2 1
v 3 1
v 4 2
v 5 3
v 6 3
v 7 3
v 8 3
v 9 3
v 10 3
v 11 3
v 12 3
v 13 3
v 14 3
v 15 3
v 16 3
v 17 3
v 18 3
v 19 3
v 20 4
v 21 4
v 22 4
v 23 4
v 24 4
v 25 4
v 26 4
v 27 4
v 28 4
v 29 4
v 30 4
v 31 4
v 32 4
v 33 4
v 34 4
v 35 4
v 36 4
v 37 4
v 38 4
v 39 4
v 40 4
v 41 4
v 42 4
e 0 10 2
e 1 11 2
e 2 19 1
e 2 42 1
e 3 19 2
e 4 10 1
e 4 11 1
e 4 13 1
e 5 6 1
e 5 7 1
e 5 8 1
e 5 9 1
e 6 10 1
e 6 20 1
e 6 21 1
e 7 11 1
e 7 22 1
e 7 23 1
e 8 12 1
e 8 24 1
e 8 25 1
e 9 26 1
e 9 27 1
e 9 28 1
e 12 29 1
e 12 30 1
e 12 31 1
e 13 14 1
e 13 32 1
e 13 33 1
e 14 15 2
e 14 34 1
e 15 16 1
e 15 17 1
e 16 18 1
e 16 35 1
e 16 36 1
e 17 37 1
e 17 38 1
e 17 39 1
e 18 19 1
e 18 40 1
e 18 41 1
t # 43764
v 0 18
v 1 1
v 2 2
v 3 2
v 4 2
v 5 3
v 6 3
v 7 3
v 8 3
v 9 3
v 10 3
v 11 3
v 12 3
v 13 3
v 14 3
v 15 3
v 16 3
v 17 3
v 18 3
v 19 3
v 20 3
v 21 3
v 22 3
v 23 3
v 24 3
v 25 4
v 26 4
v 27 4
v 28 4
v 29 4
v 30 4
v 31 4
v 32 4
v 33 4
v 34 4
v 35 4
v 36 4
v 37 4
v 38 4
v 39 4
v 40 4
v 41 4
v 42 4
v 43 4
v 44 4
v 45 4
v 46 4
v 47 4
v 48 4
v 49 4
v 50 4
e 1 16 2
e 2 6 1
e 2 10 1
e 2 15 1
e 3 14 1
e 3 18 1
e 3 38 1
e 4 16 1
e 4 21 1
e 4 41 1
e 5 6 1
e 5 7 1
e 5 11 1
e 5 25 1
e 6 9 1
e 6 26 1
e 7 8 1
e 7 27 1
e 7 28 1
e 8 10 1
e 8 16 1
e 8 29 1
e 9 13 1
e 9 30 1
e 9 31 1
e 10 32 1
e 10 33 1
e 11 12 2
e 11 17 1
e 12 13 1
e 12 14 1
e 13 18 2
e 14 19 2
e 15 34 1
e 15 35 1
e 15 36 1
e 17 20 2
e 17 37 1
e 19 20 1
e 19 39 1
e 20 40 1
e 21 22 1
e 21 42 1
e 21 43 1
e 22 23 1
e 22 44 1
e 22 45 1
e 23 24 1
e 23 46 1
e 23 47 1
e 24 48 1
e 24 49 1
e 24 50 1
t # 43765
v 0 1
v 1 3
v 2 3
v 3 3
v 4 3
v 5 3
v 6 3
v 7 3
v 8 3
v 9 3
v 10 3
v 11 3
v 12 3
v 13 3
v 14 4
v 15 4
v 16 4
v 17 4
v 18 4
v 19 4
v 20 4
v 21 4
v 22 4
v 23 4
v 24 4
v 25 4
v 26 4
v 27 4
v 28 4
v 29 4
v 30 4
v 31 4
v 32 4
v 33 4
v 34 4
v 35 4
e 0 13 2
e 1 3 1
e 1 4 1
e 1 5 1
e 1 14 1
e 2 3 1
e 2 6 1
e 2 7 1
e 2 15 1
e 3 16 1
e 3 17 1
e 4 8 1
e 4 18 1
e 4 19 1
e 5 9 1
e 5 20 1
e 5 21 1
e 6 11 1
e 6 22 1
e 6 23 1
e 7 12 1
e 7 24 1
e 7 25 1
e 8 10 1
e 8 26 1
e 8 27 1
e 9 10 1
e 9 28 1
e 9 29 1
e 10 30 1
e 10 31 1
e 11 13 1
e 11 32 1
e 11 33 1
e 12 13 1
e 12 34 1
e 12 35 1
t # 43766
v 0 1
v 1 1
v 2 1
v 3 1
v 4 2
v 5 2
v 6 2
v 7 3
v 8 3
v 9 3
v 10 3
v 11 3
v 12 3
v 13 3
v 14 3
v 15 3
v 16 3
v 17 4
v 18 4
v 19 4
v 20 4
v 21 4
v 22 4
v 23 4
v 24 4
v 25 4
v 26 4
v 27 4
v 28 4
v 29 4
e 0 16 1
e 0 29 1
e 1 15 2
e 4 7 1
e 4 15 1
e 4 18 1
e 5 13 1
e 5 15 1
e 5 26 1
e 6 11 1
e 7 8 2
e 7 9 1
e 8 10 1
e 8 14 1
e 9 11 2
e 9 17 1
e 10 12 2
e 10 19 1
e 11 12 1
e 12 22 1
e 13 16 1
e 13 20 1
e 13 21 1
e 14 23 1
e 14 24 1
e 14 25 1
e 16 27 1
e 16 28 1
t # 43767
v 0 12
v 1 1
v 2 1
v 3 1
v 4 1
v 5 2
v 6 2
v 7 3
v 8 3
v 9 3
v 10 3
v 11 3
v 12 3
v 13 3
v 14 3
v 15 3
v 16 3
v 17 3
v 18 3
v 19 3
v 20 4
v 21 4
v 22 4
v 23 4
v 24 4
v 25 4
v 26 4
v 27 4
v 28 4
v 29 4
v 30 4
v 31 4
v 32 4
v 33 4
v 34 4
v 35 4
v 36 4
v 37 4
v 38 4
e 0 16 1
e 1 11 1
e 1 17 1
e 2 12 1
e 2 18 1
e 3 13 1
e 3 19 1
e 4 14 2
e 5 8 1
e 5 14 1
e 5 24 1
e 6 14 1
e 6 15 1
e 6 27 1
e 7 8 1
e 7 9 2
e 7 10 1
e 8 20 1
e 8 21 1
e 9 12 1
e 9 22 1
e 10 11 2
e 10 23 1
e 11 13 1
e 12 13 2
e 15 16 1
e 15 25 1
e 15 26 1
e 16 28 1
e 16 29 1
e 17 30 1
e 17 31 1
e 17 32 1
e 18 33 1
e 18 34 1
e 18 35 1
e 19 36 1
e 19 37 1
e 19 38 1
t # 43768
v 0 1
v 1 2
v 2 2
v 3 3
v 4 3
v 5 3
v 6 3
v 7 3
v 8 3
v 9 3
v 10 3
v 11 3
v 12 3
v 13 3
v 14 3
v 15 3
v 16 3
v 17 3
v 18 3
v 19 3
v 20 3
v 21 3
v 22 3
v 23 3
v 24 4
v 25 4
v 26 4
v 27 4
v 28 4
v 29 4
v 30 4
v 31 4
v 32 4
v 33 4
v 34 4
v 35 4
v 36 4
v 37 4
v 38 4
v 39 4
v 40 4
v 41 4
v 42 4
v 43 4
v 44 4
v 45 4
v 46 4
v 47 4
v 48 4
v 49 4
v 50 4
v 51 4
v 52 4
v 53 4
v 54 4
v 55 4
e 0 16 2
e 1 10 1
e 1 16 1
e 1 47 1
e 2 16 1
e 2 17 1
e 2 48 1
e 3 5 1
e 3 6 1
e 3 7 1
e 3 24 1
e 4 5 1
e 4 8 1
e 4 9 1
e 4 25 1
e 5 26 1
e 5 27 1
e 6 11 1
e 6 28 1
e 6 29 1
e 7 12 1
e 7 30 1
e 7 31 1
e 8 13 1
e 8 32 1
e 8 33 1
e 9 14 1
e 9 34 1
e 9 35 1
e 10 11 1
e 10 12 1
e 10 36 1
e 11 37 1
e 11 38 1
e 12 39 1
e 12 40 1
e 13 15 1
e 13 41 1
e 13 42 1
e 14 15 1
e 14 43 1
e 14 44 1
e 15 45 1
e 15 46 1
e 17 18 1
e 17 19 2
e 18 20 2
e 18 49 1
e 19 21 1
e 19 50 1
e 20 22 1
e 20 23 1
e 21 22 2
e 21 51 1
e 22 52 1
e 23 53 1
e 23 54 1
e 23 55 1
t # 43769
v 0 2
v 1 2
v 2 2
v 3 2
v 4 3
v 5 3
v 6 3
v 7 3
v 8 3
v 9 3
v 10 3
v 11 3
v 12 4
v 13 4
v 14 4
v 15 4
v 16 4
v 17 4
v 18 4
v 19 4
v 20 4
v 21 4
v 22 4
v 23 4
v 24 4
v 25 4
v 26 4
v 27 4
v 28 4
v 29 4
e 0 4 1
e 0 5 1
e 0 8 1
e 1 2 1
e 1 6 1
e 1 7 1
e 2 9 2
e 3 9 1
e 3 10 1
e 3 11 1
e 4 6 1
e 4 12 1
e 4 13 1
e 5 7 1
e 5 14 1
e 5 15 1
e 6 16 1
e 6 17 1
e 7 18 1
e 7 19 1
e 8 20 1
e 8 21 1
e 8 22 1
e 9 23 1
e 10 24 1
e 10 25 1
e 10 26 1
e 11 27 1
e 11 28 1
e 11 29 1
t # 43770
v 0 1
v 1 2
v 2 3
v 3 3
v 4 3
v 5 3
v 6 3
v 7 3
v 8 4
v 9 4
v 10 4
v 11 4
v 12 4
v 13 4
v 14 4
v 15 4
v 16 4
v 17 4
v 18 4
e 0 5 2
e 1 2 1
e 1 5 1
e 1 10 1
e 2 3 1
e 2 8 1
e 2 9 1
e 3 4 1
e 3 6 2
e 4 11 1
e 4 12 1
e 4 13 1
e 5 7 1
e 6 17 1
e 6 18 1
e 7 14 1
e 7 15 1
e 7 16 1
t # 43771
v 0 1
v 1 2
v 2 3
v 3 3
v 4 3
v 5 3
v 6 3
v 7 3
v 8 3
v 9 3
v 10 3
v 11 3
v 12 3
v 13 3
v 14 3
v 15 3
v 16 3
v 17 4
v 18 4
v 19 4
v 20 4
v 21 4
v 22 4
v 23 4
v 24 4
v 25 4
v 26 4
v 27 4
v 28 4
v 29 4
v 30 4
v 31 4
v 32 4
v 33 4
v 34 4
v 35 4
v 36 4
v 37 4
v 38 4
v 39 4
v 40 4
v 41 4
v 42 4
v 43 4
e 0 15 2
e 1 5 1
e 1 15 1
e 1 40 1
e 2 4 1
e 2 5 1
e 2 6 1
e 2 17 1
e 3 4 1
e 3 8 1
e 3 9 1
e 3 18 1
e 4 19 1
e 4 20 1
e 5 7 1
e 5 21 1
e 6 10 1
e 6 22 1
e 6 23 1
e 7 11 1
e 7 24 1
e 7 25 1
e 8 12 1
e 8 26 1
e 8 27 1
e 9 13 1
e 9 28 1
e 9 29 1
e 10 11 1
e 10 30 1
e 10 31 1
e 11 32 1
e 11 33 1
e 12 14 1
e 12 34 1
e 12 35 1
e 13 14 1
e 13 36 1
e 13 37 1
e 14 38 1
e 14 39 1
e 15 16 1
e 16 41 1
e 16 42 1
e 16 43 1
t # 43772
v 0 18
v 1 18
v 2 1
v 3 2
v 4 2
v 5 2
v 6 3
v 7 3
v 8 3
v 9 3
v 10 3
v 11 3
v 12 3
v 13 3
v 14 3
v 15 3
v 16 3
v 17 3
v 18 3
v 19 4
v 20 4
v 21 4
v 22 4
v 23 4
v 24 4
v 25 4
v 26 4
v 27 4
v 28 4
v 29 4
e 2 15 2
e 3 8 1
e 3 15 1
e 3 22 1
e 4 7 1
e 4 11 2
e 5 15 1
e 5 16 1
e 5 28 1
e 6 7 1
e 6 9 1
e 6 10 2
e 7 12 2
e 8 9 2
e 8 11 1
e 9 19 1
e 10 13 1
e 10 20 1
e 11 21 1
e 12 14 1
e 12 23 1
e 13 14 2
e 13 24 1
e 14 25 1
e 16 17 1
e 16 26 1
e 16 27 1
e 17 18 2
e 18 29 1
t # 43773
v 0 18
v 1 18
v 2 1
v 3 2
v 4 2
v 5 3
v 6 3
v 7 3
v 8 3
v 9 3
v 10 3
v 11 3
v 12 3
v 13 4
v 14 4
v 15 4
v 16 4
v 17 4
v 18 4
v 19 4
v 20 4
v 21 4
v 22 4
v 23 4
v 24 4
v 25 4
v 26 4
e 2 9 2
e 3 6 1
e 3 9 1
e 3 19 1
e 4 9 1
e 4 10 1
e 4 23 1
e 5 6 1
e 5 7 1
e 5 13 1
e 5 14 1
e 6 15 1
e 6 16 1
e 7 8 1
e 7 17 1
e 7 18 1
e 8 20 1
e 8 21 1
e 8 22 1
e 10 11 1
e 10 24 1
e 10 25 1
e 11 12 2
e 12 26 1
t # 43774
v 0 1
v 1 1
v 2 2
v 3 2
v 4 2
v 5 3
v 6 3
v 7 3
v 8 3
v 9 3
v 10 3
v 11 3
v 12 3
v 13 3
v 14 3
v 15 3
v 16 3
v 17 3
v 18 3
v 19 3
v 20 3
v 21 3
v 22 4
v 23 4
v 24 4
v 25 4
v 26 4
v 27 4
v 28 4
v 29 4
v 30 4
v 31 4
v 32 4
v 33 4
v 34 4
v 35 4
v 36 4
v 37 4
v 38 4
v 39 4
v 40 4
e 0 5 1
e 0 26 1
e 1 8 2
e 2 3 1
e 2 8 1
e 2 31 1
e 3 19 2
e 4 19 1
e 4 20 1
e 4 21 1
e 5 6 1
e 5 7 1
e 5 8 1
e 6 9 2
e 6 11 1
e 7 10 2
e 7 12 1
e 9 13 1
e 9 22 1
e 10 14 1
e 10 23 1
e 11 15 2
e 11 24 1
e 12 16 2
e 12 25 1
e 13 17 2
e 13 27 1
e 14 18 2
e 14 28 1
e 15 17 1
e 15 29 1
e 16 18 1
e 16 30 1
e 17 32 1
e 18 33 1
e 19 34 1
e 20 35 1
e 20 36 1
e 20 37 1
e 21 38 1
e 21 39 1
e 21 40 1
t # 43775
v 0 18
v 1 18
v 2 12
v 3 12
v 4 1
v 5 2
v 6 2
v 7 3
v 8 3
v 9 3
v 10 3
v 11 3
v 12 3
v 13 3
v 14 3
v 15 3
v 16 3
v 17 4
v 18 4
v 19 4
v 20 4
v 21 4
v 22 4
v 23 4
v 24 4
e 2 9 1
e 3 10 1
e 4 11 2
e 5 7 1
e 5 11 1
e 5 17 1
e 6 8 1
e 6 11 1
e 6 20 1
e 7 9 2
e 7 10 1
e 8 15 1
e 8 18 1
e 8 19 1
e 9 12 1
e 10 13 2
e 12 14 2
e 12 21 1
e 13 14 1
e 13 22 1
e 14 23 1
e 15 16 2
e 16 24 1
t # 43776
v 0 1
v 1 2
v 2 3
v 3 3
v 4 3
v 5 3
v 6 3
v 7 3
v 8 3
v 9 3
v 10 3
v 11 3
v 12 3
v 13 3
v 14 4
v 15 4
v 16 4
v 17 4
v 18 4
v 19 4
v 20 4
v 21 4
v 22 4
v 23 4
v 24 4
v 25 4
v 26 4
v 27 4
v 28 4
e 0 12 2
e 1 10 1
e 1 12 1
e 1 25 1
e 2 3 1
e 2 4 1
e 2 14 1
e 2 15 1
e 3 5 1
e 3 16 1
e 3 17 1
e 4 6 1
e 4 18 1
e 4 19 1
e 5 7 1
e 5 20 1
e 5 21 1
e 6 7 2
e 6 8 1
e 7 9 1
e 8 10 2
e 8 22 1
e 9 11 2
e 9 23 1
e 10 11 1
e 11 24 1
e 12 13 1
e 13 26 1
e 13 27 1
e 13 28 1
t # 43777
v 0 1
v 1 2
v 2 3
v 3 3
v 4 3
v 5 3
v 6 3
v 7 3
v 8 3
v 9 3
v 10 3
v 11 3
v 12 3
v 13 3
v 14 3
v 15 3
v 16 3
v 17 3
v 18 3
v 19 3
v 20 4
v 21 4
v 22 4
v 23 4
v 24 4
v 25 4
v 26 4
v 27 4
v 28 4
v 29 4
v 30 4
v 31 4
v 32 4
v 33 4
v 34 4
v 35 4
v 36 4
v 37 4
v 38 4
v 39 4
v 40 4
v 41 4
v 42 4
v 43 4
v 44 4
v 45 4
v 46 4
v 47 4
v 48 4
v 49 4
v 50 4
v 51 4
v 52 4
e 0 15 2
e 1 15 1
e 1 16 1
e 1 43 1
e 2 4 1
e 2 5 1
e 2 6 1
e 2 20 1
e 3 4 1
e 3 10 1
e 3 11 1
e 3 21 1
e 4 22 1
e 4 23 1
e 5 8 1
e 5 24 1
e 5 25 1
e 6 9 1
e 6 26 1
e 6 27 1
e 7 8 1
e 7 9 1
e 7 15 1
e 7 28 1
e 8 29 1
e 8 30 1
e 9 31 1
e 9 32 1
e 10 12 1
e 10 33 1
e 10 34 1
e 11 13 1
e 11 35 1
e 11 36 1
e 12 14 1
e 12 37 1
e 12 38 1
e 13 14 1
e 13 39 1
e 13 40 1
e 14 41 1
e 14 42 1
e 16 17 1
e 16 44 1
e 16 45 1
e 17 18 1
e 17 46 1
e 17 47 1
e 18 19 1
e 18 48 1
e 18 49 1
e 19 50 1
e 19 51 1
e 19 52 1
t # 43778
v 0 2
v 1 2
v 2 3
v 3 3
v 4 3
v 5 3
v 6 3
v 7 3
v 8 3
v 9 3
v 10 3
v 11 3
v 12 3
v 13 3
v 14 3
v 15 3
v 16 3
v 17 3
v 18 4
v 19 4
v 20 4
v 21 4
v 22 4
v 23 4
v 24 4
v 25 4
v 26 4
v 27 4
v 28 4
v 29 4
v 30 4
v 31 4
v 32 4
v 33 4
v 34 4
v 35 4
e 0 13 2
e 0 35 1
e 2 3 1
e 2 4 1
e 2 9 1
e 2 18 1
e 3 5 1
e 3 10 1
e 3 19 1
e 4 6 1
e 4 8 1
e 4 20 1
e 5 7 1
e 5 8 1
e 5 21 1
e 6 7 1
e 6 12 1
e 6 22 1
e 7 13 1
e 7 17 1
e 8 23 1
e 8 24 1
e 9 11 1
e 9 14 1
e 9 25 1
e 10 11 1
e 10 15 1
e 10 26 1
e 11 27 1
e 11 28 1
e 12 16 1
e 12 29 1
e 12 30 1
e 13 16 1
e 14 15 2
e 14 31 1
e 15 32 1
e 16 33 1
e 16 34 1
t # 43779
v 0 18
v 1 18
v 2 18
v 3 18
v 4 1
v 5 1
v 6 2
v 7 2
v 8 2
v 9 2
v 10 3
v 11 3
v 12 3
v 13 3
v 14 3
v 15 3
v 16 3
v 17 3
v 18 3
v 19 3
v 20 3
v 21 3
v 22 3
v 23 3
v 24 3
v 25 3
v 26 3
v 27 3
v 28 3
v 29 3
v 30 3
v 31 3
v 32 3
v 33 3
v 34 3
v 35 3
v 36 3
v 37 3
v 38 4
v 39 4
v 40 4
v 41 4
v 42 4
v 43 4
v 44 4
v 45 4
v 46 4
v 47 4
v 48 4
v 49 4
v 50 4
v 51 4
v 52 4
v 53 4
v 54 4
v 55 4
v 56 4
v 57 4
v 58 4
v 59 4
v 60 4
v 61 4
v 62 4
v 63 4
v 64 4
v 65 4
v 66 4
v 67 4
v 68 4
v 69 4
e 4 30 2
e 5 31 2
e 6 22 1
e 6 30 1
e 6 60 1
e 7 23 1
e 7 31 1
e 7 61 1
e 8 30 1
e 8 32 1
e 8 62 1
e 9 31 1
e 9 33 1
e 9 63 1
e 10 12 1
e 10 14 1
e 10 38 1
e 10 39 1
e 11 13 1
e 11 15 1
e 11 40 1
e 11 41 1
e 12 16 1
e 12 42 1
e 12 43 1
e 13 17 1
e 13 44 1
e 13 45 1
e 14 18 1
e 14 46 1
e 14 47 1
e 15 19 1
e 15 48 1
e 15 49 1
e 16 20 1
e 16 50 1
e 16 51 1
e 17 21 1
e 17 52 1
e 17 53 1
e 18 20 2
e 18 22 1
e 19 21 2
e 19 23 1
e 20 24 1
e 21 25 1
e 22 26 2
e 23 27 2
e 24 28 2
e 24 54 1
e 25 29 2
e 25 55 1
e 26 28 1
e 26 56 1
e 27 29 1
e 27 57 1
e 28 58 1
e 29 59 1
e 32 34 1
e 32 64 1
e 32 65 1
e 33 35 1
e 33 66 1
e 33 67 1
e 34 36 2
e 35 37 2
e 36 68 1
e 37 69 1
t # 43780
v 0 1
v 1 1
v 2 1
v 3 2
v 4 2
v 5 3
v 6 3
v 7 3
v 8 3
v 9 3
v 10 3
v 11 3
v 12 3
v 13 3
v 14 3
v 15 3
v 16 3
v 17 3
v 18 3
v 19 3
v 20 3
v 21 3
v 22 3
v 23 4
v 24 4
v 25 4
v 26 4
v 27 4
v 28 4
v 29 4
v 30 4
v 31 4
v 32 4
v 33 4
v 34 4
v 35 4
v 36 4
v 37 4
v 38 4
v 39 4
v 40 4
v 41 4
v 42 4
v 43 4
v 44 4
e 0 13 2
e 1 14 2
e 2 21 2
e 3 5 1
e 3 11 1
e 3 35 1
e 4 13 1
e 4 14 1
e 4 15 1
e 5 6 1
e 5 7 1
e 5 23 1
e 6 8 1
e 6 24 1
e 6 25 1
e 7 9 1
e 7 26 1
e 7 27 1
e 8 10 1
e 8 28 1
e 8 29 1
e 9 10 1
e 9 30 1
e 9 31 1
e 10 32 1
e 10 33 1
e 11 12 1
e 11 13 1
e 11 34 1
e 12 14 1
e 12 36 1
e 12 37 1
e 15 16 2
e 15 17 1
e 16 18 1
e 16 38 1
e 17 19 2
e 17 39 1
e 18 20 2
e 18 40 1
e 19 20 1
e 19 41 1
e 20 21 1
e 21 22 1
e 22 42 1
e 22 43 1
e 22 44 1
t # 43781
v 0 1
v 1 1
v 2 2
v 3 2
v 4 3
v 5 3
v 6 3
v 7 3
v 8 3
v 9 3
v 10 3
v 11 3
v 12 3
v 13 3
v 14 3
v 15 3
v 16 3
v 17 3
v 18 3
v 19 3
v 20 3
v 21 3
v 22 3
v 23 3
v 24 4
v 25 4
v 26 4
v 27 4
v 28 4
v 29 4
v 30 4
v 31 4
v 32 4
v 33 4
v 34 4
v 35 4
v 36 4
v 37 4
v 38 4
v 39 4
v 40 4
v 41 4
v 42 4
v 43 4
v 44 4
v 45 4
e 0 12 2
e 1 13 2
e 2 4 1
e 2 10 1
e 2 36 1
e 3 12 1
e 3 13 1
e 3 14 1
e 4 5 1
e 4 6 1
e 4 24 1
e 5 7 1
e 5 25 1
e 5 26 1
e 6 8 1
e 6 27 1
e 6 28 1
e 7 9 1
e 7 29 1
e 7 30 1
e 8 9 1
e 8 31 1
e 8 32 1
e 9 33 1
e 9 34 1
e 10 11 1
e 10 12 1
e 10 35 1
e 11 13 1
e 11 37 1
e 11 38 1
e 14 15 2
e 14 16 1
e 15 17 1
e 15 39 1
e 16 19 2
e 16 40 1
e 17 18 1
e 17 20 2
e 18 19 1
e 18 21 2
e 19 41 1
e 20 22 1
e 20 42 1
e 21 23 1
e 21 43 1
e 22 23 2
e 22 44 1
e 23 45 1
t # 43782
v 0 1
v 1 1
v 2 2
v 3 2
v 4 3
v 5 3
v 6 3
v 7 3
v 8 3
v 9 3
v 10 3
v 11 3
v 12 3
v 13 3
v 14 3
v 15 3
v 16 3
v 17 3
v 18 3
v 19 3
v 20 3
v 21 3
v 22 3
v 23 3
v 24 4
v 25 4
v 26 4
v 27 4
v 28 4
v 29 4
v 30 4
v 31 4
v 32 4
v 33 4
v 34 4
v 35 4
v 36 4
v 37 4
v 38 4
v 39 4
e 0 6 2
e 1 7 2
e 2 6 1
e 2 7 1
e 2 8 1
e 3 4 1
e 3 12 1
e 3 27 1
e 4 5 1
e 4 6 1
e 4 24 1
e 5 7 1
e 5 25 1
e 5 26 1
e 8 9 1
e 8 11 2
e 9 10 1
e 9 13 2
e 10 14 1
e 10 16 2
e 11 15 1
e 11 28 1
e 12 17 2
e 12 18 1
e 13 19 1
e 13 29 1
e 14 15 2
e 14 30 1
e 15 31 1
e 16 20 1
e 16 32 1
e 17 21 1
e 17 33 1
e 18 22 2
e 18 34 1
e 19 20 2
e 19 35 1
e 20 36 1
e 21 23 2
e 21 37 1
e 22 23 1
e 22 38 1
e 23 39 1
t # 43783
v 0 1
v 1 1
v 2 2
v 3 2
v 4 3
v 5 3
v 6 3
v 7 3
v 8 3
v 9 3
v 10 3
v 11 3
v 12 3
v 13 3
v 14 3
v 15 3
v 16 3
v 17 3
v 18 3
v 19 3
v 20 4
v 21 4
v 22 4
v 23 4
v 24 4
v 25 4
v 26 4
v 27 4
v 28 4
v 29 4
v 30 4
v 31 4
v 32 4
v 33 4
v 34 4
v 35 4
v 36 4
v 37 4
v 38 4
v 39 4
e 0 11 2
e 1 12 2
e 2 4 1
e 2 5 1
e 2 6 1
e 3 11 1
e 3 12 1
e 3 13 1
e 4 10 1
e 4 11 1
e 4 20 1
e 5 7 1
e 5 21 1
e 5 22 1
e 6 8 1
e 6 23 1
e 6 24 1
e 7 9 1
e 7 25 1
e 7 26 1
e 8 9 1
e 8 27 1
e 8 28 1
e 9 29 1
e 9 30 1
e 10 12 1
e 10 31 1
e 10 32 1
e 13 14 2
e 13 15 1
e 14 16 1
e 14 33 1
e 15 17 2
e 15 34 1
e 16 18 2
e 16 35 1
e 17 18 1
e 17 36 1
e 18 19 1
e 19 37 1
e 19 38 1
e 19 39 1
t # 43784
v 0 1
v 1 1
v 2 2
v 3 2
v 4 3
v 5 3
v 6 3
v 7 3
v 8 3
v 9 3
v 10 3
v 11 3
v 12 3
v 13 3
v 14 3
v 15 3
v 16 3
v 17 3
v 18 3
v 19 3
v 20 3
v 21 4
v 22 4
v 23 4
v 24 4
v 25 4
v 26 4
v 27 4
v 28 4
v 29 4
v 30 4
v 31 4
v 32 4
v 33 4
v 34 4
v 35 4
v 36 4
v 37 4
v 38 4
v 39 4
v 40 4
v 41 4
v 42 4
e 0 12 2
e 1 13 2
e 2 4 1
e 2 10 1
e 2 33 1
e 3 12 1
e 3 13 1
e 3 14 1
e 4 5 1
e 4 6 1
e 4 21 1
e 5 7 1
e 5 22 1
e 5 23 1
e 6 8 1
e 6 24 1
e 6 25 1
e 7 9 1
e 7 26 1
e 7 27 1
e 8 9 1
e 8 28 1
e 8 29 1
e 9 30 1
e 9 31 1
e 10 11 1
e 10 12 1
e 10 32 1
e 11 13 1
e 11 34 1
e 11 35 1
e 14 15 2
e 14 16 1
e 15 17 1
e 15 36 1
e 16 18 2
e 16 37 1
e 17 19 2
e 17 38 1
e 18 19 1
e 18 39 1
e 19 20 1
e 20 40 1
e 20 41 1
e 20 42 1
t # 43785
v 0 1
v 1 1
v 2 1
v 3 1
v 4 1
v 5 1
v 6 2
v 7 3
v 8 3
v 9 3
v 10 3
v 11 3
v 12 3
v 13 3
v 14 3
v 15 3
v 16 3
v 17 3
v 18 3
v 19 3
v 20 3
v 21 3
v 22 3
v 23 3
v 24 3
v 25 3
v 26 3
v 27 3
v 28 4
v 29 4
v 30 4
v 31 4
v 32 4
v 33 4
v 34 4
v 35 4
v 36 4
v 37 4
v 38 4
v 39 4
v 40 4
v 41 4
v 42 4
v 43 4
v 44 4
v 45 4
v 46 4
v 47 4
v 48 4
v 49 4
v 50 4
e 0 14 1
e 0 25 1
e 1 18 1
e 1 26 1
e 2 19 1
e 2 41 1
e 3 23 1
e 3 27 1
e 4 20 2
e 5 21 2
e 7 6 1
e 6 21 1
e 6 33 1
e 7 8 1
e 7 10 1
e 7 28 1
e 8 9 1
e 8 29 1
e 8 30 1
e 9 11 1
e 9 31 1
e 9 32 1
e 10 13 1
e 10 16 2
e 11 12 1
e 11 15 2
e 12 13 1
e 12 14 2
e 13 17 2
e 14 18 1
e 15 19 1
e 15 34 1
e 16 20 1
e 16 35 1
e 17 22 1
e 17 36 1
e 18 19 2
e 20 23 1
e 21 24 1
e 22 23 2
e 22 37 1
e 24 38 1
e 24 39 1
e 24 40 1
e 25 42 1
e 25 43 1
e 25 44 1
e 26 45 1
e 26 46 1
e 26 47 1
e 27 48 1
e 27 49 1
e 27 50 1
t # 43786
v 0 1
v 1 1
v 2 2
v 3 2
v 4 3
v 5 3
v 6 3
v 7 3
v 8 3
v 9 3
v 10 3
v 11 3
v 12 3
v 13 3
v 14 3
v 15 3
v 16 4
v 17 4
v 18 4
v 19 4
v 20 4
v 21 4
v 22 4
v 23 4
v 24 4
v 25 4
v 26 4
v 27 4
e 0 7 2
e 1 8 2
e 2 3 1
e 2 4 1
e 2 7 1
e 3 4 1
e 3 8 1
e 4 5 1
e 4 6 1
e 5 11 1
e 5 16 1
e 5 17 1
e 6 18 1
e 6 19 1
e 6 20 1
e 7 9 1
e 8 10 1
e 9 10 1
e 9 12 2
e 10 13 2
e 11 21 1
e 11 22 1
e 11 23 1
e 12 14 1
e 12 24 1
e 13 15 1
e 13 25 1
e 14 15 2
e 14 26 1
e 15 27 1
t # 43787
v 0 1
v 1 1
v 2 1
v 3 1
v 4 1
v 5 1
v 6 2
v 7 2
v 8 2
v 9 2
v 10 2
v 11 2
v 12 3
v 13 3
v 14 3
v 15 3
v 16 3
v 17 3
v 18 3
v 19 3
v 20 3
v 21 3
v 22 3
v 23 3
v 24 3
v 25 3
v 26 3
v 27 3
v 28 3
v 29 3
v 30 3
v 31 3
v 32 3
v 33 3
v 34 3
v 35 3
v 36 3
v 37 3
v 38 3
v 39 3
v 40 4
v 41 4
v 42 4
v 43 4
v 44 4
v 45 4
v 46 4
v 47 4
v 48 4
v 49 4
v 50 4
v 51 4
v 52 4
v 53 4
v 54 4
v 55 4
v 56 4
v 57 4
v 58 4
v 59 4
v 60 4
v 61 4
v 62 4
v 63 4
v 64 4
v 65 4
v 66 4
v 67 4
v 68 4
v 69 4
v 70 4
v 71 4
v 72 4
v 73 4
v 74 4
v 75 4
e 0 18 1
e 0 19 1
e 1 20 1
e 1 21 1
e 2 27 1
e 2 29 1
e 3 30 2
e 4 31 2
e 5 35 2
e 6 12 1
e 6 13 1
e 6 16 1
e 7 14 1
e 7 15 1
e 7 17 1
e 8 22 1
e 8 30 1
e 8 64 1
e 9 23 1
e 9 31 1
e 9 65 1
e 10 25 2
e 10 26 1
e 11 33 1
e 11 74 1
e 11 75 1
e 12 18 1
e 12 40 1
e 12 41 1
e 13 19 1
e 13 42 1
e 13 43 1
e 14 20 1
e 14 44 1
e 14 45 1
e 15 21 1
e 15 46 1
e 15 47 1
e 16 22 1
e 16 48 1
e 16 49 1
e 17 23 1
e 17 50 1
e 17 51 1
e 18 52 1
e 18 53 1
e 19 54 1
e 19 55 1
e 20 56 1
e 20 57 1
e 21 58 1
e 21 59 1
e 22 60 1
e 22 61 1
e 23 62 1
e 23 63 1
e 24 25 1
e 24 30 1
e 24 33 2
e 25 27 1
e 26 28 2
e 26 29 1
e 27 32 2
e 28 31 1
e 28 36 1
e 29 34 2
e 32 35 1
e 32 38 1
e 33 35 1
e 34 37 1
e 34 39 1
e 36 37 2
e 36 66 1
e 37 67 1
e 38 68 1
e 38 69 1
e 38 70 1
e 39 71 1
e 39 72 1
e 39 73 1
t # 43788
v 0 1
v 1 1
v 2 1
v 3 1
v 4 2
v 5 2
v 6 2
v 7 2
v 8 2
v 9 2
v 10 2
v 11 2
v 12 3
v 13 3
v 14 3
v 15 3
v 16 3
v 17 3
v 18 3
v 19 3
v 20 3
v 21 3
v 22 3
v 23 3
v 24 3
v 25 3
v 26 3
v 27 3
v 28 3
v 29 3
v 30 3
v 31 3
v 32 3
v 33 3
v 34 3
v 35 3
v 36 3
v 37 3
v 38 3
v 39 3
v 40 3
v 41 3
v 42 3
v 43 3
v 44 3
v 45 3
v 46 3
v 47 3
v 48 3
v 49 3
v 50 3
v 51 3
v 52 4
v 53 4
v 54 4
v 55 4
v 56 4
v 57 4
v 58 4
v 59 4
v 60 4
v 61 4
v 62 4
v 63 4
v 64 4
v 65 4
v 66 4
v 67 4
v 68 4
v 69 4
v 70 4
v 71 4
v 72 4
v 73 4
v 74 4
v 75 4
v 76 4
v 77 4
v 78 4
v 79 4
v 80 4
v 81 4
v 82 4
v 83 4
v 84 4
v 85 4
v 86 4
v 87 4
v 88 4
v 89 4
v 90 4
v 91 4
v 92 4
v 93 4
v 94 4
v 95 4
v 96 4
v 97 4
e 0 42 1
e 0 43 1
e 1 30 2
e 2 31 2
e 3 48 2
e 4 12 1
e 4 13 1
e 4 20 1
e 5 14 1
e 5 15 1
e 5 21 1
e 6 16 1
e 6 17 1
e 6 22 1
e 7 18 1
e 7 19 1
e 7 23 1
e 8 24 1
e 8 30 1
e 8 76 1
e 9 25 1
e 9 31 1
e 9 79 1
e 10 38 2
e 10 39 1
e 11 44 1
e 11 96 1
e 11 97 1
e 12 16 1
e 12 52 1
e 12 53 1
e 13 17 1
e 13 54 1
e 13 55 1
e 14 18 1
e 14 56 1
e 14 57 1
e 15 19 1
e 15 58 1
e 15 59 1
e 16 60 1
e 16 61 1
e 17 62 1
e 17 63 1
e 18 64 1
e 18 65 1
e 19 66 1
e 19 67 1
e 20 24 1
e 20 68 1
e 20 69 1
e 21 25 1
e 21 70 1
e 21 71 1
e 22 26 2
e 22 27 1
e 23 28 2
e 23 29 1
e 24 72 1
e 24 73 1
e 25 74 1
e 25 75 1
e 26 33 1
e 26 77 1
e 27 34 2
e 27 78 1
e 28 35 1
e 28 80 1
e 29 36 2
e 29 81 1
e 30 32 1
e 31 37 1
e 32 38 1
e 32 44 2
e 33 40 2
e 33 82 1
e 34 40 1
e 34 83 1
e 35 41 2
e 35 84 1
e 36 41 1
e 36 85 1
e 37 39 2
e 37 47 1
e 38 42 1
e 39 43 1
e 40 86 1
e 41 87 1
e 42 45 2
e 43 46 2
e 44 48 1
e 45 48 1
e 45 50 1
e 46 49 1
e 46 51 1
e 47 49 2
e 47 88 1
e 49 89 1
e 50 90 1
e 50 91 1
e 50 92 1
e 51 93 1
e 51 94 1
e 51 95 1
t # 43789
v 0 1
v 1 1
v 2 1
v 3 1
v 4 1
v 5 1
v 6 2
v 7 2
v 8 2
v 9 2
v 10 3
v 11 3
v 12 3
v 13 3
v 14 3
v 15 3
v 16 3
v 17 3
v 18 3
v 19 3
v 20 3
v 21 3
v 22 3
v 23 3
v 24 3
v 25 3
v 26 3
v 27 3
v 28 3
v 29 3
v 30 3
v 31 3
v 32 3
v 33 3
v 34 3
v 35 3
v 36 3
v 37 3
v 38 4
v 39 4
v 40 4
v 41 4
v 42 4
v 43 4
v 44 4
v 45 4
v 46 4
v 47 4
v 48 4
v 49 4
v 50 4
v 51 4
v 52 4
v 53 4
v 54 4
v 55 4
v 56 4
v 57 4
v 58 4
v 59 4
v 60 4
v 61 4
v 62 4
v 63 4
v 64 4
v 65 4
v 66 4
v 67 4
v 68 4
v 69 4
v 70 4
v 71 4
e 0 20 1
e 0 24 1
e 1 21 1
e 1 27 1
e 2 28 1
e 2 29 1
e 3 24 2
e 4 27 2
e 5 33 2
e 6 10 1
e 6 11 1
e 6 18 1
e 7 14 1
e 7 15 1
e 7 19 1
e 8 23 2
e 8 26 1
e 9 30 1
e 9 70 1
e 9 71 1
e 10 12 1
e 10 38 1
e 10 39 1
e 11 13 1
e 11 40 1
e 11 41 1
e 12 13 1
e 12 42 1
e 12 43 1
e 13 44 1
e 13 45 1
e 14 16 1
e 14 46 1
e 14 47 1
e 15 17 1
e 15 48 1
e 15 49 1
e 16 17 1
e 16 50 1
e 16 51 1
e 17 52 1
e 17 53 1
e 18 20 1
e 18 54 1
e 18 55 1
e 19 21 1
e 19 56 1
e 19 57 1
e 20 58 1
e 20 59 1
e 21 60 1
e 21 61 1
e 22 23 1
e 22 24 1
e 22 30 2
e 23 28 1
e 25 26 2
e 25 27 1
e 25 34 1
e 26 29 1
e 28 31 2
e 29 32 2
e 30 33 1
e 31 33 1
e 31 36 1
e 32 35 1
e 32 37 1
e 34 35 2
e 34 62 1
e 35 63 1
e 36 64 1
e 36 65 1
e 36 66 1
e 37 67 1
e 37 68 1
e 37 69 1
t # 43790
v 0 1
v 1 1
v 2 1
v 3 1
v 4 1
v 5 1
v 6 1
v 7 1
v 8 1
v 9 1
v 10 1
v 11 3
v 12 3
v 13 3
v 14 3
v 15 3
v 16 3
v 17 3
v 18 3
v 19 3
v 20 3
v 21 3
v 22 3
v 23 3
v 24 3
v 25 3
v 26 3
v 27 3
v 28 3
v 29 3
v 30 3
v 31 3
v 32 3
v 33 3
v 34 3
v 35 3
v 36 3
v 37 4
v 38 4
v 39 4
v 40 4
v 41 4
v 42 4
v 43 4
v 44 4
v 45 4
v 46 4
v 47 4
v 48 4
v 49 4
v 50 4
v 51 4
v 52 4
v 53 4
v 54 4
v 55 4
v 56 4
v 57 4
v 58 4
v 59 4
v 60 4
v 61 4
v 62 4
v 63 4
v 64 4
v 65 4
v 66 4
v 67 4
v 68 4
e 0 15 1
e 0 19 1
e 1 16 1
e 1 27 1
e 2 17 1
e 2 53 1
e 3 20 1
e 3 54 1
e 4 22 1
e 4 31 1
e 5 26 1
e 5 32 1
e 6 26 2
e 7 27 2
e 8 29 1
e 8 58 1
e 9 28 2
e 10 31 2
e 11 12 1
e 11 13 1
e 11 16 1
e 11 19 1
e 12 14 1
e 12 17 1
e 12 37 1
e 13 15 1
e 13 22 1
e 13 38 1
e 14 18 1
e 14 23 1
e 14 24 1
e 15 20 1
e 15 26 1
e 16 21 1
e 16 39 1
e 17 20 1
e 17 40 1
e 18 21 1
e 18 25 1
e 18 41 1
e 19 42 1
e 19 43 1
e 20 44 1
e 21 45 1
e 21 46 1
e 22 27 1
e 22 47 1
e 23 28 1
e 23 48 1
e 23 49 1
e 24 50 1
e 24 51 1
e 24 52 1
e 25 29 2
e 25 30 1
e 28 29 1
e 30 55 1
e 30 56 1
e 30 57 1
e 31 33 1
e 32 59 1
e 32 60 1
e 32 61 1
e 33 34 2
e 33 62 1
e 34 35 1
e 34 36 1
e 35 63 1
e 35 64 1
e 35 65 1
e 36 66 1
e 36 67 1
e 36 68 1
t # 43791
v 0 11
v 1 1
v 2 2
v 3 2
v 4 3
v 5 3
v 6 3
v 7 3
v 8 3
v 9 3
v 10 3
v 11 3
v 12 3
v 13 3
v 14 3
v 15 3
v 16 3
v 17 3
v 18 3
v 19 4
v 20 4
v 21 4
v 22 4
v 23 4
v 24 4
v 25 4
v 26 4
v 27 4
v 28 4
v 29 4
v 30 4
e 0 5 1
e 0 9 1
e 1 13 2
e 2 4 1
e 2 5 1
e 2 6 1
e 3 5 2
e 3 7 1
e 4 7 2
e 4 8 1
e 6 10 2
e 6 19 1
e 7 20 1
e 8 12 2
e 8 21 1
e 9 13 1
e 9 22 1
e 9 23 1
e 10 12 1
e 10 24 1
e 11 13 1
e 11 14 2
e 11 15 1
e 12 25 1
e 14 16 1
e 14 26 1
e 15 17 2
e 15 27 1
e 16 18 2
e 16 28 1
e 17 18 1
e 17 29 1
e 18 30 1
t # 43792
v 0 18
v 1 1
v 2 1
v 3 1
v 4 1
v 5 2
v 6 3
v 7 3
v 8 3
v 9 3
v 10 3
v 11 3
v 12 3
v 13 3
v 14 3
v 15 3
v 16 3
v 17 3
v 18 3
v 19 3
v 20 4
v 21 4
v 22 4
v 23 4
v 24 4
v 25 4
v 26 4
v 27 4
v 28 4
v 29 4
v 30 4
v 31 4
v 32 4
v 33 4
v 34 4
v 35 4
v 36 4
v 37 4
v 38 4
v 39 4
v 40 4
v 41 4
v 42 4
v 43 4
e 1 14 1
e 1 18 1
e 2 15 1
e 2 19 1
e 3 14 2
e 4 15 2
e 5 10 2
e 5 16 1
e 6 7 1
e 6 8 1
e 6 9 1
e 6 10 1
e 7 11 1
e 7 20 1
e 7 21 1
e 8 12 1
e 8 22 1
e 8 23 1
e 9 13 1
e 9 24 1
e 9 25 1
e 10 26 1
e 11 14 1
e 11 27 1
e 11 28 1
e 12 15 1
e 12 29 1
e 12 30 1
e 13 31 1
e 13 32 1
e 13 33 1
e 16 17 1
e 16 34 1
e 16 35 1
e 17 36 1
e 17 37 1
e 18 38 1
e 18 39 1
e 18 40 1
e 19 41 1
e 19 42 1
e 19 43 1
t # 43793
v 0 1
v 1 2
v 2 2
v 3 3
v 4 3
v 5 3
v 6 3
v 7 3
v 8 3
v 9 3
v 10 3
v 11 3
v 12 3
v 13 3
v 14 4
v 15 4
v 16 4
v 17 4
v 18 4
v 19 4
v 20 4
v 21 4
v 22 4
v 23 4
v 24 4
v 25 4
v 26 4
v 27 4
v 28 4
v 29 4
e 0 8 2
e 1 9 1
e 1 28 1
e 1 29 1
e 3 4 1
e 3 5 1
e 3 6 1
e 3 8 1
e 4 7 1
e 4 14 1
e 4 15 1
e 5 11 1
e 5 16 1
e 5 17 1
e 6 12 1
e 6 18 1
e 6 19 1
e 7 9 1
e 7 20 1
e 7 21 1
e 8 10 1
e 9 10 2
e 10 22 1
e 11 13 1
e 11 23 1
e 11 24 1
e 12 25 1
e 12 26 1
e 12 27 1
t # 43794
v 0 18
v 1 1
v 2 2
v 3 2
v 4 3
v 5 3
v 6 3
v 7 3
v 8 3
v 9 3
v 10 3
v 11 3
v 12 3
v 13 3
v 14 3
v 15 3
v 16 3
v 17 3
v 18 4
v 19 4
v 20 4
v 21 4
v 22 4
v 23 4
v 24 4
v 25 4
v 26 4
v 27 4
v 28 4
v 29 4
v 30 4
v 31 4
v 32 4
v 33 4
v 34 4
e 1 14 2
e 2 4 1
e 2 14 1
e 2 25 1
e 3 14 1
e 3 15 1
e 3 30 1
e 4 5 1
e 4 8 1
e 4 18 1
e 5 6 1
e 5 19 1
e 5 20 1
e 6 7 1
e 6 21 1
e 6 22 1
e 7 9 1
e 7 23 1
e 7 24 1
e 8 9 1
e 8 10 2
e 9 11 2
e 10 12 1
e 10 26 1
e 11 13 1
e 11 27 1
e 12 13 2
e 12 28 1
e 13 29 1
e 15 16 1
e 15 31 1
e 15 32 1
e 16 17 2
e 16 33 1
e 17 34 1
t # 43795
v 0 12
v 1 1
v 2 1
v 3 2
v 4 2
v 5 3
v 6 3
v 7 3
v 8 3
v 9 3
v 10 3
v 11 3
v 12 3
v 13 3
v 14 4
v 15 4
v 16 4
v 17 4
v 18 4
v 19 4
v 20 4
v 21 4
v 22 4
v 23 4
v 24 4
v 25 4
v 26 4
v 27 4
v 28 4
v 29 4
v 30 4
e 0 13 1
e 1 5 1
e 1 9 1
e 2 11 2
e 3 10 1
e 3 11 1
e 3 25 1
e 4 11 1
e 4 12 1
e 4 26 1
e 5 6 1
e 5 10 1
e 5 14 1
e 6 7 1
e 6 15 1
e 6 16 1
e 7 8 1
e 7 17 1
e 7 18 1
e 8 9 1
e 8 19 1
e 8 20 1
e 9 21 1
e 9 22 1
e 10 23 1
e 10 24 1
e 12 13 1
e 12 27 1
e 12 28 1
e 13 29 1
e 13 30 1
t # 43796
v 0 2
v 1 2
v 2 2
v 3 2
v 4 2
v 5 3
v 6 3
v 7 3
v 8 3
v 9 3
v 10 3
v 11 3
v 12 4
v 13 4
v 14 4
v 15 4
v 16 4
v 17 4
v 18 4
v 19 4
v 20 4
v 21 4
v 22 4
e 0 6 1
e 0 8 1
e 0 9 1
e 1 8 2
e 1 10 1
e 2 4 1
e 2 10 1
e 2 21 1
e 3 10 2
e 3 11 1
e 4 11 2
e 5 6 1
e 5 7 1
e 5 12 1
e 5 13 1
e 6 14 1
e 6 15 1
e 7 8 1
e 7 16 1
e 7 17 1
e 9 18 1
e 9 19 1
e 9 20 1
e 11 22 1
t # 43797
v 0 2
v 1 3
v 2 3
v 3 3
v 4 3
v 5 3
v 6 3
v 7 3
v 8 4
v 9 4
v 10 4
v 11 4
v 12 4
v 13 4
v 14 4
v 15 4
v 16 4
v 17 4
v 18 4
e 0 3 1
e 0 4 1
e 0 5 1
e 1 2 1
e 1 3 1
e 1 8 1
e 1 9 1
e 2 4 1
e 2 10 1
e 2 11 1
e 3 12 1
e 3 13 1
e 4 14 1
e 4 15 1
e 5 6 1
e 5 16 1
e 5 17 1
e 7 18 1
t # 43798
v 0 1
v 1 1
v 2 2
v 3 2
v 4 2
v 5 3
v 6 3
v 7 3
v 8 3
v 9 3
v 10 3
v 11 3
v 12 3
v 13 3
v 14 3
v 15 3
v 16 4
v 17 4
v 18 4
v 19 4
v 20 4
v 21 4
v 22 4
v 23 4
v 24 4
v 25 4
v 26 4
v 27 4
v 28 4
v 29 4
v 30 4
e 0 5 1
e 0 23 1
e 1 9 2
e 2 4 1
e 2 9 1
e 2 22 1
e 3 13 1
e 3 14 1
e 3 15 1
e 4 13 2
e 5 6 1
e 5 9 1
e 5 16 1
e 6 7 2
e 6 8 1
e 7 10 1
e 7 17 1
e 8 11 2
e 8 18 1
e 10 12 2
e 10 19 1
e 11 12 1
e 11 20 1
e 12 21 1
e 13 24 1
e 14 25 1
e 14 26 1
e 14 27 1
e 15 28 1
e 15 29 1
e 15 30 1
t # 43799
v 0 12
v 1 12
v 2 1
v 3 1
v 4 2
v 5 2
v 6 2
v 7 2
v 8 3
v 9 3
v 10 3
v 11 3
v 12 3
v 13 3
v 14 3
v 15 3
v 16 3
v 17 3
v 18 3
v 19 3
v 20 3
v 21 3
v 22 3
v 23 3
v 24 3
v 25 3
v 26 3
v 27 3
v 28 3
v 29 3
v 30 3
v 31 3
v 32 3
v 33 3
v 34 3
v 35 3
v 36 3
v 37 3
v 38 3
v 39 3
v 40 3
v 41 3
v 42 3
v 43 3
v 44 3
v 45 3
v 46 3
v 47 3
v 48 4
v 49 4
v 50 4
v 51 4
v 52 4
v 53 4
v 54 4
v 55 4
v 56 4
v 57 4
v 58 4
v 59 4
v 60 4
v 61 4
v 62 4
v 63 4
v 64 4
v 65 4
v 66 4
v 67 4
v 68 4
v 69 4
v 70 4
v 71 4
v 72 4
v 73 4
v 74 4
v 75 4
v 76 4
v 77 4
v 78 4
v 79 4
v 80 4
v 81 4
v 82 4
v 83 4
v 84 4
v 85 4
v 86 4
v 87 4
v 88 4
v 89 4
v 90 4
v 91 4
v 92 4
v 93 4
v 94 4
v 95 4
v 96 4
v 97 4
v 98 4
v 99 4
v 100 4
v 101 4
v 102 4
v 103 4
v 104 4
v 105 4
e 0 42 1
e 1 43 1
e 2 34 2
e 3 35 2
e 4 22 1
e 4 34 1
e 4 94 1
e 5 23 1
e 5 35 1
e 5 95 1
e 6 34 1
e 6 36 1
e 6 96 1
e 7 35 1
e 7 37 1
e 7 97 1
e 8 12 1
e 8 14 1
e 8 15 1
e 8 48 1
e 9 13 1
e 9 16 1
e 9 17 1
e 9 49 1
e 10 12 1
e 10 18 1
e 10 19 1
e 10 50 1
e 11 13 1
e 11 20 1
e 11 21 1
e 11 51 1
e 12 52 1
e 12 53 1
e 13 54 1
e 13 55 1
e 14 24 1
e 14 56 1
e 14 57 1
e 15 25 1
e 15 58 1
e 15 59 1
e 16 26 1
e 16 60 1
e 16 61 1
e 17 27 1
e 17 62 1
e 17 63 1
e 18 28 1
e 18 64 1
e 18 65 1
e 19 29 1
e 19 66 1
e 19 67 1
e 20 30 1
e 20 68 1
e 20 69 1
e 21 31 1
e 21 70 1
e 21 71 1
e 22 24 1
e 22 25 1
e 22 72 1
e 23 26 1
e 23 27 1
e 23 73 1
e 24 74 1
e 24 75 1
e 25 76 1
e 25 77 1
e 26 78 1
e 26 79 1
e 27 80 1
e 27 81 1
e 28 32 1
e 28 82 1
e 28 83 1
e 29 32 1
e 29 84 1
e 29 85 1
e 30 33 1
e 30 86 1
e 30 87 1
e 31 33 1
e 31 88 1
e 31 89 1
e 32 90 1
e 32 91 1
e 33 92 1
e 33 93 1
e 36 38 2
e 36 40 1
e 37 39 2
e 37 41 1
e 38 42 1
e 38 98 1
e 39 43 1
e 39 99 1
e 40 44 2
e 40 100 1
e 41 45 2
e 41 101 1
e 42 46 2
e 43 47 2
e 44 46 1
e 44 102 1
e 45 47 1
e 45 103 1
e 46 104 1
e 47 105 1
