t # 47400
v 0 1
v 1 1
v 2 1
v 3 1
v 4 3
v 5 3
v 6 3
v 7 3
v 8 3
v 9 3
v 10 3
v 11 3
v 12 4
v 13 4
v 14 4
v 15 4
v 16 4
v 17 4
v 18 4
v 19 4
v 20 4
v 21 4
v 22 4
v 23 4
e 0 7 1
e 0 9 1
e 1 8 1
e 1 10 1
e 2 8 2
e 3 9 2
e 4 5 1
e 4 6 1
e 4 7 1
e 4 8 1
e 5 6 1
e 5 12 1
e 5 13 1
e 6 14 1
e 6 15 1
e 7 16 1
e 7 17 1
e 9 11 1
e 10 18 1
e 10 19 1
e 10 20 1
e 11 21 1
e 11 22 1
e 11 23 1
t # 47401
v 0 1
v 1 1
v 2 1
v 3 3
v 4 3
v 5 3
v 6 3
v 7 3
v 8 3
v 9 3
v 10 3
v 11 3
v 12 3
v 13 3
v 14 3
v 15 3
v 16 4
v 17 4
v 18 4
v 19 4
v 20 4
v 21 4
v 22 4
v 23 4
v 24 4
v 25 4
v 26 4
v 27 4
v 28 4
v 29 4
e 0 6 1
e 0 11 1
e 1 7 2
e 2 11 2
e 3 4 1
e 3 5 1
e 3 6 1
e 3 7 1
e 4 5 1
e 4 16 1
e 4 17 1
e 5 18 1
e 5 19 1
e 6 20 1
e 6 21 1
e 7 8 1
e 8 9 2
e 8 10 1
e 9 12 1
e 9 22 1
e 10 13 2
e 10 23 1
e 11 15 1
e 12 14 2
e 12 24 1
e 13 14 1
e 13 25 1
e 14 26 1
e 15 27 1
e 15 28 1
e 15 29 1
t # 47402
v 0 1
v 1 2
v 2 3
v 3 3
v 4 3
v 5 3
v 6 3
v 7 3
v 8 3
v 9 4
v 10 4
v 11 4
v 12 4
v 13 4
v 14 4
v 15 4
v 16 4
v 17 4
v 18 4
v 19 4
e 0 7 2
e 1 2 1
e 1 4 1
e 1 7 1
e 2 3 1
e 2 9 1
e 2 10 1
e 3 5 1
e 3 11 1
e 3 12 1
e 4 6 1
e 4 13 1
e 4 14 1
e 5 6 2
e 5 15 1
e 6 16 1
e 7 8 1
e 8 17 1
e 8 18 1
e 8 19 1
t # 47403
v 0 18
v 1 1
v 2 1
v 3 2
v 4 2
v 5 3
v 6 3
v 7 3
v 8 3
v 9 3
v 10 3
v 11 3
v 12 3
v 13 3
v 14 3
v 15 3
v 16 3
v 17 3
v 18 3
v 19 3
v 20 3
v 21 3
v 22 3
v 23 3
v 24 4
v 25 4
v 26 4
v 27 4
v 28 4
v 29 4
v 30 4
v 31 4
v 32 4
v 33 4
v 34 4
v 35 4
v 36 4
v 37 4
v 38 4
v 39 4
v 40 4
v 41 4
v 42 4
v 43 4
v 44 4
v 45 4
v 46 4
v 47 4
v 48 4
v 49 4
v 50 4
v 51 4
v 52 4
e 1 5 1
e 1 33 1
e 2 11 2
e 3 11 1
e 3 13 1
e 3 14 1
e 4 15 1
e 4 16 1
e 4 19 1
e 5 6 1
e 5 7 1
e 5 8 1
e 6 9 1
e 6 24 1
e 6 25 1
e 7 10 1
e 7 26 1
e 7 27 1
e 8 11 1
e 8 12 1
e 8 28 1
e 9 10 1
e 9 29 1
e 9 30 1
e 10 31 1
e 10 32 1
e 12 17 2
e 12 18 1
e 13 15 1
e 13 34 1
e 13 35 1
e 14 16 1
e 14 36 1
e 14 37 1
e 15 38 1
e 15 39 1
e 16 40 1
e 16 41 1
e 17 20 1
e 17 42 1
e 18 21 2
e 18 43 1
e 19 44 1
e 19 45 1
e 19 46 1
e 20 22 2
e 20 47 1
e 21 22 1
e 21 48 1
e 22 49 1
e 23 50 1
e 23 51 1
e 23 52 1
t # 47404
v 0 1
v 1 1
v 2 1
v 3 1
v 4 1
v 5 1
v 6 2
v 7 2
v 8 3
v 9 3
v 10 3
v 11 3
v 12 3
v 13 3
v 14 3
v 15 3
v 16 3
v 17 3
v 18 3
v 19 3
v 20 3
v 21 3
v 22 3
v 23 3
v 24 3
v 25 3
v 26 3
v 27 3
v 28 3
v 29 3
v 30 4
v 31 4
v 32 4
v 33 4
v 34 4
v 35 4
v 36 4
v 37 4
v 38 4
v 39 4
v 40 4
v 41 4
v 42 4
v 43 4
v 44 4
v 45 4
v 46 4
v 47 4
v 48 4
v 49 4
v 50 4
v 51 4
v 52 4
v 53 4
v 54 4
v 55 4
v 56 4
v 57 4
v 58 4
v 59 4
e 0 8 1
e 0 39 1
e 1 14 2
e 2 28 1
e 2 58 1
e 3 29 1
e 3 59 1
e 4 28 2
e 5 29 2
e 6 14 1
e 6 16 1
e 6 17 1
e 7 18 1
e 7 19 1
e 7 22 1
e 8 9 1
e 8 10 1
e 8 11 1
e 9 12 1
e 9 30 1
e 9 31 1
e 10 13 1
e 10 32 1
e 10 33 1
e 11 14 1
e 11 15 1
e 11 34 1
e 12 13 1
e 12 35 1
e 12 36 1
e 13 37 1
e 13 38 1
e 15 20 2
e 15 21 1
e 16 18 1
e 16 40 1
e 16 41 1
e 17 19 1
e 17 42 1
e 17 43 1
e 18 44 1
e 18 45 1
e 19 46 1
e 19 47 1
e 20 23 1
e 20 48 1
e 21 24 2
e 21 49 1
e 22 50 1
e 22 51 1
e 22 52 1
e 23 25 2
e 23 53 1
e 24 25 1
e 24 54 1
e 25 55 1
e 26 27 2
e 26 28 1
e 26 56 1
e 27 29 1
e 27 57 1
t # 47405
v 0 27
v 1 1
v 2 1
v 3 1
v 4 1
v 5 1
v 6 1
v 7 1
v 8 1
v 9 2
v 10 2
v 11 2
v 12 2
v 13 3
v 14 3
v 15 3
v 16 3
v 17 3
v 18 3
v 19 3
v 20 3
v 21 3
v 22 3
v 23 3
v 24 4
v 25 4
v 26 4
v 27 4
v 28 4
v 29 4
v 30 4
e 1 15 1
e 1 26 1
e 8 19 1
e 8 30 1
e 9 13 1
e 10 14 1
e 11 16 1
e 12 22 1
e 12 23 2
e 13 15 2
e 13 17 1
e 14 15 1
e 14 18 2
e 16 17 2
e 16 18 1
e 17 24 1
e 18 25 1
e 19 20 1
e 19 22 2
e 20 21 2
e 20 27 1
e 21 23 1
e 21 28 1
e 23 29 1
t # 47406
v 0 1
v 1 1
v 2 1
v 3 1
v 4 3
v 5 3
v 6 3
v 7 3
v 8 3
v 9 3
v 10 3
v 11 3
v 12 3
v 13 3
v 14 3
v 15 3
v 16 3
v 17 3
v 18 4
v 19 4
v 20 4
v 21 4
v 22 4
v 23 4
v 24 4
v 25 4
v 26 4
v 27 4
v 28 4
v 29 4
v 30 4
v 31 4
v 32 4
v 33 4
v 34 4
v 35 4
e 0 4 1
e 0 28 1
e 1 7 1
e 1 29 1
e 2 12 1
e 2 34 1
e 3 12 2
e 4 5 1
e 4 6 1
e 4 7 1
e 5 8 1
e 5 18 1
e 5 19 1
e 6 9 1
e 6 20 1
e 6 21 1
e 7 11 1
e 7 12 1
e 8 10 1
e 8 22 1
e 8 23 1
e 9 10 1
e 9 24 1
e 9 25 1
e 10 26 1
e 10 27 1
e 11 13 2
e 11 14 1
e 13 15 1
e 13 30 1
e 14 16 2
e 14 31 1
e 15 17 2
e 15 32 1
e 16 17 1
e 16 33 1
e 17 35 1
t # 47407
v 0 11
v 1 11
v 2 1
v 3 1
v 4 1
v 5 1
v 6 2
v 7 2
v 8 3
v 9 3
v 10 3
v 11 3
v 12 3
v 13 3
v 14 3
v 15 3
v 16 3
v 17 3
v 18 3
v 19 3
v 20 3
v 21 3
v 22 3
v 23 3
v 24 3
v 25 3
v 26 4
v 27 4
v 28 4
v 29 4
v 30 4
v 31 4
v 32 4
v 33 4
v 34 4
v 35 4
v 36 4
v 37 4
v 38 4
v 39 4
v 40 4
v 41 4
v 42 4
v 43 4
v 44 4
v 45 4
v 46 4
v 47 4
v 48 4
v 49 4
e 0 2 2
e 0 3 2
e 0 8 1
e 1 4 2
e 1 5 2
e 1 9 1
e 6 16 1
e 6 17 1
e 7 18 1
e 7 19 1
e 8 9 1
e 8 10 1
e 8 26 1
e 9 11 1
e 9 27 1
e 10 12 2
e 10 14 1
e 11 13 2
e 11 15 1
e 12 20 1
e 12 28 1
e 13 21 1
e 13 29 1
e 14 22 2
e 14 30 1
e 15 23 2
e 15 31 1
e 16 32 1
e 16 33 1
e 16 34 1
e 17 35 1
e 17 36 1
e 17 37 1
e 18 38 1
e 18 39 1
e 18 40 1
e 19 41 1
e 19 42 1
e 19 43 1
e 20 24 2
e 20 44 1
e 21 25 2
e 21 45 1
e 22 24 1
e 22 46 1
e 23 25 1
e 23 47 1
e 24 48 1
e 25 49 1
t # 47408
v 0 11
v 1 1
v 2 1
v 3 1
v 4 1
v 5 2
v 6 3
v 7 3
v 8 3
v 9 3
v 10 3
v 11 3
v 12 3
v 13 3
v 14 3
v 15 3
v 16 3
v 17 3
v 18 3
v 19 3
v 20 3
v 21 3
v 22 3
v 23 3
v 24 3
v 25 3
v 26 4
v 27 4
v 28 4
v 29 4
v 30 4
v 31 4
v 32 4
v 33 4
v 34 4
v 35 4
v 36 4
v 37 4
v 38 4
v 39 4
v 40 4
v 41 4
v 42 4
v 43 4
v 44 4
v 45 4
v 46 4
v 47 4
v 48 4
v 49 4
v 50 4
e 0 1 2
e 0 2 2
e 0 6 1
e 3 12 1
e 3 40 1
e 4 24 1
e 4 25 1
e 5 7 1
e 5 8 1
e 6 12 1
e 6 13 1
e 6 26 1
e 7 9 1
e 7 27 1
e 7 28 1
e 8 10 1
e 8 29 1
e 8 30 1
e 9 11 1
e 9 31 1
e 9 32 1
e 10 11 1
e 10 33 1
e 10 34 1
e 11 35 1
e 11 36 1
e 12 14 1
e 12 37 1
e 13 15 2
e 13 16 1
e 14 17 2
e 14 18 1
e 15 19 1
e 15 38 1
e 16 20 2
e 16 39 1
e 17 22 1
e 17 41 1
e 18 23 2
e 18 42 1
e 19 21 2
e 19 43 1
e 20 21 1
e 20 44 1
e 21 45 1
e 22 24 2
e 22 46 1
e 23 24 1
e 23 47 1
e 25 48 1
e 25 49 1
e 25 50 1
t # 47409
v 0 11
v 1 1
v 2 1
v 3 1
v 4 2
v 5 3
v 6 3
v 7 3
v 8 3
v 9 3
v 10 3
v 11 3
v 12 3
v 13 3
v 14 3
v 15 3
v 16 3
v 17 3
v 18 3
v 19 3
v 20 3
v 21 3
v 22 3
v 23 3
v 24 3
v 25 4
v 26 4
v 27 4
v 28 4
v 29 4
v 30 4
v 31 4
v 32 4
v 33 4
v 34 4
v 35 4
v 36 4
v 37 4
v 38 4
v 39 4
v 40 4
v 41 4
v 42 4
v 43 4
v 44 4
v 45 4
v 46 4
v 47 4
v 48 4
v 49 4
e 0 2 2
e 0 3 2
e 0 5 1
e 1 6 1
e 1 39 1
e 4 7 1
e 4 8 1
e 5 6 1
e 5 12 1
e 5 25 1
e 6 13 1
e 6 14 1
e 7 9 1
e 7 26 1
e 7 27 1
e 8 10 1
e 8 28 1
e 8 29 1
e 9 11 1
e 9 30 1
e 9 31 1
e 10 11 1
e 10 32 1
e 10 33 1
e 11 34 1
e 11 35 1
e 12 15 2
e 12 16 1
e 13 17 2
e 13 18 1
e 14 36 1
e 14 37 1
e 14 38 1
e 15 19 1
e 15 40 1
e 16 20 2
e 16 41 1
e 17 21 1
e 17 42 1
e 18 22 2
e 18 43 1
e 19 23 2
e 19 44 1
e 20 23 1
e 20 45 1
e 21 24 2
e 21 46 1
e 22 24 1
e 22 47 1
e 23 48 1
e 24 49 1
t # 47410
v 0 11
v 1 1
v 2 1
v 3 1
v 4 2
v 5 3
v 6 3
v 7 3
v 8 3
v 9 3
v 10 3
v 11 3
v 12 3
v 13 3
v 14 3
v 15 3
v 16 3
v 17 3
v 18 3
v 19 3
v 20 3
v 21 3
v 22 3
v 23 4
v 24 4
v 25 4
v 26 4
v 27 4
v 28 4
v 29 4
v 30 4
v 31 4
v 32 4
v 33 4
v 34 4
v 35 4
v 36 4
v 37 4
v 38 4
v 39 4
v 40 4
v 41 4
e 0 1 2
e 0 2 2
e 0 9 1
e 3 11 2
e 4 5 1
e 4 6 1
e 5 7 1
e 5 23 1
e 5 24 1
e 6 8 1
e 6 25 1
e 6 26 1
e 7 8 1
e 7 27 1
e 7 28 1
e 8 29 1
e 8 30 1
e 9 10 1
e 9 11 1
e 9 31 1
e 10 13 2
e 10 14 1
e 11 12 1
e 12 17 2
e 12 18 1
e 13 15 1
e 13 32 1
e 14 16 2
e 14 33 1
e 15 19 2
e 15 34 1
e 16 19 1
e 16 35 1
e 17 20 1
e 17 36 1
e 18 21 2
e 18 37 1
e 19 38 1
e 20 22 2
e 20 39 1
e 21 22 1
e 21 40 1
e 22 41 1
t # 47411
v 0 11
v 1 1
v 2 1
v 3 1
v 4 1
v 5 2
v 6 3
v 7 3
v 8 3
v 9 3
v 10 3
v 11 3
v 12 3
v 13 3
v 14 3
v 15 3
v 16 3
v 17 3
v 18 3
v 19 3
v 20 3
v 21 3
v 22 3
v 23 3
v 24 4
v 25 4
v 26 4
v 27 4
v 28 4
v 29 4
v 30 4
v 31 4
v 32 4
v 33 4
v 34 4
v 35 4
v 36 4
v 37 4
v 38 4
v 39 4
v 40 4
v 41 4
v 42 4
e 0 2 2
e 0 3 2
e 0 6 1
e 1 9 1
e 1 10 1
e 4 12 2
e 5 7 1
e 5 8 1
e 6 11 1
e 6 12 1
e 6 24 1
e 7 9 1
e 7 25 1
e 7 26 1
e 8 10 1
e 8 27 1
e 8 28 1
e 9 29 1
e 9 30 1
e 10 31 1
e 10 32 1
e 11 14 2
e 11 15 1
e 12 13 1
e 13 18 2
e 13 19 1
e 14 16 1
e 14 33 1
e 15 17 2
e 15 34 1
e 16 20 2
e 16 35 1
e 17 20 1
e 17 36 1
e 18 21 1
e 18 37 1
e 19 22 2
e 19 38 1
e 20 39 1
e 21 23 2
e 21 40 1
e 22 23 1
e 22 41 1
e 23 42 1
t # 47412
v 0 11
v 1 1
v 2 1
v 3 1
v 4 1
v 5 1
v 6 2
v 7 2
v 8 3
v 9 3
v 10 3
v 11 3
v 12 3
v 13 3
v 14 3
v 15 3
v 16 3
v 17 3
v 18 3
v 19 3
v 20 3
v 21 3
v 22 3
v 23 3
v 24 3
v 25 3
v 26 3
v 27 4
v 28 4
v 29 4
v 30 4
v 31 4
v 32 4
v 33 4
v 34 4
v 35 4
v 36 4
v 37 4
v 38 4
v 39 4
v 40 4
v 41 4
v 42 4
v 43 4
v 44 4
v 45 4
v 46 4
v 47 4
v 48 4
e 0 1 2
e 0 2 2
e 0 8 1
e 3 14 1
e 3 41 1
e 6 9 1
e 6 10 1
e 7 26 1
e 8 14 1
e 8 15 1
e 8 27 1
e 9 11 1
e 9 28 1
e 9 29 1
e 10 12 1
e 10 30 1
e 10 31 1
e 11 13 1
e 11 32 1
e 11 33 1
e 12 13 1
e 12 34 1
e 12 35 1
e 13 36 1
e 13 37 1
e 14 16 1
e 14 38 1
e 15 17 2
e 15 18 1
e 16 19 2
e 16 20 1
e 17 21 1
e 17 39 1
e 18 22 2
e 18 40 1
e 19 24 1
e 19 42 1
e 20 25 2
e 20 43 1
e 21 23 2
e 21 44 1
e 22 23 1
e 22 45 1
e 23 46 1
e 24 26 2
e 24 47 1
e 25 26 1
e 25 48 1
t # 47413
v 0 12
v 1 11
v 2 1
v 3 1
v 4 1
v 5 2
v 6 3
v 7 3
v 8 3
v 9 3
v 10 3
v 11 3
v 12 3
v 13 3
v 14 3
v 15 3
v 16 3
v 17 3
v 18 3
v 19 3
v 20 3
v 21 3
v 22 3
v 23 3
v 24 3
v 25 3
v 26 3
v 27 3
v 28 4
v 29 4
v 30 4
v 31 4
v 32 4
v 33 4
v 34 4
v 35 4
v 36 4
v 37 4
v 38 4
v 39 4
v 40 4
v 41 4
v 42 4
v 43 4
v 44 4
v 45 4
v 46 4
v 47 4
v 48 4
v 49 4
e 0 26 1
e 1 3 2
e 1 4 2
e 1 6 1
e 2 7 1
e 2 29 1
e 5 17 1
e 5 18 1
e 6 7 1
e 6 8 1
e 6 28 1
e 7 9 1
e 7 10 1
e 8 11 2
e 8 12 1
e 9 13 2
e 9 14 1
e 10 15 2
e 10 16 1
e 11 19 1
e 11 30 1
e 12 20 2
e 12 31 1
e 13 21 1
e 13 32 1
e 14 22 2
e 14 33 1
e 15 23 1
e 15 34 1
e 16 24 2
e 16 35 1
e 17 36 1
e 17 37 1
e 17 38 1
e 18 39 1
e 18 40 1
e 18 41 1
e 19 25 2
e 19 42 1
e 20 25 1
e 20 43 1
e 21 26 2
e 21 44 1
e 22 26 1
e 22 45 1
e 23 27 2
e 23 46 1
e 24 27 1
e 24 47 1
e 25 48 1
e 27 49 1
t # 47414
v 0 11
v 1 1
v 2 1
v 3 1
v 4 1
v 5 1
v 6 2
v 7 3
v 8 3
v 9 3
v 10 3
v 11 3
v 12 3
v 13 3
v 14 3
v 15 3
v 16 3
v 17 3
v 18 3
v 19 3
v 20 4
v 21 4
v 22 4
v 23 4
v 24 4
v 25 4
v 26 4
v 27 4
v 28 4
v 29 4
v 30 4
v 31 4
v 32 4
v 33 4
v 34 4
v 35 4
v 36 4
e 0 2 2
e 0 3 2
e 0 7 1
e 1 10 1
e 1 11 1
e 4 13 1
e 4 19 1
e 5 13 2
e 6 8 1
e 6 9 1
e 7 12 1
e 7 13 1
e 7 20 1
e 8 10 1
e 8 21 1
e 8 22 1
e 9 11 1
e 9 23 1
e 9 24 1
e 10 25 1
e 10 26 1
e 11 27 1
e 11 28 1
e 12 14 2
e 12 15 1
e 14 16 1
e 14 29 1
e 15 17 2
e 15 30 1
e 16 18 2
e 16 31 1
e 17 18 1
e 17 32 1
e 18 33 1
e 19 34 1
e 19 35 1
e 19 36 1
t # 47415
v 0 11
v 1 1
v 2 1
v 3 1
v 4 2
v 5 2
v 6 3
v 7 3
v 8 3
v 9 3
v 10 3
v 11 3
v 12 3
v 13 3
v 14 3
v 15 3
v 16 3
v 17 3
v 18 3
v 19 3
v 20 3
v 21 3
v 22 4
v 23 4
v 24 4
v 25 4
v 26 4
v 27 4
v 28 4
v 29 4
v 30 4
v 31 4
v 32 4
v 33 4
v 34 4
v 35 4
v 36 4
v 37 4
v 38 4
v 39 4
e 0 1 2
e 0 2 2
e 0 6 1
e 3 8 2
e 4 11 1
e 4 12 1
e 5 8 1
e 5 15 1
e 5 31 1
e 6 7 1
e 6 8 1
e 6 22 1
e 7 9 2
e 7 10 1
e 9 13 1
e 9 23 1
e 10 14 2
e 10 24 1
e 11 25 1
e 11 26 1
e 11 27 1
e 12 28 1
e 12 29 1
e 12 30 1
e 13 16 2
e 13 32 1
e 14 16 1
e 14 33 1
e 15 17 2
e 15 18 1
e 16 34 1
e 17 19 1
e 17 35 1
e 18 20 2
e 18 36 1
e 19 21 2
e 19 37 1
e 20 21 1
e 20 38 1
e 21 39 1
t # 47416
v 0 11
v 1 1
v 2 1
v 3 1
v 4 1
v 5 2
v 6 2
v 7 3
v 8 3
v 9 3
v 10 3
v 11 3
v 12 3
v 13 3
v 14 3
v 15 3
v 16 3
v 17 3
v 18 3
v 19 3
v 20 3
v 21 3
v 22 3
v 23 3
v 24 3
v 25 3
v 26 3
v 27 4
v 28 4
v 29 4
v 30 4
v 31 4
v 32 4
v 33 4
v 34 4
v 35 4
v 36 4
v 37 4
v 38 4
v 39 4
v 40 4
v 41 4
v 42 4
v 43 4
v 44 4
v 45 4
v 46 4
v 47 4
v 48 4
v 49 4
v 50 4
v 51 4
v 52 4
e 0 1 2
e 0 2 2
e 0 7 1
e 3 12 1
e 3 42 1
e 4 25 1
e 4 26 1
e 5 8 1
e 5 9 1
e 6 10 1
e 6 11 1
e 6 15 1
e 7 12 1
e 7 13 1
e 7 27 1
e 8 10 1
e 8 28 1
e 8 29 1
e 9 11 1
e 9 30 1
e 9 31 1
e 10 32 1
e 10 33 1
e 11 34 1
e 11 35 1
e 12 14 1
e 12 36 1
e 13 16 2
e 13 17 1
e 14 18 2
e 14 19 1
e 15 37 1
e 15 38 1
e 15 39 1
e 16 20 1
e 16 40 1
e 17 21 2
e 17 41 1
e 18 23 1
e 18 43 1
e 19 24 2
e 19 44 1
e 20 22 2
e 20 45 1
e 21 22 1
e 21 46 1
e 22 47 1
e 23 25 2
e 23 48 1
e 24 25 1
e 24 49 1
e 26 50 1
e 26 51 1
e 26 52 1
t # 47417
v 0 11
v 1 1
v 2 1
v 3 1
v 4 2
v 5 3
v 6 3
v 7 3
v 8 3
v 9 3
v 10 3
v 11 3
v 12 3
v 13 3
v 14 3
v 15 3
v 16 3
v 17 3
v 18 3
v 19 3
v 20 3
v 21 3
v 22 3
v 23 4
v 24 4
v 25 4
v 26 4
v 27 4
v 28 4
v 29 4
v 30 4
v 31 4
v 32 4
v 33 4
v 34 4
v 35 4
v 36 4
v 37 4
v 38 4
v 39 4
v 40 4
v 41 4
v 42 4
v 43 4
e 0 1 2
e 0 2 2
e 0 5 1
e 3 10 1
e 3 35 1
e 4 6 1
e 4 7 1
e 5 10 1
e 5 11 1
e 5 23 1
e 6 8 1
e 6 24 1
e 6 25 1
e 7 9 1
e 7 26 1
e 7 27 1
e 8 9 1
e 8 28 1
e 8 29 1
e 9 30 1
e 9 31 1
e 10 12 1
e 10 32 1
e 11 13 2
e 11 14 1
e 12 15 2
e 12 16 1
e 13 17 1
e 13 33 1
e 14 18 2
e 14 34 1
e 15 20 1
e 15 36 1
e 16 21 2
e 16 37 1
e 17 19 2
e 17 38 1
e 18 19 1
e 18 39 1
e 19 40 1
e 20 22 2
e 20 41 1
e 21 22 1
e 21 42 1
e 22 43 1
t # 47418
v 0 11
v 1 1
v 2 1
v 3 1
v 4 2
v 5 3
v 6 3
v 7 3
v 8 3
v 9 3
v 10 3
v 11 3
v 12 3
v 13 3
v 14 3
v 15 4
v 16 4
v 17 4
v 18 4
v 19 4
v 20 4
v 21 4
v 22 4
v 23 4
v 24 4
v 25 4
v 26 4
v 27 4
v 28 4
v 29 4
e 0 1 2
e 0 2 2
e 0 5 1
e 3 7 1
e 3 28 1
e 4 10 1
e 4 11 1
e 5 6 1
e 5 7 1
e 5 15 1
e 6 8 2
e 6 9 1
e 7 16 1
e 7 17 1
e 8 12 1
e 8 18 1
e 9 13 2
e 9 19 1
e 10 20 1
e 10 21 1
e 10 22 1
e 11 23 1
e 11 24 1
e 11 25 1
e 12 14 2
e 12 26 1
e 13 14 1
e 13 27 1
e 14 29 1
t # 47419
v 0 11
v 1 1
v 2 1
v 3 1
v 4 2
v 5 2
v 6 3
v 7 3
v 8 3
v 9 3
v 10 3
v 11 3
v 12 3
v 13 3
v 14 3
v 15 3
v 16 4
v 17 4
v 18 4
v 19 4
v 20 4
v 21 4
v 22 4
v 23 4
v 24 4
v 25 4
v 26 4
v 27 4
v 28 4
v 29 4
e 0 1 2
e 0 2 2
e 0 6 1
e 3 8 2
e 4 11 1
e 4 12 1
e 5 8 1
e 5 28 1
e 5 29 1
e 6 7 1
e 6 8 1
e 6 16 1
e 7 9 2
e 7 10 1
e 9 13 1
e 9 17 1
e 10 14 2
e 10 18 1
e 11 19 1
e 11 20 1
e 11 21 1
e 12 22 1
e 12 23 1
e 12 24 1
e 13 15 2
e 13 25 1
e 14 15 1
e 14 26 1
e 15 27 1
t # 47420
v 0 11
v 1 1
v 2 1
v 3 2
v 4 2
v 5 3
v 6 3
v 7 3
v 8 3
v 9 3
v 10 3
v 11 3
v 12 3
v 13 3
v 14 3
v 15 3
v 16 3
v 17 4
v 18 4
v 19 4
v 20 4
v 21 4
v 22 4
v 23 4
v 24 4
v 25 4
v 26 4
v 27 4
v 28 4
v 29 4
v 30 4
v 31 4
v 32 4
v 33 4
v 34 4
e 0 1 2
e 0 2 2
e 0 9 1
e 3 5 1
e 3 6 1
e 4 7 1
e 4 8 1
e 4 10 1
e 5 7 1
e 5 17 1
e 5 18 1
e 6 8 1
e 6 19 1
e 6 20 1
e 7 21 1
e 7 22 1
e 8 23 1
e 8 24 1
e 9 11 1
e 9 25 1
e 9 26 1
e 10 27 1
e 10 28 1
e 10 29 1
e 11 12 2
e 11 13 1
e 12 14 1
e 12 30 1
e 13 15 2
e 13 31 1
e 14 16 2
e 14 32 1
e 15 16 1
e 15 33 1
e 16 34 1
t # 47421
v 0 1
v 1 2
v 2 2
v 3 3
v 4 3
v 5 3
v 6 3
v 7 3
v 8 3
v 9 3
v 10 3
v 11 3
v 12 3
v 13 4
v 14 4
v 15 4
v 16 4
v 17 4
v 18 4
v 19 4
v 20 4
v 21 4
v 22 4
v 23 4
v 24 4
v 25 4
v 26 4
v 27 4
v 28 4
v 29 4
v 30 4
e 0 10 2
e 1 3 1
e 1 7 1
e 1 10 1
e 2 9 1
e 2 11 1
e 2 12 1
e 3 4 1
e 3 5 1
e 3 13 1
e 4 6 1
e 4 14 1
e 4 15 1
e 5 9 1
e 5 16 1
e 5 17 1
e 6 8 1
e 6 18 1
e 6 19 1
e 7 8 1
e 7 20 1
e 7 21 1
e 8 22 1
e 8 23 1
e 9 24 1
e 9 25 1
e 10 11 1
e 11 26 1
e 11 27 1
e 12 28 1
e 12 29 1
e 12 30 1
t # 47422
v 0 1
v 1 2
v 2 2
v 3 3
v 4 3
v 5 3
v 6 3
v 7 3
v 8 3
v 9 3
v 10 3
v 11 3
v 12 3
v 13 4
v 14 4
v 15 4
v 16 4
v 17 4
v 18 4
v 19 4
v 20 4
v 21 4
v 22 4
v 23 4
v 24 4
v 25 4
v 26 4
e 0 7 2
e 1 3 1
e 1 6 1
e 1 7 1
e 2 5 1
e 2 11 2
e 3 4 1
e 3 13 1
e 3 14 1
e 4 5 1
e 4 15 1
e 4 16 1
e 5 8 2
e 6 17 1
e 6 18 1
e 6 19 1
e 7 9 1
e 8 10 1
e 8 20 1
e 9 21 1
e 9 22 1
e 9 23 1
e 10 12 2
e 10 24 1
e 11 12 1
e 11 25 1
e 12 26 1
t # 47423
v 0 1
v 1 2
v 2 2
v 3 3
v 4 3
v 5 3
v 6 3
v 7 3
v 8 3
v 9 3
v 10 3
v 11 3
v 12 3
v 13 3
v 14 3
v 15 3
v 16 3
v 17 3
v 18 3
v 19 4
v 20 4
v 21 4
v 22 4
v 23 4
v 24 4
v 25 4
v 26 4
v 27 4
v 28 4
v 29 4
v 30 4
v 31 4
v 32 4
v 33 4
v 34 4
v 35 4
v 36 4
v 37 4
v 38 4
v 39 4
v 40 4
e 0 10 2
e 1 3 1
e 1 7 1
e 1 10 1
e 2 8 1
e 2 12 1
e 2 13 1
e 3 4 1
e 3 5 1
e 3 19 1
e 4 8 1
e 4 11 1
e 4 20 1
e 5 6 1
e 5 21 1
e 5 22 1
e 6 9 1
e 6 23 1
e 6 24 1
e 7 9 1
e 7 25 1
e 7 26 1
e 8 27 1
e 8 28 1
e 9 29 1
e 9 30 1
e 10 12 1
e 11 14 2
e 11 15 1
e 12 31 1
e 12 32 1
e 13 33 1
e 13 34 1
e 13 35 1
e 14 16 1
e 14 36 1
e 15 17 2
e 15 37 1
e 16 18 2
e 16 38 1
e 17 18 1
e 17 39 1
e 18 40 1
t # 47424
v 0 1
v 1 1
v 2 2
v 3 3
v 4 3
v 5 3
v 6 3
v 7 3
v 8 3
v 9 3
v 10 3
v 11 3
v 12 3
v 13 3
v 14 3
v 15 3
v 16 3
v 17 3
v 18 3
v 19 3
v 20 4
v 21 4
v 22 4
v 23 4
v 24 4
v 25 4
v 26 4
v 27 4
v 28 4
v 29 4
v 30 4
v 31 4
v 32 4
v 33 4
v 34 4
v 35 4
v 36 4
v 37 4
v 38 4
e 0 3 1
e 0 24 1
e 1 6 2
e 2 4 1
e 2 10 1
e 2 11 1
e 3 4 1
e 3 5 1
e 3 6 1
e 4 20 1
e 4 21 1
e 5 8 2
e 5 9 1
e 6 7 1
e 7 14 2
e 7 15 1
e 8 12 1
e 8 22 1
e 9 13 2
e 9 23 1
e 10 25 1
e 10 26 1
e 10 27 1
e 11 28 1
e 11 29 1
e 11 30 1
e 12 16 2
e 12 31 1
e 13 16 1
e 13 32 1
e 14 17 1
e 14 33 1
e 15 18 2
e 15 34 1
e 16 35 1
e 17 19 2
e 17 36 1
e 18 19 1
e 18 37 1
e 19 38 1
t # 47425
v 0 1
v 1 1
v 2 1
v 3 1
v 4 1
v 5 2
v 6 3
v 7 3
v 8 3
v 9 3
v 10 3
v 11 3
v 12 3
v 13 3
v 14 3
v 15 3
v 16 3
v 17 3
v 18 4
v 19 4
v 20 4
v 21 4
v 22 4
v 23 4
v 24 4
v 25 4
v 26 4
v 27 4
v 28 4
v 29 4
v 30 4
v 31 4
v 32 4
v 33 4
v 34 4
v 35 4
v 36 4
v 37 4
v 38 4
e 0 10 1
e 0 32 1
e 1 14 1
e 1 16 1
e 2 15 1
e 2 17 1
e 3 14 2
e 4 15 2
e 5 8 1
e 5 9 1
e 5 13 1
e 6 8 1
e 6 10 1
e 6 14 1
e 6 18 1
e 7 9 1
e 7 10 1
e 7 15 1
e 7 19 1
e 8 11 1
e 8 20 1
e 9 12 1
e 9 21 1
e 10 22 1
e 11 23 1
e 11 24 1
e 11 25 1
e 12 26 1
e 12 27 1
e 12 28 1
e 13 29 1
e 13 30 1
e 13 31 1
e 16 33 1
e 16 34 1
e 16 35 1
e 17 36 1
e 17 37 1
e 17 38 1
t # 47426
v 0 1
v 1 1
v 2 2
v 3 2
v 4 2
v 5 2
v 6 3
v 7 3
v 8 3
v 9 3
v 10 3
v 11 3
v 12 3
v 13 3
v 14 3
v 15 3
v 16 3
v 17 3
v 18 3
v 19 3
v 20 3
v 21 3
v 22 3
v 23 3
v 24 3
v 25 3
v 26 3
v 27 3
v 28 4
v 29 4
v 30 4
v 31 4
v 32 4
v 33 4
v 34 4
v 35 4
v 36 4
v 37 4
v 38 4
v 39 4
v 40 4
v 41 4
v 42 4
v 43 4
v 44 4
v 45 4
v 46 4
v 47 4
v 48 4
v 49 4
v 50 4
v 51 4
v 52 4
v 53 4
v 54 4
v 55 4
v 56 4
v 57 4
v 58 4
v 59 4
v 60 4
v 61 4
v 62 4
v 63 4
v 64 4
v 65 4
e 0 6 1
e 0 39 1
e 1 15 2
e 2 10 1
e 2 11 1
e 2 16 1
e 3 12 1
e 3 19 1
e 3 20 1
e 4 13 1
e 4 21 1
e 4 22 1
e 5 15 1
e 5 25 1
e 5 26 1
e 6 7 1
e 6 8 1
e 6 9 1
e 7 10 1
e 7 12 1
e 7 28 1
e 8 11 1
e 8 13 1
e 8 29 1
e 9 14 1
e 9 15 1
e 9 30 1
e 10 31 1
e 10 32 1
e 11 33 1
e 11 34 1
e 12 35 1
e 12 36 1
e 13 37 1
e 13 38 1
e 14 17 2
e 14 18 1
e 16 40 1
e 16 41 1
e 16 42 1
e 17 23 1
e 17 43 1
e 18 24 2
e 18 44 1
e 19 45 1
e 19 46 1
e 19 47 1
e 20 48 1
e 20 49 1
e 20 50 1
e 21 51 1
e 21 52 1
e 21 53 1
e 22 54 1
e 22 55 1
e 22 56 1
e 23 27 2
e 23 57 1
e 24 27 1
e 24 58 1
e 25 59 1
e 25 60 1
e 25 61 1
e 26 62 1
e 26 63 1
e 26 64 1
e 27 65 1
t # 47427
v 0 1
v 1 2
v 2 3
v 3 3
v 4 3
v 5 3
v 6 3
v 7 3
v 8 3
v 9 3
v 10 3
v 11 3
v 12 3
v 13 3
v 14 3
v 15 3
v 16 3
v 17 3
v 18 3
v 19 4
v 20 4
v 21 4
v 22 4
v 23 4
v 24 4
v 25 4
v 26 4
v 27 4
v 28 4
v 29 4
v 30 4
v 31 4
v 32 4
v 33 4
v 34 4
v 35 4
v 36 4
v 37 4
e 0 18 1
e 0 37 1
e 1 6 1
e 1 7 1
e 1 28 1
e 2 3 1
e 2 4 1
e 2 5 1
e 2 19 1
e 3 6 1
e 3 20 1
e 3 21 1
e 4 8 1
e 4 22 1
e 4 23 1
e 5 7 1
e 5 9 2
e 6 24 1
e 6 25 1
e 7 11 2
e 8 10 1
e 8 26 1
e 8 27 1
e 9 12 1
e 9 29 1
e 10 14 2
e 10 15 1
e 11 13 1
e 11 30 1
e 12 13 2
e 12 31 1
e 13 32 1
e 14 16 1
e 14 33 1
e 15 17 2
e 15 34 1
e 16 18 2
e 16 35 1
e 17 18 1
e 17 36 1
t # 47428
v 0 1
v 1 1
v 2 1
v 3 2
v 4 2
v 5 2
v 6 2
v 7 3
v 8 3
v 9 3
v 10 3
v 11 3
v 12 3
v 13 3
v 14 3
v 15 3
v 16 3
v 17 3
v 18 3
v 19 4
v 20 4
v 21 4
v 22 4
v 23 4
v 24 4
v 25 4
v 26 4
v 27 4
v 28 4
v 29 4
v 30 4
v 31 4
v 32 4
e 0 10 1
e 0 11 1
e 1 12 1
e 1 13 1
e 2 12 2
e 3 7 1
e 3 8 1
e 3 9 1
e 4 5 1
e 4 9 1
e 4 12 1
e 5 13 2
e 6 17 2
e 6 18 1
e 7 10 1
e 7 19 1
e 7 20 1
e 8 11 1
e 8 21 1
e 8 22 1
e 9 23 1
e 9 24 1
e 10 25 1
e 10 26 1
e 11 27 1
e 11 28 1
e 13 14 1
e 14 15 2
e 14 16 1
e 15 17 1
e 15 29 1
e 16 18 2
e 16 30 1
e 17 31 1
e 18 32 1
t # 47429
v 0 1
v 1 1
v 2 2
v 3 2
v 4 2
v 5 3
v 6 3
v 7 3
v 8 3
v 9 3
v 10 3
v 11 3
v 12 3
v 13 4
v 14 4
v 15 4
v 16 4
v 17 4
v 18 4
v 19 4
e 0 6 1
e 0 12 1
e 1 12 2
e 2 3 1
e 2 6 2
e 3 12 1
e 3 17 1
e 4 9 1
e 4 18 1
e 4 19 1
e 5 6 1
e 5 7 2
e 5 8 1
e 7 10 1
e 7 13 1
e 8 11 2
e 8 14 1
e 9 10 2
e 9 11 1
e 10 15 1
e 11 16 1
t # 47430
v 0 1
v 1 1
v 2 2
v 3 2
v 4 2
v 5 2
v 6 3
v 7 3
v 8 3
v 9 3
v 10 3
v 11 3
v 12 3
v 13 3
v 14 3
v 15 3
v 16 3
v 17 3
v 18 3
v 19 3
v 20 3
v 21 3
v 22 3
v 23 3
v 24 3
v 25 3
v 26 3
v 27 3
v 28 4
v 29 4
v 30 4
v 31 4
v 32 4
v 33 4
v 34 4
v 35 4
v 36 4
v 37 4
v 38 4
v 39 4
v 40 4
v 41 4
v 42 4
v 43 4
v 44 4
v 45 4
v 46 4
v 47 4
e 0 11 1
e 0 12 1
e 1 11 2
e 2 6 1
e 2 7 1
e 2 10 1
e 3 4 1
e 3 10 1
e 3 11 1
e 4 12 2
e 5 16 1
e 5 17 2
e 6 8 1
e 6 28 1
e 6 29 1
e 7 9 1
e 7 30 1
e 7 31 1
e 8 9 1
e 8 32 1
e 8 33 1
e 9 34 1
e 9 35 1
e 10 36 1
e 10 37 1
e 12 13 1
e 13 14 1
e 13 15 2
e 14 16 1
e 14 18 2
e 15 17 1
e 15 38 1
e 16 20 2
e 17 19 1
e 18 21 1
e 18 39 1
e 19 23 2
e 19 24 1
e 20 22 1
e 20 40 1
e 21 22 2
e 21 41 1
e 22 42 1
e 23 25 1
e 23 43 1
e 24 26 2
e 24 44 1
e 25 27 2
e 25 45 1
e 26 27 1
e 26 46 1
e 27 47 1
t # 47431
v 0 1
v 1 1
v 2 2
v 3 2
v 4 2
v 5 2
v 6 2
v 7 2
v 8 3
v 9 3
v 10 3
v 11 3
v 12 3
v 13 3
v 14 3
v 15 3
v 16 3
v 17 3
v 18 3
v 19 3
v 20 3
v 21 4
v 22 4
v 23 4
v 24 4
v 25 4
v 26 4
v 27 4
v 28 4
v 29 4
v 30 4
v 31 4
v 32 4
v 33 4
v 34 4
v 35 4
v 36 4
v 37 4
v 38 4
v 39 4
v 40 4
e 0 17 2
e 1 18 2
e 2 8 1
e 2 9 1
e 2 12 1
e 3 10 1
e 3 11 1
e 3 14 1
e 4 12 1
e 4 13 1
e 4 16 1
e 5 15 1
e 5 18 1
e 5 19 1
e 6 17 1
e 6 18 1
e 6 20 1
e 7 15 1
e 7 16 2
e 8 10 1
e 8 21 1
e 8 22 1
e 9 11 1
e 9 23 1
e 9 24 1
e 10 25 1
e 10 26 1
e 11 27 1
e 11 28 1
e 12 29 1
e 12 30 1
e 13 15 2
e 13 17 1
e 14 31 1
e 14 32 1
e 14 33 1
e 16 34 1
e 19 35 1
e 19 36 1
e 19 37 1
e 20 38 1
e 20 39 1
e 20 40 1
t # 47432
v 0 1
v 1 1
v 2 1
v 3 1
v 4 2
v 5 2
v 6 3
v 7 3
v 8 3
v 9 3
v 10 3
v 11 3
v 12 3
v 13 3
v 14 3
v 15 3
v 16 3
v 17 3
v 18 3
v 19 3
v 20 3
v 21 3
v 22 3
v 23 3
v 24 3
v 25 3
v 26 3
v 27 3
v 28 3
v 29 3
v 30 3
v 31 4
v 32 4
v 33 4
v 34 4
v 35 4
v 36 4
v 37 4
v 38 4
v 39 4
v 40 4
v 41 4
v 42 4
v 43 4
v 44 4
v 45 4
v 46 4
v 47 4
v 48 4
v 49 4
v 50 4
v 51 4
v 52 4
v 53 4
v 54 4
v 55 4
v 56 4
e 0 15 1
e 0 45 1
e 1 16 1
e 1 46 1
e 2 19 1
e 2 27 1
e 3 20 1
e 3 28 1
e 4 17 1
e 4 25 2
e 5 18 1
e 5 26 2
e 6 7 1
e 6 8 1
e 6 31 1
e 6 32 1
e 7 11 2
e 7 15 1
e 8 12 2
e 8 16 1
e 9 11 1
e 9 13 2
e 9 19 1
e 10 12 1
e 10 14 2
e 10 20 1
e 11 33 1
e 12 34 1
e 13 17 1
e 13 21 1
e 14 18 1
e 14 22 1
e 15 17 2
e 16 18 2
e 19 35 1
e 19 36 1
e 20 37 1
e 20 38 1
e 21 23 2
e 21 39 1
e 22 24 2
e 22 40 1
e 23 25 1
e 23 41 1
e 24 26 1
e 24 42 1
e 25 43 1
e 26 44 1
e 27 29 1
e 27 47 1
e 27 48 1
e 28 30 1
e 28 49 1
e 28 50 1
e 29 51 1
e 29 52 1
e 29 53 1
e 30 54 1
e 30 55 1
e 30 56 1
t # 47433
v 0 2
v 1 2
v 2 3
v 3 3
v 4 3
v 5 3
v 6 3
v 7 3
v 8 3
v 9 3
v 10 3
v 11 3
v 12 3
v 13 3
v 14 4
v 15 4
v 16 4
v 17 4
v 18 4
v 19 4
v 20 4
v 21 4
v 22 4
v 23 4
v 24 4
v 25 4
e 0 1 1
e 0 6 1
e 0 23 1
e 1 24 1
e 1 25 1
e 2 3 1
e 2 4 2
e 2 5 1
e 3 9 2
e 3 10 1
e 4 7 1
e 4 14 1
e 5 8 2
e 5 15 1
e 6 7 2
e 6 8 1
e 7 16 1
e 8 17 1
e 9 11 1
e 9 18 1
e 10 12 2
e 10 19 1
e 11 13 2
e 11 20 1
e 12 13 1
e 12 21 1
e 13 22 1
t # 47434
v 0 1
v 1 1
v 2 2
v 3 2
v 4 2
v 5 2
v 6 3
v 7 3
v 8 3
v 9 3
v 10 3
v 11 3
v 12 4
v 13 4
v 14 4
v 15 4
v 16 4
v 17 4
v 18 4
v 19 4
v 20 4
v 21 4
v 22 4
v 23 4
e 0 8 2
e 1 9 2
e 2 6 1
e 2 9 1
e 2 10 1
e 3 8 1
e 3 9 1
e 3 11 1
e 4 6 1
e 4 17 1
e 4 18 1
e 5 7 1
e 5 19 1
e 5 20 1
e 6 7 1
e 6 12 1
e 7 8 1
e 7 13 1
e 10 14 1
e 10 15 1
e 10 16 1
e 11 21 1
e 11 22 1
e 11 23 1
t # 47435
v 0 1
v 1 1
v 2 2
v 3 2
v 4 2
v 5 3
v 6 3
v 7 3
v 8 3
v 9 3
v 10 3
v 11 3
v 12 3
v 13 3
v 14 3
v 15 3
v 16 3
v 17 3
v 18 3
v 19 3
v 20 3
v 21 3
v 22 4
v 23 4
v 24 4
v 25 4
v 26 4
v 27 4
v 28 4
v 29 4
v 30 4
v 31 4
v 32 4
v 33 4
v 34 4
v 35 4
v 36 4
v 37 4
v 38 4
v 39 4
v 40 4
v 41 4
v 42 4
e 0 12 1
e 0 37 1
e 1 20 2
e 2 5 1
e 2 6 1
e 2 10 1
e 3 14 1
e 3 20 1
e 3 36 1
e 4 15 1
e 4 19 2
e 5 7 1
e 5 22 1
e 5 23 1
e 6 8 1
e 6 24 1
e 6 25 1
e 7 9 1
e 7 26 1
e 7 27 1
e 8 9 1
e 8 28 1
e 8 29 1
e 9 30 1
e 9 31 1
e 10 11 1
e 10 32 1
e 10 33 1
e 11 12 1
e 11 13 2
e 12 15 2
e 13 14 1
e 13 34 1
e 14 16 2
e 15 16 1
e 16 17 1
e 17 18 2
e 17 35 1
e 18 19 1
e 18 38 1
e 19 39 1
e 20 21 1
e 21 40 1
e 21 41 1
e 21 42 1
t # 47436
v 0 1
v 1 1
v 2 1
v 3 2
v 4 2
v 5 3
v 6 3
v 7 3
v 8 3
v 9 3
v 10 3
v 11 3
v 12 3
v 13 3
v 14 3
v 15 3
v 16 4
v 17 4
v 18 4
v 19 4
v 20 4
v 21 4
v 22 4
v 23 4
v 24 4
v 25 4
v 26 4
v 27 4
v 28 4
v 29 4
v 30 4
v 31 4
e 0 11 1
e 0 31 1
e 3 6 1
e 3 7 1
e 3 21 1
e 4 13 1
e 5 6 1
e 5 8 1
e 5 9 1
e 5 16 1
e 6 17 1
e 6 18 1
e 7 10 1
e 7 19 1
e 7 20 1
e 8 22 1
e 8 23 1
e 8 24 1
e 9 25 1
e 9 26 1
e 9 27 1
e 10 11 2
e 10 12 1
e 11 14 1
e 12 13 2
e 12 28 1
e 13 15 1
e 14 15 2
e 14 29 1
e 15 30 1
t # 47437
v 0 1
v 1 1
v 2 2
v 3 2
v 4 3
v 5 3
v 6 3
v 7 3
v 8 3
v 9 3
v 10 3
v 11 3
v 12 3
v 13 3
v 14 3
v 15 3
v 16 3
v 17 3
v 18 3
v 19 3
v 20 3
v 21 3
v 22 3
v 23 3
v 24 3
v 25 4
v 26 4
v 27 4
v 28 4
v 29 4
v 30 4
v 31 4
v 32 4
v 33 4
v 34 4
v 35 4
v 36 4
v 37 4
v 38 4
v 39 4
v 40 4
v 41 4
v 42 4
e 0 9 1
e 0 39 1
e 1 17 1
e 1 24 1
e 2 5 1
e 2 7 1
e 2 27 1
e 3 10 1
e 3 23 2
e 4 5 1
e 4 6 1
e 4 9 2
e 5 25 1
e 5 26 1
e 6 8 1
e 6 12 2
e 7 10 2
e 7 14 1
e 8 13 1
e 8 16 2
e 9 15 1
e 10 11 1
e 11 18 2
e 11 21 1
e 12 19 1
e 12 28 1
e 13 15 2
e 13 29 1
e 14 17 2
e 14 30 1
e 15 31 1
e 16 20 1
e 16 32 1
e 17 18 1
e 18 33 1
e 19 20 2
e 19 34 1
e 20 35 1
e 21 22 2
e 21 36 1
e 22 23 1
e 22 37 1
e 23 38 1
e 24 40 1
e 24 41 1
e 24 42 1
t # 47438
v 0 18
v 1 1
v 2 1
v 3 1
v 4 1
v 5 1
v 6 2
v 7 3
v 8 3
v 9 3
v 10 3
v 11 3
v 12 3
v 13 3
v 14 3
v 15 3
v 16 3
v 17 3
v 18 3
v 19 3
v 20 4
v 21 4
v 22 4
v 23 4
v 24 4
v 25 4
v 26 4
v 27 4
v 28 4
v 29 4
v 30 4
v 31 4
v 32 4
v 33 4
v 34 4
v 35 4
v 36 4
v 37 4
v 38 4
v 39 4
v 40 4
v 41 4
e 1 14 2
e 2 18 1
e 2 40 1
e 3 19 1
e 3 41 1
e 4 18 2
e 5 19 2
e 6 12 1
e 6 16 1
e 6 17 1
e 7 8 1
e 7 12 1
e 7 14 1
e 7 20 1
e 8 9 1
e 8 21 1
e 8 22 1
e 9 10 1
e 9 23 1
e 9 24 1
e 10 11 1
e 10 25 1
e 10 26 1
e 11 13 1
e 11 27 1
e 11 28 1
e 12 29 1
e 12 30 1
e 13 15 1
e 13 31 1
e 13 32 1
e 14 15 1
e 15 33 1
e 16 34 1
e 16 35 1
e 16 36 1
e 17 37 1
e 17 38 1
e 17 39 1
e 18 19 1
t # 47439
v 0 18
v 1 1
v 2 2
v 3 3
v 4 3
v 5 3
v 6 3
v 7 3
v 8 3
v 9 3
v 10 3
v 11 3
v 12 3
v 13 4
v 14 4
v 15 4
v 16 4
v 17 4
v 18 4
v 19 4
v 20 4
e 1 6 1
e 1 12 1
e 2 4 1
e 2 11 2
e 3 4 1
e 3 5 2
e 3 9 1
e 4 7 2
e 5 6 1
e 5 13 1
e 6 8 2
e 7 8 1
e 8 14 1
e 9 10 2
e 9 15 1
e 10 11 1
e 10 16 1
e 11 17 1
e 12 18 1
e 12 19 1
e 12 20 1
t # 47440
v 0 1
v 1 1
v 2 2
v 3 2
v 4 3
v 5 3
v 6 3
v 7 3
v 8 3
v 9 3
v 10 3
v 11 3
v 12 3
v 13 3
v 14 3
v 15 3
v 16 3
v 17 3
v 18 3
v 19 3
v 20 4
v 21 4
v 22 4
v 23 4
v 24 4
v 25 4
v 26 4
v 27 4
v 28 4
v 29 4
v 30 4
v 31 4
e 0 8 1
e 0 19 1
e 1 18 2
e 2 6 1
e 2 11 2
e 3 5 1
e 3 13 2
e 4 5 1
e 4 7 2
e 4 10 1
e 5 6 2
e 6 9 1
e 7 8 1
e 7 20 1
e 8 9 2
e 9 21 1
e 10 12 2
e 10 22 1
e 11 14 1
e 11 15 1
e 12 13 1
e 12 23 1
e 13 24 1
e 14 16 2
e 14 25 1
e 15 17 2
e 15 26 1
e 16 18 1
e 16 27 1
e 17 18 1
e 17 28 1
e 19 29 1
e 19 30 1
e 19 31 1
t # 47441
v 0 1
v 1 1
v 2 1
v 3 1
v 4 2
v 5 2
v 6 3
v 7 3
v 8 3
v 9 3
v 10 3
v 11 3
v 12 3
v 13 3
v 14 3
v 15 3
v 16 3
v 17 3
v 18 3
v 19 3
v 20 3
v 21 3
v 22 3
v 23 3
v 24 3
v 25 4
v 26 4
v 27 4
v 28 4
v 29 4
v 30 4
v 31 4
v 32 4
v 33 4
v 34 4
v 35 4
v 36 4
v 37 4
v 38 4
v 39 4
v 40 4
e 0 11 1
e 0 24 1
e 1 13 2
e 2 23 1
e 2 40 1
e 3 23 2
e 4 6 1
e 4 9 1
e 4 13 1
e 5 7 1
e 5 21 2
e 6 7 2
e 6 10 1
e 7 8 1
e 8 12 2
e 8 14 1
e 9 15 2
e 9 16 1
e 10 11 2
e 10 25 1
e 11 12 1
e 12 26 1
e 13 22 1
e 14 20 2
e 14 27 1
e 15 17 1
e 15 28 1
e 16 18 2
e 16 29 1
e 17 19 2
e 17 30 1
e 18 19 1
e 18 31 1
e 19 23 1
e 20 21 1
e 20 32 1
e 21 33 1
e 22 34 1
e 22 35 1
e 22 36 1
e 24 37 1
e 24 38 1
e 24 39 1
t # 47442
v 0 11
v 1 1
v 2 1
v 3 3
v 4 3
v 5 3
v 6 3
v 7 3
v 8 3
v 9 3
v 10 3
v 11 3
v 12 4
v 13 4
v 14 4
v 15 4
v 16 4
v 17 4
v 18 4
v 19 4
v 20 4
v 21 4
e 0 4 1
e 0 10 1
e 1 9 1
e 1 11 1
e 2 9 2
e 3 4 1
e 3 5 2
e 3 9 1
e 4 6 2
e 5 7 1
e 5 12 1
e 6 8 1
e 6 13 1
e 7 8 2
e 7 14 1
e 8 15 1
e 10 16 1
e 10 17 1
e 10 18 1
e 11 19 1
e 11 20 1
e 11 21 1
t # 47443
v 0 12
v 1 12
v 2 2
v 3 2
v 4 2
v 5 2
v 6 3
v 7 3
v 8 3
v 9 3
v 10 3
v 11 3
v 12 3
v 13 3
v 14 3
v 15 3
v 16 3
v 17 3
v 18 3
v 19 3
v 20 3
v 21 3
v 22 3
v 23 3
v 24 3
v 25 3
v 26 4
v 27 4
v 28 4
v 29 4
v 30 4
v 31 4
v 32 4
v 33 4
v 34 4
v 35 4
v 36 4
v 37 4
v 38 4
v 39 4
v 40 4
v 41 4
v 42 4
v 43 4
e 0 20 1
e 1 21 1
e 2 6 1
e 2 8 1
e 2 10 1
e 3 7 1
e 3 9 1
e 3 11 1
e 4 8 2
e 4 12 1
e 5 9 2
e 5 13 1
e 6 12 1
e 6 16 2
e 7 13 1
e 7 17 2
e 8 14 1
e 9 15 1
e 10 20 1
e 10 26 1
e 10 27 1
e 11 21 1
e 11 28 1
e 11 29 1
e 12 18 2
e 13 19 2
e 14 15 2
e 14 30 1
e 15 31 1
e 16 22 1
e 16 32 1
e 17 23 1
e 17 33 1
e 18 24 1
e 18 34 1
e 19 25 1
e 19 35 1
e 20 36 1
e 20 37 1
e 21 38 1
e 21 39 1
e 22 24 2
e 22 40 1
e 23 25 2
e 23 41 1
e 24 42 1
e 25 43 1
t # 47444
v 0 14
v 1 14
v 2 14
v 3 14
v 4 14
v 5 14
v 6 1
v 7 1
v 8 1
v 9 2
v 10 3
v 11 3
v 12 3
v 13 3
v 14 3
v 15 3
v 16 3
v 17 3
v 18 3
v 19 4
v 20 4
v 21 4
v 22 4
v 23 4
e 6 10 1
e 6 21 1
e 9 16 1
e 10 11 1
e 10 12 1
e 10 13 1
e 11 14 2
e 11 15 1
e 14 16 1
e 14 19 1
e 15 17 2
e 15 20 1
e 16 18 2
e 17 18 1
e 17 22 1
e 18 23 1
t # 47445
v 0 18
v 1 1
v 2 2
v 3 3
v 4 3
v 5 3
v 6 3
v 7 3
v 8 3
v 9 3
v 10 3
v 11 3
v 12 3
v 13 3
v 14 3
v 15 3
v 16 3
v 17 4
v 18 4
v 19 4
v 20 4
v 21 4
v 22 4
v 23 4
v 24 4
v 25 4
v 26 4
e 1 7 2
e 2 4 1
e 2 7 1
e 2 12 1
e 3 4 2
e 3 5 1
e 3 8 1
e 4 9 1
e 5 6 1
e 5 10 2
e 6 7 1
e 6 11 2
e 8 13 2
e 8 17 1
e 9 14 2
e 9 18 1
e 10 15 1
e 10 19 1
e 11 16 1
e 11 20 1
e 12 21 1
e 12 22 1
e 12 23 1
e 13 14 1
e 14 24 1
e 15 16 2
e 15 25 1
e 16 26 1
t # 47446
v 0 1
v 1 1
v 2 2
v 3 2
v 4 3
v 5 3
v 6 3
v 7 3
v 8 3
v 9 3
v 10 3
v 11 3
v 12 3
v 13 3
v 14 3
v 15 3
v 16 3
v 17 3
v 18 4
v 19 4
v 20 4
v 21 4
v 22 4
v 23 4
v 24 4
v 25 4
v 26 4
v 27 4
e 0 4 2
e 1 5 2
e 2 4 1
e 2 5 1
e 2 6 1
e 3 4 1
e 3 5 1
e 3 7 1
e 6 8 2
e 6 10 1
e 7 9 2
e 7 11 1
e 8 12 1
e 8 18 1
e 9 13 1
e 9 19 1
e 10 14 2
e 10 20 1
e 11 15 2
e 11 21 1
e 12 16 2
e 12 22 1
e 13 17 2
e 13 23 1
e 14 16 1
e 14 24 1
e 15 17 1
e 15 25 1
e 16 26 1
e 17 27 1
t # 47447
v 0 18
v 1 1
v 2 1
v 3 1
v 4 3
v 5 3
v 6 3
v 7 3
v 8 3
v 9 3
v 10 3
v 11 3
v 12 3
v 13 3
v 14 3
v 15 3
v 16 3
v 17 4
v 18 4
v 19 4
v 20 4
v 21 4
v 22 4
v 23 4
v 24 4
v 25 4
v 26 4
v 27 4
e 1 6 1
e 1 8 1
e 2 7 2
e 3 10 2
e 4 5 1
e 4 7 1
e 4 12 2
e 5 10 1
e 5 13 2
e 6 7 1
e 6 11 2
e 8 9 1
e 8 17 1
e 8 18 1
e 9 15 1
e 9 19 1
e 9 20 1
e 10 11 1
e 12 14 1
e 12 21 1
e 13 16 1
e 13 22 1
e 14 16 2
e 14 26 1
e 15 23 1
e 15 24 1
e 15 25 1
e 16 27 1
t # 47448
v 0 1
v 1 1
v 2 1
v 3 2
v 4 3
v 5 3
v 6 3
v 7 3
v 8 3
v 9 3
v 10 3
v 11 3
v 12 3
v 13 3
v 14 3
v 15 3
v 16 3
v 17 3
v 18 4
v 19 4
v 20 4
v 21 4
v 22 4
v 23 4
v 24 4
v 25 4
v 26 4
v 27 4
v 28 4
v 29 4
v 30 4
e 0 8 2
e 1 12 2
e 2 11 2
e 3 5 1
e 3 12 1
e 3 22 1
e 4 6 1
e 4 8 1
e 4 13 2
e 5 8 1
e 5 10 2
e 6 11 1
e 6 14 2
e 7 9 1
e 7 12 1
e 7 18 1
e 7 19 1
e 9 15 1
e 9 20 1
e 9 21 1
e 10 11 1
e 10 23 1
e 13 16 1
e 13 24 1
e 14 17 1
e 14 25 1
e 15 26 1
e 15 27 1
e 15 28 1
e 16 17 2
e 16 29 1
e 17 30 1
t # 47449
v 0 1
v 1 2
v 2 3
v 3 3
v 4 3
v 5 3
v 6 3
v 7 3
v 8 3
v 9 3
v 10 3
v 11 3
v 12 3
v 13 4
v 14 4
v 15 4
v 16 4
v 17 4
v 18 4
v 19 4
v 20 4
v 21 4
v 22 4
v 23 4
v 24 4
v 25 4
v 26 4
v 27 4
e 0 9 2
e 1 3 1
e 1 5 1
e 1 9 1
e 2 3 1
e 2 4 1
e 2 13 1
e 2 14 1
e 3 15 1
e 3 16 1
e 4 6 1
e 4 17 1
e 4 18 1
e 5 7 2
e 5 8 1
e 6 19 1
e 6 20 1
e 6 21 1
e 7 10 1
e 7 22 1
e 8 11 2
e 8 23 1
e 9 24 1
e 10 12 2
e 10 25 1
e 11 12 1
e 11 26 1
e 12 27 1
t # 47450
v 0 1
v 1 1
v 2 2
v 3 3
v 4 3
v 5 3
v 6 3
v 7 3
v 8 3
v 9 3
v 10 3
v 11 3
v 12 3
v 13 3
v 14 3
v 15 3
v 16 3
v 17 4
v 18 4
v 19 4
v 20 4
v 21 4
v 22 4
v 23 4
v 24 4
v 25 4
v 26 4
v 27 4
v 28 4
v 29 4
e 0 29 1
e 1 6 2
e 2 5 1
e 2 6 1
e 3 6 1
e 3 7 2
e 3 8 1
e 4 9 2
e 4 10 1
e 4 13 1
e 5 11 2
e 5 12 1
e 7 9 1
e 7 17 1
e 8 10 2
e 8 18 1
e 9 19 1
e 10 20 1
e 11 14 1
e 11 21 1
e 12 15 2
e 12 22 1
e 13 23 1
e 13 24 1
e 13 25 1
e 14 16 2
e 14 26 1
e 15 16 1
e 15 27 1
e 16 28 1
t # 47451
v 0 11
v 1 11
v 2 14
v 3 1
v 4 1
v 5 1
v 6 1
v 7 1
v 8 1
v 9 2
v 10 2
v 11 2
v 12 2
v 13 2
v 14 2
v 15 2
v 16 3
v 17 3
v 18 3
v 19 3
v 20 3
v 21 3
v 22 3
v 23 3
v 24 3
v 25 3
v 26 3
v 27 3
v 28 3
v 29 3
v 30 3
v 31 3
v 32 3
v 33 3
v 34 3
v 35 3
v 36 3
v 37 3
v 38 3
v 39 3
v 40 3
v 41 4
v 42 4
v 43 4
v 44 4
v 45 4
v 46 4
v 47 4
v 48 4
v 49 4
v 50 4
v 51 4
v 52 4
v 53 4
v 54 4
v 55 4
v 56 4
v 57 4
v 58 4
v 59 4
v 60 4
v 61 4
v 62 4
v 63 4
v 64 4
v 65 4
v 66 4
v 67 4
v 68 4
e 0 5 2
e 0 6 2
e 0 31 1
e 1 7 2
e 1 8 2
e 1 34 1
e 3 27 2
e 4 68 1
e 9 16 1
e 9 19 1
e 9 20 1
e 10 16 1
e 10 21 2
e 11 20 2
e 11 21 1
e 12 20 1
e 12 51 1
e 12 52 1
e 13 21 1
e 13 53 1
e 13 54 1
e 14 26 1
e 14 27 1
e 14 55 1
e 15 27 1
e 15 28 1
e 15 56 1
e 16 17 1
e 16 18 1
e 17 41 1
e 17 42 1
e 17 43 1
e 18 44 1
e 18 45 1
e 18 46 1
e 19 22 2
e 19 23 1
e 22 24 1
e 22 47 1
e 23 25 2
e 23 48 1
e 24 26 2
e 24 49 1
e 25 26 1
e 25 50 1
e 28 29 2
e 28 30 1
e 29 32 1
e 29 57 1
e 30 33 2
e 30 58 1
e 31 32 2
e 31 33 1
e 32 59 1
e 33 60 1
e 34 36 2
e 34 37 1
e 35 38 2
e 35 39 1
e 35 40 1
e 36 38 1
e 36 61 1
e 37 39 2
e 37 62 1
e 38 63 1
e 39 64 1
e 40 65 1
e 40 66 1
e 40 67 1
t # 47452
v 0 1
v 1 1
v 2 1
v 3 1
v 4 2
v 5 3
v 6 3
v 7 3
v 8 3
v 9 3
v 10 3
v 11 3
v 12 3
v 13 3
v 14 3
v 15 3
v 16 3
v 17 3
v 18 4
v 19 4
v 20 4
v 21 4
v 22 4
v 23 4
v 24 4
v 25 4
v 26 4
e 0 5 1
e 0 6 1
e 1 5 1
e 1 7 1
e 4 11 1
e 5 8 1
e 5 18 1
e 6 7 2
e 6 9 1
e 7 10 1
e 8 12 2
e 8 13 1
e 9 11 2
e 9 19 1
e 10 14 2
e 10 20 1
e 11 14 1
e 12 15 1
e 12 21 1
e 13 16 2
e 13 22 1
e 14 23 1
e 15 17 2
e 15 24 1
e 16 17 1
e 16 25 1
e 17 26 1
t # 47453
v 0 12
v 1 12
v 2 1
v 3 1
v 4 1
v 5 1
v 6 2
v 7 3
v 8 3
v 9 3
v 10 3
v 11 3
v 12 3
v 13 3
v 14 3
v 15 3
v 16 3
v 17 3
v 18 3
v 19 3
v 20 3
v 21 4
v 22 4
v 23 4
v 24 4
v 25 4
v 26 4
v 27 4
v 28 4
v 29 4
v 30 4
v 31 4
v 32 4
v 33 4
v 34 4
v 35 4
v 36 4
v 37 4
e 0 12 1
e 1 13 1
e 2 14 1
e 2 17 1
e 3 15 1
e 3 18 1
e 4 17 2
e 5 18 2
e 6 7 1
e 6 8 1
e 6 9 1
e 7 10 2
e 7 11 1
e 8 12 1
e 8 21 1
e 8 22 1
e 9 13 1
e 9 23 1
e 9 24 1
e 10 14 1
e 10 25 1
e 11 16 2
e 11 26 1
e 12 27 1
e 12 28 1
e 13 29 1
e 13 30 1
e 14 15 2
e 15 16 1
e 16 31 1
e 17 19 1
e 18 20 1
e 19 32 1
e 19 33 1
e 19 34 1
e 20 35 1
e 20 36 1
e 20 37 1
t # 47454
v 0 12
v 1 12
v 2 12
v 3 12
v 4 12
v 5 1
v 6 1
v 7 1
v 8 1
v 9 2
v 10 2
v 11 2
v 12 2
v 13 3
v 14 3
v 15 3
v 16 3
v 17 3
v 18 3
v 19 3
v 20 3
v 21 3
v 22 3
v 23 3
v 24 3
v 25 3
v 26 3
v 27 4
v 28 4
v 29 4
v 30 4
v 31 4
v 32 4
v 33 4
v 34 4
v 35 4
e 0 14 1
e 1 14 1
e 2 14 1
e 3 25 1
e 4 26 1
e 9 13 1
e 9 15 1
e 9 28 1
e 10 13 1
e 10 16 1
e 10 29 1
e 11 17 1
e 12 18 1
e 13 14 1
e 13 27 1
e 15 17 2
e 15 19 1
e 16 18 2
e 16 20 1
e 17 21 1
e 18 22 1
e 19 23 2
e 19 30 1
e 20 24 2
e 20 31 1
e 21 25 2
e 21 32 1
e 22 26 2
e 22 33 1
e 23 25 1
e 23 34 1
e 24 26 1
e 24 35 1
t # 47455
v 0 12
v 1 1
v 2 1
v 3 2
v 4 3
v 5 3
v 6 3
v 7 3
v 8 3
v 9 3
v 10 3
v 11 3
v 12 3
v 13 3
v 14 3
v 15 3
v 16 3
v 17 3
v 18 4
v 19 4
v 20 4
v 21 4
v 22 4
v 23 4
v 24 4
v 25 4
v 26 4
v 27 4
e 0 10 1
e 1 9 1
e 1 17 1
e 2 8 2
e 3 4 1
e 3 6 1
e 3 18 1
e 4 5 1
e 4 9 2
e 5 8 1
e 5 10 2
e 6 7 1
e 6 11 2
e 7 8 1
e 7 12 2
e 9 13 1
e 10 14 1
e 11 15 1
e 11 19 1
e 12 16 1
e 12 20 1
e 13 14 2
e 13 21 1
e 14 22 1
e 15 16 2
e 15 23 1
e 16 24 1
e 17 25 1
e 17 26 1
e 17 27 1
t # 47456
v 0 12
v 1 12
v 2 1
v 3 2
v 4 3
v 5 3
v 6 3
v 7 3
v 8 3
v 9 3
v 10 3
v 11 3
v 12 3
v 13 3
v 14 3
v 15 3
v 16 3
v 17 3
v 18 4
v 19 4
v 20 4
v 21 4
v 22 4
v 23 4
v 24 4
v 25 4
v 26 4
e 0 8 1
e 1 16 1
e 2 9 1
e 2 17 1
e 3 5 1
e 3 7 2
e 4 5 2
e 4 8 1
e 4 10 1
e 5 9 1
e 6 7 1
e 6 8 2
e 6 11 1
e 7 12 1
e 9 13 2
e 10 14 2
e 10 18 1
e 11 15 2
e 11 19 1
e 12 16 2
e 12 20 1
e 13 14 1
e 13 21 1
e 14 22 1
e 15 16 1
e 15 23 1
e 17 24 1
e 17 25 1
e 17 26 1
t # 47457
v 0 18
v 1 1
v 2 1
v 3 3
v 4 3
v 5 3
v 6 3
v 7 3
v 8 3
v 9 3
v 10 3
v 11 3
v 12 3
v 13 3
v 14 3
v 15 3
v 16 3
v 17 3
v 18 3
v 19 3
v 20 3
v 21 4
v 22 4
v 23 4
v 24 4
v 25 4
v 26 4
v 27 4
v 28 4
v 29 4
v 30 4
v 31 4
v 32 4
v 33 4
v 34 4
v 35 4
v 36 4
v 37 4
v 38 4
v 39 4
e 1 4 1
e 1 6 1
e 2 5 1
e 2 6 1
e 3 4 1
e 3 5 1
e 3 7 1
e 3 8 1
e 4 21 1
e 4 22 1
e 5 23 1
e 5 24 1
e 6 9 1
e 6 10 1
e 7 25 1
e 7 26 1
e 8 27 1
e 8 28 1
e 8 29 1
e 9 11 2
e 9 13 1
e 10 12 2
e 10 14 1
e 11 15 1
e 11 30 1
e 12 16 1
e 12 31 1
e 13 17 2
e 13 32 1
e 14 18 2
e 14 33 1
e 15 19 2
e 15 34 1
e 16 20 2
e 16 35 1
e 17 19 1
e 17 36 1
e 18 20 1
e 18 37 1
e 19 38 1
e 20 39 1
t # 47458
v 0 18
v 1 1
v 2 1
v 3 3
v 4 3
v 5 3
v 6 3
v 7 3
v 8 3
v 9 4
v 10 4
v 11 4
v 12 4
v 13 4
v 14 4
v 15 4
v 16 4
v 17 4
v 18 4
v 19 4
v 20 4
v 21 4
e 1 5 1
e 1 20 1
e 2 6 1
e 2 21 1
e 3 4 1
e 3 5 1
e 3 6 1
e 3 7 1
e 4 8 1
e 4 9 1
e 4 10 1
e 5 11 1
e 5 12 1
e 6 13 1
e 6 14 1
e 7 15 1
e 7 16 1
e 8 17 1
e 8 18 1
e 8 19 1
t # 47459
v 0 11
v 1 1
v 2 1
v 3 2
v 4 2
v 5 2
v 6 2
v 7 3
v 8 3
v 9 3
v 10 3
v 11 3
v 12 3
v 13 4
v 14 4
v 15 4
v 16 4
v 17 4
v 18 4
v 19 4
v 20 4
v 21 4
v 22 4
v 23 4
v 24 4
e 0 1 2
e 0 2 2
e 0 7 1
e 3 10 1
e 3 11 1
e 4 7 1
e 4 9 1
e 4 12 1
e 5 8 1
e 5 9 2
e 6 8 1
e 6 23 1
e 6 24 1
e 7 8 2
e 9 13 1
e 10 14 1
e 10 15 1
e 10 16 1
e 11 17 1
e 11 18 1
e 11 19 1
e 12 20 1
e 12 21 1
e 12 22 1
t # 47460
v 0 11
v 1 1
v 2 1
v 3 2
v 4 2
v 5 2
v 6 2
v 7 3
v 8 3
v 9 3
v 10 3
v 11 3
v 12 4
v 13 4
v 14 4
v 15 4
v 16 4
v 17 4
v 18 4
v 19 4
e 0 1 2
e 0 2 2
e 0 7 1
e 3 7 1
e 3 10 1
e 3 11 1
e 4 9 1
e 4 14 1
e 5 8 1
e 5 9 1
e 5 15 1
e 6 8 1
e 6 10 2
e 7 8 2
e 9 12 1
e 9 13 1
e 10 16 1
e 11 17 1
e 11 18 1
e 11 19 1
t # 47461
v 0 11
v 1 1
v 2 1
v 3 2
v 4 2
v 5 2
v 6 2
v 7 3
v 8 3
v 9 3
v 10 3
v 11 4
v 12 4
v 13 4
v 14 4
v 15 4
v 16 4
v 17 4
v 18 4
e 0 1 2
e 0 2 2
e 0 7 1
e 3 7 1
e 3 9 1
e 3 10 1
e 4 8 1
e 4 9 2
e 5 15 1
e 5 16 1
e 6 8 1
e 6 17 1
e 6 18 1
e 7 8 2
e 9 11 1
e 10 12 1
e 10 13 1
e 10 14 1
t # 47462
v 0 8
v 1 1
v 2 1
v 3 2
v 4 3
v 5 3
v 6 3
v 7 3
v 8 3
v 9 3
v 10 3
v 11 3
v 12 3
v 13 3
v 14 3
v 15 3
v 16 3
v 17 3
v 18 3
v 19 3
v 20 3
v 21 3
v 22 3
v 23 3
v 24 3
v 25 3
v 26 4
v 27 4
v 28 4
v 29 4
v 30 4
v 31 4
v 32 4
v 33 4
v 34 4
v 35 4
v 36 4
v 37 4
v 38 4
v 39 4
v 40 4
v 41 4
v 42 4
v 43 4
v 44 4
v 45 4
v 46 4
v 47 4
e 2 8 2
e 3 8 1
e 3 21 1
e 3 22 1
e 4 7 1
e 4 8 1
e 4 26 1
e 5 9 2
e 5 11 1
e 6 10 2
e 6 12 1
e 7 13 2
e 7 14 1
e 9 15 1
e 9 27 1
e 10 16 1
e 10 28 1
e 11 17 2
e 11 29 1
e 12 18 2
e 12 30 1
e 13 19 1
e 13 31 1
e 14 20 2
e 14 32 1
e 15 23 2
e 15 33 1
e 16 24 2
e 16 34 1
e 17 23 1
e 17 35 1
e 18 24 1
e 18 36 1
e 19 25 2
e 19 37 1
e 20 25 1
e 20 38 1
e 21 39 1
e 21 40 1
e 21 41 1
e 22 42 1
e 22 43 1
e 22 44 1
e 23 45 1
e 24 46 1
e 25 47 1
t # 47463
v 0 18
v 1 1
v 2 1
v 3 1
v 4 2
v 5 3
v 6 3
v 7 3
v 8 3
v 9 3
v 10 3
v 11 3
v 12 3
v 13 3
v 14 3
v 15 3
v 16 3
v 17 3
v 18 3
v 19 3
v 20 3
v 21 3
v 22 3
v 23 3
v 24 3
v 25 4
v 26 4
v 27 4
v 28 4
v 29 4
v 30 4
v 31 4
v 32 4
v 33 4
v 34 4
v 35 4
v 36 4
v 37 4
v 38 4
v 39 4
v 40 4
v 41 4
v 42 4
v 43 4
v 44 4
v 45 4
v 46 4
v 47 4
v 48 4
v 49 4
v 50 4
v 51 4
v 52 4
v 53 4
v 54 4
e 1 5 1
e 1 35 1
e 2 12 1
e 2 13 1
e 3 12 2
e 4 15 1
e 4 17 1
e 4 20 1
e 5 6 1
e 5 7 1
e 5 8 1
e 6 9 1
e 6 25 1
e 6 26 1
e 7 10 1
e 7 27 1
e 7 28 1
e 8 11 1
e 8 12 1
e 8 29 1
e 9 10 1
e 9 30 1
e 9 31 1
e 10 32 1
e 10 33 1
e 11 18 2
e 11 19 1
e 13 14 1
e 13 15 1
e 13 34 1
e 14 16 1
e 14 36 1
e 14 37 1
e 15 38 1
e 15 39 1
e 16 17 1
e 16 40 1
e 16 41 1
e 17 42 1
e 17 43 1
e 18 21 1
e 18 44 1
e 19 22 2
e 19 45 1
e 20 46 1
e 20 47 1
e 20 48 1
e 21 23 2
e 21 49 1
e 22 23 1
e 22 50 1
e 23 51 1
e 24 52 1
e 24 53 1
e 24 54 1
t # 47464
v 0 1
v 1 1
v 2 1
v 3 1
v 4 3
v 5 3
v 6 3
v 7 3
v 8 3
v 9 3
v 10 3
v 11 3
v 12 3
v 13 3
v 14 3
v 15 3
v 16 3
v 17 4
v 18 4
v 19 4
v 20 4
v 21 4
v 22 4
v 23 4
v 24 4
v 25 4
v 26 4
v 27 4
v 28 4
v 29 4
v 30 4
v 31 4
v 32 4
v 33 4
v 34 4
v 35 4
v 36 4
e 0 8 2
e 1 13 1
e 1 33 1
e 2 13 2
e 3 15 2
e 4 5 1
e 4 7 1
e 4 8 1
e 4 13 1
e 5 6 1
e 5 17 1
e 5 18 1
e 6 9 1
e 6 19 1
e 6 20 1
e 7 14 1
e 7 21 1
e 7 22 1
e 8 10 1
e 9 11 1
e 9 23 1
e 9 24 1
e 10 12 1
e 10 25 1
e 10 26 1
e 11 12 1
e 11 27 1
e 11 28 1
e 12 29 1
e 12 30 1
e 14 15 1
e 14 31 1
e 14 32 1
e 15 16 1
e 16 34 1
e 16 35 1
e 16 36 1
t # 47465
v 0 1
v 1 1
v 2 1
v 3 1
v 4 2
v 5 2
v 6 3
v 7 3
v 8 3
v 9 3
v 10 3
v 11 3
v 12 3
v 13 3
v 14 3
v 15 3
v 16 4
v 17 4
v 18 4
v 19 4
e 0 12 2
e 1 13 2
e 2 14 2
e 3 15 2
e 4 8 1
e 4 14 1
e 4 18 1
e 5 9 1
e 5 15 1
e 5 19 1
e 6 8 2
e 6 10 1
e 6 12 1
e 7 9 1
e 7 10 2
e 7 13 1
e 8 11 1
e 9 11 2
e 10 16 1
e 11 17 1
e 12 14 1
e 13 15 1
t # 47466
v 0 1
v 1 1
v 2 3
v 3 3
v 4 3
v 5 3
v 6 3
v 7 3
v 8 3
v 9 3
v 10 3
v 11 3
v 12 3
v 13 3
v 14 3
v 15 3
v 16 3
v 17 3
v 18 3
v 19 3
v 20 3
v 21 3
v 22 3
v 23 3
v 24 3
v 25 3
v 26 3
v 27 3
v 28 3
v 29 3
v 30 3
v 31 3
v 32 3
v 33 4
v 34 4
v 35 4
v 36 4
v 37 4
v 38 4
v 39 4
v 40 4
v 41 4
v 42 4
v 43 4
v 44 4
v 45 4
v 46 4
v 47 4
v 48 4
v 49 4
v 50 4
v 51 4
v 52 4
v 53 4
v 54 4
v 55 4
v 56 4
v 57 4
v 58 4
v 59 4
v 60 4
v 61 4
v 62 4
v 63 4
v 64 4
v 65 4
v 66 4
v 67 4
v 68 4
v 69 4
v 70 4
v 71 4
v 72 4
v 73 4
v 74 4
v 75 4
v 76 4
v 77 4
v 78 4
v 79 4
v 80 4
v 81 4
v 82 4
e 0 15 1
e 0 32 1
e 1 29 2
e 2 3 1
e 2 4 1
e 2 9 1
e 2 19 1
e 3 5 1
e 3 10 1
e 3 33 1
e 4 6 1
e 4 7 1
e 4 34 1
e 5 8 1
e 5 13 1
e 5 20 1
e 6 15 1
e 6 24 1
e 6 25 1
e 7 8 1
e 7 35 1
e 7 36 1
e 8 37 1
e 8 38 1
e 9 17 1
e 9 39 1
e 9 40 1
e 10 14 1
e 10 41 1
e 10 42 1
e 11 12 1
e 11 14 1
e 11 16 1
e 11 43 1
e 12 18 1
e 12 22 1
e 12 27 1
e 13 16 1
e 13 44 1
e 13 45 1
e 14 46 1
e 14 47 1
e 15 17 1
e 15 48 1
e 16 26 2
e 17 50 1
e 17 51 1
e 18 21 1
e 18 23 1
e 18 49 1
e 19 52 1
e 19 53 1
e 19 54 1
e 20 55 1
e 20 56 1
e 20 57 1
e 21 29 1
e 21 30 1
e 21 31 1
e 22 28 1
e 22 58 1
e 22 59 1
e 23 26 1
e 23 60 1
e 23 61 1
e 24 62 1
e 24 63 1
e 24 64 1
e 25 65 1
e 25 66 1
e 25 67 1
e 26 68 1
e 27 69 1
e 27 70 1
e 27 71 1
e 28 29 1
e 28 72 1
e 28 73 1
e 30 74 1
e 30 75 1
e 30 76 1
e 31 77 1
e 31 78 1
e 31 79 1
e 32 80 1
e 32 81 1
e 32 82 1
t # 47467
v 0 1
v 1 1
v 2 1
v 3 3
v 4 3
v 5 3
v 6 3
v 7 3
v 8 3
v 9 3
v 10 3
v 11 3
v 12 3
v 13 3
v 14 3
v 15 3
v 16 3
v 17 3
v 18 3
v 19 3
v 20 3
v 21 3
v 22 3
v 23 3
v 24 3
v 25 3
v 26 3
v 27 3
v 28 3
v 29 3
v 30 3
v 31 3
v 32 3
v 33 3
v 34 3
v 35 3
v 36 4
v 37 4
v 38 4
v 39 4
v 40 4
v 41 4
v 42 4
v 43 4
v 44 4
v 45 4
v 46 4
v 47 4
v 48 4
v 49 4
v 50 4
v 51 4
v 52 4
v 53 4
v 54 4
v 55 4
v 56 4
v 57 4
v 58 4
v 59 4
v 60 4
v 61 4
v 62 4
v 63 4
v 64 4
v 65 4
v 66 4
v 67 4
v 68 4
v 69 4
v 70 4
v 71 4
v 72 4
v 73 4
v 74 4
v 75 4
v 76 4
v 77 4
v 78 4
v 79 4
v 80 4
v 81 4
v 82 4
v 83 4
v 84 4
v 85 4
v 86 4
v 87 4
v 88 4
v 89 4
e 0 18 1
e 0 33 1
e 1 25 1
e 1 34 1
e 2 34 2
e 3 4 1
e 3 6 1
e 3 13 1
e 3 20 1
e 4 5 1
e 4 12 1
e 4 36 1
e 5 10 1
e 5 14 1
e 5 23 1
e 6 7 1
e 6 11 1
e 6 37 1
e 7 18 1
e 7 28 1
e 7 29 1
e 8 9 1
e 8 15 1
e 8 22 1
e 8 30 1
e 9 16 1
e 9 17 1
e 9 38 1
e 10 11 1
e 10 39 1
e 10 40 1
e 11 41 1
e 11 42 1
e 12 16 1
e 12 43 1
e 12 44 1
e 13 19 1
e 13 45 1
e 13 46 1
e 14 17 1
e 14 47 1
e 14 48 1
e 15 21 1
e 15 24 1
e 15 49 1
e 16 50 1
e 16 51 1
e 17 26 2
e 18 19 1
e 18 52 1
e 19 53 1
e 19 54 1
e 20 55 1
e 20 56 1
e 20 57 1
e 21 25 1
e 21 31 1
e 21 32 1
e 22 27 1
e 22 58 1
e 22 59 1
e 23 60 1
e 23 61 1
e 23 62 1
e 24 26 1
e 24 63 1
e 24 64 1
e 25 27 1
e 25 65 1
e 26 66 1
e 27 67 1
e 27 68 1
e 28 69 1
e 28 70 1
e 28 71 1
e 29 72 1
e 29 73 1
e 29 74 1
e 30 75 1
e 30 76 1
e 30 77 1
e 31 78 1
e 31 79 1
e 31 80 1
e 32 81 1
e 32 82 1
e 32 83 1
e 33 84 1
e 33 85 1
e 33 86 1
e 34 35 1
e 35 87 1
e 35 88 1
e 35 89 1
t # 47468
v 0 1
v 1 1
v 2 3
v 3 3
v 4 3
v 5 3
v 6 3
v 7 3
v 8 3
v 9 3
v 10 3
v 11 3
v 12 3
v 13 3
v 14 3
v 15 3
v 16 3
v 17 3
v 18 3
v 19 3
v 20 3
v 21 3
v 22 3
v 23 3
v 24 3
v 25 3
v 26 3
v 27 3
v 28 3
v 29 3
v 30 3
v 31 3
v 32 3
v 33 4
v 34 4
v 35 4
v 36 4
v 37 4
v 38 4
v 39 4
v 40 4
v 41 4
v 42 4
v 43 4
v 44 4
v 45 4
v 46 4
v 47 4
v 48 4
v 49 4
v 50 4
v 51 4
v 52 4
v 53 4
v 54 4
v 55 4
v 56 4
v 57 4
v 58 4
v 59 4
v 60 4
v 61 4
v 62 4
v 63 4
v 64 4
v 65 4
v 66 4
v 67 4
v 68 4
v 69 4
v 70 4
v 71 4
v 72 4
v 73 4
v 74 4
v 75 4
v 76 4
v 77 4
v 78 4
v 79 4
v 80 4
v 81 4
v 82 4
v 83 4
v 84 4
e 0 17 1
e 0 32 1
e 1 25 1
e 1 81 1
e 2 3 1
e 2 5 1
e 2 12 1
e 2 19 1
e 3 4 1
e 3 11 1
e 3 33 1
e 4 9 1
e 4 13 1
e 4 21 1
e 5 6 1
e 5 10 1
e 5 34 1
e 6 17 1
e 6 26 1
e 6 27 1
e 7 8 1
e 7 14 1
e 7 22 1
e 7 29 1
e 8 15 1
e 8 16 1
e 8 35 1
e 9 10 1
e 9 36 1
e 9 37 1
e 10 38 1
e 10 39 1
e 11 15 1
e 11 40 1
e 11 41 1
e 12 18 1
e 12 42 1
e 12 43 1
e 13 16 1
e 13 44 1
e 13 45 1
e 14 20 1
e 14 23 1
e 14 46 1
e 15 47 1
e 15 48 1
e 16 24 2
e 17 18 1
e 17 49 1
e 18 50 1
e 18 51 1
e 19 52 1
e 19 53 1
e 19 54 1
e 20 25 1
e 20 30 1
e 20 31 1
e 21 55 1
e 21 56 1
e 21 57 1
e 22 28 1
e 22 58 1
e 22 59 1
e 23 24 1
e 23 60 1
e 23 61 1
e 24 62 1
e 25 28 1
e 25 63 1
e 26 64 1
e 26 65 1
e 26 66 1
e 27 67 1
e 27 68 1
e 27 69 1
e 28 70 1
e 28 71 1
e 29 72 1
e 29 73 1
e 29 74 1
e 30 75 1
e 30 76 1
e 30 77 1
e 31 78 1
e 31 79 1
e 31 80 1
e 32 82 1
e 32 83 1
e 32 84 1
t # 47469
v 0 12
v 1 1
v 2 2
v 3 2
v 4 2
v 5 3
v 6 3
v 7 3
v 8 3
v 9 3
v 10 3
v 11 3
v 12 3
v 13 4
v 14 4
v 15 4
v 16 4
v 17 4
v 18 4
v 19 4
v 20 4
v 21 4
v 22 4
e 0 9 1
e 1 8 2
e 2 5 1
e 2 8 1
e 2 13 1
e 3 4 1
e 3 8 1
e 3 12 1
e 4 21 1
e 4 22 1
e 5 6 2
e 5 7 1
e 6 9 1
e 6 14 1
e 7 10 2
e 7 15 1
e 9 11 2
e 10 11 1
e 10 16 1
e 11 17 1
e 12 18 1
e 12 19 1
e 12 20 1
t # 47470
v 0 1
v 1 1
v 2 1
v 3 2
v 4 2
v 5 2
v 6 2
v 7 3
v 8 3
v 9 3
v 10 3
v 11 3
v 12 3
v 13 3
v 14 3
v 15 4
v 16 4
v 17 4
v 18 4
v 19 4
v 20 4
v 21 4
v 22 4
v 23 4
v 24 4
e 0 13 2
e 3 7 1
e 3 13 1
e 3 17 1
e 4 6 1
e 4 13 1
e 4 14 1
e 5 10 1
e 6 23 1
e 6 24 1
e 7 8 2
e 7 9 1
e 8 11 1
e 8 15 1
e 9 12 2
e 9 16 1
e 10 11 2
e 10 12 1
e 11 18 1
e 12 19 1
e 14 20 1
e 14 21 1
e 14 22 1
t # 47471
v 0 1
v 1 1
v 2 1
v 3 2
v 4 2
v 5 2
v 6 2
v 7 2
v 8 3
v 9 3
v 10 3
v 11 3
v 12 3
v 13 3
v 14 3
v 15 3
v 16 3
v 17 4
v 18 4
v 19 4
v 20 4
v 21 4
v 22 4
v 23 4
e 0 11 2
e 1 14 2
e 2 16 2
e 3 8 1
e 3 10 1
e 3 17 1
e 4 10 1
e 4 14 1
e 4 18 1
e 5 10 2
e 5 11 1
e 6 9 2
e 6 12 1
e 7 8 2
e 7 13 1
e 8 9 1
e 9 11 1
e 12 13 2
e 12 16 1
e 13 19 1
e 14 15 1
e 15 20 1
e 15 21 1
e 15 22 1
e 16 23 1
t # 47472
v 0 11
v 1 1
v 2 1
v 3 1
v 4 1
v 5 1
v 6 1
v 7 2
v 8 2
v 9 3
v 10 3
v 11 3
v 12 3
v 13 3
v 14 3
v 15 3
v 16 3
v 17 3
v 18 3
v 19 3
v 20 3
v 21 3
v 22 3
v 23 3
v 24 3
v 25 3
v 26 3
v 27 3
v 28 3
v 29 3
v 30 3
v 31 3
v 32 3
v 33 3
v 34 3
v 35 3
v 36 3
v 37 3
v 38 3
v 39 3
v 40 3
v 41 3
v 42 3
v 43 4
v 44 4
v 45 4
v 46 4
v 47 4
v 48 4
v 49 4
v 50 4
v 51 4
v 52 4
v 53 4
v 54 4
v 55 4
v 56 4
v 57 4
v 58 4
v 59 4
v 60 4
v 61 4
v 62 4
v 63 4
v 64 4
v 65 4
v 66 4
v 67 4
v 68 4
v 69 4
v 70 4
v 71 4
v 72 4
v 73 4
v 74 4
v 75 4
v 76 4
e 0 9 1
e 0 13 1
e 1 21 2
e 2 32 1
e 2 35 1
e 3 33 1
e 3 68 1
e 4 34 1
e 4 37 1
e 5 32 2
e 6 34 2
e 7 14 1
e 7 32 1
e 7 52 1
e 8 21 1
e 8 28 1
e 8 59 1
e 9 10 1
e 9 11 1
e 9 12 1
e 10 15 2
e 10 18 1
e 11 16 2
e 11 19 1
e 12 17 2
e 12 20 1
e 13 14 1
e 13 43 1
e 13 44 1
e 14 21 1
e 14 45 1
e 15 22 1
e 15 46 1
e 16 23 1
e 16 47 1
e 17 24 1
e 17 48 1
e 18 25 2
e 18 49 1
e 19 26 2
e 19 50 1
e 20 27 2
e 20 51 1
e 22 29 2
e 22 53 1
e 23 30 2
e 23 54 1
e 24 31 2
e 24 55 1
e 25 29 1
e 25 56 1
e 26 30 1
e 26 57 1
e 27 31 1
e 27 58 1
e 28 33 1
e 28 34 1
e 28 60 1
e 29 61 1
e 30 62 1
e 31 63 1
e 33 64 1
e 33 65 1
e 35 36 1
e 35 66 1
e 35 67 1
e 36 38 2
e 36 39 1
e 37 69 1
e 37 70 1
e 37 71 1
e 38 40 1
e 38 72 1
e 39 41 2
e 39 73 1
e 40 42 2
e 40 74 1
e 41 42 1
e 41 75 1
e 42 76 1
t # 47473
v 0 11
v 1 1
v 2 1
v 3 1
v 4 1
v 5 1
v 6 2
v 7 3
v 8 3
v 9 3
v 10 3
v 11 3
v 12 3
v 13 3
v 14 3
v 15 3
v 16 3
v 17 3
v 18 3
v 19 3
v 20 3
v 21 3
v 22 3
v 23 3
v 24 3
v 25 3
v 26 3
v 27 4
v 28 4
v 29 4
v 30 4
v 31 4
v 32 4
v 33 4
v 34 4
v 35 4
v 36 4
v 37 4
v 38 4
v 39 4
v 40 4
v 41 4
v 42 4
v 43 4
v 44 4
v 45 4
v 46 4
v 47 4
e 0 8 1
e 0 13 1
e 1 9 1
e 1 15 1
e 2 10 1
e 2 11 1
e 3 9 2
e 4 10 2
e 5 13 2
e 6 7 1
e 6 10 1
e 6 30 1
e 7 8 1
e 7 9 1
e 7 27 1
e 8 28 1
e 8 29 1
e 11 12 1
e 11 31 1
e 11 32 1
e 12 16 2
e 12 17 1
e 13 14 1
e 14 18 2
e 14 19 1
e 15 20 1
e 15 33 1
e 15 34 1
e 16 21 1
e 16 35 1
e 17 22 2
e 17 36 1
e 18 24 1
e 18 37 1
e 19 25 2
e 19 38 1
e 20 39 1
e 20 40 1
e 20 41 1
e 21 23 2
e 21 42 1
e 22 23 1
e 22 43 1
e 23 44 1
e 24 26 2
e 24 45 1
e 25 26 1
e 25 46 1
e 26 47 1
t # 47474
v 0 11
v 1 1
v 2 1
v 3 1
v 4 1
v 5 1
v 6 1
v 7 1
v 8 2
v 9 2
v 10 2
v 11 3
v 12 3
v 13 3
v 14 3
v 15 3
v 16 3
v 17 3
v 18 3
v 19 3
v 20 3
v 21 3
v 22 3
v 23 3
v 24 3
v 25 3
v 26 3
v 27 3
v 28 3
v 29 3
v 30 3
v 31 3
v 32 3
v 33 3
v 34 3
v 35 3
v 36 3
v 37 3
v 38 3
v 39 3
v 40 3
v 41 3
v 42 3
v 43 3
v 44 3
v 45 3
v 46 3
v 47 3
v 48 3
v 49 3
v 50 3
v 51 3
v 52 3
v 53 3
v 54 3
v 55 4
v 56 4
v 57 4
v 58 4
v 59 4
v 60 4
v 61 4
v 62 4
v 63 4
v 64 4
v 65 4
v 66 4
v 67 4
v 68 4
v 69 4
v 70 4
v 71 4
v 72 4
v 73 4
v 74 4
v 75 4
v 76 4
v 77 4
v 78 4
v 79 4
v 80 4
v 81 4
v 82 4
v 83 4
v 84 4
v 85 4
v 86 4
v 87 4
v 88 4
v 89 4
v 90 4
v 91 4
v 92 4
v 93 4
v 94 4
v 95 4
v 96 4
v 97 4
v 98 4
v 99 4
v 100 4
v 101 4
v 102 4
v 103 4
v 104 4
v 105 4
v 106 4
v 107 4
v 108 4
v 109 4
v 110 4
v 111 4
v 112 4
v 113 4
v 114 4
v 115 4
e 0 14 1
e 0 19 1
e 1 17 1
e 1 24 1
e 2 20 1
e 2 28 1
e 3 18 2
e 4 20 2
e 5 27 2
e 6 41 1
e 6 42 1
e 7 41 2
e 8 11 1
e 8 18 1
e 8 60 1
e 9 15 1
e 9 27 1
e 9 66 1
e 10 16 1
e 10 41 1
e 10 73 1
e 11 12 1
e 11 20 1
e 11 55 1
e 12 13 1
e 12 56 1
e 12 57 1
e 13 25 1
e 13 26 1
e 13 58 1
e 14 21 1
e 14 22 1
e 14 23 1
e 15 17 1
e 15 18 1
e 15 59 1
e 16 19 1
e 16 27 1
e 16 61 1
e 17 62 1
e 17 63 1
e 19 64 1
e 19 65 1
e 21 32 2
e 21 35 1
e 22 33 2
e 22 36 1
e 23 34 2
e 23 37 1
e 24 29 1
e 24 30 1
e 24 31 1
e 25 67 1
e 25 68 1
e 25 69 1
e 26 70 1
e 26 71 1
e 26 72 1
e 28 38 1
e 28 39 1
e 28 40 1
e 29 74 1
e 29 75 1
e 29 76 1
e 30 77 1
e 30 78 1
e 30 79 1
e 31 80 1
e 31 81 1
e 31 82 1
e 32 43 1
e 32 83 1
e 33 44 1
e 33 84 1
e 34 45 1
e 34 85 1
e 35 46 2
e 35 86 1
e 36 47 2
e 36 87 1
e 37 48 2
e 37 88 1
e 38 89 1
e 38 90 1
e 38 91 1
e 39 92 1
e 39 93 1
e 39 94 1
e 40 95 1
e 40 96 1
e 40 97 1
e 42 52 1
e 42 53 1
e 42 54 1
e 43 49 2
e 43 98 1
e 44 50 2
e 44 99 1
e 45 51 2
e 45 100 1
e 46 49 1
e 46 101 1
e 47 50 1
e 47 102 1
e 48 51 1
e 48 103 1
e 49 104 1
e 50 105 1
e 51 106 1
e 52 107 1
e 52 108 1
e 52 109 1
e 53 110 1
e 53 111 1
e 53 112 1
e 54 113 1
e 54 114 1
e 54 115 1
t # 47475
v 0 11
v 1 2
v 2 3
v 3 3
v 4 3
v 5 3
v 6 3
v 7 3
v 8 3
v 9 3
v 10 3
v 11 3
v 12 3
v 13 3
v 14 3
v 15 3
v 16 3
v 17 4
v 18 4
v 19 4
v 20 4
v 21 4
v 22 4
v 23 4
v 24 4
v 25 4
v 26 4
v 27 4
v 28 4
v 29 4
v 30 4
v 31 4
v 32 4
v 33 4
e 0 2 1
e 0 5 1
e 1 10 1
e 1 32 1
e 1 33 1
e 2 3 1
e 2 4 1
e 2 17 1
e 3 6 2
e 3 8 1
e 4 7 2
e 4 9 1
e 5 10 1
e 5 18 1
e 5 19 1
e 6 11 1
e 6 20 1
e 7 12 1
e 7 21 1
e 8 13 2
e 8 22 1
e 9 14 2
e 9 23 1
e 10 24 1
e 10 25 1
e 11 15 2
e 11 26 1
e 12 16 2
e 12 27 1
e 13 15 1
e 13 28 1
e 14 16 1
e 14 29 1
e 15 30 1
e 16 31 1
t # 47476
v 0 11
v 1 1
v 2 1
v 3 1
v 4 1
v 5 1
v 6 1
v 7 2
v 8 2
v 9 3
v 10 3
v 11 3
v 12 3
v 13 3
v 14 3
v 15 3
v 16 3
v 17 3
v 18 3
v 19 3
v 20 3
v 21 3
v 22 3
v 23 3
v 24 3
v 25 3
v 26 3
v 27 3
v 28 3
v 29 3
v 30 3
v 31 3
v 32 3
v 33 3
v 34 3
v 35 3
v 36 3
v 37 3
v 38 3
v 39 3
v 40 3
v 41 3
v 42 3
v 43 4
v 44 4
v 45 4
v 46 4
v 47 4
v 48 4
v 49 4
v 50 4
v 51 4
v 52 4
v 53 4
v 54 4
v 55 4
v 56 4
v 57 4
v 58 4
v 59 4
v 60 4
v 61 4
v 62 4
v 63 4
v 64 4
v 65 4
v 66 4
v 67 4
v 68 4
v 69 4
v 70 4
v 71 4
v 72 4
e 0 9 1
e 0 13 1
e 1 21 1
e 2 21 2
e 3 35 1
e 3 36 1
e 4 33 2
e 5 34 2
e 6 35 2
e 7 14 1
e 7 35 1
e 7 52 1
e 8 33 1
e 8 34 1
e 9 10 1
e 9 11 1
e 9 12 1
e 10 15 2
e 10 18 1
e 11 16 2
e 11 19 1
e 12 17 2
e 12 20 1
e 13 14 1
e 13 43 1
e 13 44 1
e 14 21 1
e 14 45 1
e 15 22 1
e 15 46 1
e 16 23 1
e 16 47 1
e 17 24 1
e 17 48 1
e 18 25 2
e 18 49 1
e 19 26 2
e 19 50 1
e 20 27 2
e 20 51 1
e 22 28 2
e 22 53 1
e 23 29 2
e 23 54 1
e 24 30 2
e 24 55 1
e 25 28 1
e 25 56 1
e 26 29 1
e 26 57 1
e 27 30 1
e 27 58 1
e 28 59 1
e 29 60 1
e 30 61 1
e 31 32 1
e 31 33 1
e 31 62 1
e 31 63 1
e 32 34 1
e 32 64 1
e 32 65 1
e 36 37 1
e 36 66 1
e 36 67 1
e 37 38 2
e 37 39 1
e 38 40 1
e 38 68 1
e 39 41 2
e 39 69 1
e 40 42 2
e 40 70 1
e 41 42 1
e 41 71 1
e 42 72 1
t # 47477
v 0 11
v 1 11
v 2 1
v 3 1
v 4 1
v 5 1
v 6 1
v 7 1
v 8 2
v 9 3
v 10 3
v 11 3
v 12 3
v 13 3
v 14 3
v 15 3
v 16 3
v 17 3
v 18 3
v 19 3
v 20 3
v 21 3
v 22 3
v 23 4
v 24 4
v 25 4
v 26 4
v 27 4
v 28 4
v 29 4
v 30 4
v 31 4
v 32 4
v 33 4
v 34 4
v 35 4
v 36 4
v 37 4
v 38 4
v 39 4
e 0 10 1
e 1 20 1
e 2 12 1
e 2 14 1
e 3 11 1
e 3 36 1
e 4 11 2
e 5 14 2
e 6 21 1
e 6 22 1
e 7 21 2
e 8 9 1
e 8 14 1
e 8 26 1
e 9 10 1
e 9 11 1
e 9 23 1
e 10 24 1
e 10 25 1
e 12 13 1
e 12 27 1
e 12 28 1
e 13 15 2
e 13 16 1
e 15 17 1
e 15 29 1
e 16 18 2
e 16 30 1
e 17 19 2
e 17 31 1
e 18 19 1
e 18 32 1
e 19 33 1
e 20 21 1
e 20 34 1
e 20 35 1
e 22 37 1
e 22 38 1
e 22 39 1
t # 47478
v 0 11
v 1 1
v 2 1
v 3 1
v 4 1
v 5 2
v 6 2
v 7 3
v 8 3
v 9 3
v 10 3
v 11 3
v 12 3
v 13 3
v 14 3
v 15 3
v 16 3
v 17 3
v 18 3
v 19 3
v 20 3
v 21 3
v 22 3
v 23 3
v 24 3
v 25 3
v 26 3
v 27 3
v 28 3
v 29 3
v 30 3
v 31 3
v 32 3
v 33 3
v 34 3
v 35 3
v 36 3
v 37 3
v 38 3
v 39 3
v 40 3
v 41 4
v 42 4
v 43 4
v 44 4
v 45 4
v 46 4
v 47 4
v 48 4
v 49 4
v 50 4
v 51 4
v 52 4
v 53 4
v 54 4
v 55 4
v 56 4
v 57 4
v 58 4
v 59 4
v 60 4
v 61 4
v 62 4
v 63 4
v 64 4
v 65 4
v 66 4
v 67 4
v 68 4
v 69 4
v 70 4
v 71 4
v 72 4
v 73 4
v 74 4
v 75 4
v 76 4
v 77 4
v 78 4
e 0 7 1
e 0 11 1
e 1 28 1
e 1 60 1
e 2 28 2
e 3 29 1
e 3 30 1
e 4 29 2
e 5 12 1
e 5 29 1
e 5 56 1
e 6 37 1
e 6 38 1
e 6 72 1
e 7 8 1
e 7 9 1
e 7 10 1
e 8 13 2
e 8 16 1
e 9 14 2
e 9 17 1
e 10 15 2
e 10 18 1
e 11 12 1
e 11 41 1
e 11 42 1
e 12 28 1
e 12 43 1
e 13 19 1
e 13 44 1
e 14 20 1
e 14 45 1
e 15 21 1
e 15 46 1
e 16 22 2
e 16 47 1
e 17 23 2
e 17 48 1
e 18 24 2
e 18 49 1
e 19 25 2
e 19 50 1
e 20 26 2
e 20 51 1
e 21 27 2
e 21 52 1
e 22 25 1
e 22 53 1
e 23 26 1
e 23 54 1
e 24 27 1
e 24 55 1
e 25 57 1
e 26 58 1
e 27 59 1
e 30 31 1
e 30 61 1
e 30 62 1
e 31 32 2
e 31 33 1
e 32 34 1
e 32 63 1
e 33 35 2
e 33 64 1
e 34 36 2
e 34 65 1
e 35 36 1
e 35 66 1
e 36 67 1
e 37 39 1
e 37 68 1
e 37 69 1
e 38 40 1
e 38 70 1
e 38 71 1
e 39 73 1
e 39 74 1
e 39 75 1
e 40 76 1
e 40 77 1
e 40 78 1
t # 47479
v 0 11
v 1 1
v 2 1
v 3 2
v 4 3
v 5 3
v 6 3
v 7 3
v 8 3
v 9 3
v 10 3
v 11 3
v 12 3
v 13 3
v 14 3
v 15 3
v 16 3
v 17 3
v 18 3
v 19 3
v 20 3
v 21 3
v 22 3
v 23 3
v 24 3
v 25 3
v 26 3
v 27 3
v 28 3
v 29 3
v 30 3
v 31 3
v 32 3
v 33 3
v 34 3
v 35 3
v 36 3
v 37 3
v 38 3
v 39 4
v 40 4
v 41 4
v 42 4
v 43 4
v 44 4
v 45 4
v 46 4
v 47 4
v 48 4
v 49 4
v 50 4
v 51 4
v 52 4
v 53 4
v 54 4
v 55 4
v 56 4
v 57 4
v 58 4
v 59 4
v 60 4
v 61 4
v 62 4
v 63 4
v 64 4
v 65 4
v 66 4
v 67 4
v 68 4
v 69 4
e 0 4 1
e 0 8 1
e 1 16 1
e 1 17 1
e 2 16 2
e 3 9 1
e 3 55 1
e 3 56 1
e 4 5 1
e 4 6 1
e 4 7 1
e 5 10 2
e 5 13 1
e 6 11 2
e 6 14 1
e 7 12 2
e 7 15 1
e 8 9 1
e 8 39 1
e 8 40 1
e 9 16 1
e 9 41 1
e 10 18 1
e 10 42 1
e 11 19 1
e 11 43 1
e 12 20 1
e 12 44 1
e 13 21 2
e 13 45 1
e 14 22 2
e 14 46 1
e 15 23 2
e 15 47 1
e 17 27 1
e 17 28 1
e 17 48 1
e 18 24 2
e 18 49 1
e 19 25 2
e 19 50 1
e 20 26 2
e 20 51 1
e 21 24 1
e 21 52 1
e 22 25 1
e 22 53 1
e 23 26 1
e 23 54 1
e 24 57 1
e 25 58 1
e 26 59 1
e 27 29 2
e 27 31 1
e 28 30 2
e 28 32 1
e 29 33 1
e 29 60 1
e 30 34 1
e 30 61 1
e 31 35 2
e 31 62 1
e 32 36 2
e 32 63 1
e 33 37 2
e 33 64 1
e 34 38 2
e 34 65 1
e 35 37 1
e 35 66 1
e 36 38 1
e 36 67 1
e 37 68 1
e 38 69 1
t # 47480
v 0 11
v 1 1
v 2 1
v 3 1
v 4 1
v 5 1
v 6 1
v 7 1
v 8 1
v 9 2
v 10 2
v 11 2
v 12 3
v 13 3
v 14 3
v 15 3
v 16 3
v 17 3
v 18 3
v 19 3
v 20 3
v 21 3
v 22 3
v 23 3
v 24 3
v 25 3
v 26 3
v 27 3
v 28 3
v 29 3
v 30 3
v 31 3
v 32 3
v 33 3
v 34 3
v 35 3
v 36 3
v 37 3
v 38 3
v 39 3
v 40 3
v 41 3
v 42 3
v 43 3
v 44 3
v 45 3
v 46 3
v 47 3
v 48 3
v 49 3
v 50 3
v 51 4
v 52 4
v 53 4
v 54 4
v 55 4
v 56 4
v 57 4
v 58 4
v 59 4
v 60 4
v 61 4
v 62 4
v 63 4
v 64 4
v 65 4
v 66 4
v 67 4
v 68 4
v 69 4
v 70 4
v 71 4
v 72 4
v 73 4
v 74 4
v 75 4
v 76 4
v 77 4
v 78 4
v 79 4
v 80 4
v 81 4
v 82 4
v 83 4
v 84 4
v 85 4
v 86 4
v 87 4
v 88 4
v 89 4
v 90 4
v 91 4
v 92 4
v 93 4
e 0 12 1
e 0 16 1
e 1 25 2
e 2 38 1
e 2 42 1
e 3 27 2
e 4 42 2
e 5 49 1
e 5 92 1
e 6 50 1
e 6 93 1
e 7 49 2
e 8 50 2
e 9 18 1
e 9 25 1
e 9 63 1
e 10 17 1
e 10 64 1
e 10 65 1
e 11 27 1
e 11 39 1
e 11 75 1
e 12 13 1
e 12 14 1
e 12 15 1
e 13 19 2
e 13 22 1
e 14 20 2
e 14 23 1
e 15 21 2
e 15 24 1
e 16 17 1
e 16 51 1
e 16 52 1
e 17 25 1
e 17 53 1
e 18 26 1
e 18 27 1
e 18 54 1
e 19 28 1
e 19 55 1
e 20 29 1
e 20 56 1
e 21 30 1
e 21 57 1
e 22 31 2
e 22 58 1
e 23 32 2
e 23 59 1
e 24 33 2
e 24 60 1
e 26 34 1
e 26 61 1
e 26 62 1
e 28 35 2
e 28 66 1
e 29 36 2
e 29 67 1
e 30 37 2
e 30 68 1
e 31 35 1
e 31 69 1
e 32 36 1
e 32 70 1
e 33 37 1
e 33 71 1
e 34 40 2
e 34 41 1
e 35 72 1
e 36 73 1
e 37 74 1
e 38 43 1
e 38 44 1
e 38 45 1
e 39 42 1
e 39 76 1
e 39 77 1
e 40 46 1
e 40 78 1
e 41 47 2
e 41 79 1
e 43 80 1
e 43 81 1
e 43 82 1
e 44 83 1
e 44 84 1
e 44 85 1
e 45 86 1
e 45 87 1
e 45 88 1
e 46 48 2
e 46 89 1
e 47 48 1
e 47 90 1
e 48 91 1
e 49 50 1
t # 47481
v 0 11
v 1 1
v 2 1
v 3 1
v 4 1
v 5 1
v 6 1
v 7 1
v 8 2
v 9 2
v 10 2
v 11 3
v 12 3
v 13 3
v 14 3
v 15 3
v 16 3
v 17 3
v 18 3
v 19 3
v 20 3
v 21 3
v 22 3
v 23 3
v 24 3
v 25 3
v 26 3
v 27 3
v 28 3
v 29 3
v 30 3
v 31 3
v 32 3
v 33 3
v 34 3
v 35 3
v 36 3
v 37 3
v 38 3
v 39 3
v 40 3
v 41 3
v 42 3
v 43 3
v 44 3
v 45 3
v 46 3
v 47 3
v 48 3
v 49 3
v 50 4
v 51 4
v 52 4
v 53 4
v 54 4
v 55 4
v 56 4
v 57 4
v 58 4
v 59 4
v 60 4
v 61 4
v 62 4
v 63 4
v 64 4
v 65 4
v 66 4
v 67 4
v 68 4
v 69 4
v 70 4
v 71 4
v 72 4
v 73 4
v 74 4
v 75 4
v 76 4
v 77 4
v 78 4
v 79 4
v 80 4
v 81 4
v 82 4
v 83 4
v 84 4
e 0 11 1
e 0 15 1
e 1 23 2
e 2 33 1
e 2 36 1
e 3 33 2
e 4 35 1
e 4 38 1
e 5 35 2
e 8 16 1
e 8 33 1
e 8 59 1
e 9 23 1
e 9 34 1
e 9 69 1
e 10 42 1
e 11 12 1
e 11 13 1
e 11 14 1
e 12 17 2
e 12 20 1
e 13 18 2
e 13 21 1
e 14 19 2
e 14 22 1
e 15 16 1
e 15 50 1
e 15 51 1
e 16 23 1
e 16 52 1
e 17 24 1
e 17 53 1
e 18 25 1
e 18 54 1
e 19 26 1
e 19 55 1
e 20 27 2
e 20 56 1
e 21 28 2
e 21 57 1
e 22 29 2
e 22 58 1
e 24 30 2
e 24 60 1
e 25 31 2
e 25 61 1
e 26 32 2
e 26 62 1
e 27 30 1
e 27 63 1
e 28 31 1
e 28 64 1
e 29 32 1
e 29 65 1
e 30 66 1
e 31 67 1
e 32 68 1
e 34 35 1
e 34 70 1
e 34 71 1
e 36 37 1
e 36 72 1
e 36 73 1
e 37 40 2
e 37 41 1
e 38 39 1
e 38 74 1
e 38 75 1
e 39 42 1
e 39 43 2
e 40 44 1
e 40 76 1
e 41 45 2
e 41 77 1
e 42 46 2
e 43 47 1
e 43 78 1
e 44 48 2
e 44 79 1
e 45 48 1
e 45 80 1
e 46 49 1
e 46 81 1
e 47 49 2
e 47 82 1
e 48 83 1
e 49 84 1
t # 47482
v 0 11
v 1 1
v 2 1
v 3 1
v 4 1
v 5 1
v 6 1
v 7 2
v 8 2
v 9 2
v 10 3
v 11 3
v 12 3
v 13 3
v 14 3
v 15 3
v 16 3
v 17 3
v 18 3
v 19 3
v 20 3
v 21 3
v 22 3
v 23 3
v 24 3
v 25 3
v 26 3
v 27 3
v 28 3
v 29 3
v 30 3
v 31 3
v 32 3
v 33 3
v 34 3
v 35 3
v 36 3
v 37 3
v 38 3
v 39 3
v 40 3
v 41 3
v 42 3
v 43 3
v 44 3
v 45 3
v 46 3
v 47 3
v 48 3
v 49 3
v 50 3
v 51 3
v 52 3
v 53 3
v 54 3
v 55 3
v 56 3
v 57 3
v 58 3
v 59 3
v 60 4
v 61 4
v 62 4
v 63 4
v 64 4
v 65 4
v 66 4
v 67 4
v 68 4
v 69 4
v 70 4
v 71 4
v 72 4
v 73 4
v 74 4
v 75 4
v 76 4
v 77 4
v 78 4
v 79 4
v 80 4
v 81 4
v 82 4
v 83 4
v 84 4
v 85 4
v 86 4
v 87 4
v 88 4
v 89 4
v 90 4
v 91 4
v 92 4
v 93 4
v 94 4
v 95 4
v 96 4
v 97 4
v 98 4
v 99 4
v 100 4
v 101 4
v 102 4
v 103 4
v 104 4
v 105 4
v 106 4
v 107 4
v 108 4
e 0 10 1
e 0 14 1
e 1 18 2
e 2 34 1
e 2 39 1
e 3 21 2
e 4 34 2
e 5 42 1
e 5 53 1
e 6 42 2
e 7 12 1
e 7 18 1
e 7 65 1
e 8 11 1
e 8 34 1
e 8 72 1
e 9 21 1
e 9 38 1
e 9 85 1
e 10 15 1
e 10 16 1
e 10 17 1
e 11 13 1
e 11 18 1
e 11 60 1
e 12 14 1
e 12 21 1
e 12 61 1
e 13 19 1
e 13 20 1
e 13 62 1
e 14 63 1
e 14 64 1
e 15 22 2
e 15 25 1
e 16 23 2
e 16 26 1
e 17 24 2
e 17 27 1
e 19 66 1
e 19 67 1
e 19 68 1
e 20 69 1
e 20 70 1
e 20 71 1
e 22 28 1
e 22 73 1
e 23 29 1
e 23 74 1
e 24 30 1
e 24 75 1
e 25 31 2
e 25 76 1
e 26 32 2
e 26 77 1
e 27 33 2
e 27 78 1
e 28 35 2
e 28 79 1
e 29 36 2
e 29 80 1
e 30 37 2
e 30 81 1
e 31 35 1
e 31 82 1
e 32 36 1
e 32 83 1
e 33 37 1
e 33 84 1
e 35 86 1
e 36 87 1
e 37 88 1
e 38 42 1
e 38 89 1
e 38 90 1
e 39 40 1
e 39 41 1
e 39 91 1
e 40 43 2
e 40 45 1
e 41 44 2
e 41 46 1
e 43 47 1
e 43 92 1
e 44 48 1
e 44 93 1
e 45 49 2
e 45 94 1
e 46 50 2
e 46 95 1
e 47 51 2
e 47 96 1
e 48 52 2
e 48 97 1
e 49 51 1
e 49 98 1
e 50 52 1
e 50 99 1
e 51 100 1
e 52 101 1
e 53 54 1
e 53 102 1
e 53 103 1
e 54 55 2
e 54 56 1
e 55 57 1
e 55 104 1
e 56 58 2
e 56 105 1
e 57 59 2
e 57 106 1
e 58 59 1
e 58 107 1
e 59 108 1
t # 47483
v 0 11
v 1 11
v 2 1
v 3 1
v 4 1
v 5 1
v 6 1
v 7 1
v 8 1
v 9 2
v 10 2
v 11 2
v 12 3
v 13 3
v 14 3
v 15 3
v 16 3
v 17 3
v 18 3
v 19 3
v 20 3
v 21 3
v 22 3
v 23 3
v 24 3
v 25 3
v 26 3
v 27 3
v 28 3
v 29 3
v 30 3
v 31 3
v 32 3
v 33 3
v 34 3
v 35 3
v 36 3
v 37 3
v 38 3
v 39 3
v 40 3
v 41 3
v 42 3
v 43 3
v 44 3
v 45 3
v 46 3
v 47 3
v 48 3
v 49 3
v 50 3
v 51 3
v 52 3
v 53 3
v 54 4
v 55 4
v 56 4
v 57 4
v 58 4
v 59 4
v 60 4
v 61 4
v 62 4
v 63 4
v 64 4
v 65 4
v 66 4
v 67 4
v 68 4
v 69 4
v 70 4
v 71 4
v 72 4
v 73 4
v 74 4
v 75 4
v 76 4
v 77 4
v 78 4
v 79 4
v 80 4
v 81 4
v 82 4
v 83 4
v 84 4
v 85 4
v 86 4
v 87 4
v 88 4
v 89 4
v 90 4
v 91 4
v 92 4
v 93 4
v 94 4
v 95 4
v 96 4
v 97 4
v 98 4
v 99 4
v 100 4
v 101 4
v 102 4
e 0 12 1
e 0 16 1
e 1 36 1
e 1 39 1
e 2 24 2
e 3 26 2
e 4 39 1
e 4 41 1
e 5 40 1
e 5 45 1
e 6 42 1
e 6 46 1
e 7 40 2
e 8 42 2
e 9 17 1
e 9 26 1
e 9 63 1
e 10 24 1
e 10 37 1
e 10 76 1
e 11 25 1
e 11 40 1
e 11 77 1
e 12 13 1
e 12 14 1
e 12 15 1
e 13 18 2
e 13 21 1
e 14 19 2
e 14 22 1
e 15 20 2
e 15 23 1
e 16 17 1
e 16 54 1
e 16 55 1
e 17 24 1
e 17 56 1
e 18 27 1
e 18 57 1
e 19 28 1
e 19 58 1
e 20 29 1
e 20 59 1
e 21 30 2
e 21 60 1
e 22 31 2
e 22 61 1
e 23 32 2
e 23 62 1
e 25 26 1
e 25 36 1
e 25 64 1
e 27 33 2
e 27 65 1
e 28 34 2
e 28 66 1
e 29 35 2
e 29 67 1
e 30 33 1
e 30 68 1
e 31 34 1
e 31 69 1
e 32 35 1
e 32 70 1
e 33 71 1
e 34 72 1
e 35 73 1
e 36 74 1
e 36 75 1
e 37 42 1
e 37 78 1
e 37 79 1
e 38 41 1
e 38 43 1
e 38 44 1
e 38 80 1
e 39 81 1
e 39 82 1
e 41 83 1
e 41 84 1
e 43 85 1
e 43 86 1
e 43 87 1
e 44 88 1
e 44 89 1
e 44 90 1
e 45 47 1
e 45 91 1
e 45 92 1
e 46 48 1
e 46 93 1
e 46 94 1
e 47 49 2
e 47 50 1
e 48 97 1
e 48 98 1
e 48 99 1
e 49 51 1
e 49 95 1
e 50 52 2
e 50 96 1
e 51 53 2
e 51 100 1
e 52 53 1
e 52 101 1
e 53 102 1
t # 47484
v 0 11
v 1 1
v 2 1
v 3 3
v 4 3
v 5 3
v 6 3
v 7 3
v 8 3
v 9 3
v 10 3
v 11 3
v 12 3
v 13 3
v 14 3
v 15 3
v 16 3
v 17 3
v 18 3
v 19 3
v 20 3
v 21 3
v 22 3
v 23 3
v 24 3
v 25 3
v 26 3
v 27 3
v 28 3
v 29 4
v 30 4
v 31 4
v 32 4
v 33 4
v 34 4
v 35 4
v 36 4
v 37 4
v 38 4
v 39 4
v 40 4
v 41 4
v 42 4
v 43 4
v 44 4
v 45 4
v 46 4
v 47 4
v 48 4
v 49 4
v 50 4
v 51 4
v 52 4
v 53 4
v 54 4
v 55 4
v 56 4
e 0 3 1
e 0 7 1
e 1 9 1
e 1 16 1
e 2 16 2
e 3 4 1
e 3 5 1
e 3 6 1
e 4 10 2
e 4 13 1
e 5 11 2
e 5 14 1
e 6 12 2
e 6 15 1
e 7 8 1
e 7 29 1
e 7 30 1
e 8 16 1
e 8 31 1
e 8 32 1
e 9 23 1
e 9 24 1
e 9 25 1
e 10 17 1
e 10 33 1
e 11 18 1
e 11 34 1
e 12 19 1
e 12 35 1
e 13 20 2
e 13 36 1
e 14 21 2
e 14 37 1
e 15 22 2
e 15 38 1
e 17 26 2
e 17 39 1
e 18 27 2
e 18 40 1
e 19 28 2
e 19 41 1
e 20 26 1
e 20 42 1
e 21 27 1
e 21 43 1
e 22 28 1
e 22 44 1
e 23 45 1
e 23 46 1
e 23 47 1
e 24 48 1
e 24 49 1
e 24 50 1
e 25 51 1
e 25 52 1
e 25 53 1
e 26 54 1
e 27 55 1
e 28 56 1
t # 47485
v 0 11
v 1 1
v 2 1
v 3 1
v 4 1
v 5 1
v 6 1
v 7 1
v 8 2
v 9 2
v 10 2
v 11 2
v 12 3
v 13 3
v 14 3
v 15 3
v 16 3
v 17 3
v 18 3
v 19 3
v 20 3
v 21 3
v 22 3
v 23 3
v 24 3
v 25 3
v 26 3
v 27 3
v 28 3
v 29 3
v 30 3
v 31 3
v 32 3
v 33 3
v 34 3
v 35 3
v 36 3
v 37 3
v 38 3
v 39 3
v 40 3
v 41 3
v 42 3
v 43 3
v 44 3
v 45 3
v 46 3
v 47 3
v 48 4
v 49 4
v 50 4
v 51 4
v 52 4
v 53 4
v 54 4
v 55 4
v 56 4
v 57 4
v 58 4
v 59 4
v 60 4
v 61 4
v 62 4
v 63 4
v 64 4
v 65 4
v 66 4
v 67 4
v 68 4
v 69 4
v 70 4
v 71 4
v 72 4
v 73 4
v 74 4
v 75 4
v 76 4
v 77 4
v 78 4
v 79 4
v 80 4
v 81 4
v 82 4
v 83 4
e 0 12 1
e 0 16 1
e 1 24 2
e 2 34 1
e 2 37 1
e 3 34 2
e 4 36 2
e 5 42 2
e 6 47 1
e 6 83 1
e 7 47 2
e 8 17 1
e 8 34 1
e 8 57 1
e 9 24 1
e 9 35 1
e 9 67 1
e 10 36 1
e 10 39 1
e 10 72 1
e 11 42 1
e 11 46 1
e 11 80 1
e 12 13 1
e 12 14 1
e 12 15 1
e 13 18 2
e 13 21 1
e 14 19 2
e 14 22 1
e 15 20 2
e 15 23 1
e 16 17 1
e 16 48 1
e 16 49 1
e 17 24 1
e 17 50 1
e 18 25 1
e 18 51 1
e 19 26 1
e 19 52 1
e 20 27 1
e 20 53 1
e 21 28 2
e 21 54 1
e 22 29 2
e 22 55 1
e 23 30 2
e 23 56 1
e 25 31 2
e 25 58 1
e 26 32 2
e 26 59 1
e 27 33 2
e 27 60 1
e 28 31 1
e 28 61 1
e 29 32 1
e 29 62 1
e 30 33 1
e 30 63 1
e 31 64 1
e 32 65 1
e 33 66 1
e 35 36 1
e 35 68 1
e 35 69 1
e 37 38 1
e 37 70 1
e 37 71 1
e 38 40 2
e 38 41 1
e 39 42 1
e 39 73 1
e 39 74 1
e 40 43 1
e 40 75 1
e 41 44 2
e 41 76 1
e 43 45 2
e 43 77 1
e 44 45 1
e 44 78 1
e 45 79 1
e 46 47 1
e 46 81 1
e 46 82 1
t # 47486
v 0 11
v 1 11
v 2 1
v 3 1
v 4 1
v 5 1
v 6 1
v 7 1
v 8 2
v 9 2
v 10 2
v 11 2
v 12 3
v 13 3
v 14 3
v 15 3
v 16 3
v 17 3
v 18 3
v 19 3
v 20 3
v 21 3
v 22 3
v 23 3
v 24 3
v 25 3
v 26 3
v 27 3
v 28 3
v 29 3
v 30 3
v 31 3
v 32 3
v 33 3
v 34 3
v 35 3
v 36 3
v 37 3
v 38 3
v 39 3
v 40 3
v 41 3
v 42 3
v 43 3
v 44 3
v 45 3
v 46 3
v 47 3
v 48 3
v 49 3
v 50 3
v 51 3
v 52 3
v 53 3
v 54 3
v 55 4
v 56 4
v 57 4
v 58 4
v 59 4
v 60 4
v 61 4
v 62 4
v 63 4
v 64 4
v 65 4
v 66 4
v 67 4
v 68 4
v 69 4
v 70 4
v 71 4
v 72 4
v 73 4
v 74 4
v 75 4
v 76 4
v 77 4
v 78 4
v 79 4
v 80 4
v 81 4
v 82 4
v 83 4
v 84 4
v 85 4
v 86 4
v 87 4
v 88 4
v 89 4
v 90 4
v 91 4
v 92 4
v 93 4
v 94 4
v 95 4
v 96 4
v 97 4
v 98 4
e 0 12 1
e 0 16 1
e 1 42 1
e 2 19 2
e 3 38 1
e 3 43 1
e 4 27 2
e 5 43 2
e 8 18 1
e 8 19 1
e 8 65 1
e 9 17 1
e 9 68 1
e 10 27 1
e 10 41 1
e 10 78 1
e 11 50 1
e 12 13 1
e 12 14 1
e 12 15 1
e 13 20 2
e 13 23 1
e 14 21 2
e 14 24 1
e 15 22 2
e 15 25 1
e 16 17 1
e 16 55 1
e 16 56 1
e 17 19 1
e 17 57 1
e 18 26 1
e 18 27 1
e 18 58 1
e 20 28 1
e 20 59 1
e 21 29 1
e 21 60 1
e 22 30 1
e 22 61 1
e 23 31 2
e 23 62 1
e 24 32 2
e 24 63 1
e 25 33 2
e 25 64 1
e 26 34 1
e 26 66 1
e 26 67 1
e 28 35 2
e 28 69 1
e 29 36 2
e 29 70 1
e 30 37 2
e 30 71 1
e 31 35 1
e 31 72 1
e 32 36 1
e 32 73 1
e 33 37 1
e 33 74 1
e 34 39 2
e 34 40 1
e 35 75 1
e 36 76 1
e 37 77 1
e 38 46 1
e 38 47 1
e 38 48 1
e 39 44 1
e 39 79 1
e 40 45 2
e 40 80 1
e 41 43 1
e 41 81 1
e 41 82 1
e 42 50 1
e 42 51 2
e 44 49 2
e 44 83 1
e 45 49 1
e 45 84 1
e 46 85 1
e 46 86 1
e 46 87 1
e 47 88 1
e 47 89 1
e 47 90 1
e 48 91 1
e 48 92 1
e 48 93 1
e 49 94 1
e 50 52 2
e 51 53 1
e 51 95 1
e 52 54 1
e 52 96 1
e 53 54 2
e 53 97 1
e 54 98 1
t # 47487
v 0 11
v 1 1
v 2 1
v 3 1
v 4 1
v 5 1
v 6 1
v 7 1
v 8 2
v 9 2
v 10 2
v 11 2
v 12 3
v 13 3
v 14 3
v 15 3
v 16 3
v 17 3
v 18 3
v 19 3
v 20 3
v 21 3
v 22 3
v 23 3
v 24 3
v 25 3
v 26 3
v 27 3
v 28 3
v 29 3
v 30 3
v 31 3
v 32 3
v 33 3
v 34 3
v 35 3
v 36 3
v 37 3
v 38 3
v 39 3
v 40 3
v 41 3
v 42 3
v 43 3
v 44 3
v 45 3
v 46 3
v 47 3
v 48 3
v 49 3
v 50 3
v 51 3
v 52 4
v 53 4
v 54 4
v 55 4
v 56 4
v 57 4
v 58 4
v 59 4
v 60 4
v 61 4
v 62 4
v 63 4
v 64 4
v 65 4
v 66 4
v 67 4
v 68 4
v 69 4
v 70 4
v 71 4
v 72 4
v 73 4
v 74 4
v 75 4
v 76 4
v 77 4
v 78 4
v 79 4
v 80 4
v 81 4
v 82 4
v 83 4
v 84 4
v 85 4
v 86 4
v 87 4
v 88 4
v 89 4
v 90 4
v 91 4
v 92 4
v 93 4
v 94 4
v 95 4
e 0 12 1
e 0 16 1
e 1 24 2
e 2 34 1
e 2 41 1
e 3 36 1
e 3 43 1
e 4 34 2
e 5 37 2
e 6 43 2
e 7 46 2
e 8 17 1
e 8 34 1
e 8 67 1
e 9 24 1
e 9 35 1
e 9 71 1
e 10 37 1
e 10 42 1
e 10 85 1
e 11 44 1
e 11 46 1
e 11 90 1
e 12 13 1
e 12 14 1
e 12 15 1
e 13 18 2
e 13 21 1
e 14 19 2
e 14 22 1
e 15 20 2
e 15 23 1
e 16 17 1
e 16 52 1
e 16 53 1
e 17 24 1
e 17 54 1
e 18 25 1
e 18 55 1
e 19 26 1
e 19 56 1
e 20 27 1
e 20 57 1
e 21 28 2
e 21 58 1
e 22 29 2
e 22 59 1
e 23 30 2
e 23 60 1
e 25 31 2
e 25 61 1
e 26 32 2
e 26 62 1
e 27 33 2
e 27 63 1
e 28 31 1
e 28 64 1
e 29 32 1
e 29 65 1
e 30 33 1
e 30 66 1
e 31 68 1
e 32 69 1
e 33 70 1
e 35 37 1
e 35 72 1
e 35 73 1
e 36 38 1
e 36 39 1
e 36 40 1
e 38 74 1
e 38 75 1
e 38 76 1
e 39 77 1
e 39 78 1
e 39 79 1
e 40 80 1
e 40 81 1
e 40 82 1
e 41 45 1
e 41 83 1
e 41 84 1
e 42 46 1
e 42 86 1
e 42 87 1
e 43 44 1
e 44 88 1
e 44 89 1
e 45 47 2
e 45 48 1
e 47 49 1
e 47 91 1
e 48 50 2
e 48 92 1
e 49 51 2
e 49 93 1
e 50 51 1
e 50 94 1
e 51 95 1
t # 47488
v 0 2
v 1 2
v 2 3
v 3 3
v 4 3
v 5 3
v 6 3
v 7 3
v 8 3
v 9 3
v 10 3
v 11 3
v 12 4
v 13 4
v 14 4
v 15 4
v 16 4
v 17 4
v 18 4
v 19 4
v 20 4
v 21 4
v 22 4
v 23 4
e 0 2 1
e 0 10 1
e 0 14 1
e 2 3 2
e 2 4 1
e 3 5 1
e 3 8 1
e 4 6 2
e 4 9 1
e 5 7 2
e 5 12 1
e 6 7 1
e 6 13 1
e 7 11 1
e 8 15 1
e 8 16 1
e 8 17 1
e 9 18 1
e 9 19 1
e 9 20 1
e 10 21 1
e 10 22 1
e 10 23 1
t # 47489
v 0 11
v 1 1
v 2 1
v 3 1
v 4 1
v 5 2
v 6 2
v 7 2
v 8 2
v 9 2
v 10 2
v 11 2
v 12 3
v 13 3
v 14 3
v 15 3
v 16 3
v 17 3
v 18 3
v 19 3
v 20 3
v 21 3
v 22 3
v 23 3
v 24 3
v 25 3
v 26 3
v 27 3
v 28 3
v 29 3
v 30 3
v 31 3
v 32 4
v 33 4
v 34 4
v 35 4
v 36 4
v 37 4
v 38 4
v 39 4
v 40 4
v 41 4
v 42 4
v 43 4
v 44 4
v 45 4
v 46 4
v 47 4
v 48 4
v 49 4
v 50 4
v 51 4
v 52 4
v 53 4
v 54 4
v 55 4
v 56 4
v 57 4
v 58 4
e 0 3 2
e 0 4 2
e 0 30 1
e 1 23 2
e 2 58 1
e 5 12 1
e 5 15 1
e 5 16 1
e 6 12 1
e 6 17 2
e 7 16 2
e 7 17 1
e 8 16 1
e 8 42 1
e 8 43 1
e 9 17 1
e 9 44 1
e 9 45 1
e 10 22 1
e 10 23 1
e 10 46 1
e 11 23 1
e 11 24 1
e 11 47 1
e 12 13 1
e 12 14 1
e 13 32 1
e 13 33 1
e 13 34 1
e 14 35 1
e 14 36 1
e 14 37 1
e 15 18 2
e 15 19 1
e 18 20 1
e 18 38 1
e 19 21 2
e 19 39 1
e 20 22 2
e 20 40 1
e 21 22 1
e 21 41 1
e 24 25 2
e 24 26 1
e 25 27 1
e 25 48 1
e 26 28 2
e 26 49 1
e 27 29 2
e 27 50 1
e 28 29 1
e 28 51 1
e 29 52 1
e 30 31 1
e 30 53 1
e 30 54 1
e 31 55 1
e 31 56 1
e 31 57 1
t # 47490
v 0 1
v 1 1
v 2 1
v 3 1
v 4 1
v 5 1
v 6 1
v 7 1
v 8 1
v 9 1
v 10 2
v 11 2
v 12 2
v 13 2
v 14 2
v 15 3
v 16 3
v 17 3
v 18 3
v 19 3
v 20 3
v 21 3
v 22 3
v 23 3
v 24 3
v 25 3
v 26 3
v 27 3
v 28 3
v 29 4
v 30 4
v 31 4
v 32 4
v 33 4
v 34 4
v 35 4
v 36 4
v 37 4
v 38 4
v 39 4
v 40 4
v 41 4
e 0 20 2
e 1 24 1
e 1 40 1
e 2 26 1
e 2 41 1
e 3 26 2
e 10 17 1
e 10 20 1
e 10 32 1
e 11 19 1
e 11 38 1
e 11 39 1
e 12 22 1
e 13 23 1
e 14 25 1
e 15 16 2
e 15 19 1
e 15 20 1
e 16 18 1
e 16 26 1
e 17 18 2
e 17 21 1
e 18 29 1
e 19 30 1
e 19 31 1
e 21 33 1
e 21 34 1
e 21 35 1
e 22 24 2
e 22 27 1
e 23 24 1
e 23 28 2
e 25 27 2
e 25 28 1
e 27 36 1
e 28 37 1
t # 47491
v 0 1
v 1 1
v 2 1
v 3 1
v 4 2
v 5 2
v 6 3
v 7 3
v 8 3
v 9 3
v 10 3
v 11 3
v 12 3
v 13 3
v 14 3
v 15 3
v 16 4
v 17 4
v 18 4
v 19 4
v 20 4
v 21 4
v 22 4
v 23 4
e 0 8 2
e 1 9 2
e 2 12 2
e 3 13 2
e 4 8 1
e 4 9 1
e 4 13 1
e 5 11 1
e 5 12 1
e 5 17 1
e 6 7 2
e 6 8 1
e 6 10 1
e 7 9 1
e 7 12 1
e 10 11 2
e 10 16 1
e 11 14 1
e 13 15 1
e 14 18 1
e 14 19 1
e 14 20 1
e 15 21 1
e 15 22 1
e 15 23 1
t # 47492
v 0 1
v 1 1
v 2 2
v 3 2
v 4 2
v 5 3
v 6 3
v 7 3
v 8 3
v 9 3
v 10 3
v 11 3
v 12 3
v 13 4
v 14 4
v 15 4
v 16 4
v 17 4
v 18 4
v 19 4
e 0 9 2
e 1 11 2
e 2 5 1
e 2 9 1
e 2 14 1
e 3 11 1
e 3 18 1
e 3 19 1
e 5 7 2
e 5 10 1
e 6 7 1
e 6 8 2
e 6 11 1
e 7 13 1
e 8 9 1
e 8 12 1
e 10 15 1
e 10 16 1
e 10 17 1
t # 47493
v 0 1
v 1 1
v 2 1
v 3 1
v 4 1
v 5 1
v 6 1
v 7 1
v 8 1
v 9 1
v 10 2
v 11 2
v 12 2
v 13 3
v 14 3
v 15 3
v 16 3
v 17 3
v 18 3
v 19 3
v 20 3
v 21 3
v 22 3
v 23 3
v 24 3
v 25 3
v 26 3
v 27 3
v 28 3
v 29 3
v 30 3
v 31 4
v 32 4
v 33 4
v 34 4
v 35 4
v 36 4
v 37 4
v 38 4
v 39 4
v 40 4
v 41 4
v 42 4
v 43 4
v 44 4
v 45 4
v 46 4
v 47 4
v 48 4
v 49 4
v 50 4
v 51 4
v 52 4
v 53 4
e 0 15 1
e 0 16 1
e 1 13 1
e 1 20 1
e 2 14 1
e 2 21 1
e 3 17 1
e 3 24 1
e 4 19 2
e 5 20 2
e 6 21 2
e 7 24 2
e 8 28 1
e 8 29 1
e 9 28 2
e 10 16 1
e 10 18 1
e 10 19 1
e 11 19 1
e 11 23 2
e 12 23 1
e 12 28 1
e 12 45 1
e 13 14 1
e 13 15 1
e 13 31 1
e 14 16 1
e 14 32 1
e 15 17 1
e 15 33 1
e 16 34 1
e 17 35 1
e 17 36 1
e 18 22 2
e 18 37 1
e 20 25 1
e 21 26 1
e 22 23 1
e 22 38 1
e 24 27 1
e 25 39 1
e 25 40 1
e 25 41 1
e 26 42 1
e 26 43 1
e 26 44 1
e 27 46 1
e 27 47 1
e 27 48 1
e 29 30 1
e 29 49 1
e 29 50 1
e 30 51 1
e 30 52 1
e 30 53 1
t # 47494
v 0 1
v 1 1
v 2 1
v 3 1
v 4 1
v 5 1
v 6 1
v 7 1
v 8 1
v 9 1
v 10 1
v 11 2
v 12 2
v 13 2
v 14 2
v 15 2
v 16 2
v 17 3
v 18 3
v 19 3
v 20 3
v 21 3
v 22 3
v 23 3
v 24 3
v 25 3
v 26 3
v 27 3
v 28 3
v 29 3
v 30 3
v 31 3
v 32 3
v 33 3
v 34 3
v 35 3
v 36 4
v 37 4
v 38 4
v 39 4
v 40 4
v 41 4
v 42 4
v 43 4
v 44 4
v 45 4
v 46 4
v 47 4
v 48 4
v 49 4
v 50 4
v 51 4
v 52 4
v 53 4
v 54 4
v 55 4
v 56 4
v 57 4
v 58 4
v 59 4
e 0 21 1
e 0 23 1
e 1 22 1
e 1 24 1
e 2 17 1
e 2 48 1
e 3 18 1
e 3 49 1
e 4 19 1
e 4 50 1
e 5 20 1
e 5 51 1
e 6 25 1
e 6 54 1
e 7 26 1
e 7 55 1
e 8 29 2
e 9 30 2
e 10 35 2
e 11 23 1
e 11 27 1
e 11 29 1
e 12 24 1
e 12 28 1
e 12 30 1
e 13 29 1
e 13 33 2
e 14 30 1
e 14 34 2
e 15 33 1
e 15 35 1
e 15 58 1
e 16 34 1
e 16 35 1
e 16 59 1
e 17 19 1
e 17 21 1
e 17 36 1
e 18 20 1
e 18 22 1
e 18 37 1
e 19 23 1
e 19 38 1
e 20 24 1
e 20 39 1
e 21 25 1
e 21 40 1
e 22 26 1
e 22 41 1
e 23 42 1
e 24 43 1
e 25 44 1
e 25 45 1
e 26 46 1
e 26 47 1
e 27 31 2
e 27 52 1
e 28 32 2
e 28 53 1
e 31 33 1
e 31 56 1
e 32 34 1
e 32 57 1
t # 47495
v 0 1
v 1 1
v 2 2
v 3 3
v 4 3
v 5 3
v 6 3
v 7 3
v 8 4
v 9 4
v 10 4
v 11 4
v 12 4
v 13 4
v 14 4
e 0 4 1
e 0 7 1
e 1 7 2
e 2 3 1
e 2 7 1
e 2 8 1
e 3 4 2
e 3 5 1
e 4 6 1
e 5 9 1
e 5 10 1
e 5 11 1
e 6 12 1
e 6 13 1
e 6 14 1
t # 47496
v 0 12
v 1 1
v 2 1
v 3 2
v 4 2
v 5 2
v 6 3
v 7 3
v 8 3
v 9 3
v 10 3
v 11 3
v 12 3
v 13 3
v 14 3
v 15 3
v 16 3
v 17 3
v 18 4
v 19 4
v 20 4
v 21 4
v 22 4
v 23 4
v 24 4
v 25 4
e 0 9 1
e 3 8 1
e 4 14 2
e 4 17 1
e 5 16 1
e 5 17 2
e 6 7 1
e 6 9 2
e 6 10 1
e 7 8 2
e 7 18 1
e 8 11 1
e 9 12 1
e 10 13 2
e 10 19 1
e 11 12 2
e 11 20 1
e 12 21 1
e 13 14 1
e 13 22 1
e 14 15 1
e 15 16 2
e 15 23 1
e 16 24 1
e 17 25 1
t # 47497
v 0 12
v 1 1
v 2 1
v 3 2
v 4 2
v 5 2
v 6 3
v 7 3
v 8 3
v 9 3
v 10 3
v 11 3
v 12 3
v 13 3
v 14 3
v 15 3
v 16 3
v 17 3
v 18 4
v 19 4
v 20 4
v 21 4
v 22 4
v 23 4
v 24 4
v 25 4
e 0 9 1
e 3 8 1
e 4 14 1
e 4 15 2
e 5 14 2
e 5 16 1
e 6 7 1
e 6 9 2
e 6 10 1
e 7 8 2
e 7 18 1
e 8 11 1
e 9 12 1
e 10 13 2
e 10 19 1
e 11 12 2
e 11 20 1
e 12 21 1
e 13 14 1
e 13 22 1
e 15 17 1
e 15 23 1
e 16 17 2
e 16 24 1
e 17 25 1
t # 47498
v 0 12
v 1 1
v 2 2
v 3 3
v 4 3
v 5 3
v 6 3
v 7 3
v 8 3
v 9 3
v 10 3
v 11 3
v 12 3
v 13 3
v 14 3
v 15 3
v 16 3
v 17 3
v 18 4
v 19 4
v 20 4
v 21 4
v 22 4
v 23 4
v 24 4
v 25 4
v 26 4
v 27 4
e 0 13 1
e 1 3 1
e 1 5 1
e 2 4 1
e 2 5 2
e 3 4 1
e 3 7 2
e 4 8 2
e 5 9 1
e 6 10 1
e 6 13 1
e 6 14 2
e 7 11 1
e 7 18 1
e 8 12 1
e 8 19 1
e 9 10 2
e 9 20 1
e 10 21 1
e 11 12 2
e 11 22 1
e 12 23 1
e 13 15 2
e 14 16 1
e 14 24 1
e 15 17 1
e 15 25 1
e 16 17 2
e 16 26 1
e 17 27 1
t # 47499
v 0 12
v 1 11
v 2 2
v 3 3
v 4 3
v 5 3
v 6 3
v 7 3
v 8 3
v 9 3
v 10 3
v 11 3
v 12 3
v 13 3
v 14 3
v 15 3
v 16 3
v 17 3
v 18 3
v 19 3
v 20 3
v 21 3
v 22 4
v 23 4
v 24 4
v 25 4
v 26 4
v 27 4
v 28 4
v 29 4
v 30 4
v 31 4
v 32 4
v 33 4
e 0 6 1
e 1 12 1
e 1 14 1
e 2 13 1
e 2 14 2
e 3 4 1
e 3 5 1
e 3 7 2
e 4 6 2
e 4 9 1
e 5 8 1
e 5 10 2
e 6 11 1
e 7 16 1
e 7 22 1
e 8 11 2
e 8 23 1
e 9 15 2
e 9 24 1
e 10 17 1
e 10 25 1
e 11 26 1
e 12 13 1
e 12 18 2
e 13 19 2
e 14 15 1
e 15 27 1
e 16 17 2
e 16 28 1
e 17 29 1
e 18 20 1
e 18 30 1
e 19 21 1
e 19 31 1
e 20 21 2
e 20 32 1
e 21 33 1
