t # 14200
v 0 18
v 1 2
v 2 3
v 3 3
v 4 3
v 5 3
v 6 3
v 7 3
v 8 3
v 9 3
v 10 3
v 11 3
v 12 3
v 13 3
v 14 3
v 15 3
v 16 3
v 17 3
v 18 3
v 19 4
v 20 4
v 21 4
v 22 4
v 23 4
v 24 4
v 25 4
v 26 4
v 27 4
v 28 4
v 29 4
v 30 4
v 31 4
v 32 4
v 33 4
v 34 4
e 1 2 1
e 1 4 1
e 1 8 1
e 2 3 1
e 2 5 1
e 2 19 1
e 3 7 2
e 3 9 1
e 4 6 1
e 4 10 2
e 5 12 1
e 5 13 2
e 6 7 1
e 6 11 2
e 7 20 1
e 8 21 1
e 8 22 1
e 8 23 1
e 9 24 1
e 9 25 1
e 9 26 1
e 10 14 1
e 10 27 1
e 11 15 1
e 11 28 1
e 12 16 2
e 13 17 1
e 13 29 1
e 14 15 2
e 14 30 1
e 15 31 1
e 16 18 1
e 16 32 1
e 17 18 2
e 17 33 1
e 18 34 1
t # 14201
v 0 12
v 1 1
v 2 2
v 3 2
v 4 3
v 5 3
v 6 3
v 7 3
v 8 3
v 9 3
v 10 3
v 11 3
v 12 3
v 13 3
v 14 3
v 15 3
v 16 3
v 17 3
v 18 3
v 19 3
v 20 3
v 21 3
v 22 3
v 23 3
v 24 3
v 25 3
v 26 4
v 27 4
v 28 4
v 29 4
v 30 4
v 31 4
v 32 4
v 33 4
v 34 4
v 35 4
v 36 4
v 37 4
v 38 4
v 39 4
v 40 4
e 0 12 1
e 1 15 2
e 2 5 2
e 2 7 1
e 3 4 1
e 3 15 1
e 3 27 1
e 4 5 1
e 4 8 2
e 5 9 1
e 6 7 1
e 6 8 1
e 6 10 2
e 7 11 2
e 8 26 1
e 9 12 1
e 9 13 2
e 10 14 1
e 10 28 1
e 11 16 1
e 11 29 1
e 12 18 2
e 13 19 1
e 13 30 1
e 14 16 2
e 14 31 1
e 15 17 1
e 16 32 1
e 17 21 2
e 17 22 1
e 18 20 1
e 18 33 1
e 19 20 2
e 19 34 1
e 20 35 1
e 21 23 1
e 21 36 1
e 22 24 2
e 22 37 1
e 23 25 2
e 23 38 1
e 24 25 1
e 24 39 1
e 25 40 1
t # 14202
v 0 1
v 1 1
v 2 1
v 3 1
v 4 1
v 5 1
v 6 3
v 7 3
v 8 3
v 9 3
v 10 3
v 11 3
v 12 3
v 13 3
v 14 3
v 15 3
v 16 3
v 17 3
v 18 3
v 19 3
v 20 3
v 21 3
v 22 3
v 23 3
v 24 3
v 25 3
v 26 3
v 27 3
v 28 3
v 29 3
v 30 3
v 31 3
v 32 3
v 33 3
v 34 3
v 35 3
v 36 4
v 37 4
v 38 4
v 39 4
v 40 4
v 41 4
v 42 4
v 43 4
v 44 4
v 45 4
v 46 4
v 47 4
v 48 4
v 49 4
v 50 4
v 51 4
v 52 4
v 53 4
v 54 4
v 55 4
v 56 4
v 57 4
v 58 4
v 59 4
v 60 4
v 61 4
e 0 10 1
e 1 11 1
e 2 16 2
e 3 17 2
e 4 18 2
e 5 19 2
e 6 10 2
e 6 14 1
e 6 16 1
e 7 11 2
e 7 15 1
e 7 17 1
e 8 12 1
e 8 16 1
e 8 20 2
e 9 13 1
e 9 17 1
e 9 21 2
e 10 18 1
e 11 19 1
e 12 18 1
e 12 22 2
e 13 19 1
e 13 23 2
e 14 24 1
e 14 36 1
e 14 37 1
e 15 25 1
e 15 38 1
e 15 39 1
e 20 26 1
e 20 40 1
e 21 27 1
e 21 41 1
e 22 28 1
e 22 42 1
e 23 29 1
e 23 43 1
e 24 30 2
e 24 44 1
e 25 31 2
e 25 45 1
e 26 28 2
e 26 46 1
e 27 29 2
e 27 47 1
e 28 48 1
e 29 49 1
e 30 32 1
e 30 33 1
e 31 34 1
e 31 35 1
e 32 50 1
e 32 51 1
e 32 52 1
e 33 53 1
e 33 54 1
e 33 55 1
e 34 56 1
e 34 57 1
e 34 58 1
e 35 59 1
e 35 60 1
e 35 61 1
t # 14203
v 0 2
v 1 2
v 2 3
v 3 3
v 4 3
v 5 3
v 6 3
v 7 3
v 8 3
v 9 3
v 10 3
v 11 3
v 12 3
v 13 3
v 14 3
v 15 3
v 16 3
v 17 3
v 18 3
v 19 3
v 20 3
v 21 3
v 22 3
v 23 3
v 24 3
v 25 3
v 26 3
v 27 3
v 28 3
v 29 4
v 30 4
v 31 4
v 32 4
v 33 4
v 34 4
v 35 4
v 36 4
v 37 4
v 38 4
v 39 4
v 40 4
v 41 4
v 42 4
v 43 4
v 44 4
v 45 4
v 46 4
v 47 4
v 48 4
v 49 4
v 50 4
v 51 4
v 52 4
v 53 4
v 54 4
v 55 4
v 56 4
v 57 4
v 58 4
v 59 4
v 60 4
v 61 4
v 62 4
e 0 3 1
e 0 10 1
e 0 15 1
e 1 11 2
e 1 22 1
e 2 3 1
e 2 4 1
e 2 8 1
e 2 29 1
e 3 7 1
e 3 30 1
e 4 5 1
e 4 12 1
e 4 31 1
e 5 6 1
e 5 11 1
e 5 32 1
e 6 7 1
e 6 13 1
e 6 33 1
e 7 34 1
e 7 35 1
e 8 9 1
e 8 36 1
e 8 37 1
e 9 10 1
e 9 38 1
e 9 39 1
e 10 40 1
e 10 41 1
e 11 14 1
e 12 16 2
e 12 17 1
e 13 19 2
e 13 20 1
e 14 18 1
e 14 42 1
e 14 43 1
e 15 44 1
e 15 45 1
e 15 46 1
e 16 23 1
e 16 47 1
e 17 24 2
e 17 48 1
e 18 21 1
e 18 49 1
e 18 50 1
e 19 25 1
e 19 51 1
e 20 26 2
e 20 52 1
e 21 22 1
e 21 53 1
e 21 54 1
e 22 55 1
e 22 56 1
e 23 27 2
e 23 57 1
e 24 27 1
e 24 58 1
e 25 28 2
e 25 59 1
e 26 28 1
e 26 60 1
e 27 61 1
e 28 62 1
t # 14204
v 0 1
v 1 1
v 2 1
v 3 1
v 4 1
v 5 1
v 6 1
v 7 1
v 8 3
v 9 3
v 10 3
v 11 3
v 12 3
v 13 3
v 14 3
v 15 3
v 16 3
v 17 3
v 18 3
v 19 3
v 20 3
v 21 3
v 22 3
v 23 3
v 24 3
v 25 3
v 26 3
v 27 3
v 28 3
v 29 4
v 30 4
v 31 4
v 32 4
v 33 4
v 34 4
v 35 4
v 36 4
v 37 4
v 38 4
v 39 4
v 40 4
v 41 4
v 42 4
v 43 4
v 44 4
v 45 4
v 46 4
e 0 8 1
e 0 34 1
e 1 11 1
e 1 35 1
e 2 14 1
e 2 39 1
e 3 15 1
e 3 40 1
e 4 16 2
e 5 19 2
e 6 20 2
e 7 24 1
e 7 28 1
e 8 9 1
e 8 10 1
e 8 16 1
e 9 11 1
e 9 29 1
e 9 30 1
e 10 12 1
e 10 31 1
e 10 32 1
e 11 13 1
e 11 33 1
e 12 13 2
e 12 14 1
e 13 15 1
e 14 17 2
e 15 18 2
e 16 21 1
e 17 18 1
e 17 20 1
e 18 19 1
e 19 22 1
e 20 23 1
e 21 36 1
e 21 37 1
e 21 38 1
e 22 23 2
e 22 24 1
e 23 25 1
e 24 26 2
e 25 27 2
e 25 41 1
e 26 27 1
e 26 42 1
e 27 43 1
e 28 44 1
e 28 45 1
e 28 46 1
t # 14205
v 0 12
v 1 12
v 2 12
v 3 12
v 4 2
v 5 2
v 6 3
v 7 3
v 8 3
v 9 3
v 10 3
v 11 3
v 12 3
v 13 3
v 14 3
v 15 3
v 16 3
v 17 4
v 18 4
v 19 4
v 20 4
v 21 4
v 22 4
v 23 4
v 24 4
v 25 4
v 26 4
v 27 4
v 28 4
v 29 4
v 30 4
e 0 10 1
e 1 11 1
e 2 14 1
e 3 15 1
e 4 6 1
e 4 7 1
e 4 8 1
e 5 16 1
e 5 29 1
e 5 30 1
e 6 9 1
e 6 17 1
e 6 18 1
e 7 10 1
e 7 19 1
e 7 20 1
e 8 11 1
e 8 21 1
e 8 22 1
e 9 12 2
e 9 13 1
e 10 23 1
e 10 24 1
e 11 25 1
e 11 26 1
e 12 15 1
e 12 27 1
e 13 14 2
e 13 28 1
e 14 16 1
e 15 16 2
t # 14206
v 0 1
v 1 2
v 2 2
v 3 2
v 4 3
v 5 3
v 6 3
v 7 3
v 8 3
v 9 3
v 10 3
v 11 3
v 12 3
v 13 3
v 14 3
v 15 3
v 16 3
v 17 3
v 18 3
v 19 3
v 20 3
v 21 3
v 22 3
v 23 4
v 24 4
v 25 4
v 26 4
v 27 4
v 28 4
v 29 4
v 30 4
v 31 4
v 32 4
v 33 4
v 34 4
v 35 4
v 36 4
v 37 4
v 38 4
v 39 4
v 40 4
v 41 4
v 42 4
v 43 4
v 44 4
v 45 4
e 0 16 1
e 0 22 1
e 1 5 1
e 1 6 1
e 1 29 1
e 2 7 1
e 2 18 1
e 2 19 1
e 3 10 2
e 3 11 1
e 4 6 1
e 4 7 1
e 4 23 1
e 4 24 1
e 5 8 2
e 5 9 1
e 6 25 1
e 6 26 1
e 7 27 1
e 7 28 1
e 8 10 1
e 8 12 1
e 9 11 1
e 9 13 2
e 10 14 1
e 11 15 2
e 12 16 2
e 12 30 1
e 13 20 1
e 13 31 1
e 14 17 2
e 14 32 1
e 15 21 1
e 15 33 1
e 16 17 1
e 17 40 1
e 18 34 1
e 18 35 1
e 18 36 1
e 19 37 1
e 19 38 1
e 19 39 1
e 20 21 2
e 20 41 1
e 21 42 1
e 22 43 1
e 22 44 1
e 22 45 1
t # 14207
v 0 14
v 1 2
v 2 2
v 3 2
v 4 3
v 5 3
v 6 3
v 7 3
v 8 3
v 9 3
v 10 3
v 11 3
v 12 3
v 13 3
v 14 3
v 15 3
v 16 3
v 17 3
v 18 3
v 19 3
v 20 3
v 21 3
v 22 4
v 23 4
v 24 4
v 25 4
v 26 4
v 27 4
v 28 4
v 29 4
v 30 4
v 31 4
v 32 4
v 33 4
v 34 4
v 35 4
v 36 4
v 37 4
v 38 4
v 39 4
v 40 4
v 41 4
e 1 5 1
e 1 6 1
e 1 28 1
e 2 7 1
e 2 16 1
e 2 17 1
e 3 10 2
e 3 11 1
e 4 5 1
e 4 7 1
e 4 22 1
e 4 23 1
e 5 24 1
e 5 25 1
e 6 8 2
e 6 9 1
e 7 26 1
e 7 27 1
e 8 10 1
e 8 12 1
e 9 11 1
e 9 13 2
e 10 14 1
e 11 15 2
e 12 18 2
e 12 29 1
e 13 19 1
e 13 30 1
e 14 20 2
e 14 31 1
e 15 21 1
e 15 32 1
e 16 33 1
e 16 34 1
e 16 35 1
e 17 36 1
e 17 37 1
e 17 38 1
e 18 20 1
e 19 21 2
e 19 39 1
e 20 40 1
e 21 41 1
t # 14208
v 0 11
v 1 1
v 2 1
v 3 1
v 4 1
v 5 1
v 6 1
v 7 2
v 8 2
v 9 2
v 10 2
v 11 2
v 12 2
v 13 2
v 14 3
v 15 3
v 16 3
v 17 3
v 18 3
v 19 3
v 20 3
v 21 3
v 22 3
v 23 3
v 24 3
v 25 3
v 26 4
v 27 4
v 28 4
v 29 4
v 30 4
v 31 4
v 32 4
v 33 4
v 34 4
v 35 4
v 36 4
v 37 4
v 38 4
v 39 4
v 40 4
e 0 5 2
e 0 6 2
e 1 25 1
e 1 38 1
e 2 25 2
e 3 39 1
e 4 40 1
e 7 14 1
e 7 17 2
e 8 15 2
e 8 17 1
e 9 15 1
e 9 18 2
e 10 16 2
e 10 18 1
e 11 16 1
e 11 28 1
e 11 29 1
e 12 18 1
e 12 30 1
e 12 31 1
e 13 20 1
e 13 36 1
e 13 37 1
e 14 15 1
e 14 16 1
e 14 26 1
e 17 27 1
e 19 21 2
e 19 22 1
e 19 25 1
e 20 23 2
e 20 24 1
e 21 23 1
e 21 32 1
e 22 24 2
e 22 33 1
e 23 34 1
e 24 35 1
t # 14209
v 0 11
v 1 8
v 2 1
v 3 1
v 4 1
v 5 2
v 6 2
v 7 2
v 8 2
v 9 3
v 10 3
v 11 3
v 12 3
v 13 3
v 14 3
v 15 3
v 16 3
v 17 3
v 18 3
v 19 3
v 20 3
v 21 3
v 22 4
v 23 4
v 24 4
v 25 4
v 26 4
v 27 4
v 28 4
v 29 4
v 30 4
v 31 4
v 32 4
v 33 4
v 34 4
v 35 4
v 36 4
v 37 4
v 38 4
v 39 4
v 40 4
v 41 4
v 42 4
e 2 15 1
e 2 39 1
e 3 21 1
e 3 42 1
e 4 21 2
e 5 9 1
e 5 10 1
e 6 12 1
e 6 26 1
e 7 11 1
e 7 27 1
e 8 19 1
e 8 40 1
e 8 41 1
e 9 10 1
e 9 22 1
e 9 23 1
e 10 24 1
e 10 25 1
e 11 15 1
e 11 28 1
e 11 29 1
e 12 13 1
e 12 16 2
e 13 14 2
e 13 30 1
e 14 17 1
e 14 18 1
e 15 32 1
e 15 33 1
e 16 20 1
e 16 31 1
e 17 19 1
e 17 34 1
e 17 35 1
e 18 20 2
e 18 36 1
e 19 21 1
e 19 37 1
e 20 38 1
t # 14210
v 0 11
v 1 1
v 2 2
v 3 3
v 4 3
v 5 3
v 6 3
v 7 3
v 8 3
v 9 3
v 10 3
v 11 3
v 12 3
v 13 3
v 14 3
v 15 3
v 16 3
v 17 3
v 18 4
v 19 4
v 20 4
v 21 4
v 22 4
v 23 4
v 24 4
v 25 4
v 26 4
v 27 4
v 28 4
v 29 4
v 30 4
e 0 8 1
e 0 9 1
e 1 6 2
e 2 4 1
e 2 10 1
e 2 11 1
e 3 4 1
e 3 6 1
e 3 18 1
e 3 19 1
e 4 20 1
e 4 21 1
e 5 6 1
e 5 7 1
e 5 9 2
e 7 8 1
e 7 12 2
e 8 13 2
e 9 22 1
e 10 14 2
e 10 23 1
e 11 15 2
e 11 24 1
e 12 16 1
e 12 25 1
e 13 17 1
e 13 26 1
e 14 15 1
e 14 27 1
e 15 28 1
e 16 17 2
e 16 29 1
e 17 30 1
t # 14211
v 0 1
v 1 1
v 2 1
v 3 1
v 4 2
v 5 3
v 6 3
v 7 3
v 8 3
v 9 3
v 10 3
v 11 3
v 12 3
v 13 3
v 14 3
v 15 3
v 16 3
v 17 3
v 18 4
v 19 4
v 20 4
v 21 4
v 22 4
v 23 4
v 24 4
v 25 4
v 26 4
v 27 4
v 28 4
v 29 4
v 30 4
v 31 4
v 32 4
e 0 10 1
e 0 30 1
e 1 10 2
e 2 14 1
e 2 17 1
e 3 15 1
e 3 17 1
e 4 5 1
e 4 7 1
e 4 9 1
e 5 6 1
e 5 10 1
e 5 18 1
e 6 8 1
e 6 19 1
e 6 20 1
e 7 8 1
e 7 21 1
e 7 22 1
e 8 23 1
e 8 24 1
e 9 11 1
e 9 25 1
e 9 26 1
e 11 12 2
e 11 13 1
e 12 14 1
e 12 27 1
e 13 16 2
e 13 28 1
e 14 15 2
e 15 16 1
e 16 29 1
e 17 31 1
e 17 32 1
t # 14212
v 0 8
v 1 1
v 2 2
v 3 2
v 4 2
v 5 3
v 6 3
v 7 3
v 8 3
v 9 3
v 10 3
v 11 3
v 12 3
v 13 3
v 14 3
v 15 3
v 16 3
v 17 4
v 18 4
v 19 4
v 20 4
v 21 4
v 22 4
v 23 4
v 24 4
v 25 4
v 26 4
v 27 4
v 28 4
v 29 4
v 30 4
v 31 4
v 32 4
v 33 4
v 34 4
v 35 4
v 36 4
v 37 4
v 38 4
v 39 4
v 40 4
v 41 4
v 42 4
e 2 5 1
e 2 7 1
e 3 6 1
e 3 8 1
e 4 13 1
e 4 14 1
e 5 7 1
e 5 9 1
e 5 10 1
e 6 8 1
e 6 11 1
e 6 12 1
e 7 17 1
e 7 18 1
e 8 19 1
e 8 20 1
e 9 21 1
e 9 22 1
e 9 23 1
e 10 24 1
e 10 25 1
e 10 26 1
e 11 27 1
e 11 28 1
e 11 29 1
e 12 30 1
e 12 31 1
e 12 32 1
e 13 15 1
e 13 33 1
e 13 34 1
e 14 16 1
e 14 35 1
e 14 36 1
e 15 37 1
e 15 38 1
e 15 39 1
e 16 40 1
e 16 41 1
e 16 42 1
t # 14213
v 0 1
v 1 1
v 2 1
v 3 1
v 4 1
v 5 1
v 6 2
v 7 3
v 8 3
v 9 3
v 10 3
v 11 3
v 12 3
v 13 3
v 14 3
v 15 3
v 16 3
v 17 3
v 18 3
v 19 3
v 20 3
v 21 3
v 22 3
v 23 3
v 24 3
v 25 3
v 26 3
v 27 3
v 28 4
v 29 4
v 30 4
v 31 4
v 32 4
v 33 4
v 34 4
v 35 4
v 36 4
v 37 4
v 38 4
v 39 4
v 40 4
v 41 4
v 42 4
v 43 4
v 44 4
v 45 4
v 46 4
v 47 4
v 48 4
v 49 4
e 0 7 1
e 0 39 1
e 1 17 1
e 1 27 1
e 2 18 1
e 2 25 1
e 3 21 1
e 3 26 1
e 4 23 1
e 4 25 1
e 5 22 1
e 5 26 1
e 6 7 1
e 6 8 1
e 6 9 1
e 6 13 1
e 7 10 1
e 7 11 1
e 8 12 1
e 8 28 1
e 8 29 1
e 9 14 1
e 9 30 1
e 9 31 1
e 10 16 1
e 10 32 1
e 10 33 1
e 11 15 1
e 11 17 2
e 12 15 1
e 12 34 1
e 12 35 1
e 13 36 1
e 13 37 1
e 13 38 1
e 14 16 2
e 14 18 1
e 15 19 2
e 16 20 1
e 17 21 1
e 18 23 2
e 19 22 1
e 19 40 1
e 20 24 2
e 20 41 1
e 21 22 2
e 23 24 1
e 24 42 1
e 25 43 1
e 25 44 1
e 26 45 1
e 26 46 1
e 27 47 1
e 27 48 1
e 27 49 1
t # 14214
v 0 34
v 1 11
v 2 1
v 3 1
v 4 1
v 5 1
v 6 1
v 7 2
v 8 3
v 9 3
v 10 3
v 11 3
v 12 3
v 13 3
v 14 3
v 15 3
v 16 3
v 17 3
v 18 3
v 19 3
v 20 4
v 21 4
v 22 4
v 23 4
v 24 4
v 25 4
v 26 4
v 27 4
v 28 4
v 29 4
v 30 4
v 31 4
e 1 4 2
e 1 5 2
e 1 10 1
e 2 30 1
e 3 31 1
e 7 28 1
e 7 29 1
e 8 9 1
e 8 12 2
e 8 13 1
e 9 14 2
e 9 15 1
e 10 16 2
e 10 17 1
e 11 18 2
e 11 19 1
e 12 16 1
e 12 20 1
e 13 17 2
e 13 21 1
e 14 18 1
e 14 22 1
e 15 19 2
e 15 23 1
e 16 24 1
e 17 25 1
e 18 26 1
e 19 27 1
t # 14215
v 0 12
v 1 12
v 2 2
v 3 3
v 4 3
v 5 3
v 6 3
v 7 3
v 8 3
v 9 3
v 10 3
v 11 3
v 12 3
v 13 3
v 14 3
v 15 3
v 16 4
v 17 4
v 18 4
v 19 4
v 20 4
v 21 4
v 22 4
v 23 4
v 24 4
v 25 4
v 26 4
v 27 4
v 28 4
v 29 4
v 30 4
v 31 4
v 32 4
v 33 4
v 34 4
e 0 9 1
e 1 10 1
e 2 3 1
e 2 6 1
e 2 7 1
e 3 4 1
e 3 16 1
e 3 17 1
e 4 5 1
e 4 18 1
e 4 19 1
e 5 8 1
e 5 20 1
e 5 21 1
e 6 9 1
e 6 22 1
e 6 23 1
e 7 10 1
e 7 24 1
e 7 25 1
e 8 11 2
e 8 12 1
e 9 26 1
e 9 27 1
e 10 28 1
e 10 29 1
e 11 13 1
e 11 30 1
e 12 14 2
e 12 31 1
e 13 15 2
e 13 32 1
e 14 15 1
e 14 33 1
e 15 34 1
t # 14216
v 0 12
v 1 12
v 2 2
v 3 3
v 4 3
v 5 3
v 6 3
v 7 3
v 8 3
v 9 3
v 10 3
v 11 3
v 12 4
v 13 4
v 14 4
v 15 4
v 16 4
v 17 4
v 18 4
v 19 4
v 20 4
v 21 4
v 22 4
v 23 4
v 24 4
v 25 4
v 26 4
v 27 4
v 28 4
v 29 4
v 30 4
e 0 9 1
e 1 10 1
e 2 3 1
e 2 6 1
e 2 7 1
e 3 4 1
e 3 12 1
e 3 13 1
e 4 5 1
e 4 14 1
e 4 15 1
e 5 8 1
e 5 16 1
e 5 17 1
e 6 9 1
e 6 18 1
e 6 19 1
e 7 10 1
e 7 20 1
e 7 21 1
e 8 11 1
e 8 22 1
e 8 23 1
e 9 24 1
e 9 25 1
e 10 26 1
e 10 27 1
e 11 28 1
e 11 29 1
e 11 30 1
t # 14217
v 0 12
v 1 12
v 2 2
v 3 3
v 4 3
v 5 3
v 6 3
v 7 3
v 8 3
v 9 3
v 10 4
v 11 4
v 12 4
v 13 4
v 14 4
v 15 4
v 16 4
v 17 4
v 18 4
v 19 4
v 20 4
e 0 6 1
e 1 7 1
e 2 3 1
e 2 4 1
e 2 5 1
e 3 6 1
e 3 10 1
e 3 11 1
e 4 7 1
e 4 12 1
e 4 13 1
e 5 14 1
e 5 15 1
e 5 16 1
e 6 8 2
e 7 9 2
e 8 17 1
e 8 18 1
e 9 19 1
e 9 20 1
t # 14218
v 0 18
v 1 1
v 2 2
v 3 3
v 4 3
v 5 3
v 6 3
v 7 3
v 8 3
v 9 3
v 10 4
v 11 4
v 12 4
v 13 4
v 14 4
v 15 4
v 16 4
v 17 4
v 18 4
v 19 4
v 20 4
v 21 4
v 22 4
v 23 4
e 1 6 1
e 1 7 1
e 2 3 1
e 2 4 1
e 2 5 1
e 3 6 1
e 3 10 1
e 3 11 1
e 4 7 1
e 4 12 1
e 4 13 1
e 5 8 1
e 5 14 1
e 5 15 1
e 6 16 1
e 6 17 1
e 7 18 1
e 7 19 1
e 8 9 1
e 8 20 1
e 9 21 1
e 9 22 1
e 9 23 1
t # 14219
v 0 14
v 1 14
v 2 14
v 3 1
v 4 2
v 5 3
v 6 3
v 7 3
v 8 4
v 9 4
v 10 4
v 11 4
v 12 4
v 13 4
e 3 5 1
e 3 13 1
e 4 6 1
e 4 11 1
e 4 12 1
e 5 6 1
e 5 7 1
e 5 8 1
e 6 9 1
e 6 10 1
t # 14220
v 0 14
v 1 14
v 2 14
v 3 14
v 4 14
v 5 14
v 6 14
v 7 2
v 8 3
v 9 3
v 10 3
v 11 3
v 12 3
v 13 3
v 14 3
v 15 4
v 16 4
v 17 4
v 18 4
v 19 4
v 20 4
v 21 4
v 22 4
v 23 4
v 24 4
e 7 11 1
e 7 23 1
e 7 24 1
e 8 9 1
e 8 10 1
e 8 11 1
e 8 15 1
e 9 12 1
e 10 13 1
e 10 16 1
e 10 17 1
e 11 18 1
e 11 19 1
e 12 14 1
e 13 20 1
e 13 21 1
e 13 22 1
t # 14221
v 0 2
v 1 2
v 2 3
v 3 3
v 4 3
v 5 3
v 6 3
v 7 3
v 8 3
v 9 3
v 10 3
v 11 3
v 12 3
v 13 3
v 14 3
v 15 3
v 16 3
v 17 3
v 18 3
v 19 3
v 20 3
v 21 3
v 22 4
v 23 4
v 24 4
v 25 4
v 26 4
v 27 4
v 28 4
v 29 4
v 30 4
v 31 4
v 32 4
v 33 4
v 34 4
v 35 4
v 36 4
v 37 4
e 0 2 1
e 0 5 1
e 0 23 1
e 1 3 2
e 1 6 1
e 2 3 1
e 2 4 1
e 2 22 1
e 3 7 1
e 4 8 2
e 4 9 1
e 5 6 1
e 5 10 2
e 6 11 2
e 7 12 2
e 7 13 1
e 8 16 1
e 8 24 1
e 9 17 2
e 9 25 1
e 10 14 1
e 10 26 1
e 11 15 1
e 11 27 1
e 12 19 1
e 12 28 1
e 13 20 2
e 13 29 1
e 14 15 2
e 14 30 1
e 15 31 1
e 16 18 2
e 16 32 1
e 17 18 1
e 17 33 1
e 18 34 1
e 19 21 2
e 19 35 1
e 20 21 1
e 20 36 1
e 21 37 1
t # 14222
v 0 1
v 1 2
v 2 3
v 3 3
v 4 3
v 5 3
v 6 3
v 7 3
v 8 3
v 9 3
v 10 3
v 11 4
v 12 4
v 13 4
v 14 4
v 15 4
v 16 4
v 17 4
v 18 4
v 19 4
v 20 4
v 21 4
v 22 4
v 23 4
v 24 4
v 25 4
v 26 4
v 27 4
v 28 4
v 29 4
e 0 10 1
e 0 29 1
e 1 2 1
e 1 3 1
e 1 7 1
e 2 4 1
e 2 11 1
e 2 12 1
e 3 5 1
e 3 13 1
e 3 14 1
e 4 6 1
e 4 15 1
e 4 16 1
e 5 6 1
e 5 17 1
e 5 18 1
e 6 19 1
e 6 20 1
e 7 8 1
e 7 21 1
e 7 22 1
e 8 9 1
e 8 23 1
e 8 24 1
e 9 10 1
e 9 25 1
e 9 26 1
e 10 27 1
e 10 28 1
t # 14223
v 0 1
v 1 2
v 2 3
v 3 3
v 4 3
v 5 3
v 6 3
v 7 3
v 8 3
v 9 3
v 10 4
v 11 4
v 12 4
v 13 4
v 14 4
v 15 4
v 16 4
v 17 4
v 18 4
v 19 4
v 20 4
v 21 4
v 22 4
v 23 4
v 24 4
e 0 6 2
e 1 2 1
e 1 3 1
e 1 13 1
e 2 4 1
e 2 7 1
e 2 8 1
e 3 5 1
e 3 9 1
e 3 10 1
e 4 6 1
e 4 11 1
e 4 12 1
e 5 6 1
e 5 14 1
e 5 15 1
e 7 16 1
e 7 17 1
e 7 18 1
e 8 19 1
e 8 20 1
e 8 21 1
e 9 22 1
e 9 23 1
e 9 24 1
t # 14224
v 0 11
v 1 1
v 2 1
v 3 1
v 4 1
v 5 2
v 6 3
v 7 3
v 8 3
v 9 3
v 10 3
v 11 3
v 12 3
v 13 3
v 14 3
v 15 3
v 16 3
v 17 3
v 18 3
v 19 3
v 20 3
v 21 3
v 22 3
v 23 3
v 24 3
v 25 3
v 26 4
v 27 4
v 28 4
v 29 4
v 30 4
v 31 4
v 32 4
v 33 4
v 34 4
v 35 4
v 36 4
v 37 4
v 38 4
v 39 4
v 40 4
v 41 4
v 42 4
v 43 4
v 44 4
v 45 4
v 46 4
v 47 4
v 48 4
v 49 4
v 50 4
v 51 4
v 52 4
v 53 4
v 54 4
v 55 4
v 56 4
e 0 12 1
e 0 20 1
e 1 10 1
e 1 16 1
e 2 11 1
e 2 17 1
e 3 10 2
e 4 11 2
e 5 9 1
e 5 13 1
e 5 14 1
e 6 7 1
e 6 8 1
e 6 10 1
e 6 11 1
e 7 9 1
e 7 26 1
e 7 27 1
e 8 12 1
e 8 28 1
e 8 29 1
e 9 30 1
e 9 31 1
e 12 32 1
e 12 33 1
e 13 15 1
e 13 34 1
e 13 35 1
e 14 36 1
e 14 37 1
e 14 38 1
e 15 18 2
e 15 19 1
e 16 21 1
e 16 39 1
e 16 40 1
e 17 22 1
e 17 41 1
e 17 42 1
e 18 23 1
e 18 43 1
e 19 24 2
e 19 44 1
e 20 45 1
e 20 46 1
e 20 47 1
e 21 48 1
e 21 49 1
e 21 50 1
e 22 51 1
e 22 52 1
e 22 53 1
e 23 25 2
e 23 54 1
e 24 25 1
e 24 55 1
e 25 56 1
t # 14225
v 0 1
v 1 2
v 2 2
v 3 2
v 4 3
v 5 3
v 6 3
v 7 3
v 8 3
v 9 3
v 10 3
v 11 3
v 12 3
v 13 3
v 14 3
v 15 3
v 16 3
v 17 3
v 18 3
v 19 4
v 20 4
v 21 4
v 22 4
v 23 4
v 24 4
v 25 4
v 26 4
v 27 4
v 28 4
v 29 4
v 30 4
v 31 4
v 32 4
v 33 4
v 34 4
v 35 4
v 36 4
v 37 4
v 38 4
v 39 4
v 40 4
e 0 10 2
e 1 4 1
e 1 7 1
e 1 8 1
e 1 9 1
e 2 3 1
e 2 6 1
e 2 13 1
e 3 10 1
e 3 12 1
e 4 5 1
e 4 19 1
e 4 20 1
e 5 6 2
e 5 10 1
e 6 11 1
e 7 21 1
e 7 22 1
e 7 23 1
e 8 24 1
e 8 25 1
e 8 26 1
e 9 27 1
e 9 28 1
e 9 29 1
e 11 30 1
e 11 31 1
e 11 32 1
e 12 14 2
e 12 15 1
e 13 33 1
e 13 34 1
e 13 35 1
e 14 16 1
e 14 36 1
e 15 17 2
e 15 37 1
e 16 18 2
e 16 38 1
e 17 18 1
e 17 39 1
e 18 40 1
t # 14226
v 0 11
v 1 1
v 2 1
v 3 1
v 4 2
v 5 2
v 6 3
v 7 3
v 8 3
v 9 3
v 10 3
v 11 3
v 12 3
v 13 3
v 14 3
v 15 3
v 16 3
v 17 3
v 18 3
v 19 4
v 20 4
v 21 4
v 22 4
v 23 4
v 24 4
v 25 4
v 26 4
v 27 4
v 28 4
v 29 4
v 30 4
v 31 4
v 32 4
v 33 4
v 34 4
v 35 4
v 36 4
e 0 9 1
e 0 12 1
e 1 12 2
e 4 6 1
e 4 7 1
e 4 8 1
e 5 16 1
e 6 9 1
e 6 19 1
e 6 20 1
e 7 10 1
e 7 21 1
e 7 22 1
e 8 11 1
e 8 23 1
e 8 24 1
e 9 25 1
e 9 26 1
e 10 27 1
e 10 28 1
e 10 29 1
e 11 30 1
e 11 31 1
e 11 32 1
e 12 13 1
e 13 14 2
e 13 15 1
e 14 17 1
e 14 33 1
e 15 18 2
e 15 34 1
e 16 17 2
e 16 18 1
e 17 35 1
e 18 36 1
t # 14227
v 0 12
v 1 1
v 2 1
v 3 1
v 4 2
v 5 3
v 6 3
v 7 3
v 8 3
v 9 3
v 10 3
v 11 3
v 12 3
v 13 3
v 14 3
v 15 3
v 16 4
v 17 4
v 18 4
v 19 4
v 20 4
v 21 4
v 22 4
v 23 4
v 24 4
v 25 4
v 26 4
v 27 4
e 0 10 1
e 1 9 2
e 2 15 1
e 2 27 1
e 3 15 2
e 4 5 1
e 4 9 1
e 4 20 1
e 5 7 2
e 5 10 1
e 6 8 1
e 6 9 1
e 6 16 1
e 6 17 1
e 7 11 1
e 7 12 1
e 8 15 1
e 8 18 1
e 8 19 1
e 10 13 2
e 11 14 2
e 11 21 1
e 12 22 1
e 12 23 1
e 12 24 1
e 13 14 1
e 13 25 1
e 14 26 1
t # 14228
v 0 1
v 1 2
v 2 2
v 3 3
v 4 3
v 5 3
v 6 3
v 7 3
v 8 3
v 9 3
v 10 3
v 11 3
v 12 3
v 13 3
v 14 3
v 15 4
v 16 4
v 17 4
v 18 4
v 19 4
v 20 4
v 21 4
v 22 4
v 23 4
v 24 4
v 25 4
v 26 4
v 27 4
v 28 4
v 29 4
v 30 4
v 31 4
v 32 4
v 33 4
v 34 4
e 0 6 1
e 0 9 1
e 1 3 1
e 1 4 1
e 1 5 1
e 2 14 1
e 2 33 1
e 2 34 1
e 3 6 1
e 3 15 1
e 3 16 1
e 4 7 1
e 4 17 1
e 4 18 1
e 5 8 1
e 5 19 1
e 5 20 1
e 6 21 1
e 6 22 1
e 7 23 1
e 7 24 1
e 7 25 1
e 8 26 1
e 8 27 1
e 8 28 1
e 9 10 2
e 9 11 1
e 10 12 1
e 10 29 1
e 11 13 2
e 11 30 1
e 12 14 2
e 12 31 1
e 13 14 1
e 13 32 1
t # 14229
v 0 18
v 1 2
v 2 2
v 3 2
v 4 3
v 5 3
v 6 3
v 7 3
v 8 3
v 9 3
v 10 3
v 11 3
v 12 3
v 13 3
v 14 3
v 15 3
v 16 3
v 17 4
v 18 4
v 19 4
v 20 4
v 21 4
v 22 4
v 23 4
v 24 4
v 25 4
v 26 4
v 27 4
v 28 4
v 29 4
v 30 4
e 1 5 1
e 1 7 1
e 1 21 1
e 2 10 1
e 2 29 1
e 2 30 1
e 3 15 1
e 3 16 2
e 4 5 1
e 4 6 1
e 4 17 1
e 4 18 1
e 5 19 1
e 5 20 1
e 6 8 2
e 6 9 1
e 7 10 1
e 7 11 2
e 8 12 1
e 8 22 1
e 9 13 2
e 9 23 1
e 10 15 2
e 11 16 1
e 12 14 2
e 12 24 1
e 13 14 1
e 13 25 1
e 14 27 1
e 15 26 1
e 16 28 1
t # 14230
v 0 1
v 1 2
v 2 2
v 3 3
v 4 3
v 5 3
v 6 3
v 7 3
v 8 3
v 9 3
v 10 3
v 11 3
v 12 3
v 13 3
v 14 3
v 15 3
v 16 3
v 17 3
v 18 3
v 19 4
v 20 4
v 21 4
v 22 4
v 23 4
v 24 4
v 25 4
v 26 4
v 27 4
v 28 4
v 29 4
v 30 4
v 31 4
v 32 4
v 33 4
v 34 4
v 35 4
v 36 4
v 37 4
v 38 4
v 39 4
v 40 4
v 41 4
v 42 4
e 0 5 1
e 0 36 1
e 1 3 1
e 1 6 1
e 1 7 1
e 2 9 1
e 2 10 1
e 2 15 1
e 3 4 1
e 3 5 1
e 3 19 1
e 4 8 1
e 4 20 1
e 4 21 1
e 5 11 1
e 5 22 1
e 6 9 1
e 6 23 1
e 6 24 1
e 7 10 1
e 7 25 1
e 7 26 1
e 8 12 1
e 8 27 1
e 8 28 1
e 9 29 1
e 9 30 1
e 10 31 1
e 10 32 1
e 11 13 1
e 11 14 2
e 12 13 1
e 12 33 1
e 12 34 1
e 13 16 2
e 14 17 1
e 14 35 1
e 15 37 1
e 15 38 1
e 15 39 1
e 16 18 1
e 16 40 1
e 17 18 2
e 17 41 1
e 18 42 1
t # 14231
v 0 1
v 1 1
v 2 2
v 3 3
v 4 3
v 5 3
v 6 3
v 7 3
v 8 3
v 9 3
v 10 3
v 11 3
v 12 3
v 13 3
v 14 3
v 15 3
v 16 3
v 17 3
v 18 3
v 19 4
v 20 4
v 21 4
v 22 4
v 23 4
v 24 4
v 25 4
v 26 4
v 27 4
v 28 4
v 29 4
v 30 4
v 31 4
v 32 4
v 33 4
v 34 4
v 35 4
v 36 4
v 37 4
v 38 4
v 39 4
v 40 4
v 41 4
v 42 4
v 43 4
e 0 13 1
e 0 17 1
e 1 14 1
e 1 18 1
e 2 3 1
e 2 10 1
e 2 28 1
e 3 4 1
e 3 6 1
e 3 19 1
e 4 5 1
e 4 20 1
e 4 21 1
e 5 7 1
e 5 22 1
e 5 23 1
e 6 9 1
e 6 11 2
e 7 8 1
e 7 24 1
e 7 25 1
e 8 9 1
e 8 26 1
e 8 27 1
e 9 12 2
e 10 15 1
e 10 16 1
e 10 29 1
e 11 13 1
e 11 30 1
e 12 14 1
e 12 31 1
e 13 14 2
e 15 32 1
e 15 33 1
e 15 34 1
e 16 35 1
e 16 36 1
e 16 37 1
e 17 38 1
e 17 39 1
e 17 40 1
e 18 41 1
e 18 42 1
e 18 43 1
t # 14232
v 0 1
v 1 1
v 2 1
v 3 2
v 4 3
v 5 3
v 6 3
v 7 3
v 8 3
v 9 3
v 10 3
v 11 3
v 12 3
v 13 3
v 14 3
v 15 3
v 16 3
v 17 3
v 18 3
v 19 3
v 20 3
v 21 3
v 22 4
v 23 4
v 24 4
v 25 4
v 26 4
v 27 4
v 28 4
v 29 4
v 30 4
v 31 4
v 32 4
v 33 4
v 34 4
v 35 4
v 36 4
v 37 4
v 38 4
v 39 4
v 40 4
v 41 4
v 42 4
v 43 4
v 44 4
v 45 4
v 46 4
e 0 12 2
e 1 18 1
e 1 20 1
e 2 19 1
e 2 21 1
e 3 4 1
e 3 5 1
e 3 6 1
e 4 7 1
e 4 12 1
e 4 22 1
e 5 8 1
e 5 23 1
e 5 24 1
e 6 9 1
e 6 25 1
e 6 26 1
e 7 11 1
e 7 27 1
e 7 28 1
e 8 10 1
e 8 29 1
e 8 30 1
e 9 10 1
e 9 31 1
e 9 32 1
e 10 33 1
e 10 34 1
e 11 13 1
e 11 35 1
e 11 36 1
e 12 14 1
e 13 15 1
e 13 37 1
e 13 38 1
e 14 15 1
e 14 16 2
e 15 17 2
e 16 18 1
e 16 39 1
e 17 19 1
e 17 40 1
e 18 19 2
e 20 41 1
e 20 42 1
e 20 43 1
e 21 44 1
e 21 45 1
e 21 46 1
t # 14233
v 0 1
v 1 1
v 2 1
v 3 2
v 4 3
v 5 3
v 6 3
v 7 3
v 8 3
v 9 3
v 10 3
v 11 3
v 12 3
v 13 3
v 14 3
v 15 3
v 16 3
v 17 3
v 18 3
v 19 4
v 20 4
v 21 4
v 22 4
v 23 4
v 24 4
v 25 4
v 26 4
v 27 4
v 28 4
v 29 4
v 30 4
v 31 4
v 32 4
v 33 4
v 34 4
v 35 4
v 36 4
v 37 4
v 38 4
v 39 4
e 0 8 1
e 0 9 1
e 1 11 2
e 2 17 1
e 2 18 1
e 3 4 1
e 3 6 1
e 3 7 1
e 4 5 1
e 4 19 1
e 4 20 1
e 5 10 1
e 5 11 1
e 5 21 1
e 6 8 1
e 6 22 1
e 6 23 1
e 7 9 1
e 7 24 1
e 7 25 1
e 8 26 1
e 8 27 1
e 9 28 1
e 9 29 1
e 10 30 1
e 10 31 1
e 10 32 1
e 11 12 1
e 12 13 2
e 12 14 1
e 13 15 1
e 13 33 1
e 14 16 2
e 14 34 1
e 15 17 2
e 15 35 1
e 16 17 1
e 16 36 1
e 18 37 1
e 18 38 1
e 18 39 1
t # 14234
v 0 1
v 1 1
v 2 2
v 3 3
v 4 3
v 5 3
v 6 3
v 7 3
v 8 3
v 9 3
v 10 3
v 11 3
v 12 3
v 13 3
v 14 3
v 15 3
v 16 3
v 17 3
v 18 3
v 19 4
v 20 4
v 21 4
v 22 4
v 23 4
v 24 4
v 25 4
v 26 4
v 27 4
v 28 4
v 29 4
v 30 4
v 31 4
v 32 4
v 33 4
v 34 4
v 35 4
v 36 4
v 37 4
v 38 4
v 39 4
v 40 4
v 41 4
e 0 11 2
e 1 17 1
e 1 18 1
e 2 3 1
e 2 4 1
e 2 8 1
e 3 5 1
e 3 19 1
e 3 20 1
e 4 6 1
e 4 21 1
e 4 22 1
e 5 7 1
e 5 23 1
e 5 24 1
e 6 7 1
e 6 25 1
e 6 26 1
e 7 27 1
e 7 28 1
e 8 9 1
e 8 29 1
e 8 30 1
e 9 10 1
e 9 11 1
e 9 31 1
e 10 32 1
e 10 33 1
e 10 34 1
e 11 12 1
e 12 13 2
e 12 14 1
e 13 15 1
e 13 35 1
e 14 16 2
e 14 36 1
e 15 17 2
e 15 37 1
e 16 17 1
e 16 38 1
e 18 39 1
e 18 40 1
e 18 41 1
t # 14235
v 0 12
v 1 1
v 2 2
v 3 3
v 4 3
v 5 3
v 6 3
v 7 3
v 8 3
v 9 3
v 10 3
v 11 3
v 12 3
v 13 3
v 14 3
v 15 3
v 16 3
v 17 4
v 18 4
v 19 4
v 20 4
v 21 4
v 22 4
v 23 4
v 24 4
v 25 4
v 26 4
v 27 4
v 28 4
v 29 4
v 30 4
v 31 4
v 32 4
v 33 4
v 34 4
v 35 4
v 36 4
e 0 16 1
e 1 10 1
e 1 34 1
e 2 3 1
e 2 4 1
e 2 5 1
e 3 9 1
e 3 10 1
e 3 17 1
e 4 6 1
e 4 18 1
e 4 19 1
e 5 7 1
e 5 20 1
e 5 21 1
e 6 8 1
e 6 22 1
e 6 23 1
e 7 8 1
e 7 24 1
e 7 25 1
e 8 26 1
e 8 27 1
e 9 11 1
e 9 28 1
e 9 29 1
e 10 30 1
e 10 31 1
e 11 12 2
e 11 13 1
e 12 14 1
e 12 32 1
e 13 15 2
e 13 33 1
e 14 16 2
e 14 35 1
e 15 16 1
e 15 36 1
t # 14236
v 0 1
v 1 1
v 2 1
v 3 2
v 4 3
v 5 3
v 6 3
v 7 3
v 8 3
v 9 3
v 10 3
v 11 3
v 12 3
v 13 3
v 14 3
v 15 3
v 16 3
v 17 3
v 18 3
v 19 4
v 20 4
v 21 4
v 22 4
v 23 4
v 24 4
v 25 4
v 26 4
v 27 4
v 28 4
v 29 4
v 30 4
v 31 4
v 32 4
v 33 4
v 34 4
v 35 4
v 36 4
v 37 4
v 38 4
v 39 4
e 0 7 1
e 0 8 1
e 1 10 2
e 2 16 1
e 2 17 1
e 3 4 1
e 3 5 1
e 3 6 1
e 4 7 1
e 4 19 1
e 4 20 1
e 5 8 1
e 5 21 1
e 5 22 1
e 6 9 1
e 6 23 1
e 6 24 1
e 7 25 1
e 7 26 1
e 8 27 1
e 8 28 1
e 9 10 1
e 9 29 1
e 9 30 1
e 10 11 1
e 11 12 2
e 11 13 1
e 12 14 1
e 12 31 1
e 13 15 2
e 13 32 1
e 14 16 2
e 14 33 1
e 15 16 1
e 15 34 1
e 17 18 1
e 17 35 1
e 17 36 1
e 18 37 1
e 18 38 1
e 18 39 1
t # 14237
v 0 12
v 1 1
v 2 2
v 3 3
v 4 3
v 5 3
v 6 3
v 7 3
v 8 3
v 9 3
v 10 3
v 11 3
v 12 3
v 13 3
v 14 3
v 15 3
v 16 3
v 17 4
v 18 4
v 19 4
v 20 4
v 21 4
v 22 4
v 23 4
v 24 4
v 25 4
v 26 4
v 27 4
v 28 4
v 29 4
v 30 4
v 31 4
v 32 4
v 33 4
v 34 4
v 35 4
v 36 4
e 0 16 1
e 1 11 1
e 1 36 1
e 2 3 1
e 2 4 1
e 2 5 1
e 3 9 1
e 3 10 1
e 3 17 1
e 4 6 1
e 4 18 1
e 4 19 1
e 5 7 1
e 5 20 1
e 5 21 1
e 6 8 1
e 6 22 1
e 6 23 1
e 7 8 1
e 7 24 1
e 7 25 1
e 8 26 1
e 8 27 1
e 9 11 1
e 9 28 1
e 9 29 1
e 10 12 2
e 10 13 1
e 11 30 1
e 11 31 1
e 12 14 1
e 12 32 1
e 13 15 2
e 13 33 1
e 14 16 2
e 14 34 1
e 15 16 1
e 15 35 1
t # 14238
v 0 1
v 1 1
v 2 1
v 3 1
v 4 1
v 5 2
v 6 3
v 7 3
v 8 3
v 9 3
v 10 3
v 11 3
v 12 3
v 13 3
v 14 3
v 15 3
v 16 3
v 17 3
v 18 3
v 19 3
v 20 3
v 21 4
v 22 4
v 23 4
v 24 4
v 25 4
v 26 4
v 27 4
v 28 4
v 29 4
v 30 4
v 31 4
v 32 4
v 33 4
v 34 4
v 35 4
v 36 4
v 37 4
v 38 4
v 39 4
e 0 11 1
e 0 12 1
e 1 15 1
e 1 19 1
e 2 17 1
e 2 19 1
e 3 16 1
e 3 20 1
e 4 16 2
e 5 6 1
e 5 7 1
e 5 8 1
e 6 9 1
e 6 10 1
e 6 21 1
e 7 11 1
e 7 22 1
e 7 23 1
e 8 12 1
e 8 24 1
e 8 25 1
e 9 13 2
e 9 14 1
e 10 16 1
e 10 26 1
e 10 27 1
e 11 28 1
e 11 29 1
e 12 30 1
e 12 31 1
e 13 15 1
e 13 32 1
e 14 18 2
e 14 33 1
e 15 17 2
e 17 18 1
e 18 34 1
e 19 35 1
e 19 36 1
e 20 37 1
e 20 38 1
e 20 39 1
t # 14239
v 0 1
v 1 1
v 2 1
v 3 1
v 4 2
v 5 3
v 6 3
v 7 3
v 8 3
v 9 3
v 10 3
v 11 3
v 12 3
v 13 3
v 14 3
v 15 3
v 16 3
v 17 3
v 18 3
v 19 3
v 20 3
v 21 4
v 22 4
v 23 4
v 24 4
v 25 4
v 26 4
v 27 4
v 28 4
v 29 4
v 30 4
v 31 4
v 32 4
v 33 4
v 34 4
v 35 4
v 36 4
v 37 4
v 38 4
v 39 4
v 40 4
v 41 4
e 0 16 1
e 0 19 1
e 1 18 1
e 1 19 1
e 2 15 1
e 2 20 1
e 3 15 2
e 4 5 1
e 4 6 1
e 4 7 1
e 5 11 1
e 5 12 1
e 5 21 1
e 6 8 1
e 6 22 1
e 6 23 1
e 7 9 1
e 7 24 1
e 7 25 1
e 8 10 1
e 8 26 1
e 8 27 1
e 9 10 1
e 9 28 1
e 9 29 1
e 10 30 1
e 10 31 1
e 11 15 1
e 11 32 1
e 11 33 1
e 12 13 2
e 12 14 1
e 13 16 1
e 13 34 1
e 14 17 2
e 14 35 1
e 16 18 2
e 17 18 1
e 17 36 1
e 19 37 1
e 19 38 1
e 20 39 1
e 20 40 1
e 20 41 1
t # 14240
v 0 1
v 1 1
v 2 2
v 3 3
v 4 3
v 5 3
v 6 3
v 7 3
v 8 3
v 9 3
v 10 3
v 11 3
v 12 3
v 13 3
v 14 3
v 15 3
v 16 4
v 17 4
v 18 4
v 19 4
v 20 4
v 21 4
v 22 4
v 23 4
v 24 4
v 25 4
v 26 4
v 27 4
v 28 4
v 29 4
v 30 4
v 31 4
v 32 4
v 33 4
v 34 4
e 0 8 1
e 0 9 1
e 1 10 1
e 1 34 1
e 2 3 1
e 2 4 1
e 2 5 1
e 3 6 1
e 3 7 1
e 3 16 1
e 4 8 1
e 4 17 1
e 4 18 1
e 5 9 1
e 5 19 1
e 5 20 1
e 6 10 1
e 6 21 1
e 6 22 1
e 7 11 2
e 7 12 1
e 8 23 1
e 8 24 1
e 9 25 1
e 9 26 1
e 10 27 1
e 10 28 1
e 11 13 1
e 11 29 1
e 12 14 2
e 12 30 1
e 13 15 2
e 13 31 1
e 14 15 1
e 14 32 1
e 15 33 1
t # 14241
v 0 1
v 1 1
v 2 1
v 3 2
v 4 3
v 5 3
v 6 3
v 7 3
v 8 3
v 9 3
v 10 3
v 11 3
v 12 3
v 13 3
v 14 3
v 15 3
v 16 3
v 17 3
v 18 4
v 19 4
v 20 4
v 21 4
v 22 4
v 23 4
v 24 4
v 25 4
v 26 4
v 27 4
v 28 4
v 29 4
v 30 4
v 31 4
v 32 4
v 33 4
v 34 4
v 35 4
v 36 4
e 0 8 1
e 0 9 1
e 1 13 1
e 1 17 1
e 2 13 2
e 3 4 1
e 3 5 1
e 3 6 1
e 4 7 1
e 4 10 1
e 4 18 1
e 5 8 1
e 5 19 1
e 5 20 1
e 6 9 1
e 6 21 1
e 6 22 1
e 7 13 1
e 7 23 1
e 7 24 1
e 8 25 1
e 8 26 1
e 9 27 1
e 9 28 1
e 10 11 2
e 10 12 1
e 11 14 1
e 11 29 1
e 12 15 2
e 12 30 1
e 14 16 2
e 14 31 1
e 15 16 1
e 15 32 1
e 16 33 1
e 17 34 1
e 17 35 1
e 17 36 1
t # 14242
v 0 1
v 1 1
v 2 2
v 3 3
v 4 3
v 5 3
v 6 3
v 7 3
v 8 3
v 9 3
v 10 3
v 11 3
v 12 3
v 13 3
v 14 3
v 15 3
v 16 3
v 17 3
v 18 4
v 19 4
v 20 4
v 21 4
v 22 4
v 23 4
v 24 4
v 25 4
v 26 4
v 27 4
v 28 4
v 29 4
v 30 4
v 31 4
v 32 4
v 33 4
v 34 4
v 35 4
v 36 4
v 37 4
v 38 4
e 0 10 1
e 0 17 1
e 1 10 2
e 2 3 1
e 2 4 1
e 2 7 1
e 3 5 1
e 3 18 1
e 3 19 1
e 4 6 1
e 4 20 1
e 4 21 1
e 5 8 1
e 5 22 1
e 5 23 1
e 6 8 1
e 6 24 1
e 6 25 1
e 7 9 1
e 7 10 1
e 7 26 1
e 8 27 1
e 8 28 1
e 9 11 1
e 9 29 1
e 9 30 1
e 11 12 2
e 11 13 1
e 12 14 1
e 12 31 1
e 13 15 2
e 13 32 1
e 14 16 2
e 14 33 1
e 15 16 1
e 15 34 1
e 16 35 1
e 17 36 1
e 17 37 1
e 17 38 1
t # 14243
v 0 14
v 1 14
v 2 14
v 3 1
v 4 2
v 5 2
v 6 2
v 7 2
v 8 2
v 9 3
v 10 3
v 11 3
e 3 10 2
e 4 10 1
e 4 11 2
e 5 11 1
e 6 11 1
e 7 8 1
e 9 10 1
t # 14244
v 0 1
v 1 2
v 2 2
v 3 3
v 4 3
v 5 3
v 6 3
v 7 3
v 8 3
v 9 3
v 10 3
v 11 3
v 12 3
v 13 3
v 14 3
v 15 3
v 16 3
v 17 3
v 18 3
v 19 3
v 20 3
v 21 3
v 22 3
v 23 3
v 24 3
v 25 3
v 26 3
v 27 3
v 28 4
v 29 4
v 30 4
v 31 4
v 32 4
v 33 4
v 34 4
v 35 4
v 36 4
v 37 4
v 38 4
v 39 4
v 40 4
v 41 4
v 42 4
v 43 4
v 44 4
v 45 4
v 46 4
v 47 4
v 48 4
v 49 4
v 50 4
v 51 4
v 52 4
v 53 4
v 54 4
v 55 4
v 56 4
v 57 4
v 58 4
v 59 4
v 60 4
v 61 4
v 62 4
v 63 4
v 64 4
v 65 4
v 66 4
v 67 4
v 68 4
v 69 4
v 70 4
v 71 4
e 0 26 1
e 0 27 1
e 1 5 1
e 1 6 1
e 1 11 1
e 1 14 1
e 2 22 1
e 2 23 1
e 2 24 1
e 2 25 1
e 3 4 1
e 3 5 1
e 3 7 1
e 3 28 1
e 4 6 1
e 4 8 1
e 4 29 1
e 5 30 1
e 5 31 1
e 6 32 1
e 6 33 1
e 7 9 1
e 7 12 1
e 7 34 1
e 8 10 1
e 8 13 1
e 8 35 1
e 9 10 2
e 9 15 1
e 10 16 1
e 11 21 1
e 11 36 1
e 11 37 1
e 12 17 1
e 12 38 1
e 12 39 1
e 13 18 1
e 13 40 1
e 13 41 1
e 14 42 1
e 14 43 1
e 14 44 1
e 15 19 1
e 15 45 1
e 15 46 1
e 16 20 1
e 16 47 1
e 16 48 1
e 17 19 1
e 17 49 1
e 17 50 1
e 18 20 1
e 18 51 1
e 18 52 1
e 19 53 1
e 19 54 1
e 20 55 1
e 20 56 1
e 21 22 1
e 21 57 1
e 21 58 1
e 22 59 1
e 22 60 1
e 23 26 1
e 23 61 1
e 23 62 1
e 24 27 1
e 24 63 1
e 24 64 1
e 25 65 1
e 25 66 1
e 25 67 1
e 26 68 1
e 26 69 1
e 27 70 1
e 27 71 1
t # 14245
v 0 2
v 1 2
v 2 3
v 3 3
v 4 3
v 5 3
v 6 3
v 7 3
v 8 3
v 9 3
v 10 3
v 11 3
v 12 3
v 13 3
v 14 3
v 15 3
v 16 3
v 17 3
v 18 3
v 19 3
v 20 3
v 21 3
v 22 4
v 23 4
v 24 4
v 25 4
v 26 4
v 27 4
v 28 4
v 29 4
v 30 4
v 31 4
v 32 4
v 33 4
v 34 4
v 35 4
v 36 4
v 37 4
v 38 4
v 39 4
v 40 4
v 41 4
v 42 4
v 43 4
v 44 4
v 45 4
v 46 4
v 47 4
v 48 4
v 49 4
v 50 4
v 51 4
v 52 4
v 53 4
v 54 4
v 55 4
e 0 8 1
e 0 9 1
e 0 18 1
e 1 19 1
e 1 20 1
e 1 21 1
e 2 3 1
e 2 4 1
e 2 8 1
e 2 22 1
e 3 5 1
e 3 9 1
e 3 23 1
e 4 6 1
e 4 10 1
e 4 24 1
e 5 7 1
e 5 11 1
e 5 25 1
e 6 7 2
e 6 12 1
e 7 13 1
e 8 26 1
e 8 27 1
e 9 28 1
e 9 29 1
e 10 14 1
e 10 30 1
e 10 31 1
e 11 15 1
e 11 32 1
e 11 33 1
e 12 16 1
e 12 34 1
e 12 35 1
e 13 17 1
e 13 36 1
e 13 37 1
e 14 16 1
e 14 38 1
e 14 39 1
e 15 17 1
e 15 40 1
e 15 41 1
e 16 42 1
e 16 43 1
e 17 44 1
e 17 45 1
e 18 19 1
e 18 46 1
e 18 47 1
e 19 48 1
e 19 49 1
e 20 50 1
e 20 51 1
e 20 52 1
e 21 53 1
e 21 54 1
e 21 55 1
t # 14246
v 0 2
v 1 3
v 2 3
v 3 3
v 4 3
v 5 3
v 6 3
v 7 3
v 8 3
v 9 3
v 10 3
v 11 3
v 12 4
v 13 4
v 14 4
v 15 4
v 16 4
v 17 4
v 18 4
v 19 4
v 20 4
v 21 4
v 22 4
v 23 4
v 24 4
v 25 4
v 26 4
v 27 4
v 28 4
v 29 4
v 30 4
v 31 4
v 32 4
e 0 8 1
e 0 9 1
e 0 32 1
e 1 2 1
e 1 3 1
e 1 4 1
e 1 5 1
e 2 6 1
e 2 12 1
e 2 13 1
e 3 7 1
e 3 14 1
e 3 15 1
e 4 8 1
e 4 16 1
e 4 17 1
e 5 9 1
e 5 18 1
e 5 19 1
e 6 10 1
e 6 20 1
e 6 21 1
e 7 11 1
e 7 22 1
e 7 23 1
e 8 24 1
e 8 25 1
e 9 26 1
e 9 27 1
e 10 11 1
e 10 28 1
e 10 29 1
e 11 30 1
e 11 31 1
t # 14247
v 0 2
v 1 3
v 2 3
v 3 3
v 4 3
v 5 3
v 6 3
v 7 3
v 8 3
v 9 3
v 10 3
v 11 3
v 12 4
v 13 4
v 14 4
v 15 4
v 16 4
v 17 4
v 18 4
v 19 4
v 20 4
v 21 4
v 22 4
v 23 4
v 24 4
v 25 4
v 26 4
v 27 4
v 28 4
v 29 4
v 30 4
v 31 4
v 32 4
e 0 9 1
e 0 10 1
e 0 29 1
e 1 2 1
e 1 3 1
e 1 4 1
e 1 5 1
e 2 7 1
e 2 12 1
e 2 13 1
e 3 8 1
e 3 14 1
e 3 15 1
e 4 9 1
e 4 16 1
e 4 17 1
e 5 10 1
e 5 18 1
e 5 19 1
e 6 7 1
e 6 8 1
e 6 11 1
e 6 20 1
e 7 21 1
e 7 22 1
e 8 23 1
e 8 24 1
e 9 25 1
e 9 26 1
e 10 27 1
e 10 28 1
e 11 30 1
e 11 31 1
e 11 32 1
t # 14248
v 0 2
v 1 2
v 2 2
v 3 2
v 4 2
v 5 3
v 6 3
v 7 3
v 8 3
v 9 3
v 10 3
v 11 3
v 12 3
v 13 3
v 14 3
v 15 4
v 16 4
v 17 4
v 18 4
v 19 4
v 20 4
v 21 4
v 22 4
v 23 4
v 24 4
v 25 4
v 26 4
v 27 4
e 0 6 1
e 0 8 1
e 0 16 1
e 1 5 1
e 1 11 2
e 2 6 2
e 2 12 1
e 3 7 2
e 3 11 1
e 4 7 1
e 4 12 2
e 5 6 1
e 5 7 1
e 5 15 1
e 8 9 1
e 8 17 1
e 8 18 1
e 9 10 2
e 9 19 1
e 10 13 1
e 10 14 1
e 11 20 1
e 12 21 1
e 13 22 1
e 13 23 1
e 13 24 1
e 14 25 1
e 14 26 1
e 14 27 1
t # 14249
v 0 1
v 1 2
v 2 2
v 3 2
v 4 3
v 5 3
v 6 3
v 7 3
v 8 3
v 9 3
v 10 3
v 11 3
v 12 3
v 13 3
v 14 3
v 15 3
v 16 3
v 17 3
v 18 3
v 19 4
v 20 4
v 21 4
v 22 4
v 23 4
v 24 4
v 25 4
v 26 4
v 27 4
v 28 4
v 29 4
v 30 4
v 31 4
v 32 4
v 33 4
v 34 4
v 35 4
v 36 4
v 37 4
e 0 12 2
e 1 4 1
e 1 14 1
e 1 15 1
e 2 5 1
e 2 12 1
e 2 23 1
e 3 7 1
e 3 12 1
e 3 24 1
e 4 5 1
e 4 19 1
e 4 20 1
e 5 21 1
e 5 22 1
e 6 7 1
e 6 8 1
e 6 10 2
e 7 9 2
e 8 11 1
e 8 13 2
e 9 16 1
e 9 25 1
e 10 17 1
e 10 26 1
e 11 16 2
e 11 27 1
e 13 18 1
e 13 28 1
e 14 29 1
e 14 30 1
e 14 31 1
e 15 32 1
e 15 33 1
e 15 34 1
e 16 35 1
e 17 18 2
e 17 36 1
e 18 37 1
t # 14250
v 0 1
v 1 1
v 2 1
v 3 2
v 4 2
v 5 3
v 6 3
v 7 3
v 8 3
v 9 3
v 10 3
v 11 3
v 12 3
v 13 3
v 14 3
v 15 3
v 16 3
v 17 3
v 18 3
v 19 4
v 20 4
v 21 4
v 22 4
v 23 4
v 24 4
v 25 4
v 26 4
v 27 4
v 28 4
v 29 4
v 30 4
v 31 4
v 32 4
v 33 4
v 34 4
v 35 4
v 36 4
v 37 4
v 38 4
e 0 9 2
e 1 14 1
e 1 17 1
e 2 16 1
e 2 18 1
e 3 5 1
e 3 6 1
e 3 9 1
e 4 7 1
e 4 8 1
e 4 10 1
e 5 7 1
e 5 19 1
e 5 20 1
e 6 8 1
e 6 21 1
e 6 22 1
e 7 23 1
e 7 24 1
e 8 25 1
e 8 26 1
e 9 11 1
e 10 27 1
e 10 28 1
e 10 29 1
e 11 12 2
e 11 13 1
e 12 14 1
e 12 30 1
e 13 15 2
e 13 31 1
e 14 16 2
e 15 16 1
e 15 32 1
e 17 33 1
e 17 34 1
e 17 35 1
e 18 36 1
e 18 37 1
e 18 38 1
t # 14251
v 0 2
v 1 2
v 2 3
v 3 3
v 4 3
v 5 3
v 6 3
v 7 3
v 8 3
v 9 3
v 10 3
v 11 3
v 12 3
v 13 3
v 14 3
v 15 4
v 16 4
v 17 4
v 18 4
v 19 4
v 20 4
v 21 4
v 22 4
v 23 4
v 24 4
v 25 4
v 26 4
e 0 2 1
e 0 4 1
e 0 9 1
e 1 11 1
e 1 25 1
e 1 26 1
e 2 3 1
e 2 5 1
e 2 15 1
e 3 6 2
e 3 7 1
e 4 8 2
e 4 12 1
e 5 10 2
e 5 16 1
e 6 8 1
e 6 17 1
e 7 11 2
e 7 18 1
e 8 19 1
e 9 13 2
e 9 20 1
e 10 11 1
e 10 21 1
e 12 14 2
e 12 22 1
e 13 14 1
e 13 23 1
e 14 24 1
t # 14252
v 0 1
v 1 1
v 2 2
v 3 3
v 4 3
v 5 3
v 6 3
v 7 3
v 8 3
v 9 3
v 10 3
v 11 3
v 12 3
v 13 4
v 14 4
v 15 4
v 16 4
v 17 4
v 18 4
v 19 4
v 20 4
v 21 4
v 22 4
v 23 4
v 24 4
v 25 4
v 26 4
e 0 12 1
e 0 26 1
e 1 12 2
e 2 3 1
e 2 4 1
e 2 5 1
e 2 6 1
e 3 7 2
e 3 8 1
e 4 13 1
e 4 14 1
e 4 15 1
e 5 16 1
e 5 17 1
e 5 18 1
e 6 19 1
e 6 20 1
e 6 21 1
e 7 9 1
e 7 22 1
e 8 10 2
e 8 23 1
e 9 11 2
e 9 24 1
e 10 11 1
e 10 25 1
e 11 12 1
t # 14253
v 0 12
v 1 12
v 2 1
v 3 1
v 4 1
v 5 2
v 6 2
v 7 2
v 8 3
v 9 3
v 10 3
v 11 3
v 12 3
v 13 3
v 14 3
v 15 3
v 16 3
v 17 3
v 18 3
v 19 3
v 20 3
v 21 3
v 22 3
v 23 3
v 24 3
v 25 3
v 26 3
v 27 3
v 28 3
v 29 3
v 30 3
v 31 3
v 32 3
v 33 3
v 34 3
v 35 3
v 36 3
v 37 3
v 38 4
v 39 4
v 40 4
v 41 4
v 42 4
v 43 4
v 44 4
v 45 4
v 46 4
v 47 4
v 48 4
v 49 4
v 50 4
v 51 4
v 52 4
v 53 4
v 54 4
v 55 4
v 56 4
v 57 4
v 58 4
v 59 4
v 60 4
v 61 4
v 62 4
v 63 4
v 64 4
v 65 4
v 66 4
v 67 4
v 68 4
v 69 4
v 70 4
v 71 4
v 72 4
v 73 4
v 74 4
v 75 4
v 76 4
v 77 4
v 78 4
v 79 4
v 80 4
v 81 4
v 82 4
v 83 4
v 84 4
e 0 36 1
e 1 37 1
e 2 26 1
e 2 68 1
e 3 27 2
e 4 32 2
e 5 13 1
e 5 27 1
e 5 63 1
e 6 28 1
e 6 31 1
e 6 32 1
e 7 33 1
e 7 34 1
e 7 35 1
e 8 9 1
e 8 13 1
e 8 14 1
e 8 20 1
e 9 10 1
e 9 16 1
e 9 38 1
e 10 11 1
e 10 18 1
e 10 39 1
e 11 12 1
e 11 15 1
e 11 40 1
e 12 19 1
e 12 21 1
e 12 23 1
e 13 17 1
e 13 41 1
e 14 15 1
e 14 42 1
e 14 43 1
e 15 44 1
e 15 45 1
e 16 17 1
e 16 46 1
e 16 47 1
e 17 48 1
e 17 49 1
e 18 22 1
e 18 50 1
e 18 51 1
e 19 22 2
e 19 24 1
e 20 52 1
e 20 53 1
e 20 54 1
e 21 25 1
e 21 55 1
e 21 56 1
e 22 57 1
e 23 58 1
e 23 59 1
e 23 60 1
e 24 26 1
e 24 61 1
e 24 62 1
e 25 26 1
e 25 64 1
e 25 65 1
e 26 66 1
e 27 28 1
e 28 29 1
e 28 67 1
e 29 30 1
e 29 69 1
e 29 70 1
e 30 31 1
e 30 71 1
e 30 72 1
e 31 73 1
e 31 74 1
e 32 33 1
e 33 75 1
e 33 76 1
e 34 36 1
e 34 77 1
e 34 78 1
e 35 37 1
e 35 79 1
e 35 80 1
e 36 81 1
e 36 82 1
e 37 83 1
e 37 84 1
t # 14254
v 0 1
v 1 1
v 2 1
v 3 2
v 4 2
v 5 2
v 6 2
v 7 2
v 8 2
v 9 3
v 10 3
v 11 3
v 12 3
v 13 3
v 14 3
v 15 3
v 16 3
v 17 3
v 18 3
v 19 3
v 20 3
v 21 3
v 22 3
v 23 3
v 24 4
v 25 4
v 26 4
v 27 4
v 28 4
v 29 4
v 30 4
v 31 4
v 32 4
v 33 4
v 34 4
v 35 4
v 36 4
v 37 4
v 38 4
v 39 4
v 40 4
v 41 4
e 0 15 2
e 1 23 1
e 1 41 1
e 2 23 2
e 3 9 1
e 3 13 1
e 3 29 1
e 4 11 1
e 4 14 1
e 4 32 1
e 5 12 1
e 5 16 1
e 5 33 1
e 6 14 1
e 6 17 1
e 6 34 1
e 7 15 1
e 7 17 2
e 8 17 1
e 8 37 1
e 8 38 1
e 9 10 1
e 9 11 1
e 9 24 1
e 10 12 1
e 10 25 1
e 10 26 1
e 11 27 1
e 11 28 1
e 12 30 1
e 12 31 1
e 13 14 2
e 13 15 1
e 16 18 2
e 16 19 1
e 18 20 1
e 18 35 1
e 19 21 2
e 19 36 1
e 20 22 2
e 20 39 1
e 21 22 1
e 21 40 1
e 22 23 1
t # 14255
v 0 2
v 1 2
v 2 3
v 3 3
v 4 3
v 5 3
v 6 3
v 7 3
v 8 3
v 9 3
v 10 3
v 11 4
v 12 4
v 13 4
v 14 4
v 15 4
v 16 4
v 17 4
v 18 4
v 19 4
v 20 4
v 21 4
v 22 4
v 23 4
v 24 4
v 25 4
v 26 4
v 27 4
v 28 4
v 29 4
e 0 1 1
e 0 8 1
e 0 9 1
e 0 10 1
e 1 7 2
e 2 3 1
e 2 4 1
e 2 15 1
e 2 16 1
e 3 5 1
e 3 11 1
e 3 12 1
e 4 6 1
e 4 13 1
e 4 14 1
e 5 7 1
e 5 17 1
e 5 18 1
e 6 7 1
e 6 19 1
e 6 20 1
e 8 21 1
e 8 22 1
e 8 23 1
e 9 24 1
e 9 25 1
e 9 26 1
e 10 27 1
e 10 28 1
e 10 29 1
t # 14256
v 0 2
v 1 2
v 2 3
v 3 3
v 4 3
v 5 3
v 6 3
v 7 3
v 8 3
v 9 3
v 10 3
v 11 3
v 12 3
v 13 3
v 14 3
v 15 4
v 16 4
v 17 4
v 18 4
v 19 4
v 20 4
v 21 4
v 22 4
v 23 4
v 24 4
v 25 4
v 26 4
v 27 4
v 28 4
v 29 4
v 30 4
v 31 4
v 32 4
v 33 4
v 34 4
v 35 4
v 36 4
v 37 4
v 38 4
v 39 4
v 40 4
v 41 4
e 0 1 1
e 0 12 1
e 0 13 1
e 0 14 1
e 1 8 2
e 2 3 1
e 2 4 1
e 2 5 1
e 2 15 1
e 3 9 1
e 3 10 1
e 3 11 1
e 4 6 1
e 4 16 1
e 4 17 1
e 5 7 1
e 5 18 1
e 5 19 1
e 6 8 1
e 6 20 1
e 6 21 1
e 7 8 1
e 7 22 1
e 7 23 1
e 9 24 1
e 9 25 1
e 9 26 1
e 10 27 1
e 10 28 1
e 10 29 1
e 11 30 1
e 11 31 1
e 11 32 1
e 12 33 1
e 12 34 1
e 12 35 1
e 13 36 1
e 13 37 1
e 13 38 1
e 14 39 1
e 14 40 1
e 14 41 1
t # 14257
v 0 1
v 1 1
v 2 1
v 3 1
v 4 1
v 5 1
v 6 1
v 7 1
v 8 2
v 9 2
v 10 2
v 11 3
v 12 3
v 13 3
v 14 3
v 15 3
v 16 3
v 17 3
v 18 3
v 19 3
v 20 3
v 21 4
v 22 4
v 23 4
v 24 4
v 25 4
v 26 4
v 27 4
v 28 4
v 29 4
v 30 4
v 31 4
v 32 4
v 33 4
e 0 11 1
e 0 17 1
e 1 11 1
e 1 18 1
e 6 33 1
e 8 12 1
e 9 13 1
e 10 16 2
e 11 12 1
e 11 13 1
e 12 14 2
e 13 15 2
e 14 16 1
e 14 21 1
e 15 16 1
e 15 22 1
e 17 19 1
e 17 23 1
e 17 24 1
e 18 20 1
e 18 25 1
e 18 26 1
e 19 27 1
e 19 28 1
e 19 29 1
e 20 30 1
e 20 31 1
e 20 32 1
t # 14258
v 0 1
v 1 1
v 2 1
v 3 1
v 4 1
v 5 2
v 6 2
v 7 2
v 8 2
v 9 2
v 10 2
v 11 3
v 12 3
v 13 3
v 14 3
v 15 3
v 16 3
v 17 3
v 18 3
v 19 3
v 20 3
v 21 3
v 22 3
v 23 3
v 24 3
v 25 3
v 26 3
v 27 3
v 28 3
v 29 3
v 30 4
v 31 4
v 32 4
v 33 4
v 34 4
v 35 4
v 36 4
v 37 4
v 38 4
v 39 4
v 40 4
v 41 4
v 42 4
v 43 4
v 44 4
v 45 4
v 46 4
v 47 4
e 0 25 2
e 1 28 1
e 1 46 1
e 2 29 1
e 2 47 1
e 3 28 2
e 4 29 2
e 5 12 1
e 5 16 1
e 5 33 1
e 6 15 1
e 6 27 2
e 7 25 1
e 7 26 1
e 7 41 1
e 8 20 2
e 8 27 1
e 9 20 1
e 9 42 1
e 9 43 1
e 10 27 1
e 10 44 1
e 10 45 1
e 11 12 1
e 11 14 2
e 11 17 1
e 12 30 1
e 12 31 1
e 13 14 1
e 13 15 2
e 13 20 1
e 14 32 1
e 15 18 1
e 16 21 2
e 16 22 1
e 17 18 2
e 17 34 1
e 18 35 1
e 19 23 2
e 19 24 1
e 19 25 1
e 21 23 1
e 21 36 1
e 22 24 2
e 22 37 1
e 23 38 1
e 24 39 1
e 26 28 1
e 26 29 1
e 26 40 1
t # 14259
v 0 1
v 1 1
v 2 2
v 3 2
v 4 3
v 5 3
v 6 3
v 7 3
v 8 3
v 9 3
v 10 3
v 11 3
v 12 3
v 13 3
v 14 3
v 15 3
v 16 3
v 17 3
v 18 3
v 19 3
v 20 3
v 21 3
v 22 3
v 23 3
v 24 3
v 25 3
v 26 3
v 27 3
v 28 3
v 29 3
v 30 3
v 31 3
v 32 3
v 33 3
v 34 4
v 35 4
v 36 4
v 37 4
v 38 4
v 39 4
v 40 4
v 41 4
v 42 4
v 43 4
v 44 4
v 45 4
v 46 4
v 47 4
v 48 4
v 49 4
v 50 4
v 51 4
v 52 4
v 53 4
v 54 4
v 55 4
v 56 4
v 57 4
v 58 4
v 59 4
e 0 6 2
e 1 9 2
e 2 4 1
e 2 7 1
e 2 35 1
e 3 5 2
e 3 14 1
e 4 5 1
e 4 6 1
e 4 34 1
e 5 9 1
e 6 8 1
e 7 10 2
e 7 11 1
e 8 17 2
e 8 18 1
e 9 12 1
e 10 15 1
e 10 36 1
e 11 16 2
e 11 37 1
e 12 19 2
e 12 20 1
e 13 15 2
e 13 16 1
e 13 25 1
e 14 21 2
e 14 22 1
e 15 38 1
e 16 39 1
e 17 23 1
e 17 40 1
e 18 24 2
e 18 41 1
e 19 30 1
e 19 42 1
e 20 31 2
e 20 43 1
e 21 27 1
e 21 44 1
e 22 28 2
e 22 45 1
e 23 29 2
e 23 46 1
e 24 29 1
e 24 47 1
e 25 48 1
e 25 49 1
e 25 50 1
e 26 27 2
e 26 28 1
e 26 33 1
e 27 51 1
e 28 52 1
e 29 53 1
e 30 32 2
e 30 54 1
e 31 32 1
e 31 55 1
e 32 56 1
e 33 57 1
e 33 58 1
e 33 59 1
t # 14260
v 0 2
v 1 2
v 2 3
v 3 3
v 4 3
v 5 3
v 6 3
v 7 3
v 8 3
v 9 3
v 10 3
v 11 3
v 12 3
v 13 3
v 14 3
v 15 3
v 16 3
v 17 3
v 18 3
v 19 3
v 20 4
v 21 4
v 22 4
v 23 4
v 24 4
v 25 4
v 26 4
v 27 4
v 28 4
v 29 4
v 30 4
v 31 4
v 32 4
v 33 4
v 34 4
v 35 4
e 0 6 2
e 0 9 1
e 1 7 2
e 1 10 1
e 2 3 1
e 2 6 1
e 2 7 1
e 2 20 1
e 3 4 1
e 3 21 1
e 3 22 1
e 4 5 1
e 4 23 1
e 4 24 1
e 5 6 1
e 5 25 1
e 5 26 1
e 7 8 1
e 8 11 2
e 8 12 1
e 9 10 1
e 9 13 2
e 10 14 2
e 11 16 1
e 11 27 1
e 12 17 2
e 12 28 1
e 13 15 1
e 13 29 1
e 14 18 1
e 14 30 1
e 15 18 2
e 15 31 1
e 16 19 2
e 16 32 1
e 17 19 1
e 17 33 1
e 18 34 1
e 19 35 1
t # 14261
v 0 1
v 1 1
v 2 2
v 3 2
v 4 3
v 5 3
v 6 3
v 7 3
v 8 3
v 9 3
v 10 3
v 11 3
v 12 3
v 13 3
v 14 3
v 15 3
v 16 4
v 17 4
v 18 4
v 19 4
v 20 4
v 21 4
v 22 4
v 23 4
e 0 9 1
e 0 23 1
e 1 15 2
e 2 7 1
e 2 9 1
e 2 18 1
e 3 10 2
e 3 15 1
e 4 5 1
e 4 8 1
e 4 10 1
e 4 16 1
e 5 6 1
e 5 7 2
e 6 9 1
e 6 11 2
e 7 13 1
e 8 12 2
e 8 15 1
e 9 17 1
e 10 14 1
e 11 12 1
e 11 19 1
e 12 20 1
e 13 14 2
e 13 21 1
e 14 22 1
t # 14262
v 0 1
v 1 1
v 2 1
v 3 1
v 4 1
v 5 1
v 6 1
v 7 1
v 8 1
v 9 1
v 10 1
v 11 1
v 12 1
v 13 1
v 14 1
v 15 1
v 16 1
v 17 3
v 18 3
v 19 3
v 20 3
v 21 3
v 22 3
v 23 3
v 24 3
v 25 3
v 26 3
v 27 3
v 28 3
v 29 3
v 30 3
v 31 3
v 32 3
v 33 3
v 34 3
v 35 3
v 36 3
v 37 3
v 38 3
v 39 3
v 40 3
v 41 3
v 42 3
v 43 3
v 44 3
v 45 3
v 46 3
v 47 3
v 48 3
v 49 3
v 50 3
v 51 3
v 52 3
v 53 3
v 54 3
v 55 3
v 56 3
v 57 3
v 58 3
v 59 3
v 60 3
v 61 3
v 62 4
v 63 4
v 64 4
v 65 4
v 66 4
v 67 4
v 68 4
v 69 4
v 70 4
v 71 4
v 72 4
v 73 4
v 74 4
v 75 4
v 76 4
v 77 4
v 78 4
v 79 4
v 80 4
v 81 4
v 82 4
v 83 4
v 84 4
v 85 4
v 86 4
v 87 4
v 88 4
v 89 4
v 90 4
v 91 4
v 92 4
v 93 4
v 94 4
v 95 4
v 96 4
v 97 4
v 98 4
v 99 4
v 100 4
v 101 4
v 102 4
v 103 4
v 104 4
v 105 4
v 106 4
v 107 4
v 108 4
v 109 4
v 110 4
v 111 4
v 112 4
v 113 4
v 114 4
v 115 4
v 116 4
v 117 4
v 118 4
v 119 4
v 120 4
v 121 4
v 122 4
v 123 4
v 124 4
v 125 4
v 126 4
v 127 4
v 128 4
v 129 4
v 130 4
v 131 4
v 132 4
v 133 4
v 134 4
v 135 4
e 0 22 1
e 0 30 1
e 1 30 1
e 1 41 1
e 2 38 1
e 2 44 1
e 3 44 1
e 3 47 1
e 4 45 1
e 4 110 1
e 5 46 1
e 5 113 1
e 6 48 1
e 6 50 1
e 7 49 1
e 7 52 1
e 8 50 1
e 8 54 1
e 9 52 1
e 9 58 1
e 10 51 1
e 10 122 1
e 11 53 1
e 11 128 1
e 12 55 1
e 12 129 1
e 13 56 1
e 13 130 1
e 14 57 1
e 14 133 1
e 15 59 1
e 15 134 1
e 16 61 1
e 16 135 1
e 17 18 1
e 17 20 1
e 17 25 1
e 17 32 1
e 18 19 1
e 18 24 1
e 18 62 1
e 19 21 1
e 19 29 1
e 19 63 1
e 20 22 1
e 20 27 1
e 20 64 1
e 21 23 1
e 21 26 1
e 21 65 1
e 22 24 1
e 22 66 1
e 23 28 1
e 23 33 1
e 23 35 1
e 24 67 1
e 24 68 1
e 25 26 1
e 25 69 1
e 25 70 1
e 26 71 1
e 26 72 1
e 27 30 1
e 27 37 1
e 27 73 1
e 28 31 1
e 28 34 1
e 28 74 1
e 29 31 1
e 29 75 1
e 29 76 1
e 30 39 1
e 31 77 1
e 31 78 1
e 32 79 1
e 32 80 1
e 32 81 1
e 33 36 1
e 33 82 1
e 33 83 1
e 34 38 1
e 34 84 1
e 34 85 1
e 35 86 1
e 35 87 1
e 35 88 1
e 36 38 1
e 36 89 1
e 36 90 1
e 37 91 1
e 37 92 1
e 37 93 1
e 38 94 1
e 39 40 1
e 39 95 1
e 39 96 1
e 40 42 1
e 40 97 1
e 40 98 1
e 41 42 1
e 41 99 1
e 41 100 1
e 42 43 1
e 42 101 1
e 43 102 1
e 43 103 1
e 43 104 1
e 44 45 1
e 44 105 1
e 45 46 1
e 45 106 1
e 46 48 1
e 46 107 1
e 47 48 1
e 47 49 1
e 47 108 1
e 48 109 1
e 49 111 1
e 49 112 1
e 50 51 1
e 50 114 1
e 51 53 1
e 51 115 1
e 52 55 1
e 52 116 1
e 53 56 1
e 53 117 1
e 54 56 1
e 54 60 1
e 54 118 1
e 55 57 1
e 55 119 1
e 56 120 1
e 57 59 1
e 57 121 1
e 58 59 1
e 58 61 1
e 58 123 1
e 59 124 1
e 60 125 1
e 60 126 1
e 60 127 1
e 61 131 1
e 61 132 1
t # 14263
v 0 1
v 1 1
v 2 1
v 3 1
v 4 1
v 5 1
v 6 1
v 7 2
v 8 2
v 9 2
v 10 3
v 11 3
v 12 3
v 13 3
v 14 3
v 15 3
v 16 3
v 17 3
v 18 3
v 19 3
v 20 3
v 21 3
v 22 3
v 23 3
v 24 3
v 25 3
v 26 3
v 27 3
v 28 3
v 29 3
v 30 3
v 31 3
v 32 3
v 33 3
v 34 3
v 35 3
v 36 3
v 37 3
v 38 4
v 39 4
v 40 4
v 41 4
v 42 4
v 43 4
v 44 4
v 45 4
v 46 4
v 47 4
v 48 4
v 49 4
v 50 4
v 51 4
v 52 4
v 53 4
v 54 4
v 55 4
v 56 4
v 57 4
v 58 4
v 59 4
v 60 4
v 61 4
v 62 4
v 63 4
v 64 4
v 65 4
v 66 4
v 67 4
v 68 4
v 69 4
v 70 4
e 0 19 1
e 0 54 1
e 1 22 1
e 1 34 1
e 2 23 1
e 2 35 1
e 3 32 1
e 3 36 1
e 4 33 1
e 4 37 1
e 7 10 1
e 7 11 1
e 7 14 1
e 8 10 1
e 8 12 1
e 8 15 1
e 9 21 1
e 10 16 1
e 10 38 1
e 11 13 1
e 11 39 1
e 11 40 1
e 12 13 1
e 12 41 1
e 12 42 1
e 13 43 1
e 13 44 1
e 14 17 1
e 14 45 1
e 14 46 1
e 15 18 1
e 15 47 1
e 15 48 1
e 16 19 2
e 16 20 1
e 17 22 2
e 17 25 1
e 18 23 2
e 18 26 1
e 19 21 1
e 20 24 2
e 20 49 1
e 21 27 2
e 22 28 1
e 23 29 1
e 24 27 1
e 24 50 1
e 25 30 2
e 25 51 1
e 26 31 2
e 26 52 1
e 27 53 1
e 28 32 2
e 28 55 1
e 29 33 2
e 29 56 1
e 30 32 1
e 30 57 1
e 31 33 1
e 31 58 1
e 34 59 1
e 34 60 1
e 34 61 1
e 35 62 1
e 35 63 1
e 35 64 1
e 36 65 1
e 36 66 1
e 36 67 1
e 37 68 1
e 37 69 1
e 37 70 1
t # 14264
v 0 1
v 1 1
v 2 1
v 3 1
v 4 1
v 5 1
v 6 2
v 7 2
v 8 3
v 9 3
v 10 3
v 11 3
v 12 3
v 13 3
v 14 3
v 15 3
v 16 3
v 17 3
v 18 3
v 19 3
v 20 3
v 21 3
v 22 3
v 23 3
v 24 3
v 25 3
v 26 3
v 27 3
v 28 3
v 29 3
v 30 3
v 31 3
v 32 3
v 33 3
v 34 3
v 35 3
v 36 3
v 37 3
v 38 4
v 39 4
v 40 4
v 41 4
v 42 4
v 43 4
v 44 4
v 45 4
v 46 4
v 47 4
v 48 4
v 49 4
v 50 4
v 51 4
v 52 4
v 53 4
v 54 4
v 55 4
v 56 4
v 57 4
v 58 4
v 59 4
v 60 4
v 61 4
v 62 4
v 63 4
v 64 4
v 65 4
v 66 4
v 67 4
v 68 4
v 69 4
v 70 4
v 71 4
v 72 4
v 73 4
v 74 4
v 75 4
e 0 17 1
e 0 32 1
e 1 19 1
e 1 33 1
e 2 21 1
e 2 34 1
e 3 22 1
e 3 35 1
e 4 30 1
e 4 36 1
e 5 31 1
e 5 37 1
e 6 8 1
e 6 9 1
e 6 13 1
e 7 8 1
e 7 10 1
e 7 14 1
e 8 12 1
e 8 38 1
e 9 11 1
e 9 39 1
e 9 40 1
e 10 11 1
e 10 41 1
e 10 42 1
e 11 43 1
e 11 44 1
e 12 17 2
e 12 18 1
e 13 15 1
e 13 45 1
e 13 46 1
e 14 16 1
e 14 47 1
e 14 48 1
e 15 21 2
e 15 23 1
e 16 22 2
e 16 24 1
e 17 20 1
e 18 19 2
e 18 49 1
e 19 25 1
e 20 25 2
e 20 50 1
e 21 26 1
e 22 27 1
e 23 28 2
e 23 51 1
e 24 29 2
e 24 52 1
e 25 53 1
e 26 30 2
e 26 54 1
e 27 31 2
e 27 55 1
e 28 30 1
e 28 56 1
e 29 31 1
e 29 57 1
e 32 58 1
e 32 59 1
e 32 60 1
e 33 61 1
e 33 62 1
e 33 63 1
e 34 64 1
e 34 65 1
e 34 66 1
e 35 67 1
e 35 68 1
e 35 69 1
e 36 70 1
e 36 71 1
e 36 72 1
e 37 73 1
e 37 74 1
e 37 75 1
t # 14265
v 0 1
v 1 1
v 2 1
v 3 2
v 4 2
v 5 3
v 6 3
v 7 3
v 8 3
v 9 3
v 10 3
v 11 3
v 12 3
v 13 3
v 14 3
v 15 3
v 16 3
v 17 3
v 18 3
v 19 3
v 20 3
v 21 3
v 22 3
v 23 3
v 24 3
v 25 3
v 26 3
v 27 3
v 28 3
v 29 3
v 30 3
v 31 3
v 32 4
v 33 4
v 34 4
v 35 4
v 36 4
v 37 4
v 38 4
v 39 4
v 40 4
v 41 4
v 42 4
v 43 4
v 44 4
v 45 4
v 46 4
v 47 4
v 48 4
v 49 4
v 50 4
v 51 4
v 52 4
v 53 4
v 54 4
v 55 4
v 56 4
v 57 4
v 58 4
v 59 4
v 60 4
v 61 4
v 62 4
v 63 4
e 0 16 1
e 0 29 1
e 1 17 1
e 1 30 1
e 2 18 1
e 2 31 1
e 3 5 1
e 3 6 1
e 3 9 1
e 4 5 1
e 4 7 1
e 4 10 1
e 5 11 1
e 5 32 1
e 6 8 1
e 6 33 1
e 6 34 1
e 7 8 1
e 7 35 1
e 7 36 1
e 8 37 1
e 8 38 1
e 9 12 1
e 9 39 1
e 9 40 1
e 10 13 1
e 10 41 1
e 10 42 1
e 11 14 2
e 11 15 1
e 12 17 1
e 12 20 2
e 13 18 1
e 13 21 2
e 14 16 1
e 14 43 1
e 15 19 2
e 15 44 1
e 16 22 2
e 17 23 2
e 18 24 2
e 19 22 1
e 19 45 1
e 20 25 1
e 20 46 1
e 21 26 1
e 21 47 1
e 22 48 1
e 23 27 1
e 23 49 1
e 24 28 1
e 24 50 1
e 25 27 2
e 25 51 1
e 26 28 2
e 26 52 1
e 27 53 1
e 28 54 1
e 29 55 1
e 29 56 1
e 29 57 1
e 30 58 1
e 30 59 1
e 30 60 1
e 31 61 1
e 31 62 1
e 31 63 1
t # 14266
v 0 14
v 1 1
v 2 1
v 3 2
v 4 2
v 5 3
v 6 3
v 7 3
v 8 3
v 9 3
v 10 3
v 11 3
v 12 3
v 13 3
v 14 3
v 15 3
v 16 3
v 17 3
v 18 3
v 19 3
v 20 3
v 21 3
v 22 3
v 23 3
v 24 3
v 25 3
v 26 3
v 27 3
v 28 3
v 29 3
v 30 3
v 31 4
v 32 4
v 33 4
v 34 4
v 35 4
v 36 4
v 37 4
v 38 4
v 39 4
v 40 4
v 41 4
v 42 4
v 43 4
v 44 4
v 45 4
v 46 4
v 47 4
v 48 4
v 49 4
v 50 4
v 51 4
v 52 4
v 53 4
v 54 4
v 55 4
v 56 4
v 57 4
v 58 4
v 59 4
e 1 16 1
e 1 29 1
e 2 17 1
e 2 30 1
e 3 5 1
e 3 6 1
e 3 9 1
e 4 5 1
e 4 7 1
e 4 10 1
e 5 11 1
e 5 31 1
e 6 8 1
e 6 32 1
e 6 33 1
e 7 8 1
e 7 34 1
e 7 35 1
e 8 36 1
e 8 37 1
e 9 12 1
e 9 38 1
e 9 39 1
e 10 13 1
e 10 40 1
e 10 41 1
e 11 14 2
e 11 15 1
e 12 16 1
e 12 18 2
e 13 17 1
e 13 19 2
e 14 20 1
e 14 42 1
e 15 21 2
e 15 43 1
e 16 23 2
e 17 24 2
e 18 25 1
e 18 44 1
e 19 26 1
e 19 45 1
e 20 22 2
e 21 22 1
e 21 46 1
e 22 47 1
e 23 27 1
e 23 48 1
e 24 28 1
e 24 49 1
e 25 27 2
e 25 50 1
e 26 28 2
e 26 51 1
e 27 52 1
e 28 53 1
e 29 54 1
e 29 55 1
e 29 56 1
e 30 57 1
e 30 58 1
e 30 59 1
t # 14267
v 0 2
v 1 3
v 2 3
v 3 3
v 4 3
v 5 3
v 6 3
v 7 3
v 8 3
v 9 3
v 10 3
v 11 3
v 12 3
v 13 3
v 14 3
v 15 3
v 16 4
v 17 4
v 18 4
v 19 4
v 20 4
v 21 4
v 22 4
v 23 4
v 24 4
v 25 4
v 26 4
v 27 4
v 28 4
v 29 4
v 30 4
v 31 4
v 32 4
e 0 1 1
e 0 5 1
e 0 19 1
e 1 2 1
e 1 4 1
e 1 16 1
e 2 3 1
e 2 17 1
e 2 18 1
e 3 6 2
e 3 7 1
e 4 20 1
e 4 21 1
e 4 22 1
e 5 8 2
e 5 9 1
e 6 10 1
e 6 23 1
e 7 11 2
e 7 24 1
e 8 13 1
e 8 25 1
e 9 14 2
e 9 26 1
e 10 12 2
e 10 27 1
e 11 12 1
e 11 28 1
e 12 29 1
e 13 15 2
e 13 30 1
e 14 15 1
e 14 31 1
e 15 32 1
t # 14268
v 0 1
v 1 1
v 2 2
v 3 3
v 4 3
v 5 3
v 6 3
v 7 3
v 8 3
v 9 3
v 10 3
v 11 3
v 12 3
v 13 3
v 14 3
v 15 3
v 16 3
v 17 3
v 18 3
v 19 3
v 20 3
v 21 3
v 22 3
v 23 3
v 24 3
v 25 3
v 26 3
v 27 3
v 28 3
v 29 3
v 30 3
v 31 3
v 32 3
v 33 4
v 34 4
v 35 4
v 36 4
v 37 4
v 38 4
v 39 4
v 40 4
v 41 4
v 42 4
v 43 4
v 44 4
v 45 4
v 46 4
v 47 4
v 48 4
v 49 4
v 50 4
v 51 4
v 52 4
v 53 4
v 54 4
v 55 4
e 0 7 2
e 1 8 2
e 2 5 1
e 2 6 1
e 2 11 1
e 3 4 1
e 3 5 1
e 3 7 1
e 3 33 1
e 4 6 1
e 4 8 1
e 4 34 1
e 5 9 1
e 5 35 1
e 6 10 1
e 6 36 1
e 7 12 1
e 8 13 1
e 9 14 2
e 9 16 1
e 10 15 2
e 10 17 1
e 11 20 2
e 11 21 1
e 12 13 1
e 12 18 2
e 13 19 2
e 14 24 1
e 14 37 1
e 15 25 1
e 15 38 1
e 16 26 2
e 16 39 1
e 17 27 2
e 17 40 1
e 18 22 1
e 18 41 1
e 19 23 1
e 19 42 1
e 20 28 1
e 20 43 1
e 21 29 2
e 21 44 1
e 22 23 2
e 22 45 1
e 23 46 1
e 24 30 2
e 24 47 1
e 25 31 2
e 25 48 1
e 26 30 1
e 26 49 1
e 27 31 1
e 27 50 1
e 28 32 2
e 28 51 1
e 29 32 1
e 29 52 1
e 30 53 1
e 31 54 1
e 32 55 1
t # 14269
v 0 2
v 1 2
v 2 2
v 3 2
v 4 3
v 5 3
v 6 3
v 7 3
v 8 3
v 9 3
v 10 3
v 11 3
v 12 3
v 13 3
v 14 3
v 15 3
v 16 3
v 17 3
v 18 3
v 19 3
v 20 4
v 21 4
v 22 4
v 23 4
v 24 4
v 25 4
v 26 4
v 27 4
v 28 4
v 29 4
v 30 4
v 31 4
v 32 4
v 33 4
v 34 4
v 35 4
v 36 4
v 37 4
v 38 4
v 39 4
v 40 4
v 41 4
e 0 4 1
e 0 6 1
e 0 7 1
e 1 5 1
e 1 6 1
e 1 23 1
e 2 9 1
e 2 11 1
e 2 14 1
e 3 11 1
e 3 15 1
e 3 37 1
e 4 5 1
e 4 8 1
e 4 20 1
e 5 10 1
e 5 21 1
e 6 9 1
e 6 22 1
e 7 11 1
e 7 24 1
e 7 25 1
e 8 12 1
e 8 26 1
e 8 27 1
e 9 28 1
e 9 29 1
e 10 13 1
e 10 30 1
e 10 31 1
e 11 32 1
e 12 13 1
e 12 33 1
e 12 34 1
e 13 35 1
e 13 36 1
e 14 15 1
e 14 16 2
e 15 17 2
e 16 18 1
e 16 38 1
e 17 19 1
e 17 39 1
e 18 19 2
e 18 40 1
e 19 41 1
t # 14270
v 0 8
v 1 1
v 2 1
v 3 1
v 4 2
v 5 2
v 6 2
v 7 3
v 8 3
v 9 3
v 10 3
v 11 3
v 12 3
v 13 3
v 14 3
v 15 3
v 16 3
v 17 3
v 18 3
v 19 3
v 20 3
v 21 3
v 22 4
v 23 4
v 24 4
v 25 4
v 26 4
v 27 4
v 28 4
v 29 4
v 30 4
v 31 4
v 32 4
v 33 4
v 34 4
v 35 4
v 36 4
v 37 4
v 38 4
v 39 4
v 40 4
v 41 4
v 42 4
v 43 4
v 44 4
v 45 4
v 46 4
v 47 4
v 48 4
v 49 4
v 50 4
v 51 4
e 2 19 1
e 2 20 1
e 3 19 2
e 4 7 1
e 4 44 1
e 5 8 1
e 5 45 1
e 6 19 1
e 6 46 1
e 7 9 1
e 7 10 1
e 7 22 1
e 8 11 1
e 8 12 1
e 8 23 1
e 9 13 1
e 9 24 1
e 9 25 1
e 10 14 1
e 10 26 1
e 10 27 1
e 11 15 1
e 11 28 1
e 11 29 1
e 12 16 1
e 12 30 1
e 12 31 1
e 13 17 1
e 13 32 1
e 13 33 1
e 14 17 1
e 14 34 1
e 14 35 1
e 15 18 1
e 15 36 1
e 15 37 1
e 16 18 1
e 16 38 1
e 16 39 1
e 17 40 1
e 17 41 1
e 18 42 1
e 18 43 1
e 20 21 1
e 20 47 1
e 20 48 1
e 21 49 1
e 21 50 1
e 21 51 1
t # 14271
v 0 8
v 1 1
v 2 1
v 3 1
v 4 2
v 5 2
v 6 2
v 7 3
v 8 3
v 9 3
v 10 3
v 11 3
v 12 3
v 13 3
v 14 3
v 15 3
v 16 3
v 17 3
v 18 3
v 19 3
v 20 3
v 21 3
v 22 4
v 23 4
v 24 4
v 25 4
v 26 4
v 27 4
v 28 4
v 29 4
v 30 4
v 31 4
v 32 4
v 33 4
v 34 4
v 35 4
v 36 4
v 37 4
v 38 4
v 39 4
e 2 13 1
e 2 20 1
e 3 13 2
e 4 7 1
e 4 22 1
e 5 8 1
e 5 23 1
e 6 13 1
e 6 24 1
e 7 9 2
e 7 11 1
e 8 10 2
e 8 12 1
e 9 14 1
e 9 25 1
e 10 15 1
e 10 26 1
e 11 16 2
e 11 27 1
e 12 17 2
e 12 28 1
e 14 18 2
e 14 29 1
e 15 19 2
e 15 30 1
e 16 18 1
e 16 31 1
e 17 19 1
e 17 32 1
e 18 33 1
e 19 34 1
e 20 21 1
e 20 35 1
e 20 36 1
e 21 37 1
e 21 38 1
e 21 39 1
t # 14272
v 0 8
v 1 1
v 2 1
v 3 1
v 4 2
v 5 2
v 6 2
v 7 3
v 8 3
v 9 3
v 10 3
v 11 3
v 12 3
v 13 3
v 14 3
v 15 3
v 16 3
v 17 3
v 18 3
v 19 3
v 20 3
v 21 3
v 22 3
v 23 3
v 24 4
v 25 4
v 26 4
v 27 4
v 28 4
v 29 4
v 30 4
v 31 4
v 32 4
v 33 4
v 34 4
v 35 4
v 36 4
v 37 4
v 38 4
v 39 4
v 40 4
v 41 4
v 42 4
v 43 4
v 44 4
v 45 4
e 2 19 1
e 2 22 1
e 3 19 2
e 4 7 1
e 4 24 1
e 5 8 1
e 5 25 1
e 6 19 1
e 6 26 1
e 7 9 2
e 7 11 1
e 8 10 2
e 8 12 1
e 9 15 1
e 9 27 1
e 10 16 1
e 10 28 1
e 11 17 2
e 11 29 1
e 12 18 2
e 12 30 1
e 13 15 2
e 13 17 1
e 13 20 1
e 14 16 2
e 14 18 1
e 14 21 1
e 15 31 1
e 16 32 1
e 17 33 1
e 18 34 1
e 20 35 1
e 20 36 1
e 20 37 1
e 21 38 1
e 21 39 1
e 21 40 1
e 22 23 1
e 22 41 1
e 22 42 1
e 23 43 1
e 23 44 1
e 23 45 1
t # 14273
v 0 12
v 1 12
v 2 12
v 3 12
v 4 2
v 5 2
v 6 2
v 7 2
v 8 3
v 9 3
v 10 3
v 11 3
v 12 3
v 13 3
v 14 3
v 15 3
v 16 3
v 17 3
v 18 3
v 19 3
v 20 3
v 21 3
v 22 3
v 23 3
v 24 3
v 25 3
v 26 3
v 27 3
v 28 3
v 29 3
v 30 3
v 31 3
v 32 3
v 33 4
v 34 4
v 35 4
v 36 4
v 37 4
v 38 4
v 39 4
v 40 4
v 41 4
v 42 4
v 43 4
v 44 4
v 45 4
v 46 4
v 47 4
v 48 4
v 49 4
v 50 4
v 51 4
v 52 4
v 53 4
v 54 4
v 55 4
v 56 4
v 57 4
v 58 4
v 59 4
v 60 4
v 61 4
v 62 4
v 63 4
v 64 4
v 65 4
v 66 4
v 67 4
v 68 4
e 0 29 1
e 1 30 1
e 2 31 1
e 3 32 1
e 4 9 1
e 4 11 1
e 4 43 1
e 5 10 1
e 5 12 1
e 5 44 1
e 6 15 1
e 6 17 1
e 6 18 1
e 7 16 1
e 7 19 1
e 7 20 1
e 8 9 1
e 8 10 1
e 8 33 1
e 8 34 1
e 9 35 1
e 9 36 1
e 10 37 1
e 10 38 1
e 11 13 1
e 11 39 1
e 11 40 1
e 12 14 1
e 12 41 1
e 12 42 1
e 13 21 2
e 13 23 1
e 14 22 2
e 14 24 1
e 15 25 2
e 15 27 1
e 16 26 2
e 16 28 1
e 17 29 1
e 17 45 1
e 17 46 1
e 18 30 1
e 18 47 1
e 18 48 1
e 19 31 1
e 19 49 1
e 19 50 1
e 20 32 1
e 20 51 1
e 20 52 1
e 21 25 1
e 21 53 1
e 22 26 1
e 22 54 1
e 23 27 2
e 23 55 1
e 24 28 2
e 24 56 1
e 25 57 1
e 26 58 1
e 27 59 1
e 28 60 1
e 29 61 1
e 29 62 1
e 30 63 1
e 30 64 1
e 31 65 1
e 31 66 1
e 32 67 1
e 32 68 1
t # 14274
v 0 2
v 1 2
v 2 3
v 3 3
v 4 3
v 5 3
v 6 3
v 7 3
v 8 3
v 9 3
v 10 3
v 11 3
v 12 3
v 13 3
v 14 3
v 15 3
v 16 3
v 17 3
v 18 3
v 19 3
v 20 3
v 21 3
v 22 3
v 23 3
v 24 3
v 25 4
v 26 4
v 27 4
v 28 4
v 29 4
v 30 4
v 31 4
v 32 4
v 33 4
v 34 4
v 35 4
v 36 4
v 37 4
v 38 4
v 39 4
v 40 4
v 41 4
v 42 4
v 43 4
v 44 4
v 45 4
v 46 4
v 47 4
v 48 4
v 49 4
v 50 4
v 51 4
v 52 4
v 53 4
v 54 4
v 55 4
v 56 4
v 57 4
v 58 4
v 59 4
v 60 4
v 61 4
v 62 4
v 63 4
v 64 4
v 65 4
v 66 4
e 0 6 1
e 0 7 1
e 0 12 1
e 0 13 1
e 1 21 1
e 1 22 1
e 1 23 1
e 1 24 1
e 2 3 1
e 2 4 1
e 2 6 1
e 2 25 1
e 3 5 1
e 3 7 1
e 3 26 1
e 4 8 1
e 4 10 1
e 4 27 1
e 5 9 1
e 5 11 1
e 5 28 1
e 6 29 1
e 6 30 1
e 7 31 1
e 7 32 1
e 8 9 2
e 8 14 1
e 9 15 1
e 10 16 1
e 10 33 1
e 10 34 1
e 11 17 1
e 11 35 1
e 11 36 1
e 12 20 1
e 12 37 1
e 12 38 1
e 13 39 1
e 13 40 1
e 13 41 1
e 14 18 1
e 14 42 1
e 14 43 1
e 15 19 1
e 15 44 1
e 15 45 1
e 16 18 1
e 16 46 1
e 16 47 1
e 17 19 1
e 17 48 1
e 17 49 1
e 18 50 1
e 18 51 1
e 19 52 1
e 19 53 1
e 20 21 1
e 20 54 1
e 20 55 1
e 21 56 1
e 21 57 1
e 22 58 1
e 22 59 1
e 22 60 1
e 23 61 1
e 23 62 1
e 23 63 1
e 24 64 1
e 24 65 1
e 24 66 1
t # 14275
v 0 2
v 1 2
v 2 3
v 3 3
v 4 3
v 5 3
v 6 3
v 7 3
v 8 3
v 9 3
v 10 3
v 11 3
v 12 3
v 13 3
v 14 3
v 15 3
v 16 3
v 17 3
v 18 3
v 19 3
v 20 3
v 21 3
v 22 3
v 23 4
v 24 4
v 25 4
v 26 4
v 27 4
v 28 4
v 29 4
v 30 4
v 31 4
v 32 4
v 33 4
v 34 4
v 35 4
v 36 4
v 37 4
v 38 4
v 39 4
v 40 4
v 41 4
v 42 4
v 43 4
v 44 4
v 45 4
v 46 4
v 47 4
v 48 4
v 49 4
v 50 4
v 51 4
v 52 4
v 53 4
v 54 4
v 55 4
v 56 4
v 57 4
v 58 4
e 0 8 1
e 0 9 1
e 0 18 1
e 1 20 1
e 1 21 1
e 1 22 1
e 2 3 1
e 2 4 1
e 2 8 1
e 2 23 1
e 3 5 1
e 3 9 1
e 3 24 1
e 4 6 1
e 4 10 1
e 4 25 1
e 5 7 1
e 5 11 1
e 5 26 1
e 6 7 2
e 6 12 1
e 7 13 1
e 8 27 1
e 8 28 1
e 9 29 1
e 9 30 1
e 10 14 1
e 10 31 1
e 10 32 1
e 11 15 1
e 11 33 1
e 11 34 1
e 12 16 1
e 12 35 1
e 12 36 1
e 13 17 1
e 13 37 1
e 13 38 1
e 14 16 1
e 14 39 1
e 14 40 1
e 15 17 1
e 15 41 1
e 15 42 1
e 16 43 1
e 16 44 1
e 17 45 1
e 17 46 1
e 18 19 1
e 18 47 1
e 18 48 1
e 19 20 1
e 19 49 1
e 19 50 1
e 20 51 1
e 20 52 1
e 21 53 1
e 21 54 1
e 21 55 1
e 22 56 1
e 22 57 1
e 22 58 1
t # 14276
v 0 2
v 1 2
v 2 3
v 3 3
v 4 3
v 5 3
v 6 3
v 7 3
v 8 3
v 9 3
v 10 3
v 11 3
v 12 3
v 13 3
v 14 3
v 15 3
v 16 3
v 17 3
v 18 3
v 19 3
v 20 3
v 21 4
v 22 4
v 23 4
v 24 4
v 25 4
v 26 4
v 27 4
v 28 4
v 29 4
v 30 4
v 31 4
v 32 4
v 33 4
v 34 4
v 35 4
v 36 4
v 37 4
v 38 4
v 39 4
v 40 4
v 41 4
v 42 4
v 43 4
v 44 4
v 45 4
v 46 4
v 47 4
v 48 4
v 49 4
v 50 4
v 51 4
v 52 4
v 53 4
v 54 4
v 55 4
v 56 4
v 57 4
v 58 4
v 59 4
v 60 4
e 0 7 1
e 0 8 1
e 0 12 1
e 0 13 1
e 1 17 1
e 1 18 1
e 1 19 1
e 1 20 1
e 2 3 1
e 2 4 1
e 2 5 1
e 2 6 1
e 3 7 1
e 3 21 1
e 3 22 1
e 4 8 1
e 4 23 1
e 4 24 1
e 5 10 1
e 5 25 1
e 5 26 1
e 6 11 1
e 6 27 1
e 6 28 1
e 7 29 1
e 7 30 1
e 8 31 1
e 8 32 1
e 9 10 1
e 9 11 1
e 9 14 1
e 9 15 1
e 10 33 1
e 10 34 1
e 11 35 1
e 11 36 1
e 12 16 1
e 12 37 1
e 12 38 1
e 13 39 1
e 13 40 1
e 13 41 1
e 14 42 1
e 14 43 1
e 14 44 1
e 15 45 1
e 15 46 1
e 15 47 1
e 16 17 1
e 16 48 1
e 16 49 1
e 17 50 1
e 17 51 1
e 18 52 1
e 18 53 1
e 18 54 1
e 19 55 1
e 19 56 1
e 19 57 1
e 20 58 1
e 20 59 1
e 20 60 1
t # 14277
v 0 2
v 1 2
v 2 3
v 3 3
v 4 3
v 5 3
v 6 3
v 7 3
v 8 3
v 9 3
v 10 3
v 11 3
v 12 3
v 13 3
v 14 3
v 15 3
v 16 3
v 17 3
v 18 3
v 19 4
v 20 4
v 21 4
v 22 4
v 23 4
v 24 4
v 25 4
v 26 4
v 27 4
v 28 4
v 29 4
v 30 4
v 31 4
v 32 4
v 33 4
v 34 4
v 35 4
v 36 4
v 37 4
v 38 4
v 39 4
v 40 4
v 41 4
v 42 4
v 43 4
v 44 4
v 45 4
v 46 4
v 47 4
v 48 4
v 49 4
v 50 4
v 51 4
v 52 4
e 0 10 1
e 0 11 1
e 0 14 1
e 1 16 1
e 1 17 1
e 1 18 1
e 2 3 1
e 2 4 1
e 2 6 1
e 2 7 1
e 3 8 1
e 3 19 1
e 3 20 1
e 4 9 1
e 4 21 1
e 4 22 1
e 5 8 1
e 5 9 1
e 5 12 1
e 5 13 1
e 6 10 1
e 6 23 1
e 6 24 1
e 7 11 1
e 7 25 1
e 7 26 1
e 8 27 1
e 8 28 1
e 9 29 1
e 9 30 1
e 10 31 1
e 10 32 1
e 11 33 1
e 11 34 1
e 12 35 1
e 12 36 1
e 12 37 1
e 13 38 1
e 13 39 1
e 13 40 1
e 14 15 1
e 14 41 1
e 14 42 1
e 15 16 1
e 15 43 1
e 15 44 1
e 16 45 1
e 16 46 1
e 17 47 1
e 17 48 1
e 17 49 1
e 18 50 1
e 18 51 1
e 18 52 1
t # 14278
v 0 1
v 1 1
v 2 1
v 3 1
v 4 2
v 5 2
v 6 2
v 7 3
v 8 3
v 9 3
v 10 3
v 11 3
v 12 3
v 13 3
v 14 3
v 15 3
v 16 3
v 17 3
v 18 3
v 19 3
v 20 3
v 21 3
v 22 3
v 23 3
v 24 3
v 25 3
v 26 3
v 27 3
v 28 3
v 29 3
v 30 3
v 31 3
v 32 3
v 33 3
v 34 3
v 35 3
v 36 3
v 37 4
v 38 4
v 39 4
v 40 4
v 41 4
v 42 4
v 43 4
v 44 4
v 45 4
v 46 4
v 47 4
v 48 4
v 49 4
v 50 4
v 51 4
v 52 4
v 53 4
v 54 4
v 55 4
v 56 4
v 57 4
v 58 4
v 59 4
v 60 4
v 61 4
v 62 4
v 63 4
v 64 4
v 65 4
v 66 4
v 67 4
v 68 4
v 69 4
v 70 4
v 71 4
v 72 4
v 73 4
v 74 4
v 75 4
e 0 20 1
e 0 33 1
e 1 21 1
e 1 34 1
e 2 29 1
e 2 35 1
e 3 30 1
e 3 36 1
e 4 7 1
e 4 8 1
e 4 11 1
e 5 7 1
e 5 9 1
e 5 12 1
e 6 22 1
e 6 31 1
e 6 32 1
e 7 13 1
e 7 37 1
e 8 10 1
e 8 38 1
e 8 39 1
e 9 10 1
e 9 40 1
e 9 41 1
e 10 42 1
e 10 43 1
e 11 14 1
e 11 44 1
e 11 45 1
e 12 15 1
e 12 46 1
e 12 47 1
e 13 16 2
e 13 17 1
e 14 20 2
e 14 23 1
e 15 21 2
e 15 24 1
e 16 18 1
e 16 48 1
e 17 19 2
e 17 49 1
e 18 22 2
e 18 50 1
e 19 22 1
e 19 51 1
e 20 25 1
e 21 26 1
e 23 27 2
e 23 52 1
e 24 28 2
e 24 53 1
e 25 29 2
e 25 54 1
e 26 30 2
e 26 55 1
e 27 29 1
e 27 56 1
e 28 30 1
e 28 57 1
e 31 58 1
e 31 59 1
e 31 60 1
e 32 61 1
e 32 62 1
e 32 63 1
e 33 64 1
e 33 65 1
e 33 66 1
e 34 67 1
e 34 68 1
e 34 69 1
e 35 70 1
e 35 71 1
e 35 72 1
e 36 73 1
e 36 74 1
e 36 75 1
t # 14279
v 0 1
v 1 1
v 2 1
v 3 1
v 4 2
v 5 2
v 6 3
v 7 3
v 8 3
v 9 3
v 10 3
v 11 3
v 12 3
v 13 3
v 14 3
v 15 3
v 16 3
v 17 3
v 18 3
v 19 3
v 20 3
v 21 3
v 22 3
v 23 3
v 24 3
v 25 3
v 26 3
v 27 3
v 28 3
v 29 3
v 30 3
v 31 3
v 32 3
v 33 3
v 34 4
v 35 4
v 36 4
v 37 4
v 38 4
v 39 4
v 40 4
v 41 4
v 42 4
v 43 4
v 44 4
v 45 4
v 46 4
v 47 4
v 48 4
v 49 4
v 50 4
v 51 4
v 52 4
v 53 4
v 54 4
v 55 4
v 56 4
v 57 4
v 58 4
v 59 4
v 60 4
v 61 4
v 62 4
v 63 4
v 64 4
v 65 4
v 66 4
v 67 4
e 0 17 1
e 0 30 1
e 1 18 1
e 1 31 1
e 2 28 1
e 2 32 1
e 3 29 1
e 3 33 1
e 4 6 1
e 4 7 1
e 4 10 1
e 5 6 1
e 5 8 1
e 5 11 1
e 6 12 1
e 6 34 1
e 7 9 1
e 7 35 1
e 7 36 1
e 8 9 1
e 8 37 1
e 8 38 1
e 9 39 1
e 9 40 1
e 10 13 1
e 10 41 1
e 10 42 1
e 11 14 1
e 11 43 1
e 11 44 1
e 12 15 2
e 12 16 1
e 13 17 2
e 13 19 1
e 14 18 2
e 14 20 1
e 15 21 1
e 15 45 1
e 16 22 2
e 16 46 1
e 17 24 1
e 18 25 1
e 19 26 2
e 19 47 1
e 20 27 2
e 20 48 1
e 21 23 2
e 21 49 1
e 22 23 1
e 22 50 1
e 23 51 1
e 24 28 2
e 24 52 1
e 25 29 2
e 25 53 1
e 26 28 1
e 26 54 1
e 27 29 1
e 27 55 1
e 30 56 1
e 30 57 1
e 30 58 1
e 31 59 1
e 31 60 1
e 31 61 1
e 32 62 1
e 32 63 1
e 32 64 1
e 33 65 1
e 33 66 1
e 33 67 1
t # 14280
v 0 1
v 1 1
v 2 1
v 3 1
v 4 1
v 5 1
v 6 2
v 7 2
v 8 3
v 9 3
v 10 3
v 11 3
v 12 3
v 13 3
v 14 3
v 15 3
v 16 3
v 17 3
v 18 3
v 19 3
v 20 3
v 21 3
v 22 3
v 23 3
v 24 3
v 25 3
v 26 3
v 27 3
v 28 3
v 29 3
v 30 3
v 31 3
v 32 3
v 33 3
v 34 3
v 35 3
v 36 3
v 37 4
v 38 4
v 39 4
v 40 4
v 41 4
v 42 4
v 43 4
v 44 4
v 45 4
v 46 4
v 47 4
v 48 4
v 49 4
v 50 4
v 51 4
v 52 4
v 53 4
v 54 4
v 55 4
v 56 4
v 57 4
v 58 4
v 59 4
v 60 4
v 61 4
v 62 4
v 63 4
v 64 4
v 65 4
v 66 4
v 67 4
v 68 4
v 69 4
v 70 4
v 71 4
v 72 4
e 0 17 1
e 0 55 1
e 1 19 1
e 1 32 1
e 2 20 1
e 2 33 1
e 3 21 1
e 3 34 1
e 4 30 1
e 4 35 1
e 5 31 1
e 5 36 1
e 6 8 1
e 6 9 1
e 6 12 1
e 7 8 1
e 7 10 1
e 7 13 1
e 8 14 1
e 8 37 1
e 9 11 1
e 9 38 1
e 9 39 1
e 10 11 1
e 10 40 1
e 10 41 1
e 11 42 1
e 11 43 1
e 12 15 1
e 12 44 1
e 12 45 1
e 13 16 1
e 13 46 1
e 13 47 1
e 14 17 2
e 14 18 1
e 15 20 2
e 15 23 1
e 16 21 2
e 16 24 1
e 17 19 1
e 18 22 2
e 18 48 1
e 19 25 2
e 20 26 1
e 21 27 1
e 22 25 1
e 22 49 1
e 23 28 2
e 23 50 1
e 24 29 2
e 24 51 1
e 25 52 1
e 26 30 2
e 26 53 1
e 27 31 2
e 27 54 1
e 28 30 1
e 28 56 1
e 29 31 1
e 29 57 1
e 32 58 1
e 32 59 1
e 32 60 1
e 33 61 1
e 33 62 1
e 33 63 1
e 34 64 1
e 34 65 1
e 34 66 1
e 35 67 1
e 35 68 1
e 35 69 1
e 36 70 1
e 36 71 1
e 36 72 1
t # 14281
v 0 1
v 1 1
v 2 1
v 3 1
v 4 1
v 5 2
v 6 2
v 7 3
v 8 3
v 9 3
v 10 3
v 11 3
v 12 3
v 13 3
v 14 3
v 15 3
v 16 3
v 17 3
v 18 3
v 19 3
v 20 3
v 21 3
v 22 3
v 23 3
v 24 3
v 25 3
v 26 3
v 27 3
v 28 3
v 29 3
v 30 3
v 31 3
v 32 3
v 33 3
v 34 3
v 35 3
v 36 3
v 37 3
v 38 4
v 39 4
v 40 4
v 41 4
v 42 4
v 43 4
v 44 4
v 45 4
v 46 4
v 47 4
v 48 4
v 49 4
v 50 4
v 51 4
v 52 4
v 53 4
v 54 4
v 55 4
v 56 4
v 57 4
v 58 4
v 59 4
v 60 4
v 61 4
v 62 4
v 63 4
v 64 4
v 65 4
v 66 4
v 67 4
v 68 4
v 69 4
v 70 4
v 71 4
v 72 4
v 73 4
v 74 4
v 75 4
e 0 14 1
e 0 56 1
e 1 20 1
e 1 33 1
e 2 21 1
e 2 34 1
e 3 30 1
e 3 36 1
e 4 31 1
e 4 37 1
e 5 7 1
e 5 8 1
e 5 12 1
e 6 7 1
e 6 9 1
e 6 13 1
e 7 11 1
e 7 38 1
e 8 10 1
e 8 39 1
e 8 40 1
e 9 10 1
e 9 41 1
e 9 42 1
e 10 43 1
e 10 44 1
e 11 14 1
e 11 17 2
e 12 15 1
e 12 45 1
e 12 46 1
e 13 16 1
e 13 47 1
e 13 48 1
e 14 18 2
e 15 20 2
e 15 22 1
e 16 21 2
e 16 23 1
e 17 19 1
e 17 49 1
e 18 24 1
e 18 25 1
e 19 24 2
e 19 50 1
e 20 26 1
e 21 27 1
e 22 28 2
e 22 51 1
e 23 29 2
e 23 52 1
e 24 53 1
e 25 32 1
e 25 54 1
e 25 55 1
e 26 30 2
e 26 57 1
e 27 31 2
e 27 58 1
e 28 30 1
e 28 59 1
e 29 31 1
e 29 60 1
e 32 35 2
e 32 61 1
e 33 62 1
e 33 63 1
e 33 64 1
e 34 65 1
e 34 66 1
e 34 67 1
e 35 68 1
e 35 69 1
e 36 70 1
e 36 71 1
e 36 72 1
e 37 73 1
e 37 74 1
e 37 75 1
t # 14282
v 0 12
v 1 12
v 2 1
v 3 1
v 4 1
v 5 1
v 6 2
v 7 2
v 8 2
v 9 3
v 10 3
v 11 3
v 12 3
v 13 3
v 14 3
v 15 3
v 16 3
v 17 3
v 18 3
v 19 3
v 20 3
v 21 3
v 22 3
v 23 3
v 24 3
v 25 3
v 26 3
v 27 3
v 28 3
v 29 3
v 30 3
v 31 3
v 32 3
v 33 3
v 34 3
v 35 3
v 36 3
v 37 3
v 38 3
v 39 3
v 40 3
v 41 4
v 42 4
v 43 4
v 44 4
v 45 4
v 46 4
v 47 4
v 48 4
v 49 4
v 50 4
v 51 4
v 52 4
v 53 4
v 54 4
v 55 4
v 56 4
v 57 4
v 58 4
v 59 4
v 60 4
v 61 4
v 62 4
v 63 4
v 64 4
v 65 4
v 66 4
v 67 4
v 68 4
v 69 4
v 70 4
v 71 4
v 72 4
v 73 4
v 74 4
v 75 4
v 76 4
v 77 4
v 78 4
v 79 4
v 80 4
v 81 4
e 0 35 1
e 1 36 1
e 2 23 1
e 2 37 1
e 3 24 1
e 3 38 1
e 4 33 1
e 4 39 1
e 5 34 1
e 5 40 1
e 6 9 1
e 6 10 1
e 6 14 1
e 7 9 1
e 7 11 1
e 7 15 1
e 8 22 1
e 8 31 1
e 8 32 1
e 9 13 1
e 9 41 1
e 10 12 1
e 10 42 1
e 10 43 1
e 11 12 1
e 11 44 1
e 11 45 1
e 12 46 1
e 12 47 1
e 13 18 2
e 13 19 1
e 14 16 1
e 14 48 1
e 14 49 1
e 15 17 1
e 15 50 1
e 15 51 1
e 16 23 2
e 16 25 1
e 17 24 2
e 17 26 1
e 18 20 1
e 18 52 1
e 19 21 2
e 19 53 1
e 20 22 2
e 20 54 1
e 21 22 1
e 21 55 1
e 23 27 1
e 24 28 1
e 25 29 2
e 25 56 1
e 26 30 2
e 26 57 1
e 27 33 2
e 27 58 1
e 28 34 2
e 28 59 1
e 29 33 1
e 29 60 1
e 30 34 1
e 30 61 1
e 31 35 1
e 31 62 1
e 31 63 1
e 32 36 1
e 32 64 1
e 32 65 1
e 35 66 1
e 35 67 1
e 36 68 1
e 36 69 1
e 37 70 1
e 37 71 1
e 37 72 1
e 38 73 1
e 38 74 1
e 38 75 1
e 39 76 1
e 39 77 1
e 39 78 1
e 40 79 1
e 40 80 1
e 40 81 1
t # 14283
v 0 11
v 1 2
v 2 2
v 3 2
v 4 3
v 5 3
v 6 3
v 7 3
v 8 3
v 9 3
v 10 3
v 11 3
v 12 3
v 13 3
v 14 3
v 15 3
v 16 3
v 17 4
v 18 4
v 19 4
v 20 4
v 21 4
v 22 4
v 23 4
v 24 4
v 25 4
v 26 4
v 27 4
v 28 4
v 29 4
v 30 4
e 0 9 1
e 0 16 1
e 1 4 2
e 1 5 1
e 1 9 1
e 2 3 1
e 2 4 1
e 2 13 1
e 3 9 2
e 4 8 1
e 5 6 1
e 5 10 2
e 6 7 1
e 6 11 2
e 7 8 2
e 7 12 1
e 8 17 1
e 10 14 1
e 10 18 1
e 11 15 1
e 11 19 1
e 12 20 1
e 12 21 1
e 12 22 1
e 13 23 1
e 13 24 1
e 13 25 1
e 14 15 2
e 14 26 1
e 15 27 1
e 16 28 1
e 16 29 1
e 16 30 1
t # 14284
v 0 1
v 1 1
v 2 1
v 3 1
v 4 1
v 5 1
v 6 1
v 7 1
v 8 1
v 9 1
v 10 1
v 11 1
v 12 1
v 13 2
v 14 3
v 15 3
v 16 3
v 17 3
v 18 3
v 19 3
v 20 3
v 21 3
v 22 3
v 23 3
v 24 3
v 25 3
v 26 3
v 27 3
v 28 3
v 29 3
v 30 3
v 31 3
v 32 3
v 33 3
v 34 3
v 35 3
v 36 3
v 37 3
v 38 3
v 39 3
v 40 3
v 41 3
v 42 3
v 43 3
v 44 3
v 45 3
v 46 3
v 47 3
v 48 4
v 49 4
v 50 4
v 51 4
v 52 4
v 53 4
v 54 4
v 55 4
v 56 4
v 57 4
v 58 4
v 59 4
v 60 4
v 61 4
v 62 4
v 63 4
v 64 4
v 65 4
v 66 4
v 67 4
v 68 4
v 69 4
v 70 4
v 71 4
v 72 4
v 73 4
v 74 4
v 75 4
v 76 4
v 77 4
v 78 4
v 79 4
v 80 4
v 81 4
v 82 4
v 83 4
v 84 4
v 85 4
v 86 4
v 87 4
v 88 4
v 89 4
v 90 4
v 91 4
v 92 4
v 93 4
v 94 4
e 0 15 1
e 0 64 1
e 1 17 1
e 1 65 1
e 2 26 1
e 2 30 1
e 3 22 1
e 3 69 1
e 4 24 1
e 4 70 1
e 5 23 1
e 5 77 1
e 6 30 1
e 6 78 1
e 7 31 2
e 8 32 2
e 9 40 1
e 9 44 1
e 10 38 1
e 10 92 1
e 11 39 1
e 11 93 1
e 12 44 1
e 12 94 1
e 13 21 1
e 13 36 1
e 13 37 1
e 14 15 1
e 14 16 1
e 14 20 1
e 14 48 1
e 15 18 1
e 15 49 1
e 16 17 1
e 16 50 1
e 16 51 1
e 17 19 1
e 17 52 1
e 18 19 2
e 18 22 1
e 19 23 1
e 20 29 1
e 20 53 1
e 20 54 1
e 21 24 1
e 21 25 1
e 21 55 1
e 22 27 2
e 23 28 2
e 24 26 1
e 24 56 1
e 25 30 1
e 25 57 1
e 25 58 1
e 26 33 1
e 26 59 1
e 27 28 1
e 27 31 1
e 28 32 1
e 29 60 1
e 29 61 1
e 29 62 1
e 30 63 1
e 31 35 1
e 32 34 1
e 33 66 1
e 33 67 1
e 33 68 1
e 34 35 2
e 34 39 1
e 35 42 1
e 36 71 1
e 36 72 1
e 36 73 1
e 37 74 1
e 37 75 1
e 37 76 1
e 38 40 1
e 38 41 1
e 38 79 1
e 39 45 2
e 40 47 1
e 40 80 1
e 41 43 1
e 41 81 1
e 41 82 1
e 42 46 2
e 42 83 1
e 43 44 1
e 43 84 1
e 43 85 1
e 44 86 1
e 45 46 1
e 45 87 1
e 46 88 1
e 47 89 1
e 47 90 1
e 47 91 1
t # 14285
v 0 1
v 1 1
v 2 2
v 3 3
v 4 3
v 5 3
v 6 3
v 7 3
v 8 3
v 9 3
v 10 3
v 11 3
v 12 3
v 13 3
v 14 3
v 15 3
v 16 3
v 17 3
v 18 3
v 19 3
v 20 3
v 21 3
v 22 3
v 23 4
v 24 4
v 25 4
v 26 4
v 27 4
v 28 4
v 29 4
v 30 4
v 31 4
v 32 4
v 33 4
v 34 4
v 35 4
v 36 4
v 37 4
v 38 4
v 39 4
v 40 4
v 41 4
e 0 9 1
e 0 37 1
e 1 9 2
e 2 3 1
e 2 5 1
e 2 7 1
e 3 4 1
e 3 9 1
e 3 23 1
e 4 6 1
e 4 24 1
e 4 25 1
e 5 6 1
e 5 26 1
e 5 27 1
e 6 28 1
e 6 29 1
e 7 8 1
e 7 30 1
e 7 31 1
e 8 10 1
e 8 11 2
e 10 12 1
e 10 15 2
e 11 13 1
e 11 32 1
e 12 14 1
e 12 16 2
e 13 14 1
e 13 17 2
e 14 18 2
e 15 19 1
e 15 33 1
e 16 20 1
e 16 34 1
e 17 21 1
e 17 35 1
e 18 22 1
e 18 36 1
e 19 20 2
e 19 38 1
e 20 39 1
e 21 22 2
e 21 40 1
e 22 41 1
t # 14286
v 0 18
v 1 1
v 2 2
v 3 2
v 4 3
v 5 3
v 6 3
v 7 3
v 8 3
v 9 3
v 10 4
v 11 4
v 12 4
v 13 4
v 14 4
v 15 4
v 16 4
v 17 4
e 1 4 1
e 1 17 1
e 2 3 1
e 2 5 1
e 2 7 2
e 3 6 1
e 3 8 1
e 4 5 1
e 4 6 1
e 4 10 1
e 5 11 1
e 5 12 1
e 6 13 1
e 6 14 1
e 7 9 1
e 7 15 1
e 8 9 2
e 8 16 1
t # 14287
v 0 34
v 1 11
v 2 3
v 3 3
v 4 3
v 5 3
v 6 3
v 7 3
v 8 3
v 9 3
v 10 4
v 11 4
v 12 4
v 13 4
v 14 4
v 15 4
v 16 4
v 17 4
v 18 4
v 19 4
v 20 4
e 1 3 1
e 2 3 1
e 2 4 2
e 3 7 2
e 4 8 1
e 4 10 1
e 5 11 1
e 5 12 1
e 5 13 1
e 6 14 1
e 6 15 1
e 6 16 1
e 7 9 1
e 7 17 1
e 8 9 2
e 8 18 1
e 9 19 1
t # 14288
v 0 2
v 1 2
v 2 3
v 3 3
v 4 3
v 5 3
v 6 3
v 7 3
v 8 3
v 9 3
v 10 3
v 11 3
v 12 3
v 13 3
v 14 3
v 15 3
v 16 3
v 17 4
v 18 4
v 19 4
v 20 4
v 21 4
v 22 4
v 23 4
v 24 4
v 25 4
v 26 4
v 27 4
v 28 4
v 29 4
v 30 4
e 0 14 1
e 0 29 1
e 0 30 1
e 2 3 1
e 2 4 1
e 2 15 1
e 2 17 1
e 3 5 1
e 3 6 2
e 4 8 2
e 4 9 1
e 5 7 2
e 5 18 1
e 6 10 1
e 6 19 1
e 7 11 1
e 7 16 1
e 8 12 1
e 8 20 1
e 9 13 2
e 9 21 1
e 10 11 2
e 10 22 1
e 11 23 1
e 12 14 2
e 12 24 1
e 13 14 1
e 13 25 1
e 16 26 1
e 16 27 1
e 16 28 1
t # 14289
v 0 12
v 1 12
v 2 12
v 3 12
v 4 12
v 5 12
v 6 12
v 7 1
v 8 2
v 9 2
v 10 2
v 11 2
v 12 3
v 13 3
v 14 3
v 15 3
v 16 3
v 17 3
v 18 3
v 19 3
v 20 3
v 21 3
v 22 3
v 23 3
v 24 3
v 25 3
v 26 3
v 27 3
v 28 3
v 29 3
v 30 3
v 31 3
v 32 3
v 33 3
v 34 3
v 35 3
v 36 3
v 37 3
v 38 3
v 39 3
v 40 3
v 41 3
v 42 3
v 43 3
v 44 4
v 45 4
v 46 4
v 47 4
v 48 4
v 49 4
v 50 4
v 51 4
v 52 4
v 53 4
v 54 4
v 55 4
v 56 4
v 57 4
v 58 4
v 59 4
v 60 4
v 61 4
v 62 4
v 63 4
v 64 4
v 65 4
v 66 4
v 67 4
v 68 4
v 69 4
v 70 4
v 71 4
v 72 4
v 73 4
v 74 4
v 75 4
v 76 4
v 77 4
v 78 4
v 79 4
v 80 4
e 0 23 1
e 1 24 1
e 2 28 1
e 3 40 1
e 4 41 1
e 5 42 1
e 6 43 1
e 7 21 1
e 7 64 1
e 8 12 1
e 8 13 1
e 8 16 1
e 9 12 1
e 9 14 1
e 9 17 1
e 10 30 1
e 10 36 1
e 10 37 1
e 11 31 1
e 11 38 1
e 11 39 1
e 12 18 1
e 12 44 1
e 13 15 1
e 13 45 1
e 13 46 1
e 14 15 1
e 14 47 1
e 14 48 1
e 15 49 1
e 15 50 1
e 16 19 1
e 16 51 1
e 16 52 1
e 17 20 1
e 17 53 1
e 17 54 1
e 18 21 2
e 18 22 1
e 19 23 2
e 19 25 1
e 20 24 2
e 20 26 1
e 21 27 1
e 22 28 2
e 22 55 1
e 23 32 1
e 24 33 1
e 25 34 2
e 25 56 1
e 26 35 2
e 26 57 1
e 27 29 2
e 27 58 1
e 28 29 1
e 29 59 1
e 30 32 2
e 30 34 1
e 31 33 2
e 31 35 1
e 32 60 1
e 33 61 1
e 34 62 1
e 35 63 1
e 36 40 1
e 36 65 1
e 36 66 1
e 37 41 1
e 37 67 1
e 37 68 1
e 38 42 1
e 38 69 1
e 38 70 1
e 39 43 1
e 39 71 1
e 39 72 1
e 40 73 1
e 40 74 1
e 41 75 1
e 41 76 1
e 42 77 1
e 42 78 1
e 43 79 1
e 43 80 1
t # 14290
v 0 12
v 1 12
v 2 12
v 3 12
v 4 12
v 5 12
v 6 12
v 7 12
v 8 1
v 9 2
v 10 2
v 11 2
v 12 2
v 13 3
v 14 3
v 15 3
v 16 3
v 17 3
v 18 3
v 19 3
v 20 3
v 21 3
v 22 3
v 23 3
v 24 3
v 25 3
v 26 3
v 27 3
v 28 3
v 29 3
v 30 3
v 31 3
v 32 3
v 33 3
v 34 3
v 35 3
v 36 3
v 37 3
v 38 3
v 39 3
v 40 3
v 41 3
v 42 3
v 43 3
v 44 3
v 45 4
v 46 4
v 47 4
v 48 4
v 49 4
v 50 4
v 51 4
v 52 4
v 53 4
v 54 4
v 55 4
v 56 4
v 57 4
v 58 4
v 59 4
v 60 4
v 61 4
v 62 4
v 63 4
v 64 4
v 65 4
v 66 4
v 67 4
v 68 4
v 69 4
v 70 4
v 71 4
v 72 4
v 73 4
v 74 4
v 75 4
v 76 4
v 77 4
v 78 4
v 79 4
v 80 4
e 0 24 1
e 1 25 1
e 2 28 1
e 3 29 1
e 4 41 1
e 5 42 1
e 6 43 1
e 7 44 1
e 8 22 1
e 8 64 1
e 9 13 1
e 9 14 1
e 9 17 1
e 10 13 1
e 10 15 1
e 10 18 1
e 11 31 1
e 11 37 1
e 11 38 1
e 12 32 1
e 12 39 1
e 12 40 1
e 13 19 1
e 13 45 1
e 14 16 1
e 14 46 1
e 14 47 1
e 15 16 1
e 15 48 1
e 15 49 1
e 16 50 1
e 16 51 1
e 17 20 1
e 17 52 1
e 17 53 1
e 18 21 1
e 18 54 1
e 18 55 1
e 19 22 2
e 19 23 1
e 20 24 2
e 20 26 1
e 21 25 2
e 21 27 1
e 22 28 1
e 23 29 2
e 23 56 1
e 24 33 1
e 25 34 1
e 26 35 2
e 26 57 1
e 27 36 2
e 27 58 1
e 28 30 2
e 29 30 1
e 30 59 1
e 31 33 2
e 31 35 1
e 32 34 2
e 32 36 1
e 33 60 1
e 34 61 1
e 35 62 1
e 36 63 1
e 37 41 1
e 37 65 1
e 37 66 1
e 38 42 1
e 38 67 1
e 38 68 1
e 39 43 1
e 39 69 1
e 39 70 1
e 40 44 1
e 40 71 1
e 40 72 1
e 41 73 1
e 41 74 1
e 42 75 1
e 42 76 1
e 43 77 1
e 43 78 1
e 44 79 1
e 44 80 1
t # 14291
v 0 1
v 1 2
v 2 2
v 3 3
v 4 3
v 5 3
v 6 3
v 7 3
v 8 3
v 9 3
v 10 3
v 11 3
v 12 4
v 13 4
v 14 4
v 15 4
v 16 4
v 17 4
v 18 4
v 19 4
v 20 4
v 21 4
v 22 4
v 23 4
v 24 4
v 25 4
v 26 4
e 0 7 2
e 1 3 1
e 1 4 1
e 1 5 1
e 1 6 1
e 2 8 1
e 2 10 1
e 2 23 1
e 3 7 1
e 3 12 1
e 3 13 1
e 4 14 1
e 4 15 1
e 4 16 1
e 5 17 1
e 5 18 1
e 5 19 1
e 6 20 1
e 6 21 1
e 6 22 1
e 7 8 1
e 8 9 2
e 9 11 1
e 9 24 1
e 10 11 2
e 10 25 1
e 11 26 1
t # 14292
v 0 1
v 1 1
v 2 2
v 3 2
v 4 3
v 5 3
v 6 3
v 7 3
v 8 3
v 9 3
v 10 3
v 11 3
v 12 3
v 13 3
v 14 3
v 15 3
v 16 3
v 17 3
v 18 3
v 19 3
v 20 3
v 21 3
v 22 3
v 23 3
v 24 3
v 25 4
v 26 4
v 27 4
v 28 4
v 29 4
v 30 4
v 31 4
v 32 4
v 33 4
v 34 4
v 35 4
v 36 4
v 37 4
v 38 4
v 39 4
v 40 4
v 41 4
v 42 4
v 43 4
v 44 4
v 45 4
v 46 4
v 47 4
v 48 4
e 0 15 1
e 0 23 1
e 1 15 2
e 2 5 1
e 2 8 1
e 2 12 1
e 3 10 1
e 3 18 1
e 3 38 1
e 4 5 1
e 4 7 1
e 4 10 1
e 4 15 1
e 5 9 1
e 5 25 1
e 6 7 1
e 6 8 1
e 6 11 1
e 6 26 1
e 7 27 1
e 7 28 1
e 8 29 1
e 8 30 1
e 9 11 2
e 9 16 1
e 10 13 2
e 11 31 1
e 12 14 1
e 12 32 1
e 12 33 1
e 13 14 1
e 13 17 1
e 14 34 1
e 14 35 1
e 16 19 1
e 16 36 1
e 16 37 1
e 17 18 1
e 17 20 2
e 18 21 2
e 19 39 1
e 19 40 1
e 19 41 1
e 20 22 1
e 20 42 1
e 21 24 1
e 21 43 1
e 22 24 2
e 22 44 1
e 23 45 1
e 23 46 1
e 23 47 1
e 24 48 1
t # 14293
v 0 3
v 1 3
v 2 3
v 3 3
v 4 3
v 5 3
v 6 3
v 7 3
v 8 3
v 9 3
v 10 3
v 11 3
v 12 3
v 13 3
v 14 3
v 15 3
v 16 3
v 17 3
v 18 3
v 19 3
v 20 3
v 21 3
v 22 3
v 23 3
v 24 3
v 25 3
v 26 3
v 27 3
v 28 3
v 29 3
v 30 3
v 31 4
v 32 4
v 33 4
v 34 4
v 35 4
v 36 4
v 37 4
v 38 4
v 39 4
v 40 4
v 41 4
v 42 4
v 43 4
v 44 4
v 45 4
v 46 4
v 47 4
v 48 4
v 49 4
v 50 4
v 51 4
v 52 4
v 53 4
v 54 4
e 0 1 1
e 0 2 1
e 0 3 1
e 0 31 1
e 1 4 2
e 1 5 1
e 2 6 1
e 2 7 2
e 3 11 2
e 3 12 1
e 4 8 1
e 4 9 1
e 5 13 2
e 5 14 1
e 6 15 2
e 6 16 1
e 7 10 1
e 7 32 1
e 8 10 2
e 8 33 1
e 9 19 2
e 9 20 1
e 10 34 1
e 11 17 1
e 11 35 1
e 12 18 2
e 12 36 1
e 13 22 1
e 13 37 1
e 14 23 2
e 14 38 1
e 15 24 1
e 15 39 1
e 16 25 2
e 16 40 1
e 17 21 2
e 17 41 1
e 18 21 1
e 18 42 1
e 19 27 1
e 19 43 1
e 20 28 2
e 20 44 1
e 21 45 1
e 22 26 2
e 22 46 1
e 23 26 1
e 23 47 1
e 24 29 2
e 24 48 1
e 25 29 1
e 25 49 1
e 26 50 1
e 27 30 2
e 27 51 1
e 28 30 1
e 28 52 1
e 29 53 1
e 30 54 1
t # 14294
v 0 11
v 1 1
v 2 1
v 3 1
v 4 1
v 5 1
v 6 1
v 7 2
v 8 2
v 9 2
v 10 3
v 11 3
v 12 3
v 13 3
v 14 3
v 15 3
v 16 3
v 17 3
v 18 3
v 19 3
v 20 3
v 21 3
v 22 3
v 23 3
v 24 3
v 25 3
v 26 3
v 27 3
v 28 3
v 29 3
v 30 3
v 31 3
v 32 3
v 33 3
v 34 3
v 35 3
v 36 3
v 37 3
v 38 3
v 39 3
v 40 3
v 41 3
v 42 3
v 43 3
v 44 3
v 45 3
v 46 3
v 47 3
v 48 3
v 49 3
v 50 3
v 51 3
v 52 3
v 53 3
v 54 3
v 55 3
v 56 3
v 57 3
v 58 3
v 59 3
v 60 3
v 61 3
v 62 3
v 63 4
v 64 4
v 65 4
v 66 4
v 67 4
v 68 4
v 69 4
v 70 4
v 71 4
v 72 4
v 73 4
v 74 4
v 75 4
v 76 4
v 77 4
v 78 4
v 79 4
v 80 4
v 81 4
v 82 4
v 83 4
v 84 4
v 85 4
v 86 4
v 87 4
v 88 4
v 89 4
v 90 4
v 91 4
v 92 4
v 93 4
v 94 4
v 95 4
v 96 4
v 97 4
v 98 4
v 99 4
v 100 4
v 101 4
v 102 4
v 103 4
v 104 4
v 105 4
v 106 4
v 107 4
v 108 4
v 109 4
e 0 5 2
e 0 6 2
e 0 56 1
e 1 12 2
e 2 20 2
e 3 36 1
e 4 49 1
e 4 102 1
e 7 10 1
e 7 12 1
e 7 20 1
e 8 11 1
e 8 12 1
e 8 21 1
e 9 13 1
e 9 22 1
e 9 35 1
e 10 14 1
e 10 15 1
e 10 16 1
e 11 17 1
e 11 18 1
e 11 19 1
e 13 20 1
e 13 21 2
e 14 23 2
e 14 26 1
e 15 24 2
e 15 27 1
e 16 25 2
e 16 28 1
e 17 29 2
e 17 32 1
e 18 30 2
e 18 33 1
e 19 31 2
e 19 34 1
e 21 63 1
e 22 36 1
e 22 64 1
e 22 65 1
e 23 37 1
e 23 66 1
e 24 38 1
e 24 67 1
e 25 39 1
e 25 68 1
e 26 40 2
e 26 69 1
e 27 41 2
e 27 70 1
e 28 42 2
e 28 71 1
e 29 43 1
e 29 72 1
e 30 44 1
e 30 73 1
e 31 45 1
e 31 74 1
e 32 46 2
e 32 75 1
e 33 47 2
e 33 76 1
e 34 48 2
e 34 77 1
e 35 49 1
e 35 78 1
e 35 79 1
e 36 80 1
e 36 81 1
e 37 50 2
e 37 82 1
e 38 51 2
e 38 83 1
e 39 52 2
e 39 84 1
e 40 50 1
e 40 85 1
e 41 51 1
e 41 86 1
e 42 52 1
e 42 87 1
e 43 53 2
e 43 88 1
e 44 54 2
e 44 89 1
e 45 55 2
e 45 90 1
e 46 53 1
e 46 91 1
e 47 54 1
e 47 92 1
e 48 55 1
e 48 93 1
e 49 94 1
e 49 95 1
e 50 96 1
e 51 97 1
e 52 98 1
e 53 99 1
e 54 100 1
e 55 101 1
e 56 57 2
e 56 58 1
e 57 59 1
e 57 103 1
e 58 60 2
e 58 104 1
e 59 61 2
e 59 105 1
e 60 61 1
e 60 106 1
e 61 62 1
e 62 107 1
e 62 108 1
e 62 109 1
t # 14295
v 0 11
v 1 1
v 2 1
v 3 1
v 4 2
v 5 2
v 6 2
v 7 3
v 8 3
v 9 3
v 10 3
v 11 3
v 12 3
v 13 3
v 14 3
v 15 3
v 16 3
v 17 3
v 18 4
v 19 4
v 20 4
v 21 4
v 22 4
v 23 4
v 24 4
v 25 4
v 26 4
v 27 4
v 28 4
e 0 16 1
e 0 17 1
e 1 13 1
e 2 9 2
e 3 10 2
e 4 9 1
e 4 10 1
e 5 17 1
e 5 26 1
e 5 27 1
e 6 17 2
e 6 28 1
e 7 8 1
e 7 9 1
e 7 11 2
e 8 10 1
e 8 12 2
e 11 14 1
e 11 18 1
e 12 15 1
e 12 19 1
e 13 16 1
e 13 20 1
e 13 21 1
e 14 15 2
e 14 22 1
e 15 23 1
e 16 24 1
e 16 25 1
t # 14296
v 0 12
v 1 1
v 2 1
v 3 2
v 4 2
v 5 2
v 6 2
v 7 3
v 8 3
v 9 3
v 10 3
v 11 3
v 12 3
v 13 3
v 14 3
v 15 3
v 16 4
v 17 4
v 18 4
v 19 4
v 20 4
v 21 4
v 22 4
v 23 4
v 24 4
e 0 9 1
e 1 13 1
e 1 14 1
e 2 13 2
e 3 8 1
e 3 10 2
e 4 7 1
e 4 12 2
e 5 8 2
e 5 12 1
e 6 10 1
e 6 13 1
e 6 19 1
e 7 8 1
e 7 9 1
e 7 16 1
e 9 11 2
e 10 11 1
e 11 17 1
e 12 18 1
e 14 15 1
e 14 20 1
e 14 21 1
e 15 22 1
e 15 23 1
e 15 24 1
t # 14297
v 0 1
v 1 1
v 2 2
v 3 2
v 4 2
v 5 3
v 6 3
v 7 3
v 8 3
v 9 3
v 10 3
v 11 3
v 12 3
v 13 3
v 14 3
v 15 4
v 16 4
v 17 4
v 18 4
v 19 4
v 20 4
v 21 4
v 22 4
v 23 4
v 24 4
v 25 4
v 26 4
v 27 4
v 28 4
v 29 4
v 30 4
v 31 4
e 0 13 2
e 1 14 2
e 2 7 1
e 2 8 1
e 2 9 1
e 3 5 1
e 3 14 1
e 3 30 1
e 4 13 1
e 4 14 1
e 4 31 1
e 5 6 1
e 5 12 1
e 5 13 1
e 6 7 1
e 6 15 1
e 6 16 1
e 7 17 1
e 7 18 1
e 8 10 1
e 8 19 1
e 8 20 1
e 9 11 1
e 9 21 1
e 9 22 1
e 10 11 1
e 10 23 1
e 10 24 1
e 11 25 1
e 11 26 1
e 12 27 1
e 12 28 1
e 12 29 1
t # 14298
v 0 12
v 1 12
v 2 1
v 3 1
v 4 1
v 5 2
v 6 2
v 7 2
v 8 3
v 9 3
v 10 3
v 11 3
v 12 3
v 13 3
v 14 3
v 15 3
v 16 3
v 17 3
v 18 3
v 19 3
v 20 3
v 21 3
v 22 4
v 23 4
v 24 4
v 25 4
v 26 4
v 27 4
v 28 4
v 29 4
v 30 4
v 31 4
v 32 4
v 33 4
v 34 4
v 35 4
v 36 4
v 37 4
v 38 4
v 39 4
v 40 4
e 0 20 1
e 1 21 1
e 2 10 1
e 2 16 1
e 3 17 2
e 4 18 2
e 5 11 1
e 5 17 1
e 5 28 1
e 6 12 1
e 6 18 1
e 6 29 1
e 7 15 1
e 7 32 1
e 7 33 1
e 8 10 2
e 8 11 1
e 8 13 1
e 9 10 1
e 9 12 1
e 9 14 2
e 11 22 1
e 11 23 1
e 12 24 1
e 12 25 1
e 13 15 2
e 13 26 1
e 14 15 1
e 14 27 1
e 16 19 1
e 16 30 1
e 16 31 1
e 17 20 1
e 18 21 1
e 19 34 1
e 19 35 1
e 19 36 1
e 20 37 1
e 20 38 1
e 21 39 1
e 21 40 1
t # 14299
v 0 12
v 1 12
v 2 1
v 3 1
v 4 2
v 5 2
v 6 2
v 7 2
v 8 3
v 9 3
v 10 3
v 11 3
v 12 3
v 13 3
v 14 3
v 15 3
v 16 3
v 17 3
v 18 3
v 19 3
v 20 4
v 21 4
v 22 4
v 23 4
v 24 4
v 25 4
v 26 4
v 27 4
v 28 4
v 29 4
v 30 4
v 31 4
v 32 4
v 33 4
v 34 4
v 35 4
v 36 4
v 37 4
v 38 4
v 39 4
v 40 4
v 41 4
e 0 18 1
e 1 19 1
e 2 16 2
e 3 17 2
e 4 8 1
e 4 9 1
e 4 12 1
e 5 10 1
e 5 11 1
e 5 13 1
e 6 14 1
e 6 16 1
e 6 36 1
e 7 15 1
e 7 17 1
e 7 37 1
e 8 10 1
e 8 20 1
e 8 21 1
e 9 11 1
e 9 22 1
e 9 23 1
e 10 24 1
e 10 25 1
e 11 26 1
e 11 27 1
e 12 14 1
e 12 28 1
e 12 29 1
e 13 15 1
e 13 30 1
e 13 31 1
e 14 32 1
e 14 33 1
e 15 34 1
e 15 35 1
e 16 18 1
e 17 19 1
e 18 38 1
e 18 39 1
e 19 40 1
e 19 41 1
