t # 68600
v 0 1
v 1 1
v 2 1
v 3 3
v 4 3
v 5 3
v 6 3
v 7 3
v 8 3
v 9 3
v 10 3
v 11 4
v 12 4
v 13 4
v 14 4
v 15 4
v 16 4
v 17 4
v 18 4
v 19 4
v 20 4
v 21 4
v 22 4
v 23 4
v 24 4
v 25 4
v 26 4
v 27 4
v 28 4
e 0 4 1
e 0 6 1
e 1 7 1
e 1 9 1
e 2 10 1
e 2 28 1
e 3 4 1
e 3 5 1
e 3 11 1
e 3 12 1
e 4 13 1
e 4 14 1
e 5 8 1
e 5 15 1
e 5 16 1
e 6 7 1
e 6 17 1
e 6 18 1
e 7 19 1
e 7 20 1
e 8 21 1
e 8 22 1
e 8 23 1
e 9 10 1
e 9 24 1
e 9 25 1
e 10 26 1
e 10 27 1
t # 68601
v 0 1
v 1 3
v 2 3
v 3 3
v 4 3
v 5 3
v 6 3
v 7 3
v 8 3
v 9 3
v 10 3
v 11 4
v 12 4
v 13 4
v 14 4
v 15 4
v 16 4
v 17 4
v 18 4
v 19 4
v 20 4
v 21 4
v 22 4
v 23 4
v 24 4
v 25 4
v 26 4
v 27 4
v 28 4
v 29 4
v 30 4
e 0 10 2
e 1 2 1
e 1 3 1
e 1 11 1
e 1 12 1
e 2 4 1
e 2 13 1
e 2 14 1
e 3 5 1
e 3 15 1
e 3 16 1
e 4 6 1
e 4 17 1
e 4 18 1
e 5 7 1
e 5 19 1
e 5 20 1
e 6 8 1
e 6 21 1
e 6 22 1
e 7 9 1
e 7 23 1
e 7 24 1
e 8 10 1
e 8 25 1
e 8 26 1
e 9 27 1
e 9 28 1
e 9 29 1
e 10 30 1
t # 68602
v 0 1
v 1 3
v 2 3
v 3 3
v 4 3
v 5 3
v 6 3
v 7 3
v 8 3
v 9 3
v 10 3
v 11 4
v 12 4
v 13 4
v 14 4
v 15 4
v 16 4
v 17 4
v 18 4
v 19 4
v 20 4
v 21 4
v 22 4
v 23 4
v 24 4
v 25 4
v 26 4
v 27 4
v 28 4
v 29 4
v 30 4
v 31 4
v 32 4
e 0 9 1
e 0 32 1
e 1 2 1
e 1 3 1
e 1 11 1
e 1 12 1
e 2 4 1
e 2 13 1
e 2 14 1
e 3 5 1
e 3 15 1
e 3 16 1
e 4 6 1
e 4 17 1
e 4 18 1
e 5 7 1
e 5 19 1
e 5 20 1
e 6 8 1
e 6 21 1
e 6 22 1
e 7 9 1
e 7 23 1
e 7 24 1
e 8 10 1
e 8 25 1
e 8 26 1
e 9 27 1
e 9 28 1
e 10 29 1
e 10 30 1
e 10 31 1
t # 68603
v 0 18
v 1 3
v 2 3
v 3 3
v 4 3
v 5 3
v 6 3
v 7 3
v 8 3
v 9 3
v 10 3
v 11 4
v 12 4
v 13 4
v 14 4
v 15 4
v 16 4
v 17 4
v 18 4
v 19 4
v 20 4
v 21 4
v 22 4
v 23 4
v 24 4
v 25 4
v 26 4
v 27 4
v 28 4
v 29 4
v 30 4
v 31 4
e 1 2 1
e 1 3 1
e 1 11 1
e 1 12 1
e 2 4 1
e 2 13 1
e 2 14 1
e 3 5 1
e 3 15 1
e 3 16 1
e 4 6 1
e 4 17 1
e 4 18 1
e 5 7 1
e 5 19 1
e 5 20 1
e 6 8 1
e 6 21 1
e 6 22 1
e 7 9 1
e 7 23 1
e 7 24 1
e 8 10 1
e 8 25 1
e 8 26 1
e 9 27 1
e 9 28 1
e 10 29 1
e 10 30 1
e 10 31 1
t # 68604
v 0 2
v 1 3
v 2 3
v 3 3
v 4 3
v 5 3
v 6 3
v 7 3
v 8 3
v 9 3
v 10 3
v 11 3
v 12 3
v 13 3
v 14 3
v 15 4
v 16 4
v 17 4
v 18 4
v 19 4
v 20 4
v 21 4
v 22 4
v 23 4
v 24 4
v 25 4
v 26 4
v 27 4
v 28 4
v 29 4
v 30 4
v 31 4
v 32 4
v 33 4
v 34 4
v 35 4
v 36 4
v 37 4
v 38 4
v 39 4
v 40 4
v 41 4
v 42 4
v 43 4
v 44 4
v 45 4
e 0 10 1
e 0 13 1
e 0 14 1
e 1 2 1
e 1 3 1
e 1 15 1
e 1 16 1
e 2 4 1
e 2 17 1
e 2 18 1
e 3 5 1
e 3 19 1
e 3 20 1
e 4 6 1
e 4 21 1
e 4 22 1
e 5 7 1
e 5 23 1
e 5 24 1
e 6 8 1
e 6 25 1
e 6 26 1
e 7 9 1
e 7 27 1
e 7 28 1
e 8 10 1
e 8 29 1
e 8 30 1
e 9 11 1
e 9 31 1
e 9 32 1
e 10 33 1
e 10 34 1
e 11 12 1
e 11 35 1
e 11 36 1
e 12 37 1
e 12 38 1
e 12 39 1
e 13 40 1
e 13 41 1
e 13 42 1
e 14 43 1
e 14 44 1
e 14 45 1
t # 68605
v 0 1
v 1 3
v 2 3
v 3 3
v 4 3
v 5 3
v 6 3
v 7 3
v 8 3
v 9 3
v 10 3
v 11 3
v 12 4
v 13 4
v 14 4
v 15 4
v 16 4
v 17 4
v 18 4
v 19 4
v 20 4
v 21 4
v 22 4
v 23 4
v 24 4
v 25 4
v 26 4
v 27 4
v 28 4
v 29 4
v 30 4
v 31 4
v 32 4
v 33 4
e 0 10 2
e 1 2 1
e 1 3 1
e 1 12 1
e 1 13 1
e 2 4 1
e 2 14 1
e 2 15 1
e 3 5 1
e 3 16 1
e 3 17 1
e 4 6 1
e 4 18 1
e 4 19 1
e 5 7 1
e 5 20 1
e 5 21 1
e 6 8 1
e 6 22 1
e 6 23 1
e 7 9 1
e 7 24 1
e 7 25 1
e 8 10 1
e 8 26 1
e 8 27 1
e 9 28 1
e 9 29 1
e 9 30 1
e 10 11 1
e 11 31 1
e 11 32 1
e 11 33 1
t # 68606
v 0 1
v 1 1
v 2 3
v 3 3
v 4 3
v 5 3
v 6 3
v 7 3
v 8 3
v 9 3
v 10 3
v 11 4
v 12 4
v 13 4
v 14 4
v 15 4
v 16 4
v 17 4
v 18 4
v 19 4
v 20 4
v 21 4
v 22 4
v 23 4
v 24 4
v 25 4
v 26 4
v 27 4
v 28 4
e 0 7 1
e 0 9 1
e 1 9 2
e 2 3 1
e 2 4 1
e 2 11 1
e 2 12 1
e 3 5 1
e 3 13 1
e 3 14 1
e 4 6 1
e 4 15 1
e 4 16 1
e 5 7 1
e 5 17 1
e 5 18 1
e 6 8 1
e 6 19 1
e 6 20 1
e 7 21 1
e 7 22 1
e 8 23 1
e 8 24 1
e 8 25 1
e 9 10 1
e 10 26 1
e 10 27 1
e 10 28 1
t # 68607
v 0 11
v 1 2
v 2 2
v 3 3
v 4 3
v 5 3
v 6 3
v 7 3
v 8 3
v 9 4
v 10 4
v 11 4
v 12 4
v 13 4
v 14 4
v 15 4
v 16 4
e 0 3 1
e 0 4 1
e 3 5 1
e 3 9 1
e 3 10 1
e 4 6 1
e 4 11 1
e 4 12 1
e 5 7 1
e 5 13 1
e 5 14 1
e 6 8 1
e 6 15 1
e 6 16 1
t # 68608
v 0 2
v 1 2
v 2 2
v 3 3
v 4 3
v 5 3
v 6 3
v 7 3
v 8 3
v 9 4
v 10 4
v 11 4
v 12 4
v 13 4
v 14 4
v 15 4
v 16 4
v 17 4
e 0 3 1
e 0 4 1
e 0 13 1
e 3 5 1
e 3 9 1
e 3 10 1
e 4 6 1
e 4 11 1
e 4 12 1
e 5 7 1
e 5 14 1
e 5 15 1
e 6 8 1
e 6 16 1
e 6 17 1
t # 68609
v 0 2
v 1 3
v 2 3
v 3 3
v 4 3
v 5 3
v 6 3
v 7 3
v 8 3
v 9 4
v 10 4
v 11 4
v 12 4
v 13 4
v 14 4
v 15 4
v 16 4
v 17 4
v 18 4
v 19 4
v 20 4
v 21 4
v 22 4
v 23 4
v 24 4
v 25 4
v 26 4
v 27 4
e 0 1 1
e 0 2 1
e 0 17 1
e 1 3 1
e 1 9 1
e 1 10 1
e 2 4 1
e 2 11 1
e 2 12 1
e 3 5 1
e 3 13 1
e 3 14 1
e 4 6 1
e 4 15 1
e 4 16 1
e 5 7 1
e 5 18 1
e 5 19 1
e 6 8 1
e 6 20 1
e 6 21 1
e 7 22 1
e 7 23 1
e 7 24 1
e 8 25 1
e 8 26 1
e 8 27 1
t # 68610
v 0 12
v 1 12
v 2 1
v 3 1
v 4 3
v 5 3
v 6 3
v 7 3
v 8 3
v 9 4
v 10 4
v 11 4
v 12 4
v 13 4
v 14 4
v 15 4
v 16 4
v 17 4
v 18 4
e 0 7 1
e 1 8 1
e 2 4 1
e 2 6 1
e 3 5 1
e 3 6 1
e 4 7 1
e 4 9 1
e 4 10 1
e 5 8 1
e 5 11 1
e 5 12 1
e 6 13 1
e 6 14 1
e 7 15 1
e 7 16 1
e 8 17 1
e 8 18 1
t # 68611
v 0 1
v 1 1
v 2 3
v 3 3
v 4 3
v 5 3
v 6 3
v 7 3
v 8 3
v 9 4
v 10 4
v 11 4
v 12 4
v 13 4
v 14 4
v 15 4
v 16 4
v 17 4
v 18 4
v 19 4
v 20 4
v 21 4
v 22 4
v 23 4
v 24 4
e 0 5 1
e 0 7 1
e 1 6 1
e 1 8 1
e 2 3 1
e 2 4 1
e 2 9 1
e 2 10 1
e 3 5 1
e 3 11 1
e 3 12 1
e 4 6 1
e 4 13 1
e 4 14 1
e 5 15 1
e 5 16 1
e 6 17 1
e 6 18 1
e 7 19 1
e 7 20 1
e 7 21 1
e 8 22 1
e 8 23 1
e 8 24 1
t # 68612
v 0 12
v 1 3
v 2 3
v 3 3
v 4 3
v 5 3
v 6 3
v 7 3
v 8 3
v 9 4
v 10 4
v 11 4
v 12 4
v 13 4
v 14 4
v 15 4
v 16 4
v 17 4
v 18 4
v 19 4
v 20 4
v 21 4
v 22 4
v 23 4
v 24 4
v 25 4
e 0 7 1
e 1 2 1
e 1 3 1
e 1 9 1
e 1 10 1
e 2 4 1
e 2 11 1
e 2 12 1
e 3 5 1
e 3 13 1
e 3 14 1
e 4 6 1
e 4 15 1
e 4 16 1
e 5 7 1
e 5 17 1
e 5 18 1
e 6 8 1
e 6 19 1
e 6 20 1
e 7 21 1
e 7 22 1
e 8 23 1
e 8 24 1
e 8 25 1
t # 68613
v 0 1
v 1 1
v 2 3
v 3 3
v 4 3
v 5 3
v 6 3
v 7 3
v 8 3
v 9 3
v 10 3
v 11 3
v 12 3
v 13 3
v 14 3
v 15 4
v 16 4
v 17 4
v 18 4
v 19 4
v 20 4
v 21 4
v 22 4
v 23 4
v 24 4
v 25 4
v 26 4
v 27 4
v 28 4
v 29 4
v 30 4
v 31 4
v 32 4
v 33 4
v 34 4
v 35 4
v 36 4
v 37 4
v 38 4
v 39 4
v 40 4
e 0 13 1
e 0 14 1
e 1 13 2
e 2 3 1
e 2 4 1
e 2 15 1
e 2 16 1
e 3 5 1
e 3 17 1
e 3 18 1
e 4 6 1
e 4 19 1
e 4 20 1
e 5 7 1
e 5 21 1
e 5 22 1
e 6 8 1
e 6 23 1
e 6 24 1
e 7 9 1
e 7 25 1
e 7 26 1
e 8 10 1
e 8 27 1
e 8 28 1
e 9 11 1
e 9 29 1
e 9 30 1
e 10 12 1
e 10 31 1
e 10 32 1
e 11 13 1
e 11 33 1
e 11 34 1
e 12 35 1
e 12 36 1
e 12 37 1
e 14 38 1
e 14 39 1
e 14 40 1
t # 68614
v 0 1
v 1 1
v 2 3
v 3 3
v 4 3
v 5 3
v 6 3
v 7 3
v 8 3
v 9 3
v 10 3
v 11 3
v 12 3
v 13 3
v 14 4
v 15 4
v 16 4
v 17 4
v 18 4
v 19 4
v 20 4
v 21 4
v 22 4
v 23 4
v 24 4
v 25 4
v 26 4
v 27 4
v 28 4
v 29 4
v 30 4
v 31 4
v 32 4
v 33 4
v 34 4
v 35 4
e 0 10 1
e 0 13 1
e 1 10 2
e 2 3 1
e 2 4 1
e 2 14 1
e 2 15 1
e 3 5 1
e 3 16 1
e 3 17 1
e 4 6 1
e 4 18 1
e 4 19 1
e 5 7 1
e 5 20 1
e 5 21 1
e 6 8 1
e 6 22 1
e 6 23 1
e 7 9 1
e 7 24 1
e 7 25 1
e 8 10 1
e 8 26 1
e 8 27 1
e 9 11 1
e 9 28 1
e 9 29 1
e 11 12 2
e 11 30 1
e 12 31 1
e 12 32 1
e 13 33 1
e 13 34 1
e 13 35 1
t # 68615
v 0 1
v 1 1
v 2 3
v 3 3
v 4 3
v 5 3
v 6 3
v 7 3
v 8 3
v 9 3
v 10 3
v 11 3
v 12 4
v 13 4
v 14 4
v 15 4
v 16 4
v 17 4
v 18 4
v 19 4
v 20 4
v 21 4
v 22 4
v 23 4
v 24 4
v 25 4
v 26 4
v 27 4
e 0 10 1
e 0 11 1
e 1 10 2
e 2 3 1
e 2 4 1
e 2 12 1
e 2 13 1
e 3 5 1
e 3 14 1
e 3 15 1
e 4 6 1
e 4 16 1
e 4 17 1
e 5 7 1
e 5 18 1
e 5 19 1
e 6 8 1
e 6 20 1
e 6 21 1
e 7 22 1
e 7 23 1
e 7 24 1
e 9 10 1
e 11 25 1
e 11 26 1
e 11 27 1
t # 68616
v 0 1
v 1 2
v 2 3
v 3 3
v 4 3
v 5 3
v 6 3
v 7 3
v 8 4
v 9 4
v 10 4
v 11 4
v 12 4
v 13 4
v 14 4
v 15 4
v 16 4
v 17 4
v 18 4
v 19 4
v 20 4
v 21 4
v 22 4
e 0 7 1
e 0 22 1
e 1 3 1
e 1 5 1
e 1 14 1
e 2 3 1
e 2 4 1
e 2 8 1
e 2 9 1
e 3 10 1
e 3 11 1
e 4 6 1
e 4 12 1
e 4 13 1
e 5 7 1
e 5 15 1
e 5 16 1
e 6 17 1
e 6 18 1
e 6 19 1
e 7 20 1
e 7 21 1
t # 68617
v 0 1
v 1 3
v 2 3
v 3 3
v 4 3
v 5 3
v 6 3
v 7 3
v 8 4
v 9 4
v 10 4
v 11 4
v 12 4
v 13 4
v 14 4
v 15 4
v 16 4
v 17 4
v 18 4
v 19 4
v 20 4
v 21 4
v 22 4
v 23 4
e 0 6 1
e 0 23 1
e 1 2 1
e 1 3 1
e 1 8 1
e 1 9 1
e 2 4 1
e 2 10 1
e 2 11 1
e 3 5 1
e 3 12 1
e 3 13 1
e 4 6 1
e 4 14 1
e 4 15 1
e 5 7 1
e 5 16 1
e 5 17 1
e 6 18 1
e 6 19 1
e 7 20 1
e 7 21 1
e 7 22 1
t # 68618
v 0 2
v 1 2
v 2 3
v 3 3
v 4 3
v 5 3
v 6 3
v 7 3
v 8 4
v 9 4
v 10 4
v 11 4
v 12 4
v 13 4
v 14 4
v 15 4
e 2 3 1
e 2 4 1
e 2 8 1
e 2 9 1
e 3 5 1
e 3 10 1
e 3 11 1
e 4 6 1
e 4 12 1
e 4 13 1
e 5 7 1
e 5 14 1
e 5 15 1
t # 68619
v 0 3
v 1 3
v 2 3
v 3 3
v 4 3
v 5 3
v 6 3
v 7 3
v 8 4
v 9 4
v 10 4
v 11 4
v 12 4
v 13 4
v 14 4
v 15 4
v 16 4
v 17 4
v 18 4
v 19 4
v 20 4
v 21 4
v 22 4
v 23 4
e 0 1 1
e 0 2 1
e 0 8 1
e 0 9 1
e 1 3 1
e 1 10 1
e 1 11 1
e 2 4 1
e 2 12 1
e 2 13 1
e 3 5 1
e 3 14 1
e 3 15 1
e 4 6 1
e 4 16 1
e 4 17 1
e 5 18 1
e 5 19 1
e 5 20 1
e 6 7 2
e 6 21 1
e 7 22 1
e 7 23 1
t # 68620
v 0 1
v 1 1
v 2 1
v 3 1
v 4 3
v 5 3
v 6 3
v 7 3
v 8 3
v 9 3
v 10 4
v 11 4
v 12 4
v 13 4
v 14 4
v 15 4
v 16 4
v 17 4
v 18 4
v 19 4
e 0 4 1
e 0 6 1
e 1 5 1
e 1 7 1
e 2 6 2
e 3 7 2
e 4 5 1
e 4 10 1
e 4 11 1
e 5 12 1
e 5 13 1
e 6 8 1
e 7 9 1
e 8 14 1
e 8 15 1
e 8 16 1
e 9 17 1
e 9 18 1
e 9 19 1
t # 68621
v 0 1
v 1 1
v 2 2
v 3 3
v 4 3
v 5 3
v 6 3
v 7 4
v 8 4
v 9 4
v 10 4
v 11 4
v 12 4
v 13 4
v 14 4
v 15 4
v 16 4
v 17 4
e 0 5 1
e 0 16 1
e 1 6 1
e 1 17 1
e 2 3 1
e 2 4 1
e 2 11 1
e 3 5 1
e 3 7 1
e 3 8 1
e 4 6 1
e 4 9 1
e 4 10 1
e 5 12 1
e 5 13 1
e 6 14 1
e 6 15 1
t # 68622
v 0 1
v 1 2
v 2 2
v 3 3
v 4 3
v 5 3
v 6 3
v 7 4
v 8 4
v 9 4
v 10 4
v 11 4
v 12 4
v 13 4
v 14 4
v 15 4
v 16 4
v 17 4
v 18 4
e 0 6 1
e 0 18 1
e 1 3 1
e 1 4 1
e 1 11 1
e 2 5 1
e 2 16 1
e 2 17 1
e 3 5 1
e 3 7 1
e 3 8 1
e 4 6 1
e 4 9 1
e 4 10 1
e 5 12 1
e 5 13 1
e 6 14 1
e 6 15 1
t # 68623
v 0 2
v 1 2
v 2 2
v 3 3
v 4 3
v 5 3
v 6 3
v 7 4
v 8 4
v 9 4
v 10 4
v 11 4
v 12 4
v 13 4
v 14 4
v 15 4
v 16 4
v 17 4
v 18 4
v 19 4
e 0 3 1
e 0 4 1
e 0 11 1
e 1 5 1
e 1 16 1
e 1 17 1
e 2 6 1
e 2 18 1
e 2 19 1
e 3 5 1
e 3 7 1
e 3 8 1
e 4 6 1
e 4 9 1
e 4 10 1
e 5 12 1
e 5 13 1
e 6 14 1
e 6 15 1
t # 68624
v 0 1
v 1 1
v 2 3
v 3 3
v 4 3
v 5 3
v 6 3
v 7 4
v 8 4
v 9 4
v 10 4
v 11 4
v 12 4
v 13 4
v 14 4
v 15 4
v 16 4
v 17 4
v 18 4
e 0 5 1
e 0 17 1
e 1 6 1
e 1 18 1
e 2 3 1
e 2 4 1
e 2 7 1
e 2 8 1
e 3 5 1
e 3 9 1
e 3 10 1
e 4 6 1
e 4 11 1
e 4 12 1
e 5 13 1
e 5 14 1
e 6 15 1
e 6 16 1
t # 68625
v 0 18
v 1 18
v 2 3
v 3 3
v 4 3
v 5 3
v 6 3
v 7 4
v 8 4
v 9 4
v 10 4
v 11 4
v 12 4
v 13 4
v 14 4
v 15 4
v 16 4
e 2 3 1
e 2 4 1
e 2 7 1
e 2 8 1
e 3 5 1
e 3 9 1
e 3 10 1
e 4 6 1
e 4 11 1
e 4 12 1
e 5 13 1
e 5 14 1
e 6 15 1
e 6 16 1
t # 68626
v 0 1
v 1 1
v 2 1
v 3 1
v 4 1
v 5 1
v 6 3
v 7 3
v 8 3
v 9 3
v 10 3
v 11 3
v 12 3
v 13 3
v 14 3
v 15 3
v 16 4
v 17 4
v 18 4
v 19 4
v 20 4
v 21 4
v 22 4
v 23 4
v 24 4
v 25 4
v 26 4
v 27 4
v 28 4
v 29 4
v 30 4
v 31 4
v 32 4
v 33 4
e 0 6 1
e 0 8 1
e 1 7 1
e 1 9 1
e 2 10 1
e 2 12 1
e 3 11 1
e 3 13 1
e 4 12 2
e 5 13 2
e 6 7 1
e 6 16 1
e 6 17 1
e 7 18 1
e 7 19 1
e 8 10 1
e 8 20 1
e 8 21 1
e 9 11 1
e 9 22 1
e 9 23 1
e 10 24 1
e 10 25 1
e 11 26 1
e 11 27 1
e 12 14 1
e 13 15 1
e 14 28 1
e 14 29 1
e 14 30 1
e 15 31 1
e 15 32 1
e 15 33 1
t # 68627
v 0 2
v 1 2
v 2 3
v 3 3
v 4 3
v 5 3
v 6 3
v 7 3
v 8 3
v 9 3
v 10 3
v 11 3
v 12 4
v 13 4
v 14 4
v 15 4
v 16 4
v 17 4
v 18 4
v 19 4
v 20 4
v 21 4
v 22 4
v 23 4
v 24 4
v 25 4
v 26 4
v 27 4
v 28 4
v 29 4
v 30 4
v 31 4
v 32 4
v 33 4
v 34 4
v 35 4
e 0 6 1
e 0 8 1
e 0 9 1
e 1 7 1
e 1 10 1
e 1 11 1
e 2 3 1
e 2 4 1
e 2 12 1
e 2 13 1
e 3 5 1
e 3 14 1
e 3 15 1
e 4 6 1
e 4 16 1
e 4 17 1
e 5 7 1
e 5 18 1
e 5 19 1
e 6 20 1
e 6 21 1
e 7 22 1
e 7 23 1
e 8 24 1
e 8 25 1
e 8 26 1
e 9 27 1
e 9 28 1
e 9 29 1
e 10 30 1
e 10 31 1
e 10 32 1
e 11 33 1
e 11 34 1
e 11 35 1
t # 68628
v 0 11
v 1 1
v 2 1
v 3 1
v 4 1
v 5 3
v 6 3
v 7 3
v 8 3
v 9 3
v 10 3
v 11 4
v 12 4
v 13 4
v 14 4
v 15 4
v 16 4
v 17 4
v 18 4
v 19 4
v 20 4
e 0 5 1
e 0 6 1
e 1 9 1
e 1 19 1
e 2 10 1
e 2 20 1
e 3 9 2
e 4 10 2
e 5 7 1
e 5 11 1
e 5 12 1
e 6 8 1
e 6 13 1
e 6 14 1
e 7 9 1
e 7 15 1
e 7 16 1
e 8 10 1
e 8 17 1
e 8 18 1
t # 68629
v 0 1
v 1 1
v 2 3
v 3 3
v 4 3
v 5 3
v 6 3
v 7 3
v 8 3
v 9 4
v 10 4
v 11 4
v 12 4
v 13 4
v 14 4
v 15 4
v 16 4
v 17 4
v 18 4
v 19 4
v 20 4
v 21 4
v 22 4
e 0 8 1
e 0 22 1
e 1 8 2
e 2 3 1
e 2 4 1
e 2 9 1
e 2 10 1
e 3 5 1
e 3 11 1
e 3 12 1
e 4 6 1
e 4 13 1
e 4 14 1
e 5 7 1
e 5 15 1
e 5 16 1
e 6 8 1
e 6 17 1
e 6 18 1
e 7 19 1
e 7 20 1
e 7 21 1
t # 68630
v 0 1
v 1 3
v 2 3
v 3 3
v 4 3
v 5 3
v 6 3
v 7 3
v 8 3
v 9 4
v 10 4
v 11 4
v 12 4
v 13 4
v 14 4
v 15 4
v 16 4
v 17 4
v 18 4
v 19 4
v 20 4
v 21 4
v 22 4
v 23 4
v 24 4
e 0 7 2
e 1 2 1
e 1 3 1
e 1 9 1
e 1 10 1
e 2 4 1
e 2 11 1
e 2 12 1
e 3 5 1
e 3 13 1
e 3 14 1
e 4 6 1
e 4 15 1
e 4 16 1
e 5 7 1
e 5 17 1
e 5 18 1
e 6 19 1
e 6 20 1
e 6 21 1
e 7 8 1
e 8 22 1
e 8 23 1
e 8 24 1
t # 68631
v 0 1
v 1 1
v 2 3
v 3 3
v 4 3
v 5 3
v 6 3
v 7 3
v 8 3
v 9 3
v 10 3
v 11 4
v 12 4
v 13 4
v 14 4
v 15 4
v 16 4
v 17 4
v 18 4
v 19 4
v 20 4
v 21 4
v 22 4
v 23 4
v 24 4
e 0 9 1
e 0 10 1
e 1 9 2
e 2 3 1
e 2 4 1
e 2 11 1
e 2 12 1
e 3 5 1
e 3 13 1
e 3 14 1
e 4 6 1
e 4 15 1
e 4 16 1
e 5 7 1
e 5 17 1
e 5 18 1
e 6 19 1
e 6 20 1
e 6 21 1
e 8 9 1
e 10 22 1
e 10 23 1
e 10 24 1
t # 68632
v 0 1
v 1 1
v 2 3
v 3 3
v 4 3
v 5 3
v 6 3
v 7 3
v 8 3
v 9 3
v 10 3
v 11 4
v 12 4
v 13 4
v 14 4
v 15 4
v 16 4
v 17 4
v 18 4
v 19 4
v 20 4
v 21 4
v 22 4
v 23 4
v 24 4
v 25 4
v 26 4
v 27 4
v 28 4
e 0 9 1
e 0 10 1
e 1 9 2
e 2 3 1
e 2 4 1
e 2 11 1
e 2 12 1
e 3 5 1
e 3 13 1
e 3 14 1
e 4 6 1
e 4 15 1
e 4 16 1
e 5 7 1
e 5 17 1
e 5 18 1
e 6 8 1
e 6 19 1
e 6 20 1
e 7 9 1
e 7 21 1
e 7 22 1
e 8 23 1
e 8 24 1
e 8 25 1
e 10 26 1
e 10 27 1
e 10 28 1
t # 68633
v 0 1
v 1 1
v 2 3
v 3 3
v 4 3
v 5 3
v 6 3
v 7 3
v 8 3
v 9 3
v 10 3
v 11 3
v 12 3
v 13 3
v 14 3
v 15 3
v 16 3
v 17 3
v 18 3
v 19 3
v 20 3
v 21 3
v 22 4
v 23 4
v 24 4
v 25 4
v 26 4
v 27 4
v 28 4
v 29 4
v 30 4
v 31 4
v 32 4
v 33 4
v 34 4
v 35 4
v 36 4
v 37 4
v 38 4
v 39 4
v 40 4
v 41 4
v 42 4
v 43 4
v 44 4
v 45 4
v 46 4
v 47 4
v 48 4
v 49 4
v 50 4
v 51 4
v 52 4
v 53 4
v 54 4
v 55 4
v 56 4
v 57 4
v 58 4
v 59 4
v 60 4
v 61 4
e 0 17 1
e 0 18 1
e 1 17 2
e 2 3 1
e 2 4 1
e 2 22 1
e 2 23 1
e 3 5 1
e 3 24 1
e 3 25 1
e 4 6 1
e 4 26 1
e 4 27 1
e 5 7 1
e 5 28 1
e 5 29 1
e 6 8 1
e 6 30 1
e 6 31 1
e 7 9 1
e 7 32 1
e 7 33 1
e 8 10 1
e 8 34 1
e 8 35 1
e 9 11 1
e 9 36 1
e 9 37 1
e 10 12 1
e 10 38 1
e 10 39 1
e 11 13 1
e 11 40 1
e 11 41 1
e 12 14 1
e 12 42 1
e 12 43 1
e 13 15 1
e 13 44 1
e 13 45 1
e 14 16 1
e 14 46 1
e 14 47 1
e 15 17 1
e 15 48 1
e 15 49 1
e 16 50 1
e 16 51 1
e 16 52 1
e 18 19 1
e 18 53 1
e 18 54 1
e 19 20 1
e 19 55 1
e 19 56 1
e 20 21 1
e 20 57 1
e 20 58 1
e 21 59 1
e 21 60 1
e 21 61 1
t # 68634
v 0 1
v 1 1
v 2 1
v 3 1
v 4 1
v 5 3
v 6 3
v 7 3
v 8 3
v 9 4
v 10 4
v 11 4
v 12 4
v 13 4
v 14 4
e 0 5 1
e 0 6 1
e 1 7 1
e 1 13 1
e 2 8 1
e 2 14 1
e 3 7 2
e 4 8 2
e 5 7 1
e 5 9 1
e 5 10 1
e 6 8 1
e 6 11 1
e 6 12 1
t # 68635
v 0 2
v 1 3
v 2 3
v 3 3
v 4 3
v 5 3
v 6 4
v 7 4
v 8 4
v 9 4
v 10 4
v 11 4
v 12 4
v 13 4
v 14 4
v 15 4
v 16 4
e 0 4 1
e 0 5 1
e 0 16 1
e 1 2 1
e 1 3 1
e 1 6 1
e 1 7 1
e 2 4 1
e 2 8 1
e 2 9 1
e 3 5 1
e 3 10 1
e 3 11 1
e 4 12 1
e 4 13 1
e 5 14 1
e 5 15 1
t # 68636
v 0 2
v 1 2
v 2 3
v 3 3
v 4 3
v 5 3
v 6 4
v 7 4
v 8 4
v 9 4
v 10 4
v 11 4
v 12 4
v 13 4
v 14 4
v 15 4
v 16 4
v 17 4
e 0 2 1
e 0 4 1
e 0 10 1
e 1 3 1
e 1 5 1
e 1 11 1
e 2 3 1
e 2 6 1
e 2 7 1
e 3 8 1
e 3 9 1
e 4 12 1
e 4 13 1
e 4 14 1
e 5 15 1
e 5 16 1
e 5 17 1
t # 68637
v 0 1
v 1 1
v 2 3
v 3 3
v 4 3
v 5 3
v 6 4
v 7 4
v 8 4
v 9 4
v 10 4
v 11 4
v 12 4
v 13 4
v 14 4
v 15 4
e 0 4 1
e 0 14 1
e 1 5 1
e 1 15 1
e 2 3 1
e 2 4 1
e 2 6 1
e 2 7 1
e 3 5 1
e 3 8 1
e 3 9 1
e 4 10 1
e 4 11 1
e 5 12 1
e 5 13 1
t # 68638
v 0 12
v 1 12
v 2 3
v 3 3
v 4 3
v 5 3
v 6 4
v 7 4
v 8 4
v 9 4
v 10 4
v 11 4
v 12 4
v 13 4
e 0 4 1
e 1 5 1
e 2 3 1
e 2 4 1
e 2 6 1
e 2 7 1
e 3 5 1
e 3 8 1
e 3 9 1
e 4 10 1
e 4 11 1
e 5 12 1
e 5 13 1
t # 68639
v 0 11
v 1 11
v 2 1
v 3 3
v 4 3
v 5 3
v 6 3
v 7 3
v 8 4
v 9 4
v 10 4
v 11 4
v 12 4
v 13 4
v 14 4
v 15 4
v 16 4
v 17 4
e 0 7 1
e 2 5 1
e 2 7 1
e 3 4 1
e 3 5 1
e 3 8 1
e 3 9 1
e 4 6 1
e 4 10 1
e 4 11 1
e 5 12 1
e 5 13 1
e 6 14 1
e 6 15 1
e 6 16 1
t # 68640
v 0 1
v 1 1
v 2 2
v 3 3
v 4 3
v 5 3
v 6 3
v 7 3
v 8 4
v 9 4
v 10 4
v 11 4
v 12 4
v 13 4
v 14 4
v 15 4
v 16 4
v 17 4
v 18 4
e 0 7 1
e 3 4 1
e 3 5 1
e 3 6 1
e 3 8 1
e 4 7 1
e 4 9 1
e 4 10 1
e 5 11 1
e 5 12 1
e 5 13 1
e 6 14 1
e 6 15 1
e 6 16 1
e 7 17 1
e 7 18 1
t # 68641
v 0 1
v 1 1
v 2 3
v 3 3
v 4 3
v 5 3
v 6 3
v 7 3
v 8 4
v 9 4
v 10 4
v 11 4
v 12 4
v 13 4
v 14 4
v 15 4
v 16 4
v 17 4
v 18 4
v 19 4
e 0 6 1
e 0 7 1
e 1 7 2
e 2 3 1
e 2 4 1
e 2 5 1
e 2 8 1
e 3 6 1
e 3 9 1
e 3 10 1
e 4 11 1
e 4 12 1
e 4 13 1
e 5 14 1
e 5 15 1
e 5 16 1
e 6 17 1
e 6 18 1
e 7 19 1
t # 68642
v 0 1
v 1 1
v 2 3
v 3 3
v 4 3
v 5 3
v 6 3
v 7 3
v 8 3
v 9 3
v 10 3
v 11 3
v 12 3
v 13 4
v 14 4
v 15 4
v 16 4
v 17 4
v 18 4
v 19 4
v 20 4
v 21 4
v 22 4
v 23 4
v 24 4
v 25 4
v 26 4
v 27 4
v 28 4
v 29 4
v 30 4
v 31 4
v 32 4
v 33 4
v 34 4
e 0 11 1
e 0 12 1
e 1 11 2
e 2 3 1
e 2 4 1
e 2 13 1
e 2 14 1
e 3 5 1
e 3 15 1
e 3 16 1
e 4 6 1
e 4 17 1
e 4 18 1
e 5 7 1
e 5 19 1
e 5 20 1
e 6 8 1
e 6 21 1
e 6 22 1
e 7 9 1
e 7 23 1
e 7 24 1
e 8 10 1
e 8 25 1
e 8 26 1
e 9 11 1
e 9 27 1
e 9 28 1
e 10 29 1
e 10 30 1
e 10 31 1
e 12 32 1
e 12 33 1
e 12 34 1
t # 68643
v 0 1
v 1 1
v 2 3
v 3 3
v 4 3
v 5 3
v 6 3
v 7 3
v 8 3
v 9 3
v 10 3
v 11 3
v 12 3
v 13 3
v 14 4
v 15 4
v 16 4
v 17 4
v 18 4
v 19 4
v 20 4
v 21 4
v 22 4
v 23 4
v 24 4
v 25 4
v 26 4
v 27 4
v 28 4
v 29 4
v 30 4
v 31 4
v 32 4
v 33 4
v 34 4
v 35 4
v 36 4
v 37 4
e 0 11 1
e 0 12 1
e 1 11 2
e 2 3 1
e 2 4 1
e 2 14 1
e 2 15 1
e 3 5 1
e 3 16 1
e 3 17 1
e 4 6 1
e 4 18 1
e 4 19 1
e 5 7 1
e 5 20 1
e 5 21 1
e 6 8 1
e 6 22 1
e 6 23 1
e 7 9 1
e 7 24 1
e 7 25 1
e 8 10 1
e 8 26 1
e 8 27 1
e 9 11 1
e 9 28 1
e 9 29 1
e 10 30 1
e 10 31 1
e 10 32 1
e 12 13 1
e 12 33 1
e 12 34 1
e 13 35 1
e 13 36 1
e 13 37 1
t # 68644
v 0 1
v 1 1
v 2 3
v 3 3
v 4 3
v 5 3
v 6 3
v 7 3
v 8 3
v 9 3
v 10 3
v 11 3
v 12 3
v 13 3
v 14 3
v 15 3
v 16 3
v 17 3
v 18 3
v 19 3
v 20 4
v 21 4
v 22 4
v 23 4
v 24 4
v 25 4
v 26 4
v 27 4
v 28 4
v 29 4
v 30 4
v 31 4
v 32 4
v 33 4
v 34 4
v 35 4
v 36 4
v 37 4
v 38 4
v 39 4
v 40 4
v 41 4
v 42 4
v 43 4
v 44 4
v 45 4
v 46 4
v 47 4
v 48 4
v 49 4
v 50 4
v 51 4
v 52 4
v 53 4
v 54 4
v 55 4
e 0 15 1
e 0 16 1
e 1 15 2
e 2 3 1
e 2 4 1
e 2 20 1
e 2 21 1
e 3 5 1
e 3 22 1
e 3 23 1
e 4 6 1
e 4 24 1
e 4 25 1
e 5 7 1
e 5 26 1
e 5 27 1
e 6 8 1
e 6 28 1
e 6 29 1
e 7 9 1
e 7 30 1
e 7 31 1
e 8 10 1
e 8 32 1
e 8 33 1
e 9 11 1
e 9 34 1
e 9 35 1
e 10 12 1
e 10 36 1
e 10 37 1
e 11 13 1
e 11 38 1
e 11 39 1
e 12 14 1
e 12 40 1
e 12 41 1
e 13 15 1
e 13 42 1
e 13 43 1
e 14 44 1
e 14 45 1
e 14 46 1
e 16 17 1
e 16 47 1
e 16 48 1
e 17 18 1
e 17 49 1
e 17 50 1
e 18 19 1
e 18 51 1
e 18 52 1
e 19 53 1
e 19 54 1
e 19 55 1
t # 68645
v 0 1
v 1 1
v 2 2
v 3 2
v 4 3
v 5 3
v 6 3
v 7 3
v 8 3
v 9 3
v 10 3
v 11 3
v 12 3
v 13 3
v 14 3
v 15 3
v 16 3
v 17 3
v 18 3
v 19 3
v 20 3
v 21 3
v 22 3
v 23 3
v 24 3
v 25 3
v 26 3
v 27 3
v 28 3
v 29 3
v 30 3
v 31 3
v 32 3
v 33 3
v 34 3
v 35 3
v 36 3
v 37 3
v 38 3
v 39 3
v 40 3
v 41 3
v 42 4
v 43 4
v 44 4
v 45 4
v 46 4
v 47 4
v 48 4
v 49 4
v 50 4
v 51 4
v 52 4
v 53 4
v 54 4
v 55 4
v 56 4
v 57 4
v 58 4
v 59 4
v 60 4
v 61 4
v 62 4
v 63 4
v 64 4
v 65 4
v 66 4
v 67 4
v 68 4
v 69 4
v 70 4
v 71 4
v 72 4
v 73 4
v 74 4
v 75 4
v 76 4
v 77 4
v 78 4
v 79 4
v 80 4
v 81 4
v 82 4
v 83 4
v 84 4
v 85 4
v 86 4
v 87 4
v 88 4
v 89 4
v 90 4
v 91 4
v 92 4
v 93 4
v 94 4
v 95 4
v 96 4
v 97 4
v 98 4
v 99 4
v 100 4
v 101 4
v 102 4
v 103 4
v 104 4
v 105 4
v 106 4
v 107 4
v 108 4
v 109 4
v 110 4
v 111 4
v 112 4
v 113 4
v 114 4
v 115 4
v 116 4
v 117 4
e 0 36 2
e 1 37 2
e 2 36 1
e 2 40 1
e 2 116 1
e 3 37 1
e 3 41 1
e 3 117 1
e 4 6 1
e 4 8 1
e 4 42 1
e 4 43 1
e 5 7 1
e 5 9 1
e 5 44 1
e 5 45 1
e 6 10 1
e 6 46 1
e 6 47 1
e 7 11 1
e 7 48 1
e 7 49 1
e 8 12 1
e 8 50 1
e 8 51 1
e 9 13 1
e 9 52 1
e 9 53 1
e 10 14 1
e 10 54 1
e 10 55 1
e 11 15 1
e 11 56 1
e 11 57 1
e 12 16 1
e 12 58 1
e 12 59 1
e 13 17 1
e 13 60 1
e 13 61 1
e 14 18 1
e 14 62 1
e 14 63 1
e 15 19 1
e 15 64 1
e 15 65 1
e 16 20 1
e 16 66 1
e 16 67 1
e 17 21 1
e 17 68 1
e 17 69 1
e 18 22 1
e 18 70 1
e 18 71 1
e 19 23 1
e 19 72 1
e 19 73 1
e 20 24 1
e 20 74 1
e 20 75 1
e 21 25 1
e 21 76 1
e 21 77 1
e 22 26 1
e 22 78 1
e 22 79 1
e 23 27 1
e 23 80 1
e 23 81 1
e 24 28 1
e 24 82 1
e 24 83 1
e 25 29 1
e 25 84 1
e 25 85 1
e 26 30 1
e 26 86 1
e 26 87 1
e 27 31 1
e 27 88 1
e 27 89 1
e 28 32 1
e 28 90 1
e 28 91 1
e 29 33 1
e 29 92 1
e 29 93 1
e 30 34 1
e 30 94 1
e 30 95 1
e 31 35 1
e 31 96 1
e 31 97 1
e 32 36 1
e 32 98 1
e 32 99 1
e 33 37 1
e 33 100 1
e 33 101 1
e 34 38 1
e 34 102 1
e 34 103 1
e 35 39 1
e 35 104 1
e 35 105 1
e 38 106 1
e 38 107 1
e 38 108 1
e 39 109 1
e 39 110 1
e 39 111 1
e 40 41 1
e 40 112 1
e 40 113 1
e 41 114 1
e 41 115 1
t # 68646
v 0 1
v 1 1
v 2 2
v 3 2
v 4 3
v 5 3
v 6 3
v 7 3
v 8 3
v 9 3
v 10 3
v 11 4
v 12 4
v 13 4
v 14 4
v 15 4
v 16 4
v 17 4
v 18 4
v 19 4
v 20 4
e 0 5 2
e 1 6 2
e 2 4 1
e 2 5 1
e 2 13 1
e 3 4 1
e 3 6 1
e 3 14 1
e 4 11 1
e 4 12 1
e 5 7 1
e 6 8 1
e 7 9 2
e 7 15 1
e 8 10 2
e 8 16 1
e 9 17 1
e 9 18 1
e 10 19 1
e 10 20 1
t # 68647
v 0 1
v 1 1
v 2 2
v 3 2
v 4 2
v 5 2
v 6 3
v 7 3
v 8 4
v 9 4
v 10 4
v 11 4
v 12 4
v 13 4
e 0 6 2
e 1 7 2
e 2 3 1
e 2 6 1
e 2 8 1
e 3 7 1
e 3 9 1
e 4 6 1
e 4 10 1
e 4 11 1
e 5 7 1
e 5 12 1
e 5 13 1
t # 68648
v 0 1
v 1 1
v 2 2
v 3 2
v 4 3
v 5 3
v 6 3
v 7 3
v 8 4
v 9 4
v 10 4
v 11 4
v 12 4
v 13 4
v 14 4
v 15 4
e 0 6 2
e 1 7 2
e 2 6 1
e 2 12 1
e 2 13 1
e 3 7 1
e 3 14 1
e 3 15 1
e 4 5 1
e 4 6 1
e 4 8 1
e 4 9 1
e 5 7 1
e 5 10 1
e 5 11 1
t # 68649
v 0 1
v 1 1
v 2 3
v 3 3
v 4 3
v 5 3
v 6 3
v 7 3
v 8 4
v 9 4
v 10 4
v 11 4
v 12 4
v 13 4
v 14 4
v 15 4
v 16 4
v 17 4
e 0 4 2
e 1 5 2
e 2 3 1
e 2 4 1
e 2 8 1
e 2 9 1
e 3 5 1
e 3 10 1
e 3 11 1
e 4 6 1
e 5 7 1
e 6 12 1
e 6 13 1
e 6 14 1
e 7 15 1
e 7 16 1
e 7 17 1
t # 68650
v 0 11
v 1 11
v 2 1
v 3 1
v 4 1
v 5 1
v 6 1
v 7 1
v 8 3
v 9 3
v 10 4
v 11 4
v 12 4
v 13 4
v 14 4
v 15 4
e 0 4 2
e 0 5 2
e 0 8 1
e 1 6 2
e 1 7 2
e 1 9 1
e 2 14 1
e 3 15 1
e 8 9 1
e 8 10 1
e 8 11 1
e 9 12 1
e 9 13 1
t # 68651
v 0 1
v 1 1
v 2 3
v 3 3
v 4 3
v 5 3
v 6 3
v 7 3
v 8 3
v 9 3
v 10 4
v 11 4
v 12 4
v 13 4
v 14 4
v 15 4
v 16 4
v 17 4
v 18 4
v 19 4
v 20 4
v 21 4
v 22 4
v 23 4
v 24 4
v 25 4
v 26 4
v 27 4
e 0 4 1
e 0 26 1
e 1 5 1
e 1 27 1
e 2 3 1
e 2 4 1
e 2 10 1
e 2 11 1
e 3 5 1
e 3 12 1
e 3 13 1
e 4 6 1
e 4 7 1
e 5 8 1
e 5 9 1
e 6 14 1
e 6 15 1
e 6 16 1
e 7 17 1
e 7 18 1
e 7 19 1
e 8 20 1
e 8 21 1
e 8 22 1
e 9 23 1
e 9 24 1
e 9 25 1
t # 68652
v 0 2
v 1 2
v 2 3
v 3 3
v 4 3
v 5 4
v 6 4
v 7 4
v 8 4
e 0 2 1
e 0 4 2
e 2 3 1
e 2 5 1
e 2 6 1
e 4 7 1
e 4 8 1
t # 68653
v 0 1
v 1 2
v 2 3
v 3 3
v 4 3
v 5 4
v 6 4
v 7 4
v 8 4
v 9 4
e 0 2 1
e 0 9 1
e 2 3 1
e 2 5 1
e 2 6 1
e 3 4 1
e 3 7 1
e 3 8 1
t # 68654
v 0 2
v 1 2
v 2 3
v 3 3
v 4 3
v 5 4
v 6 4
e 2 3 1
e 2 4 1
e 2 5 1
e 2 6 1
t # 68655
v 0 18
v 1 12
v 2 3
v 3 3
v 4 3
v 5 4
v 6 4
v 7 4
v 8 4
v 9 4
v 10 4
e 1 4 1
e 2 3 1
e 2 4 1
e 2 5 1
e 2 6 1
e 3 7 1
e 3 8 1
e 4 9 1
e 4 10 1
t # 68656
v 0 18
v 1 18
v 2 3
v 3 3
v 4 3
v 5 4
v 6 4
v 7 4
v 8 4
v 9 4
v 10 4
e 2 3 1
e 2 4 1
e 2 5 1
e 2 6 1
e 3 7 1
e 3 8 1
e 4 9 1
e 4 10 1
t # 68657
v 0 1
v 1 2
v 2 3
v 3 3
v 4 3
v 5 3
v 6 3
v 7 4
v 8 4
v 9 4
v 10 4
v 11 4
v 12 4
v 13 4
v 14 4
v 15 4
v 16 4
v 17 4
v 18 4
v 19 4
e 0 6 1
e 0 19 1
e 1 2 1
e 1 3 1
e 1 8 1
e 2 4 1
e 2 5 1
e 2 7 1
e 3 6 1
e 3 9 1
e 3 10 1
e 4 11 1
e 4 12 1
e 4 13 1
e 5 14 1
e 5 15 1
e 5 16 1
e 6 17 1
e 6 18 1
t # 68658
v 0 2
v 1 2
v 2 3
v 3 3
v 4 3
v 5 3
v 6 3
v 7 4
v 8 4
v 9 4
v 10 4
v 11 4
v 12 4
v 13 4
v 14 4
v 15 4
v 16 4
v 17 4
v 18 4
v 19 4
v 20 4
e 0 2 1
e 0 5 1
e 0 6 1
e 1 4 1
e 1 19 1
e 1 20 1
e 2 3 1
e 2 7 1
e 2 8 1
e 3 4 1
e 3 9 1
e 3 10 1
e 4 11 1
e 4 12 1
e 5 13 1
e 5 14 1
e 5 15 1
e 6 16 1
e 6 17 1
e 6 18 1
t # 68659
v 0 1
v 1 1
v 2 3
v 3 3
v 4 3
v 5 3
v 6 3
v 7 4
v 8 4
v 9 4
v 10 4
v 11 4
v 12 4
v 13 4
v 14 4
v 15 4
v 16 4
e 0 6 1
e 0 16 1
e 1 6 2
e 2 3 1
e 2 4 1
e 2 7 1
e 2 8 1
e 3 5 1
e 3 9 1
e 3 10 1
e 4 6 1
e 4 11 1
e 4 12 1
e 5 13 1
e 5 14 1
e 5 15 1
t # 68660
v 0 1
v 1 1
v 2 1
v 3 1
v 4 3
v 5 3
v 6 3
v 7 3
v 8 3
v 9 3
v 10 3
v 11 3
v 12 3
v 13 3
v 14 3
v 15 3
v 16 3
v 17 3
v 18 3
v 19 3
v 20 3
v 21 3
v 22 4
v 23 4
v 24 4
v 25 4
v 26 4
v 27 4
v 28 4
v 29 4
v 30 4
v 31 4
v 32 4
v 33 4
v 34 4
v 35 4
v 36 4
v 37 4
v 38 4
v 39 4
v 40 4
v 41 4
v 42 4
v 43 4
v 44 4
v 45 4
v 46 4
v 47 4
v 48 4
v 49 4
v 50 4
v 51 4
v 52 4
v 53 4
v 54 4
v 55 4
e 0 12 1
e 0 14 1
e 1 13 1
e 1 15 1
e 2 12 2
e 3 13 2
e 4 5 1
e 4 6 1
e 4 22 1
e 4 23 1
e 5 7 1
e 5 24 1
e 5 25 1
e 6 8 1
e 6 26 1
e 6 27 1
e 7 9 1
e 7 28 1
e 7 29 1
e 8 10 1
e 8 30 1
e 8 31 1
e 9 11 1
e 9 32 1
e 9 33 1
e 10 12 1
e 10 34 1
e 10 35 1
e 11 13 1
e 11 36 1
e 11 37 1
e 14 16 1
e 14 38 1
e 14 39 1
e 15 17 1
e 15 40 1
e 15 41 1
e 16 18 1
e 16 42 1
e 16 43 1
e 17 19 1
e 17 44 1
e 17 45 1
e 18 20 1
e 18 46 1
e 18 47 1
e 19 21 1
e 19 48 1
e 19 49 1
e 20 50 1
e 20 51 1
e 20 52 1
e 21 53 1
e 21 54 1
e 21 55 1
t # 68661
v 0 1
v 1 1
v 2 3
v 3 3
v 4 3
v 5 3
v 6 3
v 7 3
v 8 3
v 9 3
v 10 3
v 11 3
v 12 3
v 13 3
v 14 3
v 15 3
v 16 3
v 17 3
v 18 4
v 19 4
v 20 4
v 21 4
v 22 4
v 23 4
v 24 4
v 25 4
v 26 4
v 27 4
v 28 4
v 29 4
v 30 4
v 31 4
v 32 4
v 33 4
v 34 4
v 35 4
v 36 4
v 37 4
v 38 4
v 39 4
v 40 4
v 41 4
v 42 4
v 43 4
v 44 4
v 45 4
v 46 4
v 47 4
e 0 16 1
e 0 17 1
e 1 17 2
e 2 3 1
e 2 4 1
e 2 18 1
e 2 19 1
e 3 5 1
e 3 20 1
e 3 21 1
e 4 6 1
e 4 22 1
e 4 23 1
e 5 7 1
e 5 24 1
e 5 25 1
e 6 8 1
e 6 26 1
e 6 27 1
e 7 9 1
e 7 28 1
e 7 29 1
e 8 10 1
e 8 30 1
e 8 31 1
e 9 11 1
e 9 32 1
e 9 33 1
e 10 12 1
e 10 34 1
e 10 35 1
e 11 13 1
e 11 36 1
e 11 37 1
e 12 14 1
e 12 38 1
e 12 39 1
e 13 15 1
e 13 40 1
e 13 41 1
e 14 16 1
e 14 42 1
e 14 43 1
e 15 17 1
e 15 44 1
e 15 45 1
e 16 46 1
e 16 47 1
t # 68662
v 0 1
v 1 1
v 2 1
v 3 1
v 4 1
v 5 1
v 6 3
v 7 3
v 8 3
v 9 3
v 10 3
v 11 3
v 12 3
v 13 3
v 14 3
v 15 3
v 16 3
v 17 3
v 18 3
v 19 3
v 20 4
v 21 4
v 22 4
v 23 4
v 24 4
v 25 4
v 26 4
v 27 4
v 28 4
v 29 4
v 30 4
v 31 4
v 32 4
v 33 4
v 34 4
v 35 4
v 36 4
v 37 4
v 38 4
v 39 4
v 40 4
v 41 4
e 0 6 1
e 0 8 1
e 1 7 1
e 1 9 1
e 2 10 1
e 2 12 1
e 3 11 1
e 3 13 1
e 4 12 2
e 5 13 2
e 6 7 1
e 6 20 1
e 6 21 1
e 7 22 1
e 7 23 1
e 8 10 1
e 8 24 1
e 8 25 1
e 9 11 1
e 9 26 1
e 9 27 1
e 10 28 1
e 10 29 1
e 11 30 1
e 11 31 1
e 12 14 1
e 13 15 1
e 14 16 1
e 14 18 2
e 15 17 1
e 15 19 2
e 16 32 1
e 16 33 1
e 16 34 1
e 17 35 1
e 17 36 1
e 17 37 1
e 18 38 1
e 18 39 1
e 19 40 1
e 19 41 1
t # 68663
v 0 2
v 1 3
v 2 3
v 3 3
v 4 3
v 5 3
v 6 3
v 7 4
v 8 4
v 9 4
v 10 4
v 11 4
v 12 4
v 13 4
v 14 4
v 15 4
v 16 4
v 17 4
v 18 4
v 19 4
e 0 1 1
e 0 5 1
e 0 16 1
e 1 2 1
e 1 6 1
e 1 7 1
e 2 3 1
e 2 8 1
e 2 9 1
e 3 4 1
e 3 10 1
e 3 11 1
e 4 5 1
e 4 12 1
e 4 13 1
e 5 14 1
e 5 15 1
e 6 17 1
e 6 18 1
e 6 19 1
t # 68664
v 0 18
v 1 2
v 2 3
v 3 3
v 4 3
v 5 3
v 6 3
v 7 4
v 8 4
v 9 4
v 10 4
e 1 5 1
e 1 6 2
e 2 3 1
e 2 4 2
e 2 7 1
e 3 5 2
e 3 8 1
e 4 6 1
e 4 9 1
e 6 10 1
t # 68665
v 0 11
v 1 3
v 2 3
v 3 3
v 4 3
v 5 3
v 6 3
v 7 4
v 8 4
v 9 4
v 10 4
v 11 4
v 12 4
e 0 1 1
e 1 2 2
e 1 3 1
e 2 4 1
e 2 7 1
e 3 5 2
e 3 8 1
e 4 6 2
e 4 9 1
e 5 6 1
e 5 10 1
e 6 11 1
t # 68666
v 0 1
v 1 3
v 2 3
v 3 3
v 4 3
v 5 3
v 6 3
v 7 4
v 8 4
v 9 4
v 10 4
v 11 4
v 12 4
v 13 4
v 14 4
v 15 4
v 16 4
v 17 4
v 18 4
e 0 1 1
e 0 18 1
e 1 2 1
e 1 3 1
e 1 7 1
e 2 4 1
e 2 8 1
e 2 9 1
e 3 5 1
e 3 10 1
e 3 11 1
e 4 6 1
e 4 12 1
e 4 13 1
e 5 6 1
e 5 14 1
e 5 15 1
e 6 16 1
e 6 17 1
t # 68667
v 0 1
v 1 3
v 2 3
v 3 3
v 4 3
v 5 3
v 6 3
v 7 3
v 8 3
v 9 3
v 10 4
v 11 4
v 12 4
v 13 4
v 14 4
v 15 4
v 16 4
v 17 4
v 18 4
v 19 4
v 20 4
v 21 4
v 22 4
v 23 4
v 24 4
v 25 4
v 26 4
v 27 4
v 28 4
v 29 4
e 0 1 1
e 0 29 1
e 1 2 1
e 1 3 1
e 1 10 1
e 2 4 1
e 2 11 1
e 2 12 1
e 3 5 1
e 3 13 1
e 3 14 1
e 4 6 1
e 4 7 1
e 4 15 1
e 5 8 1
e 5 9 1
e 5 16 1
e 6 17 1
e 6 18 1
e 6 19 1
e 7 20 1
e 7 21 1
e 7 22 1
e 8 23 1
e 8 24 1
e 8 25 1
e 9 26 1
e 9 27 1
e 9 28 1
t # 68668
v 0 1
v 1 1
v 2 1
v 3 2
v 4 2
v 5 2
v 6 3
v 7 3
v 8 3
v 9 4
v 10 4
v 11 4
e 0 6 2
e 1 7 2
e 2 8 2
e 3 6 1
e 3 7 1
e 3 9 1
e 4 6 1
e 4 8 1
e 4 10 1
e 5 7 1
e 5 8 1
e 5 11 1
t # 68669
v 0 2
v 1 2
v 2 2
v 3 2
v 4 2
v 5 2
v 6 3
v 7 3
v 8 3
v 9 4
v 10 4
v 11 4
v 12 4
v 13 4
v 14 4
e 0 6 2
e 0 7 1
e 1 6 1
e 1 8 2
e 2 7 2
e 2 8 1
e 3 6 1
e 3 9 1
e 3 10 1
e 4 7 1
e 4 11 1
e 4 12 1
e 5 8 1
e 5 13 1
e 5 14 1
t # 68670
v 0 12
v 1 12
v 2 12
v 3 2
v 4 2
v 5 2
v 6 3
v 7 3
v 8 3
e 0 6 1
e 1 7 1
e 2 8 1
e 3 6 2
e 3 7 1
e 4 6 1
e 4 8 2
e 5 7 2
e 5 8 1
t # 68671
v 0 2
v 1 3
v 2 3
v 3 3
v 4 3
v 5 3
v 6 3
v 7 3
v 8 3
v 9 4
v 10 4
v 11 4
v 12 4
v 13 4
v 14 4
v 15 4
v 16 4
v 17 4
v 18 4
v 19 4
e 0 2 2
e 0 3 1
e 1 4 2
e 1 5 1
e 1 6 1
e 2 4 1
e 2 7 1
e 3 5 2
e 3 8 1
e 4 9 1
e 5 10 1
e 6 11 1
e 6 12 1
e 6 13 1
e 7 14 1
e 7 15 1
e 7 16 1
e 8 17 1
e 8 18 1
e 8 19 1
t # 68672
v 0 2
v 1 2
v 2 2
v 3 3
v 4 3
v 5 3
v 6 3
v 7 3
v 8 3
v 9 4
v 10 4
v 11 4
v 12 4
v 13 4
v 14 4
v 15 4
v 16 4
v 17 4
v 18 4
v 19 4
v 20 4
v 21 4
v 22 4
v 23 4
e 0 3 1
e 0 4 1
e 0 6 1
e 1 3 1
e 1 5 1
e 1 7 1
e 2 4 1
e 2 5 1
e 2 8 1
e 3 9 1
e 3 10 1
e 4 11 1
e 4 12 1
e 5 13 1
e 5 14 1
e 6 15 1
e 6 16 1
e 6 17 1
e 7 18 1
e 7 19 1
e 7 20 1
e 8 21 1
e 8 22 1
e 8 23 1
t # 68673
v 0 12
v 1 12
v 2 12
v 3 3
v 4 3
v 5 3
v 6 3
v 7 3
v 8 3
v 9 4
v 10 4
v 11 4
e 0 3 1
e 1 4 1
e 2 5 1
e 3 6 2
e 3 7 1
e 4 6 1
e 4 8 2
e 5 7 2
e 5 8 1
e 6 9 1
e 7 10 1
e 8 11 1
t # 68674
v 0 2
v 1 3
v 2 3
v 3 3
v 4 3
v 5 3
v 6 3
v 7 3
v 8 3
v 9 4
v 10 4
v 11 4
v 12 4
v 13 4
v 14 4
v 15 4
v 16 4
v 17 4
v 18 4
v 19 4
e 0 4 1
e 0 18 1
e 0 19 1
e 1 3 2
e 1 5 1
e 1 7 1
e 2 3 1
e 2 6 2
e 2 8 1
e 3 9 1
e 4 5 2
e 4 6 1
e 5 10 1
e 6 11 1
e 7 12 1
e 7 13 1
e 7 14 1
e 8 15 1
e 8 16 1
e 8 17 1
t # 68675
v 0 1
v 1 3
v 2 3
v 3 3
v 4 3
v 5 3
v 6 3
v 7 3
v 8 3
v 9 4
v 10 4
v 11 4
v 12 4
v 13 4
v 14 4
v 15 4
v 16 4
v 17 4
v 18 4
e 0 6 1
e 0 18 1
e 1 3 2
e 1 4 1
e 1 7 1
e 2 3 1
e 2 5 2
e 2 8 1
e 3 9 1
e 4 6 2
e 4 10 1
e 5 6 1
e 5 11 1
e 7 12 1
e 7 13 1
e 7 14 1
e 8 15 1
e 8 16 1
e 8 17 1
t # 68676
v 0 1
v 1 1
v 2 1
v 3 3
v 4 3
v 5 3
v 6 3
v 7 3
v 8 3
v 9 4
v 10 4
v 11 4
v 12 4
v 13 4
v 14 4
v 15 4
v 16 4
v 17 4
v 18 4
v 19 4
v 20 4
e 0 3 1
e 0 6 1
e 1 4 1
e 1 7 1
e 2 6 2
e 3 4 1
e 3 5 1
e 3 9 1
e 4 10 1
e 4 11 1
e 5 12 1
e 5 13 1
e 5 14 1
e 6 8 1
e 7 15 1
e 7 16 1
e 7 17 1
e 8 18 1
e 8 19 1
e 8 20 1
t # 68677
v 0 1
v 1 1
v 2 1
v 3 1
v 4 3
v 5 3
v 6 3
v 7 3
v 8 3
v 9 4
v 10 4
v 11 4
v 12 4
v 13 4
v 14 4
v 15 4
v 16 4
e 0 5 1
e 0 7 1
e 1 6 1
e 1 8 1
e 2 5 2
e 3 6 2
e 4 5 1
e 4 6 1
e 4 9 1
e 4 10 1
e 7 11 1
e 7 12 1
e 7 13 1
e 8 14 1
e 8 15 1
e 8 16 1
t # 68678
v 0 1
v 1 1
v 2 1
v 3 1
v 4 3
v 5 3
v 6 3
v 7 3
v 8 3
v 9 3
v 10 3
v 11 3
v 12 3
v 13 3
v 14 4
v 15 4
v 16 4
v 17 4
v 18 4
v 19 4
v 20 4
v 21 4
v 22 4
v 23 4
e 0 4 1
e 0 10 1
e 1 5 1
e 1 11 1
e 2 10 2
e 3 11 2
e 4 6 2
e 4 7 1
e 5 6 1
e 5 8 2
e 6 14 1
e 7 9 2
e 7 15 1
e 8 9 1
e 8 16 1
e 9 17 1
e 10 12 1
e 11 13 1
e 12 18 1
e 12 19 1
e 12 20 1
e 13 21 1
e 13 22 1
e 13 23 1
t # 68679
v 0 1
v 1 1
v 2 1
v 3 3
v 4 3
v 5 3
v 6 3
v 7 3
v 8 4
v 9 4
v 10 4
v 11 4
v 12 4
v 13 4
e 0 6 1
e 0 7 1
e 1 6 2
e 2 7 2
e 3 4 1
e 3 5 1
e 3 8 1
e 3 9 1
e 4 6 1
e 4 10 1
e 4 11 1
e 5 7 1
e 5 12 1
e 5 13 1
t # 68680
v 0 2
v 1 3
v 2 3
v 3 3
v 4 3
v 5 3
v 6 3
v 7 3
v 8 4
v 9 4
v 10 4
v 11 4
v 12 4
v 13 4
v 14 4
v 15 4
v 16 4
e 0 1 2
e 0 2 1
e 1 3 1
e 1 6 1
e 2 4 2
e 2 7 1
e 3 5 2
e 3 8 1
e 4 5 1
e 4 9 1
e 5 10 1
e 6 11 1
e 6 12 1
e 6 13 1
e 7 14 1
e 7 15 1
e 7 16 1
t # 68681
v 0 2
v 1 2
v 2 3
v 3 3
v 4 3
v 5 3
v 6 3
v 7 3
v 8 4
v 9 4
v 10 4
v 11 4
v 12 4
v 13 4
v 14 4
v 15 4
e 0 2 1
e 0 12 1
e 0 13 1
e 1 3 1
e 1 14 1
e 1 15 1
e 2 4 2
e 2 5 1
e 3 4 1
e 3 6 2
e 4 8 1
e 5 7 2
e 5 9 1
e 6 7 1
e 6 10 1
e 7 11 1
t # 68682
v 0 2
v 1 3
v 2 3
v 3 3
v 4 3
v 5 3
v 6 3
v 7 3
v 8 4
v 9 4
v 10 4
v 11 4
v 12 4
v 13 4
v 14 4
v 15 4
v 16 4
e 0 3 1
e 0 15 1
e 0 16 1
e 1 2 2
e 1 4 1
e 1 7 1
e 2 3 1
e 2 8 1
e 3 5 2
e 4 6 2
e 4 9 1
e 5 6 1
e 5 10 1
e 6 11 1
e 7 12 1
e 7 13 1
e 7 14 1
t # 68683
v 0 12
v 1 1
v 2 3
v 3 3
v 4 3
v 5 3
v 6 3
v 7 3
v 8 4
v 9 4
v 10 4
v 11 4
v 12 4
e 0 5 1
e 1 2 1
e 1 12 1
e 2 3 2
e 2 4 1
e 3 5 1
e 3 8 1
e 4 6 2
e 4 9 1
e 5 7 2
e 6 7 1
e 6 10 1
e 7 11 1
t # 68684
v 0 12
v 1 2
v 2 3
v 3 3
v 4 3
v 5 3
v 6 3
v 7 3
v 8 4
v 9 4
v 10 4
v 11 4
v 12 4
v 13 4
e 0 5 1
e 1 2 1
e 1 12 1
e 1 13 1
e 2 3 2
e 2 4 1
e 3 5 1
e 3 8 1
e 4 6 2
e 4 9 1
e 5 7 2
e 6 7 1
e 6 10 1
e 7 11 1
t # 68685
v 0 1
v 1 1
v 2 1
v 3 3
v 4 3
v 5 3
v 6 3
v 7 4
v 8 4
v 9 4
v 10 4
v 11 4
v 12 4
e 0 3 1
e 0 6 1
e 1 4 1
e 1 6 1
e 2 6 2
e 3 4 1
e 3 5 1
e 3 7 1
e 4 8 1
e 4 9 1
e 5 10 1
e 5 11 1
e 5 12 1
t # 68686
v 0 1
v 1 1
v 2 1
v 3 3
v 4 3
v 5 3
v 6 3
v 7 4
v 8 4
v 9 4
v 10 4
e 0 5 1
e 0 6 1
e 1 5 2
e 2 6 2
e 3 4 1
e 3 5 1
e 3 7 1
e 3 8 1
e 4 6 1
e 4 9 1
e 4 10 1
t # 68687
v 0 1
v 1 2
v 2 2
v 3 3
v 4 3
v 5 3
v 6 3
v 7 4
v 8 4
v 9 4
v 10 4
v 11 4
v 12 4
e 0 5 2
e 1 2 1
e 1 5 1
e 1 12 1
e 2 4 2
e 3 4 1
e 3 5 1
e 3 7 1
e 3 8 1
e 4 6 1
e 6 9 1
e 6 10 1
e 6 11 1
t # 68688
v 0 11
v 1 11
v 2 1
v 3 3
v 4 3
v 5 3
v 6 3
v 7 4
v 8 4
v 9 4
v 10 4
v 11 4
v 12 4
v 13 4
v 14 4
e 0 6 1
e 2 3 1
e 2 6 1
e 3 4 1
e 3 5 1
e 3 7 1
e 4 8 1
e 4 9 1
e 4 10 1
e 5 11 1
e 5 12 1
e 5 13 1
t # 68689
v 0 1
v 1 1
v 2 2
v 3 2
v 4 2
v 5 3
v 6 3
v 7 4
v 8 4
v 9 4
v 10 4
v 11 4
e 0 5 2
e 1 6 2
e 2 5 1
e 2 6 1
e 2 7 1
e 3 5 1
e 3 8 1
e 3 9 1
e 4 6 1
e 4 10 1
e 4 11 1
t # 68690
v 0 2
v 1 3
v 2 3
v 3 3
v 4 3
v 5 3
v 6 3
v 7 4
v 8 4
v 9 4
v 10 4
v 11 4
v 12 4
v 13 4
v 14 4
v 15 4
v 16 4
v 17 4
v 18 4
v 19 4
v 20 4
v 21 4
e 0 1 1
e 0 2 1
e 0 9 1
e 1 3 1
e 1 4 1
e 1 7 1
e 2 5 1
e 2 6 1
e 2 8 1
e 3 10 1
e 3 11 1
e 3 12 1
e 4 13 1
e 4 14 1
e 4 15 1
e 5 16 1
e 5 17 1
e 5 18 1
e 6 19 1
e 6 20 1
e 6 21 1
t # 68691
v 0 1
v 1 1
v 2 2
v 3 2
v 4 3
v 5 3
v 6 3
v 7 4
v 8 4
v 9 4
v 10 4
v 11 4
v 12 4
e 0 5 2
e 1 6 2
e 2 5 1
e 2 9 1
e 2 10 1
e 3 6 1
e 3 11 1
e 3 12 1
e 4 5 1
e 4 6 1
e 4 7 1
e 4 8 1
t # 68692
v 0 3
v 1 3
v 2 3
v 3 3
v 4 3
v 5 3
v 6 3
v 7 4
v 8 4
v 9 4
v 10 4
v 11 4
v 12 4
v 13 4
v 14 4
v 15 4
v 16 4
v 17 4
v 18 4
v 19 4
v 20 4
v 21 4
v 22 4
e 0 1 1
e 0 2 1
e 0 7 1
e 0 8 1
e 1 3 1
e 1 4 1
e 1 9 1
e 2 5 1
e 2 6 1
e 2 10 1
e 3 11 1
e 3 12 1
e 3 13 1
e 4 14 1
e 4 15 1
e 4 16 1
e 5 17 1
e 5 18 1
e 5 19 1
e 6 20 1
e 6 21 1
e 6 22 1
t # 68693
v 0 12
v 1 2
v 2 3
v 3 3
v 4 3
v 5 3
v 6 4
v 7 4
v 8 4
v 9 4
v 10 4
v 11 4
v 12 4
v 13 4
v 14 4
v 15 4
e 0 3 1
e 1 2 1
e 1 4 1
e 1 5 1
e 2 3 1
e 2 6 1
e 2 7 1
e 3 8 1
e 3 9 1
e 4 10 1
e 4 11 1
e 4 12 1
e 5 13 1
e 5 14 1
e 5 15 1
t # 68694
v 0 12
v 1 1
v 2 1
v 3 3
v 4 3
v 5 3
v 6 4
v 7 4
v 8 4
v 9 4
v 10 4
e 0 4 1
e 1 5 1
e 1 10 1
e 2 5 2
e 3 4 1
e 3 5 1
e 3 6 1
e 3 7 1
e 4 8 1
e 4 9 1
t # 68695
v 0 1
v 1 2
v 2 2
v 3 3
v 4 3
v 5 3
v 6 4
v 7 4
v 8 4
v 9 4
e 0 4 2
e 1 4 1
e 1 8 1
e 1 9 1
e 3 4 1
e 3 5 1
e 3 6 1
e 3 7 1
t # 68696
v 0 1
v 1 1
v 2 3
v 3 3
v 4 3
v 5 3
v 6 4
v 7 4
v 8 4
v 9 4
v 10 4
v 11 4
v 12 4
v 13 4
v 14 4
v 15 4
e 0 2 1
e 0 14 1
e 1 4 1
e 1 15 1
e 2 3 1
e 2 5 1
e 2 6 1
e 3 4 1
e 3 7 1
e 3 8 1
e 4 9 1
e 4 10 1
e 5 11 1
e 5 12 1
e 5 13 1
t # 68697
v 0 2
v 1 3
v 2 3
v 3 3
v 4 3
v 5 3
v 6 4
v 7 4
v 8 4
v 9 4
v 10 4
v 11 4
v 12 4
v 13 4
v 14 4
v 15 4
v 16 4
v 17 4
v 18 4
e 0 3 1
e 0 17 1
e 0 18 1
e 1 2 1
e 1 4 1
e 1 5 1
e 1 6 1
e 2 3 1
e 2 7 1
e 2 8 1
e 3 9 1
e 3 10 1
e 4 11 1
e 4 12 1
e 4 13 1
e 5 14 1
e 5 15 1
e 5 16 1
t # 68698
v 0 1
v 1 1
v 2 3
v 3 3
v 4 3
v 5 3
v 6 3
v 7 3
v 8 3
v 9 3
v 10 3
v 11 3
v 12 4
v 13 4
v 14 4
v 15 4
v 16 4
v 17 4
v 18 4
v 19 4
v 20 4
v 21 4
v 22 4
v 23 4
v 24 4
v 25 4
v 26 4
v 27 4
v 28 4
v 29 4
v 30 4
v 31 4
e 0 6 1
e 0 30 1
e 1 11 2
e 2 3 1
e 2 4 1
e 2 12 1
e 2 13 1
e 3 5 1
e 3 14 1
e 3 15 1
e 4 6 1
e 4 16 1
e 4 17 1
e 5 7 1
e 5 8 1
e 5 18 1
e 6 9 1
e 6 10 1
e 7 11 1
e 7 19 1
e 7 20 1
e 8 21 1
e 8 22 1
e 8 23 1
e 9 24 1
e 9 25 1
e 9 26 1
e 10 27 1
e 10 28 1
e 10 29 1
e 11 31 1
t # 68699
v 0 11
v 1 1
v 2 1
v 3 1
v 4 2
v 5 3
v 6 3
v 7 3
v 8 4
v 9 4
v 10 4
v 11 4
v 12 4
v 13 4
v 14 4
v 15 4
v 16 4
e 0 2 2
e 0 3 2
e 0 5 1
e 1 16 1
e 4 6 1
e 4 7 1
e 4 12 1
e 5 6 1
e 5 8 1
e 5 9 1
e 6 10 1
e 6 11 1
e 7 13 1
e 7 14 1
e 7 15 1
