t # 65300
v 0 12
v 1 2
v 2 2
v 3 2
v 4 3
v 5 3
v 6 3
v 7 3
v 8 3
v 9 3
v 10 4
v 11 4
v 12 4
v 13 4
e 0 8 1
e 1 3 1
e 1 4 2
e 2 3 1
e 2 5 2
e 3 13 1
e 4 5 1
e 4 6 1
e 5 7 1
e 6 8 2
e 6 10 1
e 7 9 2
e 7 11 1
e 8 9 1
e 9 12 1
t # 65301
v 0 1
v 1 1
v 2 2
v 3 3
v 4 3
v 5 3
v 6 3
v 7 3
v 8 3
v 9 3
v 10 3
v 11 3
v 12 3
v 13 4
v 14 4
v 15 4
v 16 4
v 17 4
v 18 4
v 19 4
v 20 4
v 21 4
v 22 4
v 23 4
v 24 4
v 25 4
v 26 4
v 27 4
e 0 3 1
e 0 9 1
e 1 5 1
e 1 10 1
e 2 4 1
e 2 23 1
e 2 24 1
e 3 4 2
e 3 7 1
e 4 6 1
e 5 6 2
e 5 8 1
e 6 13 1
e 7 8 2
e 7 14 1
e 8 15 1
e 9 11 1
e 9 16 1
e 9 17 1
e 10 12 1
e 10 18 1
e 10 19 1
e 11 20 1
e 11 21 1
e 11 22 1
e 12 25 1
e 12 26 1
e 12 27 1
t # 65302
v 0 11
v 1 1
v 2 1
v 3 1
v 4 2
v 5 3
v 6 3
v 7 3
v 8 3
v 9 3
v 10 3
v 11 3
v 12 3
v 13 4
v 14 4
v 15 4
v 16 4
v 17 4
v 18 4
v 19 4
v 20 4
v 21 4
v 22 4
v 23 4
e 0 2 2
e 0 3 2
e 0 6 1
e 1 23 1
e 4 5 1
e 4 6 1
e 4 15 1
e 5 7 1
e 5 8 2
e 6 13 1
e 6 14 1
e 7 9 2
e 7 10 1
e 8 11 1
e 8 16 1
e 9 12 1
e 9 17 1
e 10 18 1
e 10 19 1
e 10 20 1
e 11 12 2
e 11 21 1
e 12 22 1
t # 65303
v 0 1
v 1 2
v 2 3
v 3 3
v 4 3
v 5 3
v 6 3
v 7 3
v 8 3
v 9 3
v 10 3
v 11 3
v 12 3
v 13 3
v 14 3
v 15 4
v 16 4
v 17 4
v 18 4
v 19 4
v 20 4
v 21 4
v 22 4
v 23 4
v 24 4
v 25 4
v 26 4
v 27 4
v 28 4
v 29 4
v 30 4
v 31 4
v 32 4
v 33 4
e 0 6 2
e 1 2 1
e 1 4 1
e 1 5 1
e 2 3 1
e 2 15 1
e 2 16 1
e 3 6 1
e 3 17 1
e 3 18 1
e 4 7 1
e 4 19 1
e 4 20 1
e 5 8 1
e 5 21 1
e 5 22 1
e 6 9 1
e 7 23 1
e 7 24 1
e 7 25 1
e 8 26 1
e 8 27 1
e 8 28 1
e 9 10 2
e 9 11 1
e 10 12 1
e 10 29 1
e 11 13 2
e 11 30 1
e 12 14 2
e 12 31 1
e 13 14 1
e 13 32 1
e 14 33 1
t # 65304
v 0 1
v 1 1
v 2 1
v 3 1
v 4 3
v 5 3
v 6 3
v 7 3
v 8 3
v 9 3
v 10 3
v 11 3
v 12 3
v 13 3
v 14 3
v 15 3
v 16 3
v 17 3
v 18 3
v 19 3
v 20 3
v 21 3
v 22 3
v 23 3
v 24 4
v 25 4
v 26 4
v 27 4
v 28 4
v 29 4
v 30 4
v 31 4
v 32 4
v 33 4
v 34 4
v 35 4
v 36 4
v 37 4
e 0 4 1
e 0 12 1
e 1 5 1
e 1 13 1
e 2 12 2
e 3 13 2
e 4 6 2
e 4 9 1
e 5 6 1
e 5 10 2
e 6 24 1
e 7 12 1
e 7 14 2
e 7 15 1
e 8 13 1
e 8 16 2
e 8 17 1
e 9 11 2
e 9 25 1
e 10 11 1
e 10 26 1
e 11 27 1
e 14 18 1
e 14 28 1
e 15 19 2
e 15 29 1
e 16 20 1
e 16 30 1
e 17 21 2
e 17 31 1
e 18 22 2
e 18 32 1
e 19 22 1
e 19 33 1
e 20 23 2
e 20 34 1
e 21 23 1
e 21 35 1
e 22 36 1
e 23 37 1
t # 65305
v 0 1
v 1 2
v 2 3
v 3 3
v 4 3
v 5 3
v 6 3
v 7 3
v 8 3
v 9 3
v 10 4
v 11 4
v 12 4
v 13 4
v 14 4
v 15 4
v 16 4
v 17 4
v 18 4
e 0 9 2
e 1 2 1
e 1 5 1
e 1 9 1
e 2 3 2
e 2 4 1
e 3 6 1
e 3 10 1
e 4 7 2
e 4 11 1
e 5 12 1
e 5 13 1
e 5 14 1
e 6 8 2
e 6 15 1
e 7 8 1
e 7 16 1
e 8 17 1
e 9 18 1
t # 65306
v 0 1
v 1 1
v 2 3
v 3 3
v 4 3
v 5 3
v 6 3
v 7 3
v 8 3
v 9 3
v 10 3
v 11 3
v 12 3
v 13 3
v 14 3
v 15 3
v 16 3
v 17 3
v 18 3
v 19 4
v 20 4
v 21 4
v 22 4
v 23 4
v 24 4
v 25 4
v 26 4
v 27 4
v 28 4
v 29 4
v 30 4
e 0 5 1
e 0 13 1
e 1 13 2
e 2 3 1
e 2 4 1
e 2 7 2
e 3 6 1
e 3 8 2
e 4 5 2
e 4 19 1
e 5 9 1
e 6 9 2
e 6 20 1
e 7 10 1
e 7 21 1
e 8 11 1
e 8 23 1
e 9 22 1
e 10 11 2
e 10 24 1
e 11 25 1
e 12 13 1
e 12 14 2
e 12 15 1
e 14 16 1
e 14 26 1
e 15 17 2
e 15 27 1
e 16 18 2
e 16 28 1
e 17 18 1
e 17 29 1
e 18 30 1
t # 65307
v 0 11
v 1 1
v 2 2
v 3 3
v 4 3
v 5 3
v 6 3
v 7 3
v 8 3
v 9 3
v 10 3
v 11 3
v 12 3
v 13 3
v 14 3
v 15 4
v 16 4
v 17 4
v 18 4
v 19 4
v 20 4
v 21 4
v 22 4
v 23 4
v 24 4
v 25 4
e 0 14 1
e 1 13 2
e 2 5 1
e 2 13 1
e 2 20 1
e 3 4 1
e 3 6 1
e 3 9 2
e 4 7 1
e 4 10 2
e 5 6 2
e 5 8 1
e 6 15 1
e 7 8 2
e 7 16 1
e 8 17 1
e 9 11 1
e 9 18 1
e 10 12 1
e 10 19 1
e 11 12 2
e 11 21 1
e 12 22 1
e 13 14 1
e 14 23 1
e 14 24 1
t # 65308
v 0 1
v 1 2
v 2 3
v 3 3
v 4 3
v 5 3
v 6 3
v 7 3
v 8 3
v 9 3
v 10 3
v 11 3
v 12 4
v 13 4
v 14 4
v 15 4
v 16 4
v 17 4
v 18 4
v 19 4
v 20 4
e 0 10 1
e 0 20 1
e 1 8 1
e 1 18 1
e 1 19 1
e 2 3 2
e 2 4 1
e 2 6 1
e 3 5 1
e 3 7 1
e 4 8 2
e 4 12 1
e 5 9 2
e 5 13 1
e 6 10 2
e 6 14 1
e 7 11 2
e 7 15 1
e 8 9 1
e 9 16 1
e 10 11 1
e 11 17 1
t # 65309
v 0 11
v 1 1
v 2 1
v 3 3
v 4 3
v 5 3
v 6 3
v 7 3
v 8 3
v 9 3
v 10 3
v 11 3
v 12 3
v 13 3
v 14 3
v 15 4
v 16 4
v 17 4
v 18 4
v 19 4
v 20 4
v 21 4
v 22 4
v 23 4
v 24 4
e 0 6 1
e 0 13 1
e 1 14 1
e 1 24 1
e 2 14 2
e 3 4 1
e 3 5 1
e 3 8 2
e 4 7 1
e 4 10 2
e 5 6 2
e 5 15 1
e 6 9 1
e 7 9 2
e 7 16 1
e 8 11 1
e 8 18 1
e 9 17 1
e 10 12 1
e 10 19 1
e 11 12 2
e 11 20 1
e 12 21 1
e 13 14 1
e 13 22 1
e 13 23 1
t # 65310
v 0 1
v 1 1
v 2 2
v 3 3
v 4 3
v 5 3
v 6 3
v 7 3
v 8 3
v 9 3
v 10 3
v 11 3
v 12 3
v 13 4
v 14 4
v 15 4
v 16 4
v 17 4
v 18 4
v 19 4
v 20 4
v 21 4
v 22 4
v 23 4
e 0 4 1
e 0 10 1
e 1 6 1
e 1 11 1
e 3 5 2
e 3 7 1
e 3 9 1
e 4 5 1
e 4 6 2
e 5 13 1
e 6 8 1
e 7 8 2
e 7 14 1
e 8 15 1
e 9 12 1
e 9 16 1
e 9 17 1
e 10 18 1
e 10 19 1
e 10 20 1
e 11 21 1
e 11 22 1
e 11 23 1
t # 65311
v 0 1
v 1 1
v 2 1
v 3 3
v 4 3
v 5 3
v 6 3
v 7 3
v 8 3
v 9 3
v 10 3
v 11 3
v 12 4
v 13 4
v 14 4
v 15 4
v 16 4
v 17 4
v 18 4
v 19 4
v 20 4
v 21 4
e 0 4 1
e 0 10 1
e 1 5 1
e 1 11 1
e 2 9 2
e 3 4 2
e 3 6 1
e 3 9 1
e 4 7 1
e 5 6 2
e 5 8 1
e 6 12 1
e 7 8 2
e 7 13 1
e 8 14 1
e 9 15 1
e 10 16 1
e 10 17 1
e 10 18 1
e 11 19 1
e 11 20 1
e 11 21 1
t # 65312
v 0 1
v 1 1
v 2 3
v 3 3
v 4 3
v 5 3
v 6 3
v 7 3
v 8 3
v 9 3
v 10 3
v 11 3
v 12 3
v 13 3
v 14 3
v 15 4
v 16 4
v 17 4
v 18 4
v 19 4
v 20 4
v 21 4
v 22 4
v 23 4
v 24 4
e 0 14 1
e 0 24 1
e 1 14 2
e 2 3 1
e 2 4 2
e 2 5 1
e 3 9 2
e 3 10 1
e 4 7 1
e 4 15 1
e 5 8 2
e 5 16 1
e 6 7 2
e 6 8 1
e 6 14 1
e 7 17 1
e 8 18 1
e 9 11 1
e 9 19 1
e 10 12 2
e 10 20 1
e 11 13 2
e 11 21 1
e 12 13 1
e 12 22 1
e 13 23 1
t # 65313
v 0 1
v 1 1
v 2 1
v 3 2
v 4 3
v 5 3
v 6 3
v 7 3
v 8 3
v 9 3
v 10 3
v 11 3
v 12 3
v 13 3
v 14 3
v 15 3
v 16 3
v 17 4
v 18 4
v 19 4
v 20 4
v 21 4
v 22 4
v 23 4
v 24 4
v 25 4
v 26 4
v 27 4
v 28 4
v 29 4
e 0 8 1
e 0 28 1
e 1 10 2
e 2 16 1
e 2 29 1
e 3 10 1
e 3 13 1
e 3 23 1
e 4 5 1
e 4 7 1
e 4 11 2
e 5 9 1
e 5 12 2
e 6 7 2
e 6 8 1
e 6 10 1
e 7 17 1
e 8 9 2
e 9 18 1
e 11 14 1
e 11 19 1
e 12 15 1
e 12 20 1
e 13 16 1
e 13 21 1
e 13 22 1
e 14 15 2
e 14 24 1
e 15 25 1
e 16 26 1
e 16 27 1
t # 65314
v 0 1
v 1 1
v 2 2
v 3 3
v 4 3
v 5 3
v 6 3
v 7 3
v 8 3
v 9 3
v 10 3
v 11 3
v 12 3
v 13 3
v 14 3
v 15 3
v 16 3
v 17 3
v 18 3
v 19 3
v 20 3
v 21 3
v 22 4
v 23 4
v 24 4
v 25 4
v 26 4
v 27 4
v 28 4
v 29 4
v 30 4
v 31 4
v 32 4
v 33 4
v 34 4
v 35 4
v 36 4
v 37 4
v 38 4
e 0 9 1
e 0 38 1
e 1 11 2
e 2 6 1
e 2 11 1
e 2 24 1
e 3 5 1
e 3 8 1
e 3 15 2
e 4 8 2
e 4 9 1
e 4 11 1
e 5 10 1
e 5 17 2
e 6 7 2
e 6 14 1
e 7 13 1
e 7 18 1
e 8 22 1
e 9 10 2
e 10 23 1
e 12 13 2
e 12 16 1
e 12 21 1
e 13 25 1
e 14 16 2
e 14 26 1
e 15 19 1
e 15 27 1
e 16 28 1
e 17 20 1
e 17 29 1
e 18 30 1
e 18 31 1
e 18 32 1
e 19 20 2
e 19 33 1
e 20 34 1
e 21 35 1
e 21 36 1
e 21 37 1
t # 65315
v 0 1
v 1 1
v 2 3
v 3 3
v 4 3
v 5 3
v 6 3
v 7 3
v 8 3
v 9 3
v 10 3
v 11 3
v 12 4
v 13 4
v 14 4
v 15 4
v 16 4
v 17 4
v 18 4
v 19 4
v 20 4
v 21 4
e 0 5 1
e 0 8 1
e 1 8 2
e 2 3 1
e 2 4 1
e 2 12 1
e 2 13 1
e 3 5 2
e 3 6 1
e 4 8 1
e 4 14 1
e 4 15 1
e 5 9 1
e 6 7 2
e 6 16 1
e 7 10 1
e 7 11 1
e 9 10 2
e 9 17 1
e 10 18 1
e 11 19 1
e 11 20 1
e 11 21 1
t # 65316
v 0 2
v 1 2
v 2 3
v 3 3
v 4 3
v 5 3
v 6 3
v 7 3
v 8 3
v 9 3
v 10 3
v 11 3
v 12 3
v 13 3
v 14 3
v 15 3
v 16 3
v 17 3
v 18 3
v 19 3
v 20 3
v 21 3
v 22 3
v 23 4
v 24 4
v 25 4
v 26 4
v 27 4
v 28 4
v 29 4
v 30 4
v 31 4
v 32 4
v 33 4
v 34 4
v 35 4
v 36 4
v 37 4
v 38 4
v 39 4
v 40 4
e 0 2 1
e 0 10 2
e 1 2 1
e 1 11 2
e 2 3 1
e 2 23 1
e 3 4 2
e 3 5 1
e 4 6 1
e 4 24 1
e 5 7 2
e 5 25 1
e 6 12 2
e 6 26 1
e 7 12 1
e 7 27 1
e 8 10 1
e 8 13 2
e 8 15 1
e 9 11 1
e 9 14 2
e 9 16 1
e 10 28 1
e 11 29 1
e 12 30 1
e 13 17 1
e 13 31 1
e 14 18 1
e 14 32 1
e 15 19 2
e 15 33 1
e 16 20 2
e 16 34 1
e 17 21 2
e 17 35 1
e 18 22 2
e 18 36 1
e 19 21 1
e 19 37 1
e 20 22 1
e 20 38 1
e 21 39 1
e 22 40 1
t # 65317
v 0 11
v 1 11
v 2 1
v 3 1
v 4 1
v 5 1
v 6 1
v 7 1
v 8 2
v 9 3
v 10 3
v 11 3
v 12 3
v 13 3
v 14 3
v 15 3
v 16 3
v 17 3
v 18 3
v 19 4
v 20 4
v 21 4
v 22 4
v 23 4
v 24 4
v 25 4
v 26 4
v 27 4
e 0 4 2
e 0 5 2
e 0 11 1
e 1 6 2
e 1 7 2
e 1 16 1
e 2 26 1
e 3 27 1
e 8 13 1
e 8 24 1
e 8 25 1
e 9 10 1
e 9 12 2
e 9 14 1
e 10 15 2
e 10 17 1
e 11 12 1
e 11 13 2
e 12 19 1
e 13 15 1
e 14 16 2
e 14 20 1
e 15 21 1
e 16 18 1
e 17 18 2
e 17 22 1
e 18 23 1
t # 65318
v 0 1
v 1 2
v 2 2
v 3 2
v 4 3
v 5 3
v 6 3
v 7 3
v 8 3
v 9 3
v 10 3
v 11 3
v 12 3
v 13 3
v 14 3
v 15 3
v 16 3
v 17 4
v 18 4
v 19 4
v 20 4
v 21 4
v 22 4
v 23 4
v 24 4
v 25 4
v 26 4
v 27 4
e 0 15 2
e 1 4 1
e 1 6 1
e 1 17 1
e 2 5 1
e 2 7 2
e 3 11 1
e 3 26 1
e 3 27 1
e 4 5 2
e 4 9 1
e 5 10 1
e 6 7 1
e 6 12 2
e 7 13 1
e 8 10 2
e 8 11 1
e 8 14 1
e 9 11 2
e 9 18 1
e 10 19 1
e 12 15 1
e 12 20 1
e 13 16 2
e 13 21 1
e 14 22 1
e 14 23 1
e 14 24 1
e 15 16 1
e 16 25 1
t # 65319
v 0 11
v 1 1
v 2 1
v 3 2
v 4 2
v 5 2
v 6 3
v 7 3
v 8 3
v 9 3
v 10 3
v 11 3
v 12 3
v 13 3
v 14 3
v 15 3
v 16 3
v 17 3
v 18 4
v 19 4
v 20 4
v 21 4
v 22 4
v 23 4
v 24 4
v 25 4
v 26 4
v 27 4
v 28 4
v 29 4
v 30 4
v 31 4
v 32 4
v 33 4
v 34 4
v 35 4
v 36 4
v 37 4
v 38 4
e 0 1 2
e 0 2 2
e 0 17 1
e 3 6 1
e 3 8 1
e 3 9 1
e 4 7 1
e 4 25 1
e 5 14 1
e 5 37 1
e 5 38 1
e 6 7 1
e 6 18 1
e 6 19 1
e 7 20 1
e 7 21 1
e 8 10 2
e 8 11 1
e 9 13 1
e 9 22 1
e 9 23 1
e 10 12 1
e 10 24 1
e 11 15 2
e 11 26 1
e 12 14 2
e 12 16 1
e 13 27 1
e 13 28 1
e 13 29 1
e 14 15 1
e 15 30 1
e 16 31 1
e 16 32 1
e 16 33 1
e 17 34 1
e 17 35 1
e 17 36 1
t # 65320
v 0 2
v 1 2
v 2 2
v 3 2
v 4 2
v 5 2
v 6 3
v 7 3
v 8 3
v 9 3
v 10 3
v 11 3
v 12 3
v 13 3
v 14 3
v 15 4
v 16 4
v 17 4
v 18 4
v 19 4
v 20 4
v 21 4
v 22 4
v 23 4
v 24 4
v 25 4
v 26 4
v 27 4
v 28 4
e 0 6 1
e 0 7 1
e 0 8 1
e 1 8 2
e 1 11 1
e 2 8 1
e 2 12 2
e 3 11 2
e 3 12 1
e 4 11 1
e 4 25 1
e 4 26 1
e 5 12 1
e 5 27 1
e 5 28 1
e 6 9 1
e 6 15 1
e 6 16 1
e 7 10 1
e 7 17 1
e 7 18 1
e 9 13 2
e 9 19 1
e 10 14 2
e 10 20 1
e 13 21 1
e 13 22 1
e 14 23 1
e 14 24 1
t # 65321
v 0 2
v 1 3
v 2 3
v 3 3
v 4 3
v 5 3
v 6 3
v 7 3
v 8 3
v 9 3
v 10 3
v 11 3
v 12 4
v 13 4
v 14 4
v 15 4
v 16 4
v 17 4
v 18 4
v 19 4
v 20 4
v 21 4
v 22 4
v 23 4
v 24 4
v 25 4
v 26 4
v 27 4
v 28 4
e 0 1 1
e 0 2 1
e 0 3 1
e 1 4 1
e 1 5 2
e 2 7 1
e 2 12 1
e 2 13 1
e 3 8 1
e 3 14 1
e 3 15 1
e 4 6 2
e 4 16 1
e 5 9 1
e 5 17 1
e 6 10 1
e 6 11 1
e 7 18 1
e 7 19 1
e 7 20 1
e 8 21 1
e 8 22 1
e 8 23 1
e 9 10 2
e 9 24 1
e 10 25 1
e 11 26 1
e 11 27 1
e 11 28 1
t # 65322
v 0 2
v 1 3
v 2 3
v 3 3
v 4 3
v 5 3
v 6 3
v 7 3
v 8 3
v 9 3
v 10 3
v 11 4
v 12 4
v 13 4
v 14 4
v 15 4
v 16 4
v 17 4
v 18 4
v 19 4
v 20 4
v 21 4
v 22 4
v 23 4
e 0 4 1
e 0 5 1
e 0 17 1
e 1 2 1
e 1 3 1
e 1 11 1
e 1 12 1
e 2 4 1
e 2 13 1
e 2 14 1
e 3 5 2
e 3 6 1
e 4 15 1
e 4 16 1
e 5 7 1
e 6 8 2
e 6 18 1
e 7 9 2
e 7 19 1
e 8 9 1
e 8 10 1
e 9 20 1
e 10 21 1
e 10 22 1
e 10 23 1
t # 65323
v 0 1
v 1 1
v 2 3
v 3 3
v 4 3
v 5 3
v 6 3
v 7 3
v 8 3
v 9 3
v 10 3
v 11 3
v 12 3
v 13 3
v 14 3
v 15 3
v 16 3
v 17 4
v 18 4
v 19 4
v 20 4
v 21 4
v 22 4
v 23 4
v 24 4
v 25 4
v 26 4
v 27 4
v 28 4
e 0 15 1
e 0 28 1
e 1 15 2
e 2 3 1
e 2 6 2
e 2 7 1
e 3 5 2
e 3 15 1
e 4 5 1
e 4 8 2
e 4 9 1
e 5 17 1
e 6 10 1
e 6 18 1
e 7 11 2
e 7 19 1
e 8 13 1
e 8 20 1
e 9 14 2
e 9 21 1
e 10 12 2
e 10 22 1
e 11 12 1
e 11 23 1
e 12 24 1
e 13 16 2
e 13 25 1
e 14 16 1
e 14 26 1
e 16 27 1
t # 65324
v 0 12
v 1 1
v 2 1
v 3 1
v 4 1
v 5 2
v 6 3
v 7 3
v 8 3
v 9 3
v 10 3
v 11 3
v 12 3
v 13 3
v 14 3
v 15 3
v 16 4
v 17 4
v 18 4
v 19 4
v 20 4
v 21 4
v 22 4
v 23 4
v 24 4
v 25 4
v 26 4
v 27 4
e 0 11 1
e 1 6 1
e 1 12 1
e 2 8 1
e 2 13 1
e 5 7 1
e 6 7 1
e 6 10 2
e 7 9 2
e 8 9 1
e 8 11 2
e 9 16 1
e 10 11 1
e 10 17 1
e 12 14 1
e 12 18 1
e 12 19 1
e 13 15 1
e 13 20 1
e 13 21 1
e 14 22 1
e 14 23 1
e 14 24 1
e 15 25 1
e 15 26 1
e 15 27 1
t # 65325
v 0 18
v 1 18
v 2 3
v 3 3
v 4 3
v 5 3
v 6 3
v 7 3
v 8 3
v 9 3
v 10 4
v 11 4
v 12 4
v 13 4
v 14 4
v 15 4
v 16 4
v 17 4
e 2 3 1
e 2 4 2
e 2 6 1
e 3 5 2
e 3 7 1
e 4 8 1
e 4 10 1
e 5 9 1
e 5 11 1
e 6 12 1
e 6 13 1
e 7 14 1
e 7 15 1
e 8 9 2
e 8 16 1
e 9 17 1
t # 65326
v 0 1
v 1 1
v 2 1
v 3 3
v 4 3
v 5 3
v 6 3
v 7 3
v 8 3
v 9 3
v 10 3
v 11 3
v 12 3
v 13 3
v 14 3
v 15 3
v 16 3
v 17 3
v 18 3
v 19 3
v 20 3
v 21 3
v 22 3
v 23 3
v 24 3
v 25 3
v 26 3
v 27 3
v 28 3
v 29 3
v 30 3
v 31 3
v 32 3
v 33 3
v 34 4
v 35 4
v 36 4
v 37 4
v 38 4
v 39 4
v 40 4
v 41 4
v 42 4
v 43 4
v 44 4
v 45 4
v 46 4
v 47 4
v 48 4
v 49 4
v 50 4
v 51 4
v 52 4
v 53 4
v 54 4
v 55 4
v 56 4
v 57 4
v 58 4
v 59 4
v 60 4
v 61 4
v 62 4
v 63 4
v 64 4
v 65 4
v 66 4
v 67 4
v 68 4
v 69 4
v 70 4
v 71 4
v 72 4
v 73 4
e 0 9 1
e 0 68 1
e 1 10 1
e 1 69 1
e 2 25 1
e 2 73 1
e 3 5 1
e 3 13 1
e 3 14 1
e 3 15 1
e 4 6 1
e 4 16 1
e 4 17 1
e 4 18 1
e 5 9 1
e 5 21 2
e 6 10 1
e 6 22 2
e 7 9 2
e 7 11 1
e 7 26 1
e 8 10 2
e 8 12 1
e 8 27 1
e 11 19 1
e 11 34 1
e 11 35 1
e 12 20 1
e 12 36 1
e 12 37 1
e 13 38 1
e 13 39 1
e 13 40 1
e 14 41 1
e 14 42 1
e 14 43 1
e 15 44 1
e 15 45 1
e 15 46 1
e 16 47 1
e 16 48 1
e 16 49 1
e 17 50 1
e 17 51 1
e 17 52 1
e 18 53 1
e 18 54 1
e 18 55 1
e 19 25 2
e 19 28 1
e 20 25 1
e 20 29 2
e 21 23 1
e 21 56 1
e 22 24 1
e 22 57 1
e 23 26 2
e 23 31 1
e 24 27 2
e 24 32 1
e 26 58 1
e 27 59 1
e 28 30 2
e 28 60 1
e 29 30 1
e 29 61 1
e 30 33 1
e 31 62 1
e 31 63 1
e 31 64 1
e 32 65 1
e 32 66 1
e 32 67 1
e 33 70 1
e 33 71 1
e 33 72 1
t # 65327
v 0 11
v 1 11
v 2 1
v 3 1
v 4 1
v 5 1
v 6 1
v 7 1
v 8 1
v 9 2
v 10 3
v 11 3
v 12 3
v 13 3
v 14 3
v 15 3
v 16 3
v 17 3
v 18 3
v 19 3
v 20 4
v 21 4
v 22 4
v 23 4
v 24 4
v 25 4
v 26 4
v 27 4
v 28 4
e 0 5 2
e 0 6 2
e 0 12 1
e 1 7 2
e 1 8 2
e 1 15 1
e 2 18 1
e 2 26 1
e 3 27 1
e 4 28 1
e 9 16 1
e 9 24 1
e 9 25 1
e 10 11 1
e 10 13 1
e 10 14 2
e 11 17 1
e 11 18 2
e 12 13 2
e 12 16 1
e 13 20 1
e 14 15 1
e 14 21 1
e 15 19 2
e 16 17 2
e 17 22 1
e 18 19 1
e 19 23 1
t # 65328
v 0 12
v 1 1
v 2 2
v 3 2
v 4 3
v 5 3
v 6 3
v 7 3
v 8 3
v 9 3
v 10 3
v 11 3
v 12 3
v 13 3
v 14 4
v 15 4
v 16 4
v 17 4
v 18 4
v 19 4
v 20 4
v 21 4
v 22 4
e 0 11 1
e 1 6 2
e 2 3 1
e 2 6 1
e 2 7 1
e 3 5 2
e 4 5 1
e 4 6 1
e 4 14 1
e 4 15 1
e 5 8 1
e 7 9 2
e 7 10 1
e 8 16 1
e 8 17 1
e 8 18 1
e 9 11 1
e 9 19 1
e 10 12 2
e 10 20 1
e 11 13 2
e 12 13 1
e 12 21 1
e 13 22 1
t # 65329
v 0 1
v 1 1
v 2 1
v 3 1
v 4 3
v 5 3
v 6 3
v 7 3
v 8 3
v 9 3
v 10 3
v 11 3
v 12 3
v 13 3
v 14 4
v 15 4
v 16 4
v 17 4
v 18 4
v 19 4
v 20 4
v 21 4
v 22 4
v 23 4
v 24 4
v 25 4
e 0 5 1
e 0 12 1
e 1 7 1
e 1 13 1
e 2 6 1
e 2 19 1
e 3 10 2
e 4 5 1
e 4 6 2
e 4 10 1
e 5 8 2
e 6 9 1
e 7 8 1
e 7 9 2
e 8 14 1
e 9 15 1
e 10 11 1
e 11 16 1
e 11 17 1
e 11 18 1
e 12 20 1
e 12 21 1
e 12 22 1
e 13 23 1
e 13 24 1
e 13 25 1
t # 65330
v 0 14
v 1 2
v 2 3
v 3 3
v 4 3
v 5 3
v 6 3
v 7 3
v 8 3
v 9 4
v 10 4
v 11 4
v 12 4
v 13 4
v 14 4
v 15 4
v 16 4
e 1 3 1
e 1 15 1
e 1 16 1
e 2 3 1
e 2 4 1
e 2 5 2
e 3 9 1
e 3 10 1
e 4 6 2
e 5 7 1
e 5 11 1
e 6 8 1
e 6 12 1
e 7 8 2
e 7 13 1
e 8 14 1
t # 65331
v 0 1
v 1 1
v 2 1
v 3 2
v 4 3
v 5 3
v 6 3
v 7 3
v 8 3
v 9 3
v 10 3
v 11 4
v 12 4
v 13 4
v 14 4
v 15 4
v 16 4
v 17 4
e 0 5 1
e 0 16 1
e 1 10 2
e 2 17 1
e 3 10 1
e 3 15 1
e 4 5 1
e 4 6 2
e 4 10 1
e 5 7 2
e 6 8 1
e 6 11 1
e 7 9 1
e 7 12 1
e 8 9 2
e 8 13 1
e 9 14 1
t # 65332
v 0 1
v 1 1
v 2 1
v 3 1
v 4 3
v 5 3
v 6 3
v 7 3
v 8 3
v 9 3
v 10 3
v 11 3
v 12 3
v 13 4
v 14 4
v 15 4
v 16 4
v 17 4
v 18 4
v 19 4
v 20 4
e 0 11 1
e 0 19 1
e 1 12 1
e 1 20 1
e 2 11 2
e 3 12 2
e 4 5 1
e 4 6 1
e 4 7 2
e 5 11 1
e 5 13 1
e 5 14 1
e 6 8 2
e 6 12 1
e 7 9 1
e 7 15 1
e 8 10 1
e 8 16 1
e 9 10 2
e 9 17 1
e 10 18 1
t # 65333
v 0 1
v 1 1
v 2 2
v 3 3
v 4 3
v 5 3
v 6 3
v 7 3
v 8 3
v 9 3
v 10 3
v 11 3
v 12 4
v 13 4
v 14 4
v 15 4
v 16 4
v 17 4
v 18 4
v 19 4
v 20 4
v 21 4
v 22 4
e 0 11 1
e 0 22 1
e 1 11 2
e 2 3 1
e 2 4 1
e 2 14 1
e 3 5 1
e 3 6 2
e 4 8 1
e 4 12 1
e 4 13 1
e 5 7 2
e 5 11 1
e 6 9 1
e 6 15 1
e 7 10 1
e 7 16 1
e 8 17 1
e 8 18 1
e 8 19 1
e 9 10 2
e 9 20 1
e 10 21 1
t # 65334
v 0 1
v 1 1
v 2 1
v 3 1
v 4 2
v 5 3
v 6 3
v 7 3
v 8 3
v 9 3
v 10 3
v 11 3
v 12 3
v 13 4
v 14 4
v 15 4
v 16 4
v 17 4
v 18 4
v 19 4
v 20 4
v 21 4
e 0 6 1
e 0 11 1
e 1 7 1
e 1 12 1
e 4 5 1
e 5 6 2
e 5 8 1
e 6 9 1
e 7 8 2
e 7 10 1
e 8 13 1
e 9 10 2
e 9 14 1
e 10 15 1
e 11 16 1
e 11 17 1
e 11 18 1
e 12 19 1
e 12 20 1
e 12 21 1
t # 65335
v 0 11
v 1 1
v 2 1
v 3 1
v 4 1
v 5 2
v 6 2
v 7 3
v 8 3
v 9 3
v 10 3
v 11 3
v 12 3
v 13 3
v 14 3
v 15 3
v 16 3
v 17 4
v 18 4
v 19 4
v 20 4
v 21 4
v 22 4
v 23 4
v 24 4
v 25 4
v 26 4
e 0 3 2
e 0 4 2
e 0 11 1
e 1 10 2
e 2 26 1
e 5 6 1
e 5 8 1
e 5 10 1
e 6 9 2
e 7 9 1
e 7 10 1
e 7 17 1
e 7 18 1
e 8 12 2
e 8 13 1
e 9 16 1
e 11 14 2
e 11 15 1
e 12 14 1
e 12 19 1
e 13 15 2
e 13 20 1
e 14 21 1
e 15 22 1
e 16 23 1
e 16 24 1
e 16 25 1
t # 65336
v 0 1
v 1 1
v 2 1
v 3 1
v 4 1
v 5 2
v 6 2
v 7 2
v 8 3
v 9 3
v 10 3
v 11 3
v 12 3
v 13 3
v 14 3
v 15 3
v 16 3
v 17 3
v 18 4
v 19 4
v 20 4
v 21 4
v 22 4
v 23 4
v 24 4
e 0 10 2
e 1 17 1
e 1 24 1
e 2 17 2
e 5 6 1
e 5 9 1
e 5 10 1
e 6 11 2
e 7 14 1
e 8 10 1
e 8 11 1
e 8 18 1
e 8 19 1
e 9 12 2
e 9 13 1
e 11 17 1
e 12 14 1
e 12 20 1
e 13 15 2
e 13 21 1
e 14 16 2
e 15 16 1
e 15 22 1
e 16 23 1
t # 65337
v 0 1
v 1 1
v 2 1
v 3 2
v 4 2
v 5 2
v 6 3
v 7 3
v 8 3
v 9 3
v 10 3
v 11 3
v 12 3
v 13 3
v 14 3
v 15 3
v 16 4
v 17 4
v 18 4
v 19 4
v 20 4
v 21 4
v 22 4
v 23 4
v 24 4
e 0 8 2
e 1 15 1
e 1 24 1
e 2 15 2
e 3 4 1
e 3 7 1
e 3 8 1
e 4 9 2
e 5 12 1
e 5 22 1
e 5 23 1
e 6 8 1
e 6 9 1
e 6 16 1
e 6 17 1
e 7 10 1
e 7 11 2
e 9 15 1
e 10 12 2
e 10 18 1
e 11 13 1
e 11 19 1
e 12 14 1
e 13 14 2
e 13 20 1
e 14 21 1
t # 65338
v 0 12
v 1 1
v 2 1
v 3 1
v 4 2
v 5 3
v 6 3
v 7 3
v 8 3
v 9 3
v 10 3
v 11 3
v 12 4
v 13 4
v 14 4
v 15 4
v 16 4
v 17 4
e 0 10 1
e 1 5 1
e 1 11 1
e 4 6 1
e 5 6 2
e 5 7 1
e 6 8 1
e 7 9 2
e 7 12 1
e 8 10 2
e 8 13 1
e 9 10 1
e 9 14 1
e 11 15 1
e 11 16 1
e 11 17 1
t # 65339
v 0 1
v 1 1
v 2 1
v 3 1
v 4 2
v 5 2
v 6 3
v 7 3
v 8 3
v 9 3
v 10 3
v 11 3
v 12 4
v 13 4
v 14 4
v 15 4
e 0 10 1
e 0 14 1
e 1 11 1
e 1 15 1
e 2 10 2
e 3 11 2
e 4 6 2
e 4 8 1
e 5 7 2
e 5 9 1
e 6 7 1
e 6 10 1
e 7 11 1
e 8 9 2
e 8 12 1
e 9 13 1
t # 65340
v 0 12
v 1 11
v 2 1
v 3 1
v 4 1
v 5 1
v 6 1
v 7 1
v 8 1
v 9 2
v 10 2
v 11 3
v 12 3
v 13 3
v 14 3
v 15 3
v 16 3
v 17 4
v 18 4
v 19 4
e 0 16 1
e 1 3 2
e 1 4 2
e 1 11 1
e 2 19 1
e 9 14 1
e 10 15 1
e 11 12 2
e 11 13 1
e 12 15 1
e 12 17 1
e 13 14 2
e 13 18 1
e 14 16 1
e 15 16 2
t # 65341
v 0 12
v 1 11
v 2 1
v 3 1
v 4 1
v 5 1
v 6 2
v 7 2
v 8 3
v 9 3
v 10 3
v 11 3
v 12 3
v 13 3
v 14 3
v 15 3
v 16 3
v 17 3
v 18 4
v 19 4
v 20 4
v 21 4
v 22 4
v 23 4
v 24 4
v 25 4
v 26 4
e 0 14 1
e 1 4 2
e 1 5 2
e 1 13 1
e 2 10 2
e 3 26 1
e 6 7 1
e 6 8 1
e 6 10 1
e 7 11 2
e 8 12 1
e 8 14 2
e 9 10 1
e 9 11 1
e 9 18 1
e 9 19 1
e 11 17 1
e 12 13 2
e 12 20 1
e 13 15 1
e 14 16 1
e 15 16 2
e 15 21 1
e 16 22 1
e 17 23 1
e 17 24 1
e 17 25 1
t # 65342
v 0 11
v 1 1
v 2 1
v 3 1
v 4 2
v 5 2
v 6 3
v 7 3
v 8 3
v 9 3
v 10 3
v 11 3
v 12 4
v 13 4
v 14 4
v 15 4
v 16 4
v 17 4
v 18 4
v 19 4
e 0 2 2
e 0 3 2
e 0 6 1
e 1 19 1
e 4 7 1
e 4 15 1
e 4 16 1
e 5 10 1
e 5 17 1
e 5 18 1
e 6 7 2
e 6 8 1
e 7 9 1
e 8 11 2
e 8 12 1
e 9 10 2
e 9 13 1
e 10 11 1
e 11 14 1
t # 65343
v 0 12
v 1 11
v 2 1
v 3 1
v 4 1
v 5 2
v 6 3
v 7 3
v 8 3
v 9 3
v 10 3
v 11 3
v 12 3
v 13 3
v 14 4
v 15 4
v 16 4
v 17 4
v 18 4
v 19 4
v 20 4
v 21 4
v 22 4
v 23 4
e 0 11 1
e 1 3 2
e 1 4 2
e 1 7 1
e 2 23 1
e 5 9 1
e 5 21 1
e 5 22 1
e 6 8 1
e 6 10 2
e 6 11 1
e 7 9 2
e 7 12 1
e 8 13 1
e 8 14 1
e 8 15 1
e 9 10 1
e 10 16 1
e 11 12 2
e 12 17 1
e 13 18 1
e 13 19 1
e 13 20 1
t # 65344
v 0 11
v 1 1
v 2 1
v 3 1
v 4 2
v 5 2
v 6 3
v 7 3
v 8 3
v 9 3
v 10 3
v 11 3
v 12 3
v 13 4
v 14 4
v 15 4
v 16 4
v 17 4
v 18 4
v 19 4
v 20 4
v 21 4
v 22 4
e 0 2 2
e 0 3 2
e 0 6 1
e 1 22 1
e 4 8 1
e 4 18 1
e 4 19 1
e 5 10 1
e 5 20 1
e 5 21 1
e 6 8 2
e 6 9 1
e 7 9 2
e 7 10 1
e 7 12 1
e 8 11 1
e 9 13 1
e 10 11 2
e 11 14 1
e 12 15 1
e 12 16 1
e 12 17 1
t # 65345
v 0 12
v 1 12
v 2 11
v 3 1
v 4 1
v 5 1
v 6 2
v 7 3
v 8 3
v 9 3
v 10 3
v 11 3
v 12 3
v 13 4
v 14 4
v 15 4
v 16 4
v 17 4
e 0 8 1
e 1 11 1
e 2 4 2
e 2 5 2
e 2 7 1
e 3 17 1
e 6 10 1
e 6 15 1
e 6 16 1
e 7 8 2
e 7 9 1
e 8 12 1
e 9 11 2
e 9 13 1
e 10 11 1
e 10 12 2
e 12 14 1
t # 65346
v 0 12
v 1 12
v 2 11
v 3 1
v 4 1
v 5 1
v 6 3
v 7 3
v 8 3
v 9 3
v 10 3
v 11 3
v 12 4
v 13 4
v 14 4
v 15 4
e 0 7 1
e 1 9 1
e 2 4 2
e 2 5 2
e 2 6 1
e 3 15 1
e 6 7 2
e 6 8 1
e 7 10 1
e 8 9 2
e 8 12 1
e 9 11 1
e 10 11 2
e 10 13 1
e 11 14 1
t # 65347
v 0 11
v 1 1
v 2 1
v 3 1
v 4 2
v 5 3
v 6 3
v 7 3
v 8 3
v 9 3
v 10 3
v 11 3
v 12 3
v 13 4
v 14 4
v 15 4
v 16 4
v 17 4
v 18 4
v 19 4
v 20 4
v 21 4
v 22 4
v 23 4
e 0 2 2
e 0 3 2
e 0 5 1
e 1 23 1
e 4 6 1
e 4 21 1
e 4 22 1
e 5 6 1
e 5 9 2
e 6 7 2
e 7 10 1
e 7 11 1
e 8 9 1
e 8 10 2
e 8 12 1
e 9 13 1
e 10 14 1
e 11 15 1
e 11 16 1
e 11 17 1
e 12 18 1
e 12 19 1
e 12 20 1
t # 65348
v 0 12
v 1 11
v 2 2
v 3 3
v 4 3
v 5 3
v 6 3
v 7 3
v 8 4
v 9 4
v 10 4
v 11 4
v 12 4
v 13 4
v 14 4
v 15 4
v 16 4
v 17 4
e 0 7 1
e 2 3 1
e 2 4 1
e 2 7 1
e 3 5 1
e 3 8 1
e 3 9 1
e 4 6 1
e 4 10 1
e 4 11 1
e 5 12 1
e 5 13 1
e 5 14 1
e 6 15 1
e 6 16 1
e 6 17 1
t # 65349
v 0 12
v 1 12
v 2 1
v 3 1
v 4 1
v 5 1
v 6 3
v 7 3
v 8 3
v 9 3
v 10 3
v 11 3
v 12 4
v 13 4
e 0 8 1
e 1 9 1
e 2 6 1
e 2 12 1
e 3 7 1
e 3 13 1
e 4 10 2
e 5 11 2
e 6 8 2
e 6 11 1
e 7 9 2
e 7 10 1
e 8 10 1
e 9 11 1
t # 65350
v 0 1
v 1 1
v 2 1
v 3 3
v 4 3
v 5 3
v 6 3
v 7 3
v 8 3
v 9 3
v 10 3
v 11 3
v 12 3
v 13 3
v 14 3
v 15 4
v 16 4
v 17 4
v 18 4
v 19 4
v 20 4
v 21 4
v 22 4
v 23 4
v 24 4
v 25 4
v 26 4
e 0 4 1
e 0 12 1
e 1 7 1
e 1 13 1
e 2 12 2
e 3 4 2
e 3 5 1
e 3 6 1
e 4 8 1
e 5 10 2
e 5 11 1
e 6 9 2
e 6 15 1
e 7 8 2
e 7 9 1
e 8 16 1
e 9 17 1
e 10 12 1
e 10 18 1
e 11 19 1
e 11 20 1
e 11 21 1
e 13 14 1
e 13 22 1
e 13 23 1
e 14 24 1
e 14 25 1
e 14 26 1
t # 65351
v 0 11
v 1 11
v 2 1
v 3 1
v 4 1
v 5 1
v 6 1
v 7 1
v 8 1
v 9 1
v 10 2
v 11 3
v 12 3
v 13 3
v 14 3
v 15 3
v 16 3
v 17 3
v 18 3
v 19 3
v 20 3
v 21 3
v 22 3
v 23 3
v 24 3
v 25 3
v 26 3
v 27 3
v 28 3
v 29 3
v 30 3
v 31 4
v 32 4
v 33 4
v 34 4
v 35 4
v 36 4
v 37 4
v 38 4
v 39 4
v 40 4
v 41 4
v 42 4
v 43 4
v 44 4
v 45 4
e 0 6 2
e 0 7 2
e 0 21 1
e 1 8 2
e 1 9 2
e 1 22 1
e 2 27 1
e 2 42 1
e 3 28 1
e 3 43 1
e 4 44 1
e 5 45 1
e 10 15 1
e 10 16 1
e 10 33 1
e 11 13 1
e 11 17 1
e 11 19 2
e 12 14 1
e 12 18 1
e 12 20 2
e 13 23 1
e 13 27 2
e 14 24 1
e 14 28 2
e 15 17 2
e 15 25 1
e 16 18 2
e 16 26 1
e 17 31 1
e 18 32 1
e 19 21 1
e 19 34 1
e 20 22 1
e 20 35 1
e 21 29 2
e 22 30 2
e 23 25 2
e 23 36 1
e 24 26 2
e 24 37 1
e 25 38 1
e 26 39 1
e 27 29 1
e 28 30 1
e 29 40 1
e 30 41 1
t # 65352
v 0 1
v 1 1
v 2 2
v 3 3
v 4 3
v 5 3
v 6 3
v 7 3
v 8 3
v 9 3
v 10 3
v 11 3
v 12 3
v 13 4
v 14 4
v 15 4
v 16 4
v 17 4
v 18 4
v 19 4
e 0 12 1
e 0 19 1
e 1 12 2
e 2 4 1
e 2 11 2
e 3 4 2
e 3 6 1
e 3 8 1
e 4 5 1
e 5 7 2
e 5 12 1
e 6 9 2
e 6 13 1
e 7 9 1
e 7 14 1
e 8 10 2
e 8 15 1
e 9 16 1
e 10 11 1
e 10 17 1
e 11 18 1
t # 65353
v 0 1
v 1 1
v 2 1
v 3 3
v 4 3
v 5 3
v 6 3
v 7 3
v 8 3
v 9 3
v 10 3
v 11 3
v 12 4
v 13 4
v 14 4
v 15 4
v 16 4
v 17 4
v 18 4
v 19 4
v 20 4
v 21 4
e 0 3 1
e 0 10 1
e 1 4 1
e 1 11 1
e 2 9 2
e 3 4 1
e 3 5 2
e 4 6 2
e 5 7 1
e 5 9 1
e 6 8 1
e 6 12 1
e 7 8 2
e 7 13 1
e 8 14 1
e 9 15 1
e 10 16 1
e 10 17 1
e 10 18 1
e 11 19 1
e 11 20 1
e 11 21 1
t # 65354
v 0 12
v 1 1
v 2 1
v 3 1
v 4 2
v 5 3
v 6 3
v 7 3
v 8 3
v 9 3
v 10 3
v 11 3
v 12 3
v 13 3
v 14 3
v 15 4
v 16 4
v 17 4
v 18 4
v 19 4
v 20 4
e 0 13 1
e 1 7 2
e 2 14 1
e 2 20 1
e 3 14 2
e 4 6 1
e 4 11 1
e 4 15 1
e 5 6 2
e 5 7 1
e 5 9 1
e 6 10 1
e 7 8 1
e 8 11 2
e 8 14 1
e 9 12 2
e 9 16 1
e 10 13 2
e 10 17 1
e 11 18 1
e 12 13 1
e 12 19 1
t # 65355
v 0 11
v 1 1
v 2 1
v 3 1
v 4 1
v 5 2
v 6 3
v 7 3
v 8 3
v 9 3
v 10 3
v 11 3
v 12 3
v 13 3
v 14 3
v 15 3
v 16 3
v 17 4
v 18 4
v 19 4
v 20 4
v 21 4
v 22 4
v 23 4
v 24 4
v 25 4
v 26 4
v 27 4
e 0 3 2
e 0 4 2
e 0 9 1
e 1 14 1
e 1 16 1
e 2 24 1
e 5 8 1
e 5 22 1
e 5 23 1
e 6 7 2
e 6 8 1
e 6 11 1
e 7 10 1
e 7 12 1
e 8 14 2
e 9 10 2
e 9 13 1
e 10 17 1
e 11 13 2
e 11 18 1
e 12 15 2
e 12 19 1
e 13 20 1
e 14 15 1
e 15 21 1
e 16 25 1
e 16 26 1
e 16 27 1
t # 65356
v 0 12
v 1 12
v 2 1
v 3 2
v 4 3
v 5 3
v 6 3
v 7 3
v 8 3
v 9 3
v 10 3
v 11 3
v 12 3
v 13 3
v 14 3
v 15 3
v 16 3
v 17 3
v 18 4
v 19 4
v 20 4
v 21 4
v 22 4
v 23 4
v 24 4
v 25 4
v 26 4
e 0 8 1
e 1 16 1
e 2 12 1
e 2 17 1
e 3 6 2
e 3 7 1
e 4 6 1
e 4 8 2
e 4 9 1
e 5 7 2
e 5 8 1
e 5 11 1
e 6 10 1
e 7 13 1
e 9 12 2
e 9 18 1
e 10 14 2
e 10 19 1
e 11 15 2
e 11 20 1
e 12 14 1
e 13 16 2
e 13 21 1
e 14 22 1
e 15 16 1
e 15 23 1
e 17 24 1
e 17 25 1
e 17 26 1
t # 65357
v 0 1
v 1 1
v 2 2
v 3 2
v 4 3
v 5 3
v 6 3
v 7 3
v 8 3
v 9 3
v 10 3
v 11 3
v 12 3
v 13 3
v 14 3
v 15 3
v 16 3
v 17 3
v 18 4
v 19 4
v 20 4
v 21 4
v 22 4
v 23 4
v 24 4
v 25 4
v 26 4
v 27 4
v 28 4
v 29 4
e 2 4 1
e 2 5 1
e 2 8 1
e 3 13 1
e 4 6 2
e 4 10 1
e 5 7 1
e 5 11 2
e 6 7 1
e 6 9 1
e 7 12 2
e 8 15 1
e 8 18 1
e 8 19 1
e 9 13 2
e 9 20 1
e 10 14 2
e 10 21 1
e 11 16 1
e 11 22 1
e 12 17 1
e 12 23 1
e 13 14 1
e 14 24 1
e 15 25 1
e 15 26 1
e 15 27 1
e 16 17 2
e 16 28 1
e 17 29 1
t # 65358
v 0 1
v 1 1
v 2 3
v 3 3
v 4 3
v 5 3
v 6 3
v 7 3
v 8 3
v 9 3
v 10 3
v 11 3
v 12 4
v 13 4
v 14 4
v 15 4
v 16 4
v 17 4
v 18 4
v 19 4
e 0 3 1
e 0 8 1
e 1 5 2
e 2 3 1
e 2 5 1
e 2 6 2
e 3 7 2
e 4 5 1
e 4 8 2
e 4 9 1
e 6 10 1
e 6 12 1
e 7 11 1
e 7 13 1
e 8 14 1
e 9 15 1
e 9 16 1
e 9 17 1
e 10 11 2
e 10 18 1
e 11 19 1
t # 65359
v 0 1
v 1 1
v 2 1
v 3 3
v 4 3
v 5 3
v 6 3
v 7 3
v 8 3
v 9 3
v 10 3
v 11 3
v 12 3
v 13 3
v 14 3
v 15 3
v 16 3
v 17 3
v 18 4
v 19 4
v 20 4
v 21 4
v 22 4
v 23 4
v 24 4
v 25 4
v 26 4
v 27 4
v 28 4
v 29 4
e 0 5 2
e 1 17 1
e 1 29 1
e 2 17 2
e 3 5 1
e 3 6 1
e 3 10 2
e 4 5 1
e 4 8 2
e 4 9 1
e 6 13 2
e 6 17 1
e 7 11 2
e 7 12 1
e 7 16 1
e 8 11 1
e 8 18 1
e 9 12 2
e 9 19 1
e 10 14 1
e 10 20 1
e 11 21 1
e 12 22 1
e 13 15 1
e 13 23 1
e 14 15 2
e 14 24 1
e 15 25 1
e 16 26 1
e 16 27 1
e 16 28 1
t # 65360
v 0 11
v 1 1
v 2 1
v 3 1
v 4 2
v 5 3
v 6 3
v 7 3
v 8 3
v 9 3
v 10 3
v 11 3
v 12 3
v 13 3
v 14 4
v 15 4
v 16 4
v 17 4
v 18 4
v 19 4
v 20 4
e 0 2 2
e 0 3 2
e 0 5 1
e 1 20 1
e 4 6 1
e 4 13 2
e 5 6 1
e 5 8 2
e 6 7 2
e 7 9 1
e 7 11 1
e 8 10 1
e 8 14 1
e 9 10 2
e 9 15 1
e 10 16 1
e 11 12 2
e 11 17 1
e 12 13 1
e 12 18 1
e 13 19 1
t # 65361
v 0 12
v 1 12
v 2 1
v 3 3
v 4 3
v 5 3
v 6 3
v 7 3
v 8 3
v 9 3
v 10 3
v 11 3
v 12 3
v 13 3
v 14 3
v 15 3
v 16 4
v 17 4
v 18 4
v 19 4
v 20 4
v 21 4
v 22 4
v 23 4
e 0 8 1
e 1 14 1
e 2 5 2
e 3 5 1
e 3 6 2
e 3 7 1
e 4 5 1
e 4 8 1
e 4 9 2
e 6 10 1
e 6 16 1
e 7 11 2
e 7 17 1
e 8 12 2
e 9 13 1
e 9 18 1
e 10 14 2
e 10 19 1
e 11 14 1
e 11 20 1
e 12 15 1
e 12 21 1
e 13 15 2
e 13 22 1
e 15 23 1
t # 65362
v 0 1
v 1 1
v 2 3
v 3 3
v 4 3
v 5 3
v 6 3
v 7 3
v 8 3
v 9 3
v 10 3
v 11 3
v 12 3
v 13 3
v 14 3
v 15 4
v 16 4
v 17 4
v 18 4
v 19 4
v 20 4
v 21 4
v 22 4
v 23 4
v 24 4
v 25 4
v 26 4
e 0 14 1
e 0 26 1
e 1 14 2
e 2 3 1
e 2 4 2
e 2 6 1
e 3 5 1
e 3 9 2
e 4 7 1
e 4 11 1
e 5 8 1
e 5 10 2
e 6 14 1
e 6 15 1
e 6 16 1
e 7 8 2
e 7 17 1
e 8 18 1
e 9 12 1
e 9 19 1
e 10 13 1
e 10 20 1
e 11 21 1
e 11 22 1
e 11 23 1
e 12 13 2
e 12 24 1
e 13 25 1
t # 65363
v 0 1
v 1 1
v 2 2
v 3 3
v 4 3
v 5 3
v 6 3
v 7 3
v 8 3
v 9 3
v 10 3
v 11 3
v 12 3
v 13 3
v 14 3
v 15 3
v 16 4
v 17 4
v 18 4
v 19 4
v 20 4
v 21 4
v 22 4
v 23 4
v 24 4
v 25 4
v 26 4
v 27 4
v 28 4
e 0 6 1
e 0 15 1
e 1 13 2
e 2 4 1
e 2 13 1
e 2 20 1
e 3 4 1
e 3 5 1
e 3 8 2
e 4 6 2
e 5 7 1
e 5 10 2
e 6 9 1
e 7 9 2
e 7 16 1
e 8 11 1
e 8 17 1
e 9 18 1
e 10 12 1
e 10 19 1
e 11 12 2
e 11 21 1
e 12 22 1
e 13 14 1
e 14 23 1
e 14 24 1
e 14 25 1
e 15 26 1
e 15 27 1
e 15 28 1
t # 65364
v 0 2
v 1 3
v 2 3
v 3 3
v 4 3
v 5 3
v 6 3
v 7 3
v 8 3
v 9 3
v 10 3
v 11 3
v 12 3
v 13 3
v 14 3
v 15 4
v 16 4
v 17 4
v 18 4
v 19 4
v 20 4
v 21 4
v 22 4
v 23 4
v 24 4
v 25 4
v 26 4
v 27 4
v 28 4
v 29 4
v 30 4
v 31 4
e 0 1 1
e 0 3 1
e 0 4 1
e 1 2 1
e 1 6 2
e 2 5 1
e 2 7 2
e 3 9 1
e 3 15 1
e 3 16 1
e 4 10 1
e 4 17 1
e 4 18 1
e 5 8 1
e 5 12 2
e 6 11 1
e 6 19 1
e 7 13 1
e 7 20 1
e 8 11 2
e 8 21 1
e 9 22 1
e 9 23 1
e 9 24 1
e 10 25 1
e 10 26 1
e 10 27 1
e 11 28 1
e 12 14 1
e 12 29 1
e 13 14 2
e 13 30 1
e 14 31 1
t # 65365
v 0 11
v 1 11
v 2 1
v 3 1
v 4 1
v 5 1
v 6 1
v 7 1
v 8 2
v 9 2
v 10 2
v 11 3
v 12 3
v 13 3
v 14 3
v 15 3
v 16 3
v 17 3
v 18 3
v 19 3
v 20 3
v 21 3
v 22 3
v 23 3
v 24 3
v 25 3
v 26 3
v 27 3
v 28 4
v 29 4
v 30 4
v 31 4
v 32 4
v 33 4
v 34 4
v 35 4
v 36 4
v 37 4
v 38 4
v 39 4
v 40 4
v 41 4
v 42 4
e 0 4 2
e 0 5 2
e 0 13 1
e 1 6 2
e 1 7 2
e 1 14 1
e 2 33 1
e 3 35 1
e 8 18 1
e 9 21 1
e 10 25 1
e 10 41 1
e 10 42 1
e 11 12 2
e 11 14 1
e 11 15 1
e 12 13 1
e 12 16 1
e 13 17 2
e 14 19 2
e 15 18 2
e 15 28 1
e 16 20 2
e 16 29 1
e 17 18 1
e 17 30 1
e 19 20 1
e 19 31 1
e 20 32 1
e 21 22 2
e 21 24 1
e 22 23 1
e 22 27 1
e 23 25 2
e 23 34 1
e 24 26 2
e 24 36 1
e 25 26 1
e 26 37 1
e 27 38 1
e 27 39 1
e 27 40 1
t # 65366
v 0 2
v 1 2
v 2 3
v 3 3
v 4 3
v 5 3
v 6 3
v 7 3
v 8 3
v 9 3
v 10 3
v 11 3
v 12 3
v 13 3
v 14 3
v 15 3
v 16 4
v 17 4
v 18 4
v 19 4
v 20 4
v 21 4
v 22 4
v 23 4
v 24 4
v 25 4
v 26 4
v 27 4
v 28 4
v 29 4
v 30 4
v 31 4
e 0 10 1
e 0 28 1
e 0 29 1
e 1 11 1
e 1 30 1
e 1 31 1
e 2 3 1
e 2 4 2
e 2 6 1
e 3 5 2
e 3 7 1
e 4 8 1
e 4 14 1
e 5 9 1
e 5 15 1
e 6 12 2
e 6 16 1
e 7 13 2
e 7 17 1
e 8 10 2
e 8 18 1
e 9 11 2
e 9 19 1
e 10 12 1
e 11 13 1
e 12 20 1
e 13 21 1
e 14 22 1
e 14 23 1
e 14 24 1
e 15 25 1
e 15 26 1
e 15 27 1
t # 65367
v 0 11
v 1 11
v 2 1
v 3 1
v 4 1
v 5 1
v 6 1
v 7 1
v 8 1
v 9 1
v 10 3
v 11 3
v 12 3
v 13 3
v 14 3
v 15 3
v 16 3
v 17 3
v 18 3
v 19 3
v 20 3
v 21 3
v 22 3
v 23 3
v 24 4
v 25 4
v 26 4
v 27 4
v 28 4
v 29 4
v 30 4
v 31 4
e 0 6 2
e 0 7 2
e 0 18 1
e 1 8 2
e 1 9 2
e 1 19 1
e 2 14 2
e 3 15 2
e 4 30 1
e 5 31 1
e 10 12 2
e 10 14 1
e 10 16 1
e 11 13 2
e 11 15 1
e 11 17 1
e 12 15 1
e 12 20 1
e 13 14 1
e 13 21 1
e 16 18 2
e 16 24 1
e 17 19 2
e 17 25 1
e 18 22 1
e 19 23 1
e 20 22 2
e 20 26 1
e 21 23 2
e 21 27 1
e 22 28 1
e 23 29 1
t # 65368
v 0 11
v 1 1
v 2 1
v 3 1
v 4 1
v 5 2
v 6 2
v 7 3
v 8 3
v 9 3
v 10 3
v 11 3
v 12 3
v 13 3
v 14 3
v 15 3
v 16 3
v 17 4
v 18 4
v 19 4
v 20 4
v 21 4
v 22 4
e 0 3 2
e 0 4 2
e 0 9 1
e 1 11 1
e 2 22 1
e 5 10 1
e 7 8 1
e 7 9 1
e 7 13 2
e 8 10 1
e 8 14 2
e 9 12 2
e 10 11 2
e 11 12 1
e 12 17 1
e 13 15 1
e 13 18 1
e 14 16 1
e 14 19 1
e 15 16 2
e 15 20 1
e 16 21 1
t # 65369
v 0 11
v 1 11
v 2 1
v 3 1
v 4 1
v 5 1
v 6 1
v 7 1
v 8 2
v 9 2
v 10 3
v 11 3
v 12 3
v 13 3
v 14 3
v 15 3
v 16 3
v 17 3
v 18 3
v 19 3
v 20 3
v 21 3
v 22 3
v 23 3
v 24 4
v 25 4
v 26 4
v 27 4
v 28 4
v 29 4
v 30 4
v 31 4
v 32 4
v 33 4
v 34 4
v 35 4
v 36 4
v 37 4
v 38 4
v 39 4
e 0 4 2
e 0 5 2
e 0 12 1
e 1 6 2
e 1 7 2
e 1 13 1
e 2 38 1
e 3 39 1
e 8 20 1
e 8 34 1
e 8 35 1
e 9 21 1
e 9 36 1
e 9 37 1
e 10 11 1
e 10 12 2
e 10 14 1
e 11 13 2
e 11 15 1
e 12 18 1
e 13 19 1
e 14 16 2
e 14 24 1
e 15 17 2
e 15 25 1
e 16 20 1
e 16 22 1
e 17 21 1
e 17 23 1
e 18 20 2
e 18 26 1
e 19 21 2
e 19 27 1
e 22 28 1
e 22 29 1
e 22 30 1
e 23 31 1
e 23 32 1
e 23 33 1
t # 65370
v 0 11
v 1 1
v 2 1
v 3 1
v 4 1
v 5 1
v 6 2
v 7 3
v 8 3
v 9 3
v 10 3
v 11 3
v 12 3
v 13 3
v 14 3
v 15 3
v 16 3
v 17 3
v 18 3
v 19 3
v 20 3
v 21 4
v 22 4
v 23 4
v 24 4
v 25 4
v 26 4
v 27 4
v 28 4
v 29 4
e 0 4 2
e 0 5 2
e 0 13 1
e 1 12 2
e 2 14 2
e 3 29 1
e 6 9 1
e 6 25 1
e 6 26 1
e 7 8 2
e 7 9 1
e 7 12 1
e 8 14 1
e 8 15 1
e 9 13 2
e 10 11 1
e 10 12 1
e 10 17 2
e 11 14 1
e 11 18 2
e 13 16 1
e 15 16 2
e 15 21 1
e 16 22 1
e 17 19 1
e 17 23 1
e 18 20 1
e 18 24 1
e 19 20 2
e 19 27 1
e 20 28 1
t # 65371
v 0 1
v 1 1
v 2 2
v 3 3
v 4 3
v 5 3
v 6 3
v 7 3
v 8 3
v 9 3
v 10 3
v 11 3
v 12 3
v 13 4
v 14 4
v 15 4
v 16 4
v 17 4
v 18 4
v 19 4
v 20 4
v 21 4
e 0 5 2
e 1 6 2
e 2 5 1
e 2 6 1
e 2 7 1
e 3 4 1
e 3 5 1
e 3 13 1
e 3 14 1
e 4 6 1
e 4 15 1
e 4 16 1
e 7 8 2
e 7 9 1
e 8 10 1
e 8 17 1
e 9 11 2
e 9 18 1
e 10 12 2
e 10 19 1
e 11 12 1
e 11 20 1
e 12 21 1
t # 65372
v 0 2
v 1 3
v 2 3
v 3 3
v 4 3
v 5 3
v 6 3
v 7 3
v 8 3
v 9 3
v 10 3
v 11 3
v 12 3
v 13 4
v 14 4
v 15 4
v 16 4
v 17 4
v 18 4
v 19 4
v 20 4
v 21 4
v 22 4
v 23 4
v 24 4
v 25 4
e 0 1 1
e 0 2 1
e 0 3 1
e 1 4 2
e 1 6 1
e 2 5 2
e 2 7 1
e 3 8 2
e 3 9 1
e 4 5 1
e 4 13 1
e 5 14 1
e 6 15 1
e 6 16 1
e 6 17 1
e 7 18 1
e 7 19 1
e 7 20 1
e 8 10 1
e 8 21 1
e 9 11 2
e 9 22 1
e 10 12 2
e 10 23 1
e 11 12 1
e 11 24 1
e 12 25 1
t # 65373
v 0 1
v 1 1
v 2 1
v 3 1
v 4 3
v 5 3
v 6 3
v 7 3
v 8 3
v 9 3
v 10 3
v 11 3
v 12 3
v 13 3
v 14 3
v 15 3
v 16 3
v 17 4
v 18 4
v 19 4
v 20 4
v 21 4
v 22 4
v 23 4
v 24 4
v 25 4
v 26 4
v 27 4
v 28 4
v 29 4
v 30 4
v 31 4
v 32 4
e 0 6 1
e 0 13 1
e 1 7 1
e 1 14 1
e 2 6 2
e 3 7 2
e 4 5 1
e 4 6 1
e 4 7 1
e 4 17 1
e 5 8 2
e 5 9 1
e 8 10 1
e 8 18 1
e 9 11 2
e 9 19 1
e 10 12 2
e 10 20 1
e 11 12 1
e 11 21 1
e 12 22 1
e 13 15 1
e 13 23 1
e 13 24 1
e 14 16 1
e 14 25 1
e 14 26 1
e 15 27 1
e 15 28 1
e 15 29 1
e 16 30 1
e 16 31 1
e 16 32 1
t # 65374
v 0 12
v 1 1
v 2 1
v 3 1
v 4 3
v 5 3
v 6 3
v 7 3
v 8 3
v 9 3
v 10 3
v 11 3
v 12 3
v 13 3
v 14 3
v 15 3
v 16 3
v 17 3
v 18 4
v 19 4
v 20 4
v 21 4
v 22 4
v 23 4
v 24 4
e 0 11 1
e 1 8 2
e 2 10 1
e 2 24 1
e 3 9 2
e 4 5 1
e 4 8 1
e 4 10 2
e 5 9 1
e 5 11 2
e 6 7 1
e 6 8 1
e 6 12 2
e 7 9 1
e 7 13 2
e 10 14 1
e 11 15 1
e 12 16 1
e 12 18 1
e 13 17 1
e 13 19 1
e 14 15 2
e 14 20 1
e 15 21 1
e 16 17 2
e 16 22 1
e 17 23 1
t # 65375
v 0 18
v 1 18
v 2 1
v 3 3
v 4 3
v 5 3
v 6 3
v 7 3
v 8 3
v 9 3
v 10 3
v 11 3
v 12 3
v 13 3
v 14 3
v 15 3
v 16 3
v 17 3
v 18 3
v 19 3
v 20 4
v 21 4
v 22 4
v 23 4
v 24 4
v 25 4
v 26 4
v 27 4
e 2 9 2
e 3 4 2
e 3 6 1
e 3 8 1
e 4 5 1
e 4 10 1
e 5 7 2
e 5 14 1
e 6 9 1
e 6 11 2
e 7 9 1
e 7 15 1
e 8 12 2
e 8 13 1
e 10 16 2
e 10 20 1
e 11 17 1
e 11 21 1
e 12 16 1
e 13 17 2
e 13 22 1
e 14 18 2
e 14 23 1
e 15 19 2
e 15 24 1
e 16 25 1
e 17 26 1
e 18 19 1
e 18 27 1
t # 65376
v 0 1
v 1 1
v 2 1
v 3 2
v 4 3
v 5 3
v 6 3
v 7 3
v 8 3
v 9 3
v 10 3
v 11 3
v 12 3
v 13 3
v 14 3
v 15 3
v 16 3
v 17 3
v 18 3
v 19 3
v 20 3
v 21 3
v 22 3
v 23 3
v 24 3
v 25 3
v 26 3
v 27 3
v 28 3
v 29 3
v 30 3
v 31 3
v 32 3
v 33 3
v 34 3
v 35 4
v 36 4
v 37 4
v 38 4
v 39 4
v 40 4
v 41 4
v 42 4
v 43 4
v 44 4
v 45 4
v 46 4
v 47 4
v 48 4
v 49 4
v 50 4
v 51 4
e 0 11 2
e 1 21 2
e 2 25 2
e 3 8 1
e 3 14 1
e 3 37 1
e 4 5 2
e 4 6 1
e 4 7 1
e 5 9 1
e 5 12 1
e 6 8 2
e 6 16 1
e 7 11 1
e 7 17 2
e 8 13 1
e 9 10 1
e 9 20 2
e 10 11 1
e 10 23 2
e 12 13 2
e 12 35 1
e 13 36 1
e 14 15 1
e 14 26 2
e 15 18 2
e 15 21 1
e 16 19 2
e 16 38 1
e 17 19 1
e 17 39 1
e 18 25 1
e 18 27 1
e 19 40 1
e 20 28 1
e 20 41 1
e 21 22 1
e 22 24 1
e 22 31 2
e 23 29 1
e 23 42 1
e 24 25 1
e 24 32 2
e 26 30 1
e 26 43 1
e 27 30 2
e 27 44 1
e 28 29 2
e 28 45 1
e 29 47 1
e 30 46 1
e 31 33 1
e 31 48 1
e 32 34 1
e 32 49 1
e 33 34 2
e 33 50 1
e 34 51 1
t # 65377
v 0 1
v 1 1
v 2 1
v 3 3
v 4 3
v 5 3
v 6 3
v 7 3
v 8 3
v 9 3
v 10 3
v 11 3
v 12 3
v 13 3
v 14 3
v 15 3
v 16 3
v 17 3
v 18 3
v 19 3
v 20 3
v 21 3
v 22 3
v 23 4
v 24 4
v 25 4
v 26 4
v 27 4
v 28 4
v 29 4
v 30 4
v 31 4
v 32 4
v 33 4
v 34 4
v 35 4
v 36 4
v 37 4
v 38 4
v 39 4
v 40 4
e 0 14 1
e 0 38 1
e 1 21 1
e 1 39 1
e 2 22 1
e 2 40 1
e 3 4 1
e 3 5 1
e 3 6 1
e 3 23 1
e 4 7 1
e 4 8 2
e 5 9 2
e 5 11 1
e 6 10 2
e 6 12 1
e 7 13 2
e 7 14 1
e 8 15 1
e 8 24 1
e 9 17 1
e 9 25 1
e 10 18 1
e 10 26 1
e 11 19 2
e 11 27 1
e 12 20 2
e 12 28 1
e 13 16 1
e 13 29 1
e 14 30 1
e 14 31 1
e 15 16 2
e 15 32 1
e 16 33 1
e 17 21 2
e 17 34 1
e 18 22 2
e 18 35 1
e 19 21 1
e 19 36 1
e 20 22 1
e 20 37 1
t # 65378
v 0 1
v 1 1
v 2 2
v 3 3
v 4 3
v 5 3
v 6 3
v 7 3
v 8 3
v 9 3
v 10 3
v 11 3
v 12 3
v 13 3
v 14 3
v 15 4
v 16 4
v 17 4
v 18 4
v 19 4
v 20 4
v 21 4
e 0 7 2
e 1 8 2
e 2 7 1
e 2 8 1
e 2 19 1
e 3 4 1
e 3 5 1
e 3 6 2
e 4 7 1
e 4 9 2
e 5 8 1
e 5 10 2
e 6 11 1
e 6 12 1
e 9 13 1
e 9 15 1
e 10 14 1
e 10 16 1
e 11 13 2
e 11 17 1
e 12 14 2
e 12 18 1
e 13 20 1
e 14 21 1
t # 65379
v 0 11
v 1 1
v 2 1
v 3 1
v 4 1
v 5 1
v 6 2
v 7 2
v 8 3
v 9 3
v 10 3
v 11 3
v 12 3
v 13 3
v 14 3
v 15 3
v 16 3
v 17 3
v 18 3
v 19 3
v 20 3
v 21 3
v 22 3
v 23 3
v 24 3
v 25 3
v 26 3
v 27 3
v 28 3
v 29 3
v 30 4
v 31 4
v 32 4
v 33 4
v 34 4
v 35 4
v 36 4
v 37 4
v 38 4
v 39 4
v 40 4
v 41 4
v 42 4
v 43 4
v 44 4
v 45 4
v 46 4
v 47 4
e 0 4 2
e 0 5 2
e 0 19 1
e 1 17 1
e 1 28 1
e 2 12 2
e 3 15 2
e 6 10 1
e 6 31 1
e 7 14 1
e 7 36 1
e 7 37 1
e 8 9 2
e 8 10 1
e 8 12 1
e 9 14 1
e 9 15 1
e 10 16 2
e 11 12 1
e 11 13 1
e 11 18 2
e 13 15 1
e 13 20 2
e 14 17 2
e 16 17 1
e 16 30 1
e 18 21 1
e 18 32 1
e 19 23 2
e 19 24 1
e 20 22 1
e 20 33 1
e 21 22 2
e 21 34 1
e 22 35 1
e 23 26 1
e 23 38 1
e 24 27 2
e 24 39 1
e 25 26 2
e 25 27 1
e 25 29 1
e 26 40 1
e 27 41 1
e 28 42 1
e 28 43 1
e 28 44 1
e 29 45 1
e 29 46 1
e 29 47 1
t # 65380
v 0 12
v 1 12
v 2 12
v 3 12
v 4 1
v 5 1
v 6 3
v 7 3
v 8 3
v 9 3
v 10 3
v 11 3
v 12 3
v 13 3
v 14 3
v 15 3
v 16 3
v 17 3
v 18 3
v 19 3
v 20 4
v 21 4
v 22 4
v 23 4
e 0 12 1
e 1 13 1
e 2 14 1
e 3 15 1
e 4 10 2
e 5 11 2
e 6 7 1
e 6 10 1
e 6 12 2
e 7 11 1
e 7 13 2
e 8 9 1
e 8 10 1
e 8 14 2
e 9 11 1
e 9 15 2
e 12 16 1
e 13 17 1
e 14 18 1
e 15 19 1
e 16 17 2
e 16 20 1
e 17 21 1
e 18 19 2
e 18 22 1
e 19 23 1
t # 65381
v 0 12
v 1 1
v 2 1
v 3 1
v 4 1
v 5 3
v 6 3
v 7 3
v 8 3
v 9 3
v 10 3
v 11 3
v 12 3
v 13 3
v 14 3
v 15 3
v 16 3
v 17 3
v 18 3
v 19 4
v 20 4
v 21 4
v 22 4
v 23 4
v 24 4
v 25 4
e 0 15 1
e 1 11 1
e 1 24 1
e 2 12 1
e 2 25 1
e 3 9 2
e 4 10 2
e 5 6 2
e 5 9 1
e 5 11 1
e 6 10 1
e 6 12 1
e 7 8 1
e 7 9 1
e 7 13 2
e 8 10 1
e 8 14 2
e 11 15 2
e 12 16 2
e 13 17 1
e 13 19 1
e 14 18 1
e 14 20 1
e 15 16 1
e 16 21 1
e 17 18 2
e 17 22 1
e 18 23 1
t # 65382
v 0 18
v 1 1
v 2 1
v 3 2
v 4 3
v 5 3
v 6 3
v 7 3
v 8 3
v 9 3
v 10 3
v 11 3
v 12 3
v 13 3
v 14 3
v 15 3
v 16 3
v 17 3
v 18 3
v 19 4
v 20 4
v 21 4
v 22 4
v 23 4
v 24 4
v 25 4
v 26 4
v 27 4
v 28 4
e 1 9 2
e 2 10 2
e 3 8 1
e 3 27 1
e 3 28 1
e 4 5 1
e 4 8 2
e 4 9 1
e 5 10 1
e 5 12 2
e 6 7 1
e 6 9 1
e 6 14 2
e 7 10 1
e 7 15 2
e 8 11 1
e 11 13 2
e 11 16 1
e 12 13 1
e 13 19 1
e 14 17 1
e 14 20 1
e 15 18 1
e 15 21 1
e 16 22 1
e 16 23 1
e 16 24 1
e 17 18 2
e 17 25 1
e 18 26 1
t # 65383
v 0 1
v 1 1
v 2 1
v 3 1
v 4 1
v 5 1
v 6 1
v 7 1
v 8 3
v 9 3
v 10 3
v 11 3
v 12 3
v 13 3
v 14 3
v 15 3
v 16 3
v 17 3
v 18 3
v 19 3
v 20 3
v 21 3
v 22 3
v 23 3
v 24 3
v 25 3
v 26 3
v 27 3
v 28 3
v 29 3
v 30 3
v 31 3
v 32 4
v 33 4
v 34 4
v 35 4
v 36 4
v 37 4
v 38 4
v 39 4
v 40 4
v 41 4
v 42 4
v 43 4
e 0 28 1
e 0 40 1
e 1 29 1
e 1 41 1
e 2 30 1
e 2 42 1
e 3 31 1
e 3 43 1
e 4 28 2
e 5 29 2
e 6 30 2
e 7 31 2
e 8 10 2
e 8 12 1
e 8 14 1
e 9 11 2
e 9 13 1
e 9 15 1
e 10 11 1
e 10 16 1
e 11 17 1
e 12 13 1
e 12 18 2
e 13 19 2
e 14 20 2
e 14 22 1
e 15 21 2
e 15 23 1
e 16 24 2
e 16 32 1
e 17 25 2
e 17 33 1
e 18 26 1
e 18 34 1
e 19 27 1
e 19 35 1
e 20 24 1
e 20 28 1
e 21 25 1
e 21 29 1
e 22 26 2
e 22 30 1
e 23 27 2
e 23 31 1
e 24 36 1
e 25 37 1
e 26 38 1
e 27 39 1
t # 65384
v 0 12
v 1 12
v 2 12
v 3 12
v 4 3
v 5 3
v 6 3
v 7 3
v 8 3
v 9 3
v 10 3
v 11 3
v 12 3
v 13 3
v 14 3
v 15 3
v 16 3
v 17 3
v 18 3
v 19 3
v 20 4
v 21 4
v 22 4
v 23 4
v 24 4
v 25 4
e 0 14 1
e 1 15 1
e 2 16 1
e 3 17 1
e 4 5 1
e 4 6 2
e 4 8 1
e 5 7 2
e 5 9 1
e 6 10 1
e 6 16 1
e 7 11 1
e 7 17 1
e 8 12 1
e 8 14 2
e 9 13 1
e 9 15 2
e 10 11 2
e 10 20 1
e 11 21 1
e 12 13 2
e 12 22 1
e 13 23 1
e 14 18 1
e 15 19 1
e 16 18 2
e 17 19 2
e 18 24 1
e 19 25 1
t # 65385
v 0 11
v 1 1
v 2 1
v 3 2
v 4 2
v 5 3
v 6 3
v 7 3
v 8 3
v 9 3
v 10 3
v 11 3
v 12 3
v 13 3
v 14 3
v 15 3
v 16 3
v 17 3
v 18 3
v 19 4
v 20 4
v 21 4
v 22 4
v 23 4
v 24 4
v 25 4
v 26 4
v 27 4
v 28 4
v 29 4
v 30 4
v 31 4
v 32 4
v 33 4
v 34 4
e 0 1 2
e 0 2 2
e 0 6 1
e 3 5 1
e 3 7 1
e 4 8 1
e 4 33 1
e 4 34 1
e 5 9 1
e 5 19 1
e 5 20 1
e 6 8 1
e 6 10 2
e 7 11 2
e 7 12 1
e 8 13 2
e 9 21 1
e 9 22 1
e 9 23 1
e 10 14 1
e 10 24 1
e 11 16 1
e 11 25 1
e 12 17 2
e 12 26 1
e 13 15 1
e 13 27 1
e 14 15 2
e 14 28 1
e 15 29 1
e 16 18 2
e 16 30 1
e 17 18 1
e 17 31 1
e 18 32 1
t # 65386
v 0 11
v 1 1
v 2 1
v 3 2
v 4 2
v 5 3
v 6 3
v 7 3
v 8 3
v 9 3
v 10 3
v 11 3
v 12 3
v 13 3
v 14 3
v 15 3
v 16 3
v 17 4
v 18 4
v 19 4
v 20 4
v 21 4
v 22 4
v 23 4
v 24 4
v 25 4
v 26 4
v 27 4
v 28 4
e 0 1 2
e 0 2 2
e 0 5 1
e 3 6 1
e 3 17 1
e 4 9 1
e 4 27 1
e 4 28 1
e 5 7 1
e 5 8 2
e 6 12 2
e 6 13 1
e 7 9 2
e 7 18 1
e 8 10 1
e 8 19 1
e 9 11 1
e 10 11 2
e 10 20 1
e 11 21 1
e 12 14 1
e 12 22 1
e 13 15 2
e 13 23 1
e 14 16 2
e 14 24 1
e 15 16 1
e 15 25 1
e 16 26 1
t # 65387
v 0 1
v 1 1
v 2 3
v 3 3
v 4 3
v 5 3
v 6 3
v 7 3
v 8 3
v 9 3
v 10 3
v 11 3
v 12 3
v 13 3
v 14 3
v 15 3
v 16 3
v 17 3
v 18 3
v 19 3
v 20 3
v 21 4
v 22 4
v 23 4
v 24 4
v 25 4
v 26 4
v 27 4
v 28 4
v 29 4
v 30 4
v 31 4
v 32 4
v 33 4
v 34 4
v 35 4
v 36 4
v 37 4
v 38 4
v 39 4
v 40 4
v 41 4
v 42 4
v 43 4
v 44 4
v 45 4
v 46 4
e 6 0 1
e 0 40 1
e 1 19 1
e 1 46 1
e 2 3 1
e 2 6 1
e 2 7 1
e 2 12 1
e 3 4 1
e 3 8 1
e 3 21 1
e 4 5 1
e 4 11 1
e 4 22 1
e 5 9 1
e 5 13 1
e 5 23 1
e 6 10 1
e 6 24 1
e 7 9 1
e 7 25 1
e 7 26 1
e 8 10 1
e 8 27 1
e 8 28 1
e 9 29 1
e 9 30 1
e 10 31 1
e 10 32 1
e 11 14 1
e 11 33 1
e 11 34 1
e 12 35 1
e 12 36 1
e 12 37 1
e 13 15 2
e 13 16 1
e 14 15 1
e 14 38 1
e 14 39 1
e 15 17 1
e 16 18 2
e 16 41 1
e 17 19 2
e 17 42 1
e 18 19 1
e 18 20 1
e 20 43 1
e 20 44 1
e 20 45 1
t # 65388
v 0 1
v 1 2
v 2 3
v 3 3
v 4 3
v 5 3
v 6 3
v 7 4
v 8 4
v 9 4
v 10 4
v 11 4
v 12 4
v 13 4
v 14 4
v 15 4
e 0 2 1
e 0 4 1
e 1 3 1
e 1 4 2
e 2 3 1
e 2 7 1
e 2 8 1
e 3 9 1
e 3 10 1
e 4 5 1
e 5 6 1
e 5 11 1
e 5 12 1
e 6 13 1
e 6 14 1
e 6 15 1
t # 65389
v 0 1
v 1 1
v 2 1
v 3 1
v 4 1
v 5 1
v 6 1
v 7 1
v 8 1
v 9 1
v 10 1
v 11 1
v 12 1
v 13 1
v 14 2
v 15 2
v 16 2
v 17 2
v 18 2
v 19 3
v 20 3
v 21 3
v 22 3
v 23 3
v 24 3
v 25 3
v 26 3
v 27 3
v 28 3
v 29 3
v 30 3
v 31 3
v 32 3
v 33 3
v 34 3
v 35 3
v 36 3
v 37 3
v 38 3
v 39 3
v 40 4
v 41 4
v 42 4
v 43 4
v 44 4
v 45 4
v 46 4
v 47 4
v 48 4
v 49 4
v 50 4
v 51 4
v 52 4
v 53 4
v 54 4
v 55 4
v 56 4
v 57 4
v 58 4
v 59 4
v 60 4
v 61 4
v 62 4
v 63 4
v 64 4
v 65 4
v 66 4
v 67 4
v 68 4
v 69 4
v 70 4
v 71 4
v 72 4
v 73 4
v 74 4
v 75 4
v 76 4
e 0 19 1
e 0 25 1
e 1 20 1
e 1 26 1
e 2 26 1
e 2 31 1
e 3 22 1
e 3 56 1
e 4 23 1
e 4 57 1
e 5 24 1
e 5 58 1
e 6 27 1
e 6 64 1
e 7 28 1
e 7 65 1
e 8 30 1
e 8 67 1
e 9 32 1
e 9 70 1
e 10 33 1
e 10 72 1
e 11 34 1
e 11 73 1
e 12 36 2
e 13 37 1
e 13 74 1
e 14 21 1
e 14 53 1
e 14 54 1
e 15 25 1
e 15 35 1
e 15 36 1
e 16 29 1
e 16 62 1
e 16 63 1
e 17 36 1
e 17 39 2
e 18 39 1
e 18 75 1
e 18 76 1
e 19 20 1
e 19 21 1
e 19 40 1
e 20 24 1
e 20 41 1
e 21 22 1
e 21 42 1
e 22 23 1
e 22 43 1
e 23 25 1
e 23 44 1
e 24 28 1
e 24 45 1
e 25 46 1
e 26 27 1
e 26 47 1
e 27 29 1
e 27 48 1
e 28 32 1
e 28 49 1
e 29 30 1
e 29 50 1
e 30 31 1
e 30 51 1
e 31 33 1
e 31 52 1
e 32 34 1
e 32 55 1
e 33 59 1
e 33 60 1
e 34 37 1
e 34 61 1
e 35 38 2
e 35 66 1
e 37 68 1
e 37 69 1
e 38 39 1
e 38 71 1
t # 65390
v 0 1
v 1 1
v 2 1
v 3 1
v 4 1
v 5 3
v 6 3
v 7 3
v 8 3
v 9 3
v 10 3
v 11 3
v 12 3
v 13 3
v 14 3
v 15 4
v 16 4
v 17 4
v 18 4
v 19 4
v 20 4
v 21 4
v 22 4
v 23 4
v 24 4
e 0 6 1
e 0 12 1
e 1 5 1
e 1 13 1
e 2 11 1
e 2 24 1
e 3 11 2
e 4 12 2
e 5 6 2
e 5 8 1
e 6 9 1
e 7 8 2
e 7 10 1
e 7 11 1
e 8 15 1
e 9 10 2
e 9 16 1
e 10 17 1
e 12 14 1
e 13 18 1
e 13 19 1
e 13 20 1
e 14 21 1
e 14 22 1
e 14 23 1
t # 65391
v 0 1
v 1 1
v 2 2
v 3 3
v 4 3
v 5 3
v 6 3
v 7 3
v 8 3
v 9 3
v 10 3
v 11 4
v 12 4
v 13 4
v 14 4
v 15 4
v 16 4
v 17 4
v 18 4
v 19 4
e 0 10 1
e 0 19 1
e 1 10 2
e 2 3 1
e 2 9 1
e 2 15 1
e 3 5 2
e 3 6 1
e 4 7 2
e 4 8 1
e 4 10 1
e 5 7 1
e 5 11 1
e 6 8 2
e 6 12 1
e 7 13 1
e 8 14 1
e 9 16 1
e 9 17 1
e 9 18 1
t # 65392
v 0 1
v 1 1
v 2 3
v 3 3
v 4 3
v 5 3
v 6 3
v 7 3
v 8 3
v 9 3
v 10 3
v 11 3
v 12 4
v 13 4
v 14 4
v 15 4
v 16 4
v 17 4
v 18 4
v 19 4
v 20 4
v 21 4
v 22 4
v 23 4
v 24 4
v 25 4
v 26 4
v 27 4
e 0 9 1
e 0 11 1
e 1 11 2
e 2 3 1
e 2 4 1
e 2 12 1
e 2 13 1
e 3 5 1
e 3 14 1
e 3 15 1
e 4 6 1
e 4 16 1
e 4 17 1
e 5 7 1
e 5 18 1
e 5 19 1
e 6 20 1
e 6 21 1
e 6 22 1
e 8 11 1
e 9 10 1
e 9 23 1
e 9 24 1
e 10 25 1
e 10 26 1
e 10 27 1
t # 65393
v 0 1
v 1 1
v 2 1
v 3 3
v 4 3
v 5 3
v 6 3
v 7 3
v 8 3
v 9 3
v 10 3
v 11 3
v 12 3
v 13 4
v 14 4
v 15 4
v 16 4
v 17 4
v 18 4
v 19 4
v 20 4
v 21 4
v 22 4
v 23 4
v 24 4
e 0 8 1
e 0 12 1
e 1 11 1
e 1 24 1
e 2 11 2
e 3 4 1
e 3 5 1
e 3 13 1
e 3 14 1
e 4 6 2
e 4 7 1
e 5 11 1
e 5 15 1
e 5 16 1
e 6 8 1
e 6 17 1
e 7 9 2
e 7 18 1
e 8 10 2
e 9 10 1
e 9 19 1
e 10 20 1
e 12 21 1
e 12 22 1
e 12 23 1
t # 65394
v 0 1
v 1 1
v 2 1
v 3 3
v 4 3
v 5 3
v 6 3
v 7 3
v 8 3
v 9 3
v 10 3
v 11 3
v 12 3
v 13 4
v 14 4
v 15 4
v 16 4
v 17 4
v 18 4
v 19 4
v 20 4
v 21 4
v 22 4
e 0 7 1
e 0 10 1
e 1 4 1
e 1 20 1
e 2 7 2
e 3 4 1
e 3 5 2
e 3 7 1
e 4 6 2
e 5 8 1
e 5 13 1
e 6 9 1
e 6 14 1
e 8 9 2
e 8 15 1
e 9 16 1
e 10 11 1
e 10 17 1
e 10 18 1
e 11 12 2
e 11 19 1
e 12 21 1
e 12 22 1
t # 65395
v 0 2
v 1 3
v 2 3
v 3 3
v 4 3
v 5 3
v 6 3
v 7 3
v 8 3
v 9 3
v 10 3
v 11 3
v 12 3
v 13 3
v 14 3
v 15 4
v 16 4
v 17 4
v 18 4
v 19 4
v 20 4
v 21 4
v 22 4
v 23 4
v 24 4
v 25 4
v 26 4
v 27 4
v 28 4
v 29 4
e 1 2 1
e 1 3 1
e 1 15 1
e 1 16 1
e 2 4 1
e 2 17 1
e 2 18 1
e 3 5 1
e 3 19 1
e 3 20 1
e 4 6 1
e 4 21 1
e 4 22 1
e 5 6 1
e 5 23 1
e 5 24 1
e 6 7 2
e 7 8 1
e 7 11 1
e 8 9 2
e 8 10 1
e 9 12 1
e 9 25 1
e 10 13 2
e 10 26 1
e 12 14 2
e 12 27 1
e 13 14 1
e 13 28 1
e 14 29 1
t # 65396
v 0 68
v 1 12
v 2 12
v 3 12
t # 65397
v 0 18
v 1 1
v 2 3
v 3 3
v 4 3
v 5 3
v 6 3
v 7 3
v 8 3
v 9 3
v 10 3
v 11 4
v 12 4
v 13 4
v 14 4
v 15 4
v 16 4
v 17 4
v 18 4
v 19 4
e 1 4 2
e 2 4 1
e 2 5 2
e 2 6 1
e 3 4 1
e 3 7 1
e 3 11 1
e 3 12 1
e 5 8 1
e 5 13 1
e 6 9 2
e 6 14 1
e 7 15 1
e 7 16 1
e 7 17 1
e 8 10 2
e 8 18 1
e 9 10 1
e 9 19 1
t # 65398
v 0 8
v 1 1
v 2 2
v 3 2
v 4 2
v 5 3
v 6 3
v 7 3
v 8 3
v 9 3
v 10 4
v 11 4
v 12 4
v 13 4
v 14 4
v 15 4
v 16 4
v 17 4
v 18 4
v 19 4
v 20 4
v 21 4
v 22 4
v 23 4
v 24 4
v 25 4
e 2 5 1
e 2 6 1
e 3 7 1
e 3 8 1
e 4 9 1
e 4 10 1
e 5 11 1
e 5 12 1
e 5 13 1
e 6 14 1
e 6 15 1
e 6 16 1
e 7 17 1
e 7 18 1
e 7 19 1
e 8 20 1
e 8 21 1
e 8 22 1
e 9 23 1
e 9 24 1
e 9 25 1
t # 65399
v 0 11
v 1 1
v 2 1
v 3 1
v 4 2
v 5 2
v 6 2
v 7 3
v 8 3
v 9 3
v 10 3
v 11 3
v 12 3
v 13 3
v 14 3
v 15 3
v 16 3
v 17 3
v 18 3
v 19 3
v 20 4
v 21 4
v 22 4
v 23 4
v 24 4
v 25 4
v 26 4
v 27 4
v 28 4
v 29 4
v 30 4
v 31 4
v 32 4
e 0 1 2
e 0 2 2
e 0 7 1
e 0 8 1
e 3 19 2
e 4 13 1
e 4 19 1
e 4 28 1
e 5 18 1
e 5 29 1
e 5 30 1
e 6 19 1
e 6 31 1
e 6 32 1
e 7 9 2
e 7 10 1
e 8 11 2
e 8 12 1
e 9 14 1
e 9 20 1
e 10 15 2
e 10 21 1
e 11 16 1
e 11 22 1
e 12 17 2
e 12 23 1
e 13 14 2
e 13 15 1
e 14 24 1
e 15 25 1
e 16 18 2
e 16 26 1
e 17 18 1
e 17 27 1
