t # 46000
v 0 18
v 1 1
v 2 1
v 3 3
v 4 3
v 5 3
v 6 3
v 7 3
v 8 3
v 9 3
v 10 3
v 11 3
v 12 3
v 13 3
v 14 3
v 15 4
v 16 4
v 17 4
v 18 4
v 19 4
v 20 4
v 21 4
v 22 4
v 23 4
v 24 4
v 25 4
e 1 13 1
e 1 14 1
e 2 13 2
e 3 4 2
e 3 5 1
e 3 6 1
e 4 7 1
e 4 15 1
e 5 8 2
e 5 16 1
e 6 10 2
e 6 17 1
e 7 9 2
e 7 18 1
e 8 9 1
e 8 19 1
e 10 11 1
e 10 20 1
e 11 12 2
e 11 21 1
e 12 13 1
e 12 22 1
e 14 23 1
e 14 24 1
e 14 25 1
t # 46001
v 0 1
v 1 1
v 2 1
v 3 3
v 4 3
v 5 3
v 6 3
v 7 3
v 8 3
v 9 3
v 10 3
v 11 3
v 12 3
v 13 3
v 14 3
v 15 3
v 16 3
v 17 4
v 18 4
v 19 4
v 20 4
v 21 4
v 22 4
v 23 4
v 24 4
v 25 4
v 26 4
v 27 4
v 28 4
v 29 4
v 30 4
v 31 4
v 32 4
e 0 10 1
e 0 31 1
e 1 16 1
e 1 32 1
e 2 16 2
e 3 4 1
e 3 5 1
e 3 6 1
e 3 17 1
e 4 9 2
e 4 11 1
e 5 8 1
e 5 18 1
e 5 19 1
e 6 10 1
e 6 20 1
e 6 21 1
e 7 8 1
e 7 9 1
e 7 12 1
e 7 22 1
e 8 23 1
e 8 24 1
e 9 13 1
e 10 11 1
e 10 25 1
e 11 14 2
e 12 16 1
e 12 26 1
e 12 27 1
e 13 15 2
e 13 28 1
e 14 15 1
e 14 29 1
e 15 30 1
t # 46002
v 0 1
v 1 1
v 2 1
v 3 1
v 4 1
v 5 1
v 6 1
v 7 1
v 8 2
v 9 2
v 10 3
v 11 3
v 12 3
v 13 3
v 14 3
v 15 3
v 16 3
v 17 3
v 18 3
v 19 3
v 20 3
v 21 3
v 22 3
v 23 3
v 24 4
v 25 4
v 26 4
v 27 4
v 28 4
v 29 4
v 30 4
v 31 4
e 0 22 1
e 1 23 1
e 2 22 2
e 3 23 2
e 8 12 1
e 9 13 1
e 10 14 2
e 10 16 1
e 10 22 1
e 11 15 2
e 11 17 1
e 11 23 1
e 12 18 2
e 12 20 1
e 13 19 2
e 13 21 1
e 14 18 1
e 14 24 1
e 15 19 1
e 15 25 1
e 16 20 2
e 16 26 1
e 17 21 2
e 17 27 1
e 18 28 1
e 19 29 1
e 20 30 1
e 21 31 1
t # 46003
v 0 1
v 1 3
v 2 3
v 3 3
v 4 3
v 5 3
v 6 3
v 7 3
v 8 3
v 9 3
v 10 3
v 11 3
v 12 3
v 13 4
v 14 4
v 15 4
v 16 4
v 17 4
v 18 4
v 19 4
v 20 4
v 21 4
v 22 4
v 23 4
v 24 4
e 0 9 2
e 1 2 1
e 1 3 1
e 1 4 1
e 1 13 1
e 2 5 1
e 2 14 1
e 2 15 1
e 3 6 2
e 3 7 1
e 4 8 1
e 4 16 1
e 4 17 1
e 5 6 1
e 5 18 1
e 5 19 1
e 6 10 1
e 7 9 1
e 7 11 2
e 8 9 1
e 8 20 1
e 8 21 1
e 10 12 2
e 10 22 1
e 11 12 1
e 11 23 1
e 12 24 1
t # 46004
v 0 1
v 1 1
v 2 1
v 3 2
v 4 3
v 5 3
v 6 3
v 7 3
v 8 3
v 9 3
v 10 3
v 11 3
v 12 3
v 13 3
v 14 3
v 15 3
v 16 3
v 17 3
v 18 3
v 19 3
v 20 3
v 21 3
v 22 3
v 23 3
v 24 4
v 25 4
v 26 4
v 27 4
v 28 4
v 29 4
v 30 4
v 31 4
v 32 4
v 33 4
v 34 4
v 35 4
v 36 4
v 37 4
v 38 4
e 0 16 2
e 3 13 1
e 4 5 2
e 4 8 1
e 4 9 1
e 5 6 1
e 5 11 1
e 6 7 1
e 6 24 1
e 6 25 1
e 7 8 1
e 7 26 1
e 7 27 1
e 8 12 2
e 9 10 2
e 9 13 1
e 10 14 1
e 10 16 1
e 11 14 2
e 11 28 1
e 12 15 1
e 12 29 1
e 13 15 2
e 14 30 1
e 15 31 1
e 16 17 1
e 17 18 1
e 17 32 1
e 17 33 1
e 18 19 2
e 18 20 1
e 19 21 1
e 19 34 1
e 20 22 2
e 20 35 1
e 21 23 2
e 21 36 1
e 22 23 1
e 22 37 1
e 23 38 1
t # 46005
v 0 1
v 1 2
v 2 2
v 3 3
v 4 3
v 5 3
v 6 3
v 7 3
v 8 3
v 9 3
v 10 3
v 11 3
v 12 3
v 13 3
v 14 3
v 15 3
v 16 3
v 17 3
v 18 3
v 19 3
v 20 3
v 21 3
v 22 3
v 23 3
v 24 4
v 25 4
v 26 4
v 27 4
v 28 4
v 29 4
v 30 4
v 31 4
v 32 4
v 33 4
v 34 4
v 35 4
v 36 4
v 37 4
v 38 4
v 39 4
v 40 4
v 41 4
v 42 4
v 43 4
v 44 4
v 45 4
v 46 4
v 47 4
v 48 4
v 49 4
e 0 13 1
e 0 46 1
e 1 11 1
e 1 15 1
e 1 16 1
e 3 4 1
e 3 6 1
e 3 7 1
e 3 8 1
e 4 9 2
e 4 10 1
e 5 9 1
e 5 11 1
e 5 13 2
e 6 25 1
e 6 26 1
e 6 27 1
e 7 28 1
e 7 29 1
e 7 30 1
e 8 31 1
e 8 32 1
e 8 33 1
e 9 24 1
e 10 12 2
e 10 34 1
e 11 35 1
e 11 36 1
e 12 13 1
e 12 14 1
e 14 18 2
e 14 19 1
e 15 17 1
e 15 37 1
e 15 38 1
e 16 39 1
e 16 40 1
e 16 41 1
e 17 23 1
e 17 42 1
e 17 43 1
e 18 20 1
e 18 44 1
e 19 21 2
e 19 45 1
e 20 22 2
e 20 47 1
e 21 22 1
e 21 48 1
e 22 49 1
t # 46006
v 0 11
v 1 1
v 2 1
v 3 1
v 4 1
v 5 2
v 6 2
v 7 2
v 8 3
v 9 3
v 10 3
v 11 3
v 12 3
v 13 3
v 14 3
v 15 3
v 16 3
v 17 4
v 18 4
v 19 4
v 20 4
v 21 4
v 22 4
v 23 4
v 24 4
v 25 4
v 26 4
v 27 4
e 0 12 1
e 0 14 1
e 1 10 1
e 1 27 1
e 2 11 2
e 5 6 1
e 5 11 1
e 5 23 1
e 6 16 2
e 7 14 1
e 8 9 1
e 8 10 1
e 8 17 1
e 8 18 1
e 9 11 1
e 9 19 1
e 9 20 1
e 10 21 1
e 10 22 1
e 12 13 2
e 12 16 1
e 13 15 1
e 13 24 1
e 14 15 2
e 15 25 1
e 16 26 1
t # 46007
v 0 11
v 1 1
v 2 1
v 3 1
v 4 2
v 5 2
v 6 2
v 7 3
v 8 3
v 9 3
v 10 3
v 11 3
v 12 3
v 13 3
v 14 3
v 15 3
v 16 3
v 17 4
v 18 4
v 19 4
v 20 4
v 21 4
v 22 4
v 23 4
v 24 4
v 25 4
v 26 4
v 27 4
v 28 4
v 29 4
e 0 12 1
e 0 15 1
e 1 11 2
e 4 5 1
e 4 11 1
e 4 26 1
e 5 13 2
e 6 15 1
e 7 8 1
e 7 9 1
e 7 10 1
e 7 11 1
e 8 17 1
e 8 18 1
e 8 19 1
e 9 20 1
e 9 21 1
e 9 22 1
e 10 23 1
e 10 24 1
e 10 25 1
e 12 13 1
e 12 14 2
e 13 27 1
e 14 16 1
e 14 28 1
e 15 16 2
e 16 29 1
t # 46008
v 0 12
v 1 11
v 2 1
v 3 1
v 4 1
v 5 2
v 6 2
v 7 2
v 8 3
v 9 3
v 10 3
v 11 3
v 12 3
v 13 3
v 14 3
v 15 3
v 16 3
v 17 3
v 18 3
v 19 3
v 20 3
v 21 4
v 22 4
v 23 4
v 24 4
v 25 4
v 26 4
v 27 4
v 28 4
v 29 4
v 30 4
e 0 15 1
e 1 16 1
e 1 18 1
e 2 12 2
e 5 6 1
e 5 12 1
e 5 28 1
e 6 20 2
e 7 18 1
e 8 9 1
e 8 10 2
e 8 11 1
e 9 12 1
e 9 21 1
e 9 22 1
e 10 13 1
e 10 23 1
e 11 14 2
e 11 24 1
e 13 15 2
e 13 25 1
e 14 15 1
e 14 26 1
e 16 17 2
e 16 20 1
e 17 19 1
e 17 27 1
e 18 19 2
e 19 29 1
e 20 30 1
t # 46009
v 0 1
v 1 1
v 2 1
v 3 1
v 4 2
v 5 2
v 6 3
v 7 3
v 8 3
v 9 3
v 10 3
v 11 3
v 12 3
v 13 3
v 14 3
v 15 3
v 16 3
v 17 3
v 18 3
v 19 3
v 20 3
v 21 3
v 22 3
v 23 3
v 24 3
v 25 3
v 26 4
v 27 4
v 28 4
v 29 4
v 30 4
v 31 4
v 32 4
v 33 4
v 34 4
v 35 4
v 36 4
v 37 4
v 38 4
v 39 4
e 0 12 2
e 1 13 2
e 2 14 2
e 3 15 2
e 4 6 1
e 4 12 1
e 4 13 1
e 5 7 1
e 5 14 1
e 5 15 1
e 6 16 1
e 6 26 1
e 6 27 1
e 7 17 1
e 7 28 1
e 7 29 1
e 8 9 1
e 8 12 1
e 8 18 2
e 9 13 1
e 9 19 2
e 10 11 1
e 10 14 1
e 10 20 2
e 11 15 1
e 11 21 2
e 16 17 2
e 16 30 1
e 17 31 1
e 18 22 1
e 18 32 1
e 19 23 1
e 19 33 1
e 20 24 1
e 20 34 1
e 21 25 1
e 21 35 1
e 22 23 2
e 22 36 1
e 23 37 1
e 24 25 2
e 24 38 1
e 25 39 1
t # 46010
v 0 1
v 1 1
v 2 2
v 3 2
v 4 2
v 5 3
v 6 3
v 7 3
v 8 3
v 9 3
v 10 3
v 11 3
v 12 3
v 13 3
v 14 3
v 15 3
v 16 3
v 17 3
v 18 3
v 19 3
v 20 3
v 21 3
v 22 3
v 23 3
v 24 4
v 25 4
v 26 4
v 27 4
v 28 4
v 29 4
v 30 4
v 31 4
v 32 4
v 33 4
v 34 4
v 35 4
v 36 4
v 37 4
v 38 4
v 39 4
v 40 4
v 41 4
v 42 4
v 43 4
v 44 4
v 45 4
v 46 4
e 0 8 1
e 0 9 1
e 1 9 2
e 2 11 1
e 2 14 1
e 2 34 1
e 3 14 2
e 3 15 1
e 4 14 1
e 4 45 1
e 4 46 1
e 5 6 1
e 5 7 1
e 5 9 1
e 5 24 1
e 6 8 1
e 6 25 1
e 6 26 1
e 7 10 1
e 7 27 1
e 7 28 1
e 8 29 1
e 8 30 1
e 10 31 1
e 10 32 1
e 10 33 1
e 11 12 2
e 11 13 1
e 12 16 1
e 12 35 1
e 13 17 2
e 13 36 1
e 15 19 2
e 15 20 1
e 16 18 2
e 16 37 1
e 17 18 1
e 17 38 1
e 18 39 1
e 19 21 1
e 19 40 1
e 20 22 2
e 20 41 1
e 21 23 2
e 21 42 1
e 22 23 1
e 22 43 1
e 23 44 1
t # 46011
v 0 11
v 1 1
v 2 1
v 3 2
v 4 2
v 5 2
v 6 2
v 7 3
v 8 3
v 9 3
v 10 3
v 11 3
v 12 3
v 13 3
v 14 3
v 15 3
v 16 3
v 17 3
v 18 3
v 19 3
v 20 3
v 21 3
v 22 3
v 23 3
v 24 3
v 25 3
v 26 3
v 27 3
v 28 3
v 29 3
v 30 3
v 31 3
v 32 3
v 33 4
v 34 4
v 35 4
v 36 4
v 37 4
v 38 4
v 39 4
v 40 4
v 41 4
v 42 4
v 43 4
v 44 4
v 45 4
v 46 4
v 47 4
v 48 4
v 49 4
v 50 4
v 51 4
v 52 4
v 53 4
v 54 4
v 55 4
v 56 4
v 57 4
v 58 4
e 0 1 2
e 0 2 2
e 0 7 1
e 0 8 1
e 3 9 1
e 3 19 1
e 3 41 1
e 4 10 1
e 4 20 1
e 4 42 1
e 5 21 1
e 5 25 2
e 6 22 1
e 6 26 2
e 7 11 2
e 7 13 1
e 8 12 2
e 8 14 1
e 9 15 2
e 9 17 1
e 10 16 2
e 10 18 1
e 11 15 1
e 11 33 1
e 12 16 1
e 12 34 1
e 13 17 2
e 13 35 1
e 14 18 2
e 14 36 1
e 15 37 1
e 16 38 1
e 17 39 1
e 18 40 1
e 19 21 1
e 19 43 1
e 19 44 1
e 20 22 1
e 20 45 1
e 20 46 1
e 21 23 2
e 22 24 2
e 23 27 1
e 23 47 1
e 24 28 1
e 24 48 1
e 25 29 1
e 25 31 1
e 26 30 1
e 26 32 1
e 27 29 2
e 27 49 1
e 28 30 2
e 28 50 1
e 29 51 1
e 30 52 1
e 31 53 1
e 31 54 1
e 31 55 1
e 32 56 1
e 32 57 1
e 32 58 1
t # 46012
v 0 11
v 1 14
v 2 1
v 3 1
v 4 1
v 5 1
v 6 2
v 7 3
v 8 3
v 9 3
v 10 3
v 11 3
v 12 3
v 13 3
v 14 4
v 15 4
v 16 4
v 17 4
v 18 4
v 19 4
v 20 4
v 21 4
v 22 4
v 23 4
e 0 4 2
e 0 5 2
e 2 22 1
e 3 23 1
e 6 8 1
e 6 20 1
e 6 21 1
e 7 8 2
e 7 9 1
e 7 11 1
e 8 10 1
e 9 12 2
e 10 13 2
e 10 14 1
e 11 15 1
e 11 16 1
e 11 17 1
e 12 13 1
e 12 18 1
e 13 19 1
t # 46013
v 0 18
v 1 18
v 2 1
v 3 1
v 4 2
v 5 2
v 6 3
v 7 3
v 8 3
v 9 3
v 10 3
v 11 3
v 12 3
v 13 3
v 14 3
v 15 3
v 16 3
v 17 3
v 18 3
v 19 3
v 20 3
v 21 4
v 22 4
v 23 4
v 24 4
v 25 4
v 26 4
v 27 4
v 28 4
v 29 4
v 30 4
v 31 4
v 32 4
e 4 12 1
e 4 19 1
e 4 20 1
e 5 17 1
e 6 7 1
e 6 9 1
e 6 21 1
e 6 22 1
e 7 8 2
e 7 11 1
e 8 10 1
e 8 13 1
e 9 10 2
e 9 14 1
e 10 15 1
e 11 12 2
e 11 23 1
e 12 16 1
e 13 16 2
e 13 24 1
e 14 17 2
e 14 25 1
e 15 18 2
e 15 26 1
e 16 27 1
e 17 18 1
e 18 28 1
e 19 29 1
e 19 30 1
e 20 31 1
e 20 32 1
t # 46014
v 0 18
v 1 18
v 2 18
v 3 2
v 4 3
v 5 3
v 6 3
v 7 3
v 8 3
v 9 3
v 10 3
v 11 3
v 12 3
v 13 3
v 14 3
v 15 3
v 16 3
v 17 3
v 18 3
v 19 4
v 20 4
v 21 4
v 22 4
v 23 4
v 24 4
v 25 4
v 26 4
v 27 4
v 28 4
v 29 4
v 30 4
e 3 10 1
e 3 17 1
e 3 18 1
e 4 5 1
e 4 6 2
e 4 9 1
e 5 7 1
e 5 19 1
e 5 20 1
e 6 8 1
e 6 11 1
e 7 8 2
e 7 12 1
e 8 13 1
e 9 10 2
e 9 21 1
e 10 14 1
e 11 14 2
e 11 22 1
e 12 15 2
e 12 23 1
e 13 16 2
e 13 25 1
e 14 24 1
e 15 16 1
e 16 26 1
e 17 27 1
e 17 28 1
e 18 29 1
e 18 30 1
t # 46015
v 0 1
v 1 1
v 2 2
v 3 2
v 4 2
v 5 3
v 6 3
v 7 3
v 8 3
v 9 3
v 10 3
v 11 3
v 12 3
v 13 3
v 14 3
v 15 3
v 16 4
v 17 4
v 18 4
v 19 4
v 20 4
v 21 4
v 22 4
v 23 4
v 24 4
v 25 4
v 26 4
v 27 4
v 28 4
v 29 4
v 30 4
e 0 13 1
e 0 29 1
e 1 14 1
e 1 30 1
e 2 4 1
e 2 5 1
e 2 9 1
e 3 7 1
e 3 13 1
e 3 14 1
e 4 12 2
e 5 6 2
e 5 8 1
e 6 10 1
e 6 12 1
e 7 8 2
e 7 11 1
e 8 16 1
e 9 15 1
e 9 17 1
e 9 18 1
e 10 11 2
e 10 19 1
e 11 20 1
e 12 21 1
e 13 22 1
e 13 23 1
e 14 24 1
e 14 25 1
e 15 26 1
e 15 27 1
e 15 28 1
t # 46016
v 0 12
v 1 1
v 2 1
v 3 2
v 4 3
v 5 3
v 6 3
v 7 3
v 8 3
v 9 3
v 10 3
v 11 3
v 12 3
v 13 3
v 14 3
v 15 3
v 16 3
v 17 3
v 18 3
v 19 4
v 20 4
v 21 4
v 22 4
v 23 4
v 24 4
v 25 4
v 26 4
v 27 4
v 28 4
v 29 4
v 30 4
v 31 4
v 32 4
e 0 15 1
e 1 17 1
e 1 31 1
e 2 18 1
e 2 32 1
e 3 10 1
e 3 17 1
e 3 18 1
e 4 5 1
e 4 6 2
e 4 9 1
e 5 7 1
e 5 19 1
e 5 20 1
e 6 8 1
e 6 11 1
e 7 8 2
e 7 13 1
e 8 14 1
e 9 10 2
e 9 21 1
e 10 12 1
e 11 12 2
e 11 22 1
e 12 23 1
e 13 15 2
e 13 24 1
e 14 16 2
e 14 25 1
e 15 16 1
e 16 26 1
e 17 27 1
e 17 28 1
e 18 29 1
e 18 30 1
t # 46017
v 0 12
v 1 12
v 2 12
v 3 2
v 4 3
v 5 3
v 6 3
v 7 3
v 8 3
v 9 3
v 10 3
v 11 3
v 12 4
v 13 4
v 14 4
v 15 4
e 0 7 1
e 1 7 1
e 2 7 1
e 4 5 2
e 4 6 1
e 4 7 1
e 5 8 1
e 5 12 1
e 6 9 2
e 6 13 1
e 8 10 2
e 8 14 1
e 9 10 1
e 9 15 1
e 10 11 1
t # 46018
v 0 14
v 1 14
v 2 14
v 3 14
v 4 1
v 5 2
v 6 3
v 7 3
v 8 3
v 9 3
v 10 3
v 11 3
v 12 3
v 13 3
v 14 3
v 15 3
v 16 4
v 17 4
v 18 4
v 19 4
v 20 4
e 4 9 2
e 5 6 1
e 5 8 1
e 5 16 1
e 6 7 2
e 6 11 1
e 7 9 1
e 7 12 1
e 8 10 2
e 8 13 1
e 9 10 1
e 10 17 1
e 11 14 2
e 11 18 1
e 12 15 2
e 12 19 1
e 14 15 1
e 14 20 1
t # 46019
v 0 14
v 1 14
v 2 1
v 3 1
v 4 2
v 5 3
v 6 3
v 7 3
v 8 3
v 9 3
v 10 3
v 11 3
v 12 3
v 13 3
v 14 3
v 15 3
v 16 3
v 17 3
v 18 3
v 19 3
v 20 3
v 21 4
v 22 4
v 23 4
v 24 4
v 25 4
v 26 4
v 27 4
v 28 4
v 29 4
e 2 17 1
e 2 29 1
e 3 17 2
e 4 6 1
e 4 7 2
e 5 6 2
e 5 8 1
e 5 11 1
e 6 12 1
e 7 9 1
e 7 10 1
e 8 9 2
e 8 17 1
e 9 21 1
e 10 15 2
e 10 16 1
e 11 13 2
e 11 22 1
e 12 14 2
e 12 23 1
e 13 14 1
e 14 24 1
e 15 18 1
e 15 25 1
e 16 19 2
e 16 26 1
e 18 20 2
e 18 27 1
e 19 20 1
e 19 28 1
t # 46020
v 0 1
v 1 1
v 2 1
v 3 2
v 4 3
v 5 3
v 6 3
v 7 3
v 8 3
v 9 3
v 10 3
v 11 3
v 12 3
v 13 3
v 14 3
v 15 3
v 16 3
v 17 3
v 18 3
v 19 3
v 20 3
v 21 3
v 22 4
v 23 4
v 24 4
v 25 4
v 26 4
v 27 4
v 28 4
v 29 4
v 30 4
v 31 4
v 32 4
v 33 4
v 34 4
v 35 4
v 36 4
e 0 20 1
e 0 21 1
e 1 17 1
e 1 33 1
e 2 17 2
e 3 5 1
e 3 7 2
e 4 5 1
e 4 6 1
e 4 11 2
e 5 8 2
e 6 9 2
e 6 17 1
e 7 9 1
e 7 10 1
e 8 12 1
e 8 14 1
e 9 22 1
e 10 15 2
e 10 16 1
e 11 13 1
e 11 23 1
e 12 13 2
e 12 24 1
e 13 25 1
e 14 26 1
e 14 27 1
e 14 28 1
e 15 18 1
e 15 29 1
e 16 19 2
e 16 30 1
e 18 20 2
e 18 31 1
e 19 20 1
e 19 32 1
e 21 34 1
e 21 35 1
e 21 36 1
t # 46021
v 0 14
v 1 1
v 2 1
v 3 2
v 4 3
v 5 3
v 6 3
v 7 3
v 8 3
v 9 3
v 10 3
v 11 3
v 12 3
v 13 3
v 14 3
v 15 3
v 16 3
v 17 3
v 18 3
v 19 3
v 20 3
v 21 4
v 22 4
v 23 4
v 24 4
v 25 4
v 26 4
v 27 4
v 28 4
v 29 4
v 30 4
v 31 4
v 32 4
e 1 19 1
e 1 32 1
e 2 19 2
e 3 5 2
e 3 6 1
e 4 6 2
e 4 7 1
e 4 10 1
e 5 8 1
e 5 9 1
e 6 11 1
e 7 9 2
e 7 19 1
e 8 12 2
e 8 13 1
e 9 21 1
e 10 17 2
e 10 22 1
e 11 18 2
e 11 25 1
e 12 15 1
e 12 23 1
e 13 16 2
e 13 24 1
e 14 15 2
e 14 16 1
e 14 20 1
e 15 26 1
e 16 27 1
e 17 18 1
e 18 28 1
e 20 29 1
e 20 30 1
e 20 31 1
t # 46022
v 0 14
v 1 1
v 2 1
v 3 1
v 4 2
v 5 3
v 6 3
v 7 3
v 8 3
v 9 3
v 10 3
v 11 3
v 12 3
v 13 3
v 14 3
v 15 3
v 16 3
v 17 3
v 18 3
v 19 3
v 20 3
v 21 3
v 22 4
v 23 4
v 24 4
v 25 4
v 26 4
v 27 4
v 28 4
v 29 4
v 30 4
v 31 4
v 32 4
v 33 4
e 1 13 1
e 1 21 1
e 2 17 1
e 2 33 1
e 3 17 2
e 4 6 1
e 4 8 2
e 5 6 2
e 5 7 1
e 5 10 1
e 6 12 1
e 7 9 2
e 7 17 1
e 8 9 1
e 8 11 1
e 9 22 1
e 10 13 2
e 10 23 1
e 11 15 2
e 11 16 1
e 12 14 2
e 12 24 1
e 13 14 1
e 14 25 1
e 15 18 1
e 15 26 1
e 16 19 2
e 16 27 1
e 18 20 2
e 18 28 1
e 19 20 1
e 19 29 1
e 21 30 1
e 21 31 1
e 21 32 1
t # 46023
v 0 1
v 1 1
v 2 2
v 3 3
v 4 3
v 5 3
v 6 3
v 7 3
v 8 3
v 9 3
v 10 3
v 11 3
v 12 3
v 13 3
v 14 3
v 15 3
v 16 3
v 17 3
v 18 3
v 19 3
v 20 3
v 21 3
v 22 3
v 23 3
v 24 3
v 25 4
v 26 4
v 27 4
v 28 4
v 29 4
v 30 4
v 31 4
v 32 4
v 33 4
v 34 4
v 35 4
v 36 4
v 37 4
v 38 4
v 39 4
v 40 4
v 41 4
v 42 4
v 43 4
e 0 3 1
e 0 27 1
e 1 7 2
e 2 3 1
e 2 7 1
e 2 8 1
e 3 4 1
e 3 6 1
e 4 5 1
e 4 9 2
e 5 7 1
e 5 10 2
e 6 11 2
e 6 12 1
e 8 13 1
e 8 15 2
e 9 14 1
e 9 25 1
e 10 16 1
e 10 26 1
e 11 17 1
e 11 28 1
e 12 18 2
e 12 29 1
e 13 20 2
e 13 21 1
e 14 16 2
e 14 31 1
e 15 22 1
e 15 30 1
e 16 32 1
e 17 19 2
e 17 33 1
e 18 19 1
e 18 34 1
e 19 24 1
e 20 23 1
e 20 35 1
e 21 36 1
e 21 37 1
e 21 38 1
e 22 23 2
e 22 39 1
e 23 40 1
e 24 41 1
e 24 42 1
e 24 43 1
t # 46024
v 0 12
v 1 1
v 2 2
v 3 3
v 4 3
v 5 3
v 6 3
v 7 3
v 8 3
v 9 3
v 10 3
v 11 3
v 12 3
v 13 3
v 14 3
v 15 3
v 16 4
v 17 4
v 18 4
v 19 4
v 20 4
v 21 4
v 22 4
v 23 4
v 24 4
v 25 4
v 26 4
v 27 4
v 28 4
v 29 4
v 30 4
v 31 4
e 0 3 1
e 1 9 2
e 2 3 1
e 2 4 1
e 2 8 1
e 3 5 1
e 3 16 1
e 4 6 1
e 4 17 1
e 4 18 1
e 5 7 1
e 5 19 1
e 5 20 1
e 6 7 1
e 6 21 1
e 6 22 1
e 7 23 1
e 7 24 1
e 8 9 1
e 8 25 1
e 8 26 1
e 9 10 1
e 10 11 2
e 10 12 1
e 11 13 1
e 11 27 1
e 12 14 2
e 12 28 1
e 13 15 2
e 13 29 1
e 14 15 1
e 14 30 1
e 15 31 1
t # 46025
v 0 1
v 1 1
v 2 2
v 3 3
v 4 3
v 5 3
v 6 3
v 7 3
v 8 3
v 9 3
v 10 3
v 11 3
v 12 3
v 13 3
v 14 3
v 15 3
v 16 3
v 17 3
v 18 4
v 19 4
v 20 4
v 21 4
v 22 4
v 23 4
v 24 4
v 25 4
v 26 4
v 27 4
v 28 4
v 29 4
v 30 4
v 31 4
v 32 4
v 33 4
v 34 4
v 35 4
v 36 4
e 0 12 1
e 0 16 1
e 1 12 2
e 3 4 1
e 3 5 1
e 3 12 1
e 3 15 1
e 4 6 1
e 4 8 1
e 4 18 1
e 5 7 1
e 5 9 1
e 5 19 1
e 6 10 1
e 6 20 1
e 6 21 1
e 7 11 1
e 7 22 1
e 7 23 1
e 8 13 2
e 8 24 1
e 9 14 2
e 9 25 1
e 10 13 1
e 10 26 1
e 10 27 1
e 11 14 1
e 11 28 1
e 11 29 1
e 13 30 1
e 14 31 1
e 16 17 1
e 16 32 1
e 16 33 1
e 17 34 1
e 17 35 1
e 17 36 1
t # 46026
v 0 12
v 1 12
v 2 12
v 3 12
v 4 12
v 5 12
v 6 1
v 7 1
v 8 1
v 9 1
v 10 3
v 11 3
v 12 3
v 13 3
v 14 3
v 15 3
v 16 3
v 17 3
v 18 3
v 19 3
v 20 3
v 21 3
v 22 3
v 23 3
v 24 3
v 25 3
v 26 4
v 27 4
v 28 4
v 29 4
v 30 4
v 31 4
e 0 12 1
e 1 13 1
e 2 14 1
e 3 15 1
e 4 20 1
e 5 21 1
e 6 10 1
e 6 22 1
e 7 11 1
e 7 23 1
e 8 22 2
e 9 23 2
e 10 12 2
e 10 14 1
e 11 13 2
e 11 15 1
e 12 16 1
e 13 17 1
e 14 18 2
e 15 19 2
e 16 20 2
e 16 26 1
e 17 21 2
e 17 27 1
e 18 20 1
e 18 28 1
e 19 21 1
e 19 29 1
e 22 24 1
e 23 25 1
e 24 25 2
e 24 30 1
e 25 31 1
t # 46027
v 0 12
v 1 11
v 2 1
v 3 1
v 4 1
v 5 1
v 6 2
v 7 2
v 8 3
v 9 3
v 10 3
v 11 3
v 12 3
v 13 3
v 14 3
v 15 3
v 16 3
v 17 3
v 18 3
v 19 3
v 20 3
v 21 3
v 22 3
v 23 3
v 24 3
v 25 3
v 26 3
v 27 3
v 28 3
v 29 4
v 30 4
v 31 4
v 32 4
v 33 4
v 34 4
v 35 4
v 36 4
v 37 4
v 38 4
v 39 4
v 40 4
v 41 4
v 42 4
v 43 4
e 0 27 1
e 1 3 2
e 1 4 2
e 1 10 1
e 2 11 1
e 2 23 1
e 5 23 2
e 6 8 1
e 6 29 1
e 7 11 2
e 7 16 1
e 8 9 1
e 8 12 2
e 9 11 1
e 9 13 2
e 10 14 2
e 10 15 1
e 12 21 1
e 12 30 1
e 13 22 1
e 13 31 1
e 14 19 1
e 14 32 1
e 15 20 2
e 15 33 1
e 16 17 2
e 16 24 1
e 17 23 1
e 17 25 1
e 18 19 2
e 18 20 1
e 18 26 1
e 19 34 1
e 20 35 1
e 21 22 2
e 21 36 1
e 22 37 1
e 24 27 2
e 24 38 1
e 25 28 2
e 25 39 1
e 26 40 1
e 26 41 1
e 26 42 1
e 27 28 1
e 28 43 1
t # 46028
v 0 1
v 1 1
v 2 1
v 3 1
v 4 2
v 5 2
v 6 2
v 7 2
v 8 2
v 9 3
v 10 3
v 11 3
v 12 3
v 13 3
v 14 3
v 15 3
v 16 3
v 17 3
v 18 3
v 19 3
v 20 3
v 21 3
v 22 3
v 23 3
v 24 3
v 25 3
v 26 3
v 27 3
v 28 3
v 29 3
v 30 3
v 31 3
v 32 4
v 33 4
v 34 4
v 35 4
v 36 4
v 37 4
v 38 4
v 39 4
v 40 4
v 41 4
v 42 4
v 43 4
v 44 4
v 45 4
v 46 4
v 47 4
v 48 4
e 0 15 2
e 1 16 2
e 2 17 2
e 3 18 2
e 4 13 1
e 4 15 1
e 4 16 1
e 5 14 1
e 5 17 1
e 5 18 1
e 6 13 1
e 6 23 1
e 6 36 1
e 7 14 1
e 7 24 1
e 7 37 1
e 8 23 2
e 8 24 1
e 9 10 1
e 9 15 1
e 9 19 2
e 10 16 1
e 10 20 2
e 11 12 1
e 11 17 1
e 11 21 2
e 12 18 1
e 12 22 2
e 13 32 1
e 13 33 1
e 14 34 1
e 14 35 1
e 19 25 1
e 19 38 1
e 20 26 1
e 20 39 1
e 21 27 1
e 21 40 1
e 22 28 1
e 22 41 1
e 23 29 1
e 24 30 2
e 25 26 2
e 25 42 1
e 26 43 1
e 27 28 2
e 27 44 1
e 28 45 1
e 29 31 2
e 29 46 1
e 30 31 1
e 30 47 1
e 31 48 1
t # 46029
v 0 1
v 1 1
v 2 1
v 3 1
v 4 1
v 5 2
v 6 2
v 7 3
v 8 3
v 9 3
v 10 3
v 11 3
v 12 3
v 13 3
v 14 3
v 15 3
v 16 3
v 17 3
v 18 3
v 19 3
v 20 3
v 21 3
v 22 3
v 23 3
v 24 3
v 25 3
v 26 3
v 27 3
v 28 3
v 29 3
v 30 3
v 31 4
v 32 4
v 33 4
v 34 4
v 35 4
v 36 4
v 37 4
v 38 4
v 39 4
v 40 4
v 41 4
v 42 4
v 43 4
v 44 4
v 45 4
v 46 4
v 47 4
v 48 4
v 49 4
v 50 4
v 51 4
v 52 4
v 53 4
v 54 4
v 55 4
v 56 4
v 57 4
v 58 4
v 59 4
v 60 4
e 0 7 1
e 0 13 1
e 1 15 2
e 2 22 1
e 2 28 1
e 3 23 1
e 3 29 1
e 4 26 1
e 4 30 1
e 5 7 1
e 5 12 1
e 5 15 1
e 6 10 1
e 6 11 1
e 6 14 1
e 7 8 1
e 7 9 1
e 8 10 1
e 8 31 1
e 8 32 1
e 9 11 1
e 9 33 1
e 9 34 1
e 10 35 1
e 10 36 1
e 11 37 1
e 11 38 1
e 12 13 1
e 12 39 1
e 12 40 1
e 13 41 1
e 13 42 1
e 14 16 1
e 14 43 1
e 14 44 1
e 15 17 1
e 16 18 2
e 16 19 1
e 17 20 2
e 17 21 1
e 18 24 1
e 18 45 1
e 19 25 2
e 19 46 1
e 20 23 1
e 20 47 1
e 21 22 2
e 21 48 1
e 22 26 1
e 23 26 2
e 24 27 2
e 24 49 1
e 25 27 1
e 25 50 1
e 27 51 1
e 28 52 1
e 28 53 1
e 28 54 1
e 29 55 1
e 29 56 1
e 29 57 1
e 30 58 1
e 30 59 1
e 30 60 1
t # 46030
v 0 11
v 1 1
v 2 1
v 3 1
v 4 2
v 5 2
v 6 3
v 7 3
v 8 3
v 9 3
v 10 3
v 11 3
v 12 3
v 13 3
v 14 3
v 15 3
v 16 3
v 17 3
v 18 3
v 19 3
v 20 3
v 21 3
v 22 3
v 23 3
v 24 3
v 25 3
v 26 3
v 27 3
v 28 3
v 29 3
v 30 4
v 31 4
v 32 4
v 33 4
v 34 4
v 35 4
v 36 4
v 37 4
v 38 4
v 39 4
v 40 4
v 41 4
v 42 4
v 43 4
v 44 4
v 45 4
v 46 4
v 47 4
v 48 4
v 49 4
v 50 4
v 51 4
v 52 4
v 53 4
v 54 4
v 55 4
v 56 4
v 57 4
v 58 4
v 59 4
e 0 2 2
e 0 3 2
e 0 19 1
e 1 11 2
e 4 9 1
e 4 10 1
e 5 11 1
e 5 13 1
e 5 14 1
e 6 7 1
e 6 8 1
e 6 11 1
e 6 12 1
e 7 9 1
e 7 30 1
e 7 31 1
e 8 10 1
e 8 32 1
e 8 33 1
e 9 34 1
e 9 35 1
e 10 36 1
e 10 37 1
e 12 17 1
e 12 18 2
e 13 15 1
e 13 38 1
e 13 39 1
e 14 16 1
e 14 40 1
e 14 41 1
e 15 16 1
e 15 42 1
e 15 43 1
e 16 44 1
e 16 45 1
e 17 20 2
e 17 46 1
e 18 21 1
e 18 47 1
e 19 23 2
e 19 24 1
e 20 22 1
e 20 25 1
e 21 22 2
e 21 48 1
e 22 49 1
e 23 26 1
e 23 50 1
e 24 27 2
e 24 51 1
e 25 52 1
e 25 53 1
e 25 54 1
e 26 28 2
e 26 55 1
e 27 28 1
e 27 56 1
e 28 29 1
e 29 57 1
e 29 58 1
e 29 59 1
t # 46031
v 0 12
v 1 1
v 2 1
v 3 2
v 4 2
v 5 3
v 6 3
v 7 3
v 8 3
v 9 3
v 10 3
v 11 3
v 12 3
v 13 3
v 14 3
v 15 3
v 16 3
v 17 3
v 18 3
v 19 3
v 20 3
v 21 3
v 22 3
v 23 3
v 24 3
v 25 3
v 26 4
v 27 4
v 28 4
v 29 4
v 30 4
v 31 4
v 32 4
v 33 4
v 34 4
v 35 4
v 36 4
v 37 4
v 38 4
v 39 4
v 40 4
v 41 4
v 42 4
v 43 4
v 44 4
v 45 4
v 46 4
v 47 4
v 48 4
v 49 4
v 50 4
v 51 4
v 52 4
v 53 4
v 54 4
e 0 19 1
e 1 21 2
e 2 22 2
e 3 14 1
e 3 17 1
e 3 48 1
e 4 18 1
e 4 25 2
e 5 6 1
e 5 7 1
e 5 26 1
e 5 27 1
e 6 8 1
e 6 28 1
e 6 29 1
e 7 9 1
e 7 30 1
e 7 31 1
e 8 10 1
e 8 32 1
e 8 33 1
e 9 11 1
e 9 34 1
e 9 35 1
e 10 12 1
e 10 36 1
e 10 37 1
e 11 13 1
e 11 38 1
e 11 39 1
e 12 14 1
e 12 40 1
e 12 41 1
e 13 15 1
e 13 42 1
e 13 43 1
e 14 44 1
e 14 45 1
e 15 16 1
e 15 46 1
e 15 47 1
e 16 49 1
e 16 50 1
e 16 51 1
e 17 18 1
e 17 19 2
e 18 20 2
e 19 21 1
e 20 22 1
e 20 23 1
e 21 22 1
e 23 24 2
e 23 52 1
e 24 25 1
e 24 53 1
e 25 54 1
t # 46032
v 0 11
v 1 11
v 2 1
v 3 1
v 4 1
v 5 2
v 6 2
v 7 3
v 8 3
v 9 3
v 10 3
v 11 3
v 12 3
v 13 4
v 14 4
v 15 4
v 16 4
v 17 4
v 18 4
v 19 4
v 20 4
v 21 4
v 22 4
v 23 4
v 24 4
e 0 12 1
e 1 3 2
e 1 4 2
e 2 24 1
e 5 9 1
e 5 11 1
e 5 21 1
e 6 10 1
e 6 11 2
e 7 8 1
e 7 9 1
e 7 13 1
e 7 14 1
e 8 10 1
e 8 15 1
e 8 16 1
e 9 17 1
e 9 18 1
e 10 19 1
e 10 20 1
e 11 12 1
e 12 22 1
e 12 23 1
t # 46033
v 0 12
v 1 1
v 2 1
v 3 1
v 4 2
v 5 2
v 6 3
v 7 3
v 8 3
v 9 3
v 10 3
v 11 3
v 12 3
v 13 3
v 14 3
v 15 3
v 16 3
v 17 3
v 18 3
v 19 3
v 20 3
v 21 3
v 22 3
v 23 3
v 24 3
v 25 3
v 26 3
v 27 3
v 28 3
v 29 3
v 30 3
v 31 3
v 32 3
v 33 4
v 34 4
v 35 4
v 36 4
v 37 4
v 38 4
v 39 4
v 40 4
v 41 4
v 42 4
v 43 4
v 44 4
v 45 4
v 46 4
v 47 4
v 48 4
v 49 4
v 50 4
v 51 4
v 52 4
v 53 4
v 54 4
v 55 4
v 56 4
v 57 4
v 58 4
v 59 4
v 60 4
v 61 4
v 62 4
v 63 4
v 64 4
v 65 4
v 66 4
v 67 4
e 0 32 1
e 1 7 1
e 1 49 1
e 2 19 1
e 2 28 1
e 3 22 1
e 3 31 1
e 4 6 1
e 4 8 1
e 4 9 1
e 5 17 1
e 5 18 2
e 6 7 1
e 6 33 1
e 6 34 1
e 7 12 1
e 7 35 1
e 8 10 1
e 8 36 1
e 8 37 1
e 9 11 1
e 9 38 1
e 9 39 1
e 10 14 1
e 10 40 1
e 10 41 1
e 11 15 1
e 11 42 1
e 11 43 1
e 12 13 1
e 12 16 2
e 13 17 1
e 13 19 2
e 14 20 1
e 14 44 1
e 14 45 1
e 15 21 1
e 15 46 1
e 15 47 1
e 16 18 1
e 16 48 1
e 17 22 2
e 18 24 1
e 19 23 1
e 20 50 1
e 20 51 1
e 20 52 1
e 21 53 1
e 21 54 1
e 21 55 1
e 22 25 1
e 23 25 2
e 23 56 1
e 24 26 2
e 24 27 1
e 25 57 1
e 26 29 1
e 26 58 1
e 27 30 2
e 27 59 1
e 28 60 1
e 28 61 1
e 28 62 1
e 29 32 2
e 29 63 1
e 30 32 1
e 30 64 1
e 31 65 1
e 31 66 1
e 31 67 1
t # 46034
v 0 1
v 1 1
v 2 2
v 3 2
v 4 3
v 5 3
v 6 3
v 7 3
v 8 3
v 9 3
v 10 3
v 11 3
v 12 3
v 13 3
v 14 3
v 15 3
v 16 3
v 17 3
v 18 4
v 19 4
v 20 4
v 21 4
v 22 4
v 23 4
v 24 4
v 25 4
v 26 4
v 27 4
v 28 4
v 29 4
v 30 4
v 31 4
e 0 4 1
e 0 10 1
e 1 11 2
e 2 10 1
e 2 14 2
e 3 11 1
e 3 14 1
e 3 27 1
e 4 5 1
e 4 8 1
e 4 9 1
e 5 6 1
e 5 7 1
e 5 18 1
e 6 10 2
e 6 11 1
e 7 12 2
e 7 13 1
e 8 19 1
e 8 20 1
e 8 21 1
e 9 22 1
e 9 23 1
e 9 24 1
e 12 15 1
e 12 25 1
e 13 16 2
e 13 26 1
e 14 28 1
e 15 17 2
e 15 29 1
e 16 17 1
e 16 30 1
e 17 31 1
t # 46035
v 0 1
v 1 1
v 2 2
v 3 2
v 4 3
v 5 3
v 6 3
v 7 3
v 8 3
v 9 3
v 10 3
v 11 3
v 12 3
v 13 3
v 14 3
v 15 3
v 16 3
v 17 3
v 18 3
v 19 4
v 20 4
v 21 4
v 22 4
v 23 4
v 24 4
v 25 4
v 26 4
v 27 4
v 28 4
v 29 4
v 30 4
v 31 4
v 32 4
v 33 4
v 34 4
e 0 4 1
e 0 10 1
e 1 11 2
e 2 10 1
e 2 14 2
e 3 11 1
e 3 14 1
e 3 28 1
e 4 5 1
e 4 8 1
e 4 9 1
e 5 6 1
e 5 7 1
e 5 19 1
e 6 10 2
e 6 11 1
e 7 12 2
e 7 13 1
e 8 20 1
e 8 21 1
e 8 22 1
e 9 23 1
e 9 24 1
e 9 25 1
e 12 15 1
e 12 26 1
e 13 16 2
e 13 27 1
e 14 18 1
e 15 17 2
e 15 29 1
e 16 17 1
e 16 30 1
e 17 31 1
e 18 32 1
e 18 33 1
e 18 34 1
t # 46036
v 0 1
v 1 2
v 2 3
v 3 3
v 4 3
v 5 3
v 6 3
v 7 3
v 8 3
v 9 3
v 10 3
v 11 4
v 12 4
v 13 4
v 14 4
v 15 4
v 16 4
v 17 4
v 18 4
v 19 4
e 0 8 2
e 1 8 1
e 1 16 1
e 1 17 1
e 2 4 2
e 2 5 1
e 2 8 1
e 3 6 2
e 3 7 1
e 3 9 1
e 4 6 1
e 4 11 1
e 5 7 2
e 5 12 1
e 6 13 1
e 7 14 1
e 9 10 2
e 9 15 1
e 10 18 1
e 10 19 1
t # 46037
v 0 1
v 1 2
v 2 2
v 3 3
v 4 3
v 5 3
v 6 3
v 7 3
v 8 3
v 9 3
v 10 3
v 11 3
v 12 3
v 13 3
v 14 3
v 15 3
v 16 3
v 17 3
v 18 3
v 19 3
v 20 3
v 21 3
v 22 3
v 23 3
v 24 3
v 25 3
v 26 4
v 27 4
v 28 4
v 29 4
v 30 4
v 31 4
v 32 4
v 33 4
v 34 4
v 35 4
v 36 4
v 37 4
v 38 4
v 39 4
v 40 4
v 41 4
v 42 4
v 43 4
v 44 4
v 45 4
v 46 4
v 47 4
v 48 4
v 49 4
e 0 10 2
e 1 3 1
e 1 10 1
e 1 12 1
e 2 13 2
e 2 14 1
e 3 4 1
e 3 5 1
e 3 26 1
e 4 6 1
e 4 9 1
e 4 27 1
e 5 7 1
e 5 28 1
e 5 29 1
e 6 8 1
e 6 30 1
e 6 31 1
e 7 8 1
e 7 32 1
e 7 33 1
e 8 34 1
e 8 35 1
e 9 11 2
e 9 13 1
e 10 11 1
e 11 36 1
e 12 37 1
e 12 38 1
e 12 39 1
e 13 40 1
e 14 15 2
e 14 16 1
e 15 18 1
e 15 41 1
e 16 19 2
e 16 42 1
e 17 18 2
e 17 19 1
e 17 20 1
e 18 43 1
e 19 44 1
e 20 21 2
e 20 22 1
e 21 23 1
e 21 45 1
e 22 24 2
e 22 46 1
e 23 25 2
e 23 47 1
e 24 25 1
e 24 48 1
e 25 49 1
t # 46038
v 0 18
v 1 18
v 2 1
v 3 2
v 4 3
v 5 3
v 6 3
v 7 3
v 8 3
v 9 3
v 10 4
v 11 4
v 12 4
v 13 4
v 14 4
e 2 7 2
e 3 4 1
e 3 7 1
e 3 10 1
e 4 5 2
e 4 6 1
e 5 8 1
e 6 11 1
e 6 12 1
e 6 13 1
e 7 9 1
e 8 9 2
e 8 14 1
t # 46039
v 0 1
v 1 2
v 2 3
v 3 3
v 4 3
v 5 3
v 6 3
v 7 3
v 8 3
v 9 4
v 10 4
v 11 4
v 12 4
v 13 4
v 14 4
v 15 4
v 16 4
v 17 4
e 0 3 2
e 1 3 1
e 1 4 1
e 1 7 1
e 2 3 1
e 2 5 2
e 2 8 1
e 4 6 2
e 4 9 1
e 5 6 1
e 5 10 1
e 6 11 1
e 7 12 1
e 7 13 1
e 7 14 1
e 8 15 1
e 8 16 1
e 8 17 1
t # 46040
v 0 1
v 1 1
v 2 1
v 3 2
v 4 3
v 5 3
v 6 3
v 7 3
v 8 3
v 9 3
v 10 3
v 11 3
v 12 3
v 13 3
v 14 3
v 15 3
v 16 3
v 17 3
v 18 4
v 19 4
v 20 4
v 21 4
v 22 4
v 23 4
v 24 4
v 25 4
v 26 4
v 27 4
v 28 4
v 29 4
v 30 4
v 31 4
v 32 4
e 0 15 1
e 0 16 1
e 1 8 2
e 2 15 2
e 3 4 1
e 3 7 1
e 3 8 1
e 4 5 1
e 4 10 2
e 5 6 1
e 5 11 2
e 6 9 2
e 6 12 1
e 7 15 1
e 7 18 1
e 7 19 1
e 8 9 1
e 9 20 1
e 10 13 1
e 10 21 1
e 11 14 1
e 11 22 1
e 12 23 1
e 12 24 1
e 12 25 1
e 13 14 2
e 13 26 1
e 14 27 1
e 16 17 1
e 16 28 1
e 16 29 1
e 17 30 1
e 17 31 1
e 17 32 1
t # 46041
v 0 12
v 1 1
v 2 2
v 3 3
v 4 3
v 5 3
v 6 3
v 7 3
v 8 3
v 9 3
v 10 3
v 11 3
v 12 3
v 13 3
v 14 4
v 15 4
v 16 4
v 17 4
v 18 4
v 19 4
v 20 4
v 21 4
v 22 4
v 23 4
e 0 11 1
e 1 10 2
e 2 3 1
e 2 10 1
e 2 14 1
e 3 4 2
e 3 6 1
e 4 5 1
e 4 7 1
e 5 8 2
e 5 13 1
e 6 9 2
e 6 12 1
e 7 11 2
e 7 15 1
e 8 10 1
e 8 16 1
e 9 11 1
e 9 17 1
e 12 18 1
e 12 19 1
e 12 20 1
e 13 21 1
e 13 22 1
e 13 23 1
t # 46042
v 0 1
v 1 1
v 2 3
v 3 3
v 4 3
v 5 3
v 6 3
v 7 3
v 8 3
v 9 3
v 10 3
v 11 3
v 12 4
v 13 4
v 14 4
v 15 4
v 16 4
v 17 4
v 18 4
v 19 4
v 20 4
v 21 4
v 22 4
v 23 4
v 24 4
v 25 4
v 26 4
v 27 4
v 28 4
v 29 4
e 0 7 2
e 1 10 2
e 2 3 1
e 2 4 1
e 2 6 1
e 2 12 1
e 3 5 1
e 3 13 1
e 3 14 1
e 4 7 1
e 4 15 1
e 4 16 1
e 5 8 1
e 5 17 1
e 5 18 1
e 6 19 1
e 6 20 1
e 6 21 1
e 7 9 1
e 8 22 1
e 8 23 1
e 8 24 1
e 9 10 1
e 9 25 1
e 9 26 1
e 10 11 1
e 11 27 1
e 11 28 1
e 11 29 1
t # 46043
v 0 1
v 1 1
v 2 2
v 3 2
v 4 3
v 5 3
v 6 3
v 7 3
v 8 3
v 9 3
v 10 3
v 11 3
v 12 3
v 13 3
v 14 3
v 15 3
v 16 3
v 17 3
v 18 3
v 19 3
v 20 3
v 21 3
v 22 3
v 23 3
v 24 3
v 25 3
v 26 3
v 27 3
v 28 3
v 29 3
v 30 3
v 31 3
v 32 3
v 33 4
v 34 4
v 35 4
v 36 4
v 37 4
v 38 4
v 39 4
v 40 4
v 41 4
v 42 4
v 43 4
v 44 4
v 45 4
v 46 4
v 47 4
v 48 4
v 49 4
v 50 4
v 51 4
v 52 4
v 53 4
v 54 4
v 55 4
v 56 4
v 57 4
v 58 4
v 59 4
v 60 4
v 61 4
v 62 4
v 63 4
v 64 4
v 65 4
v 66 4
v 67 4
v 68 4
v 69 4
v 70 4
v 71 4
v 72 4
v 73 4
v 74 4
v 75 4
v 76 4
v 77 4
v 78 4
e 0 31 2
e 1 32 2
e 2 13 1
e 2 14 1
e 2 19 1
e 3 15 1
e 3 16 1
e 3 20 1
e 4 6 1
e 4 8 1
e 4 9 1
e 4 33 1
e 5 7 1
e 5 10 1
e 5 11 1
e 5 34 1
e 6 12 1
e 6 35 1
e 6 36 1
e 7 12 1
e 7 37 1
e 7 38 1
e 8 13 1
e 8 39 1
e 8 40 1
e 9 14 1
e 9 41 1
e 9 42 1
e 10 15 1
e 10 43 1
e 10 44 1
e 11 16 1
e 11 45 1
e 11 46 1
e 12 47 1
e 12 48 1
e 13 49 1
e 13 50 1
e 14 51 1
e 14 52 1
e 15 53 1
e 15 54 1
e 16 55 1
e 16 56 1
e 17 21 1
e 17 23 1
e 17 27 1
e 17 28 1
e 18 22 1
e 18 24 1
e 18 29 1
e 18 30 1
e 19 21 1
e 19 25 2
e 20 22 1
e 20 26 2
e 21 57 1
e 21 58 1
e 22 59 1
e 22 60 1
e 23 31 1
e 23 61 1
e 23 62 1
e 24 32 1
e 24 63 1
e 24 64 1
e 25 31 1
e 25 65 1
e 26 32 1
e 26 66 1
e 27 67 1
e 27 68 1
e 27 69 1
e 28 70 1
e 28 71 1
e 28 72 1
e 29 73 1
e 29 74 1
e 29 75 1
e 30 76 1
e 30 77 1
e 30 78 1
t # 46044
v 0 11
v 1 1
v 2 1
v 3 1
v 4 1
v 5 2
v 6 2
v 7 2
v 8 2
v 9 2
v 10 3
v 11 3
v 12 3
v 13 3
v 14 3
v 15 3
v 16 3
v 17 3
v 18 3
v 19 3
v 20 3
v 21 3
v 22 3
v 23 3
v 24 3
v 25 3
v 26 3
v 27 3
v 28 3
v 29 3
v 30 3
v 31 4
v 32 4
v 33 4
v 34 4
v 35 4
v 36 4
v 37 4
v 38 4
v 39 4
v 40 4
v 41 4
v 42 4
v 43 4
v 44 4
v 45 4
v 46 4
v 47 4
v 48 4
v 49 4
e 0 3 2
e 0 4 2
e 0 16 1
e 1 13 2
e 2 14 2
e 5 10 1
e 5 13 1
e 5 14 1
e 6 10 1
e 6 15 1
e 6 33 1
e 7 25 1
e 7 42 1
e 8 25 1
e 8 26 2
e 9 25 2
e 9 27 1
e 10 31 1
e 10 32 1
e 11 12 1
e 11 13 1
e 11 17 2
e 12 14 1
e 12 18 2
e 15 19 2
e 15 20 1
e 16 21 2
e 16 22 1
e 17 23 1
e 17 34 1
e 18 24 1
e 18 35 1
e 19 21 1
e 19 36 1
e 20 22 2
e 20 37 1
e 21 38 1
e 22 39 1
e 23 24 2
e 23 40 1
e 24 41 1
e 26 28 1
e 26 29 1
e 27 28 2
e 27 30 1
e 28 43 1
e 29 44 1
e 29 45 1
e 29 46 1
e 30 47 1
e 30 48 1
e 30 49 1
t # 46045
v 0 11
v 1 11
v 2 11
v 3 11
v 4 11
v 5 11
v 6 11
v 7 11
v 8 3
v 9 3
v 10 3
v 11 3
v 12 3
v 13 3
v 14 3
v 15 3
v 16 3
v 17 3
v 18 3
v 19 3
v 20 3
v 21 3
v 22 3
v 23 3
v 24 3
v 25 3
v 26 3
v 27 3
v 28 3
v 29 3
v 30 3
v 31 3
v 32 3
v 33 3
v 34 3
v 35 3
v 36 4
v 37 4
v 38 4
v 39 4
v 40 4
v 41 4
v 42 4
v 43 4
v 44 4
v 45 4
v 46 4
v 47 4
v 48 4
v 49 4
v 50 4
v 51 4
v 52 4
v 53 4
v 54 4
v 55 4
v 56 4
v 57 4
e 0 14 1
e 0 18 1
e 1 15 1
e 1 19 1
e 2 18 1
e 3 19 1
e 4 24 1
e 5 25 1
e 8 9 2
e 8 12 1
e 8 14 1
e 9 13 1
e 9 15 1
e 10 11 1
e 10 12 2
e 10 16 1
e 11 13 2
e 11 17 1
e 12 36 1
e 13 37 1
e 14 38 1
e 14 39 1
e 15 40 1
e 15 41 1
e 16 42 1
e 16 43 1
e 16 44 1
e 17 45 1
e 17 46 1
e 17 47 1
e 18 20 2
e 19 21 2
e 20 22 1
e 20 24 1
e 21 23 1
e 21 25 1
e 22 26 2
e 22 28 1
e 23 27 2
e 23 29 1
e 26 30 1
e 26 48 1
e 27 31 1
e 27 49 1
e 28 32 2
e 28 50 1
e 29 33 2
e 29 51 1
e 30 34 2
e 30 52 1
e 31 35 2
e 31 53 1
e 32 34 1
e 32 54 1
e 33 35 1
e 33 55 1
e 34 56 1
e 35 57 1
t # 46046
v 0 18
v 1 18
v 2 1
v 3 1
v 4 3
v 5 3
v 6 3
v 7 3
v 8 3
v 9 3
v 10 3
v 11 3
v 12 3
v 13 3
v 14 4
v 15 4
v 16 4
v 17 4
v 18 4
v 19 4
v 20 4
v 21 4
v 22 4
v 23 4
e 2 4 1
e 2 6 1
e 3 4 1
e 3 7 1
e 4 5 1
e 4 14 1
e 5 8 1
e 6 7 1
e 6 15 1
e 6 16 1
e 7 17 1
e 7 18 1
e 8 9 2
e 8 10 1
e 9 11 1
e 9 19 1
e 10 12 2
e 10 20 1
e 11 13 2
e 11 21 1
e 12 13 1
e 12 22 1
e 13 23 1
t # 46047
v 0 1
v 1 1
v 2 3
v 3 3
v 4 3
v 5 3
v 6 3
v 7 3
v 8 3
v 9 3
v 10 3
v 11 3
v 12 3
v 13 4
v 14 4
v 15 4
v 16 4
v 17 4
v 18 4
v 19 4
v 20 4
v 21 4
v 22 4
e 0 2 1
e 0 4 1
e 1 2 1
e 1 5 1
e 2 3 1
e 2 8 1
e 3 6 2
e 3 7 1
e 4 5 1
e 4 13 1
e 4 14 1
e 5 15 1
e 5 16 1
e 6 9 1
e 6 17 1
e 7 10 2
e 7 18 1
e 9 11 2
e 9 19 1
e 10 11 1
e 10 20 1
e 11 21 1
e 12 22 1
t # 46048
v 0 18
v 1 1
v 2 2
v 3 3
v 4 3
v 5 3
v 6 3
v 7 3
v 8 3
v 9 4
v 10 4
v 11 4
v 12 4
v 13 4
v 14 4
e 1 4 2
e 2 4 1
e 2 8 1
e 2 13 1
e 3 4 1
e 3 5 2
e 3 6 1
e 5 7 1
e 5 9 1
e 6 10 1
e 6 11 1
e 6 12 1
e 7 8 2
e 8 14 1
t # 46049
v 0 18
v 1 18
v 2 2
v 3 3
v 4 3
v 5 3
v 6 3
v 7 3
v 8 3
v 9 4
v 10 4
v 11 4
v 12 4
v 13 4
e 2 6 2
e 2 8 1
e 3 4 2
e 3 5 1
e 3 6 1
e 4 7 1
e 4 9 1
e 5 10 1
e 5 11 1
e 5 12 1
e 6 13 1
e 7 8 2
t # 46050
v 0 18
v 1 12
v 2 1
v 3 1
v 4 2
v 5 3
v 6 3
v 7 3
v 8 3
v 9 3
v 10 3
v 11 4
v 12 4
v 13 4
e 1 9 1
e 2 10 1
e 2 13 1
e 3 10 2
e 4 8 2
e 4 9 1
e 5 6 2
e 5 8 1
e 5 10 1
e 6 7 1
e 6 11 1
e 7 9 2
e 8 12 1
t # 46051
v 0 11
v 1 11
v 2 1
v 3 1
v 4 1
v 5 1
v 6 2
v 7 2
v 8 3
v 9 3
v 10 3
v 11 3
v 12 3
v 13 3
v 14 3
v 15 3
v 16 3
v 17 3
v 18 3
v 19 3
v 20 4
v 21 4
v 22 4
v 23 4
v 24 4
v 25 4
v 26 4
v 27 4
v 28 4
v 29 4
v 30 4
v 31 4
e 0 2 2
e 0 3 2
e 0 8 1
e 1 4 2
e 1 5 2
e 1 9 1
e 6 18 1
e 6 28 1
e 6 29 1
e 7 19 1
e 7 30 1
e 7 31 1
e 8 10 2
e 8 12 1
e 9 11 2
e 9 13 1
e 10 14 1
e 10 20 1
e 11 15 1
e 11 21 1
e 12 16 2
e 12 22 1
e 13 17 2
e 13 23 1
e 14 18 2
e 14 24 1
e 15 19 2
e 15 25 1
e 16 18 1
e 16 26 1
e 17 19 1
e 17 27 1
t # 46052
v 0 18
v 1 12
v 2 12
v 3 1
v 4 2
v 5 3
v 6 3
v 7 3
v 8 3
v 9 3
v 10 3
v 11 3
v 12 3
v 13 3
v 14 3
v 15 3
v 16 3
v 17 3
v 18 3
v 19 4
v 20 4
v 21 4
v 22 4
v 23 4
v 24 4
v 25 4
v 26 4
e 1 18 1
e 2 18 1
e 3 9 2
e 4 12 1
e 4 18 1
e 4 25 1
e 5 6 1
e 5 7 1
e 5 11 2
e 6 9 1
e 6 10 2
e 7 8 1
e 7 13 2
e 8 9 1
e 8 15 2
e 10 12 1
e 10 19 1
e 11 14 1
e 11 20 1
e 12 14 2
e 13 16 1
e 13 21 1
e 15 17 1
e 15 22 1
e 16 17 2
e 16 23 1
e 17 24 1
e 18 26 1
t # 46053
v 0 1
v 1 3
v 2 3
v 3 3
v 4 3
v 5 3
v 6 3
v 7 3
v 8 3
v 9 3
v 10 3
v 11 3
v 12 3
v 13 3
v 14 3
v 15 3
v 16 3
v 17 3
v 18 3
v 19 3
v 20 3
v 21 3
v 22 3
v 23 3
v 24 3
v 25 3
v 26 3
v 27 3
v 28 3
v 29 3
v 30 3
v 31 3
v 32 3
v 33 3
v 34 3
v 35 3
v 36 4
v 37 4
v 38 4
v 39 4
v 40 4
v 41 4
v 42 4
v 43 4
v 44 4
v 45 4
v 46 4
v 47 4
v 48 4
v 49 4
v 50 4
v 51 4
v 52 4
v 53 4
v 54 4
v 55 4
v 56 4
v 57 4
v 58 4
v 59 4
v 60 4
v 61 4
v 62 4
v 63 4
v 64 4
v 65 4
v 66 4
v 67 4
v 68 4
v 69 4
v 70 4
v 71 4
v 72 4
v 73 4
v 74 4
v 75 4
v 76 4
v 77 4
v 78 4
v 79 4
v 80 4
v 81 4
v 82 4
v 83 4
v 84 4
v 85 4
v 86 4
v 87 4
v 88 4
v 89 4
v 90 4
v 91 4
v 92 4
v 93 4
v 94 4
v 95 4
v 96 4
v 97 4
v 98 4
v 99 4
v 100 4
v 101 4
v 102 4
v 103 4
v 104 4
v 105 4
v 106 4
v 107 4
e 0 1 1
e 0 93 1
e 1 2 1
e 1 3 1
e 1 36 1
e 2 4 1
e 2 37 1
e 2 38 1
e 3 5 1
e 3 39 1
e 3 40 1
e 4 6 1
e 4 41 1
e 4 42 1
e 5 7 1
e 5 43 1
e 5 44 1
e 6 8 1
e 6 45 1
e 6 46 1
e 7 9 1
e 7 47 1
e 7 48 1
e 8 10 1
e 8 49 1
e 8 50 1
e 9 11 1
e 9 51 1
e 9 52 1
e 10 12 1
e 10 53 1
e 10 54 1
e 11 13 1
e 11 55 1
e 11 56 1
e 12 14 1
e 12 57 1
e 12 58 1
e 13 15 1
e 13 59 1
e 13 60 1
e 14 16 1
e 14 61 1
e 14 62 1
e 15 17 1
e 15 63 1
e 15 64 1
e 16 18 1
e 16 65 1
e 16 66 1
e 17 19 1
e 17 67 1
e 17 68 1
e 18 20 1
e 18 69 1
e 18 70 1
e 19 21 1
e 19 71 1
e 19 72 1
e 20 22 1
e 20 73 1
e 20 74 1
e 21 23 1
e 21 75 1
e 21 76 1
e 22 24 1
e 22 77 1
e 22 78 1
e 23 25 1
e 23 79 1
e 23 80 1
e 24 26 1
e 24 81 1
e 24 82 1
e 25 27 1
e 25 83 1
e 25 84 1
e 26 28 1
e 26 85 1
e 26 86 1
e 27 29 1
e 27 87 1
e 27 88 1
e 28 30 1
e 28 89 1
e 28 90 1
e 29 31 1
e 29 91 1
e 29 92 1
e 30 32 1
e 30 94 1
e 30 95 1
e 31 33 1
e 31 96 1
e 31 97 1
e 32 34 1
e 32 98 1
e 32 99 1
e 33 35 1
e 33 100 1
e 33 101 1
e 34 102 1
e 34 103 1
e 34 104 1
e 35 105 1
e 35 106 1
e 35 107 1
t # 46054
v 0 11
v 1 11
v 2 1
v 3 1
v 4 1
v 5 2
v 6 2
v 7 3
v 8 3
v 9 3
v 10 3
v 11 3
v 12 3
v 13 3
v 14 3
v 15 3
v 16 3
v 17 3
v 18 3
v 19 4
v 20 4
v 21 4
v 22 4
v 23 4
v 24 4
v 25 4
v 26 4
v 27 4
v 28 4
v 29 4
v 30 4
v 31 4
v 32 4
v 33 4
v 34 4
v 35 4
v 36 4
e 0 3 2
e 0 4 2
e 0 7 1
e 1 10 1
e 1 18 1
e 2 33 1
e 5 18 1
e 5 34 1
e 5 35 1
e 6 18 2
e 6 36 1
e 7 8 1
e 7 19 1
e 7 20 1
e 8 13 1
e 8 17 2
e 9 10 1
e 9 11 2
e 9 12 1
e 10 21 1
e 10 22 1
e 11 14 1
e 11 23 1
e 12 15 2
e 12 24 1
e 13 25 1
e 13 26 1
e 13 27 1
e 14 16 2
e 14 28 1
e 15 16 1
e 15 29 1
e 16 30 1
e 17 31 1
e 17 32 1
t # 46055
v 0 11
v 1 1
v 2 1
v 3 1
v 4 3
v 5 3
v 6 3
v 7 3
v 8 3
v 9 3
v 10 3
v 11 3
v 12 3
v 13 3
v 14 3
v 15 3
v 16 3
v 17 3
v 18 3
v 19 3
v 20 4
v 21 4
v 22 4
v 23 4
v 24 4
v 25 4
v 26 4
v 27 4
v 28 4
v 29 4
v 30 4
v 31 4
v 32 4
v 33 4
v 34 4
v 35 4
v 36 4
v 37 4
v 38 4
v 39 4
v 40 4
v 41 4
v 42 4
v 43 4
e 0 2 2
e 0 3 2
e 0 14 1
e 1 5 1
e 4 5 1
e 4 6 1
e 4 10 1
e 4 20 1
e 5 8 1
e 5 21 1
e 6 9 1
e 6 22 1
e 6 23 1
e 7 8 1
e 7 9 1
e 7 11 1
e 7 24 1
e 8 25 1
e 8 26 1
e 9 27 1
e 9 28 1
e 10 12 1
e 10 13 1
e 10 29 1
e 11 30 1
e 11 31 1
e 11 32 1
e 12 33 1
e 12 34 1
e 12 35 1
e 13 36 1
e 13 37 1
e 13 38 1
e 14 15 2
e 14 16 1
e 15 17 1
e 15 39 1
e 16 18 2
e 16 40 1
e 17 19 2
e 17 41 1
e 18 19 1
e 18 42 1
e 19 43 1
t # 46056
v 0 1
v 1 1
v 2 2
v 3 3
v 4 3
v 5 3
v 6 3
v 7 3
v 8 3
v 9 3
v 10 3
v 11 3
v 12 3
v 13 3
v 14 3
v 15 3
v 16 4
v 17 4
v 18 4
v 19 4
v 20 4
v 21 4
v 22 4
v 23 4
v 24 4
v 25 4
v 26 4
v 27 4
v 28 4
v 29 4
v 30 4
v 31 4
v 32 4
v 33 4
v 34 4
e 0 8 1
e 0 31 1
e 1 8 2
e 2 4 1
e 2 7 1
e 2 23 1
e 3 4 1
e 3 5 1
e 3 6 1
e 3 16 1
e 4 8 1
e 4 17 1
e 5 9 1
e 5 18 1
e 5 19 1
e 6 20 1
e 6 21 1
e 6 22 1
e 7 10 1
e 7 24 1
e 7 25 1
e 9 26 1
e 9 27 1
e 9 28 1
e 10 11 2
e 10 12 1
e 11 13 1
e 11 29 1
e 12 14 2
e 12 30 1
e 13 15 2
e 13 32 1
e 14 15 1
e 14 33 1
e 15 34 1
t # 46057
v 0 1
v 1 1
v 2 1
v 3 1
v 4 2
v 5 3
v 6 3
v 7 3
v 8 3
v 9 3
v 10 3
v 11 3
v 12 3
v 13 3
v 14 3
v 15 3
v 16 3
v 17 4
v 18 4
v 19 4
v 20 4
v 21 4
v 22 4
v 23 4
v 24 4
v 25 4
v 26 4
v 27 4
v 28 4
v 29 4
v 30 4
v 31 4
e 0 8 1
e 0 10 1
e 1 9 1
e 1 31 1
e 2 8 2
e 3 9 2
e 4 5 1
e 4 7 1
e 4 8 1
e 5 6 1
e 5 9 1
e 5 17 1
e 6 18 1
e 6 19 1
e 6 20 1
e 7 21 1
e 7 22 1
e 7 23 1
e 10 11 1
e 10 24 1
e 10 25 1
e 11 12 2
e 11 13 1
e 12 14 1
e 12 26 1
e 13 15 2
e 13 27 1
e 14 16 2
e 14 28 1
e 15 16 1
e 15 29 1
e 16 30 1
t # 46058
v 0 11
v 1 1
v 2 2
v 3 2
v 4 2
v 5 3
v 6 3
v 7 3
v 8 3
v 9 3
v 10 3
v 11 3
v 12 3
v 13 3
v 14 3
v 15 3
v 16 3
v 17 3
v 18 3
v 19 4
v 20 4
v 21 4
v 22 4
v 23 4
v 24 4
v 25 4
v 26 4
v 27 4
v 28 4
v 29 4
v 30 4
v 31 4
v 32 4
v 33 4
e 0 11 1
e 0 18 1
e 1 14 2
e 2 5 1
e 2 14 1
e 2 22 1
e 3 7 1
e 3 14 1
e 3 23 1
e 4 7 2
e 4 17 1
e 5 8 2
e 5 9 1
e 6 10 2
e 6 15 1
e 6 16 1
e 7 10 1
e 8 12 1
e 8 19 1
e 9 13 2
e 9 20 1
e 10 21 1
e 11 12 2
e 11 13 1
e 12 24 1
e 13 25 1
e 15 17 2
e 15 26 1
e 16 27 1
e 16 28 1
e 16 29 1
e 17 30 1
e 18 31 1
e 18 32 1
e 18 33 1
t # 46059
v 0 11
v 1 14
v 2 14
v 3 14
v 4 1
v 5 1
v 6 1
v 7 3
v 8 3
v 9 3
v 10 3
v 11 3
v 12 3
v 13 3
v 14 3
v 15 3
v 16 3
v 17 3
v 18 3
v 19 3
v 20 3
v 21 3
v 22 3
v 23 4
v 24 4
v 25 4
v 26 4
v 27 4
v 28 4
v 29 4
v 30 4
v 31 4
v 32 4
v 33 4
v 34 4
v 35 4
v 36 4
v 37 4
e 0 5 2
e 0 6 2
e 0 10 1
e 4 7 1
e 7 8 1
e 7 9 1
e 7 23 1
e 8 11 2
e 8 12 1
e 10 16 2
e 10 17 1
e 11 14 1
e 11 24 1
e 12 15 2
e 12 25 1
e 13 14 2
e 13 15 1
e 13 21 1
e 14 26 1
e 15 27 1
e 16 19 1
e 16 28 1
e 17 20 2
e 17 29 1
e 18 19 2
e 18 20 1
e 18 22 1
e 19 30 1
e 20 31 1
e 21 32 1
e 21 33 1
e 21 34 1
e 22 35 1
e 22 36 1
e 22 37 1
t # 46060
v 0 11
v 1 14
v 2 14
v 3 14
v 4 1
v 5 1
v 6 1
v 7 3
v 8 3
v 9 3
v 10 3
v 11 3
v 12 3
v 13 3
v 14 3
v 15 3
v 16 3
v 17 3
v 18 3
v 19 3
v 20 3
v 21 3
v 22 4
v 23 4
v 24 4
v 25 4
v 26 4
v 27 4
v 28 4
v 29 4
v 30 4
v 31 4
v 32 4
v 33 4
v 34 4
e 0 5 2
e 0 6 2
e 0 9 1
e 4 7 1
e 7 8 1
e 7 10 1
e 7 22 1
e 8 11 2
e 8 12 1
e 9 13 2
e 9 14 1
e 11 18 1
e 11 23 1
e 12 19 2
e 12 24 1
e 13 16 1
e 13 25 1
e 14 17 2
e 14 26 1
e 15 16 2
e 15 17 1
e 15 21 1
e 16 27 1
e 17 28 1
e 18 20 2
e 18 29 1
e 19 20 1
e 19 30 1
e 20 31 1
e 21 32 1
e 21 33 1
e 21 34 1
t # 46061
v 0 11
v 1 1
v 2 1
v 3 1
v 4 3
v 5 3
v 6 3
v 7 3
v 8 3
v 9 3
v 10 3
v 11 3
v 12 3
v 13 3
v 14 3
v 15 3
v 16 3
v 17 3
v 18 3
v 19 3
v 20 4
v 21 4
v 22 4
v 23 4
v 24 4
v 25 4
v 26 4
v 27 4
v 28 4
v 29 4
v 30 4
v 31 4
v 32 4
v 33 4
v 34 4
v 35 4
v 36 4
v 37 4
e 0 2 2
e 0 3 2
e 0 7 1
e 1 6 1
e 4 5 1
e 4 6 1
e 4 20 1
e 4 21 1
e 5 8 2
e 5 9 1
e 6 22 1
e 6 23 1
e 7 13 2
e 7 14 1
e 8 11 1
e 8 24 1
e 9 12 2
e 9 25 1
e 10 11 2
e 10 12 1
e 10 18 1
e 11 26 1
e 12 27 1
e 13 16 1
e 13 28 1
e 14 17 2
e 14 29 1
e 15 16 2
e 15 17 1
e 15 19 1
e 16 30 1
e 17 31 1
e 18 32 1
e 18 33 1
e 18 34 1
e 19 35 1
e 19 36 1
e 19 37 1
t # 46062
v 0 12
v 1 11
v 2 14
v 3 14
v 4 14
v 5 1
v 6 1
v 7 1
v 8 3
v 9 3
v 10 3
v 11 3
v 12 3
v 13 3
v 14 3
v 15 3
v 16 3
v 17 3
v 18 3
v 19 3
v 20 3
v 21 3
v 22 3
v 23 4
v 24 4
v 25 4
v 26 4
v 27 4
v 28 4
v 29 4
v 30 4
v 31 4
v 32 4
v 33 4
v 34 4
e 0 21 1
e 1 6 2
e 1 7 2
e 1 10 1
e 5 8 1
e 8 9 1
e 8 11 1
e 8 23 1
e 9 12 2
e 9 13 1
e 10 14 2
e 10 15 1
e 12 19 1
e 12 24 1
e 13 20 2
e 13 25 1
e 14 17 1
e 14 26 1
e 15 18 2
e 15 27 1
e 16 17 2
e 16 18 1
e 16 22 1
e 17 28 1
e 18 29 1
e 19 21 2
e 19 30 1
e 20 21 1
e 20 31 1
e 22 32 1
e 22 33 1
e 22 34 1
t # 46063
v 0 14
v 1 3
v 2 3
v 3 3
v 4 3
v 5 3
v 6 3
v 7 3
v 8 3
v 9 3
v 10 4
v 11 4
v 12 4
v 13 4
v 14 4
v 15 4
v 16 4
v 17 4
v 18 4
v 19 4
v 20 4
e 1 2 1
e 1 3 1
e 1 5 2
e 2 6 1
e 2 10 1
e 2 11 1
e 3 4 2
e 3 12 1
e 4 7 1
e 4 9 1
e 5 8 1
e 5 13 1
e 6 14 1
e 6 15 1
e 7 8 2
e 7 16 1
e 8 17 1
e 9 18 1
e 9 19 1
e 9 20 1
t # 46064
v 0 14
v 1 1
v 2 3
v 3 3
v 4 3
v 5 3
v 6 3
v 7 3
v 8 3
v 9 3
v 10 3
v 11 4
v 12 4
v 13 4
v 14 4
v 15 4
v 16 4
v 17 4
v 18 4
v 19 4
v 20 4
v 21 4
e 1 7 1
e 1 10 1
e 2 3 1
e 2 4 2
e 2 5 1
e 3 6 1
e 3 11 1
e 3 12 1
e 4 8 1
e 4 13 1
e 5 9 2
e 5 14 1
e 6 15 1
e 6 16 1
e 7 8 2
e 7 9 1
e 8 17 1
e 9 18 1
e 10 19 1
e 10 20 1
e 10 21 1
t # 46065
v 0 14
v 1 14
v 2 14
v 3 3
v 4 3
v 5 3
v 6 3
v 7 3
v 8 3
v 9 3
v 10 3
v 11 4
v 12 4
v 13 4
v 14 4
v 15 4
v 16 4
v 17 4
e 3 4 1
e 3 5 1
e 3 11 1
e 3 12 1
e 4 6 2
e 4 7 1
e 5 13 1
e 6 8 1
e 6 14 1
e 7 9 2
e 7 15 1
e 8 10 2
e 8 16 1
e 9 10 1
e 9 17 1
t # 46066
v 0 12
v 1 12
v 2 1
v 3 1
v 4 1
v 5 2
v 6 3
v 7 3
v 8 3
v 9 3
v 10 3
v 11 3
v 12 3
v 13 3
v 14 3
v 15 3
v 16 3
v 17 3
v 18 3
v 19 3
v 20 3
v 21 4
v 22 4
v 23 4
v 24 4
v 25 4
v 26 4
v 27 4
v 28 4
v 29 4
v 30 4
v 31 4
v 32 4
v 33 4
e 0 20 1
e 1 20 1
e 2 6 1
e 2 8 1
e 3 33 1
e 4 18 2
e 5 7 1
e 5 18 1
e 6 7 1
e 6 10 2
e 7 11 2
e 8 9 1
e 8 21 1
e 8 22 1
e 9 14 2
e 9 15 1
e 10 12 1
e 10 23 1
e 11 13 1
e 11 24 1
e 12 13 2
e 12 26 1
e 13 25 1
e 14 16 1
e 14 27 1
e 15 17 2
e 15 28 1
e 16 19 2
e 16 29 1
e 17 19 1
e 17 30 1
e 18 20 1
e 19 31 1
e 20 32 1
t # 46067
v 0 14
v 1 14
v 2 14
v 3 1
v 4 1
v 5 2
v 6 2
v 7 3
v 8 3
v 9 3
v 10 3
v 11 3
v 12 3
v 13 3
v 14 3
v 15 3
v 16 3
v 17 3
v 18 3
v 19 3
v 20 3
v 21 3
v 22 4
v 23 4
v 24 4
v 25 4
v 26 4
v 27 4
v 28 4
v 29 4
v 30 4
v 31 4
v 32 4
v 33 4
v 34 4
e 3 7 1
e 3 8 1
e 4 20 2
e 5 6 1
e 5 9 1
e 5 26 1
e 6 20 1
e 6 34 1
e 7 9 1
e 7 11 2
e 8 10 1
e 8 22 1
e 8 23 1
e 9 12 2
e 10 13 2
e 10 14 1
e 11 15 1
e 11 24 1
e 12 16 1
e 12 25 1
e 13 17 1
e 13 27 1
e 14 18 2
e 14 28 1
e 15 16 2
e 15 29 1
e 16 30 1
e 17 19 2
e 17 31 1
e 18 19 1
e 18 32 1
e 19 33 1
e 20 21 1
t # 46068
v 0 12
v 1 12
v 2 1
v 3 1
v 4 1
v 5 1
v 6 1
v 7 2
v 8 3
v 9 3
v 10 3
v 11 3
v 12 3
v 13 3
v 14 3
v 15 3
v 16 3
v 17 3
v 18 3
v 19 3
v 20 3
v 21 3
v 22 3
v 23 3
v 24 3
v 25 3
v 26 3
v 27 3
v 28 3
v 29 3
v 30 3
v 31 3
v 32 3
v 33 3
v 34 3
v 35 4
v 36 4
v 37 4
v 38 4
v 39 4
v 40 4
v 41 4
v 42 4
v 43 4
v 44 4
v 45 4
v 46 4
v 47 4
v 48 4
v 49 4
v 50 4
v 51 4
v 52 4
v 53 4
v 54 4
v 55 4
e 0 33 1
e 1 34 1
e 2 10 1
e 2 12 1
e 3 9 1
e 3 18 1
e 4 9 1
e 4 19 1
e 5 50 1
e 6 11 2
e 7 8 1
e 7 11 1
e 8 10 1
e 8 13 2
e 9 11 1
e 9 35 1
e 10 15 2
e 12 14 1
e 12 36 1
e 12 37 1
e 13 16 1
e 13 38 1
e 14 20 2
e 14 21 1
e 15 17 1
e 15 39 1
e 16 17 2
e 16 40 1
e 17 41 1
e 18 22 2
e 18 24 1
e 19 23 2
e 19 25 1
e 20 26 1
e 20 42 1
e 21 27 2
e 21 43 1
e 22 29 1
e 22 44 1
e 23 30 1
e 23 45 1
e 24 31 2
e 24 46 1
e 25 32 2
e 25 47 1
e 26 28 2
e 26 48 1
e 27 28 1
e 27 49 1
e 28 51 1
e 29 33 2
e 29 52 1
e 30 34 2
e 30 53 1
e 31 33 1
e 31 54 1
e 32 34 1
e 32 55 1
t # 46069
v 0 1
v 1 2
v 2 3
v 3 3
v 4 3
v 5 3
v 6 3
v 7 3
v 8 3
v 9 3
v 10 3
v 11 3
v 12 3
v 13 3
v 14 3
v 15 3
v 16 3
v 17 3
v 18 3
v 19 3
v 20 3
v 21 3
v 22 3
v 23 4
v 24 4
v 25 4
v 26 4
v 27 4
v 28 4
v 29 4
v 30 4
v 31 4
v 32 4
v 33 4
v 34 4
v 35 4
v 36 4
v 37 4
v 38 4
v 39 4
v 40 4
v 41 4
v 42 4
v 43 4
v 44 4
v 45 4
v 46 4
v 47 4
v 48 4
v 49 4
v 50 4
v 51 4
v 52 4
v 53 4
v 54 4
v 55 4
v 56 4
v 57 4
e 0 12 2
e 1 12 1
e 1 16 1
e 1 47 1
e 2 3 1
e 2 4 1
e 2 23 1
e 2 24 1
e 3 5 1
e 3 25 1
e 3 26 1
e 4 6 1
e 4 27 1
e 4 28 1
e 5 7 1
e 5 29 1
e 5 30 1
e 6 8 1
e 6 31 1
e 6 32 1
e 7 9 1
e 7 33 1
e 7 34 1
e 8 10 1
e 8 35 1
e 8 36 1
e 9 11 1
e 9 37 1
e 9 38 1
e 10 12 1
e 10 39 1
e 10 40 1
e 11 13 1
e 11 41 1
e 11 42 1
e 13 43 1
e 13 44 1
e 13 45 1
e 14 15 1
e 14 21 1
e 14 22 1
e 14 46 1
e 15 17 2
e 15 18 1
e 16 19 2
e 16 20 1
e 17 19 1
e 17 48 1
e 18 20 2
e 18 49 1
e 19 50 1
e 20 51 1
e 21 52 1
e 21 53 1
e 21 54 1
e 22 55 1
e 22 56 1
e 22 57 1
t # 46070
v 0 1
v 1 1
v 2 2
v 3 3
v 4 3
v 5 3
v 6 3
v 7 3
v 8 3
v 9 3
v 10 3
v 11 3
v 12 3
v 13 3
v 14 3
v 15 3
v 16 3
v 17 3
v 18 4
v 19 4
v 20 4
v 21 4
v 22 4
v 23 4
v 24 4
v 25 4
v 26 4
v 27 4
v 28 4
v 29 4
v 30 4
v 31 4
v 32 4
v 33 4
v 34 4
v 35 4
v 36 4
v 37 4
v 38 4
e 0 3 1
e 0 4 1
e 1 12 1
e 1 17 1
e 2 8 1
e 2 15 1
e 2 16 1
e 3 6 1
e 3 10 1
e 3 11 1
e 4 5 1
e 4 7 2
e 5 9 1
e 5 13 2
e 6 9 2
e 6 18 1
e 7 12 1
e 7 14 1
e 8 12 2
e 8 13 1
e 9 19 1
e 10 20 1
e 10 21 1
e 10 22 1
e 11 23 1
e 11 24 1
e 11 25 1
e 13 26 1
e 14 27 1
e 14 28 1
e 14 29 1
e 15 30 1
e 15 31 1
e 15 32 1
e 16 33 1
e 16 34 1
e 16 35 1
e 17 36 1
e 17 37 1
e 17 38 1
t # 46071
v 0 1
v 1 1
v 2 2
v 3 3
v 4 3
v 5 3
v 6 3
v 7 3
v 8 3
v 9 3
v 10 3
v 11 3
v 12 3
v 13 3
v 14 3
v 15 3
v 16 4
v 17 4
v 18 4
v 19 4
v 20 4
v 21 4
v 22 4
v 23 4
v 24 4
v 25 4
v 26 4
v 27 4
v 28 4
v 29 4
v 30 4
v 31 4
v 32 4
e 0 3 1
e 0 4 1
e 1 12 1
e 1 15 1
e 2 13 1
e 2 28 1
e 2 29 1
e 3 6 1
e 3 8 1
e 3 9 1
e 4 5 1
e 4 7 2
e 5 10 1
e 5 11 2
e 6 10 2
e 6 16 1
e 7 12 1
e 7 14 1
e 8 17 1
e 8 18 1
e 8 19 1
e 9 20 1
e 9 21 1
e 9 22 1
e 10 23 1
e 11 13 1
e 11 24 1
e 12 13 2
e 14 25 1
e 14 26 1
e 14 27 1
e 15 30 1
e 15 31 1
e 15 32 1
t # 46072
v 0 1
v 1 1
v 2 1
v 3 2
v 4 3
v 5 3
v 6 3
v 7 3
v 8 3
v 9 3
v 10 3
v 11 3
v 12 3
v 13 3
v 14 3
v 15 3
v 16 3
v 17 3
v 18 3
v 19 4
v 20 4
v 21 4
v 22 4
v 23 4
v 24 4
v 25 4
v 26 4
v 27 4
v 28 4
v 29 4
v 30 4
v 31 4
v 32 4
v 33 4
v 34 4
v 35 4
v 36 4
v 37 4
e 0 4 1
e 0 5 1
e 1 13 1
e 1 17 1
e 2 16 2
e 3 14 1
e 3 16 1
e 3 31 1
e 4 7 1
e 4 9 1
e 4 10 1
e 5 6 1
e 5 8 2
e 6 11 1
e 6 12 2
e 7 11 2
e 7 19 1
e 8 13 1
e 8 15 1
e 9 20 1
e 9 21 1
e 9 22 1
e 10 23 1
e 10 24 1
e 10 25 1
e 11 26 1
e 12 14 1
e 12 27 1
e 13 14 2
e 15 28 1
e 15 29 1
e 15 30 1
e 16 18 1
e 17 32 1
e 17 33 1
e 17 34 1
e 18 35 1
e 18 36 1
e 18 37 1
t # 46073
v 0 9
v 1 1
v 2 3
v 3 3
v 4 3
v 5 3
v 6 3
v 7 3
v 8 3
v 9 3
v 10 3
v 11 3
v 12 3
v 13 3
v 14 4
v 15 4
v 16 4
v 17 4
v 18 4
v 19 4
v 20 4
v 21 4
v 22 4
v 23 4
v 24 4
v 25 4
v 26 4
v 27 4
v 28 4
v 29 4
v 30 4
v 31 4
v 32 4
v 33 4
v 34 4
v 35 4
v 36 4
v 37 4
v 38 4
v 39 4
e 2 4 1
e 2 6 1
e 2 14 1
e 2 15 1
e 3 5 1
e 3 7 1
e 3 16 1
e 3 17 1
e 4 8 1
e 4 18 1
e 4 19 1
e 5 9 1
e 5 20 1
e 5 21 1
e 6 22 1
e 6 23 1
e 7 24 1
e 7 25 1
e 8 10 1
e 8 26 1
e 8 27 1
e 9 11 1
e 9 28 1
e 9 29 1
e 10 12 1
e 10 30 1
e 10 31 1
e 11 13 1
e 11 32 1
e 11 33 1
e 12 34 1
e 12 35 1
e 12 36 1
e 13 37 1
e 13 38 1
e 13 39 1
t # 46074
v 0 9
v 1 1
v 2 1
v 3 1
v 4 1
v 5 3
v 6 3
v 7 3
v 8 3
v 9 3
v 10 3
v 11 3
v 12 3
v 13 3
v 14 3
v 15 3
v 16 3
v 17 3
v 18 3
v 19 3
v 20 3
v 21 3
v 22 3
v 23 3
v 24 3
v 25 4
v 26 4
v 27 4
v 28 4
v 29 4
v 30 4
v 31 4
v 32 4
v 33 4
v 34 4
v 35 4
v 36 4
v 37 4
v 38 4
v 39 4
v 40 4
v 41 4
v 42 4
v 43 4
v 44 4
v 45 4
v 46 4
v 47 4
v 48 4
v 49 4
v 50 4
v 51 4
v 52 4
v 53 4
v 54 4
v 55 4
v 56 4
v 57 4
v 58 4
v 59 4
v 60 4
v 61 4
v 62 4
v 63 4
v 64 4
v 65 4
v 66 4
e 1 17 1
e 1 37 1
e 2 18 1
e 2 38 1
e 3 17 2
e 4 18 2
e 5 7 1
e 5 25 1
e 5 26 1
e 6 8 1
e 6 27 1
e 6 28 1
e 7 9 1
e 7 29 1
e 7 30 1
e 8 10 1
e 8 31 1
e 8 32 1
e 9 11 1
e 9 33 1
e 9 34 1
e 10 12 1
e 10 35 1
e 10 36 1
e 11 13 1
e 11 39 1
e 11 40 1
e 12 14 1
e 12 41 1
e 12 42 1
e 13 15 1
e 13 43 1
e 13 44 1
e 14 16 1
e 14 45 1
e 14 46 1
e 15 19 1
e 15 20 1
e 15 47 1
e 16 21 1
e 16 22 1
e 16 48 1
e 17 23 1
e 18 24 1
e 19 49 1
e 19 50 1
e 19 51 1
e 20 52 1
e 20 53 1
e 20 54 1
e 21 55 1
e 21 56 1
e 21 57 1
e 22 58 1
e 22 59 1
e 22 60 1
e 23 61 1
e 23 62 1
e 23 63 1
e 24 64 1
e 24 65 1
e 24 66 1
t # 46075
v 0 18
v 1 11
v 2 1
v 3 1
v 4 2
v 5 3
v 6 3
v 7 3
v 8 4
v 9 4
v 10 4
v 11 4
v 12 4
v 13 4
v 14 4
v 15 4
e 1 2 2
e 1 3 2
e 1 6 1
e 4 5 1
e 4 10 1
e 5 7 1
e 5 8 1
e 5 9 1
e 6 11 1
e 6 12 1
e 6 13 1
e 7 14 1
e 7 15 1
t # 46076
v 0 12
v 1 12
v 2 11
v 3 2
v 4 3
v 5 3
v 6 3
v 7 3
v 8 3
v 9 3
v 10 3
v 11 3
v 12 4
v 13 4
v 14 4
v 15 4
v 16 4
e 0 7 1
e 1 9 1
e 2 4 1
e 2 6 1
e 3 5 1
e 3 6 2
e 4 5 2
e 4 7 1
e 5 8 1
e 6 11 1
e 7 9 2
e 8 10 2
e 8 12 1
e 9 10 1
e 10 13 1
e 11 14 1
e 11 15 1
e 11 16 1
t # 46077
v 0 11
v 1 1
v 2 1
v 3 2
v 4 2
v 5 2
v 6 3
v 7 3
v 8 3
v 9 3
v 10 3
v 11 3
v 12 3
v 13 3
v 14 4
v 15 4
v 16 4
v 17 4
v 18 4
v 19 4
v 20 4
e 0 6 1
e 0 12 1
e 3 7 1
e 3 12 2
e 4 8 1
e 5 9 1
e 5 19 1
e 5 20 1
e 6 7 2
e 6 8 1
e 7 10 1
e 8 9 2
e 9 11 1
e 10 11 2
e 10 14 1
e 11 15 1
e 12 13 1
e 13 16 1
e 13 17 1
e 13 18 1
t # 46078
v 0 11
v 1 1
v 2 2
v 3 3
v 4 3
v 5 3
v 6 3
v 7 3
v 8 3
v 9 3
v 10 3
v 11 3
v 12 3
v 13 4
v 14 4
v 15 4
v 16 4
v 17 4
v 18 4
v 19 4
v 20 4
v 21 4
v 22 4
v 23 4
e 0 3 1
e 0 9 1
e 1 5 1
e 1 10 1
e 2 4 1
e 2 9 2
e 3 4 2
e 3 6 1
e 4 7 1
e 5 6 2
e 5 8 1
e 6 13 1
e 7 8 2
e 7 14 1
e 8 15 1
e 9 11 1
e 10 12 1
e 10 16 1
e 10 17 1
e 11 18 1
e 11 19 1
e 11 20 1
e 12 21 1
e 12 22 1
e 12 23 1
t # 46079
v 0 12
v 1 11
v 2 2
v 3 3
v 4 3
v 5 3
v 6 3
v 7 3
v 8 3
v 9 3
v 10 3
v 11 3
v 12 3
v 13 3
v 14 3
v 15 3
v 16 3
v 17 4
v 18 4
v 19 4
v 20 4
v 21 4
v 22 4
v 23 4
v 24 4
v 25 4
v 26 4
e 0 9 1
e 1 5 1
e 1 10 1
e 2 4 1
e 2 10 2
e 3 4 2
e 3 6 1
e 3 7 1
e 4 5 1
e 5 8 2
e 6 11 2
e 6 12 1
e 7 9 2
e 7 17 1
e 8 9 1
e 8 18 1
e 10 13 1
e 11 14 1
e 11 19 1
e 12 15 2
e 12 20 1
e 13 21 1
e 13 22 1
e 13 23 1
e 14 16 2
e 14 24 1
e 15 16 1
e 15 25 1
e 16 26 1
t # 46080
v 0 1
v 1 1
v 2 1
v 3 1
v 4 3
v 5 3
v 6 3
v 7 3
v 8 3
v 9 3
v 10 3
v 11 3
v 12 3
v 13 3
v 14 3
v 15 3
v 16 3
v 17 4
v 18 4
v 19 4
v 20 4
v 21 4
v 22 4
v 23 4
v 24 4
v 25 4
v 26 4
v 27 4
v 28 4
v 29 4
v 30 4
v 31 4
v 32 4
v 33 4
v 34 4
e 0 5 1
e 0 7 1
e 1 8 1
e 1 10 1
e 2 16 1
e 2 34 1
e 3 16 2
e 4 5 1
e 4 6 1
e 4 17 1
e 4 18 1
e 5 19 1
e 5 20 1
e 6 9 1
e 6 21 1
e 6 22 1
e 7 8 1
e 7 23 1
e 7 24 1
e 8 25 1
e 8 26 1
e 9 27 1
e 9 28 1
e 9 29 1
e 10 11 2
e 10 12 1
e 11 14 1
e 11 30 1
e 12 15 2
e 12 31 1
e 13 14 2
e 13 15 1
e 13 16 1
e 14 32 1
e 15 33 1
t # 46081
v 0 1
v 1 1
v 2 1
v 3 1
v 4 3
v 5 3
v 6 3
v 7 3
v 8 3
v 9 3
v 10 3
v 11 3
v 12 3
v 13 3
v 14 3
v 15 3
v 16 3
v 17 3
v 18 3
v 19 3
v 20 3
v 21 3
v 22 3
v 23 3
v 24 3
v 25 3
v 26 3
v 27 4
v 28 4
v 29 4
v 30 4
v 31 4
v 32 4
v 33 4
v 34 4
v 35 4
v 36 4
v 37 4
v 38 4
v 39 4
v 40 4
v 41 4
v 42 4
v 43 4
v 44 4
v 45 4
v 46 4
v 47 4
v 48 4
v 49 4
v 50 4
v 51 4
v 52 4
v 53 4
v 54 4
v 55 4
v 56 4
v 57 4
v 58 4
v 59 4
v 60 4
v 61 4
v 62 4
e 0 14 1
e 0 16 1
e 1 22 2
e 2 24 1
e 2 25 1
e 3 24 2
e 4 5 1
e 4 6 1
e 4 27 1
e 4 28 1
e 5 7 1
e 5 29 1
e 5 30 1
e 6 8 1
e 6 31 1
e 6 32 1
e 7 9 1
e 7 33 1
e 7 34 1
e 8 10 1
e 8 35 1
e 8 36 1
e 9 11 1
e 9 37 1
e 9 38 1
e 10 12 1
e 10 39 1
e 10 40 1
e 11 13 1
e 11 41 1
e 11 42 1
e 12 14 1
e 12 43 1
e 12 44 1
e 13 15 1
e 13 45 1
e 13 46 1
e 14 47 1
e 14 48 1
e 15 49 1
e 15 50 1
e 15 51 1
e 16 17 2
e 16 18 1
e 17 20 1
e 17 52 1
e 18 21 2
e 18 53 1
e 19 20 2
e 19 21 1
e 19 22 1
e 20 54 1
e 21 55 1
e 22 23 1
e 23 24 1
e 23 56 1
e 23 57 1
e 25 26 1
e 25 58 1
e 25 59 1
e 26 60 1
e 26 61 1
e 26 62 1
t # 46082
v 0 12
v 1 12
v 2 11
v 3 2
v 4 3
v 5 3
v 6 3
v 7 3
v 8 3
v 9 3
v 10 3
v 11 3
v 12 4
v 13 4
v 14 4
v 15 4
v 16 4
e 0 7 1
e 1 10 1
e 2 5 1
e 2 6 1
e 3 4 1
e 3 6 2
e 4 5 2
e 4 7 1
e 5 8 1
e 6 11 1
e 7 9 2
e 8 10 2
e 8 12 1
e 9 10 1
e 9 13 1
e 11 14 1
e 11 15 1
e 11 16 1
t # 46083
v 0 1
v 1 2
v 2 3
v 3 3
v 4 3
v 5 3
v 6 3
v 7 3
v 8 3
v 9 3
v 10 3
v 11 4
v 12 4
v 13 4
v 14 4
v 15 4
v 16 4
v 17 4
v 18 4
v 19 4
v 20 4
v 21 4
v 22 4
v 23 4
e 0 5 1
e 0 23 1
e 1 2 1
e 1 7 1
e 1 8 1
e 2 3 2
e 2 4 1
e 3 5 1
e 3 6 1
e 4 9 2
e 4 11 1
e 5 10 2
e 6 12 1
e 6 13 1
e 6 14 1
e 7 15 1
e 7 16 1
e 7 17 1
e 8 18 1
e 8 19 1
e 8 20 1
e 9 10 1
e 9 21 1
e 10 22 1
t # 46084
v 0 1
v 1 1
v 2 1
v 3 3
v 4 3
v 5 3
v 6 3
v 7 3
v 8 3
v 9 3
v 10 3
v 11 3
v 12 3
v 13 3
v 14 3
v 15 3
v 16 3
v 17 3
v 18 3
v 19 4
v 20 4
v 21 4
v 22 4
v 23 4
v 24 4
v 25 4
v 26 4
v 27 4
v 28 4
v 29 4
v 30 4
v 31 4
v 32 4
v 33 4
v 34 4
e 0 4 1
e 0 8 1
e 1 5 1
e 1 34 1
e 2 8 2
e 3 4 1
e 3 6 1
e 3 19 1
e 3 20 1
e 4 21 1
e 4 22 1
e 5 7 1
e 5 8 1
e 5 23 1
e 6 9 2
e 6 10 1
e 7 11 2
e 7 12 1
e 9 13 1
e 9 24 1
e 10 14 2
e 10 25 1
e 11 15 1
e 11 26 1
e 12 16 2
e 12 27 1
e 13 17 2
e 13 28 1
e 14 17 1
e 14 29 1
e 15 18 2
e 15 30 1
e 16 18 1
e 16 31 1
e 17 32 1
e 18 33 1
t # 46085
v 0 9
v 1 1
v 2 1
v 3 1
v 4 1
v 5 3
v 6 3
v 7 3
v 8 3
v 9 3
v 10 3
v 11 3
v 12 3
v 13 3
v 14 3
v 15 3
v 16 3
v 17 3
v 18 3
v 19 3
v 20 3
v 21 3
v 22 3
v 23 3
v 24 3
v 25 3
v 26 3
v 27 3
v 28 3
v 29 3
v 30 3
v 31 3
v 32 3
v 33 4
v 34 4
v 35 4
v 36 4
v 37 4
v 38 4
v 39 4
v 40 4
v 41 4
v 42 4
v 43 4
v 44 4
v 45 4
v 46 4
v 47 4
v 48 4
v 49 4
v 50 4
v 51 4
v 52 4
v 53 4
v 54 4
v 55 4
v 56 4
v 57 4
v 58 4
v 59 4
v 60 4
v 61 4
v 62 4
v 63 4
v 64 4
v 65 4
v 66 4
v 67 4
v 68 4
v 69 4
v 70 4
v 71 4
v 72 4
v 73 4
v 74 4
v 75 4
v 76 4
v 77 4
v 78 4
v 79 4
v 80 4
v 81 4
v 82 4
v 83 4
v 84 4
v 85 4
v 86 4
v 87 4
v 88 4
v 89 4
v 90 4
e 1 19 1
e 1 37 1
e 2 20 1
e 2 38 1
e 3 19 2
e 4 20 2
e 5 21 1
e 5 33 1
e 5 34 1
e 6 22 1
e 6 35 1
e 6 36 1
e 7 9 1
e 7 11 1
e 7 39 1
e 7 40 1
e 8 10 1
e 8 12 1
e 8 41 1
e 8 42 1
e 9 13 1
e 9 43 1
e 9 44 1
e 10 14 1
e 10 45 1
e 10 46 1
e 11 15 1
e 11 47 1
e 11 48 1
e 12 16 1
e 12 49 1
e 12 50 1
e 13 17 1
e 13 51 1
e 13 52 1
e 14 18 1
e 14 53 1
e 14 54 1
e 15 19 1
e 15 55 1
e 15 56 1
e 16 20 1
e 16 57 1
e 16 58 1
e 17 23 1
e 17 59 1
e 17 60 1
e 18 24 1
e 18 61 1
e 18 62 1
e 21 63 1
e 21 64 1
e 21 65 1
e 22 66 1
e 22 67 1
e 22 68 1
e 23 25 1
e 23 69 1
e 23 70 1
e 24 26 1
e 24 71 1
e 24 72 1
e 25 27 1
e 25 73 1
e 25 74 1
e 26 28 1
e 26 75 1
e 26 76 1
e 27 29 1
e 27 77 1
e 27 78 1
e 28 30 1
e 28 79 1
e 28 80 1
e 29 31 1
e 29 81 1
e 29 82 1
e 30 32 1
e 30 83 1
e 30 84 1
e 31 85 1
e 31 86 1
e 31 87 1
e 32 88 1
e 32 89 1
e 32 90 1
t # 46086
v 0 11
v 1 2
v 2 3
v 3 3
v 4 3
v 5 3
v 6 3
v 7 3
v 8 3
v 9 3
v 10 3
v 11 3
v 12 3
v 13 3
v 14 4
v 15 4
v 16 4
v 17 4
v 18 4
v 19 4
v 20 4
v 21 4
v 22 4
v 23 4
v 24 4
v 25 4
v 26 4
v 27 4
v 28 4
e 1 5 1
e 1 6 1
e 1 7 1
e 2 3 1
e 2 4 1
e 2 14 1
e 2 15 1
e 3 5 1
e 3 16 1
e 3 17 1
e 4 6 1
e 4 18 1
e 4 19 1
e 5 20 1
e 5 21 1
e 6 22 1
e 6 23 1
e 7 8 1
e 8 9 2
e 8 10 1
e 9 11 1
e 9 24 1
e 10 12 2
e 10 25 1
e 11 13 2
e 11 26 1
e 12 13 1
e 12 27 1
e 13 28 1
t # 46087
v 0 12
v 1 12
v 2 14
v 3 1
v 4 2
v 5 3
v 6 3
v 7 3
v 8 3
v 9 3
v 10 3
v 11 3
v 12 3
v 13 3
v 14 3
v 15 3
v 16 3
v 17 3
v 18 4
v 19 4
v 20 4
v 21 4
v 22 4
v 23 4
v 24 4
v 25 4
e 0 8 1
e 1 14 1
e 3 7 2
e 4 6 1
e 4 7 1
e 4 18 1
e 5 7 1
e 5 8 2
e 5 9 1
e 6 10 2
e 6 11 1
e 8 12 1
e 9 13 2
e 9 19 1
e 10 15 1
e 10 20 1
e 11 16 2
e 11 21 1
e 12 14 2
e 12 22 1
e 13 14 1
e 13 23 1
e 15 17 2
e 15 24 1
e 16 17 1
e 16 25 1
t # 46088
v 0 1
v 1 1
v 2 2
v 3 2
v 4 3
v 5 3
v 6 3
v 7 3
v 8 3
v 9 3
v 10 3
v 11 3
v 12 3
v 13 3
v 14 3
v 15 3
v 16 3
v 17 3
v 18 3
v 19 3
v 20 3
v 21 3
v 22 3
v 23 3
v 24 3
v 25 3
v 26 3
v 27 3
v 28 4
v 29 4
v 30 4
v 31 4
v 32 4
v 33 4
v 34 4
v 35 4
v 36 4
v 37 4
v 38 4
v 39 4
v 40 4
v 41 4
v 42 4
v 43 4
v 44 4
v 45 4
v 46 4
v 47 4
v 48 4
v 49 4
v 50 4
v 51 4
v 52 4
v 53 4
v 54 4
v 55 4
e 0 14 2
e 1 15 2
e 2 6 1
e 2 14 1
e 2 44 1
e 3 7 1
e 3 15 1
e 3 45 1
e 4 5 1
e 4 6 1
e 4 8 1
e 4 28 1
e 5 7 1
e 5 9 1
e 5 29 1
e 6 10 1
e 6 30 1
e 7 11 1
e 7 31 1
e 8 12 1
e 8 32 1
e 8 33 1
e 9 13 1
e 9 34 1
e 9 35 1
e 10 13 1
e 10 36 1
e 10 37 1
e 11 12 1
e 11 38 1
e 11 39 1
e 12 40 1
e 12 42 1
e 13 41 1
e 13 43 1
e 14 16 1
e 15 17 1
e 16 18 2
e 16 20 1
e 17 19 2
e 17 21 1
e 18 22 1
e 18 46 1
e 19 23 1
e 19 47 1
e 20 24 2
e 20 48 1
e 21 25 2
e 21 49 1
e 22 26 2
e 22 50 1
e 23 27 2
e 23 51 1
e 24 26 1
e 24 52 1
e 25 27 1
e 25 53 1
e 26 54 1
e 27 55 1
t # 46089
v 0 11
v 1 11
v 2 1
v 3 1
v 4 1
v 5 1
v 6 1
v 7 1
v 8 2
v 9 2
v 10 3
v 11 3
v 12 3
v 13 3
v 14 3
v 15 3
v 16 3
v 17 3
v 18 3
v 19 3
v 20 3
v 21 3
v 22 3
v 23 3
v 24 3
v 25 3
v 26 3
v 27 3
v 28 4
v 29 4
v 30 4
v 31 4
v 32 4
v 33 4
v 34 4
v 35 4
v 36 4
v 37 4
v 38 4
v 39 4
v 40 4
v 41 4
v 42 4
v 43 4
v 44 4
v 45 4
e 0 4 2
e 0 5 2
e 0 14 1
e 1 6 2
e 1 7 2
e 1 15 1
e 2 12 2
e 3 13 2
e 8 10 1
e 8 12 1
e 9 11 1
e 9 13 1
e 10 13 1
e 10 28 1
e 10 29 1
e 11 12 1
e 11 30 1
e 11 31 1
e 14 16 2
e 14 18 1
e 15 17 2
e 15 19 1
e 16 20 1
e 16 32 1
e 17 21 1
e 17 33 1
e 18 22 2
e 18 34 1
e 19 23 2
e 19 35 1
e 20 24 2
e 20 36 1
e 21 25 2
e 21 37 1
e 22 24 1
e 22 38 1
e 23 25 1
e 23 39 1
e 24 26 1
e 25 27 1
e 26 40 1
e 26 41 1
e 26 42 1
e 27 43 1
e 27 44 1
e 27 45 1
t # 46090
v 0 1
v 1 1
v 2 1
v 3 1
v 4 2
v 5 2
v 6 2
v 7 3
v 8 3
v 9 3
v 10 3
v 11 3
v 12 3
v 13 3
v 14 3
v 15 3
v 16 3
v 17 3
v 18 3
v 19 4
v 20 4
v 21 4
v 22 4
v 23 4
v 24 4
v 25 4
v 26 4
v 27 4
v 28 4
v 29 4
e 0 10 2
e 1 11 2
e 2 14 2
e 3 18 2
e 4 9 1
e 4 10 1
e 4 11 1
e 5 14 1
e 5 17 1
e 5 25 1
e 6 18 1
e 6 28 1
e 6 29 1
e 7 8 1
e 7 10 1
e 7 12 2
e 8 11 1
e 8 13 2
e 9 14 1
e 9 19 1
e 9 20 1
e 12 15 1
e 12 21 1
e 13 16 1
e 13 22 1
e 15 16 2
e 15 23 1
e 16 24 1
e 17 18 1
e 17 26 1
e 17 27 1
t # 46091
v 0 1
v 1 1
v 2 1
v 3 2
v 4 2
v 5 3
v 6 3
v 7 3
v 8 3
v 9 3
v 10 3
v 11 3
v 12 3
v 13 3
v 14 3
v 15 3
v 16 3
v 17 3
v 18 3
v 19 3
v 20 3
v 21 3
v 22 4
v 23 4
v 24 4
v 25 4
v 26 4
v 27 4
v 28 4
v 29 4
v 30 4
v 31 4
v 32 4
v 33 4
v 34 4
v 35 4
e 0 9 2
e 1 18 2
e 2 19 2
e 3 14 1
e 3 18 1
e 3 28 1
e 4 15 1
e 4 19 1
e 4 29 1
e 5 6 1
e 5 7 2
e 5 12 1
e 6 8 2
e 6 13 1
e 7 9 1
e 7 10 1
e 8 9 1
e 8 11 1
e 10 14 2
e 10 22 1
e 11 15 2
e 11 23 1
e 12 16 2
e 12 24 1
e 13 17 2
e 13 25 1
e 14 16 1
e 15 17 1
e 16 26 1
e 17 27 1
e 18 20 1
e 19 21 1
e 20 30 1
e 20 31 1
e 20 32 1
e 21 33 1
e 21 34 1
e 21 35 1
t # 46092
v 0 1
v 1 1
v 2 1
v 3 2
v 4 3
v 5 3
v 6 3
v 7 3
v 8 3
v 9 3
v 10 3
v 11 3
v 12 3
v 13 4
v 14 4
v 15 4
v 16 4
v 17 4
v 18 4
v 19 4
v 20 4
v 21 4
e 0 11 1
e 0 21 1
e 1 11 2
e 2 12 2
e 3 4 1
e 3 10 1
e 3 12 1
e 4 5 1
e 4 6 2
e 5 7 2
e 5 11 1
e 6 8 1
e 6 13 1
e 7 9 1
e 7 14 1
e 8 9 2
e 8 15 1
e 9 16 1
e 10 17 1
e 10 18 1
e 10 19 1
e 12 20 1
t # 46093
v 0 11
v 1 1
v 2 1
v 3 1
v 4 2
v 5 3
v 6 3
v 7 3
v 8 3
v 9 3
v 10 3
v 11 3
v 12 3
v 13 3
v 14 3
v 15 3
v 16 3
v 17 3
v 18 3
v 19 3
v 20 4
v 21 4
v 22 4
v 23 4
v 24 4
v 25 4
v 26 4
v 27 4
v 28 4
e 0 7 1
e 0 10 1
e 1 8 2
e 2 19 1
e 2 28 1
e 3 19 2
e 4 16 2
e 4 18 1
e 5 6 1
e 5 7 1
e 5 11 2
e 6 8 1
e 6 10 2
e 7 12 2
e 8 9 1
e 9 13 2
e 9 16 1
e 10 20 1
e 11 14 1
e 11 21 1
e 12 15 1
e 12 22 1
e 13 17 1
e 13 19 1
e 14 15 2
e 14 23 1
e 15 24 1
e 16 25 1
e 17 18 2
e 17 26 1
e 18 27 1
t # 46094
v 0 11
v 1 1
v 2 1
v 3 2
v 4 2
v 5 3
v 6 3
v 7 3
v 8 3
v 9 3
v 10 3
v 11 3
v 12 3
v 13 3
v 14 3
v 15 3
v 16 3
v 17 3
v 18 3
v 19 3
v 20 3
v 21 3
v 22 3
v 23 3
v 24 3
v 25 4
v 26 4
v 27 4
v 28 4
v 29 4
v 30 4
v 31 4
v 32 4
v 33 4
v 34 4
v 35 4
v 36 4
v 37 4
v 38 4
v 39 4
v 40 4
v 41 4
v 42 4
v 43 4
v 44 4
v 45 4
v 46 4
v 47 4
v 48 4
v 49 4
v 50 4
v 51 4
v 52 4
v 53 4
v 54 4
v 55 4
v 56 4
v 57 4
v 58 4
v 59 4
v 60 4
e 0 23 1
e 0 24 1
e 1 20 2
e 2 21 1
e 3 20 1
e 3 56 1
e 4 22 1
e 4 24 2
e 5 6 1
e 5 7 1
e 5 25 1
e 5 26 1
e 6 8 1
e 6 27 1
e 6 28 1
e 7 9 1
e 7 29 1
e 7 30 1
e 8 10 1
e 8 31 1
e 8 32 1
e 9 11 1
e 9 33 1
e 9 34 1
e 10 12 1
e 10 35 1
e 10 36 1
e 11 13 1
e 11 37 1
e 11 38 1
e 12 14 1
e 12 39 1
e 12 40 1
e 13 15 1
e 13 41 1
e 13 42 1
e 14 16 1
e 14 43 1
e 14 44 1
e 15 17 1
e 15 45 1
e 15 46 1
e 16 18 1
e 16 47 1
e 16 48 1
e 17 19 1
e 17 49 1
e 17 50 1
e 18 20 1
e 18 51 1
e 18 52 1
e 19 53 1
e 19 54 1
e 19 55 1
e 21 22 1
e 21 57 1
e 21 58 1
e 22 23 2
e 23 59 1
e 24 60 1
t # 46095
v 0 1
v 1 2
v 2 2
v 3 3
v 4 3
v 5 3
v 6 3
v 7 3
v 8 3
v 9 3
v 10 3
v 11 3
v 12 3
v 13 3
v 14 3
v 15 3
v 16 3
v 17 3
v 18 3
v 19 3
v 20 3
v 21 3
v 22 3
v 23 3
v 24 3
v 25 4
v 26 4
v 27 4
v 28 4
v 29 4
v 30 4
v 31 4
v 32 4
v 33 4
v 34 4
v 35 4
v 36 4
v 37 4
v 38 4
v 39 4
v 40 4
v 41 4
v 42 4
v 43 4
v 44 4
v 45 4
v 46 4
v 47 4
v 48 4
v 49 4
v 50 4
v 51 4
v 52 4
v 53 4
v 54 4
e 0 12 1
e 0 49 1
e 1 3 1
e 1 4 1
e 1 7 1
e 2 5 1
e 2 6 1
e 2 15 1
e 3 5 1
e 3 25 1
e 3 26 1
e 4 6 1
e 4 27 1
e 4 28 1
e 5 29 1
e 5 30 1
e 6 31 1
e 6 32 1
e 7 9 1
e 7 33 1
e 7 34 1
e 8 10 1
e 8 16 1
e 8 17 1
e 8 18 1
e 9 11 1
e 9 12 2
e 10 11 2
e 10 13 1
e 11 35 1
e 12 14 1
e 13 14 2
e 13 36 1
e 14 19 1
e 15 37 1
e 15 38 1
e 15 39 1
e 16 40 1
e 16 41 1
e 16 42 1
e 17 43 1
e 17 44 1
e 17 45 1
e 18 46 1
e 18 47 1
e 18 48 1
e 19 20 2
e 19 21 1
e 20 22 1
e 20 50 1
e 21 23 2
e 21 51 1
e 22 24 2
e 22 52 1
e 23 24 1
e 23 53 1
e 24 54 1
t # 46096
v 0 12
v 1 12
v 2 1
v 3 2
v 4 3
v 5 3
v 6 3
v 7 3
v 8 3
v 9 3
v 10 3
v 11 3
v 12 3
v 13 3
v 14 3
v 15 3
v 16 3
v 17 3
v 18 3
v 19 3
v 20 3
v 21 3
v 22 3
v 23 4
v 24 4
v 25 4
v 26 4
v 27 4
v 28 4
v 29 4
v 30 4
v 31 4
v 32 4
v 33 4
e 0 20 1
e 1 22 1
e 2 8 2
e 3 4 1
e 3 5 1
e 3 8 1
e 4 6 1
e 4 9 2
e 5 7 1
e 5 10 2
e 6 7 1
e 6 11 2
e 7 12 2
e 8 13 1
e 9 14 1
e 9 23 1
e 10 15 1
e 10 24 1
e 11 16 1
e 11 25 1
e 12 17 1
e 12 26 1
e 13 18 2
e 13 19 1
e 14 16 2
e 14 27 1
e 15 17 2
e 15 28 1
e 16 29 1
e 17 30 1
e 18 20 1
e 18 31 1
e 19 21 2
e 19 32 1
e 20 22 2
e 21 22 1
e 21 33 1
t # 46097
v 0 12
v 1 12
v 2 11
v 3 1
v 4 1
v 5 2
v 6 2
v 7 3
v 8 3
v 9 3
v 10 3
v 11 3
v 12 3
v 13 3
v 14 3
v 15 3
v 16 3
v 17 3
v 18 3
v 19 4
v 20 4
v 21 4
v 22 4
v 23 4
v 24 4
v 25 4
v 26 4
v 27 4
v 28 4
e 0 12 1
e 1 15 1
e 2 3 2
e 2 4 2
e 2 7 1
e 5 8 1
e 5 19 1
e 6 8 1
e 6 14 2
e 7 9 2
e 7 10 1
e 8 11 2
e 9 12 1
e 9 20 1
e 10 13 2
e 10 21 1
e 11 16 1
e 11 22 1
e 12 15 2
e 13 15 1
e 13 23 1
e 14 17 1
e 14 18 1
e 16 17 2
e 16 24 1
e 17 25 1
e 18 26 1
e 18 27 1
e 18 28 1
t # 46098
v 0 11
v 1 11
v 2 14
v 3 14
v 4 1
v 5 1
v 6 1
v 7 1
v 8 1
v 9 1
v 10 1
v 11 1
v 12 3
v 13 3
v 14 3
v 15 3
v 16 3
v 17 3
v 18 3
v 19 3
v 20 3
v 21 3
v 22 3
v 23 3
v 24 3
v 25 3
v 26 3
v 27 3
v 28 4
v 29 4
v 30 4
v 31 4
v 32 4
v 33 4
v 34 4
v 35 4
v 36 4
v 37 4
v 38 4
v 39 4
e 0 8 2
e 0 9 2
e 0 16 1
e 1 10 2
e 1 11 2
e 1 17 1
e 4 14 1
e 4 18 1
e 5 15 1
e 5 19 1
e 6 18 2
e 7 19 2
e 12 13 1
e 12 18 1
e 12 28 1
e 12 29 1
e 13 19 1
e 13 30 1
e 13 31 1
e 14 20 2
e 14 22 1
e 15 21 2
e 15 23 1
e 16 24 2
e 16 26 1
e 17 25 2
e 17 27 1
e 20 24 1
e 20 32 1
e 21 25 1
e 21 33 1
e 22 26 2
e 22 34 1
e 23 27 2
e 23 35 1
e 24 36 1
e 25 37 1
e 26 38 1
e 27 39 1
t # 46099
v 0 12
v 1 1
v 2 1
v 3 1
v 4 1
v 5 2
v 6 2
v 7 3
v 8 3
v 9 3
v 10 3
v 11 3
v 12 3
v 13 3
v 14 3
v 15 3
v 16 3
v 17 4
v 18 4
v 19 4
v 20 4
v 21 4
e 0 16 1
e 1 10 2
e 2 11 2
e 5 7 1
e 5 10 1
e 5 11 1
e 6 8 1
e 7 8 2
e 7 9 1
e 8 12 1
e 9 13 2
e 9 17 1
e 10 14 1
e 11 15 1
e 12 16 2
e 12 18 1
e 13 16 1
e 13 19 1
e 14 15 2
e 14 20 1
e 15 21 1
