t # 42300
v 0 12
v 1 1
v 2 1
v 3 1
v 4 2
v 5 3
v 6 3
v 7 3
v 8 3
v 9 3
v 10 3
v 11 3
v 12 3
v 13 3
v 14 3
v 15 3
v 16 3
v 17 3
v 18 3
v 19 3
v 20 4
v 21 4
v 22 4
v 23 4
v 24 4
v 25 4
v 26 4
v 27 4
v 28 4
v 29 4
v 30 4
v 31 4
e 0 16 1
e 1 15 1
e 1 19 1
e 2 9 2
e 3 15 2
e 4 5 1
e 4 9 1
e 4 20 1
e 5 6 1
e 5 8 2
e 6 10 2
e 6 15 1
e 7 9 1
e 7 13 2
e 7 14 1
e 8 11 1
e 8 21 1
e 10 12 1
e 10 22 1
e 11 12 2
e 11 23 1
e 12 24 1
e 13 16 1
e 13 25 1
e 14 17 2
e 14 26 1
e 16 18 2
e 17 18 1
e 17 27 1
e 18 28 1
e 19 29 1
e 19 30 1
e 19 31 1
t # 42301
v 0 12
v 1 12
v 2 11
v 3 1
v 4 1
v 5 1
v 6 2
v 7 2
v 8 3
v 9 3
v 10 3
v 11 3
v 12 3
v 13 3
v 14 3
v 15 3
v 16 3
v 17 3
v 18 3
v 19 3
v 20 3
v 21 3
v 22 4
v 23 4
v 24 4
v 25 4
v 26 4
v 27 4
v 28 4
v 29 4
v 30 4
v 31 4
v 32 4
v 33 4
e 0 15 1
e 1 17 1
e 2 3 2
e 2 4 2
e 2 8 1
e 5 20 2
e 6 11 1
e 6 22 1
e 7 12 1
e 7 20 1
e 7 28 1
e 8 9 2
e 8 10 1
e 9 13 1
e 9 23 1
e 10 14 2
e 10 24 1
e 11 15 2
e 11 16 1
e 12 13 2
e 12 14 1
e 13 25 1
e 14 26 1
e 15 18 1
e 16 17 2
e 16 27 1
e 17 19 1
e 18 19 2
e 18 29 1
e 19 30 1
e 20 21 1
e 21 31 1
e 21 32 1
e 21 33 1
t # 42302
v 0 11
v 1 1
v 2 1
v 3 1
v 4 2
v 5 2
v 6 3
v 7 3
v 8 3
v 9 3
v 10 3
v 11 3
v 12 3
v 13 3
v 14 3
v 15 3
v 16 3
v 17 3
v 18 3
v 19 3
v 20 3
v 21 3
v 22 3
v 23 3
v 24 4
v 25 4
v 26 4
v 27 4
v 28 4
v 29 4
v 30 4
v 31 4
v 32 4
v 33 4
v 34 4
v 35 4
v 36 4
v 37 4
v 38 4
v 39 4
e 0 1 2
e 0 2 2
e 0 9 1
e 3 22 2
e 4 6 1
e 4 24 1
e 5 17 1
e 5 22 1
e 5 36 1
e 6 7 1
e 6 10 2
e 7 8 1
e 7 11 2
e 8 12 1
e 8 16 2
e 9 13 2
e 9 14 1
e 10 15 1
e 10 25 1
e 11 20 1
e 11 26 1
e 12 15 2
e 12 27 1
e 13 18 1
e 13 28 1
e 14 19 2
e 14 29 1
e 15 30 1
e 16 21 1
e 16 31 1
e 17 18 2
e 17 19 1
e 18 32 1
e 19 33 1
e 20 21 2
e 20 34 1
e 21 35 1
e 22 23 1
e 23 37 1
e 23 38 1
e 23 39 1
t # 42303
v 0 11
v 1 1
v 2 1
v 3 1
v 4 2
v 5 2
v 6 3
v 7 3
v 8 3
v 9 3
v 10 3
v 11 3
v 12 3
v 13 3
v 14 3
v 15 3
v 16 3
v 17 3
v 18 3
v 19 3
v 20 3
v 21 3
v 22 4
v 23 4
v 24 4
v 25 4
v 26 4
v 27 4
v 28 4
v 29 4
v 30 4
v 31 4
v 32 4
v 33 4
v 34 4
v 35 4
v 36 4
v 37 4
v 38 4
v 39 4
e 0 1 2
e 0 2 2
e 0 7 1
e 3 20 2
e 4 6 1
e 4 22 1
e 5 15 1
e 5 20 1
e 5 36 1
e 6 8 2
e 6 9 1
e 7 12 2
e 7 13 1
e 8 11 1
e 8 16 1
e 9 10 2
e 9 23 1
e 10 14 1
e 10 19 1
e 11 14 2
e 11 24 1
e 12 17 1
e 12 25 1
e 13 18 2
e 13 26 1
e 14 27 1
e 15 17 2
e 15 18 1
e 16 28 1
e 16 29 1
e 16 30 1
e 17 31 1
e 18 32 1
e 19 33 1
e 19 34 1
e 19 35 1
e 20 21 1
e 21 37 1
e 21 38 1
e 21 39 1
t # 42304
v 0 1
v 1 1
v 2 1
v 3 1
v 4 1
v 5 2
v 6 2
v 7 2
v 8 2
v 9 3
v 10 3
v 11 3
v 12 3
v 13 3
v 14 3
v 15 3
v 16 3
v 17 3
v 18 3
v 19 3
v 20 3
v 21 3
v 22 3
v 23 3
v 24 4
v 25 4
v 26 4
v 27 4
v 28 4
v 29 4
v 30 4
v 31 4
v 32 4
v 33 4
v 34 4
v 35 4
v 36 4
v 37 4
e 0 20 1
e 0 23 1
e 5 8 1
e 5 9 1
e 5 29 1
e 6 11 1
e 7 12 1
e 8 17 2
e 9 11 2
e 9 12 1
e 10 13 2
e 10 14 1
e 10 15 1
e 11 13 1
e 12 14 2
e 13 24 1
e 14 25 1
e 15 26 1
e 15 27 1
e 15 28 1
e 16 17 1
e 16 18 2
e 16 19 1
e 17 30 1
e 18 21 1
e 18 31 1
e 19 22 2
e 19 32 1
e 20 21 2
e 20 22 1
e 21 33 1
e 22 34 1
e 23 35 1
e 23 36 1
e 23 37 1
t # 42305
v 0 1
v 1 1
v 2 1
v 3 2
v 4 2
v 5 3
v 6 3
v 7 3
v 8 3
v 9 3
v 10 3
v 11 3
v 12 3
v 13 3
v 14 3
v 15 3
v 16 3
v 17 3
v 18 3
v 19 3
v 20 3
v 21 4
v 22 4
v 23 4
v 24 4
v 25 4
v 26 4
v 27 4
v 28 4
v 29 4
v 30 4
v 31 4
v 32 4
v 33 4
v 34 4
v 35 4
v 36 4
e 0 6 1
e 0 19 1
e 1 7 1
e 1 20 1
e 2 15 2
e 3 4 1
e 3 15 1
e 3 27 1
e 4 11 2
e 5 6 2
e 5 9 1
e 5 11 1
e 6 8 1
e 7 8 2
e 7 10 1
e 8 21 1
e 9 10 2
e 9 22 1
e 10 23 1
e 11 24 1
e 12 13 2
e 12 14 1
e 12 15 1
e 13 16 1
e 13 25 1
e 14 17 2
e 14 26 1
e 16 18 2
e 16 28 1
e 17 18 1
e 17 29 1
e 18 30 1
e 19 31 1
e 19 32 1
e 19 33 1
e 20 34 1
e 20 35 1
e 20 36 1
t # 42306
v 0 1
v 1 1
v 2 1
v 3 2
v 4 2
v 5 3
v 6 3
v 7 3
v 8 3
v 9 3
v 10 3
v 11 3
v 12 3
v 13 3
v 14 3
v 15 3
v 16 3
v 17 3
v 18 3
v 19 3
v 20 4
v 21 4
v 22 4
v 23 4
v 24 4
v 25 4
v 26 4
v 27 4
v 28 4
v 29 4
v 30 4
v 31 4
v 32 4
v 33 4
e 0 7 1
e 0 19 1
e 1 9 1
e 1 33 1
e 2 13 2
e 3 4 1
e 3 13 1
e 3 29 1
e 4 14 2
e 5 7 1
e 5 8 2
e 5 14 1
e 6 9 1
e 6 11 2
e 6 13 1
e 7 10 2
e 8 12 1
e 8 20 1
e 9 16 2
e 10 15 1
e 10 21 1
e 11 17 1
e 11 22 1
e 12 15 2
e 12 23 1
e 14 24 1
e 15 25 1
e 16 18 1
e 16 26 1
e 17 18 2
e 17 27 1
e 18 28 1
e 19 30 1
e 19 31 1
e 19 32 1
t # 42307
v 0 11
v 1 1
v 2 1
v 3 1
v 4 1
v 5 2
v 6 3
v 7 3
v 8 3
v 9 3
v 10 3
v 11 3
v 12 3
v 13 3
v 14 3
v 15 3
v 16 3
v 17 3
v 18 3
v 19 3
v 20 3
v 21 3
v 22 3
v 23 3
v 24 4
v 25 4
v 26 4
v 27 4
v 28 4
v 29 4
v 30 4
v 31 4
v 32 4
v 33 4
v 34 4
v 35 4
v 36 4
v 37 4
v 38 4
v 39 4
v 40 4
v 41 4
v 42 4
v 43 4
v 44 4
e 0 1 2
e 0 2 2
e 0 6 1
e 3 21 1
e 3 22 1
e 4 21 2
e 5 14 1
e 5 26 1
e 6 7 2
e 6 8 1
e 7 10 1
e 7 12 1
e 8 11 2
e 8 13 1
e 9 10 2
e 9 11 1
e 9 15 1
e 10 24 1
e 11 25 1
e 12 27 1
e 12 28 1
e 12 29 1
e 13 30 1
e 13 31 1
e 13 32 1
e 14 16 2
e 14 17 1
e 15 33 1
e 15 34 1
e 15 35 1
e 16 19 1
e 16 36 1
e 17 20 2
e 17 37 1
e 18 19 2
e 18 20 1
e 18 21 1
e 19 38 1
e 20 39 1
e 22 23 1
e 22 40 1
e 22 41 1
e 23 42 1
e 23 43 1
e 23 44 1
t # 42308
v 0 12
v 1 14
v 2 14
v 3 14
v 4 1
v 5 2
v 6 3
v 7 3
v 8 3
v 9 3
v 10 3
v 11 3
v 12 3
v 13 3
v 14 3
v 15 3
v 16 3
v 17 4
v 18 4
v 19 4
v 20 4
v 21 4
v 22 4
v 23 4
v 24 4
v 25 4
e 0 10 1
e 4 13 2
e 5 7 1
e 5 13 1
e 5 20 1
e 6 8 2
e 6 9 1
e 6 12 1
e 7 8 1
e 7 10 2
e 8 17 1
e 9 11 2
e 9 18 1
e 10 11 1
e 11 19 1
e 13 14 1
e 14 15 2
e 14 21 1
e 15 16 1
e 15 22 1
e 16 23 1
e 16 24 1
e 16 25 1
t # 42309
v 0 1
v 1 1
v 2 1
v 3 2
v 4 2
v 5 3
v 6 3
v 7 3
v 8 3
v 9 3
v 10 3
v 11 3
v 12 3
v 13 3
v 14 3
v 15 3
v 16 3
v 17 3
v 18 3
v 19 3
v 20 4
v 21 4
v 22 4
v 23 4
v 24 4
v 25 4
v 26 4
v 27 4
v 28 4
v 29 4
v 30 4
v 31 4
v 32 4
v 33 4
e 0 7 1
e 0 18 1
e 3 6 1
e 3 15 2
e 4 13 1
e 5 8 2
e 5 14 1
e 5 15 1
e 6 9 2
e 6 10 1
e 7 11 2
e 7 12 1
e 8 13 1
e 8 20 1
e 9 11 1
e 9 21 1
e 10 12 2
e 10 22 1
e 11 23 1
e 12 24 1
e 13 16 2
e 14 17 2
e 14 25 1
e 15 26 1
e 16 17 1
e 16 27 1
e 17 28 1
e 18 19 1
e 18 29 1
e 18 30 1
e 19 31 1
e 19 32 1
e 19 33 1
t # 42310
v 0 1
v 1 1
v 2 1
v 3 1
v 4 1
v 5 2
v 6 2
v 7 3
v 8 3
v 9 3
v 10 3
v 11 3
v 12 3
v 13 3
v 14 3
v 15 3
v 16 3
v 17 3
v 18 3
v 19 3
v 20 3
v 21 3
v 22 3
v 23 4
v 24 4
v 25 4
v 26 4
v 27 4
v 28 4
v 29 4
v 30 4
v 31 4
v 32 4
v 33 4
v 34 4
v 35 4
v 36 4
v 37 4
v 38 4
e 0 7 1
e 0 21 1
e 1 20 1
e 1 22 1
e 2 20 2
e 5 7 1
e 5 9 1
e 5 24 1
e 6 13 1
e 7 8 1
e 7 23 1
e 8 10 2
e 8 11 1
e 9 12 1
e 9 14 2
e 10 13 1
e 10 25 1
e 11 15 2
e 11 26 1
e 12 17 2
e 12 20 1
e 13 16 2
e 14 18 1
e 14 27 1
e 15 16 1
e 15 28 1
e 16 29 1
e 17 19 1
e 17 30 1
e 18 19 2
e 18 31 1
e 19 32 1
e 21 33 1
e 21 34 1
e 21 35 1
e 22 36 1
e 22 37 1
e 22 38 1
t # 42311
v 0 1
v 1 1
v 2 2
v 3 2
v 4 2
v 5 3
v 6 3
v 7 3
v 8 3
v 9 3
v 10 3
v 11 3
v 12 3
v 13 3
v 14 3
v 15 3
v 16 3
v 17 3
v 18 3
v 19 3
v 20 3
v 21 3
v 22 3
v 23 3
v 24 3
v 25 4
v 26 4
v 27 4
v 28 4
v 29 4
v 30 4
v 31 4
v 32 4
v 33 4
v 34 4
v 35 4
v 36 4
v 37 4
v 38 4
v 39 4
v 40 4
v 41 4
v 42 4
v 43 4
v 44 4
v 45 4
v 46 4
v 47 4
v 48 4
v 49 4
v 50 4
v 51 4
v 52 4
v 53 4
e 0 13 2
e 1 23 2
e 2 3 1
e 2 13 1
e 2 42 1
e 3 17 2
e 4 18 1
e 4 23 1
e 4 50 1
e 5 6 1
e 5 7 1
e 5 25 1
e 5 26 1
e 6 8 1
e 6 27 1
e 6 28 1
e 7 9 1
e 7 29 1
e 7 30 1
e 8 10 1
e 8 31 1
e 8 32 1
e 9 11 1
e 9 33 1
e 9 34 1
e 10 12 1
e 10 35 1
e 10 36 1
e 11 13 1
e 11 37 1
e 11 38 1
e 12 14 1
e 12 39 1
e 12 40 1
e 14 15 2
e 14 41 1
e 15 43 1
e 15 44 1
e 16 17 1
e 16 19 2
e 16 20 1
e 17 45 1
e 18 21 2
e 18 22 1
e 19 21 1
e 19 46 1
e 20 22 2
e 20 47 1
e 21 48 1
e 22 49 1
e 23 24 1
e 24 51 1
e 24 52 1
e 24 53 1
t # 42312
v 0 11
v 1 1
v 2 2
v 3 2
v 4 3
v 5 3
v 6 3
v 7 3
v 8 3
v 9 3
v 10 3
v 11 3
v 12 3
v 13 3
v 14 3
v 15 3
v 16 3
v 17 3
v 18 3
v 19 3
v 20 4
v 21 4
v 22 4
v 23 4
v 24 4
v 25 4
v 26 4
v 27 4
v 28 4
v 29 4
v 30 4
v 31 4
v 32 4
v 33 4
v 34 4
v 35 4
v 36 4
v 37 4
v 38 4
v 39 4
v 40 4
v 41 4
v 42 4
v 43 4
e 0 16 1
e 0 19 1
e 1 12 2
e 2 3 1
e 2 12 1
e 2 37 1
e 3 15 2
e 4 5 1
e 4 6 1
e 4 20 1
e 4 21 1
e 5 7 1
e 5 22 1
e 5 23 1
e 6 8 1
e 6 24 1
e 6 25 1
e 7 9 1
e 7 26 1
e 7 27 1
e 8 10 1
e 8 28 1
e 8 29 1
e 9 11 1
e 9 30 1
e 9 31 1
e 10 12 1
e 10 32 1
e 10 33 1
e 11 13 1
e 11 34 1
e 11 35 1
e 13 14 2
e 13 36 1
e 14 38 1
e 14 39 1
e 15 16 1
e 15 40 1
e 16 17 2
e 17 18 1
e 17 41 1
e 18 19 2
e 18 42 1
e 19 43 1
t # 42313
v 0 12
v 1 1
v 2 2
v 3 2
v 4 3
v 5 3
v 6 3
v 7 3
v 8 3
v 9 3
v 10 3
v 11 3
v 12 3
v 13 3
v 14 3
v 15 3
v 16 3
v 17 3
v 18 3
v 19 4
v 20 4
v 21 4
v 22 4
v 23 4
v 24 4
v 25 4
v 26 4
v 27 4
v 28 4
v 29 4
v 30 4
v 31 4
v 32 4
v 33 4
e 0 11 1
e 1 6 2
e 2 4 1
e 2 6 1
e 2 7 1
e 3 6 1
e 3 10 1
e 3 26 1
e 4 5 1
e 4 19 1
e 4 20 1
e 5 8 2
e 5 9 1
e 7 21 1
e 7 22 1
e 7 23 1
e 8 11 1
e 8 24 1
e 9 12 2
e 9 25 1
e 10 14 2
e 10 15 1
e 11 13 2
e 12 13 1
e 12 27 1
e 13 28 1
e 14 16 1
e 14 29 1
e 15 17 2
e 15 30 1
e 16 18 2
e 16 31 1
e 17 18 1
e 17 32 1
e 18 33 1
t # 42314
v 0 1
v 1 2
v 2 2
v 3 3
v 4 3
v 5 3
v 6 3
v 7 3
v 8 3
v 9 3
v 10 3
v 11 3
v 12 3
v 13 3
v 14 3
v 15 3
v 16 4
v 17 4
v 18 4
v 19 4
v 20 4
v 21 4
v 22 4
v 23 4
v 24 4
v 25 4
v 26 4
v 27 4
v 28 4
v 29 4
v 30 4
v 31 4
v 32 4
v 33 4
e 0 9 2
e 1 5 1
e 1 7 1
e 1 9 1
e 2 9 1
e 2 10 1
e 2 28 1
e 3 4 1
e 3 5 1
e 3 8 1
e 3 16 1
e 4 6 1
e 4 17 1
e 4 18 1
e 5 19 1
e 5 20 1
e 6 7 1
e 6 21 1
e 6 22 1
e 7 23 1
e 7 24 1
e 8 25 1
e 8 26 1
e 8 27 1
e 10 11 2
e 10 12 1
e 11 13 1
e 11 29 1
e 12 14 2
e 12 30 1
e 13 15 2
e 13 31 1
e 14 15 1
e 14 32 1
e 15 33 1
t # 42315
v 0 12
v 1 14
v 2 14
v 3 14
v 4 1
v 5 2
v 6 3
v 7 3
v 8 3
v 9 3
v 10 3
v 11 3
v 12 3
v 13 3
v 14 3
v 15 3
v 16 3
v 17 3
v 18 3
v 19 3
v 20 3
v 21 4
v 22 4
v 23 4
v 24 4
v 25 4
v 26 4
v 27 4
v 28 4
v 29 4
v 30 4
v 31 4
e 0 12 1
e 4 11 2
e 5 7 1
e 5 11 1
e 5 24 1
e 6 8 1
e 6 11 1
e 6 21 1
e 6 22 1
e 7 10 1
e 7 12 2
e 8 15 2
e 8 16 1
e 9 10 2
e 9 13 1
e 9 17 1
e 10 23 1
e 12 14 1
e 13 14 2
e 13 25 1
e 14 26 1
e 15 18 1
e 15 27 1
e 16 19 2
e 16 28 1
e 18 20 2
e 18 29 1
e 19 20 1
e 19 30 1
e 20 31 1
t # 42316
v 0 18
v 1 1
v 2 1
v 3 1
v 4 2
v 5 3
v 6 3
v 7 3
v 8 3
v 9 3
v 10 3
v 11 3
v 12 3
v 13 3
v 14 3
v 15 3
v 16 3
v 17 3
v 18 3
v 19 4
v 20 4
v 21 4
v 22 4
v 23 4
v 24 4
v 25 4
v 26 4
v 27 4
v 28 4
v 29 4
v 30 4
v 31 4
v 32 4
v 33 4
v 34 4
e 1 12 1
e 1 30 1
e 2 11 2
e 3 12 2
e 4 11 1
e 4 13 1
e 4 29 1
e 5 6 1
e 5 7 1
e 5 11 1
e 5 19 1
e 6 8 1
e 6 12 1
e 6 20 1
e 7 9 1
e 7 21 1
e 7 22 1
e 8 10 1
e 8 23 1
e 8 24 1
e 9 10 1
e 9 25 1
e 9 26 1
e 10 27 1
e 10 28 1
e 13 14 2
e 13 15 1
e 14 16 1
e 14 31 1
e 15 17 2
e 15 32 1
e 16 18 2
e 16 33 1
e 17 18 1
e 17 34 1
t # 42317
v 0 1
v 1 1
v 2 1
v 3 1
v 4 2
v 5 3
v 6 3
v 7 3
v 8 3
v 9 3
v 10 3
v 11 3
v 12 3
v 13 3
v 14 3
v 15 3
v 16 3
v 17 3
v 18 3
v 19 3
v 20 3
v 21 4
v 22 4
v 23 4
v 24 4
v 25 4
v 26 4
v 27 4
v 28 4
v 29 4
v 30 4
v 31 4
v 32 4
v 33 4
v 34 4
v 35 4
v 36 4
v 37 4
v 38 4
v 39 4
v 40 4
v 41 4
e 0 12 1
e 0 32 1
e 1 11 2
e 2 12 2
e 3 14 1
e 3 19 1
e 4 11 1
e 4 13 1
e 4 31 1
e 5 6 1
e 5 7 1
e 5 11 1
e 5 21 1
e 6 8 1
e 6 12 1
e 6 22 1
e 7 9 1
e 7 23 1
e 7 24 1
e 8 10 1
e 8 25 1
e 8 26 1
e 9 10 1
e 9 27 1
e 9 28 1
e 10 29 1
e 10 30 1
e 13 14 1
e 13 15 2
e 14 16 2
e 15 17 1
e 15 33 1
e 16 18 1
e 16 34 1
e 17 18 2
e 17 35 1
e 18 36 1
e 19 20 1
e 19 37 1
e 19 38 1
e 20 39 1
e 20 40 1
e 20 41 1
t # 42318
v 0 12
v 1 1
v 2 1
v 3 1
v 4 2
v 5 3
v 6 3
v 7 3
v 8 3
v 9 3
v 10 3
v 11 3
v 12 3
v 13 3
v 14 3
v 15 3
v 16 3
v 17 3
v 18 3
v 19 3
v 20 4
v 21 4
v 22 4
v 23 4
v 24 4
v 25 4
v 26 4
v 27 4
v 28 4
v 29 4
v 30 4
v 31 4
v 32 4
v 33 4
v 34 4
v 35 4
v 36 4
v 37 4
e 0 15 1
e 1 12 1
e 1 33 1
e 2 11 2
e 3 12 2
e 4 11 1
e 4 13 1
e 4 30 1
e 5 6 1
e 5 7 1
e 5 11 1
e 5 20 1
e 6 8 1
e 6 12 1
e 6 21 1
e 7 9 1
e 7 22 1
e 7 23 1
e 8 10 1
e 8 24 1
e 8 25 1
e 9 10 1
e 9 26 1
e 9 27 1
e 10 28 1
e 10 29 1
e 13 14 1
e 13 31 1
e 13 32 1
e 14 15 1
e 14 16 2
e 15 17 2
e 16 18 1
e 16 34 1
e 17 19 1
e 17 35 1
e 18 19 2
e 18 36 1
e 19 37 1
t # 42319
v 0 1
v 1 2
v 2 2
v 3 3
v 4 3
v 5 3
v 6 3
v 7 3
v 8 3
v 9 3
v 10 3
v 11 3
v 12 3
v 13 3
v 14 3
v 15 4
v 16 4
v 17 4
v 18 4
v 19 4
v 20 4
v 21 4
v 22 4
v 23 4
v 24 4
v 25 4
v 26 4
v 27 4
v 28 4
v 29 4
v 30 4
v 31 4
v 32 4
e 0 12 2
e 1 4 1
e 1 12 1
e 1 20 1
e 2 12 1
e 2 13 1
e 2 29 1
e 3 4 1
e 3 5 2
e 3 6 1
e 4 15 1
e 4 16 1
e 5 8 1
e 5 10 1
e 6 7 2
e 6 17 1
e 7 9 1
e 7 11 1
e 8 9 2
e 8 18 1
e 9 19 1
e 10 21 1
e 10 22 1
e 10 23 1
e 11 24 1
e 11 25 1
e 11 26 1
e 13 14 1
e 13 27 1
e 13 28 1
e 14 30 1
e 14 31 1
e 14 32 1
t # 42320
v 0 1
v 1 1
v 2 2
v 3 2
v 4 2
v 5 2
v 6 2
v 7 2
v 8 3
v 9 3
v 10 3
v 11 3
v 12 3
v 13 3
v 14 3
v 15 3
v 16 3
v 17 3
v 18 3
v 19 3
v 20 3
v 21 3
v 22 3
v 23 3
v 24 3
v 25 3
v 26 3
v 27 3
v 28 3
v 29 3
v 30 3
v 31 3
v 32 3
v 33 3
v 34 4
v 35 4
v 36 4
v 37 4
v 38 4
v 39 4
v 40 4
v 41 4
v 42 4
v 43 4
v 44 4
v 45 4
v 46 4
v 47 4
v 48 4
v 49 4
v 50 4
v 51 4
v 52 4
v 53 4
v 54 4
v 55 4
v 56 4
v 57 4
v 58 4
v 59 4
v 60 4
v 61 4
v 62 4
v 63 4
v 64 4
v 65 4
v 66 4
v 67 4
v 68 4
v 69 4
v 70 4
v 71 4
v 72 4
v 73 4
e 0 18 2
e 1 19 2
e 2 12 1
e 2 18 1
e 2 46 1
e 3 13 1
e 3 19 1
e 3 47 1
e 4 14 1
e 4 20 1
e 4 22 1
e 5 15 1
e 5 21 1
e 5 23 1
e 6 16 1
e 6 18 1
e 6 56 1
e 7 17 1
e 7 19 1
e 7 57 1
e 8 9 1
e 8 10 1
e 8 34 1
e 8 35 1
e 9 11 1
e 9 36 1
e 9 37 1
e 10 12 1
e 10 38 1
e 10 39 1
e 11 13 1
e 11 40 1
e 11 41 1
e 12 42 1
e 12 43 1
e 13 44 1
e 13 45 1
e 14 16 1
e 14 48 1
e 14 49 1
e 15 17 1
e 15 50 1
e 15 51 1
e 16 52 1
e 16 53 1
e 17 54 1
e 17 55 1
e 20 24 2
e 20 26 1
e 21 25 2
e 21 27 1
e 22 58 1
e 22 59 1
e 22 60 1
e 23 61 1
e 23 62 1
e 23 63 1
e 24 28 1
e 24 64 1
e 25 29 1
e 25 65 1
e 26 30 2
e 26 66 1
e 27 31 2
e 27 67 1
e 28 32 2
e 28 68 1
e 29 33 2
e 29 69 1
e 30 32 1
e 30 70 1
e 31 33 1
e 31 71 1
e 32 72 1
e 33 73 1
t # 42321
v 0 1
v 1 1
v 2 1
v 3 2
v 4 2
v 5 2
v 6 3
v 7 3
v 8 3
v 9 3
v 10 3
v 11 3
v 12 3
v 13 3
v 14 3
v 15 3
v 16 3
v 17 3
v 18 3
v 19 3
v 20 3
v 21 3
v 22 4
v 23 4
v 24 4
v 25 4
v 26 4
v 27 4
v 28 4
v 29 4
v 30 4
v 31 4
v 32 4
v 33 4
v 34 4
v 35 4
v 36 4
v 37 4
v 38 4
e 0 7 1
e 0 20 1
e 1 8 1
e 1 21 1
e 2 19 2
e 3 4 1
e 3 19 1
e 3 30 1
e 4 13 2
e 5 16 1
e 5 34 1
e 5 35 1
e 6 7 2
e 6 10 1
e 6 13 1
e 7 9 1
e 8 9 2
e 8 11 1
e 9 22 1
e 10 11 2
e 10 23 1
e 11 24 1
e 12 14 2
e 12 15 1
e 12 19 1
e 13 25 1
e 14 17 1
e 14 26 1
e 15 18 2
e 15 27 1
e 16 17 2
e 16 18 1
e 17 28 1
e 18 29 1
e 20 31 1
e 20 32 1
e 20 33 1
e 21 36 1
e 21 37 1
e 21 38 1
t # 42322
v 0 11
v 1 1
v 2 1
v 3 1
v 4 2
v 5 2
v 6 3
v 7 3
v 8 3
v 9 3
v 10 3
v 11 3
v 12 4
v 13 4
v 14 4
v 15 4
v 16 4
v 17 4
e 0 6 1
e 0 8 1
e 1 9 1
e 1 11 1
e 2 9 2
e 3 10 2
e 4 8 2
e 4 10 1
e 5 8 1
e 5 13 1
e 5 14 1
e 6 7 2
e 6 9 1
e 7 10 1
e 7 12 1
e 11 15 1
e 11 16 1
e 11 17 1
t # 42323
v 0 1
v 1 1
v 2 1
v 3 1
v 4 2
v 5 3
v 6 3
v 7 3
v 8 3
v 9 3
v 10 3
v 11 3
v 12 3
v 13 3
v 14 3
v 15 3
v 16 3
v 17 3
v 18 3
v 19 3
v 20 3
v 21 3
v 22 3
v 23 4
v 24 4
v 25 4
v 26 4
v 27 4
v 28 4
v 29 4
v 30 4
v 31 4
v 32 4
v 33 4
v 34 4
v 35 4
v 36 4
v 37 4
e 0 6 1
e 0 14 1
e 1 10 1
e 1 21 1
e 2 14 2
e 3 21 2
e 4 15 1
e 4 21 1
e 4 32 1
e 5 6 2
e 5 7 1
e 5 8 1
e 6 9 1
e 7 12 2
e 7 13 1
e 8 11 2
e 8 23 1
e 9 10 2
e 9 24 1
e 10 11 1
e 11 25 1
e 12 14 1
e 12 26 1
e 13 27 1
e 13 28 1
e 13 29 1
e 15 17 1
e 15 18 2
e 16 17 2
e 16 19 1
e 16 22 1
e 17 30 1
e 18 20 1
e 18 31 1
e 19 20 2
e 19 33 1
e 20 34 1
e 22 35 1
e 22 36 1
e 22 37 1
t # 42324
v 0 1
v 1 1
v 2 1
v 3 1
v 4 2
v 5 3
v 6 3
v 7 3
v 8 3
v 9 3
v 10 3
v 11 3
v 12 3
v 13 3
v 14 3
v 15 3
v 16 3
v 17 3
v 18 3
v 19 3
v 20 3
v 21 3
v 22 3
v 23 3
v 24 3
v 25 3
v 26 3
v 27 4
v 28 4
v 29 4
v 30 4
v 31 4
v 32 4
v 33 4
v 34 4
v 35 4
v 36 4
v 37 4
v 38 4
v 39 4
v 40 4
v 41 4
v 42 4
v 43 4
v 44 4
v 45 4
e 0 10 1
e 0 15 1
e 1 8 1
e 1 21 1
e 2 15 2
e 3 21 2
e 4 5 1
e 4 21 1
e 4 31 1
e 5 6 1
e 5 11 2
e 6 12 2
e 6 13 1
e 7 8 1
e 7 14 2
e 7 15 1
e 8 16 2
e 9 10 1
e 9 19 2
e 9 20 1
e 10 27 1
e 10 28 1
e 11 17 1
e 11 29 1
e 12 18 1
e 12 30 1
e 13 32 1
e 13 33 1
e 13 34 1
e 14 22 1
e 14 35 1
e 16 23 1
e 16 36 1
e 17 18 2
e 17 37 1
e 18 38 1
e 19 24 1
e 19 39 1
e 20 25 2
e 20 40 1
e 22 23 2
e 22 41 1
e 23 42 1
e 24 26 2
e 24 43 1
e 25 26 1
e 25 44 1
e 26 45 1
t # 42325
v 0 11
v 1 1
v 2 1
v 3 1
v 4 2
v 5 2
v 6 2
v 7 3
v 8 3
v 9 3
v 10 3
v 11 3
v 12 3
v 13 3
v 14 3
v 15 3
v 16 3
v 17 3
v 18 3
v 19 3
v 20 3
v 21 4
v 22 4
v 23 4
v 24 4
v 25 4
v 26 4
v 27 4
v 28 4
v 29 4
v 30 4
v 31 4
v 32 4
v 33 4
v 34 4
v 35 4
e 0 1 2
e 0 2 2
e 0 7 1
e 3 15 2
e 4 8 1
e 4 15 1
e 4 25 1
e 5 9 1
e 5 15 1
e 5 26 1
e 6 34 1
e 6 35 1
e 7 11 2
e 7 12 1
e 8 13 2
e 8 14 1
e 9 10 1
e 9 16 2
e 10 17 2
e 10 18 1
e 11 13 1
e 11 21 1
e 12 14 2
e 12 22 1
e 13 23 1
e 14 24 1
e 16 19 1
e 16 27 1
e 17 20 1
e 17 28 1
e 18 29 1
e 18 30 1
e 18 31 1
e 19 20 2
e 19 32 1
e 20 33 1
t # 42326
v 0 18
v 1 18
v 2 1
v 3 1
v 4 2
v 5 3
v 6 3
v 7 3
v 8 3
v 9 3
v 10 3
v 11 3
v 12 3
v 13 3
v 14 3
v 15 3
v 16 3
v 17 3
v 18 3
v 19 3
v 20 3
v 21 3
v 22 4
v 23 4
v 24 4
v 25 4
v 26 4
v 27 4
v 28 4
v 29 4
v 30 4
v 31 4
v 32 4
e 2 15 1
e 2 16 1
e 3 15 2
e 4 7 1
e 4 15 1
e 4 27 1
e 5 6 1
e 5 7 1
e 5 8 2
e 6 9 1
e 6 11 2
e 7 10 2
e 8 13 1
e 8 22 1
e 9 12 2
e 9 23 1
e 10 12 1
e 10 24 1
e 11 14 1
e 11 25 1
e 12 26 1
e 13 14 2
e 13 28 1
e 14 29 1
e 16 17 2
e 16 18 1
e 17 19 1
e 18 20 2
e 18 30 1
e 19 21 2
e 19 31 1
e 20 21 1
e 20 32 1
t # 42327
v 0 1
v 1 1
v 2 1
v 3 2
v 4 2
v 5 3
v 6 3
v 7 3
v 8 3
v 9 3
v 10 3
v 11 3
v 12 3
v 13 3
v 14 3
v 15 3
v 16 3
v 17 3
v 18 3
v 19 4
v 20 4
v 21 4
v 22 4
v 23 4
v 24 4
v 25 4
v 26 4
v 27 4
v 28 4
v 29 4
v 30 4
e 0 5 1
e 0 14 1
e 1 14 2
e 2 15 2
e 3 7 1
e 3 14 1
e 3 23 1
e 4 15 1
e 4 29 1
e 4 30 1
e 5 6 1
e 5 8 2
e 6 9 2
e 6 15 1
e 7 12 2
e 7 13 1
e 8 10 1
e 8 19 1
e 9 11 1
e 9 20 1
e 10 11 2
e 10 21 1
e 11 22 1
e 12 16 1
e 12 24 1
e 13 17 2
e 13 25 1
e 16 18 2
e 16 26 1
e 17 18 1
e 17 27 1
e 18 28 1
t # 42328
v 0 1
v 1 1
v 2 1
v 3 1
v 4 2
v 5 3
v 6 3
v 7 3
v 8 3
v 9 3
v 10 3
v 11 3
v 12 3
v 13 3
v 14 3
v 15 3
v 16 3
v 17 3
v 18 3
v 19 3
v 20 3
v 21 3
v 22 3
v 23 4
v 24 4
v 25 4
v 26 4
v 27 4
v 28 4
v 29 4
v 30 4
v 31 4
v 32 4
v 33 4
v 34 4
v 35 4
v 36 4
v 37 4
v 38 4
v 39 4
v 40 4
v 41 4
e 0 7 1
e 0 10 1
e 1 13 1
e 1 19 1
e 2 10 2
e 3 19 2
e 4 16 1
e 4 19 1
e 4 36 1
e 5 6 1
e 5 7 1
e 5 23 1
e 5 24 1
e 6 8 1
e 6 25 1
e 6 26 1
e 7 27 1
e 7 28 1
e 8 29 1
e 8 30 1
e 8 31 1
e 9 10 1
e 9 11 2
e 9 12 1
e 11 14 1
e 11 32 1
e 12 15 2
e 12 33 1
e 13 14 2
e 13 15 1
e 14 34 1
e 15 35 1
e 16 17 2
e 16 18 1
e 17 20 1
e 17 37 1
e 18 21 2
e 18 38 1
e 20 22 2
e 20 39 1
e 21 22 1
e 21 40 1
e 22 41 1
t # 42329
v 0 1
v 1 1
v 2 1
v 3 1
v 4 2
v 5 2
v 6 3
v 7 3
v 8 3
v 9 3
v 10 3
v 11 3
v 12 3
v 13 3
v 14 3
v 15 3
v 16 3
v 17 3
v 18 3
v 19 3
v 20 3
v 21 4
v 22 4
v 23 4
v 24 4
v 25 4
v 26 4
v 27 4
v 28 4
v 29 4
v 30 4
v 31 4
v 32 4
v 33 4
v 34 4
e 0 8 1
e 0 16 1
e 1 7 1
e 1 20 1
e 2 16 2
e 3 19 2
e 4 6 1
e 4 16 1
e 4 22 1
e 5 19 1
e 5 33 1
e 5 34 1
e 6 7 1
e 6 10 2
e 7 11 2
e 8 9 1
e 8 12 2
e 9 13 2
e 9 19 1
e 10 14 1
e 10 21 1
e 11 15 1
e 11 23 1
e 12 17 1
e 12 24 1
e 13 18 1
e 13 25 1
e 14 15 2
e 14 26 1
e 15 27 1
e 17 18 2
e 17 28 1
e 18 29 1
e 20 30 1
e 20 31 1
e 20 32 1
t # 42330
v 0 11
v 1 1
v 2 1
v 3 1
v 4 2
v 5 2
v 6 2
v 7 3
v 8 3
v 9 3
v 10 3
v 11 3
v 12 3
v 13 3
v 14 3
v 15 3
v 16 3
v 17 4
v 18 4
v 19 4
v 20 4
v 21 4
v 22 4
v 23 4
v 24 4
v 25 4
v 26 4
v 27 4
v 28 4
v 29 4
v 30 4
v 31 4
e 0 1 2
e 0 2 2
e 0 8 1
e 3 15 2
e 4 7 1
e 4 15 1
e 4 25 1
e 5 10 1
e 5 15 1
e 5 26 1
e 6 30 1
e 6 31 1
e 7 9 1
e 7 17 1
e 7 18 1
e 8 11 2
e 8 12 1
e 9 16 1
e 9 19 1
e 9 20 1
e 10 13 2
e 10 14 1
e 11 13 1
e 11 21 1
e 12 14 2
e 12 22 1
e 13 23 1
e 14 24 1
e 16 27 1
e 16 28 1
e 16 29 1
t # 42331
v 0 1
v 1 1
v 2 1
v 3 1
v 4 2
v 5 3
v 6 3
v 7 3
v 8 3
v 9 3
v 10 3
v 11 3
v 12 3
v 13 3
v 14 3
v 15 3
v 16 3
v 17 4
v 18 4
v 19 4
v 20 4
v 21 4
v 22 4
v 23 4
v 24 4
v 25 4
v 26 4
v 27 4
e 0 6 1
e 0 14 1
e 1 10 1
e 1 15 1
e 2 14 2
e 3 15 2
e 4 15 1
e 4 16 1
e 4 24 1
e 5 6 2
e 5 7 1
e 5 8 1
e 6 9 1
e 7 12 2
e 7 13 1
e 8 11 2
e 8 17 1
e 9 10 2
e 9 18 1
e 10 11 1
e 11 19 1
e 12 14 1
e 12 20 1
e 13 21 1
e 13 22 1
e 13 23 1
e 16 25 1
e 16 26 1
e 16 27 1
t # 42332
v 0 1
v 1 2
v 2 2
v 3 2
v 4 3
v 5 3
v 6 3
v 7 3
v 8 3
v 9 3
v 10 3
v 11 3
v 12 3
v 13 3
v 14 3
v 15 3
v 16 3
v 17 3
v 18 4
v 19 4
v 20 4
v 21 4
v 22 4
v 23 4
v 24 4
v 25 4
v 26 4
v 27 4
v 28 4
v 29 4
v 30 4
v 31 4
v 32 4
e 0 16 2
e 1 4 1
e 1 6 1
e 1 18 1
e 2 5 1
e 2 16 1
e 2 25 1
e 3 16 1
e 3 17 1
e 3 29 1
e 4 7 2
e 4 8 1
e 5 9 2
e 5 10 1
e 6 11 2
e 6 12 1
e 7 9 1
e 7 19 1
e 8 10 2
e 8 20 1
e 9 21 1
e 10 22 1
e 11 13 1
e 11 23 1
e 12 14 2
e 12 24 1
e 13 15 2
e 13 26 1
e 14 15 1
e 14 27 1
e 15 28 1
e 17 30 1
e 17 31 1
e 17 32 1
t # 42333
v 0 12
v 1 14
v 2 14
v 3 14
v 4 1
v 5 1
v 6 1
v 7 2
v 8 3
v 9 3
v 10 3
v 11 3
v 12 3
v 13 3
v 14 3
v 15 3
v 16 3
v 17 3
v 18 3
v 19 4
v 20 4
v 21 4
v 22 4
v 23 4
v 24 4
v 25 4
v 26 4
v 27 4
e 0 14 1
e 4 12 2
e 5 18 1
e 5 27 1
e 6 18 2
e 7 8 1
e 7 12 1
e 7 22 1
e 8 11 1
e 8 14 2
e 9 12 1
e 9 13 1
e 9 19 1
e 9 20 1
e 10 11 2
e 10 15 1
e 10 17 1
e 11 21 1
e 13 18 1
e 13 23 1
e 13 24 1
e 14 16 1
e 15 16 2
e 15 25 1
e 16 26 1
t # 42334
v 0 18
v 1 18
v 2 18
v 3 18
v 4 1
v 5 1
v 6 1
v 7 1
v 8 1
v 9 1
v 10 2
v 11 2
v 12 3
v 13 3
v 14 3
v 15 3
v 16 3
v 17 3
v 18 3
v 19 3
v 20 3
v 21 3
v 22 3
v 23 3
v 24 3
v 25 3
v 26 3
v 27 4
v 28 4
v 29 4
v 30 4
v 31 4
v 32 4
v 33 4
v 34 4
e 4 16 1
e 4 26 1
e 5 15 2
e 6 25 1
e 6 34 1
e 7 25 2
e 10 13 1
e 10 15 1
e 10 27 1
e 11 18 1
e 12 14 2
e 12 15 1
e 12 17 1
e 13 16 2
e 13 19 1
e 14 20 1
e 14 25 1
e 16 18 1
e 17 21 2
e 18 23 2
e 19 24 2
e 19 28 1
e 20 22 2
e 21 22 1
e 23 24 1
e 23 29 1
e 24 30 1
e 26 31 1
e 26 32 1
e 26 33 1
t # 42335
v 0 18
v 1 18
v 2 18
v 3 1
v 4 1
v 5 1
v 6 2
v 7 3
v 8 3
v 9 3
v 10 3
v 11 3
v 12 3
v 13 3
v 14 3
v 15 3
v 16 3
v 17 4
v 18 4
v 19 4
v 20 4
v 21 4
v 22 4
v 23 4
v 24 4
e 3 9 2
e 4 13 1
e 4 24 1
e 5 13 2
e 6 9 1
e 6 10 1
e 6 19 1
e 7 8 1
e 7 9 1
e 7 17 1
e 8 13 1
e 8 18 1
e 10 11 2
e 10 12 1
e 11 14 1
e 11 20 1
e 12 15 2
e 12 21 1
e 14 16 2
e 14 22 1
e 15 16 1
e 15 23 1
t # 42336
v 0 18
v 1 18
v 2 12
v 3 1
v 4 1
v 5 1
v 6 2
v 7 3
v 8 3
v 9 3
v 10 3
v 11 3
v 12 3
v 13 3
v 14 3
v 15 3
v 16 3
v 17 4
v 18 4
v 19 4
v 20 4
v 21 4
v 22 4
v 23 4
v 24 4
e 2 14 1
e 3 9 2
e 4 13 1
e 4 24 1
e 5 13 2
e 6 9 1
e 6 10 1
e 6 19 1
e 7 8 1
e 7 9 1
e 7 17 1
e 8 13 1
e 8 18 1
e 10 11 2
e 10 12 1
e 11 14 1
e 11 20 1
e 12 15 2
e 12 21 1
e 14 16 2
e 15 16 1
e 15 22 1
e 16 23 1
t # 42337
v 0 1
v 1 1
v 2 1
v 3 1
v 4 2
v 5 3
v 6 3
v 7 3
v 8 3
v 9 3
v 10 3
v 11 3
v 12 3
v 13 3
v 14 3
v 15 3
v 16 3
v 17 3
v 18 3
v 19 3
v 20 3
v 21 3
v 22 3
v 23 3
v 24 3
v 25 3
v 26 3
v 27 4
v 28 4
v 29 4
v 30 4
v 31 4
v 32 4
v 33 4
v 34 4
v 35 4
v 36 4
v 37 4
v 38 4
v 39 4
v 40 4
v 41 4
v 42 4
v 43 4
v 44 4
v 45 4
e 0 7 1
e 0 16 1
e 1 8 1
e 1 23 1
e 2 16 2
e 3 23 2
e 4 9 1
e 4 23 1
e 4 37 1
e 5 8 1
e 5 15 2
e 5 16 1
e 6 7 1
e 6 18 2
e 6 19 1
e 7 27 1
e 7 28 1
e 8 17 2
e 9 11 2
e 9 12 1
e 10 13 2
e 10 14 1
e 10 22 1
e 11 13 1
e 11 29 1
e 12 14 2
e 12 30 1
e 13 31 1
e 14 32 1
e 15 20 1
e 15 33 1
e 17 21 1
e 17 34 1
e 18 24 1
e 18 35 1
e 19 25 2
e 19 36 1
e 20 21 2
e 20 38 1
e 21 39 1
e 22 40 1
e 22 41 1
e 22 42 1
e 24 26 2
e 24 43 1
e 25 26 1
e 25 44 1
e 26 45 1
t # 42338
v 0 1
v 1 1
v 2 2
v 3 2
v 4 3
v 5 3
v 6 3
v 7 3
v 8 3
v 9 3
v 10 3
v 11 3
v 12 3
v 13 3
v 14 3
v 15 3
v 16 3
v 17 3
v 18 3
v 19 3
v 20 3
v 21 3
v 22 3
v 23 3
v 24 4
v 25 4
v 26 4
v 27 4
v 28 4
v 29 4
v 30 4
v 31 4
v 32 4
v 33 4
v 34 4
v 35 4
v 36 4
v 37 4
v 38 4
v 39 4
v 40 4
v 41 4
e 0 9 1
e 0 20 1
e 1 20 2
e 2 4 1
e 2 5 1
e 2 24 1
e 3 6 1
e 3 20 1
e 3 35 1
e 4 7 2
e 4 8 1
e 5 17 2
e 5 18 1
e 6 13 2
e 6 14 1
e 7 11 1
e 7 25 1
e 8 12 2
e 8 26 1
e 9 11 2
e 9 12 1
e 10 15 2
e 10 16 1
e 10 19 1
e 11 27 1
e 12 28 1
e 13 15 1
e 13 29 1
e 14 16 2
e 14 30 1
e 15 31 1
e 16 32 1
e 17 21 1
e 17 33 1
e 18 22 2
e 18 34 1
e 19 36 1
e 19 37 1
e 19 38 1
e 21 23 2
e 21 39 1
e 22 23 1
e 22 40 1
e 23 41 1
t # 42339
v 0 1
v 1 1
v 2 2
v 3 3
v 4 3
v 5 3
v 6 3
v 7 3
v 8 3
v 9 3
v 10 3
v 11 3
v 12 3
v 13 3
v 14 3
v 15 3
v 16 3
v 17 3
v 18 3
v 19 3
v 20 3
v 21 3
v 22 3
v 23 4
v 24 4
v 25 4
v 26 4
v 27 4
v 28 4
v 29 4
v 30 4
v 31 4
v 32 4
v 33 4
v 34 4
v 35 4
v 36 4
v 37 4
v 38 4
v 39 4
e 0 7 1
e 0 22 1
e 1 22 2
e 2 8 1
e 2 22 1
e 2 32 1
e 3 4 1
e 3 5 2
e 3 6 1
e 4 13 2
e 4 14 1
e 5 10 1
e 5 23 1
e 6 11 2
e 6 24 1
e 7 10 2
e 7 11 1
e 8 12 1
e 8 15 2
e 9 12 2
e 9 16 1
e 9 20 1
e 10 25 1
e 11 26 1
e 12 27 1
e 13 18 1
e 13 28 1
e 14 19 2
e 14 29 1
e 15 17 1
e 15 30 1
e 16 17 2
e 16 31 1
e 17 33 1
e 18 21 2
e 18 34 1
e 19 21 1
e 19 35 1
e 20 36 1
e 20 37 1
e 20 38 1
e 21 39 1
t # 42340
v 0 1
v 1 1
v 2 1
v 3 2
v 4 3
v 5 3
v 6 3
v 7 3
v 8 3
v 9 3
v 10 3
v 11 3
v 12 4
v 13 4
v 14 4
v 15 4
v 16 4
v 17 4
v 18 4
v 19 4
v 20 4
v 21 4
v 22 4
v 23 4
v 24 4
v 25 4
v 26 4
e 0 8 1
e 0 26 1
e 1 8 2
e 2 10 2
e 3 6 1
e 3 10 1
e 3 19 1
e 4 5 1
e 4 6 1
e 4 12 1
e 4 13 1
e 5 7 1
e 5 14 1
e 5 15 1
e 6 8 1
e 6 16 1
e 7 9 1
e 7 17 1
e 7 18 1
e 9 20 1
e 9 21 1
e 9 22 1
e 10 11 1
e 11 23 1
e 11 24 1
e 11 25 1
t # 42341
v 0 1
v 1 1
v 2 1
v 3 2
v 4 2
v 5 2
v 6 2
v 7 3
v 8 3
v 9 3
v 10 3
v 11 3
v 12 3
v 13 3
v 14 3
v 15 4
v 16 4
v 17 4
v 18 4
v 19 4
v 20 4
v 21 4
v 22 4
v 23 4
v 24 4
v 25 4
v 26 4
v 27 4
v 28 4
v 29 4
v 30 4
e 0 11 1
e 0 25 1
e 1 11 2
e 2 13 2
e 3 9 1
e 3 22 1
e 3 23 1
e 4 10 1
e 4 12 2
e 5 12 1
e 5 13 1
e 5 24 1
e 6 12 1
e 6 26 1
e 6 27 1
e 7 8 1
e 7 9 1
e 7 15 1
e 7 16 1
e 8 10 1
e 8 17 1
e 8 18 1
e 9 11 1
e 9 19 1
e 10 20 1
e 10 21 1
e 13 14 1
e 14 28 1
e 14 29 1
e 14 30 1
t # 42342
v 0 1
v 1 1
v 2 1
v 3 1
v 4 1
v 5 2
v 6 3
v 7 3
v 8 3
v 9 3
v 10 3
v 11 3
v 12 3
v 13 3
v 14 3
v 15 3
v 16 3
v 17 3
v 18 4
v 19 4
v 20 4
v 21 4
v 22 4
v 23 4
v 24 4
v 25 4
v 26 4
v 27 4
v 28 4
v 29 4
v 30 4
e 0 10 1
e 0 26 1
e 1 9 1
e 1 27 1
e 2 10 2
e 3 9 2
e 4 11 2
e 5 7 1
e 5 11 1
e 5 23 1
e 6 7 1
e 6 8 1
e 6 9 1
e 6 18 1
e 7 10 1
e 7 19 1
e 8 20 1
e 8 21 1
e 8 22 1
e 11 12 1
e 12 13 2
e 12 14 1
e 13 15 1
e 13 24 1
e 14 16 2
e 14 25 1
e 15 17 2
e 15 28 1
e 16 17 1
e 16 29 1
e 17 30 1
t # 42343
v 0 11
v 1 11
v 2 1
v 3 1
v 4 1
v 5 1
v 6 1
v 7 1
v 8 1
v 9 2
v 10 2
v 11 2
v 12 3
v 13 3
v 14 3
v 15 3
v 16 3
v 17 3
v 18 3
v 19 3
v 20 3
v 21 3
v 22 3
v 23 3
v 24 3
v 25 3
v 26 3
v 27 3
v 28 4
v 29 4
v 30 4
v 31 4
v 32 4
v 33 4
v 34 4
v 35 4
v 36 4
v 37 4
v 38 4
v 39 4
v 40 4
v 41 4
v 42 4
v 43 4
v 44 4
v 45 4
v 46 4
v 47 4
v 48 4
e 0 13 1
e 1 18 1
e 2 20 1
e 2 22 1
e 3 15 1
e 3 44 1
e 4 14 2
e 5 15 2
e 6 21 1
e 6 48 1
e 7 21 2
e 8 22 2
e 9 12 1
e 9 14 1
e 9 31 1
e 10 16 1
e 10 22 1
e 10 37 1
e 11 17 1
e 11 40 1
e 11 41 1
e 12 13 1
e 12 15 1
e 12 28 1
e 13 29 1
e 13 30 1
e 14 16 1
e 16 32 1
e 16 33 1
e 17 18 1
e 17 21 1
e 17 34 1
e 18 35 1
e 18 36 1
e 19 20 1
e 19 23 2
e 19 24 1
e 20 38 1
e 20 39 1
e 23 25 1
e 23 42 1
e 24 26 2
e 24 43 1
e 25 27 2
e 25 45 1
e 26 27 1
e 26 46 1
e 27 47 1
t # 42344
v 0 1
v 1 1
v 2 1
v 3 1
v 4 2
v 5 3
v 6 3
v 7 3
v 8 3
v 9 3
v 10 4
v 11 4
v 12 4
v 13 4
v 14 4
v 15 4
v 16 4
e 0 7 1
e 0 15 1
e 1 8 2
e 2 9 1
e 2 16 1
e 3 9 2
e 4 6 1
e 4 8 1
e 4 14 1
e 5 6 1
e 5 7 1
e 5 10 1
e 5 11 1
e 6 9 1
e 6 12 1
e 7 8 1
e 7 13 1
t # 42345
v 0 1
v 1 1
v 2 1
v 3 1
v 4 1
v 5 1
v 6 2
v 7 3
v 8 3
v 9 3
v 10 3
v 11 3
v 12 3
v 13 3
v 14 3
v 15 3
v 16 3
v 17 3
v 18 3
v 19 4
v 20 4
v 21 4
v 22 4
v 23 4
v 24 4
v 25 4
v 26 4
v 27 4
v 28 4
v 29 4
v 30 4
v 31 4
e 0 7 1
e 0 24 1
e 1 10 1
e 1 27 1
e 2 11 1
e 2 28 1
e 3 10 2
e 4 11 2
e 5 12 2
e 6 8 1
e 6 12 1
e 6 23 1
e 7 8 1
e 7 9 1
e 7 10 1
e 8 11 1
e 8 19 1
e 9 20 1
e 9 21 1
e 9 22 1
e 12 13 1
e 13 14 2
e 13 15 1
e 14 16 1
e 14 25 1
e 15 17 2
e 15 26 1
e 16 18 2
e 16 29 1
e 17 18 1
e 17 30 1
e 18 31 1
t # 42346
v 0 1
v 1 1
v 2 1
v 3 1
v 4 1
v 5 2
v 6 3
v 7 3
v 8 3
v 9 3
v 10 3
v 11 3
v 12 3
v 13 4
v 14 4
v 15 4
v 16 4
v 17 4
v 18 4
v 19 4
v 20 4
v 21 4
v 22 4
v 23 4
e 0 9 1
e 0 22 1
e 1 10 1
e 1 23 1
e 2 9 2
e 3 10 2
e 4 11 2
e 5 7 1
e 5 11 1
e 5 18 1
e 6 7 1
e 6 8 1
e 6 9 1
e 6 13 1
e 7 10 1
e 7 14 1
e 8 15 1
e 8 16 1
e 8 17 1
e 11 12 1
e 12 19 1
e 12 20 1
e 12 21 1
t # 42347
v 0 1
v 1 1
v 2 2
v 3 2
v 4 3
v 5 3
v 6 3
v 7 3
v 8 3
v 9 3
v 10 3
v 11 3
v 12 3
v 13 3
v 14 3
v 15 3
v 16 4
v 17 4
v 18 4
v 19 4
v 20 4
v 21 4
v 22 4
v 23 4
v 24 4
v 25 4
v 26 4
v 27 4
e 0 8 2
e 1 9 2
e 2 7 1
e 2 9 1
e 2 12 1
e 3 8 1
e 3 9 1
e 3 19 1
e 4 5 1
e 4 6 1
e 4 16 1
e 4 17 1
e 5 7 2
e 5 8 1
e 6 10 2
e 6 11 1
e 7 18 1
e 10 13 1
e 10 20 1
e 11 14 2
e 11 21 1
e 12 22 1
e 12 23 1
e 12 24 1
e 13 15 2
e 13 25 1
e 14 15 1
e 14 26 1
e 15 27 1
t # 42348
v 0 1
v 1 1
v 2 1
v 3 2
v 4 2
v 5 3
v 6 3
v 7 3
v 8 3
v 9 3
v 10 3
v 11 3
v 12 4
v 13 4
v 14 4
v 15 4
v 16 4
v 17 4
v 18 4
v 19 4
v 20 4
v 21 4
v 22 4
v 23 4
v 24 4
v 25 4
e 0 8 1
e 0 23 1
e 1 8 2
e 2 10 2
e 3 5 1
e 3 10 1
e 3 17 1
e 4 11 1
e 4 24 1
e 4 25 1
e 5 6 1
e 5 7 1
e 5 8 1
e 6 9 1
e 6 12 1
e 6 13 1
e 7 14 1
e 7 15 1
e 7 16 1
e 9 18 1
e 9 19 1
e 9 20 1
e 10 11 1
e 11 21 1
e 11 22 1
t # 42349
v 0 12
v 1 1
v 2 1
v 3 1
v 4 2
v 5 3
v 6 3
v 7 3
v 8 3
v 9 3
v 10 3
v 11 3
v 12 3
v 13 4
v 14 4
v 15 4
v 16 4
v 17 4
v 18 4
v 19 4
v 20 4
v 21 4
v 22 4
v 23 4
v 24 4
v 25 4
v 26 4
e 0 12 1
e 1 9 1
e 1 26 1
e 2 9 2
e 3 11 2
e 4 6 1
e 4 11 1
e 4 20 1
e 5 6 1
e 5 7 1
e 5 13 1
e 5 14 1
e 6 9 1
e 6 15 1
e 7 8 1
e 7 16 1
e 7 17 1
e 8 10 1
e 8 18 1
e 8 19 1
e 10 21 1
e 10 22 1
e 10 23 1
e 11 12 1
e 12 24 1
e 12 25 1
t # 42350
v 0 1
v 1 1
v 2 1
v 3 2
v 4 3
v 5 3
v 6 3
v 7 3
v 8 3
v 9 3
v 10 3
v 11 4
v 12 4
v 13 4
v 14 4
v 15 4
v 16 4
v 17 4
v 18 4
v 19 4
v 20 4
v 21 4
v 22 4
v 23 4
e 0 8 1
e 0 23 1
e 1 8 2
e 2 9 2
e 3 5 1
e 3 9 1
e 3 16 1
e 4 5 1
e 4 6 1
e 4 11 1
e 4 12 1
e 5 8 1
e 5 13 1
e 6 7 1
e 6 14 1
e 6 15 1
e 7 17 1
e 7 18 1
e 7 19 1
e 9 10 1
e 10 20 1
e 10 21 1
e 10 22 1
t # 42351
v 0 1
v 1 1
v 2 1
v 3 2
v 4 2
v 5 2
v 6 3
v 7 3
v 8 3
v 9 3
v 10 3
v 11 3
v 12 3
v 13 3
v 14 3
v 15 42
v 16 4
v 17 4
v 18 4
v 19 4
v 20 4
v 21 4
v 22 4
v 23 4
v 24 4
v 25 4
v 26 4
v 27 4
v 28 4
v 29 4
v 30 4
v 31 4
v 32 4
v 33 4
v 34 4
v 35 4
v 36 4
v 37 4
v 38 4
v 39 4
e 0 9 1
e 1 10 1
e 2 11 1
e 3 12 1
e 3 34 1
e 3 35 1
e 4 13 1
e 4 36 1
e 4 37 1
e 5 14 1
e 5 38 1
e 5 39 1
e 6 9 1
e 6 12 1
e 6 16 1
e 6 17 1
e 7 10 1
e 7 13 1
e 7 18 1
e 7 19 1
e 8 11 1
e 8 14 1
e 8 20 1
e 8 21 1
e 9 22 1
e 9 23 1
e 10 24 1
e 10 25 1
e 11 26 1
e 11 27 1
e 12 28 1
e 12 29 1
e 13 30 1
e 13 31 1
e 14 32 1
e 14 33 1
t # 42352
v 0 11
v 1 11
v 2 2
v 3 3
v 4 3
v 5 3
v 6 3
v 7 3
v 8 3
v 9 3
v 10 3
v 11 3
v 12 3
v 13 3
v 14 3
v 15 3
v 16 3
v 17 3
v 18 3
v 19 3
v 20 3
v 21 3
v 22 3
v 23 4
v 24 4
v 25 4
v 26 4
v 27 4
v 28 4
v 29 4
v 30 4
v 31 4
v 32 4
v 33 4
v 34 4
v 35 4
v 36 4
v 37 4
v 38 4
v 39 4
v 40 4
v 41 4
e 0 4 1
e 0 10 1
e 1 5 1
e 1 11 1
e 2 3 1
e 2 4 1
e 2 5 1
e 3 6 2
e 3 7 1
e 4 23 1
e 4 24 1
e 5 25 1
e 5 26 1
e 6 8 1
e 6 27 1
e 7 9 2
e 7 28 1
e 8 12 2
e 8 29 1
e 9 12 1
e 9 30 1
e 10 13 2
e 10 15 1
e 11 14 2
e 11 16 1
e 12 31 1
e 13 17 1
e 13 32 1
e 14 18 1
e 14 33 1
e 15 19 2
e 15 34 1
e 16 20 2
e 16 35 1
e 17 21 2
e 17 36 1
e 18 22 2
e 18 37 1
e 19 21 1
e 19 38 1
e 20 22 1
e 20 39 1
e 21 40 1
e 22 41 1
t # 42353
v 0 8
v 1 2
v 2 2
v 3 2
v 4 2
v 5 3
v 6 3
v 7 3
v 8 3
v 9 3
v 10 3
v 11 3
v 12 3
v 13 3
v 14 3
v 15 3
v 16 3
v 17 3
v 18 3
v 19 3
v 20 3
v 21 3
v 22 3
v 23 3
v 24 3
v 25 3
v 26 3
v 27 3
v 28 3
v 29 3
v 30 3
v 31 3
v 32 3
v 33 3
v 34 3
v 35 3
v 36 4
v 37 4
v 38 4
v 39 4
v 40 4
v 41 4
v 42 4
v 43 4
v 44 4
v 45 4
v 46 4
v 47 4
v 48 4
v 49 4
v 50 4
v 51 4
v 52 4
v 53 4
v 54 4
v 55 4
v 56 4
v 57 4
v 58 4
v 59 4
v 60 4
e 1 8 1
e 2 8 1
e 3 24 1
e 4 25 1
e 5 9 2
e 5 12 1
e 6 10 2
e 6 13 1
e 7 11 2
e 7 14 1
e 9 15 1
e 9 36 1
e 10 16 1
e 10 37 1
e 11 17 1
e 11 38 1
e 12 18 2
e 12 39 1
e 13 19 2
e 13 40 1
e 14 20 2
e 14 41 1
e 15 21 2
e 15 42 1
e 16 22 2
e 16 43 1
e 17 23 2
e 17 44 1
e 18 21 1
e 18 45 1
e 19 22 1
e 19 46 1
e 20 23 1
e 20 47 1
e 21 48 1
e 22 49 1
e 23 50 1
e 24 26 2
e 24 28 1
e 25 27 2
e 25 29 1
e 26 30 1
e 26 51 1
e 27 31 1
e 27 52 1
e 28 32 2
e 28 53 1
e 29 33 2
e 29 54 1
e 30 34 2
e 30 55 1
e 31 35 2
e 31 56 1
e 32 34 1
e 32 57 1
e 33 35 1
e 33 58 1
e 34 59 1
e 35 60 1
t # 42354
v 0 1
v 1 1
v 2 3
v 3 3
v 4 3
v 5 3
v 6 3
v 7 3
v 8 3
v 9 3
v 10 3
v 11 3
v 12 3
v 13 3
v 14 3
v 15 3
v 16 3
v 17 3
v 18 4
v 19 4
v 20 4
v 21 4
v 22 4
v 23 4
v 24 4
v 25 4
v 26 4
v 27 4
v 28 4
v 29 4
v 30 4
v 31 4
v 32 4
v 33 4
v 34 4
v 35 4
e 0 2 1
e 0 7 1
e 1 4 1
e 1 10 1
e 2 3 1
e 2 4 1
e 2 18 1
e 3 5 2
e 3 6 1
e 4 19 1
e 4 20 1
e 5 8 1
e 5 21 1
e 6 9 2
e 6 22 1
e 7 12 1
e 7 23 1
e 7 24 1
e 8 11 2
e 8 25 1
e 9 11 1
e 9 26 1
e 10 13 2
e 10 14 1
e 11 27 1
e 12 28 1
e 12 29 1
e 12 30 1
e 13 15 1
e 13 31 1
e 14 16 2
e 14 32 1
e 15 17 2
e 15 33 1
e 16 17 1
e 16 34 1
e 17 35 1
t # 42355
v 0 1
v 1 2
v 2 2
v 3 3
v 4 3
v 5 3
v 6 3
v 7 3
v 8 3
v 9 3
v 10 3
v 11 3
v 12 3
v 13 4
v 14 4
v 15 4
v 16 4
v 17 4
v 18 4
v 19 4
v 20 4
v 21 4
v 22 4
v 23 4
v 24 4
e 0 7 2
e 1 5 1
e 1 6 1
e 1 7 1
e 2 10 1
e 2 12 2
e 3 4 1
e 3 5 1
e 3 13 1
e 3 14 1
e 4 6 1
e 4 15 1
e 4 16 1
e 5 17 1
e 5 18 1
e 6 19 1
e 6 20 1
e 7 8 1
e 8 9 1
e 8 10 2
e 9 11 2
e 9 21 1
e 10 22 1
e 11 12 1
e 11 23 1
e 12 24 1
t # 42356
v 0 11
v 1 1
v 2 1
v 3 1
v 4 2
v 5 3
v 6 3
v 7 3
v 8 3
v 9 3
v 10 3
v 11 3
v 12 3
v 13 3
v 14 3
v 15 3
v 16 4
v 17 4
v 18 4
v 19 4
v 20 4
v 21 4
v 22 4
v 23 4
v 24 4
v 25 4
v 26 4
v 27 4
v 28 4
v 29 4
v 30 4
v 31 4
v 32 4
e 0 2 2
e 0 3 2
e 0 9 1
e 1 5 1
e 4 15 1
e 4 31 1
e 4 32 1
e 5 6 1
e 5 8 1
e 5 16 1
e 6 7 1
e 6 17 1
e 6 18 1
e 7 10 1
e 7 19 1
e 7 20 1
e 8 21 1
e 8 22 1
e 8 23 1
e 9 11 2
e 9 12 1
e 10 24 1
e 10 25 1
e 10 26 1
e 11 13 1
e 11 27 1
e 12 14 2
e 12 28 1
e 13 15 2
e 13 29 1
e 14 15 1
e 14 30 1
t # 42357
v 0 1
v 1 1
v 2 2
v 3 2
v 4 2
v 5 2
v 6 3
v 7 3
v 8 3
v 9 3
v 10 3
v 11 3
v 12 3
v 13 3
v 14 3
v 15 3
v 16 3
v 17 3
v 18 3
v 19 3
v 20 3
v 21 3
v 22 3
v 23 3
v 24 4
v 25 4
v 26 4
v 27 4
v 28 4
v 29 4
v 30 4
v 31 4
v 32 4
v 33 4
v 34 4
v 35 4
v 36 4
v 37 4
e 0 10 2
e 1 11 2
e 2 16 2
e 2 20 1
e 3 17 2
e 3 21 1
e 4 18 2
e 4 22 1
e 5 19 2
e 5 23 1
e 6 10 1
e 6 12 2
e 6 14 1
e 7 11 1
e 7 13 2
e 7 15 1
e 8 10 1
e 8 16 1
e 8 24 1
e 8 25 1
e 9 11 1
e 9 17 1
e 9 26 1
e 9 27 1
e 12 13 1
e 12 28 1
e 13 29 1
e 14 15 2
e 14 30 1
e 15 31 1
e 16 18 1
e 17 19 1
e 18 32 1
e 19 33 1
e 20 22 2
e 20 34 1
e 21 23 2
e 21 35 1
e 22 36 1
e 23 37 1
t # 42358
v 0 1
v 1 2
v 2 3
v 3 3
v 4 3
v 5 3
v 6 3
v 7 3
v 8 3
v 9 3
v 10 3
v 11 3
v 12 3
v 13 4
v 14 4
v 15 4
v 16 4
v 17 4
v 18 4
v 19 4
v 20 4
v 21 4
v 22 4
v 23 4
v 24 4
v 25 4
v 26 4
v 27 4
v 28 4
v 29 4
v 30 4
v 31 4
e 0 11 1
e 0 12 1
e 1 5 1
e 1 8 1
e 1 9 1
e 2 3 1
e 2 6 1
e 2 10 1
e 2 13 1
e 3 4 1
e 3 14 1
e 3 15 1
e 4 5 1
e 4 16 1
e 4 17 1
e 5 7 2
e 6 7 1
e 6 18 1
e 6 19 1
e 7 20 1
e 8 11 1
e 8 21 1
e 8 22 1
e 9 12 1
e 9 23 1
e 9 24 1
e 10 25 1
e 10 26 1
e 10 27 1
e 11 28 1
e 11 29 1
e 12 30 1
e 12 31 1
t # 42359
v 0 11
v 1 11
v 2 11
v 3 11
v 4 2
v 5 2
v 6 3
v 7 3
v 8 3
v 9 3
v 10 3
v 11 3
v 12 3
v 13 3
v 14 3
v 15 3
v 16 3
v 17 3
v 18 3
v 19 3
v 20 3
v 21 3
v 22 3
v 23 3
v 24 3
v 25 3
v 26 3
v 27 3
v 28 3
v 29 3
v 30 3
v 31 3
v 32 3
v 33 3
v 34 3
v 35 3
v 36 4
v 37 4
v 38 4
v 39 4
v 40 4
v 41 4
v 42 4
v 43 4
v 44 4
v 45 4
v 46 4
v 47 4
v 48 4
v 49 4
v 50 4
v 51 4
v 52 4
v 53 4
v 54 4
v 55 4
v 56 4
v 57 4
v 58 4
v 59 4
v 60 4
v 61 4
e 0 20 1
e 1 21 1
e 4 6 1
e 4 7 1
e 5 8 1
e 5 9 1
e 6 10 2
e 6 14 1
e 7 11 2
e 7 15 1
e 8 12 2
e 8 16 1
e 9 13 2
e 9 17 1
e 10 24 1
e 10 36 1
e 11 25 1
e 11 37 1
e 12 26 1
e 12 38 1
e 13 27 1
e 13 39 1
e 14 28 2
e 14 40 1
e 15 29 2
e 15 41 1
e 16 30 2
e 16 42 1
e 17 31 2
e 17 43 1
e 18 20 1
e 18 22 1
e 18 44 1
e 18 45 1
e 19 21 1
e 19 23 1
e 19 46 1
e 19 47 1
e 22 23 2
e 22 48 1
e 23 49 1
e 24 32 2
e 24 50 1
e 25 33 2
e 25 51 1
e 26 34 2
e 26 52 1
e 27 35 2
e 27 53 1
e 28 32 1
e 28 54 1
e 29 33 1
e 29 55 1
e 30 34 1
e 30 56 1
e 31 35 1
e 31 57 1
e 32 58 1
e 33 59 1
e 34 60 1
e 35 61 1
t # 42360
v 0 11
v 1 1
v 2 3
v 3 3
v 4 3
v 5 3
v 6 3
v 7 3
v 8 3
v 9 3
v 10 3
v 11 3
v 12 4
v 13 4
v 14 4
v 15 4
v 16 4
v 17 4
v 18 4
v 19 4
v 20 4
v 21 4
v 22 4
v 23 4
v 24 4
v 25 4
v 26 4
v 27 4
v 28 4
v 29 4
v 30 4
v 31 4
e 0 3 1
e 0 7 1
e 1 3 1
e 1 8 1
e 2 3 1
e 2 4 1
e 2 5 1
e 2 12 1
e 3 13 1
e 4 6 1
e 4 14 1
e 4 15 1
e 5 10 1
e 5 16 1
e 5 17 1
e 6 9 1
e 6 18 1
e 6 19 1
e 7 8 1
e 7 20 1
e 7 21 1
e 8 22 1
e 8 23 1
e 9 11 1
e 9 24 1
e 9 25 1
e 10 26 1
e 10 27 1
e 10 28 1
e 11 29 1
e 11 30 1
e 11 31 1
t # 42361
v 0 1
v 1 1
v 2 1
v 3 2
v 4 3
v 5 3
v 6 3
v 7 3
v 8 3
v 9 3
v 10 3
v 11 3
v 12 3
v 13 3
v 14 3
v 15 3
v 16 3
v 17 4
v 18 4
v 19 4
v 20 4
v 21 4
v 22 4
v 23 4
v 24 4
v 25 4
v 26 4
v 27 4
v 28 4
v 29 4
v 30 4
v 31 4
v 32 4
v 33 4
e 0 4 1
e 0 10 1
e 1 13 1
e 1 15 1
e 2 13 2
e 4 5 1
e 4 7 1
e 4 9 1
e 5 6 1
e 5 17 1
e 5 18 1
e 6 8 1
e 6 19 1
e 6 20 1
e 7 21 1
e 7 22 1
e 7 23 1
e 8 10 2
e 8 11 1
e 9 12 2
e 9 24 1
e 10 25 1
e 11 26 1
e 11 27 1
e 11 28 1
e 12 13 1
e 12 14 1
e 15 16 1
e 15 29 1
e 15 30 1
e 16 31 1
e 16 32 1
e 16 33 1
t # 42362
v 0 18
v 1 11
v 2 1
v 3 1
v 4 1
v 5 3
v 6 3
v 7 3
v 8 3
v 9 3
v 10 3
v 11 3
v 12 3
v 13 3
v 14 3
v 15 3
v 16 4
v 17 4
v 18 4
v 19 4
v 20 4
v 21 4
v 22 4
v 23 4
v 24 4
v 25 4
v 26 4
v 27 4
v 28 4
v 29 4
v 30 4
e 1 3 2
e 1 4 2
e 1 10 1
e 2 5 1
e 5 6 1
e 5 8 1
e 5 16 1
e 6 7 1
e 6 17 1
e 6 18 1
e 7 9 1
e 7 19 1
e 7 20 1
e 8 21 1
e 8 22 1
e 8 23 1
e 9 24 1
e 9 25 1
e 9 26 1
e 10 11 2
e 10 12 1
e 11 13 1
e 11 27 1
e 12 14 2
e 12 28 1
e 13 15 2
e 13 29 1
e 14 15 1
e 14 30 1
t # 42363
v 0 11
v 1 11
v 2 3
v 3 3
v 4 3
v 5 3
v 6 3
v 7 3
v 8 3
v 9 3
v 10 3
v 11 3
v 12 3
v 13 3
v 14 4
v 15 4
v 16 4
v 17 4
v 18 4
v 19 4
v 20 4
v 21 4
v 22 4
v 23 4
v 24 4
v 25 4
v 26 4
v 27 4
v 28 4
v 29 4
v 30 4
v 31 4
v 32 4
v 33 4
v 34 4
v 35 4
e 0 2 1
e 0 10 1
e 1 3 1
e 1 11 1
e 2 4 1
e 2 5 1
e 2 6 1
e 3 7 1
e 3 8 1
e 3 9 1
e 4 14 1
e 4 15 1
e 4 16 1
e 5 17 1
e 5 18 1
e 5 19 1
e 6 20 1
e 6 21 1
e 6 22 1
e 7 23 1
e 7 24 1
e 7 25 1
e 8 26 1
e 8 27 1
e 8 28 1
e 9 29 1
e 9 30 1
e 9 31 1
e 10 12 1
e 10 32 1
e 10 33 1
e 11 13 1
e 11 34 1
e 11 35 1
t # 42364
v 0 12
v 1 11
v 2 3
v 3 3
v 4 3
v 5 3
v 6 3
v 7 3
v 8 3
v 9 4
v 10 4
v 11 4
v 12 4
v 13 4
v 14 4
v 15 4
v 16 4
v 17 4
v 18 4
v 19 4
v 20 4
v 21 4
e 0 7 1
e 1 2 1
e 1 6 1
e 2 3 1
e 2 4 1
e 2 5 1
e 3 9 1
e 3 10 1
e 3 11 1
e 4 12 1
e 4 13 1
e 4 14 1
e 5 15 1
e 5 16 1
e 5 17 1
e 6 7 1
e 6 18 1
e 6 19 1
e 7 8 2
e 8 20 1
e 8 21 1
t # 42365
v 0 11
v 1 11
v 2 1
v 3 1
v 4 1
v 5 1
v 6 3
v 7 3
v 8 3
v 9 3
v 10 3
v 11 3
v 12 3
v 13 3
v 14 4
v 15 4
v 16 4
v 17 4
v 18 4
v 19 4
v 20 4
v 21 4
v 22 4
v 23 4
v 24 4
v 25 4
v 26 4
v 27 4
e 0 7 1
e 0 10 1
e 1 7 1
e 1 11 1
e 2 12 1
e 2 26 1
e 3 13 1
e 3 27 1
e 4 12 2
e 5 13 2
e 6 7 1
e 6 8 1
e 6 14 1
e 6 15 1
e 7 16 1
e 8 9 1
e 8 17 1
e 8 18 1
e 9 19 1
e 9 20 1
e 9 21 1
e 10 12 1
e 10 22 1
e 10 23 1
e 11 13 1
e 11 24 1
e 11 25 1
t # 42366
v 0 1
v 1 1
v 2 1
v 3 1
v 4 3
v 5 3
v 6 3
v 7 3
v 8 3
v 9 3
v 10 3
v 11 3
v 12 3
v 13 3
v 14 4
v 15 4
v 16 4
v 17 4
v 18 4
v 19 4
v 20 4
v 21 4
v 22 4
v 23 4
e 0 4 1
e 0 5 1
e 1 4 1
e 1 6 1
e 2 7 1
e 2 12 1
e 3 7 2
e 4 7 1
e 4 14 1
e 5 6 1
e 5 8 2
e 6 9 2
e 8 10 1
e 8 15 1
e 9 11 1
e 9 16 1
e 10 11 2
e 10 17 1
e 11 18 1
e 12 13 1
e 12 19 1
e 12 20 1
e 13 21 1
e 13 22 1
e 13 23 1
t # 42367
v 0 12
v 1 11
v 2 11
v 3 11
v 4 3
v 5 3
v 6 3
v 7 3
v 8 3
v 9 3
v 10 3
v 11 3
v 12 3
v 13 3
v 14 3
v 15 4
v 16 4
v 17 4
v 18 4
v 19 4
v 20 4
v 21 4
v 22 4
v 23 4
v 24 4
v 25 4
e 0 8 1
e 1 5 1
e 1 11 1
e 2 11 1
e 2 12 1
e 4 5 1
e 4 6 2
e 4 7 1
e 5 15 1
e 5 16 1
e 6 8 1
e 6 17 1
e 7 9 2
e 7 18 1
e 8 10 2
e 9 10 1
e 9 19 1
e 10 20 1
e 12 13 1
e 12 21 1
e 12 22 1
e 13 14 2
e 13 23 1
e 14 24 1
e 14 25 1
t # 42368
v 0 12
v 1 11
v 2 8
v 3 1
v 4 3
v 5 3
v 6 3
v 7 3
v 8 3
v 9 3
v 10 3
v 11 3
v 12 3
v 13 3
v 14 3
v 15 3
v 16 4
v 17 4
v 18 4
v 19 4
v 20 4
v 21 4
v 22 4
v 23 4
v 24 4
v 25 4
e 3 7 1
e 4 5 2
e 4 6 1
e 5 8 1
e 5 16 1
e 6 9 2
e 6 17 1
e 7 10 2
e 7 11 1
e 8 12 2
e 8 18 1
e 9 12 1
e 9 19 1
e 10 13 1
e 10 20 1
e 11 14 2
e 11 21 1
e 12 22 1
e 13 15 2
e 13 23 1
e 14 15 1
e 14 24 1
e 15 25 1
t # 42369
v 0 11
v 1 1
v 2 2
v 3 3
v 4 3
v 5 3
v 6 3
v 7 3
v 8 3
v 9 3
v 10 3
v 11 3
v 12 3
v 13 3
v 14 3
v 15 3
v 16 3
v 17 3
v 18 3
v 19 3
v 20 3
v 21 3
v 22 3
v 23 4
v 24 4
v 25 4
v 26 4
v 27 4
v 28 4
v 29 4
v 30 4
v 31 4
v 32 4
v 33 4
v 34 4
v 35 4
v 36 4
v 37 4
v 38 4
v 39 4
e 0 5 1
e 0 6 1
e 1 5 2
e 2 3 1
e 2 4 1
e 2 5 1
e 3 8 2
e 3 10 1
e 4 9 2
e 4 11 1
e 6 7 1
e 6 23 1
e 6 24 1
e 7 16 2
e 7 17 1
e 8 12 1
e 8 25 1
e 9 13 1
e 9 26 1
e 10 14 2
e 10 27 1
e 11 15 2
e 11 28 1
e 12 18 2
e 12 29 1
e 13 19 2
e 13 30 1
e 14 18 1
e 14 31 1
e 15 19 1
e 15 32 1
e 16 20 1
e 16 33 1
e 17 21 2
e 17 34 1
e 18 35 1
e 19 36 1
e 20 22 2
e 20 37 1
e 21 22 1
e 21 38 1
e 22 39 1
t # 42370
v 0 12
v 1 12
v 2 8
v 3 1
v 4 1
v 5 1
v 6 2
v 7 3
v 8 3
v 9 3
v 10 3
v 11 3
v 12 3
v 13 3
v 14 3
v 15 3
v 16 3
v 17 3
v 18 3
v 19 3
v 20 4
v 21 4
v 22 4
v 23 4
v 24 4
v 25 4
v 26 4
v 27 4
v 28 4
v 29 4
e 0 14 1
e 1 19 1
e 3 27 1
e 5 8 2
e 6 8 1
e 6 9 1
e 6 20 1
e 7 10 2
e 7 11 1
e 9 14 2
e 9 15 1
e 10 12 1
e 10 21 1
e 11 13 2
e 11 22 1
e 12 16 2
e 12 24 1
e 13 16 1
e 13 25 1
e 14 17 1
e 15 18 2
e 15 23 1
e 16 26 1
e 17 19 2
e 17 28 1
e 18 19 1
e 18 29 1
t # 42371
v 0 2
v 1 2
v 2 3
v 3 3
v 4 3
v 5 3
v 6 3
v 7 3
v 8 3
v 9 3
v 10 3
v 11 3
v 12 4
v 13 4
v 14 4
v 15 4
v 16 4
v 17 4
e 0 7 2
e 0 10 1
e 2 3 1
e 2 5 2
e 2 6 1
e 3 4 2
e 3 7 1
e 4 8 1
e 4 12 1
e 5 9 1
e 5 13 1
e 6 10 2
e 6 14 1
e 7 11 1
e 8 9 2
e 8 15 1
e 9 16 1
e 10 17 1
t # 42372
v 0 12
v 1 1
v 2 3
v 3 3
v 4 3
v 5 3
v 6 3
v 7 3
v 8 3
v 9 3
v 10 3
v 11 3
v 12 3
v 13 3
v 14 4
v 15 4
v 16 4
v 17 4
v 18 4
v 19 4
v 20 4
v 21 4
v 22 4
v 23 4
v 24 4
v 25 4
v 26 4
e 0 13 1
e 1 3 2
e 2 3 1
e 2 4 1
e 2 5 1
e 2 14 1
e 3 6 1
e 4 15 1
e 4 16 1
e 4 17 1
e 5 18 1
e 5 19 1
e 5 20 1
e 6 8 2
e 6 21 1
e 7 8 1
e 7 9 2
e 7 10 1
e 8 22 1
e 9 11 1
e 9 23 1
e 10 12 2
e 10 24 1
e 11 13 2
e 11 25 1
e 12 13 1
e 12 26 1
t # 42373
v 0 18
v 1 18
v 2 8
v 3 1
v 4 1
v 5 1
v 6 2
v 7 2
v 8 3
v 9 3
v 10 3
v 11 3
v 12 3
v 13 3
v 14 3
v 15 3
v 16 3
v 17 3
v 18 3
v 19 3
v 20 3
v 21 3
v 22 3
v 23 3
v 24 3
v 25 3
v 26 3
v 27 3
v 28 3
v 29 3
v 30 3
v 31 3
v 32 3
v 33 3
v 34 3
v 35 3
v 36 4
v 37 4
v 38 4
v 39 4
v 40 4
v 41 4
v 42 4
v 43 4
v 44 4
v 45 4
v 46 4
v 47 4
v 48 4
v 49 4
v 50 4
v 51 4
v 52 4
v 53 4
v 54 4
v 55 4
v 56 4
v 57 4
v 58 4
v 59 4
v 60 4
v 61 4
v 62 4
e 3 18 1
e 4 19 1
e 8 10 1
e 8 12 1
e 8 13 1
e 8 14 1
e 9 11 1
e 9 15 1
e 9 16 1
e 9 17 1
e 10 18 2
e 10 20 1
e 11 19 2
e 11 21 1
e 12 36 1
e 12 37 1
e 12 38 1
e 13 39 1
e 13 40 1
e 13 41 1
e 14 42 1
e 14 43 1
e 14 44 1
e 15 45 1
e 15 46 1
e 15 47 1
e 16 48 1
e 16 49 1
e 16 50 1
e 17 51 1
e 17 52 1
e 17 53 1
e 18 22 1
e 19 23 1
e 20 24 2
e 20 54 1
e 21 25 2
e 21 55 1
e 22 27 2
e 23 28 2
e 24 27 1
e 24 31 1
e 25 28 1
e 25 32 1
e 26 29 2
e 26 30 1
e 27 56 1
e 28 57 1
e 29 33 1
e 29 58 1
e 30 34 2
e 30 59 1
e 33 35 2
e 33 60 1
e 34 35 1
e 34 61 1
e 35 62 1
t # 42374
v 0 18
v 1 8
v 2 1
v 3 1
v 4 2
v 5 2
v 6 3
v 7 3
v 8 3
v 9 3
v 10 3
v 11 3
v 12 3
v 13 4
v 14 4
v 15 4
v 16 4
v 17 4
v 18 4
v 19 4
v 20 4
v 21 4
v 22 4
v 23 4
v 24 4
v 25 4
v 26 4
e 2 10 1
e 4 6 1
e 4 7 1
e 6 8 1
e 6 13 1
e 6 14 1
e 7 9 1
e 7 15 1
e 7 16 1
e 8 17 1
e 8 18 1
e 8 19 1
e 9 20 1
e 9 21 1
e 9 22 1
e 10 12 1
e 10 23 1
e 10 24 1
e 12 25 1
e 12 26 1
t # 42375
v 0 12
v 1 1
v 2 1
v 3 1
v 4 1
v 5 1
v 6 3
v 7 3
v 8 3
v 9 3
v 10 3
v 11 3
v 12 3
v 13 3
v 14 3
v 15 3
v 16 3
v 17 3
v 18 3
v 19 4
v 20 4
v 21 4
v 22 4
v 23 4
v 24 4
v 25 4
v 26 4
v 27 4
v 28 4
v 29 4
v 30 4
v 31 4
v 32 4
v 33 4
e 0 12 1
e 1 7 1
e 1 10 1
e 2 11 1
e 2 14 1
e 3 15 1
e 3 16 1
e 4 11 2
e 5 15 2
e 6 7 2
e 6 8 1
e 6 11 1
e 7 9 1
e 8 12 2
e 8 19 1
e 9 13 2
e 9 20 1
e 10 15 1
e 10 21 1
e 10 22 1
e 12 13 1
e 13 23 1
e 14 17 1
e 14 24 1
e 14 25 1
e 16 18 1
e 16 26 1
e 16 27 1
e 17 28 1
e 17 29 1
e 17 30 1
e 18 31 1
e 18 32 1
e 18 33 1
t # 42376
v 0 29
v 1 18
v 2 3
v 3 3
v 4 3
v 5 3
v 6 3
v 7 3
v 8 4
v 9 4
v 10 4
v 11 4
v 12 4
v 13 4
v 14 4
v 15 4
v 16 4
v 17 4
v 18 4
v 19 4
v 20 4
v 21 4
v 22 4
e 2 5 1
e 2 8 1
e 2 9 1
e 3 6 1
e 3 10 1
e 3 11 1
e 4 7 1
e 4 12 1
e 4 13 1
e 5 14 1
e 5 15 1
e 5 16 1
e 6 17 1
e 6 18 1
e 6 19 1
e 7 20 1
e 7 21 1
e 7 22 1
t # 42377
v 0 12
v 1 12
v 2 12
v 3 12
v 4 12
v 5 8
v 6 1
v 7 1
v 8 1
v 9 1
v 10 3
v 11 3
v 12 3
v 13 3
v 14 3
v 15 3
v 16 3
v 17 3
v 18 3
v 19 3
v 20 4
v 21 4
v 22 4
v 23 4
v 24 4
v 25 4
v 26 4
v 27 4
v 28 4
v 29 4
e 0 13 1
e 1 14 1
e 2 15 1
e 3 16 1
e 4 17 1
e 6 10 1
e 7 11 1
e 8 12 1
e 10 13 2
e 10 14 1
e 11 18 1
e 11 20 1
e 11 21 1
e 12 19 1
e 12 22 1
e 12 23 1
e 13 16 1
e 14 15 2
e 15 17 1
e 16 17 2
e 18 24 1
e 18 25 1
e 18 26 1
e 19 27 1
e 19 28 1
e 19 29 1
t # 42378
v 0 8
v 1 1
v 2 2
v 3 2
v 4 3
v 5 3
v 6 3
v 7 3
v 8 3
v 9 3
v 10 3
v 11 3
v 12 3
v 13 3
v 14 3
v 15 3
v 16 3
v 17 3
v 18 3
v 19 3
v 20 3
v 21 3
v 22 4
v 23 4
v 24 4
v 25 4
v 26 4
v 27 4
v 28 4
v 29 4
v 30 4
v 31 4
v 32 4
v 33 4
v 34 4
v 35 4
v 36 4
v 37 4
v 38 4
v 39 4
v 40 4
v 41 4
v 42 4
v 43 4
v 44 4
v 45 4
v 46 4
v 47 4
v 48 4
v 49 4
v 50 4
e 2 4 1
e 2 40 1
e 3 5 1
e 3 41 1
e 4 6 1
e 4 7 1
e 4 22 1
e 5 8 1
e 5 9 1
e 5 23 1
e 6 10 1
e 6 24 1
e 6 25 1
e 7 11 1
e 7 26 1
e 7 27 1
e 8 12 1
e 8 28 1
e 8 29 1
e 9 13 1
e 9 30 1
e 9 31 1
e 10 14 1
e 10 32 1
e 10 33 1
e 11 14 1
e 11 34 1
e 11 35 1
e 12 15 1
e 12 36 1
e 12 37 1
e 13 15 1
e 13 38 1
e 13 39 1
e 14 42 1
e 14 43 1
e 15 44 1
e 15 45 1
e 16 17 2
e 16 18 1
e 17 19 1
e 17 46 1
e 18 20 2
e 18 47 1
e 19 21 2
e 19 48 1
e 20 21 1
e 20 49 1
e 21 50 1
t # 42379
v 0 27
v 1 9
v 2 2
v 3 3
v 4 3
v 5 3
v 6 3
v 7 3
v 8 3
v 9 3
v 10 3
v 11 3
v 12 3
v 13 3
v 14 3
v 15 3
v 16 3
v 17 4
v 18 4
v 19 4
v 20 4
v 21 4
v 22 4
v 23 4
v 24 4
v 25 4
v 26 4
v 27 4
v 28 4
e 3 6 2
e 3 8 1
e 4 7 2
e 4 9 1
e 5 16 1
e 5 17 1
e 5 18 1
e 6 10 1
e 6 19 1
e 7 11 1
e 7 20 1
e 8 12 2
e 8 21 1
e 9 13 2
e 9 22 1
e 10 14 2
e 10 23 1
e 11 15 2
e 11 24 1
e 12 14 1
e 12 25 1
e 13 15 1
e 13 26 1
e 14 27 1
e 15 28 1
t # 42380
v 0 12
v 1 12
v 2 1
v 3 1
v 4 2
v 5 2
v 6 3
v 7 3
v 8 3
v 9 3
v 10 3
v 11 3
v 12 3
v 13 3
v 14 3
v 15 3
v 16 3
v 17 3
v 18 3
v 19 3
v 20 4
v 21 4
v 22 4
v 23 4
v 24 4
v 25 4
v 26 4
v 27 4
v 28 4
v 29 4
v 30 4
v 31 4
v 32 4
v 33 4
v 34 4
v 35 4
v 36 4
v 37 4
v 38 4
v 39 4
e 0 12 1
e 1 13 1
e 2 14 2
e 3 15 2
e 4 6 1
e 4 8 1
e 4 9 1
e 5 7 1
e 5 10 1
e 5 11 1
e 6 12 2
e 6 15 1
e 7 13 2
e 7 14 1
e 8 16 1
e 8 20 1
e 8 21 1
e 9 17 1
e 9 22 1
e 9 23 1
e 10 18 1
e 10 24 1
e 10 25 1
e 11 19 1
e 11 26 1
e 11 27 1
e 12 14 1
e 13 15 1
e 16 28 1
e 16 29 1
e 16 30 1
e 17 31 1
e 17 32 1
e 17 33 1
e 18 34 1
e 18 35 1
e 18 36 1
e 19 37 1
e 19 38 1
e 19 39 1
t # 42381
v 0 9
v 1 18
v 2 2
v 3 3
v 4 3
v 5 3
v 6 3
v 7 3
v 8 3
v 9 3
v 10 3
v 11 3
v 12 3
v 13 3
v 14 3
v 15 4
v 16 4
v 17 4
v 18 4
v 19 4
v 20 4
v 21 4
v 22 4
v 23 4
v 24 4
v 25 4
v 26 4
v 27 4
v 28 4
v 29 4
v 30 4
v 31 4
v 32 4
v 33 4
v 34 4
v 35 4
v 36 4
v 37 4
v 38 4
v 39 4
v 40 4
v 41 4
v 42 4
e 2 3 1
e 2 7 1
e 2 24 1
e 3 4 1
e 3 8 1
e 3 15 1
e 4 5 1
e 4 16 1
e 4 17 1
e 5 6 1
e 5 18 1
e 5 19 1
e 6 7 1
e 6 20 1
e 6 21 1
e 7 22 1
e 7 23 1
e 8 31 1
e 8 32 1
e 8 33 1
e 9 12 1
e 9 25 1
e 9 26 1
e 10 13 1
e 10 27 1
e 10 28 1
e 11 14 1
e 11 29 1
e 11 30 1
e 12 34 1
e 12 35 1
e 12 36 1
e 13 37 1
e 13 38 1
e 13 39 1
e 14 40 1
e 14 41 1
e 14 42 1
t # 42382
v 0 12
v 1 12
v 2 12
v 3 12
v 4 12
v 5 12
v 6 1
v 7 1
v 8 1
v 9 3
v 10 3
v 11 3
v 12 3
v 13 3
v 14 3
e 0 9 1
e 1 9 1
e 2 10 1
e 3 10 1
e 4 11 1
e 5 11 1
e 6 12 2
e 7 13 2
e 8 14 2
e 9 12 1
e 9 13 1
e 10 12 1
e 10 14 1
e 11 13 1
e 11 14 1
t # 42383
v 0 11
v 1 8
v 2 2
v 3 3
v 4 3
v 5 3
v 6 3
v 7 3
v 8 3
v 9 3
v 10 3
v 11 3
v 12 3
v 13 3
v 14 3
v 15 3
v 16 3
v 17 3
v 18 3
v 19 3
v 20 4
v 21 4
v 22 4
v 23 4
v 24 4
v 25 4
v 26 4
v 27 4
v 28 4
v 29 4
v 30 4
v 31 4
v 32 4
v 33 4
v 34 4
v 35 4
v 36 4
v 37 4
v 38 4
v 39 4
e 2 3 1
e 2 4 1
e 3 5 1
e 3 20 1
e 3 21 1
e 4 6 1
e 4 22 1
e 4 23 1
e 5 7 1
e 5 24 1
e 5 25 1
e 6 7 1
e 6 26 1
e 6 27 1
e 7 28 1
e 7 29 1
e 8 10 2
e 8 12 1
e 9 11 2
e 9 13 1
e 10 14 1
e 10 30 1
e 11 15 1
e 11 31 1
e 12 16 2
e 12 32 1
e 13 17 2
e 13 33 1
e 14 18 2
e 14 34 1
e 15 19 2
e 15 35 1
e 16 18 1
e 16 36 1
e 17 19 1
e 17 37 1
e 18 38 1
e 19 39 1
t # 42384
v 0 8
v 1 1
v 2 2
v 3 2
v 4 2
v 5 2
v 6 3
v 7 3
v 8 3
v 9 3
v 10 3
v 11 3
v 12 3
v 13 3
v 14 3
v 15 3
v 16 3
v 17 3
v 18 3
v 19 3
v 20 3
v 21 3
v 22 4
v 23 4
v 24 4
v 25 4
v 26 4
v 27 4
v 28 4
v 29 4
v 30 4
v 31 4
v 32 4
v 33 4
v 34 4
v 35 4
v 36 4
v 37 4
v 38 4
v 39 4
v 40 4
v 41 4
v 42 4
v 43 4
v 44 4
v 45 4
v 46 4
v 47 4
v 48 4
e 2 6 1
e 2 7 1
e 3 8 1
e 3 9 1
e 4 10 1
e 4 11 1
e 4 15 1
e 5 12 1
e 5 13 1
e 5 16 1
e 6 10 1
e 6 22 1
e 6 23 1
e 7 11 1
e 7 24 1
e 7 25 1
e 8 12 1
e 8 26 1
e 8 27 1
e 9 13 1
e 9 28 1
e 9 29 1
e 10 30 1
e 10 31 1
e 11 32 1
e 11 33 1
e 12 34 1
e 12 35 1
e 13 36 1
e 13 37 1
e 14 17 2
e 14 18 1
e 15 38 1
e 15 39 1
e 15 40 1
e 16 41 1
e 16 42 1
e 16 43 1
e 17 19 1
e 17 44 1
e 18 20 2
e 18 45 1
e 19 21 2
e 19 46 1
e 20 21 1
e 20 47 1
e 21 48 1
t # 42385
v 0 8
v 1 2
v 2 2
v 3 2
v 4 3
v 5 3
v 6 3
v 7 3
v 8 3
v 9 3
v 10 3
v 11 3
v 12 3
v 13 3
v 14 3
v 15 3
v 16 3
v 17 3
v 18 3
v 19 3
v 20 3
v 21 3
v 22 4
v 23 4
v 24 4
v 25 4
v 26 4
v 27 4
v 28 4
v 29 4
v 30 4
v 31 4
v 32 4
v 33 4
v 34 4
v 35 4
v 36 4
v 37 4
v 38 4
v 39 4
v 40 4
v 41 4
v 42 4
v 43 4
v 44 4
v 45 4
v 46 4
v 47 4
v 48 4
v 49 4
v 50 4
v 51 4
v 52 4
v 53 4
v 54 4
v 55 4
v 56 4
v 57 4
e 1 4 1
e 1 7 1
e 2 5 1
e 2 8 1
e 3 6 1
e 3 9 1
e 4 10 1
e 4 19 1
e 4 22 1
e 5 11 1
e 5 20 1
e 5 23 1
e 6 12 1
e 6 21 1
e 6 24 1
e 7 13 1
e 7 25 1
e 7 26 1
e 8 14 1
e 8 27 1
e 8 28 1
e 9 15 1
e 9 29 1
e 9 30 1
e 10 16 1
e 10 31 1
e 10 32 1
e 11 17 1
e 11 33 1
e 11 34 1
e 12 18 1
e 12 35 1
e 12 36 1
e 13 16 1
e 13 37 1
e 13 38 1
e 14 17 1
e 14 39 1
e 14 40 1
e 15 18 1
e 15 41 1
e 15 42 1
e 16 43 1
e 16 44 1
e 17 45 1
e 17 46 1
e 18 47 1
e 18 48 1
e 19 49 1
e 19 50 1
e 19 51 1
e 20 52 1
e 20 53 1
e 20 54 1
e 21 55 1
e 21 56 1
e 21 57 1
t # 42386
v 0 1
v 1 1
v 2 2
v 3 2
v 4 2
v 5 3
v 6 3
v 7 3
v 8 3
v 9 3
v 10 3
v 11 3
v 12 3
v 13 3
v 14 3
v 15 3
v 16 3
v 17 3
v 18 3
v 19 3
v 20 3
v 21 3
v 22 4
v 23 4
v 24 4
v 25 4
v 26 4
v 27 4
v 28 4
v 29 4
v 30 4
v 31 4
v 32 4
v 33 4
v 34 4
e 0 19 1
e 0 20 1
e 1 20 2
e 2 5 1
e 2 19 2
e 3 6 1
e 4 19 1
e 5 6 2
e 5 7 1
e 6 8 1
e 7 9 2
e 7 10 1
e 8 11 2
e 8 12 1
e 9 13 1
e 9 22 1
e 10 14 2
e 10 23 1
e 11 15 1
e 11 24 1
e 12 16 2
e 12 25 1
e 13 17 2
e 13 26 1
e 14 17 1
e 14 27 1
e 15 18 2
e 15 28 1
e 16 18 1
e 16 29 1
e 17 30 1
e 18 31 1
e 20 21 1
e 21 32 1
e 21 33 1
e 21 34 1
t # 42387
v 0 12
v 1 8
v 2 1
v 3 2
v 4 2
v 5 3
v 6 3
v 7 3
v 8 3
v 9 3
v 10 3
v 11 3
v 12 3
v 13 4
v 14 4
v 15 4
v 16 4
v 17 4
v 18 4
v 19 4
v 20 4
v 21 4
v 22 4
v 23 4
v 24 4
v 25 4
v 26 4
v 27 4
v 28 4
e 3 5 1
e 3 6 1
e 4 7 1
e 4 8 1
e 5 9 1
e 5 13 1
e 5 14 1
e 6 10 1
e 6 15 1
e 6 16 1
e 7 11 1
e 7 17 1
e 7 18 1
e 8 12 1
e 8 19 1
e 8 20 1
e 9 10 1
e 9 21 1
e 9 22 1
e 10 23 1
e 10 24 1
e 11 12 1
e 11 25 1
e 11 26 1
e 12 27 1
e 12 28 1
t # 42388
v 0 8
v 1 1
v 2 1
v 3 2
v 4 2
v 5 3
v 6 3
v 7 3
v 8 3
v 9 3
v 10 3
v 11 3
v 12 3
v 13 3
v 14 3
v 15 3
v 16 3
v 17 3
v 18 3
v 19 4
v 20 4
v 21 4
v 22 4
v 23 4
v 24 4
v 25 4
v 26 4
v 27 4
v 28 4
v 29 4
v 30 4
v 31 4
v 32 4
v 33 4
v 34 4
v 35 4
v 36 4
v 37 4
v 38 4
v 39 4
e 1 13 1
e 3 5 1
e 3 6 1
e 4 7 1
e 4 8 1
e 5 9 1
e 5 19 1
e 5 20 1
e 6 10 1
e 6 21 1
e 6 22 1
e 7 11 1
e 7 23 1
e 7 24 1
e 8 12 1
e 8 25 1
e 8 26 1
e 9 10 1
e 9 27 1
e 9 28 1
e 10 29 1
e 10 30 1
e 11 12 1
e 11 31 1
e 11 32 1
e 12 33 1
e 12 34 1
e 13 14 2
e 13 15 1
e 14 16 1
e 14 35 1
e 15 17 2
e 15 36 1
e 16 18 2
e 16 37 1
e 17 18 1
e 17 38 1
e 18 39 1
t # 42389
v 0 38
v 1 1
v 2 3
v 3 3
v 4 3
v 5 3
v 6 3
v 7 3
v 8 3
v 9 3
v 10 3
v 11 3
v 12 3
v 13 3
v 14 4
v 15 4
v 16 4
v 17 4
v 18 4
v 19 4
v 20 4
v 21 4
v 22 4
v 23 4
e 2 4 2
e 2 6 1
e 3 5 2
e 3 7 1
e 4 8 1
e 4 14 1
e 5 9 1
e 5 15 1
e 6 10 2
e 6 16 1
e 7 11 2
e 7 17 1
e 8 12 2
e 8 18 1
e 9 13 2
e 9 19 1
e 10 12 1
e 10 20 1
e 11 13 1
e 11 21 1
e 12 22 1
e 13 23 1
t # 42390
v 0 12
v 1 12
v 2 12
v 3 1
v 4 1
v 5 1
v 6 1
v 7 1
v 8 1
v 9 2
v 10 2
v 11 2
v 12 3
v 13 3
v 14 3
v 15 3
v 16 3
v 17 3
v 18 3
v 19 3
v 20 3
v 21 3
v 22 3
v 23 3
v 24 3
v 25 4
v 26 4
v 27 4
v 28 4
v 29 4
v 30 4
e 0 15 1
e 1 16 1
e 2 18 1
e 3 12 1
e 3 24 1
e 4 24 2
e 9 14 1
e 9 24 1
e 9 28 1
e 10 13 1
e 11 21 1
e 12 13 2
e 12 15 1
e 13 16 1
e 14 19 2
e 14 20 1
e 15 17 2
e 16 18 2
e 17 18 1
e 17 25 1
e 19 22 1
e 19 26 1
e 20 23 2
e 20 27 1
e 21 22 2
e 21 23 1
e 22 29 1
e 23 30 1
t # 42391
v 0 12
v 1 12
v 2 12
v 3 1
v 4 1
v 5 1
v 6 1
v 7 2
v 8 2
v 9 3
v 10 3
v 11 3
v 12 3
v 13 3
v 14 3
v 15 3
v 16 4
v 17 4
v 18 4
e 0 11 1
e 1 12 1
e 2 13 1
e 3 10 1
e 3 15 1
e 6 15 2
e 7 9 1
e 8 15 1
e 8 17 1
e 8 18 1
e 9 10 2
e 9 11 1
e 10 12 1
e 11 13 2
e 12 14 2
e 13 14 1
e 14 16 1
t # 42392
v 0 11
v 1 1
v 2 2
v 3 3
v 4 3
v 5 3
v 6 3
v 7 3
v 8 4
v 9 4
v 10 4
v 11 4
v 12 4
v 13 4
v 14 4
v 15 4
v 16 4
v 17 4
v 18 4
e 0 5 1
e 0 7 1
e 1 7 2
e 2 7 1
e 2 17 1
e 2 18 1
e 3 4 1
e 3 5 1
e 3 8 1
e 3 9 1
e 4 6 1
e 4 10 1
e 4 11 1
e 5 12 1
e 5 13 1
e 6 14 1
e 6 15 1
e 6 16 1
t # 42393
v 0 11
v 1 11
v 2 11
v 3 11
v 4 11
v 5 11
v 6 8
v 7 2
v 8 2
v 9 2
v 10 3
v 11 3
v 12 3
v 13 3
v 14 3
v 15 3
v 16 3
v 17 3
v 18 3
v 19 3
v 20 3
v 21 3
v 22 3
v 23 3
v 24 3
v 25 3
v 26 3
v 27 3
v 28 4
v 29 4
v 30 4
v 31 4
v 32 4
v 33 4
v 34 4
v 35 4
v 36 4
v 37 4
v 38 4
v 39 4
v 40 4
v 41 4
v 42 4
v 43 4
v 44 4
v 45 4
v 46 4
v 47 4
v 48 4
v 49 4
v 50 4
v 51 4
v 52 4
v 53 4
v 54 4
v 55 4
v 56 4
v 57 4
e 0 25 1
e 1 26 1
e 2 27 1
e 7 19 1
e 7 20 1
e 7 25 1
e 8 21 1
e 8 22 1
e 8 26 1
e 9 23 1
e 9 24 1
e 9 27 1
e 10 13 1
e 10 14 1
e 10 28 1
e 10 29 1
e 11 15 1
e 11 16 1
e 11 30 1
e 11 31 1
e 12 17 1
e 12 18 1
e 12 32 1
e 12 33 1
e 13 19 1
e 13 34 1
e 13 35 1
e 14 20 1
e 14 36 1
e 14 37 1
e 15 21 1
e 15 38 1
e 15 39 1
e 16 22 1
e 16 40 1
e 16 41 1
e 17 23 1
e 17 42 1
e 17 43 1
e 18 24 1
e 18 44 1
e 18 45 1
e 19 46 1
e 19 47 1
e 20 48 1
e 20 49 1
e 21 50 1
e 21 51 1
e 22 52 1
e 22 53 1
e 23 54 1
e 23 55 1
e 24 56 1
e 24 57 1
t # 42394
v 0 9
v 1 12
v 2 12
v 3 3
v 4 3
v 5 3
v 6 4
v 7 4
v 8 4
v 9 4
v 10 4
v 11 4
v 12 4
v 13 4
e 2 3 1
e 3 6 1
e 3 7 1
e 4 8 1
e 4 9 1
e 4 10 1
e 5 11 1
e 5 12 1
e 5 13 1
t # 42395
v 0 8
v 1 1
v 2 1
v 3 1
v 4 3
v 5 3
v 6 3
v 7 3
v 8 3
v 9 3
v 10 3
v 11 3
v 12 3
v 13 3
v 14 3
v 15 3
v 16 3
v 17 3
v 18 3
v 19 3
v 20 3
v 21 3
v 22 3
v 23 4
v 24 4
v 25 4
v 26 4
v 27 4
v 28 4
v 29 4
v 30 4
v 31 4
v 32 4
v 33 4
v 34 4
v 35 4
v 36 4
v 37 4
v 38 4
v 39 4
e 1 8 1
e 2 9 1
e 4 5 1
e 4 23 1
e 4 24 1
e 5 6 2
e 5 7 1
e 6 10 1
e 6 25 1
e 7 11 2
e 7 26 1
e 8 13 2
e 8 15 1
e 9 14 2
e 9 16 1
e 10 12 2
e 10 27 1
e 11 12 1
e 11 28 1
e 12 29 1
e 13 17 1
e 13 30 1
e 14 18 1
e 14 31 1
e 15 19 2
e 15 32 1
e 16 20 2
e 16 33 1
e 17 21 2
e 17 34 1
e 18 22 2
e 18 35 1
e 19 21 1
e 19 36 1
e 20 22 1
e 20 37 1
e 21 38 1
e 22 39 1
t # 42396
v 0 12
v 1 1
v 2 1
v 3 1
v 4 1
v 5 1
v 6 1
v 7 1
v 8 1
v 9 1
v 10 2
v 11 2
v 12 2
v 13 3
v 14 3
v 15 3
v 16 3
v 17 3
v 18 3
v 19 3
v 20 3
v 21 3
v 22 3
v 23 3
v 24 3
v 25 3
v 26 3
v 27 4
v 28 4
v 29 4
v 30 4
v 31 4
v 32 4
v 33 4
v 34 4
e 0 21 1
e 1 15 1
e 1 26 1
e 2 14 1
e 2 26 1
e 3 26 2
e 10 16 1
e 11 17 1
e 12 23 1
e 13 14 1
e 13 19 2
e 13 20 1
e 14 27 1
e 14 28 1
e 15 16 2
e 15 21 1
e 16 18 1
e 17 18 2
e 17 22 1
e 18 29 1
e 19 24 1
e 19 30 1
e 20 25 2
e 20 31 1
e 21 22 2
e 22 32 1
e 23 24 2
e 23 25 1
e 24 33 1
e 25 34 1
t # 42397
v 0 12
v 1 12
v 2 8
v 3 1
v 4 2
v 5 2
v 6 2
v 7 3
v 8 3
v 9 3
v 10 3
v 11 3
v 12 3
v 13 3
v 14 3
v 15 3
v 16 3
v 17 3
v 18 3
v 19 3
v 20 3
v 21 3
v 22 3
v 23 4
v 24 4
v 25 4
v 26 4
v 27 4
v 28 4
v 29 4
v 30 4
v 31 4
v 32 4
v 33 4
v 34 4
v 35 4
v 36 4
v 37 4
v 38 4
v 39 4
v 40 4
v 41 4
v 42 4
v 43 4
v 44 4
v 45 4
v 46 4
e 0 20 1
e 1 22 1
e 4 7 1
e 4 8 1
e 5 9 1
e 5 10 1
e 6 17 1
e 6 43 1
e 7 11 1
e 7 23 1
e 7 24 1
e 8 12 1
e 8 25 1
e 8 26 1
e 9 13 1
e 9 27 1
e 9 28 1
e 10 14 1
e 10 29 1
e 10 30 1
e 11 15 1
e 11 31 1
e 11 32 1
e 12 15 1
e 12 33 1
e 12 34 1
e 13 16 1
e 13 35 1
e 13 36 1
e 14 16 1
e 14 37 1
e 14 38 1
e 15 39 1
e 15 40 1
e 16 41 1
e 16 42 1
e 17 18 2
e 17 19 1
e 18 20 1
e 18 44 1
e 19 21 2
e 19 45 1
e 20 22 2
e 21 22 1
e 21 46 1
t # 42398
v 0 8
v 1 1
v 2 1
v 3 1
v 4 1
v 5 2
v 6 2
v 7 3
v 8 3
v 9 3
v 10 3
v 11 3
v 12 3
v 13 3
v 14 3
v 15 3
v 16 4
v 17 4
v 18 4
v 19 4
v 20 4
v 21 4
v 22 4
v 23 4
v 24 4
v 25 4
v 26 4
v 27 4
v 28 4
v 29 4
v 30 4
v 31 4
v 32 4
v 33 4
v 34 4
v 35 4
v 36 4
e 1 9 1
e 2 10 1
e 4 15 2
e 5 6 1
e 5 34 1
e 6 15 1
e 6 35 1
e 7 9 1
e 7 11 1
e 7 16 1
e 7 17 1
e 8 10 1
e 8 12 1
e 8 18 1
e 8 19 1
e 9 20 1
e 9 21 1
e 10 22 1
e 10 23 1
e 11 13 1
e 11 24 1
e 11 25 1
e 12 14 1
e 12 26 1
e 12 27 1
e 13 28 1
e 13 29 1
e 13 30 1
e 14 31 1
e 14 32 1
e 14 33 1
e 15 36 1
t # 42399
v 0 11
v 1 8
v 2 1
v 3 1
v 4 1
v 5 1
v 6 2
v 7 3
v 8 3
v 9 3
v 10 3
v 11 4
v 12 4
v 13 4
v 14 4
v 15 4
v 16 4
v 17 4
v 18 4
v 19 4
v 20 4
e 0 5 2
e 2 7 1
e 3 8 1
e 7 9 1
e 7 11 1
e 7 12 1
e 8 10 1
e 8 13 1
e 8 14 1
e 9 15 1
e 9 16 1
e 9 17 1
e 10 18 1
e 10 19 1
e 10 20 1
