t # 12000
v 0 1
v 1 1
v 2 1
v 3 1
v 4 1
v 5 1
v 6 2
v 7 2
v 8 3
v 9 3
v 10 3
v 11 3
v 12 3
v 13 3
v 14 3
v 15 3
v 16 3
v 17 3
v 18 3
v 19 3
v 20 3
v 21 3
v 22 3
v 23 3
v 24 3
v 25 3
v 26 3
v 27 3
v 28 3
v 29 3
v 30 3
v 31 4
v 32 4
v 33 4
v 34 4
v 35 4
v 36 4
v 37 4
v 38 4
v 39 4
v 40 4
v 41 4
v 42 4
v 43 4
v 44 4
v 45 4
v 46 4
v 47 4
v 48 4
v 49 4
v 50 4
v 51 4
v 52 4
v 53 4
v 54 4
v 55 4
v 56 4
v 57 4
v 58 4
v 59 4
v 60 4
e 0 27 1
e 0 57 1
e 1 28 1
e 1 58 1
e 2 29 1
e 2 59 1
e 3 30 1
e 3 60 1
e 4 29 2
e 5 30 2
e 6 9 1
e 6 14 1
e 6 19 1
e 7 17 1
e 7 20 1
e 7 24 1
e 8 9 1
e 8 10 1
e 8 13 1
e 8 31 1
e 9 12 1
e 9 32 1
e 10 11 1
e 10 33 1
e 10 34 1
e 11 14 1
e 11 18 1
e 11 35 1
e 12 16 1
e 12 36 1
e 12 37 1
e 13 15 2
e 13 21 1
e 14 38 1
e 14 39 1
e 15 16 1
e 15 17 1
e 16 20 2
e 17 22 2
e 18 40 1
e 18 41 1
e 18 42 1
e 19 43 1
e 19 44 1
e 19 45 1
e 20 46 1
e 21 23 2
e 21 47 1
e 22 23 1
e 22 48 1
e 23 49 1
e 24 25 1
e 24 50 1
e 24 51 1
e 25 26 2
e 25 52 1
e 26 53 1
e 26 54 1
e 27 28 1
e 27 29 1
e 27 55 1
e 28 30 1
e 28 56 1
t # 12001
v 0 1
v 1 1
v 2 1
v 3 1
v 4 1
v 5 1
v 6 2
v 7 2
v 8 3
v 9 3
v 10 3
v 11 3
v 12 3
v 13 3
v 14 3
v 15 3
v 16 3
v 17 3
v 18 3
v 19 3
v 20 3
v 21 3
v 22 3
v 23 3
v 24 3
v 25 3
v 26 3
v 27 3
v 28 3
v 29 3
v 30 3
v 31 4
v 32 4
v 33 4
v 34 4
v 35 4
v 36 4
v 37 4
v 38 4
v 39 4
v 40 4
v 41 4
v 42 4
v 43 4
v 44 4
v 45 4
v 46 4
v 47 4
v 48 4
v 49 4
v 50 4
v 51 4
v 52 4
v 53 4
v 54 4
v 55 4
v 56 4
v 57 4
v 58 4
v 59 4
v 60 4
e 0 27 1
e 0 57 1
e 1 28 1
e 1 58 1
e 2 29 1
e 2 59 1
e 3 30 1
e 3 60 1
e 4 29 2
e 5 30 2
e 6 8 1
e 6 15 1
e 6 20 1
e 7 16 1
e 7 18 1
e 7 22 1
e 8 9 1
e 8 10 1
e 8 31 1
e 9 11 1
e 9 14 1
e 9 32 1
e 10 12 1
e 10 33 1
e 10 34 1
e 11 13 2
e 11 19 1
e 12 13 1
e 12 18 2
e 13 16 1
e 14 17 2
e 14 35 1
e 15 17 1
e 15 36 1
e 15 37 1
e 16 21 2
e 17 24 1
e 18 38 1
e 19 23 2
e 19 39 1
e 20 40 1
e 20 41 1
e 20 42 1
e 21 23 1
e 21 43 1
e 22 25 1
e 22 44 1
e 22 45 1
e 23 46 1
e 24 47 1
e 24 48 1
e 24 49 1
e 25 26 1
e 25 50 1
e 25 51 1
e 26 52 1
e 26 53 1
e 26 54 1
e 27 28 1
e 27 29 1
e 27 55 1
e 28 30 1
e 28 56 1
t # 12002
v 0 12
v 1 12
v 2 2
v 3 3
v 4 3
v 5 3
v 6 3
v 7 3
v 8 3
v 9 3
v 10 3
v 11 3
v 12 3
v 13 3
v 14 3
v 15 3
v 16 4
v 17 4
v 18 4
v 19 4
v 20 4
v 21 4
v 22 4
v 23 4
v 24 4
v 25 4
v 26 4
v 27 4
v 28 4
v 29 4
v 30 4
v 31 4
v 32 4
e 0 9 1
e 1 10 1
e 2 3 1
e 2 4 1
e 2 7 1
e 3 5 1
e 3 8 1
e 3 16 1
e 4 6 1
e 4 9 1
e 4 17 1
e 5 6 1
e 5 18 1
e 5 19 1
e 6 20 1
e 6 21 1
e 7 10 1
e 7 22 1
e 7 23 1
e 8 11 2
e 8 12 1
e 9 24 1
e 9 25 1
e 10 26 1
e 10 27 1
e 11 13 1
e 11 28 1
e 12 14 2
e 12 29 1
e 13 15 2
e 13 30 1
e 14 15 1
e 14 31 1
e 15 32 1
t # 12003
v 0 12
v 1 11
v 2 2
v 3 2
v 4 3
v 5 3
v 6 3
v 7 3
v 8 3
v 9 3
v 10 3
v 11 3
v 12 3
v 13 3
v 14 3
v 15 4
v 16 4
v 17 4
v 18 4
v 19 4
v 20 4
v 21 4
v 22 4
v 23 4
v 24 4
v 25 4
v 26 4
v 27 4
e 0 14 1
e 1 9 1
e 1 14 1
e 2 5 1
e 2 7 1
e 2 21 1
e 3 6 1
e 3 7 2
e 4 5 1
e 4 6 1
e 4 15 1
e 4 16 1
e 5 17 1
e 5 18 1
e 6 19 1
e 6 20 1
e 7 8 1
e 8 9 1
e 8 10 2
e 9 11 2
e 10 12 1
e 10 22 1
e 11 13 1
e 11 23 1
e 12 13 2
e 12 24 1
e 13 25 1
e 14 26 1
e 14 27 1
t # 12004
v 0 11
v 1 11
v 2 1
v 3 1
v 4 1
v 5 1
v 6 2
v 7 2
v 8 3
v 9 3
v 10 3
v 11 3
v 12 3
v 13 3
v 14 3
v 15 3
v 16 3
v 17 3
v 18 3
v 19 3
v 20 3
v 21 3
v 22 3
v 23 3
v 24 3
v 25 3
v 26 3
v 27 3
v 28 3
v 29 3
v 30 3
v 31 3
v 32 4
v 33 4
v 34 4
v 35 4
v 36 4
v 37 4
v 38 4
v 39 4
v 40 4
v 41 4
v 42 4
v 43 4
v 44 4
v 45 4
v 46 4
v 47 4
v 48 4
v 49 4
v 50 4
v 51 4
v 52 4
v 53 4
v 54 4
v 55 4
v 56 4
v 57 4
v 58 4
v 59 4
v 60 4
v 61 4
v 62 4
v 63 4
v 64 4
v 65 4
v 66 4
v 67 4
e 0 2 2
e 0 3 2
e 0 8 1
e 1 4 2
e 1 5 2
e 1 9 1
e 6 20 1
e 6 36 1
e 7 21 1
e 7 37 1
e 8 10 2
e 8 12 1
e 9 11 2
e 9 13 1
e 10 14 1
e 10 22 1
e 11 15 1
e 11 23 1
e 12 16 2
e 12 24 1
e 13 17 2
e 13 25 1
e 14 18 2
e 14 26 1
e 15 19 2
e 15 27 1
e 16 18 1
e 16 28 1
e 17 19 1
e 17 29 1
e 18 30 1
e 19 31 1
e 20 21 1
e 20 32 1
e 20 33 1
e 21 34 1
e 21 35 1
e 22 38 1
e 22 39 1
e 22 40 1
e 23 41 1
e 23 42 1
e 23 43 1
e 24 44 1
e 24 45 1
e 24 46 1
e 25 47 1
e 25 48 1
e 25 49 1
e 26 50 1
e 26 51 1
e 26 52 1
e 27 53 1
e 27 54 1
e 27 55 1
e 28 56 1
e 28 57 1
e 28 58 1
e 29 59 1
e 29 60 1
e 29 61 1
e 30 62 1
e 30 63 1
e 30 64 1
e 31 65 1
e 31 66 1
e 31 67 1
t # 12005
v 0 12
v 1 11
v 2 1
v 3 2
v 4 2
v 5 3
v 6 3
v 7 3
v 8 3
v 9 3
v 10 3
v 11 3
v 12 3
v 13 3
v 14 3
v 15 3
v 16 3
v 17 3
v 18 3
v 19 3
v 20 4
v 21 4
v 22 4
v 23 4
v 24 4
v 25 4
v 26 4
v 27 4
v 28 4
v 29 4
v 30 4
v 31 4
v 32 4
v 33 4
v 34 4
v 35 4
v 36 4
v 37 4
v 38 4
e 0 19 1
e 1 6 1
e 1 8 1
e 2 5 1
e 2 29 1
e 3 5 1
e 3 8 1
e 3 9 1
e 4 8 2
e 4 11 1
e 5 6 1
e 5 10 1
e 6 7 1
e 6 20 1
e 7 12 1
e 7 21 1
e 7 22 1
e 9 11 1
e 9 23 1
e 9 24 1
e 10 14 2
e 10 15 1
e 11 25 1
e 11 26 1
e 12 13 1
e 12 27 1
e 12 28 1
e 13 18 1
e 13 30 1
e 13 31 1
e 14 16 1
e 14 32 1
e 15 17 2
e 15 33 1
e 16 19 2
e 16 34 1
e 17 19 1
e 17 35 1
e 18 36 1
e 18 37 1
e 18 38 1
t # 12006
v 0 1
v 1 3
v 2 3
v 3 3
v 4 3
v 5 3
v 6 3
v 7 3
v 8 3
v 9 3
v 10 3
v 11 3
v 12 3
v 13 3
v 14 3
v 15 3
v 16 3
v 17 3
v 18 4
v 19 4
v 20 4
v 21 4
v 22 4
v 23 4
v 24 4
v 25 4
v 26 4
v 27 4
v 28 4
v 29 4
v 30 4
v 31 4
v 32 4
v 33 4
e 0 1 1
e 0 26 1
e 1 2 1
e 1 6 1
e 1 10 1
e 2 4 2
e 2 5 1
e 3 7 2
e 3 8 1
e 3 9 1
e 4 7 1
e 4 18 1
e 5 8 2
e 5 19 1
e 6 20 1
e 6 21 1
e 6 22 1
e 7 23 1
e 8 24 1
e 9 11 2
e 9 12 1
e 10 16 2
e 10 25 1
e 11 13 1
e 11 27 1
e 12 14 2
e 12 28 1
e 13 15 2
e 13 29 1
e 14 15 1
e 14 30 1
e 15 31 1
e 16 17 2
e 17 32 1
e 17 33 1
t # 12007
v 0 12
v 1 12
v 2 8
v 3 1
v 4 1
v 5 1
v 6 1
v 7 1
v 8 2
v 9 2
v 10 3
v 11 3
v 12 3
v 13 3
v 14 3
v 15 3
v 16 3
v 17 3
v 18 3
v 19 3
v 20 4
v 21 4
v 22 4
v 23 4
v 24 4
v 25 4
v 26 4
v 27 4
v 28 4
v 29 4
v 30 4
v 31 4
v 32 4
v 33 4
v 34 4
v 35 4
v 36 4
v 37 4
v 38 4
v 39 4
v 40 4
e 0 17 1
e 1 18 1
e 3 38 1
e 4 39 1
e 6 19 1
e 6 40 1
e 7 19 2
e 8 10 1
e 8 11 1
e 8 12 1
e 8 15 1
e 9 10 1
e 9 13 1
e 9 14 1
e 9 16 1
e 10 20 1
e 10 21 1
e 11 13 1
e 11 22 1
e 11 23 1
e 12 14 1
e 12 24 1
e 12 25 1
e 13 26 1
e 13 27 1
e 14 28 1
e 14 29 1
e 15 17 1
e 15 30 1
e 15 31 1
e 16 18 1
e 16 32 1
e 16 33 1
e 17 34 1
e 17 35 1
e 18 36 1
e 18 37 1
t # 12008
v 0 1
v 1 1
v 2 1
v 3 1
v 4 2
v 5 3
v 6 3
v 7 3
v 8 3
v 9 3
v 10 3
v 11 3
v 12 3
v 13 3
v 14 3
v 15 3
v 16 3
v 17 3
v 18 3
v 19 3
v 20 3
v 21 3
v 22 3
v 23 3
v 24 3
v 25 3
v 26 3
v 27 3
v 28 4
v 29 4
v 30 4
v 31 4
v 32 4
v 33 4
v 34 4
v 35 4
v 36 4
v 37 4
v 38 4
v 39 4
v 40 4
v 41 4
v 42 4
v 43 4
v 44 4
v 45 4
v 46 4
v 47 4
v 48 4
v 49 4
v 50 4
e 0 17 1
e 0 24 1
e 1 18 1
e 1 24 1
e 2 20 1
e 2 26 1
e 3 21 1
e 3 27 1
e 4 5 1
e 4 7 1
e 4 12 1
e 5 6 1
e 5 8 1
e 5 28 1
e 6 10 1
e 6 14 2
e 7 9 1
e 7 29 1
e 7 30 1
e 8 11 2
e 8 15 1
e 9 10 1
e 9 31 1
e 9 32 1
e 10 16 2
e 11 13 1
e 11 19 1
e 12 13 2
e 12 33 1
e 13 20 1
e 14 17 1
e 14 34 1
e 15 23 1
e 15 35 1
e 15 36 1
e 16 18 1
e 16 37 1
e 17 18 2
e 19 22 2
e 19 38 1
e 20 21 2
e 21 22 1
e 22 39 1
e 23 25 2
e 23 40 1
e 24 41 1
e 24 42 1
e 25 43 1
e 25 44 1
e 26 45 1
e 26 46 1
e 26 47 1
e 27 48 1
e 27 49 1
e 27 50 1
t # 12009
v 0 34
v 1 11
v 2 1
v 3 1
v 4 1
v 5 1
v 6 3
v 7 3
v 8 3
v 9 3
v 10 3
v 11 3
v 12 3
v 13 3
v 14 3
v 15 3
v 16 3
v 17 3
v 18 3
v 19 3
v 20 3
v 21 3
v 22 3
v 23 3
v 24 3
v 25 3
v 26 3
v 27 3
v 28 3
v 29 3
v 30 3
v 31 3
v 32 3
v 33 4
v 34 4
v 35 4
v 36 4
v 37 4
v 38 4
v 39 4
v 40 4
v 41 4
v 42 4
v 43 4
v 44 4
v 45 4
v 46 4
v 47 4
v 48 4
v 49 4
v 50 4
v 51 4
v 52 4
v 53 4
v 54 4
v 55 4
v 56 4
v 57 4
v 58 4
v 59 4
v 60 4
v 61 4
v 62 4
v 63 4
v 64 4
v 65 4
v 66 4
v 67 4
v 68 4
v 69 4
e 1 12 1
e 2 16 2
e 3 20 2
e 4 26 2
e 5 27 2
e 6 7 1
e 6 8 1
e 6 11 1
e 6 33 1
e 7 10 1
e 7 13 1
e 7 17 1
e 8 9 1
e 8 15 1
e 8 34 1
e 9 14 1
e 9 16 1
e 9 35 1
e 10 12 1
e 10 20 1
e 10 36 1
e 11 12 1
e 11 37 1
e 11 38 1
e 12 39 1
e 13 16 1
e 13 40 1
e 13 41 1
e 14 19 1
e 14 21 1
e 14 22 1
e 15 18 1
e 15 42 1
e 15 43 1
e 17 44 1
e 17 45 1
e 17 46 1
e 18 19 1
e 18 47 1
e 18 48 1
e 19 23 2
e 20 24 1
e 21 49 1
e 21 50 1
e 21 51 1
e 22 25 2
e 22 52 1
e 23 26 1
e 23 53 1
e 24 27 1
e 24 54 1
e 24 55 1
e 25 26 1
e 25 56 1
e 27 30 1
e 28 31 1
e 28 57 1
e 28 58 1
e 29 32 1
e 29 59 1
e 29 60 1
e 30 61 1
e 30 62 1
e 30 63 1
e 31 64 1
e 31 65 1
e 31 66 1
e 32 67 1
e 32 68 1
e 32 69 1
t # 12010
v 0 1
v 1 1
v 2 1
v 3 1
v 4 1
v 5 1
v 6 3
v 7 3
v 8 3
v 9 3
v 10 3
v 11 3
v 12 3
v 13 3
v 14 3
v 15 3
v 16 3
v 17 3
v 18 3
v 19 3
v 20 3
v 21 3
v 22 3
v 23 3
v 24 3
v 25 3
v 26 3
v 27 3
v 28 3
v 29 4
v 30 4
v 31 4
v 32 4
v 33 4
v 34 4
v 35 4
v 36 4
v 37 4
v 38 4
v 39 4
v 40 4
v 41 4
v 42 4
v 43 4
v 44 4
v 45 4
v 46 4
v 47 4
v 48 4
v 49 4
v 50 4
v 51 4
v 52 4
v 53 4
v 54 4
v 55 4
v 56 4
v 57 4
v 58 4
e 0 18 1
e 0 24 1
e 1 19 1
e 1 43 1
e 2 20 1
e 2 25 1
e 3 21 1
e 3 26 1
e 4 22 1
e 4 27 1
e 5 23 1
e 5 28 1
e 6 7 1
e 6 8 1
e 6 12 1
e 6 29 1
e 7 9 1
e 7 13 1
e 7 30 1
e 8 10 1
e 8 31 1
e 8 32 1
e 9 11 1
e 9 33 1
e 9 34 1
e 10 14 1
e 10 16 2
e 11 15 1
e 11 17 2
e 12 35 1
e 12 36 1
e 12 37 1
e 13 38 1
e 13 39 1
e 13 40 1
e 14 15 1
e 14 18 2
e 15 19 2
e 16 20 1
e 16 41 1
e 17 22 1
e 17 42 1
e 18 21 1
e 19 23 1
e 20 21 2
e 22 23 2
e 24 44 1
e 24 45 1
e 24 46 1
e 25 47 1
e 25 48 1
e 25 49 1
e 26 50 1
e 26 51 1
e 26 52 1
e 27 53 1
e 27 54 1
e 27 55 1
e 28 56 1
e 28 57 1
e 28 58 1
t # 12011
v 0 1
v 1 2
v 2 3
v 3 3
v 4 3
v 5 3
v 6 3
v 7 3
v 8 3
v 9 4
v 10 4
v 11 4
v 12 4
v 13 4
v 14 4
v 15 4
v 16 4
v 17 4
v 18 4
v 19 4
v 20 4
v 21 4
e 0 6 2
e 1 2 1
e 1 4 1
e 1 7 1
e 2 3 1
e 2 9 1
e 2 10 1
e 3 5 1
e 3 11 1
e 3 12 1
e 4 6 1
e 4 13 1
e 4 14 1
e 5 6 1
e 5 15 1
e 5 16 1
e 7 8 1
e 7 17 1
e 7 18 1
e 8 19 1
e 8 20 1
e 8 21 1
t # 12012
v 0 1
v 1 1
v 2 1
v 3 3
v 4 3
v 5 3
v 6 3
v 7 3
v 8 3
v 9 3
v 10 3
v 11 3
v 12 3
v 13 3
v 14 3
v 15 3
v 16 3
v 17 3
v 18 3
v 19 3
v 20 3
v 21 3
v 22 3
v 23 4
v 24 4
v 25 4
v 26 4
v 27 4
v 28 4
v 29 4
v 30 4
v 31 4
v 32 4
v 33 4
v 34 4
v 35 4
v 36 4
v 37 4
v 38 4
v 39 4
v 40 4
v 41 4
v 42 4
v 43 4
v 44 4
v 45 4
v 46 4
v 47 4
v 48 4
e 0 8 2
e 1 12 2
e 2 18 2
e 3 4 1
e 3 5 1
e 3 10 1
e 3 11 1
e 4 5 1
e 4 7 1
e 4 23 1
e 5 8 1
e 5 24 1
e 6 8 1
e 6 9 1
e 6 12 1
e 6 15 1
e 7 12 1
e 7 25 1
e 7 26 1
e 9 13 1
e 9 14 1
e 9 27 1
e 10 28 1
e 10 29 1
e 10 30 1
e 11 31 1
e 11 32 1
e 11 33 1
e 13 18 1
e 13 21 1
e 13 34 1
e 14 16 2
e 14 17 1
e 15 35 1
e 15 36 1
e 15 37 1
e 16 18 1
e 16 20 1
e 17 19 1
e 17 38 1
e 17 39 1
e 19 20 1
e 19 22 1
e 19 40 1
e 20 41 1
e 20 42 1
e 21 43 1
e 21 44 1
e 21 45 1
e 22 46 1
e 22 47 1
e 22 48 1
t # 12013
v 0 1
v 1 1
v 2 1
v 3 2
v 4 2
v 5 2
v 6 3
v 7 3
v 8 3
v 9 3
v 10 3
v 11 3
v 12 3
v 13 3
v 14 3
v 15 3
v 16 3
v 17 3
v 18 3
v 19 3
v 20 3
v 21 3
v 22 3
v 23 3
v 24 4
v 25 4
v 26 4
v 27 4
v 28 4
v 29 4
v 30 4
v 31 4
v 32 4
v 33 4
v 34 4
v 35 4
v 36 4
v 37 4
v 38 4
v 39 4
v 40 4
v 41 4
v 42 4
v 43 4
v 44 4
v 45 4
v 46 4
v 47 4
v 48 4
v 49 4
v 50 4
v 51 4
v 52 4
e 0 11 2
e 1 17 2
e 2 21 2
e 3 6 1
e 3 11 1
e 3 21 1
e 4 8 1
e 4 15 1
e 4 16 1
e 5 17 1
e 5 21 1
e 5 23 1
e 6 9 1
e 6 10 1
e 6 24 1
e 7 8 1
e 7 11 1
e 7 17 1
e 7 18 1
e 8 25 1
e 8 26 1
e 9 12 1
e 9 27 1
e 9 28 1
e 10 13 1
e 10 29 1
e 10 30 1
e 12 14 1
e 12 31 1
e 12 32 1
e 13 14 1
e 13 33 1
e 13 34 1
e 14 35 1
e 14 36 1
e 15 19 1
e 15 37 1
e 15 38 1
e 16 20 1
e 16 39 1
e 16 40 1
e 18 41 1
e 18 42 1
e 18 43 1
e 19 22 1
e 19 44 1
e 19 45 1
e 20 22 1
e 20 46 1
e 20 47 1
e 22 48 1
e 22 49 1
e 23 50 1
e 23 51 1
e 23 52 1
t # 12014
v 0 1
v 1 1
v 2 1
v 3 2
v 4 2
v 5 2
v 6 3
v 7 3
v 8 3
v 9 3
v 10 3
v 11 3
v 12 3
v 13 3
v 14 3
v 15 3
v 16 3
v 17 3
v 18 3
v 19 3
v 20 3
v 21 3
v 22 3
v 23 4
v 24 4
v 25 4
v 26 4
v 27 4
v 28 4
v 29 4
v 30 4
v 31 4
v 32 4
v 33 4
v 34 4
v 35 4
v 36 4
v 37 4
v 38 4
v 39 4
v 40 4
v 41 4
v 42 4
v 43 4
v 44 4
v 45 4
v 46 4
v 47 4
v 48 4
v 49 4
e 0 11 2
e 1 19 2
e 2 21 2
e 3 6 1
e 3 11 1
e 3 21 1
e 4 8 1
e 4 15 1
e 4 16 1
e 5 19 1
e 5 21 1
e 5 22 1
e 6 9 1
e 6 10 1
e 6 23 1
e 7 8 1
e 7 11 1
e 7 19 1
e 7 20 1
e 8 24 1
e 8 25 1
e 9 12 1
e 9 26 1
e 9 27 1
e 10 13 1
e 10 28 1
e 10 29 1
e 12 14 1
e 12 30 1
e 12 31 1
e 13 14 1
e 13 32 1
e 13 33 1
e 14 34 1
e 14 35 1
e 15 17 1
e 15 36 1
e 15 37 1
e 16 18 1
e 16 38 1
e 16 39 1
e 17 18 1
e 17 40 1
e 17 41 1
e 18 42 1
e 18 43 1
e 20 44 1
e 20 45 1
e 20 46 1
e 22 47 1
e 22 48 1
e 22 49 1
t # 12015
v 0 7
v 1 12
v 2 12
v 3 1
v 4 1
v 5 1
v 6 1
v 7 2
v 8 2
v 9 3
v 10 3
v 11 3
v 12 3
v 13 3
v 14 3
v 15 3
v 16 3
v 17 3
v 18 3
v 19 3
v 20 3
v 21 3
v 22 3
v 23 3
v 24 3
v 25 3
v 26 3
v 27 4
v 28 4
v 29 4
v 30 4
v 31 4
v 32 4
v 33 4
v 34 4
v 35 4
v 36 4
v 37 4
v 38 4
v 39 4
v 40 4
v 41 4
v 42 4
v 43 4
v 44 4
v 45 4
v 46 4
e 3 13 1
e 3 25 1
e 4 14 1
e 4 26 1
e 5 13 2
e 6 14 2
e 7 9 1
e 7 29 1
e 8 10 1
e 8 30 1
e 9 11 1
e 9 13 1
e 9 27 1
e 10 12 1
e 10 14 1
e 10 28 1
e 11 15 2
e 11 17 1
e 12 16 2
e 12 18 1
e 15 19 1
e 15 31 1
e 16 20 1
e 16 32 1
e 17 21 2
e 17 33 1
e 18 22 2
e 18 34 1
e 19 23 2
e 19 35 1
e 20 24 2
e 20 36 1
e 21 23 1
e 21 37 1
e 22 24 1
e 22 38 1
e 23 39 1
e 24 40 1
e 25 41 1
e 25 42 1
e 25 43 1
e 26 44 1
e 26 45 1
e 26 46 1
t # 12016
v 0 30
v 1 12
v 2 12
v 3 1
v 4 1
v 5 1
v 6 1
v 7 2
v 8 2
v 9 3
v 10 3
v 11 3
v 12 3
v 13 3
v 14 3
v 15 3
v 16 3
v 17 3
v 18 3
v 19 3
v 20 3
v 21 3
v 22 3
v 23 3
v 24 3
v 25 4
v 26 4
v 27 4
v 28 4
v 29 4
v 30 4
v 31 4
v 32 4
v 33 4
v 34 4
v 35 4
v 36 4
v 37 4
v 38 4
v 39 4
v 40 4
e 3 13 1
e 3 39 1
e 4 14 1
e 4 40 1
e 5 13 2
e 6 14 2
e 7 9 1
e 7 27 1
e 8 10 1
e 8 28 1
e 9 11 1
e 9 13 1
e 9 25 1
e 10 12 1
e 10 14 1
e 10 26 1
e 11 15 2
e 11 17 1
e 12 16 2
e 12 18 1
e 15 19 1
e 15 29 1
e 16 20 1
e 16 30 1
e 17 21 2
e 17 31 1
e 18 22 2
e 18 32 1
e 19 23 2
e 19 33 1
e 20 24 2
e 20 34 1
e 21 23 1
e 21 35 1
e 22 24 1
e 22 36 1
e 23 37 1
e 24 38 1
t # 12017
v 0 18
v 1 18
v 2 11
v 3 1
v 4 1
v 5 3
v 6 3
v 7 3
v 8 3
v 9 3
v 10 3
v 11 3
v 12 3
v 13 4
v 14 4
v 15 4
v 16 4
v 17 4
v 18 4
v 19 4
v 20 4
v 21 4
v 22 4
v 23 4
v 24 4
e 2 3 2
e 2 4 2
e 2 5 1
e 2 6 1
e 5 7 1
e 5 9 1
e 5 13 1
e 6 8 1
e 6 10 1
e 6 14 1
e 7 11 1
e 7 15 1
e 8 12 1
e 8 16 1
e 9 12 1
e 9 17 1
e 9 18 1
e 10 11 1
e 10 19 1
e 10 20 1
e 11 21 1
e 11 22 1
e 12 23 1
e 12 24 1
t # 12018
v 0 1
v 1 1
v 2 1
v 3 1
v 4 1
v 5 1
v 6 3
v 7 3
v 8 3
v 9 3
v 10 3
v 11 3
v 12 3
v 13 3
v 14 3
v 15 3
v 16 3
v 17 3
v 18 3
v 19 3
v 20 3
v 21 3
v 22 3
v 23 3
v 24 3
v 25 3
v 26 3
v 27 3
v 28 3
v 29 3
v 30 3
v 31 3
v 32 3
v 33 3
v 34 3
v 35 3
v 36 4
v 37 4
v 38 4
v 39 4
v 40 4
v 41 4
v 42 4
v 43 4
v 44 4
v 45 4
v 46 4
v 47 4
v 48 4
v 49 4
v 50 4
v 51 4
v 52 4
v 53 4
v 54 4
v 55 4
v 56 4
v 57 4
v 58 4
v 59 4
v 60 4
v 61 4
v 62 4
v 63 4
v 64 4
v 65 4
v 66 4
v 67 4
v 68 4
v 69 4
v 70 4
v 71 4
v 72 4
v 73 4
v 74 4
v 75 4
v 76 4
v 77 4
v 78 4
v 79 4
v 80 4
v 81 4
e 0 12 1
e 0 31 1
e 1 21 1
e 1 30 1
e 2 16 2
e 3 20 1
e 3 68 1
e 4 28 1
e 4 78 1
e 5 31 2
e 6 7 1
e 6 9 1
e 6 12 1
e 6 18 1
e 7 8 1
e 7 11 1
e 7 36 1
e 8 10 1
e 8 17 1
e 8 37 1
e 9 13 1
e 9 15 1
e 9 38 1
e 10 14 1
e 10 16 1
e 10 39 1
e 11 13 1
e 11 40 1
e 11 41 1
e 12 16 1
e 12 42 1
e 13 43 1
e 13 44 1
e 14 19 1
e 14 20 1
e 14 23 1
e 15 21 1
e 15 25 1
e 15 45 1
e 17 22 1
e 17 46 1
e 17 47 1
e 18 48 1
e 18 49 1
e 18 50 1
e 19 22 2
e 19 24 1
e 20 26 1
e 20 51 1
e 21 27 1
e 21 52 1
e 22 53 1
e 23 54 1
e 23 55 1
e 23 56 1
e 24 28 1
e 24 57 1
e 24 58 1
e 25 59 1
e 25 60 1
e 25 61 1
e 26 28 1
e 26 62 1
e 26 63 1
e 27 29 1
e 27 64 1
e 27 65 1
e 28 66 1
e 29 30 1
e 29 32 1
e 29 67 1
e 30 33 1
e 30 34 1
e 31 35 1
e 32 69 1
e 32 70 1
e 32 71 1
e 33 72 1
e 33 73 1
e 33 74 1
e 34 75 1
e 34 76 1
e 34 77 1
e 35 79 1
e 35 80 1
e 35 81 1
t # 12019
v 0 7
v 1 12
v 2 12
v 3 12
v 4 2
v 5 2
v 6 3
v 7 3
v 8 3
v 9 3
v 10 3
v 11 3
v 12 3
v 13 4
v 14 4
v 15 4
v 16 4
v 17 4
v 18 4
v 19 4
v 20 4
v 21 4
v 22 4
v 23 4
v 24 4
v 25 4
e 4 10 1
e 4 11 1
e 4 12 1
e 5 7 1
e 5 25 1
e 6 7 1
e 6 8 1
e 6 9 1
e 6 13 1
e 7 10 1
e 7 14 1
e 8 11 1
e 8 15 1
e 8 16 1
e 9 12 1
e 9 17 1
e 9 18 1
e 10 19 1
e 10 20 1
e 11 21 1
e 11 22 1
e 12 23 1
e 12 24 1
t # 12020
v 0 12
v 1 12
v 2 1
v 3 1
v 4 1
v 5 1
v 6 1
v 7 1
v 8 2
v 9 2
v 10 2
v 11 2
v 12 3
v 13 3
v 14 3
v 15 3
v 16 3
v 17 3
v 18 3
v 19 3
v 20 3
v 21 3
v 22 3
v 23 3
v 24 3
v 25 3
v 26 3
v 27 3
v 28 3
v 29 3
v 30 3
v 31 3
v 32 3
v 33 3
v 34 3
v 35 3
v 36 3
v 37 3
v 38 3
v 39 4
v 40 4
v 41 4
v 42 4
v 43 4
v 44 4
v 45 4
v 46 4
v 47 4
v 48 4
v 49 4
v 50 4
v 51 4
v 52 4
v 53 4
v 54 4
v 55 4
v 56 4
v 57 4
v 58 4
v 59 4
v 60 4
v 61 4
v 62 4
v 63 4
v 64 4
v 65 4
v 66 4
v 67 4
v 68 4
v 69 4
v 70 4
v 71 4
v 72 4
v 73 4
v 74 4
e 0 26 1
e 1 28 1
e 2 13 1
e 2 24 1
e 3 19 1
e 3 29 1
e 4 21 1
e 4 30 1
e 5 24 2
e 6 29 2
e 7 30 2
e 8 12 1
e 8 15 1
e 8 17 1
e 9 25 1
e 9 32 1
e 9 33 1
e 10 29 1
e 10 31 1
e 10 53 1
e 11 30 1
e 11 34 1
e 11 54 1
e 12 14 1
e 12 16 2
e 13 14 1
e 13 15 1
e 13 39 1
e 14 40 1
e 14 41 1
e 15 42 1
e 15 43 1
e 16 18 1
e 16 19 1
e 17 18 2
e 17 20 1
e 18 21 1
e 19 44 1
e 19 45 1
e 20 22 2
e 20 23 1
e 21 46 1
e 21 47 1
e 22 26 1
e 22 48 1
e 23 27 2
e 23 49 1
e 24 25 1
e 25 50 1
e 25 51 1
e 26 28 2
e 27 28 1
e 27 52 1
e 31 35 1
e 31 36 1
e 31 55 1
e 32 56 1
e 32 57 1
e 32 58 1
e 33 59 1
e 33 60 1
e 33 61 1
e 34 37 1
e 34 38 1
e 34 62 1
e 35 63 1
e 35 64 1
e 35 65 1
e 36 66 1
e 36 67 1
e 36 68 1
e 37 69 1
e 37 70 1
e 37 71 1
e 38 72 1
e 38 73 1
e 38 74 1
t # 12021
v 0 12
v 1 12
v 2 1
v 3 1
v 4 1
v 5 3
v 6 3
v 7 3
v 8 3
v 9 3
v 10 3
v 11 3
v 12 3
v 13 3
v 14 3
v 15 3
v 16 3
v 17 3
v 18 3
v 19 42
v 20 4
v 21 4
v 22 4
v 23 4
v 24 4
v 25 4
v 26 4
v 27 4
v 28 4
v 29 4
v 30 4
v 31 4
v 32 4
v 33 4
v 34 4
v 35 4
v 36 4
v 37 4
v 38 4
e 0 14 1
e 1 18 1
e 2 5 1
e 3 7 1
e 4 11 1
e 5 6 1
e 5 8 1
e 5 9 1
e 6 7 1
e 6 20 1
e 6 21 1
e 7 10 1
e 7 22 1
e 8 23 1
e 8 24 1
e 8 25 1
e 9 26 1
e 9 27 1
e 9 28 1
e 10 29 1
e 10 30 1
e 10 31 1
e 11 12 1
e 11 32 1
e 11 33 1
e 12 13 1
e 12 34 1
e 12 35 1
e 13 14 2
e 13 15 1
e 14 16 1
e 15 17 2
e 15 36 1
e 16 18 2
e 16 37 1
e 17 18 1
e 17 38 1
t # 12022
v 0 1
v 1 1
v 2 1
v 3 1
v 4 2
v 5 2
v 6 3
v 7 3
v 8 3
v 9 3
v 10 3
v 11 3
v 12 3
v 13 3
v 14 3
v 15 3
v 16 3
v 17 3
v 18 3
v 19 3
v 20 3
v 21 4
v 22 4
v 23 4
v 24 4
v 25 4
v 26 4
v 27 4
v 28 4
v 29 4
v 30 4
v 31 4
v 32 4
v 33 4
v 34 4
v 35 4
v 36 4
e 0 15 2
e 1 16 2
e 2 17 2
e 3 18 2
e 4 5 1
e 4 15 1
e 4 16 1
e 5 17 1
e 5 18 1
e 6 7 1
e 6 8 1
e 6 9 1
e 6 21 1
e 7 8 1
e 7 10 1
e 7 22 1
e 8 23 1
e 8 24 1
e 9 11 1
e 9 13 1
e 9 25 1
e 10 12 1
e 10 14 1
e 10 26 1
e 11 12 1
e 11 15 1
e 11 27 1
e 12 16 1
e 12 28 1
e 13 14 2
e 13 29 1
e 14 30 1
e 17 19 1
e 18 20 1
e 19 31 1
e 19 32 1
e 19 33 1
e 20 34 1
e 20 35 1
e 20 36 1
t # 12023
v 0 1
v 1 1
v 2 1
v 3 1
v 4 1
v 5 1
v 6 1
v 7 1
v 8 1
v 9 1
v 10 1
v 11 2
v 12 2
v 13 2
v 14 2
v 15 2
v 16 2
v 17 3
v 18 3
v 19 3
v 20 3
v 21 3
v 22 3
v 23 3
v 24 3
v 25 3
v 26 3
v 27 3
v 28 3
v 29 3
v 30 3
v 31 3
v 32 3
v 33 3
v 34 3
v 35 3
v 36 3
v 37 3
v 38 3
v 39 3
v 40 3
v 41 3
v 42 3
v 43 3
v 44 3
v 45 3
v 46 3
v 47 3
v 48 3
v 49 3
v 50 3
v 51 3
v 52 3
v 53 3
v 54 3
v 55 3
v 56 4
v 57 4
v 58 4
v 59 4
v 60 4
v 61 4
v 62 4
v 63 4
v 64 4
v 65 4
v 66 4
v 67 4
v 68 4
v 69 4
v 70 4
v 71 4
v 72 4
v 73 4
v 74 4
v 75 4
v 76 4
v 77 4
v 78 4
v 79 4
v 80 4
v 81 4
v 82 4
v 83 4
v 84 4
v 85 4
v 86 4
v 87 4
v 88 4
v 89 4
v 90 4
v 91 4
v 92 4
v 93 4
v 94 4
v 95 4
v 96 4
v 97 4
v 98 4
v 99 4
v 100 4
v 101 4
e 0 19 1
e 0 80 1
e 1 20 2
e 2 41 1
e 2 44 1
e 3 24 2
e 4 26 2
e 5 31 2
e 6 36 2
e 7 40 2
e 8 50 1
e 8 99 1
e 9 53 1
e 9 100 1
e 10 55 1
e 10 101 1
e 11 18 1
e 11 20 1
e 11 28 1
e 12 17 1
e 12 24 1
e 12 29 1
e 13 23 1
e 13 36 1
e 13 43 1
e 14 22 1
e 14 31 1
e 14 71 1
e 15 26 1
e 15 32 1
e 15 73 1
e 16 33 1
e 16 40 1
e 16 82 1
e 17 19 1
e 17 20 1
e 17 56 1
e 18 21 1
e 18 26 1
e 18 57 1
e 19 25 1
e 19 58 1
e 21 27 1
e 21 59 1
e 21 60 1
e 22 24 1
e 22 34 1
e 22 61 1
e 23 30 1
e 23 31 1
e 23 62 1
e 25 35 2
e 25 37 1
e 27 38 2
e 27 42 1
e 28 63 1
e 28 64 1
e 28 65 1
e 29 66 1
e 29 67 1
e 29 68 1
e 30 39 1
e 30 69 1
e 30 70 1
e 32 40 1
e 32 45 1
e 32 72 1
e 33 36 1
e 33 47 1
e 33 74 1
e 34 75 1
e 34 76 1
e 34 77 1
e 35 41 1
e 35 78 1
e 37 46 2
e 37 79 1
e 38 44 1
e 38 81 1
e 39 51 2
e 39 52 1
e 41 48 2
e 42 49 2
e 42 83 1
e 43 84 1
e 43 85 1
e 43 86 1
e 44 50 2
e 45 87 1
e 45 88 1
e 45 89 1
e 46 48 1
e 46 90 1
e 47 91 1
e 47 92 1
e 47 93 1
e 48 94 1
e 49 50 1
e 49 95 1
e 51 53 1
e 51 96 1
e 52 54 2
e 52 97 1
e 53 55 2
e 54 55 1
e 54 98 1
t # 12024
v 0 1
v 1 1
v 2 1
v 3 1
v 4 1
v 5 1
v 6 1
v 7 1
v 8 3
v 9 3
v 10 3
v 11 3
v 12 3
v 13 3
v 14 3
v 15 3
v 16 3
v 17 3
v 18 3
v 19 3
v 20 3
v 21 3
v 22 3
v 23 3
v 24 3
v 25 3
v 26 3
v 27 3
v 28 3
v 29 3
v 30 3
v 31 3
v 32 3
v 33 3
v 34 3
v 35 3
v 36 3
v 37 3
v 38 3
v 39 3
v 40 4
v 41 4
v 42 4
v 43 4
v 44 4
v 45 4
v 46 4
v 47 4
v 48 4
v 49 4
v 50 4
v 51 4
v 52 4
v 53 4
v 54 4
v 55 4
v 56 4
v 57 4
v 58 4
v 59 4
v 60 4
v 61 4
v 62 4
v 63 4
v 64 4
v 65 4
v 66 4
v 67 4
v 68 4
v 69 4
v 70 4
v 71 4
v 72 4
v 73 4
v 74 4
v 75 4
v 76 4
v 77 4
v 78 4
v 79 4
v 80 4
v 81 4
e 0 9 1
e 0 14 1
e 1 20 1
e 1 31 1
e 2 23 2
e 3 28 1
e 3 33 1
e 4 31 2
e 5 33 2
e 6 37 1
e 6 38 1
e 7 38 2
e 8 10 1
e 8 12 1
e 8 15 1
e 8 40 1
e 9 11 1
e 9 14 1
e 9 20 1
e 10 11 1
e 10 17 1
e 10 41 1
e 11 22 1
e 11 23 1
e 12 13 1
e 12 19 1
e 12 42 1
e 13 16 1
e 13 18 1
e 13 24 1
e 14 15 1
e 14 43 1
e 15 44 1
e 15 45 1
e 16 21 1
e 16 25 1
e 16 46 1
e 17 18 1
e 17 47 1
e 17 48 1
e 18 49 1
e 18 50 1
e 19 21 1
e 19 51 1
e 19 52 1
e 20 26 1
e 20 53 1
e 21 54 1
e 21 55 1
e 22 56 1
e 22 57 1
e 22 58 1
e 23 27 1
e 24 59 1
e 24 60 1
e 24 61 1
e 25 28 1
e 25 29 1
e 25 62 1
e 26 27 2
e 26 63 1
e 27 64 1
e 28 30 1
e 28 65 1
e 29 66 1
e 29 67 1
e 29 68 1
e 30 32 1
e 30 69 1
e 30 70 1
e 31 35 1
e 32 34 2
e 32 36 1
e 33 34 1
e 34 37 1
e 35 71 1
e 35 72 1
e 35 73 1
e 36 74 1
e 36 75 1
e 36 76 1
e 37 77 1
e 37 78 1
e 38 39 1
e 39 79 1
e 39 80 1
e 39 81 1
t # 12025
v 0 1
v 1 1
v 2 1
v 3 1
v 4 2
v 5 3
v 6 3
v 7 3
v 8 3
v 9 3
v 10 3
v 11 3
v 12 3
v 13 3
v 14 3
v 15 3
v 16 3
v 17 3
v 18 3
v 19 4
v 20 4
v 21 4
v 22 4
v 23 4
v 24 4
v 25 4
v 26 4
v 27 4
v 28 4
v 29 4
v 30 4
v 31 4
e 0 7 1
e 1 11 2
e 2 15 1
e 2 18 1
e 3 16 1
e 3 18 1
e 4 5 1
e 4 11 1
e 5 6 1
e 5 9 1
e 5 19 1
e 6 8 1
e 6 20 1
e 6 21 1
e 7 8 1
e 7 10 1
e 7 22 1
e 8 23 1
e 8 24 1
e 9 10 2
e 9 25 1
e 10 26 1
e 11 12 1
e 12 13 2
e 12 14 1
e 13 15 1
e 13 27 1
e 14 17 2
e 14 28 1
e 15 16 2
e 16 17 1
e 17 29 1
e 18 30 1
e 18 31 1
t # 12026
v 0 1
v 1 1
v 2 2
v 3 3
v 4 3
v 5 3
v 6 3
v 7 3
v 8 3
v 9 3
v 10 3
v 11 3
v 12 3
v 13 3
v 14 3
v 15 3
v 16 4
v 17 4
v 18 4
v 19 4
v 20 4
v 21 4
v 22 4
v 23 4
v 24 4
v 25 4
v 26 4
v 27 4
v 28 4
e 0 5 1
e 1 9 2
e 2 3 1
e 2 9 1
e 3 4 1
e 3 7 1
e 3 16 1
e 4 6 1
e 4 17 1
e 4 18 1
e 5 6 1
e 5 8 1
e 5 19 1
e 6 20 1
e 6 21 1
e 7 8 2
e 7 22 1
e 8 23 1
e 9 10 1
e 10 11 2
e 10 12 1
e 11 13 1
e 11 24 1
e 12 14 2
e 12 25 1
e 13 15 2
e 13 26 1
e 14 15 1
e 14 27 1
e 15 28 1
t # 12027
v 0 1
v 1 2
v 2 2
v 3 2
v 4 2
v 5 3
v 6 3
v 7 3
v 8 3
v 9 3
v 10 3
v 11 3
v 12 3
v 13 3
v 14 3
v 15 3
v 16 4
v 17 4
v 18 4
v 19 4
v 20 4
v 21 4
v 22 4
v 23 4
v 24 4
v 25 4
v 26 4
v 27 4
v 28 4
v 29 4
e 0 5 1
e 1 2 1
e 1 10 1
e 3 11 1
e 4 14 1
e 4 28 1
e 4 29 1
e 5 6 1
e 5 7 1
e 5 16 1
e 6 8 1
e 6 17 1
e 6 18 1
e 7 9 1
e 7 19 1
e 7 20 1
e 8 9 1
e 8 21 1
e 8 22 1
e 9 23 1
e 9 24 1
e 10 11 2
e 10 12 1
e 11 13 1
e 12 14 2
e 12 25 1
e 13 15 2
e 13 26 1
e 14 15 1
e 15 27 1
t # 12028
v 0 1
v 1 2
v 2 2
v 3 2
v 4 2
v 5 3
v 6 3
v 7 3
v 8 3
v 9 3
v 10 3
v 11 3
v 12 4
v 13 4
v 14 4
v 15 4
v 16 4
v 17 4
v 18 4
v 19 4
e 0 11 1
e 1 3 1
e 1 5 1
e 2 6 1
e 4 8 1
e 4 15 1
e 4 16 1
e 5 6 2
e 5 7 1
e 6 9 1
e 7 8 2
e 7 12 1
e 8 10 1
e 9 10 2
e 9 13 1
e 10 14 1
e 11 17 1
e 11 18 1
e 11 19 1
t # 12029
v 0 11
v 1 1
v 2 1
v 3 2
v 4 2
v 5 2
v 6 3
v 7 3
v 8 3
v 9 3
v 10 3
v 11 3
v 12 3
v 13 3
v 14 3
v 15 3
v 16 3
v 17 3
v 18 3
v 19 3
v 20 3
v 21 3
v 22 3
v 23 4
v 24 4
v 25 4
v 26 4
v 27 4
v 28 4
v 29 4
v 30 4
v 31 4
v 32 4
v 33 4
v 34 4
v 35 4
v 36 4
v 37 4
e 0 20 1
e 0 22 1
e 1 9 1
e 1 17 1
e 2 17 2
e 3 7 1
e 3 9 2
e 4 22 1
e 4 35 1
e 4 36 1
e 5 22 2
e 5 37 1
e 6 7 2
e 6 11 1
e 6 17 1
e 7 13 1
e 8 9 1
e 8 14 2
e 8 15 1
e 10 11 2
e 10 16 1
e 10 21 1
e 11 23 1
e 12 18 2
e 12 19 1
e 12 20 1
e 13 16 2
e 13 24 1
e 14 18 1
e 14 25 1
e 15 19 2
e 15 26 1
e 16 27 1
e 18 28 1
e 19 29 1
e 20 30 1
e 20 31 1
e 21 32 1
e 21 33 1
e 21 34 1
t # 12030
v 0 11
v 1 1
v 2 1
v 3 1
v 4 1
v 5 2
v 6 3
v 7 3
v 8 3
v 9 3
v 10 3
v 11 3
v 12 3
v 13 3
v 14 3
v 15 3
v 16 3
v 17 3
v 18 3
v 19 4
v 20 4
v 21 4
v 22 4
v 23 4
v 24 4
v 25 4
v 26 4
v 27 4
v 28 4
v 29 4
v 30 4
v 31 4
v 32 4
v 33 4
v 34 4
v 35 4
v 36 4
v 37 4
e 0 6 1
e 0 9 1
e 1 14 1
e 1 17 1
e 2 14 2
e 3 16 1
e 3 18 1
e 4 16 2
e 5 6 1
e 5 13 1
e 5 22 1
e 6 7 1
e 6 11 1
e 7 8 1
e 7 14 1
e 7 19 1
e 8 9 1
e 8 12 1
e 8 20 1
e 9 10 1
e 9 21 1
e 10 13 2
e 10 16 1
e 11 23 1
e 11 24 1
e 11 25 1
e 12 26 1
e 12 27 1
e 12 28 1
e 13 15 1
e 15 29 1
e 15 30 1
e 15 31 1
e 17 32 1
e 17 33 1
e 17 34 1
e 18 35 1
e 18 36 1
e 18 37 1
t # 12031
v 0 1
v 1 1
v 2 1
v 3 1
v 4 2
v 5 2
v 6 2
v 7 2
v 8 2
v 9 2
v 10 3
v 11 3
v 12 3
v 13 3
v 14 3
v 15 3
v 16 3
v 17 3
v 18 3
v 19 3
v 20 3
v 21 3
v 22 3
v 23 3
v 24 3
v 25 3
v 26 3
v 27 4
v 28 4
v 29 4
v 30 4
v 31 4
v 32 4
v 33 4
v 34 4
v 35 4
v 36 4
v 37 4
v 38 4
v 39 4
v 40 4
v 41 4
v 42 4
v 43 4
v 44 4
v 45 4
v 46 4
e 0 11 1
e 0 13 1
e 1 10 1
e 1 33 1
e 2 12 1
e 2 34 1
e 3 14 1
e 3 36 1
e 4 11 1
e 4 15 1
e 4 16 1
e 5 16 2
e 5 17 1
e 6 15 2
e 6 19 1
e 7 18 1
e 7 19 2
e 8 18 1
e 8 20 1
e 8 37 1
e 9 19 1
e 9 38 1
e 9 39 1
e 10 11 1
e 10 12 1
e 10 27 1
e 11 28 1
e 12 13 1
e 12 29 1
e 13 14 1
e 13 30 1
e 14 31 1
e 14 32 1
e 15 17 1
e 16 35 1
e 17 18 2
e 20 21 2
e 20 22 1
e 21 24 1
e 21 40 1
e 22 25 2
e 22 41 1
e 23 24 2
e 23 25 1
e 23 26 1
e 24 42 1
e 25 43 1
e 26 44 1
e 26 45 1
e 26 46 1
t # 12032
v 0 11
v 1 1
v 2 1
v 3 2
v 4 2
v 5 3
v 6 3
v 7 3
v 8 3
v 9 3
v 10 3
v 11 3
v 12 3
v 13 3
v 14 3
v 15 3
v 16 3
v 17 3
v 18 3
v 19 3
v 20 3
v 21 4
v 22 4
v 23 4
v 24 4
v 25 4
v 26 4
v 27 4
v 28 4
v 29 4
v 30 4
v 31 4
v 32 4
v 33 4
v 34 4
v 35 4
v 36 4
e 0 6 1
e 0 11 1
e 1 9 2
e 2 19 1
e 2 36 1
e 3 7 1
e 3 14 1
e 3 22 1
e 4 18 1
e 4 34 1
e 4 35 1
e 5 6 1
e 5 7 2
e 5 9 1
e 6 8 2
e 7 12 1
e 8 13 1
e 8 16 1
e 9 10 1
e 10 11 2
e 10 15 1
e 11 17 1
e 12 13 2
e 12 21 1
e 13 23 1
e 14 18 1
e 14 24 1
e 14 25 1
e 15 19 2
e 15 26 1
e 16 27 1
e 16 28 1
e 16 29 1
e 17 20 2
e 17 30 1
e 18 31 1
e 18 32 1
e 19 20 1
e 20 33 1
t # 12033
v 0 11
v 1 2
v 2 2
v 3 2
v 4 3
v 5 3
v 6 3
v 7 3
v 8 3
v 9 3
v 10 3
v 11 3
v 12 3
v 13 3
v 14 3
v 15 3
v 16 3
v 17 3
v 18 4
v 19 4
v 20 4
v 21 4
v 22 4
v 23 4
v 24 4
v 25 4
v 26 4
v 27 4
v 28 4
v 29 4
v 30 4
v 31 4
v 32 4
e 0 5 1
e 0 6 1
e 1 10 1
e 1 16 1
e 1 17 1
e 2 7 2
e 2 8 1
e 3 4 1
e 3 25 1
e 3 26 1
e 4 9 1
e 4 12 1
e 4 18 1
e 5 7 1
e 5 9 2
e 6 8 2
e 6 11 1
e 7 13 1
e 8 14 1
e 9 19 1
e 10 11 2
e 10 15 1
e 11 20 1
e 12 13 2
e 12 21 1
e 13 22 1
e 14 15 2
e 14 23 1
e 15 24 1
e 16 27 1
e 16 28 1
e 16 29 1
e 17 30 1
e 17 31 1
e 17 32 1
t # 12034
v 0 12
v 1 12
v 2 8
v 3 1
v 4 1
v 5 1
v 6 1
v 7 1
v 8 1
v 9 2
v 10 2
v 11 3
v 12 3
v 13 3
v 14 3
v 15 3
v 16 3
v 17 3
v 18 3
v 19 3
v 20 3
v 21 3
v 22 3
v 23 3
v 24 4
v 25 4
v 26 4
v 27 4
v 28 4
v 29 4
v 30 4
v 31 4
v 32 4
v 33 4
v 34 4
v 35 4
v 36 4
v 37 4
v 38 4
v 39 4
v 40 4
v 41 4
v 42 4
v 43 4
v 44 4
v 45 4
v 46 4
e 0 22 1
e 1 23 1
e 3 11 1
e 3 14 1
e 4 12 1
e 5 13 1
e 5 17 1
e 6 16 1
e 6 17 1
e 8 15 1
e 8 42 1
e 9 11 1
e 9 27 1
e 10 20 1
e 10 21 1
e 11 12 1
e 11 15 1
e 12 13 1
e 12 24 1
e 13 14 1
e 13 25 1
e 14 16 1
e 14 26 1
e 15 28 1
e 15 29 1
e 16 30 1
e 16 31 1
e 17 18 1
e 17 19 1
e 18 32 1
e 18 33 1
e 18 34 1
e 19 35 1
e 19 36 1
e 19 37 1
e 20 22 1
e 20 38 1
e 20 39 1
e 21 23 1
e 21 40 1
e 21 41 1
e 22 43 1
e 22 44 1
e 23 45 1
e 23 46 1
t # 12035
v 0 11
v 1 1
v 2 1
v 3 1
v 4 1
v 5 1
v 6 1
v 7 3
v 8 3
v 9 3
v 10 3
v 11 3
v 12 3
v 13 3
v 14 3
v 15 3
v 16 3
v 17 3
v 18 3
v 19 3
v 20 3
v 21 3
v 22 3
v 23 3
v 24 3
v 25 3
v 26 3
v 27 3
v 28 3
v 29 4
v 30 4
v 31 4
v 32 4
v 33 4
v 34 4
v 35 4
v 36 4
v 37 4
v 38 4
v 39 4
v 40 4
v 41 4
v 42 4
v 43 4
v 44 4
v 45 4
v 46 4
v 47 4
v 48 4
v 49 4
v 50 4
v 51 4
v 52 4
v 53 4
v 54 4
v 55 4
v 56 4
v 57 4
v 58 4
v 59 4
v 60 4
v 61 4
v 62 4
e 0 26 1
e 0 27 1
e 1 11 1
e 1 17 1
e 2 11 1
e 2 52 1
e 3 12 1
e 3 55 1
e 4 13 1
e 4 56 1
e 5 18 1
e 5 57 1
e 6 19 2
e 7 9 1
e 7 11 1
e 7 13 1
e 7 19 1
e 8 9 1
e 8 10 1
e 8 17 1
e 8 18 1
e 9 15 1
e 9 29 1
e 10 12 1
e 10 16 1
e 10 30 1
e 11 12 1
e 12 31 1
e 13 14 1
e 13 32 1
e 14 20 1
e 14 21 1
e 14 33 1
e 15 21 1
e 15 34 1
e 15 35 1
e 16 22 1
e 16 24 1
e 16 25 1
e 17 36 1
e 17 37 1
e 18 23 1
e 18 38 1
e 19 20 1
e 20 26 1
e 20 39 1
e 21 40 1
e 21 41 1
e 22 23 1
e 22 42 1
e 22 43 1
e 23 44 1
e 23 45 1
e 24 46 1
e 24 47 1
e 24 48 1
e 25 49 1
e 25 50 1
e 25 51 1
e 26 53 1
e 26 54 1
e 27 28 1
e 27 58 1
e 27 59 1
e 28 60 1
e 28 61 1
e 28 62 1
t # 12036
v 0 11
v 1 1
v 2 1
v 3 1
v 4 1
v 5 1
v 6 1
v 7 3
v 8 3
v 9 3
v 10 3
v 11 3
v 12 3
v 13 3
v 14 3
v 15 3
v 16 3
v 17 3
v 18 3
v 19 3
v 20 3
v 21 3
v 22 3
v 23 3
v 24 3
v 25 3
v 26 3
v 27 3
v 28 3
v 29 4
v 30 4
v 31 4
v 32 4
v 33 4
v 34 4
v 35 4
v 36 4
v 37 4
v 38 4
v 39 4
v 40 4
v 41 4
v 42 4
v 43 4
v 44 4
v 45 4
v 46 4
v 47 4
v 48 4
v 49 4
v 50 4
v 51 4
v 52 4
v 53 4
v 54 4
v 55 4
v 56 4
v 57 4
v 58 4
v 59 4
v 60 4
e 0 26 1
e 0 27 1
e 1 11 1
e 1 23 1
e 2 16 1
e 2 21 1
e 3 20 1
e 3 54 1
e 4 21 1
e 4 55 1
e 5 22 2
e 6 23 2
e 7 8 1
e 7 10 1
e 7 11 1
e 7 16 1
e 8 9 1
e 8 15 1
e 8 29 1
e 9 14 1
e 9 22 1
e 9 23 1
e 10 12 1
e 10 21 1
e 10 30 1
e 11 18 1
e 11 31 1
e 12 20 1
e 12 24 1
e 12 25 1
e 13 14 1
e 13 17 1
e 13 19 1
e 13 32 1
e 14 33 1
e 14 34 1
e 15 17 1
e 15 35 1
e 15 36 1
e 16 37 1
e 16 38 1
e 17 39 1
e 17 40 1
e 18 20 1
e 18 41 1
e 18 42 1
e 19 22 1
e 19 26 1
e 19 43 1
e 20 44 1
e 21 45 1
e 24 46 1
e 24 47 1
e 24 48 1
e 25 49 1
e 25 50 1
e 25 51 1
e 26 52 1
e 26 53 1
e 27 28 1
e 27 56 1
e 27 57 1
e 28 58 1
e 28 59 1
e 28 60 1
t # 12037
v 0 11
v 1 11
v 2 11
v 3 11
v 4 11
v 5 11
v 6 1
v 7 1
v 8 1
v 9 1
v 10 1
v 11 1
v 12 2
v 13 2
v 14 2
v 15 2
v 16 2
v 17 2
v 18 3
v 19 3
v 20 3
v 21 3
v 22 3
v 23 3
v 24 3
v 25 3
v 26 3
v 27 3
v 28 3
v 29 3
v 30 3
v 31 3
v 32 3
v 33 3
v 34 3
v 35 3
v 36 3
v 37 3
v 38 3
v 39 3
v 40 3
v 41 3
v 42 3
v 43 3
v 44 3
v 45 3
v 46 3
v 47 3
v 48 3
v 49 3
v 50 3
v 51 3
v 52 3
v 53 3
v 54 3
v 55 3
v 56 3
v 57 3
v 58 3
v 59 3
v 60 4
v 61 4
v 62 4
v 63 4
v 64 4
v 65 4
v 66 4
v 67 4
v 68 4
v 69 4
v 70 4
v 71 4
v 72 4
v 73 4
v 74 4
v 75 4
v 76 4
v 77 4
v 78 4
v 79 4
v 80 4
v 81 4
v 82 4
v 83 4
v 84 4
v 85 4
e 0 8 2
e 0 9 2
e 0 20 1
e 1 10 2
e 1 11 2
e 1 21 1
e 2 18 1
e 2 26 1
e 3 19 1
e 3 27 1
e 4 34 1
e 4 46 1
e 5 35 1
e 5 47 1
e 6 76 1
e 7 77 1
e 12 22 1
e 12 26 2
e 13 23 1
e 13 27 2
e 14 38 1
e 14 46 2
e 15 39 1
e 15 47 2
e 16 54 1
e 17 55 1
e 18 20 1
e 18 22 2
e 19 21 1
e 19 23 2
e 20 24 2
e 21 25 2
e 22 30 1
e 23 31 1
e 24 32 1
e 24 42 1
e 25 33 1
e 25 43 1
e 26 28 1
e 27 29 1
e 28 36 2
e 28 40 1
e 29 37 2
e 29 41 1
e 30 32 2
e 30 60 1
e 31 33 2
e 31 61 1
e 32 62 1
e 33 63 1
e 34 36 1
e 34 38 2
e 35 37 1
e 35 39 2
e 36 64 1
e 37 65 1
e 38 44 1
e 39 45 1
e 40 44 2
e 40 66 1
e 41 45 2
e 41 67 1
e 42 68 1
e 42 69 1
e 42 70 1
e 43 71 1
e 43 72 1
e 43 73 1
e 44 74 1
e 45 75 1
e 46 48 1
e 47 49 1
e 48 50 2
e 48 52 1
e 49 51 2
e 49 53 1
e 50 56 1
e 50 78 1
e 51 57 1
e 51 79 1
e 52 58 2
e 52 80 1
e 53 59 2
e 53 81 1
e 54 56 2
e 54 58 1
e 55 57 2
e 55 59 1
e 56 82 1
e 57 83 1
e 58 84 1
e 59 85 1
t # 12038
v 0 57
v 1 11
v 2 11
v 3 1
v 4 1
v 5 1
v 6 1
v 7 1
v 8 1
v 9 1
v 10 1
v 11 1
v 12 1
v 13 2
v 14 2
v 15 2
v 16 2
v 17 3
v 18 3
v 19 3
v 20 3
v 21 3
v 22 3
v 23 3
v 24 3
v 25 3
v 26 3
v 27 3
v 28 3
v 29 3
v 30 3
v 31 3
v 32 3
v 33 3
v 34 3
v 35 4
v 36 4
v 37 4
v 38 4
v 39 4
v 40 4
v 41 4
v 42 4
v 43 4
v 44 4
v 45 4
v 46 4
v 47 4
v 48 4
v 49 4
v 50 4
v 51 4
v 52 4
e 1 8 2
e 1 9 2
e 1 28 1
e 2 11 2
e 2 12 2
e 2 32 1
e 3 18 2
e 4 23 2
e 5 37 1
e 5 38 1
e 6 23 1
e 6 50 1
e 7 51 1
e 10 52 1
e 13 20 1
e 14 16 1
e 14 18 1
e 14 22 1
e 15 17 1
e 16 19 2
e 17 18 1
e 17 19 1
e 17 35 1
e 19 25 1
e 20 21 2
e 20 24 1
e 21 23 1
e 21 27 1
e 22 26 2
e 22 29 1
e 24 28 2
e 24 36 1
e 25 39 1
e 25 40 1
e 25 41 1
e 26 31 1
e 26 34 1
e 27 30 2
e 27 42 1
e 28 30 1
e 29 33 2
e 29 43 1
e 30 44 1
e 31 32 2
e 31 45 1
e 32 33 1
e 33 46 1
e 34 47 1
e 34 48 1
e 34 49 1
t # 12039
v 0 1
v 1 1
v 2 1
v 3 2
v 4 2
v 5 2
v 6 2
v 7 2
v 8 3
v 9 3
v 10 3
v 11 3
v 12 3
v 13 3
v 14 3
v 15 3
v 16 3
v 17 3
v 18 3
v 19 3
v 20 3
v 21 3
v 22 3
v 23 3
v 24 3
v 25 3
v 26 3
v 27 3
v 28 3
v 29 3
v 30 3
v 31 3
v 32 3
v 33 3
v 34 3
v 35 3
v 36 3
v 37 3
v 38 3
v 39 3
v 40 3
v 41 3
v 42 3
v 43 3
v 44 3
v 45 3
v 46 3
v 47 3
v 48 3
v 49 3
v 50 3
v 51 3
v 52 3
v 53 3
v 54 3
v 55 3
v 56 4
v 57 4
v 58 4
v 59 4
v 60 4
v 61 4
v 62 4
v 63 4
v 64 4
v 65 4
v 66 4
v 67 4
v 68 4
v 69 4
v 70 4
v 71 4
v 72 4
v 73 4
v 74 4
v 75 4
v 76 4
v 77 4
v 78 4
v 79 4
v 80 4
v 81 4
v 82 4
v 83 4
v 84 4
v 85 4
v 86 4
v 87 4
v 88 4
v 89 4
v 90 4
v 91 4
v 92 4
v 93 4
v 94 4
v 95 4
v 96 4
v 97 4
v 98 4
v 99 4
v 100 4
v 101 4
v 102 4
v 103 4
v 104 4
e 0 8 1
e 0 12 1
e 1 40 1
e 1 42 1
e 2 32 2
e 3 14 1
e 3 23 1
e 3 24 1
e 4 19 1
e 4 26 1
e 4 27 1
e 5 32 1
e 5 36 2
e 6 43 1
e 6 48 1
e 6 49 1
e 7 39 2
e 7 44 1
e 8 9 1
e 8 13 1
e 8 56 1
e 9 10 2
e 9 15 1
e 10 11 1
e 10 16 1
e 11 12 2
e 11 20 1
e 12 18 1
e 13 14 2
e 13 57 1
e 14 17 1
e 15 17 2
e 15 58 1
e 16 22 1
e 16 25 2
e 17 59 1
e 18 19 2
e 18 60 1
e 19 21 1
e 20 21 2
e 20 61 1
e 21 62 1
e 22 28 2
e 22 32 1
e 23 29 1
e 23 63 1
e 23 64 1
e 24 30 1
e 24 65 1
e 24 66 1
e 25 31 1
e 25 67 1
e 26 34 1
e 26 68 1
e 26 69 1
e 27 35 1
e 27 70 1
e 27 71 1
e 28 33 1
e 28 72 1
e 29 73 1
e 29 74 1
e 29 75 1
e 30 76 1
e 30 77 1
e 30 78 1
e 31 33 2
e 31 79 1
e 33 80 1
e 34 81 1
e 34 82 1
e 34 83 1
e 35 84 1
e 35 85 1
e 35 86 1
e 36 37 1
e 36 41 1
e 37 38 1
e 37 46 2
e 38 39 1
e 38 47 2
e 39 40 1
e 40 41 2
e 41 87 1
e 42 44 2
e 42 45 1
e 43 45 2
e 43 50 1
e 44 51 1
e 45 88 1
e 46 52 1
e 46 89 1
e 47 53 1
e 47 90 1
e 48 54 1
e 48 91 1
e 48 92 1
e 49 55 1
e 49 93 1
e 49 94 1
e 50 51 2
e 50 95 1
e 51 96 1
e 52 53 2
e 52 97 1
e 53 98 1
e 54 99 1
e 54 100 1
e 54 101 1
e 55 102 1
e 55 103 1
e 55 104 1
t # 12040
v 0 11
v 1 1
v 2 2
v 3 3
v 4 3
v 5 3
v 6 3
v 7 3
v 8 3
v 9 3
v 10 3
v 11 3
v 12 3
v 13 3
v 14 3
v 15 3
v 16 3
v 17 3
v 18 3
v 19 3
v 20 3
v 21 3
v 22 3
v 23 4
v 24 4
v 25 4
v 26 4
v 27 4
v 28 4
v 29 4
v 30 4
v 31 4
v 32 4
v 33 4
v 34 4
v 35 4
v 36 4
v 37 4
v 38 4
v 39 4
v 40 4
v 41 4
v 42 4
v 43 4
v 44 4
v 45 4
v 46 4
v 47 4
v 48 4
v 49 4
v 50 4
v 51 4
v 52 4
v 53 4
v 54 4
v 55 4
e 0 10 1
e 0 18 1
e 1 7 2
e 2 5 1
e 2 13 1
e 2 14 1
e 3 4 1
e 3 5 1
e 3 7 1
e 3 23 1
e 4 6 1
e 4 24 1
e 4 25 1
e 5 26 1
e 5 27 1
e 6 9 1
e 6 28 1
e 6 29 1
e 7 8 1
e 8 10 1
e 8 30 1
e 8 31 1
e 9 11 1
e 9 32 1
e 9 33 1
e 10 12 1
e 10 34 1
e 11 15 1
e 11 35 1
e 11 36 1
e 12 16 2
e 12 17 1
e 13 37 1
e 13 38 1
e 13 39 1
e 14 40 1
e 14 41 1
e 14 42 1
e 15 43 1
e 15 44 1
e 15 45 1
e 16 19 1
e 16 46 1
e 17 20 2
e 17 47 1
e 18 21 1
e 18 48 1
e 18 49 1
e 19 22 2
e 19 50 1
e 20 22 1
e 20 51 1
e 21 52 1
e 21 53 1
e 21 54 1
e 22 55 1
t # 12041
v 0 1
v 1 2
v 2 2
v 3 2
v 4 3
v 5 3
v 6 3
v 7 3
v 8 3
v 9 3
v 10 3
v 11 3
v 12 3
v 13 3
v 14 3
v 15 3
v 16 3
v 17 3
v 18 4
v 19 4
v 20 4
v 21 4
v 22 4
v 23 4
v 24 4
v 25 4
v 26 4
v 27 4
v 28 4
v 29 4
v 30 4
v 31 4
v 32 4
e 0 16 1
e 0 32 1
e 1 4 1
e 1 9 1
e 1 12 1
e 2 6 2
e 2 11 1
e 3 5 1
e 3 28 1
e 3 29 1
e 4 6 1
e 4 8 2
e 5 7 1
e 5 8 1
e 5 18 1
e 6 10 1
e 7 10 2
e 7 13 1
e 8 19 1
e 9 11 2
e 9 14 1
e 10 20 1
e 11 15 1
e 12 21 1
e 12 22 1
e 12 23 1
e 13 24 1
e 13 25 1
e 13 26 1
e 14 16 2
e 14 27 1
e 15 17 2
e 15 30 1
e 16 17 1
e 17 31 1
t # 12042
v 0 1
v 1 1
v 2 1
v 3 1
v 4 1
v 5 1
v 6 1
v 7 1
v 8 3
v 9 3
v 10 3
v 11 3
v 12 3
v 13 3
v 14 3
v 15 3
v 16 3
v 17 3
v 18 3
v 19 3
v 20 3
v 21 3
v 22 3
v 23 3
v 24 3
v 25 3
v 26 3
v 27 3
v 28 3
v 29 4
v 30 4
v 31 4
v 32 4
v 33 4
v 34 4
v 35 4
v 36 4
v 37 4
v 38 4
v 39 4
v 40 4
v 41 4
v 42 4
v 43 4
v 44 4
v 45 4
v 46 4
v 47 4
v 48 4
v 49 4
v 50 4
v 51 4
v 52 4
e 0 9 1
e 0 13 1
e 1 11 1
e 1 14 1
e 2 12 1
e 2 22 1
e 3 15 2
e 4 18 1
e 4 24 1
e 5 20 2
e 6 22 2
e 7 24 2
e 8 9 1
e 8 10 1
e 8 12 1
e 8 16 1
e 9 11 1
e 9 13 1
e 10 14 1
e 10 17 1
e 10 18 1
e 11 15 1
e 11 29 1
e 12 15 1
e 12 30 1
e 13 31 1
e 13 32 1
e 14 19 1
e 14 33 1
e 16 34 1
e 16 35 1
e 16 36 1
e 17 20 1
e 17 37 1
e 17 38 1
e 18 39 1
e 18 40 1
e 19 21 2
e 19 41 1
e 20 21 1
e 21 23 1
e 22 25 1
e 23 42 1
e 23 43 1
e 23 44 1
e 24 26 1
e 25 27 1
e 25 28 2
e 26 45 1
e 26 46 1
e 26 47 1
e 27 48 1
e 27 49 1
e 27 50 1
e 28 51 1
e 28 52 1
t # 12043
v 0 9
v 1 12
v 2 12
v 3 1
v 4 1
v 5 3
v 6 3
v 7 3
v 8 3
v 9 4
v 10 4
v 11 4
v 12 4
v 13 4
v 14 4
v 15 4
v 16 4
e 3 5 1
e 3 6 1
e 4 7 1
e 4 8 1
e 5 7 1
e 5 9 1
e 5 10 1
e 6 8 1
e 6 11 1
e 6 12 1
e 7 13 1
e 7 14 1
e 8 15 1
e 8 16 1
t # 12044
v 0 1
v 1 1
v 2 2
v 3 2
v 4 3
v 5 3
v 6 3
v 7 3
v 8 3
v 9 3
v 10 3
v 11 3
v 12 3
v 13 3
v 14 3
v 15 3
v 16 3
v 17 3
v 18 3
v 19 3
v 20 3
v 21 3
v 22 3
v 23 3
v 24 3
v 25 3
v 26 3
v 27 3
v 28 3
v 29 3
v 30 3
v 31 4
v 32 4
v 33 4
v 34 4
v 35 4
v 36 4
v 37 4
v 38 4
v 39 4
v 40 4
v 41 4
v 42 4
v 43 4
v 44 4
v 45 4
v 46 4
v 47 4
v 48 4
v 49 4
v 50 4
v 51 4
v 52 4
v 53 4
v 54 4
v 55 4
v 56 4
v 57 4
v 58 4
v 59 4
v 60 4
v 61 4
v 62 4
v 63 4
v 64 4
e 0 19 2
e 1 20 2
e 2 4 1
e 2 10 1
e 2 39 1
e 3 18 1
e 3 23 1
e 3 24 1
e 4 5 1
e 4 6 1
e 4 31 1
e 5 7 1
e 5 32 1
e 5 33 1
e 6 9 1
e 6 12 2
e 7 8 1
e 7 34 1
e 7 35 1
e 8 9 1
e 8 36 1
e 8 37 1
e 9 13 2
e 10 11 1
e 10 17 1
e 10 38 1
e 11 14 1
e 11 40 1
e 11 41 1
e 12 15 1
e 12 42 1
e 13 16 1
e 13 43 1
e 14 18 1
e 14 44 1
e 14 45 1
e 15 16 2
e 15 19 1
e 16 20 1
e 17 46 1
e 17 47 1
e 17 48 1
e 18 49 1
e 18 50 1
e 19 21 1
e 20 22 1
e 21 22 1
e 21 25 2
e 22 26 2
e 23 27 1
e 23 51 1
e 23 52 1
e 24 28 1
e 24 53 1
e 24 54 1
e 25 29 1
e 25 55 1
e 26 30 1
e 26 56 1
e 27 57 1
e 27 58 1
e 27 59 1
e 28 60 1
e 28 61 1
e 28 62 1
e 29 30 2
e 29 63 1
e 30 64 1
t # 12045
v 0 1
v 1 1
v 2 1
v 3 2
v 4 3
v 5 3
v 6 3
v 7 3
v 8 3
v 9 3
v 10 3
v 11 3
v 12 3
v 13 3
v 14 3
v 15 3
v 16 3
v 17 3
v 18 3
v 19 3
v 20 3
v 21 4
v 22 4
v 23 4
v 24 4
v 25 4
v 26 4
v 27 4
v 28 4
v 29 4
v 30 4
v 31 4
v 32 4
v 33 4
v 34 4
v 35 4
v 36 4
v 37 4
v 38 4
v 39 4
v 40 4
v 41 4
e 0 10 2
e 1 15 2
e 2 19 2
e 3 4 1
e 3 9 1
e 3 10 1
e 4 5 1
e 4 12 1
e 4 21 1
e 5 7 1
e 5 15 1
e 5 22 1
e 6 7 1
e 6 10 1
e 6 13 1
e 6 23 1
e 7 24 1
e 7 25 1
e 8 11 1
e 8 14 1
e 8 17 1
e 8 18 1
e 9 11 1
e 9 16 2
e 11 26 1
e 11 27 1
e 12 13 2
e 12 28 1
e 13 29 1
e 14 19 1
e 14 30 1
e 14 31 1
e 15 20 1
e 16 19 1
e 16 32 1
e 17 33 1
e 17 34 1
e 17 35 1
e 18 36 1
e 18 37 1
e 18 38 1
e 20 39 1
e 20 40 1
e 20 41 1
t # 12046
v 0 12
v 1 12
v 2 14
v 3 14
v 4 14
v 5 1
v 6 1
v 7 1
v 8 1
v 9 1
v 10 2
v 11 2
v 12 2
v 13 2
v 14 2
v 15 2
v 16 3
v 17 3
v 18 3
v 19 3
v 20 3
v 21 3
v 22 3
v 23 3
v 24 3
v 25 3
v 26 3
v 27 3
v 28 3
v 29 3
v 30 3
v 31 3
v 32 3
v 33 3
v 34 3
v 35 3
v 36 3
v 37 3
v 38 3
v 39 3
v 40 3
v 41 3
v 42 3
v 43 3
v 44 3
v 45 4
v 46 4
v 47 4
v 48 4
v 49 4
v 50 4
v 51 4
v 52 4
v 53 4
v 54 4
v 55 4
v 56 4
v 57 4
v 58 4
v 59 4
v 60 4
v 61 4
v 62 4
v 63 4
v 64 4
v 65 4
v 66 4
v 67 4
v 68 4
v 69 4
v 70 4
v 71 4
v 72 4
v 73 4
v 74 4
v 75 4
v 76 4
v 77 4
v 78 4
v 79 4
v 80 4
v 81 4
v 82 4
v 83 4
v 84 4
v 85 4
v 86 4
v 87 4
v 88 4
v 89 4
v 90 4
v 91 4
e 0 41 1
e 1 42 1
e 5 21 2
e 6 27 2
e 7 29 2
e 8 44 1
e 8 91 1
e 9 44 2
e 10 16 1
e 10 27 1
e 10 52 1
e 11 19 1
e 11 21 1
e 11 53 1
e 12 22 1
e 12 74 1
e 12 75 1
e 13 29 1
e 13 33 1
e 13 76 1
e 14 32 1
e 14 77 1
e 14 78 1
e 15 34 1
e 15 39 1
e 15 40 1
e 16 17 1
e 16 21 1
e 16 45 1
e 17 18 1
e 17 46 1
e 17 47 1
e 18 25 1
e 18 26 1
e 18 48 1
e 19 20 1
e 19 29 1
e 19 49 1
e 20 23 1
e 20 50 1
e 20 51 1
e 22 24 1
e 22 27 1
e 22 54 1
e 23 28 1
e 23 55 1
e 23 56 1
e 24 30 1
e 24 31 1
e 24 57 1
e 25 58 1
e 25 59 1
e 25 60 1
e 26 61 1
e 26 62 1
e 26 63 1
e 28 32 1
e 28 64 1
e 28 65 1
e 30 66 1
e 30 67 1
e 30 68 1
e 31 69 1
e 31 70 1
e 31 71 1
e 32 72 1
e 32 73 1
e 33 35 2
e 33 36 1
e 34 37 2
e 34 38 1
e 35 37 1
e 35 79 1
e 36 38 2
e 36 80 1
e 37 81 1
e 38 82 1
e 39 41 1
e 39 83 1
e 39 84 1
e 40 42 1
e 40 85 1
e 40 86 1
e 41 87 1
e 41 88 1
e 42 89 1
e 42 90 1
e 43 44 1
t # 12047
v 0 7
v 1 7
v 2 1
v 3 1
v 4 1
v 5 1
v 6 1
v 7 1
v 8 1
v 9 1
v 10 2
v 11 2
v 12 2
v 13 2
v 14 3
v 15 3
v 16 3
v 17 3
v 18 3
v 19 3
v 20 3
v 21 3
v 22 3
v 23 3
v 24 3
v 25 3
v 26 3
v 27 3
v 28 4
v 29 4
v 30 4
v 31 4
v 32 4
v 33 4
v 34 4
v 35 4
v 36 4
v 37 4
v 38 4
v 39 4
v 40 4
v 41 4
v 42 4
v 43 4
v 44 4
v 45 4
v 46 4
v 47 4
v 48 4
v 49 4
e 2 20 1
e 2 30 1
e 3 21 1
e 3 31 1
e 4 22 1
e 4 32 1
e 5 23 1
e 5 33 1
e 6 20 2
e 7 21 2
e 8 22 2
e 9 23 2
e 10 24 1
e 10 34 1
e 11 25 1
e 11 35 1
e 12 26 1
e 12 36 1
e 13 27 1
e 13 37 1
e 14 15 2
e 14 18 1
e 14 20 1
e 15 19 1
e 15 21 1
e 16 17 1
e 16 18 2
e 16 22 1
e 17 19 2
e 17 23 1
e 18 28 1
e 19 29 1
e 24 38 1
e 24 39 1
e 24 40 1
e 25 41 1
e 25 42 1
e 25 43 1
e 26 44 1
e 26 45 1
e 26 46 1
e 27 47 1
e 27 48 1
e 27 49 1
t # 12048
v 0 7
v 1 7
v 2 1
v 3 1
v 4 1
v 5 1
v 6 1
v 7 1
v 8 1
v 9 1
v 10 2
v 11 2
v 12 2
v 13 2
v 14 3
v 15 3
v 16 3
v 17 3
v 18 3
v 19 3
v 20 3
v 21 3
v 22 3
v 23 3
v 24 4
v 25 4
v 26 4
v 27 4
v 28 4
v 29 4
v 30 4
v 31 4
v 32 4
v 33 4
v 34 4
v 35 4
v 36 4
v 37 4
e 2 20 1
e 2 26 1
e 3 21 1
e 3 27 1
e 4 22 1
e 4 28 1
e 5 23 1
e 5 29 1
e 6 20 2
e 7 21 2
e 8 22 2
e 9 23 2
e 10 30 1
e 10 31 1
e 11 32 1
e 11 33 1
e 12 34 1
e 12 35 1
e 13 36 1
e 13 37 1
e 14 15 2
e 14 18 1
e 14 20 1
e 15 19 1
e 15 21 1
e 16 17 1
e 16 18 2
e 16 22 1
e 17 19 2
e 17 23 1
e 18 24 1
e 19 25 1
t # 12049
v 0 1
v 1 1
v 2 1
v 3 1
v 4 1
v 5 1
v 6 1
v 7 1
v 8 1
v 9 1
v 10 1
v 11 1
v 12 1
v 13 3
v 14 3
v 15 3
v 16 3
v 17 3
v 18 3
v 19 3
v 20 3
v 21 3
v 22 3
v 23 3
v 24 3
v 25 3
v 26 3
v 27 3
v 28 3
v 29 3
v 30 3
v 31 3
v 32 3
v 33 3
v 34 3
v 35 3
v 36 3
v 37 3
v 38 3
v 39 3
v 40 3
v 41 3
v 42 3
v 43 3
v 44 3
v 45 3
v 46 3
v 47 3
v 48 4
v 49 4
v 50 4
v 51 4
v 52 4
v 53 4
v 54 4
v 55 4
v 56 4
v 57 4
v 58 4
v 59 4
v 60 4
v 61 4
v 62 4
v 63 4
v 64 4
v 65 4
v 66 4
v 67 4
v 68 4
v 69 4
v 70 4
v 71 4
v 72 4
v 73 4
v 74 4
v 75 4
v 76 4
v 77 4
v 78 4
v 79 4
v 80 4
v 81 4
v 82 4
v 83 4
v 84 4
v 85 4
v 86 4
v 87 4
v 88 4
v 89 4
v 90 4
v 91 4
e 0 14 1
e 0 59 1
e 1 16 1
e 1 36 1
e 2 18 1
e 2 38 1
e 3 19 1
e 3 40 1
e 4 26 1
e 4 39 1
e 5 31 1
e 5 37 1
e 6 33 1
e 6 41 1
e 7 36 2
e 8 37 2
e 9 38 2
e 10 39 2
e 11 40 2
e 12 42 1
e 12 83 1
e 13 14 1
e 13 15 1
e 13 16 1
e 13 23 1
e 14 18 1
e 14 20 1
e 15 21 1
e 15 25 1
e 15 48 1
e 16 19 1
e 16 49 1
e 17 19 1
e 17 20 1
e 17 22 1
e 17 50 1
e 18 21 1
e 18 51 1
e 19 52 1
e 20 29 2
e 21 53 1
e 21 54 1
e 22 24 1
e 22 27 1
e 22 28 1
e 23 55 1
e 23 56 1
e 23 57 1
e 24 26 1
e 24 30 1
e 24 58 1
e 25 32 1
e 25 33 2
e 26 31 1
e 26 34 1
e 27 60 1
e 27 61 1
e 27 62 1
e 28 35 2
e 28 63 1
e 29 64 1
e 29 65 1
e 30 37 1
e 30 66 1
e 30 67 1
e 31 68 1
e 31 69 1
e 32 41 2
e 32 70 1
e 33 71 1
e 34 72 1
e 34 73 1
e 34 74 1
e 35 39 1
e 35 75 1
e 36 42 1
e 38 43 1
e 40 76 1
e 41 77 1
e 42 44 1
e 42 78 1
e 43 79 1
e 43 80 1
e 43 81 1
e 44 45 1
e 44 46 1
e 44 82 1
e 45 47 1
e 45 84 1
e 45 85 1
e 46 86 1
e 46 87 1
e 46 88 1
e 47 89 1
e 47 90 1
e 47 91 1
t # 12050
v 0 1
v 1 1
v 2 1
v 3 1
v 4 1
v 5 1
v 6 2
v 7 2
v 8 3
v 9 3
v 10 3
v 11 3
v 12 3
v 13 3
v 14 3
v 15 3
v 16 3
v 17 3
v 18 3
v 19 3
v 20 3
v 21 3
v 22 3
v 23 3
v 24 3
v 25 3
v 26 3
v 27 3
v 28 3
v 29 3
v 30 3
v 31 3
v 32 3
v 33 3
v 34 3
v 35 3
v 36 3
v 37 3
v 38 3
v 39 3
v 40 3
v 41 3
v 42 3
v 43 3
v 44 3
v 45 3
v 46 3
v 47 4
v 48 4
v 49 4
v 50 4
v 51 4
v 52 4
v 53 4
v 54 4
v 55 4
v 56 4
v 57 4
v 58 4
v 59 4
v 60 4
v 61 4
v 62 4
v 63 4
v 64 4
v 65 4
v 66 4
v 67 4
v 68 4
v 69 4
v 70 4
v 71 4
v 72 4
v 73 4
v 74 4
v 75 4
v 76 4
v 77 4
v 78 4
v 79 4
v 80 4
v 81 4
v 82 4
v 83 4
v 84 4
v 85 4
v 86 4
v 87 4
v 88 4
v 89 4
v 90 4
v 91 4
v 92 4
v 93 4
v 94 4
v 95 4
v 96 4
v 97 4
v 98 4
v 99 4
v 100 4
v 101 4
v 102 4
v 103 4
v 104 4
v 105 4
v 106 4
v 107 4
v 108 4
e 0 16 1
e 0 31 1
e 1 17 1
e 1 32 1
e 2 21 1
e 2 25 1
e 3 23 1
e 3 35 1
e 4 43 1
e 4 45 1
e 5 44 1
e 5 46 1
e 6 10 1
e 6 18 1
e 6 24 1
e 7 34 1
e 7 38 1
e 7 39 1
e 8 9 1
e 8 10 1
e 8 11 1
e 8 47 1
e 9 12 1
e 9 14 1
e 9 48 1
e 10 13 1
e 10 49 1
e 11 16 1
e 11 50 1
e 11 51 1
e 12 17 1
e 12 52 1
e 12 53 1
e 13 15 1
e 13 54 1
e 13 55 1
e 14 18 1
e 14 56 1
e 14 57 1
e 15 19 1
e 15 20 1
e 15 58 1
e 16 17 1
e 16 59 1
e 17 60 1
e 18 61 1
e 18 62 1
e 19 21 1
e 19 63 1
e 19 64 1
e 20 22 1
e 20 65 1
e 20 66 1
e 21 23 1
e 21 67 1
e 22 23 1
e 22 68 1
e 22 69 1
e 23 70 1
e 24 71 1
e 24 72 1
e 24 73 1
e 25 26 1
e 25 27 1
e 25 74 1
e 26 29 1
e 26 75 1
e 26 76 1
e 27 30 1
e 27 77 1
e 27 78 1
e 28 29 1
e 28 30 1
e 28 33 1
e 28 79 1
e 29 80 1
e 29 81 1
e 30 82 1
e 30 83 1
e 31 84 1
e 31 85 1
e 31 86 1
e 32 87 1
e 32 88 1
e 32 89 1
e 33 34 1
e 33 90 1
e 33 91 1
e 34 36 1
e 34 92 1
e 35 93 1
e 35 94 1
e 35 95 1
e 36 37 1
e 36 40 2
e 37 41 1
e 37 42 2
e 38 41 2
e 38 96 1
e 39 97 1
e 39 98 1
e 39 99 1
e 40 43 1
e 40 100 1
e 41 101 1
e 42 44 1
e 42 102 1
e 43 44 2
e 45 103 1
e 45 104 1
e 45 105 1
e 46 106 1
e 46 107 1
e 46 108 1
t # 12051
v 0 1
v 1 1
v 2 1
v 3 1
v 4 1
v 5 1
v 6 1
v 7 1
v 8 2
v 9 2
v 10 3
v 11 3
v 12 3
v 13 3
v 14 3
v 15 3
v 16 3
v 17 3
v 18 3
v 19 3
v 20 3
v 21 3
v 22 3
v 23 3
v 24 3
v 25 3
v 26 3
v 27 3
v 28 3
v 29 3
v 30 3
v 31 3
v 32 3
v 33 4
v 34 4
v 35 4
v 36 4
v 37 4
v 38 4
v 39 4
v 40 4
v 41 4
v 42 4
v 43 4
v 44 4
v 45 4
v 46 4
v 47 4
v 48 4
v 49 4
v 50 4
v 51 4
v 52 4
v 53 4
v 54 4
v 55 4
v 56 4
e 0 11 2
e 1 13 2
e 2 14 2
e 3 15 2
e 4 21 1
e 4 29 1
e 5 23 1
e 5 30 1
e 6 26 1
e 6 31 1
e 7 28 1
e 7 32 1
e 8 11 1
e 8 12 1
e 8 14 1
e 9 15 1
e 9 17 1
e 9 36 1
e 10 11 1
e 10 13 1
e 10 15 1
e 10 33 1
e 12 16 1
e 12 34 1
e 12 35 1
e 13 14 1
e 16 18 2
e 16 19 1
e 17 20 1
e 17 37 1
e 17 38 1
e 18 21 1
e 18 39 1
e 19 22 2
e 19 40 1
e 20 24 2
e 20 25 1
e 21 23 2
e 22 23 1
e 22 41 1
e 24 26 1
e 24 42 1
e 25 27 2
e 25 43 1
e 26 28 2
e 27 28 1
e 27 44 1
e 29 45 1
e 29 46 1
e 29 47 1
e 30 48 1
e 30 49 1
e 30 50 1
e 31 51 1
e 31 52 1
e 31 53 1
e 32 54 1
e 32 55 1
e 32 56 1
t # 12052
v 0 1
v 1 1
v 2 1
v 3 1
v 4 2
v 5 3
v 6 3
v 7 3
v 8 3
v 9 3
v 10 3
v 11 3
v 12 3
v 13 3
v 14 3
v 15 3
v 16 3
v 17 3
v 18 4
v 19 4
v 20 4
v 21 4
v 22 4
v 23 4
v 24 4
v 25 4
v 26 4
v 27 4
v 28 4
e 0 6 2
e 1 8 2
e 2 9 2
e 3 11 2
e 4 6 1
e 4 7 1
e 4 9 1
e 5 6 1
e 5 8 1
e 5 11 1
e 5 18 1
e 7 10 1
e 7 19 1
e 7 20 1
e 8 9 1
e 10 13 2
e 10 14 1
e 11 12 1
e 12 21 1
e 12 22 1
e 12 23 1
e 13 15 1
e 13 24 1
e 14 16 2
e 14 25 1
e 15 17 2
e 15 26 1
e 16 17 1
e 16 27 1
e 17 28 1
t # 12053
v 0 1
v 1 1
v 2 1
v 3 1
v 4 2
v 5 2
v 6 3
v 7 3
v 8 3
v 9 3
v 10 3
v 11 3
v 12 3
v 13 3
v 14 3
v 15 3
v 16 3
v 17 3
v 18 3
v 19 3
v 20 3
v 21 3
v 22 3
v 23 3
v 24 3
v 25 3
v 26 3
v 27 4
v 28 4
v 29 4
v 30 4
v 31 4
v 32 4
v 33 4
v 34 4
v 35 4
v 36 4
v 37 4
v 38 4
v 39 4
v 40 4
v 41 4
v 42 4
v 43 4
v 44 4
v 45 4
v 46 4
e 0 7 2
e 1 9 2
e 2 10 2
e 3 11 2
e 4 7 1
e 4 8 1
e 4 10 1
e 5 11 1
e 5 14 1
e 5 29 1
e 6 7 1
e 6 9 1
e 6 11 1
e 6 27 1
e 8 12 2
e 8 13 1
e 9 10 1
e 12 16 1
e 12 19 1
e 13 15 2
e 13 28 1
e 14 18 2
e 14 20 1
e 15 17 1
e 15 22 1
e 16 17 2
e 16 30 1
e 17 31 1
e 18 23 1
e 18 25 1
e 19 32 1
e 19 33 1
e 19 34 1
e 20 21 2
e 20 35 1
e 21 24 1
e 21 26 1
e 22 36 1
e 22 37 1
e 22 38 1
e 23 24 2
e 23 39 1
e 24 40 1
e 25 41 1
e 25 42 1
e 25 43 1
e 26 44 1
e 26 45 1
e 26 46 1
t # 12054
v 0 1
v 1 1
v 2 1
v 3 1
v 4 1
v 5 2
v 6 3
v 7 3
v 8 3
v 9 3
v 10 3
v 11 3
v 12 3
v 13 3
v 14 3
v 15 3
v 16 3
v 17 3
v 18 3
v 19 4
v 20 4
v 21 4
v 22 4
v 23 4
v 24 4
v 25 4
v 26 4
v 27 4
v 28 4
v 29 4
e 0 7 2
e 1 8 2
e 2 9 2
e 3 12 1
e 3 18 1
e 4 11 2
e 5 7 1
e 5 9 1
e 5 10 1
e 6 7 1
e 6 8 1
e 6 11 1
e 6 19 1
e 8 9 1
e 10 12 1
e 10 13 2
e 11 14 1
e 12 15 2
e 13 16 1
e 13 20 1
e 14 21 1
e 14 22 1
e 14 23 1
e 15 17 1
e 15 24 1
e 16 17 2
e 16 25 1
e 17 26 1
e 18 27 1
e 18 28 1
e 18 29 1
t # 12055
v 0 1
v 1 1
v 2 1
v 3 1
v 4 1
v 5 1
v 6 2
v 7 3
v 8 3
v 9 3
v 10 3
v 11 3
v 12 3
v 13 3
v 14 3
v 15 3
v 16 3
v 17 3
v 18 3
v 19 3
v 20 3
v 21 4
v 22 4
v 23 4
v 24 4
v 25 4
v 26 4
v 27 4
v 28 4
v 29 4
v 30 4
v 31 4
v 32 4
v 33 4
e 0 8 2
e 1 13 1
e 1 19 1
e 2 9 2
e 3 11 2
e 4 12 2
e 5 15 1
e 5 20 1
e 6 8 1
e 6 10 1
e 6 11 1
e 7 8 1
e 7 9 1
e 7 12 1
e 7 21 1
e 9 11 1
e 10 13 2
e 10 14 1
e 12 17 1
e 13 16 1
e 14 15 2
e 14 22 1
e 15 18 1
e 16 18 2
e 16 23 1
e 17 24 1
e 17 25 1
e 17 26 1
e 18 27 1
e 19 28 1
e 19 29 1
e 19 30 1
e 20 31 1
e 20 32 1
e 20 33 1
t # 12056
v 0 1
v 1 1
v 2 1
v 3 1
v 4 2
v 5 2
v 6 3
v 7 3
v 8 3
v 9 3
v 10 3
v 11 3
v 12 3
v 13 3
v 14 3
v 15 3
v 16 3
v 17 3
v 18 3
v 19 3
v 20 3
v 21 3
v 22 3
v 23 3
v 24 3
v 25 3
v 26 3
v 27 3
v 28 3
v 29 3
v 30 3
v 31 4
v 32 4
v 33 4
v 34 4
v 35 4
v 36 4
v 37 4
v 38 4
v 39 4
v 40 4
v 41 4
v 42 4
v 43 4
v 44 4
v 45 4
v 46 4
e 0 7 2
e 1 9 2
e 2 10 2
e 3 12 2
e 4 7 1
e 4 8 1
e 4 10 1
e 5 12 1
e 5 15 1
e 5 33 1
e 6 7 1
e 6 9 1
e 6 12 1
e 6 31 1
e 8 11 1
e 8 14 2
e 9 10 1
e 11 13 1
e 11 17 2
e 13 18 1
e 13 21 2
e 14 19 1
e 14 32 1
e 15 16 1
e 15 22 2
e 16 20 1
e 16 24 2
e 17 23 1
e 17 34 1
e 18 19 2
e 18 35 1
e 19 36 1
e 20 26 1
e 20 28 2
e 21 25 1
e 21 37 1
e 22 27 1
e 22 38 1
e 23 25 2
e 23 39 1
e 24 29 1
e 24 40 1
e 25 41 1
e 26 27 2
e 26 42 1
e 27 43 1
e 28 30 1
e 28 44 1
e 29 30 2
e 29 45 1
e 30 46 1
t # 12057
v 0 1
v 1 1
v 2 1
v 3 1
v 4 1
v 5 3
v 6 3
v 7 3
v 8 3
v 9 3
v 10 3
v 11 3
v 12 3
v 13 3
v 14 3
v 15 3
v 16 3
v 17 3
v 18 3
v 19 3
v 20 3
v 21 3
v 22 3
v 23 3
v 24 3
v 25 4
v 26 4
v 27 4
v 28 4
v 29 4
v 30 4
v 31 4
v 32 4
v 33 4
v 34 4
v 35 4
v 36 4
v 37 4
v 38 4
v 39 4
v 40 4
v 41 4
v 42 4
v 43 4
v 44 4
v 45 4
v 46 4
v 47 4
v 48 4
v 49 4
v 50 4
v 51 4
v 52 4
v 53 4
v 54 4
v 55 4
v 56 4
v 57 4
v 58 4
e 0 7 1
e 0 54 1
e 1 9 1
e 1 55 1
e 2 14 1
e 2 56 1
e 3 15 1
e 3 57 1
e 4 20 1
e 4 58 1
e 5 6 1
e 5 7 1
e 5 12 1
e 5 13 1
e 6 11 1
e 6 16 1
e 6 25 1
e 7 10 1
e 7 26 1
e 8 9 1
e 8 11 1
e 8 19 1
e 8 27 1
e 9 15 1
e 9 17 1
e 10 14 1
e 10 18 1
e 10 28 1
e 11 21 1
e 11 29 1
e 12 14 1
e 12 30 1
e 12 31 1
e 13 15 1
e 13 32 1
e 13 33 1
e 14 22 1
e 15 34 1
e 16 18 1
e 16 35 1
e 16 36 1
e 17 20 1
e 17 23 1
e 17 24 1
e 18 37 1
e 18 38 1
e 19 20 1
e 19 39 1
e 19 40 1
e 20 41 1
e 21 42 1
e 21 43 1
e 21 44 1
e 22 45 1
e 22 46 1
e 22 47 1
e 23 48 1
e 23 49 1
e 23 50 1
e 24 51 1
e 24 52 1
e 24 53 1
t # 12058
v 0 1
v 1 1
v 2 1
v 3 2
v 4 2
v 5 2
v 6 3
v 7 3
v 8 3
v 9 3
v 10 3
v 11 3
v 12 3
v 13 3
v 14 3
v 15 3
v 16 3
v 17 3
v 18 3
v 19 3
v 20 3
v 21 3
v 22 3
v 23 3
v 24 4
v 25 4
v 26 4
v 27 4
v 28 4
v 29 4
v 30 4
v 31 4
v 32 4
v 33 4
v 34 4
v 35 4
v 36 4
v 37 4
v 38 4
v 39 4
v 40 4
v 41 4
v 42 4
v 43 4
v 44 4
v 45 4
v 46 4
v 47 4
v 48 4
v 49 4
v 50 4
v 51 4
v 52 4
v 53 4
v 54 4
e 0 10 2
e 1 16 2
e 2 17 2
e 3 6 1
e 3 10 1
e 3 17 1
e 4 16 1
e 4 17 1
e 4 20 1
e 5 15 1
e 5 21 1
e 5 22 1
e 6 8 1
e 6 9 1
e 6 24 1
e 7 10 1
e 7 13 1
e 7 15 1
e 7 16 1
e 8 11 1
e 8 25 1
e 8 26 1
e 9 12 1
e 9 27 1
e 9 28 1
e 11 14 1
e 11 29 1
e 11 30 1
e 12 14 1
e 12 31 1
e 12 32 1
e 13 18 1
e 13 33 1
e 13 34 1
e 14 35 1
e 14 36 1
e 15 37 1
e 15 38 1
e 18 19 1
e 18 39 1
e 18 40 1
e 19 23 1
e 19 41 1
e 19 42 1
e 20 43 1
e 20 44 1
e 20 45 1
e 21 46 1
e 21 47 1
e 21 48 1
e 22 49 1
e 22 50 1
e 22 51 1
e 23 52 1
e 23 53 1
e 23 54 1
t # 12059
v 0 1
v 1 1
v 2 1
v 3 2
v 4 2
v 5 2
v 6 3
v 7 3
v 8 3
v 9 3
v 10 3
v 11 3
v 12 3
v 13 3
v 14 3
v 15 3
v 16 3
v 17 3
v 18 3
v 19 3
v 20 3
v 21 3
v 22 4
v 23 4
v 24 4
v 25 4
v 26 4
v 27 4
v 28 4
v 29 4
v 30 4
v 31 4
v 32 4
v 33 4
v 34 4
v 35 4
v 36 4
v 37 4
v 38 4
v 39 4
v 40 4
v 41 4
v 42 4
v 43 4
v 44 4
v 45 4
v 46 4
v 47 4
v 48 4
e 0 13 2
e 1 16 2
e 2 17 2
e 3 6 1
e 3 13 1
e 3 17 1
e 4 16 1
e 4 17 1
e 4 19 1
e 5 14 1
e 5 20 1
e 5 21 1
e 6 8 1
e 6 9 1
e 6 22 1
e 7 13 1
e 7 14 1
e 7 15 1
e 7 16 1
e 8 10 1
e 8 23 1
e 8 24 1
e 9 11 1
e 9 25 1
e 9 26 1
e 10 12 1
e 10 27 1
e 10 28 1
e 11 12 1
e 11 29 1
e 11 30 1
e 12 31 1
e 12 32 1
e 14 33 1
e 14 34 1
e 15 18 1
e 15 35 1
e 15 36 1
e 18 37 1
e 18 38 1
e 18 39 1
e 19 40 1
e 19 41 1
e 19 42 1
e 20 43 1
e 20 44 1
e 20 45 1
e 21 46 1
e 21 47 1
e 21 48 1
t # 12060
v 0 1
v 1 1
v 2 1
v 3 2
v 4 2
v 5 2
v 6 3
v 7 3
v 8 3
v 9 3
v 10 3
v 11 3
v 12 3
v 13 3
v 14 3
v 15 3
v 16 3
v 17 3
v 18 3
v 19 3
v 20 3
v 21 4
v 22 4
v 23 4
v 24 4
v 25 4
v 26 4
v 27 4
v 28 4
v 29 4
v 30 4
v 31 4
v 32 4
v 33 4
v 34 4
v 35 4
v 36 4
v 37 4
v 38 4
v 39 4
v 40 4
v 41 4
v 42 4
v 43 4
v 44 4
v 45 4
e 0 13 2
e 1 15 2
e 2 16 2
e 3 6 1
e 3 13 1
e 3 16 1
e 4 15 1
e 4 16 1
e 4 18 1
e 5 14 1
e 5 19 1
e 5 20 1
e 6 7 1
e 6 8 1
e 6 21 1
e 7 10 1
e 7 22 1
e 7 23 1
e 8 11 1
e 8 24 1
e 8 25 1
e 9 13 1
e 9 14 1
e 9 15 1
e 9 17 1
e 10 12 1
e 10 26 1
e 10 27 1
e 11 12 1
e 11 28 1
e 11 29 1
e 12 30 1
e 12 31 1
e 14 32 1
e 14 33 1
e 17 34 1
e 17 35 1
e 17 36 1
e 18 37 1
e 18 38 1
e 18 39 1
e 19 40 1
e 19 41 1
e 19 42 1
e 20 43 1
e 20 44 1
e 20 45 1
t # 12061
v 0 11
v 1 11
v 2 11
v 3 11
v 4 11
v 5 11
v 6 1
v 7 1
v 8 1
v 9 1
v 10 1
v 11 1
v 12 1
v 13 1
v 14 1
v 15 1
v 16 1
v 17 1
v 18 3
v 19 3
v 20 3
v 21 3
v 22 3
v 23 3
v 24 3
v 25 3
v 26 3
v 27 3
v 28 3
v 29 3
v 30 3
v 31 3
v 32 3
v 33 3
v 34 3
v 35 3
v 36 3
v 37 3
v 38 3
v 39 3
v 40 3
v 41 3
v 42 3
v 43 3
v 44 3
v 45 3
v 46 3
v 47 3
v 48 3
v 49 3
v 50 3
v 51 3
v 52 3
v 53 3
v 54 3
v 55 3
v 56 3
v 57 3
v 58 3
v 59 3
v 60 3
v 61 3
v 62 3
v 63 3
v 64 3
v 65 3
v 66 3
v 67 3
v 68 3
v 69 3
v 70 3
v 71 3
v 72 3
v 73 3
v 74 3
v 75 3
v 76 3
v 77 3
v 78 3
v 79 3
v 80 3
v 81 3
v 82 3
v 83 3
v 84 4
v 85 4
v 86 4
v 87 4
v 88 4
v 89 4
v 90 4
v 91 4
v 92 4
v 93 4
v 94 4
v 95 4
v 96 4
v 97 4
v 98 4
v 99 4
v 100 4
v 101 4
v 102 4
v 103 4
v 104 4
v 105 4
v 106 4
v 107 4
v 108 4
v 109 4
v 110 4
v 111 4
v 112 4
v 113 4
v 114 4
v 115 4
v 116 4
v 117 4
v 118 4
v 119 4
v 120 4
v 121 4
v 122 4
v 123 4
v 124 4
v 125 4
v 126 4
v 127 4
v 128 4
v 129 4
v 130 4
v 131 4
v 132 4
v 133 4
v 134 4
v 135 4
v 136 4
v 137 4
v 138 4
v 139 4
v 140 4
v 141 4
v 142 4
v 143 4
v 144 4
v 145 4
v 146 4
v 147 4
v 148 4
v 149 4
v 150 4
v 151 4
v 152 4
v 153 4
v 154 4
v 155 4
v 156 4
v 157 4
v 158 4
v 159 4
v 160 4
v 161 4
e 0 24 1
e 0 30 1
e 1 25 1
e 1 31 1
e 2 26 1
e 2 32 1
e 3 27 1
e 3 33 1
e 4 28 1
e 4 34 1
e 5 29 1
e 5 35 1
e 6 54 1
e 6 72 1
e 7 55 1
e 7 73 1
e 8 56 1
e 8 74 1
e 9 57 1
e 9 75 1
e 10 58 1
e 10 76 1
e 11 59 1
e 11 77 1
e 12 66 1
e 12 78 1
e 13 67 1
e 13 79 1
e 14 68 1
e 14 80 1
e 15 69 1
e 15 81 1
e 16 70 1
e 16 82 1
e 17 71 1
e 17 83 1
e 18 19 2
e 18 20 1
e 18 24 1
e 19 21 1
e 19 25 1
e 20 22 2
e 20 26 1
e 21 23 2
e 21 27 1
e 22 23 1
e 22 28 1
e 23 29 1
e 24 84 1
e 24 85 1
e 25 86 1
e 25 87 1
e 26 88 1
e 26 89 1
e 27 90 1
e 27 91 1
e 28 92 1
e 28 93 1
e 29 94 1
e 29 95 1
e 30 36 1
e 30 96 1
e 30 97 1
e 31 37 1
e 31 98 1
e 31 99 1
e 32 38 1
e 32 100 1
e 32 101 1
e 33 39 1
e 33 102 1
e 33 103 1
e 34 40 1
e 34 104 1
e 34 105 1
e 35 41 1
e 35 106 1
e 35 107 1
e 36 42 2
e 36 48 1
e 37 43 2
e 37 49 1
e 38 44 2
e 38 50 1
e 39 45 2
e 39 51 1
e 40 46 2
e 40 52 1
e 41 47 2
e 41 53 1
e 42 54 1
e 42 108 1
e 43 55 1
e 43 109 1
e 44 56 1
e 44 110 1
e 45 57 1
e 45 111 1
e 46 58 1
e 46 112 1
e 47 59 1
e 47 113 1
e 48 60 2
e 48 114 1
e 49 61 2
e 49 115 1
e 50 62 2
e 50 116 1
e 51 63 2
e 51 117 1
e 52 64 2
e 52 118 1
e 53 65 2
e 53 119 1
e 54 66 2
e 55 67 2
e 56 68 2
e 57 69 2
e 58 70 2
e 59 71 2
e 60 66 1
e 60 120 1
e 61 67 1
e 61 121 1
e 62 68 1
e 62 122 1
e 63 69 1
e 63 123 1
e 64 70 1
e 64 124 1
e 65 71 1
e 65 125 1
e 72 126 1
e 72 127 1
e 72 128 1
e 73 129 1
e 73 130 1
e 73 131 1
e 74 132 1
e 74 133 1
e 74 134 1
e 75 135 1
e 75 136 1
e 75 137 1
e 76 138 1
e 76 139 1
e 76 140 1
e 77 141 1
e 77 142 1
e 77 143 1
e 78 144 1
e 78 145 1
e 78 146 1
e 79 147 1
e 79 148 1
e 79 149 1
e 80 150 1
e 80 151 1
e 80 152 1
e 81 153 1
e 81 154 1
e 81 155 1
e 82 156 1
e 82 157 1
e 82 158 1
e 83 159 1
e 83 160 1
e 83 161 1
t # 12062
v 0 11
v 1 11
v 2 11
v 3 11
v 4 11
v 5 11
v 6 3
v 7 3
v 8 3
v 9 3
v 10 3
v 11 3
v 12 3
v 13 3
v 14 3
v 15 3
v 16 3
v 17 3
v 18 3
v 19 3
v 20 3
v 21 3
v 22 3
v 23 3
v 24 3
v 25 3
v 26 3
v 27 3
v 28 3
v 29 3
v 30 3
v 31 3
v 32 3
v 33 3
v 34 3
v 35 3
v 36 3
v 37 3
v 38 3
v 39 3
v 40 3
v 41 3
v 42 3
v 43 3
v 44 3
v 45 3
v 46 3
v 47 3
v 48 3
v 49 3
v 50 3
v 51 3
v 52 3
v 53 3
v 54 3
v 55 3
v 56 3
v 57 3
v 58 3
v 59 3
v 60 3
v 61 3
v 62 3
v 63 3
v 64 3
v 65 3
v 66 3
v 67 3
v 68 3
v 69 3
v 70 3
v 71 3
v 72 4
v 73 4
v 74 4
v 75 4
v 76 4
v 77 4
v 78 4
v 79 4
v 80 4
v 81 4
v 82 4
v 83 4
v 84 4
v 85 4
v 86 4
v 87 4
v 88 4
v 89 4
v 90 4
v 91 4
v 92 4
v 93 4
v 94 4
v 95 4
v 96 4
v 97 4
v 98 4
v 99 4
v 100 4
v 101 4
v 102 4
v 103 4
v 104 4
v 105 4
v 106 4
v 107 4
v 108 4
v 109 4
v 110 4
v 111 4
v 112 4
v 113 4
v 114 4
v 115 4
v 116 4
v 117 4
v 118 4
v 119 4
v 120 4
v 121 4
v 122 4
v 123 4
v 124 4
v 125 4
v 126 4
v 127 4
v 128 4
v 129 4
v 130 4
v 131 4
v 132 4
v 133 4
v 134 4
v 135 4
v 136 4
v 137 4
v 138 4
v 139 4
v 140 4
v 141 4
v 142 4
v 143 4
v 144 4
v 145 4
v 146 4
v 147 4
v 148 4
v 149 4
e 0 12 1
e 0 18 1
e 1 13 1
e 1 19 1
e 2 14 1
e 2 20 1
e 3 15 1
e 3 21 1
e 4 16 1
e 4 22 1
e 5 17 1
e 5 23 1
e 6 7 2
e 6 8 1
e 6 12 1
e 7 9 1
e 7 13 1
e 8 10 2
e 8 14 1
e 9 11 2
e 9 15 1
e 10 11 1
e 10 16 1
e 11 17 1
e 12 72 1
e 12 73 1
e 13 74 1
e 13 75 1
e 14 76 1
e 14 77 1
e 15 78 1
e 15 79 1
e 16 80 1
e 16 81 1
e 17 82 1
e 17 83 1
e 18 24 1
e 18 84 1
e 18 85 1
e 19 25 1
e 19 86 1
e 19 87 1
e 20 26 1
e 20 88 1
e 20 89 1
e 21 27 1
e 21 90 1
e 21 91 1
e 22 28 1
e 22 92 1
e 22 93 1
e 23 29 1
e 23 94 1
e 23 95 1
e 24 30 2
e 24 36 1
e 25 31 2
e 25 37 1
e 26 32 2
e 26 38 1
e 27 33 2
e 27 39 1
e 28 34 2
e 28 40 1
e 29 35 2
e 29 41 1
e 30 42 1
e 30 96 1
e 31 43 1
e 31 97 1
e 32 44 1
e 32 98 1
e 33 45 1
e 33 99 1
e 34 46 1
e 34 100 1
e 35 47 1
e 35 101 1
e 36 48 2
e 36 102 1
e 37 49 2
e 37 103 1
e 38 50 2
e 38 104 1
e 39 51 2
e 39 105 1
e 40 52 2
e 40 106 1
e 41 53 2
e 41 107 1
e 42 54 2
e 42 60 1
e 43 55 2
e 43 61 1
e 44 56 2
e 44 62 1
e 45 57 2
e 45 63 1
e 46 58 2
e 46 64 1
e 47 59 2
e 47 65 1
e 48 54 1
e 48 66 1
e 49 55 1
e 49 67 1
e 50 56 1
e 50 68 1
e 51 57 1
e 51 69 1
e 52 58 1
e 52 70 1
e 53 59 1
e 53 71 1
e 54 108 1
e 55 109 1
e 56 110 1
e 57 111 1
e 58 112 1
e 59 113 1
e 60 114 1
e 60 115 1
e 60 116 1
e 61 117 1
e 61 118 1
e 61 119 1
e 62 120 1
e 62 121 1
e 62 122 1
e 63 123 1
e 63 124 1
e 63 125 1
e 64 126 1
e 64 127 1
e 64 128 1
e 65 129 1
e 65 130 1
e 65 131 1
e 66 132 1
e 66 133 1
e 66 134 1
e 67 135 1
e 67 136 1
e 67 137 1
e 68 138 1
e 68 139 1
e 68 140 1
e 69 141 1
e 69 142 1
e 69 143 1
e 70 144 1
e 70 145 1
e 70 146 1
e 71 147 1
e 71 148 1
e 71 149 1
t # 12063
v 0 22
v 1 1
v 2 1
v 3 1
v 4 1
v 5 1
v 6 1
v 7 1
v 8 1
v 9 3
v 10 3
v 11 3
v 12 3
v 13 3
v 14 3
v 15 3
v 16 3
v 17 3
v 18 3
v 19 3
v 20 3
v 21 3
v 22 3
v 23 3
v 24 3
v 25 3
v 26 3
v 27 3
v 28 3
v 29 3
v 30 3
v 31 3
v 32 3
v 33 3
v 34 3
v 35 3
v 36 3
v 37 3
v 38 3
v 39 3
v 40 3
v 41 3
v 42 3
v 43 3
v 44 3
v 45 3
v 46 3
v 47 3
v 48 3
v 49 3
v 50 3
v 51 3
v 52 3
v 53 4
v 54 4
v 55 4
v 56 4
v 57 4
v 58 4
v 59 4
v 60 4
v 61 4
v 62 4
v 63 4
v 64 4
v 65 4
v 66 4
v 67 4
v 68 4
v 69 4
v 70 4
v 71 4
v 72 4
v 73 4
v 74 4
v 75 4
v 76 4
v 77 4
v 78 4
v 79 4
v 80 4
v 81 4
v 82 4
v 83 4
v 84 4
v 85 4
v 86 4
v 87 4
v 88 4
v 89 4
v 90 4
v 91 4
v 92 4
v 93 4
v 94 4
v 95 4
v 96 4
v 97 4
v 98 4
v 99 4
v 100 4
v 101 4
v 102 4
v 103 4
v 104 4
v 105 4
v 106 4
v 107 4
v 108 4
v 109 4
v 110 4
v 111 4
v 112 4
v 113 4
v 114 4
v 115 4
v 116 4
v 117 4
v 118 4
v 119 4
v 120 4
v 121 4
v 122 4
v 123 4
v 124 4
v 125 4
v 126 4
v 127 4
v 128 4
v 129 4
v 130 4
v 131 4
v 132 4
e 1 9 2
e 2 10 2
e 3 11 2
e 4 12 2
e 5 13 2
e 6 14 2
e 7 15 2
e 8 16 2
e 9 17 1
e 9 21 1
e 10 18 1
e 10 22 1
e 11 19 1
e 11 23 1
e 12 20 1
e 12 24 1
e 13 20 1
e 13 25 1
e 14 19 1
e 14 26 1
e 15 18 1
e 15 27 1
e 16 17 1
e 16 28 1
e 17 53 1
e 17 54 1
e 18 55 1
e 18 56 1
e 19 57 1
e 19 58 1
e 20 59 1
e 20 60 1
e 21 29 1
e 21 30 1
e 21 31 1
e 22 32 1
e 22 33 1
e 22 34 1
e 23 35 1
e 23 36 1
e 23 37 1
e 24 38 1
e 24 39 1
e 24 40 1
e 25 41 1
e 25 61 1
e 25 62 1
e 26 42 1
e 26 63 1
e 26 64 1
e 27 43 1
e 27 65 1
e 27 66 1
e 28 44 1
e 28 67 1
e 28 68 1
e 29 69 1
e 29 70 1
e 29 71 1
e 30 72 1
e 30 73 1
e 30 74 1
e 31 75 1
e 31 76 1
e 31 77 1
e 32 78 1
e 32 79 1
e 32 80 1
e 33 81 1
e 33 82 1
e 33 83 1
e 34 84 1
e 34 85 1
e 34 86 1
e 35 87 1
e 35 88 1
e 35 89 1
e 36 90 1
e 36 91 1
e 36 92 1
e 37 93 1
e 37 94 1
e 37 95 1
e 38 96 1
e 38 97 1
e 38 98 1
e 39 99 1
e 39 100 1
e 39 101 1
e 40 102 1
e 40 103 1
e 40 104 1
e 41 45 1
e 41 46 1
e 41 105 1
e 42 47 1
e 42 48 1
e 42 106 1
e 43 49 1
e 43 50 1
e 43 107 1
e 44 51 1
e 44 52 1
e 44 108 1
e 45 109 1
e 45 110 1
e 45 111 1
e 46 112 1
e 46 113 1
e 46 114 1
e 47 115 1
e 47 116 1
e 47 117 1
e 48 118 1
e 48 119 1
e 48 120 1
e 49 121 1
e 49 122 1
e 49 123 1
e 50 124 1
e 50 125 1
e 50 126 1
e 51 127 1
e 51 128 1
e 51 129 1
e 52 130 1
e 52 131 1
e 52 132 1
t # 12064
v 0 1
v 1 1
v 2 2
v 3 3
v 4 3
v 5 3
v 6 3
v 7 3
v 8 3
v 9 3
v 10 3
v 11 3
v 12 3
v 13 3
v 14 3
v 15 3
v 16 3
v 17 4
v 18 4
v 19 4
v 20 4
v 21 4
v 22 4
v 23 4
v 24 4
v 25 4
v 26 4
v 27 4
v 28 4
v 29 4
v 30 4
v 31 4
v 32 4
v 33 4
v 34 4
v 35 4
v 36 4
e 0 7 1
e 0 8 1
e 1 10 2
e 2 3 1
e 2 4 1
e 2 5 1
e 2 6 1
e 3 7 1
e 3 17 1
e 3 18 1
e 4 8 1
e 4 19 1
e 4 20 1
e 5 9 1
e 5 21 1
e 5 22 1
e 6 23 1
e 6 24 1
e 6 25 1
e 7 26 1
e 7 27 1
e 8 28 1
e 8 29 1
e 9 10 1
e 9 30 1
e 9 31 1
e 10 11 1
e 11 12 2
e 11 13 1
e 12 14 1
e 12 32 1
e 13 15 2
e 13 33 1
e 14 16 2
e 14 34 1
e 15 16 1
e 15 35 1
e 16 36 1
t # 12065
v 0 12
v 1 1
v 2 2
v 3 2
v 4 2
v 5 3
v 6 3
v 7 3
v 8 3
v 9 3
v 10 3
v 11 3
v 12 3
v 13 3
v 14 3
v 15 3
v 16 3
v 17 3
v 18 3
v 19 3
v 20 3
v 21 4
v 22 4
v 23 4
v 24 4
v 25 4
v 26 4
v 27 4
v 28 4
v 29 4
v 30 4
v 31 4
v 32 4
v 33 4
v 34 4
v 35 4
v 36 4
e 0 14 1
e 1 7 1
e 1 8 1
e 2 5 1
e 2 6 1
e 2 9 1
e 3 12 2
e 3 13 1
e 4 14 2
e 4 15 1
e 5 7 1
e 5 21 1
e 5 22 1
e 6 8 1
e 6 23 1
e 6 24 1
e 7 25 1
e 7 26 1
e 8 27 1
e 8 28 1
e 9 10 2
e 9 11 1
e 10 12 1
e 10 29 1
e 11 13 2
e 11 30 1
e 12 14 1
e 13 31 1
e 15 16 2
e 15 17 1
e 16 18 1
e 16 32 1
e 17 19 2
e 17 33 1
e 18 20 2
e 18 34 1
e 19 20 1
e 19 35 1
e 20 36 1
t # 12066
v 0 12
v 1 1
v 2 1
v 3 2
v 4 2
v 5 2
v 6 3
v 7 3
v 8 3
v 9 3
v 10 3
v 11 3
v 12 3
v 13 3
v 14 3
v 15 3
v 16 3
v 17 3
v 18 4
v 19 4
v 20 4
v 21 4
v 22 4
v 23 4
v 24 4
v 25 4
e 0 13 1
e 3 6 1
e 3 13 2
e 4 7 1
e 5 12 1
e 5 17 2
e 6 8 2
e 6 9 1
e 7 10 2
e 7 11 1
e 8 10 1
e 8 18 1
e 9 11 2
e 9 19 1
e 10 20 1
e 11 21 1
e 12 13 1
e 12 14 2
e 14 15 1
e 14 22 1
e 15 16 2
e 15 23 1
e 16 17 1
e 16 24 1
e 17 25 1
t # 12067
v 0 12
v 1 2
v 2 2
v 3 3
v 4 3
v 5 3
v 6 3
v 7 3
v 8 3
v 9 3
v 10 3
v 11 3
v 12 3
v 13 3
v 14 3
v 15 4
v 16 4
v 17 4
v 18 4
v 19 4
v 20 4
v 21 4
v 22 4
v 23 4
e 0 8 1
e 1 3 1
e 1 8 2
e 2 4 1
e 2 14 2
e 3 5 2
e 3 6 1
e 4 7 2
e 4 8 1
e 5 9 1
e 5 15 1
e 6 10 2
e 6 16 1
e 7 12 1
e 7 17 1
e 9 11 2
e 9 18 1
e 10 11 1
e 10 19 1
e 11 20 1
e 12 13 2
e 12 21 1
e 13 14 1
e 13 22 1
e 14 23 1
t # 12068
v 0 14
v 1 1
v 2 1
v 3 2
v 4 2
v 5 3
v 6 3
v 7 3
v 8 3
v 9 3
v 10 3
v 11 3
v 12 3
v 13 3
v 14 3
v 15 3
v 16 3
v 17 3
v 18 3
v 19 3
v 20 3
v 21 3
v 22 3
v 23 3
v 24 3
v 25 3
v 26 3
v 27 3
v 28 3
v 29 3
v 30 3
v 31 3
v 32 3
v 33 3
v 34 3
v 35 4
v 36 4
v 37 4
v 38 4
v 39 4
v 40 4
v 41 4
v 42 4
v 43 4
v 44 4
v 45 4
v 46 4
v 47 4
v 48 4
v 49 4
v 50 4
v 51 4
v 52 4
v 53 4
v 54 4
v 55 4
v 56 4
v 57 4
v 58 4
v 59 4
v 60 4
v 61 4
v 62 4
v 63 4
v 64 4
v 65 4
v 66 4
v 67 4
v 68 4
v 69 4
v 70 4
v 71 4
v 72 4
v 73 4
e 1 25 2
e 2 26 2
e 3 25 1
e 3 27 1
e 3 29 1
e 4 26 1
e 4 28 1
e 4 65 1
e 5 13 1
e 5 14 1
e 5 15 1
e 5 25 1
e 6 16 1
e 6 17 1
e 6 18 1
e 6 26 1
e 7 13 1
e 7 19 1
e 7 20 1
e 7 35 1
e 8 14 1
e 8 19 1
e 8 21 1
e 8 36 1
e 9 15 1
e 9 20 1
e 9 21 1
e 9 37 1
e 10 16 1
e 10 22 1
e 10 23 1
e 10 38 1
e 11 17 1
e 11 22 1
e 11 24 1
e 11 39 1
e 12 18 1
e 12 23 1
e 12 24 1
e 12 40 1
e 13 41 1
e 13 42 1
e 14 43 1
e 14 44 1
e 15 45 1
e 15 46 1
e 16 47 1
e 16 48 1
e 17 49 1
e 17 50 1
e 18 51 1
e 18 52 1
e 19 53 1
e 19 54 1
e 20 55 1
e 20 56 1
e 21 57 1
e 21 58 1
e 22 59 1
e 22 60 1
e 23 61 1
e 23 62 1
e 24 63 1
e 24 64 1
e 27 28 1
e 27 66 1
e 27 67 1
e 28 68 1
e 28 69 1
e 29 30 2
e 29 31 1
e 30 32 1
e 30 70 1
e 31 33 2
e 31 71 1
e 32 34 2
e 32 72 1
e 33 34 1
e 33 73 1
t # 12069
v 0 11
v 1 1
v 2 1
v 3 1
v 4 2
v 5 2
v 6 2
v 7 3
v 8 3
v 9 3
v 10 3
v 11 3
v 12 3
v 13 3
v 14 3
v 15 3
v 16 3
v 17 3
v 18 3
v 19 3
v 20 3
v 21 4
v 22 4
v 23 4
v 24 4
v 25 4
v 26 4
v 27 4
v 28 4
v 29 4
v 30 4
v 31 4
v 32 4
v 33 4
v 34 4
v 35 4
e 0 12 1
e 0 15 1
e 1 7 1
e 1 10 1
e 4 11 1
e 4 12 1
e 4 30 1
e 5 12 2
e 5 13 1
e 6 20 1
e 7 8 1
e 7 11 1
e 7 21 1
e 8 9 1
e 8 22 1
e 8 23 1
e 9 10 1
e 9 24 1
e 9 25 1
e 10 26 1
e 10 27 1
e 11 28 1
e 11 29 1
e 13 14 1
e 13 15 2
e 14 16 2
e 14 17 1
e 15 31 1
e 16 18 1
e 16 32 1
e 17 19 2
e 17 33 1
e 18 20 2
e 18 34 1
e 19 20 1
e 19 35 1
t # 12070
v 0 18
v 1 12
v 2 11
v 3 2
v 4 2
v 5 3
v 6 3
v 7 3
v 8 3
v 9 3
v 10 3
v 11 3
v 12 3
v 13 3
v 14 3
v 15 3
v 16 3
v 17 3
v 18 3
v 19 3
v 20 3
v 21 3
v 22 4
v 23 4
v 24 4
v 25 4
v 26 4
v 27 4
v 28 4
v 29 4
v 30 4
v 31 4
v 32 4
v 33 4
v 34 4
v 35 4
e 1 19 1
e 2 7 1
e 2 8 1
e 3 5 1
e 3 7 1
e 3 9 1
e 4 7 2
e 4 10 1
e 5 6 1
e 5 8 2
e 6 12 2
e 6 13 1
e 8 22 1
e 9 23 1
e 9 24 1
e 9 25 1
e 10 11 2
e 10 14 1
e 11 15 1
e 11 18 1
e 12 16 1
e 12 26 1
e 13 17 2
e 13 27 1
e 14 20 2
e 14 28 1
e 15 21 2
e 15 29 1
e 16 19 2
e 16 30 1
e 17 19 1
e 17 31 1
e 18 32 1
e 18 33 1
e 18 34 1
e 20 21 1
e 20 35 1
t # 12071
v 0 12
v 1 12
v 2 11
v 3 1
v 4 1
v 5 1
v 6 1
v 7 2
v 8 3
v 9 3
v 10 3
v 11 3
v 12 3
v 13 3
v 14 3
v 15 3
v 16 3
v 17 3
v 18 3
v 19 3
v 20 3
v 21 4
v 22 4
v 23 4
v 24 4
v 25 4
v 26 4
v 27 4
v 28 4
v 29 4
v 30 4
v 31 4
v 32 4
e 0 20 1
e 2 9 1
e 2 11 1
e 3 30 1
e 4 31 1
e 5 32 1
e 7 8 1
e 7 9 1
e 7 12 2
e 8 10 1
e 8 11 2
e 9 13 2
e 10 14 2
e 10 15 1
e 11 21 1
e 12 16 1
e 12 22 1
e 13 17 1
e 13 23 1
e 14 18 1
e 14 24 1
e 15 19 2
e 15 25 1
e 16 17 2
e 16 26 1
e 17 27 1
e 18 20 2
e 18 28 1
e 19 20 1
e 19 29 1
t # 12072
v 0 11
v 1 2
v 2 2
v 3 2
v 4 3
v 5 3
v 6 3
v 7 3
v 8 3
v 9 3
v 10 3
v 11 3
v 12 3
v 13 3
v 14 3
v 15 4
v 16 4
v 17 4
v 18 4
v 19 4
v 20 4
v 21 4
v 22 4
v 23 4
v 24 4
v 25 4
v 26 4
v 27 4
e 0 5 1
e 0 7 1
e 1 4 1
e 1 5 1
e 1 8 1
e 2 5 2
e 2 6 1
e 3 12 1
e 3 14 2
e 4 7 2
e 4 9 1
e 6 10 1
e 6 15 1
e 6 16 1
e 7 17 1
e 8 18 1
e 8 19 1
e 8 20 1
e 9 21 1
e 9 22 1
e 9 23 1
e 10 11 1
e 10 12 2
e 11 13 2
e 11 24 1
e 12 25 1
e 13 14 1
e 13 26 1
e 14 27 1
t # 12073
v 0 11
v 1 1
v 2 2
v 3 2
v 4 3
v 5 3
v 6 3
v 7 3
v 8 3
v 9 3
v 10 3
v 11 3
v 12 3
v 13 3
v 14 3
v 15 3
v 16 4
v 17 4
v 18 4
v 19 4
v 20 4
v 21 4
v 22 4
v 23 4
v 24 4
v 25 4
v 26 4
v 27 4
v 28 4
v 29 4
e 0 5 1
e 0 6 1
e 1 10 1
e 1 15 1
e 2 4 1
e 2 5 1
e 2 7 1
e 3 5 2
e 3 8 1
e 4 6 2
e 4 9 1
e 6 16 1
e 7 17 1
e 7 18 1
e 7 19 1
e 8 10 1
e 8 11 2
e 9 20 1
e 9 21 1
e 9 22 1
e 10 12 2
e 11 13 1
e 11 23 1
e 12 14 1
e 12 24 1
e 13 14 2
e 13 25 1
e 14 26 1
e 15 27 1
e 15 28 1
e 15 29 1
t # 12074
v 0 12
v 1 11
v 2 2
v 3 2
v 4 2
v 5 3
v 6 3
v 7 3
v 8 3
v 9 3
v 10 3
v 11 3
v 12 3
v 13 3
v 14 3
v 15 3
v 16 3
v 17 4
v 18 4
v 19 4
v 20 4
v 21 4
v 22 4
v 23 4
v 24 4
v 25 4
v 26 4
v 27 4
v 28 4
v 29 4
v 30 4
v 31 4
e 0 16 1
e 1 9 1
e 1 10 1
e 2 3 1
e 2 5 1
e 2 6 1
e 2 7 1
e 3 25 1
e 3 26 1
e 4 8 1
e 4 10 2
e 5 8 1
e 5 17 1
e 5 18 1
e 6 19 1
e 6 20 1
e 6 21 1
e 7 22 1
e 7 23 1
e 7 24 1
e 8 9 2
e 9 27 1
e 10 11 1
e 11 12 2
e 11 13 1
e 12 14 1
e 12 28 1
e 13 15 2
e 13 29 1
e 14 16 2
e 14 30 1
e 15 16 1
e 15 31 1
t # 12075
v 0 12
v 1 12
v 2 11
v 3 1
v 4 2
v 5 2
v 6 2
v 7 3
v 8 3
v 9 3
v 10 3
v 11 3
v 12 3
v 13 3
v 14 3
v 15 3
v 16 3
v 17 3
v 18 3
v 19 3
v 20 3
v 21 3
v 22 3
v 23 4
v 24 4
v 25 4
v 26 4
v 27 4
v 28 4
v 29 4
v 30 4
v 31 4
v 32 4
v 33 4
e 0 17 1
e 1 19 1
e 2 9 1
e 2 13 1
e 3 14 2
e 4 8 1
e 4 9 2
e 5 6 1
e 5 9 1
e 5 26 1
e 6 14 1
e 6 29 1
e 7 8 1
e 7 10 2
e 7 11 1
e 8 13 2
e 10 15 1
e 10 23 1
e 11 16 2
e 11 24 1
e 12 14 1
e 12 17 1
e 12 18 2
e 13 25 1
e 15 19 2
e 15 27 1
e 16 19 1
e 16 28 1
e 17 20 2
e 18 21 1
e 18 30 1
e 20 22 1
e 20 31 1
e 21 22 2
e 21 32 1
e 22 33 1
t # 12076
v 0 12
v 1 12
v 2 11
v 3 1
v 4 2
v 5 2
v 6 2
v 7 3
v 8 3
v 9 3
v 10 3
v 11 3
v 12 3
v 13 3
v 14 3
v 15 3
v 16 3
v 17 3
v 18 4
v 19 4
v 20 4
v 21 4
v 22 4
v 23 4
v 24 4
v 25 4
v 26 4
e 0 11 1
e 1 16 1
e 2 8 1
e 2 13 1
e 3 9 2
e 4 5 1
e 4 8 1
e 4 18 1
e 5 9 1
e 5 20 1
e 6 8 2
e 6 10 1
e 7 9 1
e 7 11 1
e 7 12 2
e 10 13 2
e 10 16 1
e 11 14 2
e 12 15 1
e 12 19 1
e 13 21 1
e 14 17 1
e 14 22 1
e 15 17 2
e 15 23 1
e 16 24 1
e 16 25 1
e 17 26 1
t # 12077
v 0 12
v 1 11
v 2 1
v 3 2
v 4 2
v 5 3
v 6 3
v 7 3
v 8 3
v 9 3
v 10 3
v 11 3
v 12 3
v 13 3
v 14 3
v 15 3
v 16 3
v 17 3
v 18 3
v 19 3
v 20 4
v 21 4
v 22 4
v 23 4
v 24 4
v 25 4
v 26 4
v 27 4
v 28 4
v 29 4
v 30 4
v 31 4
v 32 4
v 33 4
v 34 4
v 35 4
v 36 4
v 37 4
e 0 19 1
e 1 12 1
e 1 13 1
e 2 9 1
e 2 10 1
e 3 5 1
e 3 6 1
e 3 7 1
e 3 8 1
e 4 11 1
e 4 13 2
e 5 9 1
e 5 20 1
e 5 21 1
e 6 10 1
e 6 22 1
e 6 23 1
e 7 11 1
e 7 24 1
e 7 25 1
e 8 26 1
e 8 27 1
e 8 28 1
e 9 29 1
e 9 30 1
e 10 31 1
e 10 32 1
e 11 12 2
e 12 33 1
e 13 14 1
e 14 15 2
e 14 16 1
e 15 17 1
e 15 34 1
e 16 18 2
e 16 35 1
e 17 19 2
e 17 36 1
e 18 19 1
e 18 37 1
t # 12078
v 0 12
v 1 11
v 2 2
v 3 2
v 4 3
v 5 3
v 6 3
v 7 3
v 8 3
v 9 3
v 10 3
v 11 3
v 12 3
v 13 3
v 14 3
v 15 3
v 16 3
v 17 3
v 18 3
v 19 4
v 20 4
v 21 4
v 22 4
v 23 4
v 24 4
v 25 4
v 26 4
v 27 4
v 28 4
v 29 4
v 30 4
v 31 4
v 32 4
v 33 4
v 34 4
v 35 4
v 36 4
e 0 18 1
e 1 11 1
e 1 12 1
e 2 4 1
e 2 5 1
e 2 8 1
e 2 9 1
e 3 10 1
e 3 12 2
e 4 6 1
e 4 19 1
e 4 20 1
e 5 7 1
e 5 21 1
e 5 22 1
e 6 7 1
e 6 23 1
e 6 24 1
e 7 25 1
e 7 26 1
e 8 10 1
e 8 27 1
e 8 28 1
e 9 29 1
e 9 30 1
e 9 31 1
e 10 11 2
e 11 32 1
e 12 13 1
e 13 14 2
e 13 15 1
e 14 16 1
e 14 33 1
e 15 17 2
e 15 34 1
e 16 18 2
e 16 35 1
e 17 18 1
e 17 36 1
t # 12079
v 0 1
v 1 1
v 2 1
v 3 1
v 4 2
v 5 2
v 6 2
v 7 2
v 8 3
v 9 3
v 10 3
v 11 3
v 12 3
v 13 3
v 14 3
v 15 3
v 16 3
v 17 3
v 18 3
v 19 3
v 20 3
v 21 3
v 22 4
v 23 4
v 24 4
v 25 4
v 26 4
v 27 4
v 28 4
v 29 4
v 30 4
v 31 4
v 32 4
v 33 4
v 34 4
v 35 4
v 36 4
v 37 4
e 0 16 1
e 0 18 1
e 1 17 1
e 1 19 1
e 2 16 2
e 3 17 2
e 4 8 1
e 4 14 1
e 4 25 1
e 5 7 1
e 5 9 2
e 6 7 1
e 6 10 2
e 7 27 1
e 8 11 2
e 8 12 1
e 9 10 1
e 9 11 1
e 10 13 1
e 11 22 1
e 12 13 2
e 12 23 1
e 13 24 1
e 14 15 2
e 14 26 1
e 15 16 1
e 15 17 1
e 18 20 1
e 18 28 1
e 18 29 1
e 19 21 1
e 19 30 1
e 19 31 1
e 20 32 1
e 20 33 1
e 20 34 1
e 21 35 1
e 21 36 1
e 21 37 1
t # 12080
v 0 12
v 1 12
v 2 8
v 3 1
v 4 1
v 5 2
v 6 2
v 7 3
v 8 3
v 9 3
v 10 3
v 11 3
v 12 3
v 13 3
v 14 3
v 15 3
v 16 3
v 17 3
v 18 3
v 19 3
v 20 3
v 21 3
v 22 4
v 23 4
v 24 4
v 25 4
v 26 4
v 27 4
v 28 4
v 29 4
v 30 4
v 31 4
v 32 4
v 33 4
v 34 4
v 35 4
v 36 4
v 37 4
v 38 4
v 39 4
v 40 4
v 41 4
v 42 4
v 43 4
v 44 4
v 45 4
v 46 4
e 0 20 1
e 1 21 1
e 3 9 1
e 5 17 1
e 5 38 1
e 6 18 1
e 6 19 1
e 7 9 1
e 7 12 1
e 7 13 1
e 7 17 1
e 8 9 1
e 8 14 1
e 8 15 1
e 8 22 1
e 9 23 1
e 10 12 1
e 10 14 1
e 10 16 1
e 10 24 1
e 11 13 1
e 11 15 1
e 11 16 1
e 11 25 1
e 12 26 1
e 12 27 1
e 13 28 1
e 13 29 1
e 14 30 1
e 14 31 1
e 15 32 1
e 15 33 1
e 16 34 1
e 16 35 1
e 17 36 1
e 17 37 1
e 18 20 1
e 18 39 1
e 18 40 1
e 19 21 1
e 19 41 1
e 19 42 1
e 20 43 1
e 20 44 1
e 21 45 1
e 21 46 1
t # 12081
v 0 0
v 1 1
v 2 1
v 3 1
v 4 1
v 5 1
v 6 1
v 7 3
v 8 3
v 9 3
v 10 3
v 11 3
v 12 3
v 13 3
v 14 3
v 15 3
v 16 3
v 17 3
v 18 3
v 19 3
v 20 3
v 21 3
v 22 3
v 23 3
v 24 3
v 25 3
v 26 3
v 27 3
v 28 3
v 29 4
v 30 4
v 31 4
v 32 4
v 33 4
v 34 4
v 35 4
v 36 4
v 37 4
v 38 4
v 39 4
v 40 4
v 41 4
v 42 4
v 43 4
v 44 4
v 45 4
v 46 4
v 47 4
v 48 4
v 49 4
v 50 4
v 51 4
v 52 4
v 53 4
v 54 4
v 55 4
v 56 4
e 1 9 1
e 1 29 1
e 2 12 1
e 2 30 1
e 3 17 1
e 3 31 1
e 4 26 2
e 5 26 1
e 5 56 1
e 6 17 2
e 7 10 1
e 7 19 1
e 7 20 1
e 7 21 1
e 8 11 1
e 8 22 1
e 8 23 1
e 8 24 1
e 9 13 2
e 9 15 1
e 10 15 2
e 10 18 1
e 11 16 2
e 11 25 1
e 12 14 2
e 12 16 1
e 13 17 1
e 13 27 1
e 14 26 1
e 14 28 1
e 15 32 1
e 16 33 1
e 18 27 2
e 18 34 1
e 19 35 1
e 19 36 1
e 19 37 1
e 20 38 1
e 20 39 1
e 20 40 1
e 21 41 1
e 21 42 1
e 21 43 1
e 22 44 1
e 22 45 1
e 22 46 1
e 23 47 1
e 23 48 1
e 23 49 1
e 24 50 1
e 24 51 1
e 24 52 1
e 25 28 2
e 25 53 1
e 27 54 1
e 28 55 1
t # 12082
v 0 7
v 1 12
v 2 12
v 3 2
v 4 2
v 5 3
v 6 3
v 7 3
v 8 3
v 9 4
v 10 4
v 11 4
v 12 4
v 13 4
v 14 4
v 15 4
v 16 4
v 17 4
v 18 4
e 3 5 1
e 3 16 1
e 4 17 1
e 4 18 1
e 5 6 1
e 5 7 1
e 5 9 1
e 6 8 1
e 6 10 1
e 6 11 1
e 7 8 1
e 7 12 1
e 7 13 1
e 8 14 1
e 8 15 1
t # 12083
v 0 9
v 1 12
v 2 12
v 3 12
v 4 12
v 5 2
v 6 2
v 7 3
v 8 3
v 9 3
v 10 3
v 11 3
v 12 3
v 13 3
v 14 3
v 15 3
v 16 3
v 17 4
v 18 4
v 19 4
v 20 4
v 21 4
v 22 4
v 23 4
v 24 4
v 25 4
v 26 4
v 27 4
v 28 4
v 29 4
v 30 4
v 31 4
v 32 4
e 5 7 1
e 5 8 1
e 6 12 1
e 6 13 1
e 7 9 1
e 7 17 1
e 7 18 1
e 8 10 1
e 8 19 1
e 8 20 1
e 9 11 1
e 9 21 1
e 9 22 1
e 10 11 1
e 10 23 1
e 10 24 1
e 11 25 1
e 11 26 1
e 12 14 1
e 12 27 1
e 12 28 1
e 13 15 2
e 13 29 1
e 14 16 2
e 14 30 1
e 15 16 1
e 15 31 1
e 16 32 1
t # 12084
v 0 9
v 1 12
v 2 12
v 3 11
v 4 11
v 5 1
v 6 1
v 7 3
v 8 3
v 9 3
v 10 3
v 11 3
v 12 3
v 13 3
v 14 3
v 15 4
v 16 4
v 17 4
v 18 4
v 19 4
v 20 4
v 21 4
v 22 4
v 23 4
v 24 4
v 25 4
v 26 4
v 27 4
v 28 4
v 29 4
v 30 4
v 31 4
v 32 4
v 33 4
v 34 4
v 35 4
v 36 4
e 3 5 2
e 3 11 1
e 3 12 1
e 4 6 2
e 4 13 1
e 4 14 1
e 7 9 1
e 7 15 1
e 7 16 1
e 8 10 1
e 8 17 1
e 8 18 1
e 9 19 1
e 9 20 1
e 9 21 1
e 10 22 1
e 10 23 1
e 10 24 1
e 11 25 1
e 11 26 1
e 11 27 1
e 12 28 1
e 12 29 1
e 12 30 1
e 13 31 1
e 13 32 1
e 13 33 1
e 14 34 1
e 14 35 1
e 14 36 1
t # 12085
v 0 7
v 1 12
v 2 12
v 3 2
v 4 2
v 5 3
v 6 3
v 7 3
v 8 3
v 9 3
v 10 3
v 11 3
v 12 4
v 13 4
v 14 4
v 15 4
v 16 4
v 17 4
v 18 4
v 19 4
v 20 4
v 21 4
v 22 4
v 23 4
v 24 4
v 25 4
e 3 5 1
e 3 22 1
e 4 8 1
e 4 25 1
e 5 6 1
e 5 7 1
e 5 8 1
e 6 9 1
e 6 12 1
e 6 13 1
e 7 10 1
e 7 14 1
e 7 15 1
e 8 16 1
e 8 17 1
e 9 11 1
e 9 18 1
e 9 19 1
e 10 11 1
e 10 20 1
e 10 21 1
e 11 23 1
e 11 24 1
t # 12086
v 0 7
v 1 12
v 2 12
v 3 2
v 4 2
v 5 3
v 6 3
v 7 3
v 8 3
v 9 3
v 10 3
v 11 4
v 12 4
v 13 4
v 14 4
v 15 4
v 16 4
v 17 4
v 18 4
v 19 4
v 20 4
v 21 4
v 22 4
v 23 4
v 24 4
e 3 5 1
e 3 17 1
e 4 6 1
e 4 18 1
e 5 6 1
e 5 7 1
e 5 8 1
e 6 11 1
e 6 12 1
e 7 9 1
e 7 13 1
e 7 14 1
e 8 10 1
e 8 15 1
e 8 16 1
e 9 19 1
e 9 20 1
e 9 21 1
e 10 22 1
e 10 23 1
e 10 24 1
t # 12087
v 0 12
v 1 12
v 2 1
v 3 1
v 4 1
v 5 1
v 6 2
v 7 2
v 8 2
v 9 2
v 10 2
v 11 2
v 12 2
v 13 3
v 14 3
v 15 3
v 16 3
v 17 3
v 18 3
v 19 3
v 20 3
v 21 3
v 22 3
v 23 3
v 24 3
v 25 3
v 26 3
v 27 3
v 28 3
v 29 3
v 30 3
v 31 4
v 32 4
v 33 4
v 34 4
v 35 4
v 36 4
v 37 4
v 38 4
v 39 4
v 40 4
v 41 4
v 42 4
v 43 4
v 44 4
v 45 4
v 46 4
e 0 21 1
e 1 22 1
e 6 13 1
e 6 14 1
e 6 15 1
e 6 16 1
e 7 9 1
e 7 13 1
e 7 17 1
e 8 10 1
e 8 14 1
e 8 18 1
e 9 21 2
e 10 22 2
e 11 27 1
e 12 28 1
e 13 31 1
e 13 32 1
e 14 33 1
e 14 34 1
e 15 35 1
e 15 36 1
e 15 37 1
e 16 38 1
e 16 39 1
e 16 40 1
e 17 19 2
e 17 23 1
e 18 20 2
e 18 24 1
e 19 21 1
e 19 25 1
e 20 22 1
e 20 26 1
e 23 27 2
e 23 41 1
e 24 28 2
e 24 42 1
e 25 29 2
e 25 43 1
e 26 30 2
e 26 44 1
e 27 29 1
e 28 30 1
e 29 45 1
e 30 46 1
t # 12088
v 0 2
v 1 2
v 2 3
v 3 3
v 4 3
v 5 3
v 6 3
v 7 3
v 8 3
v 9 3
v 10 3
v 11 3
v 12 3
v 13 3
v 14 3
v 15 3
v 16 4
v 17 4
v 18 4
v 19 4
v 20 4
v 21 4
v 22 4
v 23 4
v 24 4
v 25 4
v 26 4
v 27 4
v 28 4
v 29 4
v 30 4
v 31 4
e 0 2 1
e 0 4 1
e 0 23 1
e 1 2 1
e 1 5 1
e 1 24 1
e 2 3 1
e 2 16 1
e 3 6 1
e 3 17 1
e 3 18 1
e 4 5 1
e 4 19 1
e 4 20 1
e 5 21 1
e 5 22 1
e 6 7 1
e 6 8 2
e 7 9 1
e 7 10 2
e 8 11 1
e 8 25 1
e 9 12 1
e 9 13 2
e 10 14 1
e 10 26 1
e 11 12 2
e 11 27 1
e 12 28 1
e 13 15 1
e 13 29 1
e 14 15 2
e 14 30 1
e 15 31 1
t # 12089
v 0 1
v 1 1
v 2 1
v 3 1
v 4 1
v 5 1
v 6 2
v 7 3
v 8 3
v 9 3
v 10 3
v 11 3
v 12 3
v 13 3
v 14 3
v 15 3
v 16 3
v 17 3
v 18 3
v 19 3
v 20 3
v 21 3
v 22 3
v 23 3
v 24 3
v 25 3
v 26 4
v 27 4
v 28 4
v 29 4
v 30 4
v 31 4
v 32 4
v 33 4
v 34 4
v 35 4
v 36 4
v 37 4
v 38 4
v 39 4
v 40 4
v 41 4
v 42 4
v 43 4
v 44 4
v 45 4
v 46 4
v 47 4
v 48 4
v 49 4
v 50 4
e 0 8 1
e 0 13 1
e 1 10 1
e 1 14 1
e 2 11 1
e 2 20 1
e 3 12 1
e 3 41 1
e 4 17 1
e 4 24 1
e 5 24 2
e 6 12 1
e 6 20 2
e 7 8 1
e 7 9 1
e 7 11 1
e 7 15 1
e 8 10 1
e 8 13 1
e 9 14 1
e 9 16 1
e 9 17 1
e 10 12 1
e 10 26 1
e 11 12 1
e 11 27 1
e 13 28 1
e 13 29 1
e 14 18 1
e 14 30 1
e 15 31 1
e 15 32 1
e 15 33 1
e 16 19 1
e 16 34 1
e 16 35 1
e 17 36 1
e 17 37 1
e 18 21 2
e 18 38 1
e 19 21 1
e 19 39 1
e 19 40 1
e 20 22 1
e 21 23 1
e 22 42 1
e 22 43 1
e 22 44 1
e 23 45 1
e 23 46 1
e 23 47 1
e 24 25 1
e 25 48 1
e 25 49 1
e 25 50 1
t # 12090
v 0 1
v 1 1
v 2 1
v 3 1
v 4 1
v 5 1
v 6 1
v 7 3
v 8 3
v 9 3
v 10 3
v 11 3
v 12 3
v 13 3
v 14 3
v 15 3
v 16 3
v 17 3
v 18 3
v 19 3
v 20 3
v 21 3
v 22 3
v 23 3
v 24 3
v 25 3
v 26 3
v 27 3
v 28 3
v 29 3
v 30 4
v 31 4
v 32 4
v 33 4
v 34 4
v 35 4
v 36 4
v 37 4
v 38 4
v 39 4
v 40 4
v 41 4
v 42 4
v 43 4
v 44 4
v 45 4
v 46 4
v 47 4
v 48 4
v 49 4
v 50 4
v 51 4
v 52 4
v 53 4
v 54 4
v 55 4
v 56 4
v 57 4
e 0 8 1
e 0 12 1
e 1 10 1
e 1 13 1
e 2 11 1
e 2 22 1
e 3 14 2
e 4 17 1
e 4 23 1
e 5 22 2
e 6 23 2
e 7 8 1
e 7 9 1
e 7 11 1
e 7 16 1
e 8 10 1
e 8 12 1
e 9 13 1
e 9 15 1
e 9 17 1
e 10 14 1
e 10 30 1
e 11 14 1
e 11 31 1
e 12 32 1
e 12 33 1
e 13 19 1
e 13 34 1
e 15 18 1
e 15 35 1
e 15 36 1
e 16 37 1
e 16 38 1
e 16 39 1
e 17 40 1
e 17 41 1
e 18 20 1
e 18 42 1
e 18 43 1
e 19 20 2
e 19 44 1
e 20 21 1
e 21 45 1
e 21 46 1
e 21 47 1
e 22 24 1
e 23 25 1
e 24 26 1
e 24 27 2
e 25 28 1
e 25 29 2
e 26 48 1
e 26 49 1
e 26 50 1
e 27 51 1
e 27 52 1
e 28 53 1
e 28 54 1
e 28 55 1
e 29 56 1
e 29 57 1
t # 12091
v 0 1
v 1 1
v 2 1
v 3 1
v 4 2
v 5 2
v 6 2
v 7 3
v 8 3
v 9 3
v 10 3
v 11 3
v 12 3
v 13 3
v 14 3
v 15 3
v 16 3
v 17 3
v 18 3
v 19 3
v 20 3
v 21 3
v 22 3
v 23 4
v 24 4
v 25 4
v 26 4
v 27 4
v 28 4
v 29 4
v 30 4
v 31 4
v 32 4
v 33 4
v 34 4
v 35 4
v 36 4
v 37 4
v 38 4
v 39 4
v 40 4
v 41 4
v 42 4
v 43 4
v 44 4
v 45 4
e 0 10 1
e 0 22 1
e 1 21 1
e 4 7 1
e 4 15 1
e 4 18 1
e 5 9 1
e 5 11 1
e 5 28 1
e 7 8 1
e 7 10 1
e 7 23 1
e 8 9 2
e 8 16 1
e 9 14 1
e 10 19 2
e 11 12 1
e 11 24 1
e 11 25 1
e 12 13 1
e 12 26 1
e 12 27 1
e 13 17 1
e 13 29 1
e 13 30 1
e 14 15 2
e 14 31 1
e 15 32 1
e 16 20 2
e 16 33 1
e 17 21 1
e 17 34 1
e 17 35 1
e 18 36 1
e 18 37 1
e 18 38 1
e 19 20 1
e 19 39 1
e 20 40 1
e 21 41 1
e 21 42 1
e 22 43 1
e 22 44 1
e 22 45 1
t # 12092
v 0 1
v 1 1
v 2 1
v 3 1
v 4 1
v 5 1
v 6 2
v 7 2
v 8 2
v 9 2
v 10 2
v 11 3
v 12 3
v 13 3
v 14 3
v 15 3
v 16 3
v 17 3
v 18 3
v 19 3
v 20 3
v 21 3
v 22 3
v 23 3
v 24 3
v 25 3
v 26 3
v 27 3
v 28 3
v 29 3
v 30 4
v 31 4
v 32 4
v 33 4
v 34 4
v 35 4
v 36 4
v 37 4
v 38 4
v 39 4
v 40 4
v 41 4
v 42 4
v 43 4
v 44 4
v 45 4
v 46 4
v 47 4
v 48 4
v 49 4
v 50 4
v 51 4
v 52 4
v 53 4
v 54 4
v 55 4
v 56 4
v 57 4
v 58 4
v 59 4
v 60 4
e 0 11 1
e 0 14 1
e 1 12 1
e 1 16 1
e 2 14 1
e 2 16 1
e 3 15 1
e 3 18 1
e 4 13 1
e 4 23 1
e 5 17 1
e 5 18 1
e 6 23 2
e 6 24 1
e 7 23 1
e 7 25 2
e 8 24 2
e 8 25 1
e 9 24 1
e 9 26 1
e 9 27 1
e 10 25 1
e 10 28 1
e 10 29 1
e 11 13 1
e 11 15 1
e 11 30 1
e 12 13 1
e 12 14 1
e 12 31 1
e 13 32 1
e 14 33 1
e 15 17 1
e 15 34 1
e 16 19 1
e 16 20 1
e 17 35 1
e 17 36 1
e 18 21 1
e 18 22 1
e 19 37 1
e 19 38 1
e 19 39 1
e 20 40 1
e 20 41 1
e 20 42 1
e 21 43 1
e 21 44 1
e 21 45 1
e 22 46 1
e 22 47 1
e 22 48 1
e 26 49 1
e 26 50 1
e 26 51 1
e 27 52 1
e 27 53 1
e 27 54 1
e 28 55 1
e 28 56 1
e 28 57 1
e 29 58 1
e 29 59 1
e 29 60 1
t # 12093
v 0 1
v 1 1
v 2 1
v 3 1
v 4 1
v 5 1
v 6 2
v 7 2
v 8 2
v 9 2
v 10 2
v 11 3
v 12 3
v 13 3
v 14 3
v 15 3
v 16 3
v 17 3
v 18 3
v 19 3
v 20 3
v 21 3
v 22 3
v 23 3
v 24 3
v 25 3
v 26 3
v 27 4
v 28 4
v 29 4
v 30 4
v 31 4
v 32 4
v 33 4
v 34 4
v 35 4
v 36 4
v 37 4
v 38 4
v 39 4
v 40 4
v 41 4
v 42 4
v 43 4
v 44 4
v 45 4
v 46 4
v 47 4
v 48 4
v 49 4
v 50 4
v 51 4
v 52 4
v 53 4
e 0 13 1
e 0 14 1
e 1 11 1
e 1 15 1
e 2 13 1
e 2 15 1
e 3 12 1
e 3 20 1
e 4 16 1
e 4 40 1
e 5 19 1
e 5 41 1
e 6 20 2
e 6 21 1
e 7 20 1
e 7 22 2
e 8 21 2
e 8 22 1
e 9 21 1
e 9 23 1
e 9 24 1
e 10 22 1
e 10 25 1
e 10 26 1
e 11 12 1
e 11 13 1
e 11 27 1
e 12 14 1
e 12 28 1
e 13 29 1
e 14 16 1
e 14 30 1
e 15 17 1
e 15 18 1
e 16 19 1
e 16 31 1
e 17 32 1
e 17 33 1
e 17 34 1
e 18 35 1
e 18 36 1
e 18 37 1
e 19 38 1
e 19 39 1
e 23 42 1
e 23 43 1
e 23 44 1
e 24 45 1
e 24 46 1
e 24 47 1
e 25 48 1
e 25 49 1
e 25 50 1
e 26 51 1
e 26 52 1
e 26 53 1
t # 12094
v 0 1
v 1 1
v 2 3
v 3 3
v 4 3
v 5 3
v 6 3
v 7 3
v 8 3
v 9 3
v 10 3
v 11 4
v 12 4
v 13 4
v 14 4
v 15 4
v 16 4
v 17 4
v 18 4
v 19 4
v 20 4
v 21 4
v 22 4
v 23 4
v 24 4
v 25 4
v 26 4
e 0 2 1
e 0 3 1
e 1 6 1
e 1 26 1
e 2 3 1
e 2 4 1
e 2 8 1
e 3 6 1
e 3 11 1
e 4 5 1
e 4 12 1
e 4 13 1
e 5 7 1
e 5 9 1
e 5 10 1
e 6 7 1
e 6 14 1
e 7 15 1
e 7 16 1
e 8 17 1
e 8 18 1
e 8 19 1
e 9 20 1
e 9 21 1
e 9 22 1
e 10 23 1
e 10 24 1
e 10 25 1
t # 12095
v 0 11
v 1 1
v 2 1
v 3 1
v 4 1
v 5 1
v 6 1
v 7 1
v 8 1
v 9 2
v 10 2
v 11 3
v 12 3
v 13 3
v 14 3
v 15 3
v 16 3
v 17 3
v 18 3
v 19 3
v 20 3
v 21 3
v 22 3
v 23 3
v 24 3
v 25 3
v 26 3
v 27 3
v 28 3
v 29 3
v 30 3
v 31 3
v 32 3
v 33 4
v 34 4
v 35 4
v 36 4
v 37 4
v 38 4
v 39 4
v 40 4
v 41 4
v 42 4
v 43 4
v 44 4
v 45 4
v 46 4
v 47 4
v 48 4
v 49 4
v 50 4
v 51 4
v 52 4
v 53 4
v 54 4
v 55 4
v 56 4
v 57 4
v 58 4
v 59 4
v 60 4
v 61 4
v 62 4
e 0 7 2
e 0 8 2
e 0 16 1
e 1 13 1
e 1 15 1
e 2 11 1
e 2 17 1
e 3 12 1
e 3 18 1
e 4 14 1
e 4 40 1
e 5 16 1
e 5 45 1
e 6 46 1
e 9 10 1
e 9 15 1
e 9 39 1
e 10 21 1
e 10 22 1
e 11 12 1
e 11 13 1
e 11 33 1
e 12 14 1
e 12 34 1
e 13 16 1
e 13 35 1
e 14 15 1
e 14 36 1
e 15 37 1
e 16 38 1
e 17 19 1
e 17 41 1
e 17 42 1
e 18 20 1
e 18 43 1
e 18 44 1
e 19 23 2
e 19 24 1
e 20 25 2
e 20 26 1
e 21 47 1
e 21 48 1
e 21 49 1
e 22 50 1
e 22 51 1
e 22 52 1
e 23 27 1
e 23 53 1
e 24 28 2
e 24 54 1
e 25 29 1
e 25 55 1
e 26 30 2
e 26 56 1
e 27 31 2
e 27 57 1
e 28 31 1
e 28 58 1
e 29 32 2
e 29 59 1
e 30 32 1
e 30 60 1
e 31 61 1
e 32 62 1
t # 12096
v 0 11
v 1 1
v 2 2
v 3 2
v 4 2
v 5 2
v 6 3
v 7 3
v 8 3
v 9 3
v 10 3
v 11 3
v 12 3
v 13 4
v 14 4
v 15 4
v 16 4
v 17 4
v 18 4
v 19 4
v 20 4
v 21 4
v 22 4
v 23 4
v 24 4
e 0 11 1
e 0 12 1
e 1 10 2
e 2 7 1
e 2 21 1
e 2 22 1
e 3 10 1
e 3 11 1
e 3 23 1
e 4 5 1
e 4 11 2
e 5 12 2
e 6 7 1
e 6 8 1
e 6 9 1
e 6 13 1
e 7 10 1
e 7 14 1
e 8 15 1
e 8 16 1
e 8 17 1
e 9 18 1
e 9 19 1
e 9 20 1
e 12 24 1
t # 12097
v 0 11
v 1 1
v 2 1
v 3 2
v 4 2
v 5 3
v 6 3
v 7 3
v 8 3
v 9 3
v 10 3
v 11 3
v 12 3
v 13 3
v 14 3
v 15 3
v 16 3
v 17 3
v 18 3
v 19 3
v 20 4
v 21 4
v 22 4
v 23 4
v 24 4
v 25 4
v 26 4
v 27 4
v 28 4
v 29 4
v 30 4
v 31 4
v 32 4
v 33 4
v 34 4
v 35 4
v 36 4
v 37 4
v 38 4
v 39 4
e 0 5 1
e 0 11 1
e 1 13 1
e 1 36 1
e 2 13 2
e 3 7 1
e 3 9 1
e 3 12 1
e 4 5 1
e 4 10 1
e 4 26 1
e 5 6 1
e 5 7 1
e 6 8 1
e 6 20 1
e 6 21 1
e 7 22 1
e 7 23 1
e 8 9 1
e 8 24 1
e 8 25 1
e 9 27 1
e 9 28 1
e 10 11 1
e 10 13 1
e 10 29 1
e 11 30 1
e 11 31 1
e 12 14 1
e 12 32 1
e 12 33 1
e 14 15 2
e 14 16 1
e 15 17 1
e 15 34 1
e 16 18 2
e 16 35 1
e 17 19 2
e 17 37 1
e 18 19 1
e 18 38 1
e 19 39 1
t # 12098
v 0 12
v 1 1
v 2 1
v 3 1
v 4 1
v 5 1
v 6 2
v 7 2
v 8 3
v 9 3
v 10 3
v 11 3
v 12 3
v 13 3
v 14 3
v 15 3
v 16 3
v 17 3
v 18 3
v 19 3
v 20 3
v 21 3
v 22 3
v 23 3
v 24 3
v 25 3
v 26 3
v 27 3
v 28 3
v 29 4
v 30 4
v 31 4
v 32 4
v 33 4
v 34 4
v 35 4
v 36 4
v 37 4
v 38 4
v 39 4
v 40 4
v 41 4
v 42 4
v 43 4
v 44 4
v 45 4
v 46 4
v 47 4
v 48 4
v 49 4
v 50 4
v 51 4
v 52 4
v 53 4
v 54 4
v 55 4
v 56 4
v 57 4
v 58 4
v 59 4
v 60 4
v 61 4
e 2 59 1
e 3 60 1
e 4 61 1
e 6 10 1
e 6 13 1
e 6 16 1
e 7 11 1
e 7 14 1
e 7 18 1
e 8 10 1
e 8 12 1
e 8 14 1
e 8 29 1
e 9 11 1
e 9 12 1
e 9 13 1
e 9 30 1
e 10 15 1
e 10 31 1
e 11 17 1
e 11 32 1
e 12 33 1
e 12 34 1
e 13 35 1
e 13 36 1
e 14 37 1
e 14 38 1
e 15 19 1
e 15 39 1
e 15 40 1
e 16 20 1
e 16 41 1
e 16 42 1
e 17 21 1
e 17 43 1
e 17 44 1
e 18 22 1
e 18 23 1
e 18 45 1
e 19 20 1
e 19 46 1
e 19 47 1
e 20 48 1
e 20 49 1
e 21 22 1
e 21 50 1
e 21 51 1
e 22 52 1
e 22 53 1
e 23 24 2
e 23 25 1
e 24 26 1
e 24 54 1
e 25 27 2
e 25 55 1
e 26 28 2
e 26 56 1
e 27 28 1
e 27 57 1
e 28 58 1
t # 12099
v 0 1
v 1 2
v 2 2
v 3 3
v 4 3
v 5 3
v 6 3
v 7 3
v 8 3
v 9 3
v 10 3
v 11 3
v 12 3
v 13 3
v 14 3
v 15 3
v 16 3
v 17 4
v 18 4
v 19 4
v 20 4
v 21 4
v 22 4
v 23 4
v 24 4
v 25 4
v 26 4
v 27 4
v 28 4
v 29 4
v 30 4
v 31 4
v 32 4
v 33 4
v 34 4
v 35 4
v 36 4
v 37 4
v 38 4
e 0 6 2
e 1 4 1
e 1 8 1
e 1 9 1
e 2 5 1
e 2 10 1
e 2 11 1
e 3 4 1
e 3 5 1
e 3 6 1
e 3 17 1
e 4 18 1
e 4 19 1
e 5 20 1
e 5 21 1
e 6 7 1
e 7 12 2
e 7 13 1
e 8 22 1
e 8 23 1
e 8 24 1
e 9 25 1
e 9 26 1
e 9 27 1
e 10 28 1
e 10 29 1
e 10 30 1
e 11 31 1
e 11 32 1
e 11 33 1
e 12 14 1
e 12 34 1
e 13 15 2
e 13 35 1
e 14 16 2
e 14 36 1
e 15 16 1
e 15 37 1
e 16 38 1
