t # 67600
v 0 1
v 1 1
v 2 3
v 3 3
v 4 3
v 5 3
v 6 3
v 7 3
v 8 3
v 9 3
v 10 3
v 11 3
v 12 3
v 13 3
v 14 3
v 15 3
v 16 4
v 17 4
v 18 4
v 19 4
v 20 4
v 21 4
v 22 4
v 23 4
v 24 4
v 25 4
v 26 4
v 27 4
v 28 4
v 29 4
v 30 4
v 31 4
v 32 4
v 33 4
v 34 4
v 35 4
e 0 6 2
e 1 15 2
e 2 4 1
e 2 7 1
e 2 8 1
e 2 9 1
e 3 5 1
e 3 10 1
e 3 11 1
e 3 12 1
e 4 6 1
e 4 13 2
e 5 6 1
e 5 14 2
e 7 16 1
e 7 17 1
e 7 18 1
e 8 19 1
e 8 20 1
e 8 21 1
e 9 22 1
e 9 23 1
e 9 24 1
e 10 25 1
e 10 26 1
e 10 27 1
e 11 28 1
e 11 29 1
e 11 30 1
e 12 31 1
e 12 32 1
e 12 33 1
e 13 15 1
e 13 34 1
e 14 15 1
e 14 35 1
t # 67601
v 0 2
v 1 2
v 2 3
v 3 3
v 4 3
v 5 3
v 6 3
v 7 3
v 8 3
v 9 3
v 10 3
v 11 3
v 12 3
v 13 3
v 14 3
v 15 4
v 16 4
v 17 4
v 18 4
v 19 4
v 20 4
v 21 4
v 22 4
v 23 4
v 24 4
e 0 2 1
e 0 3 1
e 0 15 1
e 1 3 2
e 1 4 1
e 2 4 1
e 2 6 2
e 3 5 1
e 4 7 2
e 5 8 2
e 5 9 1
e 6 10 1
e 6 16 1
e 7 11 1
e 7 17 1
e 8 12 1
e 8 18 1
e 9 13 2
e 9 19 1
e 10 11 2
e 10 20 1
e 11 21 1
e 12 14 2
e 12 22 1
e 13 14 1
e 13 23 1
e 14 24 1
t # 67602
v 0 1
v 1 1
v 2 3
v 3 3
v 4 3
v 5 3
v 6 3
v 7 3
v 8 3
v 9 3
v 10 3
v 11 3
v 12 3
v 13 3
v 14 3
v 15 4
v 16 4
v 17 4
v 18 4
v 19 4
v 20 4
v 21 4
v 22 4
v 23 4
v 24 4
e 0 14 1
e 0 24 1
e 1 14 2
e 2 3 1
e 2 4 2
e 2 5 1
e 3 7 2
e 3 8 1
e 4 6 1
e 4 15 1
e 5 9 2
e 5 16 1
e 6 10 2
e 6 14 1
e 7 11 1
e 7 17 1
e 8 12 2
e 8 18 1
e 9 10 1
e 9 19 1
e 10 20 1
e 11 13 2
e 11 21 1
e 12 13 1
e 12 22 1
e 13 23 1
t # 67603
v 0 1
v 1 1
v 2 3
v 3 3
v 4 3
v 5 3
v 6 3
v 7 3
v 8 3
v 9 3
v 10 3
v 11 3
v 12 3
v 13 3
v 14 4
v 15 4
v 16 4
v 17 4
v 18 4
v 19 4
v 20 4
v 21 4
v 22 4
v 23 4
v 24 4
v 25 4
v 26 4
v 27 4
v 28 4
v 29 4
v 30 4
v 31 4
e 0 11 1
e 0 12 1
e 1 13 1
e 1 31 1
e 2 3 1
e 2 4 1
e 2 5 1
e 2 6 1
e 3 7 2
e 3 8 1
e 4 14 1
e 4 15 1
e 4 16 1
e 5 17 1
e 5 18 1
e 5 19 1
e 6 20 1
e 6 21 1
e 6 22 1
e 7 9 1
e 7 23 1
e 8 10 2
e 8 24 1
e 9 11 2
e 9 25 1
e 10 11 1
e 10 26 1
e 12 13 1
e 12 27 1
e 12 28 1
e 13 29 1
e 13 30 1
t # 67604
v 0 1
v 1 3
v 2 3
v 3 3
v 4 3
v 5 3
v 6 3
v 7 3
v 8 3
v 9 3
v 10 3
v 11 3
v 12 3
v 13 3
v 14 4
v 15 4
v 16 4
v 17 4
v 18 4
v 19 4
v 20 4
v 21 4
v 22 4
v 23 4
v 24 4
v 25 4
v 26 4
v 27 4
v 28 4
v 29 4
e 0 7 2
e 1 2 1
e 1 3 1
e 1 7 1
e 1 14 1
e 2 4 1
e 2 15 1
e 2 16 1
e 3 5 1
e 3 17 1
e 3 18 1
e 4 6 1
e 4 19 1
e 4 20 1
e 5 6 1
e 5 21 1
e 5 22 1
e 6 23 1
e 6 24 1
e 7 8 1
e 8 9 2
e 8 10 1
e 9 11 1
e 9 25 1
e 10 12 2
e 10 26 1
e 11 13 2
e 11 27 1
e 12 13 1
e 12 28 1
e 13 29 1
t # 67605
v 0 1
v 1 1
v 2 1
v 3 2
v 4 2
v 5 3
v 6 3
v 7 3
v 8 3
v 9 3
v 10 3
v 11 3
v 12 3
v 13 3
v 14 4
v 15 4
v 16 4
v 17 4
v 18 4
v 19 4
v 20 4
v 21 4
v 22 4
v 23 4
v 24 4
v 25 4
v 26 4
v 27 4
e 0 11 2
e 1 12 2
e 2 13 1
e 2 27 1
e 3 5 1
e 3 12 1
e 3 24 1
e 4 11 1
e 4 12 1
e 4 13 1
e 5 6 1
e 5 7 1
e 5 11 1
e 6 8 1
e 6 14 1
e 6 15 1
e 7 9 1
e 7 16 1
e 7 17 1
e 8 10 1
e 8 18 1
e 8 19 1
e 9 10 1
e 9 20 1
e 9 21 1
e 10 22 1
e 10 23 1
e 13 25 1
e 13 26 1
t # 67606
v 0 1
v 1 1
v 2 2
v 3 3
v 4 3
v 5 3
v 6 3
v 7 3
v 8 3
v 9 3
v 10 3
v 11 3
v 12 3
v 13 4
v 14 4
v 15 4
v 16 4
v 17 4
v 18 4
v 19 4
v 20 4
v 21 4
v 22 4
v 23 4
v 24 4
v 25 4
v 26 4
v 27 4
e 0 10 1
e 0 11 1
e 1 10 2
e 2 7 1
e 2 10 1
e 2 22 1
e 3 4 1
e 3 5 1
e 3 7 1
e 3 13 1
e 4 5 1
e 4 8 1
e 4 14 1
e 5 9 1
e 5 15 1
e 6 7 1
e 6 8 1
e 6 9 1
e 6 16 1
e 7 17 1
e 8 18 1
e 8 19 1
e 9 20 1
e 9 21 1
e 11 12 1
e 11 23 1
e 11 24 1
e 12 25 1
e 12 26 1
e 12 27 1
t # 67607
v 0 11
v 1 14
v 2 1
v 3 1
v 4 1
v 5 3
v 6 3
v 7 3
v 8 3
v 9 3
v 10 3
v 11 3
v 12 3
v 13 4
v 14 4
v 15 4
v 16 4
v 17 4
v 18 4
v 19 4
e 0 2 2
e 0 3 2
e 0 5 1
e 4 11 2
e 5 7 1
e 5 8 2
e 6 7 2
e 6 9 1
e 6 11 1
e 7 13 1
e 8 10 1
e 8 14 1
e 9 10 2
e 9 15 1
e 10 16 1
e 11 12 1
e 12 17 1
e 12 18 1
e 12 19 1
t # 67608
v 0 2
v 1 2
v 2 3
v 3 3
v 4 3
v 5 3
v 6 3
v 7 3
v 8 3
v 9 3
v 10 3
v 11 3
v 12 4
v 13 4
v 14 4
v 15 4
v 16 4
v 17 4
v 18 4
v 19 4
v 20 4
v 21 4
v 22 4
v 23 4
v 24 4
v 25 4
v 26 4
v 27 4
e 0 2 1
e 0 8 1
e 0 9 1
e 1 3 1
e 1 10 1
e 1 11 1
e 2 3 1
e 2 4 2
e 3 5 2
e 4 6 1
e 4 12 1
e 5 7 1
e 5 13 1
e 6 7 2
e 6 26 1
e 7 27 1
e 8 14 1
e 8 15 1
e 8 16 1
e 9 17 1
e 9 18 1
e 9 19 1
e 10 20 1
e 10 21 1
e 10 22 1
e 11 23 1
e 11 24 1
e 11 25 1
t # 67609
v 0 1
v 1 2
v 2 3
v 3 3
v 4 3
v 5 3
v 6 3
v 7 3
v 8 3
v 9 3
v 10 3
v 11 3
v 12 4
v 13 4
v 14 4
v 15 4
v 16 4
v 17 4
v 18 4
v 19 4
v 20 4
e 0 8 2
e 1 3 1
e 1 5 1
e 1 12 1
e 2 3 1
e 2 4 1
e 2 6 2
e 3 7 2
e 4 5 2
e 4 8 1
e 5 13 1
e 6 9 1
e 6 14 1
e 7 10 1
e 7 15 1
e 8 11 1
e 9 10 2
e 9 16 1
e 10 17 1
e 11 18 1
e 11 19 1
e 11 20 1
t # 67610
v 0 1
v 1 1
v 2 1
v 3 3
v 4 3
v 5 3
v 6 3
v 7 3
v 8 3
v 9 3
v 10 3
v 11 3
v 12 4
v 13 4
v 14 4
v 15 4
v 16 4
v 17 4
e 0 8 1
e 0 9 1
e 1 8 2
e 2 9 2
e 3 4 1
e 3 5 1
e 3 6 2
e 4 8 1
e 4 12 1
e 4 13 1
e 5 7 2
e 5 9 1
e 6 10 1
e 6 14 1
e 7 11 1
e 7 15 1
e 10 11 2
e 10 16 1
e 11 17 1
t # 67611
v 0 1
v 1 1
v 2 2
v 3 2
v 4 3
v 5 3
v 6 3
v 7 3
v 8 3
v 9 3
v 10 3
v 11 3
v 12 4
v 13 4
v 14 4
v 15 4
v 16 4
v 17 4
v 18 4
v 19 4
v 20 4
v 21 4
v 22 4
v 23 4
e 0 10 2
e 1 11 2
e 2 4 1
e 2 11 1
e 2 22 1
e 3 10 1
e 3 11 1
e 3 23 1
e 4 5 1
e 4 6 1
e 4 10 1
e 5 7 1
e 5 12 1
e 5 13 1
e 6 8 1
e 6 14 1
e 6 15 1
e 7 9 1
e 7 16 1
e 7 17 1
e 8 9 1
e 8 18 1
e 8 19 1
e 9 20 1
e 9 21 1
t # 67612
v 0 1
v 1 1
v 2 2
v 3 2
v 4 3
v 5 3
v 6 3
v 7 3
v 8 3
v 9 3
v 10 3
v 11 4
v 12 4
v 13 4
v 14 4
v 15 4
v 16 4
v 17 4
v 18 4
e 0 7 1
e 0 16 1
e 1 10 2
e 2 4 1
e 2 10 1
e 2 15 1
e 3 10 1
e 3 17 1
e 3 18 1
e 4 5 2
e 4 6 1
e 5 7 1
e 5 11 1
e 6 8 2
e 6 12 1
e 7 9 2
e 8 9 1
e 8 13 1
e 9 14 1
t # 67613
v 0 8
v 1 1
v 2 1
v 3 1
v 4 1
v 5 3
v 6 3
v 7 3
v 8 3
v 9 3
v 10 3
v 11 4
v 12 4
v 13 4
v 14 4
v 15 4
v 16 4
v 17 4
e 1 5 1
e 2 16 1
e 3 17 1
e 5 6 2
e 5 7 1
e 6 8 1
e 6 11 1
e 7 9 2
e 7 12 1
e 8 10 2
e 8 13 1
e 9 10 1
e 9 14 1
e 10 15 1
t # 67614
v 0 1
v 1 1
v 2 1
v 3 1
v 4 2
v 5 2
v 6 3
v 7 3
v 8 3
v 9 3
v 10 3
v 11 4
v 12 4
v 13 4
v 14 4
e 0 6 1
e 0 7 1
e 1 10 2
e 4 7 1
e 5 10 1
e 5 13 1
e 5 14 1
e 6 8 2
e 6 10 1
e 7 9 2
e 8 9 1
e 8 11 1
e 9 12 1
t # 67615
v 0 1
v 1 1
v 2 1
v 3 2
v 4 3
v 5 3
v 6 3
v 7 3
v 8 3
v 9 3
v 10 3
v 11 4
v 12 4
v 13 4
v 14 4
v 15 4
v 16 4
v 17 4
e 0 7 1
e 0 17 1
e 3 5 1
e 4 6 2
e 4 8 1
e 4 10 1
e 5 7 2
e 5 9 1
e 6 7 1
e 6 11 1
e 8 9 2
e 8 12 1
e 9 13 1
e 10 14 1
e 10 15 1
e 10 16 1
t # 67616
v 0 1
v 1 1
v 2 3
v 3 3
v 4 3
v 5 3
v 6 3
v 7 3
v 8 3
v 9 3
v 10 3
v 11 4
v 12 4
v 13 4
v 14 4
v 15 4
v 16 4
v 17 4
v 18 4
v 19 4
v 20 4
v 21 4
v 22 4
e 0 5 1
e 0 21 1
e 1 6 1
e 1 22 1
e 2 3 1
e 2 5 2
e 2 8 1
e 3 6 2
e 3 9 1
e 4 5 1
e 4 7 2
e 4 10 1
e 6 7 1
e 7 11 1
e 8 12 1
e 8 13 1
e 8 14 1
e 9 15 1
e 9 16 1
e 9 17 1
e 10 18 1
e 10 19 1
e 10 20 1
t # 67617
v 0 3
v 1 3
v 2 3
v 3 3
v 4 3
v 5 3
v 6 3
v 7 3
v 8 3
v 9 3
v 10 3
v 11 4
v 12 4
v 13 4
v 14 4
v 15 4
v 16 4
v 17 4
v 18 4
v 19 4
v 20 4
v 21 4
v 22 4
v 23 4
v 24 4
v 25 4
v 26 4
e 0 1 2
e 0 2 1
e 0 6 1
e 1 3 1
e 1 7 1
e 2 4 2
e 2 8 1
e 3 5 2
e 3 9 1
e 4 5 1
e 4 10 1
e 5 11 1
e 6 12 1
e 6 13 1
e 6 14 1
e 7 15 1
e 7 16 1
e 7 17 1
e 8 18 1
e 8 19 1
e 8 20 1
e 9 21 1
e 9 22 1
e 9 23 1
e 10 24 1
e 10 25 1
e 10 26 1
t # 67618
v 0 1
v 1 3
v 2 3
v 3 3
v 4 3
v 5 3
v 6 3
v 7 3
v 8 3
v 9 3
v 10 4
v 11 4
v 12 4
v 13 4
v 14 4
v 15 4
v 16 4
v 17 4
v 18 4
v 19 4
v 20 4
v 21 4
e 0 7 1
e 0 21 1
e 1 2 1
e 1 3 1
e 1 5 2
e 2 8 1
e 2 10 1
e 2 11 1
e 3 4 2
e 3 12 1
e 4 6 1
e 4 9 1
e 5 7 1
e 5 13 1
e 6 7 2
e 6 14 1
e 8 15 1
e 8 16 1
e 8 17 1
e 9 18 1
e 9 19 1
e 9 20 1
t # 67619
v 0 1
v 1 3
v 2 3
v 3 3
v 4 3
v 5 3
v 6 3
v 7 3
v 8 3
v 9 3
v 10 4
v 11 4
v 12 4
v 13 4
v 14 4
v 15 4
v 16 4
v 17 4
v 18 4
v 19 4
v 20 4
v 21 4
e 0 5 1
e 0 21 1
e 1 2 2
e 1 4 1
e 1 7 1
e 2 5 1
e 2 8 1
e 3 4 2
e 3 6 1
e 3 9 1
e 4 10 1
e 5 6 2
e 6 11 1
e 7 12 1
e 7 13 1
e 7 14 1
e 8 15 1
e 8 16 1
e 8 17 1
e 9 18 1
e 9 19 1
e 9 20 1
t # 67620
v 0 1
v 1 2
v 2 3
v 3 3
v 4 3
v 5 3
v 6 3
v 7 3
v 8 4
v 9 4
v 10 4
v 11 4
v 12 4
v 13 4
v 14 4
e 0 2 2
e 1 2 1
e 1 3 1
e 1 4 1
e 2 5 1
e 3 6 2
e 3 8 1
e 4 9 1
e 4 10 1
e 4 11 1
e 5 7 2
e 5 12 1
e 6 7 1
e 6 13 1
e 7 14 1
t # 67621
v 0 18
v 1 12
v 2 3
v 3 3
v 4 3
v 5 3
v 6 3
v 7 3
v 8 4
v 9 4
v 10 4
v 11 4
e 1 3 1
e 2 3 1
e 2 4 2
e 3 5 2
e 4 6 1
e 4 8 1
e 5 7 1
e 5 9 1
e 6 7 2
e 6 10 1
e 7 11 1
t # 67622
v 0 18
v 1 3
v 2 3
v 3 3
v 4 3
v 5 3
v 6 3
v 7 3
v 8 3
v 9 3
v 10 4
v 11 4
v 12 4
v 13 4
v 14 4
v 15 4
v 16 4
v 17 4
v 18 4
v 19 4
v 20 4
v 21 4
v 22 4
v 23 4
v 24 4
v 25 4
v 26 4
v 27 4
v 28 4
e 1 2 1
e 1 3 1
e 1 10 1
e 1 11 1
e 2 4 1
e 2 12 1
e 2 13 1
e 3 5 1
e 3 14 1
e 3 15 1
e 4 6 1
e 4 16 1
e 4 17 1
e 5 7 1
e 5 18 1
e 5 19 1
e 6 8 1
e 6 20 1
e 6 21 1
e 7 9 1
e 7 22 1
e 7 23 1
e 8 24 1
e 8 25 1
e 9 26 1
e 9 27 1
e 9 28 1
t # 67623
v 0 1
v 1 1
v 2 1
v 3 1
v 4 3
v 5 3
v 6 3
v 7 3
v 8 3
v 9 3
v 10 3
v 11 3
v 12 3
v 13 3
v 14 3
v 15 3
v 16 4
v 17 4
v 18 4
v 19 4
v 20 4
v 21 4
v 22 4
v 23 4
v 24 4
v 25 4
v 26 4
v 27 4
v 28 4
v 29 4
v 30 4
v 31 4
v 32 4
v 33 4
v 34 4
v 35 4
v 36 4
v 37 4
e 0 14 1
e 0 36 1
e 1 15 1
e 1 37 1
e 2 14 2
e 3 15 2
e 4 5 1
e 4 6 1
e 4 16 1
e 4 17 1
e 5 7 1
e 5 18 1
e 5 19 1
e 6 8 1
e 6 20 1
e 6 21 1
e 7 9 1
e 7 22 1
e 7 23 1
e 8 10 1
e 8 24 1
e 8 25 1
e 9 11 1
e 9 26 1
e 9 27 1
e 10 12 1
e 10 28 1
e 10 29 1
e 11 13 1
e 11 30 1
e 11 31 1
e 12 14 1
e 12 32 1
e 12 33 1
e 13 15 1
e 13 34 1
e 13 35 1
t # 67624
v 0 1
v 1 2
v 2 2
v 3 3
v 4 3
v 5 3
v 6 3
v 7 4
v 8 4
v 9 4
v 10 4
v 11 4
v 12 4
v 13 4
v 14 4
v 15 4
v 16 4
e 0 6 2
e 1 3 1
e 1 6 1
e 1 14 1
e 2 6 1
e 2 15 1
e 2 16 1
e 3 4 1
e 3 5 1
e 3 7 1
e 4 8 1
e 4 9 1
e 4 10 1
e 5 11 1
e 5 12 1
e 5 13 1
t # 67625
v 0 1
v 1 1
v 2 1
v 3 1
v 4 2
v 5 3
v 6 3
v 7 3
v 8 4
v 9 4
v 10 4
v 11 4
v 12 4
e 0 11 1
e 1 6 1
e 1 12 1
e 2 6 2
e 3 7 2
e 4 5 1
e 4 7 1
e 5 6 1
e 5 8 1
e 5 9 1
e 7 10 1
t # 67626
v 0 1
v 1 1
v 2 3
v 3 3
v 4 3
v 5 3
v 6 3
v 7 3
v 8 4
v 9 4
v 10 4
v 11 4
v 12 4
v 13 4
v 14 4
v 15 4
v 16 4
v 17 4
e 0 2 1
e 0 5 1
e 1 5 2
e 2 3 1
e 2 4 1
e 2 8 1
e 3 9 1
e 3 10 1
e 3 11 1
e 4 12 1
e 4 13 1
e 4 14 1
e 5 6 1
e 6 7 2
e 6 15 1
e 7 16 1
e 7 17 1
t # 67627
v 0 1
v 1 1
v 2 1
v 3 3
v 4 3
v 5 3
v 6 3
v 7 3
v 8 3
v 9 3
v 10 3
v 11 3
v 12 3
v 13 3
v 14 3
v 15 42
v 16 4
v 17 4
v 18 4
v 19 4
v 20 4
v 21 4
v 22 4
v 23 4
v 24 4
v 25 4
v 26 4
v 27 4
v 28 4
v 29 4
v 30 4
v 31 4
v 32 4
v 33 4
v 34 4
v 35 4
v 36 4
v 37 4
v 38 4
v 39 4
v 40 4
v 41 4
v 42 4
e 0 9 1
e 1 10 1
e 2 11 1
e 3 6 1
e 3 9 1
e 3 16 1
e 3 17 1
e 4 7 1
e 4 10 1
e 4 18 1
e 4 19 1
e 5 8 1
e 5 11 1
e 5 20 1
e 5 21 1
e 6 12 1
e 6 22 1
e 6 23 1
e 7 13 1
e 7 24 1
e 7 25 1
e 8 14 1
e 8 26 1
e 8 27 1
e 9 28 1
e 9 29 1
e 10 30 1
e 10 31 1
e 11 32 1
e 11 33 1
e 12 34 1
e 12 35 1
e 12 36 1
e 13 37 1
e 13 38 1
e 13 39 1
e 14 40 1
e 14 41 1
e 14 42 1
t # 67628
v 0 1
v 1 1
v 2 2
v 3 3
v 4 3
v 5 3
v 6 3
v 7 3
v 8 4
v 9 4
v 10 4
v 11 4
v 12 4
v 13 4
v 14 4
v 15 4
v 16 4
v 17 4
v 18 4
e 0 3 1
e 0 4 1
e 1 4 2
e 2 4 1
e 2 5 1
e 2 6 1
e 3 7 1
e 3 8 1
e 3 9 1
e 5 10 1
e 5 11 1
e 5 12 1
e 6 13 1
e 6 14 1
e 6 15 1
e 7 16 1
e 7 17 1
e 7 18 1
t # 67629
v 0 1
v 1 2
v 2 3
v 3 3
v 4 3
v 5 3
v 6 3
v 7 3
v 8 4
v 9 4
v 10 4
v 11 4
v 12 4
v 13 4
v 14 4
v 15 4
v 16 4
v 17 4
v 18 4
v 19 4
v 20 4
e 0 4 2
e 1 2 1
e 1 3 1
e 1 4 1
e 2 5 1
e 2 8 1
e 2 9 1
e 3 6 1
e 3 10 1
e 3 11 1
e 4 7 1
e 5 12 1
e 5 13 1
e 5 14 1
e 6 15 1
e 6 16 1
e 6 17 1
e 7 18 1
e 7 19 1
e 7 20 1
t # 67630
v 0 14
v 1 1
v 2 1
v 3 1
v 4 1
v 5 3
v 6 3
v 7 3
v 8 3
v 9 3
v 10 3
v 11 3
v 12 4
v 13 4
v 14 4
v 15 4
v 16 4
v 17 4
v 18 4
v 19 4
v 20 4
v 21 4
v 22 4
e 1 6 1
e 1 8 1
e 2 7 1
e 2 9 1
e 3 8 2
e 4 9 2
e 5 8 1
e 5 9 1
e 5 12 1
e 6 10 1
e 6 13 1
e 6 14 1
e 7 11 1
e 7 15 1
e 7 16 1
e 10 17 1
e 10 18 1
e 10 19 1
e 11 20 1
e 11 21 1
e 11 22 1
t # 67631
v 0 12
v 1 12
v 2 1
v 3 2
v 4 3
v 5 3
v 6 4
v 7 4
v 8 4
e 0 4 1
e 1 4 1
e 2 5 2
e 3 5 1
e 3 7 1
e 3 8 1
e 4 5 1
e 4 6 1
t # 67632
v 0 1
v 1 1
v 2 1
v 3 1
v 4 3
v 5 3
v 6 3
v 7 3
v 8 3
v 9 3
v 10 3
v 11 4
v 12 4
v 13 4
v 14 4
v 15 4
v 16 4
v 17 4
v 18 4
v 19 4
v 20 4
v 21 4
v 22 4
e 0 9 1
e 0 21 1
e 1 9 2
e 2 10 1
e 2 22 1
e 3 10 2
e 4 5 1
e 4 6 1
e 4 7 1
e 4 9 1
e 5 8 1
e 5 11 1
e 5 12 1
e 6 13 1
e 6 14 1
e 6 15 1
e 7 16 1
e 7 17 1
e 7 18 1
e 8 10 1
e 8 19 1
e 8 20 1
t # 67633
v 0 8
v 1 1
v 2 2
v 3 2
v 4 2
v 5 3
v 6 3
v 7 3
v 8 3
v 9 3
v 10 3
v 11 4
v 12 4
v 13 4
v 14 4
v 15 4
v 16 4
v 17 4
v 18 4
v 19 4
v 20 4
v 21 4
v 22 4
v 23 4
v 24 4
v 25 4
v 26 4
v 27 4
v 28 4
e 2 5 1
e 2 6 1
e 3 7 1
e 3 8 1
e 4 9 1
e 4 10 1
e 5 11 1
e 5 12 1
e 5 13 1
e 6 14 1
e 6 15 1
e 6 16 1
e 7 17 1
e 7 18 1
e 7 19 1
e 8 20 1
e 8 21 1
e 8 22 1
e 9 23 1
e 9 24 1
e 9 25 1
e 10 26 1
e 10 27 1
e 10 28 1
t # 67634
v 0 12
v 1 12
v 2 8
v 3 1
v 4 2
v 5 3
v 6 3
v 7 4
v 8 4
v 9 4
v 10 4
v 11 4
v 12 4
e 4 5 1
e 4 6 1
e 5 7 1
e 5 8 1
e 5 9 1
e 6 10 1
e 6 11 1
e 6 12 1
t # 67635
v 0 1
v 1 2
v 2 3
v 3 3
v 4 3
v 5 3
v 6 3
v 7 4
v 8 4
v 9 4
v 10 4
v 11 4
v 12 4
v 13 4
v 14 4
v 15 4
e 0 6 2
e 1 4 1
e 1 6 1
e 1 15 1
e 2 3 1
e 2 4 1
e 2 7 1
e 2 8 1
e 3 5 1
e 3 9 1
e 3 10 1
e 4 11 1
e 4 12 1
e 5 6 1
e 5 13 1
e 5 14 1
t # 67636
v 0 1
v 1 2
v 2 3
v 3 3
v 4 3
v 5 3
v 6 3
v 7 3
v 8 3
v 9 4
v 10 4
v 11 4
v 12 4
v 13 4
v 14 4
v 15 4
v 16 4
v 17 4
v 18 4
v 19 4
v 20 4
v 21 4
e 0 8 2
e 1 6 1
e 1 8 1
e 1 21 1
e 2 3 1
e 2 4 1
e 2 9 1
e 2 10 1
e 3 5 1
e 3 11 1
e 3 12 1
e 4 6 1
e 4 13 1
e 4 14 1
e 5 7 1
e 5 15 1
e 5 16 1
e 6 17 1
e 6 18 1
e 7 8 1
e 7 19 1
e 7 20 1
t # 67637
v 0 1
v 1 1
v 2 1
v 3 3
v 4 3
v 5 3
v 6 3
v 7 3
v 8 3
v 9 3
v 10 4
v 11 4
v 12 4
v 13 4
v 14 4
v 15 4
v 16 4
v 17 4
e 0 3 1
e 0 8 1
e 1 4 1
e 1 9 1
e 2 8 2
e 3 5 2
e 3 7 1
e 4 5 1
e 4 6 2
e 5 10 1
e 6 8 1
e 6 11 1
e 7 12 1
e 7 13 1
e 7 14 1
e 9 15 1
e 9 16 1
e 9 17 1
t # 67638
v 0 1
v 1 1
v 2 1
v 3 1
v 4 1
v 5 1
v 6 1
v 7 3
v 8 3
v 9 3
v 10 3
v 11 3
v 12 3
v 13 3
v 14 3
v 15 3
v 16 3
v 17 3
v 18 3
v 19 3
v 20 3
v 21 3
v 22 3
v 23 3
v 24 3
v 25 3
v 26 3
v 27 3
v 28 3
v 29 4
v 30 4
v 31 4
v 32 4
v 33 4
v 34 4
v 35 4
v 36 4
v 37 4
v 38 4
v 39 4
v 40 4
v 41 4
v 42 4
v 43 4
v 44 4
v 45 4
v 46 4
v 47 4
v 48 4
v 49 4
v 50 4
v 51 4
v 52 4
v 53 4
v 54 4
v 55 4
v 56 4
v 57 4
v 58 4
v 59 4
v 60 4
v 61 4
v 62 4
v 63 4
v 64 4
v 65 4
v 66 4
v 67 4
v 68 4
e 0 10 1
e 0 58 1
e 1 22 1
e 1 63 1
e 2 23 1
e 2 64 1
e 3 22 2
e 4 23 2
e 5 26 1
e 5 68 1
e 6 26 2
e 7 8 1
e 7 10 1
e 7 22 1
e 7 29 1
e 8 9 1
e 8 30 1
e 8 31 1
e 9 11 1
e 9 32 1
e 9 33 1
e 10 19 1
e 10 23 1
e 11 12 1
e 11 34 1
e 11 35 1
e 12 13 1
e 12 36 1
e 12 37 1
e 13 14 1
e 13 38 1
e 13 39 1
e 14 15 1
e 14 40 1
e 14 41 1
e 15 16 1
e 15 42 1
e 15 43 1
e 16 17 1
e 16 44 1
e 16 45 1
e 17 18 1
e 17 46 1
e 17 47 1
e 18 20 1
e 18 48 1
e 18 49 1
e 19 26 1
e 19 50 1
e 19 51 1
e 20 21 1
e 20 52 1
e 20 53 1
e 21 24 1
e 21 54 1
e 21 55 1
e 24 25 1
e 24 56 1
e 24 57 1
e 25 27 1
e 25 59 1
e 25 60 1
e 27 28 1
e 27 61 1
e 27 62 1
e 28 65 1
e 28 66 1
e 28 67 1
t # 67639
v 0 14
v 1 14
v 2 14
v 3 14
v 4 14
v 5 14
v 6 14
v 7 1
v 8 2
v 9 3
v 10 3
v 11 3
v 12 3
v 13 4
v 14 4
e 7 12 2
e 8 12 1
e 8 13 1
e 8 14 1
e 9 10 1
e 9 11 1
e 10 12 1
t # 67640
v 0 3
v 1 3
v 2 3
v 3 3
v 4 3
v 5 3
v 6 3
v 7 3
v 8 3
v 9 3
v 10 3
v 11 3
v 12 3
v 13 3
v 14 3
v 15 3
v 16 3
v 17 3
v 18 3
v 19 3
v 20 3
v 21 3
v 22 3
v 23 3
v 24 4
v 25 4
v 26 4
v 27 4
v 28 4
v 29 4
v 30 4
v 31 4
v 32 4
v 33 4
v 34 4
v 35 4
v 36 4
v 37 4
v 38 4
v 39 4
v 40 4
v 41 4
v 42 4
v 43 4
v 44 4
v 45 4
v 46 4
v 47 4
v 48 4
v 49 4
v 50 4
v 51 4
v 52 4
v 53 4
v 54 4
v 55 4
v 56 4
v 57 4
v 58 4
v 59 4
v 60 4
v 61 4
v 62 4
v 63 4
v 64 4
v 65 4
v 66 4
v 67 4
v 68 4
v 69 4
v 70 4
v 71 4
v 72 4
v 73 4
e 0 1 1
e 0 2 1
e 0 24 1
e 0 25 1
e 1 3 1
e 1 26 1
e 1 27 1
e 2 4 1
e 2 28 1
e 2 29 1
e 3 5 1
e 3 30 1
e 3 31 1
e 4 6 1
e 4 32 1
e 4 33 1
e 5 7 1
e 5 34 1
e 5 35 1
e 6 8 1
e 6 36 1
e 6 37 1
e 7 9 1
e 7 38 1
e 7 39 1
e 8 10 1
e 8 40 1
e 8 41 1
e 9 11 1
e 9 42 1
e 9 43 1
e 10 12 1
e 10 44 1
e 10 45 1
e 11 13 1
e 11 46 1
e 11 47 1
e 12 14 1
e 12 48 1
e 12 49 1
e 13 15 1
e 13 50 1
e 13 51 1
e 14 16 1
e 14 52 1
e 14 53 1
e 15 17 1
e 15 54 1
e 15 55 1
e 16 18 1
e 16 56 1
e 16 57 1
e 17 19 1
e 17 58 1
e 17 59 1
e 18 20 1
e 18 60 1
e 18 61 1
e 19 21 1
e 19 62 1
e 19 63 1
e 20 22 1
e 20 64 1
e 20 65 1
e 21 23 1
e 21 66 1
e 21 67 1
e 22 68 1
e 22 69 1
e 22 70 1
e 23 71 1
e 23 72 1
e 23 73 1
t # 67641
v 0 2
v 1 2
v 2 3
v 3 3
v 4 3
v 5 3
v 6 3
v 7 3
v 8 3
v 9 4
v 10 4
v 11 4
v 12 4
v 13 4
v 14 4
v 15 4
v 16 4
v 17 4
v 18 4
e 2 3 1
e 2 4 1
e 2 9 1
e 2 10 1
e 3 5 1
e 3 11 1
e 3 12 1
e 4 6 1
e 4 13 1
e 4 14 1
e 5 7 1
e 5 15 1
e 5 16 1
e 6 8 1
e 6 17 1
e 6 18 1
t # 67642
v 0 1
v 1 1
v 2 3
v 3 3
v 4 3
v 5 3
v 6 3
v 7 3
v 8 4
v 9 4
v 10 4
v 11 4
v 12 4
v 13 4
v 14 4
v 15 4
v 16 4
v 17 4
v 18 4
v 19 4
e 0 7 1
e 0 19 1
e 1 7 2
e 2 3 1
e 2 5 1
e 2 6 1
e 2 8 1
e 3 4 1
e 3 9 1
e 3 10 1
e 4 7 1
e 4 11 1
e 4 12 1
e 5 13 1
e 5 14 1
e 5 15 1
e 6 16 1
e 6 17 1
e 6 18 1
t # 67643
v 0 1
v 1 1
v 2 2
v 3 2
v 4 2
v 5 2
v 6 3
v 7 3
v 8 3
v 9 4
v 10 4
v 11 4
v 12 4
e 0 7 2
e 1 8 2
e 2 6 1
e 2 7 1
e 2 9 1
e 3 7 1
e 3 8 1
e 3 10 1
e 4 6 2
e 4 8 1
e 5 6 1
e 5 11 1
e 5 12 1
t # 67644
v 0 1
v 1 2
v 2 2
v 3 2
v 4 2
v 5 2
v 6 3
v 7 3
v 8 3
v 9 4
v 10 4
v 11 4
v 12 4
v 13 4
e 0 8 2
e 1 6 1
e 1 7 1
e 1 9 1
e 2 6 2
e 2 8 1
e 3 7 2
e 3 8 1
e 4 6 1
e 4 10 1
e 4 11 1
e 5 7 1
e 5 12 1
e 5 13 1
t # 67645
v 0 2
v 1 3
v 2 3
v 3 3
v 4 3
v 5 3
v 6 3
v 7 3
v 8 3
v 9 3
v 10 4
v 11 4
v 12 4
v 13 4
v 14 4
v 15 4
v 16 4
v 17 4
v 18 4
e 1 2 1
e 1 3 1
e 1 10 1
e 1 11 1
e 2 4 2
e 2 5 1
e 3 9 1
e 3 12 1
e 3 13 1
e 4 6 1
e 4 14 1
e 5 7 2
e 5 15 1
e 6 8 2
e 6 16 1
e 7 8 1
e 7 17 1
e 8 18 1
t # 67646
v 0 1
v 1 3
v 2 3
v 3 3
v 4 3
v 5 3
v 6 3
v 7 3
v 8 3
v 9 3
v 10 3
v 11 3
v 12 4
v 13 4
v 14 4
v 15 4
v 16 4
v 17 4
v 18 4
v 19 4
v 20 4
v 21 4
v 22 4
v 23 4
v 24 4
v 25 4
e 0 10 2
e 1 2 1
e 1 3 1
e 1 4 1
e 1 12 1
e 2 5 2
e 2 6 1
e 3 13 1
e 3 14 1
e 3 15 1
e 4 16 1
e 4 17 1
e 4 18 1
e 5 8 1
e 5 19 1
e 6 9 2
e 6 20 1
e 7 8 2
e 7 9 1
e 7 10 1
e 8 21 1
e 9 22 1
e 10 11 1
e 11 23 1
e 11 24 1
e 11 25 1
t # 67647
v 0 1
v 1 1
v 2 1
v 3 1
v 4 1
v 5 2
v 6 3
v 7 3
v 8 3
v 9 3
v 10 3
v 11 4
v 12 4
v 13 4
e 0 6 1
e 0 7 1
e 1 10 1
e 1 13 1
e 2 10 2
e 5 7 1
e 6 8 2
e 6 10 1
e 7 9 2
e 8 9 1
e 8 11 1
e 9 12 1
t # 67648
v 0 27
v 1 1
v 2 1
v 3 2
v 4 3
v 5 3
v 6 3
v 7 3
v 8 3
v 9 3
v 10 4
v 11 4
v 12 4
v 13 4
e 3 4 1
e 4 5 2
e 4 6 1
e 5 7 1
e 5 10 1
e 6 8 2
e 6 11 1
e 7 9 2
e 8 9 1
e 8 12 1
e 9 13 1
t # 67649
v 0 3
v 1 3
v 2 3
v 3 3
v 4 3
v 5 3
v 6 3
v 7 3
v 8 3
v 9 3
v 10 3
v 11 3
v 12 3
v 13 4
v 14 4
v 15 4
v 16 4
v 17 4
v 18 4
v 19 4
v 20 4
v 21 4
v 22 4
v 23 4
v 24 4
e 0 1 1
e 0 3 2
e 0 4 1
e 1 7 2
e 1 8 1
e 2 5 2
e 2 6 1
e 2 9 1
e 3 5 1
e 3 13 1
e 4 6 2
e 4 14 1
e 5 15 1
e 6 16 1
e 7 10 1
e 7 17 1
e 8 11 2
e 8 18 1
e 9 19 1
e 9 20 1
e 9 21 1
e 10 12 2
e 10 22 1
e 11 12 1
e 11 23 1
e 12 24 1
t # 67650
v 0 3
v 1 3
v 2 3
v 3 3
v 4 3
v 5 3
v 6 3
v 7 3
v 8 3
v 9 3
v 10 3
v 11 3
v 12 3
v 13 4
v 14 4
v 15 4
v 16 4
v 17 4
v 18 4
v 19 4
v 20 4
v 21 4
v 22 4
v 23 4
v 24 4
e 0 1 1
e 0 2 1
e 0 3 2
e 1 4 2
e 1 7 1
e 2 5 2
e 2 6 1
e 3 8 1
e 3 13 1
e 4 9 1
e 4 14 1
e 5 10 1
e 5 15 1
e 6 11 2
e 6 16 1
e 7 17 1
e 7 18 1
e 7 19 1
e 8 9 2
e 8 20 1
e 9 21 1
e 10 12 2
e 10 22 1
e 11 12 1
e 11 23 1
e 12 24 1
t # 67651
v 0 1
v 1 1
v 2 2
v 3 3
v 4 3
v 5 3
v 6 3
v 7 3
v 8 3
v 9 3
v 10 3
v 11 3
v 12 3
v 13 3
v 14 3
v 15 3
v 16 3
v 17 3
v 18 3
v 19 3
v 20 4
v 21 4
v 22 4
v 23 4
v 24 4
v 25 4
v 26 4
v 27 4
v 28 4
v 29 4
v 30 4
v 31 4
v 32 4
v 33 4
v 34 4
e 0 16 2
e 1 17 2
e 2 10 1
e 2 16 1
e 2 17 1
e 3 4 1
e 3 5 2
e 3 8 1
e 4 6 1
e 4 20 1
e 4 21 1
e 5 7 1
e 5 9 1
e 6 7 1
e 6 11 2
e 7 12 2
e 8 10 2
e 8 22 1
e 9 13 2
e 9 23 1
e 10 13 1
e 11 14 1
e 11 24 1
e 12 15 1
e 12 25 1
e 13 26 1
e 14 15 2
e 14 27 1
e 15 28 1
e 16 18 1
e 17 19 1
e 18 29 1
e 18 30 1
e 18 31 1
e 19 32 1
e 19 33 1
e 19 34 1
t # 67652
v 0 1
v 1 2
v 2 3
v 3 3
v 4 3
v 5 3
v 6 3
v 7 3
v 8 3
v 9 3
v 10 3
v 11 3
v 12 3
v 13 3
v 14 3
v 15 3
v 16 3
v 17 3
v 18 3
v 19 3
v 20 3
v 21 4
v 22 4
v 23 4
v 24 4
v 25 4
v 26 4
v 27 4
v 28 4
v 29 4
v 30 4
v 31 4
v 32 4
v 33 4
v 34 4
v 35 4
v 36 4
v 37 4
v 38 4
v 39 4
v 40 4
v 41 4
v 42 4
v 43 4
v 44 4
v 45 4
e 0 3 1
e 0 4 1
e 1 2 1
e 1 5 1
e 1 6 1
e 2 4 1
e 2 21 1
e 2 22 1
e 3 7 1
e 3 8 1
e 3 23 1
e 4 24 1
e 4 25 1
e 5 9 1
e 5 26 1
e 5 27 1
e 6 10 1
e 6 28 1
e 6 29 1
e 7 11 2
e 7 13 1
e 8 12 2
e 8 14 1
e 9 30 1
e 9 31 1
e 9 32 1
e 10 33 1
e 10 34 1
e 10 35 1
e 11 15 1
e 11 36 1
e 12 16 1
e 12 37 1
e 13 17 2
e 13 38 1
e 14 18 2
e 14 39 1
e 15 19 2
e 15 40 1
e 16 20 2
e 16 41 1
e 17 19 1
e 17 42 1
e 18 20 1
e 18 43 1
e 19 44 1
e 20 45 1
t # 67653
v 0 3
v 1 3
v 2 3
v 3 3
v 4 3
v 5 3
v 6 3
v 7 3
v 8 3
v 9 3
v 10 3
v 11 3
v 12 3
v 13 3
v 14 3
v 15 3
v 16 3
v 17 3
v 18 3
v 19 3
v 20 3
v 21 3
v 22 3
v 23 3
v 24 4
v 25 4
v 26 4
v 27 4
v 28 4
v 29 4
v 30 4
v 31 4
v 32 4
v 33 4
v 34 4
v 35 4
v 36 4
v 37 4
v 38 4
v 39 4
v 40 4
v 41 4
e 0 1 1
e 0 2 1
e 0 6 2
e 1 3 1
e 1 7 2
e 2 4 1
e 2 8 2
e 3 5 1
e 3 9 2
e 4 14 2
e 4 16 1
e 5 15 2
e 5 17 1
e 6 10 1
e 6 24 1
e 7 11 1
e 7 25 1
e 8 12 1
e 8 26 1
e 9 13 1
e 9 27 1
e 10 12 2
e 10 28 1
e 11 13 2
e 11 29 1
e 12 30 1
e 13 31 1
e 14 18 1
e 14 32 1
e 15 19 1
e 15 33 1
e 16 20 2
e 16 34 1
e 17 21 2
e 17 35 1
e 18 22 2
e 18 36 1
e 19 23 2
e 19 37 1
e 20 22 1
e 20 38 1
e 21 23 1
e 21 39 1
e 22 40 1
e 23 41 1
t # 67654
v 0 11
v 1 1
v 2 1
v 3 2
v 4 3
v 5 3
v 6 3
v 7 3
v 8 3
v 9 3
v 10 3
v 11 3
v 12 4
v 13 4
v 14 4
v 15 4
v 16 4
v 17 4
v 18 4
v 19 4
v 20 4
v 21 4
v 22 4
e 0 1 2
e 0 2 2
e 0 4 1
e 3 11 1
e 3 16 1
e 4 5 2
e 4 6 1
e 5 8 1
e 5 12 1
e 6 9 2
e 6 13 1
e 7 8 2
e 7 9 1
e 7 10 1
e 8 14 1
e 9 15 1
e 10 17 1
e 10 18 1
e 10 19 1
e 11 20 1
e 11 21 1
e 11 22 1
t # 67655
v 0 3
v 1 3
v 2 3
v 3 3
v 4 3
v 5 3
v 6 3
v 7 3
v 8 3
v 9 3
v 10 3
v 11 3
v 12 3
v 13 3
v 14 3
v 15 3
v 16 3
v 17 3
v 18 3
v 19 3
v 20 3
v 21 3
v 22 3
v 23 4
v 24 4
v 25 4
v 26 4
v 27 4
v 28 4
v 29 4
v 30 4
v 31 4
v 32 4
v 33 4
v 34 4
v 35 4
v 36 4
v 37 4
v 38 4
v 39 4
v 40 4
v 41 4
v 42 4
v 43 4
v 44 4
v 45 4
v 46 4
v 47 4
v 48 4
v 49 4
v 50 4
v 51 4
v 52 4
v 53 4
v 54 4
v 55 4
v 56 4
v 57 4
v 58 4
v 59 4
v 60 4
v 61 4
v 62 4
v 63 4
v 64 4
v 65 4
v 66 4
v 67 4
v 68 4
v 69 4
v 70 4
e 0 1 1
e 0 2 1
e 0 23 1
e 0 24 1
e 1 3 1
e 1 25 1
e 1 26 1
e 2 4 1
e 2 27 1
e 2 28 1
e 3 5 1
e 3 29 1
e 3 30 1
e 4 6 1
e 4 31 1
e 4 32 1
e 5 7 1
e 5 33 1
e 5 34 1
e 6 8 1
e 6 35 1
e 6 36 1
e 7 9 1
e 7 37 1
e 7 38 1
e 8 10 1
e 8 39 1
e 8 40 1
e 9 11 1
e 9 41 1
e 9 42 1
e 10 12 1
e 10 43 1
e 10 44 1
e 11 13 1
e 11 45 1
e 11 46 1
e 12 14 1
e 12 47 1
e 12 48 1
e 13 15 1
e 13 49 1
e 13 50 1
e 14 16 1
e 14 51 1
e 14 52 1
e 15 17 1
e 15 53 1
e 15 54 1
e 16 18 1
e 16 55 1
e 16 56 1
e 17 19 1
e 17 57 1
e 17 58 1
e 18 20 1
e 18 59 1
e 18 60 1
e 19 21 1
e 19 61 1
e 19 62 1
e 20 22 1
e 20 63 1
e 20 64 1
e 21 65 1
e 21 66 1
e 21 67 1
e 22 68 1
e 22 69 1
e 22 70 1
t # 67656
v 0 2
v 1 3
v 2 3
v 3 3
v 4 3
v 5 3
v 6 3
v 7 3
v 8 3
v 9 3
v 10 3
v 11 3
v 12 3
v 13 3
v 14 3
v 15 3
v 16 3
v 17 3
v 18 3
v 19 4
v 20 4
v 21 4
v 22 4
v 23 4
v 24 4
v 25 4
v 26 4
v 27 4
v 28 4
v 29 4
v 30 4
v 31 4
v 32 4
v 33 4
v 34 4
v 35 4
v 36 4
v 37 4
v 38 4
v 39 4
v 40 4
v 41 4
v 42 4
v 43 4
v 44 4
v 45 4
v 46 4
v 47 4
v 48 4
v 49 4
v 50 4
v 51 4
v 52 4
v 53 4
e 1 2 1
e 1 3 1
e 1 19 1
e 1 20 1
e 2 4 1
e 2 21 1
e 2 22 1
e 3 5 1
e 3 23 1
e 3 24 1
e 4 6 1
e 4 25 1
e 4 26 1
e 5 7 1
e 5 27 1
e 5 28 1
e 6 8 1
e 6 29 1
e 6 30 1
e 7 9 1
e 7 31 1
e 7 32 1
e 8 10 1
e 8 33 1
e 8 34 1
e 9 11 1
e 9 35 1
e 9 36 1
e 10 12 1
e 10 37 1
e 10 38 1
e 11 13 1
e 11 39 1
e 11 40 1
e 12 14 1
e 12 41 1
e 12 42 1
e 13 15 1
e 13 43 1
e 13 44 1
e 14 16 1
e 14 45 1
e 14 46 1
e 15 17 1
e 15 47 1
e 15 48 1
e 16 18 1
e 16 49 1
e 16 50 1
e 17 51 1
e 17 52 1
e 17 53 1
t # 67657
v 0 1
v 1 1
v 2 3
v 3 3
v 4 3
v 5 3
v 6 3
v 7 3
v 8 3
v 9 3
v 10 3
v 11 3
v 12 3
v 13 3
v 14 3
v 15 4
v 16 4
v 17 4
v 18 4
v 19 4
v 20 4
v 21 4
v 22 4
v 23 4
v 24 4
v 25 4
v 26 4
v 27 4
v 28 4
v 29 4
v 30 4
v 31 4
v 32 4
v 33 4
v 34 4
v 35 4
v 36 4
v 37 4
v 38 4
v 39 4
v 40 4
e 0 14 1
e 0 40 1
e 1 14 2
e 2 3 1
e 2 4 1
e 2 15 1
e 2 16 1
e 3 5 1
e 3 17 1
e 3 18 1
e 4 6 1
e 4 19 1
e 4 20 1
e 5 7 1
e 5 21 1
e 5 22 1
e 6 8 1
e 6 23 1
e 6 24 1
e 7 9 1
e 7 25 1
e 7 26 1
e 8 10 1
e 8 27 1
e 8 28 1
e 9 11 1
e 9 29 1
e 9 30 1
e 10 12 1
e 10 31 1
e 10 32 1
e 11 13 1
e 11 33 1
e 11 34 1
e 12 14 1
e 12 35 1
e 12 36 1
e 13 37 1
e 13 38 1
e 13 39 1
t # 67658
v 0 11
v 1 11
v 2 2
v 3 3
v 4 3
v 5 3
v 6 3
v 7 3
v 8 3
v 9 4
v 10 4
v 11 4
v 12 4
v 13 4
v 14 4
v 15 4
v 16 4
v 17 4
v 18 4
v 19 4
v 20 4
v 21 4
e 0 3 1
e 0 5 1
e 1 4 1
e 1 5 1
e 2 3 1
e 2 4 1
e 2 12 1
e 3 6 1
e 3 9 1
e 4 7 1
e 4 10 1
e 5 8 1
e 5 11 1
e 6 13 1
e 6 14 1
e 6 15 1
e 7 16 1
e 7 17 1
e 7 18 1
e 8 19 1
e 8 20 1
e 8 21 1
t # 67659
v 0 1
v 1 1
v 2 2
v 3 2
v 4 3
v 5 3
v 6 3
v 7 3
v 8 4
v 9 4
v 10 4
v 11 4
v 12 4
v 13 4
v 14 4
v 15 4
v 16 4
v 17 4
e 0 5 1
e 0 6 1
e 1 6 2
e 2 3 1
e 2 4 1
e 2 15 1
e 3 16 1
e 3 17 1
e 4 6 1
e 4 8 1
e 4 9 1
e 5 7 1
e 5 10 1
e 5 11 1
e 7 12 1
e 7 13 1
e 7 14 1
t # 67660
v 0 1
v 1 1
v 2 1
v 3 3
v 4 3
v 5 3
v 6 3
v 7 3
v 8 3
v 9 3
v 10 4
v 11 4
v 12 4
v 13 4
v 14 4
v 15 4
v 16 4
v 17 4
v 18 4
v 19 4
v 20 4
v 21 4
e 0 3 1
e 0 6 1
e 1 7 1
e 1 8 1
e 2 8 2
e 3 4 1
e 3 7 1
e 3 10 1
e 4 5 1
e 4 11 1
e 4 12 1
e 5 6 1
e 5 13 1
e 5 14 1
e 6 15 1
e 6 16 1
e 7 17 1
e 7 18 1
e 8 9 1
e 9 19 1
e 9 20 1
e 9 21 1
t # 67661
v 0 12
v 1 1
v 2 2
v 3 3
v 4 3
v 5 3
v 6 3
v 7 3
v 8 3
v 9 4
v 10 4
v 11 4
v 12 4
e 1 8 2
e 2 3 2
e 3 4 1
e 3 5 1
e 4 6 2
e 4 9 1
e 5 7 2
e 5 10 1
e 6 8 1
e 6 11 1
e 7 8 1
e 7 12 1
t # 67662
v 0 27
v 1 1
v 2 1
v 3 2
v 4 3
v 5 3
v 6 3
v 7 3
v 8 3
v 9 3
v 10 4
v 11 4
v 12 4
v 13 4
e 3 4 1
e 4 5 2
e 4 6 1
e 5 7 1
e 5 10 1
e 6 8 2
e 6 11 1
e 7 9 2
e 7 12 1
e 8 9 1
e 8 13 1
t # 67663
v 0 1
v 1 1
v 2 1
v 3 1
v 4 1
v 5 3
v 6 3
v 7 3
v 8 3
v 9 3
v 10 3
v 11 3
v 12 3
v 13 4
v 14 4
v 15 4
v 16 4
v 17 4
v 18 4
e 0 8 1
e 0 16 1
e 1 11 1
e 1 17 1
e 2 12 1
e 2 18 1
e 3 11 2
e 4 12 2
e 5 7 1
e 5 8 2
e 5 11 1
e 6 7 2
e 6 9 1
e 6 12 1
e 7 13 1
e 8 10 1
e 9 10 2
e 9 14 1
e 10 15 1
t # 67664
v 0 18
v 1 18
v 2 18
v 3 18
v 4 3
v 5 3
v 6 3
v 7 3
v 8 3
v 9 3
v 10 4
v 11 4
e 4 5 2
e 4 8 1
e 5 9 1
e 6 7 1
e 6 8 2
e 7 9 2
e 8 10 1
e 9 11 1
t # 67665
v 0 12
v 1 1
v 2 1
v 3 3
v 4 3
v 5 3
v 6 3
v 7 3
v 8 3
v 9 3
v 10 4
v 11 4
v 12 4
v 13 4
v 14 4
e 0 7 1
e 1 4 1
e 1 14 1
e 2 9 2
e 3 4 2
e 3 5 1
e 3 9 1
e 4 6 1
e 5 7 2
e 5 10 1
e 6 8 2
e 6 11 1
e 7 8 1
e 8 12 1
e 9 13 1
t # 67666
v 0 2
v 1 3
v 2 3
v 3 3
v 4 3
v 5 3
v 6 3
v 7 3
v 8 3
v 9 3
v 10 3
v 11 4
v 12 4
v 13 4
v 14 4
v 15 4
v 16 4
v 17 4
v 18 4
v 19 4
e 0 1 1
e 0 2 1
e 0 3 1
e 1 4 2
e 1 5 1
e 2 6 2
e 2 11 1
e 3 7 2
e 3 12 1
e 4 8 1
e 4 13 1
e 5 9 2
e 5 14 1
e 6 7 1
e 6 15 1
e 7 16 1
e 8 10 2
e 8 17 1
e 9 10 1
e 9 18 1
e 10 19 1
t # 67667
v 0 12
v 1 1
v 2 1
v 3 2
v 4 3
v 5 3
v 6 3
v 7 3
v 8 3
v 9 3
v 10 3
v 11 4
v 12 4
v 13 4
v 14 4
v 15 4
v 16 4
e 0 8 1
e 1 10 1
e 1 16 1
e 2 10 2
e 3 5 1
e 3 14 1
e 3 15 1
e 4 5 2
e 4 6 1
e 4 10 1
e 5 7 1
e 6 8 2
e 6 11 1
e 7 9 2
e 7 12 1
e 8 9 1
e 9 13 1
t # 67668
v 0 1
v 1 1
v 2 1
v 3 3
v 4 3
v 5 3
v 6 3
v 7 3
v 8 3
v 9 3
v 10 3
v 11 4
v 12 4
v 13 4
v 14 4
v 15 4
v 16 4
v 17 4
v 18 4
e 0 9 1
e 0 10 1
e 1 9 2
e 2 10 2
e 3 4 1
e 3 5 1
e 3 11 1
e 3 12 1
e 4 6 1
e 4 13 1
e 4 14 1
e 5 7 1
e 5 15 1
e 5 16 1
e 6 8 1
e 6 17 1
e 6 18 1
e 7 8 2
e 7 9 1
e 8 10 1
t # 67669
v 0 12
v 1 12
v 2 12
v 3 2
v 4 3
v 5 3
v 6 3
v 7 3
v 8 3
v 9 3
v 10 4
v 11 4
v 12 4
v 13 4
e 0 5 1
e 1 6 1
e 2 9 1
e 3 4 1
e 3 12 1
e 3 13 1
e 4 5 2
e 4 6 1
e 5 7 1
e 6 8 2
e 7 9 2
e 7 10 1
e 8 9 1
e 8 11 1
t # 67670
v 0 12
v 1 12
v 2 12
v 3 2
v 4 3
v 5 3
v 6 3
v 7 3
v 8 3
v 9 3
v 10 4
v 11 4
v 12 4
v 13 4
e 0 5 1
e 1 7 1
e 2 9 1
e 3 4 1
e 3 12 1
e 3 13 1
e 4 5 2
e 4 6 1
e 5 7 1
e 6 8 2
e 6 10 1
e 7 9 2
e 8 9 1
e 8 11 1
t # 67671
v 0 1
v 1 1
v 2 1
v 3 1
v 4 2
v 5 3
v 6 3
v 7 3
v 8 3
v 9 3
v 10 3
v 11 3
v 12 3
v 13 3
v 14 3
v 15 3
v 16 3
v 17 3
v 18 3
v 19 4
v 20 4
v 21 4
v 22 4
v 23 4
v 24 4
v 25 4
v 26 4
v 27 4
v 28 4
v 29 4
v 30 4
v 31 4
v 32 4
v 33 4
v 34 4
v 35 4
v 36 4
v 37 4
v 38 4
v 39 4
e 0 11 1
e 0 15 1
e 1 12 1
e 1 16 1
e 2 11 2
e 3 12 2
e 4 8 1
e 4 9 1
e 4 23 1
e 5 6 1
e 5 7 1
e 5 10 1
e 5 19 1
e 6 8 2
e 6 11 1
e 7 9 2
e 7 12 1
e 8 13 1
e 9 14 1
e 10 20 1
e 10 21 1
e 10 22 1
e 13 24 1
e 13 25 1
e 13 26 1
e 14 27 1
e 14 28 1
e 14 29 1
e 15 17 1
e 15 30 1
e 15 31 1
e 16 18 1
e 16 32 1
e 16 33 1
e 17 34 1
e 17 35 1
e 17 36 1
e 18 37 1
e 18 38 1
e 18 39 1
t # 67672
v 0 18
v 1 18
v 2 18
v 3 18
v 4 1
v 5 1
v 6 1
v 7 3
v 8 3
v 9 3
v 10 3
v 11 3
v 12 3
v 13 3
v 14 3
e 4 13 1
e 4 14 1
e 5 13 2
e 6 14 2
e 7 8 2
e 7 9 1
e 7 13 1
e 8 10 1
e 8 14 1
e 9 11 2
e 10 12 2
e 11 12 1
t # 67673
v 0 1
v 1 2
v 2 2
v 3 3
v 4 3
v 5 3
v 6 3
v 7 3
v 8 4
v 9 4
v 10 4
v 11 4
v 12 4
v 13 4
v 14 4
v 15 4
v 16 4
v 17 4
v 18 4
v 19 4
e 0 3 2
e 1 3 1
e 1 4 1
e 1 5 1
e 2 3 1
e 2 6 1
e 2 7 1
e 4 8 1
e 4 9 1
e 4 10 1
e 5 11 1
e 5 12 1
e 5 13 1
e 6 14 1
e 6 15 1
e 6 16 1
e 7 17 1
e 7 18 1
e 7 19 1
t # 67674
v 0 1
v 1 1
v 2 1
v 3 1
v 4 2
v 5 3
v 6 3
v 7 3
v 8 3
v 9 3
v 10 3
v 11 3
v 12 3
v 13 4
v 14 4
v 15 4
v 16 4
v 17 4
v 18 4
v 19 4
v 20 4
v 21 4
v 22 4
v 23 4
v 24 4
v 25 4
v 26 4
v 27 4
v 28 4
v 29 4
v 30 4
v 31 4
v 32 4
e 0 9 1
e 0 29 1
e 1 10 1
e 1 30 1
e 2 11 1
e 2 31 1
e 3 12 1
e 3 32 1
e 4 5 1
e 4 6 1
e 4 7 1
e 4 8 1
e 5 9 1
e 5 13 1
e 5 14 1
e 6 10 1
e 6 15 1
e 6 16 1
e 7 11 1
e 7 17 1
e 7 18 1
e 8 12 1
e 8 19 1
e 8 20 1
e 9 21 1
e 9 22 1
e 10 23 1
e 10 24 1
e 11 25 1
e 11 26 1
e 12 27 1
e 12 28 1
t # 67675
v 0 3
v 1 3
v 2 3
v 3 3
v 4 3
v 5 3
v 6 3
v 7 3
v 8 3
v 9 3
v 10 3
v 11 3
v 12 3
v 13 3
v 14 3
v 15 3
v 16 3
v 17 3
v 18 3
v 19 3
v 20 3
v 21 3
v 22 3
v 23 3
v 24 3
v 25 3
v 26 3
v 27 3
v 28 3
v 29 3
v 30 3
v 31 3
v 32 3
v 33 3
v 34 3
v 35 3
v 36 4
v 37 4
v 38 4
v 39 4
v 40 4
v 41 4
v 42 4
v 43 4
v 44 4
v 45 4
v 46 4
v 47 4
v 48 4
v 49 4
v 50 4
v 51 4
v 52 4
v 53 4
v 54 4
v 55 4
v 56 4
v 57 4
v 58 4
v 59 4
v 60 4
v 61 4
v 62 4
v 63 4
v 64 4
v 65 4
v 66 4
v 67 4
v 68 4
v 69 4
v 70 4
v 71 4
v 72 4
v 73 4
v 74 4
v 75 4
v 76 4
v 77 4
v 78 4
v 79 4
v 80 4
v 81 4
v 82 4
v 83 4
v 84 4
v 85 4
v 86 4
v 87 4
v 88 4
v 89 4
v 90 4
v 91 4
v 92 4
v 93 4
v 94 4
v 95 4
v 96 4
v 97 4
v 98 4
v 99 4
v 100 4
v 101 4
v 102 4
v 103 4
v 104 4
v 105 4
v 106 4
v 107 4
v 108 4
v 109 4
e 0 1 1
e 0 2 1
e 0 36 1
e 0 37 1
e 1 3 1
e 1 38 1
e 1 39 1
e 2 4 1
e 2 40 1
e 2 41 1
e 3 5 1
e 3 42 1
e 3 43 1
e 4 6 1
e 4 44 1
e 4 45 1
e 5 7 1
e 5 46 1
e 5 47 1
e 6 8 1
e 6 48 1
e 6 49 1
e 7 9 1
e 7 50 1
e 7 51 1
e 8 10 1
e 8 52 1
e 8 53 1
e 9 11 1
e 9 54 1
e 9 55 1
e 10 12 1
e 10 56 1
e 10 57 1
e 11 13 1
e 11 58 1
e 11 59 1
e 12 14 1
e 12 60 1
e 12 61 1
e 13 15 1
e 13 62 1
e 13 63 1
e 14 16 1
e 14 64 1
e 14 65 1
e 15 17 1
e 15 66 1
e 15 67 1
e 16 18 1
e 16 68 1
e 16 69 1
e 17 19 1
e 17 70 1
e 17 71 1
e 18 20 1
e 18 72 1
e 18 73 1
e 19 21 1
e 19 74 1
e 19 75 1
e 20 22 1
e 20 76 1
e 20 77 1
e 21 23 1
e 21 78 1
e 21 79 1
e 22 24 1
e 22 80 1
e 22 81 1
e 23 25 1
e 23 82 1
e 23 83 1
e 24 26 1
e 24 84 1
e 24 85 1
e 25 27 1
e 25 86 1
e 25 87 1
e 26 28 1
e 26 88 1
e 26 89 1
e 27 29 1
e 27 90 1
e 27 91 1
e 28 30 1
e 28 92 1
e 28 93 1
e 29 31 1
e 29 94 1
e 29 95 1
e 30 32 1
e 30 96 1
e 30 97 1
e 31 33 1
e 31 98 1
e 31 99 1
e 32 34 1
e 32 100 1
e 32 101 1
e 33 35 1
e 33 102 1
e 33 103 1
e 34 104 1
e 34 105 1
e 34 106 1
e 35 107 1
e 35 108 1
e 35 109 1
t # 67676
v 0 3
v 1 3
v 2 3
v 3 3
v 4 3
v 5 3
v 6 3
v 7 3
v 8 3
v 9 3
v 10 3
v 11 3
v 12 3
v 13 3
v 14 3
v 15 3
v 16 3
v 17 3
v 18 3
v 19 3
v 20 3
v 21 3
v 22 3
v 23 3
v 24 3
v 25 3
v 26 3
v 27 3
v 28 4
v 29 4
v 30 4
v 31 4
v 32 4
v 33 4
v 34 4
v 35 4
v 36 4
v 37 4
v 38 4
v 39 4
v 40 4
v 41 4
v 42 4
v 43 4
v 44 4
v 45 4
v 46 4
v 47 4
v 48 4
v 49 4
v 50 4
v 51 4
v 52 4
v 53 4
v 54 4
v 55 4
v 56 4
v 57 4
v 58 4
v 59 4
v 60 4
v 61 4
v 62 4
v 63 4
v 64 4
v 65 4
v 66 4
v 67 4
v 68 4
v 69 4
v 70 4
v 71 4
v 72 4
v 73 4
v 74 4
v 75 4
v 76 4
v 77 4
v 78 4
v 79 4
v 80 4
v 81 4
v 82 4
v 83 4
v 84 4
v 85 4
e 0 1 1
e 0 2 1
e 0 28 1
e 0 29 1
e 1 3 1
e 1 30 1
e 1 31 1
e 2 4 1
e 2 32 1
e 2 33 1
e 3 5 1
e 3 34 1
e 3 35 1
e 4 6 1
e 4 36 1
e 4 37 1
e 5 7 1
e 5 38 1
e 5 39 1
e 6 8 1
e 6 40 1
e 6 41 1
e 7 9 1
e 7 42 1
e 7 43 1
e 8 10 1
e 8 44 1
e 8 45 1
e 9 11 1
e 9 46 1
e 9 47 1
e 10 12 1
e 10 48 1
e 10 49 1
e 11 13 1
e 11 50 1
e 11 51 1
e 12 14 1
e 12 52 1
e 12 53 1
e 13 15 1
e 13 54 1
e 13 55 1
e 14 16 1
e 14 56 1
e 14 57 1
e 15 17 1
e 15 58 1
e 15 59 1
e 16 18 1
e 16 60 1
e 16 61 1
e 17 19 1
e 17 62 1
e 17 63 1
e 18 20 1
e 18 64 1
e 18 65 1
e 19 21 1
e 19 66 1
e 19 67 1
e 20 22 1
e 20 68 1
e 20 69 1
e 21 23 1
e 21 70 1
e 21 71 1
e 22 24 1
e 22 72 1
e 22 73 1
e 23 25 1
e 23 74 1
e 23 75 1
e 24 26 1
e 24 76 1
e 24 77 1
e 25 27 1
e 25 78 1
e 25 79 1
e 26 80 1
e 26 81 1
e 26 82 1
e 27 83 1
e 27 84 1
e 27 85 1
t # 67677
v 0 3
v 1 3
v 2 3
v 3 3
v 4 3
v 5 3
v 6 3
v 7 3
v 8 3
v 9 3
v 10 3
v 11 3
v 12 3
v 13 3
v 14 3
v 15 3
v 16 3
v 17 3
v 18 3
v 19 3
v 20 3
v 21 3
v 22 3
v 23 3
v 24 3
v 25 3
v 26 4
v 27 4
v 28 4
v 29 4
v 30 4
v 31 4
v 32 4
v 33 4
v 34 4
v 35 4
v 36 4
v 37 4
v 38 4
v 39 4
v 40 4
v 41 4
v 42 4
v 43 4
v 44 4
v 45 4
v 46 4
v 47 4
v 48 4
v 49 4
v 50 4
v 51 4
v 52 4
v 53 4
v 54 4
v 55 4
v 56 4
v 57 4
v 58 4
v 59 4
v 60 4
v 61 4
v 62 4
v 63 4
v 64 4
v 65 4
v 66 4
v 67 4
v 68 4
v 69 4
v 70 4
v 71 4
v 72 4
v 73 4
v 74 4
v 75 4
v 76 4
v 77 4
v 78 4
v 79 4
e 0 1 1
e 0 2 1
e 0 26 1
e 0 27 1
e 1 3 1
e 1 28 1
e 1 29 1
e 2 4 1
e 2 30 1
e 2 31 1
e 3 5 1
e 3 32 1
e 3 33 1
e 4 6 1
e 4 34 1
e 4 35 1
e 5 7 1
e 5 36 1
e 5 37 1
e 6 8 1
e 6 38 1
e 6 39 1
e 7 9 1
e 7 40 1
e 7 41 1
e 8 10 1
e 8 42 1
e 8 43 1
e 9 11 1
e 9 44 1
e 9 45 1
e 10 12 1
e 10 46 1
e 10 47 1
e 11 13 1
e 11 48 1
e 11 49 1
e 12 14 1
e 12 50 1
e 12 51 1
e 13 15 1
e 13 52 1
e 13 53 1
e 14 16 1
e 14 54 1
e 14 55 1
e 15 17 1
e 15 56 1
e 15 57 1
e 16 18 1
e 16 58 1
e 16 59 1
e 17 19 1
e 17 60 1
e 17 61 1
e 18 20 1
e 18 62 1
e 18 63 1
e 19 21 1
e 19 64 1
e 19 65 1
e 20 22 1
e 20 66 1
e 20 67 1
e 21 23 1
e 21 68 1
e 21 69 1
e 22 24 1
e 22 70 1
e 22 71 1
e 23 25 1
e 23 72 1
e 23 73 1
e 24 74 1
e 24 75 1
e 24 76 1
e 25 77 1
e 25 78 1
e 25 79 1
t # 67678
v 0 3
v 1 3
v 2 3
v 3 3
v 4 3
v 5 3
v 6 3
v 7 3
v 8 3
v 9 3
v 10 3
v 11 3
v 12 3
v 13 3
v 14 3
v 15 3
v 16 3
v 17 3
v 18 3
v 19 3
v 20 3
v 21 3
v 22 4
v 23 4
v 24 4
v 25 4
v 26 4
v 27 4
v 28 4
v 29 4
v 30 4
v 31 4
v 32 4
v 33 4
v 34 4
v 35 4
v 36 4
v 37 4
v 38 4
v 39 4
v 40 4
v 41 4
v 42 4
v 43 4
v 44 4
v 45 4
v 46 4
v 47 4
v 48 4
v 49 4
v 50 4
v 51 4
v 52 4
v 53 4
v 54 4
v 55 4
v 56 4
v 57 4
v 58 4
v 59 4
v 60 4
v 61 4
v 62 4
v 63 4
v 64 4
v 65 4
v 66 4
v 67 4
e 0 1 1
e 0 2 1
e 0 22 1
e 0 23 1
e 1 3 1
e 1 24 1
e 1 25 1
e 2 4 1
e 2 26 1
e 2 27 1
e 3 5 1
e 3 28 1
e 3 29 1
e 4 6 1
e 4 30 1
e 4 31 1
e 5 7 1
e 5 32 1
e 5 33 1
e 6 8 1
e 6 34 1
e 6 35 1
e 7 9 1
e 7 36 1
e 7 37 1
e 8 10 1
e 8 38 1
e 8 39 1
e 9 11 1
e 9 40 1
e 9 41 1
e 10 12 1
e 10 42 1
e 10 43 1
e 11 13 1
e 11 44 1
e 11 45 1
e 12 14 1
e 12 46 1
e 12 47 1
e 13 15 1
e 13 48 1
e 13 49 1
e 14 16 1
e 14 50 1
e 14 51 1
e 15 17 1
e 15 52 1
e 15 53 1
e 16 18 1
e 16 54 1
e 16 55 1
e 17 19 1
e 17 56 1
e 17 57 1
e 18 20 1
e 18 58 1
e 18 59 1
e 19 21 1
e 19 60 1
e 19 61 1
e 20 62 1
e 20 63 1
e 20 64 1
e 21 65 1
e 21 66 1
e 21 67 1
t # 67679
v 0 3
v 1 3
v 2 3
v 3 3
v 4 3
v 5 3
v 6 3
v 7 3
v 8 3
v 9 3
v 10 3
v 11 3
v 12 3
v 13 3
v 14 3
v 15 3
v 16 3
v 17 3
v 18 3
v 19 4
v 20 4
v 21 4
v 22 4
v 23 4
v 24 4
v 25 4
v 26 4
v 27 4
v 28 4
v 29 4
v 30 4
v 31 4
v 32 4
v 33 4
v 34 4
v 35 4
v 36 4
v 37 4
v 38 4
v 39 4
v 40 4
v 41 4
v 42 4
v 43 4
v 44 4
v 45 4
v 46 4
v 47 4
v 48 4
v 49 4
v 50 4
v 51 4
v 52 4
v 53 4
v 54 4
v 55 4
v 56 4
v 57 4
v 58 4
e 0 1 1
e 0 2 1
e 0 19 1
e 0 20 1
e 1 3 1
e 1 21 1
e 1 22 1
e 2 4 1
e 2 23 1
e 2 24 1
e 3 5 1
e 3 25 1
e 3 26 1
e 4 6 1
e 4 27 1
e 4 28 1
e 5 7 1
e 5 29 1
e 5 30 1
e 6 8 1
e 6 31 1
e 6 32 1
e 7 9 1
e 7 33 1
e 7 34 1
e 8 10 1
e 8 35 1
e 8 36 1
e 9 11 1
e 9 37 1
e 9 38 1
e 10 12 1
e 10 39 1
e 10 40 1
e 11 13 1
e 11 41 1
e 11 42 1
e 12 14 1
e 12 43 1
e 12 44 1
e 13 15 1
e 13 45 1
e 13 46 1
e 14 16 1
e 14 47 1
e 14 48 1
e 15 17 1
e 15 49 1
e 15 50 1
e 16 18 1
e 16 51 1
e 16 52 1
e 17 53 1
e 17 54 1
e 17 55 1
e 18 56 1
e 18 57 1
e 18 58 1
t # 67680
v 0 1
v 1 3
v 2 3
v 3 3
v 4 3
v 5 3
v 6 3
v 7 3
v 8 3
v 9 3
v 10 3
v 11 3
v 12 3
v 13 3
v 14 3
v 15 3
v 16 4
v 17 4
v 18 4
v 19 4
v 20 4
v 21 4
v 22 4
v 23 4
v 24 4
v 25 4
v 26 4
v 27 4
v 28 4
v 29 4
v 30 4
v 31 4
v 32 4
v 33 4
v 34 4
v 35 4
v 36 4
v 37 4
v 38 4
v 39 4
v 40 4
v 41 4
v 42 4
v 43 4
v 44 4
v 45 4
v 46 4
v 47 4
e 0 14 1
e 0 47 1
e 1 2 1
e 1 3 1
e 1 16 1
e 1 17 1
e 2 4 1
e 2 18 1
e 2 19 1
e 3 5 1
e 3 20 1
e 3 21 1
e 4 6 1
e 4 22 1
e 4 23 1
e 5 7 1
e 5 24 1
e 5 25 1
e 6 8 1
e 6 26 1
e 6 27 1
e 7 9 1
e 7 28 1
e 7 29 1
e 8 10 1
e 8 30 1
e 8 31 1
e 9 11 1
e 9 32 1
e 9 33 1
e 10 12 1
e 10 34 1
e 10 35 1
e 11 13 1
e 11 36 1
e 11 37 1
e 12 14 1
e 12 38 1
e 12 39 1
e 13 15 1
e 13 40 1
e 13 41 1
e 14 42 1
e 14 43 1
e 15 44 1
e 15 45 1
e 15 46 1
t # 67681
v 0 3
v 1 3
v 2 3
v 3 3
v 4 3
v 5 3
v 6 3
v 7 3
v 8 3
v 9 3
v 10 3
v 11 3
v 12 3
v 13 3
v 14 3
v 15 3
v 16 4
v 17 4
v 18 4
v 19 4
v 20 4
v 21 4
v 22 4
v 23 4
v 24 4
v 25 4
v 26 4
v 27 4
v 28 4
v 29 4
v 30 4
v 31 4
v 32 4
v 33 4
v 34 4
v 35 4
v 36 4
v 37 4
v 38 4
v 39 4
v 40 4
v 41 4
v 42 4
v 43 4
v 44 4
v 45 4
v 46 4
v 47 4
e 0 1 1
e 0 2 1
e 0 16 1
e 0 17 1
e 1 3 1
e 1 18 1
e 1 19 1
e 2 4 1
e 2 20 1
e 2 21 1
e 3 5 1
e 3 22 1
e 3 23 1
e 4 6 1
e 4 24 1
e 4 25 1
e 5 7 1
e 5 26 1
e 5 27 1
e 6 8 1
e 6 28 1
e 6 29 1
e 7 9 1
e 7 30 1
e 7 31 1
e 8 10 1
e 8 32 1
e 8 33 1
e 9 11 1
e 9 34 1
e 9 35 1
e 10 12 1
e 10 36 1
e 10 37 1
e 11 13 1
e 11 38 1
e 11 39 1
e 12 14 1
e 12 40 1
e 12 41 1
e 13 42 1
e 13 43 1
e 13 44 1
e 14 15 2
e 14 45 1
e 15 46 1
e 15 47 1
t # 67682
v 0 2
v 1 3
v 2 3
v 3 3
v 4 3
v 5 3
v 6 3
v 7 3
v 8 3
v 9 3
v 10 3
v 11 3
v 12 3
v 13 3
v 14 4
v 15 4
v 16 4
v 17 4
v 18 4
v 19 4
v 20 4
v 21 4
v 22 4
v 23 4
v 24 4
v 25 4
v 26 4
v 27 4
v 28 4
v 29 4
v 30 4
v 31 4
v 32 4
v 33 4
v 34 4
v 35 4
v 36 4
v 37 4
v 38 4
e 1 2 1
e 1 3 1
e 1 14 1
e 1 15 1
e 2 4 1
e 2 16 1
e 2 17 1
e 3 5 1
e 3 18 1
e 3 19 1
e 4 6 1
e 4 20 1
e 4 21 1
e 5 7 1
e 5 22 1
e 5 23 1
e 6 8 1
e 6 24 1
e 6 25 1
e 7 9 1
e 7 26 1
e 7 27 1
e 8 10 1
e 8 28 1
e 8 29 1
e 9 11 1
e 9 30 1
e 9 31 1
e 10 12 1
e 10 32 1
e 10 33 1
e 11 13 1
e 11 34 1
e 11 35 1
e 12 36 1
e 12 37 1
e 12 38 1
t # 67683
v 0 3
v 1 3
v 2 3
v 3 3
v 4 3
v 5 3
v 6 3
v 7 3
v 8 3
v 9 3
v 10 3
v 11 3
v 12 3
v 13 4
v 14 4
v 15 4
v 16 4
v 17 4
v 18 4
v 19 4
v 20 4
v 21 4
v 22 4
v 23 4
v 24 4
v 25 4
v 26 4
v 27 4
v 28 4
v 29 4
v 30 4
v 31 4
v 32 4
v 33 4
v 34 4
v 35 4
v 36 4
v 37 4
v 38 4
v 39 4
v 40 4
e 0 1 1
e 0 2 1
e 0 13 1
e 0 14 1
e 1 3 1
e 1 15 1
e 1 16 1
e 2 4 1
e 2 17 1
e 2 18 1
e 3 5 1
e 3 19 1
e 3 20 1
e 4 6 1
e 4 21 1
e 4 22 1
e 5 7 1
e 5 23 1
e 5 24 1
e 6 8 1
e 6 25 1
e 6 26 1
e 7 9 1
e 7 27 1
e 7 28 1
e 8 10 1
e 8 29 1
e 8 30 1
e 9 11 1
e 9 31 1
e 9 32 1
e 10 12 1
e 10 33 1
e 10 34 1
e 11 35 1
e 11 36 1
e 11 37 1
e 12 38 1
e 12 39 1
e 12 40 1
t # 67684
v 0 12
v 1 12
v 2 1
v 3 3
v 4 3
v 5 3
v 6 3
v 7 3
v 8 3
v 9 4
v 10 4
v 11 4
v 12 4
v 13 4
v 14 4
v 15 4
v 16 4
v 17 4
v 18 4
v 19 4
v 20 4
e 0 7 1
e 1 8 1
e 2 3 1
e 2 4 1
e 3 5 1
e 3 9 1
e 3 10 1
e 4 6 1
e 4 11 1
e 4 12 1
e 5 7 1
e 5 13 1
e 5 14 1
e 6 8 1
e 6 15 1
e 6 16 1
e 7 17 1
e 7 18 1
e 8 19 1
e 8 20 1
t # 67685
v 0 1
v 1 1
v 2 3
v 3 3
v 4 3
v 5 3
v 6 3
v 7 3
v 8 3
v 9 4
v 10 4
v 11 4
v 12 4
v 13 4
v 14 4
v 15 4
v 16 4
v 17 4
v 18 4
v 19 4
v 20 4
v 21 4
v 22 4
v 23 4
v 24 4
e 0 7 1
e 0 23 1
e 1 8 1
e 1 24 1
e 2 3 1
e 2 4 1
e 2 9 1
e 2 10 1
e 3 5 1
e 3 11 1
e 3 12 1
e 4 6 1
e 4 13 1
e 4 14 1
e 5 7 1
e 5 15 1
e 5 16 1
e 6 8 1
e 6 17 1
e 6 18 1
e 7 19 1
e 7 20 1
e 8 21 1
e 8 22 1
t # 67686
v 0 1
v 1 1
v 2 1
v 3 1
v 4 3
v 5 3
v 6 3
v 7 3
v 8 4
v 9 4
v 10 4
v 11 4
v 12 4
v 13 4
e 0 4 1
e 0 6 1
e 1 5 1
e 1 7 1
e 2 6 2
e 3 7 2
e 4 5 1
e 4 8 1
e 4 9 1
e 5 10 1
e 5 11 1
e 6 12 1
e 7 13 1
t # 67687
v 0 1
v 1 1
v 2 3
v 3 3
v 4 3
v 5 3
v 6 3
v 7 3
v 8 4
v 9 4
v 10 4
v 11 4
v 12 4
v 13 4
v 14 4
v 15 4
v 16 4
v 17 4
v 18 4
v 19 4
v 20 4
v 21 4
e 0 6 1
e 0 20 1
e 1 7 1
e 1 21 1
e 2 3 1
e 2 4 1
e 2 8 1
e 2 9 1
e 3 5 1
e 3 10 1
e 3 11 1
e 4 6 1
e 4 12 1
e 4 13 1
e 5 7 1
e 5 14 1
e 5 15 1
e 6 16 1
e 6 17 1
e 7 18 1
e 7 19 1
t # 67688
v 0 18
v 1 3
v 2 3
v 3 3
v 4 3
v 5 3
v 6 3
v 7 3
v 8 4
v 9 4
v 10 4
v 11 4
v 12 4
v 13 4
v 14 4
v 15 4
v 16 4
v 17 4
v 18 4
v 19 4
v 20 4
v 21 4
v 22 4
e 1 2 1
e 1 3 1
e 1 8 1
e 1 9 1
e 2 4 1
e 2 10 1
e 2 11 1
e 3 5 1
e 3 12 1
e 3 13 1
e 4 6 1
e 4 14 1
e 4 15 1
e 5 7 1
e 5 16 1
e 5 17 1
e 6 18 1
e 6 19 1
e 7 20 1
e 7 21 1
e 7 22 1
t # 67689
v 0 18
v 1 18
v 2 3
v 3 3
v 4 3
v 5 3
v 6 3
v 7 3
v 8 4
v 9 4
v 10 4
v 11 4
v 12 4
v 13 4
v 14 4
v 15 4
v 16 4
v 17 4
v 18 4
v 19 4
e 2 3 1
e 2 4 1
e 2 8 1
e 2 9 1
e 3 5 1
e 3 10 1
e 3 11 1
e 4 6 1
e 4 12 1
e 4 13 1
e 5 7 1
e 5 14 1
e 5 15 1
e 6 16 1
e 6 17 1
e 7 18 1
e 7 19 1
t # 67690
v 0 1
v 1 3
v 2 3
v 3 3
v 4 3
v 5 3
v 6 3
v 7 3
v 8 3
v 9 3
v 10 4
v 11 4
v 12 4
v 13 4
v 14 4
v 15 4
v 16 4
v 17 4
v 18 4
v 19 4
v 20 4
v 21 4
v 22 4
v 23 4
v 24 4
v 25 4
v 26 4
v 27 4
v 28 4
v 29 4
e 0 6 1
e 0 29 1
e 1 2 1
e 1 3 1
e 1 10 1
e 1 11 1
e 2 4 1
e 2 12 1
e 2 13 1
e 3 5 1
e 3 14 1
e 3 15 1
e 4 6 1
e 4 16 1
e 4 17 1
e 5 7 1
e 5 18 1
e 5 19 1
e 6 8 1
e 6 20 1
e 7 9 1
e 7 21 1
e 7 22 1
e 8 23 1
e 8 24 1
e 8 25 1
e 9 26 1
e 9 27 1
e 9 28 1
t # 67691
v 0 1
v 1 1
v 2 2
v 3 2
v 4 3
v 5 3
v 6 3
v 7 3
v 8 3
v 9 3
v 10 4
v 11 4
v 12 4
v 13 4
v 14 4
v 15 4
v 16 4
v 17 4
v 18 4
v 19 4
v 20 4
v 21 4
e 0 8 2
e 1 9 2
e 2 8 1
e 2 18 1
e 2 19 1
e 3 9 1
e 3 20 1
e 3 21 1
e 4 5 1
e 4 6 1
e 4 10 1
e 4 11 1
e 5 7 1
e 5 12 1
e 5 13 1
e 6 8 1
e 6 14 1
e 6 15 1
e 7 9 1
e 7 16 1
e 7 17 1
t # 67692
v 0 11
v 1 2
v 2 3
v 3 3
v 4 3
v 5 3
v 6 3
v 7 4
v 8 4
v 9 4
v 10 4
v 11 4
v 12 4
v 13 4
v 14 4
v 15 4
e 0 4 1
e 0 6 1
e 2 3 1
e 2 4 1
e 2 7 1
e 2 8 1
e 3 5 1
e 3 9 1
e 3 10 1
e 4 11 1
e 4 12 1
e 5 13 1
e 5 14 1
e 5 15 1
t # 67693
v 0 12
v 1 3
v 2 3
v 3 3
v 4 3
v 5 3
v 6 3
v 7 3
v 8 3
v 9 4
v 10 4
v 11 4
v 12 4
v 13 4
v 14 4
v 15 4
v 16 4
v 17 4
v 18 4
v 19 4
v 20 4
v 21 4
v 22 4
v 23 4
v 24 4
v 25 4
e 0 5 1
e 1 2 1
e 1 3 1
e 1 9 1
e 1 10 1
e 2 4 1
e 2 11 1
e 2 12 1
e 3 5 1
e 3 13 1
e 3 14 1
e 4 6 1
e 4 15 1
e 4 16 1
e 5 7 1
e 5 17 1
e 6 8 1
e 6 18 1
e 6 19 1
e 7 20 1
e 7 21 1
e 7 22 1
e 8 23 1
e 8 24 1
e 8 25 1
t # 67694
v 0 1
v 1 1
v 2 3
v 3 3
v 4 3
v 5 3
v 6 3
v 7 3
v 8 3
v 9 4
v 10 4
v 11 4
v 12 4
v 13 4
v 14 4
v 15 4
v 16 4
v 17 4
v 18 4
v 19 4
v 20 4
v 21 4
v 22 4
e 0 8 1
e 0 22 1
e 1 8 2
e 2 3 1
e 2 5 1
e 2 6 1
e 2 9 1
e 3 4 1
e 3 10 1
e 3 11 1
e 4 7 1
e 4 12 1
e 4 13 1
e 5 14 1
e 5 15 1
e 5 16 1
e 6 17 1
e 6 18 1
e 6 19 1
e 7 8 1
e 7 20 1
e 7 21 1
t # 67695
v 0 27
v 1 27
v 2 3
v 3 3
v 4 3
v 5 3
v 6 4
v 7 4
v 8 4
v 9 4
v 10 4
v 11 4
v 12 4
v 13 4
e 2 3 1
e 2 4 1
e 2 6 1
e 2 7 1
e 3 5 1
e 3 8 1
e 3 9 1
e 4 10 1
e 4 11 1
e 5 12 1
e 5 13 1
t # 67696
v 0 12
v 1 2
v 2 3
v 3 3
v 4 3
v 5 3
v 6 4
v 7 4
v 8 4
v 9 4
v 10 4
v 11 4
e 0 4 1
e 2 3 1
e 2 4 1
e 2 6 1
e 2 7 1
e 3 5 1
e 3 8 1
e 3 9 1
e 4 10 1
e 4 11 1
t # 67697
v 0 1
v 1 2
v 2 3
v 3 3
v 4 3
v 5 3
v 6 3
v 7 3
v 8 4
v 9 4
v 10 4
v 11 4
v 12 4
v 13 4
v 14 4
v 15 4
v 16 4
v 17 4
v 18 4
v 19 4
v 20 4
e 0 7 2
e 1 7 1
e 1 19 1
e 1 20 1
e 2 3 1
e 2 4 1
e 2 8 1
e 2 9 1
e 3 5 1
e 3 10 1
e 3 11 1
e 4 6 1
e 4 12 1
e 4 13 1
e 5 7 1
e 5 14 1
e 5 15 1
e 6 16 1
e 6 17 1
e 6 18 1
t # 67698
v 0 3
v 1 3
v 2 3
v 3 3
v 4 3
v 5 3
v 6 3
v 7 3
v 8 4
v 9 4
v 10 4
v 11 4
v 12 4
v 13 4
v 14 4
v 15 4
v 16 4
v 17 4
v 18 4
v 19 4
v 20 4
v 21 4
v 22 4
v 23 4
e 0 1 1
e 0 2 1
e 0 8 1
e 0 9 1
e 1 3 1
e 1 10 1
e 1 11 1
e 2 4 1
e 2 12 1
e 2 13 1
e 3 5 2
e 3 14 1
e 4 15 1
e 4 16 1
e 4 17 1
e 5 6 1
e 5 7 1
e 6 18 1
e 6 19 1
e 6 20 1
e 7 21 1
e 7 22 1
e 7 23 1
t # 67699
v 0 1
v 1 1
v 2 1
v 3 1
v 4 3
v 5 3
v 6 3
v 7 3
v 8 3
v 9 3
v 10 3
v 11 3
v 12 4
v 13 4
v 14 4
v 15 4
v 16 4
v 17 4
v 18 4
v 19 4
v 20 4
v 21 4
v 22 4
v 23 4
v 24 4
v 25 4
e 0 8 1
e 0 10 1
e 1 9 1
e 1 11 1
e 2 8 2
e 3 9 2
e 4 5 1
e 4 6 1
e 4 12 1
e 4 13 1
e 5 7 1
e 5 14 1
e 5 15 1
e 6 8 1
e 6 16 1
e 6 17 1
e 7 9 1
e 7 18 1
e 7 19 1
e 10 20 1
e 10 21 1
e 10 22 1
e 11 23 1
e 11 24 1
e 11 25 1
