t # 67500
v 0 12
v 1 1
v 2 2
v 3 3
v 4 3
v 5 3
v 6 3
v 7 3
v 8 3
v 9 4
v 10 4
v 11 4
v 12 4
e 0 8 1
e 2 3 1
e 3 4 2
e 3 5 1
e 4 6 1
e 4 9 1
e 5 7 2
e 5 10 1
e 6 8 2
e 6 11 1
e 7 8 1
e 7 12 1
t # 67501
v 0 1
v 1 3
v 2 3
v 3 3
v 4 3
v 5 3
v 6 3
v 7 3
v 8 3
v 9 4
v 10 4
v 11 4
v 12 4
v 13 4
v 14 4
v 15 4
v 16 4
v 17 4
v 18 4
v 19 4
v 20 4
e 0 7 2
e 1 2 1
e 1 3 1
e 1 9 1
e 1 10 1
e 2 4 1
e 2 11 1
e 2 12 1
e 3 5 1
e 3 13 1
e 3 14 1
e 4 6 1
e 4 15 1
e 4 16 1
e 5 6 2
e 5 7 1
e 6 17 1
e 7 8 1
e 8 18 1
e 8 19 1
e 8 20 1
t # 67502
v 0 1
v 1 2
v 2 3
v 3 3
v 4 3
v 5 3
v 6 3
v 7 3
v 8 3
v 9 4
v 10 4
v 11 4
v 12 4
v 13 4
v 14 4
v 15 4
v 16 4
v 17 4
v 18 4
v 19 4
e 0 2 1
e 0 19 1
e 2 3 1
e 2 4 1
e 2 8 1
e 3 5 1
e 3 9 1
e 3 10 1
e 4 6 1
e 4 11 1
e 4 12 1
e 5 7 1
e 5 13 1
e 5 14 1
e 6 7 1
e 6 15 1
e 6 16 1
e 7 17 1
e 7 18 1
t # 67503
v 0 1
v 1 2
v 2 3
v 3 3
v 4 3
v 5 3
v 6 3
v 7 3
v 8 4
v 9 4
v 10 4
v 11 4
v 12 4
v 13 4
v 14 4
v 15 4
v 16 4
v 17 4
v 18 4
e 0 6 2
e 1 4 1
e 1 6 1
e 1 7 1
e 2 3 1
e 2 4 1
e 2 8 1
e 2 9 1
e 3 5 1
e 3 10 1
e 3 11 1
e 4 12 1
e 4 13 1
e 5 6 1
e 5 14 1
e 5 15 1
e 7 16 1
e 7 17 1
e 7 18 1
t # 67504
v 0 1
v 1 2
v 2 3
v 3 3
v 4 3
v 5 3
v 6 3
v 7 3
v 8 4
v 9 4
v 10 4
v 11 4
v 12 4
v 13 4
v 14 4
e 1 2 1
e 1 5 2
e 2 3 2
e 2 4 1
e 3 6 1
e 3 8 1
e 4 9 1
e 4 10 1
e 4 11 1
e 5 7 1
e 5 12 1
e 6 7 2
e 6 13 1
e 7 14 1
t # 67505
v 0 1
v 1 1
v 2 3
v 3 3
v 4 3
v 5 3
v 6 3
v 7 3
v 8 4
v 9 4
v 10 4
v 11 4
v 12 4
v 13 4
v 14 4
v 15 4
v 16 4
v 17 4
v 18 4
v 19 4
e 0 2 1
e 0 18 1
e 1 3 1
e 1 19 1
e 2 3 1
e 2 4 1
e 2 8 1
e 3 5 1
e 3 9 1
e 4 6 1
e 4 10 1
e 4 11 1
e 5 7 1
e 5 12 1
e 5 13 1
e 6 7 1
e 6 14 1
e 6 15 1
e 7 16 1
e 7 17 1
t # 67506
v 0 2
v 1 3
v 2 3
v 3 3
v 4 3
v 5 3
v 6 3
v 7 4
v 8 4
v 9 4
v 10 4
v 11 4
v 12 4
v 13 4
v 14 4
e 0 1 2
e 0 2 1
e 0 3 1
e 1 4 1
e 1 7 1
e 2 5 2
e 2 8 1
e 3 9 1
e 3 10 1
e 3 11 1
e 4 6 2
e 4 12 1
e 5 6 1
e 5 13 1
e 6 14 1
t # 67507
v 0 1
v 1 3
v 2 3
v 3 3
v 4 3
v 5 3
v 6 3
v 7 4
v 8 4
v 9 4
v 10 4
v 11 4
v 12 4
v 13 4
v 14 4
e 0 4 2
e 1 2 1
e 1 3 1
e 1 7 1
e 1 8 1
e 2 4 1
e 2 9 1
e 2 10 1
e 3 5 1
e 3 11 1
e 3 12 1
e 4 6 1
e 5 6 2
e 5 13 1
e 6 14 1
t # 67508
v 0 1
v 1 3
v 2 3
v 3 3
v 4 3
v 5 3
v 6 4
v 7 4
v 8 4
v 9 4
v 10 4
v 11 4
e 0 4 1
e 0 5 1
e 1 2 1
e 1 3 1
e 1 4 2
e 2 5 2
e 2 6 1
e 3 7 1
e 3 8 1
e 3 9 1
e 4 10 1
e 5 11 1
t # 67509
v 0 11
v 1 11
v 2 1
v 3 3
v 4 3
v 5 3
v 6 3
v 7 3
v 8 3
v 9 4
v 10 4
v 11 4
v 12 4
v 13 4
v 14 4
v 15 4
v 16 4
v 17 4
v 18 4
v 19 4
v 20 4
e 0 8 1
e 2 7 1
e 2 8 1
e 3 4 1
e 3 5 1
e 3 6 1
e 3 9 1
e 4 7 1
e 4 10 1
e 4 11 1
e 5 14 1
e 5 15 1
e 5 16 1
e 6 17 1
e 6 18 1
e 6 19 1
e 7 12 1
e 7 13 1
t # 67510
v 0 1
v 1 1
v 2 2
v 3 3
v 4 3
v 5 3
v 6 3
v 7 4
v 8 4
v 9 4
v 10 4
v 11 4
v 12 4
v 13 4
v 14 4
v 15 4
e 0 5 1
e 0 13 1
e 1 6 2
e 2 6 1
e 2 14 1
e 2 15 1
e 3 4 1
e 3 5 1
e 3 7 1
e 3 8 1
e 4 6 1
e 4 9 1
e 4 10 1
e 5 11 1
e 5 12 1
t # 67511
v 0 2
v 1 2
v 2 2
v 3 2
v 4 2
v 5 3
v 6 3
v 7 3
v 8 3
v 9 3
v 10 3
v 11 4
v 12 4
v 13 4
v 14 4
v 15 4
v 16 4
v 17 4
v 18 4
v 19 4
v 20 4
v 21 4
v 22 4
v 23 4
v 24 4
v 25 4
e 0 6 1
e 0 9 2
e 1 9 1
e 1 10 2
e 2 9 1
e 2 20 1
e 2 21 1
e 3 10 1
e 3 22 1
e 3 23 1
e 4 10 1
e 4 24 1
e 4 25 1
e 5 6 1
e 5 7 1
e 5 8 1
e 5 11 1
e 6 12 1
e 6 13 1
e 7 14 1
e 7 15 1
e 7 16 1
e 8 17 1
e 8 18 1
e 8 19 1
t # 67512
v 0 1
v 1 1
v 2 2
v 3 3
v 4 3
v 5 3
v 6 3
v 7 4
v 8 4
v 9 4
v 10 4
v 11 4
v 12 4
v 13 4
e 0 3 1
e 0 11 1
e 1 4 2
e 2 3 1
e 2 4 1
e 2 9 1
e 3 7 1
e 3 8 1
e 4 5 1
e 5 6 2
e 5 10 1
e 6 12 1
e 6 13 1
t # 67513
v 0 1
v 1 1
v 2 2
v 3 2
v 4 3
v 5 3
v 6 3
v 7 3
v 8 4
v 9 4
v 10 4
v 11 4
v 12 4
v 13 4
e 0 6 1
e 0 13 1
e 1 6 2
e 2 4 1
e 2 11 1
e 2 12 1
e 4 5 1
e 4 6 1
e 4 8 1
e 5 7 1
e 5 9 1
e 5 10 1
t # 67514
v 0 41
v 1 1
v 2 1
v 3 1
v 4 2
v 5 3
v 6 3
v 7 3
v 8 3
v 9 3
v 10 3
v 11 3
v 12 3
v 13 3
v 14 4
v 15 4
v 16 4
v 17 4
v 18 4
v 19 4
v 20 4
v 21 4
v 22 4
v 23 4
v 24 4
v 25 4
v 26 4
v 27 4
v 28 4
v 29 4
v 30 4
v 31 4
v 32 4
v 33 4
v 34 4
v 35 4
v 36 4
e 1 8 1
e 2 9 1
e 3 10 1
e 4 7 1
e 4 26 1
e 4 27 1
e 5 6 1
e 5 14 1
e 5 15 1
e 6 7 1
e 6 16 1
e 6 17 1
e 7 18 1
e 7 19 1
e 8 11 1
e 8 20 1
e 8 21 1
e 9 12 1
e 9 22 1
e 9 23 1
e 10 13 1
e 10 24 1
e 10 25 1
e 11 28 1
e 11 29 1
e 11 30 1
e 12 31 1
e 12 32 1
e 12 33 1
e 13 34 1
e 13 35 1
e 13 36 1
t # 67515
v 0 1
v 1 1
v 2 1
v 3 1
v 4 1
v 5 1
v 6 1
v 7 2
v 8 2
v 9 2
v 10 2
v 11 3
v 12 3
v 13 3
v 14 3
v 15 3
v 16 3
v 17 3
v 18 3
v 19 3
v 20 3
v 21 3
v 22 3
v 23 3
v 24 3
v 25 3
v 26 3
v 27 3
v 28 3
v 29 3
v 30 3
v 31 3
v 32 3
v 33 4
v 34 4
v 35 4
v 36 4
v 37 4
v 38 4
v 39 4
v 40 4
v 41 4
v 42 4
v 43 4
v 44 4
v 45 4
v 46 4
v 47 4
v 48 4
v 49 4
v 50 4
v 51 4
v 52 4
v 53 4
v 54 4
v 55 4
v 56 4
v 57 4
v 58 4
v 59 4
v 60 4
v 61 4
v 62 4
v 63 4
v 64 4
v 65 4
v 66 4
v 67 4
v 68 4
v 69 4
v 70 4
e 0 30 1
e 7 11 1
e 7 12 1
e 7 13 1
e 7 14 1
e 8 27 1
e 9 28 1
e 10 29 1
e 11 15 1
e 11 33 1
e 11 34 1
e 12 16 1
e 12 35 1
e 12 36 1
e 13 17 1
e 13 37 1
e 13 38 1
e 14 18 1
e 14 39 1
e 14 40 1
e 15 19 1
e 15 41 1
e 15 42 1
e 16 20 1
e 16 43 1
e 16 44 1
e 17 21 1
e 17 45 1
e 17 46 1
e 18 22 1
e 18 47 1
e 18 48 1
e 19 23 1
e 19 49 1
e 19 50 1
e 20 24 1
e 20 51 1
e 20 52 1
e 21 25 1
e 21 53 1
e 21 54 1
e 22 26 1
e 22 55 1
e 22 56 1
e 23 57 1
e 23 58 1
e 23 59 1
e 24 60 1
e 24 61 1
e 24 62 1
e 25 63 1
e 25 64 1
e 25 65 1
e 26 66 1
e 26 67 1
e 26 68 1
e 27 30 2
e 27 31 1
e 28 30 1
e 28 32 2
e 29 31 2
e 29 32 1
e 31 69 1
e 32 70 1
t # 67516
v 0 1
v 1 1
v 2 1
v 3 3
v 4 3
v 5 3
v 6 3
v 7 3
v 8 3
v 9 3
v 10 3
v 11 3
v 12 3
v 13 3
v 14 3
v 15 3
v 16 3
v 17 3
v 18 4
v 19 4
v 20 4
v 21 4
v 22 4
v 23 4
v 24 4
v 25 4
v 26 4
v 27 4
v 28 4
v 29 4
v 30 4
v 31 4
e 0 5 1
e 0 7 1
e 1 3 1
e 1 30 1
e 2 7 2
e 3 4 1
e 3 7 1
e 3 18 1
e 4 8 2
e 4 9 1
e 5 6 1
e 5 19 1
e 5 20 1
e 6 10 2
e 6 11 1
e 8 12 1
e 8 21 1
e 9 13 2
e 9 22 1
e 10 15 1
e 10 23 1
e 11 16 2
e 11 24 1
e 12 14 2
e 12 25 1
e 13 14 1
e 13 26 1
e 14 27 1
e 15 17 2
e 15 28 1
e 16 17 1
e 16 29 1
e 17 31 1
t # 67517
v 0 1
v 1 2
v 2 3
v 3 3
v 4 3
v 5 3
v 6 3
v 7 3
v 8 3
v 9 3
v 10 3
v 11 3
v 12 3
v 13 3
v 14 3
v 15 3
v 16 4
v 17 4
v 18 4
v 19 4
v 20 4
v 21 4
v 22 4
v 23 4
v 24 4
v 25 4
v 26 4
v 27 4
v 28 4
e 0 4 2
e 1 2 1
e 1 19 1
e 1 20 1
e 2 3 1
e 2 4 1
e 2 16 1
e 3 6 2
e 3 7 1
e 4 5 1
e 5 8 2
e 5 9 1
e 6 10 1
e 6 17 1
e 7 11 2
e 7 18 1
e 8 13 1
e 8 21 1
e 9 14 2
e 9 22 1
e 10 12 2
e 10 23 1
e 11 12 1
e 11 24 1
e 12 25 1
e 13 15 2
e 13 26 1
e 14 15 1
e 14 27 1
e 15 28 1
t # 67518
v 0 1
v 1 1
v 2 2
v 3 2
v 4 2
v 5 3
v 6 3
v 7 3
v 8 3
v 9 3
v 10 3
v 11 3
v 12 3
v 13 3
v 14 3
v 15 3
v 16 4
v 17 4
v 18 4
v 19 4
v 20 4
v 21 4
v 22 4
v 23 4
v 24 4
v 25 4
v 26 4
e 0 6 2
e 2 3 1
e 2 5 1
e 2 9 1
e 3 6 1
e 3 8 1
e 4 7 1
e 5 7 2
e 5 10 1
e 6 7 1
e 8 11 2
e 8 12 1
e 9 16 1
e 9 17 1
e 9 18 1
e 10 19 1
e 10 20 1
e 10 21 1
e 11 13 1
e 11 22 1
e 12 14 2
e 12 23 1
e 13 15 2
e 13 24 1
e 14 15 1
e 14 25 1
e 15 26 1
t # 67519
v 0 11
v 1 2
v 2 3
v 3 3
v 4 3
v 5 3
v 6 3
v 7 3
v 8 3
v 9 3
v 10 3
v 11 3
v 12 3
v 13 3
v 14 3
v 15 4
v 16 4
v 17 4
v 18 4
v 19 4
v 20 4
v 21 4
v 22 4
v 23 4
e 0 2 1
e 0 4 1
e 1 3 1
e 1 4 2
e 2 3 1
e 2 6 2
e 3 7 2
e 4 5 1
e 5 8 2
e 5 9 1
e 6 10 1
e 6 15 1
e 7 11 1
e 7 16 1
e 8 12 1
e 8 17 1
e 9 13 2
e 9 18 1
e 10 11 2
e 10 19 1
e 11 20 1
e 12 14 2
e 12 21 1
e 13 14 1
e 13 22 1
e 14 23 1
t # 67520
v 0 11
v 1 11
v 2 3
v 3 3
v 4 3
v 5 3
v 6 3
v 7 3
v 8 3
v 9 3
v 10 3
v 11 3
v 12 3
v 13 3
v 14 4
v 15 4
v 16 4
v 17 4
v 18 4
v 19 4
v 20 4
v 21 4
v 22 4
v 23 4
e 0 2 1
e 1 3 1
e 2 4 2
e 2 6 1
e 3 5 2
e 3 7 1
e 4 8 1
e 4 14 1
e 5 9 1
e 5 15 1
e 6 10 2
e 6 16 1
e 7 11 2
e 7 17 1
e 8 12 2
e 8 18 1
e 9 13 2
e 9 19 1
e 10 12 1
e 10 20 1
e 11 13 1
e 11 21 1
e 12 22 1
e 13 23 1
t # 67521
v 0 1
v 1 1
v 2 2
v 3 2
v 4 3
v 5 3
v 6 3
v 7 3
v 8 3
v 9 3
v 10 3
v 11 3
v 12 3
v 13 3
v 14 4
v 15 4
v 16 4
v 17 4
v 18 4
v 19 4
v 20 4
v 21 4
e 2 5 1
e 2 9 2
e 3 6 1
e 4 5 2
e 4 7 1
e 4 8 1
e 5 6 1
e 6 11 2
e 7 10 2
e 7 14 1
e 8 12 2
e 8 15 1
e 9 10 1
e 9 13 1
e 10 16 1
e 11 12 1
e 11 17 1
e 12 18 1
e 13 19 1
e 13 20 1
e 13 21 1
t # 67522
v 0 1
v 1 1
v 2 2
v 3 3
v 4 3
v 5 3
v 6 3
v 7 3
v 8 3
v 9 3
v 10 3
v 11 3
v 12 3
v 13 3
v 14 4
v 15 4
v 16 4
v 17 4
v 18 4
v 19 4
v 20 4
v 21 4
v 22 4
e 2 5 1
e 3 4 1
e 3 5 1
e 3 9 2
e 4 7 1
e 4 10 2
e 5 6 2
e 6 8 1
e 6 11 1
e 7 8 2
e 7 14 1
e 8 15 1
e 9 12 1
e 9 16 1
e 10 13 1
e 10 17 1
e 11 18 1
e 11 19 1
e 11 20 1
e 12 13 2
e 12 21 1
e 13 22 1
t # 67523
v 0 14
v 1 1
v 2 1
v 3 3
v 4 3
v 5 3
v 6 3
v 7 3
v 8 3
v 9 3
v 10 3
v 11 3
v 12 3
v 13 3
v 14 4
v 15 4
v 16 4
v 17 4
v 18 4
v 19 4
v 20 4
v 21 4
v 22 4
v 23 4
v 24 4
v 25 4
v 26 4
v 27 4
v 28 4
e 1 13 1
e 1 28 1
e 2 13 2
e 3 7 1
e 3 8 1
e 3 9 1
e 3 13 1
e 4 7 1
e 4 10 1
e 4 11 1
e 4 14 1
e 5 8 1
e 5 10 1
e 5 12 1
e 6 9 1
e 6 11 1
e 6 12 1
e 6 15 1
e 7 16 1
e 7 17 1
e 8 18 1
e 8 19 1
e 9 20 1
e 9 21 1
e 10 22 1
e 10 23 1
e 11 24 1
e 11 25 1
e 12 26 1
e 12 27 1
t # 67524
v 0 12
v 1 12
v 2 12
v 3 12
v 4 1
v 5 1
v 6 2
v 7 3
v 8 3
v 9 3
v 10 3
v 11 3
v 12 3
v 13 4
e 0 8 1
e 1 10 1
e 2 11 1
e 3 12 1
e 6 7 1
e 7 8 1
e 7 9 2
e 8 10 2
e 9 11 1
e 9 13 1
e 10 12 1
e 11 12 2
t # 67525
v 0 2
v 1 3
v 2 3
v 3 3
v 4 3
v 5 3
v 6 3
v 7 3
v 8 3
v 9 3
v 10 3
v 11 3
v 12 4
v 13 4
v 14 4
v 15 4
v 16 4
v 17 4
v 18 4
v 19 4
v 20 4
v 21 4
v 22 4
e 0 2 1
e 0 8 2
e 1 2 2
e 1 4 1
e 1 5 1
e 2 6 1
e 3 4 2
e 3 7 1
e 3 10 1
e 4 12 1
e 5 9 2
e 5 13 1
e 6 7 2
e 6 14 1
e 7 15 1
e 8 9 1
e 8 11 1
e 9 16 1
e 10 17 1
e 10 18 1
e 10 19 1
e 11 20 1
e 11 21 1
e 11 22 1
t # 67526
v 0 2
v 1 3
v 2 3
v 3 3
v 4 3
v 5 3
v 6 3
v 7 3
v 8 3
v 9 3
v 10 3
v 11 4
v 12 4
v 13 4
v 14 4
v 15 4
v 16 4
v 17 4
v 18 4
v 19 4
v 20 4
v 21 4
e 0 1 1
e 0 3 1
e 0 6 1
e 1 2 1
e 1 5 2
e 2 4 1
e 2 7 2
e 3 4 2
e 3 8 1
e 4 11 1
e 5 9 1
e 5 12 1
e 6 13 1
e 6 14 1
e 6 15 1
e 7 10 1
e 7 16 1
e 8 17 1
e 8 18 1
e 8 19 1
e 9 10 2
e 9 20 1
e 10 21 1
t # 67527
v 0 12
v 1 12
v 2 1
v 3 3
v 4 3
v 5 3
v 6 3
v 7 3
v 8 3
v 9 3
v 10 4
v 11 4
v 12 4
v 13 4
e 0 4 1
e 1 8 1
e 2 9 2
e 3 4 2
e 3 5 1
e 3 9 1
e 4 6 1
e 5 7 2
e 5 10 1
e 6 8 2
e 6 11 1
e 7 8 1
e 7 12 1
e 9 13 1
t # 67528
v 0 2
v 1 2
v 2 2
v 3 3
v 4 3
v 5 3
v 6 3
v 7 3
v 8 3
v 9 3
v 10 4
v 11 4
v 12 4
v 13 4
v 14 4
v 15 4
v 16 4
e 0 1 1
e 0 4 1
e 0 12 1
e 1 5 2
e 2 5 1
e 2 15 1
e 2 16 1
e 3 4 1
e 3 5 1
e 3 6 2
e 4 7 2
e 6 8 1
e 6 10 1
e 7 9 1
e 7 11 1
e 8 9 2
e 8 13 1
e 9 14 1
t # 67529
v 0 12
v 1 1
v 2 3
v 3 3
v 4 3
v 5 3
v 6 3
v 7 3
v 8 3
v 9 4
v 10 4
v 11 4
v 12 4
v 13 4
v 14 4
v 15 4
e 0 8 1
e 1 3 1
e 1 15 1
e 2 3 1
e 2 4 2
e 2 5 1
e 3 9 1
e 3 10 1
e 4 6 1
e 4 11 1
e 5 7 2
e 5 12 1
e 6 8 2
e 6 13 1
e 7 8 1
e 7 14 1
t # 67530
v 0 2
v 1 2
v 2 3
v 3 3
v 4 3
v 5 3
v 6 3
v 7 3
v 8 3
v 9 4
v 10 4
v 11 4
v 12 4
v 13 4
v 14 4
e 0 2 1
e 0 13 1
e 0 14 1
e 2 3 2
e 2 4 1
e 3 6 1
e 3 9 1
e 4 7 2
e 4 10 1
e 5 6 2
e 5 7 1
e 5 8 1
e 6 11 1
e 7 12 1
t # 67531
v 0 1
v 1 2
v 2 3
v 3 3
v 4 3
v 5 3
v 6 3
v 7 3
v 8 3
v 9 4
v 10 4
v 11 4
v 12 4
v 13 4
e 0 2 1
e 0 13 1
e 2 4 1
e 2 5 2
e 3 4 2
e 3 6 1
e 3 8 1
e 4 9 1
e 5 7 1
e 5 10 1
e 6 7 2
e 6 11 1
e 7 12 1
t # 67532
v 0 12
v 1 2
v 2 3
v 3 3
v 4 3
v 5 3
v 6 3
v 7 3
v 8 3
v 9 4
v 10 4
v 11 4
v 12 4
e 0 3 1
e 2 3 1
e 2 4 2
e 2 8 1
e 3 5 2
e 4 6 1
e 4 9 1
e 5 7 1
e 5 10 1
e 6 7 2
e 6 11 1
e 7 12 1
t # 67533
v 0 1
v 1 2
v 2 3
v 3 3
v 4 3
v 5 3
v 6 3
v 7 4
v 8 4
v 9 4
v 10 4
v 11 4
v 12 4
v 13 4
v 14 4
v 15 4
e 0 5 2
e 1 3 1
e 1 5 1
e 1 6 1
e 2 3 1
e 2 4 1
e 2 7 1
e 2 8 1
e 3 9 1
e 3 10 1
e 4 5 1
e 4 11 1
e 4 12 1
e 6 13 1
e 6 14 1
e 6 15 1
t # 67534
v 0 1
v 1 2
v 2 3
v 3 3
v 4 3
v 5 3
v 6 3
v 7 4
v 8 4
v 9 4
v 10 4
v 11 4
v 12 4
v 13 4
v 14 4
v 15 4
v 16 4
v 17 4
e 0 6 2
e 1 4 1
e 1 6 1
e 1 16 1
e 2 3 1
e 2 4 1
e 2 7 1
e 2 8 1
e 3 5 1
e 3 9 1
e 3 10 1
e 4 11 1
e 4 12 1
e 5 13 1
e 5 14 1
e 5 15 1
e 6 17 1
t # 67535
v 0 8
v 1 1
v 2 1
v 3 1
v 4 2
v 5 3
v 6 3
v 7 3
v 8 3
v 9 3
v 10 3
v 11 3
v 12 3
v 13 4
v 14 4
v 15 4
v 16 4
v 17 4
v 18 4
v 19 4
v 20 4
v 21 4
v 22 4
v 23 4
v 24 4
v 25 4
v 26 4
v 27 4
v 28 4
v 29 4
v 30 4
v 31 4
v 32 4
e 1 7 1
e 2 8 1
e 4 31 1
e 4 32 1
e 5 7 1
e 5 9 1
e 5 13 1
e 5 14 1
e 6 8 1
e 6 10 1
e 6 15 1
e 6 16 1
e 7 17 1
e 7 18 1
e 8 19 1
e 8 20 1
e 9 11 1
e 9 21 1
e 9 22 1
e 10 12 1
e 10 23 1
e 10 24 1
e 11 25 1
e 11 26 1
e 11 27 1
e 12 28 1
e 12 29 1
e 12 30 1
t # 67536
v 0 12
v 1 12
v 2 11
v 3 11
v 4 1
v 5 1
v 6 2
v 7 2
v 8 3
v 9 3
v 10 3
v 11 3
v 12 3
v 13 3
v 14 3
v 15 3
v 16 3
v 17 3
v 18 4
v 19 4
v 20 4
v 21 4
v 22 4
v 23 4
v 24 4
v 25 4
v 26 4
v 27 4
v 28 4
v 29 4
v 30 4
v 31 4
v 32 4
v 33 4
v 34 4
v 35 4
e 0 16 1
e 1 17 1
e 2 12 1
e 2 14 1
e 3 13 1
e 3 15 1
e 4 10 2
e 5 11 2
e 6 8 1
e 6 10 1
e 6 22 1
e 7 9 1
e 7 11 1
e 7 23 1
e 8 9 1
e 8 18 1
e 8 19 1
e 9 20 1
e 9 21 1
e 10 12 1
e 11 13 1
e 12 24 1
e 12 25 1
e 13 26 1
e 13 27 1
e 14 16 1
e 14 28 1
e 14 29 1
e 15 17 1
e 15 30 1
e 15 31 1
e 16 32 1
e 16 33 1
e 17 34 1
e 17 35 1
t # 67537
v 0 12
v 1 2
v 2 3
v 3 3
v 4 3
v 5 3
v 6 3
v 7 3
v 8 4
v 9 4
v 10 4
v 11 4
v 12 4
v 13 4
v 14 4
v 15 4
v 16 4
v 17 4
v 18 4
v 19 4
v 20 4
v 21 4
e 0 5 1
e 1 2 1
e 1 3 1
e 1 4 1
e 2 5 1
e 2 8 1
e 2 9 1
e 3 6 1
e 3 10 1
e 3 11 1
e 4 7 1
e 4 12 1
e 4 13 1
e 5 14 1
e 5 15 1
e 6 16 1
e 6 17 1
e 6 18 1
e 7 19 1
e 7 20 1
e 7 21 1
t # 67538
v 0 8
v 1 1
v 2 1
v 3 1
v 4 1
v 5 1
v 6 3
v 7 3
v 8 3
v 9 3
v 10 3
v 11 3
v 12 3
v 13 3
v 14 4
v 15 4
v 16 4
v 17 4
v 18 4
v 19 4
v 20 4
v 21 4
v 22 4
v 23 4
v 24 4
v 25 4
v 26 4
v 27 4
v 28 4
v 29 4
v 30 4
e 1 7 1
e 2 8 1
e 3 9 1
e 3 12 1
e 5 9 2
e 6 9 1
e 6 14 1
e 6 15 1
e 7 10 1
e 7 16 1
e 7 17 1
e 8 11 1
e 8 18 1
e 8 19 1
e 10 20 1
e 10 21 1
e 10 22 1
e 11 23 1
e 11 24 1
e 11 25 1
e 12 13 1
e 12 26 1
e 12 27 1
e 13 28 1
e 13 29 1
e 13 30 1
t # 67539
v 0 1
v 1 1
v 2 1
v 3 1
v 4 3
v 5 3
v 6 3
v 7 3
v 8 3
v 9 3
v 10 3
v 11 3
v 12 3
v 13 3
v 14 3
v 15 3
v 16 3
v 17 3
v 18 3
v 19 3
v 20 3
v 21 3
v 22 4
v 23 4
v 24 4
v 25 4
v 26 4
v 27 4
v 28 4
v 29 4
v 30 4
v 31 4
v 32 4
v 33 4
v 34 4
v 35 4
v 36 4
v 37 4
v 38 4
v 39 4
v 40 4
v 41 4
v 42 4
v 43 4
v 44 4
v 45 4
v 46 4
v 47 4
v 48 4
v 49 4
v 50 4
v 51 4
e 0 4 1
e 0 20 1
e 1 5 1
e 1 21 1
e 2 20 2
e 3 21 2
e 4 6 1
e 4 7 1
e 4 22 1
e 5 8 1
e 5 9 1
e 5 23 1
e 6 10 1
e 6 24 1
e 6 25 1
e 7 11 1
e 7 26 1
e 7 27 1
e 8 12 1
e 8 28 1
e 8 29 1
e 9 13 1
e 9 30 1
e 9 31 1
e 10 14 1
e 10 32 1
e 10 33 1
e 11 14 1
e 11 34 1
e 11 35 1
e 12 15 1
e 12 36 1
e 12 37 1
e 13 15 1
e 13 38 1
e 13 39 1
e 14 40 1
e 14 41 1
e 15 42 1
e 15 43 1
e 16 17 1
e 16 18 1
e 16 44 1
e 16 45 1
e 17 19 1
e 17 46 1
e 17 47 1
e 18 20 1
e 18 48 1
e 18 49 1
e 19 21 1
e 19 50 1
e 19 51 1
t # 67540
v 0 1
v 1 1
v 2 2
v 3 2
v 4 2
v 5 3
v 6 3
v 7 3
v 8 3
v 9 3
v 10 3
v 11 3
v 12 3
v 13 3
v 14 3
v 15 3
v 16 3
v 17 3
v 18 4
v 19 4
v 20 4
v 21 4
v 22 4
v 23 4
v 24 4
v 25 4
v 26 4
v 27 4
v 28 4
e 0 9 1
e 0 28 1
e 1 13 2
e 2 3 1
e 2 13 1
e 2 25 1
e 3 12 2
e 4 16 2
e 4 17 1
e 5 6 2
e 5 8 1
e 5 12 1
e 6 9 1
e 6 18 1
e 7 13 1
e 7 14 2
e 7 15 1
e 8 10 2
e 8 19 1
e 9 11 2
e 10 11 1
e 10 20 1
e 11 21 1
e 12 22 1
e 14 16 1
e 14 23 1
e 15 17 2
e 15 24 1
e 16 26 1
e 17 27 1
t # 67541
v 0 2
v 1 3
v 2 3
v 3 3
v 4 3
v 5 3
v 6 3
v 7 3
v 8 3
v 9 3
v 10 3
v 11 3
v 12 3
v 13 3
v 14 3
v 15 3
v 16 3
v 17 4
v 18 4
v 19 4
v 20 4
v 21 4
v 22 4
v 23 4
v 24 4
v 25 4
v 26 4
v 27 4
v 28 4
v 29 4
v 30 4
v 31 4
v 32 4
v 33 4
e 0 1 1
e 0 8 1
e 0 9 1
e 1 3 2
e 1 4 1
e 2 5 2
e 2 6 1
e 2 7 1
e 3 5 1
e 3 17 1
e 4 6 2
e 4 18 1
e 5 19 1
e 6 20 1
e 7 11 2
e 7 21 1
e 8 22 1
e 8 23 1
e 8 24 1
e 9 25 1
e 9 26 1
e 9 27 1
e 10 11 1
e 10 12 2
e 10 13 1
e 11 28 1
e 12 14 1
e 12 29 1
e 13 15 2
e 13 30 1
e 14 16 2
e 14 31 1
e 15 16 1
e 15 32 1
e 16 33 1
t # 67542
v 0 2
v 1 2
v 2 3
v 3 3
v 4 3
v 5 3
v 6 3
v 7 3
v 8 3
v 9 3
v 10 3
v 11 3
v 12 3
v 13 3
v 14 3
v 15 3
v 16 3
v 17 4
v 18 4
v 19 4
v 20 4
v 21 4
v 22 4
v 23 4
v 24 4
v 25 4
v 26 4
v 27 4
v 28 4
v 29 4
v 30 4
v 31 4
v 32 4
v 33 4
v 34 4
e 0 11 1
e 0 31 1
e 0 32 1
e 1 12 1
e 1 33 1
e 1 34 1
e 2 3 1
e 2 4 1
e 2 17 1
e 2 18 1
e 3 5 2
e 3 9 1
e 4 6 2
e 4 10 1
e 5 7 1
e 5 19 1
e 6 8 1
e 6 20 1
e 7 11 2
e 7 15 1
e 8 12 2
e 8 16 1
e 9 13 2
e 9 21 1
e 10 14 2
e 10 22 1
e 11 13 1
e 12 14 1
e 13 23 1
e 14 24 1
e 15 25 1
e 15 26 1
e 15 27 1
e 16 28 1
e 16 29 1
e 16 30 1
t # 67543
v 0 8
v 1 1
v 2 1
v 3 1
v 4 1
v 5 3
v 6 3
v 7 3
v 8 3
v 9 3
v 10 3
v 11 3
v 12 3
v 13 3
v 14 3
v 15 3
v 16 3
v 17 4
v 18 4
v 19 4
v 20 4
v 21 4
v 22 4
v 23 4
v 24 4
v 25 4
v 26 4
v 27 4
e 1 5 1
e 2 6 1
e 3 27 1
e 5 7 2
e 5 9 1
e 6 8 2
e 6 10 1
e 7 11 1
e 7 17 1
e 8 12 1
e 8 18 1
e 9 13 2
e 9 19 1
e 10 14 2
e 10 20 1
e 11 15 2
e 11 21 1
e 12 16 2
e 12 22 1
e 13 15 1
e 13 23 1
e 14 16 1
e 14 24 1
e 15 25 1
e 16 26 1
t # 67544
v 0 1
v 1 1
v 2 1
v 3 1
v 4 1
v 5 2
v 6 3
v 7 3
v 8 3
v 9 3
v 10 3
v 11 3
v 12 3
v 13 3
v 14 3
v 15 3
v 16 3
v 17 4
v 18 4
v 19 4
v 20 4
v 21 4
v 22 4
v 23 4
v 24 4
v 25 4
v 26 4
v 27 4
e 0 14 1
e 0 15 1
e 1 8 2
e 2 14 2
e 5 11 1
e 6 8 1
e 6 9 2
e 6 10 1
e 7 8 1
e 7 14 1
e 7 17 1
e 7 18 1
e 9 12 1
e 9 19 1
e 10 13 2
e 10 20 1
e 11 12 2
e 11 13 1
e 12 21 1
e 13 22 1
e 15 16 1
e 15 23 1
e 15 24 1
e 16 25 1
e 16 26 1
e 16 27 1
t # 67545
v 0 1
v 1 3
v 2 3
v 3 3
v 4 3
v 5 3
v 6 3
v 7 3
v 8 3
v 9 3
v 10 3
v 11 3
v 12 3
v 13 3
v 14 3
v 15 4
v 16 4
v 17 4
v 18 4
v 19 4
v 20 4
v 21 4
v 22 4
v 23 4
v 24 4
v 25 4
v 26 4
v 27 4
v 28 4
e 0 10 1
e 0 14 1
e 1 2 1
e 1 3 1
e 1 15 1
e 1 16 1
e 2 4 2
e 2 5 1
e 3 6 2
e 3 7 1
e 4 8 1
e 4 17 1
e 5 9 2
e 5 18 1
e 6 11 1
e 6 19 1
e 7 12 2
e 7 20 1
e 8 10 2
e 8 21 1
e 9 10 1
e 9 22 1
e 11 13 2
e 11 23 1
e 12 13 1
e 12 24 1
e 13 25 1
e 14 26 1
e 14 27 1
e 14 28 1
t # 67546
v 0 1
v 1 1
v 2 1
v 3 2
v 4 3
v 5 3
v 6 3
v 7 3
v 8 3
v 9 3
v 10 3
v 11 3
v 12 3
v 13 3
v 14 3
v 15 4
v 16 4
v 17 4
v 18 4
v 19 4
v 20 4
v 21 4
v 22 4
v 23 4
e 0 5 1
e 0 12 1
e 1 12 2
e 2 13 2
e 3 6 1
e 3 13 1
e 3 19 1
e 4 5 2
e 4 7 1
e 4 10 1
e 5 8 1
e 6 7 2
e 6 9 1
e 7 15 1
e 8 9 2
e 8 16 1
e 9 17 1
e 10 11 2
e 10 18 1
e 11 12 1
e 11 20 1
e 13 14 1
e 14 21 1
e 14 22 1
e 14 23 1
t # 67547
v 0 3
v 1 3
v 2 3
v 3 3
v 4 3
v 5 3
v 6 3
v 7 3
v 8 3
v 9 3
v 10 3
v 11 3
v 12 3
v 13 3
v 14 3
v 15 4
v 16 4
v 17 4
v 18 4
v 19 4
v 20 4
v 21 4
v 22 4
v 23 4
v 24 4
v 25 4
v 26 4
e 0 1 1
e 0 2 2
e 0 4 1
e 1 3 1
e 1 9 2
e 2 5 1
e 2 8 1
e 3 7 1
e 3 11 2
e 4 6 2
e 4 15 1
e 5 7 2
e 5 16 1
e 6 10 1
e 6 14 1
e 7 17 1
e 8 10 2
e 8 18 1
e 9 12 1
e 9 19 1
e 10 20 1
e 11 13 1
e 11 21 1
e 12 13 2
e 12 22 1
e 13 23 1
e 14 24 1
e 14 25 1
e 14 26 1
t # 67548
v 0 3
v 1 3
v 2 3
v 3 3
v 4 3
v 5 3
v 6 3
v 7 3
v 8 3
v 9 3
v 10 3
v 11 3
v 12 3
v 13 3
v 14 3
v 15 4
v 16 4
v 17 4
v 18 4
v 19 4
v 20 4
v 21 4
v 22 4
v 23 4
v 24 4
v 25 4
v 26 4
e 0 1 1
e 0 2 1
e 0 7 2
e 1 4 2
e 1 5 1
e 2 3 1
e 2 8 2
e 3 6 1
e 3 10 2
e 4 9 1
e 4 12 1
e 5 6 2
e 5 15 1
e 6 16 1
e 7 11 1
e 7 17 1
e 8 13 1
e 8 18 1
e 9 11 2
e 9 19 1
e 10 14 1
e 10 20 1
e 11 21 1
e 12 22 1
e 12 23 1
e 12 24 1
e 13 14 2
e 13 25 1
e 14 26 1
t # 67549
v 0 1
v 1 1
v 2 1
v 3 1
v 4 1
v 5 3
v 6 3
v 7 3
v 8 3
v 9 3
v 10 3
v 11 3
v 12 3
v 13 3
v 14 4
v 15 4
v 16 4
v 17 4
v 18 4
v 19 4
v 20 4
v 21 4
v 22 4
v 23 4
e 0 11 1
e 0 12 1
e 1 8 1
e 1 21 1
e 2 9 1
e 2 22 1
e 3 10 1
e 3 23 1
e 4 11 2
e 5 6 2
e 5 7 1
e 5 11 1
e 6 9 1
e 6 14 1
e 7 8 2
e 7 15 1
e 8 10 1
e 9 10 2
e 12 13 1
e 12 16 1
e 12 17 1
e 13 18 1
e 13 19 1
e 13 20 1
t # 67550
v 0 1
v 1 1
v 2 3
v 3 3
v 4 3
v 5 3
v 6 3
v 7 3
v 8 3
v 9 3
v 10 3
v 11 3
v 12 3
v 13 3
v 14 4
v 15 4
v 16 4
v 17 4
v 18 4
v 19 4
v 20 4
v 21 4
v 22 4
v 23 4
e 0 4 1
e 0 12 1
e 1 12 2
e 2 3 1
e 2 4 1
e 2 6 2
e 3 5 1
e 3 7 2
e 4 8 2
e 5 9 2
e 5 14 1
e 6 10 1
e 6 15 1
e 7 11 1
e 7 16 1
e 8 9 1
e 8 17 1
e 9 18 1
e 10 11 2
e 10 19 1
e 11 20 1
e 12 13 1
e 13 21 1
e 13 22 1
e 13 23 1
t # 67551
v 0 1
v 1 3
v 2 3
v 3 3
v 4 3
v 5 3
v 6 3
v 7 3
v 8 3
v 9 3
v 10 3
v 11 3
v 12 3
v 13 4
v 14 4
v 15 4
v 16 4
v 17 4
v 18 4
v 19 4
v 20 4
v 21 4
v 22 4
v 23 4
v 24 4
v 25 4
v 26 4
v 27 4
v 28 4
v 29 4
v 30 4
v 31 4
v 32 4
v 33 4
v 34 4
e 0 12 2
e 1 2 1
e 1 3 1
e 1 13 1
e 1 14 1
e 2 4 1
e 2 15 1
e 2 16 1
e 3 5 1
e 3 17 1
e 3 18 1
e 4 6 1
e 4 19 1
e 4 20 1
e 5 7 1
e 5 21 1
e 5 22 1
e 6 8 1
e 6 23 1
e 6 24 1
e 7 9 1
e 7 25 1
e 7 26 1
e 8 10 1
e 8 27 1
e 8 28 1
e 9 11 1
e 9 29 1
e 9 30 1
e 10 12 1
e 10 31 1
e 10 32 1
e 11 12 1
e 11 33 1
e 11 34 1
t # 67552
v 0 1
v 1 1
v 2 1
v 3 3
v 4 3
v 5 3
v 6 3
v 7 3
v 8 3
v 9 3
v 10 3
v 11 3
v 12 3
v 13 4
v 14 4
v 15 4
v 16 4
v 17 4
v 18 4
v 19 4
v 20 4
v 21 4
v 22 4
e 0 4 1
e 0 11 1
e 1 12 1
e 1 22 1
e 2 12 2
e 3 5 2
e 3 6 1
e 3 9 1
e 4 7 2
e 4 8 1
e 5 7 1
e 5 13 1
e 6 8 2
e 6 14 1
e 7 15 1
e 8 16 1
e 9 10 2
e 9 17 1
e 10 12 1
e 10 18 1
e 11 19 1
e 11 20 1
e 11 21 1
t # 67553
v 0 1
v 1 1
v 2 1
v 3 1
v 4 2
v 5 3
v 6 3
v 7 3
v 8 3
v 9 3
v 10 3
v 11 3
v 12 3
v 13 4
v 14 4
v 15 4
v 16 4
v 17 4
v 18 4
v 19 4
e 0 5 1
e 0 11 1
e 3 11 2
e 4 6 1
e 5 7 2
e 5 8 1
e 6 9 2
e 6 10 1
e 7 9 1
e 7 13 1
e 8 10 2
e 8 14 1
e 9 15 1
e 10 16 1
e 11 12 1
e 12 17 1
e 12 18 1
e 12 19 1
t # 67554
v 0 3
v 1 3
v 2 3
v 3 3
v 4 3
v 5 3
v 6 3
v 7 3
v 8 3
v 9 3
v 10 3
v 11 3
v 12 3
v 13 4
v 14 4
v 15 4
v 16 4
v 17 4
v 18 4
v 19 4
v 20 4
v 21 4
v 22 4
v 23 4
v 24 4
v 25 4
v 26 4
e 0 1 2
e 0 4 1
e 0 6 1
e 1 5 1
e 1 8 1
e 2 3 1
e 2 4 2
e 2 10 1
e 3 5 2
e 3 11 1
e 4 13 1
e 5 14 1
e 6 7 2
e 6 15 1
e 7 9 1
e 7 12 1
e 8 9 2
e 8 16 1
e 9 17 1
e 10 18 1
e 10 19 1
e 10 20 1
e 11 21 1
e 11 22 1
e 11 23 1
e 12 24 1
e 12 25 1
e 12 26 1
t # 67555
v 0 1
v 1 1
v 2 3
v 3 3
v 4 3
v 5 3
v 6 3
v 7 3
v 8 3
v 9 3
v 10 3
v 11 3
v 12 3
v 13 4
v 14 4
v 15 4
v 16 4
v 17 4
v 18 4
v 19 4
v 20 4
v 21 4
v 22 4
v 23 4
v 24 4
v 25 4
v 26 4
e 0 6 1
e 0 26 1
e 1 6 2
e 2 3 1
e 2 4 1
e 2 5 1
e 2 6 1
e 3 7 1
e 3 13 1
e 3 14 1
e 4 8 2
e 4 9 1
e 5 15 1
e 5 16 1
e 5 17 1
e 7 18 1
e 7 19 1
e 7 20 1
e 8 10 1
e 8 21 1
e 9 11 2
e 9 22 1
e 10 12 2
e 10 23 1
e 11 12 1
e 11 24 1
e 12 25 1
t # 67556
v 0 1
v 1 1
v 2 1
v 3 2
v 4 2
v 5 2
v 6 3
v 7 3
v 8 3
v 9 3
v 10 3
v 11 3
v 12 4
v 13 4
v 14 4
v 15 4
v 16 4
v 17 4
v 18 4
v 19 4
v 20 4
e 0 6 2
e 1 7 2
e 2 8 2
e 3 6 1
e 3 7 1
e 3 9 1
e 4 6 1
e 4 8 1
e 4 10 1
e 5 7 1
e 5 8 1
e 5 11 1
e 9 12 1
e 9 13 1
e 9 14 1
e 10 15 1
e 10 16 1
e 10 17 1
e 11 18 1
e 11 19 1
e 11 20 1
t # 67557
v 0 1
v 1 1
v 2 1
v 3 3
v 4 3
v 5 3
v 6 3
v 7 3
v 8 3
v 9 3
v 10 3
v 11 3
v 12 4
v 13 4
v 14 4
v 15 4
v 16 4
v 17 4
v 18 4
v 19 4
e 0 10 1
e 0 11 1
e 1 10 2
e 2 11 2
e 3 5 1
e 3 7 1
e 3 8 1
e 3 14 1
e 4 6 1
e 4 7 1
e 4 9 1
e 4 15 1
e 5 6 1
e 5 10 1
e 5 12 1
e 6 11 1
e 6 13 1
e 7 16 1
e 7 17 1
e 8 9 2
e 8 18 1
e 9 19 1
t # 67558
v 0 1
v 1 2
v 2 3
v 3 3
v 4 3
v 5 3
v 6 3
v 7 3
v 8 3
v 9 3
v 10 3
v 11 4
v 12 4
v 13 4
v 14 4
v 15 4
v 16 4
v 17 4
v 18 4
v 19 4
v 20 4
v 21 4
v 22 4
v 23 4
v 24 4
v 25 4
v 26 4
v 27 4
e 0 6 2
e 1 2 1
e 1 3 1
e 1 11 1
e 2 4 1
e 2 7 1
e 2 8 1
e 3 5 1
e 3 9 1
e 3 10 1
e 4 6 1
e 4 12 1
e 4 13 1
e 5 6 1
e 5 14 1
e 5 15 1
e 7 16 1
e 7 17 1
e 7 18 1
e 8 19 1
e 8 20 1
e 8 21 1
e 9 22 1
e 9 23 1
e 9 24 1
e 10 25 1
e 10 26 1
e 10 27 1
t # 67559
v 0 1
v 1 3
v 2 3
v 3 3
v 4 3
v 5 3
v 6 3
v 7 3
v 8 3
v 9 3
v 10 3
v 11 4
v 12 4
v 13 4
v 14 4
v 15 4
v 16 4
v 17 4
v 18 4
v 19 4
v 20 4
v 21 4
v 22 4
v 23 4
v 24 4
v 25 4
v 26 4
v 27 4
v 28 4
e 0 7 1
e 0 28 1
e 1 2 1
e 1 3 1
e 1 5 1
e 1 11 1
e 2 4 1
e 2 6 1
e 2 12 1
e 3 7 1
e 3 13 1
e 3 14 1
e 4 8 1
e 4 15 1
e 4 16 1
e 5 9 1
e 5 17 1
e 5 18 1
e 6 10 1
e 6 19 1
e 6 20 1
e 7 8 1
e 7 21 1
e 8 22 1
e 8 23 1
e 9 10 1
e 9 24 1
e 9 25 1
e 10 26 1
e 10 27 1
t # 67560
v 0 1
v 1 3
v 2 3
v 3 3
v 4 3
v 5 3
v 6 3
v 7 3
v 8 3
v 9 4
v 10 4
v 11 4
v 12 4
v 13 4
v 14 4
v 15 4
v 16 4
v 17 4
v 18 4
v 19 4
v 20 4
v 21 4
v 22 4
e 0 7 2
e 1 2 1
e 1 3 1
e 1 7 1
e 1 9 1
e 2 4 1
e 2 10 1
e 2 11 1
e 3 5 1
e 3 12 1
e 3 13 1
e 4 6 1
e 4 14 1
e 4 15 1
e 5 6 1
e 5 16 1
e 5 17 1
e 6 18 1
e 6 19 1
e 7 8 1
e 8 20 1
e 8 21 1
e 8 22 1
t # 67561
v 0 11
v 1 11
v 2 11
v 3 3
v 4 3
v 5 3
v 6 4
v 7 4
v 8 4
v 9 4
e 0 3 1
e 0 5 1
e 1 4 1
e 1 5 1
e 3 4 1
e 3 6 1
e 3 7 1
e 4 8 1
e 4 9 1
t # 67562
v 0 1
v 1 1
v 2 2
v 3 2
v 4 3
v 5 3
v 6 3
v 7 3
v 8 3
v 9 3
v 10 3
v 11 3
v 12 4
v 13 4
v 14 4
v 15 4
v 16 4
v 17 4
v 18 4
v 19 4
v 20 4
v 21 4
v 22 4
v 23 4
e 0 10 2
e 1 11 2
e 2 8 1
e 2 10 2
e 3 9 1
e 3 11 2
e 4 5 1
e 4 6 1
e 4 12 1
e 4 13 1
e 5 7 1
e 5 14 1
e 5 15 1
e 6 8 1
e 6 16 1
e 6 17 1
e 7 9 1
e 7 18 1
e 7 19 1
e 8 20 1
e 8 21 1
e 9 22 1
e 9 23 1
t # 67563
v 0 12
v 1 12
v 2 3
v 3 3
v 4 3
v 5 3
v 6 3
v 7 3
v 8 3
v 9 3
v 10 3
v 11 4
v 12 4
v 13 4
v 14 4
v 15 4
v 16 4
v 17 4
v 18 4
v 19 4
v 20 4
v 21 4
v 22 4
v 23 4
v 24 4
v 25 4
v 26 4
v 27 4
v 28 4
e 0 9 1
e 1 10 1
e 2 3 1
e 2 4 1
e 2 11 1
e 2 12 1
e 3 5 1
e 3 13 1
e 3 14 1
e 4 6 1
e 4 15 1
e 4 16 1
e 5 7 1
e 5 17 1
e 5 18 1
e 6 8 1
e 6 19 1
e 6 20 1
e 7 9 1
e 7 21 1
e 7 22 1
e 8 10 1
e 8 23 1
e 8 24 1
e 9 25 1
e 9 26 1
e 10 27 1
e 10 28 1
t # 67564
v 0 12
v 1 12
v 2 3
v 3 3
v 4 3
v 5 3
v 6 4
v 7 4
v 8 4
v 9 4
e 0 2 1
e 1 3 1
e 2 4 1
e 2 6 1
e 2 7 1
e 3 5 1
e 3 8 1
e 3 9 1
t # 67565
v 0 1
v 1 1
v 2 1
v 3 1
v 4 3
v 5 3
v 6 3
v 7 3
v 8 3
v 9 3
v 10 3
v 11 3
v 12 3
v 13 4
v 14 4
v 15 4
v 16 4
v 17 4
v 18 4
v 19 4
v 20 4
v 21 4
v 22 4
v 23 4
v 24 4
v 25 4
v 26 4
v 27 4
v 28 4
e 0 7 1
e 0 9 1
e 1 8 1
e 1 10 1
e 2 7 2
e 3 8 2
e 4 5 1
e 4 6 1
e 4 13 1
e 4 14 1
e 5 7 1
e 5 15 1
e 5 16 1
e 6 8 1
e 6 17 1
e 6 18 1
e 9 11 1
e 9 19 1
e 9 20 1
e 10 12 1
e 10 21 1
e 10 22 1
e 11 23 1
e 11 24 1
e 11 25 1
e 12 26 1
e 12 27 1
e 12 28 1
t # 67566
v 0 1
v 1 3
v 2 3
v 3 3
v 4 3
v 5 3
v 6 3
v 7 3
v 8 3
v 9 3
v 10 3
v 11 3
v 12 3
v 13 3
v 14 3
v 15 3
v 16 4
v 17 4
v 18 4
v 19 4
v 20 4
v 21 4
v 22 4
v 23 4
v 24 4
v 25 4
v 26 4
v 27 4
v 28 4
v 29 4
v 30 4
v 31 4
v 32 4
v 33 4
v 34 4
v 35 4
v 36 4
v 37 4
v 38 4
v 39 4
v 40 4
v 41 4
v 42 4
v 43 4
v 44 4
v 45 4
e 0 11 2
e 1 3 1
e 1 5 1
e 1 16 1
e 1 17 1
e 2 4 1
e 2 6 1
e 2 18 1
e 2 19 1
e 3 7 1
e 3 20 1
e 3 21 1
e 4 8 1
e 4 22 1
e 4 23 1
e 5 9 1
e 5 24 1
e 5 25 1
e 6 10 1
e 6 26 1
e 6 27 1
e 7 11 1
e 7 28 1
e 7 29 1
e 8 11 1
e 8 30 1
e 8 31 1
e 9 12 1
e 9 32 1
e 9 33 1
e 10 13 1
e 10 34 1
e 10 35 1
e 12 14 1
e 12 36 1
e 12 37 1
e 13 15 1
e 13 38 1
e 13 39 1
e 14 40 1
e 14 41 1
e 14 42 1
e 15 43 1
e 15 44 1
e 15 45 1
t # 67567
v 0 1
v 1 1
v 2 1
v 3 3
v 4 3
v 5 3
v 6 3
v 7 3
v 8 3
v 9 4
v 10 4
v 11 4
v 12 4
v 13 4
v 14 4
v 15 4
v 16 4
v 17 4
v 18 4
e 0 7 2
e 1 8 1
e 1 18 1
e 2 8 2
e 3 4 1
e 3 5 1
e 3 6 1
e 3 7 1
e 4 9 1
e 4 10 1
e 4 11 1
e 5 12 1
e 5 13 1
e 5 14 1
e 6 15 1
e 6 16 1
e 6 17 1
e 7 8 1
t # 67568
v 0 12
v 1 12
v 2 12
v 3 12
v 4 12
v 5 3
v 6 3
v 7 3
v 8 3
v 9 3
v 10 3
v 11 3
v 12 3
v 13 3
v 14 3
v 15 3
v 16 3
v 17 3
v 18 3
v 19 4
v 20 4
v 21 4
v 22 4
v 23 4
v 24 4
v 25 4
v 26 4
v 27 4
e 0 8 1
e 1 8 1
e 2 8 1
e 3 11 1
e 4 17 1
e 5 6 1
e 5 7 1
e 5 8 1
e 5 19 1
e 6 9 2
e 6 10 1
e 7 11 1
e 7 12 2
e 9 13 1
e 9 20 1
e 10 14 2
e 10 21 1
e 11 15 2
e 12 16 1
e 12 22 1
e 13 17 2
e 13 23 1
e 14 17 1
e 14 24 1
e 15 18 1
e 15 25 1
e 16 18 2
e 16 26 1
e 18 27 1
t # 67569
v 0 1
v 1 1
v 2 2
v 3 2
v 4 3
v 5 3
v 6 3
v 7 3
v 8 3
v 9 3
v 10 3
v 11 3
v 12 3
v 13 3
v 14 3
v 15 3
v 16 3
v 17 3
v 18 4
v 19 4
v 20 4
v 21 4
v 22 4
v 23 4
v 24 4
v 25 4
v 26 4
v 27 4
v 28 4
v 29 4
e 0 6 2
e 1 7 2
e 2 3 1
e 2 6 1
e 2 22 1
e 3 7 1
e 3 23 1
e 4 6 1
e 4 8 2
e 4 10 1
e 5 7 1
e 5 9 2
e 5 11 1
e 8 12 1
e 8 18 1
e 9 13 1
e 9 19 1
e 10 14 2
e 10 20 1
e 11 15 2
e 11 21 1
e 12 16 2
e 12 24 1
e 13 17 2
e 13 25 1
e 14 16 1
e 14 26 1
e 15 17 1
e 15 27 1
e 16 28 1
e 17 29 1
t # 67570
v 0 12
v 1 12
v 2 12
v 3 3
v 4 3
v 5 3
v 6 3
v 7 3
v 8 3
v 9 3
v 10 3
v 11 3
v 12 3
v 13 3
v 14 3
v 15 3
v 16 4
v 17 4
v 18 4
v 19 4
v 20 4
v 21 4
v 22 4
v 23 4
v 24 4
e 0 3 1
e 1 14 1
e 2 15 1
e 3 4 1
e 3 5 1
e 3 16 1
e 4 6 2
e 4 8 1
e 5 7 2
e 5 9 1
e 6 10 1
e 6 17 1
e 7 11 1
e 7 18 1
e 8 12 2
e 8 19 1
e 9 13 2
e 9 20 1
e 10 14 2
e 10 21 1
e 11 15 2
e 11 22 1
e 12 14 1
e 12 23 1
e 13 15 1
e 13 24 1
t # 67571
v 0 1
v 1 1
v 2 3
v 3 3
v 4 3
v 5 3
v 6 3
v 7 3
v 8 3
v 9 3
v 10 3
v 11 3
v 12 3
v 13 3
v 14 3
v 15 3
v 16 4
v 17 4
v 18 4
v 19 4
v 20 4
v 21 4
v 22 4
v 23 4
v 24 4
v 25 4
v 26 4
v 27 4
v 28 4
v 29 4
e 0 15 1
e 0 29 1
e 1 15 2
e 2 3 1
e 2 4 1
e 2 16 1
e 2 17 1
e 3 5 1
e 3 8 2
e 4 7 1
e 4 18 1
e 4 19 1
e 5 6 1
e 5 9 2
e 6 10 1
e 6 12 2
e 7 15 1
e 7 20 1
e 7 21 1
e 8 11 1
e 8 22 1
e 9 13 1
e 9 23 1
e 10 11 2
e 10 24 1
e 11 25 1
e 12 14 1
e 12 26 1
e 13 14 2
e 13 27 1
e 14 28 1
t # 67572
v 0 41
v 1 1
v 2 1
v 3 1
v 4 3
v 5 3
v 6 3
v 7 3
v 8 3
v 9 3
v 10 3
v 11 3
v 12 3
v 13 3
v 14 3
v 15 3
v 16 4
v 17 4
v 18 4
v 19 4
v 20 4
v 21 4
v 22 4
v 23 4
v 24 4
v 25 4
v 26 4
v 27 4
v 28 4
v 29 4
v 30 4
v 31 4
v 32 4
v 33 4
v 34 4
v 35 4
e 1 7 1
e 2 8 1
e 3 9 1
e 4 5 2
e 4 6 1
e 5 10 1
e 5 16 1
e 6 11 2
e 6 17 1
e 7 13 1
e 7 18 1
e 7 19 1
e 8 14 1
e 8 20 1
e 8 21 1
e 9 15 1
e 9 22 1
e 9 23 1
e 10 12 2
e 10 24 1
e 11 12 1
e 11 25 1
e 12 26 1
e 13 27 1
e 13 28 1
e 13 29 1
e 14 30 1
e 14 31 1
e 14 32 1
e 15 33 1
e 15 34 1
e 15 35 1
t # 67573
v 0 3
v 1 3
v 2 3
v 3 3
v 4 3
v 5 3
v 6 3
v 7 3
v 8 3
v 9 3
v 10 3
v 11 3
v 12 3
v 13 3
v 14 3
v 15 4
v 16 4
v 17 4
v 18 4
v 19 4
v 20 4
v 21 4
v 22 4
v 23 4
v 24 4
v 25 4
v 26 4
v 27 4
v 28 4
e 0 1 1
e 0 2 2
e 0 4 1
e 1 5 2
e 1 6 1
e 2 3 1
e 2 15 1
e 3 7 2
e 3 8 1
e 4 16 1
e 4 17 1
e 4 18 1
e 5 9 1
e 5 19 1
e 6 10 2
e 6 20 1
e 7 12 1
e 7 21 1
e 8 13 2
e 8 22 1
e 9 11 2
e 9 23 1
e 10 11 1
e 10 24 1
e 11 25 1
e 12 14 2
e 12 26 1
e 13 14 1
e 13 27 1
e 14 28 1
t # 67574
v 0 11
v 1 1
v 2 1
v 3 1
v 4 3
v 5 3
v 6 3
v 7 3
v 8 3
v 9 3
v 10 3
v 11 3
v 12 3
v 13 3
v 14 3
v 15 4
v 16 4
v 17 4
v 18 4
v 19 4
v 20 4
v 21 4
v 22 4
v 23 4
v 24 4
v 25 4
v 26 4
v 27 4
v 28 4
v 29 4
v 30 4
e 0 2 2
e 0 3 2
e 0 7 1
e 1 5 1
e 4 5 1
e 4 6 1
e 4 15 1
e 4 16 1
e 5 17 1
e 5 18 1
e 6 8 1
e 6 19 1
e 6 20 1
e 7 9 2
e 7 10 1
e 8 21 1
e 8 22 1
e 8 23 1
e 9 12 1
e 9 24 1
e 10 13 2
e 10 25 1
e 11 12 2
e 11 13 1
e 11 14 1
e 12 26 1
e 13 27 1
e 14 28 1
e 14 29 1
e 14 30 1
t # 67575
v 0 14
v 1 2
v 2 2
v 3 3
v 4 3
v 5 3
v 6 3
v 7 3
v 8 3
v 9 3
v 10 3
v 11 3
v 12 3
v 13 3
v 14 4
v 15 4
v 16 4
v 17 4
v 18 4
v 19 4
v 20 4
v 21 4
v 22 4
v 23 4
v 24 4
v 25 4
v 26 4
e 1 7 1
e 1 8 1
e 1 21 1
e 2 6 1
e 2 25 1
e 2 26 1
e 3 4 1
e 3 6 1
e 3 9 1
e 3 14 1
e 4 5 1
e 4 8 2
e 5 7 2
e 5 10 1
e 6 15 1
e 6 16 1
e 7 11 1
e 8 17 1
e 9 18 1
e 9 19 1
e 9 20 1
e 10 12 2
e 10 22 1
e 11 13 2
e 11 23 1
e 12 13 1
e 13 24 1
t # 67576
v 0 1
v 1 1
v 2 2
v 3 2
v 4 3
v 5 3
v 6 3
v 7 3
v 8 3
v 9 3
v 10 3
v 11 3
v 12 3
v 13 3
v 14 4
v 15 4
v 16 4
v 17 4
v 18 4
v 19 4
v 20 4
v 21 4
e 2 6 1
e 3 7 1
e 3 20 1
e 3 21 1
e 4 5 1
e 4 6 1
e 4 8 2
e 5 7 1
e 5 9 2
e 6 10 2
e 7 11 2
e 8 12 1
e 8 14 1
e 9 13 1
e 9 15 1
e 10 11 1
e 10 16 1
e 11 17 1
e 12 13 2
e 12 18 1
e 13 19 1
t # 67577
v 0 1
v 1 1
v 2 1
v 3 3
v 4 3
v 5 3
v 6 3
v 7 3
v 8 3
v 9 3
v 10 3
v 11 3
v 12 3
v 13 4
v 14 4
v 15 4
v 16 4
v 17 4
v 18 4
v 19 4
v 20 4
v 21 4
v 22 4
v 23 4
v 24 4
e 0 7 1
e 0 10 1
e 1 3 1
e 1 21 1
e 2 7 2
e 3 4 1
e 3 7 1
e 3 13 1
e 4 5 2
e 4 6 1
e 5 8 1
e 5 14 1
e 6 9 2
e 6 15 1
e 8 11 2
e 8 16 1
e 9 11 1
e 9 17 1
e 10 12 1
e 10 18 1
e 10 19 1
e 11 20 1
e 12 22 1
e 12 23 1
e 12 24 1
t # 67578
v 0 12
v 1 11
v 2 1
v 3 1
v 4 3
v 5 3
v 6 3
v 7 3
v 8 3
v 9 3
v 10 3
v 11 3
v 12 3
v 13 4
v 14 4
v 15 4
v 16 4
v 17 4
v 18 4
v 19 4
v 20 4
v 21 4
v 22 4
v 23 4
e 1 2 2
e 1 3 2
e 1 4 1
e 4 5 2
e 4 6 1
e 5 8 1
e 5 10 1
e 6 9 2
e 6 11 1
e 7 8 2
e 7 9 1
e 7 12 1
e 8 13 1
e 9 14 1
e 10 15 1
e 10 16 1
e 10 17 1
e 11 18 1
e 11 19 1
e 11 20 1
e 12 21 1
e 12 22 1
e 12 23 1
t # 67579
v 0 18
v 1 1
v 2 1
v 3 1
v 4 2
v 5 3
v 6 3
v 7 3
v 8 3
v 9 3
v 10 3
v 11 3
v 12 4
v 13 4
v 14 4
v 15 4
v 16 4
v 17 4
e 1 7 1
e 1 17 1
e 4 8 1
e 5 6 1
e 5 7 2
e 5 11 1
e 6 8 2
e 6 12 1
e 7 9 1
e 8 10 1
e 9 10 2
e 9 13 1
e 10 14 1
e 11 15 1
e 11 16 1
t # 67580
v 0 3
v 1 3
v 2 3
v 3 3
v 4 3
v 5 3
v 6 3
v 7 3
v 8 3
v 9 3
v 10 3
v 11 3
v 12 4
v 13 4
v 14 4
v 15 4
v 16 4
v 17 4
v 18 4
v 19 4
v 20 4
v 21 4
v 22 4
v 23 4
v 24 4
v 25 4
e 0 1 1
e 0 2 1
e 0 12 1
e 0 13 1
e 1 3 1
e 1 14 1
e 1 15 1
e 2 4 1
e 2 16 1
e 2 17 1
e 3 5 1
e 3 18 1
e 3 19 1
e 4 5 2
e 4 6 1
e 5 20 1
e 6 7 2
e 6 8 1
e 7 9 1
e 7 21 1
e 8 10 2
e 8 22 1
e 9 11 2
e 9 23 1
e 10 11 1
e 10 24 1
e 11 25 1
t # 67581
v 0 2
v 1 3
v 2 3
v 3 3
v 4 3
v 5 3
v 6 3
v 7 3
v 8 3
v 9 3
v 10 4
v 11 4
v 12 4
v 13 4
v 14 4
v 15 4
v 16 4
v 17 4
v 18 4
v 19 4
v 20 4
v 21 4
v 22 4
v 23 4
v 24 4
v 25 4
v 26 4
v 27 4
v 28 4
e 0 1 1
e 0 2 1
e 0 16 1
e 1 3 1
e 1 6 1
e 1 7 1
e 2 4 1
e 2 8 1
e 2 9 1
e 3 5 1
e 3 10 1
e 3 11 1
e 4 5 1
e 4 12 1
e 4 13 1
e 5 14 1
e 5 15 1
e 6 17 1
e 6 18 1
e 6 19 1
e 7 20 1
e 7 21 1
e 7 22 1
e 8 23 1
e 8 24 1
e 8 25 1
e 9 26 1
e 9 27 1
e 9 28 1
t # 67582
v 0 3
v 1 3
v 2 3
v 3 3
v 4 3
v 5 3
v 6 3
v 7 3
v 8 3
v 9 3
v 10 4
v 11 4
v 12 4
v 13 4
v 14 4
v 15 4
v 16 4
v 17 4
v 18 4
v 19 4
v 20 4
v 21 4
e 0 2 1
e 0 3 2
e 0 4 1
e 1 2 2
e 1 5 1
e 1 6 1
e 2 10 1
e 3 7 1
e 3 11 1
e 4 8 2
e 4 12 1
e 5 13 1
e 5 14 1
e 5 15 1
e 6 16 1
e 6 17 1
e 6 18 1
e 7 9 2
e 7 19 1
e 8 9 1
e 8 20 1
e 9 21 1
t # 67583
v 0 12
v 1 41
v 2 3
v 3 3
v 4 3
v 5 3
v 6 3
v 7 3
v 8 3
v 9 3
v 10 4
v 11 4
v 12 4
v 13 4
v 14 4
v 15 4
v 16 4
v 17 4
v 18 4
v 19 4
v 20 4
e 2 5 2
e 2 6 1
e 3 10 1
e 3 11 1
e 3 12 1
e 4 13 1
e 4 14 1
e 4 15 1
e 5 7 1
e 5 16 1
e 6 8 2
e 6 17 1
e 7 9 2
e 7 18 1
e 8 9 1
e 8 19 1
e 9 20 1
t # 67584
v 0 2
v 1 2
v 2 2
v 3 3
v 4 3
v 5 3
v 6 3
v 7 3
v 8 3
v 9 4
v 10 4
v 11 4
v 12 4
v 13 4
v 14 4
v 15 4
v 16 4
v 17 4
e 0 3 2
e 0 8 1
e 1 4 1
e 1 8 2
e 2 8 1
e 2 16 1
e 2 17 1
e 3 5 1
e 3 6 1
e 4 5 2
e 4 7 1
e 5 9 1
e 6 10 1
e 6 11 1
e 6 12 1
e 7 13 1
e 7 14 1
e 7 15 1
t # 67585
v 0 1
v 1 2
v 2 3
v 3 3
v 4 3
v 5 3
v 6 3
v 7 3
v 8 3
v 9 4
v 10 4
v 11 4
v 12 4
v 13 4
e 0 2 1
e 0 13 1
e 2 4 2
e 2 5 1
e 3 6 2
e 3 7 1
e 3 8 1
e 4 6 1
e 4 9 1
e 5 7 2
e 5 10 1
e 6 11 1
e 7 12 1
t # 67586
v 0 12
v 1 2
v 2 3
v 3 3
v 4 3
v 5 3
v 6 3
v 7 3
v 8 3
v 9 4
v 10 4
v 11 4
v 12 4
e 0 5 1
e 2 3 2
e 2 4 1
e 2 8 1
e 3 5 1
e 3 9 1
e 4 6 2
e 4 10 1
e 5 7 2
e 6 7 1
e 6 12 1
e 7 11 1
t # 67587
v 0 18
v 1 3
v 2 3
v 3 3
v 4 3
v 5 3
v 6 3
v 7 3
v 8 3
v 9 3
v 10 3
v 11 3
v 12 3
v 13 3
v 14 4
v 15 4
v 16 4
v 17 4
v 18 4
v 19 4
v 20 4
v 21 4
v 22 4
v 23 4
v 24 4
v 25 4
v 26 4
v 27 4
v 28 4
v 29 4
v 30 4
v 31 4
v 32 4
v 33 4
v 34 4
v 35 4
v 36 4
v 37 4
v 38 4
v 39 4
v 40 4
e 1 2 1
e 1 3 1
e 1 14 1
e 1 15 1
e 2 4 1
e 2 16 1
e 2 17 1
e 3 5 1
e 3 18 1
e 3 19 1
e 4 6 1
e 4 20 1
e 4 21 1
e 5 7 1
e 5 22 1
e 5 23 1
e 6 8 1
e 6 24 1
e 6 25 1
e 7 9 1
e 7 26 1
e 7 27 1
e 8 10 1
e 8 28 1
e 8 29 1
e 9 11 1
e 9 30 1
e 9 31 1
e 10 12 1
e 10 32 1
e 10 33 1
e 11 13 1
e 11 34 1
e 11 35 1
e 12 36 1
e 12 37 1
e 13 38 1
e 13 39 1
e 13 40 1
t # 67588
v 0 3
v 1 3
v 2 3
v 3 3
v 4 3
v 5 3
v 6 3
v 7 3
v 8 4
v 9 4
v 10 4
v 11 4
v 12 4
v 13 4
v 14 4
v 15 4
v 16 4
v 17 4
v 18 4
v 19 4
v 20 4
v 21 4
e 0 2 2
e 0 4 1
e 0 5 1
e 1 3 2
e 1 6 1
e 1 7 1
e 2 3 1
e 2 8 1
e 3 9 1
e 4 10 1
e 4 11 1
e 4 12 1
e 5 13 1
e 5 14 1
e 5 15 1
e 6 16 1
e 6 17 1
e 6 18 1
e 7 19 1
e 7 20 1
e 7 21 1
t # 67589
v 0 1
v 1 1
v 2 1
v 3 3
v 4 3
v 5 3
v 6 3
v 7 3
v 8 3
v 9 3
v 10 4
v 11 4
v 12 4
v 13 4
v 14 4
v 15 4
v 16 4
v 17 4
v 18 4
v 19 4
v 20 4
v 21 4
v 22 4
v 23 4
e 0 4 1
e 0 5 1
e 1 6 1
e 1 7 1
e 2 6 2
e 3 4 1
e 3 6 1
e 3 10 1
e 3 11 1
e 4 12 1
e 4 13 1
e 5 8 1
e 5 14 1
e 5 15 1
e 7 9 1
e 7 16 1
e 7 17 1
e 8 18 1
e 8 19 1
e 8 20 1
e 9 21 1
e 9 22 1
e 9 23 1
t # 67590
v 0 8
v 1 1
v 2 1
v 3 1
v 4 3
v 5 3
v 6 3
v 7 3
v 8 4
v 9 4
v 10 4
v 11 4
v 12 4
v 13 4
v 14 4
v 15 4
v 16 4
v 17 4
v 18 4
e 1 4 1
e 2 5 1
e 3 18 1
e 4 6 1
e 4 8 1
e 4 9 1
e 5 7 1
e 5 10 1
e 5 11 1
e 6 12 1
e 6 13 1
e 6 14 1
e 7 15 1
e 7 16 1
e 7 17 1
t # 67591
v 0 1
v 1 2
v 2 3
v 3 3
v 4 3
v 5 3
v 6 3
v 7 3
v 8 3
v 9 3
v 10 3
v 11 4
v 12 4
v 13 4
v 14 4
v 15 4
v 16 4
v 17 4
v 18 4
v 19 4
v 20 4
v 21 4
v 22 4
v 23 4
v 24 4
v 25 4
v 26 4
v 27 4
v 28 4
v 29 4
e 0 10 2
e 1 2 1
e 1 3 1
e 1 10 1
e 2 4 1
e 2 11 1
e 2 12 1
e 3 5 1
e 3 13 1
e 3 14 1
e 4 6 1
e 4 15 1
e 4 16 1
e 5 7 1
e 5 17 1
e 5 18 1
e 6 8 1
e 6 19 1
e 6 20 1
e 7 9 1
e 7 21 1
e 7 22 1
e 8 23 1
e 8 24 1
e 8 25 1
e 9 26 1
e 9 27 1
e 9 28 1
e 10 29 1
t # 67592
v 0 1
v 1 1
v 2 1
v 3 1
v 4 3
v 5 3
v 6 3
v 7 3
v 8 3
v 9 3
v 10 3
v 11 3
v 12 3
v 13 3
v 14 4
v 15 4
v 16 4
v 17 4
v 18 4
v 19 4
v 20 4
v 21 4
v 22 4
v 23 4
v 24 4
v 25 4
v 26 4
v 27 4
v 28 4
v 29 4
v 30 4
v 31 4
e 0 8 1
e 0 10 1
e 1 9 1
e 1 11 1
e 2 8 2
e 3 9 2
e 4 5 1
e 4 6 1
e 4 7 1
e 4 14 1
e 5 8 1
e 5 9 1
e 5 15 1
e 6 16 1
e 6 17 1
e 6 18 1
e 7 19 1
e 7 20 1
e 7 21 1
e 10 12 1
e 10 22 1
e 10 23 1
e 11 13 1
e 11 24 1
e 11 25 1
e 12 26 1
e 12 27 1
e 12 28 1
e 13 29 1
e 13 30 1
e 13 31 1
t # 67593
v 0 11
v 1 1
v 2 2
v 3 3
v 4 3
v 5 4
v 6 4
v 7 4
v 8 4
v 9 4
e 0 3 1
e 1 4 2
e 2 4 1
e 2 7 1
e 2 8 1
e 3 4 1
e 3 5 1
e 3 6 1
t # 67594
v 0 1
v 1 2
v 2 3
v 3 3
v 4 3
v 5 3
v 6 3
v 7 4
v 8 4
v 9 4
v 10 4
v 11 4
v 12 4
v 13 4
v 14 4
v 15 4
v 16 4
v 17 4
e 0 6 2
e 1 6 1
e 1 16 1
e 1 17 1
e 2 3 1
e 2 4 1
e 2 5 1
e 2 6 1
e 3 7 1
e 3 8 1
e 3 9 1
e 4 10 1
e 4 11 1
e 4 12 1
e 5 13 1
e 5 14 1
e 5 15 1
t # 67595
v 0 12
v 1 11
v 2 1
v 3 1
v 4 1
v 5 1
v 6 1
v 7 2
v 8 2
v 9 2
v 10 3
v 11 3
v 12 3
v 13 3
v 14 3
v 15 3
v 16 3
v 17 3
v 18 3
v 19 3
v 20 3
v 21 3
v 22 3
v 23 3
v 24 3
v 25 3
v 26 3
v 27 3
v 28 4
v 29 4
v 30 4
v 31 4
v 32 4
v 33 4
v 34 4
v 35 4
v 36 4
v 37 4
v 38 4
v 39 4
v 40 4
v 41 4
v 42 4
v 43 4
v 44 4
v 45 4
v 46 4
v 47 4
v 48 4
v 49 4
v 50 4
v 51 4
v 52 4
v 53 4
v 54 4
v 55 4
e 0 27 1
e 1 5 2
e 1 6 2
e 2 18 1
e 2 52 1
e 3 54 1
e 4 55 1
e 7 13 1
e 7 14 1
e 7 16 1
e 8 12 1
e 8 17 1
e 8 35 1
e 9 22 2
e 9 24 1
e 10 11 1
e 10 12 1
e 10 28 1
e 10 29 1
e 11 13 1
e 11 30 1
e 11 31 1
e 12 15 1
e 12 32 1
e 13 33 1
e 13 34 1
e 14 18 1
e 14 36 1
e 14 37 1
e 15 38 1
e 15 39 1
e 15 40 1
e 16 19 1
e 16 41 1
e 16 42 1
e 17 20 2
e 17 21 1
e 18 43 1
e 18 44 1
e 19 45 1
e 19 46 1
e 19 47 1
e 20 22 1
e 20 23 1
e 21 24 2
e 21 48 1
e 22 25 1
e 23 26 2
e 23 49 1
e 24 50 1
e 25 27 2
e 25 51 1
e 26 27 1
e 26 53 1
t # 67596
v 0 1
v 1 1
v 2 1
v 3 2
v 4 3
v 5 3
v 6 3
v 7 3
v 8 3
v 9 3
v 10 3
v 11 3
v 12 3
v 13 3
v 14 3
v 15 3
v 16 3
v 17 3
v 18 3
v 19 3
v 20 4
v 21 4
v 22 4
v 23 4
v 24 4
v 25 4
v 26 4
v 27 4
v 28 4
v 29 4
v 30 4
v 31 4
v 32 4
v 33 4
v 34 4
e 0 12 1
e 0 17 1
e 1 11 2
e 2 12 2
e 3 4 1
e 3 11 1
e 3 22 1
e 4 6 2
e 4 7 1
e 5 8 2
e 5 9 1
e 5 12 1
e 6 8 1
e 6 20 1
e 7 9 2
e 7 21 1
e 8 23 1
e 9 24 1
e 10 11 1
e 10 13 2
e 10 14 1
e 13 15 1
e 13 25 1
e 14 16 2
e 14 26 1
e 15 18 2
e 15 27 1
e 16 18 1
e 16 28 1
e 17 19 1
e 17 29 1
e 17 30 1
e 18 31 1
e 19 32 1
e 19 33 1
e 19 34 1
t # 67597
v 0 11
v 1 1
v 2 1
v 3 1
v 4 2
v 5 2
v 6 2
v 7 3
v 8 3
v 9 3
v 10 3
v 11 3
v 12 3
v 13 3
v 14 3
v 15 3
v 16 3
v 17 3
v 18 4
v 19 4
v 20 4
v 21 4
v 22 4
v 23 4
v 24 4
v 25 4
v 26 4
v 27 4
v 28 4
v 29 4
v 30 4
e 0 2 2
e 0 3 2
e 0 7 1
e 1 8 1
e 1 9 1
e 4 8 1
e 4 18 1
e 5 8 2
e 5 10 1
e 6 15 1
e 6 29 1
e 6 30 1
e 7 11 2
e 7 12 1
e 9 10 2
e 9 16 1
e 10 17 1
e 11 13 1
e 11 19 1
e 12 14 2
e 12 20 1
e 13 15 2
e 13 21 1
e 14 15 1
e 14 22 1
e 16 23 1
e 16 24 1
e 16 25 1
e 17 26 1
e 17 27 1
e 17 28 1
t # 67598
v 0 1
v 1 1
v 2 1
v 3 1
v 4 3
v 5 3
v 6 3
v 7 3
v 8 3
v 9 3
v 10 3
v 11 3
v 12 3
v 13 3
v 14 3
v 15 3
v 16 3
v 17 3
v 18 4
v 19 4
v 20 4
v 21 4
v 22 4
v 23 4
v 24 4
v 25 4
v 26 4
v 27 4
v 28 4
v 29 4
e 0 4 1
e 0 5 1
e 1 4 1
e 1 6 1
e 2 11 1
e 2 29 1
e 3 11 2
e 4 11 1
e 4 18 1
e 5 7 2
e 5 9 1
e 6 8 2
e 6 10 1
e 7 12 1
e 7 19 1
e 8 13 1
e 8 20 1
e 9 14 2
e 9 21 1
e 10 15 2
e 10 22 1
e 12 16 2
e 12 23 1
e 13 17 2
e 13 24 1
e 14 16 1
e 14 25 1
e 15 17 1
e 15 26 1
e 16 27 1
e 17 28 1
t # 67599
v 0 1
v 1 1
v 2 1
v 3 2
v 4 2
v 5 3
v 6 3
v 7 3
v 8 3
v 9 3
v 10 3
v 11 3
v 12 3
v 13 3
v 14 3
v 15 3
v 16 3
v 17 4
v 18 4
v 19 4
v 20 4
v 21 4
v 22 4
v 23 4
v 24 4
v 25 4
v 26 4
v 27 4
v 28 4
v 29 4
v 30 4
v 31 4
v 32 4
e 0 8 2
e 1 9 2
e 2 10 2
e 3 8 1
e 3 10 1
e 3 13 1
e 4 9 1
e 4 10 1
e 4 14 1
e 5 6 1
e 5 7 1
e 5 8 1
e 5 9 1
e 6 11 1
e 6 17 1
e 6 18 1
e 7 12 1
e 7 19 1
e 7 20 1
e 11 15 2
e 11 21 1
e 12 16 2
e 12 22 1
e 13 23 1
e 13 24 1
e 13 25 1
e 14 26 1
e 14 27 1
e 14 28 1
e 15 29 1
e 15 30 1
e 16 31 1
e 16 32 1
