t # 67700
v 0 1
v 1 1
v 2 3
v 3 3
v 4 3
v 5 3
v 6 3
v 7 3
v 8 3
v 9 3
v 10 3
v 11 3
v 12 3
v 13 3
v 14 3
v 15 4
v 16 4
v 17 4
v 18 4
v 19 4
v 20 4
v 21 4
v 22 4
v 23 4
v 24 4
v 25 4
v 26 4
v 27 4
v 28 4
v 29 4
v 30 4
v 31 4
v 32 4
v 33 4
v 34 4
v 35 4
v 36 4
v 37 4
v 38 4
v 39 4
v 40 4
e 0 12 1
e 0 13 1
e 1 12 2
e 2 3 1
e 2 4 1
e 2 15 1
e 2 16 1
e 3 5 1
e 3 17 1
e 3 18 1
e 4 6 1
e 4 19 1
e 4 20 1
e 5 7 1
e 5 21 1
e 5 22 1
e 6 8 1
e 6 23 1
e 6 24 1
e 7 9 1
e 7 25 1
e 7 26 1
e 8 10 1
e 8 27 1
e 8 28 1
e 9 11 1
e 9 29 1
e 9 30 1
e 10 12 1
e 10 31 1
e 10 32 1
e 11 33 1
e 11 34 1
e 11 35 1
e 13 14 1
e 13 36 1
e 13 37 1
e 14 38 1
e 14 39 1
e 14 40 1
t # 67701
v 0 3
v 1 3
v 2 3
v 3 3
v 4 3
v 5 3
v 6 3
v 7 3
v 8 4
v 9 4
v 10 4
v 11 4
v 12 4
v 13 4
v 14 4
v 15 4
v 16 4
v 17 4
v 18 4
v 19 4
v 20 4
v 21 4
e 0 1 1
e 0 2 1
e 0 8 1
e 0 9 1
e 1 3 1
e 1 10 1
e 1 11 1
e 2 4 1
e 2 6 2
e 3 5 1
e 3 7 2
e 4 12 1
e 4 13 1
e 4 14 1
e 5 15 1
e 5 16 1
e 5 17 1
e 6 18 1
e 6 19 1
e 7 20 1
e 7 21 1
t # 67702
v 0 1
v 1 2
v 2 3
v 3 3
v 4 3
v 5 4
v 6 4
v 7 4
v 8 4
v 9 4
v 10 4
v 11 4
e 0 4 2
e 1 2 1
e 1 4 1
e 1 10 1
e 2 3 1
e 2 5 1
e 2 6 1
e 3 7 1
e 3 8 1
e 3 9 1
e 4 11 1
t # 67703
v 0 27
v 1 27
v 2 3
v 3 3
v 4 3
v 5 4
v 6 4
v 7 4
v 8 4
v 9 4
v 10 4
e 2 3 1
e 2 4 1
e 2 5 1
e 2 6 1
e 3 7 1
e 3 8 1
e 4 9 1
e 4 10 1
t # 67704
v 0 1
v 1 1
v 2 2
v 3 3
v 4 3
v 5 3
v 6 3
v 7 4
v 8 4
v 9 4
v 10 4
v 11 4
v 12 4
v 13 4
v 14 4
v 15 4
e 0 4 1
e 0 6 1
e 1 6 2
e 2 6 1
e 2 14 1
e 2 15 1
e 3 4 1
e 3 5 1
e 3 7 1
e 3 8 1
e 4 9 1
e 4 10 1
e 5 11 1
e 5 12 1
e 5 13 1
t # 67705
v 0 1
v 1 2
v 2 2
v 3 3
v 4 3
v 5 3
v 6 3
v 7 4
v 8 4
v 9 4
v 10 4
v 11 4
v 12 4
v 13 4
v 14 4
v 15 4
v 16 4
e 0 6 2
e 1 4 1
e 1 6 1
e 1 14 1
e 2 6 1
e 2 15 1
e 2 16 1
e 3 4 1
e 3 5 1
e 3 9 1
e 3 10 1
e 4 7 1
e 4 8 1
e 5 11 1
e 5 12 1
e 5 13 1
t # 67706
v 0 1
v 1 1
v 2 2
v 3 3
v 4 3
v 5 3
v 6 3
v 7 4
v 8 4
v 9 4
v 10 4
v 11 4
v 12 4
v 13 4
v 14 4
v 15 4
e 2 5 1
e 3 4 1
e 3 5 1
e 3 7 1
e 3 8 1
e 4 6 1
e 4 9 1
e 4 10 1
e 5 11 1
e 5 12 1
e 6 13 1
e 6 14 1
e 6 15 1
t # 67707
v 0 1
v 1 1
v 2 1
v 3 3
v 4 3
v 5 3
v 6 3
v 7 4
v 8 4
v 9 4
v 10 4
v 11 4
v 12 4
v 13 4
v 14 4
e 0 3 1
e 0 4 1
e 1 6 1
e 1 14 1
e 2 6 2
e 3 5 1
e 3 7 1
e 3 8 1
e 4 6 1
e 4 9 1
e 4 10 1
e 5 11 1
e 5 12 1
e 5 13 1
t # 67708
v 0 12
v 1 1
v 2 1
v 3 3
v 4 3
v 5 3
v 6 3
v 7 4
v 8 4
v 9 4
v 10 4
v 11 4
v 12 4
v 13 4
e 0 5 1
e 1 6 1
e 1 13 1
e 2 6 2
e 3 4 1
e 3 5 1
e 3 7 1
e 3 8 1
e 4 6 1
e 4 9 1
e 4 10 1
e 5 11 1
e 5 12 1
t # 67709
v 0 1
v 1 2
v 2 3
v 3 3
v 4 3
v 5 3
v 6 3
v 7 4
v 8 4
v 9 4
v 10 4
v 11 4
v 12 4
v 13 4
v 14 4
v 15 4
v 16 4
v 17 4
e 0 6 2
e 1 6 1
e 1 16 1
e 1 17 1
e 2 3 1
e 2 4 1
e 2 7 1
e 2 8 1
e 3 5 1
e 3 9 1
e 3 10 1
e 4 6 1
e 4 11 1
e 4 12 1
e 5 13 1
e 5 14 1
e 5 15 1
t # 67710
v 0 1
v 1 1
v 2 1
v 3 1
v 4 3
v 5 3
v 6 3
v 7 3
v 8 3
v 9 3
v 10 3
v 11 3
v 12 4
v 13 4
v 14 4
v 15 4
v 16 4
v 17 4
v 18 4
v 19 4
v 20 4
v 21 4
v 22 4
v 23 4
v 24 4
v 25 4
e 0 8 1
e 0 10 1
e 1 8 2
e 2 9 1
e 2 25 1
e 3 9 2
e 4 5 1
e 4 6 1
e 4 12 1
e 4 13 1
e 5 7 1
e 5 14 1
e 5 15 1
e 6 8 1
e 6 16 1
e 6 17 1
e 7 9 1
e 7 18 1
e 7 19 1
e 10 11 1
e 10 20 1
e 10 21 1
e 11 22 1
e 11 23 1
e 11 24 1
t # 67711
v 0 1
v 1 1
v 2 3
v 3 3
v 4 3
v 5 3
v 6 3
v 7 3
v 8 3
v 9 3
v 10 3
v 11 3
v 12 4
v 13 4
v 14 4
v 15 4
v 16 4
v 17 4
v 18 4
v 19 4
v 20 4
v 21 4
v 22 4
v 23 4
v 24 4
v 25 4
v 26 4
v 27 4
v 28 4
v 29 4
v 30 4
v 31 4
e 0 7 1
e 0 9 1
e 1 9 2
e 2 3 1
e 2 4 1
e 2 12 1
e 2 13 1
e 3 5 1
e 3 14 1
e 3 15 1
e 4 9 1
e 4 16 1
e 4 17 1
e 5 10 1
e 5 18 1
e 5 19 1
e 6 7 1
e 6 8 1
e 6 20 1
e 6 21 1
e 7 22 1
e 7 23 1
e 8 11 1
e 8 24 1
e 8 25 1
e 10 26 1
e 10 27 1
e 10 28 1
e 11 29 1
e 11 30 1
e 11 31 1
t # 67712
v 0 2
v 1 3
v 2 3
v 3 3
v 4 3
v 5 3
v 6 3
v 7 4
v 8 4
v 9 4
v 10 4
v 11 4
v 12 4
v 13 4
v 14 4
v 15 4
v 16 4
v 17 4
v 18 4
v 19 4
e 0 4 1
e 0 5 1
e 0 6 1
e 1 2 1
e 1 3 1
e 1 7 1
e 1 8 1
e 2 4 1
e 2 9 1
e 2 10 1
e 3 5 1
e 3 11 1
e 3 12 1
e 4 13 1
e 4 14 1
e 5 15 1
e 5 16 1
e 6 17 1
e 6 18 1
e 6 19 1
t # 67713
v 0 1
v 1 2
v 2 3
v 3 3
v 4 3
v 5 3
v 6 3
v 7 4
v 8 4
v 9 4
v 10 4
v 11 4
e 0 2 2
e 1 5 1
e 1 6 1
e 1 11 1
e 2 3 1
e 2 4 1
e 3 5 2
e 3 7 1
e 4 6 2
e 4 8 1
e 5 9 1
e 6 10 1
t # 67714
v 0 1
v 1 1
v 2 1
v 3 1
v 4 3
v 5 3
v 6 3
v 7 3
v 8 3
v 9 3
v 10 4
v 11 4
v 12 4
v 13 4
v 14 4
v 15 4
v 16 4
v 17 4
v 18 4
v 19 4
e 0 8 1
e 0 18 1
e 1 9 1
e 1 19 1
e 2 8 2
e 3 9 2
e 4 5 1
e 4 6 1
e 4 7 1
e 4 10 1
e 5 8 1
e 5 11 1
e 5 12 1
e 6 9 1
e 6 13 1
e 6 14 1
e 7 15 1
e 7 16 1
e 7 17 1
t # 67715
v 0 1
v 1 1
v 2 2
v 3 2
v 4 3
v 5 3
v 6 3
v 7 3
v 8 3
v 9 4
v 10 4
v 11 4
v 12 4
v 13 4
v 14 4
e 0 6 2
e 1 7 2
e 2 4 1
e 2 6 1
e 2 9 1
e 3 6 1
e 3 7 1
e 3 14 1
e 4 5 2
e 4 8 1
e 5 7 1
e 5 10 1
e 8 11 1
e 8 12 1
e 8 13 1
t # 67716
v 0 2
v 1 2
v 2 3
v 3 3
v 4 3
v 5 3
v 6 3
v 7 3
v 8 3
v 9 3
v 10 4
v 11 4
v 12 4
v 13 4
e 2 4 2
e 2 5 1
e 2 8 1
e 3 4 1
e 3 6 2
e 3 9 1
e 4 10 1
e 5 7 2
e 5 11 1
e 6 7 1
e 6 12 1
e 7 13 1
t # 67717
v 0 12
v 1 12
v 2 3
v 3 3
v 4 3
v 5 3
v 6 3
v 7 3
v 8 3
v 9 3
v 10 4
v 11 4
v 12 4
v 13 4
v 14 4
v 15 4
v 16 4
v 17 4
e 0 8 1
e 1 9 1
e 2 4 2
e 2 5 1
e 2 8 1
e 3 4 1
e 3 6 2
e 3 9 1
e 4 10 1
e 5 7 2
e 5 11 1
e 6 7 1
e 6 12 1
e 7 13 1
e 8 14 1
e 8 15 1
e 9 16 1
e 9 17 1
t # 67718
v 0 18
v 1 18
v 2 2
v 3 3
v 4 3
v 5 3
v 6 3
v 7 3
v 8 4
v 9 4
v 10 4
e 2 6 2
e 2 7 1
e 3 4 2
e 3 5 1
e 3 8 1
e 4 6 1
e 4 9 1
e 5 7 2
e 5 10 1
t # 67719
v 0 27
v 1 3
v 2 3
v 3 3
v 4 3
v 5 3
v 6 3
v 7 3
v 8 4
v 9 4
v 10 4
v 11 4
v 12 4
v 13 4
v 14 4
e 1 2 2
e 1 3 1
e 1 4 1
e 2 5 1
e 2 8 1
e 3 6 2
e 3 9 1
e 4 10 1
e 4 11 1
e 4 12 1
e 5 7 2
e 6 7 1
e 6 13 1
e 7 14 1
t # 67720
v 0 1
v 1 3
v 2 3
v 3 3
v 4 3
v 5 3
v 6 3
v 7 4
v 8 4
v 9 4
v 10 4
v 11 4
v 12 4
v 13 4
v 14 4
e 0 1 1
e 0 2 1
e 1 3 2
e 1 5 1
e 2 4 2
e 2 6 1
e 3 4 1
e 3 7 1
e 4 8 1
e 5 9 1
e 5 10 1
e 5 11 1
e 6 12 1
e 6 13 1
e 6 14 1
t # 67721
v 0 2
v 1 3
v 2 3
v 3 3
v 4 3
v 5 3
v 6 3
v 7 4
v 8 4
v 9 4
v 10 4
v 11 4
v 12 4
v 13 4
v 14 4
v 15 4
e 0 1 1
e 0 2 1
e 0 7 1
e 1 3 2
e 1 5 1
e 2 4 2
e 2 6 1
e 3 4 1
e 3 8 1
e 4 9 1
e 5 10 1
e 5 11 1
e 5 12 1
e 6 13 1
e 6 14 1
e 6 15 1
t # 67722
v 0 1
v 1 1
v 2 3
v 3 3
v 4 3
v 5 3
v 6 3
v 7 4
v 8 4
v 9 4
v 10 4
v 11 4
v 12 4
v 13 4
v 14 4
v 15 4
v 16 4
v 17 4
v 18 4
e 0 3 1
e 0 17 1
e 1 4 1
e 1 18 1
e 2 3 1
e 2 4 1
e 2 7 1
e 2 8 1
e 3 5 1
e 3 9 1
e 4 6 1
e 4 10 1
e 5 11 1
e 5 12 1
e 5 13 1
e 6 14 1
e 6 15 1
e 6 16 1
t # 67723
v 0 1
v 1 3
v 2 3
v 3 3
v 4 3
v 5 3
v 6 3
v 7 3
v 8 3
v 9 4
v 10 4
v 11 4
v 12 4
v 13 4
v 14 4
v 15 4
v 16 4
v 17 4
v 18 4
v 19 4
v 20 4
v 21 4
v 22 4
v 23 4
v 24 4
v 25 4
v 26 4
e 0 1 1
e 0 23 1
e 1 2 1
e 1 5 1
e 1 6 1
e 2 3 1
e 2 9 1
e 2 10 1
e 3 4 1
e 3 11 1
e 3 12 1
e 4 7 1
e 4 13 1
e 4 14 1
e 5 15 1
e 5 16 1
e 5 17 1
e 6 18 1
e 6 19 1
e 6 20 1
e 7 8 1
e 7 21 1
e 7 22 1
e 8 24 1
e 8 25 1
e 8 26 1
t # 67724
v 0 1
v 1 3
v 2 3
v 3 3
v 4 3
v 5 3
v 6 3
v 7 3
v 8 4
v 9 4
v 10 4
v 11 4
v 12 4
v 13 4
v 14 4
v 15 4
v 16 4
v 17 4
v 18 4
v 19 4
v 20 4
v 21 4
v 22 4
v 23 4
e 0 1 1
e 0 23 1
e 1 2 1
e 1 4 1
e 1 5 1
e 2 3 1
e 2 8 1
e 2 9 1
e 3 6 1
e 3 7 1
e 3 10 1
e 4 11 1
e 4 12 1
e 4 13 1
e 5 14 1
e 5 15 1
e 5 16 1
e 6 17 1
e 6 18 1
e 6 19 1
e 7 20 1
e 7 21 1
e 7 22 1
t # 67725
v 0 1
v 1 2
v 2 2
v 3 2
v 4 3
v 5 3
v 6 3
v 7 3
v 8 3
v 9 4
v 10 4
v 11 4
v 12 4
v 13 4
v 14 4
v 15 4
v 16 4
v 17 4
v 18 4
v 19 4
e 0 8 2
e 1 2 1
e 1 5 2
e 2 8 1
e 2 17 1
e 3 8 1
e 3 18 1
e 3 19 1
e 4 5 1
e 4 6 1
e 4 9 1
e 4 10 1
e 5 7 1
e 6 11 1
e 6 12 1
e 6 13 1
e 7 14 1
e 7 15 1
e 7 16 1
t # 67726
v 0 27
v 1 3
v 2 3
v 3 3
v 4 3
v 5 3
v 6 3
v 7 3
v 8 4
v 9 4
v 10 4
v 11 4
v 12 4
v 13 4
v 14 4
e 1 2 2
e 1 3 1
e 1 4 1
e 2 5 1
e 2 8 1
e 3 6 2
e 3 9 1
e 4 10 1
e 4 11 1
e 4 12 1
e 5 7 2
e 5 13 1
e 6 7 1
e 6 14 1
t # 67727
v 0 11
v 1 1
v 2 1
v 3 1
v 4 3
v 5 3
v 6 3
v 7 3
v 8 4
v 9 4
v 10 4
v 11 4
v 12 4
v 13 4
v 14 4
v 15 4
v 16 4
v 17 4
e 0 3 2
e 1 4 1
e 2 5 1
e 4 6 1
e 4 8 1
e 4 9 1
e 5 7 1
e 5 10 1
e 5 11 1
e 6 12 1
e 6 13 1
e 6 14 1
e 7 15 1
e 7 16 1
e 7 17 1
t # 67728
v 0 1
v 1 1
v 2 2
v 3 3
v 4 3
v 5 3
v 6 3
v 7 3
v 8 4
v 9 4
v 10 4
v 11 4
v 12 4
v 13 4
v 14 4
v 15 4
v 16 4
v 17 4
v 18 4
e 0 4 1
e 0 6 1
e 1 6 2
e 2 3 1
e 2 6 1
e 2 10 1
e 3 5 1
e 3 8 1
e 3 9 1
e 4 7 1
e 4 11 1
e 4 12 1
e 5 13 1
e 5 14 1
e 5 15 1
e 7 16 1
e 7 17 1
e 7 18 1
t # 67729
v 0 1
v 1 2
v 2 2
v 3 3
v 4 3
v 5 3
v 6 3
v 7 3
v 8 4
v 9 4
v 10 4
v 11 4
v 12 4
v 13 4
v 14 4
v 15 4
v 16 4
v 17 4
v 18 4
v 19 4
e 0 5 2
e 1 3 1
e 1 5 1
e 1 12 1
e 2 4 1
e 2 5 1
e 2 13 1
e 3 6 1
e 3 8 1
e 3 9 1
e 4 7 1
e 4 10 1
e 4 11 1
e 6 14 1
e 6 15 1
e 6 16 1
e 7 17 1
e 7 18 1
e 7 19 1
t # 67730
v 0 11
v 1 1
v 2 1
v 3 3
v 4 3
v 5 3
v 6 3
v 7 4
v 8 4
v 9 4
v 10 4
v 11 4
v 12 4
v 13 4
v 14 4
e 0 5 1
e 1 3 1
e 1 6 1
e 2 6 2
e 3 4 1
e 3 7 1
e 3 8 1
e 4 9 1
e 4 10 1
e 4 11 1
e 5 6 1
e 5 12 1
e 5 13 1
t # 67731
v 0 1
v 1 1
v 2 1
v 3 3
v 4 3
v 5 3
v 6 3
v 7 4
v 8 4
v 9 4
v 10 4
v 11 4
v 12 4
v 13 4
v 14 4
e 0 3 1
e 0 5 1
e 1 6 1
e 1 14 1
e 2 5 2
e 3 4 1
e 3 7 1
e 3 8 1
e 4 9 1
e 4 10 1
e 4 11 1
e 5 6 1
e 6 12 1
e 6 13 1
t # 67732
v 0 1
v 1 1
v 2 2
v 3 3
v 4 3
v 5 3
v 6 3
v 7 4
v 8 4
v 9 4
v 10 4
v 11 4
v 12 4
v 13 4
v 14 4
v 15 4
e 0 3 1
e 0 6 1
e 1 6 2
e 2 4 1
e 2 14 1
e 2 15 1
e 3 5 1
e 3 7 1
e 3 8 1
e 4 6 1
e 4 9 1
e 4 10 1
e 5 11 1
e 5 12 1
e 5 13 1
t # 67733
v 0 1
v 1 1
v 2 3
v 3 3
v 4 3
v 5 3
v 6 3
v 7 3
v 8 3
v 9 3
v 10 4
v 11 4
v 12 4
v 13 4
v 14 4
v 15 4
e 0 8 2
e 1 9 2
e 2 4 2
e 2 6 1
e 2 8 1
e 3 5 2
e 3 7 1
e 3 9 1
e 4 5 1
e 4 10 1
e 5 11 1
e 6 7 2
e 6 12 1
e 7 13 1
e 8 14 1
e 9 15 1
t # 67734
v 0 12
v 1 2
v 2 3
v 3 3
v 4 3
v 5 3
v 6 3
v 7 3
v 8 3
v 9 4
v 10 4
v 11 4
v 12 4
e 0 7 1
e 2 3 2
e 2 4 1
e 2 8 1
e 3 5 1
e 3 9 1
e 4 6 2
e 4 10 1
e 5 7 2
e 5 11 1
e 6 7 1
e 6 12 1
t # 67735
v 0 18
v 1 2
v 2 3
v 3 3
v 4 3
v 5 3
v 6 3
v 7 3
v 8 3
v 9 4
v 10 4
v 11 4
v 12 4
e 2 3 2
e 2 4 1
e 2 8 1
e 3 5 1
e 3 9 1
e 4 6 2
e 4 10 1
e 5 7 2
e 5 11 1
e 6 7 1
e 6 12 1
t # 67736
v 0 1
v 1 2
v 2 3
v 3 3
v 4 3
v 5 3
v 6 3
v 7 3
v 8 3
v 9 4
v 10 4
v 11 4
v 12 4
v 13 4
v 14 4
v 15 4
v 16 4
v 17 4
v 18 4
v 19 4
v 20 4
v 21 4
v 22 4
v 23 4
v 24 4
v 25 4
e 0 6 1
e 0 25 1
e 1 2 1
e 1 4 1
e 1 5 1
e 2 3 1
e 2 9 1
e 2 10 1
e 3 6 1
e 3 11 1
e 3 12 1
e 4 7 1
e 4 13 1
e 4 14 1
e 5 8 1
e 5 15 1
e 5 16 1
e 6 17 1
e 6 18 1
e 7 19 1
e 7 20 1
e 7 21 1
e 8 22 1
e 8 23 1
e 8 24 1
t # 67737
v 0 1
v 1 1
v 2 3
v 3 3
v 4 3
v 5 3
v 6 3
v 7 3
v 8 3
v 9 3
v 10 4
v 11 4
v 12 4
v 13 4
v 14 4
v 15 4
v 16 4
v 17 4
v 18 4
v 19 4
e 0 2 1
e 0 3 1
e 1 8 1
e 1 19 1
e 2 4 2
e 2 5 1
e 3 9 1
e 3 10 1
e 3 11 1
e 4 6 1
e 4 12 1
e 5 7 2
e 5 13 1
e 6 8 2
e 6 14 1
e 7 8 1
e 7 15 1
e 9 16 1
e 9 17 1
e 9 18 1
t # 67738
v 0 1
v 1 2
v 2 2
v 3 3
v 4 3
v 5 3
v 6 3
v 7 3
v 8 3
v 9 3
v 10 3
v 11 4
v 12 4
v 13 4
v 14 4
v 15 4
v 16 4
v 17 4
v 18 4
v 19 4
v 20 4
e 0 10 2
e 1 4 1
e 1 10 1
e 1 18 1
e 2 10 1
e 2 19 1
e 2 20 1
e 3 7 2
e 3 8 1
e 3 9 1
e 4 5 2
e 4 6 1
e 5 7 1
e 5 11 1
e 6 8 2
e 6 12 1
e 7 13 1
e 8 14 1
e 9 15 1
e 9 16 1
e 9 17 1
t # 67739
v 0 27
v 1 1
v 2 2
v 3 3
v 4 3
v 5 3
v 6 3
v 7 3
v 8 3
v 9 3
v 10 3
v 11 4
v 12 4
v 13 4
v 14 4
v 15 4
v 16 4
v 17 4
v 18 4
e 1 9 2
e 2 3 1
e 2 9 1
e 2 13 1
e 3 4 2
e 3 5 1
e 4 6 1
e 4 11 1
e 5 7 2
e 5 12 1
e 6 8 2
e 6 14 1
e 7 8 1
e 7 15 1
e 9 10 1
e 10 16 1
e 10 17 1
e 10 18 1
t # 67740
v 0 1
v 1 1
v 2 1
v 3 3
v 4 3
v 5 3
v 6 3
v 7 3
v 8 3
v 9 3
v 10 3
v 11 3
v 12 3
v 13 3
v 14 3
v 15 3
v 16 3
v 17 3
v 18 4
v 19 4
v 20 4
v 21 4
v 22 4
v 23 4
v 24 4
v 25 4
v 26 4
v 27 4
v 28 4
v 29 4
v 30 4
v 31 4
v 32 4
v 33 4
e 0 4 1
e 0 6 1
e 1 5 1
e 1 7 1
e 2 3 1
e 2 23 1
e 3 4 1
e 3 5 1
e 3 18 1
e 4 19 1
e 4 20 1
e 5 21 1
e 5 22 1
e 6 8 2
e 6 10 1
e 7 9 2
e 7 11 1
e 8 12 1
e 8 24 1
e 9 13 1
e 9 25 1
e 10 14 2
e 10 26 1
e 11 15 2
e 11 27 1
e 12 16 2
e 12 28 1
e 13 17 2
e 13 29 1
e 14 16 1
e 14 30 1
e 15 17 1
e 15 31 1
e 16 32 1
e 17 33 1
t # 67741
v 0 2
v 1 2
v 2 3
v 3 3
v 4 3
v 5 3
v 6 3
v 7 3
v 8 3
v 9 3
v 10 3
v 11 3
v 12 3
v 13 3
v 14 3
v 15 3
v 16 4
v 17 4
v 18 4
v 19 4
v 20 4
v 21 4
v 22 4
v 23 4
v 24 4
v 25 4
v 26 4
v 27 4
v 28 4
v 29 4
v 30 4
v 31 4
e 0 14 1
e 0 28 1
e 0 29 1
e 1 15 1
e 1 30 1
e 1 31 1
e 2 3 1
e 2 4 1
e 2 16 1
e 2 17 1
e 3 5 1
e 3 18 1
e 3 19 1
e 4 6 2
e 4 8 1
e 5 7 2
e 5 9 1
e 6 10 1
e 6 20 1
e 7 11 1
e 7 21 1
e 8 12 2
e 8 22 1
e 9 13 2
e 9 23 1
e 10 14 2
e 10 24 1
e 11 15 2
e 11 25 1
e 12 14 1
e 12 26 1
e 13 15 1
e 13 27 1
t # 67742
v 0 2
v 1 2
v 2 3
v 3 3
v 4 3
v 5 3
v 6 3
v 7 3
v 8 3
v 9 3
v 10 3
v 11 3
v 12 3
v 13 3
v 14 3
v 15 3
v 16 4
v 17 4
v 18 4
v 19 4
v 20 4
v 21 4
v 22 4
v 23 4
v 24 4
v 25 4
v 26 4
v 27 4
e 0 3 1
e 0 4 1
e 0 18 1
e 1 3 2
e 1 5 1
e 2 3 1
e 2 6 1
e 2 16 1
e 2 17 1
e 4 5 1
e 4 7 2
e 5 8 2
e 6 9 2
e 6 10 1
e 7 11 1
e 7 19 1
e 8 12 1
e 8 20 1
e 9 13 1
e 9 21 1
e 10 14 2
e 10 22 1
e 11 12 2
e 11 23 1
e 12 24 1
e 13 15 2
e 13 25 1
e 14 15 1
e 14 26 1
e 15 27 1
t # 67743
v 0 1
v 1 1
v 2 1
v 3 1
v 4 1
v 5 1
v 6 3
v 7 3
v 8 3
v 9 3
v 10 3
v 11 3
v 12 3
v 13 3
v 14 3
v 15 3
v 16 3
v 17 3
v 18 3
v 19 3
v 20 3
v 21 3
v 22 3
v 23 3
v 24 3
v 25 3
v 26 3
v 27 4
v 28 4
v 29 4
v 30 4
v 31 4
v 32 4
v 33 4
v 34 4
v 35 4
v 36 4
v 37 4
v 38 4
v 39 4
v 40 4
v 41 4
v 42 4
v 43 4
v 44 4
v 45 4
v 46 4
v 47 4
v 48 4
v 49 4
v 50 4
v 51 4
v 52 4
v 53 4
v 54 4
v 55 4
v 56 4
v 57 4
v 58 4
v 59 4
v 60 4
v 61 4
v 62 4
v 63 4
v 64 4
e 0 6 1
e 0 21 1
e 1 12 1
e 1 22 1
e 2 13 1
e 2 23 1
e 3 21 2
e 4 22 2
e 5 23 2
e 6 12 1
e 6 13 1
e 6 27 1
e 7 8 1
e 7 11 1
e 7 28 1
e 7 29 1
e 8 18 1
e 8 30 1
e 8 31 1
e 9 14 1
e 9 16 1
e 9 32 1
e 9 33 1
e 10 15 1
e 10 17 1
e 10 34 1
e 10 35 1
e 11 21 1
e 11 36 1
e 11 37 1
e 12 38 1
e 12 39 1
e 13 40 1
e 13 41 1
e 14 19 1
e 14 42 1
e 14 43 1
e 15 20 1
e 15 44 1
e 15 45 1
e 16 22 1
e 16 46 1
e 16 47 1
e 17 23 1
e 17 48 1
e 17 49 1
e 18 24 1
e 18 50 1
e 18 51 1
e 19 25 1
e 19 52 1
e 19 53 1
e 20 26 1
e 20 54 1
e 20 55 1
e 24 56 1
e 24 57 1
e 24 58 1
e 25 59 1
e 25 60 1
e 25 61 1
e 26 62 1
e 26 63 1
e 26 64 1
t # 67744
v 0 1
v 1 2
v 2 2
v 3 3
v 4 3
v 5 3
v 6 3
v 7 3
v 8 3
v 9 4
v 10 4
v 11 4
v 12 4
v 13 4
v 14 4
v 15 4
v 16 4
v 17 4
v 18 4
v 19 4
v 20 4
v 21 4
v 22 4
e 1 2 1
e 1 3 1
e 1 4 1
e 3 5 1
e 3 9 1
e 3 10 1
e 4 6 1
e 4 11 1
e 4 12 1
e 5 7 1
e 5 13 1
e 5 14 1
e 6 8 1
e 6 15 1
e 6 16 1
e 7 17 1
e 7 18 1
e 7 19 1
e 8 20 1
e 8 21 1
e 8 22 1
t # 67745
v 0 1
v 1 1
v 2 1
v 3 3
v 4 3
v 5 3
v 6 3
v 7 3
v 8 3
v 9 4
v 10 4
v 11 4
v 12 4
v 13 4
v 14 4
v 15 4
v 16 4
v 17 4
v 18 4
v 19 4
v 20 4
v 21 4
v 22 4
e 0 3 1
e 0 5 1
e 1 3 1
e 1 6 1
e 2 4 1
e 2 22 1
e 3 4 1
e 3 9 1
e 4 10 1
e 4 11 1
e 5 7 1
e 5 12 1
e 5 13 1
e 6 8 1
e 6 14 1
e 6 15 1
e 7 16 1
e 7 17 1
e 7 18 1
e 8 19 1
e 8 20 1
e 8 21 1
t # 67746
v 0 12
v 1 1
v 2 1
v 3 3
v 4 3
v 5 3
v 6 3
v 7 3
v 8 3
v 9 4
v 10 4
v 11 4
v 12 4
v 13 4
v 14 4
v 15 4
v 16 4
v 17 4
v 18 4
v 19 4
v 20 4
v 21 4
e 0 4 1
e 1 3 1
e 1 5 1
e 2 3 1
e 2 6 1
e 3 4 1
e 3 9 1
e 4 10 1
e 4 11 1
e 5 7 1
e 5 12 1
e 5 13 1
e 6 8 1
e 6 14 1
e 6 15 1
e 7 16 1
e 7 17 1
e 7 18 1
e 8 19 1
e 8 20 1
e 8 21 1
t # 67747
v 0 1
v 1 1
v 2 2
v 3 3
v 4 3
v 5 3
v 6 3
v 7 3
v 8 3
v 9 3
v 10 3
v 11 4
v 12 4
v 13 4
v 14 4
v 15 4
v 16 4
v 17 4
v 18 4
v 19 4
e 0 6 1
e 0 19 1
e 1 9 2
e 2 3 1
e 2 9 1
e 2 13 1
e 3 4 2
e 3 5 1
e 4 6 1
e 4 11 1
e 5 7 2
e 5 12 1
e 6 8 2
e 7 8 1
e 7 14 1
e 8 15 1
e 9 10 1
e 10 16 1
e 10 17 1
e 10 18 1
t # 67748
v 0 18
v 1 1
v 2 2
v 3 3
v 4 3
v 5 3
v 6 3
v 7 3
v 8 3
v 9 3
v 10 3
v 11 4
v 12 4
v 13 4
v 14 4
v 15 4
v 16 4
v 17 4
v 18 4
e 1 9 2
e 2 3 1
e 2 9 1
e 2 13 1
e 3 4 2
e 3 5 1
e 4 6 1
e 4 11 1
e 5 7 2
e 5 12 1
e 6 8 2
e 7 8 1
e 7 14 1
e 8 15 1
e 9 10 1
e 10 16 1
e 10 17 1
e 10 18 1
t # 67749
v 0 1
v 1 1
v 2 1
v 3 3
v 4 3
v 5 3
v 6 3
v 7 3
v 8 3
v 9 3
v 10 3
v 11 4
v 12 4
v 13 4
v 14 4
v 15 4
v 16 4
v 17 4
v 18 4
e 0 7 1
e 0 17 1
e 1 10 1
e 1 18 1
e 2 10 2
e 3 4 1
e 3 5 2
e 3 6 1
e 4 10 1
e 4 11 1
e 4 12 1
e 5 7 1
e 5 13 1
e 6 8 2
e 6 14 1
e 7 9 2
e 8 9 1
e 8 15 1
e 9 16 1
t # 67750
v 0 1
v 1 2
v 2 3
v 3 3
v 4 3
v 5 3
v 6 3
v 7 3
v 8 3
v 9 3
v 10 4
v 11 4
v 12 4
v 13 4
v 14 4
v 15 4
v 16 4
v 17 4
v 18 4
v 19 4
v 20 4
e 0 2 1
e 0 5 1
e 1 4 1
e 1 19 1
e 1 20 1
e 2 3 1
e 2 6 2
e 3 4 2
e 3 10 1
e 4 7 1
e 5 9 1
e 5 11 1
e 5 12 1
e 6 8 1
e 6 13 1
e 7 8 2
e 7 14 1
e 8 15 1
e 9 16 1
e 9 17 1
e 9 18 1
t # 67751
v 0 1
v 1 2
v 2 3
v 3 3
v 4 3
v 5 3
v 6 3
v 7 3
v 8 3
v 9 3
v 10 3
v 11 3
v 12 3
v 13 3
v 14 4
v 15 4
v 16 4
v 17 4
v 18 4
v 19 4
v 20 4
v 21 4
v 22 4
v 23 4
v 24 4
v 25 4
v 26 4
v 27 4
v 28 4
v 29 4
v 30 4
e 0 6 2
e 1 6 1
e 1 8 1
e 1 25 1
e 2 3 1
e 2 4 1
e 2 14 1
e 2 15 1
e 3 5 1
e 3 16 1
e 3 17 1
e 4 6 1
e 4 18 1
e 4 19 1
e 5 7 1
e 5 20 1
e 5 21 1
e 7 22 1
e 7 23 1
e 7 24 1
e 8 9 2
e 8 10 1
e 9 11 1
e 9 26 1
e 10 12 2
e 10 27 1
e 11 13 2
e 11 28 1
e 12 13 1
e 12 29 1
e 13 30 1
t # 67752
v 0 2
v 1 2
v 2 3
v 3 3
v 4 3
v 5 3
v 6 3
v 7 3
v 8 3
v 9 3
v 10 3
v 11 3
v 12 3
v 13 3
v 14 3
v 15 3
v 16 4
v 17 4
v 18 4
v 19 4
v 20 4
v 21 4
v 22 4
v 23 4
v 24 4
v 25 4
v 26 4
v 27 4
v 28 4
v 29 4
e 0 2 1
e 0 3 1
e 0 16 1
e 1 3 2
e 1 4 1
e 2 5 2
e 2 6 1
e 3 7 1
e 4 10 2
e 4 11 1
e 5 8 1
e 5 17 1
e 6 9 2
e 6 18 1
e 7 19 1
e 7 20 1
e 7 21 1
e 8 12 2
e 8 22 1
e 9 12 1
e 9 23 1
e 10 13 1
e 10 24 1
e 11 14 2
e 11 25 1
e 12 26 1
e 13 15 2
e 13 27 1
e 14 15 1
e 14 28 1
e 15 29 1
t # 67753
v 0 11
v 1 1
v 2 3
v 3 3
v 4 3
v 5 3
v 6 3
v 7 3
v 8 3
v 9 3
v 10 3
v 11 3
v 12 3
v 13 3
v 14 3
v 15 3
v 16 4
v 17 4
v 18 4
v 19 4
v 20 4
v 21 4
v 22 4
v 23 4
v 24 4
v 25 4
v 26 4
v 27 4
v 28 4
v 29 4
e 0 1 2
e 0 2 1
e 0 3 1
e 2 4 1
e 2 16 1
e 2 17 1
e 3 5 1
e 3 18 1
e 3 19 1
e 4 6 2
e 4 8 1
e 5 7 2
e 5 9 1
e 6 10 1
e 6 20 1
e 7 11 1
e 7 21 1
e 8 12 2
e 8 22 1
e 9 13 2
e 9 23 1
e 10 14 2
e 10 24 1
e 11 15 2
e 11 25 1
e 12 14 1
e 12 26 1
e 13 15 1
e 13 27 1
e 14 28 1
e 15 29 1
t # 67754
v 0 1
v 1 1
v 2 3
v 3 3
v 4 3
v 5 3
v 6 3
v 7 3
v 8 3
v 9 3
v 10 3
v 11 3
v 12 3
v 13 3
v 14 3
v 15 4
v 16 4
v 17 4
v 18 4
v 19 4
v 20 4
v 21 4
v 22 4
v 23 4
v 24 4
v 25 4
v 26 4
e 0 13 1
e 0 25 1
e 1 14 1
e 1 26 1
e 2 3 1
e 2 4 1
e 2 15 1
e 2 16 1
e 3 5 2
e 3 7 1
e 4 6 2
e 4 8 1
e 5 9 1
e 5 17 1
e 6 10 1
e 6 18 1
e 7 11 2
e 7 19 1
e 8 12 2
e 8 20 1
e 9 13 2
e 9 21 1
e 10 14 2
e 10 22 1
e 11 13 1
e 11 23 1
e 12 14 1
e 12 24 1
t # 67755
v 0 1
v 1 1
v 2 1
v 3 2
v 4 3
v 5 3
v 6 3
v 7 3
v 8 3
v 9 3
v 10 3
v 11 3
v 12 3
v 13 3
v 14 3
v 15 3
v 16 4
v 17 4
v 18 4
v 19 4
v 20 4
v 21 4
v 22 4
v 23 4
v 24 4
e 0 4 1
e 0 5 1
e 3 8 1
e 4 6 2
e 4 7 1
e 5 11 2
e 5 12 1
e 6 9 1
e 6 16 1
e 7 10 2
e 7 17 1
e 8 9 2
e 8 10 1
e 9 18 1
e 10 19 1
e 11 13 1
e 11 20 1
e 12 14 2
e 12 21 1
e 13 15 2
e 13 22 1
e 14 15 1
e 14 23 1
e 15 24 1
t # 67756
v 0 12
v 1 1
v 2 1
v 3 3
v 4 3
v 5 3
v 6 3
v 7 3
v 8 3
v 9 3
v 10 3
v 11 4
v 12 4
v 13 4
v 14 4
v 15 4
v 16 4
v 17 4
e 0 10 1
e 1 3 1
e 1 9 1
e 2 9 2
e 3 4 2
e 3 5 1
e 4 6 1
e 4 11 1
e 5 7 2
e 5 12 1
e 6 8 2
e 6 13 1
e 7 8 1
e 7 14 1
e 8 15 1
e 9 10 1
e 10 16 1
e 10 17 1
t # 67757
v 0 8
v 1 1
v 2 1
v 3 1
v 4 3
v 5 3
v 6 3
v 7 3
v 8 3
v 9 3
v 10 3
v 11 3
v 12 3
v 13 3
v 14 3
v 15 3
v 16 3
v 17 3
v 18 3
v 19 3
v 20 3
v 21 3
v 22 3
v 23 3
v 24 3
v 25 4
v 26 4
v 27 4
v 28 4
v 29 4
v 30 4
v 31 4
v 32 4
v 33 4
v 34 4
v 35 4
v 36 4
v 37 4
v 38 4
v 39 4
v 40 4
v 41 4
v 42 4
v 43 4
v 44 4
v 45 4
e 1 7 1
e 2 8 1
e 3 9 1
e 4 10 2
e 4 13 1
e 4 22 1
e 5 11 2
e 5 14 1
e 5 23 1
e 6 12 2
e 6 15 1
e 6 24 1
e 7 16 2
e 7 19 1
e 8 17 2
e 8 20 1
e 9 18 2
e 9 21 1
e 10 16 1
e 10 25 1
e 11 17 1
e 11 26 1
e 12 18 1
e 12 27 1
e 13 19 2
e 13 28 1
e 14 20 2
e 14 29 1
e 15 21 2
e 15 30 1
e 16 31 1
e 17 32 1
e 18 33 1
e 19 34 1
e 20 35 1
e 21 36 1
e 22 37 1
e 22 38 1
e 22 39 1
e 23 40 1
e 23 41 1
e 23 42 1
e 24 43 1
e 24 44 1
e 24 45 1
t # 67758
v 0 2
v 1 3
v 2 3
v 3 3
v 4 3
v 5 3
v 6 3
v 7 3
v 8 3
v 9 4
v 10 4
v 11 4
v 12 4
v 13 4
v 14 4
v 15 4
e 1 2 2
e 1 3 1
e 1 5 1
e 2 4 1
e 2 9 1
e 3 6 2
e 3 10 1
e 4 7 2
e 4 8 1
e 5 11 1
e 5 12 1
e 5 13 1
e 6 7 1
e 6 14 1
e 7 15 1
t # 67759
v 0 12
v 1 3
v 2 3
v 3 3
v 4 3
v 5 3
v 6 3
v 7 3
v 8 3
v 9 4
v 10 4
v 11 4
v 12 4
v 13 4
v 14 4
v 15 4
v 16 4
v 17 4
e 0 7 1
e 1 3 1
e 1 4 2
e 1 7 1
e 2 3 2
e 2 5 1
e 2 8 1
e 3 9 1
e 4 6 1
e 4 10 1
e 5 6 2
e 5 11 1
e 6 12 1
e 7 13 1
e 7 14 1
e 8 15 1
e 8 16 1
e 8 17 1
t # 67760
v 0 1
v 1 3
v 2 3
v 3 3
v 4 3
v 5 3
v 6 3
v 7 3
v 8 3
v 9 4
v 10 4
v 11 4
v 12 4
v 13 4
v 14 4
v 15 4
v 16 4
v 17 4
v 18 4
e 0 6 1
e 0 18 1
e 1 2 1
e 1 3 2
e 1 4 1
e 2 5 1
e 2 9 1
e 2 10 1
e 3 6 1
e 3 11 1
e 4 7 2
e 4 12 1
e 5 13 1
e 5 14 1
e 5 15 1
e 6 8 2
e 7 8 1
e 7 16 1
e 8 17 1
t # 67761
v 0 18
v 1 3
v 2 3
v 3 3
v 4 3
v 5 3
v 6 3
v 7 3
v 8 3
v 9 4
v 10 4
v 11 4
v 12 4
v 13 4
v 14 4
v 15 4
v 16 4
v 17 4
e 1 3 1
e 1 4 2
e 1 7 1
e 2 3 2
e 2 5 1
e 2 8 1
e 3 9 1
e 4 6 1
e 4 10 1
e 5 6 2
e 5 11 1
e 6 12 1
e 7 13 1
e 7 14 1
e 8 15 1
e 8 16 1
e 8 17 1
t # 67762
v 0 1
v 1 1
v 2 1
v 3 1
v 4 2
v 5 3
v 6 3
v 7 3
v 8 3
v 9 3
v 10 3
v 11 3
v 12 3
v 13 3
v 14 4
v 15 4
v 16 4
v 17 4
v 18 4
v 19 4
v 20 4
v 21 4
v 22 4
e 0 6 1
e 0 12 1
e 3 12 2
e 4 9 1
e 5 6 1
e 5 7 2
e 5 8 1
e 6 14 1
e 6 15 1
e 7 10 1
e 7 16 1
e 8 11 2
e 8 17 1
e 9 10 2
e 9 11 1
e 10 18 1
e 11 19 1
e 12 13 1
e 13 20 1
e 13 21 1
e 13 22 1
t # 67763
v 0 1
v 1 1
v 2 1
v 3 3
v 4 3
v 5 3
v 6 3
v 7 3
v 8 3
v 9 3
v 10 3
v 11 3
v 12 4
v 13 4
v 14 4
v 15 4
v 16 4
v 17 4
v 18 4
v 19 4
v 20 4
v 21 4
e 0 3 1
e 0 7 1
e 1 11 1
e 1 21 1
e 2 11 2
e 3 5 2
e 3 6 1
e 4 8 2
e 4 9 1
e 4 11 1
e 5 8 1
e 5 12 1
e 6 9 2
e 6 13 1
e 7 10 1
e 7 14 1
e 7 15 1
e 8 16 1
e 9 17 1
e 10 18 1
e 10 19 1
e 10 20 1
t # 67764
v 0 1
v 1 1
v 2 2
v 3 3
v 4 3
v 5 3
v 6 3
v 7 3
v 8 3
v 9 3
v 10 3
v 11 3
v 12 4
v 13 4
v 14 4
v 15 4
v 16 4
v 17 4
v 18 4
v 19 4
v 20 4
v 21 4
v 22 4
e 0 11 1
e 0 22 1
e 1 11 2
e 2 3 1
e 2 9 1
e 2 10 1
e 3 4 2
e 3 5 1
e 4 7 1
e 4 12 1
e 5 8 2
e 5 13 1
e 6 7 2
e 6 8 1
e 6 11 1
e 7 14 1
e 8 15 1
e 9 16 1
e 9 17 1
e 9 18 1
e 10 19 1
e 10 20 1
e 10 21 1
t # 67765
v 0 1
v 1 1
v 2 1
v 3 2
v 4 2
v 5 3
v 6 3
v 7 3
v 8 3
v 9 3
v 10 3
v 11 3
v 12 4
v 13 4
v 14 4
v 15 4
v 16 4
v 17 4
e 0 11 2
e 3 6 1
e 4 11 1
e 4 16 1
e 4 17 1
e 5 7 2
e 5 8 1
e 5 11 1
e 6 9 2
e 6 10 1
e 7 9 1
e 7 12 1
e 8 10 2
e 8 13 1
e 9 14 1
e 10 15 1
t # 67766
v 0 1
v 1 1
v 2 2
v 3 2
v 4 3
v 5 3
v 6 3
v 7 3
v 8 3
v 9 3
v 10 3
v 11 4
v 12 4
v 13 4
v 14 4
e 2 4 1
e 4 5 2
e 4 6 1
e 5 8 1
e 5 11 1
e 6 9 2
e 6 12 1
e 7 8 2
e 7 9 1
e 7 10 1
e 8 13 1
e 9 14 1
t # 67767
v 0 1
v 1 1
v 2 2
v 3 2
v 4 3
v 5 3
v 6 3
v 7 3
v 8 3
v 9 3
v 10 3
v 11 4
v 12 4
v 13 4
v 14 4
v 15 4
v 16 4
v 17 4
v 18 4
e 0 10 1
e 0 18 1
e 1 10 2
e 2 3 1
e 2 4 1
e 2 15 1
e 3 16 1
e 3 17 1
e 4 6 2
e 4 7 1
e 5 8 2
e 5 9 1
e 5 10 1
e 6 8 1
e 6 11 1
e 7 9 2
e 7 12 1
e 8 13 1
e 9 14 1
t # 67768
v 0 1
v 1 1
v 2 1
v 3 3
v 4 3
v 5 3
v 6 3
v 7 3
v 8 3
v 9 3
v 10 3
v 11 4
v 12 4
v 13 4
v 14 4
v 15 4
v 16 4
e 0 9 1
e 0 16 1
e 1 9 2
e 2 10 2
e 3 5 2
e 3 6 1
e 3 9 1
e 4 7 2
e 4 8 1
e 4 10 1
e 5 7 1
e 5 11 1
e 6 8 2
e 6 12 1
e 7 13 1
e 8 14 1
e 10 15 1
t # 67769
v 0 1
v 1 1
v 2 2
v 3 3
v 4 3
v 5 3
v 6 3
v 7 3
v 8 3
v 9 3
v 10 3
v 11 4
v 12 4
v 13 4
v 14 4
v 15 4
e 0 9 1
e 0 15 1
e 1 9 2
e 3 4 2
e 3 5 1
e 3 9 1
e 4 7 1
e 4 11 1
e 5 8 2
e 5 12 1
e 6 7 2
e 6 8 1
e 6 10 1
e 7 13 1
e 8 14 1
t # 67770
v 0 1
v 1 1
v 2 3
v 3 3
v 4 3
v 5 3
v 6 3
v 7 3
v 8 3
v 9 3
v 10 3
v 11 4
v 12 4
v 13 4
v 14 4
v 15 4
v 16 4
v 17 4
v 18 4
v 19 4
v 20 4
e 0 10 1
e 0 20 1
e 1 10 2
e 2 3 1
e 2 4 2
e 2 5 1
e 3 9 1
e 3 11 1
e 3 12 1
e 4 7 1
e 4 13 1
e 5 8 2
e 5 14 1
e 6 7 2
e 6 8 1
e 6 10 1
e 7 15 1
e 8 16 1
e 9 17 1
e 9 18 1
e 9 19 1
t # 67771
v 0 27
v 1 1
v 2 1
v 3 3
v 4 3
v 5 3
v 6 3
v 7 3
v 8 3
v 9 3
v 10 4
v 11 4
v 12 4
v 13 4
v 14 4
e 1 9 1
e 1 14 1
e 2 9 2
e 3 4 2
e 3 5 1
e 3 9 1
e 4 6 1
e 4 10 1
e 5 7 2
e 5 11 1
e 6 8 2
e 6 12 1
e 7 8 1
e 7 13 1
t # 67772
v 0 12
v 1 1
v 2 2
v 3 3
v 4 3
v 5 3
v 6 3
v 7 3
v 8 3
v 9 3
v 10 4
v 11 4
v 12 4
v 13 4
v 14 4
v 15 4
e 0 8 1
e 1 9 2
e 2 9 1
e 2 14 1
e 2 15 1
e 3 4 2
e 3 5 1
e 3 9 1
e 4 6 1
e 4 10 1
e 5 7 2
e 5 11 1
e 6 8 2
e 6 12 1
e 7 8 1
e 7 13 1
t # 67773
v 0 1
v 1 1
v 2 1
v 3 1
v 4 2
v 5 3
v 6 3
v 7 3
v 8 3
v 9 3
v 10 3
v 11 3
v 12 3
v 13 4
v 14 4
v 15 4
v 16 4
v 17 4
v 18 4
v 19 4
e 0 11 1
e 0 12 1
e 1 11 2
e 4 6 1
e 5 7 2
e 5 8 1
e 5 11 1
e 6 9 2
e 6 10 1
e 7 9 1
e 7 13 1
e 8 10 2
e 8 14 1
e 9 15 1
e 10 16 1
e 12 17 1
e 12 18 1
e 12 19 1
t # 67774
v 0 1
v 1 1
v 2 2
v 3 3
v 4 3
v 5 3
v 6 3
v 7 3
v 8 3
v 9 3
v 10 3
v 11 4
v 12 4
v 13 4
v 14 4
v 15 4
v 16 4
v 17 4
v 18 4
v 19 4
e 0 9 1
e 0 10 1
e 1 9 2
e 2 4 1
e 2 15 1
e 2 16 1
e 3 5 2
e 3 6 1
e 3 9 1
e 4 7 2
e 4 8 1
e 5 7 1
e 5 11 1
e 6 8 2
e 6 12 1
e 7 13 1
e 8 14 1
e 10 17 1
e 10 18 1
e 10 19 1
t # 67775
v 0 18
v 1 1
v 2 1
v 3 3
v 4 3
v 5 3
v 6 3
v 7 3
v 8 3
v 9 3
v 10 3
v 11 4
v 12 4
v 13 4
v 14 4
v 15 4
v 16 4
v 17 4
e 1 9 1
e 1 10 1
e 2 9 2
e 3 4 2
e 3 5 1
e 3 9 1
e 4 6 1
e 4 11 1
e 5 7 2
e 5 12 1
e 6 8 2
e 6 13 1
e 7 8 1
e 7 14 1
e 10 15 1
e 10 16 1
e 10 17 1
t # 67776
v 0 1
v 1 1
v 2 2
v 3 2
v 4 3
v 5 3
v 6 3
v 7 3
v 8 3
v 9 3
v 10 3
v 11 4
v 12 4
v 13 4
v 14 4
e 2 4 1
e 4 5 1
e 4 6 2
e 5 7 2
e 5 11 1
e 6 8 1
e 6 12 1
e 7 9 1
e 7 10 1
e 8 9 2
e 8 13 1
e 9 14 1
t # 67777
v 0 12
v 1 1
v 2 1
v 3 2
v 4 3
v 5 3
v 6 3
v 7 3
v 8 3
v 9 3
v 10 3
v 11 4
v 12 4
v 13 4
v 14 4
v 15 4
v 16 4
e 0 10 1
e 3 6 1
e 4 5 2
e 4 7 1
e 4 10 1
e 5 6 1
e 5 11 1
e 6 8 2
e 7 9 2
e 7 12 1
e 8 9 1
e 8 13 1
e 9 16 1
e 10 14 1
e 10 15 1
t # 67778
v 0 1
v 1 1
v 2 1
v 3 1
v 4 2
v 5 2
v 6 3
v 7 3
v 8 3
v 9 3
v 10 3
v 11 3
v 12 3
v 13 4
v 14 4
v 15 4
v 16 4
v 17 4
v 18 4
e 0 12 1
e 0 18 1
e 1 12 2
e 4 7 1
e 4 16 1
e 4 17 1
e 5 8 1
e 6 7 2
e 6 10 1
e 6 12 1
e 7 9 1
e 8 9 2
e 8 11 1
e 9 13 1
e 10 11 2
e 10 14 1
e 11 15 1
t # 67779
v 0 12
v 1 1
v 2 1
v 3 1
v 4 2
v 5 3
v 6 3
v 7 3
v 8 3
v 9 3
v 10 3
v 11 4
v 12 4
v 13 4
v 14 4
e 0 9 1
e 1 8 1
e 1 14 1
e 4 5 1
e 5 6 2
e 5 7 1
e 6 9 1
e 6 11 1
e 7 10 2
e 7 12 1
e 8 9 2
e 8 10 1
e 10 13 1
t # 67780
v 0 18
v 1 1
v 2 1
v 3 3
v 4 3
v 5 3
v 6 3
v 7 3
v 8 3
v 9 3
v 10 3
v 11 4
v 12 4
v 13 4
v 14 4
v 15 4
v 16 4
v 17 4
e 1 9 1
e 1 10 1
e 2 9 2
e 3 4 2
e 3 5 1
e 3 9 1
e 4 6 1
e 4 11 1
e 5 7 2
e 5 12 1
e 6 8 2
e 7 8 1
e 7 13 1
e 8 14 1
e 10 15 1
e 10 16 1
e 10 17 1
t # 67781
v 0 1
v 1 1
v 2 1
v 3 1
v 4 1
v 5 1
v 6 2
v 7 3
v 8 3
v 9 3
v 10 3
v 11 3
v 12 3
v 13 3
v 14 3
v 15 4
v 16 4
v 17 4
v 18 4
v 19 4
e 0 13 1
e 0 18 1
e 1 14 1
e 1 19 1
e 2 13 2
e 3 14 2
e 6 9 1
e 7 10 2
e 7 11 1
e 7 13 1
e 8 10 1
e 8 12 2
e 8 14 1
e 9 11 2
e 9 12 1
e 10 15 1
e 11 16 1
e 12 17 1
t # 67782
v 0 1
v 1 1
v 2 1
v 3 1
v 4 2
v 5 2
v 6 2
v 7 3
v 8 3
v 9 3
v 10 3
v 11 3
v 12 3
v 13 4
v 14 4
v 15 4
v 16 4
v 17 4
e 4 7 1
e 5 8 1
e 6 9 1
e 6 16 1
e 6 17 1
e 7 10 2
e 7 11 1
e 8 10 1
e 8 12 2
e 9 11 2
e 9 12 1
e 10 13 1
e 11 14 1
e 12 15 1
t # 67783
v 0 12
v 1 12
v 2 1
v 3 1
v 4 1
v 5 2
v 6 3
v 7 3
v 8 3
v 9 3
v 10 3
v 11 3
v 12 4
v 13 4
v 14 4
e 0 10 1
e 1 11 1
e 2 9 1
e 2 14 1
e 5 6 1
e 6 7 2
e 6 8 1
e 7 11 1
e 7 12 1
e 8 10 2
e 8 13 1
e 9 10 1
e 9 11 2
t # 67784
v 0 1
v 1 3
v 2 3
v 3 3
v 4 3
v 5 3
v 6 3
v 7 3
v 8 3
v 9 3
v 10 4
v 11 4
v 12 4
v 13 4
v 14 4
v 15 4
v 16 4
v 17 4
v 18 4
v 19 4
v 20 4
v 21 4
e 0 7 1
e 0 21 1
e 1 2 1
e 1 3 1
e 1 4 1
e 1 10 1
e 2 5 2
e 2 6 1
e 3 11 1
e 3 12 1
e 3 13 1
e 4 14 1
e 4 15 1
e 4 16 1
e 5 7 1
e 5 17 1
e 6 8 2
e 6 18 1
e 7 9 2
e 8 9 1
e 8 19 1
e 9 20 1
t # 67785
v 0 1
v 1 2
v 2 3
v 3 3
v 4 3
v 5 3
v 6 3
v 7 3
v 8 3
v 9 4
v 10 4
v 11 4
v 12 4
v 13 4
v 14 4
v 15 4
v 16 4
v 17 4
v 18 4
v 19 4
v 20 4
v 21 4
e 0 7 2
e 1 5 1
e 1 6 1
e 1 7 1
e 2 3 1
e 2 4 1
e 2 9 1
e 2 10 1
e 3 5 1
e 3 11 1
e 3 12 1
e 4 6 1
e 4 13 1
e 4 14 1
e 5 15 1
e 5 16 1
e 6 17 1
e 6 18 1
e 7 8 1
e 8 19 1
e 8 20 1
e 8 21 1
t # 67786
v 0 34
v 1 1
v 2 1
v 3 1
v 4 1
v 5 2
v 6 2
v 7 3
v 8 3
v 9 3
v 10 3
v 11 3
v 12 3
v 13 3
v 14 3
v 15 4
v 16 4
v 17 4
v 18 4
v 19 4
v 20 4
v 21 4
v 22 4
v 23 4
v 24 4
v 25 4
e 1 22 1
e 2 23 1
e 4 14 2
e 5 8 1
e 5 13 1
e 5 19 1
e 6 14 1
e 6 24 1
e 6 25 1
e 7 9 2
e 7 10 1
e 8 11 2
e 8 12 1
e 9 11 1
e 9 15 1
e 10 12 2
e 10 16 1
e 11 17 1
e 12 18 1
e 13 14 1
e 13 20 1
e 13 21 1
t # 67787
v 0 1
v 1 3
v 2 3
v 3 3
v 4 3
v 5 3
v 6 3
v 7 3
v 8 3
v 9 3
v 10 4
v 11 4
v 12 4
v 13 4
v 14 4
v 15 4
v 16 4
v 17 4
v 18 4
v 19 4
v 20 4
v 21 4
e 0 1 1
e 0 18 1
e 1 2 1
e 1 3 1
e 1 4 1
e 2 5 2
e 2 6 1
e 3 10 1
e 3 11 1
e 3 12 1
e 4 13 1
e 4 14 1
e 4 15 1
e 5 7 1
e 5 16 1
e 6 8 2
e 6 17 1
e 7 9 2
e 7 19 1
e 8 9 1
e 8 20 1
e 9 21 1
t # 67788
v 0 1
v 1 2
v 2 3
v 3 3
v 4 3
v 5 3
v 6 3
v 7 4
v 8 4
v 9 4
v 10 4
v 11 4
v 12 4
v 13 4
v 14 4
v 15 4
v 16 4
v 17 4
e 0 6 2
e 1 2 1
e 1 3 1
e 1 6 1
e 2 4 1
e 2 7 1
e 2 8 1
e 3 5 1
e 3 9 1
e 3 10 1
e 4 11 1
e 4 12 1
e 4 13 1
e 5 14 1
e 5 15 1
e 5 16 1
e 6 17 1
t # 67789
v 0 1
v 1 1
v 2 1
v 3 1
v 4 3
v 5 3
v 6 3
v 7 3
v 8 3
v 9 3
v 10 4
v 11 4
v 12 4
v 13 4
v 14 4
v 15 4
v 16 4
v 17 4
v 18 4
v 19 4
e 0 8 1
e 0 18 1
e 1 8 2
e 2 9 1
e 2 19 1
e 3 9 2
e 4 5 1
e 4 7 1
e 4 8 1
e 4 10 1
e 5 6 1
e 5 11 1
e 5 12 1
e 6 9 1
e 6 13 1
e 6 14 1
e 7 15 1
e 7 16 1
e 7 17 1
t # 67790
v 0 1
v 1 1
v 2 1
v 3 1
v 4 3
v 5 3
v 6 3
v 7 3
v 8 3
v 9 3
v 10 3
v 11 3
v 12 4
v 13 4
v 14 4
v 15 4
v 16 4
v 17 4
v 18 4
v 19 4
v 20 4
v 21 4
v 22 4
v 23 4
v 24 4
v 25 4
e 0 10 1
e 0 24 1
e 1 11 1
e 1 25 1
e 2 10 2
e 3 11 2
e 4 5 1
e 4 6 1
e 4 12 1
e 4 13 1
e 5 7 1
e 5 14 1
e 5 15 1
e 6 8 1
e 6 16 1
e 6 17 1
e 7 10 1
e 7 11 1
e 7 18 1
e 8 9 1
e 8 19 1
e 8 20 1
e 9 21 1
e 9 22 1
e 9 23 1
t # 67791
v 0 1
v 1 1
v 2 1
v 3 1
v 4 1
v 5 2
v 6 3
v 7 3
v 8 3
v 9 3
v 10 3
v 11 3
v 12 3
v 13 4
v 14 4
v 15 4
v 16 4
v 17 4
e 0 9 1
e 0 16 1
e 1 12 1
e 1 17 1
e 2 12 2
e 5 6 1
e 6 8 1
e 6 9 2
e 7 8 2
e 7 10 1
e 7 12 1
e 8 13 1
e 9 11 1
e 10 11 2
e 10 14 1
e 11 15 1
t # 67792
v 0 1
v 1 1
v 2 1
v 3 1
v 4 2
v 5 2
v 6 3
v 7 3
v 8 3
v 9 3
v 10 3
v 11 3
v 12 3
v 13 4
v 14 4
v 15 4
v 16 4
v 17 4
v 18 4
e 0 12 1
e 0 18 1
e 1 12 2
e 4 7 1
e 4 16 1
e 4 17 1
e 5 8 1
e 6 7 2
e 6 9 1
e 6 12 1
e 7 10 1
e 8 9 2
e 8 11 1
e 9 13 1
e 10 11 2
e 10 14 1
e 11 15 1
t # 67793
v 0 1
v 1 1
v 2 1
v 3 1
v 4 3
v 5 3
v 6 3
v 7 3
v 8 3
v 9 3
v 10 3
v 11 3
v 12 3
v 13 3
v 14 4
v 15 4
v 16 4
v 17 4
v 18 4
v 19 4
v 20 4
v 21 4
v 22 4
v 23 4
e 0 9 1
e 0 22 1
e 1 10 1
e 1 23 1
e 2 9 2
e 3 10 2
e 4 5 1
e 4 6 1
e 4 14 1
e 4 15 1
e 5 9 1
e 5 10 1
e 5 16 1
e 6 7 2
e 6 8 1
e 7 11 1
e 7 17 1
e 8 12 2
e 8 18 1
e 11 13 2
e 11 19 1
e 12 13 1
e 12 20 1
e 13 21 1
t # 67794
v 0 1
v 1 1
v 2 1
v 3 1
v 4 2
v 5 2
v 6 3
v 7 3
v 8 3
v 9 3
v 10 3
v 11 3
v 12 3
v 13 3
v 14 4
v 15 4
v 16 4
v 17 4
v 18 4
v 19 4
v 20 4
v 21 4
e 4 8 1
e 5 9 1
e 6 8 2
e 6 10 1
e 6 12 1
e 7 9 1
e 7 10 2
e 7 13 1
e 8 11 1
e 9 11 2
e 10 14 1
e 11 15 1
e 12 16 1
e 12 17 1
e 12 18 1
e 13 19 1
e 13 20 1
e 13 21 1
t # 67795
v 0 1
v 1 2
v 2 3
v 3 3
v 4 3
v 5 3
v 6 4
v 7 4
v 8 4
v 9 4
v 10 4
v 11 4
v 12 4
e 0 5 2
e 1 3 1
e 1 5 1
e 1 12 1
e 2 3 1
e 2 4 1
e 2 6 1
e 2 7 1
e 3 8 1
e 3 9 1
e 4 5 1
e 4 10 1
e 4 11 1
t # 67796
v 0 1
v 1 1
v 2 1
v 3 3
v 4 3
v 5 3
v 6 3
v 7 3
v 8 4
v 9 4
v 10 4
v 11 4
e 0 6 1
e 0 7 1
e 1 6 2
e 2 7 2
e 3 4 2
e 3 5 1
e 3 6 1
e 4 7 1
e 4 8 1
e 5 9 1
e 5 10 1
e 5 11 1
t # 67797
v 0 12
v 1 2
v 2 3
v 3 3
v 4 3
v 5 3
v 6 3
v 7 3
v 8 3
v 9 4
v 10 4
v 11 4
v 12 4
v 13 4
v 14 4
v 15 4
v 16 4
e 0 6 1
e 1 3 1
e 1 15 1
e 1 16 1
e 2 4 2
e 2 5 1
e 2 8 1
e 3 6 2
e 3 7 1
e 4 6 1
e 4 9 1
e 5 7 2
e 5 10 1
e 7 11 1
e 8 12 1
e 8 13 1
e 8 14 1
t # 67798
v 0 18
v 1 18
v 2 3
v 3 3
v 4 3
v 5 3
v 6 3
v 7 3
v 8 3
v 9 4
v 10 4
v 11 4
v 12 4
v 13 4
v 14 4
e 2 3 2
e 2 4 1
e 2 5 1
e 3 7 1
e 4 6 2
e 4 9 1
e 5 10 1
e 5 11 1
e 5 12 1
e 6 8 1
e 7 8 2
e 7 13 1
e 8 14 1
t # 67799
v 0 12
v 1 2
v 2 2
v 3 3
v 4 3
v 5 3
v 6 3
v 7 3
v 8 3
v 9 4
v 10 4
v 11 4
v 12 4
v 13 4
v 14 4
v 15 4
e 0 5 1
e 1 3 1
e 1 12 1
e 1 13 1
e 2 4 1
e 2 14 1
e 2 15 1
e 3 5 2
e 3 7 1
e 4 6 2
e 4 8 1
e 5 6 1
e 6 9 1
e 7 8 2
e 7 10 1
e 8 11 1
