t # 2000
v 0 2
v 1 2
v 2 2
v 3 2
v 4 3
v 5 3
v 6 3
v 7 3
v 8 3
v 9 3
v 10 42
v 11 42
v 12 4
v 13 4
v 14 4
v 15 4
v 16 4
v 17 4
e 0 2 1
e 0 4 2
e 1 3 1
e 1 5 2
e 2 6 1
e 3 7 1
e 4 8 1
e 4 12 1
e 5 9 1
e 5 13 1
e 6 8 2
e 6 14 1
e 7 9 2
e 7 15 1
e 8 16 1
e 9 17 1
t # 2001
v 0 1
v 1 1
v 2 2
v 3 2
v 4 3
v 5 3
v 6 3
v 7 3
v 8 3
v 9 3
v 10 3
v 11 3
v 12 3
v 13 3
v 14 3
v 15 3
v 16 3
v 17 4
v 18 4
v 19 4
v 20 4
v 21 4
v 22 4
v 23 4
v 24 4
v 25 4
v 26 4
v 27 4
v 28 4
v 29 4
v 30 4
v 31 4
v 32 4
v 33 4
e 0 4 1
e 0 9 1
e 1 15 2
e 2 16 2
e 3 33 1
e 4 5 1
e 4 6 1
e 4 9 1
e 5 10 1
e 5 11 1
e 5 17 1
e 6 12 1
e 6 13 1
e 6 18 1
e 7 10 1
e 7 12 1
e 7 14 1
e 7 19 1
e 8 11 1
e 8 13 1
e 8 14 1
e 8 20 1
e 9 15 1
e 9 21 1
e 10 22 1
e 10 23 1
e 11 24 1
e 11 25 1
e 12 26 1
e 12 27 1
e 13 28 1
e 13 29 1
e 14 30 1
e 14 31 1
e 15 16 1
e 16 32 1
t # 2002
v 0 1
v 1 1
v 2 2
v 3 2
v 4 3
v 5 3
v 6 3
v 7 3
v 8 3
v 9 3
v 10 3
v 11 3
v 12 3
v 13 3
v 14 3
v 15 3
v 16 3
v 17 4
v 18 4
v 19 4
v 20 4
v 21 4
v 22 4
v 23 4
v 24 4
v 25 4
v 26 4
v 27 4
v 28 4
v 29 4
v 30 4
v 31 4
e 0 4 1
e 0 5 1
e 1 9 2
e 2 12 2
e 3 31 1
e 4 5 1
e 4 7 1
e 4 8 1
e 5 6 1
e 5 9 1
e 6 10 2
e 6 11 1
e 7 17 1
e 7 18 1
e 7 19 1
e 8 20 1
e 8 21 1
e 8 22 1
e 9 12 1
e 10 13 1
e 10 23 1
e 11 14 2
e 11 24 1
e 12 25 1
e 13 15 2
e 13 26 1
e 14 15 1
e 14 27 1
e 15 16 1
e 16 28 1
e 16 29 1
e 16 30 1
t # 2003
v 0 1
v 1 1
v 2 2
v 3 2
v 4 3
v 5 3
v 6 3
v 7 3
v 8 3
v 9 3
v 10 3
v 11 3
v 12 3
v 13 3
v 14 3
v 15 3
v 16 4
v 17 4
v 18 4
v 19 4
v 20 4
v 21 4
v 22 4
v 23 4
v 24 4
v 25 4
v 26 4
v 27 4
v 28 4
e 0 4 1
e 0 5 1
e 1 9 2
e 2 12 2
e 3 28 1
e 4 5 1
e 4 6 1
e 4 7 1
e 5 8 1
e 5 9 1
e 6 16 1
e 6 17 1
e 6 18 1
e 7 19 1
e 7 20 1
e 7 21 1
e 8 10 2
e 8 11 1
e 9 12 1
e 10 13 1
e 10 22 1
e 11 14 2
e 11 23 1
e 12 24 1
e 13 15 2
e 13 25 1
e 14 15 1
e 14 26 1
e 15 27 1
t # 2004
v 0 1
v 1 1
v 2 2
v 3 2
v 4 3
v 5 3
v 6 3
v 7 3
v 8 3
v 9 3
v 10 3
v 11 3
v 12 3
v 13 3
v 14 3
v 15 3
v 16 3
v 17 3
v 18 4
v 19 4
v 20 4
v 21 4
v 22 4
v 23 4
v 24 4
v 25 4
v 26 4
v 27 4
v 28 4
e 0 4 1
e 0 5 1
e 1 7 2
e 2 13 2
e 3 28 1
e 4 5 1
e 4 6 1
e 4 18 1
e 5 7 1
e 5 19 1
e 6 8 2
e 6 9 1
e 7 13 1
e 8 10 1
e 8 20 1
e 9 12 2
e 9 21 1
e 10 11 1
e 10 14 2
e 11 12 1
e 11 15 2
e 12 22 1
e 13 23 1
e 14 16 1
e 14 24 1
e 15 17 1
e 15 25 1
e 16 17 2
e 16 26 1
e 17 27 1
t # 2005
v 0 18
v 1 1
v 2 1
v 3 2
v 4 2
v 5 3
v 6 3
v 7 3
v 8 3
v 9 3
v 10 3
v 11 3
v 12 3
v 13 3
v 14 3
v 15 4
v 16 4
v 17 4
v 18 4
v 19 4
v 20 4
v 21 4
v 22 4
e 1 5 1
e 1 6 1
e 2 8 2
e 3 13 2
e 4 22 1
e 5 6 1
e 5 7 1
e 5 15 1
e 6 8 1
e 6 16 1
e 7 9 2
e 7 10 1
e 8 13 1
e 9 11 1
e 9 17 1
e 10 12 2
e 10 18 1
e 11 14 2
e 11 19 1
e 12 14 1
e 12 20 1
e 13 21 1
t # 2006
v 0 1
v 1 1
v 2 2
v 3 2
v 4 3
v 5 3
v 6 3
v 7 3
v 8 3
v 9 3
v 10 3
v 11 3
v 12 3
v 13 3
v 14 3
v 15 3
v 16 3
v 17 3
v 18 3
v 19 3
v 20 3
v 21 4
v 22 4
v 23 4
v 24 4
v 25 4
v 26 4
v 27 4
v 28 4
v 29 4
v 30 4
v 31 4
v 32 4
v 33 4
v 34 4
v 35 4
e 0 4 1
e 0 5 1
e 1 8 2
e 2 13 2
e 3 35 1
e 4 5 1
e 4 6 1
e 4 8 1
e 5 7 1
e 5 21 1
e 6 9 2
e 6 10 1
e 7 11 2
e 7 12 1
e 8 13 1
e 9 16 1
e 9 22 1
e 10 17 2
e 10 23 1
e 11 14 1
e 11 24 1
e 12 15 2
e 12 25 1
e 13 26 1
e 14 18 2
e 14 27 1
e 15 18 1
e 15 28 1
e 16 19 2
e 16 29 1
e 17 19 1
e 17 30 1
e 18 20 1
e 19 31 1
e 20 32 1
e 20 33 1
e 20 34 1
t # 2007
v 0 1
v 1 1
v 2 2
v 3 2
v 4 3
v 5 3
v 6 3
v 7 3
v 8 3
v 9 3
v 10 3
v 11 3
v 12 3
v 13 3
v 14 3
v 15 3
v 16 3
v 17 3
v 18 3
v 19 3
v 20 4
v 21 4
v 22 4
v 23 4
v 24 4
v 25 4
v 26 4
v 27 4
v 28 4
v 29 4
v 30 4
v 31 4
v 32 4
e 0 4 1
e 0 5 1
e 1 8 2
e 2 13 2
e 3 32 1
e 4 5 1
e 4 6 1
e 4 8 1
e 5 7 1
e 5 20 1
e 6 9 2
e 6 10 1
e 7 11 2
e 7 12 1
e 8 13 1
e 9 14 1
e 9 21 1
e 10 15 2
e 10 22 1
e 11 16 1
e 11 23 1
e 12 17 2
e 12 24 1
e 13 25 1
e 14 18 2
e 14 26 1
e 15 18 1
e 15 27 1
e 16 19 2
e 16 28 1
e 17 19 1
e 17 29 1
e 18 30 1
e 19 31 1
t # 2008
v 0 12
v 1 1
v 2 1
v 3 1
v 4 2
v 5 2
v 6 2
v 7 3
v 8 3
v 9 3
v 10 3
v 11 3
v 12 4
v 13 4
v 14 4
v 15 4
v 16 4
e 0 9 1
e 1 7 1
e 1 10 1
e 2 7 1
e 2 11 1
e 3 10 2
e 4 8 1
e 6 16 1
e 7 8 1
e 7 12 1
e 8 9 2
e 9 10 1
e 11 13 1
e 11 14 1
e 11 15 1
t # 2009
v 0 1
v 1 1
v 2 2
v 3 2
v 4 3
v 5 3
v 6 3
v 7 3
v 8 3
v 9 3
v 10 3
v 11 3
v 12 3
v 13 3
v 14 3
v 15 3
v 16 4
v 17 4
v 18 4
v 19 4
v 20 4
v 21 4
v 22 4
v 23 4
v 24 4
v 25 4
v 26 4
v 27 4
v 28 4
v 29 4
v 30 4
v 31 4
e 2 4 1
e 2 8 1
e 3 11 1
e 3 12 1
e 4 5 1
e 4 9 1
e 4 16 1
e 5 6 1
e 5 17 1
e 5 18 1
e 6 7 1
e 6 19 1
e 6 20 1
e 7 8 1
e 7 21 1
e 7 22 1
e 8 23 1
e 8 24 1
e 9 10 2
e 9 25 1
e 10 11 1
e 10 26 1
e 11 13 2
e 12 14 1
e 12 27 1
e 12 28 1
e 13 15 1
e 13 29 1
e 14 15 2
e 14 30 1
e 15 31 1
t # 2010
v 0 14
v 1 1
v 2 2
v 3 2
v 4 2
v 5 2
v 6 3
v 7 3
v 8 3
v 9 3
v 10 3
v 11 3
v 12 3
v 13 4
v 14 4
v 15 4
v 16 4
v 17 4
v 18 4
e 1 12 2
e 2 6 1
e 2 12 1
e 2 16 1
e 3 12 1
e 5 18 1
e 6 7 1
e 6 8 2
e 7 9 2
e 8 10 1
e 8 13 1
e 9 11 1
e 9 14 1
e 10 11 2
e 10 15 1
e 11 17 1
t # 2011
v 0 38
v 1 38
v 2 38
v 3 38
v 4 38
v 5 2
v 6 2
v 7 3
v 8 3
v 9 3
v 10 3
v 11 3
v 12 3
v 13 4
v 14 4
v 15 4
v 16 4
v 17 4
v 18 4
v 19 4
v 20 4
v 21 4
v 22 4
v 23 4
v 24 4
e 5 7 1
e 5 9 1
e 5 10 1
e 6 8 1
e 6 11 1
e 6 12 1
e 9 13 1
e 9 14 1
e 9 15 1
e 10 16 1
e 10 17 1
e 10 18 1
e 11 19 1
e 11 20 1
e 11 21 1
e 12 22 1
e 12 23 1
e 12 24 1
t # 2012
v 0 38
v 1 38
v 2 38
v 3 38
v 4 38
v 5 2
v 6 2
v 7 3
v 8 3
v 9 3
v 10 3
v 11 3
v 12 3
v 13 3
v 14 3
v 15 3
v 16 3
v 17 3
v 18 3
v 19 3
v 20 3
v 21 3
v 22 3
v 23 4
v 24 4
v 25 4
v 26 4
v 27 4
v 28 4
v 29 4
v 30 4
v 31 4
v 32 4
v 33 4
v 34 4
v 35 4
v 36 4
v 37 4
v 38 4
v 39 4
v 40 4
v 41 4
v 42 4
v 43 4
v 44 4
v 45 4
v 46 4
v 47 4
v 48 4
v 49 4
v 50 4
e 5 7 1
e 5 19 1
e 5 21 1
e 6 8 1
e 6 20 1
e 6 22 1
e 7 9 1
e 7 10 1
e 7 23 1
e 8 11 1
e 8 12 1
e 8 24 1
e 9 13 1
e 9 25 1
e 9 26 1
e 10 14 1
e 10 27 1
e 10 28 1
e 11 15 1
e 11 29 1
e 11 30 1
e 12 16 1
e 12 31 1
e 12 32 1
e 13 17 1
e 13 33 1
e 13 34 1
e 14 17 1
e 14 35 1
e 14 36 1
e 15 18 1
e 15 37 1
e 15 38 1
e 16 18 1
e 16 39 1
e 16 40 1
e 17 41 1
e 17 42 1
e 18 43 1
e 18 44 1
e 21 45 1
e 21 46 1
e 21 47 1
e 22 48 1
e 22 49 1
e 22 50 1
t # 2013
v 0 1
v 1 1
v 2 2
v 3 2
v 4 2
v 5 3
v 6 3
v 7 3
v 8 3
v 9 3
v 10 3
v 11 3
v 12 3
v 13 3
v 14 3
v 15 3
v 16 3
v 17 4
v 18 4
v 19 4
v 20 4
v 21 4
v 22 4
v 23 4
v 24 4
v 25 4
v 26 4
e 1 10 2
e 2 5 1
e 2 7 1
e 3 6 1
e 3 10 1
e 3 13 1
e 4 6 2
e 4 9 1
e 5 6 1
e 5 8 1
e 5 17 1
e 7 9 1
e 7 12 2
e 8 11 2
e 8 18 1
e 9 14 2
e 10 11 1
e 11 19 1
e 12 15 1
e 12 20 1
e 13 21 1
e 13 22 1
e 13 23 1
e 14 16 1
e 14 24 1
e 15 16 2
e 15 25 1
e 16 26 1
t # 2014
v 0 1
v 1 2
v 2 2
v 3 2
v 4 2
v 5 2
v 6 3
v 7 3
v 8 3
v 9 3
v 10 3
v 11 3
v 12 3
v 13 3
v 14 3
v 15 3
v 16 3
v 17 3
v 18 3
v 19 3
v 20 3
v 21 3
v 22 3
v 23 4
v 24 4
v 25 4
v 26 4
v 27 4
v 28 4
v 29 4
v 30 4
v 31 4
v 32 4
v 33 4
v 34 4
v 35 4
v 36 4
e 1 7 1
e 1 9 1
e 1 11 1
e 2 6 1
e 2 10 1
e 3 7 2
e 3 12 1
e 4 11 2
e 4 34 1
e 5 21 2
e 5 22 1
e 6 7 1
e 6 8 1
e 6 23 1
e 8 13 2
e 8 24 1
e 9 14 1
e 9 25 1
e 9 26 1
e 10 12 1
e 10 15 2
e 11 13 1
e 12 16 2
e 13 27 1
e 14 19 2
e 14 20 1
e 15 17 1
e 15 28 1
e 16 18 1
e 16 29 1
e 17 18 2
e 17 30 1
e 18 31 1
e 19 21 1
e 19 32 1
e 20 22 2
e 20 33 1
e 21 35 1
e 22 36 1
t # 2015
v 0 1
v 1 1
v 2 1
v 3 1
v 4 1
v 5 1
v 6 1
v 7 1
v 8 1
v 9 2
v 10 2
v 11 2
v 12 2
v 13 2
v 14 2
v 15 3
v 16 3
v 17 3
v 18 3
v 19 3
v 20 3
v 21 3
v 22 3
v 23 3
v 24 3
v 25 3
v 26 3
v 27 3
v 28 3
v 29 3
v 30 3
v 31 3
v 32 3
v 33 3
v 34 3
v 35 3
v 36 3
v 37 3
v 38 3
v 39 3
v 40 3
v 41 3
v 42 3
v 43 3
v 44 3
v 45 3
v 46 3
v 47 3
v 48 3
v 49 3
v 50 3
v 51 4
v 52 4
v 53 4
v 54 4
v 55 4
v 56 4
v 57 4
v 58 4
v 59 4
v 60 4
v 61 4
v 62 4
v 63 4
v 64 4
v 65 4
v 66 4
v 67 4
v 68 4
v 69 4
v 70 4
v 71 4
v 72 4
v 73 4
v 74 4
v 75 4
v 76 4
v 77 4
v 78 4
v 79 4
v 80 4
v 81 4
v 82 4
v 83 4
v 84 4
v 85 4
v 86 4
v 87 4
v 88 4
v 89 4
e 2 25 2
e 3 27 2
e 4 30 2
e 5 31 2
e 7 42 1
e 7 49 1
e 8 47 1
e 8 50 1
e 9 15 1
e 9 16 1
e 9 19 1
e 10 17 1
e 10 18 1
e 10 20 1
e 11 23 1
e 11 25 1
e 11 27 1
e 12 24 1
e 12 30 1
e 12 31 1
e 13 29 1
e 13 35 1
e 14 38 1
e 14 41 2
e 15 17 1
e 15 51 1
e 15 52 1
e 16 18 1
e 16 53 1
e 16 54 1
e 17 55 1
e 17 56 1
e 18 57 1
e 18 58 1
e 19 21 1
e 19 59 1
e 19 60 1
e 20 22 1
e 20 61 1
e 20 62 1
e 21 23 1
e 21 63 1
e 21 64 1
e 22 24 1
e 22 65 1
e 22 66 1
e 23 67 1
e 23 68 1
e 24 69 1
e 24 70 1
e 25 26 1
e 26 28 2
e 26 29 1
e 27 28 1
e 28 32 1
e 29 36 1
e 29 71 1
e 30 33 1
e 31 34 1
e 32 35 2
e 32 39 1
e 33 34 1
e 33 37 2
e 34 38 2
e 35 40 1
e 36 72 1
e 36 73 1
e 36 74 1
e 37 41 1
e 37 44 1
e 38 45 1
e 39 42 2
e 39 75 1
e 40 43 2
e 40 76 1
e 41 46 1
e 42 43 1
e 43 77 1
e 44 47 2
e 44 78 1
e 45 79 1
e 45 80 1
e 45 81 1
e 46 48 2
e 46 82 1
e 47 48 1
e 48 83 1
e 49 84 1
e 49 85 1
e 49 86 1
e 50 87 1
e 50 88 1
e 50 89 1
t # 2016
v 0 1
v 1 1
v 2 1
v 3 1
v 4 2
v 5 3
v 6 3
v 7 3
v 8 3
v 9 3
v 10 3
v 11 3
v 12 3
v 13 3
v 14 3
v 15 3
v 16 3
v 17 4
v 18 4
v 19 4
v 20 4
v 21 4
v 22 4
v 23 4
v 24 4
v 25 4
v 26 4
v 27 4
v 28 4
v 29 4
v 30 4
e 1 13 1
e 1 16 1
e 2 12 1
e 2 26 1
e 3 15 1
e 3 27 1
e 4 5 1
e 4 11 1
e 5 6 1
e 5 9 1
e 5 17 1
e 6 7 2
e 6 10 1
e 7 8 1
e 7 12 1
e 8 11 2
e 8 15 1
e 9 14 2
e 9 18 1
e 10 13 2
e 10 19 1
e 11 20 1
e 12 21 1
e 12 22 1
e 13 14 1
e 14 23 1
e 15 24 1
e 15 25 1
e 16 28 1
e 16 29 1
e 16 30 1
t # 2017
v 0 1
v 1 1
v 2 1
v 3 2
v 4 2
v 5 2
v 6 3
v 7 3
v 8 3
v 9 3
v 10 3
v 11 3
v 12 3
v 13 3
v 14 3
v 15 3
v 16 3
v 17 3
v 18 4
v 19 4
v 20 4
v 21 4
v 22 4
v 23 4
v 24 4
v 25 4
v 26 4
v 27 4
v 28 4
v 29 4
v 30 4
v 31 4
v 32 4
v 33 4
e 0 6 1
e 0 10 1
e 1 9 1
e 1 13 1
e 2 9 2
e 3 16 1
e 5 33 1
e 6 7 1
e 6 8 1
e 6 9 1
e 7 18 1
e 7 19 1
e 7 20 1
e 8 21 1
e 8 22 1
e 8 23 1
e 10 11 2
e 10 12 1
e 11 14 1
e 11 24 1
e 12 15 2
e 12 25 1
e 13 17 1
e 13 26 1
e 13 27 1
e 14 16 2
e 14 28 1
e 15 16 1
e 15 29 1
e 17 30 1
e 17 31 1
e 17 32 1
t # 2018
v 0 1
v 1 1
v 2 2
v 3 3
v 4 3
v 5 3
v 6 3
v 7 3
v 8 3
v 9 3
v 10 3
v 11 3
v 12 3
v 13 42
v 14 4
v 15 4
v 16 4
v 17 4
v 18 4
v 19 4
v 20 4
v 21 4
v 22 4
v 23 4
v 24 4
v 25 4
v 26 4
v 27 4
e 0 7 1
e 1 10 1
e 1 12 1
e 2 3 1
e 2 5 1
e 2 6 1
e 3 4 1
e 3 14 1
e 3 15 1
e 4 7 2
e 4 8 1
e 5 16 1
e 5 17 1
e 5 18 1
e 6 19 1
e 6 20 1
e 6 21 1
e 7 9 1
e 8 10 2
e 8 22 1
e 9 11 2
e 9 23 1
e 10 11 1
e 11 24 1
e 12 25 1
e 12 26 1
e 12 27 1
t # 2019
v 0 1
v 1 1
v 2 1
v 3 2
v 4 2
v 5 2
v 6 2
v 7 2
v 8 3
v 9 3
v 10 3
v 11 3
v 12 3
v 13 3
v 14 3
v 15 4
v 16 4
v 17 4
v 18 4
v 19 4
v 20 4
v 21 4
v 22 4
v 23 4
v 24 4
e 0 8 1
e 0 9 1
e 1 10 2
e 2 14 2
e 3 8 1
e 3 10 1
e 3 11 1
e 4 10 1
e 4 14 1
e 4 22 1
e 5 12 1
e 7 24 1
e 8 15 1
e 8 16 1
e 9 12 1
e 9 17 1
e 9 18 1
e 11 13 2
e 11 19 1
e 12 20 1
e 12 21 1
e 13 14 1
e 13 23 1
t # 2020
v 0 1
v 1 1
v 2 2
v 3 2
v 4 2
v 5 2
v 6 2
v 7 2
v 8 2
v 9 2
v 10 3
v 11 3
v 12 3
v 13 3
v 14 3
v 15 3
v 16 3
v 17 3
v 18 3
v 19 3
v 20 4
v 21 4
v 22 4
v 23 4
v 24 4
v 25 4
v 26 4
v 27 4
v 28 4
v 29 4
v 30 4
v 31 4
v 32 4
e 0 11 1
e 0 14 1
e 1 10 1
e 1 28 1
e 2 11 1
e 2 15 1
e 2 16 1
e 3 12 1
e 4 16 2
e 4 17 1
e 5 15 2
e 5 19 1
e 7 18 1
e 7 19 2
e 8 18 1
e 8 30 1
e 8 31 1
e 9 32 1
e 10 11 1
e 10 12 1
e 10 20 1
e 11 21 1
e 12 13 1
e 12 22 1
e 13 14 1
e 13 23 1
e 13 24 1
e 14 25 1
e 14 26 1
e 15 17 1
e 16 27 1
e 17 18 2
e 19 29 1
t # 2021
v 0 18
v 1 1
v 2 1
v 3 2
v 4 3
v 5 3
v 6 3
v 7 3
v 8 3
v 9 3
v 10 3
v 11 3
v 12 3
v 13 3
v 14 3
v 15 3
v 16 4
v 17 4
v 18 4
v 19 4
v 20 4
v 21 4
v 22 4
v 23 4
v 24 4
v 25 4
v 26 4
v 27 4
v 28 4
e 1 11 1
e 1 15 1
e 3 4 1
e 3 10 1
e 4 5 1
e 4 8 1
e 4 16 1
e 5 6 2
e 5 9 1
e 6 7 1
e 6 13 1
e 7 10 2
e 7 14 1
e 8 12 2
e 8 17 1
e 9 11 2
e 9 18 1
e 10 19 1
e 11 12 1
e 12 20 1
e 13 21 1
e 13 22 1
e 14 23 1
e 14 24 1
e 14 25 1
e 15 26 1
e 15 27 1
e 15 28 1
t # 2022
v 0 1
v 1 1
v 2 1
v 3 1
v 4 2
v 5 3
v 6 3
v 7 3
v 8 3
v 9 3
v 10 3
v 11 3
v 12 3
v 13 3
v 14 3
v 15 3
v 16 3
v 17 3
v 18 3
v 19 4
v 20 4
v 21 4
v 22 4
v 23 4
v 24 4
v 25 4
v 26 4
v 27 4
v 28 4
v 29 4
v 30 4
v 31 4
v 32 4
v 33 4
v 34 4
e 0 12 1
e 0 16 1
e 2 13 1
e 2 17 1
e 3 16 2
e 4 5 1
e 4 11 1
e 5 6 1
e 5 9 1
e 5 19 1
e 6 7 2
e 6 10 1
e 7 8 1
e 7 12 1
e 8 11 2
e 8 15 1
e 9 14 2
e 9 20 1
e 10 13 2
e 10 21 1
e 11 22 1
e 12 23 1
e 12 24 1
e 13 14 1
e 14 25 1
e 15 26 1
e 15 27 1
e 15 28 1
e 16 18 1
e 17 29 1
e 17 30 1
e 17 31 1
e 18 32 1
e 18 33 1
e 18 34 1
t # 2023
v 0 1
v 1 1
v 2 1
v 3 1
v 4 1
v 5 1
v 6 2
v 7 3
v 8 3
v 9 3
v 10 3
v 11 3
v 12 3
v 13 3
v 14 3
v 15 3
v 16 3
v 17 3
v 18 3
v 19 3
v 20 3
v 21 3
v 22 3
v 23 4
v 24 4
v 25 4
v 26 4
v 27 4
v 28 4
v 29 4
v 30 4
v 31 4
v 32 4
v 33 4
v 34 4
v 35 4
v 36 4
v 37 4
v 38 4
v 39 4
v 40 4
e 0 14 1
e 0 18 1
e 2 15 1
e 2 20 1
e 3 16 1
e 3 19 1
e 4 18 2
e 5 20 2
e 6 7 1
e 6 12 1
e 7 8 1
e 7 11 1
e 7 23 1
e 8 9 2
e 8 13 1
e 9 10 1
e 9 14 1
e 10 12 2
e 10 15 1
e 11 17 2
e 11 24 1
e 12 25 1
e 13 16 2
e 13 26 1
e 14 27 1
e 14 28 1
e 15 29 1
e 15 30 1
e 16 17 1
e 17 31 1
e 18 21 1
e 19 32 1
e 19 33 1
e 19 34 1
e 20 22 1
e 21 35 1
e 21 36 1
e 21 37 1
e 22 38 1
e 22 39 1
e 22 40 1
t # 2024
v 0 2
v 1 2
v 2 2
v 3 2
v 4 2
v 5 2
v 6 2
v 7 2
v 8 3
v 9 3
v 10 3
v 11 3
v 12 3
v 13 3
v 14 3
v 15 3
v 16 3
v 17 3
v 18 3
v 19 4
v 20 4
v 21 4
v 22 4
v 23 4
v 24 4
v 25 4
e 0 1 1
e 0 11 1
e 0 16 1
e 1 13 1
e 1 19 1
e 2 9 2
e 2 12 1
e 3 4 1
e 3 11 2
e 4 16 2
e 5 13 1
e 7 25 1
e 8 9 1
e 8 10 1
e 8 13 2
e 9 11 1
e 10 12 1
e 10 14 2
e 12 15 2
e 14 17 1
e 14 20 1
e 15 18 1
e 15 21 1
e 16 22 1
e 17 18 2
e 17 23 1
e 18 24 1
t # 2025
v 0 1
v 1 1
v 2 2
v 3 2
v 4 2
v 5 2
v 6 2
v 7 3
v 8 3
v 9 3
v 10 3
v 11 3
v 12 3
v 13 3
v 14 3
v 15 3
v 16 3
v 17 3
v 18 3
v 19 3
v 20 3
v 21 3
v 22 4
v 23 4
v 24 4
v 25 4
v 26 4
v 27 4
v 28 4
v 29 4
v 30 4
v 31 4
v 32 4
v 33 4
v 34 4
v 35 4
e 0 11 2
e 1 13 2
e 2 7 1
e 2 11 1
e 2 22 1
e 3 13 1
e 3 21 1
e 3 31 1
e 4 15 1
e 6 35 1
e 7 8 1
e 7 10 2
e 8 12 2
e 8 13 1
e 9 11 1
e 9 15 1
e 9 17 2
e 10 14 1
e 10 23 1
e 12 16 1
e 12 24 1
e 14 16 2
e 14 25 1
e 15 18 2
e 16 26 1
e 17 19 1
e 17 27 1
e 18 20 1
e 18 28 1
e 19 20 2
e 19 29 1
e 20 30 1
e 21 32 1
e 21 33 1
e 21 34 1
t # 2026
v 0 9
v 1 1
v 2 1
v 3 1
v 4 2
v 5 3
v 6 3
v 7 3
v 8 3
v 9 3
v 10 3
v 11 3
v 12 3
v 13 3
v 14 3
v 15 3
v 16 3
v 17 4
v 18 4
v 19 4
v 20 4
v 21 4
v 22 4
v 23 4
v 24 4
v 25 4
v 26 4
v 27 4
v 28 4
v 29 4
v 30 4
v 31 4
v 32 4
v 33 4
v 34 4
e 1 8 1
e 1 26 1
e 2 9 2
e 3 8 2
e 4 9 1
e 4 10 1
e 4 29 1
e 5 17 1
e 5 18 1
e 5 19 1
e 6 20 1
e 6 21 1
e 6 22 1
e 7 23 1
e 7 24 1
e 7 25 1
e 8 10 1
e 9 11 1
e 10 27 1
e 10 28 1
e 11 12 2
e 11 13 1
e 12 14 1
e 12 30 1
e 13 15 2
e 13 31 1
e 14 16 2
e 14 32 1
e 15 16 1
e 15 33 1
e 16 34 1
t # 2027
v 0 1
v 1 1
v 2 1
v 3 1
v 4 1
v 5 1
v 6 1
v 7 1
v 8 2
v 9 2
v 10 3
v 11 3
v 12 3
v 13 3
v 14 3
v 15 3
v 16 3
v 17 3
v 18 3
v 19 3
v 20 3
v 21 3
v 22 3
v 23 3
v 24 3
v 25 3
v 26 3
v 27 3
v 28 4
v 29 4
v 30 4
v 31 4
v 32 4
v 33 4
v 34 4
v 35 4
v 36 4
v 37 4
v 38 4
v 39 4
v 40 4
v 41 4
v 42 4
v 43 4
v 44 4
v 45 4
v 46 4
v 47 4
v 48 4
v 49 4
v 50 4
v 51 4
e 0 10 1
e 0 12 1
e 2 18 1
e 2 19 1
e 3 17 1
e 3 23 1
e 4 17 2
e 5 21 1
e 5 27 1
e 6 21 2
e 8 11 1
e 8 16 1
e 9 20 1
e 9 24 1
e 10 11 1
e 10 12 1
e 10 28 1
e 11 13 1
e 11 29 1
e 12 17 1
e 12 30 1
e 13 14 1
e 13 31 1
e 13 32 1
e 14 15 1
e 14 33 1
e 14 34 1
e 15 16 1
e 15 35 1
e 15 36 1
e 16 37 1
e 16 38 1
e 18 19 1
e 18 20 1
e 18 39 1
e 19 21 1
e 19 40 1
e 20 22 2
e 22 25 1
e 22 41 1
e 23 44 1
e 23 45 1
e 23 46 1
e 24 26 1
e 24 42 1
e 24 43 1
e 25 26 2
e 25 47 1
e 26 48 1
e 27 49 1
e 27 50 1
e 27 51 1
t # 2028
v 0 1
v 1 1
v 2 2
v 3 2
v 4 3
v 5 3
v 6 3
v 7 3
v 8 3
v 9 3
v 10 3
v 11 3
v 12 3
v 13 3
v 14 3
v 15 3
v 16 3
v 17 3
v 18 3
v 19 3
v 20 4
v 21 4
v 22 4
v 23 4
v 24 4
v 25 4
v 26 4
v 27 4
v 28 4
v 29 4
v 30 4
v 31 4
v 32 4
e 0 19 1
e 2 5 1
e 2 7 1
e 3 4 1
e 3 9 1
e 4 5 1
e 4 6 1
e 4 20 1
e 5 8 2
e 6 7 1
e 6 11 2
e 7 12 2
e 8 10 1
e 8 21 1
e 9 10 1
e 9 13 2
e 10 14 2
e 11 15 1
e 11 22 1
e 12 16 1
e 12 23 1
e 13 17 1
e 13 24 1
e 14 18 1
e 14 25 1
e 15 16 2
e 15 26 1
e 16 27 1
e 17 18 2
e 17 28 1
e 18 29 1
e 19 30 1
e 19 31 1
e 19 32 1
t # 2029
v 0 1
v 1 1
v 2 1
v 3 2
v 4 2
v 5 2
v 6 2
v 7 2
v 8 2
v 9 2
v 10 2
v 11 3
v 12 3
v 13 3
v 14 3
v 15 4
v 16 4
v 17 4
v 18 4
e 0 12 2
e 1 13 2
e 2 14 2
e 3 12 1
e 3 14 1
e 3 15 1
e 4 13 1
e 4 14 1
e 4 16 1
e 5 11 1
e 6 11 1
e 9 17 1
e 10 18 1
e 11 12 1
e 11 13 1
t # 2030
v 0 1
v 1 1
v 2 2
v 3 2
v 4 2
v 5 2
v 6 2
v 7 2
v 8 2
v 9 3
v 10 3
v 11 3
v 12 3
v 13 3
v 14 3
v 15 3
v 16 3
v 17 3
v 18 3
v 19 3
v 20 3
v 21 4
v 22 4
v 23 4
v 24 4
v 25 4
v 26 4
v 27 4
v 28 4
v 29 4
v 30 4
v 31 4
e 0 16 2
e 1 17 2
e 2 9 1
e 2 10 1
e 2 16 1
e 3 15 1
e 4 15 1
e 7 30 1
e 8 31 1
e 9 13 2
e 9 14 1
e 10 11 1
e 10 21 1
e 10 22 1
e 11 12 1
e 11 23 1
e 11 24 1
e 12 13 1
e 12 25 1
e 12 26 1
e 13 18 1
e 14 17 1
e 14 19 2
e 15 16 1
e 15 17 1
e 18 20 2
e 18 27 1
e 19 20 1
e 19 28 1
e 20 29 1
t # 2031
v 0 12
v 1 1
v 2 1
v 3 2
v 4 2
v 5 2
v 6 2
v 7 2
v 8 2
v 9 2
v 10 3
v 11 3
v 12 3
v 13 3
v 14 3
v 15 3
v 16 3
v 17 3
v 18 3
v 19 4
v 20 4
v 21 4
v 22 4
v 23 4
v 24 4
e 0 17 1
e 1 13 2
e 2 14 2
e 3 12 1
e 3 14 1
e 3 19 1
e 4 10 1
e 5 10 1
e 8 23 1
e 9 24 1
e 10 13 1
e 10 14 1
e 11 12 2
e 11 13 1
e 11 15 1
e 12 16 1
e 15 17 2
e 15 20 1
e 16 18 2
e 16 21 1
e 17 18 1
e 18 22 1
t # 2032
v 0 1
v 1 1
v 2 2
v 3 2
v 4 2
v 5 2
v 6 2
v 7 2
v 8 2
v 9 3
v 10 3
v 11 3
v 12 3
v 13 3
v 14 3
v 15 3
v 16 3
v 17 3
v 18 4
v 19 4
v 20 4
v 21 4
v 22 4
v 23 4
v 24 4
e 0 12 2
e 1 13 2
e 2 11 1
e 2 13 1
e 2 18 1
e 3 9 1
e 4 9 1
e 7 23 1
e 8 24 1
e 9 12 1
e 9 13 1
e 10 11 1
e 10 12 1
e 10 14 2
e 11 15 2
e 14 16 1
e 14 19 1
e 15 17 1
e 15 20 1
e 16 17 2
e 16 21 1
e 17 22 1
t # 2033
v 0 31
v 1 1
v 2 1
v 3 1
v 4 1
v 5 1
v 6 1
v 7 2
v 8 3
v 9 3
v 10 3
v 11 3
v 12 3
v 13 3
v 14 3
v 15 3
v 16 3
v 17 3
v 18 3
v 19 3
v 20 3
v 21 3
v 22 3
v 23 3
v 24 3
v 25 3
v 26 3
v 27 3
v 28 3
v 29 3
v 30 3
v 31 3
v 32 4
v 33 4
v 34 4
v 35 4
v 36 4
v 37 4
v 38 4
v 39 4
v 40 4
v 41 4
v 42 4
v 43 4
v 44 4
v 45 4
v 46 4
v 47 4
v 48 4
v 49 4
v 50 4
v 51 4
v 52 4
v 53 4
v 54 4
v 55 4
v 56 4
v 57 4
v 58 4
e 1 8 1
e 2 9 1
e 3 10 1
e 4 11 1
e 5 12 1
e 6 13 1
e 7 26 1
e 7 27 1
e 7 28 1
e 8 13 1
e 8 14 2
e 9 12 1
e 9 15 2
e 10 11 1
e 10 16 2
e 11 17 2
e 12 18 2
e 13 19 2
e 14 20 1
e 14 32 1
e 15 21 1
e 15 33 1
e 16 22 1
e 16 34 1
e 17 23 1
e 17 35 1
e 18 24 1
e 18 36 1
e 19 25 1
e 19 37 1
e 20 25 2
e 20 38 1
e 21 24 2
e 21 39 1
e 22 23 2
e 22 40 1
e 23 41 1
e 24 42 1
e 25 43 1
e 26 29 1
e 26 44 1
e 26 45 1
e 27 30 1
e 27 46 1
e 27 47 1
e 28 31 1
e 28 48 1
e 28 49 1
e 29 50 1
e 29 51 1
e 29 52 1
e 30 53 1
e 30 54 1
e 30 55 1
e 31 56 1
e 31 57 1
e 31 58 1
t # 2034
v 0 7
v 1 7
v 2 8
v 3 8
v 4 8
v 5 8
v 6 8
v 7 8
v 8 8
v 9 8
v 10 1
v 11 1
v 12 1
v 13 1
v 14 1
v 15 1
v 16 1
v 17 1
v 18 1
v 19 1
v 20 1
v 21 1
v 22 1
v 23 1
v 24 1
v 25 1
v 26 1
v 27 1
v 28 1
v 29 1
v 30 4
v 31 4
v 32 4
v 33 4
v 34 4
v 35 4
v 36 4
v 37 4
e 10 30 1
e 11 31 1
e 12 32 1
e 13 33 1
e 14 34 1
e 15 35 1
e 16 36 1
e 17 37 1
t # 2035
v 0 7
v 1 7
v 2 12
v 3 12
v 4 8
v 5 8
v 6 8
v 7 8
v 8 8
v 9 8
v 10 8
v 11 8
v 12 1
v 13 1
v 14 1
v 15 1
v 16 1
v 17 1
v 18 1
v 19 1
v 20 1
v 21 1
v 22 1
v 23 1
v 24 1
v 25 1
v 26 1
v 27 1
v 28 1
v 29 1
v 30 1
v 31 1
v 32 4
v 33 4
v 34 4
v 35 4
v 36 4
v 37 4
v 38 4
v 39 4
e 12 32 1
e 13 33 1
e 14 34 1
e 15 35 1
e 16 36 1
e 17 37 1
e 18 38 1
e 19 39 1
t # 2036
v 0 1
v 1 1
v 2 1
v 3 1
v 4 2
v 5 2
v 6 2
v 7 3
v 8 3
v 9 3
v 10 3
v 11 3
v 12 3
v 13 3
v 14 3
v 15 4
v 16 4
v 17 4
v 18 4
v 19 4
v 20 4
v 21 4
v 22 4
v 23 4
v 24 4
v 25 4
v 26 4
v 27 4
v 28 4
e 0 7 1
e 0 10 1
e 1 8 1
e 1 10 1
e 2 8 1
e 2 12 1
e 3 9 1
e 3 27 1
e 4 11 1
e 6 28 1
e 7 8 1
e 7 9 1
e 7 15 1
e 8 16 1
e 9 11 1
e 9 17 1
e 10 13 1
e 10 14 1
e 11 12 1
e 11 18 1
e 12 19 1
e 12 20 1
e 13 21 1
e 13 22 1
e 13 23 1
e 14 24 1
e 14 25 1
e 14 26 1
t # 2037
v 0 1
v 1 1
v 2 1
v 3 2
v 4 2
v 5 2
v 6 3
v 7 3
v 8 3
v 9 3
v 10 3
v 11 3
v 12 3
v 13 3
v 14 4
v 15 4
v 16 4
v 17 4
v 18 4
v 19 4
v 20 4
v 21 4
v 22 4
v 23 4
v 24 4
v 25 4
v 26 4
v 27 4
e 0 6 1
e 0 9 1
e 1 7 1
e 1 9 1
e 2 7 1
e 2 11 1
e 3 8 1
e 5 27 1
e 6 7 1
e 6 8 1
e 6 14 1
e 7 15 1
e 8 10 1
e 8 16 1
e 9 12 1
e 9 13 1
e 10 11 1
e 10 17 1
e 10 18 1
e 11 19 1
e 11 20 1
e 12 21 1
e 12 22 1
e 12 23 1
e 13 24 1
e 13 25 1
e 13 26 1
t # 2038
v 0 1
v 1 1
v 2 2
v 3 2
v 4 2
v 5 2
v 6 2
v 7 3
v 8 3
v 9 3
v 10 3
v 11 3
v 12 3
v 13 3
v 14 3
v 15 3
v 16 3
v 17 4
v 18 4
v 19 4
v 20 4
v 21 4
v 22 4
v 23 4
v 24 4
v 25 4
v 26 4
v 27 4
v 28 4
v 29 4
v 30 4
v 31 4
v 32 4
v 33 4
v 34 4
v 35 4
v 36 4
v 37 4
v 38 4
e 0 38 1
e 2 7 1
e 2 9 1
e 2 12 1
e 3 15 1
e 3 16 2
e 4 6 1
e 4 16 1
e 4 35 1
e 5 16 1
e 5 36 1
e 5 37 1
e 7 8 1
e 7 13 1
e 7 17 1
e 8 10 1
e 8 18 1
e 8 19 1
e 9 11 1
e 9 20 1
e 9 21 1
e 10 11 1
e 10 22 1
e 10 23 1
e 11 24 1
e 11 25 1
e 12 14 1
e 12 26 1
e 12 27 1
e 13 28 1
e 13 29 1
e 13 30 1
e 14 15 1
e 14 31 1
e 14 32 1
e 15 33 1
e 15 34 1
t # 2039
v 0 1
v 1 1
v 2 2
v 3 2
v 4 2
v 5 3
v 6 3
v 7 3
v 8 3
v 9 3
v 10 3
v 11 3
v 12 3
v 13 3
v 14 3
v 15 3
v 16 3
v 17 3
v 18 3
v 19 3
v 20 4
v 21 4
v 22 4
v 23 4
v 24 4
v 25 4
v 26 4
v 27 4
v 28 4
v 29 4
v 30 4
v 31 4
v 32 4
v 33 4
v 34 4
v 35 4
v 36 4
v 37 4
e 0 5 1
e 0 7 1
e 2 6 1
e 2 13 1
e 3 4 1
e 3 8 2
e 4 13 2
e 5 6 1
e 5 9 1
e 5 10 1
e 6 8 1
e 6 20 1
e 7 8 1
e 7 11 1
e 7 12 1
e 9 21 1
e 9 22 1
e 9 23 1
e 10 24 1
e 10 25 1
e 10 26 1
e 11 27 1
e 11 28 1
e 11 29 1
e 12 30 1
e 12 31 1
e 12 32 1
e 13 14 1
e 14 15 2
e 14 16 1
e 15 17 1
e 15 33 1
e 16 18 2
e 16 34 1
e 17 19 2
e 17 35 1
e 18 19 1
e 18 36 1
e 19 37 1
t # 2040
v 0 1
v 1 1
v 2 1
v 3 1
v 4 2
v 5 2
v 6 2
v 7 2
v 8 3
v 9 3
v 10 3
v 11 3
v 12 3
v 13 3
v 14 3
v 15 3
v 16 3
v 17 3
v 18 3
v 19 3
v 20 3
v 21 3
v 22 3
v 23 4
v 24 4
v 25 4
v 26 4
v 27 4
v 28 4
v 29 4
v 30 4
v 31 4
v 32 4
v 33 4
v 34 4
v 35 4
v 36 4
v 37 4
v 38 4
v 39 4
e 0 8 1
e 0 10 1
e 4 9 1
e 4 16 1
e 5 6 1
e 5 11 2
e 6 16 2
e 7 18 1
e 8 9 1
e 8 12 1
e 8 13 1
e 9 11 1
e 9 23 1
e 10 11 1
e 10 14 1
e 10 15 1
e 12 24 1
e 12 25 1
e 12 26 1
e 13 27 1
e 13 28 1
e 13 29 1
e 14 30 1
e 14 31 1
e 14 32 1
e 15 33 1
e 15 34 1
e 15 35 1
e 16 17 1
e 17 18 1
e 17 19 2
e 18 20 2
e 19 21 1
e 19 36 1
e 20 22 1
e 20 37 1
e 21 22 2
e 21 38 1
e 22 39 1
t # 2041
v 0 1
v 1 1
v 2 1
v 3 1
v 4 2
v 5 2
v 6 2
v 7 2
v 8 3
v 9 3
v 10 3
v 11 3
v 12 3
v 13 3
v 14 3
v 15 3
v 16 3
v 17 3
v 18 3
v 19 3
v 20 3
v 21 3
v 22 3
v 23 4
v 24 4
v 25 4
v 26 4
v 27 4
v 28 4
v 29 4
v 30 4
v 31 4
v 32 4
v 33 4
v 34 4
v 35 4
v 36 4
v 37 4
v 38 4
v 39 4
e 0 8 1
e 0 10 1
e 4 9 1
e 4 16 1
e 5 6 1
e 5 11 2
e 6 16 2
e 7 20 1
e 8 9 1
e 8 12 1
e 8 13 1
e 9 11 1
e 9 23 1
e 10 11 1
e 10 14 1
e 10 15 1
e 12 24 1
e 12 25 1
e 12 26 1
e 13 27 1
e 13 28 1
e 13 29 1
e 14 30 1
e 14 31 1
e 14 32 1
e 15 33 1
e 15 34 1
e 15 35 1
e 16 17 1
e 17 18 2
e 17 19 1
e 18 20 1
e 18 36 1
e 19 21 2
e 19 37 1
e 20 22 2
e 21 22 1
e 21 38 1
e 22 39 1
t # 2042
v 0 1
v 1 1
v 2 1
v 3 1
v 4 1
v 5 1
v 6 2
v 7 2
v 8 2
v 9 2
v 10 2
v 11 2
v 12 3
v 13 3
v 14 3
v 15 3
v 16 3
v 17 3
v 18 3
v 19 3
v 20 3
v 21 3
v 22 3
v 23 3
v 24 3
v 25 3
v 26 3
v 27 3
v 28 4
v 29 4
v 30 4
v 31 4
v 32 4
v 33 4
v 34 4
v 35 4
v 36 4
v 37 4
v 38 4
v 39 4
v 40 4
v 41 4
v 42 4
v 43 4
v 44 4
v 45 4
v 46 4
e 0 19 1
e 1 19 2
e 2 20 2
e 3 21 2
e 6 15 1
e 6 22 1
e 6 42 1
e 7 20 1
e 7 21 1
e 8 23 1
e 9 27 1
e 11 46 1
e 12 13 1
e 12 14 1
e 12 28 1
e 12 29 1
e 13 15 1
e 13 30 1
e 13 31 1
e 14 16 1
e 14 32 1
e 14 33 1
e 15 34 1
e 15 35 1
e 16 19 1
e 16 36 1
e 16 37 1
e 17 18 1
e 17 20 1
e 17 38 1
e 17 39 1
e 18 21 1
e 18 40 1
e 18 41 1
e 22 23 2
e 22 24 1
e 23 25 1
e 24 26 2
e 24 43 1
e 25 27 2
e 25 44 1
e 26 27 1
e 26 45 1
t # 2043
v 0 1
v 1 2
v 2 3
v 3 3
v 4 3
v 5 3
v 6 3
v 7 3
v 8 3
v 9 3
v 10 3
v 11 3
v 12 3
v 13 3
v 14 3
v 15 3
v 16 3
v 17 3
v 18 3
v 19 3
v 20 3
v 21 3
v 22 3
v 23 3
v 24 3
v 25 3
v 26 3
v 27 3
v 28 3
v 29 3
v 30 3
v 31 4
v 32 4
v 33 4
v 34 4
v 35 4
v 36 4
v 37 4
v 38 4
v 39 4
v 40 4
v 41 4
v 42 4
v 43 4
v 44 4
v 45 4
v 46 4
v 47 4
v 48 4
v 49 4
v 50 4
v 51 4
v 52 4
e 1 2 1
e 1 3 1
e 2 4 1
e 2 7 1
e 2 31 1
e 3 12 2
e 3 14 1
e 4 8 2
e 4 32 1
e 5 6 1
e 5 8 1
e 5 17 2
e 6 11 1
e 6 18 2
e 7 13 2
e 7 33 1
e 8 34 1
e 9 10 1
e 9 15 1
e 9 23 2
e 10 16 1
e 10 20 2
e 11 19 1
e 11 22 2
e 12 13 1
e 12 35 1
e 13 36 1
e 14 16 2
e 14 37 1
e 15 24 1
e 15 25 2
e 16 38 1
e 17 21 1
e 17 39 1
e 18 27 1
e 18 40 1
e 19 21 2
e 19 41 1
e 20 26 1
e 20 42 1
e 21 43 1
e 22 28 1
e 22 44 1
e 23 29 1
e 23 45 1
e 24 26 2
e 24 46 1
e 25 30 1
e 25 47 1
e 26 48 1
e 27 28 2
e 27 49 1
e 28 50 1
e 29 30 2
e 29 51 1
e 30 52 1
t # 2044
v 0 1
v 1 1
v 2 1
v 3 1
v 4 1
v 5 2
v 6 2
v 7 2
v 8 3
v 9 3
v 10 3
v 11 3
v 12 3
v 13 3
v 14 3
v 15 3
v 16 3
v 17 3
v 18 3
v 19 3
v 20 3
v 21 3
v 22 3
v 23 3
v 24 3
v 25 3
v 26 3
v 27 3
v 28 3
v 29 4
v 30 4
v 31 4
v 32 4
v 33 4
v 34 4
v 35 4
v 36 4
v 37 4
v 38 4
v 39 4
v 40 4
v 41 4
v 42 4
v 43 4
v 44 4
e 5 8 1
e 5 9 1
e 6 25 1
e 7 26 1
e 8 10 1
e 8 11 1
e 8 29 1
e 9 12 2
e 9 15 1
e 10 13 2
e 10 30 1
e 11 14 2
e 11 31 1
e 12 13 1
e 12 32 1
e 13 33 1
e 14 16 1
e 14 34 1
e 15 17 2
e 15 35 1
e 16 19 2
e 16 20 1
e 17 18 1
e 17 36 1
e 18 21 2
e 18 22 1
e 19 23 1
e 19 37 1
e 20 24 2
e 20 38 1
e 21 27 1
e 21 39 1
e 22 28 2
e 22 40 1
e 23 25 2
e 23 41 1
e 24 25 1
e 24 42 1
e 26 27 2
e 26 28 1
e 27 43 1
e 28 44 1
t # 2045
v 0 8
v 1 8
v 2 1
v 3 1
v 4 3
v 5 3
v 6 3
v 7 3
v 8 3
v 9 3
v 10 3
v 11 3
v 12 3
v 13 3
v 14 3
v 15 3
v 16 3
v 17 3
v 18 3
v 19 3
v 20 3
v 21 3
v 22 3
v 23 3
v 24 3
v 25 3
v 26 3
v 27 3
v 28 3
v 29 3
v 30 3
v 31 3
v 32 3
v 33 3
v 34 3
v 35 3
v 36 3
v 37 3
v 38 3
v 39 3
v 40 3
v 41 3
v 42 3
v 43 3
v 44 3
v 45 3
v 46 3
v 47 3
v 48 4
v 49 4
v 50 4
v 51 4
v 52 4
v 53 4
v 54 4
v 55 4
v 56 4
v 57 4
v 58 4
v 59 4
v 60 4
v 61 4
v 62 4
v 63 4
v 64 4
v 65 4
v 66 4
v 67 4
v 68 4
v 69 4
v 70 4
v 71 4
v 72 4
v 73 4
v 74 4
v 75 4
v 76 4
v 77 4
v 78 4
v 79 4
v 80 4
v 81 4
e 2 6 1
e 2 14 1
e 3 7 1
e 3 15 1
e 4 6 2
e 4 48 1
e 5 7 2
e 5 49 1
e 6 7 1
e 8 16 2
e 8 20 1
e 9 17 2
e 9 21 1
e 10 18 2
e 10 22 1
e 11 19 2
e 11 23 1
e 12 14 2
e 12 50 1
e 13 15 2
e 13 51 1
e 14 24 1
e 15 25 1
e 16 26 1
e 16 52 1
e 17 27 1
e 17 53 1
e 18 28 1
e 18 54 1
e 19 29 1
e 19 55 1
e 20 30 2
e 20 56 1
e 21 31 2
e 21 57 1
e 22 32 2
e 22 58 1
e 23 33 2
e 23 59 1
e 24 38 2
e 24 40 1
e 25 39 2
e 25 41 1
e 26 34 2
e 26 60 1
e 27 35 2
e 27 61 1
e 28 36 2
e 28 62 1
e 29 37 2
e 29 63 1
e 30 34 1
e 30 64 1
e 31 35 1
e 31 65 1
e 32 36 1
e 32 66 1
e 33 37 1
e 33 67 1
e 34 68 1
e 35 69 1
e 36 70 1
e 37 71 1
e 38 42 1
e 38 72 1
e 39 43 1
e 39 73 1
e 40 44 2
e 40 74 1
e 41 45 2
e 41 75 1
e 42 46 2
e 42 76 1
e 43 47 2
e 43 77 1
e 44 46 1
e 44 78 1
e 45 47 1
e 45 79 1
e 46 80 1
e 47 81 1
t # 2046
v 0 8
v 1 1
v 2 3
v 3 3
v 4 3
v 5 3
v 6 3
v 7 3
v 8 3
v 9 3
v 10 3
v 11 3
v 12 3
v 13 3
v 14 3
v 15 3
v 16 3
v 17 3
v 18 3
v 19 3
v 20 4
v 21 4
v 22 4
v 23 4
v 24 4
v 25 4
v 26 4
v 27 4
v 28 4
v 29 4
v 30 4
v 31 4
v 32 4
v 33 4
v 34 4
v 35 4
v 36 4
v 37 4
e 1 6 1
e 1 7 1
e 2 8 2
e 2 10 1
e 3 9 2
e 3 11 1
e 4 6 2
e 4 20 1
e 5 7 2
e 5 21 1
e 6 12 1
e 7 13 1
e 8 14 1
e 8 22 1
e 9 15 1
e 9 23 1
e 10 16 2
e 10 24 1
e 11 17 2
e 11 25 1
e 12 26 1
e 12 27 1
e 12 28 1
e 13 29 1
e 13 30 1
e 13 31 1
e 14 18 2
e 14 32 1
e 15 19 2
e 15 33 1
e 16 18 1
e 16 34 1
e 17 19 1
e 17 35 1
e 18 36 1
e 19 37 1
t # 2047
v 0 1
v 1 1
v 2 1
v 3 1
v 4 2
v 5 2
v 6 2
v 7 2
v 8 2
v 9 3
v 10 3
v 11 3
v 12 3
v 13 3
v 14 3
v 15 3
v 16 3
v 17 4
v 18 4
v 19 4
v 20 4
v 21 4
v 22 4
v 23 4
v 24 4
v 25 4
v 26 4
v 27 4
v 28 4
e 0 16 2
e 1 27 1
e 2 28 1
e 4 9 1
e 4 15 2
e 5 7 1
e 5 15 1
e 5 22 1
e 6 15 1
e 6 23 1
e 6 24 1
e 7 16 1
e 7 25 1
e 9 10 2
e 9 11 1
e 10 12 1
e 10 17 1
e 11 13 2
e 11 18 1
e 12 14 2
e 12 19 1
e 13 14 1
e 13 20 1
e 14 21 1
e 16 26 1
t # 2048
v 0 8
v 1 1
v 2 1
v 3 2
v 4 2
v 5 2
v 6 2
v 7 3
v 8 3
v 9 3
v 10 3
v 11 3
v 12 3
v 13 3
v 14 3
v 15 3
v 16 3
v 17 3
v 18 3
v 19 3
v 20 3
v 21 3
v 22 4
v 23 4
v 24 4
v 25 4
v 26 4
v 27 4
v 28 4
v 29 4
v 30 4
v 31 4
v 32 4
v 33 4
v 34 4
v 35 4
e 1 9 1
e 3 7 1
e 3 8 1
e 6 35 1
e 7 10 1
e 7 22 1
e 7 23 1
e 8 12 2
e 8 13 1
e 9 10 2
e 9 11 1
e 10 24 1
e 11 14 2
e 11 15 1
e 12 16 1
e 12 25 1
e 13 17 2
e 13 26 1
e 14 19 1
e 14 27 1
e 15 20 2
e 15 28 1
e 16 18 2
e 16 29 1
e 17 18 1
e 17 30 1
e 18 31 1
e 19 21 2
e 19 32 1
e 20 21 1
e 20 33 1
e 21 34 1
t # 2049
v 0 25
v 1 12
v 2 8
v 3 8
v 4 1
v 5 1
v 6 3
v 7 3
v 8 3
v 9 3
v 10 3
v 11 3
v 12 3
v 13 3
v 14 3
v 15 3
v 16 3
v 17 3
v 18 3
v 19 3
v 20 3
v 21 3
v 22 3
v 23 3
v 24 3
v 25 3
v 26 3
v 27 3
v 28 3
v 29 3
v 30 3
v 31 3
v 32 3
v 33 3
v 34 3
v 35 3
v 36 3
v 37 3
v 38 3
v 39 3
v 40 3
v 41 3
v 42 3
v 43 3
v 44 3
v 45 3
v 46 3
v 47 3
v 48 4
v 49 4
v 50 4
v 51 4
v 52 4
v 53 4
v 54 4
v 55 4
v 56 4
v 57 4
v 58 4
v 59 4
v 60 4
v 61 4
v 62 4
v 63 4
v 64 4
v 65 4
v 66 4
v 67 4
v 68 4
v 69 4
v 70 4
v 71 4
v 72 4
v 73 4
v 74 4
v 75 4
v 76 4
v 77 4
v 78 4
v 79 4
v 80 4
v 81 4
v 82 4
v 83 4
v 84 4
v 85 4
e 4 6 2
e 5 7 2
e 6 14 1
e 7 15 1
e 8 16 2
e 8 22 1
e 9 17 2
e 9 23 1
e 10 18 2
e 10 24 1
e 11 19 2
e 11 25 1
e 12 20 2
e 12 26 1
e 13 21 2
e 13 27 1
e 14 15 2
e 14 28 1
e 15 29 1
e 16 30 1
e 16 50 1
e 17 31 1
e 17 51 1
e 18 32 1
e 18 52 1
e 19 33 1
e 19 53 1
e 20 34 1
e 20 54 1
e 21 35 1
e 21 55 1
e 22 36 2
e 22 56 1
e 23 37 2
e 23 57 1
e 24 38 2
e 24 58 1
e 25 39 2
e 25 59 1
e 26 40 2
e 26 60 1
e 27 41 2
e 27 61 1
e 28 62 1
e 28 63 1
e 28 64 1
e 29 65 1
e 29 66 1
e 29 67 1
e 30 42 2
e 30 68 1
e 31 43 2
e 31 69 1
e 32 44 2
e 32 70 1
e 33 45 2
e 33 71 1
e 34 46 2
e 34 72 1
e 35 47 2
e 35 73 1
e 36 42 1
e 36 74 1
e 37 43 1
e 37 75 1
e 38 44 1
e 38 76 1
e 39 45 1
e 39 77 1
e 40 46 1
e 40 78 1
e 41 47 1
e 41 79 1
e 42 80 1
e 43 81 1
e 44 82 1
e 45 83 1
e 46 84 1
e 47 85 1
t # 2050
v 0 1
v 1 1
v 2 2
v 3 2
v 4 3
v 5 3
v 6 3
v 7 3
v 8 3
v 9 3
v 10 3
v 11 4
v 12 4
v 13 4
v 14 4
v 15 4
v 16 4
v 17 4
v 18 4
v 19 4
v 20 4
v 21 4
e 1 21 1
e 2 4 1
e 2 6 1
e 3 7 1
e 3 20 1
e 4 5 1
e 4 8 1
e 4 11 1
e 5 7 2
e 5 12 1
e 6 9 2
e 6 10 1
e 7 9 1
e 8 13 1
e 8 14 1
e 8 15 1
e 9 16 1
e 10 17 1
e 10 18 1
e 10 19 1
t # 2051
v 0 1
v 1 1
v 2 2
v 3 2
v 4 2
v 5 2
v 6 2
v 7 2
v 8 2
v 9 2
v 10 3
v 11 3
v 12 3
v 13 3
v 14 3
v 15 3
v 16 3
v 17 3
v 18 3
v 19 3
v 20 3
v 21 3
v 22 3
v 23 3
v 24 3
v 25 3
v 26 4
v 27 4
v 28 4
v 29 4
v 30 4
v 31 4
v 32 4
v 33 4
v 34 4
v 35 4
v 36 4
v 37 4
v 38 4
v 39 4
v 40 4
v 41 4
e 0 14 2
e 1 15 2
e 2 10 1
e 2 14 1
e 2 30 1
e 3 11 1
e 3 15 1
e 3 31 1
e 4 16 1
e 5 17 1
e 8 40 1
e 9 41 1
e 10 11 1
e 10 26 1
e 10 27 1
e 11 28 1
e 11 29 1
e 12 14 1
e 12 16 1
e 12 18 2
e 13 15 1
e 13 17 1
e 13 19 2
e 16 20 2
e 17 21 2
e 18 22 1
e 18 32 1
e 19 23 1
e 19 33 1
e 20 24 1
e 20 34 1
e 21 25 1
e 21 35 1
e 22 24 2
e 22 36 1
e 23 25 2
e 23 37 1
e 24 38 1
e 25 39 1
t # 2052
v 0 1
v 1 1
v 2 2
v 3 2
v 4 2
v 5 2
v 6 2
v 7 2
v 8 2
v 9 2
v 10 3
v 11 3
v 12 3
v 13 3
v 14 3
v 15 3
v 16 3
v 17 3
v 18 3
v 19 3
v 20 3
v 21 3
v 22 3
v 23 3
v 24 3
v 25 3
v 26 3
v 27 4
v 28 4
v 29 4
v 30 4
v 31 4
v 32 4
v 33 4
v 34 4
v 35 4
v 36 4
v 37 4
v 38 4
v 39 4
v 40 4
v 41 4
v 42 4
v 43 4
v 44 4
e 0 13 2
e 1 14 2
e 2 11 1
e 2 13 1
e 2 33 1
e 3 12 1
e 3 14 1
e 3 34 1
e 4 17 1
e 5 18 1
e 8 43 1
e 9 44 1
e 10 11 1
e 10 12 1
e 10 27 1
e 10 28 1
e 11 29 1
e 11 30 1
e 12 31 1
e 12 32 1
e 13 15 1
e 14 16 1
e 15 17 1
e 15 19 2
e 16 18 1
e 16 20 2
e 17 21 2
e 18 22 2
e 19 23 1
e 19 35 1
e 20 24 1
e 20 36 1
e 21 25 1
e 21 37 1
e 22 26 1
e 22 38 1
e 23 25 2
e 23 39 1
e 24 26 2
e 24 40 1
e 25 41 1
e 26 42 1
t # 2053
v 0 1
v 1 1
v 2 1
v 3 2
v 4 2
v 5 2
v 6 3
v 7 3
v 8 3
v 9 3
v 10 3
v 11 4
v 12 4
v 13 4
v 14 4
v 15 4
v 16 4
e 3 6 1
e 3 9 1
e 4 6 1
e 4 15 1
e 4 16 1
e 5 8 1
e 6 7 1
e 6 11 1
e 7 10 2
e 7 12 1
e 8 9 2
e 8 10 1
e 9 13 1
e 10 14 1
t # 2054
v 0 11
v 1 1
v 2 1
v 3 1
v 4 1
v 5 1
v 6 2
v 7 2
v 8 2
v 9 2
v 10 2
v 11 3
v 12 3
v 13 3
v 14 3
v 15 3
v 16 3
v 17 3
v 18 3
v 19 4
v 20 4
v 21 4
v 22 4
v 23 4
v 24 4
v 25 4
v 26 4
v 27 4
v 28 4
e 0 2 2
e 0 3 2
e 0 12 1
e 1 27 1
e 6 11 1
e 6 13 1
e 6 23 1
e 7 14 1
e 8 18 1
e 10 28 1
e 11 12 1
e 11 19 1
e 11 20 1
e 12 21 1
e 12 22 1
e 13 14 2
e 13 15 1
e 14 16 1
e 15 17 2
e 15 24 1
e 16 18 2
e 16 25 1
e 17 18 1
e 17 26 1
t # 2055
v 0 12
v 1 12
v 2 8
v 3 1
v 4 1
v 5 1
v 6 2
v 7 2
v 8 3
v 9 3
v 10 3
v 11 3
v 12 3
v 13 3
v 14 3
v 15 3
v 16 3
v 17 4
v 18 4
v 19 4
v 20 4
v 21 4
v 22 4
v 23 4
v 24 4
v 25 4
v 26 4
v 27 4
v 28 4
v 29 4
v 30 4
v 31 4
v 32 4
v 33 4
v 34 4
v 35 4
v 36 4
e 0 15 1
e 1 16 1
e 3 35 1
e 4 36 1
e 6 8 1
e 6 9 1
e 6 10 1
e 6 13 1
e 7 8 1
e 7 11 1
e 7 12 1
e 7 14 1
e 8 17 1
e 8 18 1
e 9 11 1
e 9 19 1
e 9 20 1
e 10 12 1
e 10 21 1
e 10 22 1
e 11 23 1
e 11 24 1
e 12 25 1
e 12 26 1
e 13 15 1
e 13 27 1
e 13 28 1
e 14 16 1
e 14 29 1
e 14 30 1
e 15 31 1
e 15 32 1
e 16 33 1
e 16 34 1
t # 2056
v 0 23
v 1 12
v 2 12
v 3 12
v 4 12
v 5 12
v 6 12
v 7 1
v 8 1
v 9 1
v 10 1
v 11 1
v 12 1
v 13 1
v 14 1
v 15 2
v 16 2
v 17 2
v 18 2
v 19 2
v 20 2
v 21 2
v 22 2
v 23 2
v 24 2
v 25 3
v 26 3
v 27 3
v 28 3
v 29 3
v 30 3
v 31 3
v 32 3
v 33 3
v 34 3
v 35 3
v 36 3
v 37 3
v 38 3
v 39 3
v 40 3
v 41 3
v 42 3
v 43 3
v 44 3
v 45 3
v 46 3
v 47 3
v 48 3
v 49 3
v 50 3
v 51 3
v 52 3
v 53 4
v 54 4
v 55 4
v 56 4
v 57 4
v 58 4
v 59 4
v 60 4
v 61 4
v 62 4
v 63 4
v 64 4
v 65 4
v 66 4
v 67 4
v 68 4
v 69 4
v 70 4
v 71 4
v 72 4
e 3 41 1
e 4 42 1
e 5 43 1
e 6 44 1
e 7 25 1
e 7 29 1
e 8 26 1
e 8 30 1
e 9 35 1
e 9 49 1
e 10 36 1
e 10 50 1
e 15 27 1
e 16 28 1
e 17 39 1
e 18 40 1
e 19 37 1
e 20 38 1
e 23 51 1
e 24 52 1
e 25 28 1
e 25 31 2
e 26 27 1
e 26 32 2
e 27 33 2
e 28 34 2
e 29 53 1
e 29 54 1
e 29 55 1
e 30 56 1
e 30 57 1
e 30 58 1
e 31 37 1
e 31 59 1
e 32 38 1
e 32 60 1
e 33 35 1
e 33 61 1
e 34 36 1
e 34 62 1
e 35 38 2
e 36 37 2
e 39 41 2
e 39 43 1
e 40 42 2
e 40 44 1
e 41 45 1
e 42 46 1
e 43 47 2
e 44 48 2
e 45 51 2
e 45 63 1
e 46 52 2
e 46 64 1
e 47 51 1
e 47 65 1
e 48 52 1
e 48 66 1
e 49 67 1
e 49 68 1
e 49 69 1
e 50 70 1
e 50 71 1
e 50 72 1
t # 2057
v 0 23
v 1 12
v 2 12
v 3 1
v 4 1
v 5 1
v 6 1
v 7 1
v 8 1
v 9 1
v 10 1
v 11 2
v 12 2
v 13 2
v 14 2
v 15 2
v 16 2
v 17 2
v 18 2
v 19 2
v 20 2
v 21 3
v 22 3
v 23 3
v 24 3
v 25 3
v 26 3
v 27 3
v 28 3
v 29 3
v 30 3
v 31 3
v 32 3
v 33 3
v 34 3
v 35 3
v 36 3
v 37 3
v 38 3
v 39 3
v 40 3
v 41 3
v 42 3
v 43 3
v 44 3
v 45 3
v 46 3
v 47 3
v 48 3
v 49 4
v 50 4
v 51 4
v 52 4
v 53 4
v 54 4
v 55 4
v 56 4
v 57 4
v 58 4
v 59 4
v 60 4
v 61 4
v 62 4
v 63 4
v 64 4
v 65 4
v 66 4
v 67 4
v 68 4
v 69 4
v 70 4
v 71 4
v 72 4
e 3 21 1
e 3 25 1
e 4 22 1
e 4 26 1
e 5 31 1
e 5 45 1
e 6 32 1
e 6 46 1
e 11 23 1
e 12 24 1
e 13 35 1
e 14 36 1
e 15 33 1
e 16 34 1
e 19 47 1
e 20 48 1
e 21 24 1
e 21 27 2
e 22 23 1
e 22 28 2
e 23 29 2
e 24 30 2
e 25 49 1
e 25 50 1
e 25 51 1
e 26 52 1
e 26 53 1
e 26 54 1
e 27 33 1
e 27 55 1
e 28 34 1
e 28 56 1
e 29 31 1
e 29 57 1
e 30 32 1
e 30 58 1
e 31 34 2
e 32 33 2
e 35 37 2
e 35 39 1
e 36 38 2
e 36 40 1
e 37 41 1
e 37 59 1
e 38 42 1
e 38 60 1
e 39 43 2
e 39 61 1
e 40 44 2
e 40 62 1
e 41 47 2
e 41 63 1
e 42 48 2
e 42 64 1
e 43 47 1
e 43 65 1
e 44 48 1
e 44 66 1
e 45 67 1
e 45 68 1
e 45 69 1
e 46 70 1
e 46 71 1
e 46 72 1
t # 2058
v 0 40
v 1 12
v 2 12
v 3 1
v 4 1
v 5 3
v 6 3
v 7 3
v 8 3
v 9 3
v 10 3
v 11 3
v 12 3
v 13 3
v 14 3
v 15 3
v 16 3
v 17 3
v 18 3
v 19 3
v 20 3
v 21 3
v 22 3
v 23 3
v 24 3
v 25 3
v 26 3
v 27 3
v 28 3
v 29 4
v 30 4
v 31 4
v 32 4
v 33 4
v 34 4
v 35 4
v 36 4
v 37 4
v 38 4
v 39 4
v 40 4
v 41 4
v 42 4
v 43 4
v 44 4
v 45 4
v 46 4
v 47 4
v 48 4
v 49 4
v 50 4
v 51 4
v 52 4
v 53 4
v 54 4
v 55 4
v 56 4
v 57 4
v 58 4
e 3 7 2
e 4 8 2
e 5 9 1
e 5 15 2
e 6 10 1
e 6 16 2
e 7 11 1
e 7 13 1
e 8 11 1
e 8 14 1
e 9 12 1
e 9 17 2
e 10 12 1
e 10 18 2
e 11 29 1
e 11 30 1
e 12 31 1
e 12 32 1
e 13 21 1
e 13 22 1
e 13 23 1
e 14 24 1
e 14 25 1
e 14 26 1
e 15 19 1
e 15 33 1
e 16 20 1
e 16 34 1
e 17 27 1
e 17 35 1
e 18 28 1
e 18 36 1
e 19 27 2
e 19 55 1
e 20 28 2
e 20 56 1
e 21 37 1
e 21 38 1
e 21 39 1
e 22 40 1
e 22 41 1
e 22 42 1
e 23 43 1
e 23 44 1
e 23 45 1
e 24 46 1
e 24 47 1
e 24 48 1
e 25 49 1
e 25 50 1
e 25 51 1
e 26 52 1
e 26 53 1
e 26 54 1
e 27 57 1
e 28 58 1
t # 2059
v 0 40
v 1 12
v 2 12
v 3 1
v 4 1
v 5 3
v 6 3
v 7 3
v 8 3
v 9 3
v 10 3
v 11 3
v 12 3
v 13 3
v 14 4
v 15 4
v 16 4
v 17 4
v 18 4
v 19 4
v 20 4
v 21 4
v 22 4
v 23 4
v 24 4
v 25 4
v 26 4
v 27 4
v 28 4
v 29 4
e 3 9 2
e 4 10 2
e 5 7 1
e 5 14 1
e 5 15 1
e 6 8 1
e 6 16 1
e 6 17 1
e 7 8 1
e 7 18 1
e 7 19 1
e 8 20 1
e 8 21 1
e 9 11 1
e 9 12 1
e 10 11 1
e 10 13 1
e 11 22 1
e 11 23 1
e 12 24 1
e 12 25 1
e 12 26 1
e 13 27 1
e 13 28 1
e 13 29 1
t # 2060
v 0 1
v 1 1
v 2 1
v 3 1
v 4 1
v 5 1
v 6 1
v 7 1
v 8 2
v 9 2
v 10 2
v 11 2
v 12 2
v 13 3
v 14 3
v 15 3
v 16 3
v 17 3
v 18 3
v 19 3
v 20 3
v 21 3
v 22 3
v 23 3
v 24 3
v 25 3
v 26 3
v 27 3
v 28 3
v 29 3
v 30 3
v 31 3
v 32 3
v 33 3
v 34 3
v 35 4
v 36 4
v 37 4
v 38 4
v 39 4
v 40 4
v 41 4
v 42 4
v 43 4
v 44 4
v 45 4
v 46 4
v 47 4
v 48 4
v 49 4
v 50 4
v 51 4
v 52 4
v 53 4
v 54 4
v 55 4
v 56 4
e 0 26 1
e 0 34 1
e 1 19 1
e 1 49 1
e 2 20 2
e 3 24 2
e 4 25 2
e 5 26 2
e 6 56 1
e 8 13 1
e 8 20 1
e 8 40 1
e 9 21 1
e 9 33 2
e 10 12 1
e 10 33 1
e 10 53 1
e 11 33 1
e 11 54 1
e 11 55 1
e 13 14 1
e 13 26 1
e 13 35 1
e 14 15 1
e 14 36 1
e 14 37 1
e 15 21 1
e 15 38 1
e 15 39 1
e 16 17 2
e 16 19 1
e 16 24 1
e 17 25 1
e 17 27 1
e 18 19 2
e 18 20 1
e 18 28 1
e 21 41 1
e 21 42 1
e 22 23 1
e 22 24 1
e 22 29 2
e 23 25 1
e 23 30 2
e 27 28 2
e 27 43 1
e 28 44 1
e 29 31 1
e 29 45 1
e 30 32 1
e 30 46 1
e 31 32 2
e 31 47 1
e 32 48 1
e 34 50 1
e 34 51 1
e 34 52 1
t # 2061
v 0 7
v 1 7
v 2 7
v 3 1
v 4 1
v 5 1
v 6 1
v 7 1
v 8 1
v 9 2
v 10 2
v 11 2
v 12 2
v 13 2
v 14 2
v 15 2
v 16 3
v 17 3
v 18 3
v 19 3
v 20 3
v 21 3
v 22 3
v 23 3
v 24 3
v 25 3
v 26 3
v 27 3
v 28 3
v 29 3
v 30 3
v 31 3
v 32 3
v 33 3
v 34 4
v 35 4
v 36 4
v 37 4
v 38 4
v 39 4
v 40 4
v 41 4
v 42 4
v 43 4
v 44 4
v 45 4
v 46 4
v 47 4
v 48 4
v 49 4
v 50 4
v 51 4
v 52 4
v 53 4
v 54 4
v 55 4
v 56 4
v 57 4
v 58 4
v 59 4
v 60 4
v 61 4
v 62 4
v 63 4
v 64 4
v 65 4
v 66 4
v 67 4
v 68 4
v 69 4
v 70 4
v 71 4
v 72 4
v 73 4
v 74 4
e 3 40 1
e 4 41 1
e 5 42 1
e 6 73 1
e 7 74 1
e 9 16 1
e 9 43 1
e 10 17 1
e 10 44 1
e 11 18 1
e 11 45 1
e 12 19 1
e 12 46 1
e 13 20 1
e 13 47 1
e 14 21 1
e 14 48 1
e 16 17 1
e 16 22 1
e 16 34 1
e 17 23 1
e 17 35 1
e 18 19 1
e 18 24 1
e 18 36 1
e 19 25 1
e 19 37 1
e 20 21 1
e 20 26 1
e 20 38 1
e 21 27 1
e 21 39 1
e 22 28 1
e 22 49 1
e 22 50 1
e 23 29 1
e 23 51 1
e 23 52 1
e 24 30 1
e 24 53 1
e 24 54 1
e 25 31 1
e 25 55 1
e 25 56 1
e 26 32 1
e 26 57 1
e 26 58 1
e 27 33 1
e 27 59 1
e 27 60 1
e 28 29 1
e 28 61 1
e 28 62 1
e 29 63 1
e 29 64 1
e 30 31 1
e 30 65 1
e 30 66 1
e 31 67 1
e 31 68 1
e 32 33 1
e 32 69 1
e 32 70 1
e 33 71 1
e 33 72 1
t # 2062
v 0 7
v 1 7
v 2 1
v 3 1
v 4 1
v 5 1
v 6 1
v 7 2
v 8 2
v 9 2
v 10 2
v 11 2
v 12 3
v 13 3
v 14 3
v 15 3
v 16 3
v 17 3
v 18 3
v 19 3
v 20 3
v 21 3
v 22 3
v 23 3
v 24 4
v 25 4
v 26 4
v 27 4
v 28 4
v 29 4
v 30 4
v 31 4
v 32 4
v 33 4
v 34 4
v 35 4
v 36 4
v 37 4
v 38 4
v 39 4
v 40 4
v 41 4
v 42 4
v 43 4
v 44 4
v 45 4
v 46 4
v 47 4
v 48 4
v 49 4
v 50 4
v 51 4
e 2 28 1
e 3 29 1
e 4 50 1
e 5 51 1
e 7 12 1
e 7 30 1
e 8 13 1
e 8 31 1
e 9 14 1
e 9 32 1
e 10 15 1
e 10 33 1
e 12 13 1
e 12 16 1
e 12 24 1
e 13 17 1
e 13 25 1
e 14 15 1
e 14 18 1
e 14 26 1
e 15 19 1
e 15 27 1
e 16 20 1
e 16 34 1
e 16 35 1
e 17 21 1
e 17 36 1
e 17 37 1
e 18 22 1
e 18 38 1
e 18 39 1
e 19 23 1
e 19 40 1
e 19 41 1
e 20 21 1
e 20 42 1
e 20 43 1
e 21 44 1
e 21 45 1
e 22 23 1
e 22 46 1
e 22 47 1
e 23 48 1
e 23 49 1
t # 2063
v 0 12
v 1 2
v 2 2
v 3 2
v 4 2
v 5 2
v 6 2
v 7 2
v 8 3
v 9 3
v 10 3
v 11 3
v 12 3
v 13 3
v 14 3
v 15 3
v 16 3
v 17 3
v 18 3
v 19 3
v 20 4
v 21 4
v 22 4
v 23 4
v 24 4
v 25 4
v 26 4
v 27 4
v 28 4
v 29 4
v 30 4
v 31 4
v 32 4
e 0 19 1
e 1 9 1
e 1 17 2
e 2 12 2
e 2 17 1
e 3 12 1
e 3 28 1
e 3 29 1
e 4 17 1
e 4 30 1
e 4 31 1
e 5 16 1
e 7 32 1
e 8 9 2
e 8 10 1
e 8 12 1
e 9 11 1
e 10 13 2
e 10 14 1
e 11 15 1
e 11 20 1
e 11 21 1
e 13 16 1
e 13 22 1
e 14 18 2
e 14 23 1
e 15 24 1
e 15 25 1
e 15 26 1
e 16 19 2
e 18 19 1
e 18 27 1
t # 2064
v 0 28
v 1 28
v 2 11
v 3 11
v 4 8
v 5 8
v 6 3
v 7 3
v 8 3
v 9 3
v 10 3
v 11 3
v 12 3
v 13 3
v 14 3
v 15 3
v 16 3
v 17 3
v 18 4
v 19 4
v 20 4
v 21 4
v 22 4
v 23 4
v 24 4
v 25 4
v 26 4
v 27 4
v 28 4
v 29 4
v 30 4
v 31 4
v 32 4
v 33 4
v 34 4
v 35 4
v 36 4
v 37 4
v 38 4
v 39 4
v 40 4
v 41 4
v 42 4
v 43 4
v 44 4
v 45 4
v 46 4
v 47 4
e 2 12 1
e 3 13 1
e 6 13 1
e 6 20 1
e 6 21 1
e 7 12 1
e 7 22 1
e 7 23 1
e 8 14 1
e 8 24 1
e 8 25 1
e 9 15 1
e 9 26 1
e 9 27 1
e 10 16 1
e 10 28 1
e 10 29 1
e 11 17 1
e 11 30 1
e 11 31 1
e 12 32 1
e 12 33 1
e 13 34 1
e 13 35 1
e 14 36 1
e 14 37 1
e 14 38 1
e 15 39 1
e 15 40 1
e 15 41 1
e 16 42 1
e 16 43 1
e 16 44 1
e 17 45 1
e 17 46 1
e 17 47 1
t # 2065
v 0 0
v 1 12
v 2 1
v 3 1
v 4 1
v 5 1
v 6 1
v 7 2
v 8 2
v 9 3
v 10 3
v 11 3
v 12 3
v 13 3
v 14 3
v 15 3
v 16 3
v 17 3
v 18 3
v 19 4
v 20 4
v 21 4
v 22 4
v 23 4
v 24 4
v 25 4
v 26 4
v 27 4
v 28 4
v 29 4
v 30 4
v 31 4
v 32 4
v 33 4
v 34 4
v 35 4
v 36 4
v 37 4
v 38 4
v 39 4
v 40 4
v 41 4
v 42 4
v 43 4
v 44 4
v 45 4
e 2 31 1
e 3 32 1
e 3 33 1
e 7 9 1
e 7 11 1
e 7 12 1
e 8 10 1
e 8 13 1
e 8 14 1
e 9 10 1
e 9 19 1
e 9 20 1
e 10 21 1
e 10 22 1
e 11 15 1
e 11 23 1
e 11 24 1
e 12 16 1
e 12 25 1
e 12 26 1
e 13 17 1
e 13 27 1
e 13 28 1
e 14 18 1
e 14 29 1
e 14 30 1
e 15 34 1
e 15 35 1
e 15 36 1
e 16 37 1
e 16 38 1
e 16 39 1
e 17 40 1
e 17 41 1
e 17 42 1
e 18 43 1
e 18 44 1
e 18 45 1
t # 2066
v 0 23
v 1 1
v 2 1
v 3 1
v 4 1
v 5 1
v 6 1
v 7 1
v 8 1
v 9 2
v 10 2
v 11 2
v 12 2
v 13 3
v 14 3
v 15 3
v 16 3
v 17 3
v 18 3
v 19 3
v 20 3
v 21 3
v 22 3
v 23 3
v 24 3
v 25 3
v 26 3
v 27 4
v 28 4
v 29 4
v 30 4
v 31 4
v 32 4
v 33 4
v 34 4
v 35 4
v 36 4
v 37 4
v 38 4
v 39 4
v 40 4
v 41 4
v 42 4
v 43 4
v 44 4
v 45 4
v 46 4
v 47 4
v 48 4
e 3 41 1
e 4 42 1
e 9 13 1
e 9 15 1
e 10 14 1
e 10 16 1
e 13 17 1
e 13 19 1
e 13 27 1
e 14 18 1
e 14 20 1
e 14 28 1
e 15 21 2
e 15 25 1
e 16 22 2
e 16 26 1
e 17 23 2
e 17 29 1
e 18 24 2
e 18 30 1
e 19 31 1
e 19 32 1
e 19 33 1
e 20 34 1
e 20 35 1
e 20 36 1
e 21 23 1
e 21 37 1
e 22 24 1
e 22 38 1
e 23 39 1
e 24 40 1
e 25 43 1
e 25 44 1
e 25 45 1
e 26 46 1
e 26 47 1
e 26 48 1
t # 2067
v 0 24
v 1 1
v 2 1
v 3 1
v 4 1
v 5 1
v 6 1
v 7 1
v 8 1
v 9 2
v 10 2
v 11 2
v 12 2
v 13 3
v 14 3
v 15 3
v 16 3
v 17 3
v 18 3
v 19 3
v 20 3
v 21 3
v 22 3
v 23 3
v 24 3
v 25 3
v 26 3
v 27 4
v 28 4
v 29 4
v 30 4
v 31 4
v 32 4
v 33 4
v 34 4
v 35 4
v 36 4
v 37 4
v 38 4
v 39 4
v 40 4
v 41 4
v 42 4
v 43 4
v 44 4
v 45 4
v 46 4
v 47 4
v 48 4
e 3 41 1
e 4 42 1
e 9 13 1
e 9 15 1
e 10 14 1
e 10 16 1
e 13 17 1
e 13 19 1
e 13 27 1
e 14 18 1
e 14 20 1
e 14 28 1
e 15 21 2
e 15 25 1
e 16 22 2
e 16 26 1
e 17 23 2
e 17 29 1
e 18 24 2
e 18 30 1
e 19 31 1
e 19 32 1
e 19 33 1
e 20 34 1
e 20 35 1
e 20 36 1
e 21 23 1
e 21 37 1
e 22 24 1
e 22 38 1
e 23 39 1
e 24 40 1
e 25 43 1
e 25 44 1
e 25 45 1
e 26 46 1
e 26 47 1
e 26 48 1
t # 2068
v 0 7
v 1 8
v 2 8
v 3 2
v 4 2
v 5 2
v 6 2
v 7 2
v 8 2
v 9 3
v 10 3
v 11 3
v 12 3
v 13 3
v 14 3
v 15 3
v 16 3
v 17 3
v 18 3
v 19 3
v 20 3
v 21 3
v 22 3
v 23 3
v 24 3
v 25 3
v 26 3
v 27 3
v 28 3
v 29 3
v 30 3
v 31 3
v 32 3
v 33 3
v 34 3
v 35 3
v 36 3
v 37 3
v 38 3
v 39 3
v 40 3
v 41 3
v 42 3
v 43 3
v 44 3
v 45 4
v 46 4
v 47 4
v 48 4
v 49 4
v 50 4
v 51 4
v 52 4
v 53 4
v 54 4
v 55 4
v 56 4
v 57 4
v 58 4
v 59 4
v 60 4
v 61 4
v 62 4
v 63 4
v 64 4
v 65 4
v 66 4
v 67 4
v 68 4
v 69 4
v 70 4
v 71 4
v 72 4
v 73 4
v 74 4
v 75 4
v 76 4
v 77 4
v 78 4
e 7 77 1
e 8 78 1
e 9 15 2
e 9 21 1
e 10 16 2
e 10 22 1
e 11 17 2
e 11 23 1
e 12 18 2
e 12 24 1
e 13 19 2
e 13 25 1
e 14 20 2
e 14 26 1
e 15 27 1
e 15 47 1
e 16 28 1
e 16 48 1
e 17 29 1
e 17 49 1
e 18 30 1
e 18 50 1
e 19 31 1
e 19 51 1
e 20 32 1
e 20 52 1
e 21 33 2
e 21 53 1
e 22 34 2
e 22 54 1
e 23 35 2
e 23 55 1
e 24 36 2
e 24 56 1
e 25 37 2
e 25 57 1
e 26 38 2
e 26 58 1
e 27 39 2
e 27 59 1
e 28 40 2
e 28 60 1
e 29 41 2
e 29 61 1
e 30 42 2
e 30 62 1
e 31 43 2
e 31 63 1
e 32 44 2
e 32 64 1
e 33 39 1
e 33 65 1
e 34 40 1
e 34 66 1
e 35 41 1
e 35 67 1
e 36 42 1
e 36 68 1
e 37 43 1
e 37 69 1
e 38 44 1
e 38 70 1
e 39 71 1
e 40 72 1
e 41 73 1
e 42 74 1
e 43 75 1
e 44 76 1
t # 2069
v 0 8
v 1 1
v 2 1
v 3 2
v 4 3
v 5 3
v 6 3
v 7 3
v 8 3
v 9 3
v 10 3
v 11 3
v 12 3
v 13 3
v 14 4
v 15 4
v 16 4
v 17 4
v 18 4
v 19 4
v 20 4
v 21 4
v 22 4
v 23 4
v 24 4
v 25 4
v 26 4
v 27 4
v 28 4
e 1 28 1
e 3 4 1
e 3 5 1
e 3 6 1
e 4 9 1
e 4 14 1
e 4 15 1
e 5 10 1
e 5 16 1
e 5 17 1
e 6 7 2
e 6 8 1
e 7 11 1
e 7 18 1
e 8 12 2
e 8 19 1
e 9 20 1
e 9 21 1
e 9 22 1
e 10 23 1
e 10 24 1
e 10 25 1
e 11 13 2
e 11 26 1
e 12 13 1
e 12 27 1
t # 2070
v 0 2
v 1 2
v 2 2
v 3 2
v 4 2
v 5 2
v 6 2
v 7 3
v 8 3
v 9 3
v 10 3
v 11 3
v 12 3
v 13 3
v 14 3
v 15 4
v 16 4
v 17 4
v 18 4
v 19 4
v 20 4
v 21 4
v 22 4
e 0 8 1
e 0 14 2
e 1 10 2
e 1 14 1
e 2 10 1
e 2 18 1
e 2 19 1
e 3 12 1
e 4 14 1
e 4 20 1
e 4 21 1
e 6 22 1
e 7 8 2
e 7 9 1
e 7 10 1
e 8 11 1
e 9 12 2
e 9 15 1
e 11 13 2
e 11 16 1
e 12 13 1
e 13 17 1
t # 2071
v 0 1
v 1 2
v 2 2
v 3 2
v 4 2
v 5 3
v 6 3
v 7 3
v 8 3
v 9 3
v 10 3
v 11 3
v 12 3
v 13 3
v 14 4
v 15 4
v 16 4
v 17 4
v 18 4
v 19 4
v 20 4
v 21 4
v 22 4
v 23 4
v 24 4
v 25 4
v 26 4
v 27 4
v 28 4
v 29 4
v 30 4
v 31 4
v 32 4
e 0 31 1
e 1 5 1
e 1 6 1
e 2 9 1
e 4 32 1
e 5 7 1
e 5 10 1
e 5 11 1
e 6 8 1
e 6 12 1
e 6 13 1
e 7 9 1
e 7 14 1
e 7 15 1
e 8 9 1
e 8 16 1
e 8 17 1
e 9 18 1
e 10 19 1
e 10 20 1
e 10 21 1
e 11 22 1
e 11 23 1
e 11 24 1
e 12 25 1
e 12 26 1
e 12 27 1
e 13 28 1
e 13 29 1
e 13 30 1
t # 2072
v 0 1
v 1 1
v 2 1
v 3 2
v 4 2
v 5 3
v 6 3
v 7 3
v 8 3
v 9 3
v 10 3
v 11 3
v 12 3
v 13 3
v 14 3
v 15 3
v 16 3
v 17 3
v 18 3
v 19 4
v 20 4
v 21 4
v 22 4
v 23 4
v 24 4
v 25 4
v 26 4
v 27 4
v 28 4
v 29 4
v 30 4
v 31 4
v 32 4
v 33 4
e 0 7 1
e 0 15 1
e 2 15 2
e 3 5 1
e 3 11 1
e 4 10 2
e 4 12 1
e 5 6 1
e 5 10 1
e 5 19 1
e 6 8 1
e 6 20 1
e 6 21 1
e 7 9 1
e 7 10 1
e 7 22 1
e 8 9 1
e 8 23 1
e 8 24 1
e 9 25 1
e 9 26 1
e 11 12 1
e 11 13 2
e 12 14 2
e 13 16 1
e 13 27 1
e 14 17 1
e 14 28 1
e 15 18 1
e 16 17 2
e 16 29 1
e 17 30 1
e 18 31 1
e 18 32 1
e 18 33 1
t # 2073
v 0 7
v 1 12
v 2 12
v 3 12
v 4 12
v 5 12
v 6 12
v 7 8
v 8 8
v 9 1
v 10 1
v 11 2
v 12 2
v 13 2
v 14 2
v 15 3
v 16 3
v 17 3
v 18 3
v 19 3
v 20 3
v 21 3
v 22 3
v 23 3
v 24 3
v 25 3
v 26 3
v 27 3
v 28 3
v 29 4
v 30 4
v 31 4
v 32 4
v 33 4
v 34 4
v 35 4
v 36 4
v 37 4
v 38 4
v 39 4
v 40 4
v 41 4
v 42 4
v 43 4
v 44 4
v 45 4
v 46 4
v 47 4
v 48 4
v 49 4
v 50 4
v 51 4
v 52 4
v 53 4
v 54 4
v 55 4
v 56 4
v 57 4
v 58 4
v 59 4
v 60 4
e 3 25 1
e 4 26 1
e 5 27 1
e 6 28 1
e 9 17 1
e 10 18 1
e 11 15 1
e 11 21 1
e 12 16 1
e 12 22 1
e 13 23 1
e 13 31 1
e 14 24 1
e 14 32 1
e 15 19 1
e 15 33 1
e 15 34 1
e 16 20 1
e 16 35 1
e 16 36 1
e 17 19 1
e 17 37 1
e 17 38 1
e 18 20 1
e 18 39 1
e 18 40 1
e 19 41 1
e 19 42 1
e 20 43 1
e 20 44 1
e 21 25 1
e 21 45 1
e 21 46 1
e 22 26 1
e 22 47 1
e 22 48 1
e 23 27 1
e 23 49 1
e 23 50 1
e 24 28 1
e 24 51 1
e 24 52 1
e 25 53 1
e 25 54 1
e 26 55 1
e 26 56 1
e 27 57 1
e 27 58 1
e 28 59 1
e 28 60 1
t # 2074
v 0 7
v 1 12
v 2 12
v 3 12
v 4 12
v 5 12
v 6 12
v 7 8
v 8 8
v 9 1
v 10 1
v 11 2
v 12 2
v 13 2
v 14 2
v 15 3
v 16 3
v 17 3
v 18 3
v 19 3
v 20 3
v 21 3
v 22 3
v 23 3
v 24 3
v 25 3
v 26 3
v 27 3
v 28 3
v 29 4
v 30 4
v 31 4
v 32 4
v 33 4
v 34 4
v 35 4
v 36 4
v 37 4
v 38 4
v 39 4
v 40 4
v 41 4
v 42 4
v 43 4
v 44 4
v 45 4
v 46 4
v 47 4
v 48 4
v 49 4
v 50 4
v 51 4
v 52 4
v 53 4
v 54 4
v 55 4
v 56 4
v 57 4
v 58 4
v 59 4
v 60 4
e 3 25 1
e 4 26 1
e 5 27 1
e 6 28 1
e 9 17 1
e 10 18 1
e 11 21 1
e 11 22 1
e 12 23 1
e 12 24 1
e 13 15 1
e 13 31 1
e 14 16 1
e 14 32 1
e 15 19 1
e 15 33 1
e 15 34 1
e 16 20 1
e 16 35 1
e 16 36 1
e 17 19 1
e 17 37 1
e 17 38 1
e 18 20 1
e 18 39 1
e 18 40 1
e 19 41 1
e 19 42 1
e 20 43 1
e 20 44 1
e 21 25 1
e 21 45 1
e 21 46 1
e 22 26 1
e 22 47 1
e 22 48 1
e 23 27 1
e 23 49 1
e 23 50 1
e 24 28 1
e 24 51 1
e 24 52 1
e 25 53 1
e 25 54 1
e 26 55 1
e 26 56 1
e 27 57 1
e 27 58 1
e 28 59 1
e 28 60 1
t # 2075
v 0 7
v 1 12
v 2 12
v 3 12
v 4 12
v 5 12
v 6 12
v 7 12
v 8 12
v 9 8
v 10 8
v 11 1
v 12 1
v 13 2
v 14 2
v 15 2
v 16 2
v 17 3
v 18 3
v 19 3
v 20 3
v 21 3
v 22 3
v 23 3
v 24 3
v 25 3
v 26 3
v 27 3
v 28 3
v 29 3
v 30 3
v 31 3
v 32 3
v 33 3
v 34 3
v 35 4
v 36 4
v 37 4
v 38 4
v 39 4
v 40 4
v 41 4
v 42 4
v 43 4
v 44 4
v 45 4
v 46 4
v 47 4
v 48 4
v 49 4
v 50 4
v 51 4
v 52 4
v 53 4
v 54 4
v 55 4
v 56 4
v 57 4
v 58 4
v 59 4
v 60 4
v 61 4
v 62 4
v 63 4
v 64 4
v 65 4
v 66 4
v 67 4
v 68 4
v 69 4
v 70 4
v 71 4
v 72 4
e 3 29 1
e 4 30 1
e 5 31 1
e 6 32 1
e 7 33 1
e 8 34 1
e 11 19 1
e 12 20 1
e 13 17 1
e 13 23 1
e 14 18 1
e 14 24 1
e 15 25 1
e 15 26 1
e 16 27 1
e 16 28 1
e 17 21 1
e 17 37 1
e 17 38 1
e 18 22 1
e 18 39 1
e 18 40 1
e 19 21 1
e 19 41 1
e 19 42 1
e 20 22 1
e 20 43 1
e 20 44 1
e 21 45 1
e 21 46 1
e 22 47 1
e 22 48 1
e 23 29 1
e 23 49 1
e 23 50 1
e 24 30 1
e 24 51 1
e 24 52 1
e 25 31 1
e 25 53 1
e 25 54 1
e 26 32 1
e 26 55 1
e 26 56 1
e 27 33 1
e 27 57 1
e 27 58 1
e 28 34 1
e 28 59 1
e 28 60 1
e 29 61 1
e 29 62 1
e 30 63 1
e 30 64 1
e 31 65 1
e 31 66 1
e 32 67 1
e 32 68 1
e 33 69 1
e 33 70 1
e 34 71 1
e 34 72 1
t # 2076
v 0 1
v 1 1
v 2 1
v 3 2
v 4 2
v 5 2
v 6 2
v 7 3
v 8 3
v 9 3
v 10 3
v 11 3
v 12 3
v 13 3
v 14 3
v 15 3
v 16 3
v 17 3
v 18 3
v 19 3
v 20 3
v 21 3
v 22 3
v 23 3
v 24 3
v 25 4
v 26 4
v 27 4
v 28 4
v 29 4
v 30 4
v 31 4
v 32 4
v 33 4
v 34 4
v 35 4
v 36 4
v 37 4
v 38 4
v 39 4
v 40 4
v 41 4
v 42 4
v 43 4
v 44 4
v 45 4
e 3 7 1
e 3 11 1
e 4 9 1
e 4 12 1
e 4 26 1
e 5 17 1
e 5 23 1
e 5 24 1
e 6 16 1
e 7 8 1
e 7 13 1
e 7 25 1
e 8 9 2
e 8 15 1
e 9 10 1
e 10 11 2
e 10 16 1
e 11 18 1
e 12 14 1
e 12 27 1
e 12 28 1
e 13 19 2
e 13 31 1
e 14 17 1
e 14 29 1
e 14 30 1
e 15 20 2
e 15 32 1
e 16 21 2
e 17 33 1
e 17 34 1
e 18 22 2
e 18 35 1
e 19 20 1
e 19 36 1
e 20 37 1
e 21 22 1
e 21 38 1
e 22 39 1
e 23 40 1
e 23 41 1
e 23 42 1
e 24 43 1
e 24 44 1
e 24 45 1
t # 2077
v 0 7
v 1 12
v 2 12
v 3 8
v 4 8
v 5 1
v 6 3
v 7 3
v 8 3
v 9 3
v 10 3
v 11 3
v 12 3
v 13 3
v 14 3
v 15 3
v 16 3
v 17 3
v 18 3
v 19 3
v 20 3
v 21 3
v 22 3
v 23 3
v 24 3
v 25 3
v 26 3
v 27 3
v 28 3
v 29 3
v 30 3
v 31 3
v 32 3
v 33 3
v 34 3
v 35 3
v 36 3
v 37 3
v 38 3
v 39 3
v 40 3
v 41 3
v 42 3
v 43 3
v 44 4
v 45 4
v 46 4
v 47 4
v 48 4
v 49 4
v 50 4
v 51 4
v 52 4
v 53 4
v 54 4
v 55 4
v 56 4
v 57 4
v 58 4
v 59 4
v 60 4
v 61 4
v 62 4
v 63 4
v 64 4
v 65 4
v 66 4
v 67 4
v 68 4
v 69 4
v 70 4
v 71 4
v 72 4
v 73 4
v 74 4
v 75 4
v 76 4
v 77 4
v 78 4
v 79 4
v 80 4
v 81 4
v 82 4
e 5 13 2
e 6 8 1
e 6 45 1
e 6 46 1
e 7 13 1
e 7 47 1
e 8 48 1
e 8 49 1
e 9 14 1
e 9 50 1
e 9 51 1
e 10 15 1
e 10 52 1
e 10 53 1
e 11 16 1
e 11 54 1
e 11 55 1
e 12 17 1
e 12 56 1
e 12 57 1
e 13 18 1
e 14 19 2
e 14 21 1
e 15 20 2
e 15 22 1
e 16 23 2
e 16 25 1
e 17 24 2
e 17 26 1
e 18 27 2
e 18 28 1
e 19 29 1
e 19 58 1
e 20 30 1
e 20 59 1
e 21 31 2
e 21 60 1
e 22 32 2
e 22 61 1
e 23 35 1
e 23 62 1
e 24 36 1
e 24 63 1
e 25 37 2
e 25 64 1
e 26 38 2
e 26 65 1
e 27 39 1
e 27 66 1
e 28 40 2
e 28 67 1
e 29 33 2
e 29 68 1
e 30 34 2
e 30 69 1
e 31 33 1
e 31 70 1
e 32 34 1
e 32 71 1
e 33 72 1
e 34 73 1
e 35 41 2
e 35 74 1
e 36 42 2
e 36 75 1
e 37 41 1
e 37 76 1
e 38 42 1
e 38 77 1
e 39 43 2
e 39 78 1
e 40 43 1
e 40 79 1
e 41 80 1
e 42 81 1
e 43 82 1
t # 2078
v 0 1
v 1 1
v 2 1
v 3 2
v 4 2
v 5 2
v 6 3
v 7 3
v 8 3
v 9 3
v 10 3
v 11 3
v 12 3
v 13 4
v 14 4
v 15 4
v 16 4
v 17 4
v 18 4
v 19 4
v 20 4
v 21 4
v 22 4
v 23 4
v 24 4
e 0 9 1
e 0 10 1
e 1 9 1
e 1 12 1
e 2 8 1
e 2 18 1
e 3 6 1
e 5 24 1
e 6 7 1
e 6 8 1
e 6 13 1
e 7 9 1
e 7 14 1
e 7 15 1
e 8 10 1
e 8 16 1
e 9 17 1
e 10 11 2
e 11 19 1
e 11 20 1
e 12 21 1
e 12 22 1
e 12 23 1
t # 2079
v 0 1
v 1 1
v 2 1
v 3 1
v 4 1
v 5 2
v 6 2
v 7 2
v 8 3
v 9 3
v 10 3
v 11 3
v 12 3
v 13 3
v 14 4
v 15 4
v 16 4
v 17 4
v 18 4
v 19 4
v 20 4
v 21 4
e 0 8 1
e 0 12 1
e 1 11 1
e 1 13 1
e 5 6 1
e 5 8 1
e 6 11 2
e 7 10 1
e 8 9 1
e 8 14 1
e 9 10 2
e 9 15 1
e 10 11 1
e 12 16 1
e 12 17 1
e 12 18 1
e 13 19 1
e 13 20 1
e 13 21 1
t # 2080
v 0 56
v 1 38
v 2 2
v 3 3
v 4 3
v 5 3
v 6 3
v 7 3
v 8 3
v 9 3
v 10 3
v 11 3
v 12 3
v 13 3
v 14 3
v 15 3
v 16 3
v 17 3
v 18 3
v 19 3
v 20 3
v 21 3
v 22 4
v 23 4
v 24 4
v 25 4
v 26 4
v 27 4
v 28 4
v 29 4
v 30 4
v 31 4
v 32 4
v 33 4
v 34 4
v 35 4
v 36 4
e 3 6 2
e 3 9 1
e 4 7 2
e 4 10 1
e 5 8 2
e 5 11 1
e 6 12 1
e 6 22 1
e 7 13 1
e 7 23 1
e 8 14 1
e 8 24 1
e 9 15 2
e 9 25 1
e 10 16 2
e 10 26 1
e 11 17 2
e 11 27 1
e 12 18 2
e 12 28 1
e 13 19 2
e 13 29 1
e 14 20 2
e 14 30 1
e 15 18 1
e 15 31 1
e 16 19 1
e 16 32 1
e 17 20 1
e 17 33 1
e 18 34 1
e 19 35 1
e 20 36 1
t # 2081
v 0 9
v 1 1
v 2 1
v 3 2
v 4 3
v 5 3
v 6 3
v 7 3
v 8 3
v 9 3
v 10 3
v 11 3
v 12 3
v 13 3
v 14 3
v 15 3
v 16 3
v 17 4
v 18 4
v 19 4
v 20 4
v 21 4
v 22 4
v 23 4
v 24 4
v 25 4
v 26 4
v 27 4
v 28 4
v 29 4
v 30 4
v 31 4
v 32 4
v 33 4
v 34 4
v 35 4
v 36 4
v 37 4
v 38 4
v 39 4
v 40 4
v 41 4
v 42 4
v 43 4
v 44 4
v 45 4
v 46 4
v 47 4
e 1 14 1
e 1 30 1
e 2 14 2
e 3 6 1
e 3 10 1
e 3 11 1
e 3 12 1
e 4 5 1
e 4 17 1
e 4 18 1
e 5 6 1
e 5 19 1
e 5 20 1
e 6 21 1
e 6 22 1
e 7 9 1
e 7 23 1
e 7 24 1
e 8 25 1
e 8 26 1
e 8 27 1
e 9 13 1
e 9 28 1
e 9 29 1
e 10 31 1
e 10 32 1
e 10 33 1
e 11 34 1
e 11 35 1
e 11 36 1
e 12 37 1
e 12 38 1
e 12 39 1
e 13 15 1
e 13 40 1
e 13 41 1
e 14 16 1
e 15 42 1
e 15 43 1
e 15 44 1
e 16 45 1
e 16 46 1
e 16 47 1
t # 2082
v 0 1
v 1 1
v 2 1
v 3 2
v 4 2
v 5 2
v 6 2
v 7 2
v 8 3
v 9 3
v 10 3
v 11 3
v 12 3
v 13 3
v 14 3
v 15 3
v 16 3
v 17 3
v 18 4
v 19 4
v 20 4
v 21 4
v 22 4
v 23 4
v 24 4
v 25 4
v 26 4
v 27 4
v 28 4
v 29 4
v 30 4
v 31 4
v 32 4
v 33 4
e 0 32 1
e 1 33 1
e 3 8 1
e 3 9 1
e 3 15 1
e 4 10 1
e 4 12 1
e 4 24 1
e 5 15 1
e 5 29 1
e 5 30 1
e 6 15 2
e 6 31 1
e 8 10 1
e 8 18 1
e 8 19 1
e 9 11 1
e 9 20 1
e 9 21 1
e 10 22 1
e 10 23 1
e 11 12 1
e 11 13 2
e 12 14 2
e 13 16 1
e 13 25 1
e 14 17 1
e 14 26 1
e 16 17 2
e 16 27 1
e 17 28 1
t # 2083
v 0 1
v 1 2
v 2 2
v 3 2
v 4 3
v 5 3
v 6 3
v 7 3
v 8 3
v 9 3
v 10 3
v 11 3
v 12 3
v 13 3
v 14 3
v 15 3
v 16 3
v 17 3
v 18 3
v 19 3
v 20 3
v 21 3
v 22 3
v 23 3
v 24 3
v 25 4
v 26 4
v 27 4
v 28 4
v 29 4
v 30 4
v 31 4
v 32 4
v 33 4
v 34 4
v 35 4
v 36 4
v 37 4
v 38 4
v 39 4
v 40 4
v 41 4
v 42 4
v 43 4
v 44 4
v 45 4
v 46 4
v 47 4
v 48 4
e 1 5 1
e 1 8 1
e 1 9 1
e 2 3 1
e 2 4 1
e 3 10 2
e 4 5 1
e 4 7 1
e 4 25 1
e 5 6 2
e 6 10 1
e 6 11 1
e 7 13 2
e 7 14 1
e 8 15 1
e 8 26 1
e 8 27 1
e 9 16 1
e 9 28 1
e 9 29 1
e 10 12 1
e 11 30 1
e 11 31 1
e 11 32 1
e 12 19 2
e 12 20 1
e 13 17 1
e 13 33 1
e 14 18 2
e 14 34 1
e 15 35 1
e 15 36 1
e 15 37 1
e 16 38 1
e 16 39 1
e 16 40 1
e 17 21 2
e 17 41 1
e 18 21 1
e 18 42 1
e 19 22 1
e 19 43 1
e 20 23 2
e 20 44 1
e 21 45 1
e 22 24 2
e 22 46 1
e 23 24 1
e 23 47 1
e 24 48 1
t # 2084
v 0 12
v 1 1
v 2 1
v 3 2
v 4 2
v 5 3
v 6 3
v 7 3
v 8 3
v 9 3
v 10 4
v 11 4
v 12 4
v 13 4
v 14 4
v 15 4
e 0 5 1
e 1 8 1
e 1 9 1
e 3 4 1
e 3 5 1
e 4 8 2
e 5 6 1
e 5 10 1
e 6 7 2
e 6 11 1
e 7 8 1
e 7 12 1
e 9 13 1
e 9 14 1
e 9 15 1
t # 2085
v 0 25
v 1 1
v 2 1
v 3 1
v 4 1
v 5 1
v 6 1
v 7 1
v 8 1
v 9 1
v 10 2
v 11 2
v 12 2
v 13 2
v 14 2
v 15 2
v 16 2
v 17 3
v 18 3
v 19 3
v 20 3
v 21 3
v 22 3
v 23 3
v 24 3
v 25 3
v 26 3
v 27 3
v 28 3
v 29 3
v 30 3
v 31 3
v 32 3
v 33 3
v 34 3
v 35 3
v 36 3
v 37 3
v 38 3
v 39 3
v 40 3
v 41 3
v 42 3
v 43 3
v 44 3
v 45 3
v 46 3
v 47 3
v 48 3
v 49 3
v 50 3
v 51 3
v 52 3
v 53 4
v 54 4
v 55 4
v 56 4
v 57 4
v 58 4
v 59 4
v 60 4
v 61 4
v 62 4
v 63 4
v 64 4
v 65 4
v 66 4
v 67 4
v 68 4
v 69 4
v 70 4
v 71 4
v 72 4
v 73 4
v 74 4
v 75 4
v 76 4
v 77 4
v 78 4
v 79 4
v 80 4
v 81 4
v 82 4
v 83 4
v 84 4
v 85 4
v 86 4
v 87 4
v 88 4
v 89 4
v 90 4
v 91 4
v 92 4
v 93 4
v 94 4
v 95 4
v 96 4
v 97 4
v 98 4
v 99 4
v 100 4
v 101 4
v 102 4
v 103 4
v 104 4
v 105 4
v 106 4
v 107 4
v 108 4
v 109 4
v 110 4
v 111 4
v 112 4
v 113 4
v 114 4
v 115 4
v 116 4
v 117 4
v 118 4
v 119 4
v 120 4
v 121 4
v 122 4
e 7 121 1
e 8 122 1
e 10 17 1
e 10 22 1
e 11 18 1
e 11 23 1
e 12 19 1
e 12 24 1
e 13 20 1
e 13 25 1
e 14 21 1
e 14 26 1
e 15 42 1
e 15 48 1
e 17 27 1
e 17 53 1
e 17 54 1
e 18 28 1
e 18 55 1
e 18 56 1
e 19 29 1
e 19 57 1
e 19 58 1
e 20 30 1
e 20 59 1
e 20 60 1
e 21 31 1
e 21 61 1
e 21 62 1
e 22 32 1
e 22 63 1
e 22 64 1
e 23 33 1
e 23 65 1
e 23 66 1
e 24 34 1
e 24 67 1
e 24 68 1
e 25 35 1
e 25 69 1
e 25 70 1
e 26 36 1
e 26 71 1
e 26 72 1
e 27 37 1
e 27 43 1
e 27 73 1
e 28 38 1
e 28 44 1
e 28 74 1
e 29 39 1
e 29 45 1
e 29 75 1
e 30 40 1
e 30 46 1
e 30 76 1
e 31 41 1
e 31 47 1
e 31 77 1
e 32 37 1
e 32 78 1
e 32 79 1
e 33 38 1
e 33 80 1
e 33 81 1
e 34 39 1
e 34 82 1
e 34 83 1
e 35 40 1
e 35 84 1
e 35 85 1
e 36 41 1
e 36 86 1
e 36 87 1
e 37 88 1
e 37 89 1
e 38 90 1
e 38 91 1
e 39 92 1
e 39 93 1
e 40 94 1
e 40 95 1
e 41 96 1
e 41 97 1
e 42 49 1
e 42 98 1
e 42 99 1
e 43 100 1
e 43 101 1
e 43 102 1
e 44 103 1
e 44 104 1
e 44 105 1
e 45 106 1
e 45 107 1
e 45 108 1
e 46 109 1
e 46 110 1
e 46 111 1
e 47 112 1
e 47 113 1
e 47 114 1
e 48 50 2
e 48 115 1
e 49 51 2
e 49 116 1
e 50 51 1
e 50 52 1
e 51 117 1
e 52 118 1
e 52 119 1
e 52 120 1
t # 2086
v 0 26
v 1 12
v 2 1
v 3 1
v 4 1
v 5 1
v 6 1
v 7 1
v 8 1
v 9 1
v 10 2
v 11 2
v 12 2
v 13 2
v 14 3
v 15 3
v 16 3
v 17 3
v 18 3
v 19 3
v 20 3
v 21 3
v 22 3
v 23 3
v 24 3
v 25 3
v 26 3
v 27 3
v 28 3
v 29 3
v 30 3
v 31 3
v 32 3
v 33 3
v 34 3
v 35 3
v 36 3
v 37 3
v 38 3
v 39 3
v 40 3
v 41 3
v 42 4
v 43 4
v 44 4
v 45 4
v 46 4
v 47 4
v 48 4
v 49 4
v 50 4
v 51 4
v 52 4
v 53 4
v 54 4
v 55 4
v 56 4
v 57 4
v 58 4
v 59 4
v 60 4
v 61 4
v 62 4
v 63 4
v 64 4
v 65 4
v 66 4
v 67 4
v 68 4
v 69 4
v 70 4
v 71 4
v 72 4
v 73 4
v 74 4
v 75 4
v 76 4
v 77 4
v 78 4
v 79 4
v 80 4
v 81 4
v 82 4
v 83 4
v 84 4
e 6 82 1
e 7 83 1
e 8 84 1
e 10 14 1
e 10 18 1
e 11 15 1
e 11 19 1
e 12 16 1
e 12 20 1
e 13 17 1
e 13 21 1
e 14 22 1
e 14 26 1
e 14 42 1
e 15 23 1
e 15 27 1
e 15 43 1
e 16 24 1
e 16 28 1
e 16 44 1
e 17 25 1
e 17 29 1
e 17 45 1
e 18 30 2
e 18 38 1
e 19 31 2
e 19 39 1
e 20 32 2
e 20 40 1
e 21 33 2
e 21 41 1
e 22 34 2
e 22 46 1
e 23 35 2
e 23 47 1
e 24 36 2
e 24 48 1
e 25 37 2
e 25 49 1
e 26 50 1
e 26 51 1
e 26 52 1
e 27 53 1
e 27 54 1
e 27 55 1
e 28 56 1
e 28 57 1
e 28 58 1
e 29 59 1
e 29 60 1
e 29 61 1
e 30 34 1
e 30 62 1
e 31 35 1
e 31 63 1
e 32 36 1
e 32 64 1
e 33 37 1
e 33 65 1
e 34 66 1
e 35 67 1
e 36 68 1
e 37 69 1
e 38 70 1
e 38 71 1
e 38 72 1
e 39 73 1
e 39 74 1
e 39 75 1
e 40 76 1
e 40 77 1
e 40 78 1
e 41 79 1
e 41 80 1
e 41 81 1
t # 2087
v 0 10
v 1 12
v 2 1
v 3 1
v 4 1
v 5 1
v 6 1
v 7 1
v 8 1
v 9 1
v 10 2
v 11 2
v 12 2
v 13 2
v 14 3
v 15 3
v 16 3
v 17 3
v 18 3
v 19 3
v 20 3
v 21 3
v 22 3
v 23 3
v 24 3
v 25 3
v 26 3
v 27 3
v 28 3
v 29 3
v 30 3
v 31 3
v 32 3
v 33 3
v 34 3
v 35 3
v 36 3
v 37 3
v 38 3
v 39 3
v 40 3
v 41 3
v 42 4
v 43 4
v 44 4
v 45 4
v 46 4
v 47 4
v 48 4
v 49 4
v 50 4
v 51 4
v 52 4
v 53 4
v 54 4
v 55 4
v 56 4
v 57 4
v 58 4
v 59 4
v 60 4
v 61 4
v 62 4
v 63 4
v 64 4
v 65 4
v 66 4
v 67 4
v 68 4
v 69 4
v 70 4
v 71 4
v 72 4
v 73 4
v 74 4
v 75 4
v 76 4
v 77 4
v 78 4
v 79 4
v 80 4
v 81 4
v 82 4
v 83 4
v 84 4
e 6 82 1
e 7 83 1
e 8 84 1
e 10 14 1
e 10 18 1
e 11 15 1
e 11 19 1
e 12 16 1
e 12 20 1
e 13 17 1
e 13 21 1
e 14 22 1
e 14 26 1
e 14 42 1
e 15 23 1
e 15 27 1
e 15 43 1
e 16 24 1
e 16 28 1
e 16 44 1
e 17 25 1
e 17 29 1
e 17 45 1
e 18 30 2
e 18 38 1
e 19 31 2
e 19 39 1
e 20 32 2
e 20 40 1
e 21 33 2
e 21 41 1
e 22 34 2
e 22 46 1
e 23 35 2
e 23 47 1
e 24 36 2
e 24 48 1
e 25 37 2
e 25 49 1
e 26 50 1
e 26 51 1
e 26 52 1
e 27 53 1
e 27 54 1
e 27 55 1
e 28 56 1
e 28 57 1
e 28 58 1
e 29 59 1
e 29 60 1
e 29 61 1
e 30 34 1
e 30 62 1
e 31 35 1
e 31 63 1
e 32 36 1
e 32 64 1
e 33 37 1
e 33 65 1
e 34 66 1
e 35 67 1
e 36 68 1
e 37 69 1
e 38 70 1
e 38 71 1
e 38 72 1
e 39 73 1
e 39 74 1
e 39 75 1
e 40 76 1
e 40 77 1
e 40 78 1
e 41 79 1
e 41 80 1
e 41 81 1
t # 2088
v 0 23
v 1 12
v 2 1
v 3 1
v 4 1
v 5 1
v 6 1
v 7 1
v 8 1
v 9 1
v 10 2
v 11 2
v 12 2
v 13 2
v 14 3
v 15 3
v 16 3
v 17 3
v 18 3
v 19 3
v 20 3
v 21 3
v 22 3
v 23 3
v 24 3
v 25 3
v 26 3
v 27 3
v 28 3
v 29 3
v 30 3
v 31 3
v 32 3
v 33 3
v 34 3
v 35 3
v 36 3
v 37 3
v 38 3
v 39 3
v 40 3
v 41 3
v 42 4
v 43 4
v 44 4
v 45 4
v 46 4
v 47 4
v 48 4
v 49 4
v 50 4
v 51 4
v 52 4
v 53 4
v 54 4
v 55 4
v 56 4
v 57 4
v 58 4
v 59 4
v 60 4
v 61 4
v 62 4
v 63 4
v 64 4
v 65 4
v 66 4
v 67 4
v 68 4
v 69 4
v 70 4
v 71 4
v 72 4
v 73 4
v 74 4
v 75 4
v 76 4
v 77 4
v 78 4
v 79 4
v 80 4
v 81 4
v 82 4
v 83 4
v 84 4
e 6 82 1
e 7 83 1
e 8 84 1
e 10 14 1
e 10 18 1
e 11 15 1
e 11 19 1
e 12 16 1
e 12 20 1
e 13 17 1
e 13 21 1
e 14 22 1
e 14 26 1
e 14 42 1
e 15 23 1
e 15 27 1
e 15 43 1
e 16 24 1
e 16 28 1
e 16 44 1
e 17 25 1
e 17 29 1
e 17 45 1
e 18 30 2
e 18 38 1
e 19 31 2
e 19 39 1
e 20 32 2
e 20 40 1
e 21 33 2
e 21 41 1
e 22 34 2
e 22 46 1
e 23 35 2
e 23 47 1
e 24 36 2
e 24 48 1
e 25 37 2
e 25 49 1
e 26 50 1
e 26 51 1
e 26 52 1
e 27 53 1
e 27 54 1
e 27 55 1
e 28 56 1
e 28 57 1
e 28 58 1
e 29 59 1
e 29 60 1
e 29 61 1
e 30 34 1
e 30 62 1
e 31 35 1
e 31 63 1
e 32 36 1
e 32 64 1
e 33 37 1
e 33 65 1
e 34 66 1
e 35 67 1
e 36 68 1
e 37 69 1
e 38 70 1
e 38 71 1
e 38 72 1
e 39 73 1
e 39 74 1
e 39 75 1
e 40 76 1
e 40 77 1
e 40 78 1
e 41 79 1
e 41 80 1
e 41 81 1
t # 2089
v 0 24
v 1 12
v 2 1
v 3 1
v 4 1
v 5 1
v 6 1
v 7 1
v 8 1
v 9 1
v 10 2
v 11 2
v 12 2
v 13 2
v 14 3
v 15 3
v 16 3
v 17 3
v 18 3
v 19 3
v 20 3
v 21 3
v 22 3
v 23 3
v 24 3
v 25 3
v 26 3
v 27 3
v 28 3
v 29 3
v 30 3
v 31 3
v 32 3
v 33 3
v 34 3
v 35 3
v 36 3
v 37 3
v 38 3
v 39 3
v 40 3
v 41 3
v 42 4
v 43 4
v 44 4
v 45 4
v 46 4
v 47 4
v 48 4
v 49 4
v 50 4
v 51 4
v 52 4
v 53 4
v 54 4
v 55 4
v 56 4
v 57 4
v 58 4
v 59 4
v 60 4
v 61 4
v 62 4
v 63 4
v 64 4
v 65 4
v 66 4
v 67 4
v 68 4
v 69 4
v 70 4
v 71 4
v 72 4
v 73 4
v 74 4
v 75 4
v 76 4
v 77 4
v 78 4
v 79 4
v 80 4
v 81 4
v 82 4
v 83 4
v 84 4
e 6 82 1
e 7 83 1
e 8 84 1
e 10 14 1
e 10 18 1
e 11 15 1
e 11 19 1
e 12 16 1
e 12 20 1
e 13 17 1
e 13 21 1
e 14 22 1
e 14 26 1
e 14 42 1
e 15 23 1
e 15 27 1
e 15 43 1
e 16 24 1
e 16 28 1
e 16 44 1
e 17 25 1
e 17 29 1
e 17 45 1
e 18 30 2
e 18 38 1
e 19 31 2
e 19 39 1
e 20 32 2
e 20 40 1
e 21 33 2
e 21 41 1
e 22 34 2
e 22 46 1
e 23 35 2
e 23 47 1
e 24 36 2
e 24 48 1
e 25 37 2
e 25 49 1
e 26 50 1
e 26 51 1
e 26 52 1
e 27 53 1
e 27 54 1
e 27 55 1
e 28 56 1
e 28 57 1
e 28 58 1
e 29 59 1
e 29 60 1
e 29 61 1
e 30 34 1
e 30 62 1
e 31 35 1
e 31 63 1
e 32 36 1
e 32 64 1
e 33 37 1
e 33 65 1
e 34 66 1
e 35 67 1
e 36 68 1
e 37 69 1
e 38 70 1
e 38 71 1
e 38 72 1
e 39 73 1
e 39 74 1
e 39 75 1
e 40 76 1
e 40 77 1
e 40 78 1
e 41 79 1
e 41 80 1
e 41 81 1
t # 2090
v 0 8
v 1 8
v 2 8
v 3 8
v 4 3
v 5 3
v 6 3
v 7 3
v 8 3
v 9 3
v 10 3
v 11 3
v 12 3
v 13 3
v 14 3
v 15 3
v 16 3
v 17 3
v 18 3
v 19 3
v 20 3
v 21 3
v 22 3
v 23 3
v 24 3
v 25 3
v 26 3
v 27 3
v 28 3
v 29 3
v 30 3
v 31 3
v 32 3
v 33 3
v 34 3
v 35 3
v 36 3
v 37 3
v 38 3
v 39 3
v 40 3
v 41 3
v 42 3
v 43 3
v 44 3
v 45 3
v 46 3
v 47 3
v 48 3
v 49 3
v 50 3
v 51 3
v 52 3
v 53 3
v 54 3
v 55 3
v 56 3
v 57 3
v 58 3
v 59 3
v 60 3
v 61 3
v 62 3
v 63 3
v 64 3
v 65 3
v 66 3
v 67 3
v 68 4
v 69 4
v 70 4
v 71 4
v 72 4
v 73 4
v 74 4
v 75 4
v 76 4
v 77 4
v 78 4
v 79 4
v 80 4
v 81 4
v 82 4
v 83 4
v 84 4
v 85 4
v 86 4
v 87 4
v 88 4
v 89 4
v 90 4
v 91 4
v 92 4
v 93 4
v 94 4
v 95 4
v 96 4
v 97 4
v 98 4
v 99 4
v 100 4
v 101 4
v 102 4
v 103 4
v 104 4
v 105 4
v 106 4
v 107 4
v 108 4
v 109 4
v 110 4
v 111 4
v 112 4
v 113 4
v 114 4
v 115 4
v 116 4
v 117 4
v 118 4
v 119 4
v 120 4
v 121 4
v 122 4
v 123 4
v 124 4
v 125 4
v 126 4
v 127 4
v 128 4
v 129 4
v 130 4
v 131 4
e 4 6 1
e 4 68 1
e 4 69 1
e 5 7 1
e 5 70 1
e 5 71 1
e 6 10 2
e 6 12 1
e 7 11 2
e 7 13 1
e 8 18 1
e 8 72 1
e 8 73 1
e 9 19 1
e 9 74 1
e 9 75 1
e 10 11 1
e 10 20 1
e 11 21 1
e 12 13 2
e 12 22 1
e 13 23 1
e 14 24 2
e 14 28 1
e 15 25 2
e 15 29 1
e 16 26 2
e 16 30 1
e 17 27 2
e 17 31 1
e 18 76 1
e 18 77 1
e 19 78 1
e 19 79 1
e 20 80 1
e 20 81 1
e 20 82 1
e 21 83 1
e 21 84 1
e 21 85 1
e 22 86 1
e 22 87 1
e 22 88 1
e 23 89 1
e 23 90 1
e 23 91 1
e 24 32 1
e 24 92 1
e 25 33 1
e 25 93 1
e 26 34 1
e 26 94 1
e 27 35 1
e 27 95 1
e 28 36 2
e 28 96 1
e 29 37 2
e 29 97 1
e 30 38 2
e 30 98 1
e 31 39 2
e 31 99 1
e 32 44 2
e 32 100 1
e 33 45 2
e 33 101 1
e 34 46 2
e 34 102 1
e 35 47 2
e 35 103 1
e 36 44 1
e 36 104 1
e 37 45 1
e 37 105 1
e 38 46 1
e 38 106 1
e 39 47 1
e 39 107 1
e 40 48 2
e 40 52 1
e 41 49 2
e 41 53 1
e 42 50 2
e 42 54 1
e 43 51 2
e 43 55 1
e 44 108 1
e 45 109 1
e 46 110 1
e 47 111 1
e 48 56 1
e 48 112 1
e 49 57 1
e 49 113 1
e 50 58 1
e 50 114 1
e 51 59 1
e 51 115 1
e 52 60 2
e 52 116 1
e 53 61 2
e 53 117 1
e 54 62 2
e 54 118 1
e 55 63 2
e 55 119 1
e 56 64 2
e 56 120 1
e 57 65 2
e 57 121 1
e 58 66 2
e 58 122 1
e 59 67 2
e 59 123 1
e 60 64 1
e 60 124 1
e 61 65 1
e 61 125 1
e 62 66 1
e 62 126 1
e 63 67 1
e 63 127 1
e 64 128 1
e 65 129 1
e 66 130 1
e 67 131 1
t # 2091
v 0 1
v 1 1
v 2 1
v 3 1
v 4 1
v 5 2
v 6 2
v 7 2
v 8 2
v 9 3
v 10 3
v 11 3
v 12 3
v 13 3
v 14 3
v 15 3
v 16 3
v 17 3
v 18 3
v 19 3
v 20 4
v 21 4
v 22 4
v 23 4
v 24 4
v 25 4
v 26 4
v 27 4
v 28 4
v 29 4
v 30 4
v 31 4
v 32 4
v 33 4
v 34 4
v 35 4
v 36 4
v 37 4
v 38 4
e 0 11 1
e 0 13 1
e 1 10 1
e 1 16 1
e 2 13 1
e 2 17 1
e 3 15 2
e 4 16 2
e 5 9 1
e 5 15 1
e 5 28 1
e 6 14 1
e 8 38 1
e 9 10 1
e 9 12 1
e 9 20 1
e 10 11 1
e 10 21 1
e 11 14 1
e 11 22 1
e 12 13 1
e 12 23 1
e 12 24 1
e 13 25 1
e 14 26 1
e 14 27 1
e 15 18 1
e 16 19 1
e 17 29 1
e 17 30 1
e 17 31 1
e 18 32 1
e 18 33 1
e 18 34 1
e 19 35 1
e 19 36 1
e 19 37 1
t # 2092
v 0 18
v 1 1
v 2 1
v 3 1
v 4 1
v 5 2
v 6 2
v 7 2
v 8 3
v 9 3
v 10 3
v 11 3
v 12 3
v 13 3
v 14 3
v 15 3
v 16 3
v 17 3
v 18 3
v 19 3
v 20 3
v 21 3
v 22 4
v 23 4
v 24 4
v 25 4
v 26 4
v 27 4
v 28 4
v 29 4
v 30 4
v 31 4
v 32 4
v 33 4
v 34 4
v 35 4
v 36 4
v 37 4
v 38 4
e 1 10 1
e 1 12 1
e 2 8 1
e 2 14 1
e 3 12 1
e 3 15 1
e 4 14 2
e 5 9 1
e 7 37 1
e 8 9 1
e 8 10 1
e 8 22 1
e 9 11 1
e 9 23 1
e 10 13 1
e 10 24 1
e 11 12 1
e 11 25 1
e 11 26 1
e 12 27 1
e 13 28 1
e 13 29 1
e 14 16 1
e 15 30 1
e 15 31 1
e 15 32 1
e 16 17 2
e 16 18 1
e 17 19 1
e 17 33 1
e 18 20 2
e 18 34 1
e 19 21 2
e 19 35 1
e 20 21 1
e 20 36 1
e 21 38 1
t # 2093
v 0 1
v 1 1
v 2 1
v 3 1
v 4 2
v 5 2
v 6 2
v 7 3
v 8 3
v 9 3
v 10 3
v 11 3
v 12 3
v 13 3
v 14 3
v 15 3
v 16 3
v 17 3
v 18 3
v 19 3
v 20 3
v 21 4
v 22 4
v 23 4
v 24 4
v 25 4
v 26 4
v 27 4
v 28 4
v 29 4
v 30 4
v 31 4
v 32 4
v 33 4
v 34 4
v 35 4
v 36 4
v 37 4
v 38 4
e 0 8 1
e 0 11 1
e 1 7 1
e 1 13 1
e 2 12 1
e 2 13 1
e 3 11 1
e 3 17 1
e 4 9 1
e 6 38 1
e 7 8 1
e 7 9 1
e 7 21 1
e 8 12 1
e 8 22 1
e 9 10 1
e 9 23 1
e 10 11 1
e 10 24 1
e 10 25 1
e 11 26 1
e 12 27 1
e 12 28 1
e 13 14 1
e 13 29 1
e 14 15 2
e 14 16 1
e 15 18 1
e 15 30 1
e 16 19 2
e 16 31 1
e 17 32 1
e 17 33 1
e 17 34 1
e 18 20 2
e 18 35 1
e 19 20 1
e 19 36 1
e 20 37 1
t # 2094
v 0 12
v 1 12
v 2 12
v 3 8
v 4 1
v 5 1
v 6 2
v 7 2
v 8 2
v 9 3
v 10 3
v 11 3
v 12 3
v 13 3
v 14 3
v 15 3
v 16 3
v 17 3
v 18 3
v 19 3
v 20 3
v 21 3
v 22 3
v 23 3
v 24 3
v 25 3
v 26 3
v 27 4
v 28 4
v 29 4
v 30 4
v 31 4
v 32 4
v 33 4
v 34 4
v 35 4
v 36 4
v 37 4
v 38 4
v 39 4
v 40 4
v 41 4
v 42 4
v 43 4
v 44 4
v 45 4
v 46 4
v 47 4
v 48 4
v 49 4
v 50 4
v 51 4
v 52 4
v 53 4
v 54 4
v 55 4
v 56 4
e 0 16 1
e 1 24 1
e 2 26 1
e 4 17 2
e 5 25 2
e 6 10 1
e 6 11 1
e 7 12 1
e 7 13 1
e 8 14 1
e 8 15 1
e 9 16 2
e 9 17 1
e 10 18 1
e 10 27 1
e 10 28 1
e 11 19 1
e 11 29 1
e 11 30 1
e 12 20 1
e 12 31 1
e 12 32 1
e 13 21 1
e 13 33 1
e 13 34 1
e 14 22 1
e 14 35 1
e 14 36 1
e 15 23 1
e 15 37 1
e 15 38 1
e 16 25 1
e 17 24 1
e 18 39 1
e 18 40 1
e 18 41 1
e 19 42 1
e 19 43 1
e 19 44 1
e 20 45 1
e 20 46 1
e 20 47 1
e 21 48 1
e 21 49 1
e 21 50 1
e 22 51 1
e 22 52 1
e 22 53 1
e 23 54 1
e 23 55 1
e 23 56 1
e 24 26 2
e 25 26 1
t # 2095
v 0 12
v 1 1
v 2 2
v 3 2
v 4 2
v 5 2
v 6 3
v 7 3
v 8 3
v 9 3
v 10 3
v 11 3
v 12 4
v 13 4
v 14 4
v 15 4
v 16 4
v 17 4
e 0 10 1
e 2 6 1
e 2 7 1
e 3 6 1
e 3 16 1
e 3 17 1
e 4 8 2
e 4 9 1
e 6 8 1
e 6 12 1
e 7 9 2
e 7 10 1
e 8 11 1
e 9 13 1
e 10 14 1
e 10 15 1
t # 2096
v 0 1
v 1 1
v 2 2
v 3 2
v 4 2
v 5 2
v 6 3
v 7 3
v 8 3
v 9 3
v 10 3
v 11 3
v 12 3
v 13 3
v 14 3
v 15 3
v 16 3
v 17 3
v 18 3
v 19 3
v 20 4
v 21 4
v 22 4
v 23 4
v 24 4
v 25 4
v 26 4
v 27 4
v 28 4
v 29 4
v 30 4
v 31 4
v 32 4
v 33 4
v 34 4
e 0 34 1
e 2 6 1
e 2 19 2
e 3 5 1
e 3 19 1
e 3 31 1
e 4 19 1
e 4 32 1
e 4 33 1
e 6 7 1
e 6 8 1
e 6 20 1
e 7 9 2
e 7 11 1
e 8 10 2
e 8 12 1
e 9 13 1
e 9 21 1
e 10 14 1
e 10 22 1
e 11 15 2
e 11 23 1
e 12 16 2
e 12 24 1
e 13 17 2
e 13 25 1
e 14 18 2
e 14 26 1
e 15 17 1
e 15 27 1
e 16 18 1
e 16 28 1
e 17 29 1
e 18 30 1
t # 2097
v 0 1
v 1 2
v 2 2
v 3 2
v 4 2
v 5 3
v 6 4
v 7 4
v 8 4
e 0 5 2
e 1 5 1
e 1 6 1
e 1 7 1
e 2 5 1
e 4 8 1
t # 2098
v 0 1
v 1 1
v 2 1
v 3 1
v 4 1
v 5 2
v 6 2
v 7 2
v 8 2
v 9 3
v 10 3
v 11 3
v 12 3
v 13 3
v 14 3
v 15 3
v 16 3
v 17 3
v 18 3
v 19 3
v 20 3
v 21 3
v 22 3
v 23 3
v 24 3
v 25 4
v 26 4
v 27 4
v 28 4
v 29 4
v 30 4
v 31 4
v 32 4
v 33 4
v 34 4
v 35 4
v 36 4
v 37 4
v 38 4
v 39 4
v 40 4
v 41 4
v 42 4
v 43 4
v 44 4
v 45 4
e 0 11 1
e 0 13 1
e 1 10 1
e 1 16 1
e 2 13 1
e 2 17 1
e 3 15 2
e 4 16 2
e 5 9 1
e 5 15 1
e 5 33 1
e 6 14 1
e 8 45 1
e 9 10 1
e 9 12 1
e 9 25 1
e 10 11 1
e 10 26 1
e 11 14 1
e 11 27 1
e 12 13 1
e 12 28 1
e 12 29 1
e 13 30 1
e 14 31 1
e 14 32 1
e 15 18 1
e 16 19 1
e 17 34 1
e 17 35 1
e 17 36 1
e 18 37 1
e 18 38 1
e 18 39 1
e 19 20 2
e 19 21 1
e 20 22 1
e 20 40 1
e 21 23 2
e 21 41 1
e 22 24 2
e 22 42 1
e 23 24 1
e 23 43 1
e 24 44 1
t # 2099
v 0 11
v 1 8
v 2 1
v 3 2
v 4 3
v 5 3
v 6 3
v 7 3
v 8 3
v 9 3
v 10 3
v 11 3
v 12 3
v 13 3
v 14 4
v 15 4
v 16 4
v 17 4
v 18 4
v 19 4
v 20 4
v 21 4
v 22 4
v 23 4
v 24 4
v 25 4
v 26 4
v 27 4
v 28 4
v 29 4
v 30 4
v 31 4
v 32 4
e 0 13 1
e 2 11 1
e 2 12 1
e 3 6 1
e 3 8 1
e 3 9 1
e 4 5 1
e 4 14 1
e 4 15 1
e 5 6 1
e 5 16 1
e 5 17 1
e 6 7 2
e 7 18 1
e 8 11 1
e 8 19 1
e 8 20 1
e 9 12 1
e 9 21 1
e 9 22 1
e 10 23 1
e 10 24 1
e 10 25 1
e 11 26 1
e 11 27 1
e 12 28 1
e 12 29 1
e 13 30 1
e 13 31 1
e 13 32 1
