t # 52900
v 0 1
v 1 1
v 2 1
v 3 1
v 4 1
v 5 1
v 6 1
v 7 3
v 8 3
v 9 3
v 10 3
v 11 3
v 12 3
v 13 3
v 14 3
v 15 3
v 16 3
v 17 3
v 18 3
v 19 3
v 20 3
v 21 3
v 22 3
v 23 3
v 24 3
v 25 3
v 26 3
v 27 3
v 28 3
v 29 4
v 30 4
v 31 4
v 32 4
v 33 4
v 34 4
v 35 4
v 36 4
v 37 4
v 38 4
v 39 4
v 40 4
v 41 4
v 42 4
v 43 4
v 44 4
v 45 4
v 46 4
v 47 4
v 48 4
e 0 12 1
e 0 14 1
e 1 18 1
e 1 22 1
e 2 19 1
e 2 22 1
e 3 14 2
e 4 23 1
e 4 26 1
e 5 24 1
e 5 27 1
e 6 25 1
e 6 28 1
e 7 8 1
e 7 9 1
e 7 12 1
e 7 29 1
e 8 10 1
e 8 30 1
e 8 31 1
e 9 11 2
e 9 14 1
e 10 13 1
e 10 15 2
e 11 13 1
e 11 16 1
e 12 32 1
e 12 33 1
e 13 17 2
e 15 18 1
e 15 34 1
e 16 20 2
e 16 21 1
e 17 19 1
e 17 35 1
e 18 19 2
e 20 24 1
e 20 36 1
e 21 23 2
e 21 37 1
e 22 38 1
e 22 39 1
e 23 25 1
e 24 25 2
e 26 40 1
e 26 41 1
e 26 42 1
e 27 43 1
e 27 44 1
e 27 45 1
e 28 46 1
e 28 47 1
e 28 48 1
t # 52901
v 0 1
v 1 1
v 2 2
v 3 2
v 4 3
v 5 3
v 6 3
v 7 3
v 8 3
v 9 3
v 10 4
v 11 4
v 12 4
v 13 4
v 14 4
v 15 4
v 16 4
v 17 4
e 0 4 1
e 0 8 1
e 1 6 1
e 1 9 1
e 2 3 1
e 2 6 2
e 3 7 2
e 4 5 2
e 4 7 1
e 5 6 1
e 5 10 1
e 7 11 1
e 8 12 1
e 8 13 1
e 8 14 1
e 9 15 1
e 9 16 1
e 9 17 1
t # 52902
v 0 18
v 1 12
v 2 12
v 3 11
v 4 2
v 5 2
v 6 3
v 7 3
v 8 3
v 9 3
v 10 3
v 11 3
v 12 3
v 13 3
v 14 3
v 15 3
v 16 3
v 17 3
v 18 3
v 19 3
v 20 3
v 21 4
v 22 4
v 23 4
v 24 4
v 25 4
v 26 4
v 27 4
v 28 4
v 29 4
e 1 12 1
e 2 20 1
e 3 7 1
e 3 8 1
e 4 10 1
e 5 15 1
e 6 7 1
e 6 10 2
e 6 11 1
e 7 15 2
e 8 9 1
e 8 21 1
e 8 22 1
e 9 12 2
e 9 13 1
e 10 14 1
e 11 16 2
e 11 23 1
e 12 18 1
e 13 19 2
e 13 24 1
e 14 17 2
e 15 25 1
e 16 17 1
e 16 26 1
e 17 27 1
e 18 20 2
e 18 28 1
e 19 20 1
e 19 29 1
t # 52903
v 0 12
v 1 12
v 2 11
v 3 14
v 4 2
v 5 2
v 6 3
v 7 3
v 8 3
v 9 3
v 10 3
v 11 3
v 12 3
v 13 3
v 14 3
v 15 3
v 16 3
v 17 3
v 18 3
v 19 3
v 20 3
v 21 4
v 22 4
v 23 4
v 24 4
v 25 4
v 26 4
v 27 4
v 28 4
v 29 4
e 0 12 1
e 1 20 1
e 2 7 1
e 2 8 1
e 4 10 1
e 5 15 1
e 6 8 1
e 6 10 2
e 6 11 1
e 7 9 1
e 7 21 1
e 7 22 1
e 8 15 2
e 9 12 2
e 9 13 1
e 10 14 1
e 11 16 2
e 11 23 1
e 12 18 1
e 13 19 2
e 13 24 1
e 14 17 2
e 15 25 1
e 16 17 1
e 16 26 1
e 17 27 1
e 18 20 2
e 18 28 1
e 19 20 1
e 19 29 1
t # 52904
v 0 12
v 1 2
v 2 2
v 3 2
v 4 2
v 5 2
v 6 2
v 7 3
v 8 3
v 9 3
v 10 3
v 11 4
v 12 4
v 13 4
e 0 9 1
e 1 2 1
e 1 5 1
e 1 7 1
e 2 10 2
e 3 6 1
e 3 7 2
e 4 8 1
e 4 12 1
e 4 13 1
e 7 8 1
e 8 9 2
e 9 10 1
e 10 11 1
t # 52905
v 0 12
v 1 2
v 2 2
v 3 2
v 4 2
v 5 3
v 6 3
v 7 3
v 8 3
v 9 4
v 10 4
v 11 4
v 12 4
v 13 4
e 0 7 1
e 1 5 1
e 1 10 1
e 1 11 1
e 2 6 1
e 3 6 1
e 3 12 1
e 3 13 1
e 4 8 1
e 5 6 2
e 5 7 1
e 7 8 2
e 8 9 1
t # 52906
v 0 2
v 1 2
v 2 2
v 3 2
v 4 2
v 5 3
v 6 3
v 7 3
v 8 3
v 9 3
v 10 3
v 11 3
v 12 3
v 13 3
v 14 3
v 15 3
v 16 4
v 17 4
v 18 4
v 19 4
v 20 4
v 21 4
v 22 4
v 23 4
v 24 4
e 0 2 1
e 0 5 1
e 0 6 1
e 1 3 1
e 1 5 2
e 2 12 2
e 3 6 2
e 4 8 1
e 4 23 1
e 4 24 1
e 5 7 1
e 6 8 1
e 7 9 2
e 7 10 1
e 8 11 2
e 9 13 1
e 9 16 1
e 10 14 2
e 10 17 1
e 11 12 1
e 11 18 1
e 12 19 1
e 13 15 2
e 13 20 1
e 14 15 1
e 14 21 1
e 15 22 1
t # 52907
v 0 1
v 1 1
v 2 1
v 3 3
v 4 3
v 5 3
v 6 3
v 7 3
v 8 3
v 9 3
v 10 3
v 11 3
v 12 3
v 13 3
v 14 4
v 15 4
v 16 4
v 17 4
v 18 4
v 19 4
v 20 4
v 21 4
e 0 4 1
e 0 8 1
e 1 5 2
e 2 8 2
e 3 5 1
e 3 6 2
e 3 8 1
e 4 5 1
e 4 14 1
e 4 15 1
e 6 7 1
e 6 16 1
e 7 9 2
e 7 10 1
e 9 11 1
e 9 17 1
e 10 12 2
e 10 18 1
e 11 13 2
e 11 19 1
e 12 13 1
e 12 20 1
e 13 21 1
t # 52908
v 0 1
v 1 1
v 2 1
v 3 3
v 4 3
v 5 3
v 6 3
v 7 3
v 8 3
v 9 3
v 10 3
v 11 3
v 12 3
v 13 3
v 14 3
v 15 3
v 16 3
v 17 3
v 18 3
v 19 3
v 20 3
v 21 3
v 22 4
v 23 4
v 24 4
v 25 4
v 26 4
v 27 4
v 28 4
v 29 4
v 30 4
v 31 4
v 32 4
v 33 4
v 34 4
v 35 4
v 36 4
v 37 4
v 38 4
v 39 4
e 0 7 2
e 1 10 1
e 1 21 1
e 2 10 2
e 3 4 1
e 3 5 1
e 3 8 1
e 3 22 1
e 4 6 1
e 4 9 1
e 4 23 1
e 5 7 1
e 5 10 1
e 5 24 1
e 6 7 1
e 6 25 1
e 6 26 1
e 8 11 2
e 8 12 1
e 9 13 2
e 9 14 1
e 11 15 1
e 11 27 1
e 12 16 2
e 12 28 1
e 13 17 1
e 13 29 1
e 14 18 2
e 14 30 1
e 15 19 2
e 15 31 1
e 16 19 1
e 16 32 1
e 17 20 2
e 17 33 1
e 18 20 1
e 18 34 1
e 19 35 1
e 20 36 1
e 21 37 1
e 21 38 1
e 21 39 1
t # 52909
v 0 1
v 1 1
v 2 1
v 3 3
v 4 3
v 5 3
v 6 3
v 7 3
v 8 3
v 9 3
v 10 3
v 11 3
v 12 3
v 13 3
v 14 3
v 15 3
v 16 3
v 17 3
v 18 3
v 19 3
v 20 3
v 21 3
v 22 3
v 23 3
v 24 4
v 25 4
v 26 4
v 27 4
v 28 4
v 29 4
v 30 4
v 31 4
v 32 4
v 33 4
v 34 4
v 35 4
v 36 4
v 37 4
v 38 4
v 39 4
v 40 4
v 41 4
v 42 4
v 43 4
v 44 4
v 45 4
e 0 7 2
e 1 10 1
e 1 19 1
e 2 10 2
e 3 4 1
e 3 5 1
e 3 8 1
e 3 24 1
e 4 6 1
e 4 9 1
e 4 25 1
e 5 7 1
e 5 10 1
e 5 26 1
e 6 7 1
e 6 27 1
e 6 28 1
e 8 11 2
e 8 12 1
e 9 13 2
e 9 14 1
e 11 15 1
e 11 29 1
e 12 16 2
e 12 30 1
e 13 17 1
e 13 31 1
e 14 18 2
e 14 32 1
e 15 20 2
e 15 33 1
e 16 20 1
e 16 34 1
e 17 21 2
e 17 35 1
e 18 21 1
e 18 36 1
e 19 22 1
e 19 23 1
e 19 37 1
e 20 38 1
e 21 39 1
e 22 40 1
e 22 41 1
e 22 42 1
e 23 43 1
e 23 44 1
e 23 45 1
t # 52910
v 0 1
v 1 1
v 2 1
v 3 3
v 4 3
v 5 3
v 6 3
v 7 3
v 8 3
v 9 3
v 10 3
v 11 3
v 12 3
v 13 3
v 14 3
v 15 3
v 16 3
v 17 3
v 18 3
v 19 3
v 20 3
v 21 3
v 22 3
v 23 3
v 24 3
v 25 4
v 26 4
v 27 4
v 28 4
v 29 4
v 30 4
v 31 4
v 32 4
v 33 4
v 34 4
v 35 4
v 36 4
v 37 4
v 38 4
v 39 4
v 40 4
v 41 4
v 42 4
v 43 4
v 44 4
v 45 4
v 46 4
v 47 4
v 48 4
e 0 7 2
e 1 10 1
e 1 19 1
e 2 10 2
e 3 4 1
e 3 5 1
e 3 8 1
e 3 25 1
e 4 6 1
e 4 9 1
e 4 26 1
e 5 7 1
e 5 10 1
e 5 27 1
e 6 7 1
e 6 28 1
e 6 29 1
e 8 11 2
e 8 12 1
e 9 13 2
e 9 14 1
e 11 15 1
e 11 30 1
e 12 16 2
e 12 31 1
e 13 17 1
e 13 32 1
e 14 18 2
e 14 33 1
e 15 20 2
e 15 34 1
e 16 20 1
e 16 35 1
e 17 21 2
e 17 36 1
e 18 21 1
e 18 37 1
e 19 22 1
e 19 38 1
e 19 39 1
e 20 40 1
e 21 41 1
e 22 23 1
e 22 42 1
e 22 43 1
e 23 24 1
e 23 44 1
e 23 45 1
e 24 46 1
e 24 47 1
e 24 48 1
t # 52911
v 0 1
v 1 1
v 2 1
v 3 3
v 4 3
v 5 3
v 6 3
v 7 3
v 8 3
v 9 3
v 10 3
v 11 3
v 12 3
v 13 3
v 14 3
v 15 3
v 16 3
v 17 3
v 18 3
v 19 3
v 20 3
v 21 3
v 22 3
v 23 3
v 24 3
v 25 4
v 26 4
v 27 4
v 28 4
v 29 4
v 30 4
v 31 4
v 32 4
v 33 4
v 34 4
v 35 4
v 36 4
v 37 4
v 38 4
v 39 4
v 40 4
v 41 4
v 42 4
v 43 4
v 44 4
v 45 4
v 46 4
v 47 4
v 48 4
e 0 10 1
e 0 15 1
e 1 7 2
e 2 10 2
e 3 4 1
e 3 5 1
e 3 8 1
e 3 25 1
e 4 6 1
e 4 9 1
e 4 26 1
e 5 7 1
e 5 10 1
e 5 27 1
e 6 7 1
e 6 28 1
e 6 29 1
e 8 11 2
e 8 12 1
e 9 13 2
e 9 14 1
e 11 16 1
e 11 30 1
e 12 17 2
e 12 31 1
e 13 18 1
e 13 32 1
e 14 19 2
e 14 33 1
e 15 20 1
e 15 21 1
e 15 22 1
e 16 23 2
e 16 34 1
e 17 23 1
e 17 35 1
e 18 24 2
e 18 36 1
e 19 24 1
e 19 37 1
e 20 38 1
e 20 39 1
e 20 40 1
e 21 41 1
e 21 42 1
e 21 43 1
e 22 44 1
e 22 45 1
e 22 46 1
e 23 47 1
e 24 48 1
t # 52912
v 0 1
v 1 1
v 2 1
v 3 3
v 4 3
v 5 3
v 6 3
v 7 3
v 8 3
v 9 3
v 10 3
v 11 3
v 12 3
v 13 3
v 14 3
v 15 3
v 16 3
v 17 3
v 18 3
v 19 3
v 20 3
v 21 3
v 22 3
v 23 3
v 24 3
v 25 3
v 26 4
v 27 4
v 28 4
v 29 4
v 30 4
v 31 4
v 32 4
v 33 4
v 34 4
v 35 4
v 36 4
v 37 4
v 38 4
v 39 4
v 40 4
v 41 4
v 42 4
v 43 4
v 44 4
v 45 4
v 46 4
v 47 4
v 48 4
v 49 4
v 50 4
v 51 4
e 0 7 2
e 1 10 1
e 1 15 1
e 2 10 2
e 3 4 1
e 3 5 1
e 3 8 1
e 3 26 1
e 4 6 1
e 4 9 1
e 4 27 1
e 5 7 1
e 5 10 1
e 5 28 1
e 6 7 1
e 6 29 1
e 6 30 1
e 8 11 2
e 8 12 1
e 9 13 2
e 9 14 1
e 11 16 1
e 11 31 1
e 12 17 2
e 12 32 1
e 13 18 1
e 13 33 1
e 14 19 2
e 14 34 1
e 15 20 1
e 15 35 1
e 15 36 1
e 16 21 2
e 16 37 1
e 17 21 1
e 17 38 1
e 18 23 2
e 18 39 1
e 19 23 1
e 19 40 1
e 20 22 1
e 20 41 1
e 20 42 1
e 21 44 1
e 22 24 1
e 22 25 1
e 22 43 1
e 23 45 1
e 24 46 1
e 24 47 1
e 24 48 1
e 25 49 1
e 25 50 1
e 25 51 1
t # 52913
v 0 1
v 1 1
v 2 1
v 3 3
v 4 3
v 5 3
v 6 3
v 7 3
v 8 3
v 9 3
v 10 3
v 11 3
v 12 3
v 13 3
v 14 3
v 15 3
v 16 3
v 17 3
v 18 3
v 19 3
v 20 3
v 21 3
v 22 3
v 23 3
v 24 3
v 25 4
v 26 4
v 27 4
v 28 4
v 29 4
v 30 4
v 31 4
v 32 4
v 33 4
v 34 4
v 35 4
v 36 4
v 37 4
v 38 4
v 39 4
v 40 4
v 41 4
v 42 4
v 43 4
v 44 4
v 45 4
v 46 4
v 47 4
v 48 4
e 0 7 2
e 1 10 1
e 1 15 1
e 2 10 2
e 3 4 1
e 3 5 1
e 3 8 1
e 3 25 1
e 4 6 1
e 4 9 1
e 4 26 1
e 5 7 1
e 5 10 1
e 5 27 1
e 6 7 1
e 6 28 1
e 6 29 1
e 8 11 2
e 8 12 1
e 9 13 2
e 9 14 1
e 11 16 1
e 11 30 1
e 12 17 2
e 12 31 1
e 13 18 1
e 13 32 1
e 14 19 2
e 14 33 1
e 15 22 1
e 15 23 1
e 15 34 1
e 16 20 2
e 16 35 1
e 17 20 1
e 17 36 1
e 18 21 2
e 18 37 1
e 19 21 1
e 19 38 1
e 20 39 1
e 21 40 1
e 22 24 1
e 22 41 1
e 22 42 1
e 23 43 1
e 23 44 1
e 23 45 1
e 24 46 1
e 24 47 1
e 24 48 1
t # 52914
v 0 1
v 1 1
v 2 1
v 3 3
v 4 3
v 5 3
v 6 3
v 7 3
v 8 3
v 9 3
v 10 3
v 11 3
v 12 3
v 13 3
v 14 3
v 15 3
v 16 3
v 17 3
v 18 3
v 19 3
v 20 3
v 21 3
v 22 3
v 23 3
v 24 4
v 25 4
v 26 4
v 27 4
v 28 4
v 29 4
v 30 4
v 31 4
v 32 4
v 33 4
v 34 4
v 35 4
v 36 4
v 37 4
v 38 4
v 39 4
v 40 4
v 41 4
v 42 4
v 43 4
v 44 4
v 45 4
e 0 7 2
e 1 10 1
e 1 20 1
e 2 10 2
e 3 4 1
e 3 5 1
e 3 8 1
e 3 24 1
e 4 6 1
e 4 9 1
e 4 25 1
e 5 7 1
e 5 10 1
e 5 26 1
e 6 7 1
e 6 27 1
e 6 28 1
e 8 11 2
e 8 12 1
e 9 13 2
e 9 14 1
e 11 15 1
e 11 29 1
e 12 16 2
e 12 30 1
e 13 17 1
e 13 31 1
e 14 18 2
e 14 32 1
e 15 19 2
e 15 33 1
e 16 19 1
e 16 34 1
e 17 21 2
e 17 35 1
e 18 21 1
e 18 36 1
e 19 37 1
e 20 22 1
e 20 38 1
e 20 39 1
e 21 40 1
e 22 23 1
e 22 41 1
e 22 42 1
e 23 43 1
e 23 44 1
e 23 45 1
t # 52915
v 0 12
v 1 12
v 2 1
v 3 1
v 4 1
v 5 1
v 6 3
v 7 3
v 8 3
v 9 3
v 10 3
v 11 3
v 12 3
v 13 3
v 14 3
v 15 3
v 16 3
v 17 3
v 18 3
v 19 3
v 20 3
v 21 3
v 22 3
v 23 3
v 24 4
v 25 4
v 26 4
v 27 4
v 28 4
v 29 4
v 30 4
v 31 4
v 32 4
v 33 4
v 34 4
v 35 4
v 36 4
v 37 4
v 38 4
v 39 4
e 0 22 1
e 1 23 1
e 2 16 1
e 2 38 1
e 3 17 1
e 3 39 1
e 4 16 2
e 5 17 2
e 6 7 1
e 6 8 1
e 6 10 1
e 6 24 1
e 7 9 1
e 7 11 1
e 7 25 1
e 8 16 1
e 8 26 1
e 8 27 1
e 9 17 1
e 9 28 1
e 9 29 1
e 10 12 2
e 10 14 1
e 11 13 2
e 11 15 1
e 12 18 1
e 12 30 1
e 13 19 1
e 13 31 1
e 14 20 2
e 14 32 1
e 15 21 2
e 15 33 1
e 18 22 2
e 18 34 1
e 19 23 2
e 19 35 1
e 20 22 1
e 20 36 1
e 21 23 1
e 21 37 1
t # 52916
v 0 12
v 1 12
v 2 1
v 3 1
v 4 1
v 5 1
v 6 3
v 7 3
v 8 3
v 9 3
v 10 3
v 11 3
v 12 3
v 13 3
v 14 3
v 15 3
v 16 3
v 17 3
v 18 3
v 19 3
v 20 3
v 21 3
v 22 3
v 23 3
v 24 4
v 25 4
v 26 4
v 27 4
v 28 4
v 29 4
v 30 4
v 31 4
v 32 4
v 33 4
v 34 4
v 35 4
v 36 4
v 37 4
v 38 4
v 39 4
e 0 12 1
e 1 13 1
e 2 16 1
e 2 38 1
e 3 17 1
e 3 39 1
e 4 16 2
e 5 17 2
e 6 7 1
e 6 8 1
e 6 10 1
e 6 24 1
e 7 9 1
e 7 11 1
e 7 25 1
e 8 16 1
e 8 26 1
e 8 27 1
e 9 17 1
e 9 28 1
e 9 29 1
e 10 12 1
e 10 14 2
e 11 13 1
e 11 15 2
e 12 18 2
e 13 19 2
e 14 20 1
e 14 30 1
e 15 21 1
e 15 31 1
e 18 22 1
e 18 32 1
e 19 23 1
e 19 33 1
e 20 22 2
e 20 34 1
e 21 23 2
e 21 35 1
e 22 36 1
e 23 37 1
t # 52917
v 0 1
v 1 3
v 2 3
v 3 3
v 4 3
v 5 3
v 6 3
v 7 3
v 8 3
v 9 3
v 10 3
v 11 3
v 12 3
v 13 3
v 14 3
v 15 3
v 16 3
v 17 3
v 18 3
v 19 3
v 20 4
v 21 4
v 22 4
v 23 4
v 24 4
v 25 4
v 26 4
v 27 4
v 28 4
v 29 4
v 30 4
v 31 4
v 32 4
v 33 4
v 34 4
v 35 4
v 36 4
v 37 4
v 38 4
v 39 4
e 0 5 2
e 1 2 1
e 1 3 1
e 1 6 1
e 1 20 1
e 2 4 1
e 2 7 1
e 2 21 1
e 3 5 1
e 3 22 1
e 3 23 1
e 4 5 1
e 4 24 1
e 4 25 1
e 6 8 2
e 6 10 1
e 7 9 2
e 7 11 1
e 8 12 1
e 8 26 1
e 9 13 1
e 9 27 1
e 10 14 2
e 10 28 1
e 11 15 2
e 11 29 1
e 12 16 2
e 12 30 1
e 13 17 2
e 13 31 1
e 14 16 1
e 14 32 1
e 15 17 1
e 15 33 1
e 16 18 1
e 17 19 1
e 18 34 1
e 18 35 1
e 18 36 1
e 19 37 1
e 19 38 1
e 19 39 1
t # 52918
v 0 2
v 1 3
v 2 3
v 3 3
v 4 3
v 5 3
v 6 3
v 7 3
v 8 3
v 9 3
v 10 3
v 11 3
v 12 3
v 13 3
v 14 3
v 15 3
v 16 3
v 17 3
v 18 3
v 19 3
v 20 4
v 21 4
v 22 4
v 23 4
v 24 4
v 25 4
v 26 4
v 27 4
v 28 4
v 29 4
v 30 4
v 31 4
v 32 4
v 33 4
v 34 4
v 35 4
v 36 4
v 37 4
v 38 4
v 39 4
v 40 4
v 41 4
v 42 4
e 0 2 1
e 0 10 1
e 0 11 1
e 1 2 1
e 1 3 2
e 1 4 1
e 2 20 1
e 2 21 1
e 3 6 1
e 3 8 1
e 4 7 2
e 4 9 1
e 5 6 2
e 5 7 1
e 5 12 1
e 6 22 1
e 7 23 1
e 8 24 1
e 8 25 1
e 8 26 1
e 9 13 2
e 9 27 1
e 10 28 1
e 10 29 1
e 10 30 1
e 11 31 1
e 11 32 1
e 11 33 1
e 12 34 1
e 12 35 1
e 12 36 1
e 13 14 1
e 13 37 1
e 14 15 2
e 14 16 1
e 15 17 1
e 15 38 1
e 16 18 2
e 16 39 1
e 17 19 2
e 17 40 1
e 18 19 1
e 18 41 1
e 19 42 1
t # 52919
v 0 1
v 1 2
v 2 3
v 3 3
v 4 3
v 5 3
v 6 3
v 7 3
v 8 3
v 9 3
v 10 3
v 11 3
v 12 3
v 13 3
v 14 3
v 15 3
v 16 3
v 17 3
v 18 3
v 19 3
v 20 3
v 21 3
v 22 4
v 23 4
v 24 4
v 25 4
v 26 4
v 27 4
v 28 4
v 29 4
v 30 4
v 31 4
v 32 4
v 33 4
v 34 4
v 35 4
v 36 4
v 37 4
v 38 4
v 39 4
v 40 4
v 41 4
v 42 4
v 43 4
v 44 4
v 45 4
v 46 4
v 47 4
v 48 4
e 0 2 1
e 0 31 1
e 1 9 1
e 1 20 1
e 1 21 1
e 2 3 1
e 2 4 1
e 2 6 1
e 3 5 1
e 3 22 1
e 3 23 1
e 4 7 1
e 4 10 2
e 5 8 1
e 5 24 1
e 5 25 1
e 6 11 2
e 6 12 1
e 7 9 1
e 7 13 2
e 8 15 1
e 8 26 1
e 8 27 1
e 9 28 1
e 9 29 1
e 10 14 1
e 10 30 1
e 11 17 1
e 11 32 1
e 12 18 2
e 12 33 1
e 13 16 1
e 13 34 1
e 14 16 2
e 14 35 1
e 15 36 1
e 15 37 1
e 15 38 1
e 16 39 1
e 17 19 2
e 17 40 1
e 18 19 1
e 18 41 1
e 19 42 1
e 20 43 1
e 20 44 1
e 20 45 1
e 21 46 1
e 21 47 1
e 21 48 1
t # 52920
v 0 1
v 1 2
v 2 3
v 3 3
v 4 3
v 5 3
v 6 3
v 7 3
v 8 3
v 9 3
v 10 3
v 11 3
v 12 3
v 13 3
v 14 3
v 15 3
v 16 3
v 17 3
v 18 3
v 19 3
v 20 3
v 21 4
v 22 4
v 23 4
v 24 4
v 25 4
v 26 4
v 27 4
v 28 4
v 29 4
v 30 4
v 31 4
v 32 4
v 33 4
v 34 4
v 35 4
v 36 4
v 37 4
v 38 4
v 39 4
v 40 4
v 41 4
v 42 4
v 43 4
v 44 4
v 45 4
e 0 5 1
e 0 42 1
e 1 6 1
e 1 14 1
e 1 15 1
e 2 3 1
e 2 4 1
e 2 8 2
e 3 6 1
e 3 7 2
e 4 5 1
e 4 21 1
e 4 22 1
e 5 11 1
e 5 23 1
e 6 24 1
e 6 25 1
e 7 10 1
e 7 12 1
e 8 9 1
e 8 26 1
e 9 10 2
e 9 13 1
e 10 27 1
e 11 16 2
e 11 17 1
e 12 28 1
e 12 29 1
e 12 30 1
e 13 31 1
e 13 32 1
e 13 33 1
e 14 34 1
e 14 35 1
e 14 36 1
e 15 37 1
e 15 38 1
e 15 39 1
e 16 18 1
e 16 40 1
e 17 19 2
e 17 41 1
e 18 20 2
e 18 43 1
e 19 20 1
e 19 44 1
e 20 45 1
t # 52921
v 0 1
v 1 2
v 2 2
v 3 3
v 4 3
v 5 3
v 6 3
v 7 3
v 8 3
v 9 3
v 10 3
v 11 3
v 12 3
v 13 3
v 14 3
v 15 3
v 16 3
v 17 3
v 18 3
v 19 4
v 20 4
v 21 4
v 22 4
v 23 4
v 24 4
v 25 4
v 26 4
v 27 4
v 28 4
v 29 4
v 30 4
v 31 4
v 32 4
v 33 4
v 34 4
v 35 4
v 36 4
e 0 8 2
e 1 3 1
e 1 9 1
e 1 10 1
e 2 8 1
e 2 13 1
e 2 31 1
e 3 4 1
e 3 19 1
e 3 20 1
e 4 5 1
e 4 6 2
e 5 7 2
e 5 8 1
e 6 11 1
e 6 21 1
e 7 12 1
e 7 22 1
e 9 23 1
e 9 24 1
e 9 25 1
e 10 26 1
e 10 27 1
e 10 28 1
e 11 12 2
e 11 29 1
e 12 30 1
e 13 14 2
e 13 15 1
e 14 16 1
e 14 32 1
e 15 17 2
e 15 33 1
e 16 18 2
e 16 34 1
e 17 18 1
e 17 35 1
e 18 36 1
t # 52922
v 0 1
v 1 2
v 2 3
v 3 3
v 4 3
v 5 3
v 6 3
v 7 3
v 8 3
v 9 3
v 10 3
v 11 3
v 12 3
v 13 3
v 14 3
v 15 3
v 16 3
v 17 3
v 18 3
v 19 3
v 20 3
v 21 3
v 22 3
v 23 3
v 24 3
v 25 4
v 26 4
v 27 4
v 28 4
v 29 4
v 30 4
v 31 4
v 32 4
v 33 4
v 34 4
v 35 4
v 36 4
v 37 4
v 38 4
v 39 4
v 40 4
v 41 4
v 42 4
v 43 4
v 44 4
v 45 4
v 46 4
v 47 4
v 48 4
v 49 4
e 0 2 1
e 0 30 1
e 1 8 1
e 1 23 1
e 1 24 1
e 2 3 1
e 2 5 1
e 2 6 1
e 3 4 1
e 3 25 1
e 3 26 1
e 4 7 1
e 4 9 2
e 5 10 2
e 5 12 1
e 6 11 2
e 6 13 1
e 7 8 1
e 7 14 2
e 8 27 1
e 8 28 1
e 9 15 1
e 9 29 1
e 10 17 1
e 10 31 1
e 11 18 1
e 11 32 1
e 12 19 2
e 12 33 1
e 13 20 2
e 13 34 1
e 14 16 1
e 14 35 1
e 15 16 2
e 15 36 1
e 16 37 1
e 17 21 2
e 17 38 1
e 18 22 2
e 18 39 1
e 19 21 1
e 19 40 1
e 20 22 1
e 20 41 1
e 21 42 1
e 22 43 1
e 23 44 1
e 23 45 1
e 23 46 1
e 24 47 1
e 24 48 1
e 24 49 1
t # 52923
v 0 2
v 1 3
v 2 3
v 3 3
v 4 3
v 5 3
v 6 3
v 7 3
v 8 3
v 9 3
v 10 3
v 11 3
v 12 3
v 13 3
v 14 3
v 15 3
v 16 3
v 17 3
v 18 3
v 19 3
v 20 3
v 21 3
v 22 3
v 23 3
v 24 4
v 25 4
v 26 4
v 27 4
v 28 4
v 29 4
v 30 4
v 31 4
v 32 4
v 33 4
v 34 4
v 35 4
v 36 4
v 37 4
v 38 4
v 39 4
v 40 4
v 41 4
v 42 4
v 43 4
v 44 4
v 45 4
v 46 4
e 0 2 1
e 0 12 1
e 0 13 1
e 1 2 1
e 1 3 1
e 1 6 2
e 2 24 1
e 2 25 1
e 3 5 1
e 3 7 2
e 4 5 2
e 4 8 1
e 4 9 1
e 5 26 1
e 6 10 1
e 6 27 1
e 7 11 1
e 7 28 1
e 8 14 2
e 8 16 1
e 9 15 2
e 9 17 1
e 10 11 2
e 10 29 1
e 11 30 1
e 12 31 1
e 12 32 1
e 12 33 1
e 13 34 1
e 13 35 1
e 13 36 1
e 14 18 1
e 14 37 1
e 15 19 1
e 15 38 1
e 16 20 2
e 16 39 1
e 17 21 2
e 17 40 1
e 18 22 2
e 18 41 1
e 19 23 2
e 19 42 1
e 20 22 1
e 20 43 1
e 21 23 1
e 21 44 1
e 22 45 1
e 23 46 1
t # 52924
v 0 11
v 1 1
v 2 1
v 3 1
v 4 2
v 5 2
v 6 2
v 7 2
v 8 3
v 9 3
v 10 3
v 11 3
v 12 3
v 13 3
v 14 3
v 15 3
v 16 3
v 17 4
v 18 4
v 19 4
v 20 4
v 21 4
v 22 4
v 23 4
v 24 4
v 25 4
v 26 4
v 27 4
v 28 4
v 29 4
v 30 4
e 0 13 1
e 0 16 1
e 1 11 2
e 2 12 2
e 3 15 2
e 4 11 1
e 4 15 1
e 4 26 1
e 5 12 1
e 5 15 1
e 5 27 1
e 6 16 1
e 6 28 1
e 6 29 1
e 7 16 2
e 7 30 1
e 8 9 1
e 8 10 1
e 8 11 1
e 8 12 1
e 9 13 1
e 9 17 1
e 9 18 1
e 10 14 1
e 10 19 1
e 10 20 1
e 13 21 1
e 13 22 1
e 14 23 1
e 14 24 1
e 14 25 1
t # 52925
v 0 1
v 1 1
v 2 1
v 3 2
v 4 2
v 5 3
v 6 3
v 7 3
v 8 3
v 9 3
v 10 3
v 11 3
v 12 3
v 13 3
v 14 3
v 15 4
v 16 4
v 17 4
v 18 4
v 19 4
v 20 4
v 21 4
v 22 4
v 23 4
v 24 4
e 2 14 2
e 3 6 1
e 3 10 2
e 4 7 1
e 5 6 1
e 5 8 2
e 5 11 1
e 6 9 2
e 7 10 1
e 7 14 1
e 7 15 1
e 8 12 1
e 8 16 1
e 9 13 1
e 9 17 1
e 10 18 1
e 11 19 1
e 11 20 1
e 11 21 1
e 12 13 2
e 12 22 1
e 13 23 1
e 14 24 1
t # 52926
v 0 1
v 1 1
v 2 1
v 3 1
v 4 2
v 5 2
v 6 2
v 7 3
v 8 3
v 9 3
v 10 3
v 11 3
v 12 3
v 13 3
v 14 3
v 15 3
v 16 3
v 17 3
v 18 4
v 19 4
v 20 4
v 21 4
v 22 4
v 23 4
v 24 4
v 25 4
v 26 4
e 0 11 1
e 0 12 1
e 1 8 2
e 2 10 2
e 3 12 2
e 4 7 1
e 4 12 1
e 4 19 1
e 5 8 1
e 5 10 1
e 5 20 1
e 6 9 1
e 6 10 1
e 6 21 1
e 7 8 1
e 7 9 2
e 9 18 1
e 11 13 2
e 11 14 1
e 13 15 1
e 13 22 1
e 14 16 2
e 14 23 1
e 15 17 2
e 15 24 1
e 16 17 1
e 16 25 1
e 17 26 1
t # 52927
v 0 11
v 1 1
v 2 1
v 3 2
v 4 2
v 5 2
v 6 2
v 7 2
v 8 2
v 9 2
v 10 3
v 11 3
v 12 3
v 13 3
v 14 3
v 15 3
v 16 3
v 17 3
v 18 3
v 19 3
v 20 4
v 21 4
v 22 4
v 23 4
v 24 4
v 25 4
v 26 4
v 27 4
v 28 4
v 29 4
v 30 4
v 31 4
v 32 4
e 0 15 1
e 0 19 1
e 1 16 2
e 3 10 1
e 3 12 1
e 3 14 1
e 4 11 1
e 4 16 1
e 4 25 1
e 5 13 1
e 5 14 2
e 6 12 1
e 6 17 2
e 7 15 2
e 7 17 1
e 8 9 1
e 8 16 1
e 8 18 1
e 10 11 1
e 10 20 1
e 10 21 1
e 11 22 1
e 11 23 1
e 12 13 2
e 13 15 1
e 14 24 1
e 17 26 1
e 18 27 1
e 18 28 1
e 18 29 1
e 19 30 1
e 19 31 1
e 19 32 1
t # 52928
v 0 1
v 1 2
v 2 3
v 3 3
v 4 3
v 5 3
v 6 3
v 7 3
v 8 3
v 9 3
v 10 3
v 11 3
v 12 3
v 13 3
v 14 3
v 15 3
v 16 3
v 17 4
v 18 4
v 19 4
v 20 4
v 21 4
v 22 4
v 23 4
v 24 4
v 25 4
v 26 4
v 27 4
v 28 4
v 29 4
v 30 4
v 31 4
v 32 4
v 33 4
v 34 4
v 35 4
v 36 4
v 37 4
v 38 4
v 39 4
e 0 2 1
e 0 27 1
e 1 11 1
e 1 15 1
e 1 16 1
e 2 3 1
e 2 4 1
e 2 7 1
e 3 5 1
e 3 17 1
e 3 18 1
e 4 6 1
e 4 19 1
e 4 20 1
e 5 6 1
e 5 21 1
e 5 22 1
e 6 23 1
e 6 24 1
e 7 8 1
e 7 25 1
e 7 26 1
e 8 9 1
e 8 10 2
e 9 11 1
e 9 12 2
e 10 13 1
e 10 28 1
e 11 29 1
e 11 30 1
e 12 14 1
e 12 31 1
e 13 14 2
e 13 32 1
e 14 33 1
e 15 34 1
e 15 35 1
e 15 36 1
e 16 37 1
e 16 38 1
e 16 39 1
t # 52929
v 0 11
v 1 1
v 2 1
v 3 2
v 4 2
v 5 2
v 6 2
v 7 2
v 8 3
v 9 3
v 10 3
v 11 3
v 12 3
v 13 4
v 14 4
v 15 4
v 16 4
v 17 4
v 18 4
v 19 4
e 0 1 2
e 0 2 2
e 0 8 1
e 3 9 1
e 3 15 1
e 4 9 1
e 4 10 1
e 4 16 1
e 5 10 2
e 5 12 1
e 6 11 1
e 6 12 2
e 7 11 1
e 7 18 1
e 7 19 1
e 8 10 1
e 8 11 2
e 9 13 1
e 9 14 1
e 12 17 1
t # 52930
v 0 12
v 1 1
v 2 1
v 3 1
v 4 2
v 5 3
v 6 3
v 7 3
v 8 3
v 9 3
v 10 3
v 11 3
v 12 3
v 13 3
v 14 3
v 15 3
v 16 3
v 17 3
v 18 3
v 19 4
v 20 4
v 21 4
v 22 4
v 23 4
v 24 4
v 25 4
v 26 4
e 0 13 1
e 1 6 1
e 1 7 1
e 2 9 1
e 2 25 1
e 3 8 2
e 4 16 1
e 4 18 2
e 5 6 2
e 5 8 1
e 5 11 1
e 6 12 1
e 7 9 2
e 7 10 1
e 8 9 1
e 10 15 1
e 10 16 2
e 11 13 2
e 11 19 1
e 12 14 2
e 12 20 1
e 13 14 1
e 14 21 1
e 15 17 2
e 15 22 1
e 16 23 1
e 17 18 1
e 17 24 1
e 18 26 1
t # 52931
v 0 1
v 1 1
v 2 3
v 3 3
v 4 3
v 5 3
v 6 3
v 7 3
v 8 3
v 9 3
v 10 3
v 11 3
v 12 3
v 13 3
v 14 3
v 15 3
v 16 3
v 17 4
v 18 4
v 19 4
v 20 4
v 21 4
v 22 4
v 23 4
v 24 4
v 25 4
v 26 4
v 27 4
v 28 4
v 29 4
v 30 4
e 0 2 1
e 0 6 1
e 1 4 1
e 1 25 1
e 2 3 1
e 2 7 1
e 2 17 1
e 3 4 1
e 3 18 1
e 3 19 1
e 4 5 1
e 4 20 1
e 5 6 1
e 5 8 2
e 6 9 2
e 7 10 2
e 7 11 1
e 8 12 1
e 8 21 1
e 9 13 1
e 9 22 1
e 10 14 1
e 10 23 1
e 11 15 2
e 11 24 1
e 12 13 2
e 12 26 1
e 13 27 1
e 14 16 2
e 14 28 1
e 15 16 1
e 15 29 1
e 16 30 1
t # 52932
v 0 12
v 1 12
v 2 1
v 3 1
v 4 1
v 5 1
v 6 1
v 7 2
v 8 2
v 9 2
v 10 3
v 11 3
v 12 3
v 13 3
v 14 3
v 15 3
v 16 3
v 17 3
v 18 3
v 19 3
v 20 3
v 21 3
v 22 3
v 23 3
v 24 3
v 25 3
v 26 3
v 27 3
v 28 3
v 29 3
v 30 3
v 31 3
v 32 4
v 33 4
v 34 4
v 35 4
v 36 4
v 37 4
v 38 4
v 39 4
v 40 4
v 41 4
v 42 4
v 43 4
v 44 4
v 45 4
v 46 4
v 47 4
v 48 4
v 49 4
v 50 4
v 51 4
v 52 4
v 53 4
v 54 4
v 55 4
v 56 4
v 57 4
v 58 4
v 59 4
v 60 4
e 0 25 1
e 1 26 1
e 2 19 1
e 2 27 1
e 3 20 1
e 3 28 1
e 4 19 2
e 5 20 2
e 6 24 2
e 7 14 1
e 7 15 1
e 7 35 1
e 8 10 1
e 8 24 1
e 8 38 1
e 9 16 1
e 9 22 1
e 9 23 1
e 10 11 1
e 10 19 1
e 10 20 1
e 11 12 1
e 11 32 1
e 11 33 1
e 12 13 1
e 12 15 2
e 13 14 2
e 13 18 1
e 14 17 1
e 15 34 1
e 16 17 2
e 16 21 1
e 17 36 1
e 18 21 2
e 18 37 1
e 21 39 1
e 22 25 1
e 22 40 1
e 22 41 1
e 23 26 1
e 23 42 1
e 23 43 1
e 24 29 1
e 25 44 1
e 25 45 1
e 26 46 1
e 26 47 1
e 27 30 1
e 27 48 1
e 27 49 1
e 28 31 1
e 28 50 1
e 28 51 1
e 29 52 1
e 29 53 1
e 29 54 1
e 30 55 1
e 30 56 1
e 30 57 1
e 31 58 1
e 31 59 1
e 31 60 1
t # 52933
v 0 11
v 1 1
v 2 1
v 3 1
v 4 1
v 5 1
v 6 1
v 7 1
v 8 3
v 9 3
v 10 3
v 11 3
v 12 3
v 13 3
v 14 3
v 15 3
v 16 3
v 17 3
v 18 3
v 19 3
v 20 3
v 21 3
v 22 3
v 23 3
v 24 4
v 25 4
v 26 4
v 27 4
v 28 4
v 29 4
v 30 4
v 31 4
v 32 4
v 33 4
v 34 4
v 35 4
v 36 4
v 37 4
v 38 4
v 39 4
v 40 4
v 41 4
v 42 4
v 43 4
v 44 4
v 45 4
e 0 6 2
e 0 7 2
e 0 17 1
e 1 8 1
e 1 11 1
e 2 9 1
e 2 11 1
e 3 12 1
e 3 13 1
e 4 10 1
e 5 12 1
e 5 16 1
e 8 9 1
e 8 10 1
e 8 24 1
e 9 12 1
e 9 25 1
e 10 13 1
e 10 26 1
e 11 14 1
e 11 15 1
e 12 27 1
e 13 28 1
e 13 29 1
e 14 30 1
e 14 31 1
e 14 32 1
e 15 33 1
e 15 34 1
e 15 35 1
e 16 36 1
e 16 37 1
e 16 38 1
e 17 18 2
e 17 19 1
e 18 20 1
e 18 39 1
e 19 21 2
e 19 40 1
e 20 22 2
e 20 41 1
e 21 22 1
e 21 42 1
e 22 23 1
e 23 43 1
e 23 44 1
e 23 45 1
t # 52934
v 0 1
v 1 1
v 2 2
v 3 2
v 4 3
v 5 3
v 6 3
v 7 3
v 8 3
v 9 3
v 10 3
v 11 3
v 12 3
v 13 3
v 14 3
v 15 3
v 16 3
v 17 3
v 18 3
v 19 3
v 20 4
v 21 4
v 22 4
v 23 4
v 24 4
v 25 4
v 26 4
v 27 4
v 28 4
v 29 4
v 30 4
v 31 4
v 32 4
v 33 4
v 34 4
v 35 4
e 0 7 2
e 1 13 2
e 2 4 1
e 2 5 1
e 2 6 1
e 3 7 1
e 3 13 1
e 3 27 1
e 4 7 1
e 4 20 1
e 4 21 1
e 5 8 2
e 5 9 1
e 6 22 1
e 6 23 1
e 6 24 1
e 8 10 1
e 8 25 1
e 9 11 2
e 9 26 1
e 10 14 2
e 10 28 1
e 11 14 1
e 11 29 1
e 12 13 1
e 12 15 2
e 12 16 1
e 14 30 1
e 15 17 1
e 15 31 1
e 16 18 2
e 16 32 1
e 17 19 2
e 17 33 1
e 18 19 1
e 18 34 1
e 19 35 1
t # 52935
v 0 1
v 1 1
v 2 2
v 3 2
v 4 3
v 5 3
v 6 3
v 7 3
v 8 3
v 9 3
v 10 3
v 11 3
v 12 3
v 13 3
v 14 3
v 15 3
v 16 3
v 17 3
v 18 4
v 19 4
v 20 4
v 21 4
v 22 4
v 23 4
v 24 4
v 25 4
v 26 4
v 27 4
v 28 4
v 29 4
v 30 4
v 31 4
v 32 4
v 33 4
v 34 4
v 35 4
e 0 10 2
e 1 11 2
e 2 7 1
e 2 8 1
e 2 9 1
e 3 10 1
e 3 11 1
e 3 30 1
e 4 5 1
e 4 6 1
e 4 18 1
e 4 19 1
e 5 7 1
e 5 20 1
e 5 21 1
e 6 8 1
e 6 22 1
e 6 23 1
e 7 24 1
e 7 25 1
e 8 26 1
e 8 27 1
e 9 10 1
e 9 28 1
e 9 29 1
e 11 12 1
e 12 13 2
e 12 14 1
e 13 15 1
e 13 31 1
e 14 16 2
e 14 32 1
e 15 17 2
e 15 33 1
e 16 17 1
e 16 34 1
e 17 35 1
t # 52936
v 0 1
v 1 1
v 2 1
v 3 2
v 4 2
v 5 3
v 6 3
v 7 3
v 8 3
v 9 3
v 10 3
v 11 3
v 12 3
v 13 3
v 14 3
v 15 3
v 16 3
v 17 3
v 18 4
v 19 4
v 20 4
v 21 4
v 22 4
v 23 4
v 24 4
v 25 4
v 26 4
v 27 4
v 28 4
v 29 4
v 30 4
v 31 4
v 32 4
v 33 4
e 0 7 1
e 0 8 1
e 1 10 2
e 2 11 2
e 3 5 1
e 3 6 1
e 3 9 1
e 4 10 1
e 4 11 1
e 4 28 1
e 5 7 1
e 5 18 1
e 5 19 1
e 6 8 1
e 6 20 1
e 6 21 1
e 7 22 1
e 7 23 1
e 8 24 1
e 8 25 1
e 9 10 1
e 9 26 1
e 9 27 1
e 11 12 1
e 12 13 2
e 12 14 1
e 13 15 1
e 13 29 1
e 14 16 2
e 14 30 1
e 15 17 2
e 15 31 1
e 16 17 1
e 16 32 1
e 17 33 1
t # 52937
v 0 1
v 1 1
v 2 2
v 3 2
v 4 3
v 5 3
v 6 3
v 7 3
v 8 3
v 9 3
v 10 3
v 11 3
v 12 3
v 13 3
v 14 3
v 15 3
v 16 3
v 17 3
v 18 3
v 19 3
v 20 3
v 21 4
v 22 4
v 23 4
v 24 4
v 25 4
v 26 4
v 27 4
v 28 4
v 29 4
v 30 4
v 31 4
v 32 4
v 33 4
v 34 4
v 35 4
v 36 4
v 37 4
v 38 4
v 39 4
v 40 4
v 41 4
v 42 4
v 43 4
v 44 4
v 45 4
v 46 4
e 0 13 2
e 1 14 2
e 2 4 1
e 2 5 1
e 2 8 1
e 3 13 1
e 3 14 1
e 3 41 1
e 4 6 1
e 4 21 1
e 4 22 1
e 5 7 1
e 5 23 1
e 5 24 1
e 6 9 1
e 6 10 1
e 6 25 1
e 7 11 1
e 7 12 1
e 7 26 1
e 8 13 1
e 8 27 1
e 8 28 1
e 9 29 1
e 9 30 1
e 9 31 1
e 10 32 1
e 10 33 1
e 10 34 1
e 11 35 1
e 11 36 1
e 11 37 1
e 12 38 1
e 12 39 1
e 12 40 1
e 14 15 1
e 15 16 2
e 15 17 1
e 16 18 1
e 16 42 1
e 17 19 2
e 17 43 1
e 18 20 2
e 18 44 1
e 19 20 1
e 19 45 1
e 20 46 1
t # 52938
v 0 1
v 1 1
v 2 2
v 3 2
v 4 3
v 5 3
v 6 3
v 7 3
v 8 3
v 9 3
v 10 3
v 11 3
v 12 3
v 13 3
v 14 3
v 15 3
v 16 3
v 17 3
v 18 3
v 19 4
v 20 4
v 21 4
v 22 4
v 23 4
v 24 4
v 25 4
v 26 4
v 27 4
v 28 4
v 29 4
v 30 4
v 31 4
v 32 4
v 33 4
v 34 4
v 35 4
v 36 4
v 37 4
v 38 4
v 39 4
v 40 4
e 0 11 2
e 1 12 2
e 2 4 1
e 2 5 1
e 2 6 1
e 3 11 1
e 3 12 1
e 3 35 1
e 4 7 1
e 4 8 1
e 4 19 1
e 5 9 1
e 5 10 1
e 5 20 1
e 6 11 1
e 6 21 1
e 6 22 1
e 7 23 1
e 7 24 1
e 7 25 1
e 8 26 1
e 8 27 1
e 8 28 1
e 9 29 1
e 9 30 1
e 9 31 1
e 10 32 1
e 10 33 1
e 10 34 1
e 12 13 1
e 13 14 2
e 13 15 1
e 14 16 1
e 14 36 1
e 15 17 2
e 15 37 1
e 16 18 2
e 16 38 1
e 17 18 1
e 17 39 1
e 18 40 1
t # 52939
v 0 1
v 1 1
v 2 2
v 3 2
v 4 3
v 5 3
v 6 3
v 7 3
v 8 3
v 9 3
v 10 3
v 11 3
v 12 3
v 13 3
v 14 3
v 15 3
v 16 3
v 17 3
v 18 3
v 19 4
v 20 4
v 21 4
v 22 4
v 23 4
v 24 4
v 25 4
v 26 4
v 27 4
v 28 4
v 29 4
v 30 4
v 31 4
v 32 4
v 33 4
v 34 4
v 35 4
v 36 4
v 37 4
v 38 4
v 39 4
v 40 4
e 0 9 2
e 1 12 2
e 2 4 1
e 2 5 1
e 2 6 1
e 3 9 1
e 3 12 1
e 3 35 1
e 4 7 1
e 4 19 1
e 4 20 1
e 5 8 1
e 5 21 1
e 5 22 1
e 6 9 1
e 6 23 1
e 6 24 1
e 7 10 1
e 7 25 1
e 7 26 1
e 8 11 1
e 8 27 1
e 8 28 1
e 10 29 1
e 10 30 1
e 10 31 1
e 11 32 1
e 11 33 1
e 11 34 1
e 12 13 1
e 13 14 2
e 13 15 1
e 14 16 1
e 14 36 1
e 15 17 2
e 15 37 1
e 16 18 2
e 16 38 1
e 17 18 1
e 17 39 1
e 18 40 1
t # 52940
v 0 1
v 1 1
v 2 2
v 3 2
v 4 3
v 5 3
v 6 3
v 7 3
v 8 3
v 9 3
v 10 3
v 11 3
v 12 3
v 13 3
v 14 3
v 15 3
v 16 3
v 17 3
v 18 3
v 19 3
v 20 3
v 21 4
v 22 4
v 23 4
v 24 4
v 25 4
v 26 4
v 27 4
v 28 4
v 29 4
v 30 4
v 31 4
v 32 4
v 33 4
v 34 4
v 35 4
v 36 4
v 37 4
v 38 4
e 0 8 2
e 1 14 2
e 2 4 1
e 2 5 1
e 2 7 1
e 3 8 1
e 3 14 1
e 3 30 1
e 4 6 1
e 4 21 1
e 4 22 1
e 5 8 1
e 5 23 1
e 5 24 1
e 6 9 2
e 6 10 1
e 7 25 1
e 7 26 1
e 7 27 1
e 9 11 1
e 9 28 1
e 10 12 2
e 10 29 1
e 11 13 2
e 11 31 1
e 12 13 1
e 12 32 1
e 13 33 1
e 14 15 1
e 15 16 2
e 15 17 1
e 16 18 1
e 16 34 1
e 17 19 2
e 17 35 1
e 18 20 2
e 18 36 1
e 19 20 1
e 19 37 1
e 20 38 1
t # 52941
v 0 1
v 1 1
v 2 2
v 3 2
v 4 3
v 5 3
v 6 3
v 7 3
v 8 3
v 9 3
v 10 3
v 11 3
v 12 3
v 13 3
v 14 3
v 15 3
v 16 3
v 17 3
v 18 3
v 19 3
v 20 3
v 21 4
v 22 4
v 23 4
v 24 4
v 25 4
v 26 4
v 27 4
v 28 4
v 29 4
v 30 4
v 31 4
v 32 4
v 33 4
v 34 4
v 35 4
v 36 4
v 37 4
v 38 4
e 0 8 2
e 1 14 2
e 2 4 1
e 2 5 1
e 2 6 1
e 3 8 1
e 3 14 1
e 3 30 1
e 4 7 1
e 4 21 1
e 4 22 1
e 5 8 1
e 5 23 1
e 5 24 1
e 6 9 2
e 6 10 1
e 7 25 1
e 7 26 1
e 7 27 1
e 9 11 1
e 9 28 1
e 10 12 2
e 10 29 1
e 11 13 2
e 11 31 1
e 12 13 1
e 12 32 1
e 13 33 1
e 14 15 1
e 15 16 2
e 15 17 1
e 16 18 1
e 16 34 1
e 17 19 2
e 17 35 1
e 18 20 2
e 18 36 1
e 19 20 1
e 19 37 1
e 20 38 1
t # 52942
v 0 1
v 1 1
v 2 2
v 3 2
v 4 3
v 5 3
v 6 3
v 7 3
v 8 3
v 9 3
v 10 3
v 11 3
v 12 3
v 13 3
v 14 3
v 15 3
v 16 3
v 17 3
v 18 3
v 19 3
v 20 3
v 21 3
v 22 3
v 23 4
v 24 4
v 25 4
v 26 4
v 27 4
v 28 4
v 29 4
v 30 4
v 31 4
v 32 4
v 33 4
v 34 4
v 35 4
v 36 4
v 37 4
v 38 4
v 39 4
v 40 4
v 41 4
v 42 4
v 43 4
v 44 4
e 0 10 2
e 1 16 2
e 2 4 1
e 2 5 1
e 2 6 1
e 3 10 1
e 3 16 1
e 3 36 1
e 4 7 1
e 4 8 1
e 4 23 1
e 5 9 1
e 5 24 1
e 5 25 1
e 6 10 1
e 6 26 1
e 6 27 1
e 7 28 1
e 7 29 1
e 7 30 1
e 8 31 1
e 8 32 1
e 8 33 1
e 9 11 2
e 9 12 1
e 11 13 1
e 11 34 1
e 12 14 2
e 12 35 1
e 13 15 2
e 13 37 1
e 14 15 1
e 14 38 1
e 15 39 1
e 16 17 1
e 17 18 2
e 17 19 1
e 18 20 1
e 18 40 1
e 19 21 2
e 19 41 1
e 20 22 2
e 20 42 1
e 21 22 1
e 21 43 1
e 22 44 1
t # 52943
v 0 1
v 1 1
v 2 2
v 3 2
v 4 3
v 5 3
v 6 3
v 7 3
v 8 3
v 9 3
v 10 3
v 11 3
v 12 3
v 13 3
v 14 3
v 15 3
v 16 3
v 17 3
v 18 3
v 19 3
v 20 3
v 21 3
v 22 3
v 23 3
v 24 3
v 25 3
v 26 3
v 27 4
v 28 4
v 29 4
v 30 4
v 31 4
v 32 4
v 33 4
v 34 4
v 35 4
v 36 4
v 37 4
v 38 4
v 39 4
v 40 4
v 41 4
v 42 4
v 43 4
v 44 4
v 45 4
v 46 4
v 47 4
v 48 4
e 0 9 2
e 1 20 2
e 2 4 1
e 2 5 1
e 2 6 1
e 3 9 1
e 3 20 1
e 3 37 1
e 4 7 1
e 4 27 1
e 4 28 1
e 5 8 1
e 5 29 1
e 5 30 1
e 6 9 1
e 6 31 1
e 6 32 1
e 7 10 2
e 7 12 1
e 8 11 2
e 8 13 1
e 10 14 1
e 10 33 1
e 11 15 1
e 11 34 1
e 12 16 2
e 12 35 1
e 13 17 2
e 13 36 1
e 14 18 2
e 14 38 1
e 15 19 2
e 15 39 1
e 16 18 1
e 16 40 1
e 17 19 1
e 17 41 1
e 18 42 1
e 19 43 1
e 20 21 1
e 21 22 2
e 21 23 1
e 22 24 1
e 22 44 1
e 23 25 2
e 23 45 1
e 24 26 2
e 24 46 1
e 25 26 1
e 25 47 1
e 26 48 1
t # 52944
v 0 1
v 1 1
v 2 2
v 3 2
v 4 3
v 5 3
v 6 3
v 7 3
v 8 3
v 9 3
v 10 3
v 11 3
v 12 3
v 13 3
v 14 3
v 15 3
v 16 3
v 17 3
v 18 3
v 19 3
v 20 3
v 21 4
v 22 4
v 23 4
v 24 4
v 25 4
v 26 4
v 27 4
v 28 4
v 29 4
v 30 4
v 31 4
v 32 4
v 33 4
v 34 4
v 35 4
v 36 4
v 37 4
v 38 4
v 39 4
v 40 4
v 41 4
v 42 4
v 43 4
v 44 4
v 45 4
v 46 4
e 0 11 2
e 1 14 2
e 2 4 1
e 2 5 1
e 2 8 1
e 3 11 1
e 3 14 1
e 3 41 1
e 4 6 1
e 4 21 1
e 4 22 1
e 5 7 1
e 5 23 1
e 5 24 1
e 6 9 1
e 6 25 1
e 6 26 1
e 7 10 1
e 7 27 1
e 7 28 1
e 8 11 1
e 8 29 1
e 8 30 1
e 9 12 1
e 9 31 1
e 9 32 1
e 10 13 1
e 10 33 1
e 10 34 1
e 12 35 1
e 12 36 1
e 12 37 1
e 13 38 1
e 13 39 1
e 13 40 1
e 14 15 1
e 15 16 2
e 15 17 1
e 16 18 1
e 16 42 1
e 17 19 2
e 17 43 1
e 18 20 2
e 18 44 1
e 19 20 1
e 19 45 1
e 20 46 1
t # 52945
v 0 11
v 1 11
v 2 1
v 3 1
v 4 1
v 5 1
v 6 1
v 7 1
v 8 1
v 9 1
v 10 2
v 11 2
v 12 3
v 13 3
v 14 3
v 15 3
v 16 3
v 17 3
v 18 3
v 19 3
v 20 3
v 21 3
v 22 3
v 23 3
v 24 3
v 25 3
v 26 3
v 27 3
v 28 3
v 29 3
v 30 3
v 31 3
v 32 3
v 33 3
v 34 4
v 35 4
v 36 4
v 37 4
v 38 4
v 39 4
v 40 4
v 41 4
v 42 4
v 43 4
v 44 4
v 45 4
v 46 4
v 47 4
v 48 4
v 49 4
v 50 4
v 51 4
v 52 4
v 53 4
e 0 2 2
e 0 3 2
e 0 12 1
e 0 14 1
e 1 4 2
e 1 5 2
e 1 13 1
e 1 15 1
e 6 18 2
e 7 19 2
e 8 20 2
e 9 21 2
e 10 16 1
e 10 18 1
e 10 19 1
e 11 17 1
e 11 20 1
e 11 21 1
e 12 13 1
e 12 34 1
e 12 35 1
e 13 36 1
e 13 37 1
e 14 16 1
e 14 38 1
e 14 39 1
e 15 17 1
e 15 40 1
e 15 41 1
e 16 42 1
e 16 43 1
e 17 44 1
e 17 45 1
e 18 22 1
e 19 23 1
e 20 24 1
e 21 25 1
e 22 23 1
e 22 26 2
e 23 27 2
e 24 25 1
e 24 28 2
e 25 29 2
e 26 30 1
e 26 46 1
e 27 31 1
e 27 47 1
e 28 32 1
e 28 48 1
e 29 33 1
e 29 49 1
e 30 31 2
e 30 50 1
e 31 51 1
e 32 33 2
e 32 52 1
e 33 53 1
t # 52946
v 0 11
v 1 1
v 2 1
v 3 1
v 4 1
v 5 3
v 6 3
v 7 3
v 8 3
v 9 3
v 10 3
v 11 3
v 12 3
v 13 3
v 14 3
v 15 3
v 16 3
v 17 3
v 18 3
v 19 4
v 20 4
v 21 4
v 22 4
v 23 4
v 24 4
v 25 4
v 26 4
v 27 4
v 28 4
v 29 4
v 30 4
v 31 4
v 32 4
v 33 4
v 34 4
v 35 4
v 36 4
v 37 4
v 38 4
e 0 3 2
e 0 4 2
e 0 5 1
e 0 7 1
e 1 6 1
e 1 11 1
e 2 6 1
e 2 12 1
e 5 6 1
e 5 8 1
e 5 19 1
e 6 7 1
e 7 20 1
e 7 21 1
e 8 9 2
e 8 10 1
e 9 13 1
e 9 22 1
e 10 14 2
e 10 23 1
e 11 16 1
e 11 24 1
e 11 25 1
e 12 17 1
e 12 26 1
e 12 27 1
e 13 15 2
e 13 28 1
e 14 15 1
e 14 29 1
e 15 18 1
e 16 30 1
e 16 31 1
e 16 32 1
e 17 33 1
e 17 34 1
e 17 35 1
e 18 36 1
e 18 37 1
e 18 38 1
t # 52947
v 0 11
v 1 1
v 2 1
v 3 1
v 4 2
v 5 3
v 6 3
v 7 3
v 8 3
v 9 3
v 10 3
v 11 3
v 12 3
v 13 3
v 14 3
v 15 3
v 16 3
v 17 3
v 18 4
v 19 4
v 20 4
v 21 4
v 22 4
v 23 4
v 24 4
v 25 4
v 26 4
v 27 4
v 28 4
v 29 4
v 30 4
v 31 4
v 32 4
v 33 4
v 34 4
v 35 4
v 36 4
e 0 2 2
e 0 3 2
e 0 8 1
e 0 11 1
e 1 9 1
e 1 10 1
e 4 5 1
e 4 6 1
e 4 7 1
e 5 8 1
e 5 18 1
e 5 19 1
e 6 9 1
e 6 20 1
e 6 21 1
e 7 10 1
e 7 22 1
e 7 23 1
e 8 24 1
e 8 25 1
e 9 26 1
e 9 27 1
e 10 28 1
e 10 29 1
e 11 12 2
e 11 13 1
e 12 14 1
e 12 30 1
e 13 15 2
e 13 31 1
e 14 16 2
e 14 32 1
e 15 16 1
e 15 33 1
e 16 17 1
e 17 34 1
e 17 35 1
e 17 36 1
t # 52948
v 0 11
v 1 1
v 2 1
v 3 2
v 4 3
v 5 3
v 6 3
v 7 3
v 8 3
v 9 3
v 10 3
v 11 3
v 12 3
v 13 3
v 14 3
v 15 3
v 16 3
v 17 4
v 18 4
v 19 4
v 20 4
v 21 4
v 22 4
v 23 4
v 24 4
v 25 4
v 26 4
v 27 4
v 28 4
v 29 4
v 30 4
v 31 4
v 32 4
v 33 4
v 34 4
v 35 4
e 0 1 2
e 0 2 2
e 0 9 1
e 0 10 1
e 3 4 1
e 3 5 1
e 3 8 1
e 4 6 1
e 4 17 1
e 4 18 1
e 5 7 1
e 5 19 1
e 5 20 1
e 6 7 1
e 6 21 1
e 6 22 1
e 7 23 1
e 7 24 1
e 8 9 1
e 8 25 1
e 8 26 1
e 9 27 1
e 9 28 1
e 10 11 2
e 10 12 1
e 11 13 1
e 11 29 1
e 12 14 2
e 12 30 1
e 13 15 2
e 13 31 1
e 14 15 1
e 14 32 1
e 15 16 1
e 16 33 1
e 16 34 1
e 16 35 1
t # 52949
v 0 11
v 1 1
v 2 1
v 3 1
v 4 1
v 5 3
v 6 3
v 7 3
v 8 3
v 9 3
v 10 3
v 11 3
v 12 3
v 13 3
v 14 3
v 15 3
v 16 3
v 17 3
v 18 4
v 19 4
v 20 4
v 21 4
v 22 4
v 23 4
v 24 4
v 25 4
v 26 4
v 27 4
v 28 4
v 29 4
v 30 4
v 31 4
v 32 4
v 33 4
v 34 4
v 35 4
e 0 3 2
e 0 4 2
e 0 5 1
e 0 7 1
e 1 6 1
e 1 11 1
e 2 6 1
e 2 12 1
e 5 6 1
e 5 8 1
e 5 18 1
e 6 7 1
e 7 19 1
e 7 20 1
e 8 9 2
e 8 10 1
e 9 13 1
e 9 21 1
e 10 14 2
e 10 22 1
e 11 15 1
e 11 23 1
e 11 24 1
e 12 16 1
e 12 25 1
e 12 26 1
e 13 17 2
e 13 27 1
e 14 17 1
e 14 28 1
e 15 29 1
e 15 30 1
e 15 31 1
e 16 32 1
e 16 33 1
e 16 34 1
e 17 35 1
t # 52950
v 0 11
v 1 1
v 2 1
v 3 1
v 4 1
v 5 1
v 6 1
v 7 2
v 8 3
v 9 3
v 10 3
v 11 3
v 12 3
v 13 3
v 14 3
v 15 3
v 16 3
v 17 3
v 18 3
v 19 3
v 20 3
v 21 4
v 22 4
v 23 4
v 24 4
v 25 4
v 26 4
v 27 4
v 28 4
v 29 4
v 30 4
v 31 4
v 32 4
v 33 4
v 34 4
v 35 4
v 36 4
v 37 4
e 0 3 2
e 0 4 2
e 0 8 1
e 0 10 1
e 1 9 1
e 1 14 1
e 2 9 1
e 2 15 1
e 7 20 1
e 8 9 1
e 8 11 1
e 8 21 1
e 9 10 1
e 10 22 1
e 10 23 1
e 11 12 2
e 11 13 1
e 12 16 1
e 12 24 1
e 13 17 2
e 13 25 1
e 14 18 1
e 14 26 1
e 14 27 1
e 15 19 1
e 15 28 1
e 15 29 1
e 16 20 2
e 16 30 1
e 17 20 1
e 17 31 1
e 18 32 1
e 18 33 1
e 18 34 1
e 19 35 1
e 19 36 1
e 19 37 1
t # 52951
v 0 11
v 1 1
v 2 1
v 3 1
v 4 1
v 5 1
v 6 2
v 7 3
v 8 3
v 9 3
v 10 3
v 11 3
v 12 3
v 13 3
v 14 3
v 15 3
v 16 3
v 17 3
v 18 3
v 19 3
v 20 4
v 21 4
v 22 4
v 23 4
v 24 4
v 25 4
v 26 4
v 27 4
v 28 4
v 29 4
v 30 4
e 0 2 2
e 0 3 2
e 0 7 1
e 1 11 1
e 6 16 1
e 7 8 1
e 7 20 1
e 7 21 1
e 8 9 2
e 8 10 1
e 9 14 1
e 9 22 1
e 10 15 2
e 10 23 1
e 11 12 2
e 11 13 1
e 12 18 1
e 12 24 1
e 13 19 2
e 13 25 1
e 14 17 2
e 14 26 1
e 15 17 1
e 15 27 1
e 16 18 2
e 16 19 1
e 17 28 1
e 18 29 1
e 19 30 1
t # 52952
v 0 11
v 1 1
v 2 1
v 3 1
v 4 3
v 5 3
v 6 3
v 7 3
v 8 3
v 9 3
v 10 3
v 11 3
v 12 3
v 13 3
v 14 4
v 15 4
v 16 4
v 17 4
v 18 4
v 19 4
v 20 4
v 21 4
v 22 4
v 23 4
v 24 4
v 25 4
e 0 2 2
e 0 3 2
e 0 4 1
e 1 6 1
e 4 5 1
e 4 7 1
e 4 14 1
e 5 6 1
e 5 15 1
e 5 16 1
e 6 8 1
e 6 17 1
e 7 9 2
e 7 10 1
e 8 18 1
e 8 19 1
e 8 20 1
e 9 11 1
e 9 21 1
e 10 12 2
e 10 22 1
e 11 13 2
e 11 23 1
e 12 13 1
e 12 24 1
e 13 25 1
t # 52953
v 0 11
v 1 11
v 2 1
v 3 1
v 4 1
v 5 1
v 6 1
v 7 1
v 8 2
v 9 2
v 10 2
v 11 3
v 12 3
v 13 3
v 14 3
v 15 3
v 16 3
v 17 3
v 18 3
v 19 3
v 20 3
v 21 3
v 22 3
v 23 4
v 24 4
v 25 4
v 26 4
v 27 4
v 28 4
v 29 4
v 30 4
v 31 4
v 32 4
v 33 4
v 34 4
v 35 4
v 36 4
v 37 4
e 0 4 2
e 0 5 2
e 0 21 1
e 1 6 2
e 1 7 2
e 1 22 1
e 2 13 1
e 3 14 1
e 8 10 1
e 8 11 1
e 8 15 1
e 9 12 1
e 11 12 2
e 11 13 1
e 12 14 1
e 13 23 1
e 13 24 1
e 14 25 1
e 14 26 1
e 15 16 2
e 15 17 1
e 16 18 1
e 16 27 1
e 17 19 2
e 17 28 1
e 18 20 2
e 18 29 1
e 19 20 1
e 19 30 1
e 20 31 1
e 21 32 1
e 21 33 1
e 21 34 1
e 22 35 1
e 22 36 1
e 22 37 1
t # 52954
v 0 11
v 1 1
v 2 1
v 3 2
v 4 2
v 5 2
v 6 2
v 7 3
v 8 3
v 9 3
v 10 3
v 11 3
v 12 3
v 13 3
v 14 3
v 15 3
v 16 3
v 17 3
v 18 3
v 19 3
v 20 3
v 21 3
v 22 4
v 23 4
v 24 4
v 25 4
v 26 4
v 27 4
v 28 4
v 29 4
v 30 4
v 31 4
v 32 4
v 33 4
v 34 4
v 35 4
v 36 4
v 37 4
e 0 11 1
e 0 13 1
e 1 9 2
e 2 10 2
e 3 8 1
e 3 10 1
e 3 14 1
e 4 9 1
e 4 10 1
e 4 15 1
e 5 7 1
e 5 11 1
e 5 22 1
e 6 8 1
e 6 11 2
e 7 8 2
e 7 9 1
e 12 13 1
e 12 16 1
e 12 23 1
e 12 24 1
e 13 25 1
e 13 26 1
e 14 27 1
e 14 28 1
e 14 29 1
e 15 30 1
e 15 31 1
e 15 32 1
e 16 17 2
e 16 18 1
e 17 19 1
e 17 33 1
e 18 20 2
e 18 34 1
e 19 21 2
e 19 35 1
e 20 21 1
e 20 36 1
e 21 37 1
t # 52955
v 0 11
v 1 1
v 2 1
v 3 2
v 4 2
v 5 2
v 6 2
v 7 3
v 8 3
v 9 3
v 10 3
v 11 3
v 12 3
v 13 3
v 14 3
v 15 3
v 16 3
v 17 3
v 18 3
v 19 3
v 20 3
v 21 4
v 22 4
v 23 4
v 24 4
v 25 4
v 26 4
v 27 4
v 28 4
v 29 4
v 30 4
v 31 4
v 32 4
v 33 4
v 34 4
e 0 11 1
e 0 14 1
e 1 9 2
e 2 10 2
e 3 8 1
e 3 10 1
e 3 12 1
e 4 9 1
e 4 10 1
e 4 13 1
e 5 7 1
e 5 11 1
e 5 21 1
e 6 8 1
e 6 11 2
e 7 8 2
e 7 9 1
e 12 22 1
e 12 23 1
e 12 24 1
e 13 25 1
e 13 26 1
e 13 27 1
e 14 15 1
e 14 28 1
e 14 29 1
e 15 16 2
e 15 17 1
e 16 18 1
e 16 30 1
e 17 19 2
e 17 31 1
e 18 20 2
e 18 32 1
e 19 20 1
e 19 33 1
e 20 34 1
t # 52956
v 0 12
v 1 12
v 2 1
v 3 1
v 4 2
v 5 3
v 6 3
v 7 3
v 8 3
v 9 3
v 10 3
v 11 3
v 12 3
v 13 3
v 14 3
v 15 3
v 16 3
v 17 3
v 18 3
v 19 3
v 20 3
v 21 4
v 22 4
v 23 4
v 24 4
v 25 4
v 26 4
v 27 4
v 28 4
v 29 4
e 0 12 1
e 1 13 1
e 2 17 1
e 2 29 1
e 3 17 2
e 4 6 1
e 4 8 2
e 5 6 2
e 5 7 1
e 5 11 1
e 6 12 1
e 7 9 2
e 7 17 1
e 8 9 1
e 8 10 1
e 9 21 1
e 10 15 2
e 10 16 1
e 11 13 2
e 11 22 1
e 12 14 2
e 13 14 1
e 14 23 1
e 15 18 1
e 15 24 1
e 16 19 2
e 16 25 1
e 18 20 2
e 18 26 1
e 19 20 1
e 19 27 1
e 20 28 1
t # 52957
v 0 1
v 1 3
v 2 3
v 3 3
v 4 3
v 5 3
v 6 3
v 7 3
v 8 3
v 9 3
v 10 3
v 11 3
v 12 3
v 13 3
v 14 3
v 15 3
v 16 4
v 17 4
v 18 4
v 19 4
v 20 4
v 21 4
v 22 4
v 23 4
v 24 4
v 25 4
v 26 4
v 27 4
v 28 4
v 29 4
v 30 4
v 31 4
v 32 4
v 33 4
v 34 4
v 35 4
v 36 4
v 37 4
e 0 2 1
e 0 28 1
e 1 2 1
e 1 3 1
e 1 7 1
e 1 16 1
e 2 4 1
e 2 17 1
e 3 5 1
e 3 18 1
e 3 19 1
e 4 6 1
e 4 20 1
e 4 21 1
e 5 6 1
e 5 22 1
e 5 23 1
e 6 24 1
e 6 25 1
e 7 8 2
e 7 9 1
e 8 11 1
e 8 26 1
e 9 12 2
e 9 27 1
e 10 11 2
e 10 12 1
e 10 13 1
e 11 29 1
e 12 30 1
e 13 14 1
e 13 15 1
e 13 31 1
e 14 32 1
e 14 33 1
e 14 34 1
e 15 35 1
e 15 36 1
e 15 37 1
t # 52958
v 0 12
v 1 12
v 2 1
v 3 1
v 4 3
v 5 3
v 6 3
v 7 3
v 8 3
v 9 3
v 10 3
v 11 3
v 12 3
v 13 3
v 14 3
v 15 3
v 16 3
v 17 3
v 18 3
v 19 4
v 20 4
v 21 4
v 22 4
v 23 4
v 24 4
v 25 4
v 26 4
v 27 4
v 28 4
v 29 4
v 30 4
v 31 4
v 32 4
e 0 15 1
e 1 16 1
e 2 7 1
e 2 31 1
e 3 8 1
e 3 32 1
e 4 5 1
e 4 6 1
e 4 19 1
e 4 20 1
e 5 7 2
e 5 11 1
e 6 8 2
e 6 12 1
e 7 9 1
e 8 10 1
e 9 13 2
e 9 17 1
e 10 14 2
e 10 18 1
e 11 15 2
e 11 21 1
e 12 16 2
e 12 22 1
e 13 15 1
e 13 23 1
e 14 16 1
e 14 24 1
e 17 25 1
e 17 26 1
e 17 27 1
e 18 28 1
e 18 29 1
e 18 30 1
t # 52959
v 0 1
v 1 2
v 2 3
v 3 3
v 4 3
v 5 3
v 6 3
v 7 3
v 8 3
v 9 3
v 10 3
v 11 3
v 12 3
v 13 3
v 14 3
v 15 3
v 16 4
v 17 4
v 18 4
v 19 4
v 20 4
v 21 4
v 22 4
v 23 4
v 24 4
v 25 4
v 26 4
v 27 4
v 28 4
v 29 4
v 30 4
v 31 4
v 32 4
v 33 4
v 34 4
v 35 4
v 36 4
e 0 2 1
e 0 7 1
e 1 3 1
e 1 9 1
e 1 26 1
e 2 3 1
e 2 4 1
e 2 16 1
e 3 6 1
e 3 17 1
e 4 5 1
e 4 18 1
e 4 19 1
e 5 7 1
e 5 20 1
e 5 21 1
e 6 8 1
e 6 22 1
e 6 23 1
e 7 24 1
e 7 25 1
e 8 10 2
e 8 11 1
e 9 12 1
e 9 27 1
e 9 28 1
e 10 13 1
e 10 29 1
e 11 14 2
e 11 30 1
e 12 31 1
e 12 32 1
e 12 33 1
e 13 15 2
e 13 34 1
e 14 15 1
e 14 35 1
e 15 36 1
t # 52960
v 0 1
v 1 1
v 2 1
v 3 2
v 4 3
v 5 3
v 6 3
v 7 3
v 8 3
v 9 3
v 10 3
v 11 3
v 12 3
v 13 3
v 14 3
v 15 4
v 16 4
v 17 4
v 18 4
v 19 4
v 20 4
v 21 4
v 22 4
v 23 4
e 0 8 2
e 1 14 1
e 1 23 1
e 2 14 2
e 3 5 1
e 3 12 1
e 3 17 1
e 4 5 2
e 4 6 1
e 4 8 1
e 5 9 1
e 6 7 2
e 6 15 1
e 7 11 1
e 7 13 1
e 8 10 1
e 9 11 2
e 9 16 1
e 10 12 2
e 10 14 1
e 11 18 1
e 12 19 1
e 13 20 1
e 13 21 1
e 13 22 1
t # 52961
v 0 2
v 1 2
v 2 3
v 3 3
v 4 3
v 5 3
v 6 3
v 7 3
v 8 3
v 9 3
v 10 3
v 11 3
v 12 4
v 13 4
v 14 4
v 15 4
v 16 4
v 17 4
v 18 4
v 19 4
v 20 4
v 21 4
v 22 4
v 23 4
v 24 4
v 25 4
v 26 4
v 27 4
e 0 2 1
e 0 3 1
e 0 4 1
e 1 5 1
e 1 10 2
e 2 5 1
e 2 12 1
e 2 13 1
e 3 6 1
e 3 14 1
e 3 15 1
e 4 7 1
e 4 16 1
e 4 17 1
e 5 8 2
e 6 18 1
e 6 19 1
e 6 20 1
e 7 21 1
e 7 22 1
e 7 23 1
e 8 9 1
e 8 24 1
e 9 11 2
e 9 25 1
e 10 11 1
e 10 26 1
e 11 27 1
t # 52962
v 0 1
v 1 1
v 2 2
v 3 3
v 4 3
v 5 3
v 6 3
v 7 3
v 8 3
v 9 3
v 10 3
v 11 3
v 12 3
v 13 4
v 14 4
v 15 4
v 16 4
v 17 4
v 18 4
v 19 4
v 20 4
v 21 4
e 0 7 1
e 0 12 1
e 2 4 1
e 2 11 2
e 3 4 2
e 3 5 1
e 3 8 1
e 4 6 1
e 5 7 2
e 5 13 1
e 6 9 2
e 6 14 1
e 7 9 1
e 8 10 2
e 8 15 1
e 9 16 1
e 10 11 1
e 10 17 1
e 11 18 1
e 12 19 1
e 12 20 1
e 12 21 1
t # 52963
v 0 1
v 1 1
v 2 1
v 3 1
v 4 2
v 5 3
v 6 3
v 7 3
v 8 3
v 9 3
v 10 3
v 11 3
v 12 4
v 13 4
v 14 4
v 15 4
v 16 4
v 17 4
v 18 4
v 19 4
v 20 4
v 21 4
v 22 4
e 0 8 1
e 0 10 1
e 1 9 1
e 1 11 1
e 2 8 2
e 3 9 2
e 4 6 1
e 4 15 1
e 4 16 1
e 5 6 1
e 5 8 1
e 5 12 1
e 5 13 1
e 6 7 2
e 7 9 1
e 7 14 1
e 10 17 1
e 10 18 1
e 10 19 1
e 11 20 1
e 11 21 1
e 11 22 1
t # 52964
v 0 1
v 1 1
v 2 2
v 3 3
v 4 3
v 5 3
v 6 3
v 7 3
v 8 3
v 9 3
v 10 3
v 11 3
v 12 3
v 13 3
v 14 3
v 15 3
v 16 3
v 17 3
v 18 4
v 19 4
v 20 4
v 21 4
v 22 4
v 23 4
v 24 4
v 25 4
v 26 4
v 27 4
v 28 4
v 29 4
v 30 4
v 31 4
v 32 4
e 0 4 1
e 0 12 1
e 1 12 2
e 2 11 1
e 2 12 1
e 2 27 1
e 3 4 2
e 3 7 1
e 3 9 1
e 4 6 1
e 5 6 2
e 5 8 1
e 5 10 1
e 6 18 1
e 7 8 2
e 7 19 1
e 8 20 1
e 9 21 1
e 9 22 1
e 9 23 1
e 10 24 1
e 10 25 1
e 10 26 1
e 11 13 2
e 11 14 1
e 13 15 1
e 13 28 1
e 14 16 2
e 14 29 1
e 15 17 2
e 15 30 1
e 16 17 1
e 16 31 1
e 17 32 1
t # 52965
v 0 1
v 1 1
v 2 1
v 3 3
v 4 3
v 5 3
v 6 3
v 7 3
v 8 3
v 9 3
v 10 3
v 11 3
v 12 3
v 13 3
v 14 3
v 15 3
v 16 3
v 17 3
v 18 3
v 19 3
v 20 3
v 21 3
v 22 3
v 23 3
v 24 4
v 25 4
v 26 4
v 27 4
v 28 4
v 29 4
v 30 4
v 31 4
v 32 4
v 33 4
v 34 4
v 35 4
v 36 4
v 37 4
e 0 16 2
e 1 23 1
e 1 37 1
e 2 23 2
e 3 4 1
e 3 6 1
e 3 24 1
e 3 25 1
e 4 5 2
e 4 8 1
e 5 7 1
e 5 9 1
e 6 7 1
e 6 11 2
e 7 12 2
e 8 10 2
e 8 26 1
e 9 13 2
e 9 27 1
e 10 13 1
e 10 16 1
e 11 14 1
e 11 28 1
e 12 15 1
e 12 29 1
e 13 30 1
e 14 15 2
e 14 31 1
e 15 32 1
e 16 17 1
e 17 18 1
e 17 19 2
e 18 20 2
e 18 23 1
e 19 21 1
e 19 33 1
e 20 22 1
e 20 34 1
e 21 22 2
e 21 35 1
e 22 36 1
t # 52966
v 0 1
v 1 1
v 2 1
v 3 1
v 4 1
v 5 1
v 6 1
v 7 2
v 8 2
v 9 2
v 10 2
v 11 3
v 12 3
v 13 3
v 14 3
v 15 3
v 16 3
v 17 3
v 18 3
v 19 3
v 20 3
v 21 3
v 22 3
v 23 3
v 24 4
v 25 4
v 26 4
v 27 4
v 28 4
v 29 4
v 30 4
v 31 4
v 32 4
v 33 4
v 34 4
v 35 4
e 0 13 1
e 0 33 1
e 7 11 1
e 8 12 1
e 9 14 1
e 10 18 1
e 10 34 1
e 10 35 1
e 11 13 2
e 11 15 1
e 12 13 1
e 12 16 2
e 14 15 2
e 14 16 1
e 15 24 1
e 16 25 1
e 17 18 1
e 17 19 2
e 17 20 1
e 18 26 1
e 18 27 1
e 19 21 1
e 19 28 1
e 20 22 2
e 20 29 1
e 21 23 2
e 21 30 1
e 22 23 1
e 22 31 1
e 23 32 1
t # 52967
v 0 1
v 1 1
v 2 1
v 3 2
v 4 2
v 5 2
v 6 2
v 7 2
v 8 3
v 9 3
v 10 3
v 11 3
v 12 3
v 13 3
v 14 3
v 15 3
v 16 3
v 17 3
v 18 4
v 19 4
v 20 4
v 21 4
v 22 4
v 23 4
v 24 4
v 25 4
v 26 4
v 27 4
v 28 4
e 0 8 1
e 0 9 1
e 1 10 1
e 1 11 1
e 2 12 1
e 2 25 1
e 3 10 1
e 3 13 1
e 3 14 1
e 4 14 2
e 4 15 1
e 5 13 2
e 5 17 1
e 6 16 1
e 6 17 2
e 7 16 1
e 7 27 1
e 7 28 1
e 8 9 1
e 8 10 1
e 8 18 1
e 9 11 1
e 9 19 1
e 10 20 1
e 11 12 1
e 11 21 1
e 12 22 1
e 12 23 1
e 13 15 1
e 14 24 1
e 15 16 2
e 17 26 1
t # 52968
v 0 1
v 1 1
v 2 1
v 3 1
v 4 1
v 5 1
v 6 1
v 7 2
v 8 2
v 9 2
v 10 3
v 11 3
v 12 3
v 13 3
v 14 3
v 15 3
v 16 3
v 17 3
v 18 3
v 19 3
v 20 3
v 21 3
v 22 3
v 23 3
v 24 3
v 25 3
v 26 3
v 27 3
v 28 3
v 29 3
v 30 3
v 31 3
v 32 4
v 33 4
v 34 4
v 35 4
v 36 4
v 37 4
v 38 4
v 39 4
v 40 4
v 41 4
v 42 4
v 43 4
v 44 4
v 45 4
v 46 4
v 47 4
v 48 4
v 49 4
v 50 4
v 51 4
v 52 4
v 53 4
v 54 4
v 55 4
v 56 4
v 57 4
v 58 4
v 59 4
v 60 4
v 61 4
v 62 4
e 0 18 1
e 0 27 1
e 1 19 1
e 1 28 1
e 2 18 2
e 3 19 2
e 4 24 1
e 4 55 1
e 5 25 1
e 5 56 1
e 6 26 2
e 7 14 1
e 7 16 1
e 7 35 1
e 8 15 1
e 8 21 1
e 8 22 1
e 9 11 1
e 9 26 1
e 9 37 1
e 10 11 1
e 10 12 1
e 10 32 1
e 10 33 1
e 11 18 1
e 11 19 1
e 12 13 1
e 12 16 2
e 13 14 2
e 13 17 1
e 14 15 1
e 15 20 2
e 16 34 1
e 17 23 2
e 17 36 1
e 20 23 1
e 20 38 1
e 21 24 1
e 21 39 1
e 21 40 1
e 22 25 1
e 22 41 1
e 22 42 1
e 23 43 1
e 24 44 1
e 24 45 1
e 25 46 1
e 25 47 1
e 26 29 1
e 27 30 1
e 27 48 1
e 27 49 1
e 28 31 1
e 28 50 1
e 28 51 1
e 29 52 1
e 29 53 1
e 29 54 1
e 30 57 1
e 30 58 1
e 30 59 1
e 31 60 1
e 31 61 1
e 31 62 1
t # 52969
v 0 27
v 1 1
v 2 1
v 3 2
v 4 3
v 5 3
v 6 3
v 7 3
v 8 3
v 9 3
v 10 3
v 11 3
v 12 3
v 13 3
v 14 3
v 15 3
v 16 3
v 17 3
v 18 4
v 19 4
v 20 4
v 21 4
v 22 4
v 23 4
v 24 4
v 25 4
v 26 4
v 27 4
v 28 4
v 29 4
v 30 4
v 31 4
v 32 4
v 33 4
v 34 4
v 35 4
e 1 14 1
e 1 15 1
e 2 14 2
e 4 3 1
e 3 14 1
e 3 24 1
e 4 5 1
e 4 8 1
e 4 18 1
e 5 6 1
e 5 19 1
e 6 7 1
e 6 20 1
e 6 21 1
e 7 9 1
e 7 22 1
e 7 23 1
e 8 9 1
e 8 10 2
e 9 11 2
e 10 12 1
e 10 25 1
e 11 13 1
e 11 26 1
e 12 13 2
e 12 27 1
e 13 28 1
e 15 16 1
e 15 17 1
e 15 29 1
e 16 30 1
e 16 31 1
e 16 32 1
e 17 33 1
e 17 34 1
e 17 35 1
t # 52970
v 0 11
v 1 1
v 2 1
v 3 1
v 4 2
v 5 3
v 6 3
v 7 3
v 8 3
v 9 3
v 10 3
v 11 3
v 12 3
v 13 3
v 14 3
v 15 3
v 16 3
v 17 3
v 18 3
v 19 3
v 20 3
v 21 4
v 22 4
v 23 4
v 24 4
v 25 4
v 26 4
v 27 4
v 28 4
v 29 4
v 30 4
v 31 4
v 32 4
v 33 4
v 34 4
v 35 4
v 36 4
v 37 4
e 0 5 1
e 0 8 1
e 1 11 1
e 1 36 1
e 2 11 2
e 3 13 1
e 3 37 1
e 4 6 1
e 4 27 1
e 4 28 1
e 5 6 1
e 5 7 1
e 5 21 1
e 6 11 1
e 6 22 1
e 7 9 2
e 7 10 1
e 8 12 1
e 8 23 1
e 8 24 1
e 9 13 1
e 9 25 1
e 10 14 2
e 10 26 1
e 12 16 2
e 12 17 1
e 13 15 2
e 14 15 1
e 14 29 1
e 15 30 1
e 16 18 1
e 16 31 1
e 17 19 2
e 17 32 1
e 18 20 2
e 18 33 1
e 19 20 1
e 19 34 1
e 20 35 1
t # 52971
v 0 2
v 1 2
v 2 3
v 3 3
v 4 3
v 5 3
v 6 3
v 7 3
v 8 3
v 9 3
v 10 3
v 11 3
v 12 3
v 13 3
v 14 3
v 15 3
v 16 3
v 17 3
v 18 3
v 19 3
v 20 3
v 21 3
v 22 4
v 23 4
v 24 4
v 25 4
v 26 4
v 27 4
v 28 4
v 29 4
v 30 4
v 31 4
v 32 4
v 33 4
v 34 4
v 35 4
v 36 4
v 37 4
v 38 4
v 39 4
v 40 4
v 41 4
v 42 4
v 43 4
v 44 4
v 45 4
v 46 4
v 47 4
e 0 4 1
e 0 6 1
e 0 12 1
e 1 9 1
e 1 16 1
e 1 17 1
e 2 3 1
e 2 5 1
e 2 7 1
e 2 22 1
e 3 6 1
e 3 8 1
e 3 23 1
e 4 5 1
e 4 9 1
e 4 24 1
e 5 25 1
e 5 26 1
e 6 27 1
e 6 28 1
e 7 10 1
e 7 29 1
e 7 30 1
e 8 11 1
e 8 31 1
e 8 32 1
e 9 13 2
e 10 11 1
e 10 33 1
e 10 34 1
e 11 35 1
e 11 36 1
e 12 14 1
e 12 37 1
e 12 38 1
e 13 14 1
e 13 15 1
e 14 39 1
e 14 40 1
e 15 16 1
e 15 18 2
e 16 19 2
e 17 41 1
e 17 42 1
e 17 43 1
e 18 20 1
e 18 44 1
e 19 21 1
e 19 45 1
e 20 21 2
e 20 46 1
e 21 47 1
t # 52972
v 0 11
v 1 1
v 2 1
v 3 2
v 4 2
v 5 2
v 6 2
v 7 2
v 8 2
v 9 2
v 10 3
v 11 3
v 12 3
v 13 3
v 14 3
v 15 3
v 16 3
v 17 3
v 18 3
v 19 3
v 20 3
v 21 3
v 22 3
v 23 4
v 24 4
v 25 4
v 26 4
v 27 4
v 28 4
v 29 4
v 30 4
v 31 4
v 32 4
v 33 4
v 34 4
v 35 4
v 36 4
v 37 4
v 38 4
v 39 4
v 40 4
v 41 4
e 0 17 1
e 0 18 1
e 1 21 2
e 3 10 1
e 3 13 1
e 3 15 1
e 4 14 1
e 4 15 2
e 5 13 1
e 5 20 2
e 6 17 2
e 6 20 1
e 7 19 1
e 7 21 1
e 7 38 1
e 8 9 1
e 8 21 1
e 8 22 1
e 10 11 1
e 10 23 1
e 10 24 1
e 11 12 1
e 11 25 1
e 11 26 1
e 12 16 1
e 12 27 1
e 12 28 1
e 13 14 2
e 14 17 1
e 15 29 1
e 16 30 1
e 16 31 1
e 16 32 1
e 18 19 1
e 18 33 1
e 18 34 1
e 19 35 1
e 19 36 1
e 20 37 1
e 22 39 1
e 22 40 1
e 22 41 1
t # 52973
v 0 1
v 1 1
v 2 1
v 3 1
v 4 1
v 5 1
v 6 1
v 7 2
v 8 2
v 9 2
v 10 2
v 11 2
v 12 3
v 13 3
v 14 3
v 15 3
v 16 3
v 17 3
v 18 3
v 19 3
v 20 3
v 21 3
v 22 3
v 23 3
v 24 3
v 25 3
v 26 3
v 27 3
v 28 3
v 29 3
v 30 3
v 31 3
v 32 3
v 33 3
v 34 3
v 35 3
v 36 3
v 37 3
v 38 3
v 39 3
v 40 3
v 41 3
v 42 3
v 43 4
v 44 4
v 45 4
v 46 4
v 47 4
v 48 4
v 49 4
v 50 4
v 51 4
v 52 4
v 53 4
v 54 4
v 55 4
v 56 4
v 57 4
v 58 4
v 59 4
v 60 4
v 61 4
v 62 4
v 63 4
v 64 4
v 65 4
v 66 4
v 67 4
e 0 13 1
e 0 15 1
e 1 12 1
e 1 20 1
e 2 16 1
e 2 24 1
e 3 20 2
e 4 21 2
e 5 24 2
e 6 28 2
e 7 13 1
e 7 17 1
e 7 18 1
e 8 17 1
e 8 22 1
e 8 51 1
e 9 18 2
e 9 19 1
e 10 21 1
e 10 22 2
e 11 22 1
e 11 28 1
e 11 52 1
e 12 14 1
e 12 15 1
e 12 43 1
e 13 14 1
e 13 44 1
e 14 45 1
e 14 46 1
e 15 16 1
e 15 47 1
e 16 48 1
e 16 49 1
e 17 19 2
e 18 50 1
e 19 21 1
e 20 23 1
e 23 26 2
e 23 27 1
e 24 25 1
e 25 31 2
e 25 32 1
e 26 29 1
e 26 53 1
e 27 30 2
e 27 54 1
e 28 34 1
e 29 33 2
e 29 55 1
e 30 33 1
e 30 56 1
e 31 35 1
e 31 57 1
e 32 36 2
e 32 58 1
e 33 59 1
e 34 38 2
e 34 39 1
e 35 37 2
e 35 60 1
e 36 37 1
e 36 61 1
e 37 62 1
e 38 40 1
e 38 63 1
e 39 41 2
e 39 64 1
e 40 42 2
e 40 65 1
e 41 42 1
e 41 66 1
e 42 67 1
t # 52974
v 0 1
v 1 1
v 2 1
v 3 1
v 4 1
v 5 1
v 6 1
v 7 2
v 8 2
v 9 2
v 10 2
v 11 2
v 12 3
v 13 3
v 14 3
v 15 3
v 16 3
v 17 3
v 18 3
v 19 3
v 20 3
v 21 3
v 22 3
v 23 3
v 24 3
v 25 3
v 26 3
v 27 3
v 28 4
v 29 4
v 30 4
v 31 4
v 32 4
v 33 4
v 34 4
v 35 4
v 36 4
v 37 4
v 38 4
v 39 4
v 40 4
v 41 4
v 42 4
v 43 4
v 44 4
v 45 4
v 46 4
e 0 14 1
e 0 15 1
e 1 12 1
e 1 20 1
e 2 13 1
e 2 21 1
e 3 16 1
e 3 24 1
e 4 20 2
e 5 21 2
e 6 24 2
e 7 14 1
e 7 17 1
e 7 18 1
e 8 18 2
e 8 19 1
e 9 17 2
e 9 26 1
e 10 22 1
e 10 26 2
e 11 22 1
e 11 42 1
e 11 43 1
e 12 13 1
e 12 14 1
e 12 28 1
e 13 15 1
e 13 29 1
e 14 30 1
e 15 16 1
e 15 31 1
e 16 32 1
e 16 33 1
e 17 19 1
e 18 34 1
e 19 22 2
e 20 23 1
e 21 25 1
e 23 35 1
e 23 36 1
e 23 37 1
e 24 27 1
e 25 38 1
e 25 39 1
e 25 40 1
e 26 41 1
e 27 44 1
e 27 45 1
e 27 46 1
t # 52975
v 0 1
v 1 1
v 2 1
v 3 1
v 4 1
v 5 2
v 6 2
v 7 2
v 8 2
v 9 2
v 10 3
v 11 3
v 12 3
v 13 3
v 14 3
v 15 3
v 16 3
v 17 3
v 18 3
v 19 3
v 20 3
v 21 3
v 22 3
v 23 3
v 24 4
v 25 4
v 26 4
v 27 4
v 28 4
v 29 4
v 30 4
v 31 4
v 32 4
v 33 4
v 34 4
v 35 4
v 36 4
v 37 4
v 38 4
v 39 4
v 40 4
e 0 12 1
e 0 13 1
e 1 10 1
e 1 18 1
e 2 14 1
e 2 20 1
e 3 18 2
e 4 20 2
e 5 13 1
e 5 15 1
e 5 16 1
e 6 16 2
e 6 17 1
e 7 15 2
e 7 22 1
e 8 19 1
e 8 22 2
e 9 19 1
e 9 36 1
e 9 37 1
e 10 11 1
e 10 12 1
e 10 24 1
e 11 13 1
e 11 25 1
e 11 26 1
e 12 14 1
e 12 28 1
e 13 27 1
e 14 29 1
e 14 30 1
e 15 17 1
e 16 31 1
e 17 19 2
e 18 21 1
e 20 23 1
e 21 32 1
e 21 33 1
e 21 34 1
e 22 35 1
e 23 38 1
e 23 39 1
e 23 40 1
t # 52976
v 0 1
v 1 1
v 2 1
v 3 1
v 4 1
v 5 1
v 6 1
v 7 1
v 8 2
v 9 2
v 10 3
v 11 3
v 12 3
v 13 3
v 14 3
v 15 3
v 16 3
v 17 3
v 18 4
v 19 4
v 20 4
v 21 4
v 22 4
v 23 4
v 24 4
v 25 4
v 26 4
v 27 4
v 28 4
v 29 4
e 4 15 1
e 4 17 1
e 5 16 1
e 5 26 1
e 6 15 2
e 7 16 2
e 8 10 1
e 9 10 1
e 10 11 1
e 10 12 1
e 11 13 1
e 11 18 1
e 11 19 1
e 12 14 1
e 12 20 1
e 12 21 1
e 13 15 1
e 13 22 1
e 13 23 1
e 14 16 1
e 14 24 1
e 14 25 1
e 17 27 1
e 17 28 1
e 17 29 1
t # 52977
v 0 1
v 1 1
v 2 1
v 3 1
v 4 1
v 5 2
v 6 2
v 7 3
v 8 3
v 9 3
v 10 3
v 11 3
v 12 3
v 13 3
v 14 3
v 15 3
v 16 3
v 17 3
v 18 3
v 19 3
v 20 3
v 21 3
v 22 3
v 23 4
v 24 4
v 25 4
v 26 4
v 27 4
v 28 4
v 29 4
v 30 4
v 31 4
v 32 4
v 33 4
v 34 4
e 0 7 1
e 0 18 1
e 1 8 1
e 1 18 1
e 2 9 1
e 2 20 1
e 3 10 1
e 3 20 1
e 4 21 2
e 5 6 1
e 5 21 1
e 5 34 1
e 6 22 2
e 7 8 2
e 7 12 1
e 8 15 1
e 9 10 2
e 9 14 1
e 10 17 1
e 11 12 2
e 11 16 1
e 11 21 1
e 12 23 1
e 13 14 2
e 13 19 1
e 13 22 1
e 14 24 1
e 15 16 2
e 15 25 1
e 16 26 1
e 17 19 2
e 17 27 1
e 18 28 1
e 18 29 1
e 19 30 1
e 20 31 1
e 20 32 1
e 22 33 1
t # 52978
v 0 2
v 1 2
v 2 2
v 3 2
v 4 3
v 5 3
v 6 3
v 7 3
v 8 3
v 9 3
v 10 3
v 11 3
v 12 3
v 13 3
v 14 3
v 15 3
v 16 3
v 17 3
v 18 3
v 19 3
v 20 3
v 21 3
v 22 3
v 23 4
v 24 4
v 25 4
v 26 4
v 27 4
v 28 4
v 29 4
v 30 4
v 31 4
v 32 4
v 33 4
v 34 4
v 35 4
v 36 4
v 37 4
v 38 4
v 39 4
v 40 4
v 41 4
v 42 4
v 43 4
v 44 4
v 45 4
v 46 4
e 0 2 1
e 0 4 1
e 0 7 1
e 1 3 1
e 1 4 1
e 1 8 1
e 2 11 2
e 3 12 2
e 4 23 1
e 4 24 1
e 5 11 1
e 5 13 2
e 5 15 1
e 6 12 1
e 6 14 2
e 6 16 1
e 7 25 1
e 7 26 1
e 7 27 1
e 8 28 1
e 8 29 1
e 8 30 1
e 9 17 2
e 9 19 1
e 9 21 1
e 10 18 2
e 10 20 1
e 10 22 1
e 11 31 1
e 12 32 1
e 13 17 1
e 13 33 1
e 14 18 1
e 14 34 1
e 15 19 2
e 15 35 1
e 16 20 2
e 16 36 1
e 17 37 1
e 18 38 1
e 19 39 1
e 20 40 1
e 21 41 1
e 21 42 1
e 21 43 1
e 22 44 1
e 22 45 1
e 22 46 1
t # 52979
v 0 1
v 1 1
v 2 1
v 3 1
v 4 2
v 5 2
v 6 2
v 7 2
v 8 3
v 9 3
v 10 3
v 11 3
v 12 3
v 13 3
v 14 3
v 15 3
v 16 3
v 17 3
v 18 3
v 19 3
v 20 3
v 21 3
v 22 3
v 23 3
v 24 3
v 25 3
v 26 3
v 27 3
v 28 3
v 29 4
v 30 4
v 31 4
v 32 4
v 33 4
v 34 4
v 35 4
v 36 4
v 37 4
v 38 4
v 39 4
v 40 4
v 41 4
v 42 4
v 43 4
v 44 4
v 45 4
v 46 4
v 47 4
v 48 4
v 49 4
v 50 4
v 51 4
v 52 4
e 0 19 1
e 0 25 1
e 1 20 1
e 1 26 1
e 2 25 2
e 3 26 2
e 4 6 1
e 4 8 1
e 4 9 1
e 5 7 1
e 5 8 1
e 5 10 1
e 6 13 2
e 7 14 2
e 8 29 1
e 8 30 1
e 9 31 1
e 9 32 1
e 9 33 1
e 10 34 1
e 10 35 1
e 10 36 1
e 11 13 1
e 11 15 2
e 11 17 1
e 12 14 1
e 12 16 2
e 12 18 1
e 13 37 1
e 14 38 1
e 15 21 1
e 15 39 1
e 16 22 1
e 16 40 1
e 17 23 2
e 17 41 1
e 18 24 2
e 18 42 1
e 19 21 2
e 19 23 1
e 20 22 2
e 20 24 1
e 21 43 1
e 22 44 1
e 23 45 1
e 24 46 1
e 25 27 1
e 26 28 1
e 27 47 1
e 27 48 1
e 27 49 1
e 28 50 1
e 28 51 1
e 28 52 1
t # 52980
v 0 12
v 1 12
v 2 12
v 3 2
v 4 2
v 5 2
v 6 2
v 7 3
v 8 3
v 9 3
v 10 3
v 11 3
v 12 3
v 13 3
v 14 3
v 15 3
v 16 3
v 17 3
v 18 3
v 19 3
v 20 3
v 21 3
v 22 3
v 23 3
v 24 3
v 25 3
v 26 3
v 27 3
v 28 3
v 29 3
v 30 4
v 31 4
v 32 4
v 33 4
v 34 4
v 35 4
v 36 4
v 37 4
v 38 4
v 39 4
v 40 4
v 41 4
v 42 4
v 43 4
v 44 4
v 45 4
v 46 4
v 47 4
v 48 4
v 49 4
v 50 4
e 0 15 1
e 1 28 1
e 2 29 1
e 3 5 1
e 3 7 1
e 3 11 1
e 4 6 1
e 4 7 1
e 4 12 1
e 5 16 2
e 6 17 2
e 7 8 1
e 7 30 1
e 8 9 2
e 8 10 1
e 9 13 1
e 9 31 1
e 10 14 2
e 10 32 1
e 11 33 1
e 11 34 1
e 11 35 1
e 12 36 1
e 12 37 1
e 12 38 1
e 13 15 2
e 13 39 1
e 14 15 1
e 14 40 1
e 16 18 1
e 16 41 1
e 17 19 1
e 17 42 1
e 18 20 2
e 18 22 1
e 19 21 2
e 19 23 1
e 20 24 1
e 20 43 1
e 21 25 1
e 21 44 1
e 22 26 2
e 22 45 1
e 23 27 2
e 23 46 1
e 24 28 2
e 24 47 1
e 25 29 2
e 25 48 1
e 26 28 1
e 26 49 1
e 27 29 1
e 27 50 1
t # 52981
v 0 12
v 1 12
v 2 11
v 3 1
v 4 1
v 5 1
v 6 3
v 7 3
v 8 3
v 9 3
v 10 3
v 11 3
v 12 4
v 13 4
v 14 4
v 15 4
e 0 9 1
e 1 11 1
e 2 4 2
e 2 5 2
e 2 6 1
e 3 15 1
e 6 7 2
e 6 8 1
e 7 9 1
e 7 12 1
e 8 10 2
e 8 13 1
e 9 11 2
e 10 11 1
e 10 14 1
t # 52982
v 0 1
v 1 3
v 2 3
v 3 3
v 4 3
v 5 3
v 6 3
v 7 3
v 8 3
v 9 3
v 10 3
v 11 3
v 12 3
v 13 3
v 14 3
v 15 3
v 16 3
v 17 3
v 18 3
v 19 3
v 20 3
v 21 3
v 22 4
v 23 4
v 24 4
v 25 4
v 26 4
v 27 4
v 28 4
v 29 4
v 30 4
v 31 4
v 32 4
v 33 4
v 34 4
v 35 4
v 36 4
v 37 4
v 38 4
v 39 4
v 40 4
v 41 4
e 0 6 2
e 1 2 1
e 1 4 1
e 1 7 1
e 1 22 1
e 2 3 1
e 2 23 1
e 2 24 1
e 3 5 1
e 3 25 1
e 3 26 1
e 4 6 1
e 4 8 2
e 5 6 1
e 5 9 2
e 7 27 1
e 7 28 1
e 7 29 1
e 8 10 1
e 8 30 1
e 9 11 1
e 9 31 1
e 10 12 2
e 10 13 1
e 11 14 2
e 11 15 1
e 12 16 1
e 12 32 1
e 13 17 2
e 13 33 1
e 14 18 1
e 14 34 1
e 15 19 2
e 15 35 1
e 16 20 2
e 16 36 1
e 17 20 1
e 17 37 1
e 18 21 2
e 18 38 1
e 19 21 1
e 19 39 1
e 20 40 1
e 21 41 1
t # 52983
v 0 12
v 1 1
v 2 3
v 3 3
v 4 3
v 5 3
v 6 3
v 7 3
v 8 3
v 9 3
v 10 3
v 11 3
v 12 4
v 13 4
v 14 4
v 15 4
v 16 4
v 17 4
v 18 4
v 19 4
v 20 4
v 21 4
v 22 4
e 0 6 1
e 1 4 2
e 2 3 1
e 2 4 1
e 2 12 1
e 2 13 1
e 3 6 1
e 3 14 1
e 3 15 1
e 4 5 1
e 5 7 2
e 5 8 1
e 6 16 1
e 6 17 1
e 7 9 1
e 7 18 1
e 8 10 2
e 8 19 1
e 9 11 2
e 9 20 1
e 10 11 1
e 10 21 1
e 11 22 1
t # 52984
v 0 2
v 1 3
v 2 3
v 3 3
v 4 3
v 5 3
v 6 3
v 7 3
v 8 3
v 9 3
v 10 3
v 11 4
v 12 4
v 13 4
v 14 4
v 15 4
v 16 4
v 17 4
v 18 4
v 19 4
v 20 4
v 21 4
v 22 4
v 23 4
v 24 4
v 25 4
e 0 1 1
e 0 4 1
e 0 14 1
e 1 2 1
e 1 3 1
e 1 11 1
e 2 5 1
e 2 12 1
e 2 13 1
e 3 15 1
e 3 16 1
e 3 17 1
e 4 6 2
e 4 7 1
e 5 18 1
e 5 19 1
e 5 20 1
e 6 8 1
e 6 21 1
e 7 9 2
e 7 22 1
e 8 10 2
e 8 23 1
e 9 10 1
e 9 24 1
e 10 25 1
t # 52985
v 0 1
v 1 1
v 2 1
v 3 1
v 4 1
v 5 2
v 6 3
v 7 3
v 8 3
v 9 3
v 10 3
v 11 3
v 12 3
v 13 3
v 14 3
v 15 3
v 16 3
v 17 4
v 18 4
v 19 4
v 20 4
v 21 4
v 22 4
v 23 4
v 24 4
v 25 4
v 26 4
v 27 4
v 28 4
v 29 4
e 0 8 1
e 0 9 1
e 1 16 1
e 1 29 1
e 4 16 2
e 5 11 1
e 6 7 1
e 6 8 1
e 6 17 1
e 6 18 1
e 7 10 1
e 7 19 1
e 7 20 1
e 8 21 1
e 8 22 1
e 9 11 2
e 9 12 1
e 10 23 1
e 10 24 1
e 10 25 1
e 11 14 1
e 12 13 2
e 12 26 1
e 13 15 1
e 13 16 1
e 14 15 2
e 14 27 1
e 15 28 1
t # 52986
v 0 1
v 1 2
v 2 3
v 3 3
v 4 3
v 5 3
v 6 3
v 7 3
v 8 3
v 9 3
v 10 3
v 11 4
v 12 4
v 13 4
v 14 4
v 15 4
v 16 4
v 17 4
v 18 4
v 19 4
v 20 4
v 21 4
v 22 4
v 23 4
e 0 2 1
e 0 19 1
e 1 6 1
e 1 22 1
e 1 23 1
e 2 3 1
e 2 4 1
e 2 5 1
e 3 6 1
e 3 7 2
e 4 11 1
e 4 12 1
e 4 13 1
e 5 14 1
e 5 15 1
e 5 16 1
e 6 8 2
e 7 9 1
e 7 17 1
e 8 10 1
e 8 18 1
e 9 10 2
e 9 20 1
e 10 21 1
t # 52987
v 0 12
v 1 8
v 2 1
v 3 1
v 4 1
v 5 3
v 6 3
v 7 3
v 8 3
v 9 3
v 10 3
v 11 3
v 12 3
v 13 3
v 14 3
v 15 3
v 16 3
v 17 3
v 18 3
v 19 3
v 20 3
v 21 3
v 22 3
v 23 3
v 24 4
v 25 4
v 26 4
v 27 4
v 28 4
v 29 4
v 30 4
v 31 4
v 32 4
v 33 4
v 34 4
v 35 4
v 36 4
v 37 4
v 38 4
v 39 4
v 40 4
v 41 4
v 42 4
v 43 4
e 0 10 1
e 2 5 1
e 3 6 1
e 5 7 1
e 5 8 1
e 5 24 1
e 6 7 1
e 6 9 1
e 6 25 1
e 7 26 1
e 7 27 1
e 8 10 1
e 8 28 1
e 8 29 1
e 9 10 1
e 9 30 1
e 9 31 1
e 10 32 1
e 11 12 1
e 11 13 1
e 11 33 1
e 12 14 2
e 12 16 1
e 13 15 2
e 13 17 1
e 14 18 1
e 14 34 1
e 15 19 1
e 15 35 1
e 16 20 2
e 16 36 1
e 17 21 2
e 17 37 1
e 18 22 2
e 18 38 1
e 19 23 2
e 19 39 1
e 20 22 1
e 20 40 1
e 21 23 1
e 21 41 1
e 22 42 1
e 23 43 1
t # 52988
v 0 1
v 1 1
v 2 1
v 3 1
v 4 2
v 5 2
v 6 2
v 7 3
v 8 3
v 9 3
v 10 3
v 11 3
v 12 3
v 13 3
v 14 4
v 15 4
v 16 4
v 17 4
v 18 4
v 19 4
v 20 4
v 21 4
v 22 4
v 23 4
v 24 4
v 25 4
v 26 4
v 27 4
v 28 4
e 0 11 1
e 0 23 1
e 1 10 2
e 2 11 2
e 3 13 2
e 4 5 1
e 4 13 1
e 4 24 1
e 5 25 1
e 5 26 1
e 6 13 1
e 6 27 1
e 6 28 1
e 7 8 1
e 7 9 1
e 7 11 1
e 7 14 1
e 8 10 1
e 8 15 1
e 8 16 1
e 9 17 1
e 9 18 1
e 9 19 1
e 10 12 1
e 12 20 1
e 12 21 1
e 12 22 1
t # 52989
v 0 2
v 1 2
v 2 2
v 3 2
v 4 2
v 5 3
v 6 3
v 7 3
v 8 3
v 9 3
v 10 3
v 11 3
v 12 3
v 13 3
v 14 3
v 15 3
v 16 3
v 17 3
v 18 3
v 19 3
v 20 3
v 21 3
v 22 3
v 23 3
v 24 3
v 25 3
v 26 3
v 27 4
v 28 4
v 29 4
v 30 4
v 31 4
v 32 4
v 33 4
v 34 4
v 35 4
v 36 4
v 37 4
v 38 4
v 39 4
v 40 4
v 41 4
e 0 5 1
e 0 6 1
e 0 7 1
e 1 5 2
e 1 10 1
e 2 7 1
e 2 10 2
e 3 4 1
e 3 6 2
e 4 7 2
e 5 8 1
e 6 9 1
e 8 12 2
e 8 13 1
e 9 14 2
e 9 15 1
e 10 11 1
e 11 16 2
e 11 17 1
e 12 18 1
e 12 27 1
e 13 19 2
e 13 28 1
e 14 20 1
e 14 29 1
e 15 21 2
e 15 30 1
e 16 24 1
e 16 31 1
e 17 25 2
e 17 32 1
e 18 22 2
e 18 33 1
e 19 22 1
e 19 34 1
e 20 23 2
e 20 35 1
e 21 23 1
e 21 36 1
e 22 37 1
e 23 38 1
e 24 26 2
e 24 39 1
e 25 26 1
e 25 40 1
e 26 41 1
t # 52990
v 0 2
v 1 2
v 2 2
v 3 2
v 4 2
v 5 2
v 6 2
v 7 3
v 8 3
v 9 3
v 10 3
v 11 3
v 12 3
v 13 3
v 14 3
v 15 3
v 16 3
v 17 3
v 18 3
v 19 3
v 20 3
v 21 3
v 22 4
v 23 4
v 24 4
v 25 4
v 26 4
v 27 4
v 28 4
v 29 4
v 30 4
v 31 4
v 32 4
v 33 4
v 34 4
v 35 4
v 36 4
e 0 7 1
e 0 9 1
e 0 22 1
e 1 8 1
e 1 10 1
e 1 23 1
e 2 9 2
e 2 10 1
e 3 10 2
e 3 15 1
e 4 9 1
e 4 15 2
e 5 6 1
e 5 15 1
e 5 34 1
e 6 35 1
e 6 36 1
e 7 11 2
e 7 12 1
e 8 13 2
e 8 14 1
e 11 16 1
e 11 24 1
e 12 17 2
e 12 25 1
e 13 18 1
e 13 26 1
e 14 19 2
e 14 27 1
e 16 20 2
e 16 28 1
e 17 20 1
e 17 29 1
e 18 21 2
e 18 30 1
e 19 21 1
e 19 31 1
e 20 32 1
e 21 33 1
t # 52991
v 0 12
v 1 12
v 2 14
v 3 2
v 4 2
v 5 3
v 6 3
v 7 3
v 8 3
v 9 3
v 10 3
v 11 3
v 12 3
v 13 3
v 14 3
v 15 3
v 16 3
v 17 3
v 18 3
v 19 3
v 20 3
v 21 3
v 22 3
v 23 4
v 24 4
v 25 4
v 26 4
v 27 4
v 28 4
v 29 4
v 30 4
v 31 4
v 32 4
v 33 4
v 34 4
v 35 4
v 36 4
v 37 4
v 38 4
v 39 4
v 40 4
v 41 4
e 0 13 1
e 1 14 1
e 3 5 1
e 3 6 1
e 3 7 1
e 4 16 2
e 4 17 1
e 5 8 2
e 5 10 1
e 6 13 1
e 6 23 1
e 6 24 1
e 7 14 1
e 7 25 1
e 7 26 1
e 8 9 1
e 8 27 1
e 9 11 2
e 9 15 1
e 10 12 2
e 10 28 1
e 11 12 1
e 11 16 1
e 12 29 1
e 13 30 1
e 13 31 1
e 14 32 1
e 14 33 1
e 15 34 1
e 15 35 1
e 15 36 1
e 16 37 1
e 17 18 1
e 17 19 2
e 18 20 2
e 19 21 1
e 19 38 1
e 20 22 1
e 20 39 1
e 21 22 2
e 21 40 1
e 22 41 1
t # 52992
v 0 12
v 1 11
v 2 3
v 3 3
v 4 3
v 5 3
v 6 3
v 7 3
v 8 3
v 9 3
v 10 3
v 11 3
v 12 4
v 13 4
v 14 4
v 15 4
v 16 4
v 17 4
v 18 4
v 19 4
v 20 4
v 21 4
v 22 4
v 23 4
v 24 4
v 25 4
v 26 4
v 27 4
v 28 4
v 29 4
v 30 4
e 0 11 1
e 1 2 1
e 1 8 1
e 2 3 1
e 2 4 1
e 2 12 1
e 3 5 1
e 3 13 1
e 3 14 1
e 4 6 1
e 4 15 1
e 4 16 1
e 5 7 1
e 5 17 1
e 5 18 1
e 6 7 1
e 6 19 1
e 6 20 1
e 7 21 1
e 7 22 1
e 8 9 1
e 8 23 1
e 8 24 1
e 9 10 1
e 9 25 1
e 9 26 1
e 10 11 1
e 10 27 1
e 10 28 1
e 11 29 1
e 11 30 1
t # 52993
v 0 11
v 1 1
v 2 3
v 3 3
v 4 3
v 5 3
v 6 3
v 7 3
v 8 3
v 9 3
v 10 4
v 11 4
v 12 4
v 13 4
v 14 4
v 15 4
v 16 4
v 17 4
v 18 4
v 19 4
v 20 4
v 21 4
v 22 4
v 23 4
v 24 4
v 25 4
v 26 4
v 27 4
e 0 2 1
e 0 3 1
e 1 9 1
e 1 27 1
e 2 5 1
e 2 6 1
e 2 7 1
e 3 4 1
e 3 10 1
e 3 11 1
e 4 8 1
e 4 12 1
e 4 13 1
e 5 14 1
e 5 15 1
e 5 16 1
e 6 17 1
e 6 18 1
e 6 19 1
e 7 20 1
e 7 21 1
e 7 22 1
e 8 9 1
e 8 23 1
e 8 24 1
e 9 25 1
e 9 26 1
t # 52994
v 0 1
v 1 1
v 2 3
v 3 3
v 4 3
v 5 3
v 6 3
v 7 3
v 8 3
v 9 3
v 10 3
v 11 3
v 12 3
v 13 3
v 14 3
v 15 3
v 16 3
v 17 3
v 18 4
v 19 4
v 20 4
v 21 4
v 22 4
v 23 4
v 24 4
v 25 4
v 26 4
v 27 4
v 28 4
v 29 4
v 30 4
v 31 4
v 32 4
v 33 4
e 0 3 1
e 0 16 1
e 1 6 1
e 1 17 1
e 2 3 2
e 2 4 1
e 2 5 1
e 3 7 1
e 4 6 2
e 4 18 1
e 5 10 2
e 5 19 1
e 6 9 1
e 7 9 2
e 7 20 1
e 8 10 1
e 8 11 2
e 8 12 1
e 9 21 1
e 10 22 1
e 11 13 1
e 11 23 1
e 12 14 2
e 12 24 1
e 13 15 2
e 13 25 1
e 14 15 1
e 14 26 1
e 15 27 1
e 16 28 1
e 16 29 1
e 16 30 1
e 17 31 1
e 17 32 1
e 17 33 1
t # 52995
v 0 14
v 1 1
v 2 1
v 3 1
v 4 2
v 5 2
v 6 3
v 7 3
v 8 3
v 9 3
v 10 3
v 11 3
v 12 3
v 13 3
v 14 3
v 15 3
v 16 3
v 17 4
v 18 4
v 19 4
v 20 4
v 21 4
v 22 4
v 23 4
v 24 4
v 25 4
e 1 6 1
e 1 25 1
e 2 9 2
e 3 13 2
e 4 9 1
e 4 13 1
e 4 21 1
e 5 10 1
e 5 13 1
e 5 22 1
e 6 7 1
e 6 8 1
e 6 17 1
e 7 9 1
e 7 10 2
e 8 11 2
e 8 12 1
e 10 18 1
e 11 14 1
e 11 19 1
e 12 15 2
e 12 20 1
e 14 16 2
e 14 23 1
e 15 16 1
e 15 24 1
t # 52996
v 0 1
v 1 1
v 2 1
v 3 2
v 4 2
v 5 3
v 6 3
v 7 3
v 8 3
v 9 3
v 10 3
v 11 3
v 12 3
v 13 3
v 14 3
v 15 3
v 16 3
v 17 4
v 18 4
v 19 4
v 20 4
v 21 4
v 22 4
v 23 4
v 24 4
v 25 4
v 26 4
e 0 7 2
e 1 13 2
e 2 15 2
e 3 13 1
e 3 15 1
e 3 22 1
e 4 14 1
e 4 15 1
e 4 23 1
e 5 7 1
e 5 9 2
e 5 10 1
e 6 7 1
e 6 13 1
e 6 14 2
e 8 11 2
e 8 12 1
e 8 16 1
e 9 11 1
e 9 17 1
e 10 12 2
e 10 18 1
e 11 20 1
e 12 21 1
e 14 19 1
e 16 24 1
e 16 25 1
e 16 26 1
t # 52997
v 0 14
v 1 1
v 2 1
v 3 1
v 4 2
v 5 2
v 6 3
v 7 3
v 8 3
v 9 3
v 10 3
v 11 3
v 12 3
v 13 3
v 14 3
v 15 3
v 16 3
v 17 4
v 18 4
v 19 4
v 20 4
v 21 4
v 22 4
v 23 4
e 1 8 2
e 2 9 2
e 3 13 2
e 4 9 1
e 4 13 1
e 4 20 1
e 5 10 1
e 5 13 1
e 5 21 1
e 6 8 1
e 6 9 1
e 6 10 2
e 7 8 1
e 7 11 2
e 7 12 1
e 10 17 1
e 11 14 1
e 11 18 1
e 12 15 2
e 12 19 1
e 14 16 2
e 14 22 1
e 15 16 1
e 15 23 1
t # 52998
v 0 1
v 1 1
v 2 1
v 3 2
v 4 2
v 5 3
v 6 3
v 7 3
v 8 3
v 9 3
v 10 3
v 11 3
v 12 3
v 13 3
v 14 3
v 15 3
v 16 3
v 17 3
v 18 3
v 19 3
v 20 3
v 21 4
v 22 4
v 23 4
v 24 4
v 25 4
v 26 4
v 27 4
v 28 4
v 29 4
v 30 4
v 31 4
v 32 4
v 33 4
v 34 4
v 35 4
v 36 4
v 37 4
v 38 4
e 0 9 1
e 0 17 1
e 1 16 1
e 1 18 1
e 2 7 2
e 3 9 2
e 3 16 1
e 4 14 1
e 4 16 2
e 5 7 1
e 5 10 2
e 5 11 1
e 6 7 1
e 6 9 1
e 6 14 2
e 8 12 2
e 8 13 1
e 8 15 1
e 10 12 1
e 10 21 1
e 11 13 2
e 11 22 1
e 12 23 1
e 13 24 1
e 14 25 1
e 15 26 1
e 15 27 1
e 15 28 1
e 17 19 1
e 17 29 1
e 17 30 1
e 18 20 1
e 18 31 1
e 18 32 1
e 19 33 1
e 19 34 1
e 19 35 1
e 20 36 1
e 20 37 1
e 20 38 1
t # 52999
v 0 14
v 1 1
v 2 1
v 3 1
v 4 2
v 5 2
v 6 3
v 7 3
v 8 3
v 9 3
v 10 3
v 11 3
v 12 3
v 13 3
v 14 3
v 15 3
v 16 3
v 17 3
v 18 3
v 19 3
v 20 3
v 21 4
v 22 4
v 23 4
v 24 4
v 25 4
v 26 4
v 27 4
v 28 4
v 29 4
v 30 4
v 31 4
v 32 4
v 33 4
v 34 4
v 35 4
e 1 9 1
e 1 13 1
e 2 14 1
e 2 18 1
e 3 8 2
e 4 9 2
e 4 14 1
e 5 10 1
e 5 14 2
e 6 8 1
e 6 9 1
e 6 10 2
e 7 8 1
e 7 11 2
e 7 12 1
e 10 21 1
e 11 15 1
e 11 22 1
e 12 16 2
e 12 23 1
e 13 19 1
e 13 24 1
e 13 25 1
e 15 17 2
e 15 26 1
e 16 17 1
e 16 27 1
e 18 20 1
e 18 28 1
e 18 29 1
e 19 30 1
e 19 31 1
e 19 32 1
e 20 33 1
e 20 34 1
e 20 35 1
