t # 5400
v 0 1
v 1 1
v 2 1
v 3 2
v 4 3
v 5 3
v 6 3
v 7 3
v 8 3
v 9 3
v 10 3
v 11 3
v 12 3
v 13 3
v 14 3
v 15 3
v 16 3
v 17 4
v 18 4
v 19 4
v 20 4
v 21 4
v 22 4
v 23 4
v 24 4
v 25 4
e 0 9 1
e 0 24 1
e 1 10 1
e 1 25 1
e 2 8 2
e 3 5 1
e 3 7 1
e 3 17 1
e 4 5 1
e 4 8 1
e 4 9 2
e 5 10 2
e 6 7 1
e 6 8 1
e 6 11 2
e 7 12 2
e 9 13 1
e 10 14 1
e 11 15 1
e 11 18 1
e 12 16 1
e 12 19 1
e 13 14 2
e 13 20 1
e 14 21 1
e 15 16 2
e 15 22 1
e 16 23 1
t # 5401
v 0 12
v 1 12
v 2 1
v 3 1
v 4 1
v 5 1
v 6 1
v 7 2
v 8 2
v 9 2
v 10 2
v 11 3
v 12 3
v 13 3
v 14 3
v 15 3
v 16 3
v 17 3
v 18 3
v 19 3
v 20 3
v 21 3
v 22 3
v 23 3
v 24 3
v 25 3
v 26 3
v 27 3
v 28 3
v 29 3
v 30 4
v 31 4
v 32 4
v 33 4
v 34 4
v 35 4
v 36 4
v 37 4
v 38 4
v 39 4
v 40 4
v 41 4
v 42 4
v 43 4
v 44 4
v 45 4
e 0 24 1
e 1 25 1
e 2 11 1
e 2 36 1
e 3 14 2
e 4 23 2
e 5 28 2
e 6 29 2
e 7 14 1
e 7 15 1
e 7 34 1
e 8 9 1
e 8 16 1
e 8 38 1
e 9 28 1
e 9 41 1
e 10 29 1
e 10 44 1
e 10 45 1
e 11 12 1
e 11 13 1
e 11 14 1
e 12 16 1
e 12 17 1
e 12 30 1
e 13 15 1
e 13 18 2
e 15 20 2
e 16 19 2
e 17 31 1
e 17 32 1
e 17 33 1
e 18 21 1
e 18 35 1
e 19 23 1
e 19 24 1
e 20 22 1
e 20 37 1
e 21 22 2
e 21 39 1
e 22 40 1
e 23 25 1
e 24 26 2
e 25 27 2
e 26 27 1
e 26 42 1
e 27 43 1
e 28 29 1
t # 5402
v 0 0
v 1 12
v 2 12
v 3 1
v 4 1
v 5 1
v 6 1
v 7 1
v 8 1
v 9 2
v 10 2
v 11 2
v 12 3
v 13 3
v 14 3
v 15 3
v 16 3
v 17 3
v 18 3
v 19 3
v 20 3
v 21 3
v 22 3
v 23 3
v 24 3
v 25 3
v 26 3
v 27 3
v 28 3
v 29 4
v 30 4
v 31 4
v 32 4
v 33 4
v 34 4
v 35 4
v 36 4
v 37 4
v 38 4
v 39 4
v 40 4
v 41 4
v 42 4
v 43 4
e 1 18 1
e 2 21 1
e 3 13 2
e 4 15 2
e 5 19 1
e 6 20 1
e 7 19 2
e 8 20 2
e 9 10 1
e 9 12 1
e 9 29 1
e 10 13 1
e 10 30 1
e 11 27 2
e 11 28 1
e 12 14 2
e 12 31 1
e 13 16 1
e 14 15 1
e 14 17 1
e 15 18 1
e 16 23 2
e 16 24 1
e 17 21 2
e 17 32 1
e 18 22 2
e 19 25 1
e 20 26 1
e 21 22 1
e 22 33 1
e 23 27 1
e 23 34 1
e 24 28 2
e 24 35 1
e 25 36 1
e 25 37 1
e 25 38 1
e 26 39 1
e 26 40 1
e 26 41 1
e 27 42 1
e 28 43 1
t # 5403
v 0 26
v 1 12
v 2 12
v 3 1
v 4 1
v 5 1
v 6 1
v 7 1
v 8 1
v 9 2
v 10 2
v 11 2
v 12 3
v 13 3
v 14 3
v 15 3
v 16 3
v 17 3
v 18 3
v 19 3
v 20 3
v 21 3
v 22 3
v 23 3
v 24 3
v 25 3
v 26 3
v 27 3
v 28 3
v 29 4
v 30 4
v 31 4
v 32 4
v 33 4
v 34 4
v 35 4
v 36 4
v 37 4
v 38 4
v 39 4
v 40 4
v 41 4
v 42 4
v 43 4
e 1 18 1
e 2 21 1
e 3 13 2
e 4 15 2
e 5 19 1
e 6 20 1
e 7 19 2
e 8 20 2
e 9 10 1
e 9 12 1
e 9 29 1
e 10 13 1
e 10 30 1
e 11 27 2
e 11 28 1
e 12 14 2
e 12 31 1
e 13 16 1
e 14 15 1
e 14 17 1
e 15 18 1
e 16 23 2
e 16 24 1
e 17 21 2
e 17 32 1
e 18 22 2
e 19 25 1
e 20 26 1
e 21 22 1
e 22 33 1
e 23 27 1
e 23 34 1
e 24 28 2
e 24 35 1
e 25 36 1
e 25 37 1
e 25 38 1
e 26 39 1
e 26 40 1
e 26 41 1
e 27 42 1
e 28 43 1
t # 5404
v 0 11
v 1 1
v 2 1
v 3 2
v 4 2
v 5 2
v 6 2
v 7 3
v 8 3
v 9 3
v 10 3
v 11 3
v 12 3
v 13 3
v 14 3
v 15 3
v 16 3
v 17 3
v 18 3
v 19 3
v 20 3
v 21 3
v 22 3
v 23 3
v 24 3
v 25 3
v 26 3
v 27 3
v 28 3
v 29 3
v 30 3
v 31 3
v 32 3
v 33 3
v 34 4
v 35 4
v 36 4
v 37 4
v 38 4
v 39 4
v 40 4
v 41 4
v 42 4
v 43 4
v 44 4
v 45 4
v 46 4
v 47 4
v 48 4
v 49 4
v 50 4
v 51 4
v 52 4
v 53 4
v 54 4
v 55 4
v 56 4
v 57 4
e 0 12 1
e 0 14 1
e 1 13 2
e 2 15 2
e 3 8 1
e 3 12 1
e 3 13 1
e 4 10 1
e 4 15 1
e 4 38 1
e 5 6 1
e 5 8 2
e 6 12 2
e 7 8 1
e 7 9 1
e 7 34 1
e 7 35 1
e 9 15 1
e 9 36 1
e 9 37 1
e 10 11 1
e 10 16 2
e 11 17 1
e 11 21 2
e 13 14 1
e 14 19 2
e 16 23 1
e 16 25 1
e 17 27 1
e 17 39 1
e 17 40 1
e 18 19 1
e 18 20 1
e 18 26 2
e 19 41 1
e 20 22 1
e 20 28 2
e 21 24 1
e 21 42 1
e 22 29 1
e 22 31 2
e 23 24 2
e 23 43 1
e 24 44 1
e 25 45 1
e 25 46 1
e 25 47 1
e 26 30 1
e 26 48 1
e 27 49 1
e 27 50 1
e 27 51 1
e 28 32 1
e 28 52 1
e 29 30 2
e 29 53 1
e 30 54 1
e 31 33 1
e 31 55 1
e 32 33 2
e 32 56 1
e 33 57 1
t # 5405
v 0 12
v 1 12
v 2 11
v 3 1
v 4 1
v 5 1
v 6 1
v 7 2
v 8 2
v 9 2
v 10 2
v 11 2
v 12 3
v 13 3
v 14 3
v 15 3
v 16 3
v 17 3
v 18 3
v 19 3
v 20 3
v 21 3
v 22 3
v 23 3
v 24 3
v 25 3
v 26 3
v 27 3
v 28 3
v 29 3
v 30 3
v 31 3
v 32 4
v 33 4
v 34 4
v 35 4
v 36 4
v 37 4
v 38 4
v 39 4
v 40 4
v 41 4
v 42 4
v 43 4
v 44 4
e 0 29 1
e 1 31 1
e 2 15 1
e 2 17 1
e 3 16 2
e 4 18 2
e 7 13 1
e 7 15 1
e 7 16 1
e 8 9 1
e 8 13 2
e 9 15 2
e 10 18 1
e 10 21 1
e 10 37 1
e 11 26 1
e 12 13 1
e 12 14 1
e 12 32 1
e 12 33 1
e 14 18 1
e 14 34 1
e 14 35 1
e 16 17 1
e 17 19 2
e 19 20 1
e 19 36 1
e 20 22 2
e 20 23 1
e 21 27 2
e 21 28 1
e 22 24 1
e 22 38 1
e 23 25 2
e 23 39 1
e 24 26 2
e 24 40 1
e 25 26 1
e 25 41 1
e 27 29 1
e 27 42 1
e 28 30 2
e 28 43 1
e 29 31 2
e 30 31 1
e 30 44 1
t # 5406
v 0 11
v 1 1
v 2 1
v 3 2
v 4 2
v 5 2
v 6 2
v 7 2
v 8 3
v 9 3
v 10 3
v 11 3
v 12 3
v 13 3
v 14 3
v 15 3
v 16 3
v 17 3
v 18 3
v 19 3
v 20 3
v 21 3
v 22 3
v 23 3
v 24 3
v 25 3
v 26 3
v 27 3
v 28 3
v 29 3
v 30 3
v 31 3
v 32 4
v 33 4
v 34 4
v 35 4
v 36 4
v 37 4
v 38 4
v 39 4
v 40 4
v 41 4
v 42 4
v 43 4
v 44 4
v 45 4
v 46 4
v 47 4
v 48 4
v 49 4
v 50 4
v 51 4
v 52 4
v 53 4
v 54 4
v 55 4
v 56 4
e 0 11 1
e 0 13 1
e 1 12 2
e 2 14 2
e 3 9 1
e 3 11 1
e 3 12 1
e 4 14 1
e 4 15 1
e 4 36 1
e 5 6 1
e 5 9 2
e 6 11 2
e 7 20 1
e 7 30 1
e 7 31 1
e 8 9 1
e 8 10 1
e 8 32 1
e 8 33 1
e 10 14 1
e 10 34 1
e 10 35 1
e 12 13 1
e 13 18 2
e 15 16 2
e 15 17 1
e 16 21 1
e 16 25 1
e 17 22 2
e 17 26 1
e 18 19 1
e 18 37 1
e 19 23 2
e 19 24 1
e 20 28 2
e 20 29 1
e 21 27 2
e 21 38 1
e 22 27 1
e 22 39 1
e 23 28 1
e 23 40 1
e 24 29 2
e 24 41 1
e 25 42 1
e 25 43 1
e 25 44 1
e 26 45 1
e 26 46 1
e 26 47 1
e 27 48 1
e 28 49 1
e 29 50 1
e 30 51 1
e 30 52 1
e 30 53 1
e 31 54 1
e 31 55 1
e 31 56 1
t # 5407
v 0 11
v 1 1
v 2 1
v 3 2
v 4 2
v 5 2
v 6 2
v 7 3
v 8 3
v 9 3
v 10 3
v 11 3
v 12 3
v 13 3
v 14 3
v 15 3
v 16 3
v 17 3
v 18 3
v 19 3
v 20 3
v 21 3
v 22 3
v 23 3
v 24 3
v 25 3
v 26 3
v 27 3
v 28 3
v 29 3
v 30 4
v 31 4
v 32 4
v 33 4
v 34 4
v 35 4
v 36 4
v 37 4
v 38 4
v 39 4
v 40 4
v 41 4
v 42 4
v 43 4
v 44 4
v 45 4
v 46 4
v 47 4
v 48 4
v 49 4
e 0 10 1
e 0 12 1
e 1 11 2
e 2 13 2
e 3 8 1
e 3 10 1
e 3 11 1
e 4 5 1
e 4 8 2
e 5 10 2
e 6 13 1
e 6 14 1
e 6 34 1
e 7 8 1
e 7 9 1
e 7 30 1
e 7 31 1
e 9 13 1
e 9 32 1
e 9 33 1
e 11 12 1
e 12 15 2
e 14 16 2
e 14 17 1
e 15 21 1
e 15 35 1
e 16 19 1
e 16 36 1
e 17 20 2
e 17 37 1
e 18 19 2
e 18 20 1
e 18 23 1
e 19 38 1
e 20 39 1
e 21 22 2
e 21 40 1
e 22 24 1
e 22 41 1
e 23 42 1
e 23 43 1
e 23 44 1
e 24 25 2
e 24 26 1
e 25 27 1
e 25 45 1
e 26 28 2
e 26 46 1
e 27 29 2
e 27 47 1
e 28 29 1
e 28 48 1
e 29 49 1
t # 5408
v 0 11
v 1 14
v 2 14
v 3 14
v 4 1
v 5 1
v 6 1
v 7 2
v 8 2
v 9 2
v 10 2
v 11 3
v 12 3
v 13 3
v 14 3
v 15 3
v 16 3
v 17 3
v 18 3
v 19 3
v 20 3
v 21 3
v 22 3
v 23 3
v 24 3
v 25 3
v 26 3
v 27 3
v 28 3
v 29 3
v 30 3
v 31 3
v 32 3
v 33 4
v 34 4
v 35 4
v 36 4
v 37 4
v 38 4
v 39 4
v 40 4
v 41 4
v 42 4
v 43 4
v 44 4
v 45 4
v 46 4
v 47 4
v 48 4
v 49 4
e 0 14 1
e 0 16 1
e 4 15 2
e 5 17 2
e 6 30 1
e 6 32 1
e 7 12 1
e 7 14 1
e 7 15 1
e 8 9 1
e 8 12 2
e 9 14 2
e 10 17 1
e 10 19 1
e 10 38 1
e 11 12 1
e 11 13 1
e 11 33 1
e 11 34 1
e 13 17 1
e 13 35 1
e 13 36 1
e 15 16 1
e 16 18 2
e 18 20 1
e 18 37 1
e 19 21 1
e 19 23 2
e 20 24 2
e 20 25 1
e 21 22 2
e 21 39 1
e 22 26 1
e 22 31 1
e 23 27 1
e 23 40 1
e 24 28 1
e 24 41 1
e 25 29 2
e 25 42 1
e 26 27 2
e 26 43 1
e 27 44 1
e 28 30 2
e 28 45 1
e 29 30 1
e 29 46 1
e 32 47 1
e 32 48 1
e 32 49 1
t # 5409
v 0 11
v 1 1
v 2 1
v 3 1
v 4 2
v 5 2
v 6 2
v 7 3
v 8 3
v 9 3
v 10 3
v 11 3
v 12 3
v 13 3
v 14 3
v 15 3
v 16 3
v 17 4
v 18 4
v 19 4
v 20 4
v 21 4
v 22 4
v 23 4
v 24 4
v 25 4
e 0 9 1
e 0 15 1
e 1 14 2
e 2 16 1
e 2 25 1
e 3 16 2
e 4 5 1
e 4 7 1
e 4 17 1
e 5 9 1
e 5 18 1
e 6 7 1
e 6 9 2
e 7 8 2
e 8 10 1
e 8 11 1
e 10 12 2
e 10 19 1
e 11 13 2
e 11 20 1
e 12 14 1
e 12 21 1
e 13 14 1
e 13 22 1
e 15 16 1
e 15 23 1
e 15 24 1
t # 5410
v 0 1
v 1 1
v 2 1
v 3 1
v 4 3
v 5 3
v 6 3
v 7 3
v 8 3
v 9 3
v 10 3
v 11 3
v 12 3
v 13 3
v 14 3
v 15 3
v 16 3
v 17 3
v 18 3
v 19 3
v 20 3
v 21 3
v 22 3
v 23 3
v 24 4
v 25 4
v 26 4
v 27 4
v 28 4
v 29 4
v 30 4
v 31 4
v 32 4
v 33 4
v 34 4
v 35 4
v 36 4
v 37 4
v 38 4
v 39 4
v 40 4
v 41 4
v 42 4
v 43 4
v 44 4
v 45 4
v 46 4
v 47 4
v 48 4
v 49 4
v 50 4
v 51 4
v 52 4
v 53 4
v 54 4
v 55 4
e 0 12 1
e 0 45 1
e 1 14 2
e 2 21 1
e 2 54 1
e 3 23 1
e 3 55 1
e 4 5 1
e 4 7 1
e 4 10 1
e 4 12 1
e 5 6 1
e 5 9 1
e 5 24 1
e 6 8 1
e 6 11 1
e 6 14 1
e 7 8 1
e 7 13 1
e 7 25 1
e 8 26 1
e 8 27 1
e 9 15 1
e 9 28 1
e 9 29 1
e 10 17 1
e 10 30 1
e 10 31 1
e 11 16 1
e 11 32 1
e 11 33 1
e 12 34 1
e 12 35 1
e 13 36 1
e 13 37 1
e 13 38 1
e 14 39 1
e 15 18 1
e 15 40 1
e 15 41 1
e 16 18 2
e 16 19 1
e 17 20 1
e 17 42 1
e 17 43 1
e 18 44 1
e 19 46 1
e 19 47 1
e 19 48 1
e 20 21 1
e 20 22 2
e 21 49 1
e 21 50 1
e 22 23 1
e 22 51 1
e 23 52 1
e 23 53 1
t # 5411
v 0 1
v 1 1
v 2 1
v 3 1
v 4 1
v 5 1
v 6 3
v 7 3
v 8 3
v 9 3
v 10 3
v 11 3
v 12 3
v 13 3
v 14 3
v 15 3
v 16 3
v 17 3
v 18 3
v 19 3
v 20 3
v 21 3
v 22 3
v 23 3
v 24 3
v 25 3
v 26 3
v 27 3
v 28 3
v 29 3
v 30 3
v 31 3
v 32 3
v 33 3
v 34 3
v 35 3
v 36 3
v 37 3
v 38 3
v 39 3
v 40 3
v 41 3
v 42 3
v 43 3
v 44 3
v 45 3
v 46 3
v 47 4
v 48 4
v 49 4
v 50 4
v 51 4
v 52 4
v 53 4
v 54 4
v 55 4
v 56 4
v 57 4
v 58 4
v 59 4
v 60 4
v 61 4
v 62 4
v 63 4
v 64 4
v 65 4
v 66 4
v 67 4
v 68 4
v 69 4
v 70 4
v 71 4
v 72 4
v 73 4
v 74 4
v 75 4
v 76 4
v 77 4
v 78 4
v 79 4
v 80 4
v 81 4
v 82 4
v 83 4
v 84 4
v 85 4
v 86 4
v 87 4
v 88 4
v 89 4
v 90 4
v 91 4
v 92 4
v 93 4
v 94 4
v 95 4
v 96 4
v 97 4
v 98 4
v 99 4
v 100 4
v 101 4
v 102 4
v 103 4
v 104 4
v 105 4
v 106 4
v 107 4
v 108 4
v 109 4
v 110 4
v 111 4
v 112 4
e 0 31 1
e 0 41 1
e 1 33 1
e 1 44 1
e 2 37 2
e 3 41 1
e 3 111 1
e 4 39 2
e 5 44 1
e 5 112 1
e 6 7 1
e 6 10 1
e 6 16 1
e 6 47 1
e 7 8 1
e 7 48 1
e 7 49 1
e 8 14 1
e 8 18 1
e 8 50 1
e 9 11 1
e 9 13 1
e 9 20 1
e 9 51 1
e 10 15 1
e 10 52 1
e 10 53 1
e 11 12 1
e 11 54 1
e 11 55 1
e 12 19 1
e 12 22 1
e 12 56 1
e 13 17 1
e 13 57 1
e 13 58 1
e 14 21 1
e 14 59 1
e 14 60 1
e 15 23 1
e 15 24 1
e 15 61 1
e 16 62 1
e 16 63 1
e 16 64 1
e 17 25 1
e 17 26 1
e 17 65 1
e 18 66 1
e 18 67 1
e 18 68 1
e 19 27 1
e 19 69 1
e 19 70 1
e 20 71 1
e 20 72 1
e 20 73 1
e 21 28 1
e 21 74 1
e 21 75 1
e 22 76 1
e 22 77 1
e 22 78 1
e 23 79 1
e 23 80 1
e 23 81 1
e 24 29 2
e 24 82 1
e 25 83 1
e 25 84 1
e 25 85 1
e 26 30 2
e 26 86 1
e 27 87 1
e 27 88 1
e 27 89 1
e 28 90 1
e 28 91 1
e 28 92 1
e 29 31 1
e 29 32 1
e 30 33 1
e 30 34 1
e 31 35 2
e 32 93 1
e 32 94 1
e 32 95 1
e 33 36 2
e 34 96 1
e 34 97 1
e 34 98 1
e 35 37 1
e 35 38 1
e 36 39 1
e 36 42 1
e 37 40 1
e 38 99 1
e 38 100 1
e 38 101 1
e 39 43 1
e 40 41 2
e 40 45 1
e 42 102 1
e 42 103 1
e 42 104 1
e 43 44 2
e 43 46 1
e 45 105 1
e 45 106 1
e 45 107 1
e 46 108 1
e 46 109 1
e 46 110 1
t # 5412
v 0 2
v 1 3
v 2 3
v 3 3
v 4 3
v 5 3
v 6 3
v 7 3
v 8 3
v 9 3
v 10 3
v 11 3
v 12 3
v 13 3
v 14 3
v 15 3
v 16 3
v 17 3
v 18 4
v 19 4
v 20 4
v 21 4
v 22 4
v 23 4
v 24 4
v 25 4
v 26 4
v 27 4
v 28 4
v 29 4
v 30 4
v 31 4
v 32 4
v 33 4
v 34 4
v 35 4
v 36 4
v 37 4
v 38 4
e 0 6 1
e 0 14 1
e 0 29 1
e 1 3 1
e 1 4 1
e 1 8 1
e 1 18 1
e 2 3 1
e 2 5 1
e 2 9 1
e 2 19 1
e 3 20 1
e 3 21 1
e 4 5 1
e 4 6 2
e 5 7 2
e 6 10 1
e 7 11 1
e 7 13 1
e 8 22 1
e 8 23 1
e 8 24 1
e 9 25 1
e 9 26 1
e 9 27 1
e 10 11 2
e 10 12 1
e 11 28 1
e 12 14 2
e 12 30 1
e 13 15 2
e 13 31 1
e 14 32 1
e 15 16 1
e 15 33 1
e 16 17 1
e 16 34 1
e 16 35 1
e 17 36 1
e 17 37 1
e 17 38 1
t # 5413
v 0 1
v 1 1
v 2 1
v 3 1
v 4 3
v 5 3
v 6 3
v 7 3
v 8 3
v 9 3
v 10 3
v 11 3
v 12 3
v 13 3
v 14 3
v 15 3
v 16 3
v 17 3
v 18 3
v 19 3
v 20 3
v 21 3
v 22 3
v 23 3
v 24 3
v 25 3
v 26 3
v 27 3
v 28 3
v 29 4
v 30 4
v 31 4
v 32 4
v 33 4
v 34 4
v 35 4
v 36 4
v 37 4
v 38 4
v 39 4
v 40 4
v 41 4
v 42 4
v 43 4
v 44 4
v 45 4
v 46 4
v 47 4
v 48 4
v 49 4
v 50 4
v 51 4
v 52 4
v 53 4
v 54 4
v 55 4
v 56 4
v 57 4
v 58 4
v 59 4
v 60 4
e 0 6 1
e 0 18 1
e 1 13 2
e 2 18 1
e 2 50 1
e 3 27 1
e 3 28 1
e 4 5 1
e 4 6 1
e 4 7 1
e 4 29 1
e 5 8 1
e 5 11 1
e 5 30 1
e 6 10 1
e 6 13 1
e 7 9 1
e 7 14 1
e 7 31 1
e 8 9 1
e 8 32 1
e 8 33 1
e 9 34 1
e 9 35 1
e 10 12 1
e 10 15 1
e 10 36 1
e 11 12 2
e 11 17 1
e 12 37 1
e 13 16 1
e 14 38 1
e 14 39 1
e 14 40 1
e 15 19 2
e 15 41 1
e 16 18 2
e 16 20 1
e 17 42 1
e 17 43 1
e 17 44 1
e 19 21 1
e 19 22 1
e 20 45 1
e 20 46 1
e 20 47 1
e 21 23 1
e 21 48 1
e 21 49 1
e 22 51 1
e 22 52 1
e 22 53 1
e 23 24 1
e 23 54 1
e 23 55 1
e 24 25 1
e 24 56 1
e 24 57 1
e 25 26 1
e 25 27 2
e 26 28 2
e 26 58 1
e 27 59 1
e 28 60 1
t # 5414
v 0 1
v 1 1
v 2 1
v 3 1
v 4 3
v 5 3
v 6 3
v 7 3
v 8 3
v 9 3
v 10 3
v 11 3
v 12 3
v 13 3
v 14 3
v 15 3
v 16 3
v 17 3
v 18 3
v 19 3
v 20 3
v 21 3
v 22 3
v 23 3
v 24 3
v 25 3
v 26 3
v 27 3
v 28 3
v 29 4
v 30 4
v 31 4
v 32 4
v 33 4
v 34 4
v 35 4
v 36 4
v 37 4
v 38 4
v 39 4
v 40 4
v 41 4
v 42 4
v 43 4
v 44 4
v 45 4
v 46 4
v 47 4
v 48 4
v 49 4
v 50 4
v 51 4
v 52 4
v 53 4
v 54 4
v 55 4
v 56 4
v 57 4
v 58 4
v 59 4
v 60 4
v 61 4
v 62 4
e 0 20 1
e 0 26 1
e 1 25 1
e 1 27 1
e 2 22 2
e 3 26 1
e 3 62 1
e 4 5 1
e 4 6 1
e 4 29 1
e 4 30 1
e 5 13 1
e 5 14 1
e 5 31 1
e 6 9 1
e 6 32 1
e 6 33 1
e 7 8 1
e 7 15 1
e 7 16 1
e 7 34 1
e 8 10 1
e 8 35 1
e 8 36 1
e 9 12 1
e 9 37 1
e 9 38 1
e 10 11 1
e 10 39 1
e 10 40 1
e 11 19 1
e 11 41 1
e 11 42 1
e 12 17 2
e 12 21 1
e 13 43 1
e 13 44 1
e 13 45 1
e 14 20 2
e 14 46 1
e 15 18 2
e 15 47 1
e 16 48 1
e 16 49 1
e 16 50 1
e 17 18 1
e 17 51 1
e 18 52 1
e 19 23 1
e 19 25 2
e 20 22 1
e 21 53 1
e 21 54 1
e 21 55 1
e 22 24 1
e 23 27 2
e 23 56 1
e 24 26 2
e 24 28 1
e 25 57 1
e 27 58 1
e 28 59 1
e 28 60 1
e 28 61 1
t # 5415
v 0 1
v 1 1
v 2 1
v 3 1
v 4 2
v 5 2
v 6 2
v 7 2
v 8 2
v 9 3
v 10 3
v 11 3
v 12 3
v 13 3
v 14 3
v 15 3
v 16 3
v 17 3
v 18 3
v 19 3
v 20 3
v 21 3
v 22 3
v 23 3
v 24 3
v 25 3
v 26 3
v 27 3
v 28 3
v 29 3
v 30 3
v 31 4
v 32 4
v 33 4
v 34 4
v 35 4
v 36 4
v 37 4
v 38 4
v 39 4
v 40 4
v 41 4
v 42 4
v 43 4
v 44 4
v 45 4
v 46 4
v 47 4
v 48 4
v 49 4
v 50 4
v 51 4
v 52 4
v 53 4
v 54 4
v 55 4
v 56 4
v 57 4
v 58 4
v 59 4
e 0 29 1
e 0 58 1
e 1 30 1
e 1 59 1
e 2 29 2
e 3 30 2
e 4 9 1
e 4 17 1
e 4 18 1
e 5 12 1
e 5 14 1
e 5 37 1
e 6 13 1
e 6 16 1
e 6 42 1
e 7 14 2
e 7 20 1
e 8 21 2
e 8 26 1
e 9 10 1
e 9 31 1
e 9 32 1
e 10 12 1
e 10 33 1
e 10 34 1
e 11 13 2
e 11 14 1
e 11 15 1
e 12 35 1
e 12 36 1
e 13 19 1
e 15 16 2
e 15 21 1
e 16 24 1
e 17 22 1
e 17 38 1
e 17 39 1
e 18 23 1
e 18 40 1
e 18 41 1
e 19 20 2
e 19 25 1
e 20 43 1
e 21 44 1
e 22 45 1
e 22 46 1
e 22 47 1
e 23 48 1
e 23 49 1
e 23 50 1
e 24 26 2
e 24 51 1
e 25 52 1
e 25 53 1
e 25 54 1
e 26 55 1
e 27 28 2
e 27 29 1
e 27 56 1
e 28 30 1
e 28 57 1
t # 5416
v 0 1
v 1 1
v 2 1
v 3 3
v 4 3
v 5 3
v 6 3
v 7 3
v 8 3
v 9 3
v 10 3
v 11 3
v 12 3
v 13 3
v 14 3
v 15 3
v 16 3
v 17 3
v 18 3
v 19 3
v 20 3
v 21 3
v 22 3
v 23 3
v 24 3
v 25 3
v 26 3
v 27 4
v 28 4
v 29 4
v 30 4
v 31 4
v 32 4
v 33 4
v 34 4
v 35 4
v 36 4
v 37 4
v 38 4
v 39 4
v 40 4
v 41 4
v 42 4
v 43 4
v 44 4
v 45 4
v 46 4
v 47 4
v 48 4
v 49 4
v 50 4
v 51 4
v 52 4
v 53 4
v 54 4
e 0 3 1
e 0 8 1
e 1 15 1
e 1 16 1
e 2 16 2
e 3 4 1
e 3 6 1
e 3 7 1
e 4 5 1
e 4 27 1
e 4 28 1
e 5 11 1
e 5 29 1
e 5 30 1
e 6 10 2
e 6 31 1
e 7 32 1
e 7 33 1
e 7 34 1
e 8 9 2
e 8 12 1
e 9 10 1
e 9 16 1
e 10 35 1
e 11 13 2
e 11 36 1
e 12 15 1
e 12 18 2
e 13 14 1
e 13 19 1
e 14 17 1
e 14 37 1
e 14 38 1
e 15 20 2
e 17 22 1
e 17 39 1
e 17 40 1
e 18 21 1
e 18 41 1
e 19 42 1
e 19 43 1
e 19 44 1
e 20 23 1
e 20 45 1
e 21 23 2
e 21 46 1
e 22 24 2
e 22 47 1
e 23 48 1
e 24 25 1
e 24 26 1
e 25 49 1
e 25 50 1
e 25 51 1
e 26 52 1
e 26 53 1
e 26 54 1
t # 5417
v 0 18
v 1 18
v 2 1
v 3 1
v 4 1
v 5 1
v 6 1
v 7 1
v 8 3
v 9 3
v 10 3
v 11 3
v 12 3
v 13 3
v 14 3
v 15 3
v 16 3
v 17 3
v 18 3
v 19 3
v 20 3
v 21 3
v 22 3
v 23 3
v 24 3
v 25 3
v 26 3
v 27 3
v 28 3
v 29 3
v 30 3
v 31 3
v 32 3
v 33 3
v 34 3
v 35 3
v 36 4
v 37 4
v 38 4
v 39 4
v 40 4
v 41 4
v 42 4
v 43 4
v 44 4
v 45 4
v 46 4
v 47 4
v 48 4
v 49 4
v 50 4
v 51 4
v 52 4
v 53 4
v 54 4
v 55 4
v 56 4
v 57 4
v 58 4
v 59 4
v 60 4
v 61 4
v 62 4
v 63 4
v 64 4
v 65 4
v 66 4
v 67 4
e 2 10 1
e 2 18 1
e 3 11 1
e 3 19 1
e 4 16 2
e 5 17 2
e 6 28 2
e 7 29 2
e 8 10 1
e 8 16 1
e 8 20 1
e 8 21 1
e 9 11 1
e 9 17 1
e 9 22 1
e 9 23 1
e 10 24 2
e 11 25 2
e 12 13 1
e 12 16 1
e 12 36 1
e 13 17 1
e 13 37 1
e 14 18 1
e 14 28 1
e 14 30 1
e 14 31 1
e 15 19 1
e 15 29 1
e 15 32 1
e 15 33 1
e 18 26 2
e 19 27 2
e 20 38 1
e 20 39 1
e 20 40 1
e 21 41 1
e 21 42 1
e 21 43 1
e 22 44 1
e 22 45 1
e 22 46 1
e 23 47 1
e 23 48 1
e 23 49 1
e 24 26 1
e 24 50 1
e 25 27 1
e 25 51 1
e 26 52 1
e 27 53 1
e 28 34 1
e 29 35 1
e 30 54 1
e 30 55 1
e 30 56 1
e 31 57 1
e 31 58 1
e 31 59 1
e 32 60 1
e 32 61 1
e 32 62 1
e 33 63 1
e 33 64 1
e 33 65 1
e 34 35 2
e 34 66 1
e 35 67 1
t # 5418
v 0 1
v 1 1
v 2 1
v 3 1
v 4 1
v 5 1
v 6 1
v 7 1
v 8 3
v 9 3
v 10 3
v 11 3
v 12 3
v 13 3
v 14 3
v 15 3
v 16 3
v 17 3
v 18 3
v 19 3
v 20 3
v 21 3
v 22 3
v 23 3
v 24 3
v 25 3
v 26 3
v 27 3
v 28 3
v 29 3
v 30 3
v 31 3
v 32 3
v 33 3
v 34 3
v 35 3
v 36 4
v 37 4
v 38 4
v 39 4
v 40 4
v 41 4
v 42 4
v 43 4
v 44 4
v 45 4
v 46 4
v 47 4
v 48 4
v 49 4
v 50 4
v 51 4
v 52 4
v 53 4
v 54 4
v 55 4
v 56 4
v 57 4
v 58 4
v 59 4
v 60 4
v 61 4
v 62 4
v 63 4
v 64 4
v 65 4
v 66 4
v 67 4
e 0 12 2
e 1 13 2
e 2 14 2
e 3 15 2
e 4 16 2
e 5 17 2
e 6 18 2
e 7 19 2
e 8 12 1
e 8 13 1
e 8 20 1
e 8 21 1
e 9 14 1
e 9 16 1
e 9 22 1
e 9 23 1
e 10 15 1
e 10 17 1
e 10 24 1
e 10 25 1
e 11 18 1
e 11 19 1
e 11 26 1
e 11 27 1
e 12 28 1
e 13 29 1
e 14 30 1
e 15 31 1
e 16 32 1
e 17 33 1
e 18 34 1
e 19 35 1
e 20 36 1
e 20 37 1
e 20 38 1
e 21 39 1
e 21 40 1
e 21 41 1
e 22 42 1
e 22 43 1
e 22 44 1
e 23 45 1
e 23 46 1
e 23 47 1
e 24 48 1
e 24 49 1
e 24 50 1
e 25 51 1
e 25 52 1
e 25 53 1
e 26 54 1
e 26 55 1
e 26 56 1
e 27 57 1
e 27 58 1
e 27 59 1
e 28 30 2
e 28 60 1
e 29 31 2
e 29 61 1
e 30 62 1
e 31 63 1
e 32 34 2
e 32 64 1
e 33 35 2
e 33 65 1
e 34 66 1
e 35 67 1
t # 5419
v 0 1
v 1 1
v 2 1
v 3 1
v 4 1
v 5 1
v 6 1
v 7 3
v 8 3
v 9 3
v 10 3
v 11 3
v 12 3
v 13 3
v 14 3
v 15 3
v 16 3
v 17 3
v 18 3
v 19 3
v 20 3
v 21 3
v 22 3
v 23 3
v 24 3
v 25 3
v 26 3
v 27 3
v 28 3
v 29 3
v 30 3
v 31 3
v 32 3
v 33 3
v 34 3
v 35 4
v 36 4
v 37 4
v 38 4
v 39 4
v 40 4
v 41 4
v 42 4
v 43 4
v 44 4
v 45 4
v 46 4
v 47 4
v 48 4
v 49 4
v 50 4
v 51 4
v 52 4
v 53 4
v 54 4
v 55 4
v 56 4
v 57 4
v 58 4
v 59 4
v 60 4
v 61 4
v 62 4
v 63 4
v 64 4
v 65 4
v 66 4
e 0 9 1
e 0 10 1
e 1 17 2
e 2 18 2
e 3 23 2
e 4 24 2
e 5 25 2
e 6 26 2
e 7 9 1
e 7 11 1
e 7 12 1
e 7 17 1
e 8 10 1
e 8 13 1
e 8 14 1
e 8 18 1
e 9 15 2
e 10 16 2
e 11 35 1
e 11 36 1
e 11 37 1
e 12 38 1
e 12 39 1
e 12 40 1
e 13 41 1
e 13 42 1
e 13 43 1
e 14 44 1
e 14 45 1
e 14 46 1
e 15 16 1
e 15 47 1
e 16 48 1
e 17 21 1
e 18 22 1
e 19 23 1
e 19 25 1
e 19 29 1
e 19 30 1
e 20 24 1
e 20 26 1
e 20 31 1
e 20 32 1
e 21 27 2
e 21 49 1
e 22 28 2
e 22 50 1
e 23 27 1
e 24 28 1
e 25 33 1
e 26 34 1
e 27 51 1
e 28 52 1
e 29 53 1
e 29 54 1
e 29 55 1
e 30 56 1
e 30 57 1
e 30 58 1
e 31 59 1
e 31 60 1
e 31 61 1
e 32 62 1
e 32 63 1
e 32 64 1
e 33 34 2
e 33 65 1
e 34 66 1
t # 5420
v 0 1
v 1 1
v 2 1
v 3 1
v 4 3
v 5 3
v 6 3
v 7 3
v 8 3
v 9 3
v 10 3
v 11 3
v 12 3
v 13 3
v 14 3
v 15 3
v 16 3
v 17 3
v 18 3
v 19 3
v 20 3
v 21 3
v 22 3
v 23 3
v 24 3
v 25 3
v 26 3
v 27 3
v 28 3
v 29 3
v 30 3
v 31 3
v 32 4
v 33 4
v 34 4
v 35 4
v 36 4
v 37 4
v 38 4
v 39 4
v 40 4
v 41 4
v 42 4
v 43 4
v 44 4
v 45 4
v 46 4
v 47 4
v 48 4
v 49 4
v 50 4
v 51 4
v 52 4
v 53 4
v 54 4
v 55 4
v 56 4
v 57 4
v 58 4
v 59 4
v 60 4
v 61 4
v 62 4
v 63 4
v 64 4
v 65 4
v 66 4
v 67 4
v 68 4
v 69 4
v 70 4
v 71 4
e 0 22 1
e 0 30 1
e 1 23 1
e 1 67 1
e 2 25 1
e 2 68 1
e 3 30 2
e 4 5 1
e 4 8 1
e 4 32 1
e 4 33 1
e 5 13 1
e 5 34 1
e 5 35 1
e 6 7 1
e 6 9 1
e 6 36 1
e 6 37 1
e 7 10 1
e 7 38 1
e 7 39 1
e 8 9 2
e 8 17 1
e 9 40 1
e 10 15 2
e 10 19 1
e 11 12 1
e 11 13 2
e 11 20 1
e 12 14 1
e 12 41 1
e 12 42 1
e 13 43 1
e 14 21 1
e 14 44 1
e 14 45 1
e 15 16 1
e 15 46 1
e 16 18 1
e 16 47 1
e 16 48 1
e 17 49 1
e 17 50 1
e 17 51 1
e 18 22 2
e 18 23 1
e 19 52 1
e 19 53 1
e 19 54 1
e 20 55 1
e 20 56 1
e 20 57 1
e 21 24 2
e 21 58 1
e 22 26 1
e 23 25 2
e 24 28 1
e 24 29 1
e 25 27 1
e 26 27 2
e 26 59 1
e 27 60 1
e 28 61 1
e 28 62 1
e 28 63 1
e 29 64 1
e 29 65 1
e 29 66 1
e 30 31 1
e 31 69 1
e 31 70 1
e 31 71 1
t # 5421
v 0 1
v 1 1
v 2 3
v 3 3
v 4 3
v 5 3
v 6 3
v 7 3
v 8 3
v 9 3
v 10 3
v 11 3
v 12 3
v 13 3
v 14 3
v 15 3
v 16 3
v 17 3
v 18 3
v 19 3
v 20 3
v 21 3
v 22 3
v 23 3
v 24 3
v 25 3
v 26 3
v 27 3
v 28 3
v 29 3
v 30 3
v 31 3
v 32 3
v 33 3
v 34 3
v 35 3
v 36 3
v 37 3
v 38 4
v 39 4
v 40 4
v 41 4
v 42 4
v 43 4
v 44 4
v 45 4
v 46 4
v 47 4
v 48 4
v 49 4
v 50 4
v 51 4
v 52 4
v 53 4
v 54 4
v 55 4
v 56 4
v 57 4
v 58 4
v 59 4
v 60 4
v 61 4
v 62 4
v 63 4
e 0 8 2
e 1 9 2
e 2 3 1
e 2 4 1
e 2 7 1
e 2 38 1
e 3 5 1
e 3 6 1
e 3 39 1
e 4 8 1
e 4 10 2
e 5 9 1
e 5 11 2
e 6 8 1
e 6 12 2
e 7 9 1
e 7 13 2
e 10 14 1
e 10 40 1
e 11 15 1
e 11 41 1
e 12 16 1
e 12 42 1
e 13 17 1
e 13 43 1
e 14 18 2
e 14 20 1
e 15 19 2
e 15 21 1
e 16 22 2
e 16 24 1
e 17 23 2
e 17 25 1
e 18 26 1
e 18 44 1
e 19 27 1
e 19 45 1
e 20 28 2
e 20 46 1
e 21 29 2
e 21 47 1
e 22 30 1
e 22 48 1
e 23 31 1
e 23 49 1
e 24 32 2
e 24 50 1
e 25 33 2
e 25 51 1
e 26 34 2
e 26 52 1
e 27 35 2
e 27 53 1
e 28 34 1
e 28 54 1
e 29 35 1
e 29 55 1
e 30 36 2
e 30 56 1
e 31 37 2
e 31 57 1
e 32 36 1
e 32 58 1
e 33 37 1
e 33 59 1
e 34 60 1
e 35 61 1
e 36 62 1
e 37 63 1
t # 5422
v 0 27
v 1 11
v 2 1
v 3 1
v 4 1
v 5 1
v 6 2
v 7 2
v 8 2
v 9 3
v 10 3
v 11 3
v 12 3
v 13 3
v 14 3
v 15 3
v 16 3
v 17 3
v 18 3
v 19 3
v 20 3
v 21 4
v 22 4
v 23 4
v 24 4
v 25 4
v 26 4
v 27 4
v 28 4
v 29 4
v 30 4
v 31 4
v 32 4
v 33 4
v 34 4
e 1 9 1
e 1 11 1
e 1 12 1
e 2 10 1
e 2 15 1
e 3 15 1
e 6 18 1
e 7 14 1
e 9 10 1
e 9 21 1
e 9 22 1
e 10 23 1
e 10 24 1
e 11 25 1
e 11 26 1
e 11 27 1
e 12 28 1
e 12 29 1
e 12 30 1
e 13 14 1
e 13 16 2
e 13 17 1
e 14 15 2
e 16 19 1
e 16 31 1
e 17 20 2
e 17 32 1
e 18 19 2
e 18 20 1
e 19 33 1
e 20 34 1
t # 5423
v 0 11
v 1 1
v 2 1
v 3 1
v 4 1
v 5 2
v 6 2
v 7 2
v 8 3
v 9 3
v 10 3
v 11 3
v 12 3
v 13 3
v 14 3
v 15 3
v 16 3
v 17 3
v 18 3
v 19 4
v 20 4
v 21 4
v 22 4
v 23 4
v 24 4
v 25 4
v 26 4
v 27 4
v 28 4
v 29 4
e 0 13 1
e 0 18 1
e 1 9 1
e 1 17 1
e 2 17 1
e 5 14 1
e 6 12 1
e 8 10 2
e 8 11 1
e 8 12 1
e 9 13 1
e 9 19 1
e 9 20 1
e 10 15 1
e 10 21 1
e 11 16 2
e 11 22 1
e 12 17 2
e 13 23 1
e 13 24 1
e 14 15 2
e 14 16 1
e 15 25 1
e 16 26 1
e 18 27 1
e 18 28 1
e 18 29 1
t # 5424
v 0 1
v 1 1
v 2 1
v 3 1
v 4 1
v 5 2
v 6 3
v 7 3
v 8 3
v 9 3
v 10 3
v 11 3
v 12 4
v 13 4
v 14 4
v 15 4
v 16 4
v 17 4
v 18 4
v 19 4
v 20 4
e 0 6 1
e 0 9 1
e 1 8 1
e 2 9 2
e 6 7 1
e 6 12 1
e 6 13 1
e 7 10 2
e 7 16 1
e 8 9 1
e 8 14 1
e 8 15 1
e 10 11 1
e 10 17 1
e 11 18 1
e 11 19 1
e 11 20 1
t # 5425
v 0 1
v 1 1
v 2 1
v 3 1
v 4 1
v 5 2
v 6 3
v 7 3
v 8 3
v 9 3
v 10 3
v 11 3
v 12 3
v 13 3
v 14 3
v 15 3
v 16 3
v 17 4
v 18 4
v 19 4
v 20 4
v 21 4
v 22 4
v 23 4
v 24 4
v 25 4
v 26 4
v 27 4
e 0 8 1
e 0 15 1
e 1 16 1
e 2 15 2
e 6 7 1
e 6 10 2
e 6 11 1
e 7 9 2
e 7 17 1
e 8 9 1
e 8 18 1
e 8 19 1
e 9 20 1
e 10 12 1
e 10 21 1
e 11 13 2
e 11 22 1
e 12 14 2
e 12 23 1
e 13 14 1
e 13 24 1
e 14 25 1
e 15 16 1
e 16 26 1
e 16 27 1
t # 5426
v 0 12
v 1 12
v 2 1
v 3 1
v 4 2
v 5 2
v 6 2
v 7 3
v 8 3
v 9 3
v 10 3
v 11 3
v 12 3
v 13 3
v 14 3
v 15 3
v 16 3
v 17 3
v 18 3
v 19 3
v 20 3
v 21 3
v 22 3
v 23 4
v 24 4
v 25 4
v 26 4
v 27 4
v 28 4
v 29 4
v 30 4
v 31 4
v 32 4
v 33 4
v 34 4
v 35 4
v 36 4
v 37 4
v 38 4
v 39 4
e 0 18 1
e 2 13 1
e 2 33 1
e 3 12 2
e 4 7 1
e 4 9 1
e 4 10 1
e 5 8 1
e 5 9 1
e 5 12 1
e 6 12 1
e 6 14 2
e 7 8 1
e 7 23 1
e 7 24 1
e 8 25 1
e 8 26 1
e 9 11 2
e 10 13 1
e 10 27 1
e 10 28 1
e 11 14 1
e 11 29 1
e 13 30 1
e 13 31 1
e 14 15 1
e 15 16 2
e 15 32 1
e 16 17 1
e 16 34 1
e 17 18 1
e 17 19 2
e 18 20 2
e 19 21 1
e 19 35 1
e 20 22 1
e 20 36 1
e 21 22 2
e 21 37 1
e 22 38 1
t # 5427
v 0 1
v 1 1
v 2 3
v 3 3
v 4 3
v 5 3
v 6 3
v 7 3
v 8 3
v 9 3
v 10 3
v 11 3
v 12 3
v 13 4
v 14 4
v 15 4
v 16 4
v 17 4
v 18 4
v 19 4
v 20 4
e 0 4 1
e 0 20 1
e 1 6 2
e 2 3 2
e 2 4 1
e 2 6 1
e 3 5 1
e 3 7 1
e 4 8 2
e 5 9 2
e 5 13 1
e 6 10 1
e 7 11 2
e 7 14 1
e 8 9 1
e 8 15 1
e 9 16 1
e 10 12 2
e 10 17 1
e 11 12 1
e 11 18 1
e 12 19 1
t # 5428
v 0 1
v 1 1
v 2 3
v 3 3
v 4 3
v 5 3
v 6 3
v 7 3
v 8 3
v 9 3
v 10 3
v 11 3
v 12 3
v 13 3
v 14 3
v 15 3
v 16 3
v 17 3
v 18 3
v 19 3
v 20 3
v 21 3
v 22 4
v 23 4
v 24 4
v 25 4
v 26 4
v 27 4
v 28 4
v 29 4
v 30 4
v 31 4
v 32 4
v 33 4
v 34 4
v 35 4
v 36 4
v 37 4
v 38 4
v 39 4
v 40 4
v 41 4
v 42 4
v 43 4
v 44 4
v 45 4
v 46 4
v 47 4
v 48 4
v 49 4
v 50 4
v 51 4
e 0 3 1
e 0 4 1
e 1 13 2
e 2 5 1
e 2 6 1
e 2 7 1
e 2 10 1
e 3 4 1
e 3 5 1
e 3 22 1
e 4 8 1
e 4 12 1
e 5 23 1
e 5 24 1
e 6 9 1
e 6 11 1
e 6 25 1
e 7 13 1
e 7 26 1
e 7 27 1
e 8 14 1
e 8 28 1
e 8 29 1
e 9 13 1
e 9 16 2
e 10 30 1
e 10 31 1
e 10 32 1
e 11 15 1
e 11 33 1
e 11 34 1
e 12 35 1
e 12 36 1
e 12 37 1
e 14 18 1
e 14 38 1
e 14 39 1
e 15 17 1
e 15 40 1
e 15 41 1
e 16 19 1
e 16 20 1
e 17 18 2
e 17 21 1
e 18 42 1
e 19 43 1
e 19 44 1
e 19 45 1
e 20 46 1
e 20 47 1
e 20 48 1
e 21 49 1
e 21 50 1
e 21 51 1
t # 5429
v 0 1
v 1 1
v 2 1
v 3 1
v 4 2
v 5 3
v 6 3
v 7 3
v 8 3
v 9 3
v 10 3
v 11 3
v 12 3
v 13 3
v 14 3
v 15 3
v 16 3
v 17 3
v 18 3
v 19 3
v 20 3
v 21 3
v 22 3
v 23 3
v 24 3
v 25 4
v 26 4
v 27 4
v 28 4
v 29 4
v 30 4
v 31 4
v 32 4
v 33 4
v 34 4
v 35 4
v 36 4
v 37 4
v 38 4
v 39 4
v 40 4
v 41 4
v 42 4
v 43 4
v 44 4
v 45 4
v 46 4
v 47 4
v 48 4
v 49 4
v 50 4
v 51 4
e 0 11 1
e 0 16 1
e 1 12 1
e 1 15 1
e 2 11 2
e 3 12 2
e 4 5 1
e 4 7 1
e 4 9 1
e 5 6 1
e 5 11 1
e 5 25 1
e 6 8 1
e 6 26 1
e 6 27 1
e 7 8 1
e 7 28 1
e 7 29 1
e 8 30 1
e 8 31 1
e 9 10 1
e 9 12 1
e 9 32 1
e 10 13 1
e 10 33 1
e 10 34 1
e 13 14 1
e 13 35 1
e 13 36 1
e 14 17 2
e 14 37 1
e 15 18 1
e 15 38 1
e 15 39 1
e 16 40 1
e 16 41 1
e 16 42 1
e 17 19 1
e 17 43 1
e 18 44 1
e 18 45 1
e 18 46 1
e 19 20 2
e 19 21 1
e 20 22 1
e 20 47 1
e 21 23 2
e 21 48 1
e 22 24 2
e 22 49 1
e 23 24 1
e 23 50 1
e 24 51 1
t # 5430
v 0 1
v 1 1
v 2 3
v 3 3
v 4 3
v 5 3
v 6 3
v 7 3
v 8 3
v 9 3
v 10 3
v 11 3
v 12 3
v 13 3
v 14 3
v 15 3
v 16 3
v 17 3
v 18 3
v 19 3
v 20 3
v 21 3
v 22 3
v 23 3
v 24 3
v 25 3
v 26 3
v 27 3
v 28 3
v 29 3
v 30 4
v 31 4
v 32 4
v 33 4
v 34 4
v 35 4
v 36 4
v 37 4
v 38 4
v 39 4
v 40 4
v 41 4
v 42 4
v 43 4
v 44 4
v 45 4
v 46 4
v 47 4
v 48 4
v 49 4
v 50 4
v 51 4
v 52 4
v 53 4
v 54 4
v 55 4
v 56 4
v 57 4
v 58 4
v 59 4
v 60 4
v 61 4
v 62 4
v 63 4
v 64 4
v 65 4
v 66 4
v 67 4
v 68 4
v 69 4
e 0 29 1
e 0 69 1
e 1 29 2
e 2 3 1
e 2 5 1
e 2 11 1
e 2 12 1
e 3 4 1
e 3 6 2
e 4 9 1
e 4 10 1
e 4 30 1
e 5 7 1
e 5 31 1
e 5 32 1
e 6 8 1
e 6 17 1
e 7 8 1
e 7 33 1
e 7 34 1
e 8 35 1
e 8 36 1
e 9 14 1
e 9 37 1
e 9 38 1
e 10 15 1
e 10 39 1
e 10 40 1
e 11 41 1
e 11 42 1
e 11 43 1
e 12 44 1
e 12 45 1
e 12 46 1
e 13 16 1
e 13 18 1
e 13 24 1
e 13 25 1
e 14 19 2
e 14 23 1
e 15 19 1
e 15 27 2
e 16 20 1
e 16 47 1
e 16 48 1
e 17 49 1
e 17 50 1
e 17 51 1
e 18 22 2
e 18 26 1
e 19 54 1
e 20 21 1
e 20 52 1
e 20 53 1
e 21 22 1
e 21 55 1
e 21 56 1
e 22 28 1
e 23 26 2
e 23 57 1
e 24 58 1
e 24 59 1
e 24 60 1
e 25 61 1
e 25 62 1
e 25 63 1
e 26 64 1
e 27 29 1
e 27 65 1
e 28 66 1
e 28 67 1
e 28 68 1
t # 5431
v 0 11
v 1 1
v 2 2
v 3 2
v 4 2
v 5 3
v 6 3
v 7 3
v 8 3
v 9 3
v 10 3
v 11 3
v 12 3
v 13 3
v 14 3
v 15 3
v 16 3
v 17 3
v 18 3
v 19 3
v 20 3
v 21 3
v 22 3
v 23 3
v 24 3
v 25 3
v 26 3
v 27 3
v 28 4
v 29 4
v 30 4
v 31 4
v 32 4
v 33 4
v 34 4
v 35 4
v 36 4
v 37 4
v 38 4
v 39 4
v 40 4
v 41 4
v 42 4
v 43 4
v 44 4
v 45 4
v 46 4
v 47 4
v 48 4
v 49 4
v 50 4
v 51 4
v 52 4
e 1 15 2
e 2 9 1
e 2 15 1
e 2 43 1
e 3 16 2
e 3 19 1
e 4 18 1
e 4 19 1
e 4 45 1
e 5 9 1
e 5 10 1
e 5 11 1
e 5 28 1
e 6 9 1
e 6 12 1
e 6 13 1
e 6 29 1
e 7 10 1
e 7 12 1
e 7 14 1
e 7 30 1
e 8 11 1
e 8 13 1
e 8 14 1
e 8 31 1
e 9 32 1
e 10 33 1
e 10 34 1
e 11 35 1
e 11 36 1
e 12 37 1
e 12 38 1
e 13 39 1
e 13 40 1
e 14 41 1
e 14 42 1
e 15 16 1
e 16 17 1
e 17 18 2
e 17 44 1
e 18 20 1
e 20 21 2
e 20 46 1
e 21 22 1
e 21 47 1
e 22 23 2
e 22 24 1
e 23 25 1
e 23 48 1
e 24 26 2
e 24 49 1
e 25 27 2
e 25 50 1
e 26 27 1
e 26 51 1
e 27 52 1
t # 5432
v 0 18
v 1 11
v 2 1
v 3 2
v 4 2
v 5 3
v 6 3
v 7 3
v 8 3
v 9 3
v 10 3
v 11 3
v 12 3
v 13 3
v 14 3
v 15 3
v 16 3
v 17 3
v 18 3
v 19 3
v 20 3
v 21 3
v 22 3
v 23 3
v 24 3
v 25 3
v 26 3
v 27 4
v 28 4
v 29 4
v 30 4
v 31 4
v 32 4
v 33 4
v 34 4
v 35 4
v 36 4
v 37 4
v 38 4
v 39 4
v 40 4
v 41 4
e 1 6 1
e 1 7 1
e 2 13 2
e 3 5 1
e 3 13 1
e 3 28 1
e 4 6 2
e 4 8 1
e 5 6 1
e 5 9 2
e 7 8 1
e 7 11 2
e 8 12 2
e 9 10 1
e 9 27 1
e 10 17 2
e 10 18 1
e 11 15 1
e 11 29 1
e 12 16 1
e 12 30 1
e 13 14 1
e 14 19 2
e 14 20 1
e 15 16 2
e 15 31 1
e 16 32 1
e 17 21 1
e 17 33 1
e 18 22 2
e 18 34 1
e 19 24 1
e 19 35 1
e 20 25 2
e 20 36 1
e 21 23 2
e 21 37 1
e 22 23 1
e 22 38 1
e 24 26 2
e 24 39 1
e 25 26 1
e 25 40 1
e 26 41 1
t # 5433
v 0 1
v 1 1
v 2 2
v 3 3
v 4 3
v 5 3
v 6 3
v 7 3
v 8 3
v 9 3
v 10 3
v 11 3
v 12 3
v 13 3
v 14 3
v 15 3
v 16 3
v 17 3
v 18 3
v 19 3
v 20 3
v 21 3
v 22 3
v 23 4
v 24 4
v 25 4
v 26 4
v 27 4
v 28 4
v 29 4
v 30 4
v 31 4
v 32 4
v 33 4
v 34 4
v 35 4
e 0 13 1
e 0 17 1
e 1 17 2
e 2 12 1
e 2 13 2
e 3 4 1
e 3 6 1
e 3 10 2
e 4 7 1
e 4 11 2
e 5 6 2
e 5 8 1
e 5 9 1
e 6 23 1
e 7 8 2
e 7 24 1
e 8 25 1
e 9 12 2
e 9 26 1
e 10 15 1
e 10 27 1
e 11 16 1
e 11 28 1
e 12 17 1
e 13 14 1
e 14 18 2
e 14 19 1
e 15 16 2
e 15 29 1
e 16 30 1
e 18 20 1
e 18 31 1
e 19 21 2
e 19 32 1
e 20 22 2
e 20 33 1
e 21 22 1
e 21 34 1
e 22 35 1
t # 5434
v 0 1
v 1 1
v 2 1
v 3 1
v 4 1
v 5 2
v 6 3
v 7 3
v 8 3
v 9 3
v 10 3
v 11 3
v 12 3
v 13 3
v 14 3
v 15 3
v 16 3
v 17 3
v 18 3
v 19 3
v 20 3
v 21 3
v 22 4
v 23 4
v 24 4
v 25 4
v 26 4
v 27 4
v 28 4
v 29 4
v 30 4
v 31 4
v 32 4
e 0 9 1
e 0 15 1
e 1 10 1
e 1 30 1
e 2 11 1
e 2 31 1
e 3 16 1
e 3 32 1
e 4 15 2
e 5 7 1
e 5 9 2
e 6 8 1
e 6 10 2
e 6 11 1
e 7 8 2
e 7 15 1
e 8 22 1
e 9 12 1
e 10 13 1
e 11 14 2
e 12 17 2
e 12 18 1
e 13 16 2
e 13 23 1
e 14 16 1
e 14 24 1
e 17 19 1
e 17 25 1
e 18 20 2
e 18 26 1
e 19 21 2
e 19 27 1
e 20 21 1
e 20 28 1
e 21 29 1
t # 5435
v 0 1
v 1 1
v 2 1
v 3 1
v 4 2
v 5 3
v 6 3
v 7 3
v 8 3
v 9 3
v 10 3
v 11 3
v 12 3
v 13 3
v 14 3
v 15 3
v 16 3
v 17 4
v 18 4
v 19 4
v 20 4
v 21 4
v 22 4
v 23 4
v 24 4
v 25 4
e 0 5 1
e 0 12 1
e 1 7 1
e 1 12 1
e 2 14 1
e 2 15 1
e 3 14 2
e 4 13 1
e 4 15 2
e 5 7 2
e 5 8 1
e 6 8 2
e 6 9 1
e 6 11 1
e 7 10 1
e 8 17 1
e 9 10 2
e 9 18 1
e 10 19 1
e 11 13 2
e 11 20 1
e 12 21 1
e 12 22 1
e 13 14 1
e 15 16 1
e 16 23 1
e 16 24 1
e 16 25 1
t # 5436
v 0 1
v 1 1
v 2 1
v 3 2
v 4 2
v 5 2
v 6 2
v 7 3
v 8 3
v 9 3
v 10 3
v 11 3
v 12 3
v 13 3
v 14 3
v 15 3
v 16 3
v 17 3
v 18 3
v 19 3
v 20 3
v 21 3
v 22 3
v 23 3
v 24 3
v 25 3
v 26 3
v 27 3
v 28 3
v 29 4
v 30 4
v 31 4
v 32 4
v 33 4
v 34 4
v 35 4
v 36 4
v 37 4
v 38 4
v 39 4
v 40 4
v 41 4
v 42 4
v 43 4
v 44 4
e 0 19 2
e 3 7 1
e 3 8 1
e 3 29 1
e 4 7 2
e 4 10 1
e 5 9 1
e 5 19 1
e 5 32 1
e 6 15 1
e 7 9 1
e 8 10 1
e 8 13 2
e 9 11 2
e 10 14 2
e 11 12 1
e 11 30 1
e 12 15 1
e 12 18 2
e 13 16 1
e 13 31 1
e 14 17 1
e 14 33 1
e 15 21 2
e 16 17 2
e 16 34 1
e 17 35 1
e 18 22 1
e 18 36 1
e 19 20 1
e 20 24 2
e 20 25 1
e 21 23 1
e 21 37 1
e 22 23 2
e 22 38 1
e 23 39 1
e 24 26 1
e 24 40 1
e 25 27 2
e 25 41 1
e 26 28 2
e 26 42 1
e 27 28 1
e 27 43 1
e 28 44 1
t # 5437
v 0 1
v 1 1
v 2 1
v 3 2
v 4 3
v 5 3
v 6 3
v 7 3
v 8 3
v 9 3
v 10 3
v 11 3
v 12 3
v 13 3
v 14 3
v 15 3
v 16 4
v 17 4
v 18 4
v 19 4
v 20 4
v 21 4
v 22 4
v 23 4
v 24 4
v 25 4
v 26 4
e 0 11 1
e 0 12 1
e 1 5 1
e 1 15 1
e 2 12 2
e 3 7 1
e 3 11 2
e 4 5 1
e 4 6 1
e 4 8 2
e 5 9 2
e 6 7 2
e 6 16 1
e 7 12 1
e 8 10 1
e 8 17 1
e 9 13 1
e 9 18 1
e 10 13 2
e 10 19 1
e 11 14 1
e 13 20 1
e 14 21 1
e 14 22 1
e 14 23 1
e 15 24 1
e 15 25 1
e 15 26 1
t # 5438
v 0 1
v 1 1
v 2 1
v 3 1
v 4 1
v 5 1
v 6 2
v 7 2
v 8 2
v 9 2
v 10 3
v 11 3
v 12 3
v 13 3
v 14 3
v 15 3
v 16 3
v 17 3
v 18 3
v 19 3
v 20 3
v 21 3
v 22 3
v 23 3
v 24 3
v 25 3
v 26 3
v 27 3
v 28 3
v 29 3
v 30 3
v 31 3
v 32 3
v 33 3
v 34 3
v 35 4
v 36 4
v 37 4
v 38 4
v 39 4
v 40 4
v 41 4
v 42 4
v 43 4
v 44 4
v 45 4
v 46 4
v 47 4
v 48 4
v 49 4
v 50 4
v 51 4
v 52 4
v 53 4
v 54 4
v 55 4
v 56 4
e 0 22 1
e 0 31 1
e 1 23 1
e 1 32 1
e 2 24 1
e 2 33 1
e 3 25 2
e 6 10 1
e 6 11 1
e 6 35 1
e 7 11 2
e 7 12 1
e 8 13 1
e 8 25 1
e 8 39 1
e 9 18 1
e 10 12 2
e 10 16 1
e 11 13 1
e 12 17 1
e 13 15 2
e 14 15 1
e 14 19 2
e 14 20 1
e 15 36 1
e 16 18 2
e 16 37 1
e 17 21 2
e 17 38 1
e 18 21 1
e 19 23 1
e 19 40 1
e 20 22 2
e 20 41 1
e 21 42 1
e 22 24 1
e 23 24 2
e 25 26 1
e 26 27 2
e 26 28 1
e 27 29 1
e 27 43 1
e 28 30 2
e 28 44 1
e 29 34 2
e 29 45 1
e 30 34 1
e 30 46 1
e 31 47 1
e 31 48 1
e 31 49 1
e 32 50 1
e 32 51 1
e 32 52 1
e 33 53 1
e 33 54 1
e 33 55 1
e 34 56 1
t # 5439
v 0 1
v 1 1
v 2 1
v 3 1
v 4 2
v 5 2
v 6 2
v 7 2
v 8 3
v 9 3
v 10 3
v 11 3
v 12 3
v 13 3
v 14 3
v 15 3
v 16 3
v 17 3
v 18 3
v 19 3
v 20 3
v 21 3
v 22 3
v 23 3
v 24 3
v 25 3
v 26 3
v 27 3
v 28 3
v 29 3
v 30 3
v 31 3
v 32 3
v 33 3
v 34 3
v 35 3
v 36 3
v 37 3
v 38 3
v 39 3
v 40 4
v 41 4
v 42 4
v 43 4
v 44 4
v 45 4
v 46 4
v 47 4
v 48 4
v 49 4
v 50 4
v 51 4
v 52 4
v 53 4
v 54 4
v 55 4
v 56 4
v 57 4
v 58 4
v 59 4
v 60 4
v 61 4
e 0 12 2
e 1 15 2
e 2 26 2
e 3 38 2
e 4 11 1
e 4 17 1
e 4 42 1
e 5 9 1
e 5 17 2
e 6 19 1
e 6 26 1
e 6 48 1
e 7 30 1
e 7 38 1
e 7 55 1
e 8 9 1
e 8 10 2
e 8 12 1
e 9 11 2
e 10 15 1
e 10 16 1
e 11 18 1
e 12 13 1
e 13 14 1
e 13 20 2
e 14 15 1
e 14 21 2
e 16 18 2
e 16 40 1
e 17 19 1
e 18 41 1
e 19 24 2
e 20 22 1
e 20 43 1
e 21 23 1
e 21 44 1
e 22 23 2
e 22 45 1
e 23 46 1
e 24 25 1
e 24 47 1
e 25 27 2
e 25 28 1
e 26 29 1
e 27 31 1
e 27 49 1
e 28 32 2
e 28 50 1
e 29 33 2
e 29 34 1
e 30 31 2
e 30 32 1
e 31 51 1
e 32 52 1
e 33 35 1
e 33 53 1
e 34 36 2
e 34 54 1
e 35 37 2
e 35 56 1
e 36 37 1
e 36 57 1
e 37 58 1
e 38 39 1
e 39 59 1
e 39 60 1
e 39 61 1
t # 5440
v 0 1
v 1 1
v 2 1
v 3 1
v 4 2
v 5 2
v 6 2
v 7 2
v 8 3
v 9 3
v 10 3
v 11 3
v 12 3
v 13 3
v 14 3
v 15 3
v 16 3
v 17 3
v 18 3
v 19 3
v 20 3
v 21 3
v 22 3
v 23 3
v 24 3
v 25 3
v 26 3
v 27 3
v 28 3
v 29 3
v 30 3
v 31 3
v 32 3
v 33 3
v 34 3
v 35 3
v 36 3
v 37 3
v 38 4
v 39 4
v 40 4
v 41 4
v 42 4
v 43 4
v 44 4
v 45 4
v 46 4
v 47 4
v 48 4
v 49 4
v 50 4
v 51 4
v 52 4
v 53 4
v 54 4
v 55 4
v 56 4
v 57 4
e 0 12 2
e 1 15 2
e 2 25 2
e 3 34 1
e 3 37 1
e 4 11 1
e 4 18 1
e 4 40 1
e 5 9 1
e 5 18 2
e 6 21 1
e 6 25 1
e 6 45 1
e 7 33 1
e 7 54 1
e 7 55 1
e 8 9 1
e 8 10 2
e 8 12 1
e 9 11 2
e 10 15 1
e 10 16 1
e 11 17 1
e 12 13 1
e 13 14 1
e 13 19 2
e 14 15 1
e 14 20 2
e 16 17 2
e 16 38 1
e 17 39 1
e 18 21 1
e 19 22 1
e 19 41 1
e 20 23 1
e 20 42 1
e 21 24 2
e 22 23 2
e 22 43 1
e 23 44 1
e 24 27 1
e 24 46 1
e 25 26 1
e 26 28 2
e 26 29 1
e 27 30 2
e 27 47 1
e 28 31 1
e 28 48 1
e 29 32 2
e 29 49 1
e 30 34 1
e 30 50 1
e 31 33 2
e 31 51 1
e 32 33 1
e 32 52 1
e 34 35 2
e 35 36 1
e 35 53 1
e 36 37 2
e 36 56 1
e 37 57 1
t # 5441
v 0 12
v 1 12
v 2 1
v 3 2
v 4 2
v 5 2
v 6 3
v 7 3
v 8 3
v 9 3
v 10 3
v 11 3
v 12 3
v 13 3
v 14 3
v 15 3
v 16 3
v 17 3
v 18 3
v 19 3
v 20 3
v 21 3
v 22 3
v 23 3
v 24 3
v 25 3
v 26 3
v 27 3
v 28 4
v 29 4
v 30 4
v 31 4
v 32 4
v 33 4
v 34 4
v 35 4
v 36 4
v 37 4
v 38 4
v 39 4
v 40 4
v 41 4
v 42 4
e 0 18 1
e 1 20 1
e 2 16 2
e 3 6 1
e 3 7 1
e 3 28 1
e 4 6 2
e 4 8 1
e 5 9 1
e 5 16 1
e 5 32 1
e 6 9 1
e 7 8 1
e 7 11 2
e 8 12 2
e 9 10 2
e 10 13 1
e 10 29 1
e 11 14 1
e 11 30 1
e 12 15 1
e 12 31 1
e 13 18 2
e 13 19 1
e 14 15 2
e 14 33 1
e 15 34 1
e 16 17 1
e 17 22 2
e 17 23 1
e 18 21 1
e 19 20 2
e 19 35 1
e 20 24 1
e 21 24 2
e 21 36 1
e 22 25 1
e 22 37 1
e 23 26 2
e 23 38 1
e 24 39 1
e 25 27 2
e 25 40 1
e 26 27 1
e 26 41 1
e 27 42 1
t # 5442
v 0 12
v 1 1
v 2 1
v 3 2
v 4 2
v 5 2
v 6 3
v 7 3
v 8 3
v 9 3
v 10 3
v 11 3
v 12 3
v 13 3
v 14 3
v 15 3
v 16 3
v 17 3
v 18 3
v 19 3
v 20 3
v 21 3
v 22 3
v 23 3
v 24 4
v 25 4
v 26 4
v 27 4
v 28 4
v 29 4
v 30 4
v 31 4
v 32 4
v 33 4
v 34 4
v 35 4
v 36 4
v 37 4
v 38 4
v 39 4
e 0 14 1
e 1 18 1
e 1 23 1
e 2 21 2
e 3 6 1
e 3 7 1
e 3 24 1
e 4 7 2
e 4 8 1
e 5 9 1
e 5 21 1
e 5 28 1
e 6 8 2
e 6 11 1
e 7 9 1
e 8 13 1
e 9 10 2
e 10 12 1
e 10 25 1
e 11 14 2
e 11 26 1
e 12 16 2
e 12 17 1
e 13 15 2
e 13 27 1
e 14 15 1
e 15 29 1
e 16 18 1
e 16 30 1
e 17 19 2
e 17 31 1
e 18 20 2
e 19 20 1
e 19 32 1
e 20 33 1
e 21 22 1
e 22 34 1
e 22 35 1
e 22 36 1
e 23 37 1
e 23 38 1
e 23 39 1
t # 5443
v 0 1
v 1 1
v 2 1
v 3 3
v 4 3
v 5 3
v 6 3
v 7 3
v 8 3
v 9 3
v 10 3
v 11 3
v 12 3
v 13 3
v 14 3
v 15 3
v 16 3
v 17 4
v 18 4
v 19 4
v 20 4
v 21 4
v 22 4
v 23 4
v 24 4
v 25 4
v 26 4
v 27 4
v 28 4
v 29 4
v 30 4
v 31 4
v 32 4
v 33 4
v 34 4
v 35 4
v 36 4
e 0 13 2
e 1 14 1
e 1 16 1
e 2 14 1
e 2 33 1
e 3 4 1
e 3 5 1
e 3 7 1
e 3 11 1
e 4 6 1
e 4 8 1
e 4 17 1
e 5 9 1
e 5 18 1
e 5 19 1
e 6 10 1
e 6 20 1
e 6 21 1
e 7 13 1
e 7 22 1
e 7 23 1
e 8 12 1
e 8 24 1
e 8 25 1
e 9 10 1
e 9 26 1
e 9 27 1
e 10 28 1
e 10 29 1
e 11 15 2
e 11 30 1
e 12 13 1
e 12 14 2
e 15 31 1
e 15 32 1
e 16 34 1
e 16 35 1
e 16 36 1
t # 5444
v 0 1
v 1 1
v 2 1
v 3 1
v 4 2
v 5 2
v 6 2
v 7 2
v 8 2
v 9 2
v 10 3
v 11 3
v 12 3
v 13 3
v 14 3
v 15 3
v 16 3
v 17 3
v 18 3
v 19 3
v 20 3
v 21 3
v 22 3
v 23 3
v 24 3
v 25 3
v 26 3
v 27 3
v 28 3
v 29 3
v 30 3
v 31 3
v 32 4
v 33 4
v 34 4
v 35 4
v 36 4
v 37 4
v 38 4
v 39 4
v 40 4
v 41 4
v 42 4
v 43 4
v 44 4
v 45 4
v 46 4
v 47 4
v 48 4
v 49 4
e 0 28 1
e 0 30 1
e 1 29 1
e 1 31 1
e 2 28 2
e 3 29 2
e 4 12 1
e 4 26 2
e 5 13 1
e 5 27 2
e 6 14 1
e 7 16 1
e 8 26 1
e 9 27 1
e 10 15 2
e 10 18 1
e 10 22 1
e 11 17 2
e 11 19 1
e 11 23 1
e 12 14 2
e 12 15 1
e 13 16 2
e 13 17 1
e 14 20 1
e 15 32 1
e 16 21 1
e 17 33 1
e 18 20 2
e 18 34 1
e 19 21 2
e 19 35 1
e 20 36 1
e 21 37 1
e 22 24 2
e 22 38 1
e 23 25 2
e 23 39 1
e 24 28 1
e 24 40 1
e 25 29 1
e 25 41 1
e 26 42 1
e 27 43 1
e 30 44 1
e 30 45 1
e 30 46 1
e 31 47 1
e 31 48 1
e 31 49 1
t # 5445
v 0 12
v 1 11
v 2 11
v 3 11
v 4 11
v 5 2
v 6 2
v 7 2
v 8 2
v 9 3
v 10 3
v 11 3
v 12 3
v 13 3
v 14 3
v 15 3
v 16 3
v 17 3
v 18 3
v 19 3
v 20 3
v 21 3
v 22 3
v 23 4
v 24 4
v 25 4
v 26 4
v 27 4
v 28 4
v 29 4
v 30 4
v 31 4
v 32 4
v 33 4
v 34 4
v 35 4
v 36 4
v 37 4
v 38 4
v 39 4
v 40 4
v 41 4
v 42 4
v 43 4
v 44 4
v 45 4
v 46 4
v 47 4
v 48 4
v 49 4
v 50 4
v 51 4
v 52 4
v 53 4
v 54 4
v 55 4
e 1 17 1
e 2 18 1
e 3 19 1
e 4 20 1
e 5 9 1
e 5 13 1
e 5 31 1
e 6 10 1
e 6 14 1
e 6 32 1
e 7 15 1
e 7 45 1
e 7 46 1
e 8 16 1
e 8 47 1
e 8 48 1
e 9 11 1
e 9 23 1
e 9 24 1
e 10 12 1
e 10 25 1
e 10 26 1
e 11 15 1
e 11 27 1
e 11 28 1
e 12 16 1
e 12 29 1
e 12 30 1
e 13 17 1
e 13 33 1
e 13 34 1
e 14 18 1
e 14 35 1
e 14 36 1
e 15 37 1
e 15 38 1
e 16 39 1
e 16 40 1
e 17 41 1
e 17 42 1
e 18 43 1
e 18 44 1
e 19 21 1
e 19 49 1
e 19 50 1
e 20 22 1
e 20 51 1
e 20 52 1
e 21 22 2
e 21 53 1
e 22 54 1
t # 5446
v 0 12
v 1 11
v 2 11
v 3 11
v 4 11
v 5 2
v 6 2
v 7 3
v 8 3
v 9 3
v 10 3
v 11 3
v 12 3
v 13 3
v 14 3
v 15 4
v 16 4
v 17 4
v 18 4
v 19 4
v 20 4
v 21 4
v 22 4
v 23 4
v 24 4
v 25 4
v 26 4
v 27 4
v 28 4
v 29 4
v 30 4
v 31 4
v 32 4
v 33 4
e 1 7 1
e 2 8 1
e 3 11 1
e 4 12 1
e 5 9 1
e 5 29 1
e 5 30 1
e 6 10 1
e 6 31 1
e 6 32 1
e 7 9 1
e 7 15 1
e 7 16 1
e 8 10 1
e 8 17 1
e 8 18 1
e 9 19 1
e 9 20 1
e 10 21 1
e 10 22 1
e 11 13 1
e 11 23 1
e 11 24 1
e 12 14 1
e 12 25 1
e 12 26 1
e 13 14 2
e 13 27 1
e 14 28 1
t # 5447
v 0 12
v 1 1
v 2 1
v 3 1
v 4 2
v 5 2
v 6 2
v 7 2
v 8 2
v 9 3
v 10 3
v 11 3
v 12 3
v 13 3
v 14 3
v 15 3
v 16 3
v 17 3
v 18 3
v 19 3
v 20 3
v 21 3
v 22 3
v 23 3
v 24 3
v 25 3
v 26 3
v 27 3
v 28 3
v 29 3
v 30 3
v 31 4
v 32 4
v 33 4
v 34 4
v 35 4
v 36 4
v 37 4
v 38 4
v 39 4
v 40 4
v 41 4
v 42 4
v 43 4
v 44 4
v 45 4
v 46 4
e 0 17 1
e 1 19 2
e 4 9 1
e 4 10 1
e 4 31 1
e 5 9 2
e 5 12 1
e 6 11 1
e 6 19 1
e 6 34 1
e 7 23 1
e 8 28 1
e 8 45 1
e 8 46 1
e 9 11 1
e 10 12 2
e 10 14 1
e 11 13 2
e 12 16 1
e 13 15 1
e 13 32 1
e 14 17 2
e 14 33 1
e 15 21 2
e 15 22 1
e 16 18 2
e 16 35 1
e 17 18 1
e 18 36 1
e 19 20 1
e 20 25 2
e 20 26 1
e 21 23 1
e 21 37 1
e 22 24 2
e 22 38 1
e 23 27 2
e 24 27 1
e 24 39 1
e 25 29 1
e 25 40 1
e 26 30 2
e 26 41 1
e 27 42 1
e 28 29 2
e 28 30 1
e 29 43 1
e 30 44 1
t # 5448
v 0 12
v 1 1
v 2 2
v 3 2
v 4 2
v 5 3
v 6 3
v 7 3
v 8 3
v 9 3
v 10 3
v 11 3
v 12 3
v 13 3
v 14 3
v 15 3
v 16 3
v 17 3
v 18 3
v 19 3
v 20 3
v 21 3
v 22 3
v 23 3
v 24 3
v 25 3
v 26 3
v 27 4
v 28 4
v 29 4
v 30 4
v 31 4
v 32 4
v 33 4
v 34 4
v 35 4
v 36 4
v 37 4
v 38 4
v 39 4
v 40 4
v 41 4
v 42 4
e 0 17 1
e 1 15 2
e 2 5 1
e 2 6 1
e 2 27 1
e 3 5 2
e 3 7 1
e 4 8 1
e 4 15 1
e 4 31 1
e 5 8 1
e 6 7 1
e 6 10 2
e 7 11 2
e 8 9 2
e 9 12 1
e 9 28 1
e 10 13 1
e 10 29 1
e 11 14 1
e 11 30 1
e 12 17 1
e 12 18 2
e 13 14 2
e 13 32 1
e 14 33 1
e 15 16 1
e 16 19 2
e 16 20 1
e 17 21 2
e 18 22 1
e 18 34 1
e 19 24 1
e 19 35 1
e 20 25 2
e 20 36 1
e 21 23 1
e 21 37 1
e 22 23 2
e 22 38 1
e 23 39 1
e 24 26 2
e 24 40 1
e 25 26 1
e 25 41 1
e 26 42 1
t # 5449
v 0 1
v 1 1
v 2 2
v 3 2
v 4 2
v 5 2
v 6 2
v 7 2
v 8 3
v 9 3
v 10 3
v 11 3
v 12 3
v 13 3
v 14 3
v 15 3
v 16 3
v 17 3
v 18 3
v 19 3
v 20 3
v 21 3
v 22 3
v 23 3
v 24 3
v 25 3
v 26 3
v 27 3
v 28 3
v 29 3
v 30 3
v 31 3
v 32 3
v 33 3
v 34 3
v 35 3
v 36 3
v 37 3
v 38 3
v 39 3
v 40 3
v 41 3
v 42 3
v 43 3
v 44 3
v 45 3
v 46 4
v 47 4
v 48 4
v 49 4
v 50 4
v 51 4
v 52 4
v 53 4
v 54 4
v 55 4
v 56 4
v 57 4
v 58 4
v 59 4
v 60 4
v 61 4
v 62 4
v 63 4
v 64 4
v 65 4
v 66 4
v 67 4
v 68 4
v 69 4
v 70 4
v 71 4
v 72 4
v 73 4
e 0 32 2
e 1 33 2
e 2 8 1
e 2 12 1
e 2 46 1
e 3 9 1
e 3 13 1
e 3 47 1
e 4 8 2
e 4 14 1
e 5 9 2
e 5 15 1
e 6 10 1
e 6 32 1
e 6 56 1
e 7 11 1
e 7 33 1
e 7 57 1
e 8 10 1
e 9 11 1
e 10 18 2
e 11 19 2
e 12 14 1
e 12 24 2
e 13 15 1
e 13 25 2
e 14 26 2
e 15 27 2
e 16 18 1
e 16 20 2
e 16 22 1
e 17 19 1
e 17 21 2
e 17 23 1
e 18 48 1
e 19 49 1
e 20 21 1
e 20 50 1
e 21 51 1
e 22 23 2
e 22 52 1
e 23 53 1
e 24 28 1
e 24 54 1
e 25 29 1
e 25 55 1
e 26 30 1
e 26 58 1
e 27 31 1
e 27 59 1
e 28 30 2
e 28 60 1
e 29 31 2
e 29 61 1
e 30 62 1
e 31 63 1
e 32 34 1
e 33 35 1
e 34 36 2
e 34 38 1
e 35 37 2
e 35 39 1
e 36 40 1
e 36 64 1
e 37 41 1
e 37 65 1
e 38 42 2
e 38 66 1
e 39 43 2
e 39 67 1
e 40 44 2
e 40 68 1
e 41 45 2
e 41 69 1
e 42 44 1
e 42 70 1
e 43 45 1
e 43 71 1
e 44 72 1
e 45 73 1
t # 5450
v 0 1
v 1 1
v 2 2
v 3 2
v 4 3
v 5 3
v 6 3
v 7 3
v 8 3
v 9 3
v 10 3
v 11 3
v 12 3
v 13 3
v 14 3
v 15 3
v 16 3
v 17 3
v 18 3
v 19 3
v 20 3
v 21 4
v 22 4
v 23 4
v 24 4
v 25 4
v 26 4
v 27 4
v 28 4
v 29 4
v 30 4
v 31 4
v 32 4
v 33 4
v 34 4
v 35 4
v 36 4
v 37 4
v 38 4
v 39 4
v 40 4
e 0 6 1
e 0 7 1
e 1 12 2
e 2 4 1
e 2 8 1
e 2 10 1
e 3 5 1
e 3 11 1
e 3 12 1
e 4 5 1
e 4 6 1
e 4 21 1
e 5 7 1
e 5 22 1
e 6 9 1
e 6 23 1
e 7 8 1
e 7 24 1
e 8 25 1
e 8 26 1
e 9 10 1
e 9 27 1
e 9 28 1
e 10 29 1
e 10 30 1
e 11 31 1
e 11 32 1
e 11 33 1
e 12 13 1
e 13 14 2
e 13 34 1
e 14 15 1
e 14 35 1
e 15 16 2
e 15 17 1
e 16 18 1
e 16 36 1
e 17 19 2
e 17 37 1
e 18 20 2
e 18 38 1
e 19 20 1
e 19 39 1
e 20 40 1
t # 5451
v 0 11
v 1 1
v 2 1
v 3 2
v 4 2
v 5 2
v 6 2
v 7 3
v 8 3
v 9 3
v 10 3
v 11 3
v 12 3
v 13 3
v 14 3
v 15 3
v 16 3
v 17 3
v 18 3
v 19 3
v 20 3
v 21 3
v 22 3
v 23 3
v 24 4
v 25 4
v 26 4
v 27 4
v 28 4
v 29 4
v 30 4
v 31 4
v 32 4
v 33 4
v 34 4
v 35 4
v 36 4
v 37 4
v 38 4
v 39 4
v 40 4
v 41 4
v 42 4
v 43 4
e 0 14 1
e 0 16 1
e 1 15 2
e 2 23 1
e 2 43 1
e 3 5 1
e 3 7 1
e 3 33 1
e 4 6 1
e 4 7 1
e 4 34 1
e 5 14 1
e 5 15 1
e 6 14 2
e 7 8 1
e 7 9 1
e 8 11 1
e 8 24 1
e 8 25 1
e 9 12 1
e 9 26 1
e 9 27 1
e 10 11 1
e 10 12 1
e 10 13 1
e 10 28 1
e 11 29 1
e 11 30 1
e 12 31 1
e 12 32 1
e 13 35 1
e 13 36 1
e 13 37 1
e 15 16 1
e 16 17 2
e 17 18 1
e 17 38 1
e 18 19 2
e 18 20 1
e 19 21 1
e 19 39 1
e 20 22 2
e 20 40 1
e 21 23 2
e 21 41 1
e 22 23 1
e 22 42 1
t # 5452
v 0 12
v 1 1
v 2 1
v 3 1
v 4 1
v 5 1
v 6 1
v 7 3
v 8 3
v 9 3
v 10 3
v 11 3
v 12 3
v 13 3
v 14 3
v 15 3
v 16 3
v 17 3
v 18 3
v 19 3
v 20 3
v 21 3
v 22 3
v 23 3
v 24 3
v 25 3
v 26 3
v 27 4
v 28 4
v 29 4
v 30 4
v 31 4
v 32 4
v 33 4
v 34 4
v 35 4
v 36 4
v 37 4
v 38 4
v 39 4
v 40 4
v 41 4
v 42 4
v 43 4
v 44 4
v 45 4
v 46 4
v 47 4
e 0 15 1
e 1 12 1
e 1 22 1
e 2 13 1
e 2 23 1
e 3 14 1
e 3 24 1
e 4 18 1
e 4 25 1
e 5 19 1
e 5 26 1
e 6 21 2
e 7 8 1
e 7 9 2
e 7 10 1
e 8 15 2
e 8 21 1
e 9 13 1
e 9 27 1
e 10 12 2
e 10 28 1
e 11 15 1
e 11 16 2
e 11 17 1
e 12 14 1
e 13 14 2
e 16 18 1
e 16 29 1
e 17 20 2
e 17 30 1
e 18 19 2
e 19 20 1
e 20 31 1
e 21 32 1
e 22 33 1
e 22 34 1
e 22 35 1
e 23 36 1
e 23 37 1
e 23 38 1
e 24 39 1
e 24 40 1
e 24 41 1
e 25 42 1
e 25 43 1
e 25 44 1
e 26 45 1
e 26 46 1
e 26 47 1
t # 5453
v 0 12
v 1 1
v 2 1
v 3 1
v 4 1
v 5 3
v 6 3
v 7 3
v 8 3
v 9 3
v 10 3
v 11 3
v 12 3
v 13 3
v 14 3
v 15 3
v 16 3
v 17 3
v 18 3
v 19 3
v 20 3
v 21 3
v 22 3
v 23 4
v 24 4
v 25 4
v 26 4
v 27 4
v 28 4
v 29 4
v 30 4
v 31 4
v 32 4
v 33 4
v 34 4
v 35 4
v 36 4
v 37 4
v 38 4
v 39 4
e 0 9 1
e 1 10 1
e 1 20 1
e 2 12 1
e 2 21 1
e 3 16 1
e 3 22 1
e 4 19 2
e 5 6 1
e 5 7 2
e 5 11 1
e 6 9 2
e 6 19 1
e 7 10 1
e 7 23 1
e 8 9 1
e 8 14 2
e 8 15 1
e 10 12 2
e 11 13 2
e 11 24 1
e 12 13 1
e 13 25 1
e 14 17 1
e 14 26 1
e 15 18 2
e 15 27 1
e 16 17 2
e 16 18 1
e 17 28 1
e 18 29 1
e 19 30 1
e 20 31 1
e 20 32 1
e 20 33 1
e 21 34 1
e 21 35 1
e 21 36 1
e 22 37 1
e 22 38 1
e 22 39 1
t # 5454
v 0 12
v 1 12
v 2 12
v 3 1
v 4 1
v 5 1
v 6 3
v 7 3
v 8 3
v 9 3
v 10 3
v 11 3
v 12 3
v 13 3
v 14 3
v 15 3
v 16 3
v 17 3
v 18 3
v 19 3
v 20 3
v 21 3
v 22 3
v 23 4
v 24 4
v 25 4
v 26 4
v 27 4
v 28 4
v 29 4
v 30 4
v 31 4
v 32 4
v 33 4
v 34 4
v 35 4
e 0 8 1
e 1 17 1
e 2 19 1
e 3 11 1
e 3 21 1
e 4 13 1
e 4 22 1
e 5 20 2
e 6 8 1
e 6 10 2
e 6 12 1
e 7 8 2
e 7 9 1
e 7 20 1
e 9 15 2
e 9 16 1
e 10 11 1
e 10 23 1
e 11 13 2
e 12 14 2
e 12 24 1
e 13 14 1
e 14 25 1
e 15 17 1
e 15 26 1
e 16 18 2
e 16 27 1
e 17 19 2
e 18 19 1
e 18 28 1
e 20 29 1
e 21 30 1
e 21 31 1
e 21 32 1
e 22 33 1
e 22 34 1
e 22 35 1
t # 5455
v 0 12
v 1 1
v 2 1
v 3 1
v 4 3
v 5 3
v 6 3
v 7 3
v 8 3
v 9 3
v 10 3
v 11 3
v 12 3
v 13 3
v 14 3
v 15 3
v 16 3
v 17 3
v 18 3
v 19 3
v 20 3
v 21 3
v 22 4
v 23 4
v 24 4
v 25 4
v 26 4
v 27 4
v 28 4
v 29 4
v 30 4
v 31 4
v 32 4
v 33 4
v 34 4
v 35 4
v 36 4
v 37 4
v 38 4
e 0 7 1
e 1 10 1
e 1 19 1
e 2 15 1
e 2 21 1
e 3 18 2
e 4 5 1
e 4 8 2
e 4 9 1
e 5 7 2
e 5 18 1
e 6 7 1
e 6 13 2
e 6 14 1
e 8 11 1
e 8 22 1
e 9 12 2
e 9 23 1
e 10 11 2
e 10 12 1
e 11 24 1
e 12 25 1
e 13 16 1
e 13 26 1
e 14 17 2
e 14 27 1
e 15 16 2
e 15 17 1
e 16 28 1
e 17 29 1
e 18 32 1
e 19 20 1
e 19 30 1
e 19 31 1
e 20 33 1
e 20 34 1
e 20 35 1
e 21 36 1
e 21 37 1
e 21 38 1
t # 5456
v 0 12
v 1 1
v 2 1
v 3 2
v 4 2
v 5 2
v 6 2
v 7 3
v 8 3
v 9 3
v 10 3
v 11 3
v 12 3
v 13 3
v 14 3
v 15 3
v 16 3
v 17 3
v 18 3
v 19 3
v 20 3
v 21 4
v 22 4
v 23 4
v 24 4
v 25 4
v 26 4
v 27 4
v 28 4
v 29 4
v 30 4
v 31 4
v 32 4
v 33 4
e 0 20 1
e 1 12 2
e 2 13 2
e 3 7 1
e 3 8 1
e 3 12 1
e 4 8 2
e 4 9 1
e 5 11 1
e 5 12 1
e 5 25 1
e 6 13 1
e 6 15 1
e 6 29 1
e 7 9 1
e 7 21 1
e 7 22 1
e 8 10 1
e 9 23 1
e 9 24 1
e 10 11 2
e 10 13 1
e 11 14 1
e 14 26 1
e 14 27 1
e 14 28 1
e 15 16 2
e 15 17 1
e 16 18 1
e 16 30 1
e 17 19 2
e 17 31 1
e 18 20 2
e 18 32 1
e 19 20 1
e 19 33 1
t # 5457
v 0 1
v 1 1
v 2 3
v 3 3
v 4 3
v 5 3
v 6 3
v 7 3
v 8 3
v 9 3
v 10 3
v 11 3
v 12 3
v 13 3
v 14 3
v 15 3
v 16 4
v 17 4
v 18 4
v 19 4
v 20 4
v 21 4
v 22 4
v 23 4
v 24 4
v 25 4
v 26 4
v 27 4
v 28 4
v 29 4
v 30 4
v 31 4
v 32 4
v 33 4
e 0 13 1
e 0 14 1
e 1 13 2
e 2 3 2
e 2 4 1
e 2 7 1
e 3 6 1
e 3 9 1
e 4 10 1
e 4 12 2
e 5 6 2
e 5 8 1
e 5 11 1
e 6 16 1
e 7 8 2
e 7 17 1
e 8 18 1
e 9 19 1
e 9 20 1
e 9 21 1
e 10 22 1
e 10 23 1
e 10 24 1
e 11 26 1
e 11 27 1
e 11 28 1
e 12 13 1
e 12 25 1
e 14 15 1
e 14 29 1
e 14 30 1
e 15 31 1
e 15 32 1
e 15 33 1
t # 5458
v 0 1
v 1 1
v 2 1
v 3 3
v 4 3
v 5 3
v 6 3
v 7 3
v 8 3
v 9 3
v 10 3
v 11 3
v 12 3
v 13 3
v 14 3
v 15 3
v 16 4
v 17 4
v 18 4
v 19 4
v 20 4
v 21 4
v 22 4
v 23 4
v 24 4
v 25 4
v 26 4
v 27 4
v 28 4
v 29 4
v 30 4
v 31 4
e 0 7 1
e 0 15 1
e 1 12 1
e 1 13 1
e 2 12 2
e 3 4 1
e 3 5 2
e 3 6 1
e 4 10 1
e 4 11 2
e 5 8 1
e 5 16 1
e 6 9 2
e 6 17 1
e 7 8 2
e 7 9 1
e 8 18 1
e 9 19 1
e 10 20 1
e 10 21 1
e 10 22 1
e 11 12 1
e 11 23 1
e 13 14 1
e 13 24 1
e 13 25 1
e 14 26 1
e 14 27 1
e 14 28 1
e 15 29 1
e 15 30 1
e 15 31 1
t # 5459
v 0 11
v 1 11
v 2 1
v 3 1
v 4 1
v 5 1
v 6 1
v 7 1
v 8 1
v 9 1
v 10 1
v 11 1
v 12 1
v 13 1
v 14 1
v 15 1
v 16 1
v 17 1
v 18 2
v 19 2
v 20 2
v 21 2
v 22 2
v 23 2
v 24 2
v 25 2
v 26 3
v 27 3
v 28 3
v 29 3
v 30 3
v 31 3
v 32 3
v 33 3
v 34 3
v 35 3
v 36 3
v 37 3
v 38 3
v 39 3
v 40 3
v 41 3
v 42 3
v 43 3
v 44 3
v 45 3
v 46 3
v 47 3
v 48 3
v 49 3
v 50 3
v 51 3
v 52 3
v 53 3
v 54 3
v 55 3
v 56 3
v 57 3
v 58 3
v 59 3
v 60 4
v 61 4
v 62 4
v 63 4
v 64 4
v 65 4
v 66 4
v 67 4
v 68 4
v 69 4
v 70 4
v 71 4
v 72 4
v 73 4
v 74 4
v 75 4
v 76 4
v 77 4
v 78 4
v 79 4
v 80 4
v 81 4
v 82 4
v 83 4
v 84 4
v 85 4
v 86 4
v 87 4
v 88 4
v 89 4
v 90 4
v 91 4
v 92 4
v 93 4
v 94 4
v 95 4
v 96 4
v 97 4
v 98 4
v 99 4
v 100 4
v 101 4
e 0 53 1
e 0 58 1
e 1 55 1
e 1 59 1
e 2 31 1
e 2 34 1
e 3 33 1
e 3 35 1
e 4 26 1
e 4 38 1
e 5 27 1
e 5 39 1
e 6 28 1
e 6 40 1
e 7 30 1
e 7 41 1
e 8 29 1
e 8 42 1
e 9 32 1
e 9 43 1
e 10 38 2
e 11 39 2
e 12 40 2
e 13 41 2
e 14 42 2
e 15 43 2
e 16 52 2
e 17 54 2
e 18 31 1
e 18 36 1
e 18 72 1
e 19 33 1
e 19 37 1
e 19 73 1
e 20 36 1
e 20 53 1
e 20 74 1
e 21 37 2
e 21 55 1
e 22 44 1
e 22 56 1
e 22 93 1
e 23 52 1
e 23 53 2
e 24 45 2
e 24 57 1
e 25 54 1
e 25 55 2
e 26 27 1
e 26 29 1
e 26 60 1
e 27 31 1
e 27 61 1
e 28 30 1
e 28 32 1
e 28 62 1
e 29 34 1
e 29 64 1
e 30 33 1
e 30 63 1
e 31 65 1
e 32 35 1
e 32 66 1
e 33 67 1
e 34 68 1
e 34 69 1
e 35 70 1
e 35 71 1
e 36 44 2
e 37 45 1
e 38 46 1
e 39 47 1
e 40 48 1
e 41 49 1
e 42 50 1
e 43 51 1
e 44 52 1
e 45 54 1
e 46 75 1
e 46 76 1
e 46 77 1
e 47 78 1
e 47 79 1
e 47 80 1
e 48 81 1
e 48 82 1
e 48 83 1
e 49 84 1
e 49 85 1
e 49 86 1
e 50 87 1
e 50 88 1
e 50 89 1
e 51 90 1
e 51 91 1
e 51 92 1
e 56 57 2
e 56 94 1
e 57 95 1
e 58 96 1
e 58 97 1
e 58 98 1
e 59 99 1
e 59 100 1
e 59 101 1
t # 5460
v 0 11
v 1 11
v 2 1
v 3 1
v 4 1
v 5 1
v 6 1
v 7 1
v 8 1
v 9 1
v 10 1
v 11 1
v 12 1
v 13 1
v 14 1
v 15 1
v 16 1
v 17 1
v 18 1
v 19 1
v 20 1
v 21 1
v 22 2
v 23 2
v 24 2
v 25 2
v 26 2
v 27 2
v 28 2
v 29 2
v 30 3
v 31 3
v 32 3
v 33 3
v 34 3
v 35 3
v 36 3
v 37 3
v 38 3
v 39 3
v 40 3
v 41 3
v 42 3
v 43 3
v 44 3
v 45 3
v 46 3
v 47 3
v 48 3
v 49 3
v 50 3
v 51 3
v 52 3
v 53 3
v 54 3
v 55 3
v 56 3
v 57 3
v 58 3
v 59 3
v 60 3
v 61 3
v 62 3
v 63 3
v 64 3
v 65 3
v 66 3
v 67 3
v 68 3
v 69 3
v 70 4
v 71 4
v 72 4
v 73 4
v 74 4
v 75 4
v 76 4
v 77 4
v 78 4
v 79 4
v 80 4
v 81 4
v 82 4
v 83 4
v 84 4
v 85 4
v 86 4
v 87 4
v 88 4
v 89 4
v 90 4
v 91 4
v 92 4
v 93 4
v 94 4
v 95 4
v 96 4
v 97 4
v 98 4
v 99 4
v 100 4
v 101 4
v 102 4
v 103 4
v 104 4
v 105 4
v 106 4
v 107 4
v 108 4
v 109 4
v 110 4
v 111 4
v 112 4
v 113 4
v 114 4
v 115 4
v 116 4
v 117 4
v 118 4
v 119 4
e 0 61 1
e 0 68 1
e 1 64 1
e 1 69 1
e 2 35 1
e 2 37 1
e 3 38 1
e 3 39 1
e 4 30 1
e 4 44 1
e 5 31 1
e 5 45 1
e 6 32 1
e 6 46 1
e 7 33 1
e 7 47 1
e 8 34 1
e 8 48 1
e 9 36 1
e 9 49 1
e 10 40 1
e 10 54 1
e 11 41 1
e 11 58 1
e 12 44 2
e 13 45 2
e 14 46 2
e 15 47 2
e 16 48 2
e 17 49 2
e 18 54 2
e 19 58 2
e 20 60 2
e 21 62 2
e 22 37 1
e 22 42 1
e 22 84 1
e 23 39 1
e 23 43 1
e 23 85 1
e 24 42 1
e 24 61 1
e 24 86 1
e 25 43 2
e 25 64 1
e 26 50 1
e 26 66 1
e 26 105 1
e 27 60 1
e 27 61 2
e 28 51 2
e 28 67 1
e 29 62 1
e 29 64 2
e 30 31 1
e 30 32 1
e 30 70 1
e 31 35 1
e 31 71 1
e 32 37 1
e 32 72 1
e 33 34 1
e 33 36 1
e 33 73 1
e 34 38 1
e 34 74 1
e 35 40 1
e 35 75 1
e 36 39 1
e 36 76 1
e 37 77 1
e 38 41 1
e 38 78 1
e 39 79 1
e 40 80 1
e 40 81 1
e 41 82 1
e 41 83 1
e 42 50 2
e 43 51 1
e 44 52 1
e 45 53 1
e 46 55 1
e 47 56 1
e 48 57 1
e 49 59 1
e 50 60 1
e 51 62 1
e 52 87 1
e 52 88 1
e 52 89 1
e 53 90 1
e 53 91 1
e 53 92 1
e 54 63 1
e 55 93 1
e 55 94 1
e 55 95 1
e 56 96 1
e 56 97 1
e 56 98 1
e 57 99 1
e 57 100 1
e 57 101 1
e 58 65 1
e 59 102 1
e 59 103 1
e 59 104 1
e 63 106 1
e 63 107 1
e 63 108 1
e 65 109 1
e 65 110 1
e 65 111 1
e 66 67 2
e 66 112 1
e 67 113 1
e 68 114 1
e 68 115 1
e 68 116 1
e 69 117 1
e 69 118 1
e 69 119 1
t # 5461
v 0 1
v 1 1
v 2 1
v 3 1
v 4 1
v 5 1
v 6 1
v 7 1
v 8 1
v 9 1
v 10 1
v 11 1
v 12 1
v 13 1
v 14 1
v 15 1
v 16 1
v 17 1
v 18 1
v 19 1
v 20 1
v 21 1
v 22 2
v 23 2
v 24 2
v 25 2
v 26 2
v 27 2
v 28 2
v 29 2
v 30 3
v 31 3
v 32 3
v 33 3
v 34 3
v 35 3
v 36 3
v 37 3
v 38 3
v 39 3
v 40 3
v 41 3
v 42 3
v 43 3
v 44 3
v 45 3
v 46 3
v 47 3
v 48 3
v 49 3
v 50 3
v 51 3
v 52 3
v 53 3
v 54 3
v 55 3
v 56 3
v 57 3
v 58 3
v 59 3
v 60 3
v 61 3
v 62 3
v 63 3
v 64 3
v 65 3
v 66 3
v 67 3
v 68 3
v 69 3
v 70 4
v 71 4
v 72 4
v 73 4
v 74 4
v 75 4
v 76 4
v 77 4
v 78 4
v 79 4
v 80 4
v 81 4
v 82 4
v 83 4
v 84 4
v 85 4
v 86 4
v 87 4
v 88 4
v 89 4
v 90 4
v 91 4
v 92 4
v 93 4
v 94 4
v 95 4
v 96 4
v 97 4
v 98 4
v 99 4
v 100 4
v 101 4
v 102 4
v 103 4
v 104 4
v 105 4
v 106 4
v 107 4
v 108 4
v 109 4
v 110 4
v 111 4
v 112 4
v 113 4
v 114 4
v 115 4
v 116 4
v 117 4
v 118 4
v 119 4
e 0 35 1
e 0 37 1
e 1 38 1
e 1 39 1
e 2 30 1
e 2 44 1
e 3 31 1
e 3 45 1
e 4 32 1
e 4 46 1
e 5 33 1
e 5 47 1
e 6 34 1
e 6 48 1
e 7 36 1
e 7 49 1
e 8 40 1
e 8 54 1
e 9 41 1
e 9 58 1
e 10 44 2
e 11 45 2
e 12 46 2
e 13 47 2
e 14 48 2
e 15 49 2
e 16 54 2
e 17 61 1
e 17 68 1
e 18 58 2
e 19 60 2
e 20 64 1
e 20 69 1
e 21 62 2
e 22 37 1
e 22 42 1
e 22 84 1
e 23 39 1
e 23 43 1
e 23 85 1
e 24 42 1
e 24 61 1
e 24 86 1
e 25 43 2
e 25 64 1
e 26 50 1
e 26 66 1
e 26 105 1
e 27 60 1
e 27 61 2
e 28 51 2
e 28 67 1
e 29 62 1
e 29 64 2
e 30 31 1
e 30 32 1
e 30 70 1
e 31 35 1
e 31 71 1
e 32 37 1
e 32 72 1
e 33 34 1
e 33 36 1
e 33 73 1
e 34 38 1
e 34 74 1
e 35 40 1
e 35 75 1
e 36 39 1
e 36 76 1
e 37 77 1
e 38 41 1
e 38 78 1
e 39 79 1
e 40 80 1
e 40 81 1
e 41 82 1
e 41 83 1
e 42 50 2
e 43 51 1
e 44 52 1
e 45 53 1
e 46 55 1
e 47 56 1
e 48 57 1
e 49 59 1
e 50 60 1
e 51 62 1
e 52 87 1
e 52 88 1
e 52 89 1
e 53 90 1
e 53 91 1
e 53 92 1
e 54 63 1
e 55 93 1
e 55 94 1
e 55 95 1
e 56 96 1
e 56 97 1
e 56 98 1
e 57 99 1
e 57 100 1
e 57 101 1
e 58 65 1
e 59 102 1
e 59 103 1
e 59 104 1
e 63 106 1
e 63 107 1
e 63 108 1
e 65 109 1
e 65 110 1
e 65 111 1
e 66 67 2
e 66 112 1
e 67 113 1
e 68 114 1
e 68 115 1
e 68 116 1
e 69 117 1
e 69 118 1
e 69 119 1
t # 5462
v 0 1
v 1 1
v 2 2
v 3 2
v 4 3
v 5 3
v 6 3
v 7 3
v 8 3
v 9 3
v 10 3
v 11 3
v 12 3
v 13 3
v 14 3
v 15 3
v 16 3
v 17 3
v 18 3
v 19 4
v 20 4
v 21 4
v 22 4
v 23 4
v 24 4
v 25 4
v 26 4
v 27 4
v 28 4
v 29 4
v 30 4
v 31 4
v 32 4
v 33 4
v 34 4
v 35 4
v 36 4
e 0 8 2
e 1 17 2
e 2 4 1
e 2 5 1
e 2 8 1
e 3 7 1
e 3 10 1
e 3 25 1
e 4 9 1
e 4 19 1
e 4 20 1
e 5 7 1
e 5 11 2
e 6 8 1
e 6 10 1
e 6 21 1
e 6 22 1
e 7 12 2
e 9 13 1
e 9 23 1
e 9 24 1
e 10 15 2
e 11 14 1
e 11 26 1
e 12 16 1
e 12 27 1
e 13 28 1
e 13 29 1
e 13 30 1
e 14 16 2
e 14 31 1
e 15 17 1
e 15 32 1
e 16 33 1
e 17 18 1
e 18 34 1
e 18 35 1
e 18 36 1
t # 5463
v 0 1
v 1 1
v 2 2
v 3 2
v 4 3
v 5 3
v 6 3
v 7 3
v 8 3
v 9 3
v 10 3
v 11 3
v 12 3
v 13 3
v 14 3
v 15 3
v 16 3
v 17 3
v 18 4
v 19 4
v 20 4
v 21 4
v 22 4
v 23 4
v 24 4
v 25 4
v 26 4
v 27 4
v 28 4
v 29 4
v 30 4
v 31 4
v 32 4
v 33 4
e 0 7 2
e 1 16 2
e 2 4 1
e 2 7 1
e 2 8 1
e 3 6 1
e 3 9 1
e 3 22 1
e 4 6 1
e 4 10 2
e 5 7 1
e 5 9 1
e 5 18 1
e 5 19 1
e 6 11 2
e 8 12 1
e 8 20 1
e 8 21 1
e 9 13 2
e 10 14 1
e 10 23 1
e 11 15 1
e 11 24 1
e 12 25 1
e 12 26 1
e 12 27 1
e 13 16 1
e 13 28 1
e 14 15 2
e 14 29 1
e 15 30 1
e 16 17 1
e 17 31 1
e 17 32 1
e 17 33 1
t # 5464
v 0 1
v 1 1
v 2 2
v 3 2
v 4 3
v 5 3
v 6 3
v 7 3
v 8 3
v 9 3
v 10 3
v 11 3
v 12 3
v 13 3
v 14 3
v 15 3
v 16 3
v 17 4
v 18 4
v 19 4
v 20 4
v 21 4
v 22 4
v 23 4
v 24 4
v 25 4
v 26 4
v 27 4
v 28 4
v 29 4
v 30 4
e 0 8 2
e 1 15 2
e 2 4 1
e 2 8 1
e 2 11 1
e 3 6 1
e 3 7 1
e 3 19 1
e 4 6 1
e 4 9 2
e 5 7 1
e 5 8 1
e 5 17 1
e 5 18 1
e 6 10 2
e 7 12 2
e 9 13 1
e 9 20 1
e 10 14 1
e 10 21 1
e 11 22 1
e 11 23 1
e 11 24 1
e 12 15 1
e 12 25 1
e 13 14 2
e 13 26 1
e 14 27 1
e 15 16 1
e 16 28 1
e 16 29 1
e 16 30 1
t # 5465
v 0 1
v 1 3
v 2 3
v 3 3
v 4 3
v 5 3
v 6 3
v 7 3
v 8 3
v 9 3
v 10 3
v 11 3
v 12 3
v 13 3
v 14 3
v 15 3
v 16 3
v 17 3
v 18 3
v 19 3
v 20 3
v 21 3
v 22 3
v 23 4
v 24 4
v 25 4
v 26 4
v 27 4
v 28 4
v 29 4
v 30 4
v 31 4
v 32 4
v 33 4
v 34 4
v 35 4
v 36 4
v 37 4
v 38 4
v 39 4
v 40 4
v 41 4
v 42 4
v 43 4
v 44 4
e 0 6 2
e 1 2 1
e 1 3 1
e 1 23 1
e 1 24 1
e 2 4 1
e 2 25 1
e 2 26 1
e 3 5 1
e 3 27 1
e 3 28 1
e 4 6 1
e 4 7 2
e 5 6 1
e 5 8 2
e 7 9 1
e 7 29 1
e 8 10 1
e 8 30 1
e 9 11 2
e 9 13 1
e 10 12 2
e 10 14 1
e 11 17 1
e 11 31 1
e 12 18 1
e 12 32 1
e 13 19 2
e 13 33 1
e 14 20 2
e 14 34 1
e 15 17 2
e 15 19 1
e 15 21 1
e 16 18 2
e 16 20 1
e 16 22 1
e 17 35 1
e 18 36 1
e 19 37 1
e 20 38 1
e 21 39 1
e 21 40 1
e 21 41 1
e 22 42 1
e 22 43 1
e 22 44 1
t # 5466
v 0 1
v 1 1
v 2 2
v 3 2
v 4 2
v 5 2
v 6 3
v 7 3
v 8 3
v 9 3
v 10 3
v 11 3
v 12 4
v 13 4
v 14 4
v 15 4
v 16 4
v 17 4
v 18 4
v 19 4
v 20 4
v 21 4
v 22 4
v 23 4
v 24 4
v 25 4
e 0 25 1
e 2 6 1
e 2 8 1
e 2 9 1
e 3 7 1
e 3 10 1
e 3 11 1
e 4 6 1
e 4 24 1
e 5 7 1
e 6 7 2
e 8 12 1
e 8 13 1
e 8 14 1
e 9 15 1
e 9 16 1
e 9 17 1
e 10 18 1
e 10 19 1
e 10 20 1
e 11 21 1
e 11 22 1
e 11 23 1
t # 5467
v 0 11
v 1 1
v 2 1
v 3 1
v 4 1
v 5 1
v 6 1
v 7 1
v 8 3
v 9 3
v 10 3
v 11 3
v 12 3
v 13 3
v 14 3
v 15 3
v 16 3
v 17 3
v 18 3
v 19 3
v 20 3
v 21 3
v 22 3
v 23 3
v 24 3
v 25 3
v 26 3
v 27 4
v 28 4
v 29 4
v 30 4
v 31 4
v 32 4
v 33 4
v 34 4
v 35 4
v 36 4
v 37 4
v 38 4
v 39 4
v 40 4
e 0 2 2
e 0 3 2
e 0 11 1
e 1 37 1
e 4 21 1
e 4 38 1
e 5 23 1
e 5 39 1
e 6 24 1
e 6 40 1
e 7 26 2
e 8 9 1
e 8 10 1
e 8 12 2
e 9 11 1
e 9 13 2
e 10 15 2
e 10 16 1
e 11 14 2
e 12 17 1
e 12 18 1
e 13 19 1
e 13 27 1
e 14 20 1
e 14 28 1
e 15 21 1
e 15 29 1
e 16 22 2
e 16 30 1
e 17 23 2
e 17 31 1
e 18 25 2
e 18 32 1
e 19 20 2
e 19 33 1
e 20 34 1
e 21 24 2
e 22 24 1
e 22 35 1
e 23 26 1
e 25 26 1
e 25 36 1
t # 5468
v 0 1
v 1 1
v 2 1
v 3 1
v 4 1
v 5 1
v 6 1
v 7 1
v 8 1
v 9 3
v 10 3
v 11 3
v 12 3
v 13 3
v 14 3
v 15 3
v 16 3
v 17 3
v 18 3
v 19 3
v 20 3
v 21 3
v 22 3
v 23 3
v 24 3
v 25 3
v 26 3
v 27 3
v 28 3
v 29 3
v 30 3
v 31 3
v 32 4
v 33 4
v 34 4
v 35 4
v 36 4
v 37 4
v 38 4
v 39 4
v 40 4
v 41 4
v 42 4
v 43 4
v 44 4
v 45 4
v 46 4
v 47 4
v 48 4
v 49 4
v 50 4
v 51 4
v 52 4
v 53 4
v 54 4
v 55 4
v 56 4
v 57 4
v 58 4
v 59 4
e 0 11 1
e 0 13 1
e 1 9 1
e 1 39 1
e 2 10 1
e 2 40 1
e 3 13 1
e 3 15 1
e 4 12 1
e 4 41 1
e 5 14 1
e 5 42 1
e 6 19 1
e 6 24 1
e 7 27 1
e 7 30 1
e 8 28 1
e 8 31 1
e 9 10 1
e 9 11 1
e 9 32 1
e 10 12 1
e 10 33 1
e 11 14 1
e 11 34 1
e 12 13 1
e 12 35 1
e 13 36 1
e 14 37 1
e 14 38 1
e 15 16 2
e 15 17 1
e 16 18 1
e 16 43 1
e 17 19 2
e 17 44 1
e 18 20 2
e 18 21 1
e 19 20 1
e 20 45 1
e 21 22 2
e 21 46 1
e 22 23 1
e 22 47 1
e 23 25 2
e 23 26 1
e 24 48 1
e 24 49 1
e 24 50 1
e 25 27 1
e 25 51 1
e 26 29 2
e 26 52 1
e 27 28 2
e 28 29 1
e 29 53 1
e 30 54 1
e 30 55 1
e 30 56 1
e 31 57 1
e 31 58 1
e 31 59 1
t # 5469
v 0 1
v 1 1
v 2 1
v 3 1
v 4 3
v 5 3
v 6 3
v 7 3
v 8 3
v 9 3
v 10 3
v 11 3
v 12 3
v 13 3
v 14 3
v 15 3
v 16 3
v 17 3
v 18 3
v 19 3
v 20 3
v 21 3
v 22 4
v 23 4
v 24 4
v 25 4
v 26 4
v 27 4
v 28 4
v 29 4
v 30 4
v 31 4
v 32 4
v 33 4
v 34 4
v 35 4
v 36 4
v 37 4
v 38 4
v 39 4
v 40 4
v 41 4
e 0 11 1
e 0 18 1
e 1 13 1
e 1 19 1
e 2 14 1
e 2 20 1
e 3 15 1
e 3 21 1
e 4 6 1
e 4 9 2
e 4 10 1
e 5 7 1
e 5 8 2
e 5 12 1
e 6 7 2
e 6 22 1
e 7 23 1
e 8 11 1
e 8 24 1
e 9 15 1
e 9 25 1
e 10 14 2
e 10 26 1
e 11 13 2
e 12 16 2
e 12 27 1
e 13 16 1
e 14 17 1
e 15 17 2
e 16 28 1
e 17 29 1
e 18 30 1
e 18 31 1
e 18 32 1
e 19 33 1
e 19 34 1
e 19 35 1
e 20 36 1
e 20 37 1
e 20 38 1
e 21 39 1
e 21 40 1
e 21 41 1
t # 5470
v 0 1
v 1 1
v 2 1
v 3 1
v 4 1
v 5 1
v 6 1
v 7 1
v 8 3
v 9 3
v 10 3
v 11 3
v 12 3
v 13 3
v 14 3
v 15 3
v 16 3
v 17 3
v 18 3
v 19 3
v 20 3
v 21 3
v 22 3
v 23 3
v 24 3
v 25 3
v 26 3
v 27 3
v 28 3
v 29 4
v 30 4
v 31 4
v 32 4
v 33 4
v 34 4
v 35 4
v 36 4
v 37 4
v 38 4
v 39 4
v 40 4
v 41 4
v 42 4
v 43 4
v 44 4
v 45 4
v 46 4
v 47 4
v 48 4
v 49 4
v 50 4
v 51 4
v 52 4
e 0 11 1
e 0 12 1
e 1 8 1
e 1 36 1
e 2 9 1
e 2 37 1
e 3 10 1
e 3 38 1
e 4 14 1
e 4 41 1
e 5 18 1
e 5 44 1
e 6 25 1
e 6 28 1
e 7 27 1
e 7 49 1
e 8 9 1
e 8 10 1
e 8 29 1
e 9 11 1
e 9 30 1
e 10 12 1
e 10 31 1
e 11 13 1
e 11 32 1
e 12 14 1
e 12 33 1
e 13 15 1
e 13 16 2
e 14 34 1
e 14 35 1
e 15 17 2
e 15 39 1
e 16 18 1
e 16 40 1
e 17 19 1
e 17 20 1
e 18 19 2
e 19 42 1
e 20 21 2
e 20 43 1
e 21 22 1
e 21 45 1
e 22 23 2
e 22 24 1
e 23 25 1
e 23 46 1
e 24 26 2
e 24 47 1
e 25 27 2
e 26 27 1
e 26 48 1
e 28 50 1
e 28 51 1
e 28 52 1
t # 5471
v 0 1
v 1 1
v 2 1
v 3 1
v 4 1
v 5 2
v 6 2
v 7 2
v 8 2
v 9 3
v 10 3
v 11 3
v 12 3
v 13 3
v 14 3
v 15 3
v 16 3
v 17 3
v 18 3
v 19 3
v 20 3
v 21 3
v 22 3
v 23 3
v 24 3
v 25 3
v 26 3
v 27 3
v 28 3
v 29 4
v 30 4
v 31 4
v 32 4
v 33 4
v 34 4
v 35 4
v 36 4
v 37 4
v 38 4
v 39 4
v 40 4
v 41 4
v 42 4
v 43 4
v 44 4
v 45 4
v 46 4
v 47 4
v 48 4
e 0 16 2
e 1 19 1
e 1 28 1
e 2 22 2
e 5 6 1
e 5 12 1
e 5 36 1
e 6 14 1
e 6 37 1
e 7 16 1
e 7 21 1
e 7 40 1
e 8 23 1
e 9 10 1
e 9 11 1
e 9 29 1
e 9 30 1
e 10 12 1
e 10 14 2
e 11 13 1
e 11 31 1
e 11 32 1
e 12 15 2
e 13 16 1
e 13 33 1
e 13 34 1
e 14 35 1
e 15 17 1
e 15 18 1
e 17 19 2
e 17 38 1
e 18 20 2
e 18 39 1
e 19 22 1
e 20 22 1
e 20 41 1
e 21 23 1
e 21 24 2
e 23 25 2
e 24 26 1
e 24 42 1
e 25 27 1
e 25 43 1
e 26 27 2
e 26 44 1
e 27 45 1
e 28 46 1
e 28 47 1
e 28 48 1
t # 5472
v 0 1
v 1 1
v 2 1
v 3 2
v 4 3
v 5 3
v 6 3
v 7 3
v 8 3
v 9 3
v 10 3
v 11 3
v 12 3
v 13 3
v 14 3
v 15 3
v 16 3
v 17 4
v 18 4
v 19 4
v 20 4
v 21 4
v 22 4
v 23 4
v 24 4
v 25 4
v 26 4
v 27 4
v 28 4
v 29 4
v 30 4
v 31 4
v 32 4
v 33 4
e 0 7 1
e 1 10 1
e 1 29 1
e 2 15 1
e 2 16 1
e 3 4 1
e 3 9 1
e 4 5 1
e 4 6 1
e 4 17 1
e 5 7 1
e 5 10 1
e 5 18 1
e 6 8 1
e 6 19 1
e 6 20 1
e 7 11 1
e 7 21 1
e 8 9 1
e 8 22 1
e 8 23 1
e 9 24 1
e 9 25 1
e 10 26 1
e 10 27 1
e 11 12 2
e 11 28 1
e 12 13 1
e 12 30 1
e 13 14 1
e 13 15 2
e 14 16 2
e 14 31 1
e 15 32 1
e 16 33 1
t # 5473
v 0 1
v 1 1
v 2 1
v 3 1
v 4 2
v 5 2
v 6 3
v 7 3
v 8 3
v 9 3
v 10 3
v 11 3
v 12 3
v 13 3
v 14 3
v 15 3
v 16 3
v 17 3
v 18 3
v 19 3
v 20 3
v 21 3
v 22 3
v 23 3
v 24 4
v 25 4
v 26 4
v 27 4
v 28 4
v 29 4
v 30 4
v 31 4
v 32 4
v 33 4
v 34 4
v 35 4
v 36 4
v 37 4
v 38 4
v 39 4
e 0 10 1
e 0 18 1
e 1 12 1
e 1 22 1
e 2 14 1
e 2 23 1
e 3 18 2
e 4 8 1
e 4 10 2
e 5 19 1
e 5 32 1
e 5 33 1
e 6 9 1
e 6 11 2
e 6 13 1
e 7 10 1
e 7 16 2
e 7 17 1
e 8 9 2
e 8 18 1
e 9 24 1
e 11 12 1
e 11 25 1
e 12 14 2
e 13 15 2
e 13 26 1
e 14 15 1
e 15 27 1
e 16 20 1
e 16 28 1
e 17 21 2
e 17 29 1
e 19 20 2
e 19 21 1
e 20 30 1
e 21 31 1
e 22 34 1
e 22 35 1
e 22 36 1
e 23 37 1
e 23 38 1
e 23 39 1
t # 5474
v 0 1
v 1 1
v 2 1
v 3 1
v 4 1
v 5 2
v 6 2
v 7 3
v 8 3
v 9 3
v 10 3
v 11 3
v 12 3
v 13 3
v 14 3
v 15 3
v 16 3
v 17 3
v 18 3
v 19 3
v 20 3
v 21 3
v 22 3
v 23 3
v 24 3
v 25 3
v 26 3
v 27 3
v 28 4
v 29 4
v 30 4
v 31 4
v 32 4
v 33 4
v 34 4
v 35 4
v 36 4
v 37 4
v 38 4
v 39 4
v 40 4
v 41 4
v 42 4
v 43 4
v 44 4
v 45 4
e 2 21 1
e 2 27 1
e 3 23 1
e 3 27 1
e 4 16 2
e 5 7 1
e 5 10 1
e 6 8 1
e 6 9 1
e 7 8 2
e 7 13 1
e 8 14 1
e 9 10 2
e 9 15 1
e 10 16 1
e 11 12 1
e 11 13 2
e 11 17 1
e 12 14 2
e 12 18 1
e 13 28 1
e 14 29 1
e 15 30 1
e 15 31 1
e 15 32 1
e 16 19 1
e 17 33 1
e 17 34 1
e 17 35 1
e 18 36 1
e 18 37 1
e 18 38 1
e 19 22 2
e 19 39 1
e 20 22 1
e 20 24 2
e 20 25 1
e 21 23 2
e 21 24 1
e 22 40 1
e 23 26 1
e 24 41 1
e 25 26 2
e 25 42 1
e 26 43 1
e 27 44 1
e 27 45 1
t # 5475
v 0 12
v 1 12
v 2 1
v 3 2
v 4 2
v 5 2
v 6 3
v 7 3
v 8 3
v 9 3
v 10 3
v 11 3
v 12 3
v 13 3
v 14 3
v 15 3
v 16 3
v 17 3
v 18 3
v 19 3
v 20 3
v 21 3
v 22 4
v 23 4
v 24 4
v 25 4
v 26 4
v 27 4
v 28 4
v 29 4
v 30 4
v 31 4
v 32 4
e 0 9 1
e 1 16 1
e 2 13 2
e 3 6 1
e 3 11 1
e 3 22 1
e 4 7 1
e 4 11 2
e 5 11 1
e 5 31 1
e 5 32 1
e 6 8 2
e 6 9 1
e 7 9 2
e 7 10 1
e 8 12 1
e 8 13 1
e 10 14 2
e 10 15 1
e 12 16 2
e 12 23 1
e 13 17 1
e 14 19 1
e 14 24 1
e 15 20 2
e 15 25 1
e 16 18 1
e 17 18 2
e 17 26 1
e 18 27 1
e 19 21 2
e 19 28 1
e 20 21 1
e 20 29 1
e 21 30 1
t # 5476
v 0 18
v 1 12
v 2 1
v 3 2
v 4 2
v 5 2
v 6 3
v 7 3
v 8 3
v 9 3
v 10 3
v 11 3
v 12 3
v 13 3
v 14 3
v 15 3
v 16 3
v 17 3
v 18 3
v 19 3
v 20 3
v 21 3
v 22 4
v 23 4
v 24 4
v 25 4
v 26 4
v 27 4
v 28 4
v 29 4
v 30 4
v 31 4
v 32 4
v 33 4
v 34 4
e 1 19 1
e 2 14 2
e 3 8 1
e 3 11 1
e 3 25 1
e 4 6 1
e 4 11 2
e 5 11 1
e 5 31 1
e 5 32 1
e 6 7 1
e 6 9 1
e 6 22 1
e 7 8 1
e 7 23 1
e 7 24 1
e 8 10 2
e 9 12 2
e 9 13 1
e 10 14 1
e 10 15 1
e 12 16 1
e 12 26 1
e 13 17 2
e 13 27 1
e 14 18 1
e 15 19 2
e 15 28 1
e 16 20 2
e 16 29 1
e 17 20 1
e 17 30 1
e 18 21 2
e 19 21 1
e 20 33 1
e 21 34 1
t # 5477
v 0 1
v 1 1
v 2 1
v 3 2
v 4 2
v 5 3
v 6 3
v 7 3
v 8 3
v 9 3
v 10 3
v 11 3
v 12 3
v 13 3
v 14 3
v 15 3
v 16 3
v 17 3
v 18 3
v 19 3
v 20 3
v 21 3
v 22 3
v 23 4
v 24 4
v 25 4
v 26 4
v 27 4
v 28 4
v 29 4
v 30 4
v 31 4
v 32 4
v 33 4
v 34 4
v 35 4
v 36 4
v 37 4
v 38 4
e 0 20 1
e 0 22 1
e 1 12 2
e 2 13 2
e 3 5 1
e 3 12 1
e 3 24 1
e 4 6 1
e 4 12 1
e 4 25 1
e 5 7 2
e 5 8 1
e 6 8 2
e 6 9 1
e 7 10 1
e 7 13 1
e 8 23 1
e 9 14 2
e 9 15 1
e 10 11 2
e 10 26 1
e 11 16 1
e 11 21 1
e 13 17 1
e 14 18 1
e 14 27 1
e 15 19 2
e 15 28 1
e 16 17 2
e 16 29 1
e 17 30 1
e 18 20 2
e 18 31 1
e 19 20 1
e 19 32 1
e 21 33 1
e 21 34 1
e 21 35 1
e 22 36 1
e 22 37 1
e 22 38 1
t # 5478
v 0 18
v 1 12
v 2 1
v 3 1
v 4 1
v 5 2
v 6 2
v 7 3
v 8 3
v 9 3
v 10 3
v 11 3
v 12 3
v 13 3
v 14 3
v 15 3
v 16 3
v 17 3
v 18 3
v 19 3
v 20 3
v 21 3
v 22 3
v 23 3
v 24 4
v 25 4
v 26 4
v 27 4
v 28 4
v 29 4
v 30 4
v 31 4
v 32 4
v 33 4
v 34 4
v 35 4
e 1 21 1
e 2 19 1
e 2 23 1
e 3 12 2
e 4 15 2
e 5 7 1
e 5 12 1
e 5 25 1
e 6 8 1
e 6 12 1
e 6 26 1
e 7 9 2
e 7 10 1
e 8 9 1
e 8 11 2
e 9 24 1
e 10 13 2
e 10 14 1
e 11 15 1
e 11 16 1
e 13 17 1
e 13 27 1
e 14 18 2
e 14 28 1
e 15 20 1
e 16 21 2
e 16 29 1
e 17 19 2
e 17 30 1
e 18 19 1
e 18 31 1
e 20 22 2
e 21 22 1
e 22 32 1
e 23 33 1
e 23 34 1
e 23 35 1
t # 5479
v 0 1
v 1 1
v 2 2
v 3 2
v 4 2
v 5 3
v 6 3
v 7 3
v 8 3
v 9 3
v 10 3
v 11 3
v 12 3
v 13 3
v 14 3
v 15 3
v 16 3
v 17 3
v 18 3
v 19 3
v 20 3
v 21 3
v 22 3
v 23 4
v 24 4
v 25 4
v 26 4
v 27 4
v 28 4
v 29 4
v 30 4
v 31 4
v 32 4
v 33 4
v 34 4
v 35 4
v 36 4
v 37 4
v 38 4
v 39 4
v 40 4
v 41 4
e 0 18 1
e 0 22 1
e 1 14 2
e 2 7 1
e 2 10 1
e 2 26 1
e 3 5 1
e 3 10 2
e 4 10 1
e 4 34 1
e 4 35 1
e 5 6 1
e 5 8 1
e 5 23 1
e 6 7 1
e 6 24 1
e 6 25 1
e 7 9 2
e 8 11 2
e 8 12 1
e 9 13 1
e 9 14 1
e 11 16 1
e 11 27 1
e 12 17 2
e 12 28 1
e 13 15 2
e 13 29 1
e 14 19 1
e 15 20 1
e 15 21 1
e 16 18 2
e 16 30 1
e 17 18 1
e 17 31 1
e 19 20 2
e 19 32 1
e 20 33 1
e 21 36 1
e 21 37 1
e 21 38 1
e 22 39 1
e 22 40 1
e 22 41 1
t # 5480
v 0 12
v 1 1
v 2 2
v 3 2
v 4 2
v 5 3
v 6 3
v 7 3
v 8 3
v 9 3
v 10 3
v 11 3
v 12 3
v 13 3
v 14 3
v 15 3
v 16 3
v 17 3
v 18 3
v 19 3
v 20 3
v 21 4
v 22 4
v 23 4
v 24 4
v 25 4
v 26 4
v 27 4
v 28 4
v 29 4
v 30 4
v 31 4
v 32 4
v 33 4
v 34 4
e 0 18 1
e 1 14 2
e 2 7 1
e 2 10 1
e 2 24 1
e 3 5 1
e 3 10 2
e 4 10 1
e 4 30 1
e 4 31 1
e 5 6 1
e 5 8 1
e 5 21 1
e 6 7 1
e 6 22 1
e 6 23 1
e 7 9 2
e 8 11 2
e 8 12 1
e 9 13 1
e 9 14 1
e 11 15 1
e 11 25 1
e 12 16 2
e 12 26 1
e 13 18 2
e 13 27 1
e 14 19 1
e 15 17 2
e 15 28 1
e 16 17 1
e 16 29 1
e 17 32 1
e 18 20 1
e 19 20 2
e 19 33 1
e 20 34 1
t # 5481
v 0 12
v 1 1
v 2 2
v 3 2
v 4 2
v 5 3
v 6 3
v 7 3
v 8 3
v 9 3
v 10 3
v 11 3
v 12 3
v 13 3
v 14 3
v 15 3
v 16 3
v 17 3
v 18 3
v 19 3
v 20 3
v 21 4
v 22 4
v 23 4
v 24 4
v 25 4
v 26 4
v 27 4
v 28 4
v 29 4
v 30 4
v 31 4
v 32 4
e 0 15 1
e 1 12 2
e 2 5 1
e 2 10 1
e 2 22 1
e 3 7 1
e 3 10 2
e 4 10 1
e 4 31 1
e 4 32 1
e 5 6 2
e 5 8 1
e 6 11 1
e 6 12 1
e 7 8 2
e 7 9 1
e 8 21 1
e 9 13 2
e 9 14 1
e 11 15 2
e 11 23 1
e 12 16 1
e 13 18 1
e 13 24 1
e 14 19 2
e 14 25 1
e 15 17 1
e 16 17 2
e 16 26 1
e 17 27 1
e 18 20 2
e 18 28 1
e 19 20 1
e 19 29 1
e 20 30 1
t # 5482
v 0 12
v 1 1
v 2 1
v 3 2
v 4 2
v 5 2
v 6 3
v 7 3
v 8 3
v 9 3
v 10 3
v 11 3
v 12 3
v 13 3
v 14 3
v 15 3
v 16 3
v 17 3
v 18 3
v 19 3
v 20 3
v 21 3
v 22 3
v 23 3
v 24 4
v 25 4
v 26 4
v 27 4
v 28 4
v 29 4
v 30 4
v 31 4
v 32 4
v 33 4
v 34 4
v 35 4
v 36 4
v 37 4
v 38 4
v 39 4
e 0 9 1
e 1 13 2
e 2 22 1
e 2 23 1
e 3 6 1
e 3 14 1
e 3 25 1
e 4 8 1
e 4 14 2
e 5 14 1
e 5 35 1
e 5 36 1
e 6 7 2
e 6 9 1
e 7 11 1
e 7 13 1
e 8 9 2
e 8 10 1
e 10 15 2
e 10 16 1
e 11 12 2
e 11 24 1
e 12 17 1
e 12 19 1
e 13 18 1
e 15 20 1
e 15 26 1
e 16 21 2
e 16 27 1
e 17 18 2
e 17 28 1
e 18 29 1
e 19 32 1
e 19 33 1
e 19 34 1
e 20 22 2
e 20 30 1
e 21 22 1
e 21 31 1
e 23 37 1
e 23 38 1
e 23 39 1
t # 5483
v 0 1
v 1 2
v 2 2
v 3 2
v 4 3
v 5 3
v 6 3
v 7 3
v 8 3
v 9 3
v 10 3
v 11 3
v 12 3
v 13 3
v 14 3
v 15 3
v 16 3
v 17 3
v 18 3
v 19 3
v 20 4
v 21 4
v 22 4
v 23 4
v 24 4
v 25 4
v 26 4
v 27 4
v 28 4
v 29 4
v 30 4
v 31 4
v 32 4
e 0 10 2
e 1 4 1
e 1 9 1
e 1 21 1
e 2 5 1
e 2 9 2
e 3 9 1
e 3 31 1
e 3 32 1
e 4 6 2
e 4 7 1
e 5 7 2
e 5 8 1
e 6 10 1
e 6 11 1
e 7 20 1
e 8 12 2
e 8 13 1
e 10 14 1
e 11 15 2
e 11 22 1
e 12 16 1
e 12 23 1
e 13 17 2
e 13 24 1
e 14 18 2
e 14 25 1
e 15 18 1
e 15 26 1
e 16 19 2
e 16 27 1
e 17 19 1
e 17 28 1
e 18 29 1
e 19 30 1
t # 5484
v 0 1
v 1 1
v 2 2
v 3 3
v 4 3
v 5 3
v 6 3
v 7 3
v 8 3
v 9 3
v 10 3
v 11 3
v 12 3
v 13 3
v 14 3
v 15 3
v 16 3
v 17 3
v 18 3
v 19 3
v 20 3
v 21 4
v 22 4
v 23 4
v 24 4
v 25 4
v 26 4
v 27 4
v 28 4
v 29 4
v 30 4
v 31 4
v 32 4
v 33 4
v 34 4
v 35 4
e 0 9 2
e 1 16 1
e 1 35 1
e 2 5 1
e 2 6 1
e 2 21 1
e 3 4 1
e 3 5 1
e 3 7 2
e 4 6 2
e 4 9 1
e 5 8 2
e 6 10 1
e 7 11 1
e 7 22 1
e 8 12 1
e 8 23 1
e 9 13 1
e 10 24 1
e 10 25 1
e 10 26 1
e 11 12 2
e 11 27 1
e 12 28 1
e 13 14 2
e 13 29 1
e 14 15 1
e 14 30 1
e 15 16 1
e 15 17 2
e 16 18 2
e 17 19 1
e 17 31 1
e 18 20 1
e 18 32 1
e 19 20 2
e 19 33 1
e 20 34 1
t # 5485
v 0 1
v 1 1
v 2 2
v 3 3
v 4 3
v 5 3
v 6 3
v 7 3
v 8 3
v 9 3
v 10 3
v 11 3
v 12 3
v 13 3
v 14 3
v 15 3
v 16 3
v 17 3
v 18 4
v 19 4
v 20 4
v 21 4
v 22 4
v 23 4
v 24 4
v 25 4
v 26 4
v 27 4
v 28 4
v 29 4
v 30 4
e 0 9 1
e 0 30 1
e 1 5 2
e 2 10 1
e 2 28 1
e 2 29 1
e 3 5 1
e 3 6 2
e 3 7 1
e 4 8 1
e 4 9 1
e 4 14 2
e 5 11 1
e 6 12 1
e 6 18 1
e 7 13 2
e 7 19 1
e 8 11 2
e 8 20 1
e 9 15 2
e 10 12 2
e 10 13 1
e 11 21 1
e 12 23 1
e 13 24 1
e 14 16 1
e 14 22 1
e 15 17 1
e 15 25 1
e 16 17 2
e 16 26 1
e 17 27 1
t # 5486
v 0 12
v 1 12
v 2 12
v 3 12
v 4 1
v 5 1
v 6 2
v 7 2
v 8 3
v 9 3
v 10 3
v 11 3
v 12 3
v 13 3
v 14 3
v 15 3
v 16 3
v 17 3
v 18 3
v 19 3
v 20 3
v 21 3
v 22 3
v 23 3
v 24 3
v 25 3
v 26 4
v 27 4
v 28 4
v 29 4
v 30 4
v 31 4
v 32 4
v 33 4
e 0 14 1
e 1 19 1
e 2 20 1
e 3 25 1
e 4 11 1
e 4 12 1
e 5 10 2
e 6 11 2
e 6 31 1
e 8 9 1
e 8 10 1
e 8 11 1
e 8 26 1
e 9 14 2
e 9 15 1
e 10 12 1
e 12 13 2
e 13 16 1
e 13 24 1
e 14 17 1
e 15 18 2
e 15 27 1
e 16 20 2
e 16 21 1
e 17 19 2
e 17 28 1
e 18 19 1
e 18 29 1
e 20 22 1
e 21 23 2
e 21 30 1
e 22 25 2
e 22 32 1
e 23 25 1
e 23 33 1
t # 5487
v 0 1
v 1 1
v 2 2
v 3 2
v 4 2
v 5 2
v 6 3
v 7 3
v 8 3
v 9 3
v 10 3
v 11 3
v 12 3
v 13 3
v 14 3
v 15 3
v 16 3
v 17 3
v 18 3
v 19 3
v 20 3
v 21 3
v 22 3
v 23 3
v 24 3
v 25 3
v 26 3
v 27 3
v 28 4
v 29 4
v 30 4
v 31 4
v 32 4
v 33 4
v 34 4
v 35 4
v 36 4
v 37 4
v 38 4
v 39 4
v 40 4
v 41 4
e 0 9 1
e 0 10 1
e 1 8 2
e 2 9 2
e 2 37 1
e 6 7 1
e 6 8 1
e 6 9 1
e 6 28 1
e 7 11 2
e 7 12 1
e 8 10 1
e 10 13 2
e 11 15 1
e 11 29 1
e 12 16 2
e 12 30 1
e 13 17 1
e 13 24 1
e 14 15 2
e 14 16 1
e 14 20 1
e 15 31 1
e 16 32 1
e 17 18 2
e 17 19 1
e 18 22 1
e 18 33 1
e 19 23 2
e 19 34 1
e 20 26 1
e 20 35 1
e 20 36 1
e 21 22 2
e 21 23 1
e 21 25 1
e 22 38 1
e 23 39 1
e 25 27 1
e 25 40 1
e 25 41 1
t # 5488
v 0 1
v 1 1
v 2 1
v 3 1
v 4 2
v 5 3
v 6 3
v 7 3
v 8 3
v 9 3
v 10 4
v 11 4
v 12 4
v 13 4
v 14 4
v 15 4
v 16 4
e 0 7 1
e 0 9 1
e 1 7 2
e 4 8 1
e 5 6 1
e 5 7 1
e 5 8 2
e 6 10 1
e 6 11 1
e 6 12 1
e 8 13 1
e 9 14 1
e 9 15 1
e 9 16 1
t # 5489
v 0 1
v 1 3
v 2 3
v 3 3
v 4 3
v 5 3
v 6 3
v 7 3
v 8 3
v 9 3
v 10 3
v 11 3
v 12 4
v 13 4
v 14 4
v 15 4
v 16 4
v 17 4
v 18 4
v 19 4
v 20 4
v 21 4
v 22 4
v 23 4
v 24 4
v 25 4
e 0 10 2
e 1 3 1
e 1 4 1
e 1 6 1
e 1 12 1
e 2 4 1
e 2 5 1
e 2 7 1
e 2 13 1
e 3 5 1
e 3 8 1
e 3 14 1
e 4 15 1
e 4 16 1
e 5 17 1
e 5 18 1
e 6 7 2
e 6 19 1
e 7 20 1
e 8 9 2
e 8 21 1
e 9 10 1
e 9 22 1
e 10 11 1
e 11 23 1
e 11 24 1
e 11 25 1
t # 5490
v 0 1
v 1 1
v 2 1
v 3 3
v 4 3
v 5 3
v 6 3
v 7 3
v 8 3
v 9 3
v 10 3
v 11 4
v 12 4
v 13 4
v 14 4
v 15 4
v 16 4
v 17 4
v 18 4
v 19 4
v 20 4
v 21 4
v 22 4
e 0 3 1
e 0 6 1
e 1 9 1
e 1 10 1
e 2 9 2
e 3 4 1
e 3 7 1
e 3 11 1
e 4 5 1
e 4 12 1
e 4 13 1
e 5 6 1
e 5 14 1
e 5 15 1
e 6 8 2
e 7 16 1
e 7 17 1
e 7 18 1
e 8 9 1
e 8 19 1
e 10 20 1
e 10 21 1
e 10 22 1
t # 5491
v 0 41
v 1 1
v 2 1
v 3 1
v 4 1
v 5 1
v 6 3
v 7 3
v 8 3
v 9 3
v 10 3
v 11 3
v 12 3
v 13 3
v 14 3
v 15 3
v 16 3
v 17 3
v 18 3
v 19 3
v 20 4
v 21 4
v 22 4
v 23 4
v 24 4
v 25 4
v 26 4
v 27 4
v 28 4
v 29 4
v 30 4
v 31 4
v 32 4
v 33 4
v 34 4
v 35 4
v 36 4
v 37 4
v 38 4
v 39 4
v 40 4
v 41 4
v 42 4
v 43 4
v 44 4
v 45 4
e 1 6 1
e 1 10 1
e 2 6 1
e 2 11 1
e 3 12 1
e 4 18 1
e 4 19 1
e 5 18 2
e 6 7 1
e 6 9 1
e 7 8 1
e 7 20 1
e 7 21 1
e 8 12 1
e 8 22 1
e 8 23 1
e 9 24 1
e 9 25 1
e 9 26 1
e 10 11 1
e 10 27 1
e 10 28 1
e 11 29 1
e 11 30 1
e 12 13 2
e 13 17 1
e 13 18 1
e 14 31 1
e 14 32 1
e 14 33 1
e 15 34 1
e 15 35 1
e 15 36 1
e 16 37 1
e 16 38 1
e 16 39 1
e 17 40 1
e 17 41 1
e 17 42 1
e 19 43 1
e 19 44 1
e 19 45 1
t # 5492
v 0 12
v 1 12
v 2 1
v 3 1
v 4 1
v 5 2
v 6 2
v 7 3
v 8 3
v 9 3
v 10 3
v 11 3
v 12 3
v 13 3
v 14 3
v 15 3
v 16 3
v 17 3
v 18 3
v 19 3
v 20 3
v 21 3
v 22 3
v 23 3
v 24 3
v 25 3
v 26 3
v 27 3
v 28 3
v 29 3
v 30 3
v 31 3
v 32 3
v 33 3
v 34 3
v 35 3
v 36 3
v 37 3
v 38 3
v 39 4
v 40 4
v 41 4
v 42 4
v 43 4
v 44 4
v 45 4
v 46 4
v 47 4
v 48 4
v 49 4
v 50 4
v 51 4
v 52 4
v 53 4
v 54 4
v 55 4
v 56 4
v 57 4
v 58 4
v 59 4
v 60 4
v 61 4
v 62 4
v 63 4
v 64 4
v 65 4
v 66 4
v 67 4
v 68 4
v 69 4
v 70 4
v 71 4
v 72 4
v 73 4
v 74 4
v 75 4
v 76 4
v 77 4
v 78 4
v 79 4
v 80 4
v 81 4
v 82 4
e 0 37 1
e 1 38 1
e 22 2 1
e 2 26 1
e 3 25 2
e 4 26 2
e 5 12 1
e 5 25 1
e 5 63 1
e 6 30 1
e 6 35 1
e 6 36 1
e 7 8 1
e 7 9 1
e 7 13 1
e 7 39 1
e 8 10 1
e 8 16 1
e 8 19 1
e 9 11 1
e 9 14 1
e 9 40 1
e 10 15 1
e 10 18 1
e 10 41 1
e 11 12 1
e 11 20 1
e 11 42 1
e 12 17 1
e 12 23 1
e 13 17 1
e 13 43 1
e 13 44 1
e 14 15 1
e 14 45 1
e 14 46 1
e 15 47 1
e 15 48 1
e 16 21 1
e 16 49 1
e 16 50 1
e 17 51 1
e 17 52 1
e 18 22 1
e 18 53 1
e 18 54 1
e 19 55 1
e 19 56 1
e 19 57 1
e 20 24 1
e 20 58 1
e 20 59 1
e 21 22 1
e 21 60 1
e 21 61 1
e 22 62 1
e 23 64 1
e 23 65 1
e 23 66 1
e 24 25 1
e 24 67 1
e 24 68 1
e 26 27 1
e 27 28 2
e 27 69 1
e 28 29 1
e 28 70 1
e 29 30 1
e 29 31 2
e 30 32 2
e 31 33 1
e 31 71 1
e 32 34 1
e 32 72 1
e 33 34 2
e 33 73 1
e 34 74 1
e 35 37 1
e 35 75 1
e 35 76 1
e 36 38 1
e 36 77 1
e 36 78 1
e 37 79 1
e 37 80 1
e 38 81 1
e 38 82 1
t # 5493
v 0 1
v 1 1
v 2 2
v 3 3
v 4 3
v 5 3
v 6 3
v 7 3
v 8 3
v 9 3
v 10 3
v 11 3
v 12 4
v 13 4
v 14 4
v 15 4
v 16 4
v 17 4
v 18 4
v 19 4
v 20 4
v 21 4
v 22 4
e 0 3 1
e 0 8 1
e 1 5 2
e 2 11 1
e 2 21 1
e 2 22 1
e 3 5 1
e 3 6 2
e 4 5 1
e 4 7 1
e 4 11 2
e 6 9 1
e 6 12 1
e 7 9 2
e 7 15 1
e 8 10 1
e 8 13 1
e 8 14 1
e 9 16 1
e 10 17 1
e 10 18 1
e 10 19 1
e 11 20 1
t # 5494
v 0 1
v 1 1
v 2 2
v 3 3
v 4 3
v 5 3
v 6 3
v 7 3
v 8 3
v 9 3
v 10 3
v 11 3
v 12 3
v 13 3
v 14 3
v 15 3
v 16 3
v 17 4
v 18 4
v 19 4
v 20 4
v 21 4
v 22 4
v 23 4
v 24 4
v 25 4
v 26 4
v 27 4
v 28 4
v 29 4
v 30 4
v 31 4
e 0 7 2
e 1 8 2
e 2 3 1
e 2 4 1
e 2 8 1
e 3 5 1
e 3 17 1
e 3 18 1
e 4 6 1
e 4 19 1
e 4 20 1
e 5 7 1
e 5 21 1
e 5 22 1
e 6 7 1
e 6 9 2
e 8 11 1
e 9 10 1
e 9 23 1
e 10 12 2
e 10 13 1
e 11 24 1
e 11 25 1
e 11 26 1
e 12 14 1
e 12 27 1
e 13 15 2
e 13 28 1
e 14 16 2
e 14 29 1
e 15 16 1
e 15 30 1
e 16 31 1
t # 5495
v 0 12
v 1 1
v 2 1
v 3 1
v 4 3
v 5 3
v 6 3
v 7 3
v 8 3
v 9 3
v 10 3
v 11 3
v 12 3
v 13 3
v 14 3
v 15 3
v 16 3
v 17 3
v 18 3
v 19 4
v 20 4
v 21 4
v 22 4
v 23 4
v 24 4
v 25 4
v 26 4
v 27 4
v 28 4
v 29 4
v 30 4
v 31 4
v 32 4
v 33 4
v 34 4
v 35 4
e 0 17 1
e 1 9 1
e 1 18 1
e 2 8 2
e 3 9 2
e 4 5 1
e 4 8 1
e 4 9 1
e 4 19 1
e 5 6 1
e 5 20 1
e 5 21 1
e 6 7 2
e 6 22 1
e 7 10 1
e 7 11 1
e 8 12 1
e 10 13 2
e 10 14 1
e 11 23 1
e 11 24 1
e 11 25 1
e 12 26 1
e 12 27 1
e 12 28 1
e 13 15 1
e 13 29 1
e 14 16 2
e 14 30 1
e 15 17 2
e 15 31 1
e 16 17 1
e 16 32 1
e 18 33 1
e 18 34 1
e 18 35 1
t # 5496
v 0 1
v 1 1
v 2 1
v 3 3
v 4 3
v 5 3
v 6 3
v 7 3
v 8 3
v 9 3
v 10 3
v 11 3
v 12 3
v 13 3
v 14 3
v 15 3
v 16 3
v 17 3
v 18 4
v 19 4
v 20 4
v 21 4
v 22 4
v 23 4
v 24 4
v 25 4
v 26 4
v 27 4
v 28 4
v 29 4
v 30 4
v 31 4
v 32 4
v 33 4
v 34 4
v 35 4
e 0 8 1
e 0 17 1
e 1 7 2
e 2 8 2
e 3 4 1
e 3 7 1
e 3 8 1
e 3 18 1
e 4 5 1
e 4 19 1
e 4 20 1
e 5 6 2
e 5 21 1
e 6 9 1
e 6 10 1
e 7 11 1
e 9 12 2
e 9 13 1
e 10 22 1
e 10 23 1
e 10 24 1
e 11 25 1
e 11 26 1
e 11 27 1
e 12 14 1
e 12 28 1
e 13 15 2
e 13 29 1
e 14 16 2
e 14 30 1
e 15 16 1
e 15 31 1
e 16 32 1
e 17 33 1
e 17 34 1
e 17 35 1
t # 5497
v 0 27
v 1 11
v 2 1
v 3 1
v 4 1
v 5 1
v 6 1
v 7 1
v 8 1
v 9 2
v 10 2
v 11 2
v 12 3
v 13 3
v 14 3
v 15 3
v 16 3
v 17 3
v 18 3
v 19 3
v 20 3
v 21 3
v 22 3
v 23 3
v 24 3
v 25 3
v 26 3
v 27 4
v 28 4
v 29 4
v 30 4
v 31 4
v 32 4
v 33 4
v 34 4
v 35 4
v 36 4
v 37 4
v 38 4
v 39 4
v 40 4
e 1 4 2
e 1 5 2
e 1 12 1
e 2 15 1
e 2 25 1
e 3 16 1
e 3 26 1
e 6 20 2
e 9 10 1
e 9 29 1
e 10 19 1
e 10 31 1
e 11 22 1
e 12 13 2
e 12 14 1
e 13 15 1
e 13 27 1
e 14 17 2
e 14 28 1
e 15 16 2
e 16 17 1
e 17 30 1
e 18 19 2
e 18 20 1
e 18 21 1
e 19 32 1
e 20 22 1
e 21 23 2
e 21 33 1
e 22 24 2
e 23 24 1
e 24 34 1
e 25 35 1
e 25 36 1
e 25 37 1
e 26 38 1
e 26 39 1
e 26 40 1
t # 5498
v 0 27
v 1 11
v 2 14
v 3 1
v 4 1
v 5 1
v 6 1
v 7 1
v 8 2
v 9 2
v 10 2
v 11 3
v 12 3
v 13 3
v 14 3
v 15 3
v 16 3
v 17 3
v 18 3
v 19 3
v 20 3
v 21 3
v 22 3
v 23 3
v 24 4
v 25 4
v 26 4
v 27 4
v 28 4
v 29 4
v 30 4
v 31 4
v 32 4
e 1 3 2
e 1 4 2
e 1 11 1
e 5 16 2
e 8 9 1
e 8 24 1
e 9 15 1
e 9 27 1
e 10 18 1
e 11 13 2
e 11 14 1
e 12 15 2
e 12 16 1
e 12 17 1
e 13 19 1
e 13 25 1
e 14 20 2
e 14 26 1
e 15 28 1
e 16 18 1
e 17 22 2
e 17 29 1
e 18 23 2
e 19 21 2
e 19 30 1
e 20 21 1
e 20 31 1
e 22 23 1
e 23 32 1
t # 5499
v 0 27
v 1 12
v 2 11
v 3 1
v 4 1
v 5 1
v 6 1
v 7 1
v 8 2
v 9 2
v 10 2
v 11 3
v 12 3
v 13 3
v 14 3
v 15 3
v 16 3
v 17 3
v 18 3
v 19 3
v 20 3
v 21 3
v 22 3
v 23 3
v 24 4
v 25 4
v 26 4
v 27 4
v 28 4
v 29 4
v 30 4
v 31 4
v 32 4
e 1 21 1
e 2 3 2
e 2 4 2
e 2 11 1
e 5 16 2
e 8 9 1
e 8 24 1
e 9 15 1
e 9 27 1
e 10 18 1
e 11 13 2
e 11 14 1
e 12 15 2
e 12 16 1
e 12 17 1
e 13 19 1
e 13 25 1
e 14 20 2
e 14 26 1
e 15 28 1
e 16 18 1
e 17 22 2
e 17 29 1
e 18 23 2
e 19 21 2
e 19 30 1
e 20 21 1
e 20 31 1
e 22 23 1
e 23 32 1
