t # 21600
v 0 12
v 1 1
v 2 1
v 3 2
v 4 2
v 5 2
v 6 2
v 7 3
v 8 3
v 9 3
v 10 3
v 11 3
v 12 3
v 13 3
v 14 3
v 15 3
v 16 3
v 17 4
v 18 4
v 19 4
v 20 4
v 21 4
v 22 4
v 23 4
v 24 4
v 25 4
e 0 10 1
e 1 8 2
e 2 11 2
e 3 4 1
e 3 7 1
e 3 8 1
e 4 11 1
e 4 17 1
e 5 6 1
e 5 9 1
e 5 22 1
e 6 24 1
e 6 25 1
e 7 12 2
e 7 13 1
e 8 10 1
e 9 10 2
e 9 11 1
e 12 14 1
e 12 18 1
e 13 15 2
e 13 19 1
e 14 16 2
e 14 20 1
e 15 16 1
e 15 21 1
e 16 23 1
t # 21601
v 0 1
v 1 1
v 2 3
v 3 3
v 4 3
v 5 3
v 6 3
v 7 3
v 8 3
v 9 3
v 10 3
v 11 3
v 12 3
v 13 3
v 14 3
v 15 3
v 16 3
v 17 3
v 18 3
v 19 4
v 20 4
v 21 4
v 22 4
v 23 4
v 24 4
v 25 4
v 26 4
v 27 4
v 28 4
v 29 4
v 30 4
v 31 4
v 32 4
v 33 4
v 34 4
e 0 3 1
e 0 12 1
e 1 11 2
e 2 4 2
e 2 5 1
e 2 8 1
e 3 6 2
e 3 7 1
e 4 6 1
e 4 19 1
e 5 7 2
e 5 20 1
e 6 21 1
e 7 22 1
e 8 10 2
e 8 23 1
e 9 11 1
e 9 13 2
e 9 14 1
e 10 11 1
e 10 24 1
e 12 18 1
e 12 25 1
e 12 26 1
e 13 15 1
e 13 27 1
e 14 16 2
e 14 28 1
e 15 17 2
e 15 29 1
e 16 17 1
e 16 30 1
e 17 34 1
e 18 31 1
e 18 32 1
e 18 33 1
t # 21602
v 0 1
v 1 1
v 2 1
v 3 3
v 4 3
v 5 3
v 6 3
v 7 3
v 8 3
v 9 3
v 10 3
v 11 3
v 12 3
v 13 3
v 14 3
v 15 3
v 16 3
v 17 3
v 18 3
v 19 4
v 20 4
v 21 4
v 22 4
v 23 4
v 24 4
v 25 4
v 26 4
v 27 4
v 28 4
v 29 4
v 30 4
v 31 4
v 32 4
e 0 5 1
e 0 18 1
e 1 4 1
e 1 29 1
e 2 12 2
e 3 4 2
e 3 6 1
e 3 7 1
e 4 5 1
e 5 9 2
e 6 10 2
e 6 19 1
e 7 11 2
e 7 20 1
e 8 12 1
e 8 13 2
e 8 14 1
e 9 10 1
e 9 21 1
e 10 22 1
e 11 12 1
e 11 23 1
e 13 15 1
e 13 24 1
e 14 16 2
e 14 25 1
e 15 17 2
e 15 26 1
e 16 17 1
e 16 27 1
e 17 28 1
e 18 30 1
e 18 31 1
e 18 32 1
t # 21603
v 0 1
v 1 1
v 2 1
v 3 1
v 4 1
v 5 1
v 6 2
v 7 2
v 8 2
v 9 2
v 10 3
v 11 3
v 12 3
v 13 3
v 14 3
v 15 3
v 16 3
v 17 3
v 18 3
v 19 3
v 20 3
v 21 3
v 22 4
v 23 4
v 24 4
v 25 4
v 26 4
v 27 4
v 28 4
v 29 4
v 30 4
v 31 4
v 32 4
v 33 4
v 34 4
v 35 4
v 36 4
v 37 4
e 0 12 1
e 0 13 1
e 1 14 2
e 2 16 2
e 3 18 2
e 4 21 1
e 4 37 1
e 5 21 2
e 6 12 1
e 6 15 1
e 6 16 1
e 7 10 1
e 7 27 1
e 7 28 1
e 8 14 1
e 8 19 1
e 8 30 1
e 9 16 1
e 9 18 1
e 9 31 1
e 10 11 1
e 10 13 1
e 10 22 1
e 11 12 1
e 11 23 1
e 11 24 1
e 12 25 1
e 13 14 1
e 13 26 1
e 15 17 2
e 15 29 1
e 17 18 1
e 17 20 1
e 19 21 1
e 19 32 1
e 19 33 1
e 20 34 1
e 20 35 1
e 20 36 1
t # 21604
v 0 1
v 1 1
v 2 1
v 3 1
v 4 2
v 5 2
v 6 3
v 7 3
v 8 3
v 9 3
v 10 3
v 11 3
v 12 3
v 13 3
v 14 3
v 15 3
v 16 3
v 17 3
v 18 3
v 19 3
v 20 3
v 21 3
v 22 3
v 23 3
v 24 3
v 25 3
v 26 3
v 27 3
v 28 3
v 29 3
v 30 3
v 31 3
v 32 4
v 33 4
v 34 4
v 35 4
v 36 4
v 37 4
v 38 4
v 39 4
v 40 4
v 41 4
v 42 4
v 43 4
v 44 4
v 45 4
v 46 4
v 47 4
v 48 4
v 49 4
v 50 4
v 51 4
v 52 4
v 53 4
v 54 4
v 55 4
v 56 4
v 57 4
v 58 4
v 59 4
v 60 4
v 61 4
e 0 6 1
e 0 22 1
e 1 7 1
e 1 23 1
e 2 14 2
e 3 15 2
e 4 6 1
e 4 10 1
e 4 11 1
e 5 7 1
e 5 12 1
e 5 13 1
e 6 8 1
e 6 32 1
e 7 9 1
e 7 33 1
e 8 14 1
e 8 16 1
e 8 17 1
e 9 15 1
e 9 18 1
e 9 19 1
e 10 12 1
e 10 34 1
e 10 35 1
e 11 13 1
e 11 36 1
e 11 37 1
e 12 38 1
e 12 39 1
e 13 40 1
e 13 41 1
e 14 20 1
e 15 21 1
e 16 42 1
e 16 43 1
e 16 44 1
e 17 45 1
e 17 46 1
e 17 47 1
e 18 48 1
e 18 49 1
e 18 50 1
e 19 51 1
e 19 52 1
e 19 53 1
e 20 22 1
e 20 24 2
e 21 23 1
e 21 25 2
e 22 26 2
e 23 27 2
e 24 28 1
e 24 54 1
e 25 29 1
e 25 55 1
e 26 30 1
e 26 56 1
e 27 31 1
e 27 57 1
e 28 30 2
e 28 58 1
e 29 31 2
e 29 59 1
e 30 60 1
e 31 61 1
t # 21605
v 0 1
v 1 1
v 2 1
v 3 1
v 4 2
v 5 2
v 6 3
v 7 3
v 8 3
v 9 3
v 10 3
v 11 3
v 12 3
v 13 3
v 14 3
v 15 3
v 16 3
v 17 3
v 18 3
v 19 3
v 20 3
v 21 3
v 22 3
v 23 3
v 24 3
v 25 3
v 26 3
v 27 3
v 28 3
v 29 3
v 30 3
v 31 3
v 32 4
v 33 4
v 34 4
v 35 4
v 36 4
v 37 4
v 38 4
v 39 4
v 40 4
v 41 4
v 42 4
v 43 4
v 44 4
v 45 4
v 46 4
v 47 4
v 48 4
v 49 4
v 50 4
v 51 4
v 52 4
v 53 4
v 54 4
v 55 4
v 56 4
v 57 4
v 58 4
v 59 4
v 60 4
v 61 4
v 62 4
v 63 4
v 64 4
v 65 4
e 0 8 1
e 0 22 1
e 1 9 1
e 1 23 1
e 2 14 1
e 2 56 1
e 3 15 1
e 3 57 1
e 4 8 1
e 4 10 1
e 4 11 1
e 5 9 1
e 5 12 1
e 5 13 1
e 6 8 1
e 6 14 1
e 6 16 1
e 6 17 1
e 7 9 1
e 7 15 1
e 7 18 1
e 7 19 1
e 8 32 1
e 9 33 1
e 10 12 1
e 10 34 1
e 10 35 1
e 11 13 1
e 11 36 1
e 11 37 1
e 12 38 1
e 12 39 1
e 13 40 1
e 13 41 1
e 14 20 1
e 14 42 1
e 15 21 1
e 15 43 1
e 16 44 1
e 16 45 1
e 16 46 1
e 17 47 1
e 17 48 1
e 17 49 1
e 18 50 1
e 18 51 1
e 18 52 1
e 19 53 1
e 19 54 1
e 19 55 1
e 20 22 1
e 20 24 2
e 21 23 1
e 21 25 2
e 22 26 2
e 23 27 2
e 24 28 1
e 24 58 1
e 25 29 1
e 25 59 1
e 26 30 1
e 26 60 1
e 27 31 1
e 27 61 1
e 28 30 2
e 28 62 1
e 29 31 2
e 29 63 1
e 30 64 1
e 31 65 1
t # 21606
v 0 1
v 1 1
v 2 2
v 3 3
v 4 3
v 5 3
v 6 3
v 7 3
v 8 3
v 9 3
v 10 3
v 11 3
v 12 3
v 13 3
v 14 3
v 15 3
v 16 3
v 17 3
v 18 3
v 19 3
v 20 3
v 21 3
v 22 4
v 23 4
v 24 4
v 25 4
v 26 4
v 27 4
v 28 4
v 29 4
v 30 4
v 31 4
v 32 4
v 33 4
v 34 4
v 35 4
v 36 4
v 37 4
v 38 4
v 39 4
v 40 4
e 0 3 1
e 0 10 1
e 1 7 1
e 1 8 1
e 2 3 1
e 2 4 1
e 2 5 1
e 3 6 1
e 3 22 1
e 4 7 1
e 4 23 1
e 4 24 1
e 5 8 1
e 5 25 1
e 5 26 1
e 6 9 2
e 6 12 1
e 7 27 1
e 7 28 1
e 8 29 1
e 8 30 1
e 9 11 1
e 9 31 1
e 10 11 1
e 10 13 2
e 11 14 2
e 12 15 2
e 12 16 1
e 13 17 1
e 13 32 1
e 14 18 1
e 14 33 1
e 15 19 1
e 15 34 1
e 16 20 2
e 16 35 1
e 17 18 2
e 17 36 1
e 18 37 1
e 19 21 2
e 19 38 1
e 20 21 1
e 20 39 1
e 21 40 1
t # 21607
v 0 1
v 1 1
v 2 1
v 3 1
v 4 3
v 5 3
v 6 3
v 7 3
v 8 3
v 9 3
v 10 3
v 11 3
v 12 3
v 13 3
v 14 3
v 15 3
v 16 3
v 17 3
v 18 3
v 19 3
v 20 4
v 21 4
v 22 4
v 23 4
v 24 4
v 25 4
v 26 4
v 27 4
v 28 4
v 29 4
v 30 4
v 31 4
v 32 4
v 33 4
e 0 4 1
e 0 7 1
e 1 8 1
e 1 11 1
e 2 8 2
e 3 15 1
e 3 19 1
e 4 5 1
e 4 6 1
e 4 20 1
e 5 8 1
e 5 21 1
e 5 22 1
e 6 9 2
e 6 10 1
e 7 11 1
e 7 14 2
e 9 12 1
e 9 23 1
e 10 13 2
e 10 24 1
e 11 16 2
e 12 15 2
e 12 25 1
e 13 15 1
e 13 26 1
e 14 17 1
e 14 27 1
e 16 18 1
e 16 28 1
e 17 18 2
e 17 29 1
e 18 30 1
e 19 31 1
e 19 32 1
e 19 33 1
t # 21608
v 0 11
v 1 11
v 2 1
v 3 1
v 4 1
v 5 1
v 6 1
v 7 1
v 8 2
v 9 2
v 10 2
v 11 2
v 12 2
v 13 2
v 14 2
v 15 2
v 16 3
v 17 3
v 18 3
v 19 3
v 20 3
v 21 3
v 22 3
v 23 3
v 24 3
v 25 3
v 26 3
v 27 3
v 28 3
v 29 3
v 30 3
v 31 3
v 32 3
v 33 3
v 34 3
v 35 3
v 36 3
v 37 3
v 38 3
v 39 3
v 40 3
v 41 3
v 42 3
v 43 3
v 44 4
v 45 4
v 46 4
v 47 4
v 48 4
v 49 4
v 50 4
v 51 4
v 52 4
v 53 4
v 54 4
v 55 4
v 56 4
v 57 4
v 58 4
v 59 4
v 60 4
v 61 4
v 62 4
v 63 4
v 64 4
v 65 4
v 66 4
v 67 4
v 68 4
v 69 4
v 70 4
v 71 4
v 72 4
v 73 4
v 74 4
v 75 4
v 76 4
v 77 4
v 78 4
v 79 4
v 80 4
v 81 4
v 82 4
v 83 4
e 0 42 1
e 1 43 1
e 2 22 2
e 3 23 2
e 4 30 1
e 4 68 1
e 5 31 1
e 5 69 1
e 6 40 2
e 7 41 2
e 8 18 1
e 8 26 1
e 8 46 1
e 9 19 1
e 9 27 1
e 9 47 1
e 10 28 1
e 10 34 1
e 10 58 1
e 11 29 1
e 11 35 1
e 11 59 1
e 12 36 1
e 12 40 1
e 12 70 1
e 13 37 1
e 13 41 1
e 13 71 1
e 14 38 1
e 14 78 1
e 14 79 1
e 15 39 1
e 15 80 1
e 15 81 1
e 16 17 1
e 16 18 2
e 16 22 1
e 17 19 2
e 17 23 1
e 18 24 1
e 19 25 1
e 20 21 1
e 20 22 1
e 20 30 2
e 21 23 1
e 21 31 2
e 24 25 2
e 24 44 1
e 25 45 1
e 26 28 1
e 26 48 1
e 26 49 1
e 27 29 1
e 27 50 1
e 27 51 1
e 28 52 1
e 28 53 1
e 29 54 1
e 29 55 1
e 30 32 1
e 31 33 1
e 32 33 2
e 32 56 1
e 33 57 1
e 34 36 1
e 34 60 1
e 34 61 1
e 35 37 1
e 35 62 1
e 35 63 1
e 36 64 1
e 36 65 1
e 37 66 1
e 37 67 1
e 38 40 1
e 38 42 1
e 38 72 1
e 39 41 1
e 39 43 1
e 39 73 1
e 42 74 1
e 42 75 1
e 43 76 1
e 43 77 1
t # 21609
v 0 8
v 1 1
v 2 1
v 3 1
v 4 1
v 5 1
v 6 1
v 7 3
v 8 3
v 9 3
v 10 3
v 11 3
v 12 3
v 13 3
v 14 3
v 15 3
v 16 3
v 17 3
v 18 3
v 19 3
v 20 4
v 21 4
v 22 4
v 23 4
v 24 4
v 25 4
v 26 4
v 27 4
v 28 4
v 29 4
v 30 4
v 31 4
v 32 4
v 33 4
v 34 4
e 1 14 1
e 2 15 1
e 3 10 1
e 3 11 1
e 5 11 2
e 6 16 1
e 6 34 1
e 7 9 2
e 7 11 1
e 8 9 1
e 8 10 2
e 8 12 1
e 9 20 1
e 10 13 1
e 12 16 2
e 12 21 1
e 13 17 2
e 13 26 1
e 14 18 1
e 14 22 1
e 14 23 1
e 15 19 1
e 15 24 1
e 15 25 1
e 16 17 1
e 17 27 1
e 18 28 1
e 18 29 1
e 18 30 1
e 19 31 1
e 19 32 1
e 19 33 1
t # 21610
v 0 1
v 1 1
v 2 1
v 3 3
v 4 3
v 5 3
v 6 3
v 7 3
v 8 3
v 9 3
v 10 3
v 11 3
v 12 3
v 13 3
v 14 3
v 15 3
v 16 3
v 17 4
v 18 4
v 19 4
v 20 4
v 21 4
v 22 4
v 23 4
v 24 4
v 25 4
v 26 4
v 27 4
v 28 4
v 29 4
v 30 4
e 0 9 2
e 1 10 2
e 2 13 1
e 2 16 1
e 3 4 1
e 3 5 1
e 3 9 1
e 3 17 1
e 4 6 1
e 4 10 1
e 4 18 1
e 5 7 1
e 5 19 1
e 5 20 1
e 6 8 1
e 6 21 1
e 6 22 1
e 7 8 1
e 7 23 1
e 7 24 1
e 8 25 1
e 8 26 1
e 9 11 1
e 10 11 1
e 11 12 2
e 12 13 1
e 12 27 1
e 13 14 2
e 14 15 1
e 14 28 1
e 15 16 2
e 15 29 1
e 16 30 1
t # 21611
v 0 11
v 1 11
v 2 1
v 3 1
v 4 2
v 5 2
v 6 3
v 7 3
v 8 3
v 9 3
v 10 3
v 11 3
v 12 3
v 13 3
v 14 3
v 15 3
v 16 3
v 17 3
v 18 3
v 19 3
v 20 3
v 21 3
v 22 3
v 23 3
v 24 4
v 25 4
v 26 4
v 27 4
v 28 4
v 29 4
v 30 4
v 31 4
v 32 4
v 33 4
v 34 4
v 35 4
v 36 4
v 37 4
e 0 7 1
e 0 9 1
e 2 15 2
e 3 16 2
e 4 6 1
e 4 8 1
e 4 9 1
e 5 15 1
e 5 17 1
e 5 29 1
e 6 7 1
e 6 10 2
e 7 12 2
e 8 11 2
e 8 24 1
e 10 13 1
e 10 25 1
e 11 15 1
e 11 16 1
e 12 14 1
e 12 26 1
e 13 14 2
e 13 27 1
e 14 28 1
e 16 20 1
e 17 18 2
e 17 19 1
e 18 21 1
e 18 30 1
e 19 22 2
e 19 31 1
e 20 32 1
e 20 33 1
e 20 34 1
e 21 23 2
e 21 35 1
e 22 23 1
e 22 36 1
e 23 37 1
t # 21612
v 0 1
v 1 1
v 2 1
v 3 1
v 4 1
v 5 1
v 6 1
v 7 1
v 8 1
v 9 1
v 10 1
v 11 1
v 12 1
v 13 1
v 14 1
v 15 1
v 16 1
v 17 1
v 18 3
v 19 3
v 20 3
v 21 3
v 22 3
v 23 3
v 24 3
v 25 3
v 26 3
v 27 3
v 28 3
v 29 3
v 30 3
v 31 3
v 32 3
v 33 3
v 34 3
v 35 3
v 36 3
v 37 3
v 38 3
v 39 3
v 40 3
v 41 3
v 42 3
v 43 3
v 44 3
v 45 3
v 46 3
v 47 3
v 48 3
v 49 4
v 50 4
v 51 4
v 52 4
v 53 4
v 54 4
v 55 4
v 56 4
v 57 4
v 58 4
v 59 4
v 60 4
v 61 4
v 62 4
v 63 4
v 64 4
v 65 4
v 66 4
v 67 4
v 68 4
v 69 4
v 70 4
v 71 4
v 72 4
v 73 4
v 74 4
v 75 4
v 76 4
v 77 4
v 78 4
v 79 4
v 80 4
v 81 4
v 82 4
v 83 4
v 84 4
v 85 4
v 86 4
v 87 4
v 88 4
v 89 4
v 90 4
v 91 4
v 92 4
v 93 4
v 94 4
e 0 18 1
e 0 19 1
e 22 1 1
e 1 27 1
e 2 23 1
e 2 26 1
e 23 3 1
e 3 28 1
e 4 24 1
e 4 60 1
e 5 28 1
e 5 39 1
e 6 27 2
e 7 36 1
e 7 38 1
e 36 8 1
e 8 43 1
e 9 34 1
e 9 78 1
e 10 37 1
e 10 82 1
e 11 40 1
e 11 83 1
e 12 43 1
e 12 46 1
e 13 42 1
e 13 88 1
e 14 44 1
e 14 91 1
e 15 45 1
e 15 92 1
e 16 47 1
e 16 93 1
e 17 48 1
e 17 94 1
e 18 19 1
e 18 20 1
e 18 24 1
e 19 22 1
e 19 49 1
e 20 21 1
e 20 23 1
e 20 50 1
e 21 22 1
e 21 25 1
e 21 51 1
e 22 52 1
e 23 53 1
e 24 54 1
e 24 55 1
e 25 26 1
e 25 56 1
e 25 57 1
e 26 58 1
e 26 59 1
e 27 30 1
e 28 34 1
e 28 61 1
e 29 30 1
e 29 31 1
e 29 33 1
e 29 62 1
e 30 38 2
e 31 32 1
e 31 36 1
e 31 63 1
e 32 35 1
e 32 41 1
e 32 64 1
e 33 35 1
e 33 65 1
e 33 66 1
e 34 37 1
e 34 67 1
e 35 68 1
e 35 69 1
e 36 70 1
e 37 40 1
e 37 71 1
e 38 72 1
e 39 40 1
e 39 42 1
e 39 73 1
e 40 74 1
e 41 75 1
e 41 76 1
e 41 77 1
e 42 79 1
e 42 80 1
e 43 44 1
e 43 81 1
e 44 45 1
e 44 84 1
e 45 47 1
e 45 85 1
e 46 47 1
e 46 48 1
e 46 86 1
e 47 87 1
e 48 89 1
e 48 90 1
t # 21613
v 0 1
v 1 1
v 2 1
v 3 1
v 4 1
v 5 1
v 6 1
v 7 1
v 8 1
v 9 1
v 10 1
v 11 1
v 12 1
v 13 1
v 14 1
v 15 1
v 16 1
v 17 1
v 18 3
v 19 3
v 20 3
v 21 3
v 22 3
v 23 3
v 24 3
v 25 3
v 26 3
v 27 3
v 28 3
v 29 3
v 30 3
v 31 3
v 32 3
v 33 3
v 34 3
v 35 3
v 36 3
v 37 3
v 38 3
v 39 3
v 40 3
v 41 3
v 42 3
v 43 3
v 44 3
v 45 3
v 46 3
v 47 3
v 48 3
v 49 4
v 50 4
v 51 4
v 52 4
v 53 4
v 54 4
v 55 4
v 56 4
v 57 4
v 58 4
v 59 4
v 60 4
v 61 4
v 62 4
v 63 4
v 64 4
v 65 4
v 66 4
v 67 4
v 68 4
v 69 4
v 70 4
v 71 4
v 72 4
v 73 4
v 74 4
v 75 4
v 76 4
v 77 4
v 78 4
v 79 4
v 80 4
v 81 4
v 82 4
v 83 4
v 84 4
v 85 4
v 86 4
v 87 4
v 88 4
v 89 4
v 90 4
v 91 4
v 92 4
e 0 18 1
e 0 19 1
e 22 1 1
e 1 27 1
e 2 24 1
e 2 26 1
e 24 3 1
e 3 30 1
e 4 23 1
e 4 58 1
e 5 30 1
e 5 40 1
e 6 35 1
e 6 37 1
e 7 27 2
e 35 8 1
e 8 42 1
e 9 36 1
e 9 77 1
e 10 38 1
e 10 81 1
e 11 41 1
e 11 83 1
e 12 42 1
e 12 46 1
e 13 43 1
e 13 86 1
e 14 44 1
e 14 89 1
e 15 45 1
e 15 90 1
e 16 47 1
e 16 91 1
e 17 48 1
e 17 92 1
e 18 19 1
e 18 20 1
e 18 23 1
e 19 22 1
e 19 49 1
e 20 21 1
e 20 24 1
e 20 50 1
e 21 22 1
e 21 25 1
e 21 51 1
e 22 52 1
e 23 53 1
e 23 54 1
e 24 55 1
e 25 26 2
e 25 56 1
e 26 57 1
e 27 31 1
e 28 29 1
e 28 31 1
e 28 33 1
e 28 59 1
e 29 32 1
e 29 35 1
e 29 60 1
e 30 36 1
e 30 61 1
e 31 37 2
e 32 34 1
e 32 39 1
e 32 62 1
e 33 34 1
e 33 63 1
e 33 64 1
e 34 65 1
e 34 66 1
e 35 67 1
e 36 38 1
e 36 68 1
e 37 69 1
e 38 41 1
e 38 70 1
e 39 71 1
e 39 72 1
e 39 73 1
e 40 41 1
e 40 43 1
e 40 74 1
e 41 75 1
e 42 44 1
e 42 76 1
e 43 78 1
e 43 79 1
e 44 45 1
e 44 80 1
e 45 47 1
e 45 82 1
e 46 47 1
e 46 48 1
e 46 84 1
e 47 85 1
e 48 87 1
e 48 88 1
t # 21614
v 0 11
v 1 11
v 2 1
v 3 1
v 4 1
v 5 1
v 6 1
v 7 2
v 8 3
v 9 3
v 10 3
v 11 3
v 12 3
v 13 3
v 14 3
v 15 3
v 16 3
v 17 3
v 18 3
v 19 3
v 20 3
v 21 3
v 22 3
v 23 3
v 24 3
v 25 4
v 26 4
v 27 4
v 28 4
v 29 4
v 30 4
v 31 4
v 32 4
v 33 4
v 34 4
v 35 4
e 0 8 1
e 0 14 1
e 2 16 1
e 2 17 1
e 3 9 2
e 4 15 2
e 5 16 2
e 6 21 1
e 6 35 1
e 7 9 1
e 7 10 1
e 7 14 1
e 8 9 1
e 8 12 2
e 10 11 2
e 10 25 1
e 11 15 1
e 11 16 1
e 12 13 1
e 12 26 1
e 13 19 2
e 13 20 1
e 15 18 1
e 17 18 2
e 17 24 1
e 18 27 1
e 19 21 1
e 19 28 1
e 20 22 2
e 20 29 1
e 21 23 2
e 22 23 1
e 22 30 1
e 23 34 1
e 24 31 1
e 24 32 1
e 24 33 1
t # 21615
v 0 12
v 1 1
v 2 1
v 3 1
v 4 1
v 5 2
v 6 3
v 7 3
v 8 3
v 9 3
v 10 3
v 11 3
v 12 3
v 13 3
v 14 3
v 15 3
v 16 3
v 17 4
v 18 4
v 19 4
v 20 4
v 21 4
v 22 4
v 23 4
v 24 4
v 25 4
v 26 4
v 27 4
v 28 4
v 29 4
v 30 4
e 1 13 1
e 1 16 1
e 2 11 1
e 2 25 1
e 3 13 2
e 4 14 1
e 4 26 1
e 5 6 1
e 5 10 1
e 5 22 1
e 6 7 1
e 6 13 1
e 6 17 1
e 7 8 1
e 7 18 1
e 7 19 1
e 8 9 2
e 8 12 1
e 9 10 1
e 9 11 1
e 10 20 1
e 10 21 1
e 11 14 2
e 12 15 2
e 12 23 1
e 14 15 1
e 15 24 1
e 16 27 1
e 16 28 1
e 16 29 1
t # 21616
v 0 8
v 1 41
v 2 1
v 3 1
v 4 1
v 5 2
v 6 3
v 7 3
v 8 3
v 9 3
v 10 3
v 11 3
v 12 4
v 13 4
v 14 4
v 15 4
v 16 4
v 17 4
v 18 4
v 19 4
v 20 4
v 21 4
v 22 4
v 23 4
v 24 4
v 25 4
v 26 4
v 27 4
v 28 4
v 29 4
e 2 10 1
e 3 11 1
e 5 9 1
e 6 12 1
e 6 13 1
e 6 14 1
e 7 15 1
e 7 16 1
e 7 17 1
e 8 18 1
e 8 19 1
e 8 20 1
e 9 21 1
e 9 22 1
e 9 23 1
e 10 24 1
e 10 25 1
e 10 26 1
e 11 27 1
e 11 28 1
e 11 29 1
t # 21617
v 0 8
v 1 41
v 2 1
v 3 1
v 4 1
v 5 2
v 6 3
v 7 3
v 8 3
v 9 3
v 10 3
v 11 3
v 12 4
v 13 4
v 14 4
v 15 4
v 16 4
v 17 4
v 18 4
v 19 4
v 20 4
v 21 4
v 22 4
v 23 4
v 24 4
v 25 4
v 26 4
v 27 4
v 28 4
v 29 4
e 2 9 1
e 3 10 1
e 4 11 1
e 6 12 1
e 6 13 1
e 6 14 1
e 7 15 1
e 7 16 1
e 7 17 1
e 8 18 1
e 8 19 1
e 8 20 1
e 9 21 1
e 9 22 1
e 9 23 1
e 10 24 1
e 10 25 1
e 10 26 1
e 11 27 1
e 11 28 1
e 11 29 1
t # 21618
v 0 9
v 1 12
v 2 1
v 3 1
v 4 1
v 5 2
v 6 3
v 7 3
v 8 3
v 9 3
v 10 3
v 11 3
v 12 3
v 13 3
v 14 3
v 15 3
v 16 3
v 17 3
v 18 3
v 19 3
v 20 3
v 21 3
v 22 3
v 23 3
v 24 3
v 25 3
v 26 3
v 27 3
v 28 3
v 29 3
v 30 3
v 31 4
v 32 4
v 33 4
v 34 4
v 35 4
v 36 4
v 37 4
v 38 4
v 39 4
v 40 4
v 41 4
v 42 4
v 43 4
v 44 4
v 45 4
v 46 4
v 47 4
v 48 4
v 49 4
v 50 4
v 51 4
v 52 4
v 53 4
v 54 4
v 55 4
v 56 4
e 2 11 1
e 2 29 1
e 3 11 2
e 4 18 2
e 5 7 1
e 5 18 1
e 5 33 1
e 6 7 1
e 6 8 1
e 6 31 1
e 7 11 1
e 7 32 1
e 8 12 2
e 8 13 1
e 9 14 2
e 9 16 1
e 10 15 2
e 10 17 1
e 12 19 1
e 12 34 1
e 13 20 2
e 13 35 1
e 14 21 1
e 14 36 1
e 15 22 1
e 15 37 1
e 16 23 2
e 16 38 1
e 17 24 2
e 17 39 1
e 18 28 1
e 19 25 2
e 19 40 1
e 20 25 1
e 20 41 1
e 21 26 2
e 21 42 1
e 22 27 2
e 22 43 1
e 23 26 1
e 23 44 1
e 24 27 1
e 24 45 1
e 25 46 1
e 26 47 1
e 27 48 1
e 28 49 1
e 28 50 1
e 28 51 1
e 29 30 1
e 29 52 1
e 29 53 1
e 30 54 1
e 30 55 1
e 30 56 1
t # 21619
v 0 1
v 1 1
v 2 1
v 3 3
v 4 3
v 5 3
v 6 3
v 7 3
v 8 3
v 9 3
v 10 3
v 11 3
v 12 3
v 13 3
v 14 3
v 15 3
v 16 3
v 17 3
v 18 4
v 19 4
v 20 4
v 21 4
v 22 4
v 23 4
v 24 4
v 25 4
v 26 4
v 27 4
v 28 4
v 29 4
v 30 4
v 31 4
v 32 4
v 33 4
e 0 3 1
e 0 13 1
e 1 12 2
e 2 13 2
e 3 4 1
e 3 5 1
e 3 18 1
e 4 6 1
e 4 11 1
e 4 19 1
e 5 7 1
e 5 9 1
e 5 20 1
e 6 8 1
e 6 21 1
e 6 22 1
e 7 10 2
e 7 12 1
e 8 10 1
e 8 23 1
e 8 24 1
e 9 14 2
e 9 15 1
e 10 16 1
e 11 13 1
e 11 17 2
e 12 14 1
e 14 25 1
e 15 26 1
e 15 27 1
e 15 28 1
e 16 29 1
e 16 30 1
e 16 31 1
e 17 32 1
e 17 33 1
t # 21620
v 0 11
v 1 1
v 2 1
v 3 2
v 4 3
v 5 3
v 6 3
v 7 3
v 8 3
v 9 3
v 10 3
v 11 3
v 12 3
v 13 3
v 14 3
v 15 3
v 16 3
v 17 3
v 18 3
v 19 3
v 20 3
v 21 3
v 22 3
v 23 4
v 24 4
v 25 4
v 26 4
v 27 4
v 28 4
v 29 4
v 30 4
v 31 4
v 32 4
v 33 4
v 34 4
v 35 4
v 36 4
v 37 4
v 38 4
v 39 4
v 40 4
v 41 4
v 42 4
v 43 4
v 44 4
v 45 4
v 46 4
v 47 4
e 0 2 2
e 0 13 1
e 0 17 1
e 1 10 2
e 3 9 1
e 3 12 1
e 3 34 1
e 4 5 1
e 4 6 1
e 4 7 1
e 4 8 1
e 5 9 1
e 5 23 1
e 5 24 1
e 6 10 1
e 6 25 1
e 6 26 1
e 7 27 1
e 7 28 1
e 7 29 1
e 8 30 1
e 8 31 1
e 8 32 1
e 9 11 2
e 10 11 1
e 11 33 1
e 12 13 1
e 12 14 2
e 13 15 2
e 14 16 1
e 14 35 1
e 15 18 1
e 15 36 1
e 16 18 2
e 16 37 1
e 17 19 1
e 17 38 1
e 17 39 1
e 18 40 1
e 19 20 2
e 19 41 1
e 20 21 1
e 20 22 1
e 21 42 1
e 21 43 1
e 21 44 1
e 22 45 1
e 22 46 1
e 22 47 1
t # 21621
v 0 1
v 1 1
v 2 1
v 3 1
v 4 1
v 5 1
v 6 1
v 7 1
v 8 3
v 9 3
v 10 3
v 11 3
v 12 3
v 13 3
v 14 3
v 15 3
v 16 3
v 17 3
v 18 3
v 19 3
v 20 3
v 21 3
v 22 3
v 23 3
v 24 3
v 25 3
v 26 3
v 27 3
v 28 3
v 29 3
v 30 3
v 31 3
v 32 3
v 33 3
v 34 3
v 35 3
v 36 3
v 37 3
v 38 3
v 39 3
v 40 3
v 41 3
v 42 3
v 43 3
v 44 3
v 45 3
v 46 3
v 47 3
v 48 3
v 49 3
v 50 3
v 51 3
v 52 3
v 53 3
v 54 4
v 55 4
v 56 4
v 57 4
v 58 4
v 59 4
v 60 4
v 61 4
v 62 4
v 63 4
v 64 4
v 65 4
v 66 4
v 67 4
v 68 4
v 69 4
v 70 4
v 71 4
v 72 4
v 73 4
v 74 4
v 75 4
v 76 4
v 77 4
v 78 4
v 79 4
v 80 4
v 81 4
v 82 4
v 83 4
v 84 4
v 85 4
v 86 4
v 87 4
v 88 4
v 89 4
v 90 4
v 91 4
e 0 12 1
e 0 20 1
e 1 13 1
e 1 21 1
e 2 18 1
e 2 46 1
e 3 19 1
e 3 47 1
e 4 40 1
e 4 50 1
e 5 41 1
e 5 51 1
e 6 48 1
e 6 52 1
e 7 49 1
e 7 53 1
e 8 9 1
e 8 16 1
e 8 18 2
e 9 17 1
e 9 19 2
e 10 12 1
e 10 14 1
e 10 22 2
e 11 13 1
e 11 15 1
e 11 23 2
e 12 16 2
e 13 17 2
e 14 20 2
e 14 24 1
e 15 21 2
e 15 25 1
e 16 54 1
e 17 55 1
e 18 22 1
e 19 23 1
e 20 26 1
e 21 27 1
e 22 56 1
e 23 57 1
e 24 28 2
e 24 30 1
e 25 29 2
e 25 31 1
e 26 32 2
e 26 34 1
e 27 33 2
e 27 35 1
e 28 36 1
e 28 58 1
e 29 37 1
e 29 59 1
e 30 38 2
e 30 60 1
e 31 39 2
e 31 61 1
e 32 42 1
e 32 62 1
e 33 43 1
e 33 63 1
e 34 44 2
e 34 64 1
e 35 45 2
e 35 65 1
e 36 40 2
e 36 66 1
e 37 41 2
e 37 67 1
e 38 40 1
e 38 68 1
e 39 41 1
e 39 69 1
e 42 48 2
e 42 70 1
e 43 49 2
e 43 71 1
e 44 48 1
e 44 72 1
e 45 49 1
e 45 73 1
e 46 74 1
e 46 75 1
e 46 76 1
e 47 77 1
e 47 78 1
e 47 79 1
e 50 80 1
e 50 81 1
e 50 82 1
e 51 83 1
e 51 84 1
e 51 85 1
e 52 86 1
e 52 87 1
e 52 88 1
e 53 89 1
e 53 90 1
e 53 91 1
t # 21622
v 0 2
v 1 3
v 2 3
v 3 3
v 4 3
v 5 3
v 6 3
v 7 3
v 8 3
v 9 3
v 10 3
v 11 3
v 12 3
v 13 3
v 14 3
v 15 3
v 16 3
v 17 3
v 18 3
v 19 3
v 20 3
v 21 3
v 22 3
v 23 3
v 24 3
v 25 3
v 26 3
v 27 3
v 28 3
v 29 3
v 30 3
v 31 3
v 32 3
v 33 3
v 34 3
v 35 3
v 36 3
v 37 3
v 38 4
v 39 4
v 40 4
v 41 4
v 42 4
v 43 4
v 44 4
v 45 4
v 46 4
v 47 4
v 48 4
v 49 4
v 50 4
v 51 4
v 52 4
v 53 4
v 54 4
v 55 4
v 56 4
v 57 4
v 58 4
v 59 4
v 60 4
v 61 4
v 62 4
v 63 4
v 64 4
v 65 4
v 66 4
v 67 4
v 68 4
e 0 2 1
e 0 16 1
e 0 17 1
e 1 2 1
e 1 4 1
e 1 5 1
e 1 6 1
e 2 3 1
e 2 8 1
e 3 7 1
e 3 38 1
e 3 39 1
e 4 7 1
e 4 11 2
e 5 9 2
e 5 12 1
e 6 10 2
e 6 13 1
e 7 14 2
e 8 15 2
e 8 40 1
e 9 10 1
e 9 19 1
e 10 20 1
e 11 21 1
e 11 41 1
e 12 18 2
e 12 42 1
e 13 23 2
e 13 24 1
e 14 22 1
e 14 43 1
e 15 18 1
e 15 44 1
e 16 45 1
e 16 46 1
e 16 47 1
e 17 48 1
e 17 49 1
e 17 50 1
e 18 51 1
e 19 25 2
e 19 26 1
e 20 27 2
e 20 28 1
e 21 22 2
e 21 52 1
e 22 53 1
e 23 29 1
e 23 54 1
e 24 30 2
e 24 55 1
e 25 32 1
e 25 56 1
e 26 33 2
e 26 57 1
e 27 34 1
e 27 58 1
e 28 35 2
e 28 59 1
e 29 31 2
e 29 60 1
e 30 31 1
e 30 61 1
e 31 62 1
e 32 36 2
e 32 63 1
e 33 36 1
e 33 64 1
e 34 37 2
e 34 65 1
e 35 37 1
e 35 66 1
e 36 67 1
e 37 68 1
t # 21623
v 0 1
v 1 1
v 2 1
v 3 1
v 4 1
v 5 1
v 6 2
v 7 3
v 8 3
v 9 3
v 10 3
v 11 3
v 12 3
v 13 3
v 14 3
v 15 3
v 16 3
v 17 3
v 18 3
v 19 3
v 20 3
v 21 3
v 22 3
v 23 3
v 24 3
v 25 3
v 26 3
v 27 3
v 28 3
v 29 3
v 30 4
v 31 4
v 32 4
v 33 4
v 34 4
v 35 4
v 36 4
v 37 4
v 38 4
v 39 4
v 40 4
v 41 4
v 42 4
v 43 4
v 44 4
v 45 4
v 46 4
v 47 4
v 48 4
v 49 4
v 50 4
v 51 4
v 52 4
v 53 4
v 54 4
v 55 4
v 56 4
e 0 15 1
e 0 22 1
e 1 17 1
e 1 23 1
e 2 12 2
e 3 24 1
e 3 26 1
e 4 25 1
e 4 27 1
e 5 28 1
e 5 29 1
e 6 7 1
e 6 20 1
e 6 32 1
e 7 8 1
e 7 9 1
e 7 30 1
e 8 10 1
e 8 13 2
e 9 11 1
e 9 16 2
e 10 12 1
e 10 14 2
e 11 12 1
e 11 18 2
e 13 15 1
e 13 31 1
e 14 17 1
e 14 33 1
e 15 17 2
e 16 19 1
e 16 34 1
e 18 21 1
e 18 35 1
e 19 21 2
e 19 36 1
e 20 37 1
e 20 38 1
e 20 39 1
e 21 40 1
e 22 24 1
e 22 41 1
e 22 42 1
e 23 25 1
e 23 43 1
e 23 44 1
e 24 45 1
e 24 46 1
e 25 47 1
e 25 48 1
e 26 28 1
e 26 49 1
e 26 50 1
e 27 29 1
e 27 51 1
e 27 52 1
e 28 53 1
e 28 54 1
e 29 55 1
e 29 56 1
t # 21624
v 0 1
v 1 1
v 2 1
v 3 1
v 4 1
v 5 1
v 6 2
v 7 2
v 8 2
v 9 2
v 10 2
v 11 3
v 12 3
v 13 3
v 14 3
v 15 3
v 16 3
v 17 3
v 18 3
v 19 3
v 20 3
v 21 3
v 22 3
v 23 3
v 24 3
v 25 3
v 26 3
v 27 3
v 28 3
v 29 3
v 30 3
v 31 3
v 32 3
v 33 3
v 34 3
v 35 4
v 36 4
v 37 4
v 38 4
v 39 4
v 40 4
v 41 4
v 42 4
v 43 4
v 44 4
v 45 4
v 46 4
v 47 4
v 48 4
v 49 4
v 50 4
v 51 4
v 52 4
v 53 4
v 54 4
v 55 4
v 56 4
v 57 4
v 58 4
v 59 4
v 60 4
v 61 4
v 62 4
v 63 4
v 64 4
v 65 4
v 66 4
v 67 4
v 68 4
v 69 4
v 70 4
v 71 4
v 72 4
v 73 4
v 74 4
v 75 4
v 76 4
v 77 4
e 0 16 1
e 0 24 1
e 1 16 2
e 2 17 2
e 3 22 2
e 4 28 2
e 5 33 2
e 6 11 1
e 6 17 1
e 6 43 1
e 7 18 1
e 7 22 1
e 7 45 1
e 8 19 1
e 8 28 1
e 8 60 1
e 9 23 1
e 9 33 1
e 9 64 1
e 10 32 1
e 10 73 1
e 10 74 1
e 11 12 1
e 11 13 1
e 11 16 1
e 12 14 1
e 12 35 1
e 12 36 1
e 13 15 1
e 13 37 1
e 13 38 1
e 14 15 1
e 14 39 1
e 14 40 1
e 15 41 1
e 15 42 1
e 17 18 1
e 18 20 1
e 18 44 1
e 19 21 1
e 19 22 1
e 19 46 1
e 20 47 1
e 20 48 1
e 20 49 1
e 21 26 1
e 21 50 1
e 21 51 1
e 23 25 1
e 23 28 1
e 23 52 1
e 24 53 1
e 24 54 1
e 24 55 1
e 25 27 1
e 25 56 1
e 25 57 1
e 26 29 1
e 26 58 1
e 26 59 1
e 27 30 1
e 27 31 1
e 27 61 1
e 29 32 1
e 29 62 1
e 29 63 1
e 30 65 1
e 30 66 1
e 30 67 1
e 31 68 1
e 31 69 1
e 31 70 1
e 32 71 1
e 32 72 1
e 33 34 1
e 34 75 1
e 34 76 1
e 34 77 1
t # 21625
v 0 1
v 1 1
v 2 1
v 3 3
v 4 3
v 5 3
v 6 3
v 7 3
v 8 3
v 9 3
v 10 3
v 11 3
v 12 3
v 13 3
v 14 3
v 15 3
v 16 3
v 17 3
v 18 3
v 19 3
v 20 3
v 21 3
v 22 4
v 23 4
v 24 4
v 25 4
v 26 4
v 27 4
v 28 4
v 29 4
v 30 4
v 31 4
v 32 4
v 33 4
v 34 4
v 35 4
v 36 4
v 37 4
v 38 4
v 39 4
v 40 4
v 41 4
v 42 4
v 43 4
v 44 4
v 45 4
v 46 4
v 47 4
e 7 0 1
e 0 41 1
e 1 19 1
e 1 21 1
e 2 20 1
e 2 44 1
e 3 4 1
e 3 7 1
e 3 8 1
e 3 13 1
e 4 5 1
e 4 9 1
e 4 22 1
e 5 6 1
e 5 12 1
e 5 23 1
e 6 10 1
e 6 14 1
e 6 24 1
e 7 11 1
e 7 25 1
e 8 10 1
e 8 26 1
e 8 27 1
e 9 11 1
e 9 28 1
e 9 29 1
e 10 30 1
e 10 31 1
e 11 32 1
e 11 33 1
e 12 15 1
e 12 34 1
e 12 35 1
e 13 36 1
e 13 37 1
e 13 38 1
e 14 16 1
e 14 17 2
e 15 16 1
e 15 39 1
e 15 40 1
e 16 18 2
e 17 19 1
e 17 42 1
e 18 20 1
e 18 43 1
e 19 20 2
e 21 45 1
e 21 46 1
e 21 47 1
t # 21626
v 0 11
v 1 11
v 2 11
v 3 2
v 4 2
v 5 2
v 6 3
v 7 3
v 8 3
v 9 3
v 10 3
v 11 3
v 12 3
v 13 3
v 14 3
v 15 3
v 16 3
v 17 3
v 18 3
v 19 3
v 20 3
v 21 3
v 22 3
v 23 4
v 24 4
v 25 4
v 26 4
v 27 4
v 28 4
v 29 4
v 30 4
v 31 4
e 0 7 1
e 0 10 1
e 1 12 1
e 1 14 1
e 3 6 1
e 3 8 1
e 3 10 1
e 4 12 2
e 4 15 1
e 6 7 1
e 6 9 2
e 7 13 2
e 8 11 2
e 8 23 1
e 9 16 1
e 9 24 1
e 11 12 1
e 11 22 1
e 13 17 1
e 13 25 1
e 14 15 1
e 14 18 2
e 15 19 2
e 16 17 2
e 16 26 1
e 17 27 1
e 18 20 1
e 18 28 1
e 19 21 1
e 19 29 1
e 20 21 2
e 20 30 1
e 21 31 1
t # 21627
v 0 11
v 1 11
v 2 11
v 3 1
v 4 1
v 5 2
v 6 2
v 7 2
v 8 3
v 9 3
v 10 3
v 11 3
v 12 3
v 13 3
v 14 3
v 15 3
v 16 3
v 17 3
v 18 3
v 19 3
v 20 3
v 21 3
v 22 3
v 23 4
v 24 4
v 25 4
v 26 4
v 27 4
v 28 4
v 29 4
v 30 4
v 31 4
v 32 4
v 33 4
v 34 4
v 35 4
e 0 3 2
e 0 4 2
e 0 8 1
e 0 12 1
e 1 17 1
e 5 15 1
e 5 31 1
e 6 21 2
e 6 22 1
e 8 9 2
e 8 10 1
e 9 13 1
e 9 23 1
e 10 14 2
e 10 24 1
e 11 13 2
e 11 14 1
e 11 16 1
e 12 15 2
e 12 18 1
e 13 25 1
e 14 26 1
e 15 27 1
e 16 28 1
e 16 29 1
e 16 30 1
e 17 19 2
e 17 20 1
e 19 21 1
e 19 32 1
e 20 22 2
e 20 33 1
e 21 34 1
e 22 35 1
t # 21628
v 0 27
v 1 1
v 2 2
v 3 3
v 4 3
v 5 3
v 6 3
v 7 3
v 8 3
v 9 3
v 10 3
v 11 3
v 12 3
v 13 3
v 14 3
v 15 3
v 16 3
v 17 3
v 18 3
v 19 4
v 20 4
v 21 4
v 22 4
v 23 4
v 24 4
v 25 4
v 26 4
v 27 4
v 28 4
v 29 4
v 30 4
v 31 4
v 32 4
v 33 4
v 34 4
v 35 4
v 36 4
v 37 4
v 38 4
v 39 4
v 40 4
v 41 4
v 42 4
v 43 4
v 44 4
v 45 4
v 46 4
v 47 4
v 48 4
v 49 4
v 50 4
e 1 7 2
e 2 4 1
e 2 10 1
e 2 11 1
e 2 12 1
e 3 4 1
e 3 5 1
e 3 7 1
e 3 19 1
e 4 20 1
e 4 21 1
e 5 6 1
e 5 22 1
e 5 23 1
e 6 8 1
e 6 24 1
e 6 25 1
e 7 9 1
e 8 13 1
e 8 26 1
e 8 27 1
e 9 14 1
e 9 28 1
e 9 29 1
e 10 30 1
e 10 31 1
e 10 32 1
e 11 33 1
e 11 34 1
e 11 35 1
e 12 36 1
e 12 37 1
e 12 38 1
e 13 15 1
e 13 39 1
e 13 40 1
e 14 16 1
e 14 41 1
e 14 42 1
e 15 17 1
e 15 43 1
e 15 44 1
e 16 18 1
e 16 45 1
e 16 46 1
e 17 18 1
e 17 47 1
e 17 48 1
e 18 49 1
e 18 50 1
t # 21629
v 0 12
v 1 1
v 2 2
v 3 3
v 4 3
v 5 3
v 6 3
v 7 3
v 8 3
v 9 3
v 10 3
v 11 3
v 12 3
v 13 3
v 14 3
v 15 3
v 16 3
v 17 3
v 18 3
v 19 4
v 20 4
v 21 4
v 22 4
v 23 4
v 24 4
v 25 4
v 26 4
v 27 4
v 28 4
v 29 4
v 30 4
v 31 4
v 32 4
v 33 4
v 34 4
v 35 4
v 36 4
v 37 4
v 38 4
v 39 4
v 40 4
e 1 10 2
e 2 3 1
e 2 4 1
e 2 8 1
e 3 5 1
e 3 19 1
e 3 20 1
e 4 6 1
e 4 21 1
e 4 22 1
e 5 7 1
e 5 23 1
e 5 24 1
e 6 7 1
e 6 25 1
e 6 26 1
e 7 27 1
e 7 28 1
e 8 9 1
e 8 29 1
e 8 30 1
e 9 10 1
e 9 31 1
e 9 32 1
e 10 11 1
e 11 12 2
e 11 33 1
e 12 13 1
e 12 34 1
e 13 14 2
e 13 15 1
e 14 16 1
e 14 35 1
e 15 17 2
e 15 36 1
e 16 18 2
e 16 37 1
e 17 18 1
e 17 38 1
e 18 39 1
t # 21630
v 0 1
v 1 1
v 2 1
v 3 2
v 4 2
v 5 2
v 6 2
v 7 3
v 8 3
v 9 3
v 10 3
v 11 3
v 12 3
v 13 3
v 14 3
v 15 3
v 16 3
v 17 3
v 18 3
v 19 3
v 20 3
v 21 3
v 22 3
v 23 3
v 24 3
v 25 3
v 26 3
v 27 3
v 28 3
v 29 3
v 30 3
v 31 3
v 32 3
v 33 3
v 34 4
v 35 4
v 36 4
v 37 4
v 38 4
v 39 4
v 40 4
v 41 4
v 42 4
v 43 4
v 44 4
v 45 4
v 46 4
v 47 4
v 48 4
v 49 4
v 50 4
v 51 4
v 52 4
v 53 4
v 54 4
v 55 4
v 56 4
v 57 4
v 58 4
v 59 4
v 60 4
v 61 4
v 62 4
v 63 4
v 64 4
v 65 4
v 66 4
v 67 4
e 0 30 1
e 0 32 1
e 1 31 1
e 1 33 1
e 2 25 2
e 3 5 1
e 3 9 2
e 4 6 1
e 4 10 2
e 5 25 1
e 5 52 1
e 6 25 1
e 6 53 1
e 7 9 1
e 7 11 1
e 7 12 1
e 7 34 1
e 8 10 1
e 8 13 1
e 8 14 1
e 8 35 1
e 9 15 1
e 10 16 1
e 11 36 1
e 11 37 1
e 11 38 1
e 12 39 1
e 12 40 1
e 12 41 1
e 13 42 1
e 13 43 1
e 13 44 1
e 14 45 1
e 14 46 1
e 14 47 1
e 15 17 2
e 15 48 1
e 16 18 2
e 16 49 1
e 17 19 1
e 17 50 1
e 18 20 1
e 18 51 1
e 19 21 2
e 19 23 1
e 20 22 2
e 20 24 1
e 21 26 1
e 21 54 1
e 22 27 1
e 22 55 1
e 23 28 2
e 23 56 1
e 24 29 2
e 24 57 1
e 26 30 2
e 26 58 1
e 27 31 2
e 27 59 1
e 28 30 1
e 28 60 1
e 29 31 1
e 29 61 1
e 32 62 1
e 32 63 1
e 32 64 1
e 33 65 1
e 33 66 1
e 33 67 1
t # 21631
v 0 12
v 1 12
v 2 12
v 3 12
v 4 1
v 5 2
v 6 2
v 7 2
v 8 2
v 9 3
v 10 3
v 11 3
v 12 3
v 13 3
v 14 3
v 15 3
v 16 3
v 17 3
v 18 3
v 19 3
v 20 3
v 21 3
v 22 3
v 23 3
v 24 3
v 25 3
v 26 3
v 27 3
v 28 3
v 29 3
v 30 3
v 31 3
v 32 3
v 33 3
v 34 4
v 35 4
v 36 4
v 37 4
v 38 4
v 39 4
v 40 4
v 41 4
v 42 4
v 43 4
v 44 4
v 45 4
v 46 4
v 47 4
v 48 4
v 49 4
v 50 4
v 51 4
v 52 4
v 53 4
v 54 4
v 55 4
v 56 4
v 57 4
v 58 4
v 59 4
e 0 28 1
e 1 29 1
e 2 32 1
e 3 33 1
e 4 23 2
e 5 7 1
e 5 11 2
e 6 8 1
e 6 12 2
e 7 23 1
e 7 52 1
e 8 23 1
e 8 53 1
e 9 11 1
e 9 13 1
e 9 14 1
e 9 34 1
e 10 12 1
e 10 15 1
e 10 16 1
e 10 35 1
e 11 17 1
e 12 18 1
e 13 36 1
e 13 37 1
e 13 38 1
e 14 39 1
e 14 40 1
e 14 41 1
e 15 42 1
e 15 43 1
e 15 44 1
e 16 45 1
e 16 46 1
e 16 47 1
e 17 19 2
e 17 48 1
e 18 20 2
e 18 49 1
e 19 21 1
e 19 50 1
e 20 22 1
e 20 51 1
e 21 24 2
e 21 26 1
e 22 25 2
e 22 27 1
e 24 28 1
e 24 54 1
e 25 29 1
e 25 55 1
e 26 30 2
e 26 56 1
e 27 31 2
e 27 57 1
e 28 32 2
e 29 33 2
e 30 32 1
e 30 58 1
e 31 33 1
e 31 59 1
t # 21632
v 0 12
v 1 12
v 2 1
v 3 2
v 4 2
v 5 2
v 6 2
v 7 3
v 8 3
v 9 3
v 10 3
v 11 3
v 12 3
v 13 3
v 14 3
v 15 3
v 16 3
v 17 3
v 18 3
v 19 3
v 20 3
v 21 3
v 22 3
v 23 3
v 24 3
v 25 3
v 26 3
v 27 3
v 28 3
v 29 3
v 30 3
v 31 3
v 32 4
v 33 4
v 34 4
v 35 4
v 36 4
v 37 4
v 38 4
v 39 4
v 40 4
v 41 4
v 42 4
v 43 4
v 44 4
v 45 4
v 46 4
v 47 4
v 48 4
v 49 4
v 50 4
v 51 4
v 52 4
v 53 4
v 54 4
v 55 4
v 56 4
v 57 4
v 58 4
v 59 4
e 0 30 1
e 1 31 1
e 2 21 2
e 3 5 1
e 3 9 2
e 4 6 1
e 4 10 2
e 5 21 1
e 5 50 1
e 6 21 1
e 6 51 1
e 7 9 1
e 7 11 1
e 7 12 1
e 7 32 1
e 8 10 1
e 8 13 1
e 8 14 1
e 8 33 1
e 9 15 1
e 10 16 1
e 11 34 1
e 11 35 1
e 11 36 1
e 12 37 1
e 12 38 1
e 12 39 1
e 13 40 1
e 13 41 1
e 13 42 1
e 14 43 1
e 14 44 1
e 14 45 1
e 15 17 2
e 15 46 1
e 16 18 2
e 16 47 1
e 17 19 1
e 17 48 1
e 18 20 1
e 18 49 1
e 19 22 2
e 19 24 1
e 20 23 2
e 20 25 1
e 22 26 1
e 22 52 1
e 23 27 1
e 23 53 1
e 24 28 2
e 24 54 1
e 25 29 2
e 25 55 1
e 26 30 2
e 26 56 1
e 27 31 2
e 27 57 1
e 28 30 1
e 28 58 1
e 29 31 1
e 29 59 1
t # 21633
v 0 1
v 1 2
v 2 2
v 3 2
v 4 3
v 5 3
v 6 3
v 7 3
v 8 3
v 9 3
v 10 3
v 11 3
v 12 3
v 13 3
v 14 4
v 15 4
v 16 4
v 17 4
v 18 4
v 19 4
v 20 4
v 21 4
v 22 4
v 23 4
v 24 4
e 0 13 2
e 1 2 1
e 1 8 2
e 2 13 1
e 2 22 1
e 3 13 1
e 3 23 1
e 3 24 1
e 4 6 1
e 4 8 1
e 4 14 1
e 4 15 1
e 5 7 1
e 5 8 1
e 5 16 1
e 5 17 1
e 6 7 1
e 6 9 2
e 7 10 2
e 9 11 1
e 9 18 1
e 10 12 1
e 10 19 1
e 11 12 2
e 11 20 1
e 12 21 1
t # 21634
v 0 12
v 1 1
v 2 1
v 3 2
v 4 2
v 5 2
v 6 2
v 7 3
v 8 3
v 9 3
v 10 3
v 11 3
v 12 3
v 13 3
v 14 3
v 15 3
v 16 3
v 17 3
v 18 3
v 19 3
v 20 3
v 21 3
v 22 3
v 23 3
v 24 3
v 25 3
v 26 3
v 27 3
v 28 3
v 29 4
v 30 4
v 31 4
v 32 4
v 33 4
v 34 4
v 35 4
v 36 4
v 37 4
v 38 4
v 39 4
v 40 4
v 41 4
v 42 4
v 43 4
v 44 4
v 45 4
v 46 4
v 47 4
v 48 4
v 49 4
v 50 4
v 51 4
v 52 4
v 53 4
e 1 21 1
e 1 46 1
e 2 23 2
e 3 7 1
e 3 10 1
e 3 16 1
e 4 19 2
e 4 24 1
e 5 23 1
e 5 25 1
e 5 43 1
e 6 26 1
e 6 27 1
e 6 28 1
e 7 8 2
e 7 11 1
e 8 9 1
e 8 14 1
e 9 10 2
e 9 15 1
e 10 17 1
e 11 12 2
e 11 18 1
e 12 13 1
e 12 20 1
e 13 14 2
e 13 19 1
e 14 29 1
e 15 21 2
e 15 30 1
e 16 31 1
e 16 32 1
e 16 33 1
e 17 22 2
e 17 34 1
e 18 35 1
e 18 36 1
e 18 37 1
e 19 23 1
e 20 24 2
e 20 38 1
e 21 22 1
e 22 39 1
e 24 40 1
e 25 26 1
e 25 41 1
e 25 42 1
e 26 44 1
e 26 45 1
e 27 47 1
e 27 48 1
e 27 49 1
e 28 50 1
e 28 51 1
e 28 52 1
t # 21635
v 0 11
v 1 11
v 2 1
v 3 1
v 4 1
v 5 1
v 6 2
v 7 2
v 8 2
v 9 2
v 10 3
v 11 3
v 12 3
v 13 3
v 14 3
v 15 3
v 16 3
v 17 3
v 18 3
v 19 3
v 20 3
v 21 3
v 22 3
v 23 3
v 24 4
v 25 4
v 26 4
v 27 4
v 28 4
v 29 4
v 30 4
v 31 4
e 0 10 1
e 0 14 1
e 2 13 2
e 5 22 2
e 6 13 1
e 6 14 1
e 6 17 1
e 7 18 1
e 8 22 1
e 8 30 1
e 8 31 1
e 10 12 2
e 10 13 1
e 11 12 1
e 11 15 2
e 11 16 1
e 12 24 1
e 15 19 1
e 15 25 1
e 16 20 2
e 16 26 1
e 17 21 2
e 17 27 1
e 18 19 2
e 18 20 1
e 19 28 1
e 20 29 1
e 21 22 1
e 21 23 1
t # 21636
v 0 11
v 1 11
v 2 1
v 3 1
v 4 1
v 5 1
v 6 1
v 7 2
v 8 2
v 9 3
v 10 3
v 11 3
v 12 3
v 13 3
v 14 3
v 15 3
v 16 3
v 17 3
v 18 3
v 19 3
v 20 3
v 21 3
v 22 3
v 23 3
v 24 3
v 25 3
v 26 3
v 27 3
v 28 3
v 29 3
v 30 3
v 31 3
v 32 3
v 33 3
v 34 3
v 35 3
v 36 4
v 37 4
v 38 4
v 39 4
v 40 4
v 41 4
v 42 4
v 43 4
v 44 4
v 45 4
v 46 4
v 47 4
v 48 4
v 49 4
v 50 4
v 51 4
v 52 4
v 53 4
v 54 4
v 55 4
e 0 14 1
e 0 29 1
e 2 20 1
e 2 32 1
e 3 21 1
e 3 33 1
e 4 22 1
e 4 34 1
e 5 23 2
e 6 25 2
e 7 23 1
e 7 27 1
e 7 29 1
e 9 10 1
e 9 13 1
e 9 24 2
e 10 16 1
e 10 26 2
e 11 15 1
e 11 17 2
e 11 18 1
e 12 13 2
e 12 19 1
e 12 25 1
e 13 36 1
e 14 15 2
e 14 23 1
e 15 37 1
e 16 19 2
e 16 38 1
e 17 21 1
e 17 39 1
e 18 20 2
e 18 40 1
e 19 41 1
e 20 22 1
e 21 22 2
e 24 30 1
e 24 42 1
e 25 28 1
e 26 31 1
e 26 43 1
e 27 28 2
e 27 44 1
e 28 35 1
e 30 31 2
e 30 45 1
e 31 46 1
e 32 47 1
e 32 48 1
e 32 49 1
e 33 50 1
e 33 51 1
e 33 52 1
e 34 53 1
e 34 54 1
e 34 55 1
t # 21637
v 0 12
v 1 11
v 2 1
v 3 1
v 4 1
v 5 1
v 6 2
v 7 2
v 8 2
v 9 2
v 10 2
v 11 3
v 12 3
v 13 3
v 14 3
v 15 3
v 16 3
v 17 3
v 18 3
v 19 3
v 20 3
v 21 3
v 22 3
v 23 3
v 24 4
v 25 4
v 26 4
v 27 4
v 28 4
v 29 4
v 30 4
v 31 4
v 32 4
v 33 4
v 34 4
v 35 4
e 1 16 1
e 1 17 1
e 4 22 2
e 5 23 2
e 6 12 1
e 6 16 2
e 7 16 1
e 7 20 1
e 7 29 1
e 8 15 1
e 9 22 1
e 9 31 1
e 9 32 1
e 10 23 1
e 10 33 1
e 10 34 1
e 11 12 1
e 11 13 2
e 11 14 1
e 12 17 2
e 13 15 1
e 13 24 1
e 14 18 2
e 14 25 1
e 15 19 2
e 17 26 1
e 18 19 1
e 18 27 1
e 19 28 1
e 20 21 2
e 20 30 1
e 21 22 1
e 21 23 1
t # 21638
v 0 11
v 1 11
v 2 1
v 3 1
v 4 2
v 5 2
v 6 2
v 7 2
v 8 3
v 9 3
v 10 3
v 11 3
v 12 3
v 13 3
v 14 3
v 15 3
v 16 3
v 17 3
v 18 3
v 19 3
v 20 3
v 21 3
v 22 3
v 23 3
v 24 4
v 25 4
v 26 4
v 27 4
v 28 4
v 29 4
v 30 4
v 31 4
v 32 4
v 33 4
e 0 9 1
e 0 17 1
e 2 14 2
e 3 19 2
e 4 14 1
e 4 17 1
e 4 18 1
e 5 11 1
e 5 19 1
e 5 29 1
e 8 10 1
e 8 12 2
e 8 13 1
e 9 10 2
e 9 14 1
e 10 24 1
e 11 15 2
e 11 16 1
e 12 15 1
e 12 25 1
e 13 16 2
e 13 26 1
e 15 27 1
e 16 28 1
e 18 20 2
e 18 30 1
e 19 21 1
e 20 22 1
e 20 23 1
e 21 31 1
e 21 32 1
e 21 33 1
t # 21639
v 0 11
v 1 11
v 2 1
v 3 1
v 4 1
v 5 1
v 6 1
v 7 2
v 8 2
v 9 2
v 10 3
v 11 3
v 12 3
v 13 3
v 14 3
v 15 3
v 16 3
v 17 3
v 18 3
v 19 3
v 20 3
v 21 3
v 22 3
v 23 3
v 24 3
v 25 4
v 26 4
v 27 4
v 28 4
v 29 4
v 30 4
v 31 4
v 32 4
v 33 4
v 34 4
v 35 4
e 0 15 1
e 0 16 1
e 2 12 2
e 3 13 2
e 4 14 2
e 5 17 2
e 6 22 1
e 6 35 1
e 7 11 1
e 7 14 1
e 7 15 1
e 8 12 1
e 8 17 1
e 8 28 1
e 9 13 1
e 9 17 1
e 9 29 1
e 10 11 1
e 10 12 1
e 10 13 1
e 10 25 1
e 11 26 1
e 11 27 1
e 14 16 1
e 16 18 2
e 18 19 1
e 18 30 1
e 19 20 2
e 19 21 1
e 20 22 1
e 20 31 1
e 21 23 2
e 21 32 1
e 22 24 2
e 23 24 1
e 23 33 1
e 24 34 1
t # 21640
v 0 11
v 1 11
v 2 1
v 3 1
v 4 1
v 5 1
v 6 2
v 7 2
v 8 3
v 9 3
v 10 3
v 11 3
v 12 3
v 13 3
v 14 3
v 15 3
v 16 3
v 17 3
v 18 3
v 19 3
v 20 3
v 21 3
v 22 3
v 23 3
v 24 3
v 25 3
v 26 3
v 27 3
v 28 3
v 29 3
v 30 3
v 31 3
v 32 3
v 33 4
v 34 4
v 35 4
v 36 4
v 37 4
v 38 4
v 39 4
v 40 4
v 41 4
v 42 4
v 43 4
v 44 4
v 45 4
v 46 4
v 47 4
v 48 4
v 49 4
v 50 4
v 51 4
v 52 4
v 53 4
v 54 4
e 0 8 1
e 0 14 1
e 2 9 2
e 3 25 1
e 3 32 1
e 4 16 2
e 5 20 2
e 6 9 1
e 6 10 1
e 6 14 1
e 7 16 1
e 7 17 1
e 7 36 1
e 8 9 1
e 8 13 2
e 10 11 2
e 10 33 1
e 11 16 1
e 11 20 1
e 12 13 1
e 12 15 2
e 12 19 1
e 13 34 1
e 15 18 1
e 15 35 1
e 17 21 2
e 17 22 1
e 18 23 2
e 18 24 1
e 19 37 1
e 19 38 1
e 19 39 1
e 20 28 1
e 21 26 1
e 21 40 1
e 22 27 2
e 22 41 1
e 23 29 1
e 23 42 1
e 24 30 2
e 24 43 1
e 25 26 2
e 25 27 1
e 26 44 1
e 27 45 1
e 28 46 1
e 28 47 1
e 28 48 1
e 29 31 2
e 29 49 1
e 30 31 1
e 30 50 1
e 31 51 1
e 32 52 1
e 32 53 1
e 32 54 1
t # 21641
v 0 11
v 1 11
v 2 11
v 3 1
v 4 1
v 5 1
v 6 2
v 7 2
v 8 2
v 9 2
v 10 3
v 11 3
v 12 3
v 13 3
v 14 3
v 15 3
v 16 3
v 17 3
v 18 3
v 19 3
v 20 3
v 21 3
v 22 3
v 23 3
v 24 3
v 25 3
v 26 3
v 27 3
v 28 3
v 29 3
v 30 4
v 31 4
v 32 4
v 33 4
v 34 4
v 35 4
v 36 4
v 37 4
v 38 4
v 39 4
e 0 10 1
e 0 19 1
e 1 13 1
e 1 16 1
e 3 11 2
e 6 11 1
e 6 17 1
e 6 19 1
e 7 14 1
e 7 16 2
e 8 24 1
e 10 11 1
e 10 15 2
e 12 15 1
e 12 20 2
e 12 21 1
e 13 14 1
e 13 22 2
e 14 23 2
e 15 30 1
e 16 18 1
e 17 18 2
e 17 31 1
e 18 29 1
e 20 24 1
e 20 32 1
e 21 27 2
e 21 33 1
e 22 25 1
e 22 34 1
e 23 26 1
e 23 35 1
e 24 28 2
e 25 26 2
e 25 36 1
e 26 37 1
e 27 28 1
e 27 38 1
e 28 39 1
t # 21642
v 0 11
v 1 11
v 2 1
v 3 1
v 4 1
v 5 1
v 6 1
v 7 1
v 8 2
v 9 2
v 10 2
v 11 2
v 12 3
v 13 3
v 14 3
v 15 3
v 16 3
v 17 3
v 18 3
v 19 3
v 20 3
v 21 3
v 22 3
v 23 3
v 24 3
v 25 3
v 26 3
v 27 3
v 28 3
v 29 3
v 30 3
v 31 3
v 32 3
v 33 3
v 34 3
v 35 4
v 36 4
v 37 4
v 38 4
v 39 4
v 40 4
v 41 4
v 42 4
v 43 4
v 44 4
v 45 4
v 46 4
v 47 4
v 48 4
v 49 4
v 50 4
e 0 18 1
e 0 19 1
e 2 21 1
e 2 33 1
e 3 14 2
e 4 17 2
e 5 21 2
e 8 10 1
e 8 14 1
e 8 16 1
e 9 15 1
e 9 17 1
e 9 19 1
e 10 13 2
e 11 30 1
e 12 13 1
e 12 14 1
e 12 15 2
e 13 21 1
e 15 35 1
e 16 22 2
e 16 23 1
e 17 18 1
e 18 20 2
e 20 24 1
e 20 36 1
e 22 25 1
e 22 37 1
e 23 26 2
e 23 38 1
e 24 27 2
e 24 28 1
e 25 29 2
e 25 39 1
e 26 29 1
e 26 40 1
e 27 31 1
e 27 41 1
e 28 32 2
e 28 42 1
e 29 43 1
e 30 31 2
e 30 32 1
e 31 44 1
e 32 45 1
e 33 34 1
e 33 46 1
e 33 47 1
e 34 48 1
e 34 49 1
e 34 50 1
t # 21643
v 0 11
v 1 11
v 2 1
v 3 1
v 4 1
v 5 1
v 6 1
v 7 2
v 8 2
v 9 2
v 10 2
v 11 3
v 12 3
v 13 3
v 14 3
v 15 3
v 16 3
v 17 3
v 18 3
v 19 3
v 20 3
v 21 3
v 22 3
v 23 3
v 24 3
v 25 4
v 26 4
v 27 4
v 28 4
v 29 4
v 30 4
v 31 4
v 32 4
v 33 4
v 34 4
e 0 11 1
e 0 15 1
e 2 13 2
e 3 23 2
e 4 24 2
e 7 13 1
e 7 15 1
e 7 16 1
e 8 19 1
e 9 23 1
e 9 31 1
e 9 32 1
e 10 24 1
e 10 33 1
e 10 34 1
e 11 13 1
e 11 14 2
e 12 14 1
e 12 17 2
e 12 18 1
e 14 25 1
e 16 22 2
e 16 26 1
e 17 20 1
e 17 27 1
e 18 21 2
e 18 28 1
e 19 20 2
e 19 21 1
e 20 29 1
e 21 30 1
e 22 23 1
e 22 24 1
t # 21644
v 0 1
v 1 3
v 2 3
v 3 3
v 4 3
v 5 3
v 6 3
v 7 3
v 8 3
v 9 3
v 10 3
v 11 3
v 12 3
v 13 3
v 14 3
v 15 3
v 16 3
v 17 3
v 18 3
v 19 3
v 20 3
v 21 3
v 22 3
v 23 4
v 24 4
v 25 4
v 26 4
v 27 4
v 28 4
v 29 4
v 30 4
v 31 4
v 32 4
v 33 4
v 34 4
v 35 4
v 36 4
v 37 4
v 38 4
v 39 4
v 40 4
e 0 6 2
e 1 2 2
e 1 3 1
e 1 4 1
e 2 5 1
e 2 6 1
e 3 7 2
e 3 9 1
e 4 8 2
e 4 10 1
e 5 11 2
e 5 12 1
e 6 17 1
e 7 13 1
e 7 23 1
e 8 14 1
e 8 24 1
e 9 15 2
e 9 25 1
e 10 16 2
e 10 26 1
e 11 18 1
e 11 27 1
e 12 19 2
e 12 28 1
e 13 20 2
e 13 29 1
e 14 21 2
e 14 30 1
e 15 20 1
e 15 31 1
e 16 21 1
e 16 32 1
e 17 33 1
e 17 34 1
e 17 35 1
e 18 22 2
e 18 36 1
e 19 22 1
e 19 37 1
e 20 38 1
e 21 39 1
e 22 40 1
t # 21645
v 0 11
v 1 11
v 2 1
v 3 1
v 4 1
v 5 2
v 6 2
v 7 2
v 8 3
v 9 3
v 10 3
v 11 3
v 12 3
v 13 3
v 14 3
v 15 3
v 16 3
v 17 3
v 18 3
v 19 3
v 20 4
v 21 4
v 22 4
v 23 4
v 24 4
v 25 4
v 26 4
e 0 9 1
e 0 12 1
e 2 16 2
e 3 17 2
e 4 19 2
e 5 8 1
e 5 10 1
e 5 12 1
e 6 16 1
e 6 19 1
e 6 25 1
e 7 17 1
e 7 19 1
e 7 26 1
e 8 9 1
e 8 13 2
e 9 14 2
e 10 11 2
e 10 20 1
e 11 16 1
e 11 17 1
e 13 15 1
e 13 21 1
e 14 18 1
e 14 22 1
e 15 18 2
e 15 23 1
e 18 24 1
t # 21646
v 0 11
v 1 11
v 2 11
v 3 1
v 4 1
v 5 1
v 6 2
v 7 2
v 8 3
v 9 3
v 10 3
v 11 3
v 12 3
v 13 3
v 14 3
v 15 3
v 16 3
v 17 3
v 18 3
v 19 3
v 20 3
v 21 3
v 22 3
v 23 3
v 24 3
v 25 3
v 26 3
v 27 3
v 28 3
v 29 3
v 30 3
v 31 3
v 32 3
v 33 3
v 34 3
v 35 4
v 36 4
v 37 4
v 38 4
v 39 4
v 40 4
v 41 4
v 42 4
v 43 4
v 44 4
v 45 4
v 46 4
v 47 4
v 48 4
v 49 4
v 50 4
v 51 4
v 52 4
v 53 4
v 54 4
v 55 4
v 56 4
e 0 3 2
e 0 8 1
e 0 9 1
e 1 13 1
e 1 15 1
e 4 14 2
e 5 33 2
e 6 11 1
e 6 14 1
e 6 15 1
e 7 26 1
e 7 33 1
e 7 53 1
e 8 10 1
e 8 11 2
e 9 12 1
e 9 35 1
e 9 36 1
e 10 18 2
e 10 19 1
e 11 37 1
e 12 20 2
e 12 21 1
e 13 14 1
e 13 17 2
e 16 17 1
e 16 22 2
e 16 23 1
e 17 38 1
e 18 24 1
e 18 39 1
e 19 25 2
e 19 40 1
e 20 27 1
e 20 41 1
e 21 28 2
e 21 42 1
e 22 29 1
e 22 43 1
e 23 30 2
e 23 44 1
e 24 31 2
e 24 45 1
e 25 31 1
e 25 46 1
e 26 29 2
e 26 30 1
e 27 32 2
e 27 49 1
e 28 32 1
e 28 50 1
e 29 47 1
e 30 48 1
e 31 51 1
e 32 52 1
e 33 34 1
e 34 54 1
e 34 55 1
e 34 56 1
t # 21647
v 0 1
v 1 1
v 2 1
v 3 1
v 4 1
v 5 1
v 6 1
v 7 1
v 8 3
v 9 3
v 10 3
v 11 3
v 12 3
v 13 3
v 14 3
v 15 3
v 16 3
v 17 3
v 18 3
v 19 3
v 20 3
v 21 3
v 22 4
v 23 4
v 24 4
v 25 4
v 26 4
v 27 4
v 28 4
v 29 4
v 30 4
v 31 4
v 32 4
v 33 4
v 34 4
v 35 4
v 36 4
v 37 4
e 0 10 1
e 0 13 1
e 1 9 1
e 1 17 1
e 2 14 1
e 2 18 1
e 3 15 1
e 3 19 1
e 4 13 2
e 5 14 2
e 6 15 2
e 7 17 2
e 8 9 1
e 8 10 1
e 8 11 1
e 8 22 1
e 9 12 1
e 9 14 1
e 10 15 1
e 10 23 1
e 11 13 1
e 11 24 1
e 11 25 1
e 12 16 2
e 12 26 1
e 16 17 1
e 16 27 1
e 18 20 1
e 18 28 1
e 18 29 1
e 19 21 1
e 19 30 1
e 19 31 1
e 20 32 1
e 20 33 1
e 20 34 1
e 21 35 1
e 21 36 1
e 21 37 1
t # 21648
v 0 12
v 1 12
v 2 12
v 3 11
v 4 1
v 5 1
v 6 2
v 7 2
v 8 2
v 9 2
v 10 3
v 11 3
v 12 3
v 13 3
v 14 3
v 15 3
v 16 3
v 17 3
v 18 3
v 19 3
v 20 3
v 21 3
v 22 3
v 23 4
v 24 4
v 25 4
v 26 4
v 27 4
v 28 4
v 29 4
v 30 4
v 31 4
v 32 4
v 33 4
e 0 16 1
e 1 18 1
e 3 14 1
e 3 15 1
e 4 21 2
e 5 22 2
e 6 11 1
e 6 14 2
e 7 14 1
e 7 19 1
e 7 27 1
e 8 21 1
e 8 29 1
e 8 30 1
e 9 22 1
e 9 31 1
e 9 32 1
e 10 11 1
e 10 12 2
e 10 13 1
e 11 15 2
e 12 16 1
e 12 23 1
e 13 17 2
e 13 24 1
e 15 25 1
e 16 18 2
e 17 18 1
e 17 26 1
e 19 20 2
e 19 28 1
e 20 21 1
e 20 22 1
t # 21649
v 0 11
v 1 1
v 2 1
v 3 2
v 4 2
v 5 3
v 6 3
v 7 3
v 8 3
v 9 3
v 10 3
v 11 3
v 12 3
v 13 3
v 14 3
v 15 3
v 16 3
v 17 3
v 18 4
v 19 4
v 20 4
v 21 4
v 22 4
v 23 4
v 24 4
v 25 4
v 26 4
v 27 4
e 0 6 1
e 0 11 1
e 1 9 2
e 2 10 2
e 3 5 1
e 3 11 1
e 3 12 1
e 4 11 2
e 4 17 1
e 5 6 2
e 5 9 1
e 6 10 1
e 7 8 1
e 7 9 1
e 7 13 2
e 8 10 1
e 8 14 2
e 12 18 1
e 12 19 1
e 12 20 1
e 13 15 1
e 13 21 1
e 14 16 1
e 14 22 1
e 15 16 2
e 15 23 1
e 16 24 1
e 17 25 1
e 17 26 1
e 17 27 1
t # 21650
v 0 1
v 1 1
v 2 2
v 3 2
v 4 2
v 5 3
v 6 3
v 7 3
v 8 3
v 9 3
v 10 3
v 11 3
v 12 3
v 13 3
v 14 3
v 15 3
v 16 3
v 17 3
v 18 3
v 19 4
v 20 4
v 21 4
v 22 4
v 23 4
v 24 4
v 25 4
v 26 4
v 27 4
v 28 4
v 29 4
e 0 13 1
e 0 18 1
e 1 9 2
e 2 5 1
e 2 6 1
e 2 9 1
e 3 5 1
e 3 7 1
e 3 12 1
e 5 8 2
e 6 7 1
e 6 10 2
e 7 11 2
e 8 13 1
e 8 17 1
e 9 14 1
e 10 15 1
e 10 19 1
e 11 16 1
e 11 23 1
e 12 20 1
e 12 21 1
e 12 22 1
e 13 14 2
e 14 24 1
e 15 16 2
e 15 25 1
e 16 26 1
e 18 27 1
e 18 28 1
e 18 29 1
t # 21651
v 0 1
v 1 1
v 2 2
v 3 2
v 4 2
v 5 3
v 6 3
v 7 3
v 8 3
v 9 3
v 10 3
v 11 3
v 12 3
v 13 3
v 14 3
v 15 3
v 16 3
v 17 4
v 18 4
v 19 4
v 20 4
v 21 4
v 22 4
v 23 4
e 0 8 1
e 0 23 1
e 1 13 2
e 2 5 1
e 2 6 1
e 2 8 1
e 3 6 1
e 3 7 1
e 3 17 1
e 5 7 1
e 5 10 2
e 6 9 2
e 7 11 2
e 8 12 2
e 9 13 1
e 9 16 1
e 10 14 1
e 10 18 1
e 11 15 1
e 11 19 1
e 12 13 1
e 12 20 1
e 14 15 2
e 14 21 1
e 15 22 1
t # 21652
v 0 11
v 1 11
v 2 1
v 3 1
v 4 1
v 5 2
v 6 2
v 7 2
v 8 3
v 9 3
v 10 3
v 11 3
v 12 3
v 13 3
v 14 3
v 15 3
v 16 3
v 17 3
v 18 3
v 19 3
v 20 3
v 21 3
v 22 3
v 23 3
v 24 3
v 25 3
v 26 3
v 27 3
v 28 4
v 29 4
v 30 4
v 31 4
v 32 4
v 33 4
v 34 4
v 35 4
v 36 4
v 37 4
v 38 4
v 39 4
v 40 4
e 0 11 1
e 0 20 1
e 2 12 2
e 3 13 2
e 4 25 1
e 4 40 1
e 5 12 1
e 5 14 1
e 5 20 1
e 6 8 1
e 6 13 1
e 6 28 1
e 7 9 1
e 7 10 2
e 8 9 1
e 8 18 2
e 9 19 2
e 10 13 1
e 10 15 1
e 11 12 1
e 11 17 2
e 14 15 2
e 14 29 1
e 15 30 1
e 16 17 1
e 16 23 2
e 16 24 1
e 17 31 1
e 18 21 1
e 18 32 1
e 19 22 1
e 19 33 1
e 21 22 2
e 21 34 1
e 22 35 1
e 23 25 1
e 23 36 1
e 24 26 2
e 24 37 1
e 25 27 2
e 26 27 1
e 26 38 1
e 27 39 1
t # 21653
v 0 11
v 1 1
v 2 1
v 3 1
v 4 1
v 5 3
v 6 3
v 7 3
v 8 3
v 9 3
v 10 3
v 11 3
v 12 3
v 13 3
v 14 3
v 15 3
v 16 3
v 17 3
v 18 3
v 19 3
v 20 3
v 21 4
v 22 4
v 23 4
v 24 4
v 25 4
v 26 4
v 27 4
v 28 4
v 29 4
v 30 4
v 31 4
v 32 4
e 0 1 2
e 0 2 2
e 0 5 1
e 0 6 1
e 3 7 2
e 4 8 2
e 5 7 1
e 5 9 1
e 5 21 1
e 6 8 1
e 6 10 1
e 6 22 1
e 7 8 1
e 9 11 2
e 9 13 1
e 10 12 2
e 10 14 1
e 11 15 1
e 11 23 1
e 12 16 1
e 12 24 1
e 13 17 2
e 13 25 1
e 14 18 2
e 14 26 1
e 15 19 2
e 15 27 1
e 16 20 2
e 16 28 1
e 17 19 1
e 17 29 1
e 18 20 1
e 18 30 1
e 19 31 1
e 20 32 1
t # 21654
v 0 18
v 1 11
v 2 11
v 3 1
v 4 1
v 5 1
v 6 1
v 7 2
v 8 2
v 9 3
v 10 3
v 11 3
v 12 3
v 13 3
v 14 3
v 15 3
v 16 3
v 17 3
v 18 3
v 19 3
v 20 3
v 21 3
v 22 3
v 23 3
v 24 3
v 25 3
v 26 3
v 27 3
v 28 3
v 29 3
v 30 3
v 31 4
v 32 4
v 33 4
v 34 4
v 35 4
v 36 4
v 37 4
v 38 4
v 39 4
v 40 4
v 41 4
v 42 4
v 43 4
v 44 4
v 45 4
v 46 4
v 47 4
e 1 11 1
e 1 13 1
e 2 11 1
e 2 14 1
e 3 18 1
e 3 25 1
e 4 20 1
e 4 25 1
e 5 12 2
e 6 17 2
e 7 9 1
e 7 11 2
e 7 12 1
e 8 17 1
e 8 22 1
e 8 36 1
e 9 10 1
e 9 14 2
e 10 17 1
e 10 31 1
e 10 32 1
e 12 13 1
e 13 15 2
e 14 33 1
e 15 16 1
e 15 34 1
e 16 19 2
e 16 21 1
e 18 19 1
e 18 20 2
e 19 35 1
e 20 23 1
e 21 23 2
e 21 37 1
e 22 24 1
e 22 26 2
e 23 38 1
e 24 27 2
e 24 28 1
e 25 39 1
e 25 40 1
e 26 29 1
e 26 41 1
e 27 30 1
e 27 42 1
e 28 43 1
e 28 44 1
e 28 45 1
e 29 30 2
e 29 46 1
e 30 47 1
t # 21655
v 0 1
v 1 1
v 2 1
v 3 1
v 4 2
v 5 2
v 6 2
v 7 2
v 8 3
v 9 3
v 10 3
v 11 3
v 12 3
v 13 3
v 14 3
v 15 3
v 16 3
v 17 3
v 18 3
v 19 3
v 20 3
v 21 3
v 22 3
v 23 3
v 24 3
v 25 3
v 26 3
v 27 3
v 28 3
v 29 3
v 30 3
v 31 3
v 32 3
v 33 3
v 34 3
v 35 3
v 36 3
v 37 3
v 38 3
v 39 3
v 40 3
v 41 3
v 42 3
v 43 3
v 44 3
v 45 3
v 46 3
v 47 3
v 48 3
v 49 3
v 50 4
v 51 4
v 52 4
v 53 4
v 54 4
v 55 4
v 56 4
v 57 4
v 58 4
v 59 4
v 60 4
v 61 4
v 62 4
v 63 4
v 64 4
v 65 4
v 66 4
v 67 4
v 68 4
v 69 4
v 70 4
v 71 4
v 72 4
v 73 4
v 74 4
v 75 4
v 76 4
v 77 4
v 78 4
v 79 4
v 80 4
v 81 4
v 82 4
v 83 4
v 84 4
v 85 4
v 86 4
v 87 4
v 88 4
v 89 4
v 90 4
v 91 4
v 92 4
v 93 4
v 94 4
v 95 4
v 96 4
v 97 4
v 98 4
v 99 4
v 100 4
v 101 4
v 102 4
v 103 4
e 0 24 2
e 1 25 2
e 2 36 2
e 3 37 2
e 4 20 1
e 4 24 1
e 4 84 1
e 5 21 1
e 5 25 1
e 5 85 1
e 6 26 1
e 6 36 1
e 6 88 1
e 7 27 1
e 7 37 1
e 7 89 1
e 8 10 1
e 8 12 1
e 8 50 1
e 8 51 1
e 9 11 1
e 9 13 1
e 9 52 1
e 9 53 1
e 10 14 1
e 10 54 1
e 10 55 1
e 11 15 1
e 11 56 1
e 11 57 1
e 12 16 1
e 12 58 1
e 12 59 1
e 13 17 1
e 13 60 1
e 13 61 1
e 14 18 1
e 14 62 1
e 14 63 1
e 15 19 1
e 15 64 1
e 15 65 1
e 16 20 1
e 16 66 1
e 16 67 1
e 17 21 1
e 17 68 1
e 17 69 1
e 18 22 1
e 18 70 1
e 18 71 1
e 19 23 1
e 19 72 1
e 19 73 1
e 20 74 1
e 20 75 1
e 21 76 1
e 21 77 1
e 22 78 1
e 22 79 1
e 22 80 1
e 23 81 1
e 23 82 1
e 23 83 1
e 24 26 1
e 25 27 1
e 26 28 2
e 27 29 2
e 28 30 1
e 28 86 1
e 29 31 1
e 29 87 1
e 30 32 2
e 30 34 1
e 31 33 2
e 31 35 1
e 32 33 1
e 32 90 1
e 33 91 1
e 34 35 2
e 34 92 1
e 35 93 1
e 36 38 1
e 37 39 1
e 38 40 2
e 38 42 1
e 39 41 2
e 39 43 1
e 40 44 1
e 40 94 1
e 41 45 1
e 41 95 1
e 42 46 2
e 42 96 1
e 43 47 2
e 43 97 1
e 44 48 2
e 44 98 1
e 45 49 2
e 45 99 1
e 46 48 1
e 46 100 1
e 47 49 1
e 47 101 1
e 48 102 1
e 49 103 1
t # 21656
v 0 12
v 1 12
v 2 1
v 3 1
v 4 2
v 5 2
v 6 3
v 7 3
v 8 3
v 9 3
v 10 3
v 11 3
v 12 3
v 13 3
v 14 3
v 15 3
v 16 3
v 17 3
v 18 3
v 19 3
v 20 3
v 21 3
v 22 3
v 23 3
v 24 3
v 25 3
v 26 3
v 27 3
v 28 4
v 29 4
v 30 4
v 31 4
v 32 4
v 33 4
v 34 4
v 35 4
v 36 4
v 37 4
v 38 4
v 39 4
v 40 4
v 41 4
v 42 4
v 43 4
v 44 4
v 45 4
v 46 4
v 47 4
v 48 4
v 49 4
v 50 4
v 51 4
e 0 18 1
e 1 24 1
e 2 12 2
e 3 16 2
e 4 9 1
e 4 12 1
e 4 38 1
e 5 13 1
e 5 16 1
e 5 43 1
e 6 7 1
e 6 8 1
e 6 28 1
e 6 29 1
e 7 9 1
e 7 30 1
e 7 31 1
e 8 10 1
e 8 32 1
e 8 33 1
e 9 34 1
e 9 35 1
e 10 11 1
e 10 36 1
e 10 37 1
e 11 39 1
e 11 40 1
e 11 41 1
e 12 13 1
e 13 14 2
e 14 15 1
e 14 42 1
e 15 18 2
e 15 19 1
e 16 17 1
e 17 22 2
e 17 23 1
e 18 20 1
e 19 21 2
e 19 44 1
e 20 24 2
e 20 45 1
e 21 24 1
e 21 46 1
e 22 25 1
e 22 47 1
e 23 26 2
e 23 48 1
e 25 27 2
e 25 49 1
e 26 27 1
e 26 50 1
e 27 51 1
t # 21657
v 0 12
v 1 11
v 2 11
v 3 1
v 4 2
v 5 3
v 6 3
v 7 3
v 8 3
v 9 3
v 10 3
v 11 3
v 12 3
v 13 3
v 14 3
v 15 3
v 16 3
v 17 3
v 18 3
v 19 3
v 20 3
v 21 3
v 22 3
v 23 3
v 24 4
v 25 4
v 26 4
v 27 4
v 28 4
v 29 4
v 30 4
v 31 4
v 32 4
v 33 4
v 34 4
v 35 4
v 36 4
v 37 4
e 1 6 1
e 1 8 1
e 2 6 1
e 2 10 1
e 3 7 2
e 4 5 1
e 4 6 2
e 4 7 1
e 5 9 1
e 5 10 2
e 7 8 1
e 8 11 2
e 9 13 2
e 9 14 1
e 10 24 1
e 11 12 1
e 11 25 1
e 12 15 2
e 12 16 1
e 13 20 1
e 13 26 1
e 14 21 2
e 14 27 1
e 15 18 1
e 15 28 1
e 16 19 2
e 16 29 1
e 17 18 2
e 17 19 1
e 17 23 1
e 18 30 1
e 19 31 1
e 20 22 2
e 20 32 1
e 21 22 1
e 21 33 1
e 22 34 1
e 23 35 1
e 23 36 1
e 23 37 1
t # 21658
v 0 12
v 1 11
v 2 1
v 3 1
v 4 1
v 5 1
v 6 2
v 7 2
v 8 2
v 9 3
v 10 3
v 11 3
v 12 3
v 13 3
v 14 3
v 15 3
v 16 3
v 17 3
v 18 3
v 19 3
v 20 3
v 21 3
v 22 3
v 23 3
v 24 3
v 25 3
v 26 3
v 27 3
v 28 4
v 29 4
v 30 4
v 31 4
v 32 4
v 33 4
v 34 4
v 35 4
v 36 4
v 37 4
v 38 4
v 39 4
v 40 4
v 41 4
v 42 4
v 43 4
e 1 9 1
e 1 13 1
e 2 12 2
e 3 26 1
e 3 27 1
e 6 9 1
e 6 10 1
e 6 11 1
e 7 9 1
e 7 12 1
e 7 29 1
e 8 19 1
e 9 28 1
e 10 13 2
e 10 14 1
e 11 12 1
e 11 15 2
e 13 30 1
e 14 16 2
e 14 18 1
e 15 17 1
e 15 31 1
e 16 19 1
e 16 32 1
e 17 21 2
e 17 22 1
e 18 20 2
e 18 33 1
e 19 23 2
e 20 23 1
e 20 34 1
e 21 24 1
e 21 35 1
e 22 25 2
e 22 36 1
e 23 37 1
e 24 26 2
e 24 38 1
e 25 26 1
e 25 39 1
e 27 40 1
e 27 41 1
e 27 42 1
t # 21659
v 0 1
v 1 1
v 2 1
v 3 2
v 4 2
v 5 3
v 6 3
v 7 3
v 8 3
v 9 3
v 10 3
v 11 3
v 12 3
v 13 3
v 14 3
v 15 3
v 16 3
v 17 3
v 18 3
v 19 3
v 20 3
v 21 3
v 22 3
v 23 3
v 24 3
v 25 3
v 26 3
v 27 3
v 28 4
v 29 4
v 30 4
v 31 4
v 32 4
v 33 4
v 34 4
v 35 4
v 36 4
v 37 4
v 38 4
v 39 4
v 40 4
v 41 4
v 42 4
v 43 4
v 44 4
v 45 4
v 46 4
v 47 4
v 48 4
v 49 4
v 50 4
v 51 4
v 52 4
v 53 4
v 54 4
v 55 4
e 0 11 2
e 1 21 1
e 1 27 1
e 2 15 2
e 3 8 1
e 3 11 1
e 3 38 1
e 4 12 1
e 4 15 1
e 4 43 1
e 5 6 1
e 5 7 1
e 5 28 1
e 5 29 1
e 6 8 1
e 6 30 1
e 6 31 1
e 7 9 1
e 7 32 1
e 7 33 1
e 8 34 1
e 8 35 1
e 9 10 1
e 9 36 1
e 9 37 1
e 10 39 1
e 10 40 1
e 10 41 1
e 11 12 1
e 12 13 2
e 13 14 1
e 13 42 1
e 14 16 2
e 14 17 1
e 15 18 1
e 16 19 1
e 16 44 1
e 17 20 2
e 17 45 1
e 18 22 2
e 18 23 1
e 19 21 2
e 19 46 1
e 20 21 1
e 20 47 1
e 22 24 1
e 22 48 1
e 23 25 2
e 23 49 1
e 24 26 2
e 24 50 1
e 25 26 1
e 25 51 1
e 26 52 1
e 27 53 1
e 27 54 1
e 27 55 1
t # 21660
v 0 11
v 1 1
v 2 1
v 3 1
v 4 1
v 5 1
v 6 2
v 7 3
v 8 3
v 9 3
v 10 3
v 11 3
v 12 3
v 13 3
v 14 3
v 15 3
v 16 3
v 17 3
v 18 3
v 19 3
v 20 3
v 21 3
v 22 3
v 23 3
v 24 3
v 25 3
v 26 3
v 27 3
v 28 3
v 29 3
v 30 3
v 31 4
v 32 4
v 33 4
v 34 4
v 35 4
v 36 4
v 37 4
v 38 4
v 39 4
v 40 4
v 41 4
v 42 4
v 43 4
v 44 4
v 45 4
v 46 4
v 47 4
v 48 4
v 49 4
v 50 4
v 51 4
v 52 4
v 53 4
e 0 1 2
e 0 2 2
e 0 7 1
e 0 8 1
e 3 10 2
e 4 14 2
e 5 24 1
e 5 29 1
e 6 14 1
e 6 22 1
e 6 41 1
e 7 9 1
e 7 10 1
e 7 31 1
e 8 11 1
e 8 32 1
e 8 33 1
e 9 12 2
e 9 13 1
e 10 14 1
e 11 15 2
e 11 16 1
e 12 17 1
e 12 34 1
e 13 18 2
e 13 35 1
e 15 20 1
e 15 36 1
e 16 21 2
e 16 37 1
e 17 19 2
e 17 38 1
e 18 19 1
e 18 39 1
e 19 40 1
e 20 23 2
e 20 42 1
e 21 23 1
e 21 43 1
e 22 24 1
e 22 25 2
e 23 44 1
e 24 26 2
e 25 27 1
e 25 45 1
e 26 28 1
e 26 46 1
e 27 28 2
e 27 47 1
e 28 48 1
e 29 30 1
e 29 49 1
e 29 50 1
e 30 51 1
e 30 52 1
e 30 53 1
t # 21661
v 0 1
v 1 1
v 2 1
v 3 2
v 4 2
v 5 3
v 6 3
v 7 3
v 8 3
v 9 3
v 10 3
v 11 3
v 12 3
v 13 3
v 14 3
v 15 4
v 16 4
v 17 4
v 18 4
v 19 4
v 20 4
v 21 4
v 22 4
e 0 8 2
e 1 12 1
e 1 22 1
e 2 10 2
e 3 5 1
e 3 10 1
e 3 16 1
e 4 8 1
e 4 10 1
e 4 18 1
e 5 7 2
e 5 8 1
e 6 7 1
e 6 9 2
e 6 11 1
e 7 15 1
e 9 12 1
e 9 17 1
e 11 13 2
e 11 19 1
e 12 14 2
e 13 14 1
e 13 20 1
e 14 21 1
t # 21662
v 0 1
v 1 1
v 2 2
v 3 2
v 4 2
v 5 3
v 6 3
v 7 3
v 8 3
v 9 3
v 10 3
v 11 3
v 12 3
v 13 3
v 14 3
v 15 3
v 16 3
v 17 3
v 18 3
v 19 3
v 20 4
v 21 4
v 22 4
v 23 4
v 24 4
v 25 4
v 26 4
v 27 4
v 28 4
v 29 4
v 30 4
v 31 4
v 32 4
v 33 4
v 34 4
v 35 4
v 36 4
e 0 10 2
e 1 11 2
e 2 5 1
e 2 6 1
e 2 9 1
e 3 9 1
e 3 10 1
e 3 11 1
e 4 11 1
e 4 12 1
e 4 30 1
e 5 7 1
e 5 20 1
e 5 21 1
e 6 8 1
e 6 22 1
e 6 23 1
e 7 8 1
e 7 24 1
e 7 25 1
e 8 26 1
e 8 27 1
e 9 28 1
e 9 29 1
e 10 12 1
e 12 13 2
e 13 14 1
e 13 31 1
e 14 15 2
e 14 16 1
e 15 17 1
e 15 32 1
e 16 18 2
e 16 33 1
e 17 19 2
e 17 34 1
e 18 19 1
e 18 35 1
e 19 36 1
t # 21663
v 0 1
v 1 1
v 2 1
v 3 2
v 4 2
v 5 3
v 6 3
v 7 3
v 8 3
v 9 3
v 10 3
v 11 3
v 12 3
v 13 3
v 14 3
v 15 3
v 16 3
v 17 4
v 18 4
v 19 4
v 20 4
v 21 4
v 22 4
v 23 4
v 24 4
v 25 4
v 26 4
v 27 4
v 28 4
e 0 7 1
e 0 15 1
e 1 10 2
e 2 12 2
e 3 6 1
e 3 12 1
e 3 19 1
e 4 10 1
e 4 12 1
e 4 21 1
e 5 7 1
e 5 8 1
e 5 9 2
e 6 8 2
e 6 10 1
e 7 11 2
e 8 17 1
e 9 13 1
e 9 18 1
e 11 14 1
e 11 20 1
e 13 14 2
e 13 22 1
e 14 23 1
e 15 16 1
e 15 24 1
e 15 25 1
e 16 26 1
e 16 27 1
e 16 28 1
t # 21664
v 0 11
v 1 11
v 2 2
v 3 2
v 4 3
v 5 3
v 6 3
v 7 3
v 8 3
v 9 3
v 10 3
v 11 3
v 12 3
v 13 3
v 14 3
v 15 3
v 16 4
v 17 4
v 18 4
v 19 4
v 20 4
v 21 4
v 22 4
v 23 4
v 24 4
v 25 4
v 26 4
v 27 4
v 28 4
v 29 4
e 0 10 1
e 0 11 1
e 2 4 1
e 2 5 1
e 2 8 1
e 3 8 1
e 3 9 1
e 3 10 1
e 4 6 1
e 4 16 1
e 4 17 1
e 5 7 1
e 5 18 1
e 5 19 1
e 6 7 1
e 6 20 1
e 6 21 1
e 7 22 1
e 7 23 1
e 8 24 1
e 8 25 1
e 9 11 1
e 9 12 2
e 11 13 2
e 12 14 1
e 12 26 1
e 13 15 1
e 13 27 1
e 14 15 2
e 14 28 1
e 15 29 1
t # 21665
v 0 1
v 1 1
v 2 2
v 3 2
v 4 3
v 5 3
v 6 3
v 7 3
v 8 3
v 9 3
v 10 3
v 11 3
v 12 3
v 13 3
v 14 3
v 15 3
v 16 3
v 17 3
v 18 3
v 19 3
v 20 3
v 21 3
v 22 3
v 23 3
v 24 3
v 25 3
v 26 3
v 27 3
v 28 4
v 29 4
v 30 4
v 31 4
v 32 4
v 33 4
v 34 4
v 35 4
v 36 4
v 37 4
v 38 4
v 39 4
v 40 4
v 41 4
v 42 4
v 43 4
v 44 4
v 45 4
v 46 4
v 47 4
v 48 4
v 49 4
v 50 4
v 51 4
v 52 4
v 53 4
v 54 4
v 55 4
e 0 10 2
e 1 13 2
e 2 8 1
e 2 10 1
e 2 41 1
e 3 11 1
e 3 13 1
e 3 42 1
e 4 5 1
e 4 6 1
e 4 28 1
e 4 29 1
e 5 7 1
e 5 32 1
e 5 33 1
e 6 8 1
e 6 30 1
e 6 31 1
e 7 9 1
e 7 34 1
e 7 35 1
e 8 36 1
e 8 37 1
e 9 38 1
e 9 39 1
e 9 40 1
e 10 11 1
e 11 12 2
e 12 15 1
e 12 43 1
e 13 14 1
e 14 18 2
e 14 19 1
e 15 16 2
e 15 44 1
e 16 17 1
e 16 45 1
e 17 22 2
e 17 23 1
e 18 20 1
e 18 46 1
e 19 21 2
e 19 47 1
e 20 24 2
e 20 48 1
e 21 24 1
e 21 49 1
e 22 25 1
e 22 50 1
e 23 26 2
e 23 51 1
e 24 52 1
e 25 27 2
e 25 53 1
e 26 27 1
e 26 54 1
e 27 55 1
t # 21666
v 0 1
v 1 1
v 2 1
v 3 1
v 4 2
v 5 2
v 6 3
v 7 3
v 8 3
v 9 3
v 10 3
v 11 3
v 12 3
v 13 3
v 14 3
v 15 3
v 16 3
v 17 3
v 18 3
v 19 3
v 20 3
v 21 3
v 22 3
v 23 3
v 24 3
v 25 3
v 26 3
v 27 3
v 28 3
v 29 3
v 30 3
v 31 4
v 32 4
v 33 4
v 34 4
v 35 4
v 36 4
v 37 4
v 38 4
v 39 4
v 40 4
v 41 4
v 42 4
v 43 4
v 44 4
v 45 4
v 46 4
v 47 4
v 48 4
v 49 4
v 50 4
v 51 4
v 52 4
v 53 4
v 54 4
v 55 4
v 56 4
v 57 4
v 58 4
v 59 4
v 60 4
e 0 18 1
e 0 23 1
e 1 20 1
e 1 23 1
e 2 14 2
e 3 24 2
e 4 11 1
e 4 14 1
e 4 45 1
e 5 15 1
e 5 24 1
e 5 51 1
e 6 7 1
e 6 8 1
e 6 31 1
e 6 32 1
e 7 9 1
e 7 33 1
e 7 34 1
e 8 10 1
e 8 35 1
e 8 36 1
e 9 11 1
e 9 37 1
e 9 38 1
e 10 12 1
e 10 39 1
e 10 40 1
e 11 41 1
e 11 42 1
e 12 13 1
e 12 43 1
e 12 44 1
e 13 46 1
e 13 47 1
e 13 48 1
e 14 15 1
e 15 17 2
e 16 17 1
e 16 19 2
e 16 21 1
e 17 49 1
e 18 19 1
e 18 20 2
e 19 50 1
e 20 22 1
e 21 22 2
e 21 52 1
e 22 53 1
e 23 54 1
e 23 55 1
e 24 25 1
e 25 26 2
e 25 27 1
e 26 28 1
e 26 56 1
e 27 29 2
e 27 57 1
e 28 30 2
e 28 58 1
e 29 30 1
e 29 59 1
e 30 60 1
t # 21667
v 0 1
v 1 1
v 2 1
v 3 1
v 4 2
v 5 2
v 6 3
v 7 3
v 8 3
v 9 3
v 10 3
v 11 3
v 12 3
v 13 3
v 14 3
v 15 3
v 16 3
v 17 3
v 18 3
v 19 3
v 20 3
v 21 3
v 22 3
v 23 3
v 24 3
v 25 3
v 26 3
v 27 3
v 28 3
v 29 3
v 30 4
v 31 4
v 32 4
v 33 4
v 34 4
v 35 4
v 36 4
v 37 4
v 38 4
v 39 4
v 40 4
v 41 4
v 42 4
v 43 4
v 44 4
v 45 4
v 46 4
v 47 4
v 48 4
v 49 4
v 50 4
v 51 4
e 0 10 1
e 0 28 1
e 1 12 1
e 1 29 1
e 2 14 2
e 3 15 2
e 4 7 1
e 4 15 1
e 4 34 1
e 5 14 1
e 5 16 1
e 5 35 1
e 6 8 1
e 6 9 2
e 6 11 1
e 7 8 2
e 7 14 1
e 8 30 1
e 9 10 1
e 9 31 1
e 10 12 2
e 11 13 2
e 11 32 1
e 12 13 1
e 13 33 1
e 15 17 1
e 16 18 2
e 16 19 1
e 17 20 2
e 17 21 1
e 18 22 1
e 18 36 1
e 19 23 2
e 19 37 1
e 20 24 1
e 20 38 1
e 21 25 2
e 21 39 1
e 22 26 2
e 22 40 1
e 23 26 1
e 23 41 1
e 24 27 2
e 24 42 1
e 25 27 1
e 25 43 1
e 26 44 1
e 27 45 1
e 28 46 1
e 28 47 1
e 28 48 1
e 29 49 1
e 29 50 1
e 29 51 1
t # 21668
v 0 1
v 1 1
v 2 2
v 3 2
v 4 3
v 5 3
v 6 3
v 7 3
v 8 3
v 9 3
v 10 3
v 11 3
v 12 3
v 13 3
v 14 3
v 15 3
v 16 3
v 17 3
v 18 3
v 19 3
v 20 3
v 21 3
v 22 3
v 23 3
v 24 3
v 25 3
v 26 3
v 27 4
v 28 4
v 29 4
v 30 4
v 31 4
v 32 4
v 33 4
v 34 4
v 35 4
v 36 4
v 37 4
v 38 4
v 39 4
v 40 4
v 41 4
v 42 4
v 43 4
v 44 4
v 45 4
v 46 4
e 0 7 2
e 1 13 2
e 2 4 1
e 2 7 1
e 2 29 1
e 3 6 1
e 3 13 1
e 3 31 1
e 4 5 1
e 4 27 1
e 4 28 1
e 5 10 2
e 5 11 1
e 6 7 1
e 6 8 2
e 8 9 1
e 8 30 1
e 9 16 2
e 9 17 1
e 10 14 1
e 10 32 1
e 11 15 2
e 11 33 1
e 12 13 1
e 12 19 2
e 12 20 1
e 14 18 2
e 14 34 1
e 15 18 1
e 15 35 1
e 16 21 1
e 16 36 1
e 17 22 2
e 17 37 1
e 18 38 1
e 19 24 1
e 19 39 1
e 20 25 2
e 20 40 1
e 21 23 2
e 21 41 1
e 22 23 1
e 22 42 1
e 23 43 1
e 24 26 2
e 24 44 1
e 25 26 1
e 25 45 1
e 26 46 1
t # 21669
v 0 12
v 1 1
v 2 2
v 3 2
v 4 2
v 5 2
v 6 3
v 7 3
v 8 3
v 9 3
v 10 3
v 11 4
v 12 4
v 13 4
v 14 4
v 15 4
v 16 4
v 17 4
e 0 7 1
e 1 10 2
e 2 4 1
e 2 6 1
e 2 9 1
e 3 5 1
e 3 10 1
e 3 15 1
e 4 16 1
e 4 17 1
e 5 8 2
e 6 7 2
e 6 8 1
e 7 10 1
e 8 11 1
e 9 12 1
e 9 13 1
e 9 14 1
t # 21670
v 0 1
v 1 1
v 2 1
v 3 1
v 4 2
v 5 2
v 6 3
v 7 3
v 8 3
v 9 3
v 10 3
v 11 3
v 12 3
v 13 3
v 14 3
v 15 3
v 16 3
v 17 3
v 18 3
v 19 3
v 20 3
v 21 3
v 22 3
v 23 3
v 24 3
v 25 3
v 26 3
v 27 4
v 28 4
v 29 4
v 30 4
v 31 4
v 32 4
v 33 4
v 34 4
v 35 4
v 36 4
v 37 4
v 38 4
v 39 4
v 40 4
v 41 4
v 42 4
v 43 4
v 44 4
v 45 4
v 46 4
v 47 4
v 48 4
e 0 11 1
e 0 19 1
e 1 12 1
e 1 19 1
e 2 14 2
e 3 20 2
e 4 7 1
e 4 14 1
e 4 33 1
e 5 10 1
e 5 20 1
e 5 43 1
e 6 7 1
e 6 8 1
e 6 27 1
e 6 28 1
e 7 29 1
e 7 30 1
e 8 16 1
e 8 31 1
e 8 32 1
e 9 13 1
e 9 15 2
e 9 17 1
e 10 13 2
e 10 14 1
e 11 12 2
e 11 15 1
e 12 18 1
e 13 34 1
e 15 35 1
e 16 36 1
e 16 37 1
e 16 38 1
e 17 18 2
e 17 39 1
e 18 40 1
e 19 41 1
e 19 42 1
e 20 21 1
e 21 22 2
e 21 23 1
e 22 24 1
e 22 44 1
e 23 25 2
e 23 45 1
e 24 26 2
e 24 46 1
e 25 26 1
e 25 47 1
e 26 48 1
t # 21671
v 0 12
v 1 11
v 2 11
v 3 1
v 4 1
v 5 1
v 6 1
v 7 2
v 8 2
v 9 2
v 10 2
v 11 3
v 12 3
v 13 3
v 14 3
v 15 3
v 16 3
v 17 3
v 18 3
v 19 3
v 20 3
v 21 3
v 22 3
v 23 3
v 24 3
v 25 3
v 26 3
v 27 3
v 28 4
v 29 4
v 30 4
v 31 4
v 32 4
v 33 4
v 34 4
v 35 4
v 36 4
v 37 4
v 38 4
v 39 4
v 40 4
v 41 4
v 42 4
v 43 4
v 44 4
e 1 14 1
e 1 17 1
e 2 16 1
e 2 20 1
e 3 19 1
e 3 27 1
e 4 15 1
e 4 40 1
e 5 23 2
e 6 25 2
e 7 8 1
e 7 17 1
e 7 30 1
e 8 20 1
e 8 33 1
e 9 12 1
e 9 17 2
e 10 20 2
e 10 23 1
e 11 13 1
e 11 15 2
e 11 18 1
e 12 14 2
e 12 24 1
e 13 16 2
e 13 28 1
e 14 25 1
e 15 19 1
e 16 23 1
e 18 21 2
e 18 29 1
e 19 22 2
e 21 22 1
e 21 31 1
e 22 32 1
e 24 34 1
e 24 35 1
e 24 36 1
e 25 26 1
e 26 37 1
e 26 38 1
e 26 39 1
e 27 41 1
e 27 42 1
e 27 43 1
t # 21672
v 0 11
v 1 11
v 2 1
v 3 1
v 4 1
v 5 2
v 6 2
v 7 2
v 8 3
v 9 3
v 10 3
v 11 3
v 12 3
v 13 3
v 14 3
v 15 3
v 16 3
v 17 3
v 18 3
v 19 3
v 20 3
v 21 3
v 22 3
v 23 3
v 24 3
v 25 3
v 26 3
v 27 4
v 28 4
v 29 4
v 30 4
v 31 4
v 32 4
v 33 4
v 34 4
v 35 4
v 36 4
v 37 4
v 38 4
v 39 4
v 40 4
v 41 4
v 42 4
v 43 4
v 44 4
v 45 4
v 46 4
v 47 4
v 48 4
v 49 4
v 50 4
v 51 4
e 0 18 1
e 0 19 1
e 2 17 2
e 5 8 1
e 5 9 1
e 5 12 1
e 6 12 1
e 6 17 1
e 6 18 1
e 7 26 1
e 8 10 1
e 8 27 1
e 8 28 1
e 9 11 1
e 9 29 1
e 9 30 1
e 10 13 1
e 10 14 1
e 10 31 1
e 11 15 1
e 11 16 1
e 11 32 1
e 12 33 1
e 12 34 1
e 13 35 1
e 13 36 1
e 13 37 1
e 14 38 1
e 14 39 1
e 14 40 1
e 15 41 1
e 15 42 1
e 15 43 1
e 16 44 1
e 16 45 1
e 16 46 1
e 17 19 1
e 19 20 2
e 20 21 1
e 20 47 1
e 21 22 2
e 21 23 1
e 22 24 1
e 22 48 1
e 23 25 2
e 23 49 1
e 24 26 2
e 24 50 1
e 25 26 1
e 25 51 1
t # 21673
v 0 11
v 1 11
v 2 1
v 3 1
v 4 1
v 5 2
v 6 2
v 7 2
v 8 2
v 9 2
v 10 3
v 11 3
v 12 3
v 13 3
v 14 3
v 15 3
v 16 3
v 17 3
v 18 3
v 19 3
v 20 3
v 21 3
v 22 3
v 23 3
v 24 3
v 25 3
v 26 3
v 27 3
v 28 4
v 29 4
v 30 4
v 31 4
v 32 4
v 33 4
v 34 4
v 35 4
v 36 4
v 37 4
v 38 4
v 39 4
v 40 4
v 41 4
v 42 4
v 43 4
v 44 4
v 45 4
v 46 4
e 0 2 2
e 0 3 2
e 0 10 1
e 1 16 1
e 1 19 1
e 4 24 2
e 5 17 1
e 5 32 1
e 6 11 1
e 6 16 1
e 6 33 1
e 7 16 2
e 7 18 1
e 8 17 1
e 8 20 2
e 9 17 2
e 9 21 1
e 10 12 2
e 10 13 1
e 11 14 2
e 11 15 1
e 12 14 1
e 12 28 1
e 13 15 2
e 13 29 1
e 14 30 1
e 15 31 1
e 18 19 2
e 18 23 1
e 19 24 1
e 20 22 1
e 20 25 1
e 21 22 2
e 21 26 1
e 22 34 1
e 23 35 1
e 23 36 1
e 23 37 1
e 24 27 1
e 25 38 1
e 25 39 1
e 25 40 1
e 26 41 1
e 26 42 1
e 26 43 1
e 27 44 1
e 27 45 1
e 27 46 1
t # 21674
v 0 11
v 1 11
v 2 1
v 3 1
v 4 1
v 5 1
v 6 2
v 7 2
v 8 2
v 9 2
v 10 2
v 11 3
v 12 3
v 13 3
v 14 3
v 15 3
v 16 3
v 17 3
v 18 3
v 19 3
v 20 3
v 21 3
v 22 3
v 23 3
v 24 3
v 25 3
v 26 3
v 27 3
v 28 3
v 29 3
v 30 3
v 31 3
v 32 3
v 33 4
v 34 4
v 35 4
v 36 4
v 37 4
v 38 4
v 39 4
v 40 4
v 41 4
v 42 4
v 43 4
v 44 4
v 45 4
v 46 4
v 47 4
v 48 4
v 49 4
v 50 4
v 51 4
v 52 4
v 53 4
e 0 3 2
e 0 4 2
e 0 11 1
e 1 21 1
e 1 25 1
e 2 12 1
e 5 26 2
e 6 12 1
e 6 33 1
e 7 14 1
e 7 21 1
e 7 38 1
e 8 19 2
e 9 21 2
e 9 22 1
e 10 26 1
e 10 27 1
e 10 48 1
e 11 15 2
e 11 16 1
e 12 13 2
e 13 19 1
e 13 20 1
e 14 17 2
e 14 18 1
e 15 17 1
e 15 34 1
e 16 18 2
e 16 35 1
e 17 36 1
e 18 37 1
e 19 24 1
e 20 39 1
e 20 40 1
e 20 41 1
e 22 23 1
e 22 25 2
e 23 26 1
e 23 42 1
e 23 43 1
e 24 44 1
e 24 45 1
e 24 46 1
e 25 47 1
e 27 28 2
e 27 29 1
e 28 30 1
e 28 49 1
e 29 31 2
e 29 50 1
e 30 32 2
e 30 51 1
e 31 32 1
e 31 52 1
e 32 53 1
t # 21675
v 0 12
v 1 12
v 2 1
v 3 1
v 4 1
v 5 2
v 6 2
v 7 2
v 8 2
v 9 2
v 10 3
v 11 3
v 12 3
v 13 3
v 14 3
v 15 3
v 16 3
v 17 3
v 18 3
v 19 3
v 20 3
v 21 3
v 22 3
v 23 3
v 24 3
v 25 3
v 26 3
v 27 3
v 28 3
v 29 3
v 30 3
v 31 4
v 32 4
v 33 4
v 34 4
v 35 4
v 36 4
v 37 4
v 38 4
v 39 4
v 40 4
v 41 4
v 42 4
v 43 4
v 44 4
v 45 4
v 46 4
v 47 4
e 0 18 1
e 1 19 1
e 2 12 2
e 3 17 2
e 4 26 2
e 5 6 1
e 5 11 1
e 5 15 1
e 6 12 1
e 6 31 1
e 7 10 1
e 7 17 1
e 7 33 1
e 8 9 1
e 8 26 1
e 8 44 1
e 9 21 2
e 10 12 1
e 10 13 2
e 11 18 2
e 11 21 1
e 13 14 1
e 13 32 1
e 14 19 1
e 14 20 2
e 15 34 1
e 15 35 1
e 15 36 1
e 16 17 1
e 16 22 2
e 16 23 1
e 18 26 1
e 19 24 2
e 20 25 1
e 20 37 1
e 21 38 1
e 22 28 1
e 22 39 1
e 23 29 2
e 23 40 1
e 24 27 1
e 24 41 1
e 25 27 2
e 25 42 1
e 27 43 1
e 28 30 2
e 28 45 1
e 29 30 1
e 29 46 1
e 30 47 1
t # 21676
v 0 11
v 1 1
v 2 2
v 3 2
v 4 2
v 5 3
v 6 3
v 7 3
v 8 3
v 9 3
v 10 3
v 11 3
v 12 3
v 13 3
v 14 3
v 15 3
v 16 3
v 17 4
v 18 4
v 19 4
v 20 4
v 21 4
v 22 4
v 23 4
v 24 4
v 25 4
v 26 4
v 27 4
e 0 6 1
e 0 15 1
e 1 8 2
e 2 4 1
e 2 15 1
e 2 26 1
e 3 15 2
e 3 16 1
e 4 16 2
e 5 7 1
e 5 10 2
e 5 11 1
e 6 8 1
e 6 17 1
e 6 18 1
e 7 9 2
e 7 19 1
e 8 9 1
e 9 20 1
e 10 12 1
e 10 21 1
e 11 13 2
e 11 22 1
e 12 14 2
e 12 23 1
e 13 14 1
e 13 24 1
e 14 25 1
e 16 27 1
t # 21677
v 0 1
v 1 1
v 2 1
v 3 1
v 4 1
v 5 1
v 6 1
v 7 1
v 8 3
v 9 3
v 10 3
v 11 3
v 12 3
v 13 3
v 14 3
v 15 3
v 16 3
v 17 3
v 18 3
v 19 3
v 20 3
v 21 3
v 22 3
v 23 3
v 24 3
v 25 3
v 26 3
v 27 3
v 28 3
v 29 4
v 30 4
v 31 4
v 32 4
v 33 4
v 34 4
v 35 4
v 36 4
v 37 4
v 38 4
v 39 4
v 40 4
v 41 4
v 42 4
v 43 4
v 44 4
v 45 4
v 46 4
v 47 4
v 48 4
e 0 13 1
e 0 15 1
e 1 11 1
e 1 37 1
e 2 15 2
e 3 19 1
e 3 25 1
e 4 20 1
e 4 25 1
e 5 23 1
e 5 27 1
e 6 24 1
e 6 28 1
e 7 26 1
e 7 42 1
e 8 9 1
e 8 11 1
e 8 13 1
e 8 29 1
e 9 10 1
e 9 15 1
e 9 30 1
e 10 12 1
e 10 16 1
e 10 31 1
e 11 14 1
e 11 32 1
e 12 14 1
e 12 17 2
e 13 33 1
e 13 34 1
e 14 18 2
e 16 21 2
e 16 22 1
e 17 19 1
e 17 35 1
e 18 20 1
e 18 36 1
e 19 20 2
e 21 24 1
e 21 38 1
e 22 23 2
e 22 39 1
e 23 26 1
e 24 26 2
e 25 40 1
e 25 41 1
e 27 43 1
e 27 44 1
e 27 45 1
e 28 46 1
e 28 47 1
e 28 48 1
t # 21678
v 0 1
v 1 1
v 2 1
v 3 1
v 4 1
v 5 1
v 6 1
v 7 1
v 8 3
v 9 3
v 10 3
v 11 3
v 12 3
v 13 3
v 14 3
v 15 3
v 16 3
v 17 3
v 18 3
v 19 3
v 20 3
v 21 3
v 22 3
v 23 3
v 24 3
v 25 3
v 26 3
v 27 3
v 28 3
v 29 4
v 30 4
v 31 4
v 32 4
v 33 4
v 34 4
v 35 4
v 36 4
v 37 4
v 38 4
v 39 4
v 40 4
v 41 4
v 42 4
v 43 4
v 44 4
v 45 4
v 46 4
v 47 4
v 48 4
e 0 13 1
e 0 15 1
e 1 11 1
e 1 37 1
e 2 15 2
e 3 19 1
e 3 25 1
e 4 20 1
e 4 25 1
e 5 23 1
e 5 27 1
e 6 24 1
e 6 28 1
e 7 26 1
e 7 42 1
e 8 9 1
e 8 11 1
e 8 13 1
e 8 29 1
e 9 10 1
e 9 15 1
e 9 30 1
e 10 12 1
e 10 16 1
e 10 31 1
e 11 14 1
e 11 32 1
e 12 14 1
e 12 17 2
e 13 33 1
e 13 34 1
e 14 18 2
e 16 21 2
e 16 22 1
e 17 19 1
e 17 35 1
e 18 20 1
e 18 36 1
e 19 20 2
e 21 24 1
e 21 38 1
e 22 23 2
e 22 39 1
e 23 26 1
e 24 26 2
e 25 40 1
e 25 41 1
e 27 43 1
e 27 44 1
e 27 45 1
e 28 46 1
e 28 47 1
e 28 48 1
t # 21679
v 0 1
v 1 1
v 2 1
v 3 1
v 4 1
v 5 1
v 6 1
v 7 1
v 8 3
v 9 3
v 10 3
v 11 3
v 12 3
v 13 3
v 14 3
v 15 3
v 16 3
v 17 3
v 18 3
v 19 3
v 20 3
v 21 3
v 22 3
v 23 3
v 24 3
v 25 3
v 26 3
v 27 3
v 28 3
v 29 4
v 30 4
v 31 4
v 32 4
v 33 4
v 34 4
v 35 4
v 36 4
v 37 4
v 38 4
v 39 4
v 40 4
v 41 4
v 42 4
v 43 4
v 44 4
v 45 4
v 46 4
v 47 4
v 48 4
e 0 13 1
e 0 15 1
e 1 15 2
e 2 19 1
e 2 25 1
e 3 20 1
e 3 25 1
e 4 18 1
e 4 39 1
e 5 23 1
e 5 27 1
e 6 24 1
e 6 28 1
e 7 26 1
e 7 42 1
e 8 9 1
e 8 10 1
e 8 15 1
e 8 29 1
e 9 11 1
e 9 13 1
e 9 30 1
e 10 12 1
e 10 16 1
e 10 31 1
e 11 14 1
e 11 32 1
e 11 33 1
e 12 14 1
e 12 17 2
e 13 34 1
e 13 35 1
e 14 18 2
e 16 21 2
e 16 22 1
e 17 19 1
e 17 36 1
e 18 20 1
e 19 20 2
e 21 24 1
e 21 37 1
e 22 23 2
e 22 38 1
e 23 26 1
e 24 26 2
e 25 40 1
e 25 41 1
e 27 43 1
e 27 44 1
e 27 45 1
e 28 46 1
e 28 47 1
e 28 48 1
t # 21680
v 0 1
v 1 1
v 2 1
v 3 1
v 4 1
v 5 1
v 6 1
v 7 3
v 8 3
v 9 3
v 10 3
v 11 3
v 12 3
v 13 3
v 14 3
v 15 3
v 16 3
v 17 3
v 18 3
v 19 3
v 20 3
v 21 3
v 22 3
v 23 3
v 24 3
v 25 3
v 26 3
v 27 3
v 28 4
v 29 4
v 30 4
v 31 4
v 32 4
v 33 4
v 34 4
v 35 4
v 36 4
v 37 4
v 38 4
v 39 4
v 40 4
v 41 4
v 42 4
v 43 4
v 44 4
v 45 4
v 46 4
v 47 4
v 48 4
v 49 4
v 50 4
v 51 4
e 0 9 1
e 0 12 1
e 8 1 1
e 1 35 1
e 2 12 2
e 3 19 1
e 3 25 1
e 4 20 1
e 4 26 1
e 5 23 1
e 5 27 1
e 6 24 1
e 6 42 1
e 7 8 1
e 7 9 1
e 7 10 1
e 7 28 1
e 8 11 1
e 8 12 1
e 9 29 1
e 9 30 1
e 10 13 1
e 10 31 1
e 10 32 1
e 11 14 1
e 11 33 1
e 11 34 1
e 13 15 2
e 13 16 1
e 14 17 2
e 14 18 1
e 15 19 1
e 15 36 1
e 16 21 2
e 16 37 1
e 17 20 1
e 17 38 1
e 18 22 2
e 18 39 1
e 19 23 2
e 20 24 2
e 21 23 1
e 21 40 1
e 22 24 1
e 22 41 1
e 25 43 1
e 25 44 1
e 25 45 1
e 26 46 1
e 26 47 1
e 26 48 1
e 27 49 1
e 27 50 1
e 27 51 1
t # 21681
v 0 1
v 1 1
v 2 1
v 3 1
v 4 1
v 5 1
v 6 3
v 7 3
v 8 3
v 9 3
v 10 3
v 11 3
v 12 3
v 13 3
v 14 3
v 15 3
v 16 3
v 17 3
v 18 3
v 19 3
v 20 3
v 21 3
v 22 3
v 23 3
v 24 3
v 25 3
v 26 3
v 27 4
v 28 4
v 29 4
v 30 4
v 31 4
v 32 4
v 33 4
v 34 4
v 35 4
v 36 4
v 37 4
v 38 4
v 39 4
v 40 4
v 41 4
v 42 4
v 43 4
v 44 4
v 45 4
v 46 4
v 47 4
v 48 4
v 49 4
v 50 4
e 0 8 1
e 0 11 1
e 1 11 2
e 2 18 1
e 2 24 1
e 3 20 1
e 3 25 1
e 4 22 1
e 4 26 1
e 5 23 1
e 5 41 1
e 6 7 1
e 6 8 1
e 6 9 1
e 6 27 1
e 7 10 1
e 7 11 1
e 7 28 1
e 8 29 1
e 8 30 1
e 9 12 1
e 9 31 1
e 9 32 1
e 10 13 1
e 10 33 1
e 10 34 1
e 12 14 2
e 12 15 1
e 13 16 2
e 13 17 1
e 14 18 1
e 14 35 1
e 15 19 2
e 15 36 1
e 16 20 1
e 16 37 1
e 17 21 2
e 17 38 1
e 18 22 2
e 19 22 1
e 19 39 1
e 20 23 2
e 21 23 1
e 21 40 1
e 24 42 1
e 24 43 1
e 24 44 1
e 25 45 1
e 25 46 1
e 25 47 1
e 26 48 1
e 26 49 1
e 26 50 1
t # 21682
v 0 1
v 1 1
v 2 1
v 3 1
v 4 1
v 5 1
v 6 3
v 7 3
v 8 3
v 9 3
v 10 3
v 11 3
v 12 3
v 13 3
v 14 3
v 15 3
v 16 3
v 17 3
v 18 3
v 19 3
v 20 3
v 21 3
v 22 3
v 23 3
v 24 3
v 25 3
v 26 4
v 27 4
v 28 4
v 29 4
v 30 4
v 31 4
v 32 4
v 33 4
v 34 4
v 35 4
v 36 4
v 37 4
v 38 4
v 39 4
v 40 4
v 41 4
v 42 4
v 43 4
v 44 4
v 45 4
v 46 4
v 47 4
e 0 8 1
e 0 11 1
e 1 11 2
e 2 18 1
e 2 24 1
e 3 19 1
e 3 25 1
e 4 22 1
e 4 40 1
e 5 23 1
e 5 41 1
e 6 7 1
e 6 8 1
e 6 9 1
e 6 26 1
e 7 10 1
e 7 11 1
e 7 27 1
e 8 28 1
e 8 29 1
e 9 12 1
e 9 30 1
e 9 31 1
e 10 13 1
e 10 32 1
e 10 33 1
e 12 14 2
e 12 15 1
e 13 16 2
e 13 17 1
e 14 18 1
e 14 34 1
e 15 20 2
e 15 35 1
e 16 19 1
e 16 36 1
e 17 21 2
e 17 37 1
e 18 22 2
e 19 23 2
e 20 22 1
e 20 38 1
e 21 23 1
e 21 39 1
e 24 42 1
e 24 43 1
e 24 44 1
e 25 45 1
e 25 46 1
e 25 47 1
t # 21683
v 0 1
v 1 1
v 2 1
v 3 1
v 4 1
v 5 3
v 6 3
v 7 3
v 8 3
v 9 3
v 10 3
v 11 3
v 12 3
v 13 3
v 14 3
v 15 3
v 16 3
v 17 3
v 18 3
v 19 3
v 20 3
v 21 3
v 22 3
v 23 3
v 24 3
v 25 4
v 26 4
v 27 4
v 28 4
v 29 4
v 30 4
v 31 4
v 32 4
v 33 4
v 34 4
v 35 4
v 36 4
v 37 4
v 38 4
v 39 4
v 40 4
v 41 4
v 42 4
v 43 4
v 44 4
v 45 4
v 46 4
e 0 7 1
e 0 10 1
e 1 10 2
e 2 17 1
e 2 23 1
e 3 19 1
e 3 24 1
e 4 22 1
e 4 40 1
e 5 6 1
e 5 7 1
e 5 8 1
e 5 25 1
e 6 9 1
e 6 10 1
e 6 26 1
e 7 27 1
e 7 28 1
e 8 11 1
e 8 29 1
e 8 30 1
e 9 12 1
e 9 31 1
e 9 32 1
e 11 13 2
e 11 14 1
e 12 15 2
e 12 16 1
e 13 17 1
e 13 33 1
e 14 18 2
e 14 34 1
e 15 20 1
e 15 35 1
e 16 21 2
e 16 36 1
e 17 19 2
e 18 19 1
e 18 37 1
e 20 22 2
e 20 38 1
e 21 22 1
e 21 39 1
e 23 41 1
e 23 42 1
e 23 43 1
e 24 44 1
e 24 45 1
e 24 46 1
t # 21684
v 0 1
v 1 1
v 2 1
v 3 1
v 4 1
v 5 3
v 6 3
v 7 3
v 8 3
v 9 3
v 10 3
v 11 3
v 12 3
v 13 3
v 14 3
v 15 3
v 16 3
v 17 3
v 18 3
v 19 3
v 20 3
v 21 3
v 22 3
v 23 3
v 24 4
v 25 4
v 26 4
v 27 4
v 28 4
v 29 4
v 30 4
v 31 4
v 32 4
v 33 4
v 34 4
v 35 4
v 36 4
v 37 4
v 38 4
v 39 4
v 40 4
v 41 4
e 0 8 1
e 0 10 1
e 1 10 2
e 2 17 1
e 2 23 1
e 3 19 1
e 3 23 1
e 4 22 1
e 4 41 1
e 5 6 1
e 5 7 1
e 5 8 1
e 5 24 1
e 6 9 1
e 6 10 1
e 6 25 1
e 7 11 1
e 7 26 1
e 7 27 1
e 8 28 1
e 8 29 1
e 9 12 1
e 9 30 1
e 9 31 1
e 11 13 2
e 11 14 1
e 12 15 2
e 12 16 1
e 13 17 1
e 13 32 1
e 14 18 2
e 14 33 1
e 15 20 1
e 15 34 1
e 16 21 2
e 16 35 1
e 17 19 2
e 18 19 1
e 18 36 1
e 20 22 2
e 20 37 1
e 21 22 1
e 21 38 1
e 23 39 1
e 23 40 1
t # 21685
v 0 18
v 1 1
v 2 1
v 3 2
v 4 3
v 5 3
v 6 3
v 7 3
v 8 3
v 9 3
v 10 3
v 11 3
v 12 3
v 13 3
v 14 3
v 15 3
v 16 3
v 17 3
v 18 3
v 19 3
v 20 3
v 21 3
v 22 3
v 23 3
v 24 3
v 25 3
v 26 3
v 27 4
v 28 4
v 29 4
v 30 4
v 31 4
v 32 4
v 33 4
v 34 4
v 35 4
v 36 4
v 37 4
v 38 4
v 39 4
v 40 4
v 41 4
v 42 4
v 43 4
v 44 4
v 45 4
v 46 4
v 47 4
v 48 4
v 49 4
v 50 4
v 51 4
v 52 4
v 53 4
v 54 4
v 55 4
v 56 4
e 1 6 1
e 1 39 1
e 2 12 2
e 3 5 1
e 3 7 1
e 3 9 1
e 3 10 1
e 4 5 1
e 4 6 1
e 4 12 1
e 4 27 1
e 5 28 1
e 5 29 1
e 6 8 1
e 6 11 1
e 7 8 1
e 7 30 1
e 7 31 1
e 8 32 1
e 8 33 1
e 9 13 1
e 9 34 1
e 9 35 1
e 10 36 1
e 10 37 1
e 10 38 1
e 11 14 2
e 11 15 1
e 12 16 1
e 13 40 1
e 13 41 1
e 13 42 1
e 14 17 1
e 14 43 1
e 15 18 2
e 15 44 1
e 16 20 2
e 16 21 1
e 17 19 2
e 17 45 1
e 18 19 1
e 18 46 1
e 19 24 1
e 20 22 1
e 20 47 1
e 21 23 2
e 21 48 1
e 22 25 2
e 22 49 1
e 23 25 1
e 23 50 1
e 24 51 1
e 24 52 1
e 24 53 1
e 25 26 1
e 26 54 1
e 26 55 1
e 26 56 1
t # 21686
v 0 11
v 1 11
v 2 1
v 3 1
v 4 1
v 5 1
v 6 1
v 7 2
v 8 3
v 9 3
v 10 3
v 11 3
v 12 3
v 13 3
v 14 3
v 15 3
v 16 3
v 17 3
v 18 3
v 19 3
v 20 3
v 21 3
v 22 3
v 23 3
v 24 3
v 25 3
v 26 3
v 27 3
v 28 3
v 29 4
v 30 4
v 31 4
v 32 4
v 33 4
v 34 4
v 35 4
v 36 4
v 37 4
v 38 4
v 39 4
v 40 4
v 41 4
v 42 4
v 43 4
v 44 4
v 45 4
v 46 4
v 47 4
v 48 4
v 49 4
v 50 4
v 51 4
v 52 4
v 53 4
v 54 4
v 55 4
v 56 4
v 57 4
v 58 4
v 59 4
v 60 4
v 61 4
e 0 19 1
e 0 21 1
e 1 5 2
e 1 6 2
e 1 24 1
e 2 15 2
e 3 27 1
e 3 28 1
e 4 58 1
e 7 9 1
e 7 10 1
e 7 11 1
e 8 9 1
e 8 15 1
e 8 16 1
e 8 17 1
e 9 29 1
e 9 30 1
e 10 12 1
e 10 31 1
e 10 32 1
e 11 13 1
e 11 33 1
e 11 34 1
e 12 14 1
e 12 35 1
e 12 36 1
e 13 14 1
e 13 37 1
e 13 38 1
e 14 39 1
e 14 40 1
e 15 18 1
e 16 41 1
e 16 42 1
e 16 43 1
e 17 44 1
e 17 45 1
e 17 46 1
e 18 19 1
e 18 47 1
e 18 48 1
e 19 20 1
e 19 49 1
e 20 22 2
e 20 23 1
e 21 24 1
e 21 50 1
e 21 51 1
e 22 25 1
e 22 52 1
e 23 26 2
e 23 53 1
e 24 54 1
e 24 55 1
e 25 27 2
e 25 56 1
e 26 27 1
e 26 57 1
e 28 59 1
e 28 60 1
e 28 61 1
t # 21687
v 0 11
v 1 11
v 2 1
v 3 1
v 4 1
v 5 1
v 6 2
v 7 3
v 8 3
v 9 3
v 10 3
v 11 3
v 12 3
v 13 3
v 14 3
v 15 3
v 16 3
v 17 3
v 18 3
v 19 3
v 20 3
v 21 3
v 22 3
v 23 3
v 24 3
v 25 3
v 26 3
v 27 3
v 28 4
v 29 4
v 30 4
v 31 4
v 32 4
v 33 4
v 34 4
v 35 4
v 36 4
v 37 4
v 38 4
v 39 4
v 40 4
v 41 4
v 42 4
v 43 4
v 44 4
v 45 4
v 46 4
v 47 4
v 48 4
v 49 4
v 50 4
v 51 4
v 52 4
v 53 4
v 54 4
v 55 4
v 56 4
v 57 4
v 58 4
v 59 4
v 60 4
e 0 18 1
e 0 20 1
e 1 4 2
e 1 5 2
e 1 23 1
e 2 14 2
e 3 60 1
e 6 8 1
e 6 9 1
e 6 10 1
e 7 8 1
e 7 14 1
e 7 15 1
e 7 16 1
e 8 28 1
e 8 29 1
e 9 11 1
e 9 30 1
e 9 31 1
e 10 12 1
e 10 32 1
e 10 33 1
e 11 13 1
e 11 34 1
e 11 35 1
e 12 13 1
e 12 36 1
e 12 37 1
e 13 38 1
e 13 39 1
e 14 17 1
e 15 40 1
e 15 41 1
e 15 42 1
e 16 43 1
e 16 44 1
e 16 45 1
e 17 18 1
e 17 46 1
e 17 47 1
e 18 19 1
e 18 48 1
e 19 21 2
e 19 22 1
e 20 23 1
e 20 49 1
e 20 50 1
e 21 24 1
e 21 51 1
e 22 25 2
e 22 52 1
e 23 53 1
e 23 54 1
e 24 26 2
e 24 55 1
e 25 26 1
e 25 56 1
e 26 27 1
e 27 57 1
e 27 58 1
e 27 59 1
t # 21688
v 0 11
v 1 11
v 2 1
v 3 1
v 4 1
v 5 1
v 6 2
v 7 3
v 8 3
v 9 3
v 10 3
v 11 3
v 12 3
v 13 3
v 14 3
v 15 3
v 16 3
v 17 3
v 18 3
v 19 3
v 20 3
v 21 3
v 22 3
v 23 3
v 24 3
v 25 3
v 26 3
v 27 4
v 28 4
v 29 4
v 30 4
v 31 4
v 32 4
v 33 4
v 34 4
v 35 4
v 36 4
v 37 4
v 38 4
v 39 4
v 40 4
v 41 4
v 42 4
v 43 4
v 44 4
v 45 4
v 46 4
v 47 4
v 48 4
v 49 4
v 50 4
v 51 4
v 52 4
v 53 4
v 54 4
v 55 4
v 56 4
v 57 4
e 0 18 1
e 0 20 1
e 1 4 2
e 1 5 2
e 1 23 1
e 2 14 2
e 3 57 1
e 6 8 1
e 6 9 1
e 6 10 1
e 7 8 1
e 7 14 1
e 7 15 1
e 7 16 1
e 8 27 1
e 8 28 1
e 9 11 1
e 9 29 1
e 9 30 1
e 10 12 1
e 10 31 1
e 10 32 1
e 11 13 1
e 11 33 1
e 11 34 1
e 12 13 1
e 12 35 1
e 12 36 1
e 13 37 1
e 13 38 1
e 14 17 1
e 15 39 1
e 15 40 1
e 15 41 1
e 16 42 1
e 16 43 1
e 16 44 1
e 17 18 1
e 17 45 1
e 17 46 1
e 18 19 1
e 18 47 1
e 19 21 2
e 19 22 1
e 20 23 1
e 20 48 1
e 20 49 1
e 21 24 1
e 21 50 1
e 22 25 2
e 22 51 1
e 23 52 1
e 23 53 1
e 24 26 2
e 24 54 1
e 25 26 1
e 25 55 1
e 26 56 1
t # 21689
v 0 1
v 1 3
v 2 3
v 3 3
v 4 3
v 5 3
v 6 3
v 7 3
v 8 3
v 9 3
v 10 3
v 11 3
v 12 4
v 13 4
v 14 4
v 15 4
v 16 4
v 17 4
v 18 4
v 19 4
v 20 4
v 21 4
e 0 6 2
e 1 2 1
e 1 3 1
e 1 12 1
e 1 13 1
e 2 5 1
e 2 14 1
e 2 15 1
e 3 4 1
e 3 7 2
e 4 6 1
e 4 8 2
e 5 6 1
e 5 11 2
e 7 9 1
e 7 16 1
e 8 10 1
e 8 17 1
e 9 10 2
e 9 18 1
e 10 19 1
e 11 20 1
e 11 21 1
t # 21690
v 0 12
v 1 11
v 2 1
v 3 1
v 4 1
v 5 1
v 6 1
v 7 1
v 8 1
v 9 1
v 10 2
v 11 2
v 12 2
v 13 3
v 14 3
v 15 3
v 16 3
v 17 3
v 18 3
v 19 3
v 20 3
v 21 3
v 22 3
v 23 3
v 24 3
v 25 3
v 26 3
v 27 3
v 28 3
v 29 3
v 30 3
v 31 3
v 32 3
v 33 3
v 34 3
v 35 3
v 36 4
v 37 4
v 38 4
v 39 4
v 40 4
v 41 4
v 42 4
v 43 4
v 44 4
v 45 4
v 46 4
v 47 4
v 48 4
v 49 4
v 50 4
v 51 4
v 52 4
v 53 4
v 54 4
v 55 4
v 56 4
v 57 4
v 58 4
v 59 4
e 0 35 1
e 1 18 1
e 1 26 1
e 2 14 1
e 2 17 1
e 3 13 1
e 3 22 1
e 4 15 1
e 4 23 1
e 5 16 1
e 5 24 1
e 6 19 2
e 7 22 2
e 8 23 2
e 9 24 2
e 10 14 1
e 10 18 1
e 10 19 1
e 11 18 1
e 11 20 1
e 11 43 1
e 13 14 1
e 13 15 1
e 13 36 1
e 14 37 1
e 15 16 1
e 15 38 1
e 16 17 1
e 16 39 1
e 17 40 1
e 17 41 1
e 18 42 1
e 19 21 1
e 20 21 2
e 20 25 1
e 21 29 1
e 22 27 1
e 23 28 1
e 24 30 1
e 25 31 2
e 25 32 1
e 26 44 1
e 26 45 1
e 26 46 1
e 27 47 1
e 27 48 1
e 27 49 1
e 28 50 1
e 28 51 1
e 28 52 1
e 30 53 1
e 30 54 1
e 30 55 1
e 31 33 1
e 31 56 1
e 32 34 2
e 32 57 1
e 33 35 2
e 33 58 1
e 34 35 1
e 34 59 1
t # 21691
v 0 11
v 1 1
v 2 1
v 3 1
v 4 1
v 5 1
v 6 1
v 7 1
v 8 1
v 9 2
v 10 2
v 11 2
v 12 3
v 13 3
v 14 3
v 15 3
v 16 3
v 17 3
v 18 3
v 19 3
v 20 3
v 21 3
v 22 3
v 23 3
v 24 3
v 25 3
v 26 3
v 27 3
v 28 3
v 29 3
v 30 3
v 31 3
v 32 3
v 33 3
v 34 3
v 35 4
v 36 4
v 37 4
v 38 4
v 39 4
v 40 4
v 41 4
v 42 4
v 43 4
v 44 4
v 45 4
v 46 4
v 47 4
v 48 4
v 49 4
v 50 4
v 51 4
v 52 4
v 53 4
v 54 4
v 55 4
v 56 4
v 57 4
v 58 4
v 59 4
e 0 17 1
e 0 25 1
e 1 13 1
e 1 16 1
e 2 12 1
e 2 21 1
e 3 14 1
e 3 22 1
e 4 15 1
e 4 23 1
e 5 18 2
e 6 21 2
e 7 22 2
e 8 23 2
e 9 13 1
e 9 17 1
e 9 18 1
e 10 17 1
e 10 19 1
e 10 42 1
e 12 13 1
e 12 14 1
e 12 35 1
e 13 36 1
e 14 15 1
e 14 37 1
e 15 16 1
e 15 38 1
e 16 39 1
e 16 40 1
e 17 41 1
e 18 20 1
e 19 20 2
e 19 24 1
e 20 28 1
e 21 26 1
e 22 27 1
e 23 29 1
e 24 30 2
e 24 31 1
e 25 43 1
e 25 44 1
e 25 45 1
e 26 46 1
e 26 47 1
e 26 48 1
e 27 49 1
e 27 50 1
e 27 51 1
e 29 52 1
e 29 53 1
e 29 54 1
e 30 32 1
e 30 55 1
e 31 33 2
e 31 56 1
e 32 34 2
e 32 57 1
e 33 34 1
e 33 58 1
e 34 59 1
t # 21692
v 0 1
v 1 2
v 2 2
v 3 2
v 4 2
v 5 2
v 6 2
v 7 3
v 8 3
v 9 3
v 10 3
v 11 3
v 12 3
v 13 3
v 14 3
v 15 3
v 16 3
v 17 3
v 18 4
v 19 4
v 20 4
v 21 4
v 22 4
v 23 4
v 24 4
v 25 4
v 26 4
v 27 4
v 28 4
v 29 4
v 30 4
v 31 4
v 32 4
v 33 4
e 0 14 2
e 1 7 1
e 1 9 1
e 1 18 1
e 2 7 1
e 2 8 2
e 3 5 1
e 3 8 1
e 3 13 1
e 4 10 1
e 4 13 2
e 5 15 2
e 6 14 1
e 6 26 1
e 6 27 1
e 7 11 1
e 7 12 1
e 8 10 1
e 9 10 2
e 9 14 1
e 11 19 1
e 11 20 1
e 11 21 1
e 12 22 1
e 12 23 1
e 12 24 1
e 13 25 1
e 15 16 1
e 15 17 1
e 16 28 1
e 16 29 1
e 16 30 1
e 17 31 1
e 17 32 1
e 17 33 1
t # 21693
v 0 12
v 1 12
v 2 12
v 3 2
v 4 3
v 5 3
v 6 3
v 7 3
v 8 3
v 9 3
v 10 3
v 11 3
v 12 3
v 13 3
v 14 3
v 15 3
v 16 3
v 17 3
v 18 3
v 19 3
v 20 4
v 21 4
v 22 4
v 23 4
v 24 4
v 25 4
v 26 4
v 27 4
v 28 4
v 29 4
v 30 4
v 31 4
v 32 4
v 33 4
e 0 13 1
e 1 19 1
e 3 4 1
e 3 5 1
e 3 8 1
e 4 6 1
e 4 20 1
e 4 21 1
e 5 7 1
e 5 11 2
e 6 9 1
e 6 22 1
e 6 23 1
e 7 10 1
e 7 12 2
e 8 10 2
e 8 24 1
e 9 13 2
e 9 14 1
e 10 25 1
e 11 15 1
e 11 26 1
e 12 16 1
e 12 27 1
e 13 17 1
e 14 18 2
e 14 28 1
e 15 16 2
e 15 29 1
e 16 30 1
e 17 19 2
e 17 31 1
e 18 19 1
e 18 32 1
t # 21694
v 0 12
v 1 1
v 2 2
v 3 2
v 4 3
v 5 3
v 6 3
v 7 3
v 8 3
v 9 3
v 10 3
v 11 3
v 12 3
v 13 3
v 14 3
v 15 3
v 16 3
v 17 3
v 18 3
v 19 3
v 20 4
v 21 4
v 22 4
v 23 4
v 24 4
v 25 4
v 26 4
v 27 4
v 28 4
v 29 4
v 30 4
v 31 4
v 32 4
v 33 4
v 34 4
v 35 4
v 36 4
e 1 18 1
e 1 19 1
e 2 4 1
e 2 6 1
e 2 9 1
e 3 8 1
e 3 9 2
e 4 5 1
e 4 20 1
e 4 21 1
e 5 7 1
e 5 22 1
e 5 23 1
e 6 8 1
e 6 10 2
e 7 11 2
e 7 12 1
e 8 13 2
e 9 24 1
e 10 14 1
e 10 25 1
e 11 16 1
e 11 26 1
e 12 17 2
e 12 27 1
e 13 15 1
e 13 28 1
e 14 15 2
e 14 29 1
e 15 30 1
e 16 18 2
e 16 31 1
e 17 18 1
e 17 32 1
e 19 33 1
e 19 34 1
e 19 35 1
t # 21695
v 0 12
v 1 11
v 2 11
v 3 11
v 4 3
v 5 3
v 6 3
v 7 3
v 8 3
v 9 3
v 10 3
v 11 3
v 12 3
v 13 3
v 14 3
v 15 3
v 16 3
v 17 3
v 18 3
v 19 3
v 20 3
v 21 3
v 22 3
v 23 4
v 24 4
v 25 4
v 26 4
v 27 4
v 28 4
v 29 4
v 30 4
v 31 4
v 32 4
v 33 4
v 34 4
v 35 4
e 0 16 1
e 1 5 1
e 1 8 1
e 2 10 1
e 2 20 1
e 3 11 1
e 3 22 1
e 4 5 2
e 4 6 1
e 4 7 1
e 5 9 1
e 6 10 1
e 6 23 1
e 6 24 1
e 7 8 2
e 7 25 1
e 8 11 1
e 9 12 2
e 9 13 1
e 10 14 2
e 11 15 2
e 12 16 1
e 12 26 1
e 13 17 2
e 13 27 1
e 14 18 1
e 14 28 1
e 15 21 1
e 15 29 1
e 16 19 2
e 17 19 1
e 17 30 1
e 18 20 2
e 18 31 1
e 19 32 1
e 20 33 1
e 21 22 2
e 21 34 1
e 22 35 1
t # 21696
v 0 11
v 1 11
v 2 11
v 3 3
v 4 3
v 5 3
v 6 3
v 7 3
v 8 3
v 9 3
v 10 3
v 11 3
v 12 3
v 13 3
v 14 3
v 15 3
v 16 3
v 17 3
v 18 3
v 19 3
v 20 3
v 21 3
v 22 4
v 23 4
v 24 4
v 25 4
v 26 4
v 27 4
v 28 4
v 29 4
v 30 4
v 31 4
v 32 4
v 33 4
v 34 4
v 35 4
e 0 5 1
e 0 7 1
e 1 9 1
e 1 18 1
e 2 10 1
e 2 21 1
e 3 4 1
e 3 5 2
e 3 6 1
e 4 9 1
e 4 22 1
e 4 23 1
e 5 8 1
e 6 7 2
e 6 24 1
e 7 10 1
e 8 11 2
e 8 12 1
e 9 13 2
e 10 14 2
e 11 15 1
e 11 25 1
e 12 16 2
e 12 26 1
e 13 17 1
e 13 27 1
e 14 20 1
e 14 28 1
e 15 19 2
e 15 29 1
e 16 19 1
e 16 30 1
e 17 18 2
e 17 31 1
e 18 32 1
e 19 33 1
e 20 21 2
e 20 34 1
e 21 35 1
t # 21697
v 0 1
v 1 1
v 2 1
v 3 1
v 4 1
v 5 2
v 6 3
v 7 3
v 8 3
v 9 3
v 10 3
v 11 3
v 12 3
v 13 3
v 14 3
v 15 4
v 16 4
v 17 4
v 18 4
v 19 4
v 20 4
v 21 4
v 22 4
v 23 4
v 24 4
v 25 4
v 26 4
v 27 4
v 28 4
v 29 4
v 30 4
v 31 4
e 0 6 1
e 0 11 1
e 1 12 1
e 1 28 1
e 2 13 1
e 2 14 1
e 3 11 2
e 4 13 2
e 10 5 1
e 5 11 1
e 5 25 1
e 6 7 1
e 6 8 1
e 6 9 1
e 7 15 1
e 7 16 1
e 7 17 1
e 8 18 1
e 8 19 1
e 8 20 1
e 9 21 1
e 9 22 1
e 9 23 1
e 10 12 1
e 10 13 1
e 10 24 1
e 12 26 1
e 12 27 1
e 14 29 1
e 14 30 1
e 14 31 1
t # 21698
v 0 27
v 1 27
v 2 1
v 3 1
v 4 1
v 5 2
v 6 3
v 7 3
v 8 3
v 9 3
v 10 3
v 11 3
v 12 3
v 13 3
v 14 3
v 15 3
v 16 3
v 17 3
v 18 3
v 19 3
v 20 4
v 21 4
v 22 4
v 23 4
v 24 4
v 25 4
v 26 4
v 27 4
v 28 4
v 29 4
v 30 4
v 31 4
v 32 4
e 2 6 1
e 2 25 1
e 3 11 1
e 3 14 1
e 4 19 1
e 4 32 1
e 5 8 1
e 5 26 1
e 5 27 1
e 6 7 1
e 6 8 1
e 6 20 1
e 7 9 2
e 7 10 1
e 8 21 1
e 8 22 1
e 9 13 1
e 9 23 1
e 10 12 2
e 10 24 1
e 11 12 1
e 11 13 2
e 14 15 2
e 14 16 1
e 15 17 1
e 15 28 1
e 16 18 2
e 16 29 1
e 17 19 2
e 17 30 1
e 18 19 1
e 18 31 1
t # 21699
v 0 1
v 1 1
v 2 1
v 3 1
v 4 1
v 5 3
v 6 3
v 7 3
v 8 3
v 9 3
v 10 3
v 11 3
v 12 3
v 13 4
v 14 4
v 15 4
v 16 4
v 17 4
v 18 4
v 19 4
v 20 4
v 21 4
v 22 4
v 23 4
v 24 4
e 0 5 1
e 0 8 1
e 1 6 1
e 1 8 1
e 2 7 1
e 2 9 1
e 3 9 2
e 4 10 1
e 4 24 1
e 5 6 1
e 5 7 1
e 5 13 1
e 6 9 1
e 6 14 1
e 7 10 1
e 7 15 1
e 8 11 1
e 8 12 1
e 10 16 1
e 10 17 1
e 11 18 1
e 11 19 1
e 11 20 1
e 12 21 1
e 12 22 1
e 12 23 1
