t # 43600
v 0 11
v 1 1
v 2 1
v 3 2
v 4 2
v 5 3
v 6 3
v 7 3
v 8 3
v 9 3
v 10 3
v 11 3
v 12 3
v 13 3
v 14 3
v 15 3
v 16 3
v 17 4
v 18 4
v 19 4
v 20 4
v 21 4
v 22 4
v 23 4
v 24 4
v 25 4
v 26 4
v 27 4
v 28 4
v 29 4
v 30 4
v 31 4
v 32 4
v 33 4
v 34 4
v 35 4
v 36 4
v 37 4
v 38 4
v 39 4
v 40 4
e 0 9 1
e 0 10 1
e 1 11 2
e 2 12 2
e 3 5 1
e 3 11 1
e 3 27 1
e 4 6 1
e 4 12 1
e 4 28 1
e 5 13 1
e 5 14 1
e 5 17 1
e 6 15 1
e 6 16 1
e 6 18 1
e 7 9 1
e 7 11 1
e 7 19 1
e 7 20 1
e 8 10 1
e 8 12 1
e 8 21 1
e 8 22 1
e 9 23 1
e 9 24 1
e 10 25 1
e 10 26 1
e 13 29 1
e 13 30 1
e 13 31 1
e 14 32 1
e 14 33 1
e 14 34 1
e 15 35 1
e 15 36 1
e 15 37 1
e 16 38 1
e 16 39 1
e 16 40 1
t # 43601
v 0 1
v 1 1
v 2 1
v 3 1
v 4 3
v 5 3
v 6 3
v 7 3
v 8 3
v 9 4
v 10 4
v 11 4
v 12 4
v 13 4
v 14 4
v 15 4
v 16 4
e 0 6 1
e 0 8 1
e 1 7 1
e 1 16 1
e 2 6 2
e 3 7 2
e 4 5 1
e 4 6 1
e 4 7 1
e 4 9 1
e 5 10 1
e 5 11 1
e 5 12 1
e 8 13 1
e 8 14 1
e 8 15 1
t # 43602
v 0 1
v 1 1
v 2 1
v 3 1
v 4 1
v 5 3
v 6 3
v 7 3
v 8 3
v 9 3
v 10 3
v 11 3
v 12 3
v 13 3
v 14 3
v 15 3
v 16 3
v 17 3
v 18 3
v 19 3
v 20 3
v 21 4
v 22 4
v 23 4
v 24 4
v 25 4
v 26 4
v 27 4
v 28 4
v 29 4
v 30 4
v 31 4
v 32 4
v 33 4
v 34 4
v 35 4
v 36 4
v 37 4
v 38 4
e 0 5 1
e 0 6 1
e 1 7 1
e 1 9 1
e 2 8 1
e 2 10 1
e 3 11 1
e 3 37 1
e 4 12 1
e 4 38 1
e 5 7 1
e 5 21 1
e 5 22 1
e 6 8 1
e 6 23 1
e 6 24 1
e 7 25 1
e 7 26 1
e 8 27 1
e 8 28 1
e 9 11 1
e 9 13 2
e 10 12 1
e 10 14 2
e 11 15 2
e 12 16 2
e 13 17 1
e 13 29 1
e 14 18 1
e 14 30 1
e 15 19 1
e 15 31 1
e 16 20 1
e 16 32 1
e 17 19 2
e 17 33 1
e 18 20 2
e 18 34 1
e 19 35 1
e 20 36 1
t # 43603
v 0 1
v 1 1
v 2 3
v 3 3
v 4 3
v 5 3
v 6 3
v 7 3
v 8 3
v 9 3
v 10 4
v 11 4
v 12 4
v 13 4
v 14 4
v 15 4
v 16 4
v 17 4
v 18 4
v 19 4
v 20 4
v 21 4
e 0 2 1
e 0 8 1
e 1 3 1
e 1 9 1
e 2 4 1
e 2 5 1
e 2 8 1
e 3 6 1
e 3 7 1
e 3 9 1
e 4 6 1
e 4 10 1
e 4 11 1
e 5 7 1
e 5 12 1
e 5 13 1
e 6 14 1
e 6 15 1
e 7 16 1
e 7 17 1
e 8 18 1
e 8 19 1
e 9 20 1
e 9 21 1
t # 43604
v 0 11
v 1 1
v 2 1
v 3 1
v 4 1
v 5 1
v 6 2
v 7 3
v 8 3
v 9 3
v 10 3
v 11 3
v 12 3
v 13 3
v 14 3
v 15 3
v 16 3
v 17 3
v 18 3
v 19 3
v 20 3
v 21 3
v 22 3
v 23 3
v 24 3
v 25 4
v 26 4
v 27 4
v 28 4
v 29 4
v 30 4
v 31 4
v 32 4
v 33 4
v 34 4
v 35 4
v 36 4
v 37 4
e 0 2 2
e 0 3 2
e 0 8 1
e 1 9 1
e 6 17 1
e 7 10 1
e 7 11 2
e 7 12 1
e 8 15 1
e 8 16 2
e 9 13 2
e 9 14 1
e 10 18 2
e 10 19 1
e 11 13 1
e 11 25 1
e 12 14 2
e 12 26 1
e 13 27 1
e 14 28 1
e 15 17 2
e 15 29 1
e 16 20 1
e 16 30 1
e 17 21 1
e 18 22 1
e 18 31 1
e 19 23 2
e 19 32 1
e 20 21 2
e 20 33 1
e 21 34 1
e 22 24 2
e 22 35 1
e 23 24 1
e 23 36 1
e 24 37 1
t # 43605
v 0 8
v 1 1
v 2 2
v 3 2
v 4 3
v 5 3
v 6 3
v 7 3
v 8 3
v 9 3
v 10 3
v 11 3
v 12 3
v 13 3
v 14 3
v 15 3
v 16 3
v 17 3
v 18 3
v 19 3
v 20 4
v 21 4
v 22 4
v 23 4
v 24 4
v 25 4
v 26 4
v 27 4
v 28 4
v 29 4
v 30 4
v 31 4
v 32 4
v 33 4
v 34 4
v 35 4
v 36 4
v 37 4
v 38 4
e 2 4 1
e 2 5 1
e 3 6 1
e 3 22 1
e 4 7 1
e 4 20 1
e 4 21 1
e 5 6 1
e 5 9 2
e 6 11 2
e 7 10 1
e 7 23 1
e 7 24 1
e 8 12 2
e 8 13 1
e 9 14 1
e 9 25 1
e 10 16 1
e 10 26 1
e 10 27 1
e 11 15 1
e 11 28 1
e 12 17 1
e 12 29 1
e 13 18 2
e 13 30 1
e 14 15 2
e 14 31 1
e 15 32 1
e 16 33 1
e 16 34 1
e 16 35 1
e 17 19 2
e 17 36 1
e 18 19 1
e 18 37 1
e 19 38 1
t # 43606
v 0 8
v 1 1
v 2 2
v 3 2
v 4 3
v 5 3
v 6 3
v 7 3
v 8 3
v 9 3
v 10 3
v 11 3
v 12 4
v 13 4
v 14 4
v 15 4
v 16 4
v 17 4
v 18 4
v 19 4
v 20 4
v 21 4
v 22 4
e 2 5 1
e 2 14 1
e 3 6 1
e 3 15 1
e 4 7 1
e 4 12 1
e 4 13 1
e 5 6 1
e 5 8 2
e 6 9 2
e 7 16 1
e 7 17 1
e 7 18 1
e 8 10 1
e 8 19 1
e 9 11 1
e 9 20 1
e 10 11 2
e 10 21 1
e 11 22 1
t # 43607
v 0 11
v 1 8
v 2 2
v 3 2
v 4 3
v 5 3
v 6 3
v 7 3
v 8 3
v 9 3
v 10 3
v 11 3
v 12 3
v 13 3
v 14 3
v 15 3
v 16 3
v 17 4
v 18 4
v 19 4
v 20 4
v 21 4
v 22 4
v 23 4
v 24 4
v 25 4
v 26 4
v 27 4
v 28 4
v 29 4
e 2 4 1
e 2 7 1
e 3 5 1
e 3 17 1
e 4 5 1
e 4 8 2
e 5 9 2
e 6 10 2
e 6 11 1
e 7 18 1
e 7 19 1
e 7 20 1
e 8 12 1
e 8 21 1
e 9 13 1
e 9 22 1
e 10 14 1
e 10 23 1
e 11 15 2
e 11 24 1
e 12 13 2
e 12 25 1
e 13 26 1
e 14 16 2
e 14 27 1
e 15 16 1
e 15 28 1
e 16 29 1
t # 43608
v 0 8
v 1 1
v 2 2
v 3 2
v 4 3
v 5 3
v 6 3
v 7 3
v 8 3
v 9 3
v 10 3
v 11 3
v 12 3
v 13 3
v 14 3
v 15 3
v 16 4
v 17 4
v 18 4
v 19 4
v 20 4
v 21 4
v 22 4
v 23 4
v 24 4
v 25 4
v 26 4
v 27 4
v 28 4
v 29 4
v 30 4
v 31 4
v 32 4
e 2 4 1
e 2 22 1
e 3 5 1
e 3 23 1
e 4 5 1
e 4 6 1
e 4 16 1
e 5 7 1
e 5 17 1
e 6 8 1
e 6 18 1
e 6 19 1
e 7 9 1
e 7 20 1
e 7 21 1
e 8 9 1
e 8 24 1
e 8 25 1
e 9 26 1
e 9 27 1
e 10 11 2
e 10 12 1
e 11 13 1
e 11 28 1
e 12 14 2
e 12 29 1
e 13 15 2
e 13 30 1
e 14 15 1
e 14 31 1
e 15 32 1
t # 43609
v 0 18
v 1 11
v 2 11
v 3 1
v 4 1
v 5 1
v 6 1
v 7 1
v 8 1
v 9 2
v 10 2
v 11 3
v 12 3
v 13 3
v 14 3
v 15 3
v 16 3
v 17 3
v 18 3
v 19 3
v 20 3
v 21 3
v 22 3
v 23 3
v 24 3
v 25 3
v 26 3
v 27 3
v 28 3
v 29 3
v 30 3
v 31 4
v 32 4
v 33 4
v 34 4
v 35 4
v 36 4
v 37 4
v 38 4
v 39 4
v 40 4
v 41 4
v 42 4
v 43 4
v 44 4
v 45 4
v 46 4
v 47 4
e 1 3 2
e 1 4 2
e 1 12 1
e 2 5 2
e 2 6 2
e 2 13 1
e 9 11 1
e 10 20 1
e 11 14 1
e 11 15 2
e 12 16 2
e 12 18 1
e 13 17 2
e 13 19 1
e 14 20 2
e 14 31 1
e 15 27 1
e 16 23 1
e 16 32 1
e 17 24 1
e 17 33 1
e 18 25 2
e 18 34 1
e 19 26 2
e 19 35 1
e 20 28 1
e 21 23 2
e 21 25 1
e 21 29 1
e 22 24 2
e 22 26 1
e 22 30 1
e 23 36 1
e 24 37 1
e 25 38 1
e 26 39 1
e 27 28 2
e 27 40 1
e 28 41 1
e 29 42 1
e 29 43 1
e 29 44 1
e 30 45 1
e 30 46 1
e 30 47 1
t # 43610
v 0 11
v 1 2
v 2 3
v 3 3
v 4 3
v 5 3
v 6 3
v 7 3
v 8 3
v 9 3
v 10 4
v 11 4
v 12 4
v 13 4
v 14 4
v 15 4
v 16 4
v 17 4
v 18 4
v 19 4
v 20 4
e 0 7 1
e 1 6 1
e 1 18 1
e 1 19 1
e 2 3 1
e 2 4 2
e 2 8 1
e 3 5 2
e 3 9 1
e 4 6 1
e 4 10 1
e 5 7 1
e 5 11 1
e 6 7 2
e 8 12 1
e 8 13 1
e 8 14 1
e 9 15 1
e 9 16 1
e 9 17 1
t # 43611
v 0 18
v 1 1
v 2 1
v 3 2
v 4 2
v 5 3
v 6 3
v 7 3
v 8 3
v 9 3
v 10 3
v 11 3
v 12 4
v 13 4
v 14 4
v 15 4
v 16 4
v 17 4
v 18 4
e 3 5 1
e 3 11 1
e 3 15 1
e 4 7 1
e 5 6 1
e 5 8 2
e 6 7 2
e 6 12 1
e 7 9 1
e 8 10 1
e 9 10 2
e 9 13 1
e 10 14 1
e 11 16 1
e 11 17 1
e 11 18 1
t # 43612
v 0 2
v 1 2
v 2 2
v 3 2
v 4 2
v 5 2
v 6 3
v 7 3
v 8 3
v 9 3
v 10 3
v 11 3
v 12 3
v 13 3
v 14 3
v 15 3
v 16 3
v 17 3
v 18 3
v 19 3
v 20 4
v 21 4
v 22 4
v 23 4
v 24 4
v 25 4
v 26 4
v 27 4
v 28 4
v 29 4
v 30 4
v 31 4
v 32 4
v 33 4
v 34 4
v 35 4
v 36 4
v 37 4
v 38 4
v 39 4
v 40 4
v 41 4
v 42 4
v 43 4
v 44 4
v 45 4
v 46 4
v 47 4
e 0 6 1
e 0 8 1
e 0 12 1
e 1 7 1
e 1 9 1
e 1 13 1
e 2 6 2
e 2 14 1
e 3 7 2
e 3 15 1
e 4 18 1
e 4 44 1
e 4 45 1
e 5 19 1
e 5 46 1
e 5 47 1
e 6 7 1
e 8 10 1
e 8 20 1
e 8 21 1
e 9 11 1
e 9 22 1
e 9 23 1
e 10 14 1
e 10 24 1
e 10 25 1
e 11 15 1
e 11 26 1
e 11 27 1
e 12 16 1
e 12 28 1
e 12 29 1
e 13 17 1
e 13 30 1
e 13 31 1
e 14 32 1
e 14 33 1
e 15 34 1
e 15 35 1
e 16 18 1
e 16 36 1
e 16 37 1
e 17 19 1
e 17 38 1
e 17 39 1
e 18 40 1
e 18 41 1
e 19 42 1
e 19 43 1
t # 43613
v 0 2
v 1 2
v 2 2
v 3 2
v 4 2
v 5 2
v 6 3
v 7 3
v 8 3
v 9 3
v 10 3
v 11 3
v 12 4
v 13 4
v 14 4
v 15 4
v 16 4
v 17 4
v 18 4
v 19 4
v 20 4
v 21 4
v 22 4
v 23 4
v 24 4
v 25 4
v 26 4
v 27 4
e 0 6 1
e 0 10 2
e 1 7 1
e 1 11 2
e 2 8 1
e 2 20 1
e 2 21 1
e 3 9 1
e 3 22 1
e 3 23 1
e 4 10 1
e 4 24 1
e 4 25 1
e 5 11 1
e 5 26 1
e 5 27 1
e 6 8 1
e 6 12 1
e 6 13 1
e 7 9 1
e 7 14 1
e 7 15 1
e 8 16 1
e 8 17 1
e 9 18 1
e 9 19 1
e 10 11 1
t # 43614
v 0 2
v 1 2
v 2 2
v 3 2
v 4 3
v 5 3
v 6 3
v 7 3
v 8 3
v 9 3
v 10 3
v 11 3
v 12 4
v 13 4
v 14 4
v 15 4
v 16 4
v 17 4
v 18 4
v 19 4
v 20 4
v 21 4
v 22 4
v 23 4
v 24 4
v 25 4
v 26 4
v 27 4
v 28 4
v 29 4
e 0 4 1
e 0 10 2
e 1 5 1
e 1 11 2
e 2 10 1
e 2 26 1
e 2 27 1
e 3 11 1
e 3 28 1
e 3 29 1
e 4 6 1
e 4 7 1
e 4 12 1
e 5 8 1
e 5 9 1
e 5 13 1
e 6 14 1
e 6 15 1
e 6 16 1
e 7 17 1
e 7 18 1
e 7 19 1
e 8 20 1
e 8 21 1
e 8 22 1
e 9 23 1
e 9 24 1
e 9 25 1
e 10 11 1
t # 43615
v 0 11
v 1 1
v 2 1
v 3 2
v 4 3
v 5 3
v 6 3
v 7 3
v 8 3
v 9 3
v 10 3
v 11 4
v 12 4
v 13 4
v 14 4
v 15 4
v 16 4
v 17 4
v 18 4
v 19 4
v 20 4
v 21 4
v 22 4
v 23 4
e 0 7 1
e 0 9 1
e 1 9 2
e 2 10 2
e 3 10 1
e 3 22 1
e 3 23 1
e 4 5 1
e 4 6 1
e 4 11 1
e 4 12 1
e 5 7 1
e 5 13 1
e 5 14 1
e 6 8 1
e 6 15 1
e 6 16 1
e 7 17 1
e 7 18 1
e 8 19 1
e 8 20 1
e 8 21 1
e 9 10 1
t # 43616
v 0 1
v 1 1
v 2 1
v 3 1
v 4 1
v 5 1
v 6 1
v 7 2
v 8 2
v 9 2
v 10 2
v 11 3
v 12 3
v 13 3
v 14 3
v 15 3
v 16 3
v 17 3
v 18 3
v 19 3
v 20 3
v 21 3
v 22 3
v 23 3
v 24 3
v 25 3
v 26 3
v 27 4
v 28 4
v 29 4
v 30 4
v 31 4
v 32 4
v 33 4
v 34 4
v 35 4
v 36 4
v 37 4
v 38 4
v 39 4
v 40 4
v 41 4
v 42 4
v 43 4
v 44 4
e 0 23 1
e 0 44 1
e 7 15 1
e 7 19 2
e 8 21 1
e 9 22 1
e 10 24 1
e 11 12 1
e 11 13 1
e 11 27 1
e 11 28 1
e 12 14 1
e 12 29 1
e 12 30 1
e 13 15 1
e 13 31 1
e 13 32 1
e 14 16 1
e 14 33 1
e 14 34 1
e 15 17 2
e 16 35 1
e 16 36 1
e 16 37 1
e 17 18 1
e 17 38 1
e 18 20 2
e 18 39 1
e 19 20 1
e 19 40 1
e 20 41 1
e 21 23 2
e 21 25 1
e 22 23 1
e 22 26 2
e 24 25 2
e 24 26 1
e 25 42 1
e 26 43 1
t # 43617
v 0 1
v 1 1
v 2 1
v 3 2
v 4 3
v 5 3
v 6 3
v 7 3
v 8 3
v 9 3
v 10 3
v 11 3
v 12 3
v 13 3
v 14 4
v 15 4
v 16 4
v 17 4
v 18 4
v 19 4
v 20 4
v 21 4
v 22 4
v 23 4
v 24 4
v 25 4
v 26 4
v 27 4
v 28 4
v 29 4
v 30 4
v 31 4
v 32 4
e 0 11 1
e 0 12 1
e 1 8 2
e 2 11 2
e 3 4 1
e 3 5 1
e 3 8 1
e 4 6 1
e 4 14 1
e 4 15 1
e 5 7 1
e 5 16 1
e 5 17 1
e 6 9 1
e 6 18 1
e 6 19 1
e 7 10 1
e 7 20 1
e 7 21 1
e 8 11 1
e 9 22 1
e 9 23 1
e 9 24 1
e 10 25 1
e 10 26 1
e 10 27 1
e 12 13 1
e 12 28 1
e 12 29 1
e 13 30 1
e 13 31 1
e 13 32 1
t # 43618
v 0 1
v 1 1
v 2 1
v 3 1
v 4 1
v 5 1
v 6 2
v 7 2
v 8 2
v 9 2
v 10 3
v 11 3
v 12 3
v 13 3
v 14 3
v 15 3
v 16 3
v 17 3
v 18 3
v 19 3
v 20 3
v 21 3
v 22 3
v 23 3
v 24 4
v 25 4
v 26 4
v 27 4
v 28 4
v 29 4
v 30 4
v 31 4
v 32 4
v 33 4
e 0 18 2
e 1 19 2
e 6 10 1
e 6 18 1
e 6 24 1
e 7 11 1
e 7 19 1
e 7 25 1
e 8 12 1
e 9 13 1
e 10 12 1
e 10 14 2
e 11 13 1
e 11 15 2
e 12 16 2
e 13 17 2
e 14 20 1
e 14 26 1
e 15 21 1
e 15 27 1
e 16 22 1
e 16 28 1
e 17 23 1
e 17 29 1
e 18 19 1
e 20 22 2
e 20 30 1
e 21 23 2
e 21 31 1
e 22 32 1
e 23 33 1
t # 43619
v 0 2
v 1 2
v 2 2
v 3 2
v 4 3
v 5 3
v 6 3
v 7 3
v 8 3
v 9 3
v 10 4
v 11 4
v 12 4
v 13 4
v 14 4
v 15 4
v 16 4
v 17 4
v 18 4
v 19 4
v 20 4
v 21 4
v 22 4
v 23 4
e 0 4 1
e 0 6 2
e 1 5 1
e 1 7 2
e 2 6 1
e 2 20 1
e 2 21 1
e 3 7 1
e 3 22 1
e 3 23 1
e 4 8 1
e 4 10 1
e 4 11 1
e 5 9 1
e 5 12 1
e 5 13 1
e 6 7 1
e 8 14 1
e 8 15 1
e 8 16 1
e 9 17 1
e 9 18 1
e 9 19 1
t # 43620
v 0 1
v 1 1
v 2 2
v 3 2
v 4 2
v 5 3
v 6 3
v 7 3
v 8 3
v 9 3
v 10 3
v 11 3
v 12 3
v 13 3
v 14 3
v 15 3
v 16 3
v 17 4
v 18 4
v 19 4
v 20 4
v 21 4
v 22 4
v 23 4
v 24 4
v 25 4
v 26 4
v 27 4
e 0 6 2
e 1 7 2
e 2 6 1
e 2 8 1
e 2 18 1
e 3 9 2
e 3 27 1
e 5 6 1
e 5 7 1
e 5 9 1
e 5 17 1
e 7 10 1
e 8 11 2
e 8 12 1
e 9 16 1
e 10 19 1
e 10 20 1
e 10 21 1
e 11 13 1
e 11 22 1
e 12 14 2
e 12 23 1
e 13 15 2
e 13 24 1
e 14 15 1
e 14 25 1
e 15 26 1
t # 43621
v 0 2
v 1 2
v 2 2
v 3 2
v 4 3
v 5 3
v 6 3
v 7 3
v 8 3
v 9 3
v 10 3
v 11 3
v 12 3
v 13 3
v 14 4
v 15 4
v 16 4
v 17 4
v 18 4
v 19 4
v 20 4
v 21 4
v 22 4
v 23 4
v 24 4
v 25 4
v 26 4
v 27 4
v 28 4
v 29 4
v 30 4
v 31 4
v 32 4
v 33 4
v 34 4
v 35 4
e 0 8 1
e 0 12 2
e 1 9 1
e 1 13 2
e 2 12 1
e 2 32 1
e 2 33 1
e 3 13 1
e 3 34 1
e 3 35 1
e 4 6 1
e 4 8 1
e 4 14 1
e 4 15 1
e 5 7 1
e 5 9 1
e 5 16 1
e 5 17 1
e 6 10 1
e 6 18 1
e 6 19 1
e 7 11 1
e 7 20 1
e 7 21 1
e 8 22 1
e 8 23 1
e 9 24 1
e 9 25 1
e 10 26 1
e 10 27 1
e 10 28 1
e 11 29 1
e 11 30 1
e 11 31 1
e 12 13 1
t # 43622
v 0 1
v 1 1
v 2 2
v 3 2
v 4 3
v 5 3
v 6 3
v 7 3
v 8 3
v 9 3
v 10 3
v 11 3
v 12 3
v 13 3
v 14 3
v 15 3
v 16 3
v 17 3
v 18 3
v 19 3
v 20 3
v 21 3
v 22 3
v 23 4
v 24 4
v 25 4
v 26 4
v 27 4
v 28 4
v 29 4
v 30 4
v 31 4
v 32 4
v 33 4
v 34 4
v 35 4
v 36 4
v 37 4
v 38 4
e 0 8 1
e 0 22 1
e 1 11 2
e 2 4 1
e 2 7 1
e 2 24 1
e 3 4 1
e 3 11 1
e 3 25 1
e 4 5 1
e 4 23 1
e 5 6 1
e 5 8 2
e 6 10 1
e 6 13 2
e 7 9 1
e 7 15 2
e 8 12 1
e 9 11 1
e 9 17 2
e 10 14 1
e 10 16 2
e 12 14 2
e 12 26 1
e 13 18 1
e 13 27 1
e 14 28 1
e 15 20 1
e 15 29 1
e 16 19 1
e 16 30 1
e 17 21 1
e 17 31 1
e 18 19 2
e 18 32 1
e 19 33 1
e 20 21 2
e 20 34 1
e 21 35 1
e 22 36 1
e 22 37 1
e 22 38 1
t # 43623
v 0 1
v 1 1
v 2 2
v 3 2
v 4 3
v 5 3
v 6 3
v 7 3
v 8 3
v 9 3
v 10 3
v 11 3
v 12 3
v 13 3
v 14 3
v 15 3
v 16 3
v 17 3
v 18 3
v 19 3
v 20 3
v 21 3
v 22 3
v 23 3
v 24 3
v 25 4
v 26 4
v 27 4
v 28 4
v 29 4
v 30 4
v 31 4
v 32 4
v 33 4
v 34 4
v 35 4
v 36 4
v 37 4
v 38 4
v 39 4
v 40 4
v 41 4
v 42 4
e 0 12 1
e 0 18 1
e 1 8 2
e 2 4 1
e 2 6 1
e 2 26 1
e 3 4 1
e 3 8 1
e 3 27 1
e 4 5 1
e 4 25 1
e 5 9 2
e 5 10 1
e 6 7 1
e 6 11 2
e 7 8 1
e 7 13 2
e 9 12 1
e 9 28 1
e 10 14 2
e 10 29 1
e 11 16 1
e 11 30 1
e 12 15 2
e 13 17 1
e 13 31 1
e 14 15 1
e 14 32 1
e 15 33 1
e 16 17 2
e 16 34 1
e 17 35 1
e 18 19 1
e 18 36 1
e 18 37 1
e 19 20 2
e 19 21 1
e 20 22 1
e 20 38 1
e 21 23 2
e 21 39 1
e 22 24 2
e 22 40 1
e 23 24 1
e 23 41 1
e 24 42 1
t # 43624
v 0 12
v 1 1
v 2 2
v 3 2
v 4 3
v 5 3
v 6 3
v 7 3
v 8 3
v 9 3
v 10 3
v 11 3
v 12 3
v 13 3
v 14 3
v 15 3
v 16 3
v 17 3
v 18 4
v 19 4
v 20 4
v 21 4
v 22 4
v 23 4
v 24 4
v 25 4
v 26 4
v 27 4
v 28 4
e 0 10 1
e 1 8 2
e 2 4 1
e 2 6 1
e 2 19 1
e 3 4 1
e 3 8 1
e 3 20 1
e 4 5 1
e 4 18 1
e 5 10 1
e 5 11 2
e 6 7 1
e 6 9 2
e 7 8 1
e 7 12 2
e 9 13 1
e 9 21 1
e 10 15 2
e 11 16 1
e 11 22 1
e 12 14 1
e 12 23 1
e 13 14 2
e 13 24 1
e 14 25 1
e 15 17 1
e 15 26 1
e 16 17 2
e 16 27 1
e 17 28 1
t # 43625
v 0 2
v 1 2
v 2 2
v 3 2
v 4 3
v 5 3
v 6 3
v 7 3
v 8 3
v 9 3
v 10 3
v 11 4
v 12 4
v 13 4
v 14 4
e 0 4 1
e 0 7 2
e 1 5 1
e 1 8 2
e 4 5 2
e 4 6 1
e 5 11 1
e 6 12 1
e 6 13 1
e 6 14 1
e 7 8 1
e 7 9 1
e 8 10 1
t # 43626
v 0 1
v 1 1
v 2 3
v 3 3
v 4 3
v 5 3
v 6 3
v 7 3
v 8 3
v 9 3
v 10 3
v 11 3
v 12 3
v 13 3
v 14 3
v 15 3
v 16 3
v 17 3
v 18 3
v 19 3
v 20 3
v 21 3
v 22 3
v 23 3
v 24 3
v 25 3
v 26 4
v 27 4
v 28 4
v 29 4
v 30 4
v 31 4
v 32 4
v 33 4
v 34 4
v 35 4
v 36 4
v 37 4
v 38 4
v 39 4
v 40 4
v 41 4
v 42 4
v 43 4
v 44 4
v 45 4
v 46 4
v 47 4
e 0 5 1
e 0 9 1
e 1 9 2
e 2 3 1
e 2 4 1
e 2 5 1
e 2 26 1
e 3 6 1
e 3 7 1
e 3 8 1
e 4 9 1
e 4 10 1
e 4 27 1
e 5 28 1
e 5 29 1
e 6 11 2
e 6 14 1
e 7 12 2
e 7 15 1
e 8 13 2
e 8 16 1
e 10 30 1
e 10 31 1
e 10 32 1
e 11 17 1
e 11 33 1
e 12 18 1
e 12 34 1
e 13 19 1
e 13 35 1
e 14 20 2
e 14 36 1
e 15 21 2
e 15 37 1
e 16 22 2
e 16 38 1
e 17 23 2
e 17 39 1
e 18 24 2
e 18 40 1
e 19 25 2
e 19 41 1
e 20 23 1
e 20 42 1
e 21 24 1
e 21 43 1
e 22 25 1
e 22 44 1
e 23 45 1
e 24 46 1
e 25 47 1
t # 43627
v 0 2
v 1 2
v 2 3
v 3 3
v 4 3
v 5 3
v 6 3
v 7 3
v 8 3
v 9 3
v 10 3
v 11 3
v 12 3
v 13 3
v 14 3
v 15 4
v 16 4
v 17 4
v 18 4
v 19 4
v 20 4
v 21 4
v 22 4
v 23 4
v 24 4
v 25 4
v 26 4
v 27 4
v 28 4
e 0 1 1
e 0 13 1
e 0 14 1
e 1 11 2
e 2 3 1
e 2 4 1
e 2 5 2
e 3 6 1
e 3 8 2
e 4 7 2
e 4 11 1
e 5 10 1
e 5 15 1
e 6 9 2
e 6 16 1
e 7 9 1
e 7 17 1
e 8 12 1
e 8 18 1
e 9 19 1
e 10 12 2
e 10 21 1
e 11 20 1
e 12 22 1
e 13 23 1
e 13 24 1
e 13 25 1
e 14 26 1
e 14 27 1
e 14 28 1
t # 43628
v 0 1
v 1 1
v 2 1
v 3 2
v 4 3
v 5 3
v 6 3
v 7 3
v 8 3
v 9 3
v 10 3
v 11 3
v 12 3
v 13 3
v 14 3
v 15 3
v 16 3
v 17 3
v 18 4
v 19 4
v 20 4
v 21 4
v 22 4
v 23 4
v 24 4
v 25 4
v 26 4
v 27 4
v 28 4
v 29 4
v 30 4
v 31 4
v 32 4
v 33 4
v 34 4
e 0 10 2
e 1 17 1
e 1 34 1
e 2 17 2
e 3 4 1
e 3 8 1
e 3 10 1
e 4 5 1
e 4 9 1
e 4 18 1
e 5 6 1
e 5 19 1
e 5 20 1
e 6 7 1
e 6 21 1
e 6 22 1
e 7 8 1
e 7 23 1
e 7 24 1
e 8 25 1
e 8 26 1
e 9 27 1
e 9 28 1
e 9 29 1
e 10 11 1
e 11 12 1
e 11 13 2
e 12 14 2
e 12 17 1
e 13 15 1
e 13 30 1
e 14 16 1
e 14 31 1
e 15 16 2
e 15 32 1
e 16 33 1
t # 43629
v 0 1
v 1 2
v 2 3
v 3 3
v 4 3
v 5 3
v 6 3
v 7 3
v 8 3
v 9 3
v 10 3
v 11 3
v 12 3
v 13 3
v 14 4
v 15 4
v 16 4
v 17 4
v 18 4
v 19 4
v 20 4
v 21 4
v 22 4
v 23 4
v 24 4
v 25 4
v 26 4
v 27 4
v 28 4
v 29 4
v 30 4
e 0 11 1
e 0 30 1
e 1 2 1
e 1 3 1
e 1 6 1
e 2 4 1
e 2 14 1
e 2 15 1
e 3 5 1
e 3 16 1
e 3 17 1
e 4 5 1
e 4 18 1
e 4 19 1
e 5 20 1
e 5 21 1
e 6 7 1
e 6 22 1
e 6 23 1
e 7 8 1
e 7 9 2
e 8 10 2
e 8 11 1
e 9 12 1
e 9 24 1
e 10 13 1
e 10 25 1
e 11 26 1
e 11 27 1
e 12 13 2
e 12 28 1
e 13 29 1
t # 43630
v 0 12
v 1 1
v 2 1
v 3 1
v 4 2
v 5 3
v 6 3
v 7 3
v 8 3
v 9 3
v 10 3
v 11 3
v 12 3
v 13 3
v 14 3
v 15 3
v 16 3
v 17 3
v 18 3
v 19 3
v 20 3
v 21 3
v 22 3
v 23 3
v 24 4
v 25 4
v 26 4
v 27 4
v 28 4
v 29 4
v 30 4
v 31 4
v 32 4
v 33 4
v 34 4
v 35 4
v 36 4
v 37 4
v 38 4
v 39 4
v 40 4
v 41 4
v 42 4
v 43 4
e 0 21 1
e 1 8 1
e 1 9 1
e 2 13 1
e 2 17 1
e 3 17 2
e 4 5 1
e 4 6 1
e 4 7 1
e 5 8 1
e 5 24 1
e 5 25 1
e 6 9 1
e 6 26 1
e 6 27 1
e 7 10 1
e 7 28 1
e 7 29 1
e 8 30 1
e 8 31 1
e 9 32 1
e 9 33 1
e 10 11 1
e 10 12 2
e 11 13 1
e 11 14 2
e 12 15 1
e 12 34 1
e 13 35 1
e 13 36 1
e 14 16 1
e 14 37 1
e 15 16 2
e 15 38 1
e 16 39 1
e 17 18 1
e 18 19 2
e 18 20 1
e 19 21 1
e 19 40 1
e 20 22 2
e 20 41 1
e 21 23 2
e 22 23 1
e 22 42 1
e 23 43 1
t # 43631
v 0 12
v 1 1
v 2 1
v 3 1
v 4 1
v 5 2
v 6 2
v 7 3
v 8 3
v 9 3
v 10 3
v 11 3
v 12 3
v 13 3
v 14 3
v 15 3
v 16 3
v 17 3
v 18 3
v 19 3
v 20 3
v 21 3
v 22 3
v 23 3
v 24 3
v 25 3
v 26 3
v 27 4
v 28 4
v 29 4
v 30 4
v 31 4
v 32 4
v 33 4
v 34 4
v 35 4
v 36 4
v 37 4
v 38 4
v 39 4
v 40 4
v 41 4
v 42 4
v 43 4
v 44 4
v 45 4
v 46 4
v 47 4
e 0 22 1
e 1 16 1
e 1 20 1
e 2 20 2
e 5 7 1
e 5 8 1
e 5 12 1
e 6 26 1
e 7 9 1
e 7 27 1
e 7 28 1
e 8 10 1
e 8 29 1
e 8 30 1
e 9 11 1
e 9 31 1
e 9 32 1
e 10 11 1
e 10 33 1
e 10 34 1
e 11 35 1
e 11 36 1
e 12 13 1
e 12 37 1
e 12 38 1
e 13 14 1
e 13 15 2
e 14 16 1
e 14 17 2
e 15 18 1
e 15 39 1
e 16 40 1
e 16 41 1
e 17 19 1
e 17 42 1
e 18 19 2
e 18 43 1
e 19 44 1
e 20 21 1
e 21 22 2
e 21 23 1
e 22 24 1
e 23 25 2
e 23 45 1
e 24 26 2
e 24 46 1
e 25 26 1
e 25 47 1
t # 43632
v 0 1
v 1 1
v 2 1
v 3 2
v 4 3
v 5 3
v 6 3
v 7 3
v 8 3
v 9 3
v 10 3
v 11 3
v 12 3
v 13 3
v 14 3
v 15 3
v 16 3
v 17 3
v 18 3
v 19 3
v 20 3
v 21 3
v 22 3
v 23 3
v 24 3
v 25 4
v 26 4
v 27 4
v 28 4
v 29 4
v 30 4
v 31 4
v 32 4
v 33 4
v 34 4
v 35 4
v 36 4
v 37 4
v 38 4
v 39 4
v 40 4
v 41 4
v 42 4
v 43 4
v 44 4
v 45 4
v 46 4
v 47 4
v 48 4
v 49 4
e 0 13 1
e 0 17 1
e 1 17 2
e 2 23 1
e 2 24 1
e 3 4 1
e 3 5 1
e 3 9 1
e 4 6 1
e 4 25 1
e 4 26 1
e 5 7 1
e 5 27 1
e 5 28 1
e 6 8 1
e 6 29 1
e 6 30 1
e 7 8 1
e 7 31 1
e 7 32 1
e 8 33 1
e 8 34 1
e 9 10 1
e 9 35 1
e 9 36 1
e 10 11 1
e 10 12 2
e 11 13 1
e 11 14 2
e 12 15 1
e 12 37 1
e 13 38 1
e 13 39 1
e 14 16 1
e 14 40 1
e 15 16 2
e 15 41 1
e 16 42 1
e 17 18 1
e 18 19 2
e 18 20 1
e 19 21 1
e 19 43 1
e 20 22 2
e 20 44 1
e 21 23 2
e 21 45 1
e 22 23 1
e 22 46 1
e 24 47 1
e 24 48 1
e 24 49 1
t # 43633
v 0 12
v 1 1
v 2 1
v 3 2
v 4 3
v 5 3
v 6 3
v 7 3
v 8 3
v 9 3
v 10 3
v 11 3
v 12 3
v 13 3
v 14 3
v 15 3
v 16 3
v 17 3
v 18 3
v 19 3
v 20 3
v 21 3
v 22 3
v 23 3
v 24 4
v 25 4
v 26 4
v 27 4
v 28 4
v 29 4
v 30 4
v 31 4
v 32 4
v 33 4
v 34 4
v 35 4
v 36 4
v 37 4
v 38 4
v 39 4
v 40 4
v 41 4
v 42 4
v 43 4
v 44 4
v 45 4
e 0 21 1
e 1 13 1
e 1 17 1
e 2 17 2
e 3 4 1
e 3 5 1
e 3 9 1
e 4 6 1
e 4 24 1
e 4 25 1
e 5 7 1
e 5 26 1
e 5 27 1
e 6 8 1
e 6 28 1
e 6 29 1
e 7 8 1
e 7 30 1
e 7 31 1
e 8 32 1
e 8 33 1
e 9 10 1
e 9 34 1
e 9 35 1
e 10 11 1
e 10 12 2
e 11 13 1
e 11 14 2
e 12 15 1
e 12 36 1
e 13 37 1
e 13 38 1
e 14 16 1
e 14 39 1
e 15 16 2
e 15 40 1
e 16 41 1
e 17 18 1
e 18 19 2
e 18 20 1
e 19 21 1
e 19 42 1
e 20 22 2
e 20 43 1
e 21 23 2
e 22 23 1
e 22 44 1
e 23 45 1
t # 43634
v 0 1
v 1 1
v 2 2
v 3 3
v 4 3
v 5 3
v 6 3
v 7 3
v 8 3
v 9 3
v 10 3
v 11 3
v 12 3
v 13 3
v 14 3
v 15 3
v 16 4
v 17 4
v 18 4
v 19 4
v 20 4
v 21 4
v 22 4
v 23 4
v 24 4
v 25 4
v 26 4
v 27 4
v 28 4
v 29 4
v 30 4
v 31 4
v 32 4
e 0 8 2
e 1 13 1
e 1 32 1
e 2 6 1
e 2 7 1
e 2 8 1
e 3 4 1
e 3 5 1
e 3 16 1
e 3 17 1
e 4 6 1
e 4 18 1
e 4 19 1
e 5 7 1
e 5 20 1
e 5 21 1
e 6 22 1
e 6 23 1
e 7 24 1
e 7 25 1
e 8 9 1
e 9 10 1
e 9 11 2
e 10 12 2
e 10 13 1
e 11 14 1
e 11 26 1
e 12 15 1
e 12 27 1
e 13 28 1
e 13 29 1
e 14 15 2
e 14 30 1
e 15 31 1
t # 43635
v 0 1
v 1 1
v 2 2
v 3 2
v 4 2
v 5 3
v 6 3
v 7 3
v 8 3
v 9 3
v 10 3
v 11 3
v 12 3
v 13 4
v 14 4
v 15 4
v 16 4
v 17 4
v 18 4
v 19 4
v 20 4
v 21 4
v 22 4
v 23 4
e 0 9 2
e 1 10 2
e 2 5 1
e 2 8 1
e 2 9 1
e 3 9 1
e 3 10 1
e 3 21 1
e 5 6 1
e 5 13 1
e 5 14 1
e 6 7 1
e 6 15 1
e 6 16 1
e 7 10 1
e 7 17 1
e 7 18 1
e 8 11 1
e 8 19 1
e 8 20 1
e 11 12 1
e 11 22 1
e 11 23 1
t # 43636
v 0 1
v 1 1
v 2 1
v 3 1
v 4 2
v 5 2
v 6 2
v 7 2
v 8 3
v 9 3
v 10 3
v 11 3
v 12 3
v 13 3
v 14 3
v 15 3
v 16 3
v 17 3
v 18 3
v 19 3
v 20 4
v 21 4
v 22 4
v 23 4
v 24 4
v 25 4
v 26 4
v 27 4
v 28 4
v 29 4
e 0 12 1
e 0 18 1
e 1 13 1
e 1 19 1
e 2 10 2
e 3 11 2
e 4 5 1
e 4 8 1
e 4 10 1
e 5 9 1
e 5 11 1
e 6 8 1
e 6 11 1
e 6 22 1
e 7 9 1
e 7 10 1
e 7 23 1
e 8 12 1
e 8 20 1
e 9 13 1
e 9 21 1
e 12 14 2
e 13 15 2
e 14 16 1
e 14 24 1
e 15 17 1
e 15 25 1
e 16 18 2
e 16 26 1
e 17 19 2
e 17 27 1
e 18 28 1
e 19 29 1
t # 43637
v 0 12
v 1 12
v 2 1
v 3 1
v 4 2
v 5 2
v 6 2
v 7 2
v 8 3
v 9 3
v 10 3
v 11 3
v 12 3
v 13 3
v 14 3
v 15 3
v 16 3
v 17 3
v 18 3
v 19 3
v 20 3
v 21 3
v 22 3
v 23 3
v 24 4
v 25 4
v 26 4
v 27 4
v 28 4
v 29 4
v 30 4
v 31 4
v 32 4
v 33 4
v 34 4
v 35 4
e 0 18 1
e 1 19 1
e 2 10 2
e 3 11 2
e 4 5 1
e 4 8 1
e 4 10 1
e 5 9 1
e 5 11 1
e 6 8 1
e 6 11 1
e 6 26 1
e 7 9 1
e 7 10 1
e 7 27 1
e 8 12 1
e 8 24 1
e 9 13 1
e 9 25 1
e 12 14 2
e 12 16 1
e 13 15 2
e 13 17 1
e 14 18 1
e 14 28 1
e 15 19 1
e 15 29 1
e 16 20 2
e 16 30 1
e 17 21 2
e 17 31 1
e 18 22 2
e 19 23 2
e 20 22 1
e 20 32 1
e 21 23 1
e 21 33 1
e 22 34 1
e 23 35 1
t # 43638
v 0 1
v 1 1
v 2 2
v 3 2
v 4 3
v 5 3
v 6 3
v 7 3
v 8 3
v 9 4
v 10 4
v 11 4
v 12 4
v 13 4
v 14 4
v 15 4
v 16 4
e 0 7 2
e 1 8 2
e 2 4 1
e 2 7 1
e 2 12 1
e 3 5 1
e 3 8 1
e 3 16 1
e 4 5 1
e 4 6 1
e 4 9 1
e 5 10 1
e 5 11 1
e 6 13 1
e 6 14 1
e 6 15 1
e 7 8 1
t # 43639
v 0 1
v 1 1
v 2 1
v 3 3
v 4 3
v 5 3
v 6 3
v 7 3
v 8 3
v 9 3
v 10 3
v 11 3
v 12 3
v 13 3
v 14 3
v 15 4
v 16 4
v 17 4
v 18 4
v 19 4
v 20 4
v 21 4
v 22 4
v 23 4
v 24 4
v 25 4
v 26 4
v 27 4
v 28 4
v 29 4
v 30 4
v 31 4
v 32 4
e 0 3 1
e 0 26 1
e 1 10 1
e 1 13 1
e 2 11 1
e 2 14 1
e 3 4 1
e 3 5 1
e 3 15 1
e 4 6 1
e 4 16 1
e 4 17 1
e 5 7 2
e 5 8 1
e 6 9 1
e 6 18 1
e 6 19 1
e 7 10 1
e 7 20 1
e 8 12 2
e 8 21 1
e 9 22 1
e 9 23 1
e 9 24 1
e 10 11 2
e 11 12 1
e 12 25 1
e 13 27 1
e 13 28 1
e 13 29 1
e 14 30 1
e 14 31 1
e 14 32 1
t # 43640
v 0 1
v 1 1
v 2 1
v 3 1
v 4 3
v 5 3
v 6 3
v 7 3
v 8 3
v 9 3
v 10 3
v 11 3
v 12 3
v 13 3
v 14 4
v 15 4
v 16 4
v 17 4
v 18 4
v 19 4
v 20 4
v 21 4
v 22 4
v 23 4
v 24 4
v 25 4
v 26 4
v 27 4
e 0 5 1
e 0 12 1
e 1 5 1
e 1 13 1
e 2 12 2
e 3 13 2
e 4 5 1
e 4 6 1
e 4 7 1
e 4 8 1
e 5 11 1
e 6 9 1
e 6 14 1
e 6 15 1
e 7 10 1
e 7 16 1
e 7 17 1
e 8 18 1
e 8 19 1
e 8 20 1
e 9 12 1
e 9 21 1
e 9 22 1
e 10 13 1
e 10 23 1
e 10 24 1
e 11 25 1
e 11 26 1
e 11 27 1
t # 43641
v 0 2
v 1 2
v 2 2
v 3 2
v 4 3
v 5 3
v 6 3
v 7 3
v 8 3
v 9 3
v 10 3
v 11 3
v 12 3
v 13 3
v 14 3
v 15 3
v 16 3
v 17 3
v 18 3
v 19 3
v 20 4
v 21 4
v 22 4
v 23 4
v 24 4
v 25 4
v 26 4
v 27 4
v 28 4
v 29 4
v 30 4
v 31 4
v 32 4
v 33 4
e 0 8 1
e 1 9 1
e 2 3 1
e 2 8 2
e 3 9 2
e 4 6 1
e 4 8 1
e 4 20 1
e 4 21 1
e 5 7 1
e 5 9 1
e 5 22 1
e 5 23 1
e 6 10 2
e 6 12 1
e 7 11 2
e 7 13 1
e 10 14 1
e 10 24 1
e 11 15 1
e 11 25 1
e 12 16 2
e 12 26 1
e 13 17 2
e 13 27 1
e 14 18 2
e 14 28 1
e 15 19 2
e 15 29 1
e 16 18 1
e 16 30 1
e 17 19 1
e 17 31 1
e 18 32 1
e 19 33 1
t # 43642
v 0 1
v 1 1
v 2 2
v 3 2
v 4 2
v 5 2
v 6 3
v 7 3
v 8 3
v 9 3
v 10 3
v 11 3
v 12 3
v 13 3
v 14 3
v 15 3
v 16 3
v 17 3
v 18 3
v 19 3
v 20 3
v 21 3
v 22 3
v 23 3
v 24 4
v 25 4
v 26 4
v 27 4
v 28 4
v 29 4
v 30 4
v 31 4
v 32 4
v 33 4
v 34 4
v 35 4
v 36 4
v 37 4
v 38 4
v 39 4
v 40 4
v 41 4
e 0 6 1
e 0 40 1
e 1 7 1
e 1 41 1
e 2 10 1
e 3 11 1
e 4 5 1
e 4 10 2
e 5 11 2
e 6 8 1
e 6 10 1
e 6 24 1
e 7 9 1
e 7 11 1
e 7 25 1
e 8 12 2
e 8 14 1
e 9 13 2
e 9 15 1
e 12 18 1
e 12 26 1
e 13 19 1
e 13 27 1
e 14 20 2
e 14 28 1
e 15 21 2
e 15 29 1
e 16 18 2
e 16 20 1
e 16 22 1
e 17 19 2
e 17 21 1
e 17 23 1
e 18 30 1
e 19 31 1
e 20 32 1
e 21 33 1
e 22 34 1
e 22 35 1
e 22 36 1
e 23 37 1
e 23 38 1
e 23 39 1
t # 43643
v 0 27
v 1 27
v 2 1
v 3 1
v 4 2
v 5 2
v 6 3
v 7 3
v 8 3
v 9 3
v 10 3
v 11 3
v 12 3
v 13 3
v 14 3
v 15 3
v 16 3
v 17 3
v 18 3
v 19 3
v 20 3
v 21 3
v 22 3
v 23 3
v 24 3
v 25 4
v 26 4
v 27 4
v 28 4
v 29 4
v 30 4
v 31 4
v 32 4
v 33 4
v 34 4
v 35 4
v 36 4
v 37 4
v 38 4
v 39 4
v 40 4
e 2 9 1
e 2 11 1
e 3 10 1
e 3 12 1
e 6 7 1
e 6 8 1
e 6 25 1
e 6 26 1
e 7 9 1
e 7 27 1
e 7 28 1
e 8 10 1
e 8 29 1
e 8 30 1
e 9 31 1
e 9 32 1
e 10 33 1
e 10 34 1
e 11 13 2
e 11 15 1
e 12 14 2
e 12 16 1
e 13 17 1
e 14 18 1
e 15 19 2
e 15 35 1
e 16 20 2
e 16 36 1
e 17 21 2
e 17 37 1
e 18 22 2
e 18 38 1
e 19 21 1
e 19 39 1
e 20 22 1
e 20 40 1
e 21 23 1
e 22 24 1
t # 43644
v 0 1
v 1 1
v 2 1
v 3 1
v 4 2
v 5 2
v 6 3
v 7 3
v 8 3
v 9 3
v 10 3
v 11 3
v 12 3
v 13 3
v 14 3
v 15 3
v 16 3
v 17 3
v 18 3
v 19 3
v 20 3
v 21 3
v 22 3
v 23 3
v 24 4
v 25 4
v 26 4
v 27 4
v 28 4
v 29 4
v 30 4
v 31 4
v 32 4
v 33 4
v 34 4
v 35 4
v 36 4
v 37 4
v 38 4
v 39 4
v 40 4
v 41 4
e 0 9 1
e 0 11 1
e 1 10 1
e 1 12 1
e 4 19 1
e 6 7 1
e 6 8 1
e 6 24 1
e 6 25 1
e 7 9 1
e 7 26 1
e 7 27 1
e 8 10 1
e 8 28 1
e 8 29 1
e 9 30 1
e 9 31 1
e 10 32 1
e 10 33 1
e 11 13 2
e 11 14 1
e 12 15 2
e 12 16 1
e 13 17 1
e 13 34 1
e 14 18 2
e 14 35 1
e 15 20 1
e 15 36 1
e 16 21 2
e 16 37 1
e 17 19 2
e 17 38 1
e 18 19 1
e 18 39 1
e 20 22 2
e 20 40 1
e 21 22 1
e 21 41 1
e 22 23 1
t # 43645
v 0 1
v 1 1
v 2 2
v 3 2
v 4 3
v 5 3
v 6 3
v 7 3
v 8 3
v 9 3
v 10 3
v 11 3
v 12 3
v 13 3
v 14 3
v 15 3
v 16 3
v 17 3
v 18 3
v 19 3
v 20 3
v 21 3
v 22 4
v 23 4
v 24 4
v 25 4
v 26 4
v 27 4
v 28 4
v 29 4
v 30 4
v 31 4
v 32 4
v 33 4
v 34 4
v 35 4
v 36 4
v 37 4
e 0 6 1
e 0 8 1
e 1 7 1
e 1 9 1
e 4 5 1
e 4 6 1
e 4 22 1
e 4 23 1
e 5 7 1
e 5 24 1
e 5 25 1
e 6 26 1
e 6 27 1
e 7 28 1
e 7 29 1
e 8 10 1
e 8 12 2
e 9 11 1
e 9 13 2
e 10 14 2
e 10 20 1
e 11 15 2
e 11 21 1
e 12 16 1
e 12 30 1
e 13 17 1
e 13 31 1
e 14 18 1
e 14 32 1
e 15 19 1
e 15 33 1
e 16 18 2
e 16 34 1
e 17 19 2
e 17 35 1
e 18 36 1
e 19 37 1
t # 43646
v 0 1
v 1 1
v 2 2
v 3 2
v 4 3
v 5 3
v 6 3
v 7 3
v 8 3
v 9 3
v 10 3
v 11 3
v 12 3
v 13 3
v 14 3
v 15 3
v 16 3
v 17 3
v 18 3
v 19 3
v 20 3
v 21 3
v 22 3
v 23 3
v 24 3
v 25 3
v 26 3
v 27 3
v 28 4
v 29 4
v 30 4
v 31 4
v 32 4
v 33 4
v 34 4
v 35 4
v 36 4
v 37 4
v 38 4
v 39 4
v 40 4
v 41 4
v 42 4
v 43 4
v 44 4
v 45 4
v 46 4
v 47 4
v 48 4
v 49 4
v 50 4
v 51 4
v 52 4
v 53 4
v 54 4
v 55 4
e 0 12 1
e 0 14 1
e 1 13 1
e 1 15 1
e 4 5 1
e 4 6 1
e 4 28 1
e 4 29 1
e 5 7 1
e 5 30 1
e 5 31 1
e 6 8 1
e 6 32 1
e 6 33 1
e 7 9 1
e 7 34 1
e 7 35 1
e 8 10 1
e 8 36 1
e 8 37 1
e 9 11 1
e 9 38 1
e 9 39 1
e 10 12 1
e 10 40 1
e 10 41 1
e 11 13 1
e 11 42 1
e 11 43 1
e 12 44 1
e 12 45 1
e 13 46 1
e 13 47 1
e 14 16 1
e 14 18 2
e 15 17 1
e 15 19 2
e 16 20 2
e 16 26 1
e 17 21 2
e 17 27 1
e 18 22 1
e 18 48 1
e 19 23 1
e 19 49 1
e 20 24 1
e 20 50 1
e 21 25 1
e 21 51 1
e 22 24 2
e 22 52 1
e 23 25 2
e 23 53 1
e 24 54 1
e 25 55 1
t # 43647
v 0 11
v 1 1
v 2 1
v 3 1
v 4 1
v 5 3
v 6 3
v 7 3
v 8 3
v 9 3
v 10 3
v 11 3
v 12 3
v 13 3
v 14 3
v 15 4
v 16 4
v 17 4
v 18 4
v 19 4
v 20 4
v 21 4
v 22 4
v 23 4
v 24 4
v 25 4
v 26 4
e 0 6 1
e 0 12 1
e 1 9 1
e 1 13 1
e 2 10 1
e 2 22 1
e 3 14 1
e 3 26 1
e 4 14 2
e 5 6 1
e 5 7 2
e 5 8 1
e 6 15 1
e 6 16 1
e 7 9 1
e 7 17 1
e 8 11 2
e 8 18 1
e 9 10 2
e 10 11 1
e 11 19 1
e 12 14 1
e 12 20 1
e 12 21 1
e 13 23 1
e 13 24 1
e 13 25 1
t # 43648
v 0 1
v 1 1
v 2 1
v 3 1
v 4 1
v 5 1
v 6 3
v 7 3
v 8 3
v 9 3
v 10 3
v 11 3
v 12 3
v 13 3
v 14 3
v 15 3
v 16 3
v 17 4
v 18 4
v 19 4
v 20 4
v 21 4
v 22 4
v 23 4
v 24 4
v 25 4
v 26 4
v 27 4
v 28 4
v 29 4
v 30 4
v 31 4
v 32 4
e 0 7 1
e 0 9 1
e 1 6 1
e 1 12 1
e 2 8 1
e 2 11 1
e 3 9 1
e 3 11 1
e 4 10 1
e 4 12 1
e 5 13 1
e 5 14 1
e 6 7 1
e 6 8 1
e 6 17 1
e 7 10 1
e 7 18 1
e 8 9 1
e 8 19 1
e 9 20 1
e 10 13 1
e 10 21 1
e 11 15 1
e 11 16 1
e 12 14 1
e 12 22 1
e 13 23 1
e 13 24 1
e 14 25 1
e 14 26 1
e 15 27 1
e 15 28 1
e 15 29 1
e 16 30 1
e 16 31 1
e 16 32 1
t # 43649
v 0 1
v 1 1
v 2 1
v 3 1
v 4 1
v 5 1
v 6 3
v 7 3
v 8 3
v 9 3
v 10 3
v 11 3
v 12 3
v 13 3
v 14 3
v 15 3
v 16 3
v 17 4
v 18 4
v 19 4
v 20 4
v 21 4
v 22 4
v 23 4
v 24 4
v 25 4
v 26 4
v 27 4
v 28 4
e 0 6 1
e 0 8 1
e 1 13 1
e 1 14 1
e 2 12 1
e 2 15 1
e 3 12 1
e 3 16 1
e 4 13 2
e 5 14 2
e 6 7 1
e 6 10 1
e 6 12 1
e 7 9 1
e 7 13 1
e 7 17 1
e 8 9 1
e 8 11 1
e 8 18 1
e 9 14 1
e 9 19 1
e 10 11 1
e 10 20 1
e 10 21 1
e 11 22 1
e 11 23 1
e 12 24 1
e 15 16 1
e 15 25 1
e 15 26 1
e 16 27 1
e 16 28 1
t # 43650
v 0 1
v 1 1
v 2 3
v 3 3
v 4 3
v 5 3
v 6 3
v 7 3
v 8 3
v 9 3
v 10 3
v 11 3
v 12 3
v 13 3
v 14 3
v 15 3
v 16 4
v 17 4
v 18 4
v 19 4
v 20 4
v 21 4
v 22 4
v 23 4
v 24 4
v 25 4
v 26 4
v 27 4
v 28 4
v 29 4
e 0 15 1
e 0 29 1
e 1 15 2
e 2 3 1
e 2 5 1
e 2 7 2
e 3 4 1
e 3 10 2
e 4 6 1
e 4 11 2
e 5 8 1
e 5 16 1
e 5 17 1
e 6 9 2
e 6 12 1
e 7 9 1
e 7 18 1
e 8 15 1
e 8 19 1
e 8 20 1
e 9 21 1
e 10 13 1
e 10 22 1
e 11 14 1
e 11 23 1
e 12 24 1
e 12 25 1
e 12 26 1
e 13 14 2
e 13 27 1
e 14 28 1
t # 43651
v 0 1
v 1 1
v 2 3
v 3 3
v 4 3
v 5 3
v 6 3
v 7 3
v 8 3
v 9 3
v 10 3
v 11 3
v 12 3
v 13 4
v 14 4
v 15 4
v 16 4
v 17 4
v 18 4
v 19 4
v 20 4
v 21 4
v 22 4
v 23 4
v 24 4
e 0 2 1
e 0 7 1
e 1 7 2
e 2 3 1
e 2 6 1
e 2 13 1
e 3 4 1
e 3 14 1
e 3 15 1
e 4 5 1
e 4 16 1
e 4 17 1
e 5 7 1
e 5 18 1
e 5 19 1
e 6 8 2
e 6 9 1
e 8 10 1
e 8 20 1
e 9 11 2
e 9 21 1
e 10 12 2
e 10 22 1
e 11 12 1
e 11 23 1
e 12 24 1
t # 43652
v 0 1
v 1 1
v 2 1
v 3 3
v 4 3
v 5 3
v 6 3
v 7 3
v 8 3
v 9 3
v 10 3
v 11 3
v 12 3
v 13 3
v 14 3
v 15 4
v 16 4
v 17 4
v 18 4
v 19 4
v 20 4
v 21 4
v 22 4
v 23 4
v 24 4
v 25 4
v 26 4
v 27 4
v 28 4
e 0 5 1
e 0 10 1
e 1 6 1
e 1 11 1
e 2 13 2
e 3 4 1
e 3 7 2
e 3 9 1
e 4 8 1
e 4 15 1
e 4 16 1
e 5 6 2
e 5 7 1
e 6 12 1
e 7 17 1
e 8 13 1
e 8 18 1
e 8 19 1
e 9 12 2
e 9 20 1
e 10 11 1
e 10 21 1
e 10 22 1
e 11 23 1
e 11 24 1
e 12 25 1
e 13 14 1
e 14 26 1
e 14 27 1
e 14 28 1
t # 43653
v 0 1
v 1 1
v 2 1
v 3 3
v 4 3
v 5 3
v 6 3
v 7 3
v 8 3
v 9 3
v 10 3
v 11 3
v 12 3
v 13 3
v 14 3
v 15 3
v 16 3
v 17 3
v 18 3
v 19 4
v 20 4
v 21 4
v 22 4
v 23 4
v 24 4
v 25 4
v 26 4
v 27 4
v 28 4
v 29 4
v 30 4
v 31 4
v 32 4
v 33 4
v 34 4
v 35 4
v 36 4
e 0 15 2
e 1 18 1
e 1 36 1
e 2 18 2
e 3 4 1
e 3 5 1
e 3 6 1
e 3 19 1
e 4 8 2
e 4 9 1
e 5 7 1
e 5 20 1
e 5 21 1
e 6 10 1
e 6 22 1
e 6 23 1
e 7 8 1
e 7 24 1
e 7 25 1
e 8 13 1
e 9 11 1
e 9 12 2
e 10 11 1
e 10 26 1
e 10 27 1
e 11 28 1
e 11 29 1
e 12 14 1
e 12 15 1
e 13 14 2
e 13 30 1
e 14 31 1
e 15 16 1
e 16 17 1
e 16 32 1
e 16 33 1
e 17 18 1
e 17 34 1
e 17 35 1
t # 43654
v 0 1
v 1 1
v 2 1
v 3 3
v 4 3
v 5 3
v 6 3
v 7 3
v 8 3
v 9 3
v 10 3
v 11 3
v 12 4
v 13 4
v 14 4
v 15 4
v 16 4
v 17 4
v 18 4
v 19 4
v 20 4
v 21 4
v 22 4
v 23 4
v 24 4
v 25 4
e 0 5 2
e 1 8 2
e 2 9 2
e 3 5 1
e 3 6 1
e 3 12 1
e 3 13 1
e 4 5 1
e 4 7 1
e 4 14 1
e 4 15 1
e 6 8 1
e 6 16 1
e 6 17 1
e 7 9 1
e 7 18 1
e 7 19 1
e 8 10 1
e 9 11 1
e 10 20 1
e 10 21 1
e 10 22 1
e 11 23 1
e 11 24 1
e 11 25 1
t # 43655
v 0 1
v 1 1
v 2 1
v 3 3
v 4 3
v 5 3
v 6 3
v 7 3
v 8 3
v 9 3
v 10 3
v 11 3
v 12 3
v 13 3
v 14 3
v 15 3
v 16 4
v 17 4
v 18 4
v 19 4
v 20 4
v 21 4
v 22 4
v 23 4
v 24 4
v 25 4
e 0 7 1
e 0 15 1
e 1 12 1
e 1 25 1
e 2 4 2
e 3 4 1
e 3 5 2
e 3 6 1
e 4 8 1
e 5 9 1
e 5 16 1
e 6 10 2
e 6 17 1
e 7 11 1
e 7 13 2
e 8 11 2
e 8 18 1
e 9 12 2
e 9 20 1
e 10 12 1
e 10 21 1
e 11 19 1
e 13 14 1
e 13 22 1
e 14 15 2
e 14 23 1
e 15 24 1
t # 43656
v 0 18
v 1 1
v 2 1
v 3 3
v 4 3
v 5 3
v 6 3
v 7 3
v 8 3
v 9 3
v 10 3
v 11 3
v 12 3
v 13 4
v 14 4
v 15 4
v 16 4
v 17 4
v 18 4
v 19 4
v 20 4
v 21 4
v 22 4
v 23 4
v 24 4
v 25 4
v 26 4
v 27 4
v 28 4
v 29 4
v 30 4
v 31 4
e 1 3 1
e 1 8 1
e 2 3 1
e 2 9 1
e 3 4 1
e 3 6 1
e 4 5 1
e 4 13 1
e 4 14 1
e 5 7 1
e 5 15 1
e 5 16 1
e 6 10 1
e 6 17 1
e 6 18 1
e 7 11 1
e 7 19 1
e 7 20 1
e 8 9 1
e 8 21 1
e 8 22 1
e 9 23 1
e 9 24 1
e 10 25 1
e 10 26 1
e 10 27 1
e 11 12 1
e 11 28 1
e 11 29 1
e 12 30 1
e 12 31 1
t # 43657
v 0 1
v 1 2
v 2 2
v 3 3
v 4 3
v 5 3
v 6 3
v 7 3
v 8 3
v 9 3
v 10 3
v 11 3
v 12 4
v 13 4
v 14 4
v 15 4
v 16 4
v 17 4
v 18 4
v 19 4
v 20 4
v 21 4
v 22 4
v 23 4
v 24 4
v 25 4
v 26 4
v 27 4
v 28 4
v 29 4
v 30 4
v 31 4
e 1 9 1
e 2 11 1
e 3 4 1
e 3 5 1
e 3 12 1
e 3 13 1
e 4 6 1
e 4 14 1
e 4 15 1
e 5 7 1
e 5 16 1
e 5 17 1
e 6 8 1
e 6 18 1
e 6 19 1
e 7 9 1
e 7 20 1
e 7 21 1
e 8 10 1
e 8 22 1
e 8 23 1
e 9 24 1
e 9 25 1
e 10 26 1
e 10 27 1
e 10 28 1
e 11 29 1
e 11 30 1
e 11 31 1
t # 43658
v 0 1
v 1 1
v 2 1
v 3 2
v 4 2
v 5 2
v 6 3
v 7 3
v 8 3
v 9 3
v 10 3
v 11 3
v 12 3
v 13 3
v 14 3
v 15 3
v 16 4
v 17 4
v 18 4
v 19 4
v 20 4
v 21 4
v 22 4
v 23 4
v 24 4
e 0 11 2
e 3 4 1
e 3 8 1
e 3 11 1
e 4 7 2
e 5 13 1
e 6 7 1
e 6 8 2
e 6 9 1
e 7 10 1
e 8 16 1
e 9 14 2
e 9 17 1
e 10 13 2
e 10 18 1
e 11 12 1
e 12 15 1
e 12 19 1
e 12 20 1
e 13 14 1
e 14 21 1
e 15 22 1
e 15 23 1
e 15 24 1
t # 43659
v 0 1
v 1 1
v 2 1
v 3 2
v 4 2
v 5 2
v 6 3
v 7 3
v 8 3
v 9 3
v 10 3
v 11 3
v 12 3
v 13 3
v 14 3
v 15 4
v 16 4
v 17 4
v 18 4
v 19 4
v 20 4
v 21 4
e 0 13 2
e 3 4 1
e 3 8 1
e 3 13 1
e 4 7 2
e 5 11 1
e 6 7 1
e 6 8 2
e 6 9 1
e 7 10 1
e 8 15 1
e 9 11 2
e 9 16 1
e 10 12 2
e 10 17 1
e 11 12 1
e 12 18 1
e 13 14 1
e 14 19 1
e 14 20 1
e 14 21 1
t # 43660
v 0 1
v 1 1
v 2 1
v 3 1
v 4 1
v 5 1
v 6 2
v 7 2
v 8 3
v 9 3
v 10 3
v 11 3
v 12 3
v 13 3
v 14 3
v 15 3
v 16 3
v 17 3
v 18 3
v 19 3
v 20 3
v 21 3
v 22 3
v 23 3
v 24 3
v 25 3
v 26 3
v 27 3
v 28 4
v 29 4
v 30 4
v 31 4
v 32 4
v 33 4
v 34 4
v 35 4
v 36 4
v 37 4
v 38 4
v 39 4
v 40 4
v 41 4
v 42 4
v 43 4
e 0 21 1
e 0 26 1
e 1 24 1
e 1 27 1
e 2 21 2
e 3 25 1
e 3 40 1
e 4 24 2
e 5 25 2
e 6 7 1
e 6 10 2
e 7 15 1
e 7 33 1
e 8 9 1
e 8 10 1
e 8 13 2
e 9 11 1
e 9 14 2
e 10 12 1
e 11 16 1
e 11 17 2
e 12 15 2
e 12 21 1
e 13 18 1
e 13 28 1
e 14 19 1
e 14 29 1
e 15 24 1
e 16 20 2
e 16 25 1
e 17 22 1
e 17 30 1
e 18 19 2
e 18 31 1
e 19 32 1
e 20 23 1
e 20 34 1
e 22 23 2
e 22 35 1
e 23 36 1
e 26 37 1
e 26 38 1
e 26 39 1
e 27 41 1
e 27 42 1
e 27 43 1
t # 43661
v 0 1
v 1 1
v 2 2
v 3 2
v 4 3
v 5 3
v 6 3
v 7 3
v 8 3
v 9 3
v 10 3
v 11 3
v 12 3
v 13 3
v 14 3
v 15 3
v 16 3
v 17 3
v 18 4
v 19 4
v 20 4
v 21 4
v 22 4
v 23 4
v 24 4
v 25 4
v 26 4
v 27 4
v 28 4
v 29 4
v 30 4
v 31 4
v 32 4
v 33 4
e 0 9 2
e 1 10 2
e 2 3 1
e 2 11 2
e 3 12 1
e 3 28 1
e 4 5 1
e 4 6 1
e 4 7 1
e 4 8 1
e 5 9 1
e 5 18 1
e 5 19 1
e 6 10 1
e 6 20 1
e 6 21 1
e 7 22 1
e 7 23 1
e 7 24 1
e 8 25 1
e 8 26 1
e 8 27 1
e 9 11 1
e 10 11 1
e 12 13 2
e 12 14 1
e 13 15 1
e 13 29 1
e 14 16 2
e 14 30 1
e 15 17 2
e 15 31 1
e 16 17 1
e 16 32 1
e 17 33 1
t # 43662
v 0 1
v 1 1
v 2 1
v 3 2
v 4 2
v 5 2
v 6 3
v 7 3
v 8 3
v 9 3
v 10 3
v 11 3
v 12 3
v 13 3
v 14 3
v 15 3
v 16 4
v 17 4
v 18 4
v 19 4
v 20 4
v 21 4
v 22 4
v 23 4
v 24 4
e 0 9 2
e 3 4 1
e 3 6 1
e 3 9 1
e 4 11 2
e 5 13 1
e 6 7 2
e 6 8 1
e 7 10 1
e 7 11 1
e 8 13 2
e 8 16 1
e 9 12 1
e 10 14 2
e 10 17 1
e 11 18 1
e 12 15 1
e 12 19 1
e 12 20 1
e 13 14 1
e 14 21 1
e 15 22 1
e 15 23 1
e 15 24 1
t # 43663
v 0 1
v 1 2
v 2 2
v 3 3
v 4 3
v 5 3
v 6 3
v 7 3
v 8 3
v 9 3
v 10 3
v 11 3
v 12 3
v 13 3
v 14 3
v 15 3
v 16 3
v 17 3
v 18 3
v 19 4
v 20 4
v 21 4
v 22 4
v 23 4
v 24 4
v 25 4
v 26 4
v 27 4
v 28 4
v 29 4
v 30 4
v 31 4
v 32 4
e 0 9 2
e 1 2 1
e 1 4 1
e 1 9 1
e 2 5 2
e 3 4 1
e 3 5 1
e 3 7 2
e 4 8 2
e 5 6 1
e 6 13 2
e 6 14 1
e 7 11 1
e 7 19 1
e 8 12 1
e 8 20 1
e 9 10 1
e 10 15 1
e 10 21 1
e 10 22 1
e 11 12 2
e 11 23 1
e 12 24 1
e 13 16 1
e 13 25 1
e 14 17 2
e 14 26 1
e 15 27 1
e 15 28 1
e 15 29 1
e 16 18 2
e 16 30 1
e 17 18 1
e 17 31 1
e 18 32 1
t # 43664
v 0 1
v 1 1
v 2 2
v 3 2
v 4 3
v 5 3
v 6 3
v 7 3
v 8 3
v 9 3
v 10 3
v 11 3
v 12 3
v 13 3
v 14 3
v 15 3
v 16 3
v 17 3
v 18 3
v 19 4
v 20 4
v 21 4
v 22 4
v 23 4
v 24 4
v 25 4
v 26 4
e 0 8 2
e 1 10 2
e 2 3 1
e 2 4 1
e 2 10 1
e 3 9 2
e 4 5 2
e 4 8 1
e 5 9 1
e 5 11 1
e 6 7 1
e 6 8 1
e 6 12 2
e 7 10 1
e 7 13 2
e 9 14 1
e 11 15 2
e 11 19 1
e 12 17 1
e 12 20 1
e 13 18 1
e 13 21 1
e 14 16 2
e 14 22 1
e 15 16 1
e 15 23 1
e 16 24 1
e 17 18 2
e 17 25 1
e 18 26 1
t # 43665
v 0 8
v 1 1
v 2 2
v 3 2
v 4 2
v 5 3
v 6 3
v 7 3
v 8 3
v 9 3
v 10 3
v 11 3
v 12 3
v 13 3
v 14 3
v 15 3
v 16 3
v 17 3
v 18 3
v 19 3
v 20 3
v 21 3
v 22 3
v 23 3
v 24 3
v 25 3
v 26 3
v 27 3
v 28 3
v 29 3
v 30 3
v 31 4
v 32 4
v 33 4
v 34 4
v 35 4
v 36 4
v 37 4
v 38 4
v 39 4
v 40 4
v 41 4
v 42 4
v 43 4
v 44 4
v 45 4
v 46 4
v 47 4
v 48 4
v 49 4
v 50 4
e 1 26 2
e 2 3 1
e 3 14 1
e 3 37 1
e 4 25 2
e 4 26 1
e 5 8 2
e 5 11 1
e 6 9 2
e 6 12 1
e 7 10 2
e 7 13 1
e 8 15 1
e 8 31 1
e 9 16 1
e 9 32 1
e 10 17 1
e 10 33 1
e 11 18 2
e 11 34 1
e 12 19 2
e 12 35 1
e 13 20 2
e 13 36 1
e 14 21 2
e 14 26 1
e 15 22 2
e 15 38 1
e 16 23 2
e 16 39 1
e 17 24 2
e 17 40 1
e 18 22 1
e 18 41 1
e 19 23 1
e 19 42 1
e 20 24 1
e 20 43 1
e 21 25 1
e 21 27 1
e 22 44 1
e 23 45 1
e 24 46 1
e 25 28 1
e 27 29 2
e 27 47 1
e 28 30 2
e 28 48 1
e 29 30 1
e 29 49 1
e 30 50 1
t # 43666
v 0 1
v 1 3
v 2 3
v 3 3
v 4 3
v 5 3
v 6 3
v 7 3
v 8 3
v 9 4
v 10 4
v 11 4
v 12 4
v 13 4
v 14 4
v 15 4
v 16 4
v 17 4
v 18 4
v 19 4
v 20 4
v 21 4
v 22 4
v 23 4
v 24 4
e 0 4 1
e 0 18 1
e 1 2 1
e 1 3 1
e 1 4 1
e 1 5 1
e 2 3 1
e 2 9 1
e 2 10 1
e 3 11 1
e 3 12 1
e 4 6 1
e 4 13 1
e 5 14 1
e 5 15 1
e 5 16 1
e 6 7 1
e 6 8 1
e 6 17 1
e 7 19 1
e 7 20 1
e 7 21 1
e 8 22 1
e 8 23 1
e 8 24 1
t # 43667
v 0 1
v 1 3
v 2 3
v 3 3
v 4 3
v 5 3
v 6 3
v 7 3
v 8 3
v 9 3
v 10 3
v 11 3
v 12 4
v 13 4
v 14 4
v 15 4
v 16 4
v 17 4
v 18 4
v 19 4
v 20 4
v 21 4
v 22 4
v 23 4
v 24 4
v 25 4
v 26 4
v 27 4
v 28 4
v 29 4
v 30 4
v 31 4
e 0 6 1
e 0 10 1
e 1 2 1
e 1 3 1
e 1 4 1
e 1 12 1
e 2 3 1
e 2 5 1
e 2 13 1
e 3 6 1
e 3 14 1
e 4 7 1
e 4 15 1
e 4 16 1
e 5 8 1
e 5 17 1
e 5 18 1
e 6 9 1
e 6 19 1
e 7 8 1
e 7 20 1
e 7 21 1
e 8 22 1
e 8 23 1
e 9 24 1
e 9 25 1
e 9 26 1
e 10 11 1
e 10 27 1
e 10 28 1
e 11 29 1
e 11 30 1
e 11 31 1
t # 43668
v 0 11
v 1 1
v 2 2
v 3 2
v 4 2
v 5 3
v 6 3
v 7 3
v 8 3
v 9 3
v 10 3
v 11 3
v 12 3
v 13 3
v 14 3
v 15 3
v 16 3
v 17 3
v 18 3
v 19 4
v 20 4
v 21 4
v 22 4
v 23 4
v 24 4
v 25 4
v 26 4
v 27 4
v 28 4
v 29 4
v 30 4
v 31 4
e 1 12 2
e 2 3 1
e 2 8 1
e 2 12 1
e 3 9 1
e 4 12 1
e 4 13 1
e 5 6 1
e 5 7 1
e 5 8 1
e 5 19 1
e 6 7 1
e 6 9 1
e 6 20 1
e 7 21 1
e 7 22 1
e 8 10 1
e 8 23 1
e 9 11 1
e 9 24 1
e 10 11 2
e 10 25 1
e 11 26 1
e 13 14 2
e 13 15 1
e 14 16 1
e 14 27 1
e 15 17 2
e 15 28 1
e 16 18 2
e 16 29 1
e 17 18 1
e 17 30 1
e 18 31 1
t # 43669
v 0 1
v 1 1
v 2 3
v 3 3
v 4 3
v 5 3
v 6 3
v 7 3
v 8 3
v 9 3
v 10 3
v 11 3
v 12 3
v 13 3
v 14 3
v 15 3
v 16 3
v 17 3
v 18 3
v 19 4
v 20 4
v 21 4
v 22 4
v 23 4
v 24 4
v 25 4
v 26 4
v 27 4
v 28 4
v 29 4
v 30 4
v 31 4
v 32 4
e 0 5 2
e 1 6 2
e 2 3 1
e 2 4 1
e 2 5 1
e 2 19 1
e 3 4 1
e 3 6 1
e 3 20 1
e 4 21 1
e 4 22 1
e 5 7 1
e 6 8 1
e 7 9 2
e 7 11 1
e 8 10 2
e 8 12 1
e 9 13 1
e 9 23 1
e 10 14 1
e 10 24 1
e 11 15 2
e 11 25 1
e 12 16 2
e 12 26 1
e 13 17 2
e 13 27 1
e 14 18 2
e 14 28 1
e 15 17 1
e 15 29 1
e 16 18 1
e 16 30 1
e 17 31 1
e 18 32 1
t # 43670
v 0 1
v 1 2
v 2 3
v 3 3
v 4 3
v 5 3
v 6 3
v 7 3
v 8 3
v 9 3
v 10 3
v 11 3
v 12 3
v 13 3
v 14 3
v 15 4
v 16 4
v 17 4
v 18 4
v 19 4
v 20 4
v 21 4
v 22 4
v 23 4
v 24 4
v 25 4
v 26 4
v 27 4
v 28 4
v 29 4
v 30 4
v 31 4
v 32 4
v 33 4
e 0 6 2
e 1 2 1
e 1 6 1
e 1 19 1
e 2 3 1
e 2 4 1
e 2 7 1
e 3 5 1
e 3 6 1
e 3 8 1
e 4 9 1
e 4 15 1
e 4 16 1
e 5 10 1
e 5 17 1
e 5 18 1
e 7 11 1
e 7 20 1
e 7 21 1
e 8 12 1
e 8 22 1
e 8 23 1
e 9 13 1
e 9 24 1
e 9 25 1
e 10 14 1
e 10 26 1
e 10 27 1
e 11 12 2
e 11 28 1
e 12 29 1
e 13 14 1
e 13 30 1
e 13 31 1
e 14 32 1
e 14 33 1
t # 43671
v 0 1
v 1 3
v 2 3
v 3 3
v 4 3
v 5 3
v 6 3
v 7 3
v 8 3
v 9 3
v 10 3
v 11 3
v 12 3
v 13 3
v 14 3
v 15 3
v 16 3
v 17 4
v 18 4
v 19 4
v 20 4
v 21 4
v 22 4
v 23 4
v 24 4
v 25 4
v 26 4
v 27 4
v 28 4
v 29 4
v 30 4
v 31 4
v 32 4
v 33 4
v 34 4
v 35 4
v 36 4
e 0 5 1
e 0 31 1
e 1 2 1
e 1 4 1
e 1 6 1
e 1 8 1
e 2 3 1
e 2 9 1
e 2 10 1
e 3 5 1
e 3 7 1
e 3 17 1
e 4 5 1
e 4 18 1
e 4 19 1
e 5 20 1
e 6 7 2
e 6 11 1
e 7 21 1
e 8 22 1
e 8 23 1
e 8 24 1
e 9 25 1
e 9 26 1
e 9 27 1
e 10 28 1
e 10 29 1
e 10 30 1
e 11 12 2
e 11 13 1
e 12 14 1
e 12 32 1
e 13 15 2
e 13 33 1
e 14 16 2
e 14 34 1
e 15 16 1
e 15 35 1
e 16 36 1
t # 43672
v 0 12
v 1 11
v 2 1
v 3 1
v 4 3
v 5 3
v 6 3
v 7 3
v 8 3
v 9 3
v 10 3
v 11 3
v 12 3
v 13 3
v 14 3
v 15 3
v 16 3
v 17 4
v 18 4
v 19 4
v 20 4
v 21 4
v 22 4
v 23 4
v 24 4
v 25 4
e 1 2 2
e 1 3 2
e 1 4 1
e 4 5 1
e 4 6 1
e 4 17 1
e 5 7 1
e 5 9 2
e 6 8 1
e 6 10 2
e 7 8 1
e 7 11 2
e 8 12 2
e 9 13 1
e 9 18 1
e 10 14 1
e 10 19 1
e 11 15 1
e 11 20 1
e 12 16 1
e 12 21 1
e 13 15 2
e 13 22 1
e 14 16 2
e 14 23 1
e 15 24 1
e 16 25 1
t # 43673
v 0 1
v 1 1
v 2 1
v 3 1
v 4 2
v 5 2
v 6 3
v 7 3
v 8 3
v 9 3
v 10 3
v 11 3
v 12 4
v 13 4
v 14 4
v 15 4
e 0 10 1
e 0 14 1
e 1 11 1
e 1 15 1
e 2 10 2
e 3 11 2
e 4 5 1
e 4 8 2
e 5 9 2
e 6 7 2
e 6 8 1
e 6 12 1
e 7 9 1
e 7 13 1
e 8 10 1
e 9 11 1
t # 43674
v 0 1
v 1 3
v 2 3
v 3 3
v 4 3
v 5 3
v 6 3
v 7 3
v 8 4
v 9 4
v 10 4
v 11 4
v 12 4
v 13 4
v 14 4
v 15 4
v 16 4
v 17 4
v 18 4
v 19 4
e 0 2 1
e 0 19 1
e 1 2 1
e 1 3 1
e 1 8 1
e 1 9 1
e 2 5 1
e 2 10 1
e 3 4 1
e 3 11 1
e 3 12 1
e 4 6 1
e 4 13 1
e 4 14 1
e 5 6 2
e 5 7 1
e 6 15 1
e 7 16 1
e 7 17 1
e 7 18 1
t # 43675
v 0 11
v 1 1
v 2 1
v 3 2
v 4 3
v 5 3
v 6 3
v 7 3
v 8 3
v 9 3
v 10 3
v 11 3
v 12 3
v 13 4
v 14 4
v 15 4
v 16 4
v 17 4
v 18 4
v 19 4
v 20 4
v 21 4
v 22 4
v 23 4
v 24 4
v 25 4
v 26 4
v 27 4
v 28 4
v 29 4
e 0 1 2
e 0 2 2
e 0 5 1
e 0 6 1
e 3 4 1
e 3 7 1
e 3 8 1
e 4 5 1
e 4 6 1
e 4 13 1
e 5 9 1
e 5 14 1
e 6 15 1
e 6 16 1
e 7 10 1
e 7 17 1
e 7 18 1
e 8 11 1
e 8 19 1
e 8 20 1
e 9 21 1
e 9 22 1
e 9 23 1
e 10 12 1
e 10 24 1
e 10 25 1
e 11 12 1
e 11 26 1
e 11 27 1
e 12 28 1
e 12 29 1
t # 43676
v 0 1
v 1 2
v 2 3
v 3 3
v 4 3
v 5 3
v 6 3
v 7 3
v 8 3
v 9 3
v 10 3
v 11 3
v 12 3
v 13 4
v 14 4
v 15 4
v 16 4
v 17 4
v 18 4
v 19 4
v 20 4
v 21 4
v 22 4
v 23 4
e 0 6 2
e 1 3 1
e 1 6 1
e 1 19 1
e 2 3 1
e 2 4 1
e 2 6 1
e 2 13 1
e 3 5 1
e 3 14 1
e 4 7 1
e 4 15 1
e 4 16 1
e 5 8 1
e 5 9 2
e 7 8 1
e 7 17 1
e 7 18 1
e 8 10 2
e 9 11 1
e 9 20 1
e 10 12 1
e 10 21 1
e 11 12 2
e 11 22 1
e 12 23 1
t # 43677
v 0 11
v 1 1
v 2 1
v 3 1
v 4 2
v 5 3
v 6 3
v 7 3
v 8 3
v 9 3
v 10 3
v 11 3
v 12 3
v 13 3
v 14 3
v 15 3
v 16 3
v 17 3
v 18 3
v 19 3
v 20 3
v 21 3
v 22 3
v 23 3
v 24 3
v 25 3
v 26 3
v 27 3
v 28 3
v 29 3
v 30 3
v 31 3
v 32 4
v 33 4
v 34 4
v 35 4
v 36 4
v 37 4
v 38 4
v 39 4
v 40 4
v 41 4
v 42 4
v 43 4
v 44 4
v 45 4
v 46 4
v 47 4
v 48 4
v 49 4
v 50 4
v 51 4
v 52 4
v 53 4
v 54 4
e 0 2 2
e 0 3 2
e 0 31 1
e 1 5 1
e 1 6 1
e 4 17 1
e 4 18 1
e 5 7 1
e 5 9 1
e 5 11 1
e 6 8 1
e 6 10 1
e 6 12 1
e 7 8 1
e 7 13 1
e 7 32 1
e 8 14 1
e 8 33 1
e 9 10 1
e 9 15 2
e 10 16 2
e 11 19 2
e 11 21 1
e 12 20 2
e 12 22 1
e 13 17 2
e 13 34 1
e 14 18 2
e 14 35 1
e 15 23 1
e 15 36 1
e 16 24 1
e 16 37 1
e 17 38 1
e 18 39 1
e 19 25 1
e 19 40 1
e 20 26 1
e 20 41 1
e 21 27 2
e 21 42 1
e 22 28 2
e 22 43 1
e 23 24 2
e 23 44 1
e 24 45 1
e 25 29 2
e 25 46 1
e 26 30 2
e 26 47 1
e 27 29 1
e 27 48 1
e 28 30 1
e 28 49 1
e 29 50 1
e 30 51 1
e 31 52 1
e 31 53 1
e 31 54 1
t # 43678
v 0 2
v 1 2
v 2 3
v 3 3
v 4 3
v 5 3
v 6 3
v 7 3
v 8 3
v 9 3
v 10 3
v 11 3
v 12 3
v 13 3
v 14 3
v 15 3
v 16 3
v 17 3
v 18 3
v 19 3
v 20 3
v 21 3
v 22 3
v 23 3
v 24 3
v 25 3
v 26 4
v 27 4
v 28 4
v 29 4
v 30 4
v 31 4
v 32 4
v 33 4
v 34 4
v 35 4
v 36 4
v 37 4
v 38 4
v 39 4
v 40 4
v 41 4
v 42 4
v 43 4
v 44 4
v 45 4
v 46 4
v 47 4
e 0 2 1
e 1 3 1
e 2 4 1
e 2 5 1
e 2 12 1
e 3 6 1
e 3 7 1
e 3 13 1
e 4 6 1
e 4 8 1
e 4 26 1
e 5 7 1
e 5 9 1
e 5 27 1
e 6 10 1
e 6 28 1
e 7 11 1
e 7 29 1
e 8 10 2
e 8 30 1
e 9 11 2
e 9 31 1
e 10 32 1
e 11 33 1
e 12 14 1
e 12 34 1
e 12 35 1
e 13 15 1
e 13 36 1
e 13 37 1
e 14 16 2
e 14 18 1
e 15 17 2
e 15 19 1
e 16 20 1
e 16 38 1
e 17 21 1
e 17 39 1
e 18 22 2
e 18 40 1
e 19 23 2
e 19 41 1
e 20 24 2
e 20 42 1
e 21 25 2
e 21 43 1
e 22 24 1
e 22 44 1
e 23 25 1
e 23 45 1
e 24 46 1
e 25 47 1
t # 43679
v 0 11
v 1 11
v 2 1
v 3 1
v 4 1
v 5 1
v 6 1
v 7 1
v 8 1
v 9 1
v 10 3
v 11 3
v 12 3
v 13 3
v 14 3
v 15 3
v 16 3
v 17 3
v 18 3
v 19 4
v 20 4
v 21 4
v 22 4
v 23 4
v 24 4
v 25 4
v 26 4
v 27 4
v 28 4
v 29 4
v 30 4
v 31 4
v 32 4
v 33 4
v 34 4
e 0 2 2
e 0 3 2
e 0 10 1
e 0 11 1
e 1 4 2
e 1 5 2
e 1 10 1
e 1 12 1
e 6 13 1
e 6 15 1
e 7 14 1
e 7 16 1
e 8 13 2
e 9 14 2
e 10 19 1
e 10 20 1
e 11 13 1
e 11 21 1
e 11 22 1
e 12 14 1
e 12 23 1
e 12 24 1
e 15 17 1
e 15 25 1
e 15 26 1
e 16 18 1
e 16 27 1
e 16 28 1
e 17 29 1
e 17 30 1
e 17 31 1
e 18 32 1
e 18 33 1
e 18 34 1
t # 43680
v 0 11
v 1 1
v 2 1
v 3 1
v 4 3
v 5 3
v 6 3
v 7 3
v 8 3
v 9 3
v 10 4
v 11 4
v 12 4
v 13 4
v 14 4
v 15 4
v 16 4
v 17 4
e 0 1 2
e 0 2 2
e 0 5 1
e 0 7 1
e 3 8 2
e 4 5 1
e 4 6 1
e 4 7 1
e 4 10 1
e 5 8 1
e 5 11 1
e 6 8 1
e 6 9 1
e 6 12 1
e 7 13 1
e 7 14 1
e 9 15 1
e 9 16 1
e 9 17 1
t # 43681
v 0 1
v 1 1
v 2 1
v 3 1
v 4 2
v 5 3
v 6 3
v 7 3
v 8 3
v 9 3
v 10 3
v 11 3
v 12 3
v 13 3
v 14 3
v 15 3
v 16 3
v 17 3
v 18 3
v 19 3
v 20 3
v 21 3
v 22 3
v 23 3
v 24 4
v 25 4
v 26 4
v 27 4
v 28 4
v 29 4
v 30 4
v 31 4
v 32 4
v 33 4
v 34 4
v 35 4
v 36 4
v 37 4
v 38 4
v 39 4
v 40 4
v 41 4
v 42 4
v 43 4
v 44 4
v 45 4
v 46 4
v 47 4
v 48 4
v 49 4
v 50 4
v 51 4
v 52 4
v 53 4
v 54 4
v 55 4
v 56 4
e 0 8 1
e 0 13 1
e 1 8 1
e 1 14 1
e 2 9 1
e 2 15 1
e 3 9 1
e 3 16 1
e 4 5 1
e 4 6 1
e 4 7 1
e 5 8 1
e 5 24 1
e 5 25 1
e 6 9 1
e 6 26 1
e 6 27 1
e 7 10 1
e 7 28 1
e 7 29 1
e 8 30 1
e 9 31 1
e 10 11 2
e 10 12 1
e 11 17 1
e 11 32 1
e 12 18 2
e 12 33 1
e 13 20 1
e 13 34 1
e 13 35 1
e 14 21 1
e 14 36 1
e 14 37 1
e 15 22 1
e 15 38 1
e 15 39 1
e 16 23 1
e 16 40 1
e 16 41 1
e 17 19 2
e 17 42 1
e 18 19 1
e 18 43 1
e 19 44 1
e 20 45 1
e 20 46 1
e 20 47 1
e 21 48 1
e 21 49 1
e 21 50 1
e 22 51 1
e 22 52 1
e 22 53 1
e 23 54 1
e 23 55 1
e 23 56 1
t # 43682
v 0 1
v 1 1
v 2 2
v 3 2
v 4 3
v 5 3
v 6 3
v 7 3
v 8 3
v 9 3
v 10 3
v 11 3
v 12 3
v 13 3
v 14 3
v 15 3
v 16 3
v 17 3
v 18 4
v 19 4
v 20 4
v 21 4
v 22 4
v 23 4
v 24 4
v 25 4
v 26 4
v 27 4
v 28 4
v 29 4
v 30 4
v 31 4
v 32 4
v 33 4
v 34 4
v 35 4
v 36 4
v 37 4
e 0 16 1
e 0 17 1
e 1 16 2
e 2 6 1
e 2 13 1
e 2 16 1
e 3 7 1
e 3 13 2
e 4 5 1
e 4 6 1
e 4 8 1
e 4 10 1
e 5 7 1
e 5 9 1
e 5 11 1
e 6 7 1
e 6 12 1
e 7 18 1
e 8 9 2
e 8 14 1
e 9 15 1
e 10 19 1
e 10 20 1
e 10 21 1
e 11 22 1
e 11 23 1
e 11 24 1
e 12 25 1
e 12 26 1
e 12 27 1
e 13 28 1
e 14 29 1
e 14 30 1
e 14 31 1
e 15 32 1
e 15 33 1
e 15 34 1
e 17 35 1
e 17 36 1
e 17 37 1
t # 43683
v 0 1
v 1 2
v 2 3
v 3 3
v 4 3
v 5 3
v 6 3
v 7 3
v 8 3
v 9 3
v 10 3
v 11 3
v 12 3
v 13 4
v 14 4
v 15 4
v 16 4
v 17 4
v 18 4
v 19 4
v 20 4
v 21 4
v 22 4
v 23 4
v 24 4
v 25 4
v 26 4
v 27 4
e 0 6 2
e 1 2 1
e 1 6 1
e 1 17 1
e 2 3 1
e 2 4 1
e 2 7 1
e 3 5 1
e 3 6 1
e 3 8 1
e 4 9 1
e 4 13 1
e 4 14 1
e 5 10 1
e 5 15 1
e 5 16 1
e 7 11 1
e 7 18 1
e 7 19 1
e 8 12 1
e 8 20 1
e 8 21 1
e 9 10 1
e 9 22 1
e 9 23 1
e 10 24 1
e 10 25 1
e 11 12 2
e 11 26 1
e 12 27 1
t # 43684
v 0 11
v 1 1
v 2 1
v 3 2
v 4 3
v 5 3
v 6 3
v 7 3
v 8 3
v 9 3
v 10 3
v 11 3
v 12 3
v 13 4
v 14 4
v 15 4
v 16 4
v 17 4
v 18 4
v 19 4
v 20 4
v 21 4
v 22 4
v 23 4
v 24 4
v 25 4
e 0 1 2
e 0 2 2
e 0 4 1
e 3 6 1
e 3 7 1
e 4 5 1
e 4 13 1
e 4 14 1
e 5 8 2
e 5 9 1
e 6 15 1
e 6 16 1
e 6 17 1
e 7 18 1
e 7 19 1
e 7 20 1
e 8 10 1
e 8 21 1
e 9 11 2
e 9 22 1
e 10 12 2
e 10 23 1
e 11 12 1
e 11 24 1
e 12 25 1
t # 43685
v 0 11
v 1 1
v 2 1
v 3 2
v 4 3
v 5 3
v 6 3
v 7 3
v 8 3
v 9 3
v 10 3
v 11 3
v 12 3
v 13 4
v 14 4
v 15 4
v 16 4
v 17 4
v 18 4
v 19 4
v 20 4
v 21 4
v 22 4
v 23 4
v 24 4
v 25 4
v 26 4
v 27 4
v 28 4
v 29 4
e 0 1 2
e 0 2 2
e 0 5 1
e 0 6 1
e 3 4 1
e 3 11 1
e 3 12 1
e 4 5 1
e 4 6 1
e 4 7 1
e 5 8 1
e 5 13 1
e 6 14 1
e 6 15 1
e 7 9 1
e 7 16 1
e 7 17 1
e 8 10 1
e 8 18 1
e 8 19 1
e 9 10 1
e 9 20 1
e 9 21 1
e 10 22 1
e 10 23 1
e 11 24 1
e 11 25 1
e 11 26 1
e 12 27 1
e 12 28 1
e 12 29 1
t # 43686
v 0 11
v 1 1
v 2 1
v 3 2
v 4 3
v 5 3
v 6 3
v 7 3
v 8 3
v 9 3
v 10 3
v 11 3
v 12 3
v 13 3
v 14 3
v 15 4
v 16 4
v 17 4
v 18 4
v 19 4
v 20 4
v 21 4
v 22 4
v 23 4
v 24 4
v 25 4
v 26 4
v 27 4
v 28 4
v 29 4
v 30 4
v 31 4
e 0 1 2
e 0 2 2
e 0 4 1
e 0 6 1
e 3 5 1
e 3 8 1
e 3 9 1
e 4 5 1
e 4 15 1
e 4 16 1
e 5 17 1
e 5 18 1
e 6 7 1
e 6 19 1
e 6 20 1
e 7 10 2
e 7 11 1
e 8 21 1
e 8 22 1
e 8 23 1
e 9 24 1
e 9 25 1
e 9 26 1
e 10 12 1
e 10 27 1
e 11 13 2
e 11 28 1
e 12 14 2
e 12 29 1
e 13 14 1
e 13 30 1
e 14 31 1
t # 43687
v 0 1
v 1 1
v 2 3
v 3 3
v 4 3
v 5 3
v 6 3
v 7 3
v 8 3
v 9 3
v 10 3
v 11 3
v 12 3
v 13 3
v 14 3
v 15 3
v 16 4
v 17 4
v 18 4
v 19 4
v 20 4
v 21 4
v 22 4
v 23 4
v 24 4
v 25 4
v 26 4
v 27 4
v 28 4
v 29 4
v 30 4
v 31 4
v 32 4
v 33 4
v 34 4
v 35 4
v 36 4
v 37 4
e 0 3 1
e 0 10 1
e 1 5 1
e 1 15 1
e 2 3 1
e 2 4 1
e 2 6 1
e 2 16 1
e 3 5 1
e 3 17 1
e 4 7 1
e 4 18 1
e 4 19 1
e 5 8 1
e 5 20 1
e 6 9 1
e 6 21 1
e 6 22 1
e 7 8 1
e 7 23 1
e 7 24 1
e 8 25 1
e 8 26 1
e 9 10 2
e 9 11 1
e 10 12 1
e 11 13 1
e 11 27 1
e 11 28 1
e 12 14 1
e 12 29 1
e 12 30 1
e 13 14 1
e 13 31 1
e 13 32 1
e 14 33 1
e 14 34 1
e 15 35 1
e 15 36 1
e 15 37 1
t # 43688
v 0 1
v 1 1
v 2 2
v 3 3
v 4 3
v 5 3
v 6 3
v 7 3
v 8 3
v 9 3
v 10 3
v 11 3
v 12 3
v 13 3
v 14 3
v 15 3
v 16 3
v 17 4
v 18 4
v 19 4
v 20 4
v 21 4
v 22 4
v 23 4
v 24 4
v 25 4
v 26 4
v 27 4
v 28 4
v 29 4
v 30 4
v 31 4
v 32 4
v 33 4
v 34 4
v 35 4
e 1 12 1
e 1 35 1
e 2 4 1
e 3 4 1
e 3 5 1
e 3 6 1
e 3 17 1
e 4 7 1
e 4 18 1
e 5 8 1
e 5 19 1
e 5 20 1
e 6 10 1
e 6 11 1
e 6 21 1
e 7 9 1
e 7 22 1
e 7 23 1
e 8 9 1
e 8 24 1
e 8 25 1
e 9 26 1
e 9 27 1
e 10 12 1
e 10 13 2
e 11 28 1
e 11 29 1
e 11 30 1
e 12 14 2
e 13 15 1
e 13 31 1
e 14 16 1
e 14 32 1
e 15 16 2
e 15 33 1
e 16 34 1
t # 43689
v 0 11
v 1 1
v 2 1
v 3 1
v 4 1
v 5 1
v 6 2
v 7 3
v 8 3
v 9 3
v 10 3
v 11 3
v 12 3
v 13 3
v 14 3
v 15 3
v 16 3
v 17 4
v 18 4
v 19 4
v 20 4
v 21 4
v 22 4
v 23 4
v 24 4
v 25 4
v 26 4
v 27 4
e 0 1 2
e 0 2 2
e 0 7 1
e 3 8 2
e 4 15 1
e 4 16 1
e 5 15 2
e 6 15 1
e 6 19 1
e 7 8 1
e 7 17 1
e 7 18 1
e 8 9 1
e 9 10 2
e 9 11 1
e 10 12 1
e 10 20 1
e 11 13 2
e 11 21 1
e 12 14 2
e 12 22 1
e 13 14 1
e 13 23 1
e 14 24 1
e 16 25 1
e 16 26 1
e 16 27 1
t # 43690
v 0 11
v 1 1
v 2 2
v 3 2
v 4 3
v 5 3
v 6 3
v 7 3
v 8 3
v 9 3
v 10 3
v 11 3
v 12 3
v 13 3
v 14 3
v 15 3
v 16 3
v 17 4
v 18 4
v 19 4
v 20 4
v 21 4
v 22 4
v 23 4
v 24 4
v 25 4
v 26 4
v 27 4
v 28 4
e 1 8 2
e 2 5 1
e 2 24 1
e 3 8 1
e 3 28 1
e 4 6 2
e 4 7 1
e 4 8 1
e 5 9 2
e 5 10 1
e 6 11 1
e 6 17 1
e 7 12 2
e 7 18 1
e 9 14 1
e 9 19 1
e 10 15 2
e 10 20 1
e 11 13 2
e 11 21 1
e 12 13 1
e 12 22 1
e 13 23 1
e 14 16 2
e 14 25 1
e 15 16 1
e 15 26 1
e 16 27 1
t # 43691
v 0 11
v 1 1
v 2 2
v 3 2
v 4 3
v 5 3
v 6 3
v 7 3
v 8 3
v 9 3
v 10 3
v 11 3
v 12 3
v 13 3
v 14 3
v 15 3
v 16 3
v 17 3
v 18 3
v 19 3
v 20 3
v 21 3
v 22 3
v 23 3
v 24 3
v 25 3
v 26 3
v 27 3
v 28 3
v 29 3
v 30 3
v 31 3
v 32 4
v 33 4
v 34 4
v 35 4
v 36 4
v 37 4
v 38 4
v 39 4
v 40 4
v 41 4
v 42 4
v 43 4
v 44 4
v 45 4
v 46 4
v 47 4
v 48 4
v 49 4
v 50 4
v 51 4
v 52 4
v 53 4
v 54 4
v 55 4
v 56 4
v 57 4
v 58 4
v 59 4
e 0 5 1
e 1 19 2
e 2 6 1
e 2 11 1
e 2 12 1
e 3 6 1
e 3 19 1
e 4 5 1
e 4 6 1
e 4 9 1
e 4 10 1
e 5 7 1
e 5 8 1
e 6 32 1
e 7 13 1
e 7 17 2
e 8 14 1
e 8 18 2
e 9 33 1
e 9 34 1
e 9 35 1
e 10 36 1
e 10 37 1
e 10 38 1
e 11 15 1
e 11 39 1
e 11 40 1
e 12 16 1
e 12 41 1
e 12 42 1
e 13 14 1
e 13 20 2
e 14 21 2
e 15 16 1
e 15 43 1
e 15 44 1
e 16 45 1
e 16 46 1
e 17 22 1
e 17 47 1
e 18 23 1
e 18 48 1
e 19 26 1
e 20 24 1
e 20 49 1
e 21 25 1
e 21 50 1
e 22 24 2
e 22 51 1
e 23 25 2
e 23 52 1
e 24 53 1
e 25 54 1
e 26 27 2
e 26 28 1
e 27 29 1
e 27 55 1
e 28 30 2
e 28 56 1
e 29 31 2
e 29 57 1
e 30 31 1
e 30 58 1
e 31 59 1
t # 43692
v 0 11
v 1 1
v 2 1
v 3 2
v 4 2
v 5 3
v 6 3
v 7 3
v 8 3
v 9 3
v 10 3
v 11 3
v 12 3
v 13 3
v 14 3
v 15 3
v 16 4
v 17 4
v 18 4
v 19 4
v 20 4
v 21 4
v 22 4
v 23 4
v 24 4
v 25 4
v 26 4
v 27 4
v 28 4
v 29 4
e 1 7 1
e 1 8 1
e 2 10 2
e 3 5 1
e 3 6 1
e 4 10 1
e 4 24 1
e 5 7 1
e 5 16 1
e 5 17 1
e 6 8 1
e 6 18 1
e 6 19 1
e 7 20 1
e 7 21 1
e 8 22 1
e 8 23 1
e 9 10 1
e 9 11 2
e 9 12 1
e 11 13 1
e 11 25 1
e 12 14 2
e 12 26 1
e 13 15 2
e 13 27 1
e 14 15 1
e 14 28 1
e 15 29 1
t # 43693
v 0 11
v 1 1
v 2 1
v 3 1
v 4 1
v 5 2
v 6 2
v 7 3
v 8 3
v 9 3
v 10 3
v 11 3
v 12 3
v 13 3
v 14 3
v 15 3
v 16 3
v 17 3
v 18 3
v 19 4
v 20 4
v 21 4
v 22 4
v 23 4
v 24 4
v 25 4
v 26 4
v 27 4
v 28 4
v 29 4
v 30 4
v 31 4
v 32 4
v 33 4
v 34 4
v 35 4
v 36 4
e 0 1 2
e 0 2 2
e 0 10 1
e 3 17 1
e 3 18 1
e 4 17 2
e 5 7 1
e 5 8 1
e 5 9 1
e 6 17 1
e 6 33 1
e 7 11 2
e 7 12 1
e 8 15 1
e 8 19 1
e 8 20 1
e 9 16 1
e 9 21 1
e 9 22 1
e 10 13 2
e 10 14 1
e 11 13 1
e 11 23 1
e 12 14 2
e 12 24 1
e 13 25 1
e 14 26 1
e 15 27 1
e 15 28 1
e 15 29 1
e 16 30 1
e 16 31 1
e 16 32 1
e 18 34 1
e 18 35 1
e 18 36 1
t # 43694
v 0 11
v 1 1
v 2 1
v 3 1
v 4 1
v 5 2
v 6 3
v 7 3
v 8 3
v 9 3
v 10 3
v 11 3
v 12 3
v 13 3
v 14 3
v 15 3
v 16 3
v 17 3
v 18 3
v 19 3
v 20 4
v 21 4
v 22 4
v 23 4
v 24 4
v 25 4
v 26 4
v 27 4
v 28 4
v 29 4
v 30 4
e 0 1 2
e 0 2 2
e 0 8 1
e 3 18 1
e 3 19 1
e 4 18 2
e 5 18 1
e 5 27 1
e 6 7 1
e 6 9 1
e 6 10 2
e 7 8 1
e 7 12 2
e 8 11 2
e 9 11 1
e 9 13 2
e 10 14 1
e 10 15 1
e 11 20 1
e 12 16 1
e 12 21 1
e 13 17 1
e 13 22 1
e 14 16 2
e 14 23 1
e 15 17 2
e 15 24 1
e 16 25 1
e 17 26 1
e 19 28 1
e 19 29 1
e 19 30 1
t # 43695
v 0 11
v 1 1
v 2 1
v 3 1
v 4 1
v 5 2
v 6 3
v 7 3
v 8 3
v 9 3
v 10 3
v 11 3
v 12 3
v 13 4
v 14 4
v 15 4
v 16 4
v 17 4
v 18 4
v 19 4
v 20 4
v 21 4
v 22 4
v 23 4
v 24 4
v 25 4
e 0 2 2
e 0 3 2
e 0 7 1
e 1 6 1
e 1 11 1
e 4 11 1
e 4 12 1
e 5 11 2
e 6 7 1
e 6 8 1
e 6 9 1
e 7 10 1
e 7 13 1
e 8 14 1
e 8 15 1
e 8 16 1
e 9 17 1
e 9 18 1
e 9 19 1
e 10 20 1
e 10 21 1
e 10 22 1
e 12 23 1
e 12 24 1
e 12 25 1
t # 43696
v 0 11
v 1 1
v 2 1
v 3 1
v 4 1
v 5 2
v 6 3
v 7 3
v 8 3
v 9 3
v 10 3
v 11 3
v 12 3
v 13 3
v 14 3
v 15 3
v 16 3
v 17 3
v 18 3
v 19 3
v 20 3
v 21 3
v 22 4
v 23 4
v 24 4
v 25 4
v 26 4
v 27 4
v 28 4
v 29 4
v 30 4
v 31 4
v 32 4
v 33 4
v 34 4
v 35 4
v 36 4
e 0 1 2
e 0 2 2
e 0 7 1
e 3 10 1
e 3 21 1
e 4 10 2
e 5 6 1
e 5 10 1
e 6 7 1
e 6 8 1
e 6 9 1
e 7 22 1
e 7 23 1
e 8 11 2
e 8 13 1
e 9 12 2
e 9 14 1
e 11 15 1
e 11 24 1
e 12 16 1
e 12 25 1
e 13 17 2
e 13 26 1
e 14 18 2
e 14 27 1
e 15 19 2
e 15 28 1
e 16 20 2
e 16 29 1
e 17 19 1
e 17 30 1
e 18 20 1
e 18 31 1
e 19 32 1
e 20 33 1
e 21 34 1
e 21 35 1
e 21 36 1
t # 43697
v 0 11
v 1 1
v 2 1
v 3 1
v 4 1
v 5 2
v 6 3
v 7 3
v 8 3
v 9 3
v 10 3
v 11 3
v 12 3
v 13 3
v 14 3
v 15 3
v 16 4
v 17 4
v 18 4
v 19 4
v 20 4
v 21 4
v 22 4
v 23 4
v 24 4
v 25 4
v 26 4
v 27 4
v 28 4
v 29 4
v 30 4
v 31 4
v 32 4
e 0 2 2
e 0 3 2
e 0 6 1
e 1 7 1
e 1 14 1
e 4 14 1
e 4 15 1
e 5 14 2
e 6 7 1
e 6 8 1
e 6 16 1
e 7 9 1
e 7 17 1
e 8 10 1
e 8 18 1
e 8 19 1
e 9 11 1
e 9 20 1
e 9 21 1
e 10 12 1
e 10 22 1
e 10 23 1
e 11 13 1
e 11 24 1
e 11 25 1
e 12 13 1
e 12 26 1
e 12 27 1
e 13 28 1
e 13 29 1
e 15 30 1
e 15 31 1
e 15 32 1
t # 43698
v 0 11
v 1 1
v 2 1
v 3 1
v 4 1
v 5 2
v 6 3
v 7 3
v 8 3
v 9 3
v 10 3
v 11 3
v 12 3
v 13 3
v 14 3
v 15 3
v 16 3
v 17 3
v 18 3
v 19 3
v 20 3
v 21 4
v 22 4
v 23 4
v 24 4
v 25 4
v 26 4
v 27 4
v 28 4
v 29 4
v 30 4
v 31 4
e 0 2 2
e 0 3 2
e 0 6 1
e 1 6 1
e 1 15 1
e 4 15 1
e 4 20 1
e 5 15 2
e 6 7 1
e 6 8 1
e 7 9 1
e 7 11 2
e 8 10 1
e 8 12 2
e 9 10 1
e 9 13 2
e 10 14 2
e 11 16 1
e 11 21 1
e 12 17 1
e 12 22 1
e 13 18 1
e 13 23 1
e 14 19 1
e 14 24 1
e 16 18 2
e 16 25 1
e 17 19 2
e 17 26 1
e 18 27 1
e 19 28 1
e 20 29 1
e 20 30 1
e 20 31 1
t # 43699
v 0 11
v 1 1
v 2 1
v 3 1
v 4 2
v 5 2
v 6 2
v 7 2
v 8 3
v 9 3
v 10 3
v 11 3
v 12 3
v 13 3
v 14 3
v 15 3
v 16 3
v 17 3
v 18 3
v 19 4
v 20 4
v 21 4
v 22 4
v 23 4
v 24 4
v 25 4
v 26 4
v 27 4
v 28 4
v 29 4
v 30 4
v 31 4
v 32 4
e 0 2 2
e 0 3 2
e 1 9 1
e 1 10 1
e 4 8 1
e 4 9 1
e 4 11 1
e 5 10 1
e 5 14 1
e 5 15 1
e 6 9 2
e 7 10 2
e 8 12 2
e 8 13 1
e 11 19 1
e 11 20 1
e 11 21 1
e 12 16 1
e 12 22 1
e 13 17 2
e 13 23 1
e 14 24 1
e 14 25 1
e 14 26 1
e 15 27 1
e 15 28 1
e 15 29 1
e 16 18 2
e 16 30 1
e 17 18 1
e 17 31 1
e 18 32 1
