t # 15300
v 0 1
v 1 1
v 2 1
v 3 1
v 4 2
v 5 3
v 6 3
v 7 3
v 8 3
v 9 3
v 10 3
v 11 3
v 12 3
v 13 3
v 14 3
v 15 3
v 16 3
v 17 3
v 18 3
v 19 3
v 20 3
v 21 3
v 22 3
v 23 4
v 24 4
v 25 4
v 26 4
v 27 4
v 28 4
v 29 4
v 30 4
v 31 4
v 32 4
v 33 4
v 34 4
v 35 4
v 36 4
v 37 4
v 38 4
v 39 4
v 40 4
v 41 4
v 42 4
v 43 4
v 44 4
v 45 4
e 0 13 1
e 0 19 1
e 1 14 1
e 1 20 1
e 2 15 1
e 2 21 1
e 3 18 1
e 3 22 1
e 4 5 1
e 4 28 1
e 4 29 1
e 5 6 1
e 5 8 1
e 5 23 1
e 6 7 1
e 6 24 1
e 6 25 1
e 7 9 2
e 7 10 1
e 8 11 2
e 8 12 1
e 9 14 1
e 9 26 1
e 10 13 2
e 10 27 1
e 11 16 1
e 11 30 1
e 12 17 2
e 12 31 1
e 13 15 1
e 14 15 2
e 16 18 2
e 16 32 1
e 17 18 1
e 17 33 1
e 19 34 1
e 19 35 1
e 19 36 1
e 20 37 1
e 20 38 1
e 20 39 1
e 21 40 1
e 21 41 1
e 21 42 1
e 22 43 1
e 22 44 1
e 22 45 1
t # 15301
v 0 2
v 1 2
v 2 3
v 3 3
v 4 3
v 5 3
v 6 3
v 7 3
v 8 3
v 9 3
v 10 3
v 11 3
v 12 3
v 13 3
v 14 3
v 15 3
v 16 3
v 17 3
v 18 3
v 19 3
v 20 3
v 21 3
v 22 3
v 23 4
v 24 4
v 25 4
v 26 4
v 27 4
v 28 4
v 29 4
v 30 4
v 31 4
v 32 4
v 33 4
v 34 4
v 35 4
v 36 4
v 37 4
v 38 4
v 39 4
v 40 4
v 41 4
v 42 4
v 43 4
v 44 4
v 45 4
v 46 4
v 47 4
v 48 4
e 0 2 1
e 0 3 1
e 0 4 1
e 1 5 1
e 1 6 1
e 1 9 1
e 2 7 1
e 2 8 1
e 2 23 1
e 3 5 1
e 3 24 1
e 3 25 1
e 4 6 1
e 4 26 1
e 4 27 1
e 5 28 1
e 5 29 1
e 6 30 1
e 6 31 1
e 7 10 1
e 7 32 1
e 7 33 1
e 8 11 2
e 8 12 1
e 9 13 1
e 9 34 1
e 9 35 1
e 10 14 2
e 10 15 1
e 11 16 1
e 11 36 1
e 12 17 2
e 12 37 1
e 13 21 2
e 13 38 1
e 14 19 1
e 14 39 1
e 15 20 2
e 15 40 1
e 16 18 2
e 16 41 1
e 17 18 1
e 17 42 1
e 18 43 1
e 19 22 2
e 19 44 1
e 20 22 1
e 20 45 1
e 21 46 1
e 21 47 1
e 22 48 1
t # 15302
v 0 11
v 1 1
v 2 1
v 3 1
v 4 1
v 5 1
v 6 3
v 7 3
v 8 3
v 9 3
v 10 3
v 11 3
v 12 3
v 13 3
v 14 3
v 15 3
v 16 3
v 17 3
v 18 4
v 19 4
v 20 4
v 21 4
v 22 4
v 23 4
v 24 4
v 25 4
e 0 4 2
e 0 5 2
e 0 6 1
e 1 6 1
e 1 23 1
e 2 10 2
e 3 25 1
e 6 7 1
e 6 10 1
e 7 8 1
e 7 12 2
e 8 9 1
e 8 11 2
e 9 10 1
e 9 13 2
e 11 14 1
e 11 15 1
e 12 16 1
e 12 18 1
e 13 17 1
e 13 19 1
e 14 16 2
e 14 20 1
e 15 17 2
e 15 21 1
e 16 22 1
e 17 24 1
t # 15303
v 0 2
v 1 2
v 2 3
v 3 3
v 4 3
v 5 3
v 6 3
v 7 3
v 8 3
v 9 3
v 10 3
v 11 3
v 12 3
v 13 4
v 14 4
v 15 4
v 16 4
v 17 4
v 18 4
v 19 4
v 20 4
v 21 4
v 22 4
v 23 4
e 0 2 1
e 0 4 1
e 0 5 2
e 1 3 1
e 1 8 2
e 2 3 1
e 2 6 2
e 3 7 2
e 4 11 1
e 4 13 1
e 4 14 1
e 5 8 1
e 5 15 1
e 6 9 1
e 6 16 1
e 7 10 1
e 7 17 1
e 8 18 1
e 9 10 2
e 9 19 1
e 10 20 1
e 11 12 2
e 11 21 1
e 12 22 1
e 12 23 1
t # 15304
v 0 18
v 1 1
v 2 2
v 3 3
v 4 3
v 5 3
v 6 3
v 7 3
v 8 3
v 9 3
v 10 3
v 11 4
v 12 4
v 13 4
v 14 4
v 15 4
v 16 4
v 17 4
v 18 4
v 19 4
e 1 6 2
e 2 3 1
e 2 4 1
e 2 5 2
e 3 6 1
e 3 11 1
e 3 12 1
e 4 7 2
e 4 13 1
e 5 8 1
e 5 14 1
e 6 10 1
e 7 9 1
e 8 9 2
e 8 15 1
e 9 16 1
e 10 17 1
e 10 18 1
e 10 19 1
t # 15305
v 0 11
v 1 1
v 2 1
v 3 1
v 4 1
v 5 1
v 6 3
v 7 3
v 8 3
v 9 3
v 10 3
v 11 3
v 12 3
v 13 4
v 14 4
v 15 4
v 16 4
v 17 4
v 18 4
v 19 4
v 20 4
e 0 4 2
e 0 5 2
e 0 6 1
e 1 6 1
e 1 18 1
e 2 19 1
e 3 8 1
e 3 20 1
e 6 7 1
e 6 13 1
e 7 8 1
e 7 9 2
e 8 10 2
e 9 11 1
e 9 14 1
e 10 12 1
e 10 15 1
e 11 12 2
e 11 16 1
e 12 17 1
t # 15306
v 0 1
v 1 1
v 2 1
v 3 1
v 4 1
v 5 2
v 6 2
v 7 3
v 8 3
v 9 3
v 10 3
v 11 3
v 12 3
v 13 3
v 14 3
v 15 3
v 16 3
v 17 3
v 18 3
v 19 3
v 20 3
v 21 3
v 22 3
v 23 3
v 24 3
v 25 3
v 26 3
v 27 3
v 28 4
v 29 4
v 30 4
v 31 4
v 32 4
v 33 4
v 34 4
v 35 4
v 36 4
v 37 4
v 38 4
v 39 4
e 0 12 1
e 0 13 1
e 1 10 2
e 2 11 2
e 5 7 1
e 5 10 1
e 5 11 1
e 6 24 1
e 7 8 1
e 7 9 1
e 7 28 1
e 8 12 1
e 8 16 2
e 9 13 1
e 9 17 2
e 10 14 1
e 11 15 1
e 12 19 2
e 13 20 2
e 14 15 2
e 14 18 1
e 15 21 1
e 16 22 1
e 16 29 1
e 17 23 1
e 17 30 1
e 18 24 2
e 18 31 1
e 19 25 1
e 19 32 1
e 20 26 1
e 20 33 1
e 21 27 2
e 21 34 1
e 22 25 2
e 22 35 1
e 23 26 2
e 23 36 1
e 24 27 1
e 25 37 1
e 26 38 1
e 27 39 1
t # 15307
v 0 11
v 1 1
v 2 1
v 3 1
v 4 2
v 5 3
v 6 3
v 7 3
v 8 3
v 9 3
v 10 3
v 11 3
v 12 3
v 13 3
v 14 3
v 15 3
v 16 3
v 17 3
v 18 3
v 19 3
v 20 3
v 21 4
v 22 4
v 23 4
v 24 4
v 25 4
v 26 4
v 27 4
v 28 4
v 29 4
v 30 4
v 31 4
v 32 4
v 33 4
v 34 4
v 35 4
v 36 4
v 37 4
v 38 4
v 39 4
v 40 4
v 41 4
v 42 4
e 0 2 2
e 0 3 2
e 0 15 1
e 1 42 1
e 4 7 1
e 4 10 2
e 4 11 1
e 5 6 1
e 5 7 1
e 5 21 1
e 5 22 1
e 6 8 1
e 6 23 1
e 6 24 1
e 7 25 1
e 7 26 1
e 8 9 1
e 8 27 1
e 8 28 1
e 9 29 1
e 9 30 1
e 9 31 1
e 10 12 1
e 10 32 1
e 11 13 2
e 11 33 1
e 12 14 2
e 12 34 1
e 13 14 1
e 13 35 1
e 14 36 1
e 15 16 2
e 15 17 1
e 16 18 1
e 16 37 1
e 17 19 2
e 17 38 1
e 18 20 2
e 18 39 1
e 19 20 1
e 19 40 1
e 20 41 1
t # 15308
v 0 2
v 1 2
v 2 3
v 3 3
v 4 3
v 5 3
v 6 3
v 7 3
v 8 3
v 9 3
v 10 3
v 11 3
v 12 3
v 13 3
v 14 3
v 15 3
v 16 3
v 17 3
v 18 4
v 19 4
v 20 4
v 21 4
v 22 4
v 23 4
v 24 4
v 25 4
v 26 4
v 27 4
v 28 4
v 29 4
v 30 4
v 31 4
v 32 4
v 33 4
v 34 4
v 35 4
v 36 4
v 37 4
e 0 2 1
e 0 5 1
e 0 6 1
e 1 11 1
e 1 13 1
e 1 33 1
e 2 3 1
e 2 4 1
e 2 18 1
e 3 7 1
e 3 19 1
e 3 20 1
e 4 8 1
e 4 21 1
e 4 22 1
e 5 10 1
e 5 23 1
e 5 24 1
e 6 11 1
e 6 25 1
e 6 26 1
e 7 9 1
e 7 27 1
e 7 28 1
e 8 9 1
e 8 29 1
e 8 30 1
e 9 31 1
e 9 32 1
e 10 11 2
e 10 12 1
e 12 13 1
e 12 14 2
e 13 15 2
e 14 16 1
e 14 34 1
e 15 17 1
e 15 35 1
e 16 17 2
e 16 36 1
e 17 37 1
t # 15309
v 0 1
v 1 1
v 2 1
v 3 1
v 4 1
v 5 2
v 6 3
v 7 3
v 8 3
v 9 3
v 10 3
v 11 3
v 12 3
v 13 3
v 14 3
v 15 3
v 16 3
v 17 3
v 18 3
v 19 3
v 20 3
v 21 3
v 22 3
v 23 3
v 24 3
v 25 3
v 26 3
v 27 3
v 28 4
v 29 4
v 30 4
v 31 4
v 32 4
v 33 4
v 34 4
v 35 4
v 36 4
v 37 4
v 38 4
v 39 4
v 40 4
v 41 4
v 42 4
v 43 4
v 44 4
v 45 4
v 46 4
v 47 4
v 48 4
v 49 4
v 50 4
v 51 4
v 52 4
v 53 4
v 54 4
v 55 4
v 56 4
v 57 4
v 58 4
v 59 4
v 60 4
v 61 4
v 62 4
v 63 4
v 64 4
e 0 9 1
e 0 18 1
e 1 13 1
e 1 19 1
e 2 14 1
e 2 20 1
e 3 15 1
e 3 21 1
e 4 18 2
e 5 6 1
e 5 7 1
e 5 8 1
e 6 9 1
e 6 28 1
e 6 29 1
e 7 10 1
e 7 30 1
e 7 31 1
e 8 11 1
e 8 32 1
e 8 33 1
e 9 34 1
e 9 35 1
e 10 36 1
e 10 37 1
e 10 38 1
e 11 39 1
e 11 40 1
e 11 41 1
e 12 16 2
e 12 17 1
e 12 18 1
e 13 14 2
e 13 15 1
e 14 16 1
e 15 17 2
e 16 42 1
e 17 43 1
e 19 22 1
e 19 44 1
e 19 45 1
e 20 23 1
e 20 46 1
e 20 47 1
e 21 24 1
e 21 48 1
e 21 49 1
e 22 25 1
e 22 50 1
e 22 51 1
e 23 26 1
e 23 52 1
e 23 53 1
e 24 27 1
e 24 54 1
e 24 55 1
e 25 56 1
e 25 57 1
e 25 58 1
e 26 59 1
e 26 60 1
e 26 61 1
e 27 62 1
e 27 63 1
e 27 64 1
t # 15310
v 0 11
v 1 11
v 2 1
v 3 1
v 4 3
v 5 3
v 6 3
v 7 3
v 8 3
v 9 3
v 10 3
v 11 3
v 12 3
v 13 4
v 14 4
v 15 4
v 16 4
v 17 4
v 18 4
v 19 4
v 20 4
v 21 4
v 22 4
v 23 4
v 24 4
v 25 4
v 26 4
v 27 4
v 28 4
v 29 4
v 30 4
e 0 12 1
e 2 6 1
e 2 29 1
e 3 10 1
e 3 12 1
e 4 5 1
e 4 7 1
e 4 8 1
e 4 9 1
e 5 6 1
e 5 13 1
e 5 14 1
e 6 10 1
e 6 11 1
e 7 15 1
e 7 16 1
e 7 17 1
e 8 18 1
e 8 19 1
e 8 20 1
e 9 21 1
e 9 22 1
e 9 23 1
e 10 24 1
e 10 25 1
e 11 26 1
e 11 27 1
e 11 28 1
t # 15311
v 0 1
v 1 1
v 2 1
v 3 2
v 4 2
v 5 3
v 6 3
v 7 3
v 8 3
v 9 3
v 10 3
v 11 3
v 12 3
v 13 3
v 14 3
v 15 3
v 16 3
v 17 3
v 18 3
v 19 3
v 20 4
v 21 4
v 22 4
v 23 4
v 24 4
v 25 4
v 26 4
v 27 4
v 28 4
v 29 4
v 30 4
v 31 4
v 32 4
v 33 4
v 34 4
v 35 4
v 36 4
v 37 4
v 38 4
v 39 4
v 40 4
v 41 4
v 42 4
v 43 4
e 0 14 1
e 0 17 1
e 1 15 1
e 1 18 1
e 2 16 1
e 2 19 1
e 3 5 1
e 3 6 1
e 3 9 1
e 4 7 1
e 4 8 1
e 4 11 1
e 5 7 1
e 5 20 1
e 5 21 1
e 6 8 1
e 6 22 1
e 6 23 1
e 7 24 1
e 7 25 1
e 8 26 1
e 8 27 1
e 9 10 1
e 9 28 1
e 9 29 1
e 10 12 2
e 10 13 1
e 11 30 1
e 11 31 1
e 11 32 1
e 12 15 1
e 12 33 1
e 13 14 2
e 13 34 1
e 14 16 1
e 15 16 2
e 17 35 1
e 17 36 1
e 17 37 1
e 18 38 1
e 18 39 1
e 18 40 1
e 19 41 1
e 19 42 1
e 19 43 1
t # 15312
v 0 1
v 1 1
v 2 1
v 3 2
v 4 2
v 5 3
v 6 3
v 7 3
v 8 3
v 9 3
v 10 3
v 11 3
v 12 3
v 13 3
v 14 3
v 15 3
v 16 3
v 17 3
v 18 3
v 19 3
v 20 3
v 21 3
v 22 3
v 23 3
v 24 4
v 25 4
v 26 4
v 27 4
v 28 4
v 29 4
v 30 4
v 31 4
v 32 4
v 33 4
v 34 4
v 35 4
v 36 4
v 37 4
v 38 4
v 39 4
v 40 4
v 41 4
v 42 4
v 43 4
v 44 4
v 45 4
v 46 4
v 47 4
v 48 4
v 49 4
v 50 4
v 51 4
v 52 4
v 53 4
e 0 12 1
e 0 13 1
e 1 16 1
e 1 18 1
e 2 13 2
e 3 5 1
e 3 11 1
e 3 35 1
e 4 21 1
e 4 52 1
e 4 53 1
e 5 6 1
e 5 7 1
e 5 24 1
e 6 8 1
e 6 25 1
e 6 26 1
e 7 9 1
e 7 27 1
e 7 28 1
e 8 10 1
e 8 29 1
e 8 30 1
e 9 10 1
e 9 31 1
e 9 32 1
e 10 33 1
e 10 34 1
e 11 12 1
e 11 36 1
e 11 37 1
e 12 38 1
e 12 39 1
e 13 14 1
e 14 19 2
e 14 20 1
e 15 16 1
e 15 17 1
e 15 40 1
e 15 41 1
e 16 42 1
e 16 43 1
e 17 23 1
e 17 44 1
e 17 45 1
e 18 21 2
e 18 22 1
e 19 21 1
e 19 46 1
e 20 22 2
e 20 47 1
e 22 48 1
e 23 49 1
e 23 50 1
e 23 51 1
t # 15313
v 0 1
v 1 1
v 2 1
v 3 2
v 4 3
v 5 3
v 6 3
v 7 3
v 8 3
v 9 3
v 10 3
v 11 3
v 12 3
v 13 3
v 14 3
v 15 3
v 16 3
v 17 3
v 18 3
v 19 3
v 20 4
v 21 4
v 22 4
v 23 4
v 24 4
v 25 4
v 26 4
v 27 4
v 28 4
v 29 4
v 30 4
v 31 4
v 32 4
v 33 4
v 34 4
v 35 4
v 36 4
v 37 4
v 38 4
e 0 12 1
e 0 19 1
e 1 17 1
e 1 18 1
e 2 18 2
e 3 4 1
e 3 8 1
e 3 9 1
e 4 5 1
e 4 6 1
e 4 7 1
e 5 10 2
e 5 14 1
e 6 12 1
e 6 20 1
e 6 21 1
e 7 13 2
e 7 15 1
e 8 11 1
e 8 22 1
e 8 23 1
e 9 13 1
e 9 24 1
e 9 25 1
e 10 11 1
e 10 17 1
e 11 26 1
e 11 27 1
e 12 16 1
e 12 28 1
e 13 29 1
e 14 18 1
e 14 30 1
e 14 31 1
e 15 16 2
e 15 32 1
e 16 33 1
e 17 34 1
e 17 35 1
e 19 36 1
e 19 37 1
e 19 38 1
t # 15314
v 0 1
v 1 2
v 2 2
v 3 2
v 4 3
v 5 3
v 6 3
v 7 3
v 8 3
v 9 3
v 10 3
v 11 3
v 12 3
v 13 3
v 14 3
v 15 3
v 16 3
v 17 3
v 18 3
v 19 3
v 20 3
v 21 3
v 22 3
v 23 3
v 24 4
v 25 4
v 26 4
v 27 4
v 28 4
v 29 4
v 30 4
v 31 4
v 32 4
v 33 4
v 34 4
v 35 4
v 36 4
v 37 4
v 38 4
v 39 4
v 40 4
v 41 4
v 42 4
v 43 4
v 44 4
v 45 4
v 46 4
e 0 15 1
e 0 23 1
e 1 4 1
e 1 6 1
e 1 7 1
e 2 5 1
e 2 8 1
e 2 30 1
e 3 9 1
e 3 22 2
e 4 5 1
e 4 24 1
e 4 25 1
e 5 26 1
e 5 27 1
e 6 11 1
e 6 28 1
e 6 29 1
e 7 13 2
e 7 14 1
e 8 9 2
e 8 12 1
e 9 10 1
e 10 16 2
e 10 17 1
e 11 31 1
e 11 32 1
e 11 33 1
e 12 15 2
e 12 34 1
e 13 18 1
e 13 35 1
e 14 19 2
e 14 36 1
e 15 16 1
e 16 37 1
e 17 21 2
e 17 38 1
e 18 20 2
e 18 39 1
e 19 20 1
e 19 40 1
e 20 41 1
e 21 22 1
e 21 42 1
e 22 43 1
e 23 44 1
e 23 45 1
e 23 46 1
t # 15315
v 0 1
v 1 2
v 2 2
v 3 2
v 4 3
v 5 3
v 6 3
v 7 3
v 8 3
v 9 3
v 10 3
v 11 3
v 12 3
v 13 3
v 14 3
v 15 3
v 16 3
v 17 3
v 18 3
v 19 3
v 20 4
v 21 4
v 22 4
v 23 4
v 24 4
v 25 4
v 26 4
v 27 4
v 28 4
v 29 4
v 30 4
v 31 4
v 32 4
v 33 4
v 34 4
v 35 4
v 36 4
v 37 4
v 38 4
v 39 4
v 40 4
v 41 4
v 42 4
e 0 14 1
e 0 19 1
e 1 4 1
e 1 5 1
e 1 25 1
e 2 7 1
e 2 9 1
e 2 31 1
e 3 11 1
e 3 18 2
e 4 6 1
e 4 8 1
e 4 20 1
e 5 7 1
e 5 21 1
e 5 22 1
e 6 10 1
e 6 23 1
e 6 24 1
e 7 26 1
e 7 27 1
e 8 28 1
e 8 29 1
e 8 30 1
e 9 11 2
e 9 13 1
e 10 32 1
e 10 33 1
e 10 34 1
e 11 12 1
e 12 15 2
e 12 16 1
e 13 14 2
e 13 35 1
e 14 15 1
e 15 36 1
e 16 17 2
e 16 37 1
e 17 18 1
e 17 38 1
e 18 39 1
e 19 40 1
e 19 41 1
e 19 42 1
t # 15316
v 0 1
v 1 2
v 2 2
v 3 2
v 4 3
v 5 3
v 6 3
v 7 3
v 8 3
v 9 3
v 10 3
v 11 3
v 12 3
v 13 3
v 14 3
v 15 3
v 16 3
v 17 3
v 18 3
v 19 3
v 20 3
v 21 3
v 22 3
v 23 3
v 24 3
v 25 4
v 26 4
v 27 4
v 28 4
v 29 4
v 30 4
v 31 4
v 32 4
v 33 4
v 34 4
v 35 4
v 36 4
v 37 4
v 38 4
v 39 4
v 40 4
v 41 4
v 42 4
v 43 4
v 44 4
v 45 4
v 46 4
v 47 4
v 48 4
v 49 4
v 50 4
v 51 4
v 52 4
v 53 4
v 54 4
v 55 4
v 56 4
v 57 4
e 0 19 1
e 0 24 1
e 1 4 1
e 1 5 1
e 1 6 1
e 2 10 1
e 2 15 1
e 2 49 1
e 3 16 1
e 3 22 2
e 4 8 1
e 4 9 1
e 4 25 1
e 5 7 1
e 5 26 1
e 5 27 1
e 6 10 1
e 6 28 1
e 6 29 1
e 7 11 1
e 7 12 1
e 7 30 1
e 8 13 1
e 8 31 1
e 8 32 1
e 9 14 1
e 9 33 1
e 9 34 1
e 10 35 1
e 10 36 1
e 11 37 1
e 11 38 1
e 11 39 1
e 12 40 1
e 12 41 1
e 12 42 1
e 13 43 1
e 13 44 1
e 13 45 1
e 14 46 1
e 14 47 1
e 14 48 1
e 15 16 2
e 15 17 1
e 16 18 1
e 17 19 2
e 17 50 1
e 18 20 2
e 18 21 1
e 19 20 1
e 20 51 1
e 21 23 2
e 21 52 1
e 22 23 1
e 22 54 1
e 23 53 1
e 24 55 1
e 24 56 1
e 24 57 1
t # 15317
v 0 1
v 1 2
v 2 2
v 3 2
v 4 3
v 5 3
v 6 3
v 7 3
v 8 3
v 9 3
v 10 3
v 11 3
v 12 3
v 13 3
v 14 3
v 15 3
v 16 3
v 17 3
v 18 3
v 19 3
v 20 3
v 21 3
v 22 4
v 23 4
v 24 4
v 25 4
v 26 4
v 27 4
v 28 4
v 29 4
v 30 4
v 31 4
v 32 4
v 33 4
v 34 4
v 35 4
v 36 4
v 37 4
v 38 4
v 39 4
v 40 4
v 41 4
v 42 4
v 43 4
v 44 4
v 45 4
v 46 4
v 47 4
v 48 4
e 0 16 1
e 0 21 1
e 1 4 1
e 1 6 1
e 1 7 1
e 2 8 1
e 2 12 1
e 2 37 1
e 3 13 1
e 3 20 2
e 4 5 1
e 4 22 1
e 4 23 1
e 5 9 1
e 5 10 1
e 5 24 1
e 6 8 1
e 6 25 1
e 6 26 1
e 7 11 1
e 7 27 1
e 7 28 1
e 8 29 1
e 8 30 1
e 9 31 1
e 9 32 1
e 9 33 1
e 10 34 1
e 10 35 1
e 10 36 1
e 11 38 1
e 11 39 1
e 11 40 1
e 12 13 2
e 12 14 1
e 13 15 1
e 14 16 2
e 14 41 1
e 15 17 2
e 15 18 1
e 16 17 1
e 17 42 1
e 18 19 2
e 18 43 1
e 19 20 1
e 19 44 1
e 20 45 1
e 21 46 1
e 21 47 1
e 21 48 1
t # 15318
v 0 1
v 1 2
v 2 2
v 3 2
v 4 3
v 5 3
v 6 3
v 7 3
v 8 3
v 9 3
v 10 3
v 11 3
v 12 3
v 13 3
v 14 3
v 15 3
v 16 3
v 17 3
v 18 3
v 19 3
v 20 3
v 21 3
v 22 3
v 23 3
v 24 4
v 25 4
v 26 4
v 27 4
v 28 4
v 29 4
v 30 4
v 31 4
v 32 4
v 33 4
v 34 4
v 35 4
v 36 4
v 37 4
v 38 4
v 39 4
v 40 4
v 41 4
v 42 4
v 43 4
v 44 4
v 45 4
v 46 4
v 47 4
v 48 4
v 49 4
v 50 4
v 51 4
v 52 4
v 53 4
v 54 4
e 0 18 1
e 0 23 1
e 1 4 1
e 1 5 1
e 1 7 1
e 2 9 1
e 2 14 1
e 2 46 1
e 3 15 1
e 3 22 2
e 4 6 1
e 4 24 1
e 4 25 1
e 5 10 1
e 5 11 1
e 5 26 1
e 6 8 1
e 6 27 1
e 6 28 1
e 7 9 1
e 7 29 1
e 7 30 1
e 8 12 1
e 8 13 1
e 8 31 1
e 9 32 1
e 9 33 1
e 10 34 1
e 10 35 1
e 10 36 1
e 11 37 1
e 11 38 1
e 11 39 1
e 12 40 1
e 12 41 1
e 12 42 1
e 13 43 1
e 13 44 1
e 13 45 1
e 14 15 2
e 14 16 1
e 15 17 1
e 16 18 2
e 16 47 1
e 17 19 2
e 17 20 1
e 18 19 1
e 19 48 1
e 20 21 2
e 20 49 1
e 21 22 1
e 21 50 1
e 22 51 1
e 23 52 1
e 23 53 1
e 23 54 1
t # 15319
v 0 12
v 1 12
v 2 2
v 3 2
v 4 2
v 5 3
v 6 3
v 7 3
v 8 3
v 9 3
v 10 3
v 11 3
v 12 3
v 13 3
v 14 3
v 15 3
v 16 3
v 17 3
v 18 3
v 19 3
v 20 3
v 21 3
v 22 3
v 23 3
v 24 3
v 25 3
v 26 3
v 27 4
v 28 4
v 29 4
v 30 4
v 31 4
v 32 4
v 33 4
v 34 4
v 35 4
v 36 4
v 37 4
v 38 4
v 39 4
v 40 4
v 41 4
v 42 4
v 43 4
v 44 4
v 45 4
v 46 4
v 47 4
v 48 4
v 49 4
v 50 4
v 51 4
v 52 4
v 53 4
e 0 19 1
e 1 25 1
e 2 8 1
e 2 11 1
e 2 12 1
e 3 5 1
e 3 10 1
e 3 34 1
e 4 15 2
e 4 16 1
e 5 6 1
e 5 9 1
e 5 27 1
e 6 7 1
e 6 28 1
e 6 29 1
e 7 8 1
e 7 30 1
e 7 31 1
e 8 32 1
e 8 33 1
e 9 35 1
e 9 36 1
e 9 37 1
e 10 13 2
e 10 14 1
e 11 17 1
e 11 38 1
e 11 39 1
e 12 18 1
e 12 40 1
e 12 41 1
e 13 15 1
e 13 19 1
e 14 16 1
e 14 20 2
e 15 21 1
e 16 22 2
e 17 42 1
e 17 43 1
e 17 44 1
e 18 45 1
e 18 46 1
e 18 47 1
e 19 23 2
e 20 24 1
e 20 48 1
e 21 25 2
e 21 49 1
e 22 26 1
e 22 50 1
e 23 25 1
e 23 51 1
e 24 26 2
e 24 52 1
e 26 53 1
t # 15320
v 0 1
v 1 1
v 2 1
v 3 1
v 4 1
v 5 2
v 6 2
v 7 2
v 8 2
v 9 3
v 10 3
v 11 3
v 12 3
v 13 3
v 14 3
v 15 3
v 16 3
v 17 3
v 18 3
v 19 4
v 20 4
v 21 4
v 22 4
v 23 4
v 24 4
v 25 4
v 26 4
v 27 4
v 28 4
v 29 4
v 30 4
v 31 4
v 32 4
v 33 4
v 34 4
v 35 4
v 36 4
e 0 15 1
e 0 17 1
e 1 11 2
e 2 12 2
e 3 14 2
e 4 15 2
e 5 9 1
e 5 11 1
e 5 23 1
e 6 12 1
e 6 13 1
e 6 26 1
e 7 10 1
e 7 14 1
e 7 27 1
e 8 16 1
e 8 35 1
e 8 36 1
e 9 12 1
e 9 19 1
e 9 20 1
e 10 11 1
e 10 21 1
e 10 22 1
e 13 15 1
e 13 24 1
e 13 25 1
e 14 16 1
e 16 28 1
e 16 29 1
e 17 18 1
e 17 30 1
e 17 31 1
e 18 32 1
e 18 33 1
e 18 34 1
t # 15321
v 0 11
v 1 1
v 2 1
v 3 1
v 4 2
v 5 2
v 6 3
v 7 3
v 8 3
v 9 3
v 10 3
v 11 3
v 12 3
v 13 3
v 14 3
v 15 3
v 16 3
v 17 3
v 18 3
v 19 3
v 20 3
v 21 3
v 22 3
v 23 3
v 24 3
v 25 3
v 26 3
v 27 3
v 28 3
v 29 3
v 30 3
v 31 3
v 32 3
v 33 4
v 34 4
v 35 4
v 36 4
v 37 4
v 38 4
v 39 4
v 40 4
v 41 4
v 42 4
v 43 4
v 44 4
v 45 4
v 46 4
v 47 4
v 48 4
v 49 4
v 50 4
v 51 4
v 52 4
v 53 4
v 54 4
v 55 4
v 56 4
v 57 4
v 58 4
v 59 4
v 60 4
v 61 4
v 62 4
v 63 4
v 64 4
v 65 4
e 0 2 2
e 0 3 2
e 0 26 1
e 1 65 1
e 4 6 1
e 4 8 1
e 4 9 1
e 4 10 1
e 5 11 1
e 5 12 2
e 6 7 1
e 6 33 1
e 6 34 1
e 7 11 1
e 7 35 1
e 7 36 1
e 8 37 1
e 8 38 1
e 8 39 1
e 9 40 1
e 9 41 1
e 9 42 1
e 10 43 1
e 10 44 1
e 10 45 1
e 11 46 1
e 11 47 1
e 12 13 2
e 13 14 1
e 13 15 1
e 14 16 2
e 14 18 1
e 15 17 2
e 15 19 1
e 16 20 1
e 16 48 1
e 17 21 1
e 17 49 1
e 18 22 2
e 18 50 1
e 19 23 2
e 19 51 1
e 20 24 2
e 20 52 1
e 21 25 2
e 21 53 1
e 22 24 1
e 22 54 1
e 23 25 1
e 23 55 1
e 24 56 1
e 25 57 1
e 26 28 2
e 26 29 1
e 27 30 2
e 27 31 1
e 27 32 1
e 28 30 1
e 28 58 1
e 29 31 2
e 29 59 1
e 30 60 1
e 31 61 1
e 32 62 1
e 32 63 1
e 32 64 1
t # 15322
v 0 1
v 1 2
v 2 2
v 3 2
v 4 2
v 5 2
v 6 3
v 7 3
v 8 3
v 9 3
v 10 3
v 11 3
v 12 3
v 13 3
v 14 3
v 15 3
v 16 3
v 17 3
v 18 3
v 19 4
v 20 4
v 21 4
v 22 4
v 23 4
v 24 4
v 25 4
v 26 4
v 27 4
v 28 4
v 29 4
v 30 4
v 31 4
v 32 4
v 33 4
v 34 4
v 35 4
v 36 4
v 37 4
v 38 4
v 39 4
e 0 17 2
e 1 10 1
e 1 13 1
e 1 14 1
e 2 13 1
e 2 18 1
e 2 34 1
e 3 14 2
e 3 15 1
e 4 17 1
e 4 18 2
e 5 18 1
e 5 38 1
e 5 39 1
e 6 7 1
e 6 8 1
e 6 19 1
e 6 20 1
e 7 9 1
e 7 21 1
e 7 22 1
e 8 10 1
e 8 23 1
e 8 24 1
e 9 11 1
e 9 25 1
e 9 26 1
e 10 27 1
e 10 28 1
e 11 12 1
e 11 29 1
e 11 30 1
e 12 16 1
e 12 31 1
e 12 32 1
e 13 15 2
e 14 33 1
e 15 17 1
e 16 35 1
e 16 36 1
e 16 37 1
t # 15323
v 0 11
v 1 2
v 2 2
v 3 2
v 4 2
v 5 2
v 6 3
v 7 3
v 8 3
v 9 3
v 10 3
v 11 3
v 12 3
v 13 3
v 14 3
v 15 3
v 16 4
v 17 4
v 18 4
v 19 4
v 20 4
v 21 4
v 22 4
v 23 4
v 24 4
v 25 4
v 26 4
v 27 4
v 28 4
v 29 4
v 30 4
e 0 13 1
e 0 15 1
e 1 7 1
e 1 9 1
e 1 21 1
e 2 6 1
e 2 14 2
e 3 9 2
e 3 13 1
e 4 11 1
e 4 13 2
e 5 11 2
e 5 14 1
e 6 9 1
e 6 11 1
e 6 16 1
e 7 8 1
e 7 17 1
e 7 18 1
e 8 10 1
e 8 19 1
e 8 20 1
e 10 12 1
e 10 22 1
e 10 23 1
e 12 24 1
e 12 25 1
e 12 26 1
e 14 27 1
e 15 28 1
e 15 29 1
e 15 30 1
t # 15324
v 0 11
v 1 11
v 2 1
v 3 1
v 4 1
v 5 1
v 6 1
v 7 2
v 8 2
v 9 3
v 10 3
v 11 3
v 12 3
v 13 3
v 14 3
v 15 3
v 16 3
v 17 4
v 18 4
v 19 4
v 20 4
v 21 4
v 22 4
v 23 4
v 24 4
v 25 4
v 26 4
v 27 4
v 28 4
e 0 2 2
e 0 3 2
e 0 11 1
e 1 5 2
e 1 6 2
e 1 10 1
e 4 26 1
e 7 9 1
e 7 21 1
e 8 16 1
e 8 27 1
e 8 28 1
e 9 10 1
e 9 17 1
e 9 18 1
e 10 19 1
e 10 20 1
e 11 12 2
e 11 13 1
e 12 14 1
e 12 22 1
e 13 15 2
e 13 23 1
e 14 16 2
e 14 24 1
e 15 16 1
e 15 25 1
t # 15325
v 0 1
v 1 2
v 2 2
v 3 3
v 4 3
v 5 3
v 6 3
v 7 3
v 8 3
v 9 3
v 10 3
v 11 3
v 12 3
v 13 3
v 14 3
v 15 3
v 16 3
v 17 4
v 18 4
v 19 4
v 20 4
v 21 4
v 22 4
v 23 4
v 24 4
v 25 4
v 26 4
v 27 4
v 28 4
v 29 4
v 30 4
v 31 4
v 32 4
v 33 4
v 34 4
v 35 4
v 36 4
v 37 4
v 38 4
v 39 4
v 40 4
v 41 4
v 42 4
v 43 4
v 44 4
v 45 4
e 0 14 2
e 1 3 1
e 1 4 1
e 1 9 1
e 1 10 1
e 2 13 1
e 2 14 1
e 2 40 1
e 3 5 1
e 3 8 1
e 3 17 1
e 4 6 1
e 4 18 1
e 4 19 1
e 5 7 1
e 5 20 1
e 5 21 1
e 6 7 1
e 6 22 1
e 6 23 1
e 7 24 1
e 7 25 1
e 8 11 1
e 8 26 1
e 8 27 1
e 9 28 1
e 9 29 1
e 9 30 1
e 10 31 1
e 10 32 1
e 10 33 1
e 11 12 1
e 11 34 1
e 11 35 1
e 12 13 1
e 12 36 1
e 12 37 1
e 13 38 1
e 13 39 1
e 14 15 1
e 15 16 1
e 15 41 1
e 15 42 1
e 16 43 1
e 16 44 1
e 16 45 1
t # 15326
v 0 1
v 1 2
v 2 2
v 3 3
v 4 3
v 5 3
v 6 3
v 7 3
v 8 3
v 9 3
v 10 3
v 11 3
v 12 3
v 13 3
v 14 3
v 15 3
v 16 4
v 17 4
v 18 4
v 19 4
v 20 4
v 21 4
v 22 4
v 23 4
v 24 4
v 25 4
v 26 4
v 27 4
v 28 4
v 29 4
v 30 4
v 31 4
v 32 4
v 33 4
v 34 4
v 35 4
v 36 4
v 37 4
v 38 4
v 39 4
v 40 4
v 41 4
e 0 13 2
e 1 3 1
e 1 4 1
e 1 8 1
e 2 12 1
e 2 13 1
e 2 36 1
e 3 5 1
e 3 16 1
e 3 17 1
e 4 6 1
e 4 18 1
e 4 19 1
e 5 7 1
e 5 20 1
e 5 21 1
e 6 7 1
e 6 22 1
e 6 23 1
e 7 24 1
e 7 25 1
e 8 9 1
e 8 26 1
e 8 27 1
e 9 10 1
e 9 28 1
e 9 29 1
e 10 11 1
e 10 30 1
e 10 31 1
e 11 12 1
e 11 32 1
e 11 33 1
e 12 34 1
e 12 35 1
e 13 14 1
e 14 15 1
e 14 37 1
e 14 38 1
e 15 39 1
e 15 40 1
e 15 41 1
t # 15327
v 0 2
v 1 2
v 2 3
v 3 3
v 4 3
v 5 3
v 6 3
v 7 3
v 8 3
v 9 3
v 10 3
v 11 3
v 12 3
v 13 3
v 14 3
v 15 3
v 16 3
v 17 3
v 18 3
v 19 3
v 20 3
v 21 3
v 22 4
v 23 4
v 24 4
v 25 4
v 26 4
v 27 4
v 28 4
v 29 4
v 30 4
v 31 4
v 32 4
v 33 4
v 34 4
v 35 4
v 36 4
v 37 4
v 38 4
v 39 4
v 40 4
v 41 4
v 42 4
v 43 4
v 44 4
v 45 4
v 46 4
v 47 4
v 48 4
v 49 4
v 50 4
v 51 4
v 52 4
v 53 4
v 54 4
v 55 4
v 56 4
v 57 4
v 58 4
v 59 4
v 60 4
v 61 4
v 62 4
v 63 4
e 0 2 1
e 0 4 1
e 0 5 1
e 0 14 1
e 1 3 1
e 1 6 1
e 1 7 1
e 1 15 1
e 2 8 1
e 2 22 1
e 2 23 1
e 3 9 1
e 3 24 1
e 3 25 1
e 4 10 1
e 4 26 1
e 4 27 1
e 5 11 1
e 5 28 1
e 5 29 1
e 6 12 1
e 6 30 1
e 6 31 1
e 7 13 1
e 7 32 1
e 7 33 1
e 8 9 1
e 8 34 1
e 8 35 1
e 9 36 1
e 9 37 1
e 10 16 1
e 10 38 1
e 10 39 1
e 11 17 1
e 11 40 1
e 11 41 1
e 12 18 1
e 12 42 1
e 12 43 1
e 13 19 1
e 13 44 1
e 13 45 1
e 14 46 1
e 14 47 1
e 14 48 1
e 15 49 1
e 15 50 1
e 15 51 1
e 16 20 1
e 16 52 1
e 16 53 1
e 17 20 1
e 17 54 1
e 17 55 1
e 18 21 1
e 18 56 1
e 18 57 1
e 19 21 1
e 19 58 1
e 19 59 1
e 20 60 1
e 20 61 1
e 21 62 1
e 21 63 1
t # 15328
v 0 1
v 1 1
v 2 1
v 3 2
v 4 3
v 5 3
v 6 3
v 7 3
v 8 3
v 9 3
v 10 3
v 11 3
v 12 3
v 13 3
v 14 3
v 15 3
v 16 3
v 17 3
v 18 3
v 19 3
v 20 3
v 21 3
v 22 3
v 23 4
v 24 4
v 25 4
v 26 4
v 27 4
v 28 4
v 29 4
v 30 4
v 31 4
v 32 4
v 33 4
v 34 4
v 35 4
v 36 4
v 37 4
v 38 4
v 39 4
v 40 4
v 41 4
v 42 4
v 43 4
v 44 4
v 45 4
v 46 4
v 47 4
v 48 4
v 49 4
v 50 4
v 51 4
e 0 4 1
e 0 35 1
e 1 12 1
e 1 42 1
e 2 12 2
e 3 13 1
e 3 16 1
e 3 17 1
e 4 5 1
e 4 6 1
e 4 7 1
e 5 10 1
e 5 11 1
e 5 12 1
e 6 8 1
e 6 23 1
e 6 24 1
e 7 9 1
e 7 25 1
e 7 26 1
e 8 9 1
e 8 27 1
e 8 28 1
e 9 29 1
e 9 30 1
e 10 13 1
e 10 31 1
e 10 32 1
e 11 14 2
e 11 15 1
e 13 33 1
e 13 34 1
e 14 18 1
e 14 36 1
e 15 19 2
e 15 37 1
e 16 21 1
e 16 38 1
e 16 39 1
e 17 22 1
e 17 40 1
e 17 41 1
e 18 20 2
e 18 43 1
e 19 20 1
e 19 44 1
e 20 45 1
e 21 46 1
e 21 47 1
e 21 48 1
e 22 49 1
e 22 50 1
e 22 51 1
t # 15329
v 0 2
v 1 2
v 2 3
v 3 3
v 4 3
v 5 3
v 6 3
v 7 3
v 8 3
v 9 3
v 10 3
v 11 3
v 12 4
v 13 4
v 14 4
v 15 4
v 16 4
v 17 4
v 18 4
v 19 4
v 20 4
v 21 4
v 22 4
v 23 4
v 24 4
v 25 4
v 26 4
v 27 4
v 28 4
v 29 4
v 30 4
v 31 4
e 0 2 1
e 0 6 1
e 0 20 1
e 1 3 1
e 1 7 1
e 1 21 1
e 2 3 1
e 2 4 1
e 2 12 1
e 3 5 1
e 3 13 1
e 4 8 1
e 4 14 1
e 4 15 1
e 5 9 1
e 5 16 1
e 5 17 1
e 6 7 1
e 6 10 1
e 6 18 1
e 7 11 1
e 7 19 1
e 8 9 1
e 8 22 1
e 8 23 1
e 9 24 1
e 9 25 1
e 10 26 1
e 10 27 1
e 10 28 1
e 11 29 1
e 11 30 1
e 11 31 1
t # 15330
v 0 3
v 1 3
v 2 3
v 3 3
v 4 3
v 5 3
v 6 3
v 7 3
v 8 3
v 9 3
v 10 3
v 11 3
v 12 3
v 13 3
v 14 3
v 15 3
v 16 3
v 17 3
v 18 3
v 19 3
v 20 3
v 21 3
v 22 3
v 23 3
v 24 3
v 25 3
v 26 3
v 27 3
v 28 3
v 29 3
v 30 3
v 31 3
v 32 3
v 33 3
v 34 3
v 35 3
v 36 3
v 37 3
v 38 3
v 39 3
v 40 3
v 41 3
v 42 4
v 43 4
v 44 4
v 45 4
v 46 4
v 47 4
v 48 4
v 49 4
v 50 4
v 51 4
v 52 4
v 53 4
v 54 4
v 55 4
v 56 4
v 57 4
v 58 4
v 59 4
v 60 4
v 61 4
v 62 4
v 63 4
v 64 4
v 65 4
v 66 4
v 67 4
v 68 4
v 69 4
v 70 4
v 71 4
e 0 1 1
e 0 2 1
e 0 4 1
e 0 42 1
e 1 3 1
e 1 5 1
e 1 43 1
e 2 6 1
e 2 10 2
e 3 7 1
e 3 11 2
e 4 12 2
e 4 14 1
e 5 13 2
e 5 15 1
e 6 8 2
e 6 16 1
e 7 9 2
e 7 17 1
e 8 18 1
e 8 20 1
e 9 19 1
e 9 21 1
e 10 22 1
e 10 44 1
e 11 23 1
e 11 45 1
e 12 28 1
e 12 46 1
e 13 29 1
e 13 47 1
e 14 30 2
e 14 48 1
e 15 31 2
e 15 49 1
e 16 26 2
e 16 50 1
e 17 27 2
e 17 51 1
e 18 24 1
e 18 32 2
e 19 25 1
e 19 33 2
e 20 22 2
e 20 52 1
e 21 23 2
e 21 53 1
e 22 54 1
e 23 55 1
e 24 26 1
e 24 36 2
e 25 27 1
e 25 37 2
e 26 56 1
e 27 57 1
e 28 34 2
e 28 58 1
e 29 35 2
e 29 59 1
e 30 34 1
e 30 60 1
e 31 35 1
e 31 61 1
e 32 38 1
e 32 62 1
e 33 39 1
e 33 63 1
e 34 64 1
e 35 65 1
e 36 40 1
e 36 66 1
e 37 41 1
e 37 67 1
e 38 40 2
e 38 68 1
e 39 41 2
e 39 69 1
e 40 70 1
e 41 71 1
t # 15331
v 0 3
v 1 3
v 2 3
v 3 3
v 4 3
v 5 3
v 6 3
v 7 3
v 8 3
v 9 3
v 10 3
v 11 3
v 12 3
v 13 3
v 14 3
v 15 3
v 16 3
v 17 3
v 18 3
v 19 3
v 20 3
v 21 3
v 22 3
v 23 3
v 24 3
v 25 3
v 26 3
v 27 3
v 28 3
v 29 3
v 30 3
v 31 3
v 32 3
v 33 3
v 34 3
v 35 3
v 36 4
v 37 4
v 38 4
v 39 4
v 40 4
v 41 4
v 42 4
v 43 4
v 44 4
v 45 4
v 46 4
v 47 4
v 48 4
v 49 4
v 50 4
v 51 4
v 52 4
v 53 4
v 54 4
v 55 4
v 56 4
v 57 4
v 58 4
v 59 4
v 60 4
v 61 4
v 62 4
v 63 4
v 64 4
v 65 4
v 66 4
v 67 4
e 0 1 1
e 0 3 1
e 0 4 1
e 0 5 1
e 1 2 1
e 1 6 1
e 1 36 1
e 2 9 2
e 2 14 1
e 3 16 2
e 3 19 1
e 4 17 2
e 4 20 1
e 5 18 2
e 5 21 1
e 6 22 2
e 6 23 1
e 7 8 2
e 7 9 1
e 7 10 1
e 8 11 1
e 8 15 1
e 9 37 1
e 10 12 1
e 10 38 1
e 10 39 1
e 11 13 1
e 11 40 1
e 11 41 1
e 12 13 1
e 12 42 1
e 12 43 1
e 13 44 1
e 13 45 1
e 14 15 2
e 14 46 1
e 15 47 1
e 16 24 1
e 16 48 1
e 17 25 1
e 17 49 1
e 18 26 1
e 18 50 1
e 19 27 2
e 19 51 1
e 20 28 2
e 20 52 1
e 21 29 2
e 21 53 1
e 22 30 1
e 22 54 1
e 23 31 2
e 23 55 1
e 24 32 2
e 24 56 1
e 25 33 2
e 25 57 1
e 26 34 2
e 26 58 1
e 27 32 1
e 27 59 1
e 28 33 1
e 28 60 1
e 29 34 1
e 29 61 1
e 30 35 2
e 30 62 1
e 31 35 1
e 31 63 1
e 32 64 1
e 33 65 1
e 34 66 1
e 35 67 1
t # 15332
v 0 2
v 1 2
v 2 3
v 3 3
v 4 3
v 5 3
v 6 3
v 7 3
v 8 3
v 9 3
v 10 3
v 11 3
v 12 3
v 13 3
v 14 3
v 15 3
v 16 3
v 17 3
v 18 3
v 19 3
v 20 4
v 21 4
v 22 4
v 23 4
v 24 4
v 25 4
v 26 4
v 27 4
v 28 4
v 29 4
v 30 4
v 31 4
v 32 4
v 33 4
v 34 4
v 35 4
v 36 4
v 37 4
v 38 4
v 39 4
e 0 2 1
e 0 3 1
e 0 6 1
e 2 4 1
e 2 20 1
e 2 21 1
e 3 5 1
e 3 22 1
e 3 23 1
e 4 7 1
e 4 24 1
e 4 25 1
e 5 8 1
e 5 26 1
e 5 27 1
e 6 17 1
e 6 28 1
e 6 29 1
e 7 9 2
e 7 11 1
e 8 10 2
e 8 12 1
e 9 13 1
e 9 30 1
e 10 14 1
e 10 31 1
e 11 15 2
e 11 32 1
e 12 16 2
e 12 33 1
e 13 18 2
e 13 34 1
e 14 19 2
e 14 35 1
e 15 18 1
e 15 36 1
e 16 19 1
e 16 37 1
e 18 38 1
e 19 39 1
t # 15333
v 0 2
v 1 2
v 2 3
v 3 3
v 4 3
v 5 3
v 6 3
v 7 3
v 8 3
v 9 3
v 10 3
v 11 3
v 12 4
v 13 4
v 14 4
v 15 4
v 16 4
v 17 4
v 18 4
v 19 4
v 20 4
v 21 4
v 22 4
v 23 4
v 24 4
v 25 4
v 26 4
v 27 4
e 0 2 1
e 0 5 1
e 0 16 1
e 1 6 1
e 1 26 1
e 1 27 1
e 2 3 1
e 2 12 1
e 2 13 1
e 3 4 1
e 3 14 1
e 3 15 1
e 4 7 2
e 4 8 1
e 5 6 1
e 5 17 1
e 5 18 1
e 6 19 1
e 6 20 1
e 7 9 1
e 7 21 1
e 8 10 2
e 8 22 1
e 9 11 2
e 9 23 1
e 10 11 1
e 10 24 1
e 11 25 1
t # 15334
v 0 1
v 1 1
v 2 2
v 3 2
v 4 2
v 5 2
v 6 2
v 7 2
v 8 2
v 9 2
v 10 3
v 11 3
v 12 3
v 13 3
v 14 3
v 15 3
v 16 3
v 17 3
v 18 3
v 19 3
v 20 3
v 21 3
v 22 3
v 23 3
v 24 3
v 25 3
v 26 3
v 27 3
v 28 3
v 29 3
v 30 3
v 31 3
v 32 3
v 33 3
v 34 3
v 35 3
v 36 3
v 37 3
v 38 3
v 39 3
v 40 3
v 41 3
v 42 3
v 43 3
v 44 3
v 45 3
v 46 3
v 47 3
v 48 3
v 49 3
v 50 4
v 51 4
v 52 4
v 53 4
v 54 4
v 55 4
v 56 4
v 57 4
v 58 4
v 59 4
v 60 4
v 61 4
v 62 4
v 63 4
v 64 4
v 65 4
v 66 4
v 67 4
v 68 4
v 69 4
v 70 4
v 71 4
v 72 4
v 73 4
v 74 4
v 75 4
v 76 4
v 77 4
v 78 4
v 79 4
v 80 4
v 81 4
e 0 14 1
e 0 40 1
e 1 15 1
e 1 41 1
e 2 4 1
e 2 12 1
e 3 5 1
e 3 13 1
e 4 8 1
e 4 22 1
e 5 9 1
e 5 23 1
e 6 24 1
e 7 25 1
e 8 24 2
e 9 25 2
e 10 11 1
e 10 16 2
e 10 18 1
e 11 17 2
e 11 19 1
e 12 14 2
e 12 20 1
e 13 15 2
e 13 21 1
e 14 16 1
e 15 17 1
e 16 50 1
e 17 51 1
e 18 20 2
e 18 52 1
e 19 21 2
e 19 53 1
e 20 54 1
e 21 55 1
e 22 28 2
e 22 30 1
e 23 29 2
e 23 31 1
e 24 26 1
e 25 27 1
e 26 32 2
e 26 34 1
e 27 33 2
e 27 35 1
e 28 36 1
e 28 56 1
e 29 37 1
e 29 57 1
e 30 38 2
e 30 58 1
e 31 39 2
e 31 59 1
e 32 44 1
e 32 60 1
e 33 45 1
e 33 61 1
e 34 46 2
e 34 62 1
e 35 47 2
e 35 63 1
e 36 42 2
e 36 64 1
e 37 43 2
e 37 65 1
e 38 42 1
e 38 66 1
e 39 43 1
e 39 67 1
e 40 68 1
e 40 69 1
e 40 70 1
e 41 71 1
e 41 72 1
e 41 73 1
e 42 74 1
e 43 75 1
e 44 48 2
e 44 76 1
e 45 49 2
e 45 77 1
e 46 48 1
e 46 78 1
e 47 49 1
e 47 79 1
e 48 80 1
e 49 81 1
t # 15335
v 0 2
v 1 2
v 2 3
v 3 3
v 4 3
v 5 3
v 6 3
v 7 3
v 8 3
v 9 3
v 10 3
v 11 3
v 12 3
v 13 3
v 14 3
v 15 4
v 16 4
v 17 4
v 18 4
v 19 4
v 20 4
v 21 4
v 22 4
v 23 4
v 24 4
v 25 4
v 26 4
v 27 4
v 28 4
v 29 4
v 30 4
v 31 4
v 32 4
v 33 4
v 34 4
v 35 4
v 36 4
v 37 4
v 38 4
v 39 4
v 40 4
e 0 2 1
e 0 7 1
e 0 14 1
e 1 5 1
e 1 9 1
e 1 10 1
e 2 3 1
e 2 4 1
e 2 15 1
e 3 5 1
e 3 16 1
e 3 17 1
e 4 6 1
e 4 18 1
e 4 19 1
e 5 20 1
e 5 21 1
e 6 8 1
e 6 22 1
e 6 23 1
e 7 8 1
e 7 24 1
e 7 25 1
e 8 26 1
e 8 27 1
e 9 11 1
e 9 28 1
e 9 29 1
e 10 12 1
e 10 30 1
e 10 31 1
e 11 13 1
e 11 32 1
e 11 33 1
e 12 13 1
e 12 34 1
e 12 35 1
e 13 36 1
e 13 37 1
e 14 38 1
e 14 39 1
e 14 40 1
t # 15336
v 0 12
v 1 11
v 2 1
v 3 1
v 4 2
v 5 2
v 6 3
v 7 3
v 8 3
v 9 3
v 10 3
v 11 3
v 12 3
v 13 3
v 14 3
v 15 3
v 16 3
v 17 3
v 18 3
v 19 3
v 20 3
v 21 3
v 22 3
v 23 4
v 24 4
v 25 4
v 26 4
v 27 4
v 28 4
v 29 4
v 30 4
v 31 4
v 32 4
v 33 4
v 34 4
v 35 4
v 36 4
v 37 4
v 38 4
v 39 4
v 40 4
v 41 4
e 0 17 1
e 1 3 2
e 1 11 1
e 1 12 1
e 2 7 1
e 2 32 1
e 4 6 1
e 4 8 1
e 4 9 1
e 5 10 1
e 5 21 1
e 5 22 1
e 6 7 1
e 6 23 1
e 6 24 1
e 7 10 1
e 7 25 1
e 8 11 2
e 8 13 1
e 9 12 1
e 9 14 2
e 10 26 1
e 10 27 1
e 11 15 1
e 12 16 2
e 13 17 2
e 13 28 1
e 14 18 1
e 14 29 1
e 15 19 2
e 15 30 1
e 16 20 1
e 16 31 1
e 17 19 1
e 18 20 2
e 18 33 1
e 19 34 1
e 20 35 1
e 21 36 1
e 21 37 1
e 21 38 1
e 22 39 1
e 22 40 1
e 22 41 1
t # 15337
v 0 1
v 1 2
v 2 2
v 3 3
v 4 3
v 5 3
v 6 3
v 7 3
v 8 3
v 9 3
v 10 3
v 11 3
v 12 3
v 13 3
v 14 3
v 15 3
v 16 3
v 17 3
v 18 3
v 19 3
v 20 3
v 21 3
v 22 3
v 23 3
v 24 3
v 25 3
v 26 4
v 27 4
v 28 4
v 29 4
v 30 4
v 31 4
v 32 4
v 33 4
v 34 4
v 35 4
v 36 4
v 37 4
v 38 4
v 39 4
v 40 4
v 41 4
v 42 4
v 43 4
v 44 4
v 45 4
v 46 4
v 47 4
v 48 4
v 49 4
v 50 4
v 51 4
v 52 4
v 53 4
v 54 4
v 55 4
v 56 4
v 57 4
v 58 4
e 0 14 2
e 1 3 1
e 1 7 1
e 1 8 1
e 1 9 1
e 2 14 1
e 2 25 1
e 2 49 1
e 3 4 1
e 3 26 1
e 3 27 1
e 4 5 1
e 4 28 1
e 4 29 1
e 5 6 1
e 5 30 1
e 5 31 1
e 6 10 1
e 6 11 1
e 6 14 1
e 7 12 1
e 7 32 1
e 7 33 1
e 8 13 1
e 8 34 1
e 8 35 1
e 9 36 1
e 9 37 1
e 9 38 1
e 10 15 2
e 10 17 1
e 11 16 2
e 11 18 1
e 12 39 1
e 12 40 1
e 12 41 1
e 13 42 1
e 13 43 1
e 13 44 1
e 15 19 1
e 15 45 1
e 16 20 1
e 16 46 1
e 17 21 2
e 17 47 1
e 18 22 2
e 18 48 1
e 19 23 2
e 19 50 1
e 20 24 2
e 20 51 1
e 21 23 1
e 21 52 1
e 22 24 1
e 22 53 1
e 23 54 1
e 24 55 1
e 25 56 1
e 25 57 1
e 25 58 1
t # 15338
v 0 1
v 1 2
v 2 2
v 3 3
v 4 3
v 5 3
v 6 3
v 7 3
v 8 3
v 9 3
v 10 3
v 11 3
v 12 3
v 13 3
v 14 3
v 15 3
v 16 3
v 17 3
v 18 3
v 19 3
v 20 3
v 21 3
v 22 3
v 23 3
v 24 3
v 25 4
v 26 4
v 27 4
v 28 4
v 29 4
v 30 4
v 31 4
v 32 4
v 33 4
v 34 4
v 35 4
v 36 4
v 37 4
v 38 4
v 39 4
v 40 4
v 41 4
v 42 4
v 43 4
v 44 4
v 45 4
v 46 4
v 47 4
v 48 4
v 49 4
v 50 4
v 51 4
v 52 4
v 53 4
v 54 4
v 55 4
e 0 11 2
e 1 3 1
e 1 6 1
e 1 7 1
e 1 8 1
e 2 11 1
e 2 24 1
e 2 46 1
e 3 4 1
e 3 25 1
e 3 26 1
e 4 5 1
e 4 27 1
e 4 28 1
e 5 9 1
e 5 10 1
e 5 11 1
e 6 12 1
e 6 29 1
e 6 30 1
e 7 13 1
e 7 31 1
e 7 32 1
e 8 33 1
e 8 34 1
e 8 35 1
e 9 14 2
e 9 16 1
e 10 15 2
e 10 17 1
e 12 36 1
e 12 37 1
e 12 38 1
e 13 39 1
e 13 40 1
e 13 41 1
e 14 18 1
e 14 42 1
e 15 19 1
e 15 43 1
e 16 20 2
e 16 44 1
e 17 21 2
e 17 45 1
e 18 22 2
e 18 47 1
e 19 23 2
e 19 48 1
e 20 22 1
e 20 49 1
e 21 23 1
e 21 50 1
e 22 51 1
e 23 52 1
e 24 53 1
e 24 54 1
e 24 55 1
t # 15339
v 0 2
v 1 3
v 2 3
v 3 3
v 4 3
v 5 3
v 6 3
v 7 3
v 8 3
v 9 3
v 10 3
v 11 3
v 12 4
v 13 4
v 14 4
v 15 4
v 16 4
v 17 4
v 18 4
v 19 4
v 20 4
v 21 4
v 22 4
v 23 4
v 24 4
v 25 4
v 26 4
v 27 4
v 28 4
e 0 2 1
e 0 22 1
e 0 23 1
e 1 2 1
e 1 3 1
e 1 4 1
e 1 12 1
e 2 6 1
e 2 13 1
e 3 5 1
e 3 14 1
e 3 15 1
e 4 16 1
e 4 17 1
e 4 18 1
e 5 7 2
e 5 8 1
e 6 19 1
e 6 20 1
e 6 21 1
e 7 9 1
e 7 24 1
e 8 10 2
e 8 25 1
e 9 11 2
e 9 26 1
e 10 11 1
e 10 27 1
e 11 28 1
t # 15340
v 0 12
v 1 1
v 2 1
v 3 1
v 4 1
v 5 2
v 6 3
v 7 3
v 8 3
v 9 3
v 10 3
v 11 3
v 12 3
v 13 3
v 14 3
v 15 3
v 16 3
v 17 3
v 18 3
v 19 3
v 20 3
v 21 3
v 22 3
v 23 4
v 24 4
v 25 4
v 26 4
v 27 4
v 28 4
v 29 4
v 30 4
v 31 4
v 32 4
v 33 4
v 34 4
v 35 4
v 36 4
v 37 4
v 38 4
v 39 4
v 40 4
v 41 4
e 1 39 1
e 2 40 1
e 3 41 1
e 5 6 1
e 5 8 1
e 5 11 2
e 6 7 1
e 6 23 1
e 6 24 1
e 7 10 1
e 7 25 1
e 7 26 1
e 8 9 1
e 8 12 2
e 9 13 1
e 9 15 2
e 10 16 2
e 10 17 1
e 11 14 1
e 11 27 1
e 12 18 1
e 12 28 1
e 13 14 2
e 13 29 1
e 14 30 1
e 15 19 1
e 15 31 1
e 16 20 1
e 16 32 1
e 17 21 2
e 17 33 1
e 18 19 2
e 18 34 1
e 19 35 1
e 20 22 2
e 20 36 1
e 21 22 1
e 21 37 1
e 22 38 1
t # 15341
v 0 1
v 1 2
v 2 2
v 3 2
v 4 3
v 5 3
v 6 3
v 7 3
v 8 3
v 9 3
v 10 3
v 11 3
v 12 3
v 13 3
v 14 3
v 15 3
v 16 3
v 17 3
v 18 4
v 19 4
v 20 4
v 21 4
v 22 4
v 23 4
v 24 4
v 25 4
v 26 4
v 27 4
v 28 4
v 29 4
v 30 4
v 31 4
v 32 4
v 33 4
e 0 16 2
e 1 4 1
e 1 7 1
e 1 8 2
e 2 3 1
e 2 16 1
e 2 31 1
e 3 32 1
e 3 33 1
e 4 5 1
e 4 18 1
e 4 19 1
e 5 6 1
e 5 20 1
e 5 21 1
e 6 10 2
e 6 11 1
e 7 9 2
e 7 22 1
e 8 12 1
e 8 23 1
e 9 13 1
e 9 16 1
e 10 14 1
e 10 24 1
e 11 15 2
e 11 25 1
e 12 13 2
e 12 26 1
e 13 27 1
e 14 17 2
e 14 28 1
e 15 17 1
e 15 29 1
e 17 30 1
t # 15342
v 0 1
v 1 1
v 2 1
v 3 2
v 4 2
v 5 3
v 6 3
v 7 3
v 8 3
v 9 3
v 10 3
v 11 3
v 12 3
v 13 3
v 14 3
v 15 3
v 16 3
v 17 3
v 18 4
v 19 4
v 20 4
v 21 4
v 22 4
v 23 4
v 24 4
v 25 4
v 26 4
v 27 4
v 28 4
v 29 4
v 30 4
v 31 4
v 32 4
v 33 4
v 34 4
v 35 4
v 36 4
v 37 4
v 38 4
v 39 4
v 40 4
v 41 4
v 42 4
v 43 4
v 44 4
v 45 4
e 0 11 1
e 0 17 1
e 1 12 1
e 1 17 1
e 2 17 2
e 3 5 1
e 3 7 1
e 3 8 1
e 4 6 1
e 4 9 1
e 4 10 1
e 5 11 1
e 5 18 1
e 5 19 1
e 6 12 1
e 6 20 1
e 6 21 1
e 7 13 1
e 7 22 1
e 7 23 1
e 8 14 1
e 8 24 1
e 8 25 1
e 9 15 1
e 9 26 1
e 9 27 1
e 10 16 1
e 10 28 1
e 10 29 1
e 11 30 1
e 11 31 1
e 12 32 1
e 12 33 1
e 13 34 1
e 13 35 1
e 13 36 1
e 14 37 1
e 14 38 1
e 14 39 1
e 15 40 1
e 15 41 1
e 15 42 1
e 16 43 1
e 16 44 1
e 16 45 1
t # 15343
v 0 11
v 1 1
v 2 1
v 3 1
v 4 1
v 5 1
v 6 2
v 7 2
v 8 3
v 9 3
v 10 3
v 11 3
v 12 3
v 13 3
v 14 3
v 15 3
v 16 3
v 17 3
v 18 3
v 19 3
v 20 3
v 21 3
v 22 3
v 23 3
v 24 3
v 25 3
v 26 3
v 27 3
v 28 3
v 29 3
v 30 3
v 31 4
v 32 4
v 33 4
v 34 4
v 35 4
v 36 4
v 37 4
v 38 4
v 39 4
v 40 4
v 41 4
v 42 4
v 43 4
v 44 4
v 45 4
v 46 4
v 47 4
v 48 4
v 49 4
v 50 4
v 51 4
v 52 4
v 53 4
v 54 4
v 55 4
v 56 4
v 57 4
v 58 4
v 59 4
v 60 4
e 0 4 2
e 0 5 2
e 0 24 1
e 1 10 1
e 1 12 1
e 2 11 1
e 2 13 1
e 3 60 1
e 6 8 1
e 6 14 2
e 6 16 1
e 7 9 1
e 7 15 2
e 7 17 1
e 8 10 1
e 8 31 1
e 8 32 1
e 9 11 1
e 9 33 1
e 9 34 1
e 10 35 1
e 10 36 1
e 11 37 1
e 11 38 1
e 12 13 1
e 12 39 1
e 12 40 1
e 13 41 1
e 13 42 1
e 14 18 1
e 14 43 1
e 15 19 1
e 15 44 1
e 16 20 2
e 16 45 1
e 17 21 2
e 17 46 1
e 18 22 2
e 18 47 1
e 19 23 2
e 19 48 1
e 20 22 1
e 20 49 1
e 21 23 1
e 21 50 1
e 22 51 1
e 23 52 1
e 24 26 2
e 24 27 1
e 25 28 2
e 25 29 1
e 25 30 1
e 26 28 1
e 26 53 1
e 27 29 2
e 27 54 1
e 28 55 1
e 29 56 1
e 30 57 1
e 30 58 1
e 30 59 1
t # 15344
v 0 1
v 1 1
v 2 1
v 3 1
v 4 1
v 5 1
v 6 1
v 7 1
v 8 2
v 9 2
v 10 2
v 11 2
v 12 3
v 13 3
v 14 3
v 15 3
v 16 3
v 17 3
v 18 3
v 19 3
v 20 3
v 21 3
v 22 3
v 23 3
v 24 3
v 25 3
v 26 3
v 27 3
v 28 3
v 29 3
v 30 3
v 31 3
v 32 3
v 33 3
v 34 3
v 35 3
v 36 3
v 37 3
v 38 3
v 39 3
v 40 3
v 41 3
v 42 3
v 43 3
v 44 4
v 45 4
v 46 4
v 47 4
v 48 4
v 49 4
v 50 4
v 51 4
v 52 4
v 53 4
v 54 4
v 55 4
v 56 4
v 57 4
v 58 4
v 59 4
v 60 4
v 61 4
v 62 4
v 63 4
v 64 4
v 65 4
v 66 4
v 67 4
v 68 4
v 69 4
v 70 4
v 71 4
v 72 4
v 73 4
v 74 4
v 75 4
v 76 4
v 77 4
v 78 4
v 79 4
v 80 4
v 81 4
v 82 4
v 83 4
v 84 4
v 85 4
e 0 18 1
e 0 24 1
e 1 19 1
e 1 25 1
e 2 24 2
e 3 25 2
e 4 38 1
e 4 40 1
e 5 39 1
e 5 41 1
e 6 38 2
e 7 39 2
e 8 12 1
e 8 14 1
e 8 15 1
e 9 13 1
e 9 16 1
e 9 17 1
e 10 32 1
e 10 38 1
e 10 80 1
e 11 33 1
e 11 39 1
e 11 81 1
e 12 18 1
e 12 44 1
e 12 45 1
e 13 19 1
e 13 46 1
e 13 47 1
e 14 20 1
e 14 48 1
e 14 49 1
e 15 21 1
e 15 50 1
e 15 51 1
e 16 22 1
e 16 52 1
e 16 53 1
e 17 23 1
e 17 54 1
e 17 55 1
e 18 56 1
e 18 57 1
e 19 58 1
e 19 59 1
e 20 60 1
e 20 61 1
e 20 62 1
e 21 63 1
e 21 64 1
e 21 65 1
e 22 66 1
e 22 67 1
e 22 68 1
e 23 69 1
e 23 70 1
e 23 71 1
e 24 26 1
e 25 27 1
e 26 28 2
e 26 30 1
e 27 29 2
e 27 31 1
e 28 34 1
e 28 72 1
e 29 35 1
e 29 73 1
e 30 36 2
e 30 74 1
e 31 37 2
e 31 75 1
e 32 34 2
e 32 36 1
e 33 35 2
e 33 37 1
e 34 76 1
e 35 77 1
e 36 78 1
e 37 79 1
e 40 42 1
e 40 82 1
e 40 83 1
e 41 43 1
e 41 84 1
e 41 85 1
t # 15345
v 0 11
v 1 11
v 2 1
v 3 1
v 4 1
v 5 1
v 6 2
v 7 2
v 8 2
v 9 2
v 10 3
v 11 3
v 12 3
v 13 3
v 14 3
v 15 3
v 16 3
v 17 3
v 18 3
v 19 3
v 20 3
v 21 3
v 22 3
v 23 3
v 24 3
v 25 3
v 26 3
v 27 3
v 28 4
v 29 4
v 30 4
v 31 4
v 32 4
v 33 4
v 34 4
v 35 4
v 36 4
v 37 4
v 38 4
v 39 4
v 40 4
v 41 4
e 0 10 1
e 0 14 1
e 1 11 1
e 1 15 1
e 2 20 1
e 2 26 1
e 3 21 1
e 3 27 1
e 4 26 2
e 5 27 2
e 6 12 1
e 6 14 2
e 7 13 1
e 7 15 2
e 8 14 1
e 8 26 1
e 8 40 1
e 9 15 1
e 9 27 1
e 9 41 1
e 10 12 1
e 10 16 2
e 11 13 1
e 11 17 2
e 12 18 2
e 13 19 2
e 16 22 1
e 16 28 1
e 17 23 1
e 17 29 1
e 18 24 1
e 18 30 1
e 19 25 1
e 19 31 1
e 20 21 1
e 20 32 1
e 20 33 1
e 21 34 1
e 21 35 1
e 22 24 2
e 22 36 1
e 23 25 2
e 23 37 1
e 24 38 1
e 25 39 1
t # 15346
v 0 1
v 1 1
v 2 1
v 3 1
v 4 2
v 5 2
v 6 2
v 7 2
v 8 3
v 9 3
v 10 3
v 11 3
v 12 3
v 13 3
v 14 3
v 15 3
v 16 3
v 17 3
v 18 3
v 19 3
v 20 3
v 21 3
v 22 3
v 23 3
v 24 4
v 25 4
v 26 4
v 27 4
v 28 4
v 29 4
v 30 4
v 31 4
v 32 4
v 33 4
v 34 4
v 35 4
v 36 4
v 37 4
v 38 4
v 39 4
v 40 4
v 41 4
e 0 8 1
e 0 20 1
e 1 9 1
e 1 21 1
e 2 20 2
e 3 21 2
e 4 10 1
e 4 20 1
e 4 30 1
e 5 11 1
e 5 21 1
e 5 31 1
e 6 10 1
e 6 12 2
e 7 11 1
e 7 13 2
e 8 9 1
e 8 24 1
e 8 25 1
e 9 26 1
e 9 27 1
e 10 14 2
e 11 15 2
e 12 16 1
e 12 22 1
e 13 17 1
e 13 23 1
e 14 18 1
e 14 28 1
e 15 19 1
e 15 29 1
e 16 18 2
e 16 32 1
e 17 19 2
e 17 33 1
e 18 34 1
e 19 35 1
e 22 36 1
e 22 37 1
e 22 38 1
e 23 39 1
e 23 40 1
e 23 41 1
t # 15347
v 0 1
v 1 1
v 2 1
v 3 1
v 4 1
v 5 2
v 6 3
v 7 3
v 8 3
v 9 3
v 10 3
v 11 3
v 12 3
v 13 3
v 14 3
v 15 3
v 16 3
v 17 3
v 18 3
v 19 3
v 20 3
v 21 3
v 22 3
v 23 3
v 24 3
v 25 3
v 26 3
v 27 3
v 28 4
v 29 4
v 30 4
v 31 4
v 32 4
v 33 4
v 34 4
v 35 4
v 36 4
v 37 4
v 38 4
v 39 4
v 40 4
v 41 4
v 42 4
v 43 4
v 44 4
v 45 4
v 46 4
v 47 4
v 48 4
v 49 4
v 50 4
v 51 4
v 52 4
v 53 4
v 54 4
e 0 16 1
e 0 23 1
e 1 17 1
e 1 24 1
e 2 20 1
e 2 25 1
e 3 21 1
e 3 26 1
e 4 22 1
e 4 27 1
e 5 6 1
e 5 7 1
e 5 14 1
e 6 10 1
e 6 11 1
e 6 28 1
e 7 8 1
e 7 13 2
e 8 9 1
e 8 15 2
e 9 10 2
e 9 12 1
e 10 29 1
e 11 30 1
e 11 31 1
e 11 32 1
e 12 18 2
e 12 19 1
e 13 16 1
e 13 33 1
e 14 34 1
e 14 35 1
e 14 36 1
e 15 17 1
e 15 37 1
e 16 17 2
e 18 21 1
e 18 38 1
e 19 20 2
e 19 39 1
e 20 22 1
e 21 22 2
e 23 40 1
e 23 41 1
e 23 42 1
e 24 43 1
e 24 44 1
e 24 45 1
e 25 46 1
e 25 47 1
e 25 48 1
e 26 49 1
e 26 50 1
e 26 51 1
e 27 52 1
e 27 53 1
e 27 54 1
t # 15348
v 0 2
v 1 2
v 2 2
v 3 3
v 4 3
v 5 3
v 6 3
v 7 3
v 8 3
v 9 4
v 10 4
v 11 4
v 12 4
v 13 4
v 14 4
v 15 4
v 16 4
v 17 4
e 0 4 1
e 0 7 1
e 0 15 1
e 1 5 1
e 1 8 1
e 1 16 1
e 2 6 1
e 2 8 2
e 3 4 1
e 3 6 1
e 3 9 1
e 3 10 1
e 4 11 1
e 4 12 1
e 5 6 2
e 5 7 1
e 7 13 1
e 7 14 1
e 8 17 1
t # 15349
v 0 11
v 1 11
v 2 2
v 3 2
v 4 2
v 5 2
v 6 3
v 7 3
v 8 3
v 9 3
v 10 3
v 11 3
v 12 3
v 13 3
v 14 3
v 15 3
v 16 3
v 17 3
v 18 3
v 19 3
v 20 4
v 21 4
v 22 4
v 23 4
v 24 4
v 25 4
v 26 4
v 27 4
v 28 4
v 29 4
v 30 4
v 31 4
v 32 4
v 33 4
v 34 4
v 35 4
v 36 4
v 37 4
e 0 12 1
e 0 14 1
e 1 13 1
e 1 15 1
e 2 6 1
e 2 14 1
e 2 32 1
e 3 7 1
e 3 15 1
e 3 33 1
e 4 10 1
e 4 14 2
e 5 11 1
e 5 15 2
e 6 10 1
e 6 20 1
e 6 21 1
e 7 11 1
e 7 22 1
e 7 23 1
e 8 12 1
e 8 16 2
e 8 18 1
e 9 13 1
e 9 17 2
e 9 19 1
e 10 24 1
e 10 25 1
e 11 26 1
e 11 27 1
e 12 28 1
e 12 29 1
e 13 30 1
e 13 31 1
e 16 17 1
e 16 34 1
e 17 35 1
e 18 19 2
e 18 36 1
e 19 37 1
t # 15350
v 0 2
v 1 2
v 2 2
v 3 2
v 4 2
v 5 2
v 6 3
v 7 3
v 8 3
v 9 3
v 10 3
v 11 4
v 12 4
v 13 4
v 14 4
v 15 4
v 16 4
e 0 6 1
e 0 9 2
e 1 7 2
e 1 9 1
e 2 7 1
e 3 5 1
e 3 8 2
e 4 8 1
e 4 15 1
e 4 16 1
e 6 7 1
e 6 8 1
e 6 11 1
e 9 10 1
e 10 12 1
e 10 13 1
e 10 14 1
t # 15351
v 0 1
v 1 1
v 2 1
v 3 1
v 4 3
v 5 3
v 6 3
v 7 3
v 8 3
v 9 3
v 10 3
v 11 3
v 12 3
v 13 3
v 14 3
v 15 3
v 16 3
v 17 3
v 18 4
v 19 4
v 20 4
v 21 4
v 22 4
v 23 4
v 24 4
v 25 4
e 0 5 1
e 0 7 1
e 1 8 2
e 2 17 1
e 2 25 1
e 3 17 2
e 4 5 2
e 4 8 1
e 4 10 1
e 5 9 1
e 6 7 1
e 6 8 1
e 6 11 2
e 7 13 2
e 9 12 2
e 9 17 1
e 10 14 2
e 10 18 1
e 11 15 1
e 11 19 1
e 12 14 1
e 12 20 1
e 13 16 1
e 13 21 1
e 14 22 1
e 15 16 2
e 15 23 1
e 16 24 1
t # 15352
v 0 1
v 1 2
v 2 2
v 3 2
v 4 2
v 5 2
v 6 3
v 7 3
v 8 3
v 9 3
v 10 3
v 11 3
v 12 3
v 13 3
v 14 3
v 15 3
v 16 3
v 17 3
v 18 4
v 19 4
v 20 4
v 21 4
v 22 4
v 23 4
v 24 4
v 25 4
v 26 4
v 27 4
v 28 4
e 0 16 1
e 0 17 1
e 1 7 1
e 1 9 2
e 2 8 2
e 2 9 1
e 3 6 1
e 3 13 2
e 4 7 2
e 4 13 1
e 5 8 1
e 5 24 1
e 5 25 1
e 6 7 1
e 6 8 1
e 6 18 1
e 9 10 1
e 10 11 2
e 10 12 1
e 11 14 1
e 11 19 1
e 12 15 2
e 12 20 1
e 13 21 1
e 14 16 2
e 14 22 1
e 15 16 1
e 15 23 1
e 17 26 1
e 17 27 1
e 17 28 1
t # 15353
v 0 2
v 1 2
v 2 2
v 3 2
v 4 2
v 5 3
v 6 3
v 7 3
v 8 3
v 9 3
v 10 3
v 11 3
v 12 3
v 13 3
v 14 3
v 15 3
v 16 4
v 17 4
v 18 4
v 19 4
v 20 4
v 21 4
v 22 4
v 23 4
v 24 4
e 0 6 1
e 0 8 2
e 1 5 1
e 1 10 2
e 2 7 2
e 2 8 1
e 3 6 2
e 3 10 1
e 4 7 1
e 4 20 1
e 4 21 1
e 5 6 1
e 5 7 1
e 5 16 1
e 8 9 1
e 9 11 2
e 9 12 1
e 10 17 1
e 11 13 1
e 11 18 1
e 12 14 2
e 12 19 1
e 13 15 2
e 13 22 1
e 14 15 1
e 14 23 1
e 15 24 1
t # 15354
v 0 1
v 1 2
v 2 3
v 3 3
v 4 3
v 5 3
v 6 3
v 7 3
v 8 3
v 9 3
v 10 3
v 11 3
v 12 3
v 13 3
v 14 3
v 15 4
v 16 4
v 17 4
v 18 4
v 19 4
v 20 4
v 21 4
v 22 4
v 23 4
v 24 4
v 25 4
e 0 11 1
e 0 25 1
e 1 7 1
e 1 23 1
e 1 24 1
e 2 3 1
e 2 5 1
e 2 15 1
e 2 16 1
e 3 4 2
e 3 7 1
e 4 6 1
e 4 8 1
e 5 6 1
e 5 9 2
e 6 10 2
e 7 11 2
e 8 12 2
e 8 17 1
e 9 13 1
e 9 18 1
e 10 14 1
e 10 19 1
e 11 12 1
e 12 20 1
e 13 14 2
e 13 21 1
e 14 22 1
t # 15355
v 0 27
v 1 27
v 2 1
v 3 2
v 4 3
v 5 3
v 6 3
v 7 3
v 8 3
v 9 3
v 10 4
v 11 4
v 12 4
v 13 4
v 14 4
v 15 4
v 16 4
v 17 4
v 18 4
e 2 7 2
e 3 5 1
e 3 7 1
e 3 8 1
e 4 5 1
e 4 6 1
e 4 10 1
e 4 11 1
e 5 12 1
e 5 13 1
e 6 7 1
e 6 14 1
e 6 15 1
e 8 9 2
e 8 16 1
e 9 17 1
e 9 18 1
t # 15356
v 0 2
v 1 3
v 2 3
v 3 3
v 4 3
v 5 3
v 6 3
v 7 3
v 8 3
v 9 3
v 10 3
v 11 3
v 12 4
v 13 4
v 14 4
v 15 4
v 16 4
v 17 4
v 18 4
v 19 4
v 20 4
v 21 4
v 22 4
v 23 4
v 24 4
v 25 4
v 26 4
v 27 4
v 28 4
e 0 11 1
e 0 27 1
e 0 28 1
e 1 2 1
e 1 7 1
e 1 8 1
e 1 12 1
e 2 5 2
e 2 6 1
e 3 4 1
e 3 9 2
e 3 10 1
e 4 11 1
e 4 13 1
e 4 14 1
e 5 9 1
e 5 15 1
e 6 10 2
e 6 16 1
e 7 17 1
e 7 18 1
e 7 19 1
e 8 20 1
e 8 21 1
e 8 22 1
e 9 23 1
e 10 24 1
e 11 25 1
e 11 26 1
t # 15357
v 0 1
v 1 1
v 2 1
v 3 1
v 4 1
v 5 1
v 6 1
v 7 1
v 8 1
v 9 2
v 10 2
v 11 2
v 12 2
v 13 3
v 14 3
v 15 3
v 16 3
v 17 3
v 18 3
v 19 3
v 20 3
v 21 3
v 22 3
v 23 3
v 24 3
v 25 3
v 26 3
v 27 3
v 28 3
v 29 3
v 30 3
v 31 3
v 32 3
v 33 3
v 34 3
v 35 3
v 36 3
v 37 3
v 38 3
v 39 3
v 40 3
v 41 3
v 42 3
v 43 3
v 44 3
v 45 4
v 46 4
v 47 4
v 48 4
v 49 4
v 50 4
v 51 4
v 52 4
v 53 4
v 54 4
v 55 4
v 56 4
v 57 4
v 58 4
v 59 4
v 60 4
v 61 4
v 62 4
v 63 4
v 64 4
v 65 4
v 66 4
v 67 4
v 68 4
v 69 4
v 70 4
v 71 4
v 72 4
v 73 4
v 74 4
v 75 4
v 76 4
v 77 4
v 78 4
v 79 4
v 80 4
v 81 4
v 82 4
v 83 4
v 84 4
v 85 4
v 86 4
v 87 4
v 88 4
v 89 4
v 90 4
e 0 19 1
e 0 25 1
e 1 20 1
e 1 26 1
e 2 25 2
e 3 26 2
e 4 39 1
e 4 40 1
e 5 41 1
e 5 43 1
e 6 42 1
e 6 44 1
e 7 43 2
e 8 44 2
e 9 13 1
e 9 15 1
e 9 16 1
e 10 14 1
e 10 17 1
e 10 18 1
e 11 33 1
e 11 43 1
e 11 81 1
e 12 34 1
e 12 44 1
e 12 82 1
e 13 19 1
e 13 45 1
e 13 46 1
e 14 20 1
e 14 47 1
e 14 48 1
e 15 21 1
e 15 49 1
e 15 50 1
e 16 22 1
e 16 51 1
e 16 52 1
e 17 23 1
e 17 53 1
e 17 54 1
e 18 24 1
e 18 55 1
e 18 56 1
e 19 57 1
e 19 58 1
e 20 59 1
e 20 60 1
e 21 61 1
e 21 62 1
e 21 63 1
e 22 64 1
e 22 65 1
e 22 66 1
e 23 67 1
e 23 68 1
e 23 69 1
e 24 70 1
e 24 71 1
e 24 72 1
e 25 27 1
e 26 28 1
e 27 29 2
e 27 31 1
e 28 30 2
e 28 32 1
e 29 35 1
e 29 73 1
e 30 36 1
e 30 74 1
e 31 37 2
e 31 75 1
e 32 38 2
e 32 76 1
e 33 35 2
e 33 37 1
e 34 36 2
e 34 38 1
e 35 77 1
e 36 78 1
e 37 79 1
e 38 80 1
e 39 41 1
e 39 83 1
e 39 84 1
e 40 42 1
e 40 85 1
e 40 86 1
e 41 87 1
e 41 88 1
e 42 89 1
e 42 90 1
t # 15358
v 0 1
v 1 1
v 2 1
v 3 1
v 4 1
v 5 1
v 6 1
v 7 1
v 8 2
v 9 2
v 10 2
v 11 2
v 12 3
v 13 3
v 14 3
v 15 3
v 16 3
v 17 3
v 18 3
v 19 3
v 20 3
v 21 3
v 22 3
v 23 3
v 24 3
v 25 3
v 26 3
v 27 3
v 28 3
v 29 3
v 30 3
v 31 3
v 32 3
v 33 3
v 34 3
v 35 3
v 36 3
v 37 3
v 38 3
v 39 3
v 40 3
v 41 3
v 42 4
v 43 4
v 44 4
v 45 4
v 46 4
v 47 4
v 48 4
v 49 4
v 50 4
v 51 4
v 52 4
v 53 4
v 54 4
v 55 4
v 56 4
v 57 4
v 58 4
v 59 4
v 60 4
v 61 4
v 62 4
v 63 4
v 64 4
v 65 4
v 66 4
v 67 4
v 68 4
v 69 4
v 70 4
v 71 4
v 72 4
v 73 4
v 74 4
v 75 4
v 76 4
v 77 4
v 78 4
v 79 4
v 80 4
v 81 4
v 82 4
v 83 4
e 0 18 1
e 0 24 1
e 1 19 1
e 1 25 1
e 2 24 2
e 3 25 2
e 4 38 1
e 4 40 1
e 5 39 1
e 5 41 1
e 6 38 2
e 7 39 2
e 8 12 1
e 8 14 1
e 8 15 1
e 9 13 1
e 9 16 1
e 9 17 1
e 10 32 1
e 10 38 1
e 10 78 1
e 11 33 1
e 11 39 1
e 11 79 1
e 12 18 1
e 12 42 1
e 12 43 1
e 13 19 1
e 13 44 1
e 13 45 1
e 14 20 1
e 14 46 1
e 14 47 1
e 15 21 1
e 15 48 1
e 15 49 1
e 16 22 1
e 16 50 1
e 16 51 1
e 17 23 1
e 17 52 1
e 17 53 1
e 18 54 1
e 18 55 1
e 19 56 1
e 19 57 1
e 20 58 1
e 20 59 1
e 20 60 1
e 21 61 1
e 21 62 1
e 21 63 1
e 22 64 1
e 22 65 1
e 22 66 1
e 23 67 1
e 23 68 1
e 23 69 1
e 24 26 1
e 25 27 1
e 26 28 2
e 26 30 1
e 27 29 2
e 27 31 1
e 28 34 1
e 28 70 1
e 29 35 1
e 29 71 1
e 30 36 2
e 30 72 1
e 31 37 2
e 31 73 1
e 32 34 2
e 32 36 1
e 33 35 2
e 33 37 1
e 34 74 1
e 35 75 1
e 36 76 1
e 37 77 1
e 40 41 1
e 40 80 1
e 40 81 1
e 41 82 1
e 41 83 1
t # 15359
v 0 1
v 1 1
v 2 1
v 3 2
v 4 2
v 5 3
v 6 3
v 7 3
v 8 3
v 9 3
v 10 3
v 11 3
v 12 3
v 13 3
v 14 4
v 15 4
v 16 4
v 17 4
v 18 4
v 19 4
v 20 4
v 21 4
v 22 4
v 23 4
e 0 12 2
e 1 13 1
e 1 23 1
e 2 13 2
e 3 5 1
e 3 11 1
e 3 12 1
e 4 12 1
e 4 21 1
e 4 22 1
e 5 6 2
e 5 7 1
e 6 9 1
e 6 14 1
e 7 10 2
e 7 15 1
e 8 9 2
e 8 10 1
e 8 13 1
e 9 16 1
e 10 17 1
e 11 18 1
e 11 19 1
e 11 20 1
t # 15360
v 0 12
v 1 1
v 2 1
v 3 1
v 4 3
v 5 3
v 6 3
v 7 3
v 8 3
v 9 3
v 10 3
v 11 3
v 12 3
v 13 3
v 14 3
v 15 3
v 16 3
v 17 3
v 18 4
v 19 4
v 20 4
v 21 4
v 22 4
v 23 4
v 24 4
v 25 4
v 26 4
v 27 4
v 28 4
e 0 8 1
e 1 6 1
e 1 16 1
e 2 17 1
e 2 28 1
e 3 17 2
e 4 5 1
e 4 6 1
e 4 7 2
e 5 8 1
e 5 9 2
e 6 10 2
e 7 11 1
e 7 18 1
e 8 13 2
e 9 14 1
e 9 19 1
e 10 12 1
e 10 20 1
e 11 12 2
e 11 21 1
e 12 22 1
e 13 15 1
e 13 23 1
e 14 15 2
e 14 24 1
e 15 25 1
e 16 17 1
e 16 26 1
e 16 27 1
t # 15361
v 0 12
v 1 1
v 2 2
v 3 3
v 4 3
v 5 3
v 6 3
v 7 3
v 8 3
v 9 3
v 10 3
v 11 3
v 12 3
v 13 3
v 14 3
v 15 3
v 16 3
v 17 3
v 18 3
v 19 4
v 20 4
v 21 4
v 22 4
v 23 4
v 24 4
v 25 4
v 26 4
v 27 4
v 28 4
v 29 4
v 30 4
v 31 4
v 32 4
v 33 4
v 34 4
v 35 4
v 36 4
v 37 4
v 38 4
e 0 18 1
e 1 4 1
e 1 36 1
e 2 3 1
e 2 6 1
e 2 7 1
e 3 4 1
e 3 19 1
e 3 20 1
e 4 5 1
e 4 21 1
e 5 8 1
e 5 10 2
e 6 11 1
e 6 22 1
e 6 23 1
e 7 12 1
e 7 24 1
e 7 25 1
e 8 9 2
e 8 13 1
e 9 14 1
e 9 16 1
e 10 15 1
e 10 26 1
e 11 27 1
e 11 28 1
e 11 29 1
e 12 30 1
e 12 31 1
e 12 32 1
e 13 17 2
e 13 33 1
e 14 15 2
e 14 34 1
e 15 35 1
e 16 18 2
e 16 37 1
e 17 18 1
e 17 38 1
t # 15362
v 0 1
v 1 1
v 2 2
v 3 3
v 4 3
v 5 3
v 6 3
v 7 3
v 8 3
v 9 3
v 10 3
v 11 3
v 12 3
v 13 3
v 14 3
v 15 3
v 16 3
v 17 3
v 18 3
v 19 4
v 20 4
v 21 4
v 22 4
v 23 4
v 24 4
v 25 4
v 26 4
v 27 4
v 28 4
v 29 4
v 30 4
v 31 4
v 32 4
v 33 4
v 34 4
v 35 4
v 36 4
v 37 4
e 0 10 1
e 0 18 1
e 1 7 2
e 2 6 1
e 2 14 1
e 2 15 1
e 3 6 1
e 3 7 1
e 3 19 1
e 3 20 1
e 4 5 1
e 4 7 1
e 4 9 2
e 5 8 1
e 5 11 2
e 6 21 1
e 6 22 1
e 8 10 1
e 8 13 2
e 9 12 1
e 9 23 1
e 10 12 2
e 11 16 1
e 11 24 1
e 12 25 1
e 13 17 1
e 13 26 1
e 14 27 1
e 14 28 1
e 14 29 1
e 15 30 1
e 15 31 1
e 15 32 1
e 16 17 2
e 16 33 1
e 17 34 1
e 18 35 1
e 18 36 1
e 18 37 1
t # 15363
v 0 1
v 1 1
v 2 2
v 3 3
v 4 3
v 5 3
v 6 3
v 7 3
v 8 3
v 9 3
v 10 3
v 11 3
v 12 3
v 13 3
v 14 3
v 15 3
v 16 3
v 17 3
v 18 3
v 19 3
v 20 3
v 21 3
v 22 3
v 23 4
v 24 4
v 25 4
v 26 4
v 27 4
v 28 4
v 29 4
v 30 4
v 31 4
v 32 4
v 33 4
v 34 4
v 35 4
v 36 4
v 37 4
v 38 4
v 39 4
v 40 4
v 41 4
v 42 4
v 43 4
e 0 16 1
e 0 20 1
e 1 20 2
e 2 6 1
e 2 7 1
e 2 8 1
e 3 4 1
e 3 5 1
e 3 23 1
e 3 24 1
e 4 6 1
e 4 25 1
e 4 26 1
e 5 7 1
e 5 27 1
e 5 28 1
e 6 29 1
e 6 30 1
e 7 31 1
e 7 32 1
e 8 9 1
e 8 33 1
e 8 34 1
e 10 12 1
e 10 14 1
e 10 18 2
e 11 16 1
e 12 15 1
e 12 19 2
e 13 14 2
e 13 17 1
e 13 20 1
e 14 35 1
e 15 17 2
e 15 36 1
e 16 37 1
e 16 38 1
e 17 39 1
e 18 21 1
e 18 40 1
e 19 22 1
e 19 41 1
e 21 22 2
e 21 42 1
e 22 43 1
t # 15364
v 0 1
v 1 2
v 2 3
v 3 3
v 4 3
v 5 3
v 6 3
v 7 3
v 8 3
v 9 3
v 10 3
v 11 3
v 12 3
v 13 3
v 14 3
v 15 3
v 16 3
v 17 3
v 18 3
v 19 3
v 20 3
v 21 4
v 22 4
v 23 4
v 24 4
v 25 4
v 26 4
v 27 4
v 28 4
v 29 4
v 30 4
v 31 4
v 32 4
v 33 4
v 34 4
v 35 4
v 36 4
v 37 4
v 38 4
v 39 4
v 40 4
v 41 4
v 42 4
v 43 4
v 44 4
v 45 4
v 46 4
v 47 4
v 48 4
v 49 4
e 0 3 1
e 0 41 1
e 1 9 1
e 1 12 1
e 1 15 1
e 2 3 1
e 2 6 1
e 2 7 1
e 2 21 1
e 3 5 1
e 3 14 1
e 4 5 1
e 4 8 1
e 4 9 1
e 4 22 1
e 5 23 1
e 5 24 1
e 6 10 1
e 6 25 1
e 6 26 1
e 7 11 1
e 7 27 1
e 7 28 1
e 8 12 1
e 8 29 1
e 8 30 1
e 9 31 1
e 9 32 1
e 10 13 1
e 10 33 1
e 10 34 1
e 11 13 1
e 11 35 1
e 11 36 1
e 12 37 1
e 12 38 1
e 13 39 1
e 13 40 1
e 14 16 2
e 14 17 1
e 15 42 1
e 15 43 1
e 15 44 1
e 16 18 1
e 16 45 1
e 17 19 2
e 17 46 1
e 18 20 2
e 18 47 1
e 19 20 1
e 19 48 1
e 20 49 1
t # 15365
v 0 2
v 1 3
v 2 3
v 3 3
v 4 3
v 5 3
v 6 3
v 7 3
v 8 3
v 9 3
v 10 3
v 11 3
v 12 3
v 13 3
v 14 3
v 15 3
v 16 3
v 17 3
v 18 3
v 19 3
v 20 3
v 21 4
v 22 4
v 23 4
v 24 4
v 25 4
v 26 4
v 27 4
v 28 4
v 29 4
v 30 4
v 31 4
v 32 4
v 33 4
v 34 4
v 35 4
v 36 4
v 37 4
v 38 4
v 39 4
v 40 4
v 41 4
v 42 4
v 43 4
v 44 4
v 45 4
e 0 3 1
e 0 5 1
e 0 7 1
e 1 2 1
e 1 3 1
e 1 4 1
e 1 21 1
e 2 5 1
e 2 22 1
e 2 23 1
e 3 24 1
e 3 25 1
e 4 6 1
e 4 26 1
e 4 27 1
e 5 28 1
e 5 29 1
e 6 8 1
e 6 9 1
e 6 30 1
e 7 10 1
e 7 31 1
e 7 32 1
e 8 11 2
e 8 13 1
e 9 12 2
e 9 14 1
e 10 33 1
e 10 34 1
e 10 35 1
e 11 15 1
e 11 36 1
e 12 16 1
e 12 37 1
e 13 17 2
e 13 38 1
e 14 18 2
e 14 39 1
e 15 19 2
e 15 40 1
e 16 20 2
e 16 41 1
e 17 19 1
e 17 42 1
e 18 20 1
e 18 43 1
e 19 44 1
e 20 45 1
t # 15366
v 0 12
v 1 11
v 2 11
v 3 1
v 4 1
v 5 1
v 6 1
v 7 2
v 8 2
v 9 2
v 10 3
v 11 3
v 12 3
v 13 3
v 14 3
v 15 3
v 16 3
v 17 3
v 18 4
v 19 4
v 20 4
v 21 4
v 22 4
v 23 4
v 24 4
v 25 4
e 0 15 1
e 1 4 2
e 1 10 1
e 2 5 2
e 2 6 2
e 2 12 1
e 3 25 1
e 7 11 1
e 7 17 2
e 8 17 1
e 9 23 1
e 9 24 1
e 10 11 1
e 10 14 2
e 11 13 2
e 12 14 1
e 12 15 2
e 13 15 1
e 13 16 1
e 14 18 1
e 16 19 1
e 16 20 1
e 16 21 1
e 17 22 1
t # 15367
v 0 12
v 1 1
v 2 1
v 3 1
v 4 1
v 5 2
v 6 3
v 7 3
v 8 3
v 9 3
v 10 3
v 11 3
v 12 3
v 13 3
v 14 3
v 15 4
v 16 4
v 17 4
v 18 4
v 19 4
v 20 4
v 21 4
v 22 4
v 23 4
v 24 4
v 25 4
v 26 4
v 27 4
v 28 4
v 29 4
v 30 4
e 0 7 1
e 1 8 1
e 1 27 1
e 2 11 2
e 3 14 1
e 3 30 1
e 4 14 2
e 5 11 1
e 5 12 1
e 5 24 1
e 6 7 1
e 6 8 1
e 6 9 1
e 6 10 1
e 7 11 1
e 7 15 1
e 8 16 1
e 8 17 1
e 9 18 1
e 9 19 1
e 9 20 1
e 10 21 1
e 10 22 1
e 10 23 1
e 12 13 1
e 12 25 1
e 12 26 1
e 13 14 1
e 13 28 1
e 13 29 1
t # 15368
v 0 1
v 1 1
v 2 2
v 3 3
v 4 3
v 5 3
v 6 3
v 7 3
v 8 3
v 9 3
v 10 3
v 11 3
v 12 3
v 13 3
v 14 3
v 15 3
v 16 4
v 17 4
v 18 4
v 19 4
v 20 4
v 21 4
v 22 4
v 23 4
v 24 4
v 25 4
v 26 4
v 27 4
v 28 4
v 29 4
v 30 4
v 31 4
v 32 4
v 33 4
v 34 4
e 0 4 1
e 0 7 1
e 1 4 1
e 1 26 1
e 2 3 1
e 2 6 1
e 2 19 1
e 3 4 1
e 3 5 1
e 3 16 1
e 4 8 1
e 5 9 1
e 5 17 1
e 5 18 1
e 6 7 1
e 6 20 1
e 6 21 1
e 7 22 1
e 7 23 1
e 8 10 2
e 8 11 1
e 9 12 1
e 9 24 1
e 9 25 1
e 10 13 1
e 10 27 1
e 11 14 2
e 11 28 1
e 12 29 1
e 12 30 1
e 12 31 1
e 13 15 2
e 13 32 1
e 14 15 1
e 14 33 1
e 15 34 1
t # 15369
v 0 11
v 1 1
v 2 1
v 3 1
v 4 1
v 5 2
v 6 2
v 7 2
v 8 2
v 9 2
v 10 2
v 11 2
v 12 3
v 13 3
v 14 3
v 15 3
v 16 3
v 17 4
v 18 4
v 19 4
v 20 4
v 21 4
v 22 4
v 23 4
v 24 4
v 25 4
e 0 3 2
e 0 4 2
e 1 24 1
e 2 25 1
e 5 12 1
e 5 15 2
e 6 13 2
e 6 15 1
e 7 13 1
e 7 16 2
e 8 14 2
e 8 16 1
e 9 14 1
e 9 18 1
e 9 19 1
e 10 15 1
e 10 20 1
e 10 21 1
e 11 16 1
e 11 22 1
e 11 23 1
e 12 13 1
e 12 14 1
e 12 17 1
t # 15370
v 0 1
v 1 2
v 2 2
v 3 2
v 4 2
v 5 2
v 6 3
v 7 3
v 8 3
v 9 3
v 10 3
v 11 3
v 12 3
v 13 4
v 14 4
v 15 4
v 16 4
v 17 4
v 18 4
v 19 4
v 20 4
v 21 4
e 0 9 1
e 0 12 1
e 1 6 1
e 1 9 2
e 2 7 1
e 2 11 1
e 2 14 1
e 3 8 2
e 3 9 1
e 4 7 2
e 4 10 1
e 5 8 1
e 5 10 2
e 6 7 1
e 6 8 1
e 6 13 1
e 10 15 1
e 11 16 1
e 11 17 1
e 11 18 1
e 12 19 1
e 12 20 1
e 12 21 1
t # 15371
v 0 2
v 1 2
v 2 2
v 3 2
v 4 2
v 5 2
v 6 3
v 7 3
v 8 3
v 9 3
v 10 3
v 11 3
v 12 3
v 13 3
v 14 4
v 15 4
v 16 4
v 17 4
v 18 4
v 19 4
v 20 4
v 21 4
v 22 4
v 23 4
v 24 4
v 25 4
e 0 6 1
e 0 9 2
e 1 9 1
e 1 10 1
e 1 11 1
e 2 7 2
e 2 9 1
e 3 8 1
e 3 13 1
e 3 15 1
e 4 7 1
e 4 12 2
e 5 8 2
e 5 12 1
e 6 7 1
e 6 8 1
e 6 14 1
e 10 16 1
e 10 17 1
e 10 18 1
e 11 19 1
e 11 20 1
e 11 21 1
e 12 22 1
e 13 23 1
e 13 24 1
e 13 25 1
t # 15372
v 0 12
v 1 11
v 2 2
v 3 2
v 4 2
v 5 2
v 6 2
v 7 3
v 8 3
v 9 3
v 10 3
v 11 3
v 12 3
v 13 3
v 14 3
v 15 3
v 16 3
v 17 3
v 18 3
v 19 3
v 20 4
v 21 4
v 22 4
v 23 4
v 24 4
v 25 4
v 26 4
v 27 4
v 28 4
v 29 4
v 30 4
v 31 4
e 0 18 1
e 1 12 1
e 1 19 1
e 2 8 1
e 2 10 1
e 2 23 1
e 3 7 1
e 3 12 2
e 4 8 2
e 4 15 1
e 5 9 2
e 5 12 1
e 6 9 1
e 6 15 2
e 7 8 1
e 7 9 1
e 7 20 1
e 10 11 1
e 10 21 1
e 10 22 1
e 11 13 2
e 11 14 1
e 13 16 1
e 13 24 1
e 14 17 2
e 14 25 1
e 15 26 1
e 16 18 2
e 16 27 1
e 17 18 1
e 17 28 1
e 19 29 1
e 19 30 1
e 19 31 1
t # 15373
v 0 11
v 1 2
v 2 2
v 3 2
v 4 2
v 5 2
v 6 3
v 7 3
v 8 3
v 9 3
v 10 3
v 11 3
v 12 3
v 13 3
v 14 4
v 15 4
v 16 4
v 17 4
v 18 4
v 19 4
v 20 4
v 21 4
v 22 4
v 23 4
v 24 4
e 0 9 1
e 0 13 1
e 1 7 1
e 1 10 1
e 1 11 1
e 2 6 1
e 2 9 2
e 3 8 2
e 3 9 1
e 4 7 2
e 4 12 1
e 5 8 1
e 5 12 2
e 6 7 1
e 6 8 1
e 6 14 1
e 10 15 1
e 10 16 1
e 10 17 1
e 11 18 1
e 11 19 1
e 11 20 1
e 12 21 1
e 13 22 1
e 13 23 1
e 13 24 1
t # 15374
v 0 12
v 1 12
v 2 2
v 3 2
v 4 2
v 5 2
v 6 2
v 7 3
v 8 3
v 9 3
v 10 3
v 11 3
v 12 3
v 13 3
v 14 3
v 15 3
v 16 3
v 17 3
v 18 3
v 19 4
v 20 4
v 21 4
v 22 4
v 23 4
v 24 4
v 25 4
v 26 4
v 27 4
e 0 12 1
e 1 18 1
e 2 8 1
e 2 9 1
e 2 22 1
e 3 7 1
e 3 12 2
e 4 8 2
e 4 15 1
e 5 10 2
e 5 12 1
e 6 10 1
e 6 15 2
e 7 8 1
e 7 10 1
e 7 19 1
e 9 11 1
e 9 20 1
e 9 21 1
e 11 13 2
e 11 14 1
e 13 16 1
e 13 23 1
e 14 17 2
e 14 24 1
e 15 25 1
e 16 18 2
e 16 26 1
e 17 18 1
e 17 27 1
t # 15375
v 0 1
v 1 1
v 2 1
v 3 1
v 4 1
v 5 1
v 6 1
v 7 2
v 8 3
v 9 3
v 10 3
v 11 3
v 12 3
v 13 3
v 14 3
v 15 3
v 16 3
v 17 3
v 18 3
v 19 3
v 20 3
v 21 3
v 22 3
v 23 3
v 24 3
v 25 3
v 26 3
v 27 3
v 28 3
v 29 3
v 30 3
v 31 4
v 32 4
v 33 4
v 34 4
v 35 4
v 36 4
v 37 4
v 38 4
v 39 4
v 40 4
v 41 4
v 42 4
v 43 4
v 44 4
v 45 4
v 46 4
v 47 4
v 48 4
v 49 4
v 50 4
v 51 4
v 52 4
v 53 4
v 54 4
v 55 4
v 56 4
v 57 4
v 58 4
v 59 4
e 0 17 1
e 0 21 1
e 1 19 1
e 1 27 1
e 2 19 2
e 3 24 1
e 3 28 1
e 4 25 1
e 4 29 1
e 5 26 1
e 5 30 1
e 6 21 2
e 7 8 1
e 7 9 1
e 7 10 1
e 8 11 1
e 8 31 1
e 8 32 1
e 9 14 1
e 9 33 1
e 9 34 1
e 10 15 1
e 10 35 1
e 10 36 1
e 11 12 1
e 11 13 2
e 12 17 2
e 12 37 1
e 13 16 1
e 13 38 1
e 14 39 1
e 14 40 1
e 14 41 1
e 15 42 1
e 15 43 1
e 15 44 1
e 16 18 2
e 16 19 1
e 17 18 1
e 18 45 1
e 20 21 1
e 20 22 2
e 20 23 1
e 22 25 1
e 22 46 1
e 23 24 2
e 23 47 1
e 24 26 1
e 25 26 2
e 27 48 1
e 27 49 1
e 27 50 1
e 28 51 1
e 28 52 1
e 28 53 1
e 29 54 1
e 29 55 1
e 29 56 1
e 30 57 1
e 30 58 1
e 30 59 1
t # 15376
v 0 1
v 1 1
v 2 2
v 3 3
v 4 3
v 5 3
v 6 3
v 7 3
v 8 3
v 9 3
v 10 3
v 11 3
v 12 3
v 13 3
v 14 3
v 15 3
v 16 3
v 17 3
v 18 3
v 19 3
v 20 3
v 21 4
v 22 4
v 23 4
v 24 4
v 25 4
v 26 4
v 27 4
v 28 4
v 29 4
v 30 4
v 31 4
v 32 4
v 33 4
v 34 4
v 35 4
v 36 4
v 37 4
v 38 4
v 39 4
e 0 16 1
e 0 19 1
e 1 19 2
e 2 3 1
e 2 4 1
e 2 8 1
e 3 5 1
e 3 21 1
e 3 22 1
e 4 6 1
e 4 23 1
e 4 24 1
e 5 7 1
e 5 25 1
e 5 26 1
e 6 7 1
e 6 10 2
e 7 11 2
e 8 9 1
e 8 27 1
e 8 28 1
e 9 14 2
e 9 15 1
e 10 12 1
e 10 29 1
e 11 13 1
e 11 30 1
e 12 13 2
e 12 31 1
e 13 32 1
e 14 16 1
e 14 33 1
e 15 17 2
e 15 34 1
e 16 18 2
e 17 18 1
e 17 35 1
e 18 36 1
e 19 20 1
e 20 37 1
e 20 38 1
e 20 39 1
t # 15377
v 0 8
v 1 1
v 2 1
v 3 2
v 4 3
v 5 3
v 6 3
v 7 3
v 8 3
v 9 3
v 10 3
v 11 3
v 12 3
v 13 3
v 14 3
v 15 3
v 16 3
v 17 3
v 18 4
v 19 4
v 20 4
v 21 4
v 22 4
v 23 4
v 24 4
v 25 4
v 26 4
v 27 4
v 28 4
v 29 4
v 30 4
v 31 4
v 32 4
v 33 4
e 1 9 1
e 3 5 1
e 3 6 1
e 4 7 2
e 4 8 1
e 5 18 1
e 5 19 1
e 5 20 1
e 6 21 1
e 6 22 1
e 6 23 1
e 7 10 1
e 7 24 1
e 8 11 2
e 8 25 1
e 9 13 2
e 9 14 1
e 10 12 2
e 10 26 1
e 11 12 1
e 11 27 1
e 12 28 1
e 13 15 1
e 13 29 1
e 14 16 2
e 14 30 1
e 15 17 2
e 15 31 1
e 16 17 1
e 16 32 1
e 17 33 1
t # 15378
v 0 1
v 1 2
v 2 3
v 3 3
v 4 3
v 5 3
v 6 3
v 7 3
v 8 3
v 9 3
v 10 3
v 11 4
v 12 4
v 13 4
v 14 4
v 15 4
v 16 4
v 17 4
v 18 4
v 19 4
v 20 4
v 21 4
e 0 8 2
e 1 9 1
e 1 20 1
e 1 21 1
e 2 4 2
e 2 5 1
e 2 8 1
e 3 6 2
e 3 7 1
e 3 10 1
e 4 6 1
e 4 11 1
e 5 7 2
e 5 12 1
e 6 13 1
e 7 14 1
e 8 9 1
e 9 15 1
e 9 16 1
e 10 17 1
e 10 18 1
e 10 19 1
t # 15379
v 0 1
v 1 2
v 2 2
v 3 2
v 4 2
v 5 3
v 6 3
v 7 3
v 8 3
v 9 3
v 10 3
v 11 3
v 12 4
v 13 4
v 14 4
v 15 4
v 16 4
v 17 4
v 18 4
v 19 4
e 0 7 2
e 1 6 1
e 1 9 1
e 1 13 1
e 2 5 1
e 2 8 2
e 3 6 2
e 3 8 1
e 4 7 1
e 4 9 2
e 5 6 1
e 5 7 1
e 5 12 1
e 8 10 1
e 9 11 1
e 10 17 1
e 10 18 1
e 10 19 1
e 11 14 1
e 11 15 1
e 11 16 1
t # 15380
v 0 1
v 1 1
v 2 2
v 3 2
v 4 2
v 5 3
v 6 3
v 7 3
v 8 3
v 9 3
v 10 3
v 11 3
v 12 3
v 13 3
v 14 3
v 15 3
v 16 3
v 17 3
v 18 3
v 19 3
v 20 4
v 21 4
v 22 4
v 23 4
v 24 4
v 25 4
v 26 4
v 27 4
v 28 4
v 29 4
v 30 4
v 31 4
v 32 4
v 33 4
v 34 4
v 35 4
v 36 4
v 37 4
v 38 4
e 0 12 2
e 1 13 2
e 2 5 1
e 2 6 1
e 2 9 1
e 3 7 1
e 3 8 1
e 3 11 1
e 4 10 1
e 4 12 1
e 4 13 1
e 5 7 1
e 5 20 1
e 5 21 1
e 6 8 1
e 6 22 1
e 6 23 1
e 7 24 1
e 7 25 1
e 8 26 1
e 8 27 1
e 9 10 1
e 9 28 1
e 9 29 1
e 10 30 1
e 10 31 1
e 11 32 1
e 11 33 1
e 11 34 1
e 12 14 1
e 13 15 1
e 14 15 1
e 14 16 2
e 15 17 2
e 16 18 1
e 16 35 1
e 17 19 1
e 17 36 1
e 18 19 2
e 18 37 1
e 19 38 1
t # 15381
v 0 11
v 1 11
v 2 2
v 3 2
v 4 2
v 5 2
v 6 3
v 7 3
v 8 3
v 9 3
v 10 3
v 11 3
v 12 3
v 13 4
v 14 4
v 15 4
v 16 4
v 17 4
v 18 4
v 19 4
v 20 4
v 21 4
v 22 4
v 23 4
v 24 4
v 25 4
v 26 4
v 27 4
v 28 4
e 0 7 1
e 0 11 1
e 1 9 1
e 1 12 1
e 2 11 1
e 2 23 1
e 2 24 1
e 3 11 2
e 3 25 1
e 4 12 1
e 4 26 1
e 4 27 1
e 5 12 2
e 5 28 1
e 6 7 1
e 6 8 1
e 6 13 1
e 6 14 1
e 7 10 1
e 7 15 1
e 8 9 1
e 8 16 1
e 8 17 1
e 9 18 1
e 9 19 1
e 10 20 1
e 10 21 1
e 10 22 1
t # 15382
v 0 12
v 1 12
v 2 1
v 3 1
v 4 2
v 5 2
v 6 3
v 7 3
v 8 3
v 9 3
v 10 3
v 11 3
v 12 3
v 13 3
v 14 4
v 15 4
v 16 4
v 17 4
v 18 4
e 0 7 1
e 1 10 1
e 2 13 1
e 3 13 2
e 4 5 1
e 4 6 1
e 4 9 2
e 5 16 1
e 6 7 2
e 6 8 1
e 7 11 1
e 8 10 2
e 8 14 1
e 9 13 1
e 9 15 1
e 10 12 1
e 11 12 2
e 11 17 1
e 12 18 1
t # 15383
v 0 11
v 1 2
v 2 2
v 3 2
v 4 3
v 5 3
v 6 3
v 7 3
v 8 3
v 9 3
v 10 3
v 11 3
v 12 3
v 13 3
v 14 3
v 15 3
v 16 3
v 17 3
v 18 4
v 19 4
v 20 4
v 21 4
v 22 4
v 23 4
v 24 4
v 25 4
v 26 4
v 27 4
v 28 4
v 29 4
v 30 4
v 31 4
v 32 4
v 33 4
v 34 4
v 35 4
v 36 4
e 0 7 1
e 0 12 1
e 1 4 1
e 1 8 1
e 1 9 1
e 2 12 1
e 2 13 2
e 3 12 2
e 3 14 1
e 4 5 1
e 4 6 1
e 4 18 1
e 5 7 1
e 5 19 1
e 5 20 1
e 6 10 2
e 6 21 1
e 7 22 1
e 7 23 1
e 8 11 2
e 8 24 1
e 9 25 1
e 9 26 1
e 9 27 1
e 10 11 1
e 10 28 1
e 11 29 1
e 13 15 1
e 13 16 1
e 14 15 2
e 14 17 1
e 15 30 1
e 16 31 1
e 16 32 1
e 16 33 1
e 17 34 1
e 17 35 1
e 17 36 1
t # 15384
v 0 11
v 1 2
v 2 2
v 3 2
v 4 2
v 5 3
v 6 3
v 7 3
v 8 3
v 9 3
v 10 3
v 11 3
v 12 3
v 13 3
v 14 3
v 15 3
v 16 3
v 17 3
v 18 4
v 19 4
v 20 4
v 21 4
v 22 4
v 23 4
v 24 4
v 25 4
v 26 4
v 27 4
v 28 4
v 29 4
v 30 4
v 31 4
v 32 4
e 0 10 1
e 0 13 1
e 1 5 1
e 1 6 1
e 1 7 1
e 1 8 1
e 2 4 1
e 2 5 2
e 3 11 1
e 3 12 1
e 3 28 1
e 4 11 2
e 5 9 1
e 6 18 1
e 6 19 1
e 6 20 1
e 7 21 1
e 7 22 1
e 7 23 1
e 8 24 1
e 8 25 1
e 8 26 1
e 9 10 2
e 9 27 1
e 10 11 1
e 12 13 1
e 12 14 2
e 13 15 2
e 14 16 1
e 14 29 1
e 15 17 1
e 15 30 1
e 16 17 2
e 16 31 1
e 17 32 1
t # 15385
v 0 1
v 1 1
v 2 1
v 3 1
v 4 2
v 5 3
v 6 3
v 7 3
v 8 3
v 9 3
v 10 3
v 11 3
v 12 3
v 13 3
v 14 3
v 15 3
v 16 3
v 17 3
v 18 3
v 19 3
v 20 3
v 21 3
v 22 3
v 23 3
v 24 3
v 25 3
v 26 3
v 27 3
v 28 3
v 29 3
v 30 3
v 31 4
v 32 4
v 33 4
v 34 4
v 35 4
v 36 4
v 37 4
v 38 4
v 39 4
v 40 4
v 41 4
v 42 4
v 43 4
v 44 4
v 45 4
v 46 4
v 47 4
v 48 4
v 49 4
v 50 4
v 51 4
v 52 4
v 53 4
v 54 4
v 55 4
v 56 4
v 57 4
v 58 4
v 59 4
e 0 5 1
e 0 9 1
e 1 8 1
e 1 14 1
e 2 8 2
e 3 16 1
e 3 25 1
e 4 15 1
e 4 23 1
e 4 24 1
e 5 6 1
e 5 7 1
e 5 8 1
e 6 10 2
e 6 12 1
e 7 11 2
e 7 13 1
e 9 16 1
e 9 31 1
e 9 32 1
e 10 17 1
e 10 33 1
e 11 18 1
e 11 34 1
e 12 19 2
e 12 35 1
e 13 20 2
e 13 36 1
e 14 15 1
e 14 37 1
e 14 38 1
e 15 39 1
e 15 40 1
e 16 41 1
e 16 42 1
e 17 21 2
e 17 43 1
e 18 22 2
e 18 44 1
e 19 21 1
e 19 45 1
e 20 22 1
e 20 46 1
e 21 47 1
e 22 48 1
e 23 49 1
e 23 50 1
e 23 51 1
e 24 52 1
e 24 53 1
e 24 54 1
e 25 26 2
e 25 27 1
e 26 28 1
e 26 55 1
e 27 29 2
e 27 56 1
e 28 30 2
e 28 57 1
e 29 30 1
e 29 58 1
e 30 59 1
t # 15386
v 0 1
v 1 1
v 2 1
v 3 2
v 4 3
v 5 3
v 6 3
v 7 3
v 8 3
v 9 3
v 10 3
v 11 3
v 12 3
v 13 3
v 14 3
v 15 3
v 16 3
v 17 3
v 18 3
v 19 3
v 20 3
v 21 3
v 22 3
v 23 3
v 24 3
v 25 3
v 26 3
v 27 4
v 28 4
v 29 4
v 30 4
v 31 4
v 32 4
v 33 4
v 34 4
v 35 4
v 36 4
v 37 4
v 38 4
v 39 4
v 40 4
v 41 4
v 42 4
v 43 4
v 44 4
v 45 4
v 46 4
v 47 4
v 48 4
v 49 4
v 50 4
v 51 4
v 52 4
v 53 4
v 54 4
v 55 4
v 56 4
v 57 4
e 0 4 1
e 0 7 1
e 1 10 1
e 1 17 1
e 2 10 2
e 3 18 1
e 3 25 1
e 3 26 1
e 4 8 1
e 4 9 1
e 4 10 1
e 5 6 1
e 5 7 1
e 5 27 1
e 5 28 1
e 6 11 1
e 6 12 1
e 6 29 1
e 7 30 1
e 7 31 1
e 8 13 2
e 8 15 1
e 9 14 2
e 9 16 1
e 11 32 1
e 11 33 1
e 11 34 1
e 12 35 1
e 12 36 1
e 12 37 1
e 13 19 1
e 13 38 1
e 14 20 1
e 14 39 1
e 15 21 2
e 15 40 1
e 16 22 2
e 16 41 1
e 17 18 1
e 17 42 1
e 17 43 1
e 18 44 1
e 18 45 1
e 19 23 2
e 19 46 1
e 20 24 2
e 20 47 1
e 21 23 1
e 21 48 1
e 22 24 1
e 22 49 1
e 23 50 1
e 24 51 1
e 25 52 1
e 25 53 1
e 25 54 1
e 26 55 1
e 26 56 1
e 26 57 1
t # 15387
v 0 18
v 1 1
v 2 1
v 3 2
v 4 2
v 5 2
v 6 2
v 7 3
v 8 3
v 9 3
v 10 3
v 11 3
v 12 4
v 13 4
v 14 4
e 1 9 2
e 2 11 2
e 3 8 1
e 3 10 1
e 3 13 1
e 4 7 1
e 4 10 2
e 5 9 1
e 5 11 1
e 5 14 1
e 6 8 2
e 6 11 1
e 7 8 1
e 7 9 1
e 7 12 1
t # 15388
v 0 1
v 1 2
v 2 2
v 3 3
v 4 3
v 5 3
v 6 3
v 7 3
v 8 3
v 9 3
v 10 3
v 11 3
v 12 3
v 13 3
v 14 3
v 15 3
v 16 3
v 17 3
v 18 3
v 19 3
v 20 3
v 21 3
v 22 3
v 23 3
v 24 4
v 25 4
v 26 4
v 27 4
v 28 4
v 29 4
v 30 4
v 31 4
v 32 4
v 33 4
v 34 4
v 35 4
v 36 4
v 37 4
v 38 4
v 39 4
v 40 4
v 41 4
e 0 10 2
e 1 6 1
e 1 9 1
e 1 16 1
e 2 17 1
e 2 22 2
e 3 4 2
e 3 5 1
e 3 11 1
e 4 8 1
e 4 10 1
e 5 7 1
e 5 14 2
e 6 8 2
e 6 12 1
e 7 10 1
e 7 15 2
e 8 24 1
e 9 13 1
e 9 25 1
e 9 26 1
e 11 12 2
e 11 27 1
e 12 28 1
e 13 17 1
e 13 29 1
e 13 30 1
e 14 18 1
e 14 31 1
e 15 19 1
e 15 35 1
e 16 32 1
e 16 33 1
e 16 34 1
e 17 20 2
e 18 19 2
e 18 36 1
e 19 37 1
e 20 21 1
e 20 38 1
e 21 23 2
e 21 39 1
e 22 23 1
e 22 40 1
e 23 41 1
t # 15389
v 0 2
v 1 2
v 2 3
v 3 3
v 4 3
v 5 3
v 6 3
v 7 3
v 8 3
v 9 3
v 10 3
v 11 3
v 12 3
v 13 3
v 14 3
v 15 3
v 16 3
v 17 3
v 18 3
v 19 3
v 20 3
v 21 3
v 22 3
v 23 4
v 24 4
v 25 4
v 26 4
v 27 4
v 28 4
v 29 4
v 30 4
v 31 4
v 32 4
v 33 4
v 34 4
v 35 4
v 36 4
v 37 4
v 38 4
v 39 4
v 40 4
v 41 4
v 42 4
e 0 7 1
e 0 11 1
e 0 15 1
e 1 18 1
e 1 21 2
e 2 3 1
e 2 4 2
e 2 8 1
e 3 5 1
e 3 23 1
e 3 24 1
e 4 6 1
e 4 9 1
e 5 6 1
e 5 12 2
e 6 13 2
e 7 8 2
e 7 10 1
e 8 25 1
e 9 10 2
e 9 26 1
e 10 29 1
e 11 14 1
e 11 27 1
e 11 28 1
e 12 16 1
e 12 30 1
e 13 17 1
e 13 31 1
e 14 18 1
e 14 32 1
e 14 33 1
e 15 34 1
e 15 35 1
e 15 36 1
e 16 17 2
e 16 37 1
e 17 38 1
e 18 19 2
e 19 20 1
e 19 39 1
e 20 22 2
e 20 40 1
e 21 22 1
e 21 41 1
e 22 42 1
t # 15390
v 0 1
v 1 1
v 2 3
v 3 3
v 4 3
v 5 3
v 6 3
v 7 3
v 8 3
v 9 3
v 10 3
v 11 3
v 12 3
v 13 3
v 14 3
v 15 3
v 16 3
v 17 3
v 18 3
v 19 4
v 20 4
v 21 4
v 22 4
v 23 4
v 24 4
v 25 4
v 26 4
v 27 4
v 28 4
v 29 4
v 30 4
v 31 4
v 32 4
v 33 4
v 34 4
v 35 4
v 36 4
v 37 4
v 38 4
v 39 4
v 40 4
v 41 4
v 42 4
v 43 4
v 44 4
v 45 4
v 46 4
v 47 4
v 48 4
e 0 4 1
e 0 14 1
e 1 14 2
e 2 3 1
e 2 4 1
e 2 5 1
e 2 19 1
e 3 6 1
e 3 7 1
e 3 20 1
e 4 8 1
e 4 21 1
e 5 9 1
e 5 22 1
e 5 23 1
e 6 10 1
e 6 24 1
e 6 25 1
e 7 11 1
e 7 26 1
e 7 27 1
e 8 12 1
e 8 28 1
e 8 29 1
e 9 12 1
e 9 30 1
e 9 31 1
e 10 13 1
e 10 32 1
e 10 33 1
e 11 13 1
e 11 34 1
e 11 35 1
e 12 36 1
e 12 37 1
e 13 38 1
e 13 39 1
e 14 15 1
e 15 16 1
e 15 40 1
e 15 41 1
e 16 17 1
e 16 18 1
e 16 42 1
e 17 43 1
e 17 44 1
e 17 45 1
e 18 46 1
e 18 47 1
e 18 48 1
t # 15391
v 0 1
v 1 1
v 2 2
v 3 2
v 4 3
v 5 3
v 6 3
v 7 3
v 8 3
v 9 3
v 10 3
v 11 3
v 12 3
v 13 3
v 14 3
v 15 3
v 16 3
v 17 3
v 18 3
v 19 3
v 20 3
v 21 3
v 22 3
v 23 3
v 24 3
v 25 3
v 26 4
v 27 4
v 28 4
v 29 4
v 30 4
v 31 4
v 32 4
v 33 4
v 34 4
v 35 4
v 36 4
v 37 4
v 38 4
v 39 4
v 40 4
v 41 4
v 42 4
v 43 4
v 44 4
v 45 4
v 46 4
v 47 4
v 48 4
v 49 4
e 0 7 1
e 0 38 1
e 1 24 1
e 1 25 1
e 2 4 1
e 2 9 1
e 2 36 1
e 3 13 1
e 3 14 2
e 4 5 1
e 4 7 1
e 4 26 1
e 5 6 1
e 5 27 1
e 5 28 1
e 6 8 1
e 6 29 1
e 6 30 1
e 7 10 1
e 7 31 1
e 8 9 1
e 8 32 1
e 8 33 1
e 9 34 1
e 9 35 1
e 10 11 1
e 10 12 2
e 11 13 1
e 11 15 2
e 12 14 1
e 12 37 1
e 13 16 2
e 14 17 1
e 15 18 1
e 15 39 1
e 16 19 1
e 16 40 1
e 17 20 2
e 17 21 1
e 18 19 2
e 18 41 1
e 19 42 1
e 20 22 1
e 20 43 1
e 21 23 2
e 21 44 1
e 22 24 2
e 22 45 1
e 23 24 1
e 23 46 1
e 25 47 1
e 25 48 1
e 25 49 1
t # 15392
v 0 2
v 1 3
v 2 3
v 3 3
v 4 3
v 5 3
v 6 3
v 7 3
v 8 3
v 9 3
v 10 3
v 11 3
v 12 3
v 13 3
v 14 3
v 15 3
v 16 3
v 17 3
v 18 3
v 19 3
v 20 3
v 21 3
v 22 3
v 23 3
v 24 3
v 25 3
v 26 3
v 27 3
v 28 4
v 29 4
v 30 4
v 31 4
v 32 4
v 33 4
v 34 4
v 35 4
v 36 4
v 37 4
v 38 4
v 39 4
v 40 4
v 41 4
v 42 4
v 43 4
v 44 4
v 45 4
v 46 4
v 47 4
v 48 4
v 49 4
v 50 4
v 51 4
v 52 4
v 53 4
v 54 4
v 55 4
v 56 4
v 57 4
v 58 4
v 59 4
v 60 4
v 61 4
v 62 4
v 63 4
v 64 4
v 65 4
v 66 4
v 67 4
v 68 4
v 69 4
v 70 4
v 71 4
v 72 4
v 73 4
v 74 4
v 75 4
v 76 4
e 0 20 1
e 0 64 1
e 0 65 1
e 1 2 1
e 1 6 1
e 1 8 1
e 1 15 1
e 2 3 1
e 2 10 1
e 2 28 1
e 3 4 1
e 3 11 1
e 3 29 1
e 4 5 1
e 4 9 1
e 4 30 1
e 5 7 1
e 5 14 1
e 5 18 1
e 6 12 1
e 6 16 1
e 6 31 1
e 7 13 1
e 7 17 1
e 7 32 1
e 8 9 1
e 8 33 1
e 8 34 1
e 9 35 1
e 9 36 1
e 10 12 1
e 10 37 1
e 10 38 1
e 11 13 1
e 11 39 1
e 11 40 1
e 12 41 1
e 12 42 1
e 13 43 1
e 13 44 1
e 14 19 1
e 14 45 1
e 14 46 1
e 15 47 1
e 15 48 1
e 15 49 1
e 16 21 1
e 16 22 1
e 16 50 1
e 17 20 1
e 17 51 1
e 17 52 1
e 18 53 1
e 18 54 1
e 18 55 1
e 19 20 1
e 19 56 1
e 19 57 1
e 20 58 1
e 21 23 1
e 21 59 1
e 21 60 1
e 22 61 1
e 22 62 1
e 22 63 1
e 23 24 1
e 23 66 1
e 23 67 1
e 24 25 1
e 24 68 1
e 24 69 1
e 25 26 1
e 25 27 1
e 25 70 1
e 26 71 1
e 26 72 1
e 26 73 1
e 27 74 1
e 27 75 1
e 27 76 1
t # 15393
v 0 1
v 1 1
v 2 1
v 3 1
v 4 1
v 5 1
v 6 2
v 7 3
v 8 3
v 9 3
v 10 3
v 11 3
v 12 3
v 13 3
v 14 3
v 15 3
v 16 3
v 17 3
v 18 3
v 19 3
v 20 3
v 21 3
v 22 3
v 23 3
v 24 3
v 25 3
v 26 3
v 27 3
v 28 3
v 29 3
v 30 3
v 31 3
v 32 3
v 33 3
v 34 3
v 35 4
v 36 4
v 37 4
v 38 4
v 39 4
v 40 4
v 41 4
v 42 4
v 43 4
v 44 4
v 45 4
v 46 4
v 47 4
v 48 4
v 49 4
v 50 4
v 51 4
v 52 4
v 53 4
v 54 4
v 55 4
v 56 4
v 57 4
v 58 4
v 59 4
v 60 4
v 61 4
v 62 4
v 63 4
v 64 4
v 65 4
v 66 4
v 67 4
v 68 4
v 69 4
v 70 4
v 71 4
v 72 4
v 73 4
v 74 4
v 75 4
e 0 11 1
e 0 57 1
e 1 14 1
e 1 60 1
e 2 23 2
e 3 27 1
e 3 28 1
e 4 26 2
e 5 28 2
e 6 31 1
e 6 33 1
e 6 34 1
e 7 8 1
e 7 11 1
e 7 12 1
e 7 18 1
e 8 9 1
e 8 15 1
e 8 35 1
e 9 10 1
e 9 17 1
e 9 36 1
e 10 13 1
e 10 14 1
e 10 37 1
e 11 16 1
e 11 23 1
e 12 14 1
e 12 38 1
e 12 39 1
e 13 19 1
e 13 21 1
e 13 22 1
e 14 40 1
e 15 16 1
e 15 41 1
e 15 42 1
e 16 43 1
e 16 44 1
e 17 20 1
e 17 45 1
e 17 46 1
e 18 47 1
e 18 48 1
e 18 49 1
e 19 20 1
e 19 25 2
e 20 50 1
e 20 51 1
e 21 24 1
e 21 52 1
e 21 53 1
e 22 54 1
e 22 55 1
e 22 56 1
e 23 27 1
e 24 26 1
e 24 58 1
e 24 59 1
e 25 26 1
e 25 61 1
e 27 62 1
e 27 63 1
e 28 29 1
e 29 30 1
e 29 31 1
e 29 64 1
e 30 32 1
e 30 65 1
e 30 66 1
e 31 67 1
e 31 68 1
e 32 33 1
e 32 69 1
e 32 70 1
e 33 71 1
e 33 72 1
e 34 73 1
e 34 74 1
e 34 75 1
t # 15394
v 0 1
v 1 1
v 2 1
v 3 1
v 4 1
v 5 1
v 6 1
v 7 1
v 8 2
v 9 3
v 10 3
v 11 3
v 12 3
v 13 3
v 14 3
v 15 3
v 16 3
v 17 3
v 18 3
v 19 3
v 20 3
v 21 3
v 22 3
v 23 3
v 24 3
v 25 3
v 26 3
v 27 3
v 28 3
v 29 3
v 30 3
v 31 3
v 32 3
v 33 3
v 34 3
v 35 3
v 36 4
v 37 4
v 38 4
v 39 4
v 40 4
v 41 4
v 42 4
v 43 4
v 44 4
v 45 4
v 46 4
v 47 4
v 48 4
v 49 4
v 50 4
v 51 4
v 52 4
v 53 4
v 54 4
v 55 4
v 56 4
v 57 4
v 58 4
v 59 4
v 60 4
v 61 4
v 62 4
v 63 4
v 64 4
v 65 4
v 66 4
v 67 4
v 68 4
v 69 4
v 70 4
v 71 4
v 72 4
v 73 4
v 74 4
v 75 4
v 76 4
v 77 4
v 78 4
e 0 9 1
e 0 16 1
e 1 12 1
e 1 59 1
e 2 16 1
e 2 60 1
e 3 18 1
e 3 61 1
e 4 20 1
e 4 62 1
e 5 23 1
e 5 70 1
e 6 24 1
e 6 71 1
e 7 27 1
e 7 72 1
e 8 28 1
e 8 29 1
e 8 32 1
e 9 10 1
e 9 11 1
e 9 15 1
e 10 12 1
e 10 18 1
e 10 36 1
e 11 14 1
e 11 21 1
e 11 25 1
e 12 13 1
e 12 20 1
e 13 15 1
e 13 17 1
e 13 37 1
e 14 16 1
e 14 19 1
e 14 38 1
e 15 39 1
e 15 40 1
e 16 24 1
e 17 22 1
e 17 28 1
e 17 41 1
e 18 19 1
e 18 42 1
e 19 43 1
e 19 44 1
e 20 23 1
e 20 45 1
e 21 26 1
e 21 46 1
e 21 47 1
e 22 23 1
e 22 27 1
e 22 48 1
e 23 49 1
e 24 26 1
e 24 50 1
e 25 51 1
e 25 52 1
e 25 53 1
e 26 54 1
e 26 55 1
e 27 29 1
e 27 31 1
e 28 56 1
e 28 57 1
e 29 30 1
e 29 58 1
e 30 34 1
e 30 63 1
e 30 64 1
e 31 65 1
e 31 66 1
e 31 67 1
e 32 33 1
e 32 68 1
e 32 69 1
e 33 34 1
e 33 35 1
e 33 73 1
e 34 74 1
e 34 75 1
e 35 76 1
e 35 77 1
e 35 78 1
t # 15395
v 0 12
v 1 1
v 2 1
v 3 1
v 4 1
v 5 1
v 6 1
v 7 2
v 8 2
v 9 2
v 10 2
v 11 3
v 12 3
v 13 3
v 14 3
v 15 3
v 16 3
v 17 3
v 18 3
v 19 3
v 20 3
v 21 3
v 22 3
v 23 3
v 24 3
v 25 3
v 26 3
v 27 3
v 28 3
v 29 3
v 30 3
v 31 4
v 32 4
v 33 4
v 34 4
v 35 4
v 36 4
v 37 4
v 38 4
v 39 4
v 40 4
v 41 4
v 42 4
v 43 4
v 44 4
v 45 4
v 46 4
v 47 4
v 48 4
v 49 4
v 50 4
v 51 4
v 52 4
v 53 4
v 54 4
v 55 4
v 56 4
v 57 4
v 58 4
v 59 4
v 60 4
v 61 4
v 62 4
v 63 4
v 64 4
v 65 4
e 1 16 2
e 2 18 2
e 3 63 1
e 4 64 1
e 5 65 1
e 7 11 1
e 7 14 1
e 7 16 1
e 8 12 1
e 8 16 1
e 8 18 1
e 9 13 1
e 9 19 1
e 9 20 1
e 10 15 1
e 10 21 1
e 10 22 1
e 11 13 1
e 11 31 1
e 11 32 1
e 12 15 1
e 12 33 1
e 12 34 1
e 13 35 1
e 13 36 1
e 14 17 1
e 14 23 2
e 15 37 1
e 15 38 1
e 17 18 1
e 17 24 2
e 19 27 1
e 19 39 1
e 19 40 1
e 20 28 1
e 20 41 1
e 20 42 1
e 21 29 1
e 21 43 1
e 21 44 1
e 22 30 1
e 22 45 1
e 22 46 1
e 23 25 1
e 23 47 1
e 24 26 1
e 24 48 1
e 25 26 2
e 25 49 1
e 26 50 1
e 27 51 1
e 27 52 1
e 27 53 1
e 28 54 1
e 28 55 1
e 28 56 1
e 29 57 1
e 29 58 1
e 29 59 1
e 30 60 1
e 30 61 1
e 30 62 1
t # 15396
v 0 27
v 1 1
v 2 1
v 3 2
v 4 3
v 5 3
v 6 3
v 7 3
v 8 3
v 9 3
v 10 3
v 11 4
v 12 4
v 13 4
v 14 4
v 15 4
v 16 4
e 1 10 1
e 1 16 1
e 2 10 2
e 3 4 1
e 3 10 1
e 3 15 1
e 4 5 2
e 4 6 1
e 5 7 1
e 5 11 1
e 6 8 2
e 6 12 1
e 7 9 2
e 7 13 1
e 8 9 1
e 8 14 1
t # 15397
v 0 1
v 1 1
v 2 2
v 3 3
v 4 3
v 5 3
v 6 3
v 7 3
v 8 3
v 9 3
v 10 3
v 11 3
v 12 3
v 13 3
v 14 3
v 15 3
v 16 4
v 17 4
v 18 4
v 19 4
v 20 4
v 21 4
v 22 4
v 23 4
v 24 4
v 25 4
v 26 4
v 27 4
v 28 4
v 29 4
v 30 4
v 31 4
v 32 4
v 33 4
v 34 4
e 0 4 1
e 0 13 1
e 1 13 2
e 2 5 1
e 2 9 1
e 2 10 1
e 3 4 1
e 3 5 1
e 3 16 1
e 3 17 1
e 4 6 1
e 4 18 1
e 5 19 1
e 5 20 1
e 6 7 2
e 6 8 1
e 7 11 1
e 7 21 1
e 8 12 2
e 8 22 1
e 9 23 1
e 9 24 1
e 9 25 1
e 10 26 1
e 10 27 1
e 10 28 1
e 11 14 2
e 11 29 1
e 12 14 1
e 12 30 1
e 13 15 1
e 14 31 1
e 15 32 1
e 15 33 1
e 15 34 1
t # 15398
v 0 11
v 1 1
v 2 1
v 3 1
v 4 2
v 5 2
v 6 2
v 7 2
v 8 2
v 9 2
v 10 2
v 11 3
v 12 3
v 13 3
v 14 3
v 15 3
v 16 3
v 17 3
v 18 3
v 19 3
v 20 3
v 21 3
v 22 4
v 23 4
v 24 4
v 25 4
v 26 4
v 27 4
v 28 4
v 29 4
v 30 4
e 0 2 2
e 0 3 2
e 0 15 1
e 1 30 1
e 4 11 1
e 4 14 2
e 5 12 2
e 5 14 1
e 6 12 1
e 6 21 2
e 7 13 2
e 7 21 1
e 8 13 1
e 8 28 1
e 8 29 1
e 9 14 1
e 10 16 1
e 11 12 1
e 11 13 1
e 11 22 1
e 15 17 2
e 15 18 1
e 16 19 2
e 16 20 1
e 17 19 1
e 17 23 1
e 18 20 2
e 18 24 1
e 19 25 1
e 20 26 1
e 21 27 1
t # 15399
v 0 12
v 1 12
v 2 11
v 3 2
v 4 2
v 5 3
v 6 3
v 7 3
v 8 3
v 9 3
v 10 3
v 11 3
v 12 3
v 13 3
v 14 3
v 15 4
v 16 4
v 17 4
v 18 4
v 19 4
v 20 4
v 21 4
v 22 4
v 23 4
v 24 4
e 0 12 1
e 1 14 1
e 2 7 1
e 2 8 1
e 3 5 1
e 3 7 1
e 3 19 1
e 4 6 1
e 4 7 2
e 5 6 1
e 5 15 1
e 5 16 1
e 6 17 1
e 6 18 1
e 8 9 1
e 8 20 1
e 8 21 1
e 9 10 2
e 9 11 1
e 10 12 1
e 10 22 1
e 11 13 2
e 11 23 1
e 12 14 2
e 13 14 1
e 13 24 1
