t # 60000
v 0 1
v 1 1
v 2 3
v 3 3
v 4 3
v 5 3
v 6 3
v 7 3
v 8 3
v 9 3
v 10 3
v 11 3
v 12 3
v 13 3
v 14 3
v 15 3
v 16 3
v 17 3
v 18 3
v 19 3
v 20 3
v 21 3
v 22 3
v 23 4
v 24 4
v 25 4
v 26 4
v 27 4
v 28 4
v 29 4
v 30 4
v 31 4
v 32 4
v 33 4
v 34 4
v 35 4
v 36 4
v 37 4
v 38 4
v 39 4
v 40 4
v 41 4
v 42 4
v 43 4
v 44 4
v 45 4
v 46 4
v 47 4
v 48 4
v 49 4
v 50 4
v 51 4
v 52 4
v 53 4
v 54 4
v 55 4
v 56 4
v 57 4
v 58 4
v 59 4
v 60 4
v 61 4
v 62 4
v 63 4
v 64 4
v 65 4
v 66 4
e 0 18 1
e 0 65 1
e 1 19 1
e 1 66 1
e 2 3 1
e 2 4 1
e 2 23 1
e 2 24 1
e 3 5 1
e 3 25 1
e 3 26 1
e 4 6 1
e 4 27 1
e 4 28 1
e 5 8 1
e 5 29 1
e 5 30 1
e 6 7 1
e 6 31 1
e 6 32 1
e 7 9 1
e 7 35 1
e 7 36 1
e 8 10 1
e 8 33 1
e 8 34 1
e 9 11 1
e 9 37 1
e 9 38 1
e 10 12 1
e 10 39 1
e 10 40 1
e 11 13 1
e 11 41 1
e 11 42 1
e 12 14 1
e 12 43 1
e 12 44 1
e 13 15 1
e 13 45 1
e 13 46 1
e 14 18 1
e 14 19 1
e 14 47 1
e 15 16 1
e 15 48 1
e 15 49 1
e 16 17 1
e 16 50 1
e 16 51 1
e 17 20 1
e 17 52 1
e 17 53 1
e 18 54 1
e 18 55 1
e 19 56 1
e 19 57 1
e 20 21 1
e 20 58 1
e 20 59 1
e 21 22 1
e 21 60 1
e 21 61 1
e 22 62 1
e 22 63 1
e 22 64 1
t # 60001
v 0 1
v 1 1
v 2 1
v 3 1
v 4 1
v 5 2
v 6 3
v 7 3
v 8 3
v 9 3
v 10 3
v 11 3
v 12 3
v 13 3
v 14 3
v 15 3
v 16 3
v 17 3
v 18 4
v 19 4
v 20 4
v 21 4
v 22 4
v 23 4
v 24 4
v 25 4
v 26 4
e 0 11 1
e 0 23 1
e 1 16 1
e 1 17 1
e 2 16 2
e 5 8 1
e 6 7 1
e 6 8 1
e 6 12 2
e 7 10 1
e 7 13 2
e 8 11 2
e 9 10 2
e 9 11 1
e 9 16 1
e 10 18 1
e 12 14 1
e 12 19 1
e 13 15 1
e 13 20 1
e 14 15 2
e 14 21 1
e 15 22 1
e 17 24 1
e 17 25 1
e 17 26 1
t # 60002
v 0 1
v 1 1
v 2 1
v 3 3
v 4 3
v 5 3
v 6 3
v 7 3
v 8 3
v 9 3
v 10 3
v 11 3
v 12 3
v 13 3
v 14 3
v 15 3
v 16 3
v 17 3
v 18 4
v 19 4
v 20 4
v 21 4
v 22 4
v 23 4
v 24 4
v 25 4
v 26 4
v 27 4
v 28 4
v 29 4
e 0 4 1
e 0 7 1
e 1 9 1
e 1 29 1
e 2 9 2
e 3 4 1
e 3 5 1
e 3 6 1
e 3 18 1
e 4 9 1
e 4 19 1
e 5 7 1
e 5 8 2
e 6 11 2
e 6 12 1
e 7 10 2
e 8 13 1
e 8 20 1
e 10 14 1
e 10 21 1
e 11 15 1
e 11 22 1
e 12 16 2
e 12 23 1
e 13 14 2
e 13 24 1
e 14 25 1
e 15 17 2
e 15 26 1
e 16 17 1
e 16 27 1
e 17 28 1
t # 60003
v 0 1
v 1 3
v 2 3
v 3 3
v 4 3
v 5 3
v 6 3
v 7 3
v 8 3
v 9 3
v 10 3
v 11 3
v 12 3
v 13 3
v 14 3
v 15 3
v 16 3
v 17 3
v 18 3
v 19 3
v 20 3
v 21 3
v 22 3
v 23 3
v 24 3
v 25 3
v 26 4
v 27 4
v 28 4
v 29 4
v 30 4
v 31 4
v 32 4
v 33 4
v 34 4
v 35 4
v 36 4
v 37 4
v 38 4
v 39 4
v 40 4
v 41 4
v 42 4
v 43 4
e 0 1 1
e 0 33 1
e 1 3 1
e 1 10 1
e 1 11 1
e 2 4 1
e 2 5 2
e 2 6 1
e 3 4 2
e 3 26 1
e 4 27 1
e 5 7 1
e 5 28 1
e 6 8 2
e 6 29 1
e 7 9 2
e 7 30 1
e 8 9 1
e 8 31 1
e 9 32 1
e 12 14 2
e 12 16 1
e 12 18 1
e 13 15 2
e 13 17 1
e 13 19 1
e 14 20 1
e 14 34 1
e 15 21 1
e 15 35 1
e 16 22 2
e 16 36 1
e 17 23 2
e 17 37 1
e 20 24 2
e 20 38 1
e 21 25 2
e 21 39 1
e 22 24 1
e 22 40 1
e 23 25 1
e 23 41 1
e 24 42 1
e 25 43 1
t # 60004
v 0 1
v 1 1
v 2 2
v 3 3
v 4 3
v 5 3
v 6 3
v 7 3
v 8 3
v 9 3
v 10 3
v 11 3
v 12 3
v 13 3
v 14 3
v 15 3
v 16 3
v 17 4
v 18 4
v 19 4
v 20 4
v 21 4
v 22 4
v 23 4
v 24 4
v 25 4
v 26 4
v 27 4
v 28 4
v 29 4
e 0 3 1
e 0 22 1
e 1 6 2
e 2 12 2
e 2 13 1
e 3 4 1
e 3 5 1
e 3 17 1
e 4 6 1
e 4 18 1
e 4 19 1
e 5 8 2
e 5 9 1
e 6 7 1
e 7 10 2
e 7 11 1
e 8 12 1
e 8 20 1
e 9 13 2
e 9 21 1
e 10 14 1
e 10 23 1
e 11 15 2
e 11 24 1
e 12 25 1
e 13 26 1
e 14 16 2
e 14 27 1
e 15 16 1
e 15 28 1
e 16 29 1
t # 60005
v 0 1
v 1 1
v 2 2
v 3 2
v 4 3
v 5 3
v 6 3
v 7 3
v 8 3
v 9 3
v 10 3
v 11 3
v 12 3
v 13 3
v 14 3
v 15 3
v 16 3
v 17 3
v 18 3
v 19 4
v 20 4
v 21 4
v 22 4
v 23 4
v 24 4
v 25 4
v 26 4
v 27 4
v 28 4
v 29 4
v 30 4
v 31 4
v 32 4
e 2 6 2
e 2 10 1
e 3 16 1
e 4 5 1
e 4 7 1
e 4 10 2
e 5 11 1
e 5 19 1
e 5 20 1
e 6 9 1
e 6 12 1
e 7 9 2
e 7 21 1
e 8 13 1
e 8 14 2
e 8 15 1
e 9 22 1
e 10 23 1
e 11 24 1
e 11 25 1
e 11 26 1
e 12 13 2
e 12 27 1
e 13 28 1
e 14 17 1
e 14 29 1
e 15 18 2
e 15 30 1
e 16 17 2
e 16 18 1
e 17 31 1
e 18 32 1
t # 60006
v 0 1
v 1 1
v 2 2
v 3 3
v 4 3
v 5 3
v 6 3
v 7 3
v 8 3
v 9 3
v 10 3
v 11 3
v 12 3
v 13 3
v 14 3
v 15 3
v 16 3
v 17 3
v 18 3
v 19 3
v 20 3
v 21 3
v 22 3
v 23 3
v 24 3
v 25 4
v 26 4
v 27 4
v 28 4
v 29 4
v 30 4
v 31 4
v 32 4
v 33 4
v 34 4
v 35 4
v 36 4
v 37 4
v 38 4
v 39 4
v 40 4
v 41 4
v 42 4
v 43 4
e 0 7 2
e 1 8 2
e 2 13 2
e 2 14 1
e 3 4 1
e 3 5 1
e 3 6 1
e 3 25 1
e 4 7 1
e 4 26 1
e 4 27 1
e 5 8 1
e 5 28 1
e 5 29 1
e 6 9 2
e 6 10 1
e 7 11 1
e 8 12 1
e 9 13 1
e 9 30 1
e 10 14 2
e 10 31 1
e 11 15 2
e 11 17 1
e 12 16 2
e 12 18 1
e 13 32 1
e 14 33 1
e 15 19 1
e 15 34 1
e 16 20 1
e 16 35 1
e 17 21 2
e 17 36 1
e 18 22 2
e 18 37 1
e 19 23 2
e 19 38 1
e 20 24 2
e 20 39 1
e 21 23 1
e 21 40 1
e 22 24 1
e 22 41 1
e 23 42 1
e 24 43 1
t # 60007
v 0 1
v 1 1
v 2 2
v 3 3
v 4 3
v 5 3
v 6 3
v 7 3
v 8 3
v 9 3
v 10 3
v 11 3
v 12 3
v 13 3
v 14 3
v 15 3
v 16 3
v 17 3
v 18 3
v 19 3
v 20 3
v 21 3
v 22 3
v 23 3
v 24 3
v 25 4
v 26 4
v 27 4
v 28 4
v 29 4
v 30 4
v 31 4
v 32 4
v 33 4
v 34 4
v 35 4
v 36 4
v 37 4
v 38 4
v 39 4
v 40 4
v 41 4
v 42 4
v 43 4
e 0 7 2
e 1 8 2
e 2 6 1
e 2 13 2
e 3 4 1
e 3 5 1
e 3 6 1
e 3 25 1
e 4 7 1
e 4 26 1
e 4 27 1
e 5 8 1
e 5 28 1
e 5 29 1
e 6 9 2
e 7 10 1
e 8 11 1
e 9 12 1
e 9 30 1
e 10 14 2
e 10 16 1
e 11 15 2
e 11 17 1
e 12 18 2
e 12 31 1
e 13 18 1
e 13 32 1
e 14 19 1
e 14 33 1
e 15 20 1
e 15 34 1
e 16 21 2
e 16 35 1
e 17 22 2
e 17 36 1
e 18 37 1
e 19 23 2
e 19 38 1
e 20 24 2
e 20 39 1
e 21 23 1
e 21 40 1
e 22 24 1
e 22 41 1
e 23 42 1
e 24 43 1
t # 60008
v 0 1
v 1 1
v 2 3
v 3 3
v 4 3
v 5 3
v 6 3
v 7 3
v 8 3
v 9 3
v 10 3
v 11 3
v 12 3
v 13 3
v 14 3
v 15 3
v 16 4
v 17 4
v 18 4
v 19 4
v 20 4
v 21 4
v 22 4
v 23 4
v 24 4
v 25 4
v 26 4
v 27 4
e 0 8 1
e 0 10 1
e 1 8 2
e 2 4 2
e 2 5 1
e 2 8 1
e 3 6 2
e 3 7 1
e 3 9 1
e 4 6 1
e 4 16 1
e 5 7 2
e 5 17 1
e 6 18 1
e 7 19 1
e 9 20 1
e 9 21 1
e 9 22 1
e 10 11 2
e 10 12 1
e 11 13 1
e 11 23 1
e 12 14 2
e 12 24 1
e 13 15 2
e 13 25 1
e 14 15 1
e 14 26 1
e 15 27 1
t # 60009
v 0 1
v 1 1
v 2 1
v 3 3
v 4 3
v 5 3
v 6 3
v 7 3
v 8 3
v 9 3
v 10 3
v 11 3
v 12 3
v 13 3
v 14 3
v 15 3
v 16 3
v 17 3
v 18 3
v 19 3
v 20 3
v 21 3
v 22 3
v 23 3
v 24 3
v 25 3
v 26 3
v 27 3
v 28 3
v 29 3
v 30 42
v 31 4
v 32 4
v 33 4
v 34 4
v 35 4
v 36 4
v 37 4
v 38 4
v 39 4
v 40 4
v 41 4
v 42 4
v 43 4
v 44 4
v 45 4
v 46 4
v 47 4
v 48 4
v 49 4
v 50 4
v 51 4
v 52 4
v 53 4
v 54 4
v 55 4
v 56 4
v 57 4
v 58 4
v 59 4
v 60 4
v 61 4
v 62 4
v 63 4
v 64 4
v 65 4
v 66 4
v 67 4
v 68 4
v 69 4
v 70 4
v 71 4
v 72 4
v 73 4
v 74 4
v 75 4
v 76 4
v 77 4
v 78 4
v 79 4
v 80 4
v 81 4
v 82 4
v 83 4
v 84 4
v 85 4
v 86 4
v 87 4
e 0 3 1
e 1 4 1
e 2 5 1
e 3 6 1
e 3 7 1
e 3 31 1
e 4 8 1
e 4 9 1
e 4 32 1
e 5 10 1
e 5 11 1
e 5 33 1
e 6 12 1
e 6 34 1
e 6 35 1
e 7 13 1
e 7 36 1
e 7 37 1
e 8 14 1
e 8 38 1
e 8 39 1
e 9 15 1
e 9 40 1
e 9 41 1
e 10 16 1
e 10 42 1
e 10 43 1
e 11 17 1
e 11 44 1
e 11 45 1
e 12 18 1
e 12 19 1
e 12 46 1
e 13 20 1
e 13 21 1
e 13 47 1
e 14 22 1
e 14 23 1
e 14 48 1
e 15 24 1
e 15 25 1
e 15 49 1
e 16 26 1
e 16 27 1
e 16 50 1
e 17 28 1
e 17 29 1
e 17 51 1
e 18 52 1
e 18 53 1
e 18 54 1
e 19 55 1
e 19 56 1
e 19 57 1
e 20 58 1
e 20 59 1
e 20 60 1
e 21 61 1
e 21 62 1
e 21 63 1
e 22 64 1
e 22 65 1
e 22 66 1
e 23 67 1
e 23 68 1
e 23 69 1
e 24 70 1
e 24 71 1
e 24 72 1
e 25 73 1
e 25 74 1
e 25 75 1
e 26 76 1
e 26 77 1
e 26 78 1
e 27 79 1
e 27 80 1
e 27 81 1
e 28 82 1
e 28 83 1
e 28 84 1
e 29 85 1
e 29 86 1
e 29 87 1
t # 60010
v 0 1
v 1 1
v 2 3
v 3 3
v 4 3
v 5 3
v 6 3
v 7 3
v 8 3
v 9 3
v 10 3
v 11 3
v 12 3
v 13 3
v 14 3
v 15 3
v 16 3
v 17 3
v 18 3
v 19 3
v 20 3
v 21 3
v 22 3
v 23 4
v 24 4
v 25 4
v 26 4
v 27 4
v 28 4
v 29 4
v 30 4
v 31 4
v 32 4
v 33 4
v 34 4
v 35 4
v 36 4
v 37 4
v 38 4
v 39 4
v 40 4
v 41 4
v 42 4
v 43 4
v 44 4
v 45 4
v 46 4
v 47 4
v 48 4
v 49 4
v 50 4
v 51 4
v 52 4
v 53 4
v 54 4
v 55 4
v 56 4
v 57 4
v 58 4
e 0 20 1
e 0 57 1
e 1 22 1
e 1 58 1
e 2 3 1
e 2 4 1
e 2 23 1
e 2 24 1
e 3 5 1
e 3 25 1
e 3 26 1
e 4 6 1
e 4 27 1
e 4 28 1
e 5 7 1
e 5 29 1
e 5 30 1
e 6 8 1
e 6 31 1
e 6 32 1
e 7 9 1
e 7 33 1
e 7 34 1
e 8 10 1
e 8 35 1
e 8 36 1
e 9 11 1
e 9 37 1
e 9 38 1
e 10 12 1
e 10 39 1
e 10 40 1
e 11 13 1
e 11 41 1
e 11 42 1
e 12 14 1
e 12 43 1
e 12 44 1
e 13 15 1
e 13 45 1
e 13 46 1
e 14 16 1
e 14 47 1
e 14 48 1
e 15 17 1
e 15 49 1
e 15 50 1
e 16 18 2
e 16 19 1
e 17 51 1
e 17 52 1
e 17 53 1
e 18 20 1
e 18 54 1
e 19 21 2
e 19 55 1
e 20 22 2
e 21 22 1
e 21 56 1
t # 60011
v 0 11
v 1 11
v 2 1
v 3 1
v 4 2
v 5 2
v 6 3
v 7 3
v 8 3
v 9 3
v 10 3
v 11 3
v 12 3
v 13 3
v 14 4
v 15 4
v 16 4
v 17 4
v 18 4
v 19 4
v 20 4
v 21 4
v 22 4
v 23 4
v 24 4
v 25 4
v 26 4
v 27 4
e 0 10 1
e 0 11 1
e 2 8 1
e 2 9 1
e 3 13 2
e 4 6 1
e 4 7 1
e 4 10 1
e 5 13 1
e 5 26 1
e 5 27 1
e 6 8 1
e 6 14 1
e 6 15 1
e 7 9 1
e 7 16 1
e 7 17 1
e 8 18 1
e 8 19 1
e 9 20 1
e 9 21 1
e 11 12 1
e 11 22 1
e 11 23 1
e 12 13 1
e 12 24 1
e 12 25 1
t # 60012
v 0 11
v 1 11
v 2 1
v 3 2
v 4 2
v 5 3
v 6 3
v 7 3
v 8 3
v 9 3
v 10 3
v 11 3
v 12 3
v 13 4
v 14 4
v 15 4
v 16 4
v 17 4
v 18 4
v 19 4
v 20 4
v 21 4
v 22 4
v 23 4
v 24 4
v 25 4
v 26 4
v 27 4
v 28 4
e 0 7 1
e 0 10 1
e 2 12 2
e 3 5 1
e 3 6 1
e 3 7 1
e 4 12 1
e 4 27 1
e 4 28 1
e 5 8 1
e 5 13 1
e 5 14 1
e 6 9 1
e 6 15 1
e 6 16 1
e 8 17 1
e 8 18 1
e 8 19 1
e 9 20 1
e 9 21 1
e 9 22 1
e 10 11 1
e 10 23 1
e 10 24 1
e 11 12 1
e 11 25 1
e 11 26 1
t # 60013
v 0 12
v 1 12
v 2 1
v 3 1
v 4 2
v 5 3
v 6 3
v 7 3
v 8 3
v 9 4
v 10 4
v 11 4
v 12 4
v 13 4
v 14 4
v 15 4
e 0 6 1
e 1 6 1
e 2 5 1
e 2 15 1
e 3 7 2
e 4 5 1
e 4 7 1
e 4 11 1
e 5 6 1
e 5 9 1
e 6 10 1
e 7 8 1
e 8 12 1
e 8 13 1
e 8 14 1
t # 60014
v 0 1
v 1 2
v 2 2
v 3 2
v 4 2
v 5 2
v 6 3
v 7 3
v 8 3
v 9 3
v 10 3
v 11 4
v 12 4
v 13 4
v 14 4
v 15 4
e 0 9 2
e 1 2 1
e 1 7 1
e 1 12 1
e 2 8 1
e 2 13 1
e 3 7 2
e 3 10 1
e 4 9 1
e 4 10 2
e 5 10 1
e 5 14 1
e 5 15 1
e 6 7 1
e 6 8 2
e 6 9 1
e 8 11 1
t # 60015
v 0 11
v 1 2
v 2 2
v 3 2
v 4 3
v 5 3
v 6 3
v 7 3
v 8 3
v 9 3
v 10 3
v 11 3
v 12 4
v 13 4
v 14 4
v 15 4
v 16 4
v 17 4
v 18 4
e 0 5 1
e 0 11 1
e 1 2 1
e 1 5 2
e 2 11 2
e 3 11 1
e 3 17 1
e 3 18 1
e 4 5 1
e 4 6 2
e 4 7 1
e 6 8 1
e 6 12 1
e 7 9 2
e 7 13 1
e 8 10 2
e 8 14 1
e 9 10 1
e 9 15 1
e 10 16 1
t # 60016
v 0 1
v 1 1
v 2 1
v 3 1
v 4 1
v 5 1
v 6 3
v 7 3
v 8 3
v 9 3
v 10 3
v 11 3
v 12 4
v 13 4
v 14 4
v 15 4
v 16 4
v 17 4
v 18 4
v 19 4
e 0 6 1
e 0 10 1
e 1 7 1
e 1 16 1
e 2 8 1
e 2 18 1
e 3 9 1
e 3 19 1
e 4 10 2
e 5 11 2
e 6 7 1
e 6 9 1
e 6 12 1
e 7 8 1
e 7 13 1
e 8 10 1
e 8 14 1
e 9 11 1
e 9 15 1
e 11 17 1
t # 60017
v 0 1
v 1 1
v 2 2
v 3 2
v 4 3
v 5 3
v 6 3
v 7 3
v 8 3
v 9 3
v 10 3
v 11 3
v 12 4
v 13 4
v 14 4
v 15 4
v 16 4
v 17 4
e 0 6 2
e 1 7 2
e 2 3 1
e 2 6 1
e 2 14 1
e 3 7 1
e 3 15 1
e 4 5 1
e 4 6 1
e 4 8 2
e 5 7 1
e 5 9 2
e 8 10 1
e 8 12 1
e 9 11 1
e 9 13 1
e 10 11 2
e 10 16 1
e 11 17 1
t # 60018
v 0 11
v 1 1
v 2 1
v 3 1
v 4 2
v 5 2
v 6 2
v 7 3
v 8 3
v 9 3
v 10 3
v 11 3
v 12 3
v 13 3
v 14 3
v 15 4
v 16 4
v 17 4
v 18 4
v 19 4
v 20 4
v 21 4
v 22 4
v 23 4
v 24 4
v 25 4
e 0 1 2
e 0 2 2
e 0 7 1
e 3 13 2
e 4 8 1
e 4 13 1
e 4 19 1
e 5 6 1
e 5 20 1
e 6 21 1
e 6 22 1
e 7 9 2
e 7 10 1
e 8 11 2
e 8 12 1
e 9 11 1
e 9 15 1
e 10 12 2
e 10 16 1
e 11 17 1
e 12 18 1
e 13 14 1
e 14 23 1
e 14 24 1
e 14 25 1
t # 60019
v 0 12
v 1 12
v 2 1
v 3 1
v 4 3
v 5 3
v 6 3
v 7 3
v 8 3
v 9 3
v 10 3
v 11 3
v 12 3
v 13 4
v 14 4
v 15 4
v 16 4
v 17 4
v 18 4
v 19 4
v 20 4
e 0 8 1
e 1 12 1
e 2 4 1
e 2 5 1
e 3 6 1
e 3 7 1
e 4 5 1
e 4 6 1
e 4 13 1
e 5 14 1
e 5 15 1
e 6 16 1
e 6 17 1
e 7 8 2
e 7 9 1
e 8 10 1
e 9 11 2
e 9 18 1
e 10 12 2
e 10 19 1
e 11 12 1
e 11 20 1
t # 60020
v 0 12
v 1 12
v 2 2
v 3 2
v 4 3
v 5 3
v 6 3
v 7 3
v 8 3
v 9 3
v 10 3
v 11 3
v 12 3
v 13 3
v 14 3
v 15 3
v 16 4
v 17 4
v 18 4
v 19 4
v 20 4
v 21 4
e 0 10 1
e 1 11 1
e 2 4 2
e 2 14 1
e 3 5 2
e 3 15 1
e 4 5 1
e 4 6 1
e 5 7 1
e 6 8 1
e 6 10 2
e 7 9 1
e 7 11 2
e 8 9 2
e 8 16 1
e 9 17 1
e 10 12 1
e 11 13 1
e 12 14 2
e 12 18 1
e 13 15 2
e 13 19 1
e 14 20 1
e 15 21 1
t # 60021
v 0 1
v 1 1
v 2 1
v 3 1
v 4 1
v 5 3
v 6 3
v 7 3
v 8 3
v 9 3
v 10 3
v 11 3
v 12 3
v 13 3
v 14 3
v 15 3
v 16 3
v 17 4
v 18 4
v 19 4
v 20 4
v 21 4
v 22 4
v 23 4
v 24 4
v 25 4
v 26 4
v 27 4
v 28 4
v 29 4
v 30 4
e 0 10 1
e 0 15 1
e 1 12 1
e 1 16 1
e 2 7 2
e 3 14 1
e 3 30 1
e 4 14 2
e 5 7 1
e 5 8 1
e 5 17 1
e 5 18 1
e 6 7 1
e 6 9 2
e 6 11 1
e 8 14 1
e 8 19 1
e 8 20 1
e 9 10 1
e 9 21 1
e 10 12 2
e 11 13 2
e 11 22 1
e 12 13 1
e 13 23 1
e 15 24 1
e 15 25 1
e 15 26 1
e 16 27 1
e 16 28 1
e 16 29 1
t # 60022
v 0 1
v 1 1
v 2 3
v 3 3
v 4 3
v 5 3
v 6 3
v 7 3
v 8 3
v 9 3
v 10 4
v 11 4
v 12 4
v 13 4
v 14 4
v 15 4
v 16 4
v 17 4
v 18 4
v 19 4
v 20 4
v 21 4
e 0 9 1
e 0 21 1
e 1 9 2
e 2 3 1
e 2 4 1
e 2 8 1
e 2 10 1
e 3 5 1
e 3 11 1
e 3 12 1
e 4 7 1
e 4 13 1
e 4 14 1
e 5 6 1
e 5 15 1
e 5 16 1
e 6 7 2
e 6 9 1
e 7 17 1
e 8 18 1
e 8 19 1
e 8 20 1
t # 60023
v 0 1
v 1 1
v 2 1
v 3 3
v 4 3
v 5 3
v 6 3
v 7 3
v 8 3
v 9 3
v 10 3
v 11 3
v 12 3
v 13 3
v 14 3
v 15 3
v 16 4
v 17 4
v 18 4
v 19 4
v 20 4
v 21 4
v 22 4
v 23 4
v 24 4
v 25 4
v 26 4
v 27 4
v 28 4
v 29 4
v 30 4
v 31 4
v 32 4
v 33 4
e 0 6 2
e 1 11 1
e 1 14 1
e 2 12 1
e 2 15 1
e 3 4 1
e 3 5 1
e 3 16 1
e 3 17 1
e 4 6 1
e 4 18 1
e 4 19 1
e 5 8 1
e 5 20 1
e 5 21 1
e 6 7 1
e 7 9 2
e 7 10 1
e 8 22 1
e 8 23 1
e 8 24 1
e 9 12 1
e 9 25 1
e 10 11 2
e 10 26 1
e 11 13 1
e 12 13 2
e 13 27 1
e 14 28 1
e 14 29 1
e 14 30 1
e 15 31 1
e 15 32 1
e 15 33 1
t # 60024
v 0 1
v 1 3
v 2 3
v 3 3
v 4 3
v 5 3
v 6 3
v 7 3
v 8 3
v 9 3
v 10 3
v 11 3
v 12 3
v 13 3
v 14 3
v 15 3
v 16 4
v 17 4
v 18 4
v 19 4
v 20 4
v 21 4
v 22 4
v 23 4
v 24 4
v 25 4
v 26 4
v 27 4
v 28 4
v 29 4
e 0 3 2
e 1 3 1
e 1 4 1
e 1 6 2
e 2 3 1
e 2 5 1
e 2 7 2
e 4 8 2
e 4 10 1
e 5 9 2
e 5 11 1
e 6 12 1
e 6 16 1
e 7 13 1
e 7 17 1
e 8 14 1
e 8 18 1
e 9 15 1
e 9 19 1
e 10 20 1
e 10 21 1
e 10 22 1
e 11 23 1
e 11 24 1
e 11 25 1
e 12 14 2
e 12 26 1
e 13 15 2
e 13 27 1
e 14 28 1
e 15 29 1
t # 60025
v 0 12
v 1 12
v 2 1
v 3 1
v 4 2
v 5 2
v 6 3
v 7 3
v 8 3
v 9 3
v 10 3
v 11 3
v 12 3
v 13 3
v 14 4
v 15 4
v 16 4
v 17 4
v 18 4
v 19 4
v 20 4
v 21 4
v 22 4
v 23 4
v 24 4
v 25 4
e 0 12 1
e 1 13 1
e 2 10 2
e 3 11 2
e 4 6 1
e 4 11 1
e 4 20 1
e 5 7 1
e 5 10 1
e 5 21 1
e 6 8 1
e 6 10 1
e 6 14 1
e 7 9 1
e 7 11 1
e 7 15 1
e 8 12 1
e 8 16 1
e 8 17 1
e 9 13 1
e 9 18 1
e 9 19 1
e 12 22 1
e 12 23 1
e 13 24 1
e 13 25 1
t # 60026
v 0 1
v 1 1
v 2 1
v 3 2
v 4 3
v 5 3
v 6 3
v 7 3
v 8 3
v 9 3
v 10 3
v 11 3
v 12 3
v 13 3
v 14 4
v 15 4
v 16 4
v 17 4
v 18 4
v 19 4
v 20 4
v 21 4
v 22 4
v 23 4
v 24 4
v 25 4
v 26 4
v 27 4
v 28 4
v 29 4
v 30 4
e 0 12 2
e 1 13 1
e 1 30 1
e 2 13 2
e 3 12 1
e 3 28 1
e 3 29 1
e 4 5 1
e 4 6 1
e 4 9 1
e 4 10 1
e 5 7 1
e 5 11 1
e 5 12 1
e 6 8 1
e 6 13 1
e 6 14 1
e 7 8 1
e 7 15 1
e 7 16 1
e 8 17 1
e 8 18 1
e 9 19 1
e 9 20 1
e 9 21 1
e 10 22 1
e 10 23 1
e 10 24 1
e 11 25 1
e 11 26 1
e 11 27 1
t # 60027
v 0 12
v 1 1
v 2 1
v 3 1
v 4 2
v 5 3
v 6 3
v 7 3
v 8 3
v 9 3
v 10 3
v 11 3
v 12 3
v 13 3
v 14 3
v 15 3
v 16 4
v 17 4
v 18 4
v 19 4
v 20 4
v 21 4
e 0 15 1
e 3 15 2
e 4 7 1
e 5 6 2
e 5 7 1
e 5 10 1
e 6 8 1
e 6 9 1
e 7 11 2
e 8 12 2
e 8 15 1
e 9 13 2
e 9 16 1
e 10 14 2
e 10 17 1
e 11 13 1
e 11 18 1
e 12 14 1
e 12 19 1
e 13 20 1
e 14 21 1
t # 60028
v 0 1
v 1 3
v 2 3
v 3 3
v 4 3
v 5 3
v 6 3
v 7 3
v 8 3
v 9 3
v 10 3
v 11 3
v 12 3
v 13 3
v 14 3
v 15 3
v 16 3
v 17 3
v 18 3
v 19 3
v 20 3
v 21 3
v 22 4
v 23 4
v 24 4
v 25 4
v 26 4
v 27 4
v 28 4
v 29 4
v 30 4
v 31 4
v 32 4
v 33 4
v 34 4
v 35 4
v 36 4
v 37 4
v 38 4
v 39 4
v 40 4
v 41 4
v 42 4
v 43 4
v 44 4
v 45 4
v 46 4
v 47 4
v 48 4
v 49 4
v 50 4
v 51 4
v 52 4
v 53 4
v 54 4
v 55 4
v 56 4
v 57 4
v 58 4
v 59 4
e 0 13 2
e 1 3 1
e 1 5 1
e 1 22 1
e 1 23 1
e 2 4 1
e 2 6 1
e 2 24 1
e 2 25 1
e 3 7 1
e 3 26 1
e 3 27 1
e 4 8 1
e 4 28 1
e 4 29 1
e 5 9 1
e 5 30 1
e 5 31 1
e 6 10 1
e 6 32 1
e 6 33 1
e 7 11 1
e 7 34 1
e 7 35 1
e 8 12 1
e 8 36 1
e 8 37 1
e 9 13 1
e 9 38 1
e 9 39 1
e 10 13 1
e 10 40 1
e 10 41 1
e 11 14 1
e 11 42 1
e 11 43 1
e 12 15 1
e 12 44 1
e 12 45 1
e 14 16 1
e 14 46 1
e 14 47 1
e 15 17 1
e 15 48 1
e 15 49 1
e 16 18 1
e 16 50 1
e 16 51 1
e 17 19 1
e 17 52 1
e 17 53 1
e 18 20 2
e 18 54 1
e 19 21 2
e 19 55 1
e 20 56 1
e 20 57 1
e 21 58 1
e 21 59 1
t # 60029
v 0 18
v 1 1
v 2 1
v 3 3
v 4 3
v 5 3
v 6 3
v 7 3
v 8 3
v 9 3
v 10 3
v 11 3
v 12 3
v 13 4
v 14 4
v 15 4
v 16 4
v 17 4
v 18 4
v 19 4
v 20 4
v 21 4
v 22 4
v 23 4
e 1 12 1
e 1 23 1
e 2 12 2
e 3 5 2
e 3 7 1
e 3 9 1
e 4 5 1
e 4 8 2
e 4 10 1
e 5 12 1
e 6 7 2
e 6 8 1
e 6 11 1
e 8 13 1
e 9 14 1
e 9 15 1
e 9 16 1
e 10 17 1
e 10 18 1
e 10 19 1
e 11 20 1
e 11 21 1
e 11 22 1
t # 60030
v 0 1
v 1 3
v 2 3
v 3 3
v 4 3
v 5 3
v 6 3
v 7 3
v 8 3
v 9 3
v 10 3
v 11 3
v 12 3
v 13 3
v 14 3
v 15 3
v 16 3
v 17 3
v 18 3
v 19 3
v 20 4
v 21 4
v 22 4
v 23 4
v 24 4
v 25 4
v 26 4
v 27 4
v 28 4
v 29 4
v 30 4
v 31 4
v 32 4
v 33 4
v 34 4
v 35 4
v 36 4
v 37 4
v 38 4
v 39 4
v 40 4
v 41 4
e 0 4 2
e 1 4 1
e 1 7 1
e 1 8 1
e 1 9 1
e 2 3 1
e 2 5 1
e 2 6 1
e 2 20 1
e 3 4 1
e 3 21 1
e 3 22 1
e 5 10 2
e 5 12 1
e 6 11 2
e 6 13 1
e 7 23 1
e 7 24 1
e 7 25 1
e 8 26 1
e 8 27 1
e 8 28 1
e 9 29 1
e 9 30 1
e 9 31 1
e 10 14 1
e 10 32 1
e 11 15 1
e 11 33 1
e 12 16 2
e 12 34 1
e 13 17 2
e 13 35 1
e 14 18 2
e 14 36 1
e 15 19 2
e 15 37 1
e 16 18 1
e 16 38 1
e 17 19 1
e 17 39 1
e 18 40 1
e 19 41 1
t # 60031
v 0 2
v 1 2
v 2 2
v 3 3
v 4 3
v 5 3
v 6 3
v 7 3
v 8 3
v 9 3
v 10 3
v 11 3
v 12 3
v 13 3
v 14 3
v 15 3
v 16 3
v 17 3
v 18 3
v 19 3
v 20 3
v 21 3
v 22 3
v 23 3
v 24 4
v 25 4
v 26 4
v 27 4
v 28 4
v 29 4
v 30 4
v 31 4
v 32 4
v 33 4
v 34 4
v 35 4
v 36 4
v 37 4
v 38 4
e 0 4 2
e 0 5 1
e 1 17 1
e 1 22 2
e 2 18 1
e 2 23 2
e 3 6 2
e 3 7 1
e 3 8 1
e 4 6 1
e 4 9 1
e 5 7 2
e 5 10 1
e 6 24 1
e 7 25 1
e 8 11 2
e 8 12 1
e 9 13 1
e 9 17 2
e 10 14 1
e 10 18 2
e 11 15 1
e 11 26 1
e 12 16 2
e 12 27 1
e 13 20 2
e 13 28 1
e 14 21 2
e 14 29 1
e 15 19 2
e 15 30 1
e 16 19 1
e 16 31 1
e 17 32 1
e 18 33 1
e 19 34 1
e 20 22 1
e 20 35 1
e 21 23 1
e 21 36 1
e 22 37 1
e 23 38 1
t # 60032
v 0 1
v 1 2
v 2 3
v 3 3
v 4 3
v 5 3
v 6 3
v 7 3
v 8 3
v 9 3
v 10 3
v 11 3
v 12 3
v 13 3
v 14 4
v 15 4
v 16 4
v 17 4
v 18 4
v 19 4
v 20 4
v 21 4
v 22 4
e 0 6 1
e 0 22 1
e 2 3 1
e 2 5 1
e 2 8 2
e 3 6 1
e 3 9 2
e 4 5 2
e 4 7 1
e 4 10 1
e 5 14 1
e 6 7 2
e 7 13 1
e 8 11 1
e 8 15 1
e 9 12 1
e 9 16 1
e 10 17 1
e 10 18 1
e 10 19 1
e 11 12 2
e 11 20 1
e 12 21 1
t # 60033
v 0 12
v 1 11
v 2 1
v 3 2
v 4 3
v 5 3
v 6 3
v 7 3
v 8 3
v 9 3
v 10 3
v 11 3
v 12 4
v 13 4
v 14 4
v 15 4
v 16 4
v 17 4
e 0 11 1
e 1 5 1
e 1 6 1
e 2 7 2
e 3 4 1
e 3 7 1
e 3 14 1
e 4 5 2
e 4 8 1
e 5 9 1
e 6 7 1
e 6 12 1
e 6 13 1
e 8 10 2
e 8 15 1
e 9 11 2
e 9 16 1
e 10 11 1
e 10 17 1
t # 60034
v 0 1
v 1 1
v 2 2
v 3 3
v 4 3
v 5 3
v 6 3
v 7 3
v 8 3
v 9 4
v 10 4
v 11 4
v 12 4
v 13 4
v 14 4
v 15 4
e 0 5 2
e 1 6 2
e 2 5 1
e 2 6 1
e 2 7 1
e 3 4 1
e 3 5 1
e 3 9 1
e 3 10 1
e 4 6 1
e 4 11 1
e 4 12 1
e 7 8 2
e 7 13 1
e 8 14 1
e 8 15 1
t # 60035
v 0 1
v 1 1
v 2 1
v 3 1
v 4 2
v 5 2
v 6 3
v 7 3
v 8 3
v 9 3
v 10 3
v 11 3
v 12 3
v 13 3
v 14 3
v 15 3
v 16 3
v 17 4
v 18 4
v 19 4
v 20 4
v 21 4
v 22 4
v 23 4
v 24 4
v 25 4
v 26 4
e 0 8 1
e 0 15 1
e 1 10 1
e 1 16 1
e 4 7 1
e 4 14 2
e 5 9 1
e 6 7 2
e 6 8 1
e 6 12 1
e 7 9 1
e 8 10 2
e 9 11 2
e 10 11 1
e 11 17 1
e 12 13 2
e 12 18 1
e 13 14 1
e 13 19 1
e 14 20 1
e 15 21 1
e 15 22 1
e 15 23 1
e 16 24 1
e 16 25 1
e 16 26 1
t # 60036
v 0 1
v 1 3
v 2 3
v 3 3
v 4 3
v 5 3
v 6 3
v 7 3
v 8 3
v 9 3
v 10 3
v 11 3
v 12 3
v 13 3
v 14 3
v 15 3
v 16 4
v 17 4
v 18 4
v 19 4
v 20 4
v 21 4
v 22 4
v 23 4
v 24 4
v 25 4
v 26 4
v 27 4
v 28 4
v 29 4
e 0 9 2
e 1 3 1
e 1 5 2
e 1 6 1
e 2 4 1
e 2 7 2
e 2 8 1
e 3 9 1
e 3 16 1
e 3 17 1
e 4 10 2
e 4 11 1
e 5 7 1
e 5 18 1
e 6 8 2
e 6 19 1
e 7 20 1
e 8 21 1
e 9 15 1
e 10 12 1
e 10 22 1
e 11 13 2
e 11 23 1
e 12 14 2
e 12 24 1
e 13 14 1
e 13 25 1
e 14 26 1
e 15 27 1
e 15 28 1
e 15 29 1
t # 60037
v 0 1
v 1 1
v 2 1
v 3 2
v 4 3
v 5 3
v 6 3
v 7 3
v 8 3
v 9 3
v 10 3
v 11 3
v 12 3
v 13 4
v 14 4
v 15 4
v 16 4
v 17 4
v 18 4
v 19 4
v 20 4
v 21 4
e 0 9 2
e 3 8 1
e 4 5 1
e 4 6 2
e 4 7 1
e 5 9 1
e 5 13 1
e 5 14 1
e 6 10 1
e 6 15 1
e 7 11 2
e 7 16 1
e 8 10 2
e 8 11 1
e 9 12 1
e 10 17 1
e 11 18 1
e 12 19 1
e 12 20 1
e 12 21 1
t # 60038
v 0 1
v 1 1
v 2 1
v 3 3
v 4 3
v 5 3
v 6 3
v 7 3
v 8 3
v 9 3
v 10 3
v 11 3
v 12 3
v 13 3
v 14 3
v 15 3
v 16 3
v 17 4
v 18 4
v 19 4
v 20 4
v 21 4
v 22 4
v 23 4
v 24 4
v 25 4
v 26 4
v 27 4
v 28 4
v 29 4
v 30 4
v 31 4
v 32 4
v 33 4
v 34 4
v 35 4
v 36 4
e 0 5 1
e 0 9 1
e 1 9 2
e 2 15 1
e 2 16 1
e 3 4 1
e 3 6 1
e 3 7 1
e 3 17 1
e 4 5 1
e 4 18 1
e 4 19 1
e 5 8 1
e 5 20 1
e 6 21 1
e 6 22 1
e 6 23 1
e 7 24 1
e 7 25 1
e 7 26 1
e 8 27 1
e 8 28 1
e 8 29 1
e 9 10 1
e 10 11 2
e 10 12 1
e 11 13 1
e 11 30 1
e 12 14 2
e 12 31 1
e 13 15 2
e 13 32 1
e 14 15 1
e 14 33 1
e 16 34 1
e 16 35 1
e 16 36 1
t # 60039
v 0 1
v 1 1
v 2 3
v 3 3
v 4 3
v 5 3
v 6 3
v 7 3
v 8 3
v 9 3
v 10 3
v 11 3
v 12 3
v 13 3
v 14 3
v 15 4
v 16 4
v 17 4
v 18 4
v 19 4
v 20 4
v 21 4
v 22 4
v 23 4
v 24 4
v 25 4
v 26 4
v 27 4
v 28 4
v 29 4
v 30 4
v 31 4
v 32 4
v 33 4
v 34 4
v 35 4
v 36 4
v 37 4
v 38 4
v 39 4
v 40 4
e 0 4 1
e 0 13 1
e 1 13 2
e 2 3 1
e 2 4 1
e 2 15 1
e 2 16 1
e 3 9 1
e 3 10 1
e 3 17 1
e 4 11 1
e 4 18 1
e 5 6 1
e 5 7 1
e 5 19 1
e 5 20 1
e 6 8 1
e 6 21 1
e 6 22 1
e 7 12 1
e 7 23 1
e 7 24 1
e 8 13 1
e 8 25 1
e 8 26 1
e 9 27 1
e 9 28 1
e 9 29 1
e 10 30 1
e 10 31 1
e 10 32 1
e 11 33 1
e 11 34 1
e 11 35 1
e 12 14 1
e 12 36 1
e 12 37 1
e 14 38 1
e 14 39 1
e 14 40 1
t # 60040
v 0 1
v 1 1
v 2 3
v 3 3
v 4 3
v 5 3
v 6 3
v 7 3
v 8 3
v 9 3
v 10 3
v 11 3
v 12 3
v 13 4
v 14 4
v 15 4
v 16 4
v 17 4
v 18 4
v 19 4
v 20 4
v 21 4
v 22 4
v 23 4
v 24 4
v 25 4
v 26 4
v 27 4
v 28 4
v 29 4
v 30 4
v 31 4
v 32 4
v 33 4
v 34 4
e 0 4 1
e 0 10 1
e 1 10 2
e 2 3 1
e 2 4 1
e 2 13 1
e 2 14 1
e 3 6 1
e 3 7 1
e 3 15 1
e 4 9 1
e 4 16 1
e 5 8 1
e 5 11 1
e 5 12 1
e 5 17 1
e 6 18 1
e 6 19 1
e 6 20 1
e 7 21 1
e 7 22 1
e 7 23 1
e 8 10 1
e 8 24 1
e 8 25 1
e 9 26 1
e 9 27 1
e 9 28 1
e 11 29 1
e 11 30 1
e 11 31 1
e 12 32 1
e 12 33 1
e 12 34 1
t # 60041
v 0 1
v 1 1
v 2 3
v 3 3
v 4 3
v 5 3
v 6 3
v 7 3
v 8 3
v 9 3
v 10 3
v 11 3
v 12 4
v 13 4
v 14 4
v 15 4
v 16 4
v 17 4
v 18 4
v 19 4
v 20 4
v 21 4
v 22 4
v 23 4
v 24 4
v 25 4
v 26 4
v 27 4
v 28 4
v 29 4
v 30 4
v 31 4
e 0 4 1
e 0 9 1
e 1 9 2
e 2 3 1
e 2 4 1
e 2 12 1
e 2 13 1
e 3 5 1
e 3 6 1
e 3 14 1
e 4 7 1
e 4 15 1
e 5 16 1
e 5 17 1
e 5 18 1
e 6 19 1
e 6 20 1
e 6 21 1
e 7 22 1
e 7 23 1
e 7 24 1
e 8 9 1
e 8 10 1
e 8 25 1
e 8 26 1
e 10 11 1
e 10 27 1
e 10 28 1
e 11 29 1
e 11 30 1
e 11 31 1
t # 60042
v 0 1
v 1 1
v 2 1
v 3 1
v 4 1
v 5 1
v 6 1
v 7 3
v 8 3
v 9 3
v 10 3
v 11 3
v 12 3
v 13 3
v 14 3
v 15 3
v 16 3
v 17 4
v 18 4
v 19 4
v 20 4
v 21 4
v 22 4
v 23 4
v 24 4
v 25 4
v 26 4
v 27 4
v 28 4
e 0 7 1
e 0 13 1
e 1 8 1
e 1 14 1
e 2 9 1
e 2 10 1
e 3 9 2
e 4 10 2
e 5 13 2
e 6 14 2
e 7 8 1
e 7 9 1
e 7 11 1
e 8 10 1
e 8 12 1
e 11 17 1
e 11 18 1
e 11 19 1
e 12 20 1
e 12 21 1
e 12 22 1
e 13 15 1
e 14 16 1
e 15 23 1
e 15 24 1
e 15 25 1
e 16 26 1
e 16 27 1
e 16 28 1
t # 60043
v 0 1
v 1 1
v 2 1
v 3 1
v 4 3
v 5 3
v 6 3
v 7 3
v 8 3
v 9 3
v 10 3
v 11 3
v 12 3
v 13 3
v 14 3
v 15 3
v 16 3
v 17 4
v 18 4
v 19 4
v 20 4
v 21 4
v 22 4
v 23 4
v 24 4
v 25 4
v 26 4
v 27 4
v 28 4
v 29 4
v 30 4
v 31 4
v 32 4
v 33 4
v 34 4
v 35 4
v 36 4
v 37 4
v 38 4
e 0 10 1
e 0 13 1
e 1 11 1
e 1 14 1
e 2 13 2
e 3 14 2
e 4 5 1
e 4 6 1
e 4 10 1
e 4 17 1
e 5 7 1
e 5 11 1
e 5 18 1
e 6 8 1
e 6 12 1
e 6 19 1
e 7 9 1
e 7 20 1
e 7 21 1
e 8 9 1
e 8 22 1
e 8 23 1
e 9 24 1
e 9 25 1
e 10 26 1
e 10 27 1
e 11 28 1
e 11 29 1
e 12 30 1
e 12 31 1
e 12 32 1
e 13 15 1
e 14 16 1
e 15 33 1
e 15 34 1
e 15 35 1
e 16 36 1
e 16 37 1
e 16 38 1
t # 60044
v 0 1
v 1 1
v 2 1
v 3 1
v 4 3
v 5 3
v 6 3
v 7 3
v 8 3
v 9 3
v 10 3
v 11 3
v 12 3
v 13 3
v 14 3
v 15 3
v 16 3
v 17 4
v 18 4
v 19 4
v 20 4
v 21 4
v 22 4
v 23 4
v 24 4
v 25 4
v 26 4
v 27 4
v 28 4
v 29 4
v 30 4
v 31 4
v 32 4
v 33 4
v 34 4
v 35 4
v 36 4
e 0 11 1
e 0 13 1
e 1 12 1
e 1 14 1
e 2 13 2
e 3 14 2
e 4 6 1
e 4 8 1
e 4 9 1
e 4 17 1
e 5 7 1
e 5 8 1
e 5 10 1
e 5 18 1
e 6 7 1
e 6 11 1
e 6 19 1
e 7 12 1
e 7 20 1
e 8 21 1
e 8 22 1
e 9 10 1
e 9 23 1
e 9 24 1
e 10 25 1
e 10 26 1
e 11 27 1
e 11 28 1
e 12 29 1
e 12 30 1
e 13 15 1
e 14 16 1
e 15 31 1
e 15 32 1
e 15 33 1
e 16 34 1
e 16 35 1
e 16 36 1
t # 60045
v 0 1
v 1 1
v 2 1
v 3 1
v 4 1
v 5 1
v 6 2
v 7 3
v 8 3
v 9 3
v 10 3
v 11 3
v 12 3
v 13 3
v 14 3
v 15 3
v 16 3
v 17 3
v 18 3
v 19 3
v 20 4
v 21 4
v 22 4
v 23 4
v 24 4
v 25 4
v 26 4
v 27 4
v 28 4
v 29 4
v 30 4
v 31 4
v 32 4
v 33 4
v 34 4
e 0 11 1
e 0 13 1
e 1 10 1
e 1 30 1
e 2 10 2
e 3 12 1
e 3 34 1
e 4 11 2
e 5 12 2
e 6 7 1
e 6 11 1
e 6 25 1
e 7 8 1
e 7 10 1
e 7 20 1
e 8 9 1
e 8 21 1
e 8 22 1
e 9 12 1
e 9 23 1
e 9 24 1
e 13 14 1
e 13 26 1
e 13 27 1
e 14 15 2
e 14 16 1
e 15 17 1
e 15 28 1
e 16 18 2
e 16 29 1
e 17 19 2
e 17 31 1
e 18 19 1
e 18 32 1
e 19 33 1
t # 60046
v 0 11
v 1 11
v 2 11
v 3 11
v 4 1
v 5 1
v 6 1
v 7 1
v 8 2
v 9 2
v 10 2
v 11 2
v 12 3
v 13 3
v 14 3
v 15 3
v 16 3
v 17 3
v 18 3
v 19 3
v 20 3
v 21 3
v 22 3
v 23 3
v 24 4
v 25 4
v 26 4
v 27 4
v 28 4
v 29 4
v 30 4
v 31 4
v 32 4
v 33 4
v 34 4
v 35 4
v 36 4
v 37 4
e 0 4 2
e 0 5 2
e 0 12 1
e 1 6 2
e 1 7 2
e 1 13 1
e 2 14 1
e 3 15 1
e 8 18 1
e 8 30 1
e 8 31 1
e 9 19 1
e 9 32 1
e 9 33 1
e 10 34 1
e 10 35 1
e 11 36 1
e 11 37 1
e 12 16 2
e 12 20 1
e 13 17 2
e 13 21 1
e 14 16 1
e 14 18 2
e 15 17 1
e 15 19 2
e 16 24 1
e 17 25 1
e 18 22 1
e 19 23 1
e 20 22 2
e 20 26 1
e 21 23 2
e 21 27 1
e 22 28 1
e 23 29 1
t # 60047
v 0 18
v 1 11
v 2 1
v 3 1
v 4 1
v 5 2
v 6 2
v 7 3
v 8 3
v 9 3
v 10 3
v 11 3
v 12 3
v 13 3
v 14 3
v 15 4
v 16 4
v 17 4
v 18 4
v 19 4
v 20 4
v 21 4
v 22 4
v 23 4
e 1 2 2
e 1 3 2
e 1 7 1
e 4 13 2
e 5 8 1
e 5 13 1
e 5 19 1
e 6 20 1
e 6 21 1
e 7 9 2
e 7 10 1
e 8 11 2
e 8 12 1
e 9 11 1
e 9 15 1
e 10 12 2
e 10 16 1
e 11 17 1
e 12 18 1
e 13 14 1
e 14 22 1
e 14 23 1
t # 60048
v 0 1
v 1 1
v 2 1
v 3 1
v 4 2
v 5 3
v 6 3
v 7 3
v 8 3
v 9 3
v 10 3
v 11 3
v 12 3
v 13 3
v 14 4
v 15 4
v 16 4
v 17 4
v 18 4
v 19 4
v 20 4
v 21 4
v 22 4
e 0 5 1
e 0 6 1
e 1 7 1
e 1 8 1
e 4 11 1
e 5 6 1
e 5 7 1
e 5 14 1
e 6 15 1
e 6 16 1
e 7 17 1
e 7 18 1
e 8 9 1
e 8 10 2
e 9 11 2
e 9 19 1
e 10 12 1
e 10 20 1
e 11 13 1
e 12 13 2
e 12 21 1
e 13 22 1
t # 60049
v 0 11
v 1 11
v 2 1
v 3 1
v 4 2
v 5 2
v 6 2
v 7 3
v 8 3
v 9 3
v 10 3
v 11 3
v 12 3
v 13 3
v 14 4
v 15 4
v 16 4
v 17 4
v 18 4
v 19 4
v 20 4
e 0 2 2
e 0 3 2
e 0 7 1
e 1 10 1
e 1 13 1
e 4 17 1
e 4 18 1
e 5 11 1
e 5 19 1
e 5 20 1
e 7 8 2
e 7 9 1
e 8 10 1
e 8 14 1
e 9 12 2
e 9 15 1
e 10 11 2
e 11 12 1
e 12 16 1
t # 60050
v 0 1
v 1 1
v 2 1
v 3 3
v 4 3
v 5 3
v 6 3
v 7 3
v 8 3
v 9 3
v 10 3
v 11 3
v 12 3
v 13 3
v 14 3
v 15 3
v 16 3
v 17 3
v 18 4
v 19 4
v 20 4
v 21 4
v 22 4
v 23 4
v 24 4
v 25 4
v 26 4
v 27 4
v 28 4
v 29 4
v 30 4
v 31 4
e 0 4 1
e 0 6 1
e 1 16 1
e 1 31 1
e 2 16 2
e 3 4 1
e 3 5 1
e 3 7 2
e 4 8 2
e 5 9 2
e 5 10 1
e 6 13 1
e 6 16 1
e 6 18 1
e 7 11 1
e 7 19 1
e 8 12 1
e 8 20 1
e 9 14 1
e 9 21 1
e 10 15 2
e 10 22 1
e 11 12 2
e 11 23 1
e 12 24 1
e 13 25 1
e 13 26 1
e 13 27 1
e 14 17 2
e 14 28 1
e 15 17 1
e 15 29 1
e 17 30 1
t # 60051
v 0 11
v 1 1
v 2 1
v 3 1
v 4 2
v 5 2
v 6 3
v 7 3
v 8 3
v 9 3
v 10 3
v 11 3
v 12 3
v 13 3
v 14 4
v 15 4
v 16 4
v 17 4
v 18 4
v 19 4
e 0 10 1
e 0 13 1
e 1 8 1
e 1 19 1
e 4 9 1
e 6 7 1
e 6 8 2
e 6 10 1
e 7 9 2
e 7 14 1
e 8 11 1
e 9 12 1
e 10 15 1
e 10 16 1
e 11 12 2
e 11 17 1
e 12 18 1
t # 60052
v 0 18
v 1 2
v 2 2
v 3 3
v 4 3
v 5 3
v 6 3
v 7 3
v 8 3
v 9 3
v 10 3
v 11 3
v 12 3
v 13 4
v 14 4
v 15 4
v 16 4
v 17 4
e 3 4 2
e 3 5 1
e 3 9 1
e 4 6 1
e 4 13 1
e 5 7 2
e 5 14 1
e 6 8 2
e 6 15 1
e 7 8 1
e 7 16 1
e 9 10 2
e 9 17 1
e 10 11 1
e 10 12 1
t # 60053
v 0 1
v 1 1
v 2 1
v 3 1
v 4 2
v 5 2
v 6 3
v 7 3
v 8 3
v 9 3
v 10 3
v 11 3
v 12 3
v 13 3
v 14 3
v 15 3
v 16 4
v 17 4
v 18 4
v 19 4
v 20 4
v 21 4
v 22 4
v 23 4
v 24 4
v 25 4
v 26 4
v 27 4
e 0 6 1
e 0 12 1
e 1 7 1
e 1 13 1
e 2 12 2
e 3 13 2
e 6 7 1
e 6 8 1
e 6 10 1
e 7 9 1
e 7 11 1
e 8 16 1
e 8 17 1
e 8 18 1
e 9 19 1
e 9 20 1
e 9 21 1
e 12 14 1
e 13 15 1
e 14 22 1
e 14 23 1
e 14 24 1
e 15 25 1
e 15 26 1
e 15 27 1
t # 60054
v 0 11
v 1 8
v 2 2
v 3 2
v 4 2
v 5 3
v 6 3
v 7 3
v 8 3
v 9 3
v 10 3
v 11 3
v 12 3
v 13 3
v 14 4
v 15 4
v 16 4
v 17 4
v 18 4
v 19 4
v 20 4
v 21 4
v 22 4
v 23 4
v 24 4
v 25 4
v 26 4
v 27 4
v 28 4
v 29 4
v 30 4
v 31 4
v 32 4
v 33 4
v 34 4
v 35 4
v 36 4
v 37 4
e 2 5 1
e 2 14 1
e 3 6 1
e 3 15 1
e 4 7 1
e 4 16 1
e 5 8 1
e 5 17 1
e 5 18 1
e 6 9 1
e 6 19 1
e 6 20 1
e 7 10 1
e 7 21 1
e 7 22 1
e 8 11 1
e 8 23 1
e 8 24 1
e 9 12 1
e 9 25 1
e 9 26 1
e 10 13 1
e 10 27 1
e 10 28 1
e 11 29 1
e 11 30 1
e 11 31 1
e 12 32 1
e 12 33 1
e 12 34 1
e 13 35 1
e 13 36 1
e 13 37 1
t # 60055
v 0 12
v 1 12
v 2 11
v 3 8
v 4 2
v 5 3
v 6 3
v 7 3
v 8 3
v 9 3
v 10 3
v 11 3
v 12 4
v 13 4
v 14 4
v 15 4
v 16 4
v 17 4
v 18 4
v 19 4
v 20 4
v 21 4
v 22 4
v 23 4
v 24 4
v 25 4
v 26 4
v 27 4
e 4 9 1
e 4 27 1
e 5 6 1
e 5 7 1
e 5 12 1
e 5 13 1
e 6 8 1
e 6 14 1
e 6 15 1
e 7 9 1
e 7 16 1
e 7 17 1
e 8 10 1
e 8 18 1
e 8 19 1
e 9 20 1
e 9 21 1
e 10 11 1
e 10 22 1
e 10 23 1
e 11 24 1
e 11 25 1
e 11 26 1
t # 60056
v 0 12
v 1 12
v 2 2
v 3 2
v 4 3
v 5 3
v 6 3
v 7 3
v 8 3
v 9 3
v 10 3
v 11 3
v 12 3
v 13 3
v 14 4
v 15 4
v 16 4
v 17 4
e 0 7 1
e 1 9 1
e 4 5 2
e 4 6 1
e 4 10 1
e 5 7 1
e 5 14 1
e 6 8 2
e 6 15 1
e 7 9 2
e 8 9 1
e 8 16 1
e 10 11 2
e 10 17 1
e 11 12 1
e 11 13 1
t # 60057
v 0 12
v 1 2
v 2 3
v 3 3
v 4 3
v 5 3
v 6 3
v 7 3
v 8 3
v 9 3
v 10 3
v 11 3
v 12 3
v 13 3
v 14 3
v 15 4
v 16 4
v 17 4
v 18 4
v 19 4
v 20 4
v 21 4
v 22 4
v 23 4
v 24 4
e 0 12 1
e 1 13 2
e 1 14 1
e 2 4 1
e 2 6 2
e 2 7 1
e 3 5 1
e 3 10 2
e 3 11 1
e 4 5 2
e 4 15 1
e 5 16 1
e 6 8 1
e 6 17 1
e 7 9 2
e 7 18 1
e 8 12 2
e 8 19 1
e 9 12 1
e 9 20 1
e 10 13 1
e 10 21 1
e 11 14 2
e 11 22 1
e 13 23 1
e 14 24 1
t # 60058
v 0 12
v 1 2
v 2 3
v 3 3
v 4 3
v 5 3
v 6 3
v 7 3
v 8 3
v 9 3
v 10 3
v 11 3
v 12 3
v 13 3
v 14 3
v 15 4
v 16 4
v 17 4
v 18 4
v 19 4
v 20 4
v 21 4
v 22 4
v 23 4
v 24 4
e 0 10 1
e 1 6 1
e 1 14 2
e 2 3 1
e 2 4 2
e 2 5 1
e 3 7 2
e 3 15 1
e 4 8 1
e 4 16 1
e 5 9 2
e 5 17 1
e 6 7 1
e 6 11 2
e 7 18 1
e 8 10 2
e 8 19 1
e 9 10 1
e 9 20 1
e 11 12 1
e 11 21 1
e 12 13 2
e 12 22 1
e 13 14 1
e 13 23 1
e 14 24 1
t # 60059
v 0 1
v 1 1
v 2 2
v 3 3
v 4 3
v 5 3
v 6 3
v 7 3
v 8 3
v 9 3
v 10 3
v 11 3
v 12 3
v 13 3
v 14 3
v 15 3
v 16 3
v 17 3
v 18 3
v 19 3
v 20 4
v 21 4
v 22 4
v 23 4
v 24 4
v 25 4
v 26 4
v 27 4
v 28 4
v 29 4
v 30 4
v 31 4
v 32 4
e 0 12 2
e 1 15 1
e 1 32 1
e 2 4 1
e 2 12 1
e 2 23 1
e 3 4 1
e 3 5 1
e 3 7 2
e 4 6 2
e 5 8 1
e 5 9 2
e 6 10 1
e 6 20 1
e 7 13 1
e 7 21 1
e 8 10 2
e 8 22 1
e 9 14 1
e 9 24 1
e 10 25 1
e 11 12 1
e 11 15 1
e 11 16 2
e 13 14 2
e 13 26 1
e 14 27 1
e 15 17 2
e 16 18 1
e 16 28 1
e 17 19 1
e 17 29 1
e 18 19 2
e 18 30 1
e 19 31 1
t # 60060
v 0 2
v 1 2
v 2 2
v 3 3
v 4 3
v 5 3
v 6 3
v 7 3
v 8 3
v 9 3
v 10 3
v 11 3
v 12 3
v 13 3
v 14 4
v 15 4
v 16 4
v 17 4
v 18 4
v 19 4
v 20 4
e 3 4 1
e 3 5 1
e 3 11 1
e 3 14 1
e 4 6 2
e 4 7 1
e 5 12 1
e 5 13 1
e 5 15 1
e 6 8 1
e 6 16 1
e 7 9 2
e 7 17 1
e 8 10 2
e 8 18 1
e 9 10 1
e 9 19 1
e 10 20 1
t # 60061
v 0 1
v 1 1
v 2 2
v 3 2
v 4 2
v 5 3
v 6 3
v 7 3
v 8 3
v 9 3
v 10 3
v 11 3
v 12 3
v 13 3
v 14 3
v 15 3
v 16 3
v 17 3
v 18 3
v 19 3
v 20 4
v 21 4
v 22 4
v 23 4
v 24 4
v 25 4
v 26 4
v 27 4
v 28 4
v 29 4
v 30 4
v 31 4
v 32 4
e 0 8 2
e 1 10 2
e 2 5 1
e 2 10 1
e 2 22 1
e 3 8 1
e 3 10 1
e 3 23 1
e 4 12 1
e 4 18 2
e 5 6 1
e 5 7 1
e 5 8 1
e 6 9 1
e 6 20 1
e 6 21 1
e 7 11 1
e 7 12 2
e 9 13 2
e 9 14 1
e 11 15 2
e 11 24 1
e 12 25 1
e 13 16 1
e 13 26 1
e 14 17 2
e 14 27 1
e 15 18 1
e 15 28 1
e 16 19 2
e 16 29 1
e 17 19 1
e 17 30 1
e 18 31 1
e 19 32 1
t # 60062
v 0 1
v 1 1
v 2 3
v 3 3
v 4 3
v 5 3
v 6 3
v 7 3
v 8 3
v 9 3
v 10 3
v 11 3
v 12 3
v 13 3
v 14 3
v 15 4
v 16 4
v 17 4
v 18 4
v 19 4
v 20 4
v 21 4
v 22 4
v 23 4
v 24 4
v 25 4
v 26 4
v 27 4
v 28 4
v 29 4
v 30 4
v 31 4
v 32 4
e 0 6 1
e 0 29 1
e 1 6 2
e 2 3 1
e 2 4 1
e 2 5 1
e 2 6 1
e 3 7 1
e 3 15 1
e 3 16 1
e 4 8 1
e 4 17 1
e 4 18 1
e 5 9 1
e 5 19 1
e 5 20 1
e 7 10 2
e 7 11 1
e 8 21 1
e 8 22 1
e 8 23 1
e 9 24 1
e 9 25 1
e 9 26 1
e 10 12 1
e 10 27 1
e 11 13 2
e 11 28 1
e 12 14 2
e 12 30 1
e 13 14 1
e 13 31 1
e 14 32 1
t # 60063
v 0 1
v 1 1
v 2 3
v 3 3
v 4 3
v 5 3
v 6 3
v 7 3
v 8 3
v 9 3
v 10 3
v 11 3
v 12 3
v 13 3
v 14 3
v 15 3
v 16 4
v 17 4
v 18 4
v 19 4
v 20 4
v 21 4
v 22 4
v 23 4
v 24 4
v 25 4
v 26 4
v 27 4
v 28 4
v 29 4
v 30 4
v 31 4
v 32 4
v 33 4
v 34 4
v 35 4
v 36 4
v 37 4
v 38 4
v 39 4
v 40 4
v 41 4
v 42 4
v 43 4
e 0 9 1
e 0 40 1
e 1 9 2
e 2 3 1
e 2 5 1
e 2 6 1
e 2 9 1
e 3 4 1
e 3 16 1
e 3 17 1
e 4 7 1
e 4 18 1
e 4 19 1
e 5 11 1
e 5 20 1
e 5 21 1
e 6 12 1
e 6 22 1
e 6 23 1
e 7 8 1
e 7 24 1
e 7 25 1
e 8 10 1
e 8 26 1
e 8 27 1
e 10 13 1
e 10 28 1
e 10 29 1
e 11 30 1
e 11 31 1
e 11 32 1
e 12 33 1
e 12 34 1
e 12 35 1
e 13 14 1
e 13 36 1
e 13 37 1
e 14 15 1
e 14 38 1
e 14 39 1
e 15 41 1
e 15 42 1
e 15 43 1
t # 60064
v 0 1
v 1 1
v 2 3
v 3 3
v 4 3
v 5 3
v 6 3
v 7 3
v 8 3
v 9 3
v 10 3
v 11 3
v 12 4
v 13 4
v 14 4
v 15 4
v 16 4
v 17 4
v 18 4
v 19 4
v 20 4
v 21 4
v 22 4
v 23 4
v 24 4
v 25 4
v 26 4
v 27 4
v 28 4
v 29 4
v 30 4
v 31 4
e 0 7 1
e 0 31 1
e 1 7 2
e 2 3 1
e 2 4 1
e 2 5 1
e 2 7 1
e 3 6 1
e 3 12 1
e 3 13 1
e 4 9 1
e 4 14 1
e 4 15 1
e 5 10 1
e 5 16 1
e 5 17 1
e 6 8 1
e 6 18 1
e 6 19 1
e 8 11 1
e 8 20 1
e 8 21 1
e 9 22 1
e 9 23 1
e 9 24 1
e 10 25 1
e 10 26 1
e 10 27 1
e 11 28 1
e 11 29 1
e 11 30 1
t # 60065
v 0 1
v 1 1
v 2 2
v 3 3
v 4 3
v 5 3
v 6 3
v 7 3
v 8 3
v 9 3
v 10 3
v 11 3
v 12 3
v 13 3
v 14 4
v 15 4
v 16 4
v 17 4
v 18 4
v 19 4
v 20 4
v 21 4
v 22 4
e 0 7 1
e 0 13 1
e 1 12 2
e 2 4 2
e 2 11 1
e 3 4 1
e 3 5 2
e 3 6 1
e 4 8 1
e 5 10 1
e 5 12 1
e 6 7 2
e 6 14 1
e 7 9 1
e 8 9 2
e 8 15 1
e 9 16 1
e 10 11 2
e 10 17 1
e 11 18 1
e 12 19 1
e 13 20 1
e 13 21 1
e 13 22 1
t # 60066
v 0 1
v 1 1
v 2 2
v 3 3
v 4 3
v 5 3
v 6 3
v 7 3
v 8 3
v 9 3
v 10 3
v 11 3
v 12 3
v 13 4
v 14 4
v 15 4
v 16 4
v 17 4
v 18 4
v 19 4
v 20 4
v 21 4
v 22 4
v 23 4
v 24 4
v 25 4
v 26 4
v 27 4
v 28 4
v 29 4
v 30 4
v 31 4
e 0 3 1
e 0 11 1
e 1 4 1
e 1 12 1
e 2 7 1
e 2 8 1
e 2 27 1
e 3 5 1
e 3 7 1
e 3 13 1
e 4 6 1
e 4 8 1
e 4 14 1
e 5 9 1
e 5 15 1
e 5 16 1
e 6 10 1
e 6 17 1
e 6 18 1
e 7 19 1
e 7 20 1
e 8 21 1
e 8 22 1
e 9 11 1
e 9 23 1
e 9 24 1
e 10 12 1
e 10 25 1
e 10 26 1
e 11 28 1
e 11 29 1
e 12 30 1
e 12 31 1
t # 60067
v 0 1
v 1 1
v 2 1
v 3 3
v 4 3
v 5 3
v 6 3
v 7 3
v 8 3
v 9 3
v 10 3
v 11 3
v 12 3
v 13 3
v 14 3
v 15 4
v 16 4
v 17 4
v 18 4
v 19 4
v 20 4
v 21 4
v 22 4
v 23 4
v 24 4
v 25 4
v 26 4
v 27 4
v 28 4
v 29 4
v 30 4
v 31 4
v 32 4
v 33 4
v 34 4
v 35 4
v 36 4
e 0 10 1
e 0 13 1
e 1 7 2
e 2 10 2
e 3 4 1
e 3 7 1
e 3 10 1
e 3 15 1
e 4 8 1
e 4 9 1
e 4 16 1
e 5 6 1
e 5 7 1
e 5 17 1
e 5 18 1
e 6 11 1
e 6 12 1
e 6 19 1
e 8 20 1
e 8 21 1
e 8 22 1
e 9 23 1
e 9 24 1
e 9 25 1
e 11 26 1
e 11 27 1
e 11 28 1
e 12 29 1
e 12 30 1
e 12 31 1
e 13 14 1
e 13 32 1
e 13 33 1
e 14 34 1
e 14 35 1
e 14 36 1
t # 60068
v 0 1
v 1 1
v 2 1
v 3 1
v 4 1
v 5 3
v 6 3
v 7 3
v 8 3
v 9 3
v 10 3
v 11 3
v 12 4
v 13 4
v 14 4
v 15 4
v 16 4
v 17 4
v 18 4
v 19 4
v 20 4
v 21 4
e 0 8 1
e 0 9 1
e 1 10 1
e 1 20 1
e 2 11 1
e 2 21 1
e 3 10 2
e 4 11 2
e 5 6 1
e 5 7 1
e 5 10 1
e 5 11 1
e 6 8 1
e 6 12 1
e 6 13 1
e 7 9 1
e 7 14 1
e 7 15 1
e 8 16 1
e 8 17 1
e 9 18 1
e 9 19 1
t # 60069
v 0 1
v 1 1
v 2 1
v 3 3
v 4 3
v 5 3
v 6 3
v 7 3
v 8 3
v 9 4
v 10 4
v 11 4
v 12 4
v 13 4
v 14 4
v 15 4
v 16 4
v 17 4
v 18 4
e 0 6 1
e 0 7 1
e 1 8 1
e 1 18 1
e 2 8 2
e 3 4 1
e 3 5 1
e 3 8 1
e 3 9 1
e 4 6 1
e 4 10 1
e 4 11 1
e 5 7 1
e 5 12 1
e 5 13 1
e 6 14 1
e 6 15 1
e 7 16 1
e 7 17 1
t # 60070
v 0 1
v 1 1
v 2 2
v 3 3
v 4 3
v 5 3
v 6 3
v 7 3
v 8 3
v 9 3
v 10 3
v 11 3
v 12 3
v 13 3
v 14 3
v 15 3
v 16 3
v 17 3
v 18 4
v 19 4
v 20 4
v 21 4
v 22 4
v 23 4
v 24 4
v 25 4
v 26 4
v 27 4
v 28 4
v 29 4
v 30 4
e 0 17 1
e 0 30 1
e 1 17 2
e 2 3 1
e 2 4 1
e 2 7 1
e 3 5 1
e 3 9 2
e 4 6 1
e 4 10 2
e 5 6 1
e 5 11 2
e 6 12 2
e 7 8 1
e 7 18 1
e 7 19 1
e 8 17 1
e 8 20 1
e 8 21 1
e 9 13 1
e 9 22 1
e 10 14 1
e 10 23 1
e 11 15 1
e 11 24 1
e 12 16 1
e 12 25 1
e 13 15 2
e 13 26 1
e 14 16 2
e 14 27 1
e 15 28 1
e 16 29 1
t # 60071
v 0 2
v 1 2
v 2 3
v 3 3
v 4 3
v 5 3
v 6 3
v 7 3
v 8 3
v 9 3
v 10 3
v 11 3
v 12 3
v 13 3
v 14 3
v 15 3
v 16 3
v 17 4
v 18 4
v 19 4
v 20 4
v 21 4
v 22 4
v 23 4
v 24 4
v 25 4
v 26 4
v 27 4
v 28 4
e 0 2 1
e 0 3 1
e 0 6 1
e 2 4 1
e 2 7 2
e 3 5 1
e 3 8 2
e 4 5 1
e 4 9 2
e 5 10 2
e 6 11 1
e 6 17 1
e 6 18 1
e 7 12 1
e 7 19 1
e 8 13 1
e 8 20 1
e 9 14 1
e 9 21 1
e 10 15 1
e 10 22 1
e 11 16 1
e 11 23 1
e 11 24 1
e 12 14 2
e 12 25 1
e 13 15 2
e 13 26 1
e 14 27 1
e 15 28 1
t # 60072
v 0 1
v 1 1
v 2 1
v 3 1
v 4 1
v 5 2
v 6 2
v 7 3
v 8 3
v 9 3
v 10 3
v 11 3
v 12 4
v 13 4
v 14 4
v 15 4
v 16 4
v 17 4
v 18 4
v 19 4
e 0 9 2
e 1 10 2
e 4 11 1
e 4 19 1
e 5 6 1
e 5 9 1
e 5 10 1
e 7 8 1
e 7 9 1
e 7 12 1
e 7 13 1
e 8 10 1
e 8 14 1
e 8 15 1
e 11 16 1
e 11 17 1
e 11 18 1
t # 60073
v 0 1
v 1 1
v 2 2
v 3 3
v 4 3
v 5 3
v 6 3
v 7 3
v 8 3
v 9 3
v 10 3
v 11 3
v 12 3
v 13 3
v 14 3
v 15 3
v 16 3
v 17 3
v 18 3
v 19 3
v 20 3
v 21 3
v 22 3
v 23 3
v 24 3
v 25 4
v 26 4
v 27 4
v 28 4
v 29 4
v 30 4
v 31 4
v 32 4
v 33 4
v 34 4
v 35 4
v 36 4
v 37 4
v 38 4
v 39 4
v 40 4
v 41 4
v 42 4
v 43 4
v 44 4
v 45 4
v 46 4
v 47 4
v 48 4
v 49 4
e 0 11 2
e 1 12 2
e 2 3 1
e 2 5 1
e 2 8 1
e 3 4 1
e 3 9 1
e 3 25 1
e 4 6 1
e 4 26 1
e 4 27 1
e 5 7 1
e 5 28 1
e 5 29 1
e 6 7 1
e 6 30 1
e 6 31 1
e 7 32 1
e 7 33 1
e 8 10 1
e 8 11 1
e 8 34 1
e 9 35 1
e 9 36 1
e 9 37 1
e 10 12 1
e 10 38 1
e 10 39 1
e 11 13 1
e 12 14 1
e 13 15 2
e 13 16 1
e 14 17 2
e 14 18 1
e 15 19 1
e 15 40 1
e 16 20 2
e 16 41 1
e 17 22 1
e 17 42 1
e 18 23 2
e 18 43 1
e 19 21 2
e 19 44 1
e 20 21 1
e 20 45 1
e 21 46 1
e 22 24 2
e 22 47 1
e 23 24 1
e 23 48 1
e 24 49 1
t # 60074
v 0 1
v 1 1
v 2 1
v 3 3
v 4 3
v 5 3
v 6 3
v 7 3
v 8 3
v 9 3
v 10 3
v 11 3
v 12 3
v 13 3
v 14 3
v 15 4
v 16 4
v 17 4
v 18 4
v 19 4
v 20 4
v 21 4
v 22 4
v 23 4
v 24 4
v 25 4
v 26 4
v 27 4
v 28 4
e 0 8 1
e 0 14 1
e 1 5 2
e 2 8 2
e 3 4 1
e 3 5 1
e 3 8 1
e 3 15 1
e 4 7 1
e 4 16 1
e 4 17 1
e 5 6 1
e 6 9 2
e 6 10 1
e 7 18 1
e 7 19 1
e 7 20 1
e 9 11 1
e 9 21 1
e 10 12 2
e 10 22 1
e 11 13 2
e 11 23 1
e 12 13 1
e 12 24 1
e 13 25 1
e 14 26 1
e 14 27 1
e 14 28 1
t # 60075
v 0 12
v 1 12
v 2 1
v 3 1
v 4 3
v 5 3
v 6 3
v 7 3
v 8 3
v 9 3
v 10 3
v 11 3
v 12 3
v 13 3
v 14 3
v 15 3
v 16 3
v 17 3
v 18 4
v 19 4
v 20 4
v 21 4
v 22 4
v 23 4
v 24 4
v 25 4
v 26 4
v 27 4
e 0 14 1
e 1 17 1
e 2 4 1
e 2 27 1
e 3 6 2
e 4 5 1
e 4 6 1
e 4 18 1
e 5 8 2
e 5 9 1
e 6 7 1
e 7 10 2
e 7 11 1
e 8 12 1
e 8 19 1
e 9 13 2
e 9 20 1
e 10 15 1
e 10 21 1
e 11 16 2
e 11 22 1
e 12 14 2
e 12 23 1
e 13 14 1
e 13 24 1
e 15 17 2
e 15 25 1
e 16 17 1
e 16 26 1
t # 60076
v 0 2
v 1 3
v 2 3
v 3 3
v 4 3
v 5 3
v 6 3
v 7 3
v 8 3
v 9 3
v 10 3
v 11 3
v 12 3
v 13 3
v 14 3
v 15 3
v 16 4
v 17 4
v 18 4
v 19 4
v 20 4
v 21 4
v 22 4
v 23 4
v 24 4
v 25 4
v 26 4
v 27 4
v 28 4
v 29 4
v 30 4
v 31 4
v 32 4
e 0 1 1
e 0 4 1
e 0 5 1
e 1 2 1
e 1 3 1
e 1 16 1
e 2 6 2
e 2 8 1
e 3 7 2
e 3 9 1
e 4 17 1
e 4 18 1
e 4 19 1
e 5 20 1
e 5 21 1
e 5 22 1
e 6 10 1
e 6 23 1
e 7 11 1
e 7 24 1
e 8 12 2
e 8 25 1
e 9 13 2
e 9 26 1
e 10 14 2
e 10 27 1
e 11 15 2
e 11 28 1
e 12 14 1
e 12 29 1
e 13 15 1
e 13 30 1
e 14 31 1
e 15 32 1
t # 60077
v 0 1
v 1 1
v 2 2
v 3 3
v 4 3
v 5 3
v 6 3
v 7 3
v 8 3
v 9 3
v 10 3
v 11 3
v 12 3
v 13 3
v 14 3
v 15 3
v 16 3
v 17 3
v 18 3
v 19 3
v 20 3
v 21 4
v 22 4
v 23 4
v 24 4
v 25 4
v 26 4
v 27 4
v 28 4
v 29 4
v 30 4
v 31 4
v 32 4
v 33 4
v 34 4
v 35 4
v 36 4
v 37 4
v 38 4
v 39 4
v 40 4
v 41 4
v 42 4
v 43 4
v 44 4
v 45 4
v 46 4
v 47 4
v 48 4
v 49 4
e 0 3 1
e 0 38 1
e 1 7 2
e 2 5 1
e 2 6 1
e 2 7 1
e 3 4 1
e 3 10 1
e 3 11 1
e 4 7 1
e 4 21 1
e 4 22 1
e 5 8 1
e 5 23 1
e 5 24 1
e 6 9 1
e 6 25 1
e 6 26 1
e 8 12 1
e 8 27 1
e 8 28 1
e 9 13 1
e 9 29 1
e 9 30 1
e 10 14 2
e 10 15 1
e 11 31 1
e 11 32 1
e 11 33 1
e 12 16 1
e 12 34 1
e 12 35 1
e 13 17 1
e 13 36 1
e 13 37 1
e 14 18 1
e 14 39 1
e 15 19 2
e 15 40 1
e 16 41 1
e 16 42 1
e 16 43 1
e 17 44 1
e 17 45 1
e 17 46 1
e 18 20 2
e 18 47 1
e 19 20 1
e 19 48 1
e 20 49 1
t # 60078
v 0 1
v 1 1
v 2 1
v 3 3
v 4 3
v 5 3
v 6 3
v 7 3
v 8 3
v 9 3
v 10 3
v 11 3
v 12 3
v 13 3
v 14 3
v 15 3
v 16 4
v 17 4
v 18 4
v 19 4
v 20 4
v 21 4
v 22 4
v 23 4
v 24 4
v 25 4
v 26 4
v 27 4
v 28 4
v 29 4
v 30 4
v 31 4
v 32 4
v 33 4
e 0 3 1
e 0 9 1
e 1 4 1
e 1 30 1
e 2 9 2
e 3 6 1
e 3 7 1
e 3 8 1
e 4 5 1
e 4 10 1
e 4 16 1
e 5 9 1
e 5 17 1
e 5 18 1
e 6 19 1
e 6 20 1
e 6 21 1
e 7 22 1
e 7 23 1
e 7 24 1
e 8 25 1
e 8 26 1
e 8 27 1
e 10 11 2
e 10 12 1
e 11 13 1
e 11 28 1
e 12 14 2
e 12 29 1
e 13 15 2
e 13 31 1
e 14 15 1
e 14 32 1
e 15 33 1
t # 60079
v 0 2
v 1 3
v 2 3
v 3 3
v 4 3
v 5 3
v 6 3
v 7 3
v 8 3
v 9 3
v 10 3
v 11 3
v 12 3
v 13 3
v 14 3
v 15 4
v 16 4
v 17 4
v 18 4
v 19 4
v 20 4
v 21 4
v 22 4
v 23 4
v 24 4
v 25 4
v 26 4
v 27 4
v 28 4
v 29 4
v 30 4
v 31 4
v 32 4
v 33 4
v 34 4
v 35 4
v 36 4
v 37 4
e 0 5 1
e 0 13 1
e 0 14 1
e 1 2 1
e 1 3 1
e 1 4 2
e 2 5 1
e 2 15 1
e 2 16 1
e 3 6 2
e 3 9 1
e 4 8 1
e 4 10 1
e 5 17 1
e 5 18 1
e 6 7 1
e 6 11 1
e 7 8 2
e 7 12 1
e 8 19 1
e 9 20 1
e 9 21 1
e 9 22 1
e 10 23 1
e 10 24 1
e 10 25 1
e 11 26 1
e 11 27 1
e 11 28 1
e 12 29 1
e 12 30 1
e 12 31 1
e 13 32 1
e 13 33 1
e 13 34 1
e 14 35 1
e 14 36 1
e 14 37 1
t # 60080
v 0 1
v 1 2
v 2 3
v 3 3
v 4 3
v 5 3
v 6 3
v 7 3
v 8 3
v 9 3
v 10 3
v 11 3
v 12 3
v 13 4
v 14 4
v 15 4
v 16 4
v 17 4
v 18 4
v 19 4
v 20 4
v 21 4
v 22 4
v 23 4
v 24 4
v 25 4
v 26 4
v 27 4
v 28 4
v 29 4
e 0 7 1
e 0 12 1
e 1 3 1
e 1 10 1
e 1 11 1
e 2 3 1
e 2 4 2
e 2 5 1
e 3 13 1
e 3 14 1
e 4 6 1
e 4 8 1
e 5 7 2
e 5 15 1
e 6 9 2
e 6 16 1
e 7 9 1
e 8 17 1
e 8 18 1
e 8 19 1
e 9 20 1
e 10 21 1
e 10 22 1
e 10 23 1
e 11 24 1
e 11 25 1
e 11 26 1
e 12 27 1
e 12 28 1
e 12 29 1
t # 60081
v 0 12
v 1 1
v 2 3
v 3 3
v 4 3
v 5 3
v 6 3
v 7 3
v 8 3
v 9 3
v 10 3
v 11 3
v 12 4
v 13 4
v 14 4
v 15 4
v 16 4
v 17 4
v 18 4
v 19 4
v 20 4
v 21 4
v 22 4
e 0 11 1
e 1 5 2
e 2 3 1
e 2 4 1
e 2 12 1
e 2 13 1
e 3 5 1
e 3 14 1
e 3 15 1
e 4 6 2
e 4 7 1
e 5 10 1
e 6 8 1
e 6 16 1
e 7 9 2
e 7 17 1
e 8 11 2
e 8 18 1
e 9 11 1
e 9 19 1
e 10 20 1
e 10 21 1
e 10 22 1
t # 60082
v 0 1
v 1 1
v 2 3
v 3 3
v 4 3
v 5 3
v 6 3
v 7 3
v 8 3
v 9 3
v 10 3
v 11 3
v 12 3
v 13 4
v 14 4
v 15 4
v 16 4
v 17 4
v 18 4
v 19 4
v 20 4
v 21 4
v 22 4
v 23 4
v 24 4
v 25 4
v 26 4
v 27 4
v 28 4
v 29 4
v 30 4
v 31 4
v 32 4
e 0 6 2
e 1 11 2
e 2 3 1
e 2 5 1
e 2 6 1
e 2 13 1
e 3 4 1
e 3 14 1
e 3 15 1
e 4 7 1
e 4 16 1
e 4 17 1
e 5 8 1
e 5 18 1
e 5 19 1
e 6 9 1
e 7 10 1
e 7 20 1
e 7 21 1
e 8 22 1
e 8 23 1
e 8 24 1
e 9 11 1
e 9 25 1
e 9 26 1
e 10 27 1
e 10 28 1
e 10 29 1
e 11 12 1
e 12 30 1
e 12 31 1
e 12 32 1
t # 60083
v 0 2
v 1 3
v 2 3
v 3 3
v 4 3
v 5 3
v 6 3
v 7 3
v 8 3
v 9 3
v 10 3
v 11 3
v 12 3
v 13 3
v 14 4
v 15 4
v 16 4
v 17 4
v 18 4
v 19 4
v 20 4
v 21 4
v 22 4
v 23 4
v 24 4
v 25 4
v 26 4
v 27 4
v 28 4
v 29 4
v 30 4
v 31 4
v 32 4
v 33 4
v 34 4
e 0 3 1
e 0 11 1
e 0 12 1
e 1 2 1
e 1 4 2
e 1 5 1
e 2 3 1
e 2 14 1
e 2 15 1
e 3 16 1
e 3 17 1
e 4 7 1
e 4 9 1
e 5 8 2
e 5 10 1
e 6 7 2
e 6 8 1
e 6 13 1
e 7 18 1
e 8 19 1
e 9 20 1
e 9 21 1
e 9 22 1
e 10 23 1
e 10 24 1
e 10 25 1
e 11 26 1
e 11 27 1
e 11 28 1
e 12 29 1
e 12 30 1
e 12 31 1
e 13 32 1
e 13 33 1
e 13 34 1
t # 60084
v 0 1
v 1 1
v 2 3
v 3 3
v 4 3
v 5 3
v 6 3
v 7 3
v 8 3
v 9 3
v 10 3
v 11 3
v 12 3
v 13 3
v 14 3
v 15 3
v 16 3
v 17 4
v 18 4
v 19 4
v 20 4
v 21 4
v 22 4
v 23 4
v 24 4
v 25 4
v 26 4
v 27 4
v 28 4
v 29 4
v 30 4
e 0 5 1
e 0 29 1
e 1 8 2
e 2 6 2
e 2 7 1
e 2 8 1
e 3 5 2
e 3 6 1
e 3 10 1
e 4 5 1
e 4 7 2
e 4 11 1
e 6 17 1
e 7 18 1
e 8 9 1
e 9 12 2
e 9 13 1
e 10 19 1
e 10 20 1
e 10 21 1
e 11 22 1
e 11 23 1
e 11 24 1
e 12 14 1
e 12 25 1
e 13 15 2
e 13 26 1
e 14 16 2
e 14 27 1
e 15 16 1
e 15 28 1
e 16 30 1
t # 60085
v 0 1
v 1 1
v 2 1
v 3 1
v 4 2
v 5 3
v 6 3
v 7 3
v 8 3
v 9 3
v 10 3
v 11 3
v 12 3
v 13 3
v 14 3
v 15 3
v 16 3
v 17 3
v 18 4
v 19 4
v 20 4
v 21 4
v 22 4
v 23 4
v 24 4
v 25 4
v 26 4
v 27 4
v 28 4
v 29 4
v 30 4
e 0 10 1
e 0 15 1
e 1 7 2
e 2 8 2
e 3 10 2
e 4 6 1
e 4 8 1
e 4 9 1
e 5 6 1
e 5 7 1
e 5 10 1
e 5 18 1
e 6 19 1
e 6 20 1
e 7 8 1
e 9 11 2
e 9 12 1
e 11 13 1
e 11 21 1
e 12 14 2
e 12 22 1
e 13 16 2
e 13 23 1
e 14 16 1
e 14 24 1
e 15 17 1
e 15 25 1
e 15 26 1
e 16 27 1
e 17 28 1
e 17 29 1
e 17 30 1
t # 60086
v 0 1
v 1 1
v 2 1
v 3 1
v 4 2
v 5 3
v 6 3
v 7 3
v 8 3
v 9 3
v 10 3
v 11 3
v 12 3
v 13 3
v 14 3
v 15 3
v 16 4
v 17 4
v 18 4
v 19 4
v 20 4
v 21 4
v 22 4
v 23 4
v 24 4
v 25 4
v 26 4
v 27 4
v 28 4
v 29 4
v 30 4
v 31 4
v 32 4
e 0 8 2
e 1 13 1
e 1 14 1
e 2 9 2
e 3 13 2
e 4 5 1
e 4 6 1
e 4 8 1
e 5 10 1
e 5 11 1
e 5 12 1
e 6 7 1
e 6 16 1
e 6 17 1
e 7 9 1
e 7 13 1
e 7 18 1
e 8 9 1
e 10 19 1
e 10 20 1
e 10 21 1
e 11 22 1
e 11 23 1
e 11 24 1
e 12 25 1
e 12 26 1
e 12 27 1
e 14 15 1
e 14 28 1
e 14 29 1
e 15 30 1
e 15 31 1
e 15 32 1
t # 60087
v 0 1
v 1 1
v 2 1
v 3 1
v 4 2
v 5 3
v 6 3
v 7 3
v 8 3
v 9 3
v 10 3
v 11 3
v 12 3
v 13 3
v 14 3
v 15 4
v 16 4
v 17 4
v 18 4
v 19 4
v 20 4
v 21 4
v 22 4
v 23 4
v 24 4
v 25 4
v 26 4
v 27 4
v 28 4
v 29 4
e 0 12 1
e 0 13 1
e 1 8 2
e 2 9 2
e 3 12 2
e 4 5 1
e 4 7 1
e 4 9 1
e 5 6 1
e 5 15 1
e 5 16 1
e 6 8 1
e 6 12 1
e 6 17 1
e 7 10 1
e 7 11 1
e 7 18 1
e 8 9 1
e 10 19 1
e 10 20 1
e 10 21 1
e 11 22 1
e 11 23 1
e 11 24 1
e 13 14 1
e 13 25 1
e 13 26 1
e 14 27 1
e 14 28 1
e 14 29 1
t # 60088
v 0 1
v 1 1
v 2 1
v 3 1
v 4 2
v 5 3
v 6 3
v 7 3
v 8 3
v 9 3
v 10 3
v 11 3
v 12 3
v 13 3
v 14 3
v 15 4
v 16 4
v 17 4
v 18 4
v 19 4
v 20 4
v 21 4
v 22 4
v 23 4
v 24 4
v 25 4
v 26 4
v 27 4
v 28 4
v 29 4
e 0 11 1
e 0 13 1
e 1 8 2
e 2 9 2
e 3 11 2
e 4 6 1
e 4 7 1
e 4 9 1
e 5 6 1
e 5 8 1
e 5 11 1
e 5 15 1
e 6 16 1
e 6 17 1
e 7 10 1
e 7 18 1
e 7 19 1
e 8 9 1
e 10 12 1
e 10 20 1
e 10 21 1
e 12 22 1
e 12 23 1
e 12 24 1
e 13 14 1
e 13 25 1
e 13 26 1
e 14 27 1
e 14 28 1
e 14 29 1
t # 60089
v 0 1
v 1 1
v 2 1
v 3 1
v 4 2
v 5 3
v 6 3
v 7 3
v 8 3
v 9 3
v 10 3
v 11 3
v 12 3
v 13 3
v 14 4
v 15 4
v 16 4
v 17 4
v 18 4
v 19 4
v 20 4
v 21 4
v 22 4
v 23 4
v 24 4
v 25 4
v 26 4
e 0 10 1
e 0 12 1
e 1 7 2
e 2 8 2
e 3 10 2
e 4 6 1
e 4 8 1
e 4 9 1
e 5 6 1
e 5 7 1
e 5 10 1
e 5 14 1
e 6 15 1
e 6 16 1
e 7 8 1
e 9 11 1
e 9 17 1
e 9 18 1
e 11 19 1
e 11 20 1
e 11 21 1
e 12 13 1
e 12 22 1
e 12 23 1
e 13 24 1
e 13 25 1
e 13 26 1
t # 60090
v 0 1
v 1 1
v 2 1
v 3 1
v 4 2
v 5 3
v 6 3
v 7 3
v 8 3
v 9 3
v 10 3
v 11 3
v 12 3
v 13 4
v 14 4
v 15 4
v 16 4
v 17 4
v 18 4
v 19 4
v 20 4
v 21 4
v 22 4
v 23 4
e 0 9 1
e 0 11 1
e 1 7 2
e 2 8 2
e 3 9 2
e 4 6 1
e 4 8 1
e 4 10 1
e 5 6 1
e 5 7 1
e 5 9 1
e 5 13 1
e 6 14 1
e 6 15 1
e 7 8 1
e 10 16 1
e 10 17 1
e 10 18 1
e 11 12 1
e 11 19 1
e 11 20 1
e 12 21 1
e 12 22 1
e 12 23 1
t # 60091
v 0 1
v 1 1
v 2 1
v 3 1
v 4 2
v 5 3
v 6 3
v 7 3
v 8 3
v 9 3
v 10 3
v 11 3
v 12 3
v 13 3
v 14 3
v 15 3
v 16 3
v 17 3
v 18 4
v 19 4
v 20 4
v 21 4
v 22 4
v 23 4
v 24 4
v 25 4
v 26 4
v 27 4
v 28 4
v 29 4
v 30 4
e 0 8 2
e 1 9 2
e 2 10 1
e 2 17 1
e 3 10 2
e 4 5 1
e 4 7 1
e 4 9 1
e 5 6 1
e 5 18 1
e 5 19 1
e 6 8 1
e 6 10 1
e 6 20 1
e 7 11 1
e 7 21 1
e 7 22 1
e 8 9 1
e 11 12 2
e 11 13 1
e 12 14 1
e 12 23 1
e 13 15 2
e 13 24 1
e 14 16 2
e 14 25 1
e 15 16 1
e 15 26 1
e 16 27 1
e 17 28 1
e 17 29 1
e 17 30 1
t # 60092
v 0 1
v 1 1
v 2 2
v 3 3
v 4 3
v 5 3
v 6 3
v 7 3
v 8 3
v 9 3
v 10 3
v 11 3
v 12 3
v 13 4
v 14 4
v 15 4
v 16 4
v 17 4
v 18 4
v 19 4
v 20 4
v 21 4
v 22 4
v 23 4
v 24 4
v 25 4
v 26 4
v 27 4
v 28 4
v 29 4
e 0 11 1
e 0 29 1
e 1 12 2
e 2 3 1
e 2 9 1
e 2 12 1
e 3 4 1
e 3 5 1
e 3 13 1
e 4 6 1
e 4 14 1
e 4 15 1
e 5 7 1
e 5 16 1
e 5 17 1
e 6 8 1
e 6 18 1
e 6 19 1
e 7 8 1
e 7 20 1
e 7 21 1
e 8 24 1
e 8 25 1
e 9 10 1
e 9 22 1
e 9 23 1
e 10 11 1
e 10 26 1
e 10 27 1
e 11 12 1
e 11 28 1
t # 60093
v 0 1
v 1 1
v 2 2
v 3 3
v 4 3
v 5 3
v 6 3
v 7 3
v 8 3
v 9 3
v 10 3
v 11 3
v 12 3
v 13 3
v 14 4
v 15 4
v 16 4
v 17 4
v 18 4
v 19 4
v 20 4
v 21 4
v 22 4
v 23 4
v 24 4
v 25 4
v 26 4
e 0 5 1
e 0 21 1
e 1 6 2
e 2 3 1
e 2 6 1
e 2 7 1
e 3 4 1
e 3 14 1
e 3 15 1
e 4 5 1
e 4 16 1
e 4 17 1
e 5 6 1
e 5 18 1
e 7 8 1
e 7 19 1
e 7 20 1
e 8 9 2
e 8 10 1
e 9 11 1
e 9 22 1
e 10 12 2
e 10 23 1
e 11 13 2
e 11 24 1
e 12 13 1
e 12 25 1
e 13 26 1
t # 60094
v 0 1
v 1 1
v 2 2
v 3 2
v 4 3
v 5 3
v 6 3
v 7 3
v 8 3
v 9 3
v 10 3
v 11 3
v 12 3
v 13 3
v 14 3
v 15 3
v 16 3
v 17 3
v 18 3
v 19 3
v 20 4
v 21 4
v 22 4
v 23 4
v 24 4
v 25 4
v 26 4
v 27 4
v 28 4
v 29 4
v 30 4
v 31 4
v 32 4
v 33 4
v 34 4
v 35 4
e 0 12 2
e 1 13 2
e 2 4 1
e 2 12 1
e 2 24 1
e 3 5 1
e 3 13 1
e 3 25 1
e 4 6 1
e 4 20 1
e 4 21 1
e 5 7 1
e 5 22 1
e 5 23 1
e 6 8 2
e 6 10 1
e 7 9 2
e 7 11 1
e 8 14 1
e 8 26 1
e 9 15 1
e 9 27 1
e 10 16 2
e 10 28 1
e 11 17 2
e 11 29 1
e 12 13 1
e 14 18 2
e 14 30 1
e 15 19 2
e 15 31 1
e 16 18 1
e 16 32 1
e 17 19 1
e 17 33 1
e 18 34 1
e 19 35 1
t # 60095
v 0 1
v 1 1
v 2 1
v 3 2
v 4 2
v 5 3
v 6 3
v 7 3
v 8 3
v 9 3
v 10 3
v 11 3
v 12 3
v 13 3
v 14 3
v 15 3
v 16 3
v 17 3
v 18 3
v 19 3
v 20 3
v 21 3
v 22 3
v 23 3
v 24 3
v 25 3
v 26 3
v 27 3
v 28 4
v 29 4
v 30 4
v 31 4
v 32 4
v 33 4
v 34 4
v 35 4
v 36 4
v 37 4
v 38 4
v 39 4
v 40 4
v 41 4
v 42 4
v 43 4
v 44 4
v 45 4
v 46 4
v 47 4
v 48 4
v 49 4
v 50 4
v 51 4
v 52 4
v 53 4
v 54 4
v 55 4
e 0 13 1
e 0 14 1
e 1 15 1
e 1 16 1
e 2 12 2
e 3 5 1
e 3 7 1
e 3 8 1
e 4 6 1
e 4 9 1
e 4 10 1
e 5 6 1
e 5 11 1
e 5 28 1
e 6 12 1
e 6 29 1
e 7 13 1
e 7 30 1
e 7 31 1
e 8 14 1
e 8 32 1
e 8 33 1
e 9 15 1
e 9 34 1
e 9 35 1
e 10 16 1
e 10 36 1
e 10 37 1
e 11 17 2
e 11 18 1
e 12 19 1
e 13 38 1
e 13 39 1
e 14 40 1
e 14 41 1
e 15 42 1
e 15 43 1
e 16 44 1
e 16 45 1
e 17 20 1
e 17 46 1
e 18 21 2
e 18 47 1
e 19 22 2
e 19 23 1
e 20 24 2
e 20 48 1
e 21 24 1
e 21 49 1
e 22 25 1
e 22 50 1
e 23 26 2
e 23 51 1
e 24 52 1
e 25 27 2
e 25 53 1
e 26 27 1
e 26 54 1
e 27 55 1
t # 60096
v 0 1
v 1 1
v 2 1
v 3 3
v 4 3
v 5 3
v 6 3
v 7 3
v 8 3
v 9 3
v 10 3
v 11 3
v 12 3
v 13 4
v 14 4
v 15 4
v 16 4
v 17 4
v 18 4
v 19 4
v 20 4
v 21 4
v 22 4
v 23 4
v 24 4
v 25 4
v 26 4
v 27 4
v 28 4
v 29 4
v 30 4
e 0 3 1
e 0 25 1
e 1 10 1
e 1 11 1
e 2 10 2
e 3 4 1
e 3 5 1
e 3 9 1
e 4 6 1
e 4 13 1
e 4 14 1
e 5 7 1
e 5 15 1
e 5 16 1
e 6 8 1
e 6 17 1
e 6 18 1
e 7 8 1
e 7 19 1
e 7 20 1
e 8 21 1
e 8 22 1
e 9 10 1
e 9 23 1
e 9 24 1
e 11 12 1
e 11 26 1
e 11 27 1
e 12 28 1
e 12 29 1
e 12 30 1
t # 60097
v 0 18
v 1 1
v 2 2
v 3 3
v 4 3
v 5 3
v 6 3
v 7 3
v 8 3
v 9 3
v 10 3
v 11 3
v 12 4
v 13 4
v 14 4
v 15 4
v 16 4
v 17 4
v 18 4
v 19 4
v 20 4
v 21 4
e 1 10 2
e 2 3 1
e 2 10 1
e 2 15 1
e 3 5 1
e 3 6 2
e 4 5 2
e 4 7 1
e 4 9 1
e 5 12 1
e 6 8 1
e 6 13 1
e 7 8 2
e 7 14 1
e 9 16 1
e 9 17 1
e 9 18 1
e 10 11 1
e 11 19 1
e 11 20 1
e 11 21 1
t # 60098
v 0 12
v 1 1
v 2 2
v 3 2
v 4 3
v 5 3
v 6 3
v 7 3
v 8 3
v 9 3
v 10 3
v 11 4
v 12 4
v 13 4
v 14 4
v 15 4
e 0 7 1
e 1 6 2
e 2 3 1
e 2 4 1
e 2 11 1
e 3 6 1
e 3 13 1
e 4 5 2
e 4 7 1
e 5 6 1
e 5 8 1
e 7 9 2
e 8 10 2
e 8 12 1
e 9 10 1
e 9 14 1
e 10 15 1
t # 60099
v 0 1
v 1 1
v 2 3
v 3 3
v 4 3
v 5 3
v 6 3
v 7 3
v 8 3
v 9 3
v 10 3
v 11 3
v 12 3
v 13 3
v 14 3
v 15 3
v 16 4
v 17 4
v 18 4
v 19 4
v 20 4
v 21 4
v 22 4
v 23 4
v 24 4
v 25 4
v 26 4
v 27 4
e 0 8 1
e 0 27 1
e 1 5 2
e 2 4 2
e 2 5 1
e 2 7 1
e 3 4 1
e 3 8 2
e 3 10 1
e 4 16 1
e 5 6 1
e 6 11 2
e 6 12 1
e 7 9 2
e 7 17 1
e 8 9 1
e 9 18 1
e 10 19 1
e 10 20 1
e 10 21 1
e 11 13 1
e 11 22 1
e 12 14 2
e 12 23 1
e 13 15 2
e 13 24 1
e 14 15 1
e 14 25 1
e 15 26 1
