t # 7800
v 0 1
v 1 1
v 2 1
v 3 3
v 4 3
v 5 3
v 6 3
v 7 3
v 8 3
v 9 3
v 10 3
v 11 3
v 12 4
v 13 4
v 14 4
v 15 4
v 16 4
v 17 4
e 0 4 1
e 0 11 1
e 1 8 1
e 1 17 1
e 2 11 2
e 3 4 2
e 3 5 1
e 3 7 1
e 4 6 1
e 5 9 2
e 5 12 1
e 6 8 2
e 6 13 1
e 7 10 2
e 7 14 1
e 8 9 1
e 9 15 1
e 10 11 1
e 10 16 1
t # 7801
v 0 1
v 1 1
v 2 1
v 3 1
v 4 3
v 5 3
v 6 3
v 7 3
v 8 3
v 9 3
v 10 3
v 11 3
v 12 3
v 13 4
v 14 4
v 15 4
v 16 4
v 17 4
v 18 4
e 0 5 1
e 0 12 1
e 1 8 1
e 1 17 1
e 2 9 1
e 2 18 1
e 3 12 2
e 4 5 1
e 4 6 2
e 4 10 1
e 5 7 2
e 6 8 1
e 6 13 1
e 7 9 1
e 7 14 1
e 8 9 2
e 10 11 2
e 10 15 1
e 11 12 1
e 11 16 1
t # 7802
v 0 2
v 1 2
v 2 3
v 3 3
v 4 3
v 5 3
v 6 3
v 7 3
v 8 3
v 9 3
v 10 3
v 11 3
v 12 3
v 13 3
v 14 4
v 15 4
v 16 4
v 17 4
v 18 4
v 19 4
v 20 4
v 21 4
v 22 4
v 23 4
e 0 3 1
e 0 5 1
e 0 14 1
e 1 6 2
e 1 12 1
e 2 3 2
e 2 4 1
e 2 7 1
e 3 6 1
e 4 5 1
e 4 8 2
e 5 9 2
e 6 13 1
e 7 12 2
e 7 15 1
e 8 10 1
e 8 16 1
e 9 11 1
e 9 17 1
e 10 11 2
e 10 18 1
e 11 20 1
e 12 19 1
e 13 21 1
e 13 22 1
e 13 23 1
t # 7803
v 0 1
v 1 1
v 2 1
v 3 3
v 4 3
v 5 3
v 6 3
v 7 3
v 8 3
v 9 3
v 10 3
v 11 3
v 12 3
v 13 3
v 14 3
v 15 3
v 16 3
v 17 3
v 18 3
v 19 3
v 20 3
v 21 3
v 22 3
v 23 4
v 24 4
v 25 4
v 26 4
v 27 4
v 28 4
v 29 4
v 30 4
v 31 4
v 32 4
v 33 4
v 34 4
v 35 4
v 36 4
v 37 4
v 38 4
v 39 4
v 40 4
v 41 4
v 42 4
v 43 4
v 44 4
v 45 4
v 46 4
e 0 3 1
e 0 9 1
e 1 7 2
e 2 21 2
e 3 4 1
e 3 6 1
e 3 7 1
e 4 5 1
e 4 23 1
e 4 24 1
e 5 8 1
e 5 13 1
e 5 25 1
e 6 8 2
e 6 14 1
e 7 10 1
e 8 26 1
e 9 10 2
e 9 11 1
e 10 15 1
e 11 12 1
e 11 27 1
e 11 28 1
e 12 16 1
e 12 17 1
e 12 18 1
e 13 29 1
e 13 30 1
e 13 31 1
e 14 19 2
e 14 32 1
e 15 33 1
e 15 34 1
e 15 35 1
e 16 36 1
e 16 37 1
e 16 38 1
e 17 39 1
e 17 40 1
e 17 41 1
e 18 20 2
e 18 42 1
e 19 21 1
e 19 22 1
e 20 21 1
e 20 43 1
e 22 44 1
e 22 45 1
e 22 46 1
t # 7804
v 0 1
v 1 1
v 2 1
v 3 1
v 4 1
v 5 1
v 6 1
v 7 1
v 8 3
v 9 3
v 10 3
v 11 3
v 12 3
v 13 3
v 14 3
v 15 3
v 16 3
v 17 3
v 18 3
v 19 3
v 20 3
v 21 3
v 22 3
v 23 3
v 24 3
v 25 3
v 26 3
v 27 3
v 28 3
v 29 3
v 30 3
v 31 3
v 32 3
v 33 3
v 34 3
v 35 3
v 36 3
v 37 3
v 38 3
v 39 3
v 40 4
v 41 4
v 42 4
v 43 4
v 44 4
v 45 4
v 46 4
v 47 4
v 48 4
v 49 4
v 50 4
v 51 4
v 52 4
v 53 4
v 54 4
v 55 4
v 56 4
v 57 4
v 58 4
v 59 4
v 60 4
v 61 4
v 62 4
v 63 4
v 64 4
v 65 4
v 66 4
v 67 4
v 68 4
v 69 4
v 70 4
v 71 4
v 72 4
v 73 4
v 74 4
v 75 4
v 76 4
v 77 4
v 78 4
v 79 4
v 80 4
v 81 4
v 82 4
v 83 4
e 14 0 1
e 0 61 1
e 21 1 1
e 1 65 1
e 2 16 2
e 3 28 2
e 4 30 1
e 4 73 1
e 5 29 2
e 6 35 1
e 6 38 1
e 7 38 2
e 8 9 1
e 8 10 1
e 8 13 1
e 8 18 1
e 9 11 1
e 9 15 1
e 9 20 1
e 10 12 1
e 10 19 1
e 10 40 1
e 11 14 1
e 11 21 1
e 11 41 1
e 12 16 1
e 12 17 1
e 12 22 1
e 13 14 1
e 13 42 1
e 13 43 1
e 14 44 1
e 15 16 1
e 15 45 1
e 15 46 1
e 17 23 1
e 17 26 1
e 17 47 1
e 18 48 1
e 18 49 1
e 18 50 1
e 19 24 1
e 19 51 1
e 19 52 1
e 20 53 1
e 20 54 1
e 20 55 1
e 21 27 1
e 21 28 1
e 22 56 1
e 22 57 1
e 22 58 1
e 23 24 2
e 23 25 1
e 24 59 1
e 25 29 1
e 25 31 1
e 25 32 1
e 26 30 2
e 26 60 1
e 27 62 1
e 27 63 1
e 27 64 1
e 28 33 1
e 29 30 1
e 31 66 1
e 31 67 1
e 31 68 1
e 32 69 1
e 32 70 1
e 32 71 1
e 33 34 2
e 33 72 1
e 34 35 1
e 34 74 1
e 35 36 1
e 35 37 1
e 36 75 1
e 36 76 1
e 36 77 1
e 37 78 1
e 37 79 1
e 37 80 1
e 38 39 1
e 39 81 1
e 39 82 1
e 39 83 1
t # 7805
v 0 1
v 1 1
v 2 1
v 3 1
v 4 1
v 5 1
v 6 1
v 7 3
v 8 3
v 9 3
v 10 3
v 11 3
v 12 3
v 13 3
v 14 3
v 15 3
v 16 3
v 17 3
v 18 3
v 19 3
v 20 3
v 21 3
v 22 3
v 23 3
v 24 3
v 25 3
v 26 3
v 27 3
v 28 3
v 29 3
v 30 3
v 31 3
v 32 3
v 33 3
v 34 3
v 35 3
v 36 3
v 37 4
v 38 4
v 39 4
v 40 4
v 41 4
v 42 4
v 43 4
v 44 4
v 45 4
v 46 4
v 47 4
v 48 4
v 49 4
v 50 4
v 51 4
v 52 4
v 53 4
v 54 4
v 55 4
v 56 4
v 57 4
v 58 4
v 59 4
v 60 4
v 61 4
v 62 4
v 63 4
v 64 4
v 65 4
v 66 4
v 67 4
v 68 4
v 69 4
v 70 4
v 71 4
v 72 4
v 73 4
v 74 4
v 75 4
v 76 4
v 77 4
v 78 4
v 79 4
v 80 4
e 13 0 1
e 0 60 1
e 1 16 2
e 20 2 1
e 2 64 1
e 26 3 1
e 3 72 1
e 4 28 2
e 5 29 2
e 6 34 1
e 6 80 1
e 7 8 1
e 7 9 1
e 7 12 1
e 7 18 1
e 8 11 1
e 8 14 1
e 8 19 1
e 9 10 1
e 9 17 1
e 9 37 1
e 10 15 1
e 10 16 1
e 10 22 1
e 11 13 1
e 11 20 1
e 11 38 1
e 12 13 1
e 12 39 1
e 12 40 1
e 13 41 1
e 14 16 1
e 14 42 1
e 14 43 1
e 15 21 1
e 15 23 1
e 15 44 1
e 17 24 1
e 17 45 1
e 17 46 1
e 18 47 1
e 18 48 1
e 18 49 1
e 19 50 1
e 19 51 1
e 19 52 1
e 20 27 1
e 20 28 1
e 21 24 2
e 21 25 1
e 22 53 1
e 22 54 1
e 22 55 1
e 23 26 1
e 23 56 1
e 23 57 1
e 24 58 1
e 25 29 1
e 25 30 1
e 25 31 1
e 26 29 1
e 26 59 1
e 27 61 1
e 27 62 1
e 27 63 1
e 28 32 1
e 30 65 1
e 30 66 1
e 30 67 1
e 31 68 1
e 31 69 1
e 31 70 1
e 32 33 2
e 32 71 1
e 33 34 1
e 33 73 1
e 34 35 1
e 34 36 1
e 35 74 1
e 35 75 1
e 35 76 1
e 36 77 1
e 36 78 1
e 36 79 1
t # 7806
v 0 1
v 1 1
v 2 1
v 3 1
v 4 1
v 5 1
v 6 1
v 7 1
v 8 3
v 9 3
v 10 3
v 11 3
v 12 3
v 13 3
v 14 3
v 15 3
v 16 3
v 17 3
v 18 3
v 19 3
v 20 3
v 21 3
v 22 3
v 23 3
v 24 3
v 25 3
v 26 3
v 27 3
v 28 3
v 29 3
v 30 3
v 31 3
v 32 3
v 33 3
v 34 3
v 35 3
v 36 3
v 37 3
v 38 3
v 39 3
v 40 4
v 41 4
v 42 4
v 43 4
v 44 4
v 45 4
v 46 4
v 47 4
v 48 4
v 49 4
v 50 4
v 51 4
v 52 4
v 53 4
v 54 4
v 55 4
v 56 4
v 57 4
v 58 4
v 59 4
v 60 4
v 61 4
v 62 4
v 63 4
v 64 4
v 65 4
v 66 4
v 67 4
v 68 4
v 69 4
v 70 4
v 71 4
v 72 4
v 73 4
v 74 4
v 75 4
v 76 4
v 77 4
v 78 4
v 79 4
v 80 4
v 81 4
v 82 4
v 83 4
v 84 4
v 85 4
e 14 0 1
e 0 63 1
e 1 17 2
e 21 2 1
e 2 67 1
e 27 3 1
e 3 75 1
e 4 29 2
e 5 30 2
e 6 35 1
e 6 38 1
e 7 38 2
e 8 9 1
e 8 10 1
e 8 13 1
e 8 19 1
e 9 12 1
e 9 15 1
e 9 20 1
e 10 11 1
e 10 18 1
e 10 40 1
e 11 16 1
e 11 17 1
e 11 23 1
e 12 14 1
e 12 21 1
e 12 41 1
e 13 14 1
e 13 42 1
e 13 43 1
e 14 44 1
e 15 17 1
e 15 45 1
e 15 46 1
e 16 22 1
e 16 24 1
e 16 47 1
e 18 25 1
e 18 48 1
e 18 49 1
e 19 50 1
e 19 51 1
e 19 52 1
e 20 53 1
e 20 54 1
e 20 55 1
e 21 28 1
e 21 29 1
e 22 25 2
e 22 26 1
e 23 56 1
e 23 57 1
e 23 58 1
e 24 27 1
e 24 59 1
e 24 60 1
e 25 61 1
e 26 30 1
e 26 31 1
e 26 32 1
e 27 30 1
e 27 62 1
e 28 64 1
e 28 65 1
e 28 66 1
e 29 33 1
e 31 68 1
e 31 69 1
e 31 70 1
e 32 71 1
e 32 72 1
e 32 73 1
e 33 34 2
e 33 74 1
e 34 35 1
e 34 76 1
e 35 36 1
e 35 37 1
e 36 77 1
e 36 78 1
e 36 79 1
e 37 80 1
e 37 81 1
e 37 82 1
e 38 39 1
e 39 83 1
e 39 84 1
e 39 85 1
t # 7807
v 0 1
v 1 1
v 2 1
v 3 1
v 4 1
v 5 1
v 6 1
v 7 1
v 8 1
v 9 3
v 10 3
v 11 3
v 12 3
v 13 3
v 14 3
v 15 3
v 16 3
v 17 3
v 18 3
v 19 3
v 20 3
v 21 3
v 22 3
v 23 3
v 24 3
v 25 3
v 26 3
v 27 3
v 28 3
v 29 3
v 30 3
v 31 3
v 32 3
v 33 3
v 34 3
v 35 3
v 36 3
v 37 3
v 38 3
v 39 3
v 40 3
v 41 4
v 42 4
v 43 4
v 44 4
v 45 4
v 46 4
v 47 4
v 48 4
v 49 4
v 50 4
v 51 4
v 52 4
v 53 4
v 54 4
v 55 4
v 56 4
v 57 4
v 58 4
v 59 4
v 60 4
v 61 4
v 62 4
v 63 4
v 64 4
v 65 4
v 66 4
v 67 4
v 68 4
v 69 4
v 70 4
v 71 4
v 72 4
v 73 4
v 74 4
v 75 4
v 76 4
v 77 4
v 78 4
v 79 4
v 80 4
v 81 4
v 82 4
v 83 4
v 84 4
v 85 4
v 86 4
e 15 0 1
e 0 63 1
e 1 18 2
e 22 2 1
e 2 67 1
e 3 24 1
e 3 74 1
e 28 4 1
e 4 76 1
e 5 30 2
e 6 31 2
e 7 36 1
e 7 39 1
e 8 39 2
e 9 10 1
e 9 11 1
e 9 14 1
e 9 20 1
e 10 13 1
e 10 16 1
e 10 21 1
e 11 12 1
e 11 19 1
e 11 41 1
e 12 17 1
e 12 18 1
e 12 24 1
e 13 15 1
e 13 22 1
e 13 42 1
e 14 15 1
e 14 43 1
e 14 44 1
e 15 45 1
e 16 18 1
e 16 46 1
e 16 47 1
e 17 23 1
e 17 25 1
e 17 48 1
e 19 26 1
e 19 49 1
e 19 50 1
e 20 51 1
e 20 52 1
e 20 53 1
e 21 54 1
e 21 55 1
e 21 56 1
e 22 29 1
e 22 30 1
e 23 26 2
e 23 27 1
e 24 57 1
e 24 58 1
e 25 28 1
e 25 59 1
e 25 60 1
e 26 61 1
e 27 31 1
e 27 32 1
e 27 33 1
e 28 31 1
e 28 62 1
e 29 64 1
e 29 65 1
e 29 66 1
e 30 34 1
e 32 68 1
e 32 69 1
e 32 70 1
e 33 71 1
e 33 72 1
e 33 73 1
e 34 35 2
e 34 75 1
e 35 36 1
e 35 77 1
e 36 37 1
e 36 38 1
e 37 78 1
e 37 79 1
e 37 80 1
e 38 81 1
e 38 82 1
e 38 83 1
e 39 40 1
e 40 84 1
e 40 85 1
e 40 86 1
t # 7808
v 0 1
v 1 1
v 2 3
v 3 3
v 4 3
v 5 3
v 6 3
v 7 3
v 8 3
v 9 3
v 10 3
v 11 3
v 12 3
v 13 3
v 14 3
v 15 3
v 16 3
v 17 3
v 18 3
v 19 3
v 20 3
v 21 3
v 22 3
v 23 3
v 24 3
v 25 3
v 26 3
v 27 3
v 28 3
v 29 3
v 30 3
v 31 3
v 32 3
v 33 3
v 34 3
v 35 3
v 36 3
v 37 3
v 38 3
v 39 3
v 40 3
v 41 3
v 42 4
v 43 4
v 44 4
v 45 4
v 46 4
v 47 4
v 48 4
v 49 4
v 50 4
v 51 4
v 52 4
v 53 4
v 54 4
v 55 4
v 56 4
v 57 4
v 58 4
v 59 4
v 60 4
v 61 4
v 62 4
v 63 4
v 64 4
v 65 4
v 66 4
v 67 4
v 68 4
v 69 4
v 70 4
v 71 4
v 72 4
v 73 4
v 74 4
v 75 4
v 76 4
v 77 4
v 78 4
v 79 4
v 80 4
v 81 4
v 82 4
v 83 4
v 84 4
v 85 4
v 86 4
v 87 4
v 88 4
v 89 4
v 90 4
v 91 4
v 92 4
v 93 4
e 0 41 1
e 0 93 1
e 1 41 2
e 2 3 1
e 2 5 1
e 2 8 1
e 2 9 1
e 3 4 1
e 3 42 1
e 3 43 1
e 4 6 1
e 4 44 1
e 4 45 1
e 5 7 2
e 5 10 1
e 6 7 1
e 6 46 1
e 6 47 1
e 7 11 1
e 8 48 1
e 8 49 1
e 8 50 1
e 9 51 1
e 9 52 1
e 9 53 1
e 10 12 2
e 10 54 1
e 11 55 1
e 11 56 1
e 11 57 1
e 12 13 1
e 12 58 1
e 13 14 1
e 13 15 2
e 14 59 1
e 14 60 1
e 14 61 1
e 15 16 1
e 15 62 1
e 16 17 2
e 16 63 1
e 17 18 1
e 17 64 1
e 18 19 1
e 18 20 2
e 19 65 1
e 19 66 1
e 19 67 1
e 20 21 1
e 20 68 1
e 21 22 2
e 21 69 1
e 22 23 1
e 22 70 1
e 23 24 2
e 23 71 1
e 24 25 1
e 24 26 1
e 25 27 2
e 25 72 1
e 26 73 1
e 26 74 1
e 26 75 1
e 27 29 1
e 27 76 1
e 28 29 2
e 28 30 1
e 28 32 1
e 29 77 1
e 30 33 2
e 30 78 1
e 31 34 2
e 31 35 1
e 31 36 1
e 32 79 1
e 32 80 1
e 32 81 1
e 33 34 1
e 33 82 1
e 34 83 1
e 35 37 2
e 35 84 1
e 36 85 1
e 36 86 1
e 36 87 1
e 37 38 1
e 37 88 1
e 38 39 2
e 38 89 1
e 39 40 1
e 39 41 1
e 40 90 1
e 40 91 1
e 40 92 1
t # 7809
v 0 1
v 1 1
v 2 1
v 3 1
v 4 1
v 5 3
v 6 3
v 7 3
v 8 3
v 9 3
v 10 3
v 11 3
v 12 3
v 13 3
v 14 3
v 15 3
v 16 3
v 17 3
v 18 3
v 19 3
v 20 4
v 21 4
v 22 4
v 23 4
v 24 4
v 25 4
v 26 4
v 27 4
v 28 4
v 29 4
v 30 4
v 31 4
e 0 7 1
e 0 28 1
e 1 14 1
e 1 29 1
e 2 17 1
e 2 30 1
e 3 18 1
e 3 31 1
e 4 8 2
e 5 7 2
e 5 8 1
e 5 10 1
e 6 9 1
e 6 11 2
e 6 12 1
e 7 15 1
e 8 13 1
e 9 13 2
e 9 20 1
e 10 16 2
e 10 21 1
e 11 14 1
e 11 22 1
e 12 19 2
e 12 23 1
e 13 24 1
e 14 18 2
e 15 17 2
e 15 25 1
e 16 17 1
e 16 26 1
e 18 19 1
e 19 27 1
t # 7810
v 0 1
v 1 1
v 2 1
v 3 1
v 4 1
v 5 1
v 6 1
v 7 1
v 8 3
v 9 3
v 10 3
v 11 3
v 12 3
v 13 3
v 14 3
v 15 3
v 16 3
v 17 3
v 18 3
v 19 3
v 20 3
v 21 3
v 22 3
v 23 3
v 24 3
v 25 3
v 26 3
v 27 3
v 28 3
v 29 3
v 30 3
v 31 3
v 32 3
v 33 3
v 34 3
v 35 3
v 36 3
v 37 3
v 38 4
v 39 4
v 40 4
v 41 4
v 42 4
v 43 4
v 44 4
v 45 4
v 46 4
v 47 4
v 48 4
v 49 4
v 50 4
v 51 4
v 52 4
v 53 4
e 0 24 2
e 1 25 2
e 2 26 1
e 2 48 1
e 3 27 1
e 3 49 1
e 4 28 1
e 4 50 1
e 5 29 1
e 5 51 1
e 6 30 1
e 6 52 1
e 7 31 1
e 7 53 1
e 8 9 1
e 8 10 2
e 8 12 1
e 9 11 2
e 9 13 1
e 10 14 1
e 10 18 1
e 11 15 1
e 11 19 1
e 12 16 2
e 12 20 1
e 13 17 2
e 13 21 1
e 14 15 2
e 14 22 1
e 15 23 1
e 16 17 1
e 16 26 1
e 17 27 1
e 18 24 1
e 18 28 2
e 19 25 1
e 19 29 2
e 20 24 1
e 20 30 2
e 21 25 1
e 21 31 2
e 22 32 2
e 22 36 1
e 23 33 2
e 23 37 1
e 26 34 2
e 27 35 2
e 28 32 1
e 29 33 1
e 30 34 1
e 31 35 1
e 32 38 1
e 33 39 1
e 34 40 1
e 35 41 1
e 36 42 1
e 36 43 1
e 36 44 1
e 37 45 1
e 37 46 1
e 37 47 1
t # 7811
v 0 1
v 1 1
v 2 1
v 3 1
v 4 1
v 5 3
v 6 3
v 7 3
v 8 3
v 9 3
v 10 3
v 11 3
v 12 3
v 13 3
v 14 3
v 15 3
v 16 3
v 17 3
v 18 3
v 19 3
v 20 4
v 21 4
v 22 4
v 23 4
v 24 4
v 25 4
v 26 4
v 27 4
v 28 4
v 29 4
e 0 7 1
e 0 11 1
e 1 10 1
e 1 27 1
e 2 8 2
e 3 14 1
e 3 28 1
e 4 19 1
e 4 29 1
e 5 7 1
e 5 8 1
e 5 10 2
e 6 8 1
e 6 9 1
e 6 11 2
e 7 12 2
e 9 15 2
e 9 16 1
e 10 13 1
e 11 20 1
e 12 14 1
e 12 21 1
e 13 14 2
e 13 22 1
e 15 17 1
e 15 23 1
e 16 18 2
e 16 24 1
e 17 19 2
e 17 25 1
e 18 19 1
e 18 26 1
t # 7812
v 0 1
v 1 1
v 2 1
v 3 1
v 4 1
v 5 1
v 6 1
v 7 1
v 8 1
v 9 2
v 10 2
v 11 3
v 12 3
v 13 3
v 14 3
v 15 3
v 16 3
v 17 3
v 18 3
v 19 3
v 20 3
v 21 3
v 22 3
v 23 3
v 24 3
v 25 3
v 26 3
v 27 3
v 28 3
v 29 3
v 30 3
v 31 3
v 32 3
v 33 3
v 34 3
v 35 3
v 36 3
v 37 3
v 38 3
v 39 3
v 40 3
v 41 3
v 42 3
v 43 3
v 44 3
v 45 3
v 46 4
v 47 4
v 48 4
v 49 4
v 50 4
v 51 4
v 52 4
v 53 4
v 54 4
v 55 4
v 56 4
v 57 4
v 58 4
v 59 4
v 60 4
v 61 4
v 62 4
v 63 4
v 64 4
v 65 4
v 66 4
v 67 4
v 68 4
v 69 4
v 70 4
v 71 4
v 72 4
v 73 4
v 74 4
v 75 4
v 76 4
v 77 4
v 78 4
v 79 4
v 80 4
v 81 4
v 82 4
v 83 4
v 84 4
v 85 4
v 86 4
v 87 4
e 18 0 1
e 0 27 1
e 19 1 1
e 1 29 1
e 2 24 1
e 2 33 1
e 3 24 2
e 4 29 2
e 5 32 1
e 5 36 1
e 6 40 1
e 6 43 1
e 7 41 1
e 7 44 1
e 8 42 1
e 8 45 1
e 9 15 1
e 9 16 1
e 9 21 1
e 10 20 1
e 10 26 1
e 10 62 1
e 11 12 1
e 11 13 1
e 11 14 1
e 11 46 1
e 12 16 1
e 12 17 1
e 12 47 1
e 13 15 1
e 13 48 1
e 13 49 1
e 14 18 1
e 14 24 1
e 14 50 1
e 15 20 1
e 15 51 1
e 16 52 1
e 16 53 1
e 17 19 1
e 17 54 1
e 17 55 1
e 18 19 1
e 18 56 1
e 19 57 1
e 20 22 2
e 21 23 1
e 21 58 1
e 21 59 1
e 22 23 1
e 22 25 1
e 23 60 1
e 23 61 1
e 25 26 2
e 25 28 1
e 26 30 1
e 27 63 1
e 27 64 1
e 27 65 1
e 28 31 2
e 28 66 1
e 29 34 1
e 30 32 2
e 30 67 1
e 31 32 1
e 31 68 1
e 33 69 1
e 33 70 1
e 33 71 1
e 34 35 2
e 34 72 1
e 35 37 1
e 35 73 1
e 36 74 1
e 36 75 1
e 36 76 1
e 37 38 2
e 37 39 1
e 38 41 1
e 38 77 1
e 39 40 2
e 39 78 1
e 40 42 1
e 41 42 2
e 43 79 1
e 43 80 1
e 43 81 1
e 44 82 1
e 44 83 1
e 44 84 1
e 45 85 1
e 45 86 1
e 45 87 1
t # 7813
v 0 1
v 1 1
v 2 1
v 3 1
v 4 1
v 5 1
v 6 3
v 7 3
v 8 3
v 9 3
v 10 3
v 11 3
v 12 3
v 13 3
v 14 3
v 15 3
v 16 3
v 17 3
v 18 3
v 19 3
v 20 3
v 21 4
v 22 4
v 23 4
v 24 4
v 25 4
v 26 4
v 27 4
v 28 4
v 29 4
v 30 4
e 0 7 1
e 0 8 1
e 1 10 1
e 1 27 1
e 2 12 1
e 2 28 1
e 3 9 2
e 4 14 1
e 4 29 1
e 5 20 1
e 5 30 1
e 6 7 1
e 6 9 1
e 6 12 2
e 7 13 2
e 8 10 2
e 8 11 1
e 9 10 1
e 11 16 2
e 11 17 1
e 12 15 1
e 13 14 1
e 13 21 1
e 14 15 2
e 15 22 1
e 16 18 1
e 16 23 1
e 17 19 2
e 17 24 1
e 18 20 2
e 18 25 1
e 19 20 1
e 19 26 1
t # 7814
v 0 3
v 1 3
v 2 3
v 3 3
v 4 3
v 5 3
v 6 3
v 7 3
v 8 3
v 9 3
v 10 3
v 11 3
v 12 3
v 13 3
v 14 3
v 15 3
v 16 3
v 17 3
v 18 3
v 19 3
v 20 3
v 21 3
v 22 3
v 23 3
v 24 3
v 25 3
v 26 3
v 27 3
v 28 3
v 29 3
v 30 3
v 31 3
v 32 3
v 33 3
v 34 3
v 35 3
v 36 3
v 37 3
v 38 3
v 39 3
v 40 4
v 41 4
v 42 4
v 43 4
v 44 4
v 45 4
v 46 4
v 47 4
v 48 4
v 49 4
v 50 4
v 51 4
v 52 4
v 53 4
v 54 4
v 55 4
v 56 4
v 57 4
v 58 4
v 59 4
v 60 4
v 61 4
v 62 4
v 63 4
v 64 4
v 65 4
v 66 4
v 67 4
v 68 4
v 69 4
v 70 4
v 71 4
v 72 4
v 73 4
v 74 4
v 75 4
v 76 4
v 77 4
v 78 4
v 79 4
v 80 4
v 81 4
v 82 4
v 83 4
v 84 4
v 85 4
v 86 4
v 87 4
v 88 4
v 89 4
v 90 4
v 91 4
v 92 4
v 93 4
v 94 4
v 95 4
v 96 4
v 97 4
v 98 4
v 99 4
v 100 4
v 101 4
v 102 4
v 103 4
e 0 2 1
e 0 4 1
e 0 40 1
e 0 41 1
e 1 3 1
e 1 5 1
e 1 42 1
e 1 43 1
e 2 12 1
e 2 44 1
e 2 45 1
e 3 13 1
e 3 46 1
e 3 47 1
e 4 14 2
e 4 20 1
e 5 15 2
e 5 21 1
e 6 14 1
e 6 16 1
e 6 48 1
e 6 49 1
e 7 15 1
e 7 17 1
e 7 50 1
e 7 51 1
e 8 10 1
e 8 12 2
e 8 24 1
e 9 11 1
e 9 13 2
e 9 25 1
e 10 18 1
e 10 52 1
e 10 53 1
e 11 19 1
e 11 54 1
e 11 55 1
e 12 56 1
e 13 57 1
e 14 58 1
e 15 59 1
e 16 22 1
e 16 60 1
e 16 61 1
e 17 23 1
e 17 62 1
e 17 63 1
e 18 26 1
e 18 64 1
e 18 65 1
e 19 27 1
e 19 66 1
e 19 67 1
e 20 68 1
e 20 69 1
e 20 70 1
e 21 71 1
e 21 72 1
e 21 73 1
e 22 28 2
e 22 30 1
e 23 29 2
e 23 31 1
e 24 74 1
e 24 75 1
e 24 76 1
e 25 77 1
e 25 78 1
e 25 79 1
e 26 32 2
e 26 80 1
e 27 33 2
e 27 81 1
e 28 34 1
e 28 82 1
e 29 35 1
e 29 83 1
e 30 84 1
e 30 85 1
e 30 86 1
e 31 87 1
e 31 88 1
e 31 89 1
e 32 36 1
e 32 37 1
e 33 38 1
e 33 39 1
e 34 35 2
e 34 90 1
e 35 91 1
e 36 92 1
e 36 93 1
e 36 94 1
e 37 95 1
e 37 96 1
e 37 97 1
e 38 98 1
e 38 99 1
e 38 100 1
e 39 101 1
e 39 102 1
e 39 103 1
t # 7815
v 0 1
v 1 1
v 2 1
v 3 1
v 4 1
v 5 1
v 6 1
v 7 1
v 8 1
v 9 1
v 10 1
v 11 1
v 12 2
v 13 2
v 14 2
v 15 2
v 16 2
v 17 2
v 18 2
v 19 2
v 20 2
v 21 2
v 22 2
v 23 3
v 24 3
v 25 3
v 26 3
v 27 3
v 28 3
v 29 3
v 30 3
v 31 3
v 32 3
v 33 3
v 34 3
v 35 3
v 36 3
v 37 3
v 38 3
v 39 3
v 40 3
v 41 3
v 42 3
v 43 3
v 44 3
v 45 3
v 46 3
v 47 3
v 48 3
v 49 3
v 50 3
v 51 3
v 52 3
v 53 3
v 54 3
v 55 3
v 56 3
v 57 3
v 58 3
v 59 3
v 60 3
v 61 3
v 62 3
v 63 3
v 64 3
v 65 3
v 66 3
v 67 3
v 68 3
v 69 3
v 70 3
v 71 3
v 72 3
v 73 3
v 74 3
v 75 3
v 76 3
v 77 3
v 78 3
v 79 3
v 80 3
v 81 3
v 82 3
v 83 3
v 84 3
v 85 4
v 86 4
v 87 4
v 88 4
v 89 4
v 90 4
v 91 4
v 92 4
v 93 4
v 94 4
v 95 4
v 96 4
v 97 4
v 98 4
v 99 4
v 100 4
v 101 4
v 102 4
v 103 4
v 104 4
v 105 4
v 106 4
v 107 4
v 108 4
v 109 4
v 110 4
v 111 4
v 112 4
v 113 4
v 114 4
v 115 4
v 116 4
v 117 4
v 118 4
v 119 4
v 120 4
v 121 4
v 122 4
v 123 4
v 124 4
v 125 4
v 126 4
v 127 4
v 128 4
v 129 4
v 130 4
v 131 4
v 132 4
v 133 4
v 134 4
v 135 4
v 136 4
v 137 4
v 138 4
v 139 4
v 140 4
v 141 4
v 142 4
v 143 4
v 144 4
v 145 4
v 146 4
v 147 4
v 148 4
v 149 4
v 150 4
v 151 4
v 152 4
v 153 4
v 154 4
v 155 4
v 156 4
v 157 4
v 158 4
v 159 4
v 160 4
v 161 4
v 162 4
v 163 4
v 164 4
v 165 4
v 166 4
v 167 4
v 168 4
v 169 4
v 170 4
v 171 4
v 172 4
v 173 4
v 174 4
v 175 4
v 176 4
v 177 4
v 178 4
v 179 4
v 180 4
v 181 4
v 182 4
v 183 4
v 184 4
v 185 4
v 186 4
v 187 4
v 188 4
v 189 4
v 190 4
v 191 4
v 192 4
v 193 4
v 194 4
v 195 4
e 0 27 1
e 0 126 1
e 1 30 2
e 2 31 2
e 3 34 2
e 4 36 2
e 5 49 2
e 6 61 2
e 7 63 2
e 8 65 2
e 9 66 2
e 10 70 2
e 11 78 2
e 12 23 1
e 12 31 1
e 12 41 1
e 13 25 1
e 13 30 1
e 13 43 1
e 14 24 1
e 14 34 1
e 14 44 1
e 15 32 1
e 15 49 1
e 15 55 1
e 16 36 1
e 16 47 1
e 16 124 1
e 17 50 1
e 17 61 1
e 17 74 1
e 18 48 1
e 18 65 1
e 18 150 1
e 19 53 1
e 19 70 1
e 19 81 1
e 20 63 1
e 20 67 1
e 20 82 1
e 21 58 1
e 21 78 1
e 21 153 1
e 22 66 1
e 22 71 1
e 22 171 1
e 23 26 1
e 23 30 1
e 23 85 1
e 24 28 1
e 24 31 1
e 24 86 1
e 25 27 1
e 25 36 1
e 25 87 1
e 26 38 1
e 26 39 1
e 26 88 1
e 27 29 1
e 27 89 1
e 28 33 1
e 28 90 1
e 28 91 1
e 29 37 1
e 29 42 1
e 29 92 1
e 32 34 1
e 32 35 1
e 32 93 1
e 33 45 1
e 33 46 1
e 33 94 1
e 35 40 1
e 35 95 1
e 35 96 1
e 37 54 1
e 37 97 1
e 37 98 1
e 38 99 1
e 38 100 1
e 38 101 1
e 39 102 1
e 39 103 1
e 39 104 1
e 40 51 1
e 40 52 1
e 40 105 1
e 41 106 1
e 41 107 1
e 41 108 1
e 42 109 1
e 42 110 1
e 42 111 1
e 43 112 1
e 43 113 1
e 43 114 1
e 44 115 1
e 44 116 1
e 44 117 1
e 45 118 1
e 45 119 1
e 45 120 1
e 46 121 1
e 46 122 1
e 46 123 1
e 47 60 1
e 47 63 1
e 47 125 1
e 48 56 1
e 48 61 1
e 48 127 1
e 49 58 1
e 50 57 1
e 50 66 1
e 50 128 1
e 51 130 1
e 51 131 1
e 51 132 1
e 52 133 1
e 52 134 1
e 52 135 1
e 53 59 1
e 53 65 1
e 53 129 1
e 54 73 2
e 54 136 1
e 55 137 1
e 55 138 1
e 55 139 1
e 56 68 1
e 56 69 1
e 56 140 1
e 57 62 1
e 57 141 1
e 57 142 1
e 58 72 1
e 58 143 1
e 59 64 1
e 59 144 1
e 59 145 1
e 60 75 1
e 60 146 1
e 60 147 1
e 62 76 1
e 62 77 1
e 62 148 1
e 64 79 1
e 64 80 1
e 64 149 1
e 67 70 1
e 67 151 1
e 67 152 1
e 68 154 1
e 68 155 1
e 68 156 1
e 69 157 1
e 69 158 1
e 69 159 1
e 71 78 1
e 71 83 1
e 71 160 1
e 72 161 1
e 72 162 1
e 72 163 1
e 73 84 1
e 73 164 1
e 74 165 1
e 74 166 1
e 74 167 1
e 75 168 1
e 75 169 1
e 75 170 1
e 76 172 1
e 76 173 1
e 76 174 1
e 77 175 1
e 77 176 1
e 77 177 1
e 79 178 1
e 79 179 1
e 79 180 1
e 80 181 1
e 80 182 1
e 80 183 1
e 81 184 1
e 81 185 1
e 81 186 1
e 82 187 1
e 82 188 1
e 82 189 1
e 83 190 1
e 83 191 1
e 83 192 1
e 84 193 1
e 84 194 1
e 84 195 1
t # 7816
v 0 1
v 1 1
v 2 1
v 3 1
v 4 3
v 5 3
v 6 3
v 7 3
v 8 3
v 9 3
v 10 3
v 11 3
v 12 3
v 13 4
v 14 4
v 15 4
v 16 4
v 17 4
v 18 4
e 0 5 1
e 0 12 1
e 1 6 1
e 1 17 1
e 2 8 1
e 2 18 1
e 3 12 2
e 4 5 2
e 4 7 1
e 4 9 1
e 5 6 1
e 6 8 2
e 7 10 2
e 7 13 1
e 8 10 1
e 9 11 2
e 9 14 1
e 10 15 1
e 11 12 1
e 11 16 1
t # 7817
v 0 1
v 1 1
v 2 1
v 3 3
v 4 3
v 5 3
v 6 3
v 7 3
v 8 3
v 9 3
v 10 3
v 11 3
v 12 3
v 13 4
v 14 4
v 15 4
v 16 4
v 17 4
v 18 4
v 19 4
v 20 4
e 0 5 1
e 0 12 1
e 1 11 1
e 1 20 1
e 2 12 2
e 3 4 1
e 3 5 2
e 3 6 1
e 4 8 2
e 4 9 1
e 5 7 1
e 6 10 2
e 6 13 1
e 7 11 2
e 7 14 1
e 8 12 1
e 8 15 1
e 9 16 1
e 9 17 1
e 9 18 1
e 10 11 1
e 10 19 1
t # 7818
v 0 1
v 1 1
v 2 3
v 3 3
v 4 3
v 5 3
v 6 3
v 7 3
v 8 3
v 9 3
v 10 3
v 11 3
v 12 3
v 13 3
v 14 3
v 15 3
v 16 3
v 17 3
v 18 3
v 19 3
v 20 3
v 21 3
v 22 3
v 23 3
v 24 3
v 25 3
v 26 3
v 27 3
v 28 3
v 29 3
v 30 3
v 31 3
v 32 3
v 33 4
v 34 4
v 35 4
v 36 4
v 37 4
v 38 4
v 39 4
v 40 4
v 41 4
v 42 4
v 43 4
v 44 4
v 45 4
v 46 4
v 47 4
v 48 4
v 49 4
v 50 4
v 51 4
v 52 4
v 53 4
v 54 4
v 55 4
v 56 4
v 57 4
v 58 4
v 59 4
v 60 4
v 61 4
v 62 4
v 63 4
v 64 4
v 65 4
v 66 4
v 67 4
v 68 4
v 69 4
v 70 4
v 71 4
v 72 4
v 73 4
v 74 4
v 75 4
v 76 4
v 77 4
v 78 4
e 0 24 2
e 1 27 2
e 2 3 1
e 2 7 1
e 2 11 1
e 2 33 1
e 3 5 1
e 3 34 1
e 3 35 1
e 4 6 1
e 4 8 1
e 4 13 1
e 4 36 1
e 5 6 1
e 5 37 1
e 5 38 1
e 6 39 1
e 6 40 1
e 7 9 1
e 7 41 1
e 7 42 1
e 8 12 1
e 8 43 1
e 8 44 1
e 9 10 1
e 9 45 1
e 9 46 1
e 10 14 1
e 10 47 1
e 10 48 1
e 11 49 1
e 11 50 1
e 11 51 1
e 12 15 1
e 12 52 1
e 12 53 1
e 13 54 1
e 13 55 1
e 13 56 1
e 14 16 1
e 14 17 1
e 14 57 1
e 15 18 1
e 15 58 1
e 15 59 1
e 16 60 1
e 16 61 1
e 16 62 1
e 17 63 1
e 17 64 1
e 17 65 1
e 18 19 2
e 18 20 1
e 19 21 1
e 19 66 1
e 20 67 1
e 20 68 1
e 20 69 1
e 21 22 1
e 21 70 1
e 21 71 1
e 22 23 2
e 22 24 1
e 23 27 1
e 23 28 1
e 24 25 1
e 25 26 1
e 25 29 2
e 26 27 1
e 26 30 2
e 28 72 1
e 28 73 1
e 28 74 1
e 29 31 1
e 29 75 1
e 30 32 1
e 30 76 1
e 31 32 2
e 31 77 1
e 32 78 1
t # 7819
v 0 1
v 1 1
v 2 1
v 3 1
v 4 3
v 5 3
v 6 3
v 7 3
v 8 3
v 9 3
v 10 3
v 11 3
v 12 3
v 13 3
v 14 4
v 15 4
v 16 4
v 17 4
v 18 4
v 19 4
v 20 4
v 21 4
e 0 5 1
e 0 12 1
e 1 7 1
e 1 13 1
e 2 9 1
e 2 18 1
e 3 12 2
e 4 5 1
e 4 6 2
e 4 10 1
e 5 8 2
e 6 7 1
e 6 14 1
e 7 9 2
e 8 9 1
e 8 15 1
e 10 11 2
e 10 16 1
e 11 12 1
e 11 17 1
e 13 19 1
e 13 20 1
e 13 21 1
t # 7820
v 0 11
v 1 1
v 2 1
v 3 1
v 4 1
v 5 2
v 6 2
v 7 2
v 8 3
v 9 3
v 10 3
v 11 3
v 12 3
v 13 3
v 14 3
v 15 3
v 16 3
v 17 3
v 18 3
v 19 3
v 20 3
v 21 3
v 22 3
v 23 4
v 24 4
v 25 4
v 26 4
v 27 4
v 28 4
v 29 4
v 30 4
v 31 4
v 32 4
v 33 4
v 34 4
v 35 4
e 0 1 2
e 0 2 2
e 0 8 1
e 3 11 2
e 4 15 1
e 4 31 1
e 5 10 1
e 5 13 1
e 6 15 1
e 6 18 1
e 6 30 1
e 7 18 1
e 7 21 2
e 8 9 1
e 8 12 2
e 9 11 1
e 9 14 2
e 10 11 1
e 10 15 2
e 12 16 1
e 12 23 1
e 13 24 1
e 13 25 1
e 13 26 1
e 14 17 1
e 14 27 1
e 16 17 2
e 16 28 1
e 17 29 1
e 18 19 2
e 19 20 1
e 19 32 1
e 20 22 2
e 20 33 1
e 21 22 1
e 21 34 1
e 22 35 1
t # 7821
v 0 1
v 1 1
v 2 1
v 3 1
v 4 1
v 5 3
v 6 3
v 7 3
v 8 3
v 9 3
v 10 3
v 11 3
v 12 3
v 13 3
v 14 3
v 15 3
v 16 3
v 17 3
v 18 3
v 19 3
v 20 4
v 21 4
v 22 4
v 23 4
v 24 4
v 25 4
v 26 4
v 27 4
v 28 4
v 29 4
e 0 6 1
e 0 7 1
e 1 11 1
e 1 27 1
e 2 9 2
e 3 13 1
e 3 28 1
e 4 19 1
e 4 29 1
e 5 6 1
e 5 9 1
e 5 11 2
e 6 12 2
e 7 8 1
e 7 10 2
e 8 15 2
e 8 16 1
e 9 10 1
e 10 20 1
e 11 14 1
e 12 13 1
e 12 21 1
e 13 14 2
e 14 22 1
e 15 17 1
e 15 23 1
e 16 18 2
e 16 24 1
e 17 19 2
e 17 25 1
e 18 19 1
e 18 26 1
t # 7822
v 0 1
v 1 1
v 2 1
v 3 1
v 4 1
v 5 3
v 6 3
v 7 3
v 8 3
v 9 3
v 10 3
v 11 3
v 12 3
v 13 3
v 14 3
v 15 3
v 16 3
v 17 3
v 18 3
v 19 3
v 20 3
v 21 4
v 22 4
v 23 4
v 24 4
v 25 4
v 26 4
v 27 4
v 28 4
v 29 4
v 30 4
v 31 4
v 32 4
e 0 6 1
e 0 7 1
e 1 11 1
e 1 28 1
e 2 9 2
e 3 13 1
e 3 29 1
e 4 19 1
e 4 20 1
e 5 6 1
e 5 9 1
e 5 11 2
e 6 12 2
e 7 8 1
e 7 10 2
e 8 15 2
e 8 16 1
e 9 10 1
e 10 21 1
e 11 14 1
e 12 13 1
e 12 22 1
e 13 14 2
e 14 23 1
e 15 17 1
e 15 24 1
e 16 18 2
e 16 25 1
e 17 19 2
e 17 26 1
e 18 19 1
e 18 27 1
e 20 30 1
e 20 31 1
e 20 32 1
t # 7823
v 0 1
v 1 1
v 2 1
v 3 1
v 4 1
v 5 1
v 6 3
v 7 3
v 8 3
v 9 3
v 10 3
v 11 3
v 12 3
v 13 3
v 14 3
v 15 3
v 16 3
v 17 3
v 18 3
v 19 3
v 20 3
v 21 3
v 22 3
v 23 3
v 24 4
v 25 4
v 26 4
v 27 4
v 28 4
v 29 4
v 30 4
v 31 4
v 32 4
v 33 4
v 34 4
v 35 4
e 0 7 1
e 0 9 1
e 1 7 1
e 1 15 1
e 2 10 1
e 2 18 1
e 3 14 1
e 3 23 1
e 4 16 2
e 5 19 1
e 5 35 1
e 6 7 1
e 6 8 1
e 6 11 1
e 6 24 1
e 7 25 1
e 8 9 1
e 8 10 2
e 9 13 2
e 10 12 1
e 11 15 2
e 11 26 1
e 12 14 2
e 12 16 1
e 13 14 1
e 13 27 1
e 15 28 1
e 16 17 1
e 17 18 1
e 17 19 2
e 18 20 2
e 19 21 1
e 20 22 1
e 20 29 1
e 21 22 2
e 21 30 1
e 22 31 1
e 23 32 1
e 23 33 1
e 23 34 1
t # 7824
v 0 1
v 1 1
v 2 1
v 3 1
v 4 3
v 5 3
v 6 3
v 7 3
v 8 3
v 9 3
v 10 3
v 11 3
v 12 3
v 13 3
v 14 3
v 15 3
v 16 3
v 17 3
v 18 3
v 19 3
v 20 4
v 21 4
v 22 4
v 23 4
v 24 4
v 25 4
v 26 4
v 27 4
v 28 4
v 29 4
v 30 4
v 31 4
e 0 8 1
e 0 9 1
e 1 7 2
e 2 18 1
e 2 19 1
e 3 14 1
e 3 28 1
e 4 6 1
e 4 7 1
e 4 9 2
e 5 7 1
e 5 8 2
e 5 10 1
e 6 12 2
e 6 13 1
e 8 11 1
e 9 20 1
e 10 15 2
e 10 21 1
e 11 14 2
e 11 24 1
e 12 16 1
e 12 22 1
e 13 17 2
e 13 23 1
e 14 15 1
e 15 25 1
e 16 18 2
e 16 26 1
e 17 18 1
e 17 27 1
e 19 29 1
e 19 30 1
e 19 31 1
t # 7825
v 0 1
v 1 1
v 2 1
v 3 1
v 4 1
v 5 3
v 6 3
v 7 3
v 8 3
v 9 3
v 10 3
v 11 3
v 12 3
v 13 3
v 14 3
v 15 3
v 16 3
v 17 3
v 18 3
v 19 3
v 20 3
v 21 4
v 22 4
v 23 4
v 24 4
v 25 4
v 26 4
v 27 4
v 28 4
v 29 4
v 30 4
v 31 4
v 32 4
e 0 7 1
e 0 11 1
e 1 10 1
e 1 28 1
e 2 8 2
e 3 19 1
e 3 20 1
e 4 16 1
e 4 29 1
e 5 7 1
e 5 8 1
e 5 10 2
e 6 8 1
e 6 9 1
e 6 11 2
e 7 12 2
e 9 13 2
e 9 14 1
e 10 15 1
e 11 21 1
e 12 16 1
e 12 22 1
e 13 17 1
e 13 23 1
e 14 18 2
e 14 24 1
e 15 16 2
e 15 25 1
e 17 19 2
e 17 26 1
e 18 19 1
e 18 27 1
e 20 30 1
e 20 31 1
e 20 32 1
t # 7826
v 0 1
v 1 1
v 2 1
v 3 1
v 4 3
v 5 3
v 6 3
v 7 3
v 8 3
v 9 3
v 10 3
v 11 3
v 12 3
v 13 3
v 14 3
v 15 4
v 16 4
v 17 4
v 18 4
v 19 4
v 20 4
e 0 6 1
e 0 12 1
e 1 8 1
e 1 14 1
e 2 7 1
e 2 20 1
e 3 14 2
e 4 6 2
e 4 7 1
e 4 10 1
e 5 7 2
e 5 8 1
e 5 11 1
e 6 9 1
e 8 9 2
e 9 15 1
e 10 12 2
e 10 16 1
e 11 13 2
e 11 17 1
e 12 18 1
e 13 14 1
e 13 19 1
t # 7827
v 0 1
v 1 1
v 2 1
v 3 1
v 4 1
v 5 1
v 6 1
v 7 3
v 8 3
v 9 3
v 10 3
v 11 3
v 12 3
v 13 3
v 14 3
v 15 3
v 16 3
v 17 3
v 18 3
v 19 3
v 20 3
v 21 3
v 22 4
v 23 4
v 24 4
v 25 4
v 26 4
v 27 4
v 28 4
v 29 4
v 30 4
v 31 4
e 0 8 1
e 0 9 1
e 1 11 1
e 1 27 1
e 2 13 1
e 2 28 1
e 3 12 2
e 4 15 1
e 4 29 1
e 5 19 1
e 5 30 1
e 6 21 1
e 6 31 1
e 7 8 1
e 7 12 1
e 7 13 2
e 8 14 2
e 9 10 1
e 9 11 2
e 10 16 2
e 10 18 1
e 11 12 1
e 13 17 1
e 14 15 1
e 14 22 1
e 15 17 2
e 16 19 1
e 16 23 1
e 17 24 1
e 18 20 2
e 18 25 1
e 19 21 2
e 20 21 1
e 20 26 1
t # 7828
v 0 1
v 1 1
v 2 3
v 3 3
v 4 3
v 5 3
v 6 3
v 7 3
v 8 3
v 9 3
v 10 3
v 11 3
v 12 3
v 13 3
v 14 3
v 15 4
v 16 4
v 17 4
v 18 4
v 19 4
v 20 4
v 21 4
v 22 4
v 23 4
v 24 4
v 25 4
v 26 4
v 27 4
v 28 4
v 29 4
v 30 4
e 0 2 1
e 0 6 1
e 1 6 2
e 2 3 1
e 2 4 1
e 2 15 1
e 3 5 1
e 3 16 1
e 3 17 1
e 4 18 1
e 4 19 1
e 4 20 1
e 5 21 1
e 5 22 1
e 5 23 1
e 6 8 1
e 7 9 1
e 7 10 2
e 7 11 1
e 8 9 2
e 8 24 1
e 9 25 1
e 10 12 1
e 10 26 1
e 11 13 2
e 11 27 1
e 12 14 2
e 12 28 1
e 13 14 1
e 13 29 1
e 14 30 1
t # 7829
v 0 1
v 1 1
v 2 1
v 3 1
v 4 3
v 5 3
v 6 3
v 7 3
v 8 3
v 9 3
v 10 3
v 11 3
v 12 3
v 13 3
v 14 3
v 15 3
v 16 4
v 17 4
v 18 4
v 19 4
v 20 4
v 21 4
v 22 4
v 23 4
v 24 4
v 25 4
v 26 4
v 27 4
v 28 4
v 29 4
v 30 4
v 31 4
v 32 4
v 33 4
v 34 4
v 35 4
e 0 8 1
e 0 12 1
e 1 9 1
e 1 13 1
e 2 12 2
e 3 13 2
e 4 6 1
e 4 8 1
e 4 16 1
e 4 17 1
e 5 7 1
e 5 9 1
e 5 18 1
e 5 19 1
e 6 10 1
e 6 20 1
e 6 21 1
e 7 11 1
e 7 22 1
e 7 23 1
e 8 24 1
e 8 25 1
e 9 26 1
e 9 27 1
e 10 28 1
e 10 29 1
e 10 30 1
e 11 31 1
e 11 32 1
e 11 33 1
e 12 14 1
e 13 15 1
e 14 15 2
e 14 34 1
e 15 35 1
t # 7830
v 0 1
v 1 1
v 2 1
v 3 1
v 4 3
v 5 3
v 6 3
v 7 3
v 8 3
v 9 3
v 10 3
v 11 3
v 12 4
v 13 4
v 14 4
v 15 4
v 16 4
v 17 4
v 18 4
v 19 4
v 20 4
v 21 4
v 22 4
v 23 4
e 0 4 1
e 0 10 1
e 1 5 1
e 1 11 1
e 2 10 2
e 3 11 2
e 4 6 1
e 4 12 1
e 4 13 1
e 5 7 1
e 5 14 1
e 5 15 1
e 6 16 1
e 6 17 1
e 6 18 1
e 7 19 1
e 7 20 1
e 7 21 1
e 8 9 2
e 8 10 1
e 8 22 1
e 9 11 1
e 9 23 1
t # 7831
v 0 1
v 1 1
v 2 1
v 3 1
v 4 3
v 5 3
v 6 3
v 7 3
v 8 3
v 9 3
v 10 4
v 11 4
v 12 4
v 13 4
v 14 4
v 15 4
v 16 4
v 17 4
e 0 6 1
e 0 8 1
e 1 7 1
e 1 9 1
e 2 6 2
e 3 7 2
e 4 5 2
e 4 6 1
e 4 10 1
e 5 7 1
e 5 11 1
e 8 12 1
e 8 13 1
e 8 14 1
e 9 15 1
e 9 16 1
e 9 17 1
t # 7832
v 0 11
v 1 1
v 2 1
v 3 1
v 4 2
v 5 2
v 6 2
v 7 2
v 8 2
v 9 3
v 10 3
v 11 3
v 12 3
v 13 3
v 14 3
v 15 3
v 16 4
v 17 4
v 18 4
v 19 4
v 20 4
e 1 13 2
e 2 15 1
e 2 20 1
e 3 15 2
e 4 9 1
e 4 12 1
e 4 16 1
e 5 10 1
e 5 14 1
e 5 17 1
e 6 10 1
e 6 11 2
e 7 13 1
e 7 14 2
e 8 14 1
e 8 18 1
e 8 19 1
e 9 10 2
e 9 13 1
e 11 12 1
e 11 15 1
t # 7833
v 0 11
v 1 2
v 2 2
v 3 2
v 4 2
v 5 3
v 6 3
v 7 3
v 8 3
v 9 3
v 10 3
v 11 3
v 12 3
v 13 3
v 14 4
v 15 4
v 16 4
v 17 4
v 18 4
v 19 4
e 1 7 1
e 1 13 1
e 1 17 1
e 2 3 1
e 2 8 1
e 2 18 1
e 3 11 2
e 4 12 1
e 4 13 2
e 5 6 1
e 5 8 2
e 5 11 1
e 6 7 2
e 6 12 1
e 7 9 1
e 8 10 1
e 9 10 2
e 9 14 1
e 10 15 1
e 11 16 1
e 13 19 1
t # 7834
v 0 11
v 1 1
v 2 1
v 3 1
v 4 2
v 5 2
v 6 2
v 7 2
v 8 2
v 9 2
v 10 3
v 11 3
v 12 3
v 13 3
v 14 3
v 15 3
v 16 3
v 17 3
v 18 3
v 19 3
v 20 3
v 21 3
v 22 3
v 23 4
v 24 4
v 25 4
v 26 4
v 27 4
v 28 4
v 29 4
v 30 4
v 31 4
v 32 4
v 33 4
v 34 4
v 35 4
v 36 4
e 1 10 1
e 1 14 1
e 4 5 1
e 4 10 1
e 4 15 1
e 5 12 2
e 6 11 1
e 7 16 1
e 8 15 1
e 8 35 1
e 8 36 1
e 9 20 1
e 10 11 2
e 11 12 1
e 12 13 1
e 13 23 1
e 13 24 1
e 13 25 1
e 14 17 1
e 14 26 1
e 14 27 1
e 16 18 2
e 16 19 1
e 17 28 1
e 17 29 1
e 17 30 1
e 18 21 1
e 18 31 1
e 19 22 2
e 19 32 1
e 20 21 2
e 20 22 1
e 21 33 1
e 22 34 1
t # 7835
v 0 11
v 1 1
v 2 1
v 3 1
v 4 1
v 5 2
v 6 2
v 7 2
v 8 3
v 9 3
v 10 3
v 11 3
v 12 3
v 13 3
v 14 3
v 15 3
v 16 3
v 17 3
v 18 3
v 19 3
v 20 3
v 21 4
v 22 4
v 23 4
v 24 4
v 25 4
v 26 4
v 27 4
v 28 4
v 29 4
v 30 4
v 31 4
v 32 4
v 33 4
v 34 4
v 35 4
e 1 11 1
e 1 18 1
e 2 11 2
e 3 12 2
e 4 14 2
e 5 8 1
e 5 13 1
e 5 24 1
e 6 12 1
e 6 13 1
e 6 25 1
e 8 9 1
e 8 10 1
e 8 11 1
e 9 12 1
e 9 15 1
e 9 21 1
e 10 14 1
e 10 22 1
e 10 23 1
e 14 16 1
e 16 17 2
e 16 26 1
e 17 19 1
e 17 20 1
e 18 27 1
e 18 28 1
e 18 29 1
e 19 30 1
e 19 31 1
e 19 32 1
e 20 33 1
e 20 34 1
e 20 35 1
t # 7836
v 0 18
v 1 1
v 2 1
v 3 1
v 4 1
v 5 1
v 6 1
v 7 2
v 8 2
v 9 2
v 10 2
v 11 2
v 12 3
v 13 3
v 14 3
v 15 3
v 16 3
v 17 3
v 18 3
v 19 3
v 20 3
v 21 3
v 22 3
v 23 3
v 24 3
v 25 3
v 26 3
v 27 3
v 28 3
v 29 3
v 30 3
v 31 3
v 32 3
v 33 3
v 34 3
v 35 3
v 36 3
v 37 3
v 38 4
v 39 4
v 40 4
v 41 4
v 42 4
v 43 4
v 44 4
v 45 4
v 46 4
v 47 4
v 48 4
v 49 4
v 50 4
v 51 4
v 52 4
v 53 4
v 54 4
v 55 4
v 56 4
v 57 4
v 58 4
v 59 4
v 60 4
v 61 4
v 62 4
v 63 4
e 1 23 2
e 2 25 2
e 7 12 1
e 7 22 2
e 8 9 1
e 8 22 1
e 8 53 1
e 9 26 1
e 9 55 1
e 10 28 1
e 11 34 1
e 12 16 1
e 12 17 1
e 12 18 1
e 13 16 1
e 13 19 1
e 13 20 1
e 13 38 1
e 14 17 1
e 14 19 1
e 14 21 1
e 14 39 1
e 15 18 1
e 15 20 1
e 15 21 1
e 15 40 1
e 16 41 1
e 16 42 1
e 17 43 1
e 17 44 1
e 18 45 1
e 18 46 1
e 19 47 1
e 19 48 1
e 20 49 1
e 20 50 1
e 21 51 1
e 21 52 1
e 22 23 1
e 23 24 1
e 24 25 1
e 24 54 1
e 25 27 1
e 26 28 2
e 26 29 1
e 27 32 2
e 27 33 1
e 28 30 1
e 29 31 2
e 29 56 1
e 30 34 2
e 30 57 1
e 31 34 1
e 31 58 1
e 32 35 1
e 32 59 1
e 33 36 2
e 33 60 1
e 35 37 2
e 35 61 1
e 36 37 1
e 36 62 1
e 37 63 1
t # 7837
v 0 11
v 1 1
v 2 1
v 3 2
v 4 2
v 5 2
v 6 2
v 7 3
v 8 3
v 9 3
v 10 3
v 11 3
v 12 3
v 13 3
v 14 3
v 15 3
v 16 3
v 17 3
v 18 3
v 19 3
v 20 3
v 21 3
v 22 3
v 23 4
v 24 4
v 25 4
v 26 4
v 27 4
v 28 4
v 29 4
v 30 4
v 31 4
v 32 4
v 33 4
v 34 4
v 35 4
v 36 4
v 37 4
v 38 4
v 39 4
v 40 4
v 41 4
v 42 4
e 1 17 1
e 1 22 1
e 2 19 1
e 2 22 1
e 3 11 1
e 3 12 1
e 3 13 1
e 4 8 1
e 4 14 1
e 4 35 1
e 5 6 1
e 5 14 1
e 5 36 1
e 6 15 2
e 7 8 1
e 7 9 1
e 7 10 1
e 7 23 1
e 8 11 1
e 8 24 1
e 9 12 1
e 9 25 1
e 9 26 1
e 10 13 1
e 10 27 1
e 10 28 1
e 11 29 1
e 11 30 1
e 12 31 1
e 12 32 1
e 13 33 1
e 13 34 1
e 15 16 1
e 15 37 1
e 16 18 2
e 16 20 1
e 17 18 1
e 17 19 2
e 18 38 1
e 19 21 1
e 20 21 2
e 20 39 1
e 21 40 1
e 22 41 1
e 22 42 1
t # 7838
v 0 11
v 1 1
v 2 2
v 3 2
v 4 2
v 5 2
v 6 3
v 7 3
v 8 3
v 9 3
v 10 3
v 11 3
v 12 3
v 13 3
v 14 3
v 15 3
v 16 3
v 17 4
v 18 4
v 19 4
v 20 4
v 21 4
v 22 4
v 23 4
v 24 4
v 25 4
v 26 4
e 1 15 2
e 2 6 1
e 2 11 1
e 2 19 1
e 3 11 1
e 3 13 1
e 3 23 1
e 4 15 1
e 4 25 1
e 4 26 1
e 6 7 2
e 6 8 1
e 7 9 1
e 7 17 1
e 8 10 2
e 8 18 1
e 9 12 2
e 9 20 1
e 10 12 1
e 10 21 1
e 12 22 1
e 13 14 2
e 13 24 1
e 14 15 1
e 14 16 1
t # 7839
v 0 11
v 1 11
v 2 14
v 3 2
v 4 3
v 5 3
v 6 3
v 7 3
v 8 3
v 9 3
v 10 3
v 11 3
v 12 3
v 13 3
v 14 3
v 15 3
v 16 3
v 17 3
v 18 4
v 19 4
v 20 4
v 21 4
v 22 4
v 23 4
v 24 4
v 25 4
v 26 4
v 27 4
v 28 4
v 29 4
e 0 5 1
e 0 14 1
e 3 6 1
e 3 14 1
e 3 22 1
e 4 5 1
e 4 7 2
e 4 8 1
e 5 18 1
e 5 19 1
e 6 9 2
e 6 10 1
e 7 11 1
e 7 20 1
e 8 12 2
e 8 21 1
e 9 15 1
e 9 23 1
e 10 16 2
e 10 24 1
e 11 13 2
e 11 25 1
e 12 13 1
e 12 26 1
e 13 27 1
e 15 17 2
e 15 28 1
e 16 17 1
e 16 29 1
t # 7840
v 0 12
v 1 11
v 2 2
v 3 2
v 4 3
v 5 3
v 6 3
v 7 3
v 8 3
v 9 3
v 10 3
v 11 3
v 12 3
v 13 4
v 14 4
v 15 4
v 16 4
v 17 4
v 18 4
v 19 4
v 20 4
v 21 4
e 0 12 1
e 2 4 1
e 2 6 1
e 2 7 1
e 3 5 1
e 3 7 1
e 3 17 1
e 4 5 1
e 4 13 1
e 4 14 1
e 5 15 1
e 5 16 1
e 6 8 2
e 6 9 1
e 8 10 1
e 8 18 1
e 9 11 2
e 9 19 1
e 10 12 2
e 10 20 1
e 11 12 1
e 11 21 1
t # 7841
v 0 12
v 1 12
v 2 11
v 3 1
v 4 2
v 5 2
v 6 2
v 7 3
v 8 3
v 9 3
v 10 3
v 11 3
v 12 3
v 13 3
v 14 3
v 15 3
v 16 3
v 17 4
v 18 4
v 19 4
v 20 4
v 21 4
v 22 4
v 23 4
v 24 4
v 25 4
v 26 4
v 27 4
v 28 4
v 29 4
v 30 4
v 31 4
e 0 13 1
e 1 14 1
e 3 12 2
e 4 7 1
e 4 9 1
e 4 10 1
e 5 11 1
e 5 16 1
e 5 27 1
e 6 12 1
e 6 16 1
e 6 31 1
e 7 8 1
e 7 17 1
e 7 18 1
e 8 11 2
e 8 12 1
e 9 13 1
e 9 19 1
e 9 20 1
e 10 14 1
e 10 21 1
e 10 22 1
e 11 15 1
e 13 23 1
e 13 24 1
e 14 25 1
e 14 26 1
e 15 28 1
e 15 29 1
e 15 30 1
t # 7842
v 0 11
v 1 1
v 2 1
v 3 2
v 4 2
v 5 2
v 6 2
v 7 2
v 8 3
v 9 3
v 10 3
v 11 3
v 12 3
v 13 3
v 14 3
v 15 3
v 16 3
v 17 3
v 18 3
v 19 3
v 20 3
v 21 3
v 22 4
v 23 4
v 24 4
v 25 4
v 26 4
v 27 4
v 28 4
v 29 4
v 30 4
v 31 4
v 32 4
v 33 4
v 34 4
v 35 4
v 36 4
v 37 4
v 38 4
v 39 4
v 40 4
v 41 4
v 42 4
v 43 4
v 44 4
e 1 18 2
e 2 19 2
e 3 14 1
e 3 15 1
e 3 35 1
e 4 15 1
e 4 16 1
e 4 36 1
e 5 17 1
e 5 19 1
e 5 20 1
e 6 18 1
e 6 19 1
e 6 21 1
e 7 17 1
e 7 43 1
e 7 44 1
e 8 9 1
e 8 10 1
e 8 14 1
e 8 22 1
e 9 11 1
e 9 23 1
e 9 24 1
e 10 12 1
e 10 25 1
e 10 26 1
e 11 13 1
e 11 27 1
e 11 28 1
e 12 13 1
e 12 29 1
e 12 30 1
e 13 31 1
e 13 32 1
e 14 33 1
e 14 34 1
e 16 17 2
e 16 18 1
e 20 37 1
e 20 38 1
e 20 39 1
e 21 40 1
e 21 41 1
e 21 42 1
t # 7843
v 0 11
v 1 1
v 2 1
v 3 2
v 4 2
v 5 2
v 6 2
v 7 2
v 8 3
v 9 3
v 10 3
v 11 3
v 12 3
v 13 3
v 14 3
v 15 3
v 16 3
v 17 3
v 18 3
v 19 4
v 20 4
v 21 4
v 22 4
v 23 4
v 24 4
v 25 4
v 26 4
v 27 4
v 28 4
v 29 4
v 30 4
v 31 4
v 32 4
v 33 4
v 34 4
v 35 4
v 36 4
v 37 4
e 1 13 2
e 2 14 2
e 3 11 1
e 3 14 1
e 3 16 1
e 4 13 1
e 4 14 1
e 4 18 1
e 5 9 1
e 5 15 1
e 5 25 1
e 6 10 1
e 6 15 1
e 6 26 1
e 7 11 1
e 7 36 1
e 7 37 1
e 8 10 1
e 8 12 1
e 8 19 1
e 8 20 1
e 9 11 2
e 9 13 1
e 10 21 1
e 10 22 1
e 12 17 1
e 12 23 1
e 12 24 1
e 16 27 1
e 16 28 1
e 16 29 1
e 17 30 1
e 17 31 1
e 17 32 1
e 18 33 1
e 18 34 1
e 18 35 1
t # 7844
v 0 11
v 1 11
v 2 1
v 3 1
v 4 1
v 5 2
v 6 2
v 7 2
v 8 3
v 9 3
v 10 3
v 11 3
v 12 3
v 13 3
v 14 3
v 15 3
v 16 3
v 17 3
v 18 3
v 19 3
v 20 3
v 21 4
v 22 4
v 23 4
v 24 4
v 25 4
v 26 4
v 27 4
v 28 4
v 29 4
v 30 4
v 31 4
e 0 2 2
e 0 3 2
e 0 9 1
e 0 10 1
e 4 13 2
e 5 8 1
e 5 11 1
e 5 12 1
e 6 12 1
e 6 13 1
e 6 24 1
e 8 13 1
e 8 21 1
e 8 22 1
e 9 14 2
e 9 15 1
e 10 11 2
e 10 20 1
e 11 23 1
e 14 17 1
e 14 25 1
e 15 18 2
e 15 26 1
e 16 17 2
e 16 18 1
e 16 19 1
e 17 27 1
e 18 28 1
e 19 29 1
e 19 30 1
e 19 31 1
t # 7845
v 0 11
v 1 11
v 2 11
v 3 1
v 4 2
v 5 2
v 6 3
v 7 3
v 8 3
v 9 3
v 10 3
v 11 3
v 12 3
v 13 3
v 14 3
v 15 3
v 16 3
v 17 3
v 18 3
v 19 3
v 20 3
v 21 3
v 22 3
v 23 4
v 24 4
v 25 4
v 26 4
v 27 4
v 28 4
v 29 4
v 30 4
v 31 4
v 32 4
v 33 4
v 34 4
e 0 8 1
e 0 9 1
e 1 20 1
e 1 22 1
e 3 21 2
e 4 6 1
e 4 7 1
e 4 13 1
e 5 21 1
e 5 22 1
e 5 34 1
e 6 8 2
e 6 10 1
e 7 9 1
e 7 15 2
e 8 11 1
e 9 16 2
e 10 14 2
e 10 23 1
e 11 12 2
e 11 24 1
e 12 14 1
e 12 17 1
e 13 25 1
e 13 26 1
e 13 27 1
e 14 28 1
e 15 18 1
e 15 29 1
e 16 19 1
e 16 30 1
e 17 20 2
e 17 31 1
e 18 19 2
e 18 32 1
e 19 33 1
e 20 21 1
t # 7846
v 0 11
v 1 11
v 2 1
v 3 1
v 4 1
v 5 1
v 6 1
v 7 1
v 8 1
v 9 2
v 10 2
v 11 2
v 12 2
v 13 3
v 14 3
v 15 3
v 16 3
v 17 3
v 18 3
v 19 3
v 20 3
v 21 3
v 22 3
v 23 3
v 24 3
v 25 3
v 26 3
v 27 3
v 28 3
v 29 4
v 30 4
v 31 4
v 32 4
v 33 4
v 34 4
v 35 4
v 36 4
v 37 4
v 38 4
v 39 4
v 40 4
v 41 4
v 42 4
v 43 4
v 44 4
v 45 4
v 46 4
e 2 15 1
e 2 16 1
e 3 13 1
e 3 22 1
e 4 14 1
e 4 23 1
e 5 17 1
e 5 26 1
e 6 22 2
e 7 23 2
e 8 26 2
e 9 15 1
e 9 18 1
e 9 19 1
e 10 19 2
e 10 20 1
e 11 20 1
e 11 24 1
e 11 36 1
e 12 21 1
e 12 24 1
e 12 37 1
e 13 14 1
e 13 15 1
e 13 29 1
e 14 16 1
e 14 30 1
e 15 31 1
e 16 17 1
e 16 32 1
e 17 33 1
e 17 34 1
e 18 20 2
e 18 21 1
e 19 35 1
e 22 25 1
e 23 27 1
e 25 38 1
e 25 39 1
e 25 40 1
e 26 28 1
e 27 41 1
e 27 42 1
e 27 43 1
e 28 44 1
e 28 45 1
e 28 46 1
t # 7847
v 0 11
v 1 1
v 2 1
v 3 2
v 4 2
v 5 2
v 6 2
v 7 3
v 8 3
v 9 3
v 10 3
v 11 3
v 12 3
v 13 3
v 14 3
v 15 3
v 16 3
v 17 3
v 18 3
v 19 3
v 20 3
v 21 3
v 22 3
v 23 3
v 24 3
v 25 3
v 26 4
v 27 4
v 28 4
v 29 4
v 30 4
v 31 4
v 32 4
v 33 4
v 34 4
v 35 4
v 36 4
v 37 4
v 38 4
v 39 4
v 40 4
v 41 4
e 1 25 1
e 1 41 1
e 2 25 2
e 3 8 1
e 3 9 2
e 4 17 1
e 4 24 1
e 4 39 1
e 5 6 1
e 5 13 2
e 6 24 1
e 6 40 1
e 7 8 1
e 7 10 1
e 7 12 2
e 8 14 2
e 9 11 1
e 9 13 1
e 10 11 2
e 10 26 1
e 11 27 1
e 12 15 1
e 12 28 1
e 13 18 1
e 14 16 1
e 14 29 1
e 15 16 2
e 15 30 1
e 16 31 1
e 17 19 2
e 17 20 1
e 18 32 1
e 18 33 1
e 18 34 1
e 19 22 1
e 19 35 1
e 20 23 2
e 20 36 1
e 21 22 2
e 21 23 1
e 21 25 1
e 22 37 1
e 23 38 1
t # 7848
v 0 11
v 1 1
v 2 2
v 3 2
v 4 2
v 5 2
v 6 3
v 7 3
v 8 3
v 9 3
v 10 3
v 11 3
v 12 3
v 13 3
v 14 3
v 15 3
v 16 3
v 17 3
v 18 3
v 19 3
v 20 3
v 21 3
v 22 3
v 23 3
v 24 3
v 25 4
v 26 4
v 27 4
v 28 4
v 29 4
v 30 4
v 31 4
v 32 4
v 33 4
v 34 4
v 35 4
v 36 4
v 37 4
v 38 4
v 39 4
v 40 4
v 41 4
v 42 4
e 1 9 2
e 2 6 1
e 2 9 1
e 2 11 1
e 3 10 1
e 3 13 1
e 3 14 1
e 4 5 1
e 4 10 2
e 5 13 1
e 5 32 1
e 6 7 1
e 6 10 1
e 6 25 1
e 7 8 1
e 7 26 1
e 7 27 1
e 8 9 1
e 8 28 1
e 8 29 1
e 11 12 1
e 11 30 1
e 11 31 1
e 12 15 2
e 12 16 1
e 14 17 2
e 14 18 1
e 15 19 1
e 15 33 1
e 16 20 2
e 16 34 1
e 17 22 1
e 17 35 1
e 18 23 2
e 18 36 1
e 19 21 2
e 19 37 1
e 20 21 1
e 20 38 1
e 21 39 1
e 22 24 2
e 22 40 1
e 23 24 1
e 23 41 1
e 24 42 1
t # 7849
v 0 11
v 1 11
v 2 11
v 3 2
v 4 2
v 5 3
v 6 3
v 7 3
v 8 3
v 9 3
v 10 3
v 11 3
v 12 3
v 13 3
v 14 3
v 15 3
v 16 3
v 17 4
v 18 4
v 19 4
v 20 4
v 21 4
v 22 4
v 23 4
v 24 4
v 25 4
v 26 4
v 27 4
v 28 4
e 0 5 1
e 0 11 1
e 1 13 1
e 1 14 1
e 3 6 1
e 3 11 2
e 4 11 1
e 4 13 1
e 4 23 1
e 5 6 2
e 5 8 1
e 6 9 1
e 7 8 2
e 7 10 1
e 7 12 1
e 8 17 1
e 9 10 2
e 9 18 1
e 10 19 1
e 12 20 1
e 12 21 1
e 12 22 1
e 14 15 1
e 14 24 1
e 14 25 1
e 15 16 2
e 15 26 1
e 16 27 1
e 16 28 1
t # 7850
v 0 11
v 1 11
v 2 1
v 3 1
v 4 1
v 5 1
v 6 1
v 7 2
v 8 2
v 9 2
v 10 3
v 11 3
v 12 3
v 13 3
v 14 3
v 15 3
v 16 3
v 17 3
v 18 3
v 19 3
v 20 3
v 21 3
v 22 3
v 23 3
v 24 3
v 25 4
v 26 4
v 27 4
v 28 4
v 29 4
v 30 4
v 31 4
v 32 4
v 33 4
v 34 4
v 35 4
v 36 4
v 37 4
v 38 4
v 39 4
v 40 4
v 41 4
e 0 16 1
e 0 18 1
e 2 12 1
e 2 13 1
e 3 10 1
e 3 31 1
e 4 11 1
e 4 32 1
e 5 14 1
e 5 33 1
e 6 15 2
e 7 8 1
e 7 13 1
e 7 15 1
e 8 16 2
e 9 15 1
e 9 17 1
e 9 34 1
e 10 11 1
e 10 12 1
e 10 25 1
e 11 13 1
e 11 26 1
e 12 14 1
e 12 27 1
e 13 28 1
e 14 29 1
e 14 30 1
e 16 17 1
e 18 19 1
e 18 35 1
e 18 36 1
e 19 20 2
e 19 21 1
e 20 22 1
e 20 37 1
e 21 23 2
e 21 38 1
e 22 24 2
e 22 39 1
e 23 24 1
e 23 40 1
e 24 41 1
t # 7851
v 0 1
v 1 1
v 2 1
v 3 1
v 4 2
v 5 2
v 6 2
v 7 2
v 8 2
v 9 3
v 10 3
v 11 3
v 12 3
v 13 3
v 14 3
v 15 3
v 16 3
v 17 3
v 18 4
v 19 4
v 20 4
v 21 4
v 22 4
v 23 4
v 24 4
v 25 4
v 26 4
e 4 9 1
e 4 15 1
e 4 19 1
e 5 10 1
e 5 15 2
e 6 12 1
e 6 17 1
e 6 20 1
e 7 11 1
e 8 13 1
e 9 10 1
e 9 14 2
e 10 11 2
e 11 12 1
e 12 13 2
e 13 14 1
e 14 18 1
e 15 16 1
e 16 21 1
e 16 22 1
e 16 23 1
e 17 24 1
e 17 25 1
e 17 26 1
t # 7852
v 0 1
v 1 1
v 2 1
v 3 1
v 4 1
v 5 1
v 6 2
v 7 2
v 8 2
v 9 3
v 10 3
v 11 3
v 12 3
v 13 3
v 14 3
v 15 3
v 16 3
v 17 3
v 18 3
v 19 3
v 20 3
v 21 3
v 22 3
v 23 3
v 24 4
v 25 4
v 26 4
v 27 4
v 28 4
v 29 4
v 30 4
v 31 4
v 32 4
e 0 13 2
e 5 22 2
e 6 16 1
e 6 22 1
e 6 29 1
e 7 17 1
e 8 20 1
e 9 10 1
e 9 11 1
e 9 14 2
e 10 12 2
e 10 18 1
e 11 13 1
e 11 15 2
e 12 13 1
e 12 19 1
e 14 17 1
e 14 24 1
e 15 16 1
e 15 25 1
e 16 17 2
e 18 21 2
e 18 26 1
e 19 20 2
e 19 27 1
e 20 21 1
e 21 28 1
e 22 23 1
e 23 30 1
e 23 31 1
e 23 32 1
t # 7853
v 0 11
v 1 2
v 2 2
v 3 2
v 4 3
v 5 3
v 6 3
v 7 3
v 8 3
v 9 3
v 10 3
v 11 3
v 12 3
v 13 3
v 14 3
v 15 4
v 16 4
v 17 4
v 18 4
v 19 4
v 20 4
v 21 4
v 22 4
v 23 4
e 1 5 1
e 1 8 1
e 1 18 1
e 2 6 2
e 2 8 1
e 4 5 1
e 4 6 1
e 4 11 1
e 4 15 1
e 5 16 1
e 5 17 1
e 6 7 1
e 7 9 2
e 7 10 1
e 9 12 1
e 9 19 1
e 10 13 2
e 10 20 1
e 12 14 2
e 12 21 1
e 13 14 1
e 13 22 1
e 14 23 1
t # 7854
v 0 11
v 1 1
v 2 1
v 3 1
v 4 1
v 5 1
v 6 2
v 7 2
v 8 2
v 9 3
v 10 3
v 11 3
v 12 3
v 13 3
v 14 3
v 15 3
v 16 3
v 17 3
v 18 4
v 19 4
v 20 4
v 21 4
v 22 4
e 1 10 1
e 1 15 1
e 2 12 2
e 3 13 2
e 6 12 1
e 6 17 1
e 6 21 1
e 7 13 1
e 7 17 1
e 7 22 1
e 8 15 1
e 9 11 2
e 9 12 1
e 9 13 1
e 10 11 1
e 10 14 2
e 11 18 1
e 14 16 1
e 14 19 1
e 15 16 2
e 16 20 1
t # 7855
v 0 11
v 1 1
v 2 2
v 3 2
v 4 2
v 5 2
v 6 3
v 7 3
v 8 3
v 9 3
v 10 3
v 11 3
v 12 3
v 13 3
v 14 3
v 15 3
v 16 4
v 17 4
v 18 4
v 19 4
v 20 4
v 21 4
v 22 4
v 23 4
v 24 4
v 25 4
e 1 12 2
e 2 6 1
e 2 7 1
e 2 9 1
e 3 9 1
e 3 12 1
e 3 18 1
e 4 6 2
e 4 14 1
e 5 7 1
e 5 24 1
e 5 25 1
e 6 8 1
e 7 11 2
e 8 10 2
e 8 16 1
e 10 13 1
e 10 15 1
e 11 12 1
e 11 17 1
e 13 14 2
e 13 19 1
e 14 20 1
e 15 21 1
e 15 22 1
e 15 23 1
t # 7856
v 0 11
v 1 11
v 2 1
v 3 2
v 4 2
v 5 2
v 6 2
v 7 3
v 8 3
v 9 3
v 10 3
v 11 3
v 12 3
v 13 3
v 14 3
v 15 3
v 16 3
v 17 3
v 18 3
v 19 3
v 20 4
v 21 4
v 22 4
v 23 4
v 24 4
v 25 4
v 26 4
v 27 4
v 28 4
v 29 4
v 30 4
v 31 4
e 0 8 1
e 0 9 1
e 2 12 2
e 3 4 1
e 3 7 1
e 3 12 1
e 4 9 2
e 5 12 1
e 5 13 1
e 5 26 1
e 7 11 1
e 7 20 1
e 7 21 1
e 8 10 1
e 8 22 1
e 8 23 1
e 9 13 1
e 10 14 2
e 10 15 1
e 11 19 1
e 11 24 1
e 11 25 1
e 14 16 1
e 14 27 1
e 15 17 2
e 15 28 1
e 16 18 2
e 16 29 1
e 17 18 1
e 17 30 1
e 18 31 1
t # 7857
v 0 12
v 1 12
v 2 11
v 3 2
v 4 2
v 5 2
v 6 3
v 7 3
v 8 3
v 9 3
v 10 3
v 11 3
v 12 3
v 13 3
v 14 3
v 15 3
v 16 3
v 17 3
v 18 3
v 19 3
v 20 3
v 21 3
v 22 3
v 23 4
v 24 4
v 25 4
v 26 4
v 27 4
v 28 4
v 29 4
v 30 4
v 31 4
v 32 4
v 33 4
v 34 4
v 35 4
v 36 4
v 37 4
v 38 4
v 39 4
v 40 4
v 41 4
e 0 11 1
e 1 12 1
e 3 6 1
e 3 7 1
e 3 8 1
e 4 13 1
e 4 16 1
e 4 35 1
e 5 16 1
e 5 17 1
e 5 36 1
e 6 9 2
e 6 10 1
e 7 11 1
e 7 23 1
e 7 24 1
e 8 12 1
e 8 25 1
e 8 26 1
e 9 14 1
e 9 27 1
e 10 15 2
e 10 28 1
e 11 29 1
e 11 30 1
e 12 31 1
e 12 32 1
e 13 14 2
e 13 15 1
e 14 33 1
e 15 34 1
e 17 18 2
e 17 19 1
e 18 20 1
e 18 37 1
e 19 21 2
e 19 38 1
e 20 22 2
e 20 39 1
e 21 22 1
e 21 40 1
e 22 41 1
t # 7858
v 0 11
v 1 1
v 2 1
v 3 2
v 4 2
v 5 3
v 6 3
v 7 3
v 8 3
v 9 3
v 10 3
v 11 3
v 12 3
v 13 3
v 14 3
v 15 4
v 16 4
v 17 4
v 18 4
v 19 4
v 20 4
v 21 4
v 22 4
v 23 4
v 24 4
v 25 4
v 26 4
v 27 4
v 28 4
v 29 4
v 30 4
e 1 8 2
e 2 9 2
e 3 8 1
e 3 14 1
e 3 26 1
e 4 9 1
e 4 14 1
e 4 27 1
e 5 6 1
e 5 7 1
e 5 8 1
e 5 9 1
e 6 11 1
e 6 12 1
e 6 15 1
e 7 10 1
e 7 16 1
e 7 17 1
e 10 13 1
e 10 18 1
e 10 19 1
e 11 20 1
e 11 21 1
e 11 22 1
e 12 23 1
e 12 24 1
e 12 25 1
e 13 28 1
e 13 29 1
e 13 30 1
t # 7859
v 0 11
v 1 2
v 2 2
v 3 3
v 4 3
v 5 3
v 6 3
v 7 3
v 8 3
v 9 3
v 10 3
v 11 3
v 12 3
v 13 4
v 14 4
v 15 4
v 16 4
v 17 4
v 18 4
v 19 4
v 20 4
v 21 4
v 22 4
v 23 4
v 24 4
v 25 4
v 26 4
v 27 4
v 28 4
e 1 4 1
e 1 10 1
e 1 21 1
e 2 6 1
e 2 11 1
e 2 12 1
e 3 4 1
e 3 7 1
e 3 8 1
e 3 13 1
e 4 5 2
e 5 6 1
e 5 14 1
e 6 9 2
e 7 15 1
e 7 16 1
e 7 17 1
e 8 18 1
e 8 19 1
e 8 20 1
e 9 10 1
e 9 22 1
e 11 23 1
e 11 24 1
e 11 25 1
e 12 26 1
e 12 27 1
e 12 28 1
t # 7860
v 0 11
v 1 11
v 2 2
v 3 2
v 4 2
v 5 2
v 6 3
v 7 3
v 8 3
v 9 3
v 10 3
v 11 3
v 12 3
v 13 3
v 14 3
v 15 3
v 16 3
v 17 3
v 18 3
v 19 3
v 20 4
v 21 4
v 22 4
v 23 4
v 24 4
v 25 4
v 26 4
v 27 4
v 28 4
v 29 4
v 30 4
v 31 4
e 0 6 1
e 0 8 1
e 2 7 1
e 2 8 2
e 3 14 1
e 3 16 1
e 3 27 1
e 4 15 1
e 4 16 1
e 4 28 1
e 6 7 1
e 6 9 2
e 7 10 2
e 8 11 1
e 9 12 1
e 9 20 1
e 10 13 1
e 10 21 1
e 11 14 2
e 11 18 1
e 12 13 2
e 12 22 1
e 13 23 1
e 14 24 1
e 15 17 1
e 15 25 1
e 15 26 1
e 17 19 2
e 17 29 1
e 19 30 1
e 19 31 1
t # 7861
v 0 12
v 1 12
v 2 11
v 3 11
v 4 2
v 5 2
v 6 2
v 7 2
v 8 3
v 9 3
v 10 3
v 11 3
v 12 3
v 13 3
v 14 3
v 15 3
v 16 3
v 17 3
v 18 3
v 19 3
v 20 4
v 21 4
v 22 4
v 23 4
v 24 4
v 25 4
v 26 4
v 27 4
e 0 14 1
e 1 19 1
e 2 8 1
e 2 10 1
e 4 5 1
e 4 8 1
e 4 22 1
e 5 13 1
e 5 23 1
e 6 9 1
e 6 18 2
e 7 11 2
e 7 18 1
e 8 9 2
e 9 11 1
e 10 12 1
e 10 20 1
e 10 21 1
e 11 13 1
e 12 14 2
e 12 15 1
e 14 16 1
e 15 17 2
e 15 24 1
e 16 19 2
e 16 25 1
e 17 19 1
e 17 26 1
e 18 27 1
t # 7862
v 0 11
v 1 2
v 2 2
v 3 3
v 4 3
v 5 3
v 6 3
v 7 3
v 8 3
v 9 3
v 10 3
v 11 3
v 12 3
v 13 4
v 14 4
v 15 4
v 16 4
v 17 4
v 18 4
v 19 4
v 20 4
v 21 4
v 22 4
v 23 4
v 24 4
v 25 4
v 26 4
v 27 4
v 28 4
v 29 4
v 30 4
e 1 3 1
e 1 10 1
e 1 17 1
e 2 6 1
e 2 11 1
e 2 12 1
e 3 4 1
e 3 5 1
e 3 13 1
e 4 7 1
e 4 8 1
e 4 14 1
e 5 6 1
e 5 15 1
e 5 16 1
e 6 9 2
e 7 18 1
e 7 19 1
e 7 20 1
e 8 21 1
e 8 22 1
e 8 23 1
e 9 10 1
e 9 24 1
e 11 25 1
e 11 26 1
e 11 27 1
e 12 28 1
e 12 29 1
e 12 30 1
t # 7863
v 0 11
v 1 1
v 2 1
v 3 1
v 4 1
v 5 2
v 6 2
v 7 2
v 8 3
v 9 3
v 10 3
v 11 3
v 12 3
v 13 3
v 14 3
v 15 3
v 16 3
v 17 3
v 18 3
v 19 3
v 20 3
v 21 3
v 22 3
v 23 3
v 24 3
v 25 3
v 26 3
v 27 4
v 28 4
v 29 4
v 30 4
v 31 4
v 32 4
v 33 4
v 34 4
v 35 4
v 36 4
v 37 4
v 38 4
v 39 4
v 40 4
v 41 4
e 1 11 1
e 1 22 1
e 2 11 2
e 3 12 2
e 4 13 2
e 5 8 1
e 5 14 1
e 5 30 1
e 6 12 1
e 6 14 1
e 6 31 1
e 8 9 1
e 8 10 1
e 8 11 1
e 9 12 1
e 9 16 1
e 9 27 1
e 10 13 1
e 10 28 1
e 10 29 1
e 13 15 1
e 15 17 2
e 15 18 1
e 17 19 1
e 17 32 1
e 18 21 2
e 18 33 1
e 19 20 1
e 19 23 2
e 20 21 1
e 20 24 2
e 21 34 1
e 22 35 1
e 22 36 1
e 22 37 1
e 23 25 1
e 23 38 1
e 24 26 1
e 24 39 1
e 25 26 2
e 25 40 1
e 26 41 1
t # 7864
v 0 18
v 1 18
v 2 18
v 3 18
v 4 1
v 5 1
v 6 1
v 7 1
v 8 1
v 9 1
v 10 2
v 11 2
v 12 3
v 13 3
v 14 3
v 15 3
v 16 3
v 17 3
v 18 3
v 19 3
v 20 3
v 21 3
v 22 3
v 23 3
v 24 3
v 25 3
v 26 4
v 27 4
v 28 4
v 29 4
v 30 4
v 31 4
e 4 15 2
e 5 20 1
e 5 30 1
e 6 25 1
e 6 31 1
e 7 25 2
e 10 14 1
e 10 15 1
e 10 26 1
e 11 22 1
e 12 13 2
e 12 15 1
e 12 16 1
e 13 17 1
e 13 25 1
e 14 19 1
e 14 20 2
e 16 18 2
e 17 21 2
e 18 21 1
e 19 22 2
e 19 27 1
e 20 23 1
e 22 24 1
e 23 24 2
e 23 28 1
e 24 29 1
t # 7865
v 0 11
v 1 14
v 2 14
v 3 14
v 4 2
v 5 2
v 6 3
v 7 3
v 8 3
v 9 3
v 10 3
v 11 3
v 12 3
v 13 3
v 14 3
v 15 3
v 16 3
v 17 3
v 18 3
v 19 3
v 20 3
v 21 3
v 22 4
v 23 4
v 24 4
v 25 4
v 26 4
v 27 4
v 28 4
v 29 4
v 30 4
v 31 4
v 32 4
v 33 4
v 34 4
v 35 4
v 36 4
e 4 8 1
e 4 17 1
e 4 25 1
e 5 12 1
e 5 17 1
e 5 33 1
e 6 7 2
e 6 9 1
e 6 13 1
e 7 10 1
e 7 15 1
e 8 9 2
e 8 11 1
e 9 22 1
e 10 11 2
e 10 23 1
e 11 24 1
e 12 16 1
e 12 18 2
e 13 26 1
e 13 27 1
e 13 28 1
e 14 16 2
e 14 19 1
e 14 21 1
e 15 29 1
e 15 30 1
e 15 31 1
e 16 32 1
e 18 20 1
e 18 34 1
e 19 20 2
e 19 35 1
e 20 36 1
t # 7866
v 0 12
v 1 1
v 2 1
v 3 1
v 4 1
v 5 1
v 6 2
v 7 2
v 8 2
v 9 3
v 10 3
v 11 3
v 12 3
v 13 3
v 14 3
v 15 3
v 16 3
v 17 4
v 18 4
v 19 4
v 20 4
v 21 4
v 22 4
e 0 14 1
e 1 15 2
e 4 16 2
e 5 22 1
e 6 9 1
e 6 15 1
e 6 19 1
e 7 10 1
e 8 16 1
e 8 21 1
e 9 10 2
e 9 11 1
e 10 12 1
e 11 13 2
e 11 17 1
e 12 14 2
e 12 18 1
e 13 14 1
e 13 20 1
e 15 16 1
t # 7867
v 0 11
v 1 1
v 2 2
v 3 2
v 4 2
v 5 2
v 6 3
v 7 3
v 8 3
v 9 3
v 10 3
v 11 3
v 12 3
v 13 3
v 14 3
v 15 4
v 16 4
v 17 4
v 18 4
v 19 4
v 20 4
e 1 10 1
e 1 14 1
e 2 3 1
e 2 7 1
e 2 16 1
e 3 8 2
e 4 5 1
e 4 10 2
e 5 14 1
e 5 20 1
e 6 7 1
e 6 8 1
e 6 9 2
e 7 11 2
e 8 10 1
e 9 12 1
e 9 15 1
e 11 13 1
e 11 17 1
e 12 13 2
e 12 18 1
e 13 19 1
t # 7868
v 0 11
v 1 2
v 2 2
v 3 3
v 4 3
v 5 3
v 6 3
v 7 3
v 8 3
v 9 3
v 10 4
v 11 4
v 12 4
v 13 4
v 14 4
v 15 4
v 16 4
v 17 4
v 18 4
v 19 4
v 20 4
v 21 4
e 1 3 1
e 1 8 1
e 1 12 1
e 2 7 1
e 2 20 1
e 2 21 1
e 3 4 1
e 3 5 1
e 3 6 1
e 4 7 1
e 4 10 1
e 4 11 1
e 5 13 1
e 5 14 1
e 5 15 1
e 6 16 1
e 6 17 1
e 6 18 1
e 7 9 2
e 8 9 1
e 9 19 1
t # 7869
v 0 11
v 1 2
v 2 3
v 3 3
v 4 3
v 5 3
v 6 3
v 7 3
v 8 3
v 9 3
v 10 4
v 11 4
v 12 4
v 13 4
v 14 4
v 15 4
v 16 4
v 17 4
v 18 4
v 19 4
v 20 4
e 1 4 1
e 1 5 1
e 1 13 1
e 2 3 1
e 2 5 1
e 2 6 2
e 3 8 1
e 3 10 1
e 3 11 1
e 4 7 2
e 4 9 1
e 6 7 1
e 6 12 1
e 7 14 1
e 8 15 1
e 8 16 1
e 8 17 1
e 9 18 1
e 9 19 1
e 9 20 1
t # 7870
v 0 11
v 1 11
v 2 2
v 3 3
v 4 3
v 5 3
v 6 3
v 7 3
v 8 3
v 9 3
v 10 3
v 11 3
v 12 3
v 13 3
v 14 3
v 15 3
v 16 4
v 17 4
v 18 4
v 19 4
v 20 4
v 21 4
v 22 4
v 23 4
v 24 4
e 0 5 1
e 0 12 1
e 2 4 1
e 2 12 1
e 2 17 1
e 3 4 2
e 3 6 1
e 3 7 1
e 4 5 1
e 5 8 2
e 6 10 2
e 6 11 1
e 7 9 2
e 7 16 1
e 8 9 1
e 8 18 1
e 9 19 1
e 10 13 1
e 10 20 1
e 11 14 2
e 11 21 1
e 13 15 2
e 13 22 1
e 14 15 1
e 14 23 1
e 15 24 1
t # 7871
v 0 11
v 1 1
v 2 1
v 3 2
v 4 2
v 5 2
v 6 3
v 7 3
v 8 3
v 9 3
v 10 3
v 11 3
v 12 3
v 13 3
v 14 3
v 15 3
v 16 3
v 17 3
v 18 3
v 19 3
v 20 3
v 21 3
v 22 3
v 23 4
v 24 4
v 25 4
v 26 4
v 27 4
v 28 4
v 29 4
v 30 4
v 31 4
v 32 4
v 33 4
v 34 4
v 35 4
v 36 4
v 37 4
v 38 4
v 39 4
v 40 4
v 41 4
v 42 4
v 43 4
v 44 4
v 45 4
e 1 12 1
e 1 13 1
e 2 12 2
e 3 6 1
e 3 12 1
e 3 34 1
e 4 16 1
e 4 19 1
e 4 39 1
e 5 19 1
e 5 20 1
e 5 40 1
e 6 7 1
e 6 8 1
e 6 23 1
e 7 9 1
e 7 24 1
e 7 25 1
e 8 10 1
e 8 26 1
e 8 27 1
e 9 11 1
e 9 28 1
e 9 29 1
e 10 11 1
e 10 30 1
e 10 31 1
e 11 32 1
e 11 33 1
e 13 14 2
e 13 15 1
e 14 17 1
e 14 35 1
e 15 18 2
e 15 36 1
e 16 17 2
e 16 18 1
e 17 37 1
e 18 38 1
e 20 21 1
e 20 41 1
e 20 42 1
e 21 22 2
e 21 43 1
e 22 44 1
e 22 45 1
t # 7872
v 0 11
v 1 1
v 2 1
v 3 1
v 4 2
v 5 2
v 6 2
v 7 2
v 8 3
v 9 3
v 10 3
v 11 3
v 12 3
v 13 3
v 14 3
v 15 3
v 16 3
v 17 3
v 18 3
v 19 3
v 20 3
v 21 3
v 22 4
v 23 4
v 24 4
v 25 4
v 26 4
v 27 4
v 28 4
v 29 4
v 30 4
v 31 4
v 32 4
v 33 4
v 34 4
v 35 4
v 36 4
v 37 4
e 1 10 2
e 2 14 2
e 3 20 2
e 4 8 1
e 4 10 1
e 4 22 1
e 5 13 1
e 5 19 1
e 5 29 1
e 6 7 1
e 6 19 1
e 6 33 1
e 7 20 1
e 7 34 1
e 8 11 2
e 8 12 1
e 9 10 1
e 9 13 2
e 9 14 1
e 11 15 1
e 11 23 1
e 12 16 2
e 12 24 1
e 13 25 1
e 14 18 1
e 15 17 2
e 15 26 1
e 16 17 1
e 16 27 1
e 17 28 1
e 18 30 1
e 18 31 1
e 18 32 1
e 20 21 1
e 21 35 1
e 21 36 1
e 21 37 1
t # 7873
v 0 11
v 1 8
v 2 1
v 3 1
v 4 1
v 5 1
v 6 1
v 7 1
v 8 1
v 9 2
v 10 2
v 11 2
v 12 2
v 13 3
v 14 3
v 15 3
v 16 3
v 17 3
v 18 3
v 19 3
v 20 3
v 21 3
v 22 3
v 23 4
v 24 4
v 25 4
v 26 4
v 27 4
v 28 4
v 29 4
v 30 4
v 31 4
v 32 4
v 33 4
v 34 4
v 35 4
e 2 14 1
e 2 16 1
e 3 13 1
e 3 29 1
e 4 15 1
e 4 30 1
e 5 17 1
e 6 34 1
e 7 35 1
e 9 14 1
e 9 18 1
e 9 19 1
e 10 19 2
e 10 20 1
e 11 18 1
e 11 22 1
e 11 32 1
e 12 21 1
e 12 22 2
e 13 14 1
e 13 15 1
e 13 23 1
e 14 24 1
e 15 16 1
e 15 25 1
e 16 17 1
e 16 26 1
e 17 27 1
e 17 28 1
e 18 20 2
e 19 31 1
e 20 21 1
e 22 33 1
t # 7874
v 0 11
v 1 2
v 2 2
v 3 3
v 4 3
v 5 3
v 6 3
v 7 3
v 8 3
v 9 3
v 10 3
v 11 4
v 12 4
v 13 4
v 14 4
v 15 4
v 16 4
v 17 4
v 18 4
v 19 4
v 20 4
v 21 4
v 22 4
v 23 4
v 24 4
v 25 4
v 26 4
e 1 3 1
e 1 4 1
e 1 10 1
e 2 3 1
e 2 5 1
e 2 11 1
e 3 6 1
e 3 7 1
e 4 5 1
e 4 8 1
e 4 9 1
e 6 12 1
e 6 13 1
e 6 14 1
e 7 15 1
e 7 16 1
e 7 17 1
e 8 18 1
e 8 19 1
e 8 20 1
e 9 21 1
e 9 22 1
e 9 23 1
e 10 24 1
e 10 25 1
e 10 26 1
t # 7875
v 0 1
v 1 1
v 2 1
v 3 1
v 4 1
v 5 2
v 6 2
v 7 2
v 8 3
v 9 3
v 10 3
v 11 3
v 12 3
v 13 3
v 14 3
v 15 3
v 16 3
v 17 3
v 18 3
v 19 3
v 20 4
v 21 4
v 22 4
v 23 4
v 24 4
v 25 4
v 26 4
v 27 4
v 28 4
v 29 4
v 30 4
v 31 4
v 32 4
v 33 4
v 34 4
e 0 8 1
e 0 12 1
e 1 12 2
e 2 14 2
e 5 6 1
e 5 12 1
e 5 29 1
e 6 14 1
e 6 32 1
e 7 17 1
e 8 9 1
e 8 10 1
e 8 11 1
e 9 20 1
e 9 21 1
e 9 22 1
e 10 23 1
e 10 24 1
e 10 25 1
e 11 26 1
e 11 27 1
e 11 28 1
e 13 14 1
e 13 15 2
e 13 16 1
e 15 18 1
e 15 30 1
e 16 19 2
e 16 31 1
e 17 18 2
e 17 19 1
e 18 33 1
e 19 34 1
t # 7876
v 0 12
v 1 11
v 2 1
v 3 2
v 4 3
v 5 3
v 6 3
v 7 3
v 8 3
v 9 3
v 10 3
v 11 3
v 12 3
v 13 4
v 14 4
v 15 4
v 16 4
v 17 4
v 18 4
v 19 4
v 20 4
v 21 4
v 22 4
e 0 6 1
e 2 7 1
e 2 12 1
e 3 12 1
e 3 21 1
e 3 22 1
e 4 6 2
e 4 8 1
e 4 10 1
e 5 6 1
e 5 9 2
e 5 11 1
e 7 8 2
e 7 9 1
e 8 13 1
e 9 14 1
e 10 15 1
e 10 16 1
e 10 17 1
e 11 18 1
e 11 19 1
e 11 20 1
t # 7877
v 0 11
v 1 11
v 2 1
v 3 1
v 4 1
v 5 1
v 6 2
v 7 2
v 8 2
v 9 2
v 10 3
v 11 3
v 12 3
v 13 3
v 14 3
v 15 3
v 16 3
v 17 3
v 18 3
v 19 3
v 20 3
v 21 3
v 22 3
v 23 3
v 24 3
v 25 3
v 26 3
v 27 3
v 28 3
v 29 4
v 30 4
v 31 4
v 32 4
v 33 4
v 34 4
v 35 4
v 36 4
v 37 4
v 38 4
v 39 4
v 40 4
v 41 4
v 42 4
v 43 4
v 44 4
v 45 4
v 46 4
v 47 4
v 48 4
e 0 2 2
e 0 3 2
e 0 10 1
e 4 21 2
e 5 27 2
e 6 11 1
e 6 21 1
e 6 33 1
e 7 12 1
e 7 25 1
e 7 36 1
e 8 25 1
e 8 26 1
e 8 43 1
e 9 44 1
e 9 45 1
e 10 14 2
e 10 15 1
e 11 13 1
e 11 18 2
e 12 16 2
e 12 17 1
e 13 19 2
e 13 22 1
e 14 16 1
e 14 29 1
e 15 17 2
e 15 30 1
e 16 31 1
e 17 32 1
e 18 23 1
e 18 34 1
e 19 24 1
e 19 35 1
e 20 21 1
e 20 26 2
e 20 27 1
e 22 37 1
e 22 38 1
e 22 39 1
e 23 24 2
e 23 40 1
e 24 41 1
e 26 42 1
e 27 28 1
e 28 46 1
e 28 47 1
e 28 48 1
t # 7878
v 0 11
v 1 1
v 2 2
v 3 2
v 4 2
v 5 2
v 6 3
v 7 3
v 8 3
v 9 3
v 10 3
v 11 3
v 12 3
v 13 3
v 14 3
v 15 3
v 16 3
v 17 3
v 18 3
v 19 3
v 20 3
v 21 3
v 22 3
v 23 4
v 24 4
v 25 4
v 26 4
v 27 4
v 28 4
v 29 4
v 30 4
v 31 4
v 32 4
v 33 4
v 34 4
v 35 4
v 36 4
v 37 4
v 38 4
v 39 4
v 40 4
v 41 4
v 42 4
v 43 4
v 44 4
e 1 21 2
e 2 8 1
e 2 18 1
e 2 37 1
e 3 18 1
e 3 19 1
e 3 41 1
e 4 21 1
e 4 43 1
e 4 44 1
e 6 7 1
e 6 9 1
e 6 10 1
e 6 11 1
e 7 8 1
e 7 13 2
e 8 12 2
e 9 23 1
e 9 24 1
e 9 25 1
e 10 26 1
e 10 27 1
e 10 28 1
e 11 29 1
e 11 30 1
e 11 31 1
e 12 14 1
e 12 15 1
e 13 16 1
e 13 32 1
e 14 17 1
e 14 33 1
e 14 34 1
e 15 16 2
e 15 35 1
e 16 36 1
e 17 38 1
e 17 39 1
e 17 40 1
e 19 20 2
e 19 42 1
e 20 21 1
e 20 22 1
t # 7879
v 0 12
v 1 11
v 2 11
v 3 11
v 4 14
v 5 14
v 6 14
v 7 14
v 8 14
v 9 2
v 10 3
v 11 3
v 12 3
v 13 3
v 14 3
v 15 3
v 16 3
v 17 3
v 18 3
v 19 3
v 20 3
v 21 3
v 22 3
v 23 3
v 24 4
v 25 4
v 26 4
v 27 4
v 28 4
v 29 4
v 30 4
v 31 4
v 32 4
v 33 4
v 34 4
e 0 23 1
e 1 10 1
e 2 16 1
e 2 17 1
e 9 13 1
e 9 16 1
e 9 28 1
e 10 11 1
e 10 12 2
e 11 13 2
e 11 24 1
e 12 14 1
e 12 25 1
e 13 15 1
e 14 15 2
e 14 26 1
e 15 27 1
e 17 18 1
e 17 29 1
e 17 30 1
e 18 19 2
e 18 20 1
e 19 21 1
e 19 31 1
e 20 22 2
e 20 32 1
e 21 23 2
e 21 33 1
e 22 23 1
e 22 34 1
t # 7880
v 0 11
v 1 8
v 2 1
v 3 1
v 4 1
v 5 1
v 6 1
v 7 2
v 8 2
v 9 3
v 10 3
v 11 3
v 12 3
v 13 3
v 14 3
v 15 3
v 16 3
v 17 3
v 18 3
v 19 3
v 20 3
v 21 3
v 22 3
v 23 4
v 24 4
v 25 4
v 26 4
v 27 4
v 28 4
v 29 4
v 30 4
v 31 4
v 32 4
v 33 4
v 34 4
v 35 4
v 36 4
v 37 4
v 38 4
v 39 4
v 40 4
v 41 4
e 2 10 1
e 3 11 1
e 5 13 1
e 5 21 1
e 6 13 2
e 7 12 1
e 7 16 1
e 7 28 1
e 8 19 1
e 8 22 2
e 9 12 2
e 9 13 1
e 10 14 1
e 10 23 1
e 10 24 1
e 11 15 1
e 11 25 1
e 11 26 1
e 12 27 1
e 14 29 1
e 14 30 1
e 14 31 1
e 15 32 1
e 15 33 1
e 15 34 1
e 16 17 1
e 17 18 1
e 17 19 2
e 18 20 2
e 18 35 1
e 19 36 1
e 20 22 1
e 20 37 1
e 21 38 1
e 21 39 1
e 21 40 1
e 22 41 1
t # 7881
v 0 11
v 1 1
v 2 1
v 3 2
v 4 2
v 5 2
v 6 2
v 7 3
v 8 3
v 9 3
v 10 3
v 11 3
v 12 3
v 13 3
v 14 3
v 15 3
v 16 3
v 17 3
v 18 3
v 19 3
v 20 3
v 21 3
v 22 3
v 23 3
v 24 3
v 25 3
v 26 3
v 27 3
v 28 3
v 29 3
v 30 3
v 31 3
v 32 3
v 33 4
v 34 4
v 35 4
v 36 4
v 37 4
v 38 4
v 39 4
v 40 4
v 41 4
v 42 4
v 43 4
v 44 4
v 45 4
v 46 4
v 47 4
v 48 4
v 49 4
v 50 4
v 51 4
v 52 4
v 53 4
v 54 4
v 55 4
v 56 4
v 57 4
v 58 4
v 59 4
v 60 4
v 61 4
v 62 4
v 63 4
v 64 4
e 1 23 2
e 2 26 2
e 3 27 1
e 3 28 1
e 3 29 1
e 4 29 2
e 4 30 1
e 5 28 1
e 5 32 1
e 5 63 1
e 6 31 1
e 6 32 2
e 7 8 1
e 7 11 1
e 7 13 1
e 7 18 1
e 8 9 1
e 8 15 1
e 8 33 1
e 9 10 1
e 9 17 1
e 9 34 1
e 10 12 1
e 10 14 1
e 10 35 1
e 11 16 1
e 11 23 1
e 11 36 1
e 12 19 1
e 12 21 1
e 12 22 1
e 13 14 1
e 13 37 1
e 13 38 1
e 14 39 1
e 14 40 1
e 15 16 1
e 15 41 1
e 15 42 1
e 16 43 1
e 16 44 1
e 17 20 1
e 17 45 1
e 17 46 1
e 18 47 1
e 18 48 1
e 18 49 1
e 19 20 1
e 19 25 2
e 20 50 1
e 20 51 1
e 21 24 1
e 21 52 1
e 21 53 1
e 22 54 1
e 22 55 1
e 22 56 1
e 23 27 1
e 24 26 1
e 24 57 1
e 24 58 1
e 25 26 1
e 25 59 1
e 27 60 1
e 27 61 1
e 28 30 2
e 29 62 1
e 30 31 1
e 32 64 1
t # 7882
v 0 11
v 1 11
v 2 1
v 3 1
v 4 1
v 5 2
v 6 2
v 7 2
v 8 2
v 9 3
v 10 3
v 11 3
v 12 3
v 13 3
v 14 3
v 15 3
v 16 3
v 17 3
v 18 3
v 19 3
v 20 3
v 21 3
v 22 4
v 23 4
v 24 4
v 25 4
v 26 4
v 27 4
v 28 4
v 29 4
v 30 4
v 31 4
v 32 4
v 33 4
v 34 4
v 35 4
e 0 2 2
e 0 3 2
e 0 9 1
e 0 15 1
e 4 20 2
e 5 17 1
e 5 19 1
e 5 30 1
e 6 7 1
e 6 19 1
e 6 31 1
e 7 20 1
e 7 32 1
e 9 10 2
e 9 11 1
e 10 13 1
e 10 22 1
e 11 14 2
e 11 23 1
e 12 13 2
e 12 14 1
e 12 16 1
e 13 24 1
e 14 25 1
e 15 17 2
e 15 18 1
e 16 26 1
e 16 27 1
e 16 28 1
e 17 29 1
e 20 21 1
e 21 33 1
e 21 34 1
e 21 35 1
t # 7883
v 0 11
v 1 1
v 2 2
v 3 2
v 4 3
v 5 3
v 6 3
v 7 3
v 8 3
v 9 3
v 10 3
v 11 3
v 12 3
v 13 3
v 14 3
v 15 4
v 16 4
v 17 4
v 18 4
v 19 4
v 20 4
v 21 4
v 22 4
v 23 4
v 24 4
v 25 4
v 26 4
v 27 4
v 28 4
v 29 4
v 30 4
v 31 4
v 32 4
e 1 14 2
e 2 10 1
e 2 13 1
e 2 30 1
e 3 13 1
e 3 14 1
e 3 32 1
e 4 5 1
e 4 6 1
e 4 15 1
e 4 16 1
e 5 7 1
e 5 17 1
e 5 18 1
e 6 8 1
e 6 19 1
e 6 20 1
e 7 9 1
e 7 21 1
e 7 22 1
e 8 10 1
e 8 23 1
e 8 24 1
e 9 11 1
e 9 25 1
e 9 26 1
e 10 12 2
e 11 27 1
e 11 28 1
e 11 29 1
e 12 14 1
e 12 31 1
t # 7884
v 0 11
v 1 11
v 2 1
v 3 1
v 4 1
v 5 2
v 6 2
v 7 2
v 8 3
v 9 3
v 10 3
v 11 3
v 12 3
v 13 3
v 14 3
v 15 3
v 16 3
v 17 3
v 18 3
v 19 3
v 20 3
v 21 3
v 22 3
v 23 3
v 24 3
v 25 3
v 26 3
v 27 4
v 28 4
v 29 4
v 30 4
v 31 4
v 32 4
v 33 4
v 34 4
v 35 4
v 36 4
v 37 4
v 38 4
v 39 4
v 40 4
v 41 4
v 42 4
v 43 4
v 44 4
v 45 4
v 46 4
v 47 4
v 48 4
v 49 4
e 0 2 2
e 0 3 2
e 0 13 1
e 4 23 1
e 4 26 1
e 5 8 1
e 5 9 1
e 6 18 1
e 6 19 1
e 6 41 1
e 7 19 1
e 7 20 1
e 7 42 1
e 8 10 1
e 8 27 1
e 8 28 1
e 9 11 1
e 9 29 1
e 9 30 1
e 10 12 1
e 10 31 1
e 10 32 1
e 11 12 1
e 11 33 1
e 11 34 1
e 12 35 1
e 12 36 1
e 13 14 2
e 13 15 1
e 14 16 1
e 14 37 1
e 15 17 2
e 15 38 1
e 16 18 2
e 16 39 1
e 17 18 1
e 17 40 1
e 20 21 2
e 20 22 1
e 21 24 1
e 21 43 1
e 22 25 2
e 22 44 1
e 23 24 2
e 23 25 1
e 24 45 1
e 25 46 1
e 26 47 1
e 26 48 1
e 26 49 1
t # 7885
v 0 10
v 1 1
v 2 1
v 3 1
v 4 1
v 5 1
v 6 1
v 7 1
v 8 1
v 9 2
v 10 2
v 11 3
v 12 3
v 13 3
v 14 3
v 15 3
v 16 3
v 17 3
v 18 3
v 19 3
v 20 3
v 21 4
v 22 4
v 23 4
v 24 4
v 25 4
v 26 4
v 27 4
v 28 4
v 29 4
v 30 4
v 31 4
v 32 4
v 33 4
v 34 4
v 35 4
v 36 4
e 1 17 1
e 1 21 1
e 2 18 1
e 2 22 1
e 3 19 1
e 3 23 1
e 4 20 1
e 4 24 1
e 5 17 2
e 6 18 2
e 7 19 2
e 8 20 2
e 9 11 1
e 9 13 1
e 9 14 1
e 10 12 1
e 10 15 1
e 10 16 1
e 11 12 1
e 11 25 1
e 11 26 1
e 12 27 1
e 12 28 1
e 13 17 1
e 13 29 1
e 13 30 1
e 14 20 1
e 14 31 1
e 14 32 1
e 15 18 1
e 15 33 1
e 15 34 1
e 16 19 1
e 16 35 1
e 16 36 1
t # 7886
v 0 11
v 1 2
v 2 2
v 3 2
v 4 3
v 5 3
v 6 3
v 7 3
v 8 3
v 9 3
v 10 3
v 11 3
v 12 3
v 13 3
v 14 3
v 15 3
v 16 3
v 17 3
v 18 3
v 19 3
v 20 3
v 21 3
v 22 4
v 23 4
v 24 4
v 25 4
v 26 4
v 27 4
v 28 4
v 29 4
v 30 4
v 31 4
v 32 4
v 33 4
v 34 4
v 35 4
v 36 4
v 37 4
v 38 4
v 39 4
v 40 4
v 41 4
v 42 4
e 1 4 1
e 1 6 1
e 1 9 1
e 2 5 1
e 2 7 1
e 2 10 1
e 3 10 1
e 3 16 1
e 3 34 1
e 4 5 1
e 4 8 1
e 4 22 1
e 5 23 1
e 5 24 1
e 6 7 1
e 6 25 1
e 6 26 1
e 7 27 1
e 7 28 1
e 8 29 1
e 8 30 1
e 8 31 1
e 9 11 2
e 9 12 1
e 11 13 1
e 11 32 1
e 12 14 2
e 12 33 1
e 13 15 2
e 13 35 1
e 14 15 1
e 14 36 1
e 15 37 1
e 16 17 2
e 16 18 1
e 17 19 1
e 17 38 1
e 18 20 2
e 18 39 1
e 19 21 2
e 19 40 1
e 20 21 1
e 20 41 1
e 21 42 1
t # 7887
v 0 11
v 1 1
v 2 1
v 3 1
v 4 1
v 5 1
v 6 1
v 7 2
v 8 2
v 9 3
v 10 3
v 11 3
v 12 3
v 13 3
v 14 3
v 15 3
v 16 3
v 17 3
v 18 3
v 19 3
v 20 3
v 21 3
v 22 3
v 23 3
v 24 4
v 25 4
v 26 4
v 27 4
v 28 4
v 29 4
v 30 4
v 31 4
v 32 4
v 33 4
v 34 4
v 35 4
e 1 11 2
e 2 17 1
e 2 22 1
e 3 19 1
e 3 23 1
e 4 18 1
e 4 29 1
e 5 17 2
e 6 19 2
e 7 10 1
e 7 16 1
e 7 24 1
e 8 12 2
e 8 16 1
e 9 10 2
e 9 11 1
e 9 12 1
e 10 17 1
e 11 13 1
e 12 19 1
e 13 14 2
e 13 15 1
e 14 18 1
e 14 25 1
e 15 20 2
e 15 26 1
e 18 21 2
e 20 21 1
e 20 27 1
e 21 28 1
e 22 30 1
e 22 31 1
e 22 32 1
e 23 33 1
e 23 34 1
e 23 35 1
t # 7888
v 0 11
v 1 1
v 2 2
v 3 2
v 4 2
v 5 2
v 6 2
v 7 3
v 8 3
v 9 3
v 10 3
v 11 3
v 12 3
v 13 3
v 14 3
v 15 3
v 16 3
v 17 3
v 18 3
v 19 3
v 20 3
v 21 3
v 22 3
v 23 3
v 24 3
v 25 3
v 26 4
v 27 4
v 28 4
v 29 4
v 30 4
v 31 4
v 32 4
v 33 4
v 34 4
v 35 4
v 36 4
v 37 4
v 38 4
v 39 4
v 40 4
v 41 4
v 42 4
v 43 4
v 44 4
e 1 9 1
e 1 13 1
e 2 3 1
e 2 9 1
e 2 14 1
e 3 7 2
e 4 8 1
e 5 15 1
e 6 14 1
e 6 43 1
e 6 44 1
e 7 8 1
e 7 10 1
e 8 9 2
e 10 11 2
e 10 12 1
e 11 17 1
e 11 26 1
e 12 18 2
e 12 27 1
e 13 22 1
e 13 28 1
e 13 29 1
e 15 16 1
e 15 20 2
e 16 21 2
e 16 23 1
e 17 19 2
e 17 30 1
e 18 19 1
e 18 31 1
e 19 32 1
e 20 24 1
e 20 33 1
e 21 25 1
e 21 34 1
e 22 35 1
e 22 36 1
e 22 37 1
e 23 38 1
e 23 39 1
e 23 40 1
e 24 25 2
e 24 41 1
e 25 42 1
t # 7889
v 0 11
v 1 11
v 2 11
v 3 1
v 4 1
v 5 1
v 6 2
v 7 3
v 8 3
v 9 3
v 10 3
v 11 3
v 12 3
v 13 3
v 14 3
v 15 4
v 16 4
v 17 4
v 18 4
v 19 4
v 20 4
v 21 4
v 22 4
v 23 4
e 0 4 2
e 0 5 2
e 0 7 1
e 1 13 1
e 3 10 1
e 3 14 1
e 6 13 1
e 6 19 1
e 7 8 2
e 7 9 1
e 8 11 1
e 8 15 1
e 9 12 2
e 9 16 1
e 10 11 2
e 10 12 1
e 11 17 1
e 12 18 1
e 14 20 1
e 14 21 1
e 14 22 1
t # 7890
v 0 11
v 1 1
v 2 2
v 3 2
v 4 3
v 5 3
v 6 3
v 7 3
v 8 3
v 9 3
v 10 3
v 11 3
v 12 3
v 13 3
v 14 3
v 15 3
v 16 4
v 17 4
v 18 4
v 19 4
v 20 4
v 21 4
v 22 4
v 23 4
v 24 4
v 25 4
v 26 4
v 27 4
v 28 4
v 29 4
v 30 4
v 31 4
e 1 5 1
e 1 25 1
e 2 7 1
e 2 12 1
e 2 24 1
e 3 12 1
e 3 13 1
e 3 26 1
e 4 5 1
e 4 6 2
e 4 8 1
e 5 9 1
e 5 16 1
e 6 7 1
e 6 17 1
e 7 10 2
e 8 11 2
e 8 18 1
e 9 19 1
e 9 20 1
e 9 21 1
e 10 11 1
e 10 22 1
e 11 23 1
e 13 14 1
e 13 27 1
e 13 28 1
e 14 15 2
e 14 29 1
e 15 30 1
e 15 31 1
t # 7891
v 0 12
v 1 14
v 2 14
v 3 14
v 4 1
v 5 1
v 6 1
v 7 1
v 8 2
v 9 2
v 10 3
v 11 3
v 12 3
v 13 3
v 14 3
v 15 3
v 16 3
v 17 3
v 18 3
v 19 3
v 20 3
v 21 3
v 22 3
v 23 3
v 24 3
v 25 4
v 26 4
v 27 4
v 28 4
v 29 4
v 30 4
e 0 16 1
e 4 14 2
e 7 23 2
e 8 18 1
e 8 23 1
e 8 30 1
e 9 21 1
e 10 11 1
e 10 12 2
e 10 16 1
e 11 13 2
e 11 17 1
e 12 14 1
e 12 15 1
e 13 14 1
e 13 19 1
e 15 18 2
e 15 25 1
e 16 20 2
e 17 22 2
e 17 26 1
e 18 20 1
e 19 21 2
e 19 27 1
e 20 28 1
e 21 22 1
e 22 29 1
e 23 24 1
t # 7892
v 0 11
v 1 1
v 2 1
v 3 2
v 4 2
v 5 2
v 6 2
v 7 3
v 8 3
v 9 3
v 10 3
v 11 3
v 12 3
v 13 3
v 14 3
v 15 4
v 16 4
v 17 4
v 18 4
v 19 4
v 20 4
v 21 4
v 22 4
v 23 4
v 24 4
e 1 13 2
e 2 14 2
e 3 7 1
e 3 8 1
e 3 10 1
e 4 9 1
e 4 10 1
e 4 16 1
e 5 8 1
e 5 14 1
e 5 23 1
e 6 13 1
e 6 14 1
e 6 24 1
e 7 11 1
e 7 12 1
e 7 15 1
e 8 9 2
e 9 13 1
e 11 17 1
e 11 18 1
e 11 19 1
e 12 20 1
e 12 21 1
e 12 22 1
t # 7893
v 0 11
v 1 11
v 2 2
v 3 2
v 4 2
v 5 3
v 6 3
v 7 3
v 8 3
v 9 3
v 10 3
v 11 3
v 12 4
v 13 4
v 14 4
v 15 4
v 16 4
v 17 4
v 18 4
e 2 5 2
e 2 6 1
e 3 10 1
e 3 15 1
e 3 16 1
e 4 11 1
e 4 17 1
e 4 18 1
e 5 7 1
e 5 10 1
e 6 8 2
e 6 11 1
e 7 9 2
e 7 12 1
e 8 9 1
e 8 13 1
e 9 14 1
t # 7894
v 0 11
v 1 1
v 2 1
v 3 2
v 4 2
v 5 2
v 6 3
v 7 3
v 8 3
v 9 3
v 10 3
v 11 3
v 12 3
v 13 3
v 14 3
v 15 3
v 16 3
v 17 3
v 18 3
v 19 3
v 20 3
v 21 4
v 22 4
v 23 4
v 24 4
v 25 4
v 26 4
v 27 4
v 28 4
v 29 4
v 30 4
v 31 4
v 32 4
v 33 4
v 34 4
v 35 4
v 36 4
v 37 4
v 38 4
v 39 4
v 40 4
v 41 4
v 42 4
v 43 4
e 1 11 1
e 1 35 1
e 2 13 1
e 2 15 1
e 3 6 1
e 3 7 1
e 3 10 1
e 4 8 1
e 4 9 1
e 4 12 1
e 5 12 1
e 5 14 1
e 5 34 1
e 6 8 1
e 6 21 1
e 6 22 1
e 7 9 1
e 7 23 1
e 7 24 1
e 8 25 1
e 8 26 1
e 9 27 1
e 9 28 1
e 10 11 1
e 10 29 1
e 10 30 1
e 11 13 1
e 11 31 1
e 13 32 1
e 13 33 1
e 14 16 2
e 14 17 1
e 15 36 1
e 15 37 1
e 15 38 1
e 16 18 1
e 16 39 1
e 17 19 2
e 17 40 1
e 18 20 2
e 18 41 1
e 19 20 1
e 19 42 1
e 20 43 1
t # 7895
v 0 12
v 1 12
v 2 11
v 3 1
v 4 1
v 5 1
v 6 2
v 7 2
v 8 3
v 9 3
v 10 3
v 11 3
v 12 3
v 13 3
v 14 3
v 15 3
v 16 3
v 17 3
v 18 3
v 19 3
v 20 3
v 21 3
v 22 3
v 23 3
v 24 3
v 25 3
v 26 4
v 27 4
v 28 4
v 29 4
v 30 4
v 31 4
v 32 4
v 33 4
v 34 4
v 35 4
v 36 4
v 37 4
v 38 4
v 39 4
v 40 4
v 41 4
v 42 4
v 43 4
e 0 23 1
e 1 25 1
e 3 13 1
e 3 21 1
e 4 14 1
e 4 22 1
e 5 18 2
e 6 10 1
e 6 16 1
e 6 32 1
e 7 16 1
e 7 18 1
e 7 34 1
e 8 9 1
e 8 10 1
e 8 26 1
e 8 27 1
e 9 11 2
e 9 12 1
e 10 28 1
e 10 29 1
e 11 13 1
e 11 30 1
e 12 15 2
e 12 31 1
e 13 14 2
e 14 15 1
e 15 33 1
e 17 18 1
e 17 19 2
e 17 20 1
e 19 23 1
e 19 35 1
e 20 24 2
e 20 36 1
e 21 37 1
e 21 38 1
e 21 39 1
e 22 40 1
e 22 41 1
e 22 42 1
e 23 25 2
e 24 25 1
e 24 43 1
t # 7896
v 0 11
v 1 11
v 2 2
v 3 2
v 4 2
v 5 2
v 6 3
v 7 3
v 8 3
v 9 3
v 10 3
v 11 3
v 12 4
v 13 4
v 14 4
v 15 4
v 16 4
v 17 4
e 2 3 1
e 2 6 1
e 2 10 1
e 3 8 1
e 3 13 1
e 4 6 2
e 4 11 1
e 5 9 1
e 5 11 1
e 5 17 1
e 6 7 1
e 7 8 2
e 7 9 1
e 8 12 1
e 10 14 1
e 10 15 1
e 10 16 1
t # 7897
v 0 1
v 1 1
v 2 1
v 3 1
v 4 2
v 5 2
v 6 2
v 7 3
v 8 3
v 9 3
v 10 3
v 11 3
v 12 3
v 13 3
v 14 3
v 15 3
v 16 3
v 17 4
v 18 4
v 19 4
v 20 4
v 21 4
v 22 4
v 23 4
v 24 4
v 25 4
v 26 4
v 27 4
e 2 13 2
e 3 14 2
e 4 7 1
e 4 13 1
e 4 20 1
e 5 9 1
e 5 14 1
e 5 21 1
e 6 8 1
e 7 8 2
e 7 11 1
e 8 10 1
e 9 10 2
e 9 12 1
e 10 17 1
e 11 12 2
e 11 18 1
e 12 19 1
e 13 15 1
e 14 16 1
e 15 22 1
e 15 23 1
e 15 24 1
e 16 25 1
e 16 26 1
e 16 27 1
t # 7898
v 0 11
v 1 2
v 2 2
v 3 2
v 4 2
v 5 3
v 6 3
v 7 3
v 8 3
v 9 3
v 10 3
v 11 3
v 12 3
v 13 3
v 14 3
v 15 3
v 16 3
v 17 3
v 18 4
v 19 4
v 20 4
v 21 4
v 22 4
v 23 4
v 24 4
v 25 4
v 26 4
v 27 4
v 28 4
v 29 4
e 1 2 1
e 1 5 1
e 1 7 1
e 2 8 1
e 2 18 1
e 3 5 2
e 3 9 1
e 4 9 2
e 4 10 1
e 5 6 1
e 6 8 2
e 6 10 1
e 7 12 2
e 7 13 1
e 8 19 1
e 9 11 1
e 11 14 1
e 11 20 1
e 11 21 1
e 12 15 1
e 12 22 1
e 13 16 2
e 13 23 1
e 14 24 1
e 14 25 1
e 14 26 1
e 15 17 2
e 15 27 1
e 16 17 1
e 16 28 1
e 17 29 1
t # 7899
v 0 11
v 1 1
v 2 1
v 3 2
v 4 2
v 5 2
v 6 3
v 7 3
v 8 3
v 9 3
v 10 3
v 11 3
v 12 3
v 13 3
v 14 3
v 15 3
v 16 3
v 17 3
v 18 4
v 19 4
v 20 4
v 21 4
v 22 4
v 23 4
v 24 4
v 25 4
v 26 4
v 27 4
v 28 4
v 29 4
v 30 4
e 1 8 2
e 2 11 2
e 3 6 1
e 3 8 1
e 3 18 1
e 4 12 1
e 4 17 1
e 4 28 1
e 5 17 1
e 5 29 1
e 5 30 1
e 6 9 2
e 6 10 1
e 7 8 1
e 7 11 1
e 7 12 2
e 9 13 1
e 9 19 1
e 10 14 2
e 10 20 1
e 11 16 1
e 12 21 1
e 13 15 2
e 13 22 1
e 14 15 1
e 14 23 1
e 15 24 1
e 16 25 1
e 16 26 1
e 16 27 1
