t # 63400
v 0 12
v 1 12
v 2 11
v 3 1
v 4 1
v 5 3
v 6 3
v 7 3
v 8 3
v 9 3
v 10 3
v 11 3
v 12 4
v 13 4
v 14 4
v 15 4
v 16 4
v 17 4
e 0 6 1
e 1 11 1
e 2 3 2
e 2 4 2
e 2 5 1
e 2 6 1
e 5 7 2
e 5 8 1
e 6 12 1
e 6 13 1
e 7 9 1
e 7 14 1
e 8 10 2
e 8 15 1
e 9 11 2
e 9 16 1
e 10 11 1
e 10 17 1
t # 63401
v 0 1
v 1 1
v 2 3
v 3 3
v 4 3
v 5 3
v 6 3
v 7 3
v 8 3
v 9 3
v 10 3
v 11 3
v 12 4
v 13 4
v 14 4
v 15 4
v 16 4
v 17 4
v 18 4
v 19 4
v 20 4
v 21 4
v 22 4
v 23 4
v 24 4
v 25 4
e 0 2 1
e 0 24 1
e 1 3 1
e 1 25 1
e 2 4 1
e 2 5 1
e 2 8 1
e 3 6 1
e 3 7 1
e 3 9 1
e 4 12 1
e 4 13 1
e 4 14 1
e 5 15 1
e 5 16 1
e 5 17 1
e 6 18 1
e 6 19 1
e 6 20 1
e 7 21 1
e 7 22 1
e 7 23 1
e 10 11 1
t # 63402
v 0 8
v 1 1
v 2 1
v 3 1
v 4 1
v 5 1
v 6 3
v 7 3
v 8 3
v 9 3
v 10 3
v 11 4
v 12 4
v 13 4
v 14 4
v 15 4
v 16 4
v 17 4
v 18 4
v 19 4
v 20 4
v 21 4
e 1 8 1
e 2 9 1
e 4 7 1
e 4 10 1
e 5 7 2
e 6 7 1
e 6 11 1
e 6 12 1
e 8 13 1
e 8 14 1
e 8 15 1
e 9 16 1
e 9 17 1
e 9 18 1
e 10 19 1
e 10 20 1
e 10 21 1
t # 63403
v 0 1
v 1 2
v 2 2
v 3 3
v 4 3
v 5 3
v 6 3
v 7 3
v 8 3
v 9 4
v 10 4
v 11 4
v 12 4
v 13 4
v 14 4
v 15 4
v 16 4
v 17 4
v 18 4
v 19 4
v 20 4
v 21 4
v 22 4
e 0 8 2
e 1 3 1
e 1 6 1
e 1 7 1
e 2 5 1
e 2 8 1
e 2 21 1
e 3 4 1
e 3 9 1
e 3 10 1
e 4 5 1
e 4 11 1
e 4 12 1
e 5 13 1
e 5 14 1
e 6 15 1
e 6 16 1
e 6 17 1
e 7 18 1
e 7 19 1
e 7 20 1
e 8 22 1
t # 63404
v 0 1
v 1 2
v 2 3
v 3 3
v 4 3
v 5 3
v 6 4
v 7 4
v 8 4
v 9 4
v 10 4
v 11 4
v 12 4
v 13 4
v 14 4
e 0 14 1
e 1 4 1
e 1 5 1
e 2 3 1
e 2 4 1
e 2 6 1
e 2 7 1
e 3 5 1
e 3 8 1
e 3 9 1
e 4 10 1
e 4 11 1
e 5 12 1
e 5 13 1
t # 63405
v 0 12
v 1 1
v 2 1
v 3 2
v 4 3
v 5 3
v 6 3
v 7 3
v 8 3
v 9 3
v 10 3
v 11 3
v 12 4
v 13 4
v 14 4
v 15 4
v 16 4
v 17 4
v 18 4
v 19 4
e 0 9 1
e 1 10 1
e 1 11 1
e 2 10 2
e 3 5 1
e 3 15 1
e 3 16 1
e 4 5 2
e 4 6 1
e 4 10 1
e 5 7 1
e 6 8 2
e 6 12 1
e 7 9 2
e 7 13 1
e 8 9 1
e 8 14 1
e 11 17 1
e 11 18 1
e 11 19 1
t # 63406
v 0 12
v 1 1
v 2 2
v 3 3
v 4 3
v 5 3
v 6 3
v 7 3
v 8 3
v 9 3
v 10 3
v 11 3
v 12 4
v 13 4
v 14 4
v 15 4
v 16 4
v 17 4
v 18 4
v 19 4
v 20 4
v 21 4
e 0 8 1
e 1 10 2
e 2 3 1
e 2 10 1
e 2 14 1
e 3 4 2
e 3 5 1
e 4 6 1
e 4 7 1
e 5 8 2
e 5 12 1
e 6 9 2
e 6 13 1
e 7 15 1
e 7 16 1
e 7 17 1
e 8 9 1
e 9 18 1
e 10 11 1
e 11 19 1
e 11 20 1
e 11 21 1
t # 63407
v 0 1
v 1 2
v 2 2
v 3 2
v 4 2
v 5 3
v 6 3
v 7 3
v 8 3
v 9 3
v 10 3
v 11 3
v 12 3
v 13 3
v 14 3
v 15 3
v 16 3
v 17 3
v 18 3
v 19 3
v 20 3
v 21 3
v 22 3
v 23 4
v 24 4
v 25 4
v 26 4
v 27 4
v 28 4
v 29 4
v 30 4
v 31 4
v 32 4
v 33 4
v 34 4
v 35 4
v 36 4
v 37 4
v 38 4
v 39 4
v 40 4
v 41 4
v 42 4
v 43 4
v 44 4
e 0 9 2
e 5 7 1
e 5 9 1
e 5 11 1
e 5 12 1
e 6 8 1
e 6 9 1
e 6 13 1
e 6 14 1
e 7 10 1
e 7 23 1
e 7 24 1
e 8 10 1
e 8 25 1
e 8 26 1
e 10 27 1
e 10 28 1
e 11 15 1
e 11 29 1
e 11 30 1
e 12 16 1
e 12 31 1
e 12 32 1
e 13 17 1
e 13 33 1
e 13 34 1
e 14 18 1
e 14 35 1
e 14 36 1
e 15 19 1
e 15 37 1
e 15 38 1
e 16 20 1
e 16 39 1
e 16 40 1
e 17 21 1
e 17 41 1
e 17 42 1
e 18 22 1
e 18 43 1
e 18 44 1
t # 63408
v 0 12
v 1 1
v 2 2
v 3 3
v 4 3
v 5 3
v 6 4
v 7 4
v 8 4
v 9 4
v 10 4
v 11 4
e 0 4 1
e 1 5 2
e 2 5 1
e 2 10 1
e 2 11 1
e 3 4 1
e 3 5 1
e 3 6 1
e 3 7 1
e 4 8 1
e 4 9 1
t # 63409
v 0 1
v 1 2
v 2 2
v 3 3
v 4 3
v 5 3
v 6 3
v 7 3
v 8 3
v 9 3
v 10 4
v 11 4
v 12 4
v 13 4
v 14 4
v 15 4
v 16 4
v 17 4
e 0 6 2
e 1 3 1
e 1 6 1
e 1 10 1
e 2 5 1
e 2 9 2
e 3 4 1
e 3 5 2
e 4 7 2
e 4 11 1
e 5 12 1
e 6 8 1
e 7 9 1
e 7 13 1
e 8 14 1
e 8 15 1
e 8 16 1
e 9 17 1
t # 63410
v 0 1
v 1 1
v 2 1
v 3 2
v 4 3
v 5 3
v 6 3
v 7 3
v 8 3
v 9 3
v 10 3
v 11 3
v 12 3
v 13 3
v 14 3
v 15 4
v 16 4
v 17 4
v 18 4
v 19 4
v 20 4
v 21 4
v 22 4
v 23 4
v 24 4
v 25 4
v 26 4
v 27 4
v 28 4
v 29 4
v 30 4
v 31 4
v 32 4
v 33 4
v 34 4
v 35 4
e 0 11 1
e 0 12 1
e 1 7 2
e 2 11 2
e 3 5 1
e 3 6 1
e 3 7 1
e 4 7 1
e 4 8 1
e 4 15 1
e 4 16 1
e 5 9 1
e 5 17 1
e 5 18 1
e 6 10 1
e 6 19 1
e 6 20 1
e 8 11 1
e 8 21 1
e 8 22 1
e 9 23 1
e 9 24 1
e 9 25 1
e 10 26 1
e 10 27 1
e 10 28 1
e 12 13 1
e 12 29 1
e 12 30 1
e 13 14 1
e 13 31 1
e 13 32 1
e 14 33 1
e 14 34 1
e 14 35 1
t # 63411
v 0 12
v 1 1
v 2 1
v 3 3
v 4 3
v 5 3
v 6 3
v 7 3
v 8 3
v 9 3
v 10 3
v 11 3
v 12 3
v 13 4
v 14 4
v 15 4
v 16 4
v 17 4
v 18 4
v 19 4
v 20 4
v 21 4
v 22 4
v 23 4
v 24 4
v 25 4
e 0 6 1
e 1 5 1
e 1 9 1
e 2 12 1
e 2 25 1
e 3 6 2
e 3 7 1
e 3 10 1
e 4 6 1
e 4 8 2
e 4 11 1
e 5 7 2
e 5 8 1
e 7 13 1
e 8 14 1
e 9 12 1
e 9 15 1
e 9 16 1
e 10 17 1
e 10 18 1
e 10 19 1
e 11 20 1
e 11 21 1
e 11 22 1
e 12 23 1
e 12 24 1
t # 63412
v 0 1
v 1 1
v 2 3
v 3 3
v 4 3
v 5 3
v 6 3
v 7 3
v 8 3
v 9 3
v 10 3
v 11 3
v 12 3
v 13 3
v 14 3
v 15 4
v 16 4
v 17 4
v 18 4
v 19 4
v 20 4
v 21 4
v 22 4
e 0 7 2
e 1 8 2
e 2 3 1
e 2 4 1
e 2 5 2
e 3 7 1
e 3 9 2
e 4 8 1
e 4 10 2
e 5 11 1
e 5 12 1
e 6 7 1
e 6 8 1
e 6 15 1
e 6 16 1
e 9 13 1
e 9 17 1
e 10 14 1
e 10 18 1
e 11 13 2
e 11 19 1
e 12 14 2
e 12 20 1
e 13 21 1
e 14 22 1
t # 63413
v 0 1
v 1 2
v 2 3
v 3 3
v 4 3
v 5 3
v 6 3
v 7 3
v 8 3
v 9 3
v 10 3
v 11 3
v 12 3
v 13 4
v 14 4
v 15 4
v 16 4
v 17 4
v 18 4
v 19 4
v 20 4
v 21 4
v 22 4
v 23 4
v 24 4
v 25 4
v 26 4
v 27 4
v 28 4
v 29 4
e 0 7 1
e 0 29 1
e 1 2 1
e 1 3 1
e 1 6 1
e 2 4 1
e 2 13 1
e 2 14 1
e 3 5 1
e 3 15 1
e 3 16 1
e 4 7 1
e 4 17 1
e 4 18 1
e 5 8 2
e 5 9 1
e 6 19 1
e 6 20 1
e 6 21 1
e 7 22 1
e 7 23 1
e 8 10 1
e 8 24 1
e 9 11 2
e 9 25 1
e 10 12 2
e 10 26 1
e 11 12 1
e 11 27 1
e 12 28 1
t # 63414
v 0 12
v 1 1
v 2 2
v 3 2
v 4 3
v 5 3
v 6 3
v 7 3
v 8 3
v 9 3
v 10 3
v 11 4
v 12 4
v 13 4
v 14 4
v 15 4
v 16 4
v 17 4
e 0 5 1
e 1 7 2
e 2 3 1
e 2 7 1
e 2 15 1
e 3 16 1
e 3 17 1
e 4 5 1
e 4 6 2
e 4 7 1
e 5 8 2
e 6 9 1
e 6 11 1
e 8 10 1
e 8 12 1
e 9 10 2
e 9 13 1
e 10 14 1
t # 63415
v 0 1
v 1 1
v 2 2
v 3 3
v 4 3
v 5 3
v 6 3
v 7 3
v 8 3
v 9 3
v 10 3
v 11 3
v 12 3
v 13 3
v 14 3
v 15 4
v 16 4
v 17 4
v 18 4
v 19 4
v 20 4
v 21 4
v 22 4
v 23 4
v 24 4
v 25 4
v 26 4
v 27 4
v 28 4
v 29 4
v 30 4
v 31 4
v 32 4
v 33 4
v 34 4
v 35 4
e 0 13 1
e 0 35 1
e 1 13 2
e 3 4 1
e 3 5 1
e 3 15 1
e 3 16 1
e 4 6 1
e 4 17 1
e 4 18 1
e 5 7 1
e 5 19 1
e 5 20 1
e 6 8 1
e 6 21 1
e 6 22 1
e 7 9 1
e 7 23 1
e 7 24 1
e 8 10 1
e 8 25 1
e 8 26 1
e 9 11 1
e 9 27 1
e 9 28 1
e 10 12 1
e 10 29 1
e 10 30 1
e 11 13 1
e 11 31 1
e 11 32 1
e 12 14 1
e 12 33 1
e 12 34 1
t # 63416
v 0 1
v 1 1
v 2 1
v 3 1
v 4 2
v 5 3
v 6 3
v 7 3
v 8 3
v 9 3
v 10 3
v 11 3
v 12 3
v 13 3
v 14 3
v 15 3
v 16 3
v 17 3
v 18 3
v 19 3
v 20 3
v 21 3
v 22 3
v 23 4
v 24 4
v 25 4
v 26 4
v 27 4
v 28 4
v 29 4
v 30 4
v 31 4
v 32 4
v 33 4
v 34 4
v 35 4
v 36 4
v 37 4
v 38 4
v 39 4
v 40 4
v 41 4
e 0 11 1
e 0 39 1
e 1 15 2
e 2 22 1
e 2 41 1
e 3 22 2
e 4 5 1
e 4 6 1
e 4 7 1
e 5 8 2
e 5 10 1
e 6 13 1
e 6 23 1
e 6 24 1
e 7 14 1
e 7 25 1
e 7 26 1
e 8 11 1
e 8 27 1
e 9 11 2
e 9 12 1
e 9 15 1
e 10 12 2
e 10 28 1
e 12 29 1
e 13 30 1
e 13 31 1
e 13 32 1
e 14 33 1
e 14 34 1
e 14 35 1
e 15 16 1
e 16 17 1
e 16 18 2
e 17 19 2
e 17 22 1
e 18 20 1
e 18 36 1
e 19 21 1
e 19 37 1
e 20 21 2
e 20 38 1
e 21 40 1
t # 63417
v 0 18
v 1 1
v 2 1
v 3 2
v 4 3
v 5 3
v 6 3
v 7 3
v 8 3
v 9 3
v 10 3
v 11 4
v 12 4
v 13 4
v 14 4
v 15 4
v 16 4
e 1 10 1
e 1 16 1
e 2 10 2
e 3 5 1
e 3 14 1
e 3 15 1
e 4 5 2
e 4 6 1
e 4 10 1
e 5 7 1
e 6 8 2
e 6 11 1
e 7 9 2
e 7 12 1
e 8 9 1
e 9 13 1
t # 63418
v 0 1
v 1 3
v 2 3
v 3 3
v 4 3
v 5 3
v 6 3
v 7 3
v 8 3
v 9 3
v 10 3
v 11 3
v 12 3
v 13 3
v 14 3
v 15 3
v 16 3
v 17 4
v 18 4
v 19 4
v 20 4
v 21 4
v 22 4
v 23 4
v 24 4
v 25 4
v 26 4
v 27 4
v 28 4
v 29 4
v 30 4
v 31 4
v 32 4
e 0 4 1
e 0 22 1
e 1 2 1
e 1 3 1
e 1 4 1
e 1 17 1
e 2 3 1
e 2 18 1
e 2 19 1
e 3 20 1
e 3 21 1
e 4 5 1
e 4 6 1
e 5 7 2
e 5 9 1
e 6 8 2
e 6 10 1
e 7 11 1
e 7 23 1
e 8 12 1
e 8 24 1
e 9 13 2
e 9 25 1
e 10 14 2
e 10 26 1
e 11 15 2
e 11 27 1
e 12 16 2
e 12 28 1
e 13 15 1
e 13 29 1
e 14 16 1
e 14 30 1
e 15 31 1
e 16 32 1
t # 63419
v 0 1
v 1 1
v 2 2
v 3 3
v 4 3
v 5 3
v 6 3
v 7 3
v 8 4
v 9 4
v 10 4
v 11 4
v 12 4
v 13 4
v 14 4
v 15 4
v 16 4
e 0 3 1
e 0 6 1
e 1 3 1
e 1 7 1
e 2 3 1
e 2 4 1
e 2 5 1
e 3 8 1
e 4 6 1
e 4 9 1
e 4 10 1
e 5 7 1
e 5 11 1
e 5 12 1
e 6 13 1
e 6 14 1
e 7 15 1
e 7 16 1
t # 63420
v 0 2
v 1 3
v 2 3
v 3 3
v 4 3
v 5 3
v 6 3
v 7 3
v 8 3
v 9 3
v 10 3
v 11 3
v 12 3
v 13 3
v 14 3
v 15 3
v 16 3
v 17 4
v 18 4
v 19 4
v 20 4
v 21 4
v 22 4
v 23 4
v 24 4
v 25 4
v 26 4
v 27 4
v 28 4
v 29 4
v 30 4
v 31 4
v 32 4
v 33 4
v 34 4
v 35 4
v 36 4
v 37 4
v 38 4
v 39 4
v 40 4
v 41 4
v 42 4
v 43 4
e 0 1 1
e 0 2 1
e 0 3 1
e 1 4 1
e 1 17 1
e 1 18 1
e 2 5 1
e 2 19 1
e 2 20 1
e 3 6 1
e 3 21 1
e 3 22 1
e 4 7 1
e 4 23 1
e 4 24 1
e 5 8 1
e 5 25 1
e 5 26 1
e 6 9 1
e 6 27 1
e 6 28 1
e 7 10 1
e 7 29 1
e 7 30 1
e 8 11 1
e 8 31 1
e 8 32 1
e 9 12 2
e 9 13 1
e 10 33 1
e 10 34 1
e 10 35 1
e 11 36 1
e 11 37 1
e 11 38 1
e 12 14 1
e 12 39 1
e 13 15 2
e 13 40 1
e 14 16 2
e 14 41 1
e 15 16 1
e 15 42 1
e 16 43 1
t # 63421
v 0 2
v 1 2
v 2 3
v 3 3
v 4 3
v 5 3
v 6 4
v 7 4
v 8 4
v 9 4
v 10 4
v 11 4
v 12 4
v 13 4
v 14 4
v 15 4
e 0 1 1
e 0 2 2
e 1 5 1
e 1 12 1
e 2 3 1
e 2 4 1
e 3 6 1
e 3 7 1
e 3 8 1
e 4 9 1
e 4 10 1
e 4 11 1
e 5 13 1
e 5 14 1
e 5 15 1
t # 63422
v 0 1
v 1 1
v 2 2
v 3 2
v 4 2
v 5 2
v 6 3
v 7 3
v 8 3
v 9 3
v 10 3
v 11 3
v 12 3
v 13 3
v 14 3
v 15 4
v 16 4
v 17 4
v 18 4
v 19 4
v 20 4
v 21 4
v 22 4
v 23 4
v 24 4
v 25 4
v 26 4
e 0 9 2
e 1 10 2
e 2 7 1
e 2 10 1
e 2 12 1
e 3 6 1
e 3 8 1
e 3 15 1
e 4 9 1
e 4 10 1
e 4 13 1
e 5 7 1
e 5 8 2
e 6 7 2
e 6 9 1
e 8 11 1
e 11 14 1
e 11 16 1
e 11 17 1
e 12 18 1
e 12 19 1
e 12 20 1
e 13 21 1
e 13 22 1
e 13 23 1
e 14 24 1
e 14 25 1
e 14 26 1
t # 63423
v 0 1
v 1 1
v 2 3
v 3 3
v 4 3
v 5 3
v 6 3
v 7 3
v 8 3
v 9 3
v 10 3
v 11 3
v 12 3
v 13 3
v 14 3
v 15 3
v 16 3
v 17 3
v 18 4
v 19 4
v 20 4
v 21 4
v 22 4
v 23 4
v 24 4
v 25 4
v 26 4
v 27 4
v 28 4
v 29 4
v 30 4
v 31 4
v 32 4
v 33 4
v 34 4
v 35 4
v 36 4
v 37 4
v 38 4
v 39 4
e 0 2 1
e 0 38 1
e 1 3 1
e 1 39 1
e 2 4 1
e 2 5 1
e 2 14 1
e 3 6 1
e 3 7 1
e 3 15 1
e 4 8 1
e 4 18 1
e 4 19 1
e 5 9 1
e 5 20 1
e 5 21 1
e 6 10 1
e 6 22 1
e 6 23 1
e 7 11 1
e 7 24 1
e 7 25 1
e 8 12 1
e 8 26 1
e 8 27 1
e 9 12 1
e 9 28 1
e 9 29 1
e 10 13 1
e 10 30 1
e 10 31 1
e 11 13 1
e 11 32 1
e 11 33 1
e 12 34 1
e 12 35 1
e 13 36 1
e 13 37 1
e 16 17 1
t # 63424
v 0 1
v 1 1
v 2 2
v 3 2
v 4 3
v 5 3
v 6 3
v 7 3
v 8 3
v 9 4
v 10 4
v 11 4
v 12 4
v 13 4
v 14 4
e 0 5 2
e 1 7 2
e 2 3 1
e 2 5 1
e 2 10 1
e 3 7 1
e 3 14 1
e 4 5 1
e 4 6 2
e 4 8 1
e 6 7 1
e 6 9 1
e 8 11 1
e 8 12 1
e 8 13 1
t # 63425
v 0 8
v 1 1
v 2 1
v 3 3
v 4 3
v 5 3
v 6 3
v 7 3
v 8 3
v 9 3
v 10 3
v 11 3
v 12 3
v 13 3
v 14 3
v 15 3
v 16 3
v 17 3
v 18 3
v 19 3
v 20 3
v 21 3
v 22 3
v 23 3
v 24 3
v 25 3
v 26 4
v 27 4
v 28 4
v 29 4
v 30 4
v 31 4
v 32 4
v 33 4
v 34 4
v 35 4
v 36 4
v 37 4
v 38 4
v 39 4
v 40 4
v 41 4
v 42 4
v 43 4
v 44 4
v 45 4
v 46 4
v 47 4
v 48 4
e 1 14 1
e 1 24 1
e 2 14 2
e 3 8 2
e 3 11 1
e 4 9 2
e 4 12 1
e 5 10 2
e 5 13 1
e 6 7 1
e 6 14 1
e 7 26 1
e 7 27 1
e 7 28 1
e 8 15 1
e 8 29 1
e 9 16 1
e 9 30 1
e 10 17 1
e 10 31 1
e 11 18 2
e 11 32 1
e 12 19 2
e 12 33 1
e 13 20 2
e 13 34 1
e 15 21 2
e 15 35 1
e 16 22 2
e 16 36 1
e 17 23 2
e 17 37 1
e 18 21 1
e 18 38 1
e 19 22 1
e 19 39 1
e 20 23 1
e 20 40 1
e 21 41 1
e 22 42 1
e 23 43 1
e 24 25 1
e 24 44 1
e 24 45 1
e 25 46 1
e 25 47 1
e 25 48 1
t # 63426
v 0 1
v 1 1
v 2 2
v 3 2
v 4 3
v 5 3
v 6 3
v 7 3
v 8 3
v 9 3
v 10 3
v 11 3
v 12 3
v 13 3
v 14 3
v 15 3
v 16 3
v 17 3
v 18 3
v 19 3
v 20 3
v 21 3
v 22 3
v 23 3
v 24 4
v 25 4
v 26 4
v 27 4
v 28 4
v 29 4
v 30 4
v 31 4
v 32 4
v 33 4
v 34 4
v 35 4
v 36 4
v 37 4
v 38 4
v 39 4
v 40 4
v 41 4
v 42 4
v 43 4
v 44 4
v 45 4
e 0 13 1
e 0 22 1
e 1 15 1
e 1 23 1
e 2 5 1
e 2 7 1
e 2 30 1
e 3 8 2
e 3 12 1
e 4 5 1
e 4 6 1
e 4 24 1
e 4 25 1
e 5 26 1
e 5 27 1
e 6 9 2
e 6 10 1
e 7 8 1
e 7 28 1
e 7 29 1
e 8 14 1
e 9 13 1
e 9 31 1
e 10 16 2
e 10 32 1
e 11 12 1
e 11 17 1
e 11 18 2
e 12 19 2
e 13 15 2
e 14 17 2
e 14 33 1
e 15 16 1
e 16 34 1
e 17 35 1
e 18 20 1
e 18 36 1
e 19 21 1
e 19 37 1
e 20 21 2
e 20 38 1
e 21 39 1
e 22 40 1
e 22 41 1
e 22 42 1
e 23 43 1
e 23 44 1
e 23 45 1
t # 63427
v 0 3
v 1 3
v 2 3
v 3 3
v 4 3
v 5 3
v 6 3
v 7 3
v 8 3
v 9 3
v 10 3
v 11 3
v 12 3
v 13 3
v 14 4
v 15 4
v 16 4
v 17 4
v 18 4
v 19 4
v 20 4
v 21 4
v 22 4
v 23 4
v 24 4
v 25 4
v 26 4
v 27 4
e 0 2 1
e 0 4 2
e 0 5 1
e 1 3 1
e 1 6 2
e 1 7 1
e 2 8 1
e 2 14 1
e 2 15 1
e 3 9 2
e 3 10 1
e 4 6 1
e 4 16 1
e 5 7 2
e 5 17 1
e 6 18 1
e 7 19 1
e 8 20 1
e 8 21 1
e 8 22 1
e 9 11 1
e 9 23 1
e 10 12 2
e 10 24 1
e 11 13 2
e 11 25 1
e 12 13 1
e 12 26 1
e 13 27 1
t # 63428
v 0 1
v 1 1
v 2 1
v 3 1
v 4 1
v 5 2
v 6 3
v 7 3
v 8 3
v 9 3
v 10 3
v 11 3
v 12 4
v 13 4
v 14 4
v 15 4
v 16 4
v 17 4
v 18 4
v 19 4
v 20 4
v 21 4
v 22 4
v 23 4
v 24 4
e 0 7 1
e 0 21 1
e 1 8 1
e 1 22 1
e 2 9 1
e 2 23 1
e 3 11 1
e 3 24 1
e 4 11 2
e 5 6 1
e 5 10 1
e 5 18 1
e 6 7 1
e 6 8 1
e 6 9 1
e 7 12 1
e 7 13 1
e 8 14 1
e 8 15 1
e 9 16 1
e 9 17 1
e 10 11 1
e 10 19 1
e 10 20 1
t # 63429
v 0 1
v 1 1
v 2 3
v 3 3
v 4 3
v 5 3
v 6 3
v 7 3
v 8 3
v 9 3
v 10 3
v 11 4
v 12 4
v 13 4
v 14 4
v 15 4
v 16 4
v 17 4
v 18 4
v 19 4
v 20 4
v 21 4
v 22 4
e 0 3 1
e 0 9 1
e 1 4 1
e 1 10 1
e 2 3 2
e 2 4 1
e 2 5 1
e 3 6 1
e 4 7 2
e 5 11 1
e 5 12 1
e 5 13 1
e 6 8 2
e 6 14 1
e 7 8 1
e 7 15 1
e 8 16 1
e 9 17 1
e 9 18 1
e 9 19 1
e 10 20 1
e 10 21 1
e 10 22 1
t # 63430
v 0 11
v 1 1
v 2 2
v 3 3
v 4 3
v 5 3
v 6 3
v 7 3
v 8 3
v 9 3
v 10 3
v 11 3
v 12 3
v 13 3
v 14 3
v 15 3
v 16 3
v 17 3
v 18 4
v 19 4
v 20 4
v 21 4
v 22 4
v 23 4
v 24 4
v 25 4
v 26 4
v 27 4
v 28 4
e 0 4 1
e 0 5 1
e 1 10 2
e 2 3 1
e 2 10 1
e 2 18 1
e 3 4 1
e 3 8 2
e 4 9 2
e 5 6 1
e 5 7 2
e 6 11 2
e 6 12 1
e 7 10 1
e 7 19 1
e 8 13 1
e 8 20 1
e 9 14 1
e 9 21 1
e 11 15 1
e 11 22 1
e 12 16 2
e 12 23 1
e 13 14 2
e 13 24 1
e 14 25 1
e 15 17 2
e 15 26 1
e 16 17 1
e 16 27 1
e 17 28 1
t # 63431
v 0 1
v 1 1
v 2 1
v 3 3
v 4 3
v 5 3
v 6 3
v 7 3
v 8 3
v 9 3
v 10 3
v 11 3
v 12 4
v 13 4
v 14 4
v 15 4
v 16 4
v 17 4
v 18 4
v 19 4
v 20 4
v 21 4
v 22 4
v 23 4
e 0 10 1
e 0 11 1
e 1 10 2
e 2 11 2
e 3 4 1
e 3 5 1
e 3 8 1
e 3 9 1
e 4 6 1
e 4 12 1
e 4 13 1
e 5 7 1
e 5 14 1
e 5 15 1
e 6 7 1
e 6 16 1
e 6 17 1
e 7 18 1
e 7 19 1
e 8 10 1
e 8 20 1
e 8 21 1
e 9 11 1
e 9 22 1
e 9 23 1
t # 63432
v 0 2
v 1 3
v 2 3
v 3 3
v 4 3
v 5 3
v 6 3
v 7 3
v 8 3
v 9 4
v 10 4
v 11 4
v 12 4
v 13 4
v 14 4
v 15 4
v 16 4
v 17 4
v 18 4
v 19 4
v 20 4
v 21 4
v 22 4
v 23 4
v 24 4
v 25 4
e 0 7 1
e 0 8 1
e 0 25 1
e 1 2 1
e 1 3 1
e 1 9 1
e 1 10 1
e 2 4 1
e 2 11 1
e 2 12 1
e 3 5 1
e 3 13 1
e 3 14 1
e 4 6 1
e 4 15 1
e 4 16 1
e 5 7 1
e 5 17 1
e 5 18 1
e 6 8 1
e 6 19 1
e 6 20 1
e 7 21 1
e 7 22 1
e 8 23 1
e 8 24 1
t # 63433
v 0 1
v 1 1
v 2 1
v 3 3
v 4 3
v 5 3
v 6 3
v 7 3
v 8 3
v 9 3
v 10 3
v 11 3
v 12 4
v 13 4
v 14 4
v 15 4
v 16 4
v 17 4
v 18 4
v 19 4
v 20 4
v 21 4
v 22 4
v 23 4
e 0 4 1
e 0 10 1
e 1 5 1
e 1 11 1
e 2 7 1
e 2 23 1
e 3 4 2
e 3 6 1
e 3 7 1
e 4 5 1
e 5 8 2
e 6 9 2
e 6 12 1
e 7 13 1
e 7 14 1
e 8 9 1
e 8 15 1
e 9 16 1
e 10 17 1
e 10 18 1
e 10 19 1
e 11 20 1
e 11 21 1
e 11 22 1
t # 63434
v 0 1
v 1 1
v 2 3
v 3 3
v 4 3
v 5 3
v 6 3
v 7 3
v 8 3
v 9 3
v 10 3
v 11 3
v 12 3
v 13 3
v 14 3
v 15 3
v 16 3
v 17 3
v 18 3
v 19 3
v 20 3
v 21 4
v 22 4
v 23 4
v 24 4
v 25 4
v 26 4
v 27 4
v 28 4
v 29 4
v 30 4
v 31 4
v 32 4
v 33 4
v 34 4
v 35 4
v 36 4
v 37 4
v 38 4
v 39 4
v 40 4
v 41 4
v 42 4
v 43 4
v 44 4
e 0 15 1
e 0 43 1
e 1 16 1
e 1 44 1
e 2 3 1
e 2 4 1
e 2 5 1
e 2 6 1
e 3 7 2
e 3 9 1
e 4 8 2
e 4 10 1
e 5 21 1
e 5 22 1
e 5 23 1
e 6 24 1
e 6 25 1
e 6 26 1
e 7 11 1
e 7 27 1
e 8 12 1
e 8 28 1
e 9 13 2
e 9 29 1
e 10 14 2
e 10 30 1
e 11 15 2
e 11 17 1
e 12 16 2
e 12 18 1
e 13 15 1
e 13 19 1
e 14 16 1
e 14 20 1
e 17 31 1
e 17 32 1
e 17 33 1
e 18 34 1
e 18 35 1
e 18 36 1
e 19 37 1
e 19 38 1
e 19 39 1
e 20 40 1
e 20 41 1
e 20 42 1
t # 63435
v 0 1
v 1 1
v 2 1
v 3 1
v 4 2
v 5 3
v 6 3
v 7 3
v 8 3
v 9 3
v 10 3
v 11 3
v 12 3
v 13 3
v 14 3
v 15 4
v 16 4
v 17 4
v 18 4
v 19 4
v 20 4
v 21 4
v 22 4
v 23 4
v 24 4
v 25 4
e 0 14 1
e 0 25 1
e 1 14 2
e 4 13 1
e 5 6 1
e 5 7 1
e 5 15 1
e 5 16 1
e 6 8 1
e 6 17 1
e 6 18 1
e 7 9 2
e 7 10 1
e 8 14 1
e 8 19 1
e 8 20 1
e 9 11 1
e 9 21 1
e 10 12 2
e 10 22 1
e 11 13 2
e 11 23 1
e 12 13 1
e 12 24 1
t # 63436
v 0 11
v 1 11
v 2 3
v 3 3
v 4 3
v 5 3
v 6 3
v 7 3
v 8 3
v 9 3
v 10 3
v 11 3
v 12 3
v 13 3
v 14 3
v 15 3
v 16 3
v 17 3
v 18 3
v 19 3
v 20 3
v 21 3
v 22 4
v 23 4
v 24 4
v 25 4
v 26 4
v 27 4
v 28 4
v 29 4
v 30 4
v 31 4
v 32 4
v 33 4
v 34 4
v 35 4
e 0 8 1
e 1 9 1
e 2 4 1
e 2 6 1
e 2 12 2
e 3 5 1
e 3 7 1
e 3 13 2
e 4 10 1
e 4 14 2
e 5 11 1
e 5 15 2
e 6 8 2
e 6 22 1
e 7 9 2
e 7 23 1
e 8 16 1
e 9 17 1
e 10 16 2
e 10 24 1
e 11 17 2
e 11 25 1
e 12 18 1
e 12 26 1
e 13 19 1
e 13 27 1
e 14 20 1
e 14 28 1
e 15 21 1
e 15 29 1
e 16 30 1
e 17 31 1
e 18 20 2
e 18 32 1
e 19 21 2
e 19 33 1
e 20 34 1
e 21 35 1
t # 63437
v 0 1
v 1 1
v 2 3
v 3 3
v 4 3
v 5 3
v 6 3
v 7 3
v 8 3
v 9 3
v 10 3
v 11 3
v 12 3
v 13 3
v 14 4
v 15 4
v 16 4
v 17 4
v 18 4
v 19 4
v 20 4
v 21 4
v 22 4
v 23 4
v 24 4
v 25 4
v 26 4
v 27 4
v 28 4
v 29 4
e 0 10 1
e 0 29 1
e 1 10 2
e 2 3 1
e 2 4 1
e 2 14 1
e 2 15 1
e 3 5 1
e 3 16 1
e 3 17 1
e 4 7 1
e 4 18 1
e 4 19 1
e 5 6 1
e 5 20 1
e 5 21 1
e 6 8 2
e 6 9 1
e 7 10 1
e 7 22 1
e 7 23 1
e 8 11 1
e 8 24 1
e 9 12 2
e 9 25 1
e 11 13 2
e 11 26 1
e 12 13 1
e 12 27 1
e 13 28 1
t # 63438
v 0 2
v 1 3
v 2 3
v 3 3
v 4 3
v 5 3
v 6 3
v 7 3
v 8 3
v 9 3
v 10 3
v 11 3
v 12 3
v 13 3
v 14 3
v 15 3
v 16 3
v 17 4
v 18 4
v 19 4
v 20 4
v 21 4
v 22 4
v 23 4
v 24 4
v 25 4
v 26 4
v 27 4
v 28 4
v 29 4
v 30 4
v 31 4
e 1 2 1
e 1 3 1
e 1 4 1
e 1 10 1
e 2 5 1
e 2 17 1
e 2 18 1
e 3 6 2
e 3 8 1
e 4 7 2
e 4 9 1
e 5 19 1
e 5 20 1
e 5 21 1
e 6 11 1
e 6 22 1
e 7 12 1
e 7 23 1
e 8 13 2
e 8 24 1
e 9 14 2
e 9 25 1
e 11 15 2
e 11 26 1
e 12 16 2
e 12 27 1
e 13 15 1
e 13 28 1
e 14 16 1
e 14 29 1
e 15 30 1
e 16 31 1
t # 63439
v 0 1
v 1 1
v 2 3
v 3 3
v 4 3
v 5 3
v 6 3
v 7 3
v 8 3
v 9 3
v 10 3
v 11 3
v 12 3
v 13 3
v 14 3
v 15 3
v 16 3
v 17 4
v 18 4
v 19 4
v 20 4
v 21 4
v 22 4
v 23 4
v 24 4
v 25 4
v 26 4
v 27 4
v 28 4
v 29 4
v 30 4
e 0 6 1
e 0 30 1
e 1 6 2
e 2 3 1
e 2 4 1
e 2 5 1
e 2 6 1
e 3 7 2
e 3 9 1
e 4 8 2
e 4 10 1
e 5 17 1
e 5 18 1
e 5 19 1
e 7 11 1
e 7 20 1
e 8 12 1
e 8 21 1
e 9 13 2
e 9 22 1
e 10 14 2
e 10 23 1
e 11 15 2
e 11 24 1
e 12 16 2
e 12 25 1
e 13 15 1
e 13 26 1
e 14 16 1
e 14 27 1
e 15 28 1
e 16 29 1
t # 63440
v 0 12
v 1 1
v 2 1
v 3 1
v 4 3
v 5 3
v 6 3
v 7 3
v 8 3
v 9 3
v 10 3
v 11 3
v 12 3
v 13 4
v 14 4
v 15 4
v 16 4
v 17 4
v 18 4
v 19 4
e 0 10 1
e 1 4 1
e 1 11 1
e 2 10 2
e 3 11 2
e 4 5 1
e 4 6 2
e 5 7 2
e 5 10 1
e 6 8 1
e 6 13 1
e 7 9 1
e 7 14 1
e 8 9 2
e 8 15 1
e 9 16 1
e 11 12 1
e 12 17 1
e 12 18 1
e 12 19 1
t # 63441
v 0 12
v 1 11
v 2 1
v 3 1
v 4 2
v 5 3
v 6 3
v 7 3
v 8 3
v 9 3
v 10 3
v 11 3
v 12 3
v 13 4
v 14 4
v 15 4
v 16 4
v 17 4
v 18 4
v 19 4
v 20 4
e 0 12 1
e 1 5 1
e 1 6 1
e 4 9 1
e 5 7 2
e 5 8 1
e 6 12 1
e 6 13 1
e 6 14 1
e 7 10 1
e 7 15 1
e 8 11 2
e 8 16 1
e 9 10 2
e 9 11 1
e 10 17 1
e 11 18 1
e 12 19 1
e 12 20 1
t # 63442
v 0 12
v 1 1
v 2 1
v 3 2
v 4 3
v 5 3
v 6 3
v 7 3
v 8 3
v 9 3
v 10 3
v 11 3
v 12 3
v 13 3
v 14 3
v 15 3
v 16 3
v 17 3
v 18 4
v 19 4
v 20 4
v 21 4
v 22 4
v 23 4
v 24 4
v 25 4
v 26 4
v 27 4
v 28 4
v 29 4
v 30 4
v 31 4
v 32 4
v 33 4
v 34 4
v 35 4
v 36 4
v 37 4
v 38 4
v 39 4
e 1 8 2
e 2 16 1
e 2 17 1
e 3 4 1
e 3 6 1
e 3 7 1
e 4 5 1
e 4 18 1
e 4 19 1
e 5 8 1
e 5 20 1
e 5 21 1
e 6 9 1
e 6 22 1
e 6 23 1
e 7 10 1
e 7 24 1
e 7 25 1
e 8 11 1
e 9 26 1
e 9 27 1
e 9 28 1
e 10 29 1
e 10 30 1
e 10 31 1
e 11 12 2
e 11 13 1
e 12 14 1
e 12 32 1
e 13 15 2
e 13 33 1
e 14 16 2
e 14 34 1
e 15 16 1
e 15 35 1
e 17 36 1
e 17 37 1
e 17 38 1
t # 63443
v 0 12
v 1 1
v 2 1
v 3 2
v 4 2
v 5 2
v 6 2
v 7 2
v 8 3
v 9 3
v 10 3
v 11 3
v 12 3
v 13 3
v 14 3
v 15 3
v 16 3
v 17 3
v 18 3
v 19 3
v 20 3
v 21 3
v 22 3
v 23 3
v 24 3
v 25 3
v 26 3
v 27 3
v 28 3
v 29 3
v 30 4
v 31 4
v 32 4
v 33 4
v 34 4
v 35 4
v 36 4
v 37 4
v 38 4
v 39 4
v 40 4
v 41 4
v 42 4
v 43 4
v 44 4
v 45 4
v 46 4
v 47 4
v 48 4
v 49 4
e 0 28 1
e 1 11 1
e 1 20 1
e 2 20 2
e 3 9 1
e 3 10 1
e 3 16 1
e 4 12 1
e 4 23 1
e 4 38 1
e 5 16 1
e 5 23 2
e 6 16 2
e 6 28 1
e 7 23 1
e 7 28 2
e 8 11 2
e 8 14 1
e 8 17 1
e 9 21 1
e 9 30 1
e 9 31 1
e 10 22 1
e 10 32 1
e 10 33 1
e 11 15 1
e 12 15 2
e 12 18 1
e 13 14 2
e 13 19 1
e 13 20 1
e 14 34 1
e 15 35 1
e 17 18 2
e 17 36 1
e 18 37 1
e 19 24 2
e 19 25 1
e 21 39 1
e 21 40 1
e 21 41 1
e 22 42 1
e 22 43 1
e 22 44 1
e 24 26 1
e 24 45 1
e 25 27 2
e 25 46 1
e 26 29 2
e 26 47 1
e 27 29 1
e 27 48 1
e 29 49 1
t # 63444
v 0 14
v 1 14
v 2 2
v 3 3
v 4 3
v 5 3
v 6 3
v 7 3
v 8 3
v 9 4
v 10 4
v 11 4
v 12 4
v 13 4
e 2 3 1
e 2 12 1
e 2 13 1
e 3 4 2
e 3 5 1
e 4 6 1
e 5 7 2
e 6 8 2
e 6 9 1
e 7 8 1
e 7 10 1
e 8 11 1
t # 63445
v 0 1
v 1 2
v 2 2
v 3 2
v 4 2
v 5 2
v 6 3
v 7 3
v 8 3
v 9 3
v 10 3
v 11 3
v 12 4
v 13 4
v 14 4
v 15 4
v 16 4
v 17 4
v 18 4
e 0 10 2
e 1 6 1
e 1 8 1
e 1 9 1
e 2 6 1
e 2 11 1
e 2 12 1
e 3 7 1
e 3 8 2
e 4 10 1
e 4 11 2
e 5 11 1
e 5 17 1
e 5 18 1
e 6 7 2
e 7 10 1
e 8 13 1
e 9 14 1
e 9 15 1
e 9 16 1
t # 63446
v 0 1
v 1 1
v 2 1
v 3 2
v 4 3
v 5 3
v 6 3
v 7 3
v 8 3
v 9 3
v 10 3
v 11 3
v 12 4
v 13 4
v 14 4
v 15 4
v 16 4
v 17 4
v 18 4
v 19 4
v 20 4
e 0 6 1
e 0 20 1
e 1 7 2
e 2 9 2
e 3 5 1
e 3 6 1
e 3 12 1
e 4 6 2
e 4 7 1
e 4 9 1
e 5 8 2
e 5 10 1
e 7 8 1
e 8 13 1
e 9 11 1
e 10 14 1
e 10 15 1
e 10 16 1
e 11 17 1
e 11 18 1
e 11 19 1
t # 63447
v 0 1
v 1 3
v 2 3
v 3 3
v 4 3
v 5 3
v 6 3
v 7 3
v 8 4
v 9 4
v 10 4
v 11 4
v 12 4
v 13 4
v 14 4
v 15 4
v 16 4
v 17 4
v 18 4
v 19 4
e 0 5 2
e 1 2 1
e 1 3 1
e 1 4 1
e 1 5 1
e 2 6 1
e 2 8 1
e 2 9 1
e 3 10 1
e 3 11 1
e 3 12 1
e 4 13 1
e 4 14 1
e 4 15 1
e 5 16 1
e 6 7 2
e 6 17 1
e 7 18 1
e 7 19 1
t # 63448
v 0 1
v 1 1
v 2 1
v 3 1
v 4 1
v 5 1
v 6 3
v 7 3
v 8 3
v 9 3
v 10 3
v 11 3
v 12 3
v 13 3
v 14 3
v 15 3
v 16 4
v 17 4
v 18 4
v 19 4
v 20 4
v 21 4
v 22 4
v 23 4
v 24 4
v 25 4
e 0 8 1
e 0 22 1
e 1 9 1
e 1 23 1
e 2 14 1
e 2 24 1
e 3 15 1
e 3 25 1
e 4 14 2
e 5 15 2
e 6 8 2
e 6 10 1
e 6 12 1
e 7 9 1
e 7 11 2
e 7 13 1
e 8 11 1
e 9 10 2
e 10 16 1
e 11 17 1
e 12 14 1
e 12 18 1
e 12 19 1
e 13 15 1
e 13 20 1
e 13 21 1
t # 63449
v 0 1
v 1 1
v 2 3
v 3 3
v 4 3
v 5 3
v 6 3
v 7 3
v 8 3
v 9 3
v 10 3
v 11 3
v 12 3
v 13 3
v 14 4
v 15 4
v 16 4
v 17 4
v 18 4
v 19 4
v 20 4
v 21 4
v 22 4
v 23 4
v 24 4
v 25 4
e 0 8 1
e 0 12 1
e 1 9 1
e 1 13 1
e 2 3 2
e 2 4 1
e 2 7 1
e 3 5 1
e 3 6 1
e 4 8 2
e 4 14 1
e 5 9 2
e 5 15 1
e 6 10 2
e 6 16 1
e 7 11 2
e 7 17 1
e 8 10 1
e 9 11 1
e 10 18 1
e 11 19 1
e 12 20 1
e 12 21 1
e 12 22 1
e 13 23 1
e 13 24 1
e 13 25 1
t # 63450
v 0 1
v 1 2
v 2 2
v 3 2
v 4 2
v 5 3
v 6 3
v 7 3
v 8 3
v 9 3
v 10 3
v 11 3
v 12 3
v 13 3
v 14 3
v 15 3
v 16 4
v 17 4
v 18 4
v 19 4
v 20 4
v 21 4
v 22 4
v 23 4
v 24 4
v 25 4
v 26 4
v 27 4
v 28 4
v 29 4
e 0 8 1
e 0 9 1
e 1 5 1
e 1 6 1
e 1 7 1
e 2 3 1
e 2 7 1
e 2 10 1
e 4 11 1
e 5 8 1
e 5 16 1
e 5 17 1
e 6 9 1
e 6 18 1
e 6 19 1
e 7 20 1
e 7 21 1
e 8 22 1
e 8 23 1
e 9 24 1
e 9 25 1
e 10 11 1
e 10 12 2
e 11 13 2
e 12 14 1
e 12 26 1
e 13 15 1
e 13 27 1
e 14 15 2
e 14 28 1
e 15 29 1
t # 63451
v 0 18
v 1 3
v 2 3
v 3 3
v 4 3
v 5 3
v 6 3
v 7 3
v 8 3
v 9 3
v 10 4
v 11 4
v 12 4
v 13 4
v 14 4
v 15 4
v 16 4
v 17 4
v 18 4
v 19 4
v 20 4
e 1 2 1
e 1 4 2
e 1 7 1
e 2 5 2
e 2 8 1
e 3 4 1
e 3 6 2
e 3 9 1
e 4 10 1
e 5 6 1
e 5 11 1
e 7 12 1
e 7 13 1
e 7 14 1
e 8 15 1
e 8 16 1
e 8 17 1
e 9 18 1
e 9 19 1
e 9 20 1
t # 63452
v 0 12
v 1 1
v 2 3
v 3 3
v 4 3
v 5 3
v 6 3
v 7 3
v 8 3
v 9 3
v 10 3
v 11 3
v 12 4
v 13 4
v 14 4
v 15 4
v 16 4
v 17 4
v 18 4
v 19 4
v 20 4
v 21 4
v 22 4
v 23 4
v 24 4
e 0 11 1
e 1 2 1
e 1 22 1
e 2 3 1
e 2 5 1
e 2 6 1
e 3 4 1
e 3 12 1
e 3 13 1
e 4 7 2
e 4 8 1
e 5 14 1
e 5 15 1
e 5 16 1
e 6 17 1
e 6 18 1
e 6 19 1
e 7 9 1
e 7 20 1
e 8 10 2
e 8 21 1
e 9 11 2
e 9 23 1
e 10 11 1
e 10 24 1
t # 63453
v 0 2
v 1 2
v 2 2
v 3 2
v 4 3
v 5 3
v 6 3
v 7 3
v 8 4
v 9 4
v 10 4
v 11 4
v 12 4
v 13 4
e 0 5 2
e 0 7 1
e 1 6 1
e 1 7 2
e 2 5 1
e 2 10 1
e 2 11 1
e 3 6 1
e 3 12 1
e 3 13 1
e 4 5 1
e 4 6 2
e 4 8 1
e 7 9 1
t # 63454
v 0 1
v 1 1
v 2 1
v 3 2
v 4 3
v 5 3
v 6 3
v 7 3
v 8 3
v 9 3
v 10 3
v 11 3
v 12 4
v 13 4
v 14 4
v 15 4
v 16 4
v 17 4
v 18 4
v 19 4
v 20 4
v 21 4
v 22 4
v 23 4
v 24 4
v 25 4
v 26 4
v 27 4
v 28 4
v 29 4
e 0 8 1
e 0 9 1
e 1 10 1
e 1 28 1
e 2 11 1
e 2 29 1
e 3 4 1
e 3 5 1
e 3 6 1
e 3 7 1
e 4 8 1
e 4 12 1
e 4 13 1
e 5 9 1
e 5 14 1
e 5 15 1
e 6 10 1
e 6 16 1
e 6 17 1
e 7 11 1
e 7 18 1
e 7 19 1
e 8 20 1
e 8 21 1
e 9 22 1
e 9 23 1
e 10 24 1
e 10 25 1
e 11 26 1
e 11 27 1
t # 63455
v 0 11
v 1 1
v 2 3
v 3 3
v 4 3
v 5 3
v 6 3
v 7 3
v 8 3
v 9 3
v 10 3
v 11 3
v 12 3
v 13 3
v 14 3
v 15 3
v 16 3
v 17 4
v 18 4
v 19 4
v 20 4
v 21 4
v 22 4
v 23 4
v 24 4
v 25 4
v 26 4
e 1 3 1
e 1 4 1
e 2 3 1
e 2 6 1
e 2 8 2
e 3 9 2
e 4 5 1
e 4 7 2
e 5 10 2
e 5 11 1
e 6 7 1
e 7 17 1
e 8 12 1
e 8 18 1
e 9 13 1
e 9 19 1
e 10 14 1
e 10 20 1
e 11 15 2
e 11 21 1
e 12 13 2
e 12 22 1
e 13 23 1
e 14 16 2
e 14 24 1
e 15 16 1
e 15 25 1
e 16 26 1
t # 63456
v 0 1
v 1 1
v 2 1
v 3 1
v 4 1
v 5 2
v 6 2
v 7 3
v 8 3
v 9 3
v 10 3
v 11 3
v 12 3
v 13 3
v 14 3
v 15 3
v 16 4
v 17 4
v 18 4
v 19 4
v 20 4
v 21 4
v 22 4
v 23 4
e 0 14 1
e 0 23 1
e 1 13 2
e 2 14 2
e 5 7 1
e 5 13 1
e 5 19 1
e 6 10 1
e 7 9 1
e 7 11 2
e 8 9 2
e 8 12 1
e 8 14 1
e 9 16 1
e 10 11 1
e 10 12 2
e 11 17 1
e 12 18 1
e 13 15 1
e 15 20 1
e 15 21 1
e 15 22 1
t # 63457
v 0 1
v 1 3
v 2 3
v 3 3
v 4 3
v 5 3
v 6 3
v 7 3
v 8 3
v 9 3
v 10 3
v 11 3
v 12 4
v 13 4
v 14 4
v 15 4
v 16 4
v 17 4
v 18 4
v 19 4
v 20 4
v 21 4
v 22 4
v 23 4
v 24 4
v 25 4
v 26 4
v 27 4
v 28 4
v 29 4
v 30 4
v 31 4
v 32 4
v 33 4
e 0 7 2
e 1 2 1
e 1 3 1
e 1 12 1
e 1 13 1
e 2 4 1
e 2 14 1
e 2 15 1
e 3 5 1
e 3 16 1
e 3 17 1
e 4 7 1
e 4 18 1
e 4 19 1
e 5 8 1
e 5 20 1
e 5 21 1
e 6 7 1
e 6 9 1
e 6 10 1
e 6 22 1
e 8 11 1
e 8 23 1
e 8 24 1
e 9 25 1
e 9 26 1
e 9 27 1
e 10 28 1
e 10 29 1
e 10 30 1
e 11 31 1
e 11 32 1
e 11 33 1
t # 63458
v 0 1
v 1 1
v 2 2
v 3 3
v 4 3
v 5 3
v 6 3
v 7 3
v 8 3
v 9 3
v 10 3
v 11 3
v 12 4
v 13 4
v 14 4
v 15 4
v 16 4
v 17 4
v 18 4
e 0 10 1
e 0 18 1
e 1 10 2
e 3 4 1
e 3 5 2
e 3 6 1
e 4 10 1
e 4 12 1
e 4 13 1
e 5 7 1
e 5 14 1
e 6 8 2
e 6 15 1
e 7 9 2
e 7 16 1
e 8 9 1
e 8 17 1
e 9 11 1
t # 63459
v 0 1
v 1 2
v 2 3
v 3 3
v 4 3
v 5 3
v 6 3
v 7 3
v 8 3
v 9 3
v 10 3
v 11 4
v 12 4
v 13 4
v 14 4
v 15 4
v 16 4
v 17 4
v 18 4
v 19 4
v 20 4
v 21 4
e 0 9 2
e 1 2 1
e 1 3 1
e 1 9 1
e 2 4 1
e 2 11 1
e 2 12 1
e 3 5 2
e 3 6 1
e 4 13 1
e 4 14 1
e 4 15 1
e 5 7 1
e 5 16 1
e 6 8 2
e 6 17 1
e 7 10 2
e 7 18 1
e 8 10 1
e 8 19 1
e 9 20 1
e 10 21 1
t # 63460
v 0 1
v 1 1
v 2 1
v 3 1
v 4 1
v 5 2
v 6 3
v 7 3
v 8 3
v 9 3
v 10 3
v 11 3
v 12 3
v 13 3
v 14 3
v 15 4
v 16 4
v 17 4
v 18 4
v 19 4
v 20 4
v 21 4
e 0 12 2
e 3 14 1
e 3 21 1
e 4 14 2
e 5 8 1
e 6 7 1
e 6 8 1
e 6 9 2
e 7 12 1
e 7 15 1
e 7 16 1
e 8 10 2
e 9 11 1
e 9 17 1
e 10 13 1
e 10 18 1
e 11 13 2
e 11 19 1
e 12 14 1
e 13 20 1
t # 63461
v 0 1
v 1 2
v 2 2
v 3 3
v 4 3
v 5 3
v 6 3
v 7 3
v 8 3
v 9 3
v 10 3
v 11 3
v 12 3
v 13 3
v 14 3
v 15 3
v 16 3
v 17 4
v 18 4
v 19 4
v 20 4
v 21 4
v 22 4
v 23 4
v 24 4
v 25 4
v 26 4
v 27 4
v 28 4
v 29 4
v 30 4
v 31 4
v 32 4
v 33 4
v 34 4
e 0 13 1
e 0 16 1
e 1 6 1
e 1 7 1
e 1 9 1
e 3 4 1
e 3 5 1
e 3 8 1
e 3 10 1
e 4 6 1
e 4 17 1
e 4 18 1
e 5 7 1
e 5 19 1
e 5 20 1
e 6 21 1
e 6 22 1
e 7 23 1
e 7 24 1
e 8 11 2
e 8 12 1
e 9 25 1
e 9 26 1
e 9 27 1
e 11 13 1
e 11 28 1
e 12 14 2
e 12 29 1
e 13 15 2
e 14 15 1
e 14 30 1
e 15 31 1
e 16 32 1
e 16 33 1
e 16 34 1
t # 63462
v 0 1
v 1 1
v 2 3
v 3 3
v 4 3
v 5 3
v 6 3
v 7 3
v 8 3
v 9 3
v 10 3
v 11 3
v 12 3
v 13 3
v 14 3
v 15 3
v 16 4
v 17 4
v 18 4
v 19 4
v 20 4
v 21 4
v 22 4
v 23 4
v 24 4
v 25 4
v 26 4
v 27 4
v 28 4
v 29 4
v 30 4
v 31 4
v 32 4
v 33 4
v 34 4
v 35 4
v 36 4
v 37 4
v 38 4
v 39 4
v 40 4
v 41 4
e 0 10 1
e 0 12 1
e 1 10 2
e 2 3 1
e 2 4 1
e 2 16 1
e 2 17 1
e 3 5 1
e 3 18 1
e 3 19 1
e 4 6 1
e 4 20 1
e 4 21 1
e 5 7 1
e 5 22 1
e 5 23 1
e 6 8 1
e 6 24 1
e 6 25 1
e 7 9 1
e 7 26 1
e 7 27 1
e 8 10 1
e 8 28 1
e 8 29 1
e 9 11 1
e 9 30 1
e 9 31 1
e 11 15 2
e 11 33 1
e 12 13 1
e 12 14 1
e 12 32 1
e 13 34 1
e 13 35 1
e 13 36 1
e 14 37 1
e 14 38 1
e 14 39 1
e 15 40 1
e 15 41 1
t # 63463
v 0 2
v 1 2
v 2 3
v 3 3
v 4 3
v 5 3
v 6 3
v 7 3
v 8 3
v 9 3
v 10 4
v 11 4
v 12 4
v 13 4
v 14 4
v 15 4
v 16 4
v 17 4
v 18 4
v 19 4
v 20 4
v 21 4
v 22 4
v 23 4
v 24 4
v 25 4
v 26 4
v 27 4
v 28 4
v 29 4
e 0 2 1
e 0 4 1
e 0 5 1
e 1 6 1
e 1 9 1
e 1 26 1
e 2 3 1
e 2 10 1
e 2 11 1
e 3 6 1
e 3 12 1
e 3 13 1
e 4 7 1
e 4 14 1
e 4 15 1
e 5 8 1
e 5 16 1
e 5 17 1
e 6 18 1
e 6 19 1
e 7 20 1
e 7 21 1
e 7 22 1
e 8 23 1
e 8 24 1
e 8 25 1
e 9 27 1
e 9 28 1
e 9 29 1
t # 63464
v 0 12
v 1 1
v 2 1
v 3 1
v 4 1
v 5 3
v 6 3
v 7 3
v 8 3
v 9 3
v 10 3
v 11 3
v 12 4
v 13 4
v 14 4
v 15 4
v 16 4
v 17 4
v 18 4
v 19 4
v 20 4
e 0 6 1
e 1 5 1
e 1 7 1
e 2 5 1
e 2 8 1
e 3 7 2
e 4 8 2
e 5 6 1
e 5 12 1
e 6 11 2
e 7 9 1
e 8 10 1
e 9 13 1
e 9 14 1
e 9 15 1
e 10 16 1
e 10 17 1
e 10 18 1
e 11 19 1
e 11 20 1
t # 63465
v 0 11
v 1 11
v 2 1
v 3 1
v 4 1
v 5 1
v 6 3
v 7 3
v 8 3
v 9 3
v 10 3
v 11 3
v 12 3
v 13 3
v 14 3
v 15 3
v 16 3
v 17 3
v 18 3
v 19 3
v 20 3
v 21 3
v 22 4
v 23 4
v 24 4
v 25 4
v 26 4
v 27 4
v 28 4
v 29 4
v 30 4
v 31 4
v 32 4
v 33 4
v 34 4
v 35 4
e 0 6 1
e 1 7 1
e 2 18 1
e 2 20 1
e 3 19 1
e 3 21 1
e 4 18 2
e 5 19 2
e 6 8 1
e 6 10 2
e 7 9 1
e 7 11 2
e 8 12 2
e 8 18 1
e 9 13 2
e 9 19 1
e 10 16 1
e 10 24 1
e 11 17 1
e 11 25 1
e 12 14 1
e 12 22 1
e 13 15 1
e 13 23 1
e 14 16 2
e 14 26 1
e 15 17 2
e 15 27 1
e 16 28 1
e 17 29 1
e 20 30 1
e 20 31 1
e 20 32 1
e 21 33 1
e 21 34 1
e 21 35 1
t # 63466
v 0 11
v 1 11
v 2 1
v 3 1
v 4 2
v 5 2
v 6 2
v 7 2
v 8 3
v 9 3
v 10 3
v 11 3
v 12 3
v 13 3
v 14 3
v 15 3
v 16 3
v 17 3
v 18 3
v 19 3
v 20 4
v 21 4
v 22 4
v 23 4
v 24 4
v 25 4
v 26 4
v 27 4
v 28 4
v 29 4
v 30 4
v 31 4
v 32 4
v 33 4
v 34 4
v 35 4
v 36 4
v 37 4
v 38 4
v 39 4
v 40 4
v 41 4
e 0 12 1
e 0 14 1
e 1 13 1
e 1 15 1
e 2 16 1
e 2 18 1
e 3 17 1
e 3 19 1
e 4 8 1
e 4 12 1
e 4 28 1
e 5 9 1
e 5 13 1
e 5 29 1
e 6 10 1
e 6 12 2
e 7 11 1
e 7 13 2
e 8 10 1
e 8 20 1
e 8 21 1
e 9 11 1
e 9 22 1
e 9 23 1
e 10 24 1
e 10 25 1
e 11 26 1
e 11 27 1
e 14 18 1
e 14 30 1
e 14 31 1
e 15 19 1
e 15 32 1
e 15 33 1
e 16 17 1
e 16 34 1
e 16 35 1
e 17 36 1
e 17 37 1
e 18 38 1
e 18 39 1
e 19 40 1
e 19 41 1
t # 63467
v 0 1
v 1 1
v 2 1
v 3 3
v 4 3
v 5 3
v 6 3
v 7 3
v 8 3
v 9 3
v 10 3
v 11 3
v 12 3
v 13 3
v 14 3
v 15 3
v 16 3
v 17 3
v 18 42
v 19 4
v 20 4
v 21 4
v 22 4
v 23 4
v 24 4
v 25 4
v 26 4
v 27 4
v 28 4
v 29 4
v 30 4
v 31 4
v 32 4
v 33 4
v 34 4
v 35 4
v 36 4
v 37 4
v 38 4
v 39 4
v 40 4
v 41 4
v 42 4
v 43 4
v 44 4
v 45 4
v 46 4
v 47 4
v 48 4
v 49 4
v 50 4
v 51 4
e 0 6 1
e 1 7 1
e 2 8 1
e 3 6 1
e 3 9 1
e 3 10 1
e 3 11 1
e 4 7 1
e 4 12 1
e 4 13 1
e 4 14 1
e 5 8 1
e 5 15 1
e 5 16 1
e 5 17 1
e 6 19 1
e 6 20 1
e 7 21 1
e 7 22 1
e 8 23 1
e 8 24 1
e 9 25 1
e 9 26 1
e 9 27 1
e 10 28 1
e 10 29 1
e 10 30 1
e 11 31 1
e 11 32 1
e 11 33 1
e 12 34 1
e 12 35 1
e 12 36 1
e 13 37 1
e 13 38 1
e 13 39 1
e 14 40 1
e 14 41 1
e 14 42 1
e 15 43 1
e 15 44 1
e 15 45 1
e 16 46 1
e 16 47 1
e 16 48 1
e 17 49 1
e 17 50 1
e 17 51 1
t # 63468
v 0 1
v 1 2
v 2 2
v 3 3
v 4 3
v 5 3
v 6 3
v 7 3
v 8 3
v 9 3
v 10 3
v 11 3
v 12 4
v 13 4
v 14 4
v 15 4
v 16 4
v 17 4
v 18 4
v 19 4
v 20 4
v 21 4
v 22 4
v 23 4
e 0 10 2
e 1 7 1
e 1 10 1
e 1 18 1
e 2 8 1
e 2 22 1
e 2 23 1
e 3 4 1
e 3 5 1
e 3 12 1
e 3 13 1
e 4 6 1
e 4 14 1
e 4 15 1
e 5 7 2
e 5 8 1
e 6 7 1
e 6 16 1
e 6 17 1
e 8 9 2
e 9 10 1
e 9 11 1
e 11 19 1
e 11 20 1
e 11 21 1
t # 63469
v 0 2
v 1 2
v 2 3
v 3 3
v 4 3
v 5 3
v 6 3
v 7 3
v 8 3
v 9 3
v 10 3
v 11 3
v 12 3
v 13 3
v 14 4
v 15 4
v 16 4
v 17 4
v 18 4
v 19 4
v 20 4
v 21 4
v 22 4
v 23 4
v 24 4
v 25 4
v 26 4
v 27 4
v 28 4
v 29 4
v 30 4
v 31 4
e 0 2 1
e 0 3 1
e 0 7 1
e 1 9 1
e 1 12 2
e 2 4 1
e 2 14 1
e 2 15 1
e 3 5 1
e 3 16 1
e 3 17 1
e 4 6 1
e 4 18 1
e 4 19 1
e 5 6 1
e 5 20 1
e 5 21 1
e 6 22 1
e 6 23 1
e 7 8 1
e 7 24 1
e 7 25 1
e 8 9 1
e 8 26 1
e 8 27 1
e 9 10 2
e 10 11 1
e 10 28 1
e 11 13 2
e 11 29 1
e 12 13 1
e 12 30 1
e 13 31 1
t # 63470
v 0 1
v 1 1
v 2 1
v 3 3
v 4 3
v 5 3
v 6 3
v 7 3
v 8 3
v 9 3
v 10 3
v 11 3
v 12 3
v 13 4
v 14 4
v 15 4
v 16 4
v 17 4
v 18 4
v 19 4
v 20 4
v 21 4
v 22 4
v 23 4
v 24 4
v 25 4
v 26 4
v 27 4
v 28 4
v 29 4
v 30 4
e 0 3 1
e 0 7 1
e 1 9 1
e 1 10 1
e 2 10 2
e 3 4 1
e 3 5 1
e 3 13 1
e 4 6 1
e 4 14 1
e 4 15 1
e 5 8 1
e 5 16 1
e 5 17 1
e 6 7 1
e 6 18 1
e 6 19 1
e 7 20 1
e 7 21 1
e 8 9 1
e 8 22 1
e 8 23 1
e 9 24 1
e 9 25 1
e 10 11 1
e 11 12 1
e 11 26 1
e 11 27 1
e 12 28 1
e 12 29 1
e 12 30 1
t # 63471
v 0 1
v 1 1
v 2 2
v 3 2
v 4 3
v 5 3
v 6 3
v 7 3
v 8 3
v 9 3
v 10 3
v 11 3
v 12 3
v 13 3
v 14 4
v 15 4
v 16 4
v 17 4
v 18 4
v 19 4
v 20 4
v 21 4
v 22 4
v 23 4
v 24 4
v 25 4
v 26 4
v 27 4
e 2 5 1
e 2 8 1
e 2 22 1
e 3 4 1
e 4 5 1
e 4 6 1
e 4 7 1
e 5 14 1
e 5 15 1
e 6 16 1
e 6 17 1
e 6 18 1
e 7 19 1
e 7 20 1
e 7 21 1
e 8 9 2
e 8 10 1
e 9 11 1
e 9 23 1
e 10 12 2
e 10 24 1
e 11 13 2
e 11 25 1
e 12 13 1
e 12 26 1
e 13 27 1
t # 63472
v 0 18
v 1 1
v 2 1
v 3 2
v 4 3
v 5 3
v 6 3
v 7 4
v 8 4
v 9 4
v 10 4
v 11 4
v 12 4
e 3 4 1
e 4 5 1
e 4 6 1
e 5 7 1
e 5 8 1
e 5 9 1
e 6 10 1
e 6 11 1
e 6 12 1
t # 63473
v 0 2
v 1 2
v 2 3
v 3 3
v 4 3
v 5 3
v 6 3
v 7 3
v 8 3
v 9 3
v 10 3
v 11 3
v 12 3
v 13 4
v 14 4
v 15 4
v 16 4
v 17 4
v 18 4
v 19 4
v 20 4
e 2 3 1
e 2 4 2
e 2 5 1
e 3 6 1
e 3 10 2
e 4 7 1
e 4 13 1
e 5 8 2
e 5 14 1
e 6 15 1
e 6 16 1
e 6 17 1
e 7 9 2
e 7 18 1
e 8 9 1
e 8 19 1
e 9 20 1
e 10 11 1
e 10 12 1
t # 63474
v 0 1
v 1 3
v 2 3
v 3 3
v 4 3
v 5 3
v 6 3
v 7 3
v 8 3
v 9 3
v 10 3
v 11 3
v 12 3
v 13 3
v 14 3
v 15 3
v 16 3
v 17 4
v 18 4
v 19 4
v 20 4
v 21 4
v 22 4
v 23 4
v 24 4
v 25 4
v 26 4
v 27 4
v 28 4
v 29 4
v 30 4
e 0 8 2
e 1 2 1
e 1 3 1
e 1 4 1
e 1 5 1
e 2 6 1
e 2 9 2
e 3 7 1
e 3 10 2
e 4 17 1
e 4 18 1
e 4 19 1
e 5 20 1
e 5 21 1
e 5 22 1
e 6 8 1
e 6 11 2
e 7 8 1
e 7 12 2
e 9 13 1
e 9 23 1
e 10 14 1
e 10 24 1
e 11 15 1
e 11 25 1
e 12 16 1
e 12 26 1
e 13 15 2
e 13 27 1
e 14 16 2
e 14 28 1
e 15 29 1
e 16 30 1
t # 63475
v 0 11
v 1 1
v 2 1
v 3 2
v 4 2
v 5 2
v 6 2
v 7 3
v 8 3
v 9 3
v 10 3
v 11 4
v 12 4
v 13 4
v 14 4
v 15 4
v 16 4
v 17 4
v 18 4
v 19 4
v 20 4
e 0 7 1
e 0 8 1
e 1 9 2
e 2 10 2
e 3 5 1
e 3 9 1
e 3 15 1
e 4 6 1
e 4 10 1
e 4 16 1
e 5 17 1
e 5 18 1
e 6 19 1
e 6 20 1
e 7 9 1
e 7 11 1
e 7 12 1
e 8 10 1
e 8 13 1
e 8 14 1
t # 63476
v 0 1
v 1 1
v 2 1
v 3 2
v 4 2
v 5 3
v 6 3
v 7 3
v 8 3
v 9 3
v 10 3
v 11 4
v 12 4
v 13 4
v 14 4
v 15 4
v 16 4
e 0 7 1
e 0 10 1
e 3 7 2
e 3 9 1
e 4 5 1
e 5 6 1
e 5 9 2
e 6 8 2
e 6 11 1
e 7 8 1
e 8 12 1
e 9 13 1
e 10 14 1
e 10 15 1
e 10 16 1
t # 63477
v 0 1
v 1 1
v 2 1
v 3 1
v 4 3
v 5 3
v 6 3
v 7 3
v 8 3
v 9 3
v 10 3
v 11 3
v 12 3
v 13 4
v 14 4
v 15 4
v 16 4
v 17 4
v 18 4
v 19 4
v 20 4
v 21 4
v 22 4
e 0 6 1
e 0 11 1
e 1 5 1
e 1 16 1
e 2 10 1
e 2 12 1
e 3 10 2
e 4 5 2
e 4 7 1
e 4 10 1
e 5 8 1
e 6 8 2
e 6 9 1
e 7 9 2
e 7 13 1
e 8 14 1
e 9 15 1
e 11 17 1
e 11 18 1
e 11 19 1
e 12 20 1
e 12 21 1
e 12 22 1
t # 63478
v 0 1
v 1 1
v 2 1
v 3 1
v 4 3
v 5 3
v 6 3
v 7 3
v 8 3
v 9 3
v 10 3
v 11 3
v 12 3
v 13 3
v 14 3
v 15 3
v 16 3
v 17 3
v 18 3
v 19 3
v 20 4
v 21 4
v 22 4
v 23 4
v 24 4
v 25 4
v 26 4
v 27 4
v 28 4
v 29 4
v 30 4
v 31 4
v 32 4
v 33 4
e 0 5 1
e 0 11 1
e 1 13 1
e 1 19 1
e 2 11 2
e 3 12 2
e 4 5 1
e 4 7 2
e 4 12 1
e 5 8 2
e 6 9 2
e 6 10 1
e 6 11 1
e 7 14 1
e 7 20 1
e 8 15 1
e 8 21 1
e 9 16 1
e 9 22 1
e 10 17 2
e 10 23 1
e 12 18 1
e 13 16 2
e 13 17 1
e 14 15 2
e 14 24 1
e 15 25 1
e 16 26 1
e 17 27 1
e 18 28 1
e 18 29 1
e 18 30 1
e 19 31 1
e 19 32 1
e 19 33 1
t # 63479
v 0 1
v 1 1
v 2 2
v 3 2
v 4 3
v 5 3
v 6 3
v 7 3
v 8 3
v 9 3
v 10 3
v 11 4
v 12 4
v 13 4
v 14 4
v 15 4
v 16 4
e 0 7 1
e 0 16 1
e 1 8 2
e 2 7 1
e 2 8 1
e 2 12 1
e 4 5 1
e 4 6 2
e 4 9 1
e 5 7 2
e 5 10 1
e 6 8 1
e 6 11 1
e 9 13 1
e 9 14 1
e 9 15 1
t # 63480
v 0 1
v 1 1
v 2 1
v 3 2
v 4 2
v 5 2
v 6 2
v 7 3
v 8 3
v 9 3
v 10 3
v 11 4
v 12 4
v 13 4
v 14 4
e 0 9 2
e 1 10 2
e 3 7 1
e 3 10 1
e 3 11 1
e 4 9 1
e 4 10 1
e 4 12 1
e 5 7 1
e 5 13 1
e 5 14 1
e 6 8 1
e 7 8 2
e 8 9 1
t # 63481
v 0 1
v 1 3
v 2 3
v 3 3
v 4 3
v 5 3
v 6 3
v 7 3
v 8 3
v 9 3
v 10 4
v 11 4
v 12 4
v 13 4
v 14 4
v 15 4
v 16 4
v 17 4
v 18 4
v 19 4
v 20 4
v 21 4
v 22 4
v 23 4
v 24 4
v 25 4
v 26 4
v 27 4
e 0 8 1
e 0 27 1
e 1 2 1
e 1 3 1
e 1 4 1
e 1 10 1
e 2 5 1
e 2 11 1
e 2 12 1
e 3 6 1
e 3 13 1
e 3 14 1
e 4 8 1
e 4 9 1
e 4 15 1
e 5 7 1
e 5 16 1
e 5 17 1
e 6 7 1
e 6 18 1
e 6 19 1
e 7 20 1
e 7 21 1
e 8 22 1
e 8 23 1
e 9 24 1
e 9 25 1
e 9 26 1
t # 63482
v 0 1
v 1 1
v 2 1
v 3 1
v 4 1
v 5 3
v 6 3
v 7 3
v 8 3
v 9 3
v 10 3
v 11 3
v 12 3
v 13 3
v 14 3
v 15 4
v 16 4
v 17 4
v 18 4
v 19 4
v 20 4
v 21 4
v 22 4
v 23 4
v 24 4
v 25 4
v 26 4
v 27 4
v 28 4
e 0 5 1
e 0 6 1
e 1 7 1
e 1 9 1
e 2 8 1
e 2 10 1
e 3 7 2
e 4 8 2
e 5 7 1
e 5 15 1
e 5 16 1
e 6 8 1
e 6 17 1
e 6 18 1
e 9 11 1
e 9 19 1
e 9 20 1
e 10 12 1
e 10 21 1
e 10 22 1
e 11 13 2
e 11 23 1
e 12 14 2
e 12 24 1
e 13 25 1
e 13 26 1
e 14 27 1
e 14 28 1
t # 63483
v 0 1
v 1 1
v 2 3
v 3 3
v 4 3
v 5 3
v 6 3
v 7 3
v 8 3
v 9 3
v 10 3
v 11 3
v 12 3
v 13 4
v 14 4
v 15 4
v 16 4
v 17 4
v 18 4
v 19 4
v 20 4
v 21 4
v 22 4
v 23 4
v 24 4
e 0 9 1
e 0 11 1
e 1 11 2
e 2 3 1
e 2 4 1
e 2 13 1
e 2 14 1
e 3 5 1
e 3 15 1
e 3 16 1
e 4 6 1
e 4 17 1
e 4 18 1
e 5 6 2
e 5 7 1
e 6 8 1
e 7 9 2
e 7 19 1
e 8 10 2
e 8 20 1
e 9 10 1
e 10 21 1
e 11 12 1
e 12 22 1
e 12 23 1
e 12 24 1
t # 63484
v 0 1
v 1 2
v 2 3
v 3 3
v 4 3
v 5 3
v 6 3
v 7 3
v 8 3
v 9 3
v 10 3
v 11 3
v 12 4
v 13 4
v 14 4
v 15 4
v 16 4
v 17 4
v 18 4
v 19 4
v 20 4
v 21 4
v 22 4
v 23 4
v 24 4
e 0 5 2
e 1 2 1
e 1 5 1
e 1 13 1
e 2 3 1
e 2 4 1
e 2 12 1
e 3 14 1
e 3 15 1
e 3 16 1
e 4 17 1
e 4 18 1
e 4 19 1
e 5 6 1
e 6 7 2
e 6 8 1
e 7 9 1
e 7 20 1
e 8 10 2
e 8 21 1
e 9 11 2
e 9 22 1
e 10 11 1
e 10 23 1
e 11 24 1
t # 63485
v 0 34
v 1 12
v 2 1
v 3 1
v 4 1
v 5 3
v 6 3
v 7 3
v 8 3
v 9 3
v 10 3
v 11 4
v 12 4
v 13 4
v 14 4
v 15 4
v 16 4
e 1 10 1
e 2 15 1
e 3 16 1
e 5 6 2
e 5 7 1
e 6 8 1
e 6 11 1
e 7 9 2
e 7 12 1
e 8 10 2
e 8 13 1
e 9 10 1
e 9 14 1
t # 63486
v 0 1
v 1 1
v 2 2
v 3 2
v 4 2
v 5 2
v 6 3
v 7 3
v 8 3
v 9 3
v 10 3
v 11 3
v 12 4
v 13 4
v 14 4
v 15 4
v 16 4
v 17 4
v 18 4
v 19 4
v 20 4
v 21 4
e 0 8 2
e 1 9 2
e 2 6 1
e 2 8 1
e 2 10 1
e 3 8 1
e 3 9 1
e 3 11 1
e 4 6 1
e 4 18 1
e 4 19 1
e 5 7 1
e 5 20 1
e 5 21 1
e 6 7 2
e 7 9 1
e 10 12 1
e 10 13 1
e 10 14 1
e 11 15 1
e 11 16 1
e 11 17 1
t # 63487
v 0 1
v 1 2
v 2 2
v 3 3
v 4 3
v 5 3
v 6 3
v 7 3
v 8 3
v 9 3
v 10 3
v 11 4
v 12 4
v 13 4
v 14 4
v 15 4
v 16 4
v 17 4
v 18 4
e 0 6 2
e 1 3 1
e 1 5 1
e 1 7 1
e 2 5 2
e 2 6 1
e 3 4 1
e 3 11 1
e 3 12 1
e 4 6 1
e 4 13 1
e 4 14 1
e 5 8 1
e 7 9 2
e 7 15 1
e 8 10 2
e 8 16 1
e 9 10 1
e 9 17 1
e 10 18 1
t # 63488
v 0 1
v 1 3
v 2 3
v 3 3
v 4 3
v 5 3
v 6 3
v 7 3
v 8 3
v 9 3
v 10 3
v 11 3
v 12 3
v 13 4
v 14 4
v 15 4
v 16 4
v 17 4
v 18 4
v 19 4
v 20 4
v 21 4
v 22 4
v 23 4
v 24 4
v 25 4
v 26 4
v 27 4
v 28 4
e 0 6 1
e 0 23 1
e 1 2 1
e 1 3 1
e 1 7 1
e 1 13 1
e 2 4 1
e 2 14 1
e 2 15 1
e 3 5 1
e 3 16 1
e 3 17 1
e 4 6 1
e 4 18 1
e 4 19 1
e 5 6 1
e 5 20 1
e 5 21 1
e 6 22 1
e 7 8 2
e 7 9 1
e 8 10 1
e 8 24 1
e 9 11 2
e 9 25 1
e 10 12 2
e 10 26 1
e 11 12 1
e 11 27 1
e 12 28 1
t # 63489
v 0 12
v 1 12
v 2 1
v 3 2
v 4 3
v 5 3
v 6 3
v 7 3
v 8 3
v 9 4
v 10 4
v 11 4
e 0 4 1
e 1 7 1
e 2 5 2
e 3 5 1
e 3 8 1
e 3 10 1
e 4 5 1
e 4 6 2
e 6 7 1
e 6 9 1
e 7 8 2
e 8 11 1
t # 63490
v 0 1
v 1 2
v 2 2
v 3 3
v 4 3
v 5 3
v 6 3
v 7 3
v 8 3
v 9 3
v 10 3
v 11 3
v 12 4
v 13 4
v 14 4
v 15 4
v 16 4
v 17 4
v 18 4
v 19 4
v 20 4
v 21 4
v 22 4
v 23 4
e 0 10 2
e 1 3 1
e 1 10 1
e 1 15 1
e 2 7 1
e 2 19 1
e 2 20 1
e 3 4 2
e 3 5 1
e 4 6 1
e 4 9 1
e 5 7 2
e 5 12 1
e 6 8 2
e 6 13 1
e 7 8 1
e 8 14 1
e 9 16 1
e 9 17 1
e 9 18 1
e 10 11 1
e 11 21 1
e 11 22 1
e 11 23 1
t # 63491
v 0 18
v 1 18
v 2 3
v 3 3
v 4 3
v 5 3
v 6 3
v 7 4
v 8 4
v 9 4
v 10 4
v 11 4
v 12 4
v 13 4
v 14 4
v 15 4
v 16 4
e 2 3 1
e 2 4 1
e 2 5 1
e 2 6 1
e 3 7 1
e 3 8 1
e 4 9 1
e 4 10 1
e 5 11 1
e 5 12 1
e 5 13 1
e 6 14 1
e 6 15 1
e 6 16 1
t # 63492
v 0 1
v 1 1
v 2 1
v 3 1
v 4 2
v 5 3
v 6 3
v 7 3
v 8 3
v 9 3
v 10 3
v 11 3
v 12 3
v 13 4
v 14 4
v 15 4
v 16 4
v 17 4
v 18 4
v 19 4
e 0 11 1
e 0 18 1
e 1 12 1
e 1 19 1
e 2 11 2
e 3 12 2
e 4 7 1
e 4 16 1
e 4 17 1
e 5 6 2
e 5 7 1
e 5 11 1
e 6 8 1
e 6 12 1
e 7 9 2
e 8 10 2
e 8 13 1
e 9 10 1
e 9 14 1
e 10 15 1
t # 63493
v 0 1
v 1 3
v 2 3
v 3 3
v 4 3
v 5 3
v 6 3
v 7 3
v 8 3
v 9 3
v 10 4
v 11 4
v 12 4
v 13 4
v 14 4
v 15 4
v 16 4
v 17 4
v 18 4
v 19 4
v 20 4
v 21 4
v 22 4
v 23 4
v 24 4
v 25 4
e 0 7 2
e 1 2 1
e 1 3 1
e 1 4 1
e 1 10 1
e 2 8 1
e 2 9 1
e 2 11 1
e 3 5 1
e 3 12 1
e 3 13 1
e 4 6 1
e 4 14 1
e 4 15 1
e 5 7 1
e 5 16 1
e 5 17 1
e 6 7 1
e 6 18 1
e 6 19 1
e 8 20 1
e 8 21 1
e 8 22 1
e 9 23 1
e 9 24 1
e 9 25 1
t # 63494
v 0 1
v 1 1
v 2 1
v 3 3
v 4 3
v 5 3
v 6 3
v 7 3
v 8 3
v 9 3
v 10 3
v 11 3
v 12 3
v 13 3
v 14 3
v 15 4
v 16 4
v 17 4
v 18 4
v 19 4
v 20 4
v 21 4
v 22 4
v 23 4
v 24 4
v 25 4
v 26 4
v 27 4
v 28 4
v 29 4
v 30 4
e 0 4 1
e 0 7 1
e 1 8 1
e 1 9 1
e 2 7 2
e 3 4 1
e 3 5 1
e 3 6 1
e 3 15 1
e 4 16 1
e 4 17 1
e 5 18 1
e 5 19 1
e 5 20 1
e 6 21 1
e 6 22 1
e 6 23 1
e 7 8 1
e 8 24 1
e 8 25 1
e 9 10 2
e 9 11 1
e 10 12 1
e 10 26 1
e 11 13 2
e 11 27 1
e 12 14 2
e 12 28 1
e 13 14 1
e 13 29 1
e 14 30 1
t # 63495
v 0 1
v 1 1
v 2 2
v 3 3
v 4 3
v 5 3
v 6 3
v 7 3
v 8 3
v 9 3
v 10 4
v 11 4
v 12 4
v 13 4
v 14 4
e 0 8 2
e 1 9 2
e 2 3 2
e 2 4 1
e 3 5 1
e 3 8 1
e 4 6 2
e 4 9 1
e 5 7 2
e 5 10 1
e 6 7 1
e 6 11 1
e 7 12 1
e 8 13 1
e 9 14 1
t # 63496
v 0 12
v 1 8
v 2 1
v 3 1
v 4 1
v 5 3
v 6 3
v 7 3
v 8 3
v 9 3
v 10 3
v 11 4
v 12 4
v 13 4
v 14 4
v 15 4
v 16 4
e 0 10 1
e 2 15 1
e 3 16 1
e 5 6 2
e 5 7 1
e 6 8 1
e 6 11 1
e 7 9 2
e 7 12 1
e 8 10 2
e 8 13 1
e 9 10 1
e 9 14 1
t # 63497
v 0 1
v 1 1
v 2 1
v 3 2
v 4 3
v 5 3
v 6 3
v 7 3
v 8 3
v 9 4
v 10 4
v 11 4
v 12 4
v 13 4
v 14 4
v 15 4
e 0 5 2
e 1 7 1
e 1 15 1
e 2 7 2
e 3 4 1
e 3 5 1
e 3 9 1
e 4 7 1
e 4 8 2
e 5 6 1
e 6 10 1
e 6 11 1
e 6 12 1
e 8 13 1
e 8 14 1
t # 63498
v 0 1
v 1 1
v 2 2
v 3 3
v 4 3
v 5 3
v 6 3
v 7 3
v 8 3
v 9 3
v 10 3
v 11 3
v 12 3
v 13 3
v 14 4
v 15 4
v 16 4
v 17 4
v 18 4
v 19 4
v 20 4
v 21 4
v 22 4
v 23 4
v 24 4
v 25 4
v 26 4
v 27 4
v 28 4
e 0 13 1
e 0 28 1
e 1 13 2
e 2 3 1
e 2 4 1
e 2 5 1
e 3 8 1
e 3 14 1
e 3 15 1
e 4 9 1
e 4 16 1
e 4 17 1
e 5 6 2
e 5 7 1
e 6 10 1
e 6 18 1
e 7 11 2
e 7 19 1
e 8 20 1
e 8 21 1
e 8 22 1
e 9 23 1
e 9 24 1
e 9 25 1
e 10 12 2
e 10 26 1
e 11 12 1
e 11 27 1
e 12 13 1
t # 63499
v 0 12
v 1 2
v 2 2
v 3 2
v 4 3
v 5 3
v 6 3
v 7 3
v 8 4
v 9 4
v 10 4
v 11 4
e 0 5 1
e 1 4 1
e 1 6 2
e 2 4 2
e 2 7 1
e 3 4 1
e 3 10 1
e 3 11 1
e 5 6 1
e 5 7 2
e 6 8 1
e 7 9 1
