t # 16900
v 0 1
v 1 2
v 2 2
v 3 2
v 4 2
v 5 2
v 6 2
v 7 3
v 8 3
v 9 3
v 10 3
v 11 3
v 12 3
v 13 3
v 14 3
v 15 3
v 16 3
v 17 3
v 18 3
v 19 3
v 20 3
v 21 3
v 22 3
v 23 4
v 24 4
v 25 4
v 26 4
v 27 4
v 28 4
v 29 4
v 30 4
v 31 4
v 32 4
v 33 4
v 34 4
v 35 4
v 36 4
v 37 4
v 38 4
v 39 4
v 40 4
v 41 4
v 42 4
e 0 17 2
e 1 7 1
e 1 17 1
e 1 38 1
e 2 17 1
e 2 18 1
e 2 19 1
e 3 19 2
e 3 20 1
e 4 18 2
e 4 22 1
e 5 21 1
e 5 22 2
e 6 21 1
e 6 41 1
e 6 42 1
e 7 11 1
e 7 12 1
e 7 13 1
e 8 11 1
e 8 14 1
e 8 15 1
e 8 23 1
e 9 12 1
e 9 14 1
e 9 16 1
e 9 24 1
e 10 13 1
e 10 15 1
e 10 16 1
e 10 25 1
e 11 26 1
e 11 27 1
e 12 28 1
e 12 29 1
e 13 30 1
e 13 31 1
e 14 32 1
e 14 33 1
e 15 34 1
e 15 35 1
e 16 36 1
e 16 37 1
e 18 20 1
e 19 39 1
e 20 21 2
e 22 40 1
t # 16901
v 0 1
v 1 1
v 2 1
v 3 2
v 4 2
v 5 2
v 6 3
v 7 3
v 8 3
v 9 3
v 10 3
v 11 3
v 12 3
v 13 3
v 14 3
v 15 3
v 16 3
v 17 3
v 18 3
v 19 3
v 20 3
v 21 3
v 22 4
v 23 4
v 24 4
v 25 4
v 26 4
v 27 4
v 28 4
v 29 4
v 30 4
v 31 4
v 32 4
v 33 4
v 34 4
v 35 4
v 36 4
v 37 4
v 38 4
v 39 4
v 40 4
v 41 4
v 42 4
e 0 16 2
e 1 18 2
e 2 20 2
e 3 6 1
e 3 16 1
e 3 37 1
e 4 16 1
e 4 17 1
e 4 18 1
e 5 18 1
e 5 20 1
e 5 39 1
e 6 10 1
e 6 11 1
e 6 12 1
e 7 10 1
e 7 13 1
e 7 14 1
e 7 22 1
e 8 11 1
e 8 13 1
e 8 15 1
e 8 23 1
e 9 12 1
e 9 14 1
e 9 15 1
e 9 24 1
e 10 25 1
e 10 26 1
e 11 27 1
e 11 28 1
e 12 29 1
e 12 30 1
e 13 31 1
e 13 32 1
e 14 33 1
e 14 34 1
e 15 35 1
e 15 36 1
e 17 19 2
e 17 38 1
e 19 20 1
e 19 21 1
e 21 40 1
e 21 41 1
e 21 42 1
t # 16902
v 0 1
v 1 1
v 2 1
v 3 1
v 4 1
v 5 1
v 6 2
v 7 2
v 8 3
v 9 3
v 10 3
v 11 3
v 12 3
v 13 3
v 14 3
v 15 3
v 16 3
v 17 4
v 18 4
v 19 4
v 20 4
v 21 4
v 22 4
v 23 4
v 24 4
v 25 4
v 26 4
v 27 4
v 28 4
e 0 8 1
e 0 12 1
e 1 14 1
e 1 15 1
e 2 10 2
e 3 11 2
e 4 13 2
e 5 15 2
e 6 8 1
e 6 10 1
e 6 11 1
e 7 11 1
e 7 13 1
e 7 23 1
e 8 17 1
e 8 18 1
e 9 10 1
e 9 13 1
e 9 19 1
e 9 20 1
e 12 14 1
e 12 21 1
e 12 22 1
e 14 24 1
e 14 25 1
e 15 16 1
e 16 26 1
e 16 27 1
e 16 28 1
t # 16903
v 0 1
v 1 1
v 2 1
v 3 1
v 4 1
v 5 2
v 6 2
v 7 3
v 8 3
v 9 3
v 10 3
v 11 3
v 12 3
v 13 3
v 14 3
v 15 3
v 16 3
v 17 3
v 18 3
v 19 3
v 20 4
v 21 4
v 22 4
v 23 4
v 24 4
v 25 4
v 26 4
v 27 4
v 28 4
v 29 4
v 30 4
v 31 4
v 32 4
v 33 4
e 0 10 2
e 1 11 2
e 2 14 1
e 2 18 1
e 3 17 1
e 3 19 1
e 4 16 2
e 5 10 1
e 5 16 1
e 5 25 1
e 6 11 1
e 6 16 1
e 6 26 1
e 7 8 1
e 7 10 1
e 7 11 1
e 7 20 1
e 8 9 1
e 8 21 1
e 8 22 1
e 9 12 2
e 9 13 1
e 12 14 1
e 12 23 1
e 13 15 2
e 13 24 1
e 14 17 2
e 15 17 1
e 15 27 1
e 18 28 1
e 18 29 1
e 18 30 1
e 19 31 1
e 19 32 1
e 19 33 1
t # 16904
v 0 1
v 1 1
v 2 1
v 3 1
v 4 1
v 5 2
v 6 2
v 7 3
v 8 3
v 9 3
v 10 3
v 11 3
v 12 3
v 13 3
v 14 3
v 15 3
v 16 3
v 17 3
v 18 3
v 19 3
v 20 3
v 21 3
v 22 3
v 23 3
v 24 3
v 25 3
v 26 4
v 27 4
v 28 4
v 29 4
v 30 4
v 31 4
v 32 4
v 33 4
v 34 4
v 35 4
v 36 4
v 37 4
v 38 4
v 39 4
v 40 4
v 41 4
v 42 4
v 43 4
e 0 15 1
e 0 18 1
e 1 14 1
e 1 22 1
e 2 10 2
e 3 11 2
e 4 17 2
e 5 10 1
e 5 17 1
e 5 31 1
e 6 11 1
e 6 17 1
e 6 32 1
e 7 8 1
e 7 10 1
e 7 11 1
e 7 26 1
e 8 9 1
e 8 27 1
e 8 28 1
e 9 12 2
e 9 13 1
e 12 14 1
e 12 29 1
e 13 16 2
e 13 30 1
e 14 15 2
e 15 16 1
e 16 33 1
e 18 19 1
e 18 34 1
e 18 35 1
e 19 20 2
e 19 21 1
e 20 23 1
e 20 36 1
e 21 24 2
e 21 37 1
e 22 38 1
e 22 39 1
e 22 40 1
e 23 25 2
e 23 41 1
e 24 25 1
e 24 42 1
e 25 43 1
t # 16905
v 0 1
v 1 1
v 2 1
v 3 1
v 4 1
v 5 2
v 6 2
v 7 3
v 8 3
v 9 3
v 10 3
v 11 3
v 12 3
v 13 3
v 14 3
v 15 3
v 16 3
v 17 3
v 18 3
v 19 3
v 20 3
v 21 3
v 22 3
v 23 3
v 24 3
v 25 3
v 26 4
v 27 4
v 28 4
v 29 4
v 30 4
v 31 4
v 32 4
v 33 4
v 34 4
v 35 4
v 36 4
v 37 4
v 38 4
v 39 4
v 40 4
v 41 4
v 42 4
v 43 4
e 0 14 1
e 0 18 1
e 1 10 2
e 2 11 2
e 3 15 1
e 3 22 1
e 4 17 2
e 5 10 1
e 5 17 1
e 5 31 1
e 6 11 1
e 6 17 1
e 6 32 1
e 7 8 1
e 7 10 1
e 7 11 1
e 7 26 1
e 8 9 1
e 8 27 1
e 8 28 1
e 9 12 2
e 9 13 1
e 12 14 1
e 12 29 1
e 13 16 2
e 13 30 1
e 14 15 2
e 15 16 1
e 16 33 1
e 18 19 1
e 18 34 1
e 18 35 1
e 19 20 2
e 19 21 1
e 20 23 1
e 20 36 1
e 21 24 2
e 21 37 1
e 22 38 1
e 22 39 1
e 22 40 1
e 23 25 2
e 23 41 1
e 24 25 1
e 24 42 1
e 25 43 1
t # 16906
v 0 12
v 1 1
v 2 1
v 3 1
v 4 2
v 5 2
v 6 3
v 7 3
v 8 3
v 9 3
v 10 3
v 11 3
v 12 3
v 13 3
v 14 3
v 15 3
v 16 3
v 17 4
v 18 4
v 19 4
v 20 4
v 21 4
v 22 4
v 23 4
v 24 4
v 25 4
e 0 14 1
e 1 9 2
e 2 10 2
e 3 13 2
e 4 9 1
e 4 13 1
e 4 20 1
e 5 10 1
e 5 13 1
e 5 21 1
e 6 7 1
e 6 9 1
e 6 10 1
e 6 17 1
e 7 8 1
e 7 18 1
e 7 19 1
e 8 11 2
e 8 12 1
e 11 14 1
e 11 22 1
e 12 15 2
e 12 23 1
e 14 16 2
e 15 16 1
e 15 24 1
e 16 25 1
t # 16907
v 0 1
v 1 1
v 2 1
v 3 1
v 4 2
v 5 2
v 6 3
v 7 3
v 8 3
v 9 3
v 10 3
v 11 3
v 12 3
v 13 3
v 14 3
v 15 3
v 16 3
v 17 3
v 18 4
v 19 4
v 20 4
v 21 4
v 22 4
v 23 4
v 24 4
v 25 4
v 26 4
v 27 4
v 28 4
v 29 4
e 0 9 2
e 1 10 2
e 2 14 1
e 2 17 1
e 3 13 2
e 4 9 1
e 4 13 1
e 4 23 1
e 5 10 1
e 5 13 1
e 5 24 1
e 6 7 1
e 6 9 1
e 6 10 1
e 6 18 1
e 7 8 1
e 7 19 1
e 7 20 1
e 8 11 2
e 8 12 1
e 11 14 1
e 11 21 1
e 12 15 2
e 12 22 1
e 14 16 2
e 15 16 1
e 15 25 1
e 16 26 1
e 17 27 1
e 17 28 1
e 17 29 1
t # 16908
v 0 1
v 1 1
v 2 1
v 3 1
v 4 1
v 5 2
v 6 2
v 7 3
v 8 3
v 9 3
v 10 3
v 11 3
v 12 3
v 13 3
v 14 3
v 15 3
v 16 3
v 17 3
v 18 3
v 19 3
v 20 3
v 21 3
v 22 3
v 23 3
v 24 3
v 25 3
v 26 4
v 27 4
v 28 4
v 29 4
v 30 4
v 31 4
v 32 4
v 33 4
v 34 4
v 35 4
v 36 4
v 37 4
v 38 4
v 39 4
v 40 4
v 41 4
e 0 8 1
e 0 11 1
e 1 9 1
e 1 25 1
e 2 17 2
e 3 18 2
e 4 23 2
e 5 17 1
e 5 23 1
e 5 34 1
e 6 18 1
e 6 23 1
e 6 35 1
e 7 10 2
e 7 12 1
e 7 14 1
e 8 9 2
e 8 13 1
e 9 10 1
e 10 26 1
e 11 16 1
e 11 27 1
e 11 28 1
e 12 13 2
e 12 29 1
e 13 31 1
e 14 15 2
e 14 30 1
e 15 17 1
e 15 18 1
e 16 19 2
e 16 20 1
e 19 21 1
e 19 32 1
e 20 22 2
e 20 33 1
e 21 24 2
e 21 36 1
e 22 24 1
e 22 37 1
e 24 38 1
e 25 39 1
e 25 40 1
e 25 41 1
t # 16909
v 0 1
v 1 1
v 2 1
v 3 1
v 4 1
v 5 2
v 6 2
v 7 3
v 8 3
v 9 3
v 10 3
v 11 3
v 12 3
v 13 3
v 14 3
v 15 3
v 16 3
v 17 3
v 18 3
v 19 3
v 20 3
v 21 3
v 22 3
v 23 3
v 24 3
v 25 3
v 26 4
v 27 4
v 28 4
v 29 4
v 30 4
v 31 4
v 32 4
v 33 4
v 34 4
v 35 4
v 36 4
v 37 4
v 38 4
v 39 4
v 40 4
v 41 4
e 0 8 1
e 0 11 1
e 1 10 1
e 1 25 1
e 2 17 2
e 3 18 2
e 4 23 2
e 5 17 1
e 5 23 1
e 5 34 1
e 6 18 1
e 6 23 1
e 6 35 1
e 7 9 2
e 7 12 1
e 7 13 1
e 8 9 1
e 8 10 2
e 9 26 1
e 10 16 1
e 11 14 1
e 11 27 1
e 11 28 1
e 12 15 2
e 12 29 1
e 13 16 2
e 13 30 1
e 14 19 2
e 14 20 1
e 15 17 1
e 15 18 1
e 16 31 1
e 19 21 1
e 19 32 1
e 20 22 2
e 20 33 1
e 21 24 2
e 21 36 1
e 22 24 1
e 22 37 1
e 24 38 1
e 25 39 1
e 25 40 1
e 25 41 1
t # 16910
v 0 1
v 1 1
v 2 2
v 3 2
v 4 2
v 5 3
v 6 3
v 7 3
v 8 3
v 9 3
v 10 3
v 11 4
v 12 4
v 13 4
v 14 4
v 15 4
e 0 5 1
e 0 6 1
e 1 8 2
e 2 5 2
e 2 7 1
e 3 6 1
e 3 14 1
e 3 15 1
e 5 8 1
e 6 7 2
e 7 10 1
e 8 9 1
e 9 11 1
e 9 12 1
e 9 13 1
t # 16911
v 0 1
v 1 1
v 2 1
v 3 1
v 4 2
v 5 2
v 6 2
v 7 3
v 8 3
v 9 3
v 10 3
v 11 3
v 12 3
v 13 3
v 14 3
v 15 3
v 16 3
v 17 3
v 18 3
v 19 3
v 20 3
v 21 3
v 22 3
v 23 3
v 24 3
v 25 3
v 26 3
v 27 3
v 28 3
v 29 3
v 30 3
v 31 3
v 32 3
v 33 3
v 34 4
v 35 4
v 36 4
v 37 4
v 38 4
v 39 4
v 40 4
v 41 4
v 42 4
v 43 4
v 44 4
v 45 4
v 46 4
v 47 4
v 48 4
v 49 4
v 50 4
v 51 4
v 52 4
v 53 4
v 54 4
v 55 4
v 56 4
v 57 4
v 58 4
v 59 4
v 60 4
v 61 4
v 62 4
v 63 4
v 64 4
v 65 4
v 66 4
v 67 4
v 68 4
v 69 4
v 70 4
v 71 4
v 72 4
v 73 4
v 74 4
e 13 0 1
e 0 63 1
e 17 1 1
e 1 66 1
e 26 2 1
e 2 72 1
e 3 30 1
e 3 31 1
e 4 30 2
e 4 32 1
e 5 31 1
e 5 73 1
e 5 74 1
e 7 8 1
e 7 12 1
e 7 13 1
e 7 21 1
e 8 9 1
e 8 16 1
e 8 34 1
e 9 10 1
e 9 17 1
e 9 35 1
e 10 11 1
e 10 14 1
e 10 36 1
e 11 15 1
e 11 20 1
e 11 24 1
e 12 18 1
e 12 22 1
e 12 37 1
e 13 14 1
e 13 38 1
e 14 39 1
e 14 40 1
e 15 19 1
e 15 23 1
e 15 41 1
e 16 18 1
e 16 42 1
e 16 43 1
e 17 19 1
e 17 44 1
e 18 45 1
e 18 46 1
e 19 47 1
e 19 48 1
e 20 25 1
e 20 49 1
e 20 50 1
e 21 51 1
e 21 52 1
e 21 53 1
e 22 27 1
e 22 28 1
e 22 54 1
e 23 26 1
e 23 55 1
e 23 56 1
e 24 57 1
e 24 58 1
e 24 59 1
e 25 26 1
e 25 60 1
e 25 61 1
e 26 62 1
e 27 29 1
e 27 64 1
e 27 65 1
e 28 67 1
e 28 68 1
e 28 69 1
e 29 30 1
e 29 70 1
e 29 71 1
e 31 32 2
e 32 33 1
t # 16912
v 0 1
v 1 1
v 2 2
v 3 2
v 4 2
v 5 2
v 6 3
v 7 3
v 8 3
v 9 3
v 10 3
v 11 3
v 12 3
v 13 4
v 14 4
v 15 4
v 16 4
v 17 4
v 18 4
v 19 4
v 20 4
e 0 7 1
e 0 8 1
e 1 10 2
e 2 6 1
e 2 10 1
e 2 15 1
e 3 7 2
e 3 9 1
e 4 8 1
e 4 19 1
e 4 20 1
e 6 7 1
e 6 13 1
e 6 14 1
e 8 9 2
e 9 12 1
e 10 11 1
e 11 16 1
e 11 17 1
e 11 18 1
t # 16913
v 0 1
v 1 2
v 2 2
v 3 2
v 4 3
v 5 3
v 6 3
v 7 3
v 8 3
v 9 3
v 10 4
v 11 4
v 12 4
v 13 4
v 14 4
e 0 4 1
e 0 5 1
e 1 5 2
e 1 6 1
e 2 4 1
e 2 11 1
e 2 12 1
e 4 6 2
e 5 7 1
e 6 8 1
e 7 9 2
e 7 10 1
e 9 13 1
e 9 14 1
t # 16914
v 0 1
v 1 1
v 2 2
v 3 2
v 4 3
v 5 3
v 6 3
v 7 3
v 8 3
v 9 3
v 10 3
v 11 3
v 12 3
v 13 3
v 14 3
v 15 3
v 16 3
v 17 3
v 18 3
v 19 3
v 20 3
v 21 3
v 22 4
v 23 4
v 24 4
v 25 4
v 26 4
v 27 4
v 28 4
v 29 4
v 30 4
v 31 4
v 32 4
v 33 4
v 34 4
v 35 4
v 36 4
v 37 4
v 38 4
v 39 4
v 40 4
v 41 4
e 0 14 1
e 0 20 1
e 1 15 1
e 1 21 1
e 2 4 2
e 2 6 1
e 3 5 2
e 3 7 1
e 4 5 1
e 4 12 1
e 5 13 1
e 6 8 2
e 6 10 1
e 7 9 2
e 7 11 1
e 8 16 1
e 8 22 1
e 9 17 1
e 9 23 1
e 10 18 2
e 10 24 1
e 11 19 2
e 11 25 1
e 12 26 1
e 12 27 1
e 12 28 1
e 13 29 1
e 13 30 1
e 13 31 1
e 14 16 2
e 14 18 1
e 15 17 2
e 15 19 1
e 16 32 1
e 17 33 1
e 18 34 1
e 19 35 1
e 20 36 1
e 20 37 1
e 20 38 1
e 21 39 1
e 21 40 1
e 21 41 1
t # 16915
v 0 1
v 1 1
v 2 1
v 3 2
v 4 2
v 5 2
v 6 2
v 7 2
v 8 3
v 9 3
v 10 3
v 11 3
v 12 3
v 13 3
v 14 3
v 15 3
v 16 3
v 17 3
v 18 3
v 19 3
v 20 3
v 21 3
v 22 3
v 23 3
v 24 4
v 25 4
v 26 4
v 27 4
v 28 4
v 29 4
v 30 4
v 31 4
v 32 4
v 33 4
v 34 4
v 35 4
v 36 4
e 0 15 2
e 3 6 1
e 3 9 1
e 3 15 1
e 4 5 1
e 4 9 2
e 5 15 1
e 5 28 1
e 6 18 2
e 7 21 1
e 8 9 1
e 8 10 2
e 8 11 1
e 10 13 1
e 10 24 1
e 11 14 2
e 11 25 1
e 12 13 2
e 12 14 1
e 12 17 1
e 13 26 1
e 14 27 1
e 16 18 1
e 16 19 2
e 16 20 1
e 17 29 1
e 17 30 1
e 17 31 1
e 18 32 1
e 19 22 1
e 19 33 1
e 20 23 2
e 20 34 1
e 21 22 2
e 21 23 1
e 22 35 1
e 23 36 1
t # 16916
v 0 12
v 1 11
v 2 1
v 3 1
v 4 1
v 5 2
v 6 2
v 7 3
v 8 3
v 9 3
v 10 3
v 11 3
v 12 3
v 13 3
v 14 3
v 15 3
v 16 3
v 17 4
v 18 4
v 19 4
v 20 4
v 21 4
v 22 4
v 23 4
v 24 4
v 25 4
v 26 4
v 27 4
v 28 4
v 29 4
e 0 11 1
e 1 2 2
e 1 3 2
e 1 16 1
e 4 29 1
e 5 8 1
e 5 10 1
e 6 14 1
e 6 28 1
e 7 8 1
e 7 9 1
e 7 11 1
e 7 17 1
e 8 18 1
e 8 19 1
e 9 10 2
e 9 12 1
e 10 13 1
e 11 20 1
e 11 21 1
e 12 15 2
e 12 22 1
e 13 14 2
e 13 23 1
e 14 15 1
e 15 24 1
e 16 25 1
e 16 26 1
e 16 27 1
t # 16917
v 0 1
v 1 1
v 2 1
v 3 2
v 4 2
v 5 2
v 6 2
v 7 3
v 8 3
v 9 3
v 10 3
v 11 3
v 12 3
v 13 3
v 14 3
v 15 3
v 16 3
v 17 3
v 18 3
v 19 3
v 20 3
v 21 3
v 22 3
v 23 3
v 24 4
v 25 4
v 26 4
v 27 4
v 28 4
v 29 4
v 30 4
v 31 4
v 32 4
v 33 4
v 34 4
v 35 4
v 36 4
v 37 4
v 38 4
v 39 4
e 0 16 1
e 0 21 1
e 1 12 2
e 2 13 2
e 3 9 1
e 3 12 1
e 3 13 1
e 4 16 2
e 4 22 1
e 5 21 1
e 5 38 1
e 5 39 1
e 7 8 1
e 7 9 1
e 7 24 1
e 7 25 1
e 8 10 1
e 8 26 1
e 8 27 1
e 9 28 1
e 9 29 1
e 10 11 1
e 10 30 1
e 10 31 1
e 11 16 1
e 11 32 1
e 11 33 1
e 12 14 1
e 13 15 1
e 14 15 1
e 14 17 2
e 15 18 2
e 17 19 1
e 17 34 1
e 18 20 1
e 18 35 1
e 19 20 2
e 19 36 1
e 20 37 1
e 21 22 2
e 22 23 1
t # 16918
v 0 1
v 1 1
v 2 1
v 3 2
v 4 2
v 5 2
v 6 3
v 7 3
v 8 3
v 9 3
v 10 3
v 11 3
v 12 3
v 13 3
v 14 3
v 15 3
v 16 3
v 17 3
v 18 4
v 19 4
v 20 4
v 21 4
v 22 4
v 23 4
v 24 4
v 25 4
v 26 4
e 0 7 1
e 0 13 1
e 1 15 1
e 1 17 1
e 2 15 2
e 3 7 2
e 3 14 1
e 4 13 1
e 4 22 1
e 4 23 1
e 6 7 1
e 6 8 2
e 6 9 1
e 8 11 1
e 8 18 1
e 9 12 2
e 9 19 1
e 10 11 2
e 10 12 1
e 10 15 1
e 11 20 1
e 12 21 1
e 13 14 2
e 14 16 1
e 17 24 1
e 17 25 1
e 17 26 1
t # 16919
v 0 1
v 1 1
v 2 1
v 3 2
v 4 2
v 5 2
v 6 2
v 7 3
v 8 3
v 9 3
v 10 3
v 11 3
v 12 3
v 13 3
v 14 3
v 15 3
v 16 3
v 17 3
v 18 3
v 19 3
v 20 3
v 21 3
v 22 4
v 23 4
v 24 4
v 25 4
v 26 4
v 27 4
v 28 4
v 29 4
v 30 4
v 31 4
v 32 4
v 33 4
e 0 14 1
e 0 19 1
e 1 12 2
e 2 13 2
e 3 7 1
e 3 12 1
e 3 13 1
e 4 14 2
e 4 20 1
e 5 19 1
e 5 32 1
e 5 33 1
e 7 8 1
e 7 22 1
e 7 23 1
e 8 9 1
e 8 24 1
e 8 25 1
e 9 14 1
e 9 26 1
e 9 27 1
e 10 11 1
e 10 12 1
e 10 15 2
e 11 13 1
e 11 16 2
e 15 17 1
e 15 28 1
e 16 18 1
e 16 29 1
e 17 18 2
e 17 30 1
e 18 31 1
e 19 20 2
e 20 21 1
t # 16920
v 0 1
v 1 1
v 2 1
v 3 2
v 4 2
v 5 2
v 6 2
v 7 3
v 8 3
v 9 3
v 10 3
v 11 3
v 12 3
v 13 3
v 14 3
v 15 3
v 16 3
v 17 3
v 18 3
v 19 3
v 20 3
v 21 4
v 22 4
v 23 4
v 24 4
v 25 4
v 26 4
v 27 4
v 28 4
v 29 4
v 30 4
e 0 13 1
e 0 18 1
e 1 11 2
e 2 12 2
e 3 7 1
e 3 11 1
e 3 12 1
e 4 13 2
e 4 19 1
e 5 18 1
e 5 29 1
e 5 30 1
e 7 8 1
e 7 21 1
e 7 22 1
e 8 13 1
e 8 23 1
e 8 24 1
e 9 10 1
e 9 11 1
e 9 14 2
e 10 12 1
e 10 15 2
e 14 16 1
e 14 25 1
e 15 17 1
e 15 26 1
e 16 17 2
e 16 27 1
e 17 28 1
e 18 19 2
e 19 20 1
t # 16921
v 0 1
v 1 2
v 2 2
v 3 2
v 4 3
v 5 3
v 6 3
v 7 3
v 8 3
v 9 3
v 10 3
v 11 4
v 12 4
v 13 4
v 14 4
v 15 4
v 16 4
v 17 4
e 0 4 1
e 0 6 1
e 1 4 2
e 1 7 1
e 2 6 1
e 2 16 1
e 2 17 1
e 4 5 1
e 5 8 1
e 5 9 2
e 6 7 2
e 7 10 1
e 8 11 1
e 8 12 1
e 8 13 1
e 9 14 1
e 9 15 1
t # 16922
v 0 1
v 1 2
v 2 2
v 3 2
v 4 3
v 5 3
v 6 3
v 7 3
v 8 3
v 9 3
v 10 3
v 11 3
v 12 3
v 13 3
v 14 3
v 15 4
v 16 4
v 17 4
v 18 4
v 19 4
v 20 4
v 21 4
v 22 4
v 23 4
e 0 6 1
e 0 9 1
e 1 6 2
e 1 10 1
e 2 9 1
e 2 22 1
e 2 23 1
e 4 5 1
e 4 6 1
e 4 15 1
e 4 16 1
e 5 7 2
e 5 8 1
e 7 11 1
e 7 17 1
e 8 12 2
e 8 18 1
e 9 10 2
e 10 14 1
e 11 13 2
e 11 19 1
e 12 13 1
e 12 20 1
e 13 21 1
t # 16923
v 0 1
v 1 1
v 2 1
v 3 1
v 4 1
v 5 1
v 6 1
v 7 1
v 8 1
v 9 2
v 10 2
v 11 2
v 12 3
v 13 3
v 14 3
v 15 3
v 16 3
v 17 3
v 18 3
v 19 3
v 20 3
v 21 3
v 22 3
v 23 3
v 24 3
v 25 3
v 26 3
v 27 3
v 28 3
v 29 3
v 30 3
v 31 3
v 32 3
v 33 3
v 34 3
v 35 3
v 36 3
v 37 3
v 38 4
v 39 4
v 40 4
v 41 4
v 42 4
v 43 4
v 44 4
v 45 4
v 46 4
v 47 4
v 48 4
v 49 4
v 50 4
v 51 4
v 52 4
v 53 4
v 54 4
v 55 4
v 56 4
v 57 4
v 58 4
v 59 4
v 60 4
v 61 4
v 62 4
v 63 4
v 64 4
v 65 4
v 66 4
v 67 4
v 68 4
v 69 4
v 70 4
v 71 4
v 72 4
v 73 4
v 74 4
e 0 17 1
e 0 21 1
e 1 18 1
e 1 22 1
e 2 16 2
e 3 17 2
e 4 18 2
e 5 26 1
e 5 27 1
e 6 23 1
e 6 31 1
e 7 23 2
e 8 26 2
e 9 12 1
e 9 15 1
e 9 16 1
e 19 10 1
e 10 23 1
e 10 47 1
e 11 20 1
e 11 26 1
e 11 52 1
e 12 13 1
e 12 17 1
e 12 18 1
e 13 14 1
e 13 38 1
e 13 39 1
e 14 15 1
e 14 40 1
e 14 41 1
e 15 42 1
e 15 43 1
e 16 19 1
e 19 20 1
e 19 44 1
e 20 45 1
e 20 46 1
e 21 24 1
e 21 48 1
e 21 49 1
e 22 25 1
e 22 50 1
e 22 51 1
e 24 53 1
e 24 54 1
e 24 55 1
e 25 56 1
e 25 57 1
e 25 58 1
e 27 28 1
e 27 29 1
e 27 30 1
e 28 59 1
e 28 60 1
e 28 61 1
e 29 62 1
e 29 63 1
e 29 64 1
e 30 65 1
e 30 66 1
e 30 67 1
e 31 32 1
e 31 68 1
e 31 69 1
e 32 33 2
e 32 34 1
e 33 35 1
e 33 70 1
e 34 36 2
e 34 71 1
e 35 37 2
e 35 72 1
e 36 37 1
e 36 73 1
e 37 74 1
t # 16924
v 0 11
v 1 11
v 2 1
v 3 1
v 4 2
v 5 2
v 6 2
v 7 2
v 8 2
v 9 3
v 10 3
v 11 3
v 12 3
v 13 3
v 14 3
v 15 3
v 16 3
v 17 3
v 18 3
v 19 3
v 20 3
v 21 3
v 22 3
v 23 3
v 24 3
v 25 3
v 26 3
v 27 3
v 28 3
v 29 3
v 30 3
v 31 3
v 32 3
v 33 3
v 34 4
v 35 4
v 36 4
v 37 4
v 38 4
v 39 4
v 40 4
v 41 4
v 42 4
v 43 4
v 44 4
v 45 4
v 46 4
v 47 4
v 48 4
v 49 4
v 50 4
v 51 4
v 52 4
v 53 4
v 54 4
v 55 4
v 56 4
v 57 4
v 58 4
v 59 4
v 60 4
v 61 4
v 62 4
e 0 15 1
e 0 21 1
e 2 20 2
e 3 25 2
e 4 9 1
e 4 10 1
e 4 13 1
e 5 11 1
e 5 12 1
e 5 15 1
e 6 7 1
e 6 18 1
e 6 26 1
e 7 20 1
e 7 24 1
e 8 19 1
e 8 25 1
e 8 48 1
e 9 11 1
e 9 34 1
e 9 35 1
e 10 12 1
e 10 36 1
e 10 37 1
e 11 38 1
e 11 39 1
e 12 40 1
e 12 41 1
e 13 14 1
e 13 42 1
e 13 43 1
e 14 16 2
e 14 17 1
e 16 22 1
e 16 44 1
e 17 23 2
e 17 45 1
e 18 19 2
e 18 27 1
e 19 20 1
e 21 25 1
e 21 46 1
e 21 47 1
e 22 28 2
e 22 49 1
e 23 28 1
e 23 50 1
e 24 29 2
e 24 30 1
e 26 51 1
e 26 52 1
e 26 53 1
e 27 54 1
e 27 55 1
e 27 56 1
e 28 57 1
e 29 31 1
e 29 58 1
e 30 32 2
e 30 59 1
e 31 33 2
e 31 60 1
e 32 33 1
e 32 61 1
e 33 62 1
t # 16925
v 0 11
v 1 11
v 2 1
v 3 1
v 4 2
v 5 2
v 6 2
v 7 2
v 8 3
v 9 3
v 10 3
v 11 3
v 12 3
v 13 3
v 14 3
v 15 3
v 16 3
v 17 3
v 18 3
v 19 3
v 20 3
v 21 3
v 22 3
v 23 3
v 24 4
v 25 4
v 26 4
v 27 4
v 28 4
v 29 4
v 30 4
v 31 4
v 32 4
v 33 4
v 34 4
v 35 4
v 36 4
v 37 4
v 38 4
v 39 4
v 40 4
v 41 4
v 42 4
v 43 4
e 0 19 1
e 0 21 1
e 2 10 2
e 3 16 2
e 4 5 1
e 4 8 1
e 4 12 1
e 5 10 1
e 5 11 1
e 6 9 1
e 6 16 1
e 6 30 1
e 7 21 1
e 7 22 1
e 7 23 1
e 8 9 2
e 8 13 1
e 9 10 1
e 11 14 2
e 11 15 1
e 12 24 1
e 12 25 1
e 12 26 1
e 13 27 1
e 13 28 1
e 13 29 1
e 14 17 1
e 14 31 1
e 15 18 2
e 15 32 1
e 16 19 1
e 17 20 2
e 17 33 1
e 18 20 1
e 18 34 1
e 19 35 1
e 19 36 1
e 20 37 1
e 22 38 1
e 22 39 1
e 22 40 1
e 23 41 1
e 23 42 1
e 23 43 1
t # 16926
v 0 18
v 1 1
v 2 1
v 3 1
v 4 1
v 5 3
v 6 3
v 7 3
v 8 3
v 9 3
v 10 3
v 11 3
v 12 3
v 13 3
v 14 3
v 15 3
v 16 3
v 17 3
v 18 3
v 19 3
v 20 3
v 21 3
v 22 3
v 23 4
v 24 4
v 25 4
v 26 4
v 27 4
v 28 4
v 29 4
v 30 4
v 31 4
v 32 4
v 33 4
v 34 4
v 35 4
v 36 4
v 37 4
v 38 4
v 39 4
e 1 16 1
e 1 17 1
e 2 14 2
e 3 17 2
e 4 18 2
e 5 6 1
e 5 7 1
e 5 23 1
e 5 24 1
e 6 8 1
e 6 25 1
e 6 26 1
e 7 9 2
e 7 10 1
e 8 14 1
e 8 15 2
e 9 12 1
e 9 27 1
e 10 13 2
e 10 28 1
e 11 12 2
e 11 13 1
e 11 17 1
e 12 29 1
e 13 30 1
e 14 19 1
e 15 18 1
e 15 31 1
e 16 20 1
e 16 21 1
e 16 32 1
e 18 22 1
e 19 22 2
e 19 33 1
e 20 34 1
e 20 35 1
e 20 36 1
e 21 37 1
e 21 38 1
e 21 39 1
t # 16927
v 0 18
v 1 1
v 2 1
v 3 1
v 4 1
v 5 3
v 6 3
v 7 3
v 8 3
v 9 3
v 10 3
v 11 3
v 12 3
v 13 3
v 14 3
v 15 3
v 16 3
v 17 3
v 18 3
v 19 3
v 20 3
v 21 4
v 22 4
v 23 4
v 24 4
v 25 4
v 26 4
v 27 4
v 28 4
v 29 4
v 30 4
v 31 4
v 32 4
v 33 4
e 1 11 2
e 2 19 1
e 2 20 1
e 3 16 2
e 4 19 2
e 5 6 1
e 5 7 1
e 5 21 1
e 5 22 1
e 6 8 1
e 6 23 1
e 6 24 1
e 7 9 2
e 7 10 1
e 8 11 1
e 8 12 2
e 9 14 1
e 9 25 1
e 10 15 2
e 10 26 1
e 11 17 1
e 12 16 1
e 12 27 1
e 13 14 2
e 13 15 1
e 13 19 1
e 14 28 1
e 15 29 1
e 16 18 1
e 17 18 2
e 17 30 1
e 20 31 1
e 20 32 1
e 20 33 1
t # 16928
v 0 1
v 1 1
v 2 1
v 3 1
v 4 1
v 5 2
v 6 2
v 7 2
v 8 3
v 9 3
v 10 3
v 11 3
v 12 3
v 13 3
v 14 3
v 15 3
v 16 3
v 17 3
v 18 3
v 19 3
v 20 3
v 21 3
v 22 3
v 23 3
v 24 3
v 25 3
v 26 3
v 27 3
v 28 3
v 29 3
v 30 3
v 31 3
v 32 3
v 33 3
v 34 3
v 35 4
v 36 4
v 37 4
v 38 4
v 39 4
v 40 4
v 41 4
v 42 4
v 43 4
v 44 4
v 45 4
v 46 4
v 47 4
v 48 4
v 49 4
v 50 4
v 51 4
v 52 4
v 53 4
v 54 4
v 55 4
v 56 4
v 57 4
v 58 4
v 59 4
v 60 4
v 61 4
v 62 4
v 63 4
v 64 4
v 65 4
v 66 4
v 67 4
v 68 4
v 69 4
v 70 4
v 71 4
v 72 4
v 73 4
v 74 4
v 75 4
v 76 4
v 77 4
v 78 4
v 79 4
v 80 4
v 81 4
v 82 4
v 83 4
e 0 10 1
e 0 11 1
e 1 8 1
e 1 41 1
e 2 9 1
e 2 42 1
e 3 12 1
e 3 73 1
e 4 22 2
e 5 10 1
e 5 20 1
e 5 22 1
e 6 22 1
e 6 30 2
e 7 30 1
e 7 31 1
e 7 78 1
e 8 9 1
e 8 10 1
e 8 35 1
e 9 11 1
e 9 36 1
e 10 37 1
e 11 12 1
e 11 38 1
e 12 39 1
e 12 40 1
e 13 14 1
e 13 16 1
e 13 43 1
e 13 44 1
e 14 15 1
e 14 45 1
e 14 46 1
e 15 17 1
e 15 47 1
e 15 48 1
e 16 18 1
e 16 49 1
e 16 50 1
e 17 19 1
e 17 51 1
e 17 52 1
e 18 21 1
e 18 53 1
e 18 54 1
e 19 23 1
e 19 55 1
e 19 56 1
e 20 28 2
e 20 59 1
e 21 24 1
e 21 57 1
e 21 58 1
e 23 25 1
e 23 60 1
e 23 61 1
e 24 26 1
e 24 62 1
e 24 63 1
e 25 27 1
e 25 64 1
e 25 65 1
e 26 29 1
e 26 66 1
e 26 67 1
e 27 31 1
e 27 68 1
e 27 69 1
e 28 30 1
e 28 72 1
e 29 32 1
e 29 70 1
e 29 71 1
e 31 74 1
e 31 75 1
e 32 33 1
e 32 76 1
e 32 77 1
e 33 34 1
e 33 79 1
e 33 80 1
e 34 81 1
e 34 82 1
e 34 83 1
t # 16929
v 0 41
v 1 1
v 2 1
v 3 1
v 4 1
v 5 2
v 6 3
v 7 3
v 8 3
v 9 3
v 10 3
v 11 3
v 12 3
v 13 3
v 14 3
v 15 3
v 16 3
v 17 3
v 18 3
v 19 3
v 20 3
v 21 3
v 22 3
v 23 3
v 24 3
v 25 3
v 26 3
v 27 3
v 28 3
v 29 3
v 30 3
v 31 3
v 32 3
v 33 4
v 34 4
v 35 4
v 36 4
v 37 4
v 38 4
v 39 4
v 40 4
v 41 4
v 42 4
v 43 4
v 44 4
v 45 4
v 46 4
v 47 4
v 48 4
v 49 4
v 50 4
v 51 4
v 52 4
v 53 4
v 54 4
v 55 4
v 56 4
v 57 4
v 58 4
v 59 4
v 60 4
v 61 4
v 62 4
v 63 4
v 64 4
v 65 4
v 66 4
v 67 4
v 68 4
v 69 4
v 70 4
v 71 4
e 1 15 1
e 2 19 1
e 2 26 1
e 3 20 1
e 3 31 1
e 4 31 2
e 5 16 1
e 5 22 1
e 5 54 1
e 6 9 1
e 6 10 1
e 6 33 1
e 7 11 1
e 7 12 1
e 7 34 1
e 8 13 1
e 8 14 1
e 8 35 1
e 9 36 1
e 9 37 1
e 9 38 1
e 10 39 1
e 10 40 1
e 10 41 1
e 11 42 1
e 11 43 1
e 11 44 1
e 12 45 1
e 12 46 1
e 12 47 1
e 13 48 1
e 13 49 1
e 13 50 1
e 14 51 1
e 14 52 1
e 14 53 1
e 15 16 1
e 15 17 2
e 16 18 2
e 17 19 1
e 17 23 1
e 18 20 1
e 18 21 1
e 19 20 2
e 21 22 1
e 21 24 2
e 22 25 2
e 23 55 1
e 23 56 1
e 23 57 1
e 24 27 1
e 24 58 1
e 25 28 1
e 25 59 1
e 26 29 1
e 26 30 1
e 26 60 1
e 27 28 2
e 27 61 1
e 28 62 1
e 29 63 1
e 29 64 1
e 29 65 1
e 30 66 1
e 30 67 1
e 30 68 1
e 31 32 1
e 32 69 1
e 32 70 1
e 32 71 1
t # 16930
v 0 1
v 1 1
v 2 1
v 3 2
v 4 2
v 5 3
v 6 3
v 7 3
v 8 3
v 9 3
v 10 3
v 11 3
v 12 3
v 13 3
v 14 3
v 15 3
v 16 3
v 17 3
v 18 3
v 19 3
v 20 3
v 21 3
v 22 3
v 23 4
v 24 4
v 25 4
v 26 4
v 27 4
v 28 4
v 29 4
v 30 4
v 31 4
v 32 4
v 33 4
v 34 4
v 35 4
v 36 4
v 37 4
v 38 4
e 0 7 1
e 0 13 1
e 1 15 1
e 1 22 1
e 2 11 2
e 3 9 1
e 3 11 1
e 3 27 1
e 4 13 2
e 4 35 1
e 5 7 2
e 5 8 1
e 5 10 1
e 6 8 2
e 6 11 1
e 6 13 1
e 7 14 1
e 8 23 1
e 9 12 1
e 9 24 1
e 9 25 1
e 10 15 2
e 10 26 1
e 12 17 2
e 12 18 1
e 14 16 2
e 14 28 1
e 15 16 1
e 16 29 1
e 17 19 1
e 17 30 1
e 18 20 2
e 18 31 1
e 19 21 2
e 19 32 1
e 20 21 1
e 20 33 1
e 21 34 1
e 22 36 1
e 22 37 1
e 22 38 1
t # 16931
v 0 1
v 1 1
v 2 1
v 3 2
v 4 2
v 5 3
v 6 3
v 7 3
v 8 3
v 9 3
v 10 3
v 11 3
v 12 3
v 13 3
v 14 3
v 15 3
v 16 3
v 17 3
v 18 3
v 19 3
v 20 3
v 21 3
v 22 4
v 23 4
v 24 4
v 25 4
v 26 4
v 27 4
v 28 4
v 29 4
v 30 4
v 31 4
v 32 4
v 33 4
v 34 4
v 35 4
e 0 6 1
e 0 11 1
e 1 9 1
e 1 21 1
e 2 12 2
e 3 12 1
e 3 15 1
e 3 26 1
e 4 11 2
e 4 31 1
e 5 6 2
e 5 8 1
e 5 10 1
e 6 9 1
e 7 8 2
e 7 11 1
e 7 12 1
e 8 22 1
e 9 13 2
e 10 14 2
e 10 23 1
e 13 14 1
e 13 24 1
e 14 25 1
e 15 16 2
e 15 17 1
e 16 18 1
e 16 27 1
e 17 19 2
e 17 28 1
e 18 20 2
e 18 29 1
e 19 20 1
e 19 30 1
e 20 32 1
e 21 33 1
e 21 34 1
e 21 35 1
t # 16932
v 0 1
v 1 1
v 2 2
v 3 2
v 4 2
v 5 3
v 6 3
v 7 3
v 8 3
v 9 3
v 10 3
v 11 3
v 12 3
v 13 3
v 14 3
v 15 3
v 16 3
v 17 3
v 18 3
v 19 3
v 20 3
v 21 3
v 22 3
v 23 3
v 24 3
v 25 3
v 26 4
v 27 4
v 28 4
v 29 4
v 30 4
v 31 4
v 32 4
v 33 4
v 34 4
v 35 4
v 36 4
v 37 4
v 38 4
v 39 4
v 40 4
v 41 4
v 42 4
v 43 4
v 44 4
v 45 4
v 46 4
v 47 4
v 48 4
e 0 9 1
e 0 17 1
e 1 18 2
e 2 5 1
e 2 6 1
e 2 7 1
e 3 18 1
e 3 19 1
e 3 42 1
e 4 17 2
e 4 45 1
e 5 10 2
e 5 11 1
e 6 15 1
e 6 26 1
e 6 27 1
e 7 16 1
e 7 28 1
e 7 29 1
e 8 9 2
e 8 12 1
e 8 13 1
e 9 10 1
e 10 30 1
e 11 12 2
e 11 31 1
e 12 32 1
e 13 14 2
e 13 33 1
e 14 17 1
e 14 18 1
e 15 34 1
e 15 35 1
e 15 36 1
e 16 37 1
e 16 38 1
e 16 39 1
e 19 20 1
e 19 40 1
e 19 41 1
e 20 21 2
e 20 22 1
e 21 23 1
e 21 43 1
e 22 24 2
e 22 44 1
e 23 25 2
e 23 46 1
e 24 25 1
e 24 47 1
e 25 48 1
t # 16933
v 0 1
v 1 1
v 2 1
v 3 2
v 4 2
v 5 3
v 6 3
v 7 3
v 8 3
v 9 3
v 10 3
v 11 3
v 12 3
v 13 3
v 14 3
v 15 3
v 16 3
v 17 3
v 18 3
v 19 3
v 20 3
v 21 3
v 22 4
v 23 4
v 24 4
v 25 4
v 26 4
v 27 4
v 28 4
v 29 4
v 30 4
v 31 4
v 32 4
v 33 4
v 34 4
v 35 4
e 0 7 1
e 0 10 1
e 1 11 2
e 2 16 2
e 3 9 1
e 3 11 1
e 3 25 1
e 4 10 1
e 4 33 1
e 4 34 1
e 5 7 1
e 5 8 2
e 5 13 1
e 6 8 1
e 6 10 2
e 6 11 1
e 7 14 2
e 8 22 1
e 9 12 1
e 9 23 1
e 9 24 1
e 12 17 2
e 12 18 1
e 13 15 2
e 13 26 1
e 14 16 1
e 14 27 1
e 15 16 1
e 15 28 1
e 17 19 1
e 17 29 1
e 18 20 2
e 18 30 1
e 19 21 2
e 19 31 1
e 20 21 1
e 20 32 1
e 21 35 1
t # 16934
v 0 12
v 1 1
v 2 1
v 3 2
v 4 2
v 5 3
v 6 3
v 7 3
v 8 3
v 9 3
v 10 3
v 11 3
v 12 3
v 13 3
v 14 3
v 15 3
v 16 3
v 17 3
v 18 3
v 19 3
v 20 3
v 21 4
v 22 4
v 23 4
v 24 4
v 25 4
v 26 4
v 27 4
v 28 4
v 29 4
v 30 4
v 31 4
e 0 14 1
e 1 6 1
e 1 9 1
e 2 11 2
e 3 11 1
e 3 13 1
e 3 24 1
e 4 9 2
e 4 31 1
e 5 6 2
e 5 8 1
e 5 10 1
e 6 12 1
e 7 8 2
e 7 9 1
e 7 11 1
e 8 21 1
e 10 14 2
e 10 22 1
e 12 15 2
e 12 23 1
e 13 16 2
e 13 17 1
e 14 15 1
e 15 25 1
e 16 18 1
e 16 26 1
e 17 19 2
e 17 27 1
e 18 20 2
e 18 28 1
e 19 20 1
e 19 29 1
e 20 30 1
t # 16935
v 0 1
v 1 1
v 2 1
v 3 2
v 4 2
v 5 3
v 6 3
v 7 3
v 8 3
v 9 3
v 10 3
v 11 3
v 12 3
v 13 3
v 14 3
v 15 3
v 16 3
v 17 3
v 18 3
v 19 3
v 20 3
v 21 3
v 22 4
v 23 4
v 24 4
v 25 4
v 26 4
v 27 4
v 28 4
v 29 4
v 30 4
v 31 4
v 32 4
v 33 4
v 34 4
v 35 4
e 0 6 1
e 0 11 1
e 1 12 1
e 1 21 1
e 2 13 2
e 3 13 1
e 3 15 1
e 3 26 1
e 4 11 2
e 4 32 1
e 5 6 2
e 5 8 1
e 5 9 1
e 6 10 1
e 7 8 2
e 7 11 1
e 7 13 1
e 8 22 1
e 9 12 2
e 9 23 1
e 10 14 2
e 10 24 1
e 12 14 1
e 14 25 1
e 15 16 2
e 15 17 1
e 16 18 1
e 16 27 1
e 17 19 2
e 17 28 1
e 18 20 2
e 18 29 1
e 19 20 1
e 19 30 1
e 20 31 1
e 21 33 1
e 21 34 1
e 21 35 1
t # 16936
v 0 12
v 1 1
v 2 1
v 3 2
v 4 2
v 5 3
v 6 3
v 7 3
v 8 3
v 9 3
v 10 3
v 11 3
v 12 3
v 13 3
v 14 3
v 15 3
v 16 3
v 17 3
v 18 3
v 19 3
v 20 3
v 21 3
v 22 4
v 23 4
v 24 4
v 25 4
v 26 4
v 27 4
v 28 4
v 29 4
v 30 4
v 31 4
v 32 4
v 33 4
v 34 4
e 0 15 1
e 1 7 1
e 1 12 1
e 2 11 2
e 3 8 1
e 3 11 1
e 3 25 1
e 4 12 2
e 4 34 1
e 5 7 2
e 5 9 1
e 5 13 1
e 6 9 2
e 6 11 1
e 6 12 1
e 7 14 1
e 8 10 1
e 8 22 1
e 8 23 1
e 9 24 1
e 10 16 2
e 10 17 1
e 13 15 2
e 13 26 1
e 14 18 2
e 14 27 1
e 15 18 1
e 16 19 1
e 16 28 1
e 17 20 2
e 17 29 1
e 18 30 1
e 19 21 2
e 19 31 1
e 20 21 1
e 20 32 1
e 21 33 1
t # 16937
v 0 1
v 1 1
v 2 1
v 3 1
v 4 2
v 5 2
v 6 2
v 7 3
v 8 3
v 9 3
v 10 3
v 11 3
v 12 3
v 13 3
v 14 3
v 15 3
v 16 3
v 17 3
v 18 3
v 19 3
v 20 3
v 21 3
v 22 3
v 23 3
v 24 4
v 25 4
v 26 4
v 27 4
v 28 4
v 29 4
v 30 4
v 31 4
v 32 4
v 33 4
v 34 4
v 35 4
v 36 4
e 0 9 1
e 0 15 1
e 1 13 2
e 4 11 1
e 4 13 1
e 4 28 1
e 5 17 1
e 6 15 2
e 6 36 1
e 7 9 2
e 7 10 1
e 7 12 1
e 8 10 2
e 8 13 1
e 8 15 1
e 9 16 1
e 10 24 1
e 11 14 1
e 11 25 1
e 11 26 1
e 12 17 2
e 12 27 1
e 14 19 2
e 14 20 1
e 16 18 2
e 16 29 1
e 17 18 1
e 18 30 1
e 19 21 1
e 19 31 1
e 20 22 2
e 20 32 1
e 21 23 2
e 21 33 1
e 22 23 1
e 22 34 1
e 23 35 1
t # 16938
v 0 1
v 1 1
v 2 2
v 3 2
v 4 2
v 5 3
v 6 3
v 7 3
v 8 3
v 9 3
v 10 3
v 11 3
v 12 3
v 13 3
v 14 3
v 15 3
v 16 3
v 17 3
v 18 3
v 19 3
v 20 3
v 21 3
v 22 3
v 23 3
v 24 3
v 25 3
v 26 3
v 27 3
v 28 3
v 29 4
v 30 4
v 31 4
v 32 4
v 33 4
v 34 4
v 35 4
v 36 4
v 37 4
v 38 4
v 39 4
v 40 4
v 41 4
v 42 4
v 43 4
v 44 4
v 45 4
v 46 4
v 47 4
v 48 4
v 49 4
v 50 4
v 51 4
e 0 9 1
e 0 19 1
e 1 21 2
e 2 5 1
e 2 6 1
e 2 7 1
e 3 18 1
e 3 21 1
e 3 43 1
e 4 19 2
e 4 51 1
e 5 10 2
e 5 11 1
e 6 15 1
e 6 29 1
e 6 30 1
e 7 16 1
e 7 31 1
e 7 32 1
e 8 9 2
e 8 12 1
e 8 13 1
e 9 10 1
e 10 33 1
e 11 12 2
e 11 34 1
e 12 35 1
e 13 14 2
e 13 36 1
e 14 19 1
e 14 21 1
e 15 37 1
e 15 38 1
e 15 39 1
e 16 40 1
e 16 41 1
e 16 42 1
e 17 18 1
e 17 20 1
e 17 23 2
e 18 22 2
e 20 24 1
e 20 25 2
e 22 26 1
e 22 44 1
e 23 27 1
e 23 45 1
e 24 26 2
e 24 46 1
e 25 28 1
e 25 47 1
e 26 48 1
e 27 28 2
e 27 49 1
e 28 50 1
t # 16939
v 0 1
v 1 1
v 2 2
v 3 2
v 4 2
v 5 3
v 6 3
v 7 3
v 8 3
v 9 3
v 10 3
v 11 3
v 12 3
v 13 3
v 14 3
v 15 3
v 16 3
v 17 3
v 18 3
v 19 3
v 20 3
v 21 3
v 22 3
v 23 3
v 24 3
v 25 4
v 26 4
v 27 4
v 28 4
v 29 4
v 30 4
v 31 4
v 32 4
v 33 4
v 34 4
v 35 4
v 36 4
v 37 4
v 38 4
v 39 4
v 40 4
v 41 4
v 42 4
v 43 4
v 44 4
v 45 4
e 0 9 1
e 0 17 1
e 1 18 2
e 2 5 1
e 2 6 1
e 2 7 1
e 3 18 1
e 3 19 1
e 3 39 1
e 4 17 2
e 4 40 1
e 5 10 2
e 5 11 1
e 6 14 1
e 6 25 1
e 6 26 1
e 7 15 1
e 7 27 1
e 7 28 1
e 8 9 2
e 8 12 1
e 8 13 1
e 9 10 1
e 10 29 1
e 11 12 2
e 11 30 1
e 12 31 1
e 13 16 2
e 13 32 1
e 14 33 1
e 14 34 1
e 14 35 1
e 15 36 1
e 15 37 1
e 15 38 1
e 16 17 1
e 16 18 1
e 19 20 2
e 19 21 1
e 20 22 1
e 20 41 1
e 21 23 2
e 21 42 1
e 22 24 2
e 22 43 1
e 23 24 1
e 23 44 1
e 24 45 1
t # 16940
v 0 11
v 1 1
v 2 1
v 3 2
v 4 2
v 5 3
v 6 3
v 7 3
v 8 3
v 9 3
v 10 3
v 11 3
v 12 3
v 13 3
v 14 3
v 15 3
v 16 3
v 17 3
v 18 3
v 19 3
v 20 3
v 21 3
v 22 3
v 23 3
v 24 3
v 25 3
v 26 3
v 27 3
v 28 3
v 29 4
v 30 4
v 31 4
v 32 4
v 33 4
v 34 4
v 35 4
v 36 4
v 37 4
v 38 4
v 39 4
v 40 4
v 41 4
v 42 4
v 43 4
v 44 4
v 45 4
v 46 4
e 0 18 1
e 0 22 1
e 1 8 1
e 1 16 1
e 2 16 2
e 3 13 1
e 3 18 2
e 4 20 1
e 4 27 1
e 4 28 1
e 5 6 1
e 5 8 2
e 5 9 1
e 6 7 1
e 6 14 2
e 7 11 1
e 7 15 2
e 8 12 1
e 9 10 2
e 9 29 1
e 10 13 1
e 10 16 1
e 11 12 2
e 11 30 1
e 12 31 1
e 13 22 2
e 14 19 1
e 14 32 1
e 15 21 1
e 15 33 1
e 17 18 1
e 17 23 2
e 17 24 1
e 19 21 2
e 19 34 1
e 20 25 2
e 20 26 1
e 21 35 1
e 22 36 1
e 23 25 1
e 23 37 1
e 24 26 2
e 24 38 1
e 25 39 1
e 26 40 1
e 27 41 1
e 27 42 1
e 27 43 1
e 28 44 1
e 28 45 1
e 28 46 1
t # 16941
v 0 11
v 1 1
v 2 1
v 3 2
v 4 2
v 5 2
v 6 3
v 7 3
v 8 3
v 9 3
v 10 3
v 11 3
v 12 3
v 13 3
v 14 3
v 15 3
v 16 3
v 17 3
v 18 3
v 19 3
v 20 3
v 21 3
v 22 3
v 23 3
v 24 3
v 25 3
v 26 3
v 27 3
v 28 3
v 29 3
v 30 4
v 31 4
v 32 4
v 33 4
v 34 4
v 35 4
v 36 4
v 37 4
v 38 4
v 39 4
v 40 4
v 41 4
v 42 4
v 43 4
v 44 4
v 45 4
v 46 4
v 47 4
v 48 4
v 49 4
v 50 4
v 51 4
v 52 4
v 53 4
v 54 4
e 0 21 1
e 0 23 1
e 1 10 1
e 1 19 1
e 2 19 2
e 3 6 1
e 3 7 1
e 3 8 1
e 4 18 1
e 4 21 2
e 5 22 1
e 5 28 1
e 5 29 1
e 6 11 2
e 6 12 1
e 7 16 1
e 7 30 1
e 7 31 1
e 8 17 1
e 8 32 1
e 8 33 1
e 9 10 2
e 9 13 1
e 9 14 1
e 10 11 1
e 11 34 1
e 12 13 2
e 12 35 1
e 13 36 1
e 14 15 2
e 14 37 1
e 15 18 1
e 15 19 1
e 16 38 1
e 16 39 1
e 16 40 1
e 17 41 1
e 17 42 1
e 17 43 1
e 18 23 2
e 20 21 1
e 20 24 2
e 20 25 1
e 22 26 2
e 22 27 1
e 23 44 1
e 24 26 1
e 24 45 1
e 25 27 2
e 25 46 1
e 26 47 1
e 27 48 1
e 28 49 1
e 28 50 1
e 28 51 1
e 29 52 1
e 29 53 1
e 29 54 1
t # 16942
v 0 11
v 1 1
v 2 1
v 3 1
v 4 2
v 5 3
v 6 3
v 7 3
v 8 3
v 9 3
v 10 3
v 11 3
v 12 3
v 13 3
v 14 3
v 15 3
v 16 3
v 17 3
v 18 3
v 19 3
v 20 3
v 21 3
v 22 3
v 23 3
v 24 3
v 25 3
v 26 3
v 27 3
v 28 4
v 29 4
v 30 4
v 31 4
v 32 4
v 33 4
v 34 4
v 35 4
v 36 4
v 37 4
v 38 4
v 39 4
v 40 4
v 41 4
v 42 4
e 0 19 1
e 0 20 1
e 1 8 1
e 1 16 1
e 2 16 2
e 3 26 1
e 3 27 1
e 4 14 1
e 4 19 2
e 5 6 1
e 5 8 2
e 5 9 1
e 6 7 1
e 6 13 2
e 7 11 1
e 7 15 2
e 8 12 1
e 9 10 2
e 9 28 1
e 10 14 1
e 10 16 1
e 11 12 2
e 11 29 1
e 12 30 1
e 13 17 1
e 13 31 1
e 14 20 2
e 15 18 1
e 15 32 1
e 17 18 2
e 17 33 1
e 18 34 1
e 19 21 1
e 20 35 1
e 21 22 2
e 21 23 1
e 22 24 1
e 22 36 1
e 23 25 2
e 23 37 1
e 24 26 2
e 24 38 1
e 25 26 1
e 25 39 1
e 27 40 1
e 27 41 1
e 27 42 1
t # 16943
v 0 11
v 1 1
v 2 1
v 3 1
v 4 2
v 5 3
v 6 3
v 7 3
v 8 3
v 9 3
v 10 3
v 11 3
v 12 3
v 13 3
v 14 3
v 15 3
v 16 3
v 17 3
v 18 3
v 19 3
v 20 3
v 21 3
v 22 3
v 23 3
v 24 4
v 25 4
v 26 4
v 27 4
v 28 4
v 29 4
v 30 4
v 31 4
v 32 4
v 33 4
v 34 4
v 35 4
v 36 4
e 0 10 1
e 0 14 1
e 1 9 1
e 1 12 1
e 2 20 1
e 2 23 1
e 3 12 2
e 4 7 1
e 4 10 2
e 5 7 1
e 5 8 2
e 5 12 1
e 6 8 1
e 6 9 1
e 6 13 2
e 7 14 2
e 8 24 1
e 9 15 2
e 10 11 1
e 11 16 2
e 11 17 1
e 13 18 1
e 13 25 1
e 14 26 1
e 15 19 1
e 15 27 1
e 16 21 1
e 16 28 1
e 17 22 2
e 17 29 1
e 18 19 2
e 18 30 1
e 19 31 1
e 20 21 2
e 20 22 1
e 21 32 1
e 22 33 1
e 23 34 1
e 23 35 1
e 23 36 1
t # 16944
v 0 11
v 1 1
v 2 1
v 3 1
v 4 1
v 5 2
v 6 2
v 7 3
v 8 3
v 9 3
v 10 3
v 11 3
v 12 3
v 13 3
v 14 3
v 15 3
v 16 3
v 17 3
v 18 3
v 19 3
v 20 3
v 21 3
v 22 3
v 23 3
v 24 3
v 25 4
v 26 4
v 27 4
v 28 4
v 29 4
v 30 4
v 31 4
v 32 4
v 33 4
v 34 4
e 0 16 1
e 0 19 1
e 1 9 1
e 1 13 1
e 2 13 2
e 5 11 1
e 5 16 2
e 6 15 1
e 7 9 2
e 7 10 1
e 7 12 1
e 8 10 2
e 8 11 1
e 8 13 1
e 9 14 1
e 10 25 1
e 11 19 2
e 12 15 2
e 12 26 1
e 14 17 2
e 14 27 1
e 15 17 1
e 16 18 1
e 17 28 1
e 18 20 2
e 18 21 1
e 19 29 1
e 20 22 1
e 20 30 1
e 21 23 2
e 21 31 1
e 22 24 2
e 22 32 1
e 23 24 1
e 23 33 1
e 24 34 1
t # 16945
v 0 11
v 1 1
v 2 1
v 3 1
v 4 2
v 5 3
v 6 3
v 7 3
v 8 3
v 9 3
v 10 3
v 11 3
v 12 3
v 13 3
v 14 3
v 15 3
v 16 3
v 17 3
v 18 3
v 19 3
v 20 3
v 21 3
v 22 3
v 23 3
v 24 4
v 25 4
v 26 4
v 27 4
v 28 4
v 29 4
v 30 4
v 31 4
v 32 4
v 33 4
v 34 4
v 35 4
v 36 4
e 0 14 1
e 0 17 1
e 1 7 1
e 1 11 1
e 2 13 1
e 2 23 1
e 3 11 2
e 4 9 1
e 4 14 2
e 5 7 2
e 5 8 1
e 5 10 1
e 6 8 2
e 6 9 1
e 6 11 1
e 7 12 1
e 8 24 1
e 9 17 2
e 10 13 2
e 10 25 1
e 12 15 2
e 12 26 1
e 13 15 1
e 14 16 1
e 15 27 1
e 16 18 2
e 16 19 1
e 17 28 1
e 18 20 1
e 18 29 1
e 19 21 2
e 19 30 1
e 20 22 2
e 20 31 1
e 21 22 1
e 21 32 1
e 22 33 1
e 23 34 1
e 23 35 1
e 23 36 1
t # 16946
v 0 11
v 1 1
v 2 1
v 3 1
v 4 2
v 5 3
v 6 3
v 7 3
v 8 3
v 9 3
v 10 3
v 11 3
v 12 3
v 13 3
v 14 3
v 15 3
v 16 3
v 17 3
v 18 3
v 19 4
v 20 4
v 21 4
v 22 4
v 23 4
v 24 4
v 25 4
v 26 4
v 27 4
v 28 4
v 29 4
e 0 15 1
e 0 16 1
e 1 7 1
e 1 11 1
e 2 13 1
e 2 18 1
e 3 11 2
e 4 9 1
e 4 16 2
e 5 7 2
e 5 8 1
e 5 10 1
e 6 8 2
e 6 9 1
e 6 11 1
e 7 12 1
e 8 19 1
e 9 15 2
e 10 13 2
e 10 20 1
e 12 14 2
e 12 21 1
e 13 14 1
e 14 22 1
e 15 23 1
e 16 17 1
e 17 24 1
e 17 25 1
e 17 26 1
e 18 27 1
e 18 28 1
e 18 29 1
t # 16947
v 0 11
v 1 1
v 2 1
v 3 2
v 4 2
v 5 3
v 6 3
v 7 3
v 8 3
v 9 3
v 10 3
v 11 3
v 12 3
v 13 3
v 14 3
v 15 3
v 16 3
v 17 3
v 18 3
v 19 3
v 20 3
v 21 3
v 22 4
v 23 4
v 24 4
v 25 4
v 26 4
v 27 4
v 28 4
v 29 4
v 30 4
v 31 4
v 32 4
v 33 4
v 34 4
v 35 4
v 36 4
v 37 4
v 38 4
v 39 4
e 0 19 1
e 0 20 1
e 1 9 1
e 1 17 1
e 2 17 2
e 3 5 1
e 3 6 1
e 3 7 1
e 4 18 1
e 4 20 2
e 5 10 2
e 5 11 1
e 6 15 1
e 6 22 1
e 6 23 1
e 7 16 1
e 7 24 1
e 7 25 1
e 8 9 2
e 8 12 1
e 8 13 1
e 9 10 1
e 10 26 1
e 11 12 2
e 11 27 1
e 12 28 1
e 13 14 2
e 13 29 1
e 14 17 1
e 14 18 1
e 15 30 1
e 15 31 1
e 15 32 1
e 16 33 1
e 16 34 1
e 16 35 1
e 18 19 2
e 19 36 1
e 20 21 1
e 21 37 1
e 21 38 1
e 21 39 1
t # 16948
v 0 11
v 1 1
v 2 1
v 3 2
v 4 3
v 5 3
v 6 3
v 7 3
v 8 3
v 9 3
v 10 3
v 11 3
v 12 3
v 13 3
v 14 3
v 15 3
v 16 3
v 17 3
v 18 3
v 19 3
v 20 3
v 21 4
v 22 4
v 23 4
v 24 4
v 25 4
v 26 4
v 27 4
v 28 4
v 29 4
v 30 4
v 31 4
e 0 18 1
e 0 19 1
e 1 7 1
e 1 15 1
e 2 15 2
e 3 13 1
e 3 19 2
e 4 5 1
e 4 7 2
e 4 8 1
e 5 6 1
e 5 12 2
e 6 11 1
e 6 14 2
e 7 10 1
e 8 9 2
e 8 21 1
e 9 13 1
e 9 15 1
e 10 11 2
e 10 22 1
e 11 23 1
e 12 16 1
e 12 24 1
e 13 18 2
e 14 17 1
e 14 25 1
e 16 17 2
e 16 26 1
e 17 27 1
e 18 28 1
e 19 20 1
e 20 29 1
e 20 30 1
e 20 31 1
t # 16949
v 0 11
v 1 1
v 2 1
v 3 2
v 4 3
v 5 3
v 6 3
v 7 3
v 8 3
v 9 3
v 10 3
v 11 3
v 12 3
v 13 3
v 14 3
v 15 3
v 16 3
v 17 4
v 18 4
v 19 4
v 20 4
v 21 4
v 22 4
v 23 4
v 24 4
v 25 4
e 0 12 1
e 0 13 1
e 1 7 1
e 1 9 1
e 2 9 2
e 3 8 1
e 3 13 2
e 4 6 2
e 4 8 1
e 4 9 1
e 5 6 1
e 5 7 1
e 5 10 2
e 6 17 1
e 7 11 2
e 8 12 2
e 10 14 1
e 10 18 1
e 11 15 1
e 11 19 1
e 12 20 1
e 13 16 1
e 14 15 2
e 14 21 1
e 15 22 1
e 16 23 1
e 16 24 1
e 16 25 1
t # 16950
v 0 11
v 1 1
v 2 1
v 3 2
v 4 2
v 5 3
v 6 3
v 7 3
v 8 3
v 9 3
v 10 3
v 11 3
v 12 3
v 13 3
v 14 3
v 15 3
v 16 3
v 17 3
v 18 3
v 19 3
v 20 3
v 21 3
v 22 3
v 23 4
v 24 4
v 25 4
v 26 4
v 27 4
v 28 4
v 29 4
v 30 4
v 31 4
v 32 4
e 0 19 1
e 0 20 1
e 1 7 1
e 1 16 1
e 2 16 2
e 3 14 1
e 3 20 2
e 5 6 1
e 5 7 2
e 5 9 1
e 6 8 1
e 6 13 2
e 7 11 1
e 8 12 1
e 8 15 2
e 9 10 2
e 9 23 1
e 10 14 1
e 10 16 1
e 11 12 2
e 11 24 1
e 12 25 1
e 13 17 1
e 13 26 1
e 14 19 2
e 15 18 1
e 15 27 1
e 17 18 2
e 17 28 1
e 18 29 1
e 19 30 1
e 20 21 1
e 21 22 1
e 21 31 1
e 21 32 1
t # 16951
v 0 11
v 1 1
v 2 1
v 3 2
v 4 2
v 5 3
v 6 3
v 7 3
v 8 3
v 9 3
v 10 3
v 11 3
v 12 3
v 13 3
v 14 3
v 15 3
v 16 3
v 17 3
v 18 3
v 19 4
v 20 4
v 21 4
v 22 4
v 23 4
v 24 4
v 25 4
v 26 4
e 0 13 1
e 0 14 1
e 1 8 1
e 1 10 1
e 2 10 2
e 3 9 1
e 3 14 2
e 5 7 2
e 5 9 1
e 5 10 1
e 6 7 1
e 6 8 1
e 6 11 2
e 7 19 1
e 8 12 2
e 9 13 2
e 11 15 1
e 11 20 1
e 12 16 1
e 12 21 1
e 13 22 1
e 14 17 1
e 15 16 2
e 15 23 1
e 16 24 1
e 17 18 1
e 17 25 1
e 17 26 1
t # 16952
v 0 1
v 1 1
v 2 1
v 3 2
v 4 2
v 5 3
v 6 3
v 7 3
v 8 3
v 9 3
v 10 3
v 11 3
v 12 3
v 13 3
v 14 3
v 15 3
v 16 3
v 17 3
v 18 3
v 19 3
v 20 3
v 21 3
v 22 4
v 23 4
v 24 4
v 25 4
v 26 4
v 27 4
v 28 4
v 29 4
v 30 4
v 31 4
e 0 11 1
e 0 12 1
e 1 12 2
e 2 13 2
e 3 6 1
e 3 7 1
e 3 22 1
e 4 6 2
e 4 13 1
e 5 6 1
e 5 10 2
e 5 12 1
e 7 9 1
e 7 14 2
e 8 10 1
e 8 11 1
e 8 16 2
e 9 13 1
e 9 15 2
e 10 23 1
e 11 17 2
e 14 18 1
e 14 24 1
e 15 19 1
e 15 25 1
e 16 20 1
e 16 26 1
e 17 21 1
e 17 27 1
e 18 19 2
e 18 28 1
e 19 29 1
e 20 21 2
e 20 30 1
e 21 31 1
t # 16953
v 0 1
v 1 1
v 2 2
v 3 2
v 4 2
v 5 3
v 6 3
v 7 3
v 8 3
v 9 3
v 10 3
v 11 3
v 12 3
v 13 3
v 14 3
v 15 3
v 16 3
v 17 3
v 18 3
v 19 3
v 20 3
v 21 3
v 22 3
v 23 3
v 24 3
v 25 3
v 26 4
v 27 4
v 28 4
v 29 4
v 30 4
v 31 4
v 32 4
v 33 4
v 34 4
v 35 4
v 36 4
v 37 4
v 38 4
e 0 7 1
e 0 14 1
e 1 20 2
e 2 11 1
e 2 15 1
e 2 30 1
e 3 11 2
e 3 20 1
e 4 14 2
e 4 38 1
e 5 6 1
e 5 7 2
e 5 10 1
e 6 9 1
e 6 16 2
e 7 12 1
e 8 10 2
e 8 11 1
e 8 14 1
e 9 13 1
e 9 18 2
e 10 26 1
e 12 13 2
e 12 27 1
e 13 28 1
e 15 17 1
e 15 22 2
e 16 19 1
e 16 29 1
e 17 20 1
e 17 23 2
e 18 21 1
e 18 31 1
e 19 21 2
e 19 32 1
e 21 33 1
e 22 24 1
e 22 34 1
e 23 25 1
e 23 35 1
e 24 25 2
e 24 36 1
e 25 37 1
t # 16954
v 0 1
v 1 1
v 2 2
v 3 2
v 4 2
v 5 2
v 6 3
v 7 3
v 8 3
v 9 3
v 10 3
v 11 3
v 12 3
v 13 3
v 14 3
v 15 3
v 16 3
v 17 3
v 18 3
v 19 3
v 20 3
v 21 3
v 22 3
v 23 3
v 24 3
v 25 3
v 26 3
v 27 4
v 28 4
v 29 4
v 30 4
v 31 4
v 32 4
v 33 4
v 34 4
v 35 4
v 36 4
v 37 4
v 38 4
v 39 4
v 40 4
v 41 4
v 42 4
v 43 4
v 44 4
v 45 4
v 46 4
e 0 8 1
e 0 17 1
e 1 22 2
e 2 6 1
e 2 9 1
e 2 10 1
e 3 16 1
e 3 20 1
e 3 41 1
e 4 16 2
e 4 22 1
e 5 17 2
e 5 46 1
e 6 11 2
e 6 12 1
e 7 8 2
e 7 14 1
e 7 15 1
e 8 11 1
e 9 18 1
e 9 27 1
e 9 28 1
e 10 19 1
e 10 29 1
e 10 30 1
e 11 31 1
e 12 14 2
e 12 32 1
e 13 15 2
e 13 16 1
e 13 17 1
e 14 33 1
e 15 34 1
e 18 35 1
e 18 36 1
e 18 37 1
e 19 38 1
e 19 39 1
e 19 40 1
e 20 21 1
e 20 23 2
e 21 22 1
e 21 24 2
e 23 25 1
e 23 42 1
e 24 26 1
e 24 43 1
e 25 26 2
e 25 44 1
e 26 45 1
t # 16955
v 0 1
v 1 1
v 2 2
v 3 2
v 4 2
v 5 3
v 6 3
v 7 3
v 8 3
v 9 3
v 10 3
v 11 3
v 12 3
v 13 3
v 14 3
v 15 3
v 16 3
v 17 3
v 18 3
v 19 3
v 20 3
v 21 3
v 22 4
v 23 4
v 24 4
v 25 4
v 26 4
v 27 4
v 28 4
v 29 4
v 30 4
v 31 4
v 32 4
e 0 11 1
e 0 12 1
e 1 13 2
e 2 6 1
e 2 7 1
e 2 22 1
e 3 6 2
e 3 13 1
e 4 12 2
e 4 32 1
e 5 6 1
e 5 10 2
e 5 12 1
e 7 9 1
e 7 14 2
e 8 10 1
e 8 11 1
e 8 15 2
e 9 13 1
e 9 16 2
e 10 23 1
e 11 17 2
e 14 18 1
e 14 24 1
e 15 20 1
e 15 25 1
e 16 19 1
e 16 26 1
e 17 21 1
e 17 27 1
e 18 19 2
e 18 28 1
e 19 29 1
e 20 21 2
e 20 30 1
e 21 31 1
t # 16956
v 0 1
v 1 2
v 2 2
v 3 2
v 4 3
v 5 3
v 6 3
v 7 3
v 8 3
v 9 3
v 10 3
v 11 3
v 12 3
v 13 3
v 14 3
v 15 3
v 16 3
v 17 3
v 18 3
v 19 3
v 20 4
v 21 4
v 22 4
v 23 4
v 24 4
v 25 4
v 26 4
v 27 4
v 28 4
v 29 4
v 30 4
e 0 10 1
e 0 11 1
e 1 4 1
e 1 6 1
e 1 20 1
e 2 4 2
e 2 7 1
e 3 11 2
e 3 30 1
e 4 5 1
e 5 9 2
e 5 11 1
e 6 7 1
e 6 12 2
e 7 13 2
e 8 9 1
e 8 10 1
e 8 14 2
e 9 21 1
e 10 15 2
e 12 16 1
e 12 22 1
e 13 17 1
e 13 23 1
e 14 18 1
e 14 24 1
e 15 19 1
e 15 25 1
e 16 17 2
e 16 26 1
e 17 27 1
e 18 19 2
e 18 28 1
e 19 29 1
t # 16957
v 0 1
v 1 1
v 2 1
v 3 1
v 4 1
v 5 1
v 6 1
v 7 1
v 8 3
v 9 3
v 10 3
v 11 3
v 12 3
v 13 3
v 14 3
v 15 3
v 16 3
v 17 3
v 18 3
v 19 4
v 20 4
v 21 4
v 22 4
v 23 4
v 24 4
v 25 4
v 26 4
v 27 4
v 28 4
v 29 4
v 30 4
v 31 4
v 32 4
v 33 4
v 34 4
e 0 11 1
e 0 12 1
e 1 12 1
e 1 14 1
e 2 8 1
e 2 26 1
e 3 9 1
e 3 27 1
e 4 10 1
e 4 28 1
e 5 13 1
e 5 31 1
e 6 17 1
e 6 18 1
e 7 17 2
e 8 9 1
e 8 10 1
e 8 19 1
e 9 11 1
e 9 20 1
e 10 12 1
e 10 21 1
e 11 13 1
e 11 22 1
e 12 23 1
e 13 24 1
e 13 25 1
e 14 15 1
e 14 29 1
e 14 30 1
e 15 16 2
e 15 17 1
e 16 18 1
e 16 32 1
e 18 33 1
e 18 34 1
t # 16958
v 0 1
v 1 1
v 2 1
v 3 1
v 4 1
v 5 1
v 6 1
v 7 1
v 8 1
v 9 1
v 10 1
v 11 1
v 12 1
v 13 1
v 14 1
v 15 1
v 16 1
v 17 1
v 18 2
v 19 2
v 20 2
v 21 2
v 22 2
v 23 2
v 24 2
v 25 2
v 26 2
v 27 2
v 28 2
v 29 2
v 30 3
v 31 3
v 32 3
v 33 3
v 34 3
v 35 3
v 36 3
v 37 3
v 38 3
v 39 3
v 40 3
v 41 3
v 42 3
v 43 3
v 44 3
v 45 3
v 46 3
v 47 3
v 48 3
v 49 3
v 50 3
v 51 3
v 52 3
v 53 3
v 54 3
v 55 3
v 56 3
v 57 3
v 58 3
v 59 3
v 60 3
v 61 3
v 62 3
v 63 3
v 64 3
v 65 3
v 66 3
v 67 3
v 68 3
v 69 3
v 70 3
v 71 3
v 72 3
v 73 3
v 74 3
v 75 3
v 76 3
v 77 3
v 78 3
v 79 3
v 80 3
v 81 3
v 82 3
v 83 3
v 84 3
v 85 3
v 86 3
v 87 3
v 88 3
v 89 3
v 90 3
v 91 3
v 92 4
v 93 4
v 94 4
v 95 4
v 96 4
v 97 4
v 98 4
v 99 4
v 100 4
v 101 4
v 102 4
v 103 4
v 104 4
v 105 4
v 106 4
v 107 4
v 108 4
v 109 4
v 110 4
v 111 4
v 112 4
v 113 4
v 114 4
v 115 4
v 116 4
v 117 4
v 118 4
v 119 4
v 120 4
v 121 4
v 122 4
v 123 4
v 124 4
v 125 4
v 126 4
v 127 4
v 128 4
v 129 4
v 130 4
v 131 4
v 132 4
v 133 4
v 134 4
v 135 4
v 136 4
v 137 4
v 138 4
v 139 4
v 140 4
v 141 4
v 142 4
v 143 4
v 144 4
v 145 4
v 146 4
v 147 4
v 148 4
v 149 4
v 150 4
v 151 4
v 152 4
v 153 4
v 154 4
v 155 4
v 156 4
v 157 4
v 158 4
v 159 4
v 160 4
v 161 4
v 162 4
v 163 4
v 164 4
v 165 4
v 166 4
v 167 4
v 168 4
v 169 4
v 170 4
v 171 4
v 172 4
v 173 4
v 174 4
v 175 4
v 176 4
v 177 4
e 0 34 1
e 0 108 1
e 1 35 1
e 1 109 1
e 2 38 2
e 3 39 2
e 4 42 2
e 5 43 2
e 6 58 1
e 6 66 1
e 7 59 1
e 7 67 1
e 8 52 2
e 9 53 2
e 10 60 2
e 11 62 2
e 12 66 2
e 13 67 2
e 14 76 2
e 15 77 2
e 16 83 1
e 16 84 1
e 17 88 2
e 18 30 1
e 18 36 1
e 18 38 1
e 19 31 1
e 19 37 1
e 19 39 1
e 20 42 1
e 20 50 1
e 20 56 1
e 21 43 1
e 21 51 1
e 21 57 1
e 22 40 1
e 22 52 1
e 22 110 1
e 23 41 1
e 23 53 1
e 23 111 1
e 24 60 1
e 24 61 1
e 24 70 1
e 25 62 1
e 25 63 1
e 25 71 1
e 26 54 1
e 26 76 1
e 26 142 1
e 27 55 1
e 27 77 1
e 27 143 1
e 28 80 2
e 28 81 1
e 29 82 1
e 29 170 1
e 29 171 1
e 30 32 1
e 30 42 1
e 30 92 1
e 31 33 1
e 31 43 1
e 31 93 1
e 32 34 1
e 32 94 1
e 32 95 1
e 33 35 1
e 33 96 1
e 33 97 1
e 34 36 1
e 34 98 1
e 35 37 1
e 35 99 1
e 36 100 1
e 36 101 1
e 37 102 1
e 37 103 1
e 38 40 1
e 39 41 1
e 40 44 1
e 40 104 1
e 41 45 1
e 41 105 1
e 44 46 1
e 44 47 1
e 44 106 1
e 45 48 1
e 45 49 1
e 45 107 1
e 46 112 1
e 46 113 1
e 46 114 1
e 47 115 1
e 47 116 1
e 47 117 1
e 48 118 1
e 48 119 1
e 48 120 1
e 49 121 1
e 49 122 1
e 49 123 1
e 50 60 1
e 50 124 1
e 50 125 1
e 51 62 1
e 51 126 1
e 51 127 1
e 52 54 1
e 53 55 1
e 54 58 1
e 54 128 1
e 55 59 1
e 55 129 1
e 56 130 1
e 56 131 1
e 56 132 1
e 57 133 1
e 57 134 1
e 57 135 1
e 58 68 1
e 58 136 1
e 59 69 1
e 59 137 1
e 61 64 1
e 61 66 1
e 61 138 1
e 63 65 1
e 63 67 1
e 63 139 1
e 64 72 1
e 64 73 1
e 64 140 1
e 65 74 1
e 65 75 1
e 65 141 1
e 68 144 1
e 68 145 1
e 68 146 1
e 69 147 1
e 69 148 1
e 69 149 1
e 70 150 1
e 70 151 1
e 70 152 1
e 71 153 1
e 71 154 1
e 71 155 1
e 72 156 1
e 72 157 1
e 72 158 1
e 73 159 1
e 73 160 1
e 73 161 1
e 74 162 1
e 74 163 1
e 74 164 1
e 75 165 1
e 75 166 1
e 75 167 1
e 76 78 1
e 77 79 1
e 78 80 1
e 78 82 2
e 79 81 2
e 79 85 1
e 80 83 1
e 81 84 1
e 82 88 1
e 83 86 2
e 84 87 2
e 85 89 2
e 85 168 1
e 86 88 1
e 86 90 1
e 87 89 1
e 87 91 1
e 89 169 1
e 90 172 1
e 90 173 1
e 90 174 1
e 91 175 1
e 91 176 1
e 91 177 1
t # 16959
v 0 1
v 1 1
v 2 1
v 3 1
v 4 1
v 5 1
v 6 1
v 7 1
v 8 1
v 9 1
v 10 1
v 11 1
v 12 1
v 13 1
v 14 1
v 15 1
v 16 1
v 17 1
v 18 2
v 19 2
v 20 2
v 21 2
v 22 2
v 23 2
v 24 2
v 25 2
v 26 2
v 27 2
v 28 2
v 29 2
v 30 3
v 31 3
v 32 3
v 33 3
v 34 3
v 35 3
v 36 3
v 37 3
v 38 3
v 39 3
v 40 3
v 41 3
v 42 3
v 43 3
v 44 3
v 45 3
v 46 3
v 47 3
v 48 3
v 49 3
v 50 3
v 51 3
v 52 3
v 53 3
v 54 3
v 55 3
v 56 3
v 57 3
v 58 3
v 59 3
v 60 3
v 61 3
v 62 3
v 63 3
v 64 3
v 65 3
v 66 3
v 67 3
v 68 3
v 69 3
v 70 3
v 71 3
v 72 3
v 73 3
v 74 3
v 75 3
v 76 3
v 77 3
v 78 3
v 79 3
v 80 3
v 81 3
v 82 3
v 83 3
v 84 3
v 85 3
v 86 3
v 87 3
v 88 3
v 89 3
v 90 3
v 91 3
v 92 4
v 93 4
v 94 4
v 95 4
v 96 4
v 97 4
v 98 4
v 99 4
v 100 4
v 101 4
v 102 4
v 103 4
v 104 4
v 105 4
v 106 4
v 107 4
v 108 4
v 109 4
v 110 4
v 111 4
v 112 4
v 113 4
v 114 4
v 115 4
v 116 4
v 117 4
v 118 4
v 119 4
v 120 4
v 121 4
v 122 4
v 123 4
v 124 4
v 125 4
v 126 4
v 127 4
v 128 4
v 129 4
v 130 4
v 131 4
v 132 4
v 133 4
v 134 4
v 135 4
v 136 4
v 137 4
v 138 4
v 139 4
v 140 4
v 141 4
v 142 4
v 143 4
v 144 4
v 145 4
v 146 4
v 147 4
v 148 4
v 149 4
v 150 4
v 151 4
v 152 4
v 153 4
v 154 4
v 155 4
v 156 4
v 157 4
v 158 4
v 159 4
v 160 4
v 161 4
v 162 4
v 163 4
v 164 4
v 165 4
v 166 4
v 167 4
v 168 4
v 169 4
v 170 4
v 171 4
v 172 4
v 173 4
e 0 38 2
e 1 39 2
e 2 42 2
e 3 43 2
e 4 58 1
e 4 66 1
e 5 59 1
e 5 67 1
e 6 44 2
e 7 45 2
e 8 52 2
e 9 53 2
e 10 62 2
e 11 63 2
e 12 66 2
e 13 67 2
e 14 82 1
e 14 83 1
e 15 76 2
e 16 77 2
e 17 88 2
e 18 30 1
e 18 36 1
e 18 38 1
e 19 31 1
e 19 37 1
e 19 39 1
e 20 34 1
e 20 52 1
e 20 106 1
e 21 35 1
e 21 53 1
e 21 107 1
e 22 44 1
e 22 55 1
e 22 64 1
e 23 45 1
e 23 57 1
e 23 65 1
e 24 54 1
e 24 62 1
e 24 74 1
e 25 56 1
e 25 63 1
e 25 75 1
e 26 48 1
e 26 76 1
e 26 138 1
e 27 51 1
e 27 77 1
e 27 139 1
e 28 80 2
e 28 81 1
e 29 84 1
e 29 169 1
e 29 170 1
e 30 32 1
e 30 44 1
e 30 92 1
e 31 33 1
e 31 45 1
e 31 93 1
e 32 42 1
e 32 94 1
e 32 95 1
e 33 43 1
e 33 96 1
e 33 97 1
e 34 38 1
e 34 40 1
e 34 98 1
e 35 39 1
e 35 41 1
e 35 99 1
e 36 42 1
e 36 100 1
e 36 101 1
e 37 43 1
e 37 102 1
e 37 103 1
e 40 46 1
e 40 47 1
e 40 104 1
e 41 49 1
e 41 50 1
e 41 105 1
e 46 108 1
e 46 109 1
e 46 110 1
e 47 111 1
e 47 112 1
e 47 113 1
e 48 52 1
e 48 58 1
e 48 114 1
e 49 115 1
e 49 116 1
e 49 117 1
e 50 118 1
e 50 119 1
e 50 120 1
e 51 53 1
e 51 59 1
e 51 121 1
e 54 60 1
e 54 66 1
e 54 122 1
e 55 62 1
e 55 124 1
e 55 125 1
e 56 61 1
e 56 67 1
e 56 123 1
e 57 63 1
e 57 126 1
e 57 127 1
e 58 68 1
e 58 128 1
e 59 69 1
e 59 129 1
e 60 70 1
e 60 71 1
e 60 130 1
e 61 72 1
e 61 73 1
e 61 131 1
e 64 132 1
e 64 133 1
e 64 134 1
e 65 135 1
e 65 136 1
e 65 137 1
e 68 140 1
e 68 141 1
e 68 142 1
e 69 143 1
e 69 144 1
e 69 145 1
e 70 146 1
e 70 147 1
e 70 148 1
e 71 149 1
e 71 150 1
e 71 151 1
e 72 152 1
e 72 153 1
e 72 154 1
e 73 155 1
e 73 156 1
e 73 157 1
e 74 158 1
e 74 159 1
e 74 160 1
e 75 161 1
e 75 162 1
e 75 163 1
e 76 78 1
e 77 79 1
e 78 80 1
e 78 84 2
e 79 81 2
e 79 85 1
e 80 82 1
e 81 83 1
e 82 86 2
e 83 87 2
e 84 88 1
e 85 89 2
e 85 164 1
e 86 88 1
e 86 90 1
e 87 89 1
e 87 91 1
e 89 165 1
e 90 166 1
e 90 167 1
e 90 168 1
e 91 171 1
e 91 172 1
e 91 173 1
t # 16960
v 0 1
v 1 1
v 2 1
v 3 2
v 4 2
v 5 3
v 6 3
v 7 3
v 8 3
v 9 3
v 10 3
v 11 3
v 12 3
v 13 3
v 14 3
v 15 3
v 16 3
v 17 3
v 18 4
v 19 4
v 20 4
v 21 4
v 22 4
v 23 4
v 24 4
v 25 4
v 26 4
v 27 4
v 28 4
v 29 4
v 30 4
v 31 4
v 32 4
v 33 4
e 0 10 1
e 0 15 1
e 1 9 2
e 2 16 2
e 3 5 1
e 3 9 1
e 3 23 1
e 4 12 1
e 4 16 1
e 4 27 1
e 5 6 1
e 5 8 1
e 5 18 1
e 6 7 1
e 6 19 1
e 6 20 1
e 7 9 1
e 7 21 1
e 7 22 1
e 8 10 2
e 8 11 1
e 10 13 1
e 11 12 2
e 11 24 1
e 12 14 1
e 13 14 2
e 13 25 1
e 14 26 1
e 15 28 1
e 15 29 1
e 15 30 1
e 16 17 1
e 17 31 1
e 17 32 1
e 17 33 1
t # 16961
v 0 1
v 1 2
v 2 2
v 3 3
v 4 3
v 5 3
v 6 3
v 7 3
v 8 3
v 9 3
v 10 3
v 11 3
v 12 3
v 13 3
v 14 4
v 15 4
v 16 4
v 17 4
v 18 4
v 19 4
v 20 4
v 21 4
v 22 4
v 23 4
v 24 4
v 25 4
e 0 8 2
e 1 3 1
e 1 7 1
e 1 8 1
e 2 7 1
e 2 9 1
e 2 21 1
e 3 4 1
e 3 6 1
e 3 14 1
e 4 5 1
e 4 15 1
e 4 16 1
e 5 8 1
e 5 17 1
e 5 18 1
e 6 9 1
e 6 10 2
e 7 19 1
e 7 20 1
e 9 11 2
e 10 12 1
e 10 22 1
e 11 13 1
e 11 23 1
e 12 13 2
e 12 24 1
e 13 25 1
t # 16962
v 0 1
v 1 1
v 2 2
v 3 2
v 4 3
v 5 3
v 6 3
v 7 3
v 8 3
v 9 3
v 10 3
v 11 3
v 12 3
v 13 3
v 14 3
v 15 3
v 16 3
v 17 3
v 18 4
v 19 4
v 20 4
v 21 4
v 22 4
v 23 4
v 24 4
v 25 4
v 26 4
v 27 4
v 28 4
v 29 4
v 30 4
v 31 4
v 32 4
v 33 4
e 0 9 2
e 1 14 2
e 2 4 1
e 2 8 1
e 2 9 1
e 3 8 1
e 3 10 1
e 3 14 1
e 4 5 1
e 4 6 1
e 4 18 1
e 5 7 1
e 5 19 1
e 5 20 1
e 6 10 2
e 6 11 1
e 7 9 1
e 7 21 1
e 7 22 1
e 8 23 1
e 8 24 1
e 10 12 1
e 11 13 2
e 11 25 1
e 12 15 2
e 12 26 1
e 13 15 1
e 13 16 1
e 14 17 1
e 15 27 1
e 16 28 1
e 16 29 1
e 16 30 1
e 17 31 1
e 17 32 1
e 17 33 1
t # 16963
v 0 1
v 1 1
v 2 1
v 3 2
v 4 2
v 5 3
v 6 3
v 7 3
v 8 3
v 9 3
v 10 3
v 11 3
v 12 3
v 13 3
v 14 3
v 15 3
v 16 3
v 17 3
v 18 3
v 19 4
v 20 4
v 21 4
v 22 4
v 23 4
v 24 4
v 25 4
v 26 4
v 27 4
v 28 4
v 29 4
v 30 4
v 31 4
v 32 4
v 33 4
v 34 4
e 0 10 2
e 1 16 1
e 1 18 1
e 2 14 2
e 3 5 1
e 3 9 1
e 3 10 1
e 4 9 1
e 4 11 1
e 4 14 1
e 5 6 1
e 5 7 1
e 5 19 1
e 6 8 1
e 6 20 1
e 6 21 1
e 7 11 2
e 7 12 1
e 8 10 1
e 8 22 1
e 8 23 1
e 9 24 1
e 9 25 1
e 11 13 1
e 12 15 2
e 12 26 1
e 13 16 2
e 13 27 1
e 14 17 1
e 15 16 1
e 15 28 1
e 17 29 1
e 17 30 1
e 17 31 1
e 18 32 1
e 18 33 1
e 18 34 1
t # 16964
v 0 1
v 1 1
v 2 1
v 3 1
v 4 2
v 5 2
v 6 3
v 7 3
v 8 3
v 9 3
v 10 3
v 11 3
v 12 3
v 13 3
v 14 3
v 15 3
v 16 3
v 17 3
v 18 3
v 19 3
v 20 3
v 21 4
v 22 4
v 23 4
v 24 4
v 25 4
v 26 4
v 27 4
v 28 4
v 29 4
v 30 4
v 31 4
v 32 4
v 33 4
v 34 4
v 35 4
v 36 4
v 37 4
v 38 4
e 0 11 2
e 1 13 1
e 1 19 1
e 2 14 1
e 2 20 1
e 3 15 2
e 4 6 1
e 4 10 1
e 4 11 1
e 5 10 1
e 5 12 1
e 5 15 1
e 6 7 1
e 6 8 1
e 6 21 1
e 7 9 1
e 7 22 1
e 7 23 1
e 8 12 1
e 8 13 2
e 9 11 1
e 9 24 1
e 9 25 1
e 10 26 1
e 10 27 1
e 12 14 2
e 13 16 1
e 14 17 1
e 15 18 1
e 16 17 2
e 16 28 1
e 17 29 1
e 18 30 1
e 18 31 1
e 18 32 1
e 19 33 1
e 19 34 1
e 19 35 1
e 20 36 1
e 20 37 1
e 20 38 1
t # 16965
v 0 1
v 1 1
v 2 2
v 3 2
v 4 3
v 5 3
v 6 3
v 7 3
v 8 3
v 9 3
v 10 3
v 11 3
v 12 3
v 13 3
v 14 3
v 15 3
v 16 3
v 17 4
v 18 4
v 19 4
v 20 4
v 21 4
v 22 4
v 23 4
v 24 4
v 25 4
v 26 4
v 27 4
v 28 4
v 29 4
v 30 4
e 0 9 2
e 1 13 2
e 2 4 1
e 2 8 1
e 2 9 1
e 3 8 1
e 3 10 1
e 3 13 1
e 4 5 1
e 4 6 1
e 4 17 1
e 5 7 1
e 5 18 1
e 5 19 1
e 6 10 1
e 6 11 2
e 7 9 1
e 7 20 1
e 7 21 1
e 8 22 1
e 8 23 1
e 10 12 2
e 11 14 1
e 11 24 1
e 12 15 1
e 12 25 1
e 13 16 1
e 14 15 2
e 14 26 1
e 15 27 1
e 16 28 1
e 16 29 1
e 16 30 1
t # 16966
v 0 1
v 1 1
v 2 1
v 3 2
v 4 2
v 5 3
v 6 3
v 7 3
v 8 3
v 9 3
v 10 3
v 11 3
v 12 3
v 13 3
v 14 3
v 15 3
v 16 3
v 17 3
v 18 3
v 19 4
v 20 4
v 21 4
v 22 4
v 23 4
v 24 4
v 25 4
v 26 4
v 27 4
v 28 4
v 29 4
v 30 4
v 31 4
v 32 4
v 33 4
v 34 4
e 0 8 2
e 1 14 1
e 1 18 1
e 2 11 2
e 3 5 1
e 3 6 1
e 3 8 1
e 4 5 1
e 4 7 1
e 4 11 1
e 5 19 1
e 5 20 1
e 6 9 1
e 6 21 1
e 6 22 1
e 7 12 2
e 7 13 1
e 8 10 1
e 9 10 2
e 9 23 1
e 10 24 1
e 11 16 1
e 12 14 1
e 12 25 1
e 13 15 2
e 13 26 1
e 14 17 2
e 15 17 1
e 15 27 1
e 16 28 1
e 16 29 1
e 16 30 1
e 17 31 1
e 18 32 1
e 18 33 1
e 18 34 1
t # 16967
v 0 1
v 1 1
v 2 1
v 3 2
v 4 2
v 5 3
v 6 3
v 7 3
v 8 3
v 9 3
v 10 3
v 11 3
v 12 3
v 13 3
v 14 3
v 15 3
v 16 3
v 17 3
v 18 3
v 19 3
v 20 4
v 21 4
v 22 4
v 23 4
v 24 4
v 25 4
v 26 4
v 27 4
v 28 4
v 29 4
v 30 4
v 31 4
v 32 4
v 33 4
v 34 4
v 35 4
v 36 4
v 37 4
v 38 4
v 39 4
e 0 5 1
e 0 12 1
e 1 8 2
e 2 11 2
e 3 5 1
e 3 8 1
e 3 9 1
e 4 9 1
e 4 10 1
e 4 11 1
e 5 6 1
e 5 20 1
e 6 7 1
e 6 21 1
e 6 22 1
e 7 8 1
e 7 23 1
e 7 24 1
e 9 25 1
e 9 26 1
e 10 13 2
e 10 14 1
e 11 15 1
e 12 27 1
e 12 28 1
e 12 29 1
e 13 16 1
e 13 30 1
e 14 17 2
e 14 31 1
e 15 32 1
e 15 33 1
e 15 34 1
e 16 18 2
e 16 35 1
e 17 18 1
e 17 36 1
e 18 19 1
e 19 37 1
e 19 38 1
e 19 39 1
t # 16968
v 0 1
v 1 1
v 2 1
v 3 1
v 4 2
v 5 2
v 6 3
v 7 3
v 8 3
v 9 3
v 10 3
v 11 3
v 12 3
v 13 3
v 14 3
v 15 3
v 16 3
v 17 3
v 18 3
v 19 3
v 20 3
v 21 4
v 22 4
v 23 4
v 24 4
v 25 4
v 26 4
v 27 4
v 28 4
v 29 4
v 30 4
v 31 4
v 32 4
v 33 4
v 34 4
v 35 4
v 36 4
v 37 4
v 38 4
v 39 4
v 40 4
e 0 6 1
e 0 13 1
e 1 9 2
e 2 12 2
e 3 17 1
e 3 20 1
e 4 6 1
e 4 9 1
e 4 10 1
e 5 10 1
e 5 11 1
e 5 12 1
e 6 7 1
e 6 21 1
e 7 8 1
e 7 22 1
e 7 23 1
e 8 9 1
e 8 24 1
e 8 25 1
e 10 26 1
e 10 27 1
e 11 14 2
e 11 15 1
e 12 16 1
e 13 28 1
e 13 29 1
e 13 30 1
e 14 17 1
e 14 31 1
e 15 18 2
e 15 32 1
e 16 33 1
e 16 34 1
e 16 35 1
e 17 19 2
e 18 19 1
e 18 36 1
e 19 37 1
e 20 38 1
e 20 39 1
e 20 40 1
t # 16969
v 0 1
v 1 1
v 2 1
v 3 1
v 4 2
v 5 2
v 6 3
v 7 3
v 8 3
v 9 3
v 10 3
v 11 3
v 12 3
v 13 3
v 14 3
v 15 3
v 16 3
v 17 3
v 18 3
v 19 3
v 20 3
v 21 4
v 22 4
v 23 4
v 24 4
v 25 4
v 26 4
v 27 4
v 28 4
v 29 4
v 30 4
v 31 4
v 32 4
v 33 4
v 34 4
v 35 4
v 36 4
v 37 4
v 38 4
v 39 4
v 40 4
e 0 6 1
e 0 13 1
e 1 9 2
e 2 12 2
e 3 19 1
e 3 20 1
e 4 6 1
e 4 9 1
e 4 10 1
e 5 10 1
e 5 11 1
e 5 12 1
e 6 7 1
e 6 21 1
e 7 8 1
e 7 22 1
e 7 23 1
e 8 9 1
e 8 24 1
e 8 25 1
e 10 26 1
e 10 27 1
e 11 14 2
e 11 15 1
e 12 16 1
e 13 28 1
e 13 29 1
e 13 30 1
e 14 17 1
e 14 31 1
e 15 18 2
e 15 32 1
e 16 33 1
e 16 34 1
e 16 35 1
e 17 19 2
e 17 36 1
e 18 19 1
e 18 37 1
e 20 38 1
e 20 39 1
e 20 40 1
t # 16970
v 0 1
v 1 1
v 2 1
v 3 2
v 4 2
v 5 2
v 6 3
v 7 3
v 8 3
v 9 3
v 10 3
v 11 3
v 12 3
v 13 3
v 14 3
v 15 3
v 16 3
v 17 3
v 18 3
v 19 3
v 20 3
v 21 4
v 22 4
v 23 4
v 24 4
v 25 4
v 26 4
v 27 4
v 28 4
v 29 4
v 30 4
v 31 4
v 32 4
v 33 4
v 34 4
v 35 4
v 36 4
v 37 4
v 38 4
v 39 4
e 0 9 2
e 1 11 2
e 2 13 2
e 3 6 1
e 3 9 1
e 3 10 1
e 4 10 1
e 4 12 1
e 4 13 1
e 5 11 1
e 5 14 1
e 5 28 1
e 6 7 1
e 6 11 1
e 6 21 1
e 7 8 1
e 7 22 1
e 7 23 1
e 8 9 1
e 8 24 1
e 8 25 1
e 10 26 1
e 10 27 1
e 12 15 2
e 12 16 1
e 13 17 1
e 14 31 1
e 14 32 1
e 14 33 1
e 15 18 1
e 15 29 1
e 16 19 2
e 16 30 1
e 17 34 1
e 17 35 1
e 17 36 1
e 18 20 2
e 18 37 1
e 19 20 1
e 19 38 1
e 20 39 1
t # 16971
v 0 1
v 1 1
v 2 1
v 3 1
v 4 1
v 5 1
v 6 1
v 7 2
v 8 2
v 9 3
v 10 3
v 11 3
v 12 3
v 13 3
v 14 3
v 15 3
v 16 3
v 17 3
v 18 3
v 19 3
v 20 3
v 21 3
v 22 3
v 23 3
v 24 3
v 25 3
v 26 3
v 27 3
v 28 3
v 29 4
v 30 4
v 31 4
v 32 4
v 33 4
v 34 4
v 35 4
v 36 4
v 37 4
v 38 4
v 39 4
v 40 4
v 41 4
v 42 4
v 43 4
v 44 4
v 45 4
v 46 4
v 47 4
v 48 4
v 49 4
v 50 4
v 51 4
v 52 4
v 53 4
v 54 4
v 55 4
v 56 4
e 0 14 1
e 0 17 1
e 1 12 2
e 2 14 2
e 3 18 1
e 3 25 1
e 4 16 2
e 5 22 1
e 5 26 1
e 6 21 1
e 6 27 1
e 7 9 1
e 7 12 1
e 7 13 1
e 8 13 1
e 8 15 1
e 8 16 1
e 9 10 1
e 9 14 1
e 9 29 1
e 10 11 1
e 10 30 1
e 10 31 1
e 11 12 1
e 11 32 1
e 11 33 1
e 13 34 1
e 13 35 1
e 15 18 2
e 15 19 1
e 16 20 1
e 17 22 1
e 17 36 1
e 17 37 1
e 18 23 1
e 19 21 2
e 19 38 1
e 20 39 1
e 20 40 1
e 20 41 1
e 21 24 1
e 22 42 1
e 22 43 1
e 23 24 2
e 23 44 1
e 24 45 1
e 25 46 1
e 25 47 1
e 25 48 1
e 26 28 1
e 26 49 1
e 26 50 1
e 27 51 1
e 27 52 1
e 27 53 1
e 28 54 1
e 28 55 1
e 28 56 1
t # 16972
v 0 12
v 1 1
v 2 1
v 3 1
v 4 1
v 5 2
v 6 2
v 7 3
v 8 3
v 9 3
v 10 3
v 11 3
v 12 3
v 13 3
v 14 3
v 15 3
v 16 3
v 17 3
v 18 3
v 19 3
v 20 3
v 21 3
v 22 4
v 23 4
v 24 4
v 25 4
v 26 4
v 27 4
v 28 4
v 29 4
v 30 4
v 31 4
v 32 4
v 33 4
v 34 4
v 35 4
v 36 4
v 37 4
v 38 4
e 0 15 1
e 1 10 2
e 2 12 1
e 2 18 1
e 3 12 2
e 4 14 2
e 5 7 1
e 5 10 1
e 5 11 1
e 6 11 1
e 6 13 1
e 6 14 1
e 7 8 1
e 7 12 1
e 7 22 1
e 8 9 1
e 8 23 1
e 8 24 1
e 9 10 1
e 9 25 1
e 9 26 1
e 11 27 1
e 11 28 1
e 13 15 1
e 13 16 2
e 14 17 1
e 15 19 2
e 16 20 1
e 16 29 1
e 17 30 1
e 17 31 1
e 17 32 1
e 18 33 1
e 18 34 1
e 18 35 1
e 19 21 1
e 19 36 1
e 20 21 2
e 20 37 1
e 21 38 1
t # 16973
v 0 1
v 1 1
v 2 1
v 3 1
v 4 1
v 5 2
v 6 2
v 7 3
v 8 3
v 9 3
v 10 3
v 11 3
v 12 3
v 13 3
v 14 3
v 15 3
v 16 3
v 17 3
v 18 3
v 19 3
v 20 3
v 21 3
v 22 4
v 23 4
v 24 4
v 25 4
v 26 4
v 27 4
v 28 4
v 29 4
v 30 4
v 31 4
v 32 4
v 33 4
v 34 4
v 35 4
v 36 4
v 37 4
v 38 4
v 39 4
e 0 10 2
e 1 12 1
e 1 18 1
e 2 12 2
e 3 14 2
e 4 19 1
e 4 39 1
e 5 7 1
e 5 10 1
e 5 11 1
e 6 11 1
e 6 13 1
e 6 14 1
e 7 8 1
e 7 12 1
e 7 22 1
e 8 9 1
e 8 23 1
e 8 24 1
e 9 10 1
e 9 25 1
e 9 26 1
e 11 27 1
e 11 28 1
e 13 15 2
e 13 16 1
e 14 17 1
e 15 19 1
e 15 29 1
e 16 20 2
e 16 30 1
e 17 31 1
e 17 32 1
e 17 33 1
e 18 34 1
e 18 35 1
e 18 36 1
e 19 21 2
e 20 21 1
e 20 37 1
e 21 38 1
t # 16974
v 0 1
v 1 1
v 2 1
v 3 1
v 4 1
v 5 1
v 6 2
v 7 2
v 8 3
v 9 3
v 10 3
v 11 3
v 12 3
v 13 3
v 14 3
v 15 3
v 16 3
v 17 3
v 18 3
v 19 3
v 20 3
v 21 3
v 22 3
v 23 3
v 24 3
v 25 4
v 26 4
v 27 4
v 28 4
v 29 4
v 30 4
v 31 4
v 32 4
v 33 4
v 34 4
v 35 4
v 36 4
v 37 4
v 38 4
v 39 4
v 40 4
v 41 4
v 42 4
v 43 4
v 44 4
v 45 4
v 46 4
e 0 11 2
e 1 13 1
e 1 21 1
e 2 13 2
e 3 16 1
e 3 23 1
e 4 15 2
e 5 19 1
e 5 24 1
e 6 8 1
e 6 11 1
e 6 12 1
e 7 12 1
e 7 14 1
e 7 15 1
e 8 9 1
e 8 13 1
e 8 25 1
e 9 10 1
e 9 26 1
e 9 27 1
e 10 11 1
e 10 28 1
e 10 29 1
e 12 30 1
e 12 31 1
e 14 16 2
e 14 17 1
e 15 18 1
e 16 20 1
e 17 19 2
e 17 32 1
e 18 33 1
e 18 34 1
e 18 35 1
e 19 22 1
e 20 22 2
e 20 36 1
e 21 37 1
e 21 38 1
e 21 39 1
e 22 40 1
e 23 41 1
e 23 42 1
e 23 43 1
e 24 44 1
e 24 45 1
e 24 46 1
t # 16975
v 0 1
v 1 1
v 2 1
v 3 1
v 4 2
v 5 2
v 6 3
v 7 3
v 8 3
v 9 3
v 10 3
v 11 3
v 12 3
v 13 3
v 14 3
v 15 3
v 16 3
v 17 3
v 18 3
v 19 3
v 20 3
v 21 4
v 22 4
v 23 4
v 24 4
v 25 4
v 26 4
v 27 4
v 28 4
v 29 4
v 30 4
v 31 4
v 32 4
v 33 4
v 34 4
v 35 4
v 36 4
v 37 4
v 38 4
e 0 9 2
e 1 11 1
e 1 17 1
e 2 11 2
e 3 13 2
e 4 6 1
e 4 9 1
e 4 10 1
e 5 10 1
e 5 12 1
e 5 13 1
e 6 7 1
e 6 11 1
e 6 21 1
e 7 8 1
e 7 22 1
e 7 23 1
e 8 9 1
e 8 24 1
e 8 25 1
e 10 26 1
e 10 27 1
e 12 14 2
e 12 15 1
e 13 16 1
e 14 18 1
e 14 28 1
e 15 19 2
e 15 29 1
e 16 30 1
e 16 31 1
e 16 32 1
e 17 33 1
e 17 34 1
e 17 35 1
e 18 20 2
e 18 36 1
e 19 20 1
e 19 37 1
e 20 38 1
t # 16976
v 0 1
v 1 1
v 2 1
v 3 1
v 4 1
v 5 1
v 6 2
v 7 2
v 8 3
v 9 3
v 10 3
v 11 3
v 12 3
v 13 3
v 14 3
v 15 3
v 16 3
v 17 3
v 18 3
v 19 3
v 20 3
v 21 3
v 22 3
v 23 3
v 24 4
v 25 4
v 26 4
v 27 4
v 28 4
v 29 4
v 30 4
v 31 4
v 32 4
v 33 4
v 34 4
v 35 4
v 36 4
v 37 4
v 38 4
v 39 4
v 40 4
v 41 4
v 42 4
v 43 4
e 0 11 2
e 1 13 1
e 1 32 1
e 2 13 2
e 3 16 1
e 3 22 1
e 4 15 2
e 5 19 1
e 5 23 1
e 6 8 1
e 6 11 1
e 6 12 1
e 7 12 1
e 7 14 1
e 7 15 1
e 8 9 1
e 8 13 1
e 8 24 1
e 9 10 1
e 9 25 1
e 9 26 1
e 10 11 1
e 10 27 1
e 10 28 1
e 12 29 1
e 12 30 1
e 14 16 2
e 14 17 1
e 15 18 1
e 16 20 1
e 17 19 2
e 17 31 1
e 18 33 1
e 18 34 1
e 18 35 1
e 19 21 1
e 20 21 2
e 20 36 1
e 21 37 1
e 22 38 1
e 22 39 1
e 22 40 1
e 23 41 1
e 23 42 1
e 23 43 1
t # 16977
v 0 12
v 1 1
v 2 1
v 3 1
v 4 1
v 5 2
v 6 2
v 7 3
v 8 3
v 9 3
v 10 3
v 11 3
v 12 3
v 13 3
v 14 3
v 15 3
v 16 3
v 17 3
v 18 3
v 19 3
v 20 3
v 21 4
v 22 4
v 23 4
v 24 4
v 25 4
v 26 4
v 27 4
v 28 4
v 29 4
v 30 4
v 31 4
v 32 4
v 33 4
v 34 4
v 35 4
e 0 15 1
e 1 10 2
e 2 12 1
e 2 29 1
e 3 12 2
e 4 14 2
e 5 7 1
e 5 10 1
e 5 11 1
e 6 11 1
e 6 13 1
e 6 14 1
e 7 8 1
e 7 12 1
e 7 21 1
e 8 9 1
e 8 22 1
e 8 23 1
e 9 10 1
e 9 24 1
e 9 25 1
e 11 26 1
e 11 27 1
e 13 15 1
e 13 16 2
e 14 17 1
e 15 18 2
e 16 19 1
e 16 28 1
e 17 30 1
e 17 31 1
e 17 32 1
e 18 20 1
e 18 33 1
e 19 20 2
e 19 34 1
e 20 35 1
t # 16978
v 0 1
v 1 1
v 2 1
v 3 1
v 4 1
v 5 2
v 6 2
v 7 3
v 8 3
v 9 3
v 10 3
v 11 3
v 12 3
v 13 3
v 14 3
v 15 3
v 16 3
v 17 3
v 18 3
v 19 3
v 20 3
v 21 4
v 22 4
v 23 4
v 24 4
v 25 4
v 26 4
v 27 4
v 28 4
v 29 4
v 30 4
v 31 4
v 32 4
v 33 4
v 34 4
v 35 4
v 36 4
e 0 10 2
e 1 12 1
e 1 30 1
e 2 12 2
e 3 14 2
e 4 18 1
e 4 36 1
e 5 7 1
e 5 10 1
e 5 11 1
e 6 11 1
e 6 13 1
e 6 14 1
e 7 8 1
e 7 12 1
e 7 21 1
e 8 9 1
e 8 22 1
e 8 23 1
e 9 10 1
e 9 24 1
e 9 25 1
e 11 26 1
e 11 27 1
e 13 15 2
e 13 16 1
e 14 17 1
e 15 18 1
e 15 28 1
e 16 19 2
e 16 29 1
e 17 31 1
e 17 32 1
e 17 33 1
e 18 20 2
e 19 20 1
e 19 34 1
e 20 35 1
t # 16979
v 0 1
v 1 1
v 2 1
v 3 1
v 4 2
v 5 2
v 6 3
v 7 3
v 8 3
v 9 3
v 10 3
v 11 3
v 12 3
v 13 3
v 14 3
v 15 3
v 16 3
v 17 3
v 18 3
v 19 3
v 20 3
v 21 4
v 22 4
v 23 4
v 24 4
v 25 4
v 26 4
v 27 4
v 28 4
v 29 4
v 30 4
v 31 4
v 32 4
v 33 4
v 34 4
v 35 4
v 36 4
v 37 4
v 38 4
e 0 9 2
e 1 11 1
e 1 30 1
e 2 11 2
e 3 13 2
e 4 6 1
e 4 9 1
e 4 10 1
e 5 10 1
e 5 12 1
e 5 13 1
e 6 7 1
e 6 11 1
e 6 21 1
e 7 8 1
e 7 22 1
e 7 23 1
e 8 9 1
e 8 24 1
e 8 25 1
e 10 26 1
e 10 27 1
e 12 14 2
e 12 15 1
e 13 16 1
e 14 17 1
e 14 28 1
e 15 18 2
e 15 29 1
e 16 31 1
e 16 32 1
e 16 33 1
e 17 19 2
e 17 34 1
e 18 19 1
e 18 35 1
e 19 20 1
e 20 36 1
e 20 37 1
e 20 38 1
t # 16980
v 0 1
v 1 1
v 2 1
v 3 1
v 4 1
v 5 2
v 6 2
v 7 3
v 8 3
v 9 3
v 10 3
v 11 3
v 12 3
v 13 3
v 14 3
v 15 3
v 16 3
v 17 3
v 18 3
v 19 3
v 20 3
v 21 3
v 22 4
v 23 4
v 24 4
v 25 4
v 26 4
v 27 4
v 28 4
v 29 4
v 30 4
v 31 4
v 32 4
v 33 4
v 34 4
v 35 4
v 36 4
v 37 4
v 38 4
v 39 4
e 0 10 2
e 1 12 1
e 1 31 1
e 2 12 2
e 3 14 2
e 4 20 1
e 4 21 1
e 5 7 1
e 5 10 1
e 5 11 1
e 6 11 1
e 6 13 1
e 6 14 1
e 7 8 1
e 7 12 1
e 7 22 1
e 8 9 1
e 8 23 1
e 8 24 1
e 9 10 1
e 9 25 1
e 9 26 1
e 11 27 1
e 11 28 1
e 13 15 2
e 13 16 1
e 14 17 1
e 15 18 1
e 15 29 1
e 16 19 2
e 16 30 1
e 17 32 1
e 17 33 1
e 17 34 1
e 18 20 2
e 18 35 1
e 19 20 1
e 19 36 1
e 21 37 1
e 21 38 1
e 21 39 1
t # 16981
v 0 1
v 1 1
v 2 1
v 3 1
v 4 1
v 5 2
v 6 2
v 7 3
v 8 3
v 9 3
v 10 3
v 11 3
v 12 3
v 13 3
v 14 3
v 15 3
v 16 3
v 17 3
v 18 3
v 19 3
v 20 3
v 21 3
v 22 4
v 23 4
v 24 4
v 25 4
v 26 4
v 27 4
v 28 4
v 29 4
v 30 4
v 31 4
v 32 4
v 33 4
v 34 4
v 35 4
v 36 4
v 37 4
v 38 4
v 39 4
e 0 10 2
e 1 12 1
e 1 31 1
e 2 12 2
e 3 14 2
e 4 18 1
e 4 21 1
e 5 7 1
e 5 10 1
e 5 11 1
e 6 11 1
e 6 13 1
e 6 14 1
e 7 8 1
e 7 12 1
e 7 22 1
e 8 9 1
e 8 23 1
e 8 24 1
e 9 10 1
e 9 25 1
e 9 26 1
e 11 27 1
e 11 28 1
e 13 15 2
e 13 16 1
e 14 17 1
e 15 18 1
e 15 29 1
e 16 19 2
e 16 30 1
e 17 32 1
e 17 33 1
e 17 34 1
e 18 20 2
e 19 20 1
e 19 35 1
e 20 36 1
e 21 37 1
e 21 38 1
e 21 39 1
t # 16982
v 0 1
v 1 1
v 2 1
v 3 1
v 4 1
v 5 2
v 6 2
v 7 3
v 8 3
v 9 3
v 10 3
v 11 3
v 12 3
v 13 3
v 14 3
v 15 3
v 16 3
v 17 3
v 18 3
v 19 3
v 20 3
v 21 3
v 22 4
v 23 4
v 24 4
v 25 4
v 26 4
v 27 4
v 28 4
v 29 4
v 30 4
v 31 4
v 32 4
v 33 4
v 34 4
v 35 4
v 36 4
v 37 4
v 38 4
v 39 4
e 0 10 2
e 1 12 1
e 1 30 1
e 2 12 2
e 3 15 1
e 3 21 1
e 4 14 2
e 5 7 1
e 5 10 1
e 5 11 1
e 6 11 1
e 6 13 1
e 6 14 1
e 7 8 1
e 7 12 1
e 7 22 1
e 8 9 1
e 8 23 1
e 8 24 1
e 9 10 1
e 9 25 1
e 9 26 1
e 11 27 1
e 11 28 1
e 13 15 1
e 13 16 2
e 14 17 1
e 15 18 2
e 16 19 1
e 16 29 1
e 17 31 1
e 17 32 1
e 17 33 1
e 18 20 1
e 18 34 1
e 19 20 2
e 19 35 1
e 20 36 1
e 21 37 1
e 21 38 1
e 21 39 1
t # 16983
v 0 1
v 1 1
v 2 1
v 3 1
v 4 2
v 5 2
v 6 3
v 7 3
v 8 3
v 9 3
v 10 3
v 11 3
v 12 3
v 13 3
v 14 3
v 15 3
v 16 3
v 17 3
v 18 3
v 19 3
v 20 4
v 21 4
v 22 4
v 23 4
v 24 4
v 25 4
v 26 4
v 27 4
v 28 4
v 29 4
v 30 4
v 31 4
v 32 4
v 33 4
v 34 4
v 35 4
e 0 9 2
e 1 11 1
e 1 29 1
e 2 11 2
e 3 13 2
e 4 6 1
e 4 9 1
e 4 10 1
e 5 10 1
e 5 12 1
e 5 13 1
e 6 7 1
e 6 11 1
e 6 20 1
e 7 8 1
e 7 21 1
e 7 22 1
e 8 9 1
e 8 23 1
e 8 24 1
e 10 25 1
e 10 26 1
e 12 14 2
e 12 15 1
e 13 16 1
e 14 17 1
e 14 27 1
e 15 18 2
e 15 28 1
e 16 30 1
e 16 31 1
e 16 32 1
e 17 19 2
e 17 33 1
e 18 19 1
e 18 34 1
e 19 35 1
t # 16984
v 0 12
v 1 14
v 2 14
v 3 14
v 4 14
v 5 14
v 6 14
v 7 1
v 8 1
v 9 1
v 10 2
v 11 2
v 12 3
v 13 3
v 14 3
v 15 3
v 16 3
v 17 3
v 18 3
v 19 3
v 20 3
v 21 3
v 22 3
v 23 3
v 24 3
v 25 3
v 26 3
v 27 3
v 28 3
v 29 3
v 30 3
v 31 4
v 32 4
v 33 4
v 34 4
v 35 4
v 36 4
v 37 4
v 38 4
v 39 4
v 40 4
v 41 4
v 42 4
v 43 4
v 44 4
v 45 4
e 0 23 1
e 7 15 1
e 7 24 1
e 8 15 2
e 9 17 2
e 10 12 1
e 10 14 1
e 10 31 1
e 11 12 1
e 11 17 1
e 11 32 1
e 12 13 1
e 12 15 1
e 14 16 2
e 14 18 1
e 16 19 1
e 16 20 1
e 17 21 1
e 18 22 2
e 18 33 1
e 19 23 2
e 19 34 1
e 21 25 2
e 21 26 1
e 22 23 1
e 22 35 1
e 24 27 1
e 24 36 1
e 24 37 1
e 25 28 1
e 25 38 1
e 26 29 2
e 26 39 1
e 27 40 1
e 27 41 1
e 27 42 1
e 28 30 2
e 28 43 1
e 29 30 1
e 29 44 1
e 30 45 1
t # 16985
v 0 11
v 1 14
v 2 14
v 3 14
v 4 14
v 5 14
v 6 14
v 7 14
v 8 14
v 9 14
v 10 14
v 11 14
v 12 14
v 13 1
v 14 1
v 15 2
v 16 2
v 17 3
v 18 3
v 19 3
v 20 3
v 21 3
v 22 3
v 23 3
v 24 3
v 25 3
v 26 3
v 27 3
v 28 4
v 29 4
v 30 4
v 31 4
v 32 4
v 33 4
e 0 20 1
e 0 21 1
e 13 19 2
e 14 25 2
e 15 17 1
e 15 19 1
e 15 21 1
e 16 21 2
e 16 25 1
e 17 20 1
e 17 28 1
e 17 29 1
e 18 19 1
e 18 23 1
e 18 24 1
e 18 30 1
e 20 31 1
e 20 32 1
e 22 25 1
e 22 26 1
e 22 27 1
e 22 33 1
t # 16986
v 0 14
v 1 14
v 2 14
v 3 14
v 4 14
v 5 14
v 6 1
v 7 1
v 8 2
v 9 3
v 10 3
v 11 3
v 12 3
v 13 3
v 14 3
v 15 3
v 16 3
v 17 3
v 18 3
v 19 3
v 20 4
v 21 4
v 22 4
v 23 4
v 24 4
e 6 10 1
e 6 15 1
e 7 15 2
e 8 10 2
e 8 13 1
e 9 10 1
e 9 11 1
e 9 12 1
e 9 20 1
e 13 14 1
e 13 16 2
e 14 15 1
e 14 17 2
e 16 18 1
e 16 21 1
e 17 19 1
e 17 22 1
e 18 19 2
e 18 23 1
e 19 24 1
t # 16987
v 0 12
v 1 11
v 2 14
v 3 1
v 4 1
v 5 1
v 6 1
v 7 2
v 8 2
v 9 2
v 10 3
v 11 3
v 12 3
v 13 3
v 14 3
v 15 3
v 16 3
v 17 3
v 18 3
v 19 3
v 20 3
v 21 3
v 22 3
v 23 3
v 24 3
v 25 3
v 26 3
v 27 3
v 28 3
v 29 3
v 30 3
v 31 3
v 32 3
v 33 3
v 34 4
v 35 4
v 36 4
v 37 4
v 38 4
v 39 4
v 40 4
v 41 4
v 42 4
v 43 4
v 44 4
v 45 4
v 46 4
v 47 4
v 48 4
v 49 4
v 50 4
v 51 4
v 52 4
v 53 4
v 54 4
v 55 4
v 56 4
v 57 4
v 58 4
e 0 23 1
e 1 10 1
e 1 12 1
e 3 28 1
e 3 30 1
e 4 29 1
e 4 31 1
e 5 28 2
e 6 29 2
e 7 12 1
e 7 13 1
e 7 15 1
e 8 11 1
e 8 12 2
e 9 20 1
e 9 26 1
e 9 47 1
e 10 11 1
e 10 14 1
e 10 34 1
e 11 35 1
e 11 36 1
e 13 16 2
e 13 17 1
e 14 37 1
e 14 38 1
e 14 39 1
e 15 18 2
e 15 19 1
e 16 21 1
e 16 40 1
e 17 22 2
e 17 41 1
e 18 23 1
e 18 42 1
e 19 24 2
e 19 43 1
e 20 21 2
e 20 22 1
e 21 44 1
e 22 45 1
e 23 25 2
e 24 25 1
e 24 46 1
e 26 27 2
e 26 48 1
e 27 28 1
e 27 29 1
e 30 32 1
e 30 49 1
e 30 50 1
e 31 33 1
e 31 51 1
e 31 52 1
e 32 53 1
e 32 54 1
e 32 55 1
e 33 56 1
e 33 57 1
e 33 58 1
t # 16988
v 0 14
v 1 14
v 2 1
v 3 1
v 4 1
v 5 1
v 6 2
v 7 3
v 8 3
v 9 3
v 10 3
v 11 3
v 12 3
v 13 3
v 14 3
v 15 3
v 16 3
v 17 3
v 18 3
v 19 3
v 20 3
v 21 4
v 22 4
v 23 4
v 24 4
v 25 4
v 26 4
v 27 4
v 28 4
v 29 4
v 30 4
v 31 4
v 32 4
v 33 4
v 34 4
v 35 4
e 2 14 1
e 2 17 1
e 3 15 1
e 3 18 1
e 4 14 2
e 5 15 2
e 6 7 1
e 6 9 1
e 6 21 1
e 7 10 2
e 7 11 1
e 8 9 2
e 8 14 1
e 8 15 1
e 9 22 1
e 10 12 1
e 10 23 1
e 11 13 2
e 11 24 1
e 12 16 2
e 13 16 1
e 13 25 1
e 17 19 1
e 17 26 1
e 17 27 1
e 18 20 1
e 18 28 1
e 18 29 1
e 19 30 1
e 19 31 1
e 19 32 1
e 20 33 1
e 20 34 1
e 20 35 1
t # 16989
v 0 11
v 1 1
v 2 1
v 3 1
v 4 1
v 5 2
v 6 2
v 7 2
v 8 3
v 9 3
v 10 3
v 11 3
v 12 3
v 13 3
v 14 3
v 15 3
v 16 3
v 17 3
v 18 3
v 19 3
v 20 3
v 21 3
v 22 3
v 23 3
v 24 3
v 25 3
v 26 4
v 27 4
v 28 4
v 29 4
v 30 4
v 31 4
v 32 4
v 33 4
v 34 4
v 35 4
v 36 4
v 37 4
v 38 4
v 39 4
v 40 4
v 41 4
v 42 4
v 43 4
v 44 4
v 45 4
v 46 4
v 47 4
v 48 4
e 0 8 1
e 0 10 1
e 1 20 1
e 1 22 1
e 2 21 1
e 2 23 1
e 3 20 2
e 4 21 2
e 5 9 1
e 5 10 2
e 6 10 1
e 6 12 1
e 6 32 1
e 7 15 1
e 7 18 1
e 7 37 1
e 8 9 1
e 8 11 1
e 8 26 1
e 9 27 1
e 9 28 1
e 11 29 1
e 11 30 1
e 11 31 1
e 12 13 2
e 12 14 1
e 13 16 1
e 13 33 1
e 14 17 2
e 14 34 1
e 15 16 2
e 15 17 1
e 16 35 1
e 17 36 1
e 18 19 2
e 18 38 1
e 19 20 1
e 19 21 1
e 22 24 1
e 22 39 1
e 22 40 1
e 23 25 1
e 23 41 1
e 23 42 1
e 24 43 1
e 24 44 1
e 24 45 1
e 25 46 1
e 25 47 1
e 25 48 1
t # 16990
v 0 14
v 1 14
v 2 14
v 3 1
v 4 1
v 5 1
v 6 1
v 7 2
v 8 2
v 9 2
v 10 3
v 11 3
v 12 3
v 13 3
v 14 3
v 15 3
v 16 3
v 17 3
v 18 3
v 19 4
v 20 4
v 21 4
v 22 4
v 23 4
v 24 4
v 25 4
v 26 4
v 27 4
v 28 4
v 29 4
v 30 4
v 31 4
v 32 4
e 3 10 1
e 3 21 1
e 4 12 1
e 4 13 1
e 5 12 2
e 6 14 2
e 7 8 1
e 7 10 1
e 7 19 1
e 8 14 1
e 8 20 1
e 9 14 1
e 9 16 1
e 9 24 1
e 10 11 1
e 10 12 1
e 13 15 1
e 13 22 1
e 13 23 1
e 15 27 1
e 15 28 1
e 15 29 1
e 16 17 1
e 16 25 1
e 16 26 1
e 17 18 2
e 17 30 1
e 18 31 1
e 18 32 1
t # 16991
v 0 11
v 1 1
v 2 1
v 3 1
v 4 1
v 5 1
v 6 1
v 7 2
v 8 2
v 9 3
v 10 3
v 11 3
v 12 3
v 13 3
v 14 3
v 15 3
v 16 3
v 17 3
v 18 3
v 19 3
v 20 3
v 21 3
v 22 3
v 23 4
v 24 4
v 25 4
v 26 4
v 27 4
v 28 4
v 29 4
v 30 4
v 31 4
v 32 4
v 33 4
v 34 4
v 35 4
v 36 4
v 37 4
v 38 4
v 39 4
v 40 4
e 0 1 2
e 0 2 2
e 0 9 1
e 3 17 1
e 3 19 1
e 4 18 1
e 4 20 1
e 5 17 2
e 6 18 2
e 7 10 1
e 7 15 1
e 7 27 1
e 8 29 1
e 8 30 1
e 9 11 2
e 9 12 1
e 10 13 2
e 10 14 1
e 11 13 1
e 11 23 1
e 12 14 2
e 12 24 1
e 13 25 1
e 14 26 1
e 15 16 2
e 15 28 1
e 16 17 1
e 16 18 1
e 19 21 1
e 19 31 1
e 19 32 1
e 20 22 1
e 20 33 1
e 20 34 1
e 21 35 1
e 21 36 1
e 21 37 1
e 22 38 1
e 22 39 1
e 22 40 1
t # 16992
v 0 14
v 1 14
v 2 14
v 3 14
v 4 14
v 5 14
v 6 14
v 7 14
v 8 14
v 9 14
v 10 14
v 11 14
v 12 1
v 13 1
v 14 1
v 15 2
v 16 2
v 17 3
v 18 3
v 19 3
v 20 3
v 21 3
v 22 3
v 23 3
v 24 3
v 25 3
v 26 3
v 27 3
v 28 3
v 29 3
v 30 3
v 31 3
v 32 3
v 33 3
v 34 4
v 35 4
v 36 4
v 37 4
v 38 4
v 39 4
v 40 4
v 41 4
v 42 4
v 43 4
v 44 4
v 45 4
v 46 4
v 47 4
e 12 21 2
e 13 29 1
e 13 30 1
e 14 31 2
e 15 17 1
e 15 21 1
e 15 34 1
e 16 17 1
e 16 22 1
e 16 35 1
e 17 18 1
e 17 19 1
e 20 21 1
e 20 23 1
e 20 24 1
e 20 36 1
e 22 25 2
e 22 26 1
e 25 27 1
e 25 37 1
e 26 28 2
e 26 38 1
e 27 29 2
e 27 39 1
e 28 29 1
e 28 40 1
e 30 31 1
e 30 41 1
e 30 42 1
e 31 32 1
e 32 33 1
e 32 43 1
e 32 44 1
e 33 45 1
e 33 46 1
e 33 47 1
t # 16993
v 0 14
v 1 14
v 2 14
v 3 14
v 4 14
v 5 1
v 6 1
v 7 1
v 8 1
v 9 2
v 10 2
v 11 3
v 12 3
v 13 3
v 14 3
v 15 3
v 16 3
v 17 3
v 18 3
v 19 3
v 20 3
v 21 3
v 22 3
v 23 3
v 24 3
v 25 4
v 26 4
v 27 4
v 28 4
v 29 4
v 30 4
v 31 4
v 32 4
v 33 4
v 34 4
v 35 4
v 36 4
v 37 4
v 38 4
v 39 4
e 5 13 1
e 5 18 1
e 6 13 2
e 7 15 1
e 7 23 1
e 8 15 2
e 9 11 1
e 9 14 1
e 9 25 1
e 10 11 1
e 10 15 1
e 10 26 1
e 11 12 1
e 11 13 1
e 14 16 2
e 14 17 1
e 16 19 1
e 16 27 1
e 17 20 2
e 17 28 1
e 18 22 1
e 18 29 1
e 18 30 1
e 19 21 2
e 20 21 1
e 20 31 1
e 22 32 1
e 22 33 1
e 22 34 1
e 23 24 1
e 23 35 1
e 23 36 1
e 24 37 1
e 24 38 1
e 24 39 1
t # 16994
v 0 14
v 1 14
v 2 14
v 3 14
v 4 1
v 5 1
v 6 1
v 7 1
v 8 2
v 9 2
v 10 3
v 11 3
v 12 3
v 13 3
v 14 3
v 15 3
v 16 3
v 17 3
v 18 3
v 19 3
v 20 3
v 21 3
v 22 3
v 23 3
v 24 4
v 25 4
v 26 4
v 27 4
v 28 4
v 29 4
v 30 4
v 31 4
v 32 4
v 33 4
v 34 4
v 35 4
v 36 4
v 37 4
v 38 4
v 39 4
e 4 12 1
e 4 17 1
e 5 12 2
e 6 14 1
e 6 22 1
e 7 14 2
e 8 10 1
e 8 13 1
e 8 24 1
e 9 10 1
e 9 14 1
e 9 25 1
e 10 11 1
e 10 12 1
e 13 15 2
e 13 16 1
e 15 18 1
e 15 26 1
e 16 19 2
e 16 27 1
e 17 21 1
e 17 28 1
e 17 29 1
e 18 20 2
e 18 30 1
e 19 20 1
e 19 31 1
e 21 32 1
e 21 33 1
e 21 34 1
e 22 23 1
e 22 35 1
e 22 36 1
e 23 37 1
e 23 38 1
e 23 39 1
t # 16995
v 0 11
v 1 14
v 2 14
v 3 14
v 4 1
v 5 1
v 6 1
v 7 1
v 8 2
v 9 2
v 10 2
v 11 3
v 12 3
v 13 3
v 14 3
v 15 3
v 16 3
v 17 3
v 18 3
v 19 3
v 20 3
v 21 3
v 22 4
v 23 4
v 24 4
v 25 4
v 26 4
v 27 4
v 28 4
v 29 4
v 30 4
v 31 4
v 32 4
v 33 4
v 34 4
v 35 4
v 36 4
v 37 4
e 0 14 1
e 0 15 1
e 4 13 1
e 4 18 1
e 5 13 2
e 6 17 1
e 6 20 1
e 7 17 2
e 8 11 1
e 8 14 1
e 8 22 1
e 9 11 1
e 9 17 1
e 9 23 1
e 10 14 2
e 10 16 1
e 11 12 1
e 11 13 1
e 15 16 1
e 15 24 1
e 15 25 1
e 16 26 1
e 16 27 1
e 18 19 1
e 18 28 1
e 18 29 1
e 19 30 1
e 19 31 1
e 19 32 1
e 20 21 1
e 20 33 1
e 20 34 1
e 21 35 1
e 21 36 1
e 21 37 1
t # 16996
v 0 11
v 1 14
v 2 14
v 3 14
v 4 1
v 5 1
v 6 1
v 7 1
v 8 1
v 9 2
v 10 2
v 11 2
v 12 3
v 13 3
v 14 3
v 15 3
v 16 3
v 17 3
v 18 3
v 19 3
v 20 3
v 21 3
v 22 3
v 23 3
v 24 3
v 25 4
v 26 4
v 27 4
v 28 4
v 29 4
v 30 4
v 31 4
v 32 4
v 33 4
v 34 4
v 35 4
v 36 4
v 37 4
v 38 4
v 39 4
v 40 4
e 0 7 2
e 0 8 2
e 0 18 1
e 4 15 1
e 4 22 1
e 5 15 2
e 6 19 2
e 9 12 1
e 9 14 1
e 9 25 1
e 10 12 1
e 10 19 1
e 10 26 1
e 11 39 1
e 11 40 1
e 12 13 1
e 12 15 1
e 14 16 2
e 14 17 1
e 16 20 1
e 16 27 1
e 17 21 2
e 17 28 1
e 18 20 2
e 18 21 1
e 19 23 1
e 20 29 1
e 21 30 1
e 22 24 1
e 22 31 1
e 22 32 1
e 23 33 1
e 23 34 1
e 23 35 1
e 24 36 1
e 24 37 1
e 24 38 1
t # 16997
v 0 14
v 1 14
v 2 14
v 3 1
v 4 1
v 5 1
v 6 2
v 7 2
v 8 3
v 9 3
v 10 3
v 11 3
v 12 3
v 13 3
v 14 3
v 15 3
v 16 3
v 17 3
v 18 3
v 19 3
v 20 3
v 21 3
v 22 3
v 23 4
v 24 4
v 25 4
v 26 4
v 27 4
v 28 4
v 29 4
v 30 4
v 31 4
v 32 4
v 33 4
v 34 4
v 35 4
v 36 4
v 37 4
v 38 4
v 39 4
v 40 4
v 41 4
v 42 4
v 43 4
v 44 4
v 45 4
v 46 4
v 47 4
e 3 16 1
e 3 20 1
e 4 16 2
e 5 17 2
e 6 8 1
e 6 14 1
e 6 34 1
e 7 14 1
e 7 17 1
e 7 35 1
e 8 9 1
e 8 10 1
e 8 23 1
e 9 11 1
e 9 24 1
e 9 25 1
e 10 12 1
e 10 26 1
e 10 27 1
e 11 13 1
e 11 28 1
e 11 29 1
e 12 13 1
e 12 30 1
e 12 31 1
e 13 32 1
e 13 33 1
e 14 15 1
e 14 16 1
e 17 18 1
e 18 19 1
e 18 36 1
e 18 37 1
e 19 21 1
e 19 38 1
e 19 39 1
e 20 22 1
e 20 40 1
e 20 41 1
e 21 42 1
e 21 43 1
e 21 44 1
e 22 45 1
e 22 46 1
e 22 47 1
t # 16998
v 0 14
v 1 14
v 2 14
v 3 14
v 4 14
v 5 14
v 6 1
v 7 1
v 8 1
v 9 2
v 10 2
v 11 3
v 12 3
v 13 3
v 14 3
v 15 3
v 16 3
v 17 3
v 18 3
v 19 3
v 20 3
v 21 3
v 22 3
v 23 3
v 24 3
v 25 3
v 26 3
v 27 3
v 28 4
v 29 4
v 30 4
v 31 4
v 32 4
v 33 4
v 34 4
v 35 4
v 36 4
v 37 4
v 38 4
v 39 4
v 40 4
v 41 4
v 42 4
v 43 4
v 44 4
v 45 4
v 46 4
v 47 4
e 6 16 1
e 6 25 1
e 7 15 2
e 8 16 2
e 9 11 1
e 9 15 1
e 9 31 1
e 10 11 1
e 10 17 1
e 10 32 1
e 11 14 1
e 11 16 1
e 12 13 1
e 12 18 1
e 12 19 1
e 12 28 1
e 13 15 1
e 13 29 1
e 13 30 1
e 17 20 2
e 17 21 1
e 18 33 1
e 18 34 1
e 18 35 1
e 19 36 1
e 19 37 1
e 19 38 1
e 20 23 1
e 20 39 1
e 21 24 2
e 21 40 1
e 22 23 2
e 22 24 1
e 22 26 1
e 23 41 1
e 24 42 1
e 25 27 1
e 25 43 1
e 25 44 1
e 27 45 1
e 27 46 1
e 27 47 1
t # 16999
v 0 14
v 1 14
v 2 14
v 3 1
v 4 1
v 5 1
v 6 2
v 7 2
v 8 3
v 9 3
v 10 3
v 11 3
v 12 3
v 13 3
v 14 3
v 15 3
v 16 3
v 17 3
v 18 3
v 19 3
v 20 3
v 21 4
v 22 4
v 23 4
v 24 4
v 25 4
v 26 4
v 27 4
v 28 4
v 29 4
v 30 4
v 31 4
v 32 4
v 33 4
v 34 4
v 35 4
v 36 4
v 37 4
v 38 4
v 39 4
v 40 4
v 41 4
v 42 4
v 43 4
e 3 14 1
e 3 19 1
e 4 13 2
e 5 14 2
e 6 8 1
e 6 9 1
e 6 21 1
e 7 8 1
e 7 13 1
e 7 23 1
e 8 10 1
e 8 14 1
e 9 15 1
e 9 16 1
e 9 22 1
e 11 12 1
e 11 17 1
e 11 18 1
e 11 24 1
e 12 13 1
e 12 25 1
e 12 26 1
e 15 27 1
e 15 28 1
e 15 29 1
e 16 30 1
e 16 31 1
e 16 32 1
e 17 33 1
e 17 34 1
e 17 35 1
e 18 36 1
e 18 37 1
e 18 38 1
e 19 20 1
e 19 39 1
e 19 40 1
e 20 41 1
e 20 42 1
e 20 43 1
