t # 4700
v 0 11
v 1 1
v 2 1
v 3 1
v 4 1
v 5 2
v 6 2
v 7 2
v 8 2
v 9 2
v 10 3
v 11 3
v 12 3
v 13 3
v 14 3
v 15 3
v 16 3
v 17 3
v 18 3
v 19 3
v 20 3
v 21 3
v 22 3
v 23 3
v 24 3
v 25 3
v 26 3
v 27 3
v 28 3
v 29 3
v 30 3
v 31 3
v 32 3
v 33 4
v 34 4
v 35 4
v 36 4
v 37 4
v 38 4
v 39 4
v 40 4
v 41 4
v 42 4
v 43 4
v 44 4
v 45 4
v 46 4
v 47 4
v 48 4
v 49 4
v 50 4
v 51 4
v 52 4
v 53 4
v 54 4
v 55 4
e 0 10 1
e 0 14 1
e 1 25 2
e 2 29 1
e 2 55 1
e 5 8 1
e 5 11 1
e 5 34 1
e 6 12 2
e 6 14 1
e 7 13 1
e 7 14 2
e 8 25 1
e 8 42 1
e 9 16 1
e 10 11 2
e 10 12 1
e 11 15 1
e 12 19 1
e 13 16 2
e 13 20 1
e 15 22 2
e 15 33 1
e 16 18 1
e 17 18 2
e 17 21 1
e 17 24 1
e 18 35 1
e 19 36 1
e 19 37 1
e 19 38 1
e 20 21 2
e 20 39 1
e 21 40 1
e 22 23 1
e 22 41 1
e 23 27 2
e 23 28 1
e 24 43 1
e 24 44 1
e 24 45 1
e 25 26 1
e 26 32 1
e 26 46 1
e 26 47 1
e 27 29 1
e 27 48 1
e 28 30 2
e 28 49 1
e 29 31 2
e 30 31 1
e 30 50 1
e 31 51 1
e 32 52 1
e 32 53 1
e 32 54 1
t # 4701
v 0 11
v 1 1
v 2 1
v 3 1
v 4 1
v 5 1
v 6 2
v 7 2
v 8 2
v 9 2
v 10 2
v 11 3
v 12 3
v 13 3
v 14 3
v 15 3
v 16 3
v 17 3
v 18 3
v 19 3
v 20 3
v 21 3
v 22 3
v 23 3
v 24 3
v 25 3
v 26 3
v 27 3
v 28 3
v 29 3
v 30 3
v 31 3
v 32 3
v 33 3
v 34 3
v 35 3
v 36 3
v 37 3
v 38 3
v 39 4
v 40 4
v 41 4
v 42 4
v 43 4
v 44 4
v 45 4
v 46 4
v 47 4
v 48 4
v 49 4
v 50 4
v 51 4
v 52 4
v 53 4
v 54 4
v 55 4
v 56 4
v 57 4
v 58 4
v 59 4
v 60 4
v 61 4
v 62 4
v 63 4
e 0 11 1
e 0 18 1
e 1 20 1
e 1 37 1
e 2 22 1
e 2 38 1
e 3 25 2
e 6 8 1
e 6 12 1
e 6 41 1
e 7 13 2
e 7 18 1
e 8 25 1
e 8 48 1
e 9 18 2
e 9 24 1
e 10 29 1
e 11 12 2
e 11 13 1
e 12 15 1
e 13 21 1
e 14 16 1
e 14 17 2
e 14 19 1
e 15 16 2
e 15 39 1
e 16 40 1
e 17 20 1
e 17 42 1
e 19 23 2
e 19 43 1
e 20 22 2
e 21 44 1
e 21 45 1
e 21 46 1
e 22 23 1
e 23 47 1
e 24 27 2
e 24 28 1
e 25 26 1
e 26 30 2
e 26 31 1
e 27 32 1
e 27 49 1
e 28 33 2
e 28 50 1
e 29 32 2
e 29 33 1
e 30 34 1
e 30 51 1
e 31 35 2
e 31 52 1
e 32 53 1
e 33 54 1
e 34 36 2
e 34 55 1
e 35 36 1
e 35 56 1
e 36 57 1
e 37 58 1
e 37 59 1
e 37 60 1
e 38 61 1
e 38 62 1
e 38 63 1
t # 4702
v 0 12
v 1 12
v 2 11
v 3 1
v 4 1
v 5 1
v 6 1
v 7 1
v 8 1
v 9 2
v 10 2
v 11 2
v 12 2
v 13 2
v 14 2
v 15 3
v 16 3
v 17 3
v 18 3
v 19 3
v 20 3
v 21 3
v 22 3
v 23 3
v 24 3
v 25 3
v 26 3
v 27 3
v 28 3
v 29 3
v 30 3
v 31 3
v 32 3
v 33 3
v 34 3
v 35 3
v 36 3
v 37 3
v 38 3
v 39 3
v 40 3
v 41 4
v 42 4
v 43 4
v 44 4
v 45 4
v 46 4
v 47 4
v 48 4
v 49 4
v 50 4
v 51 4
v 52 4
v 53 4
v 54 4
v 55 4
v 56 4
v 57 4
v 58 4
e 0 38 1
e 1 40 1
e 2 17 1
e 2 30 1
e 3 18 1
e 3 27 1
e 4 19 1
e 4 27 1
e 9 10 1
e 9 15 1
e 9 44 1
e 10 24 1
e 10 47 1
e 11 23 2
e 11 30 1
e 12 28 1
e 13 30 2
e 13 35 1
e 14 33 1
e 15 17 2
e 15 21 1
e 16 20 2
e 16 22 1
e 16 25 1
e 17 23 1
e 18 19 2
e 18 20 1
e 19 26 1
e 20 41 1
e 21 22 2
e 21 42 1
e 22 43 1
e 23 31 1
e 24 28 2
e 24 29 1
e 25 26 2
e 25 45 1
e 26 46 1
e 27 48 1
e 27 49 1
e 28 32 1
e 29 34 2
e 29 50 1
e 31 51 1
e 31 52 1
e 31 53 1
e 32 33 2
e 32 54 1
e 33 34 1
e 34 55 1
e 35 36 2
e 35 37 1
e 36 38 1
e 36 56 1
e 37 39 2
e 37 57 1
e 38 40 2
e 39 40 1
e 39 58 1
t # 4703
v 0 1
v 1 1
v 2 1
v 3 3
v 4 3
v 5 3
v 6 3
v 7 3
v 8 3
v 9 3
v 10 3
v 11 3
v 12 3
v 13 3
v 14 3
v 15 3
v 16 3
v 17 3
v 18 3
v 19 3
v 20 3
v 21 3
v 22 3
v 23 4
v 24 4
v 25 4
v 26 4
v 27 4
v 28 4
v 29 4
v 30 4
v 31 4
v 32 4
v 33 4
v 34 4
v 35 4
v 36 4
v 37 4
v 38 4
v 39 4
v 40 4
v 41 4
v 42 4
v 43 4
v 44 4
v 45 4
v 46 4
v 47 4
v 48 4
v 49 4
v 50 4
e 0 19 1
e 0 20 1
e 1 16 1
e 1 50 1
e 2 16 2
e 3 4 1
e 3 5 1
e 3 23 1
e 3 24 1
e 4 10 1
e 4 25 1
e 4 26 1
e 5 7 2
e 5 13 1
e 6 7 1
e 6 9 1
e 6 27 1
e 6 28 1
e 7 31 1
e 8 11 1
e 8 12 1
e 8 29 1
e 8 30 1
e 9 14 1
e 9 32 1
e 9 33 1
e 10 11 2
e 10 34 1
e 11 16 1
e 12 15 1
e 12 35 1
e 12 36 1
e 13 37 1
e 13 38 1
e 13 39 1
e 14 18 1
e 14 19 2
e 15 17 2
e 15 40 1
e 17 21 1
e 17 22 1
e 18 20 2
e 18 41 1
e 19 42 1
e 20 43 1
e 21 44 1
e 21 45 1
e 21 46 1
e 22 47 1
e 22 48 1
e 22 49 1
t # 4704
v 0 11
v 1 1
v 2 1
v 3 1
v 4 1
v 5 2
v 6 3
v 7 3
v 8 3
v 9 3
v 10 3
v 11 3
v 12 3
v 13 3
v 14 3
v 15 3
v 16 3
v 17 3
v 18 3
v 19 4
v 20 4
v 21 4
v 22 4
v 23 4
v 24 4
v 25 4
v 26 4
v 27 4
e 0 9 1
e 0 10 1
e 1 9 1
e 1 12 1
e 2 17 1
e 2 18 1
e 3 24 1
e 4 17 2
e 5 8 2
e 6 8 1
e 6 9 2
e 6 11 1
e 7 8 1
e 7 10 1
e 7 13 2
e 10 14 2
e 11 12 2
e 11 19 1
e 12 17 1
e 13 15 1
e 13 20 1
e 14 16 1
e 14 21 1
e 15 16 2
e 15 22 1
e 16 23 1
e 18 25 1
e 18 26 1
e 18 27 1
t # 4705
v 0 1
v 1 1
v 2 2
v 3 2
v 4 2
v 5 2
v 6 3
v 7 3
v 8 3
v 9 3
v 10 3
v 11 3
v 12 3
v 13 3
v 14 3
v 15 3
v 16 3
v 17 3
v 18 3
v 19 3
v 20 3
v 21 3
v 22 3
v 23 3
v 24 3
v 25 4
v 26 4
v 27 4
v 28 4
v 29 4
v 30 4
v 31 4
v 32 4
v 33 4
v 34 4
v 35 4
v 36 4
v 37 4
v 38 4
v 39 4
v 40 4
e 0 10 2
e 1 13 2
e 2 3 1
e 2 8 1
e 2 12 1
e 3 7 1
e 3 25 1
e 4 9 1
e 4 10 1
e 4 27 1
e 5 8 2
e 5 13 1
e 6 7 2
e 6 8 1
e 6 10 1
e 7 11 1
e 9 13 1
e 9 14 1
e 9 26 1
e 11 15 2
e 11 16 1
e 12 17 2
e 12 18 1
e 14 28 1
e 14 29 1
e 14 30 1
e 15 19 1
e 15 31 1
e 16 20 2
e 16 32 1
e 17 21 1
e 17 33 1
e 18 22 2
e 18 34 1
e 19 23 2
e 19 35 1
e 20 23 1
e 20 36 1
e 21 24 2
e 21 37 1
e 22 24 1
e 22 38 1
e 23 39 1
e 24 40 1
t # 4706
v 0 1
v 1 1
v 2 2
v 3 2
v 4 2
v 5 2
v 6 3
v 7 3
v 8 3
v 9 3
v 10 3
v 11 3
v 12 3
v 13 3
v 14 3
v 15 3
v 16 3
v 17 3
v 18 3
v 19 4
v 20 4
v 21 4
v 22 4
v 23 4
v 24 4
v 25 4
v 26 4
v 27 4
v 28 4
v 29 4
v 30 4
v 31 4
v 32 4
e 0 12 2
e 1 17 2
e 2 6 1
e 2 7 1
e 2 10 1
e 3 8 1
e 3 9 1
e 3 12 1
e 4 10 2
e 4 13 1
e 5 13 1
e 5 17 1
e 5 30 1
e 6 8 1
e 6 19 1
e 6 20 1
e 7 9 1
e 7 21 1
e 7 22 1
e 8 23 1
e 8 24 1
e 9 25 1
e 9 26 1
e 10 11 1
e 11 15 2
e 11 27 1
e 12 28 1
e 13 14 2
e 14 15 1
e 14 16 1
e 15 29 1
e 16 18 2
e 16 31 1
e 17 18 1
e 18 32 1
t # 4707
v 0 11
v 1 1
v 2 1
v 3 2
v 4 2
v 5 2
v 6 2
v 7 2
v 8 2
v 9 2
v 10 2
v 11 2
v 12 3
v 13 3
v 14 3
v 15 3
v 16 3
v 17 3
v 18 3
v 19 3
v 20 3
v 21 4
v 22 4
v 23 4
v 24 4
v 25 4
v 26 4
v 27 4
v 28 4
v 29 4
e 0 19 1
e 0 20 1
e 1 14 2
e 2 15 2
e 3 12 1
e 3 14 1
e 3 16 1
e 4 14 1
e 4 15 1
e 4 17 1
e 5 12 2
e 5 18 1
e 6 13 2
e 6 18 1
e 7 8 1
e 7 18 2
e 8 9 1
e 8 27 1
e 9 19 1
e 9 28 1
e 10 11 1
e 10 19 2
e 11 20 2
e 12 13 1
e 13 15 1
e 16 21 1
e 16 22 1
e 16 23 1
e 17 24 1
e 17 25 1
e 17 26 1
e 20 29 1
t # 4708
v 0 14
v 1 1
v 2 1
v 3 1
v 4 1
v 5 1
v 6 1
v 7 1
v 8 1
v 9 3
v 10 3
v 11 3
v 12 3
v 13 3
v 14 3
v 15 3
v 16 3
v 17 3
v 18 3
v 19 3
v 20 3
v 21 3
v 22 3
v 23 3
v 24 3
v 25 3
v 26 3
v 27 3
v 28 3
v 29 3
v 30 3
v 31 3
v 32 3
v 33 3
v 34 4
v 35 4
v 36 4
v 37 4
v 38 4
v 39 4
v 40 4
v 41 4
v 42 4
v 43 4
v 44 4
v 45 4
v 46 4
v 47 4
v 48 4
e 1 15 1
e 1 21 1
e 2 16 1
e 2 22 1
e 3 15 1
e 3 45 1
e 4 16 1
e 4 46 1
e 5 13 2
e 6 14 2
e 7 32 1
e 7 47 1
e 8 33 1
e 8 48 1
e 9 10 1
e 9 11 1
e 9 12 1
e 9 34 1
e 10 13 1
e 10 15 2
e 11 14 1
e 11 16 2
e 12 19 1
e 12 20 2
e 13 17 1
e 14 18 1
e 17 21 2
e 17 23 1
e 18 22 2
e 18 24 1
e 19 25 2
e 20 26 1
e 20 35 1
e 21 27 1
e 22 28 1
e 23 30 2
e 23 36 1
e 24 31 2
e 24 37 1
e 25 29 1
e 25 38 1
e 26 29 2
e 26 39 1
e 27 32 2
e 27 40 1
e 28 33 2
e 28 41 1
e 29 42 1
e 30 32 1
e 30 43 1
e 31 33 1
e 31 44 1
t # 4709
v 0 1
v 1 1
v 2 1
v 3 2
v 4 2
v 5 2
v 6 2
v 7 2
v 8 2
v 9 2
v 10 2
v 11 3
v 12 3
v 13 3
v 14 3
v 15 3
v 16 3
v 17 3
v 18 3
v 19 3
v 20 3
v 21 3
v 22 3
v 23 3
v 24 4
v 25 4
v 26 4
v 27 4
v 28 4
v 29 4
v 30 4
v 31 4
v 32 4
v 33 4
e 0 21 1
e 0 22 1
e 1 19 2
e 2 21 1
e 3 4 1
e 3 7 1
e 3 14 1
e 4 13 2
e 5 13 1
e 5 19 1
e 5 28 1
e 6 8 1
e 6 14 2
e 9 20 1
e 11 12 1
e 11 13 1
e 11 15 2
e 12 14 1
e 12 16 2
e 15 17 1
e 15 24 1
e 16 18 1
e 16 25 1
e 17 18 2
e 17 26 1
e 18 27 1
e 19 20 1
e 20 21 2
e 22 23 1
e 22 29 1
e 22 30 1
e 23 31 1
e 23 32 1
e 23 33 1
t # 4710
v 0 11
v 1 11
v 2 1
v 3 1
v 4 1
v 5 1
v 6 2
v 7 2
v 8 2
v 9 2
v 10 3
v 11 3
v 12 3
v 13 3
v 14 4
v 15 4
v 16 4
v 17 4
e 0 10 1
e 0 11 1
e 1 12 1
e 1 13 1
e 2 16 1
e 3 17 1
e 6 10 1
e 6 14 1
e 7 11 1
e 7 15 1
e 8 12 1
e 9 13 1
e 10 12 2
e 11 13 2
t # 4711
v 0 1
v 1 1
v 2 2
v 3 2
v 4 3
v 5 3
v 6 3
v 7 3
v 8 3
v 9 3
v 10 3
v 11 3
v 12 3
v 13 3
v 14 3
v 15 3
v 16 3
v 17 3
v 18 3
v 19 3
v 20 3
v 21 4
v 22 4
v 23 4
v 24 4
v 25 4
v 26 4
v 27 4
v 28 4
v 29 4
v 30 4
v 31 4
v 32 4
v 33 4
v 34 4
e 0 6 1
e 0 12 1
e 1 12 2
e 2 3 1
e 2 8 2
e 3 15 1
e 3 29 1
e 4 6 1
e 4 7 1
e 4 9 2
e 5 7 2
e 5 8 1
e 5 11 1
e 6 10 2
e 7 21 1
e 8 12 1
e 9 13 1
e 9 22 1
e 10 14 1
e 10 23 1
e 11 24 1
e 11 25 1
e 11 26 1
e 13 14 2
e 13 27 1
e 14 28 1
e 15 16 2
e 15 17 1
e 16 18 1
e 16 30 1
e 17 19 2
e 17 31 1
e 18 20 2
e 18 32 1
e 19 20 1
e 19 33 1
e 20 34 1
t # 4712
v 0 1
v 1 1
v 2 1
v 3 1
v 4 2
v 5 2
v 6 2
v 7 2
v 8 3
v 9 3
v 10 3
v 11 3
v 12 4
v 13 4
e 0 10 1
e 1 11 1
e 2 10 2
e 3 11 2
e 4 8 1
e 4 12 1
e 5 9 1
e 5 13 1
e 6 9 2
e 6 10 1
e 7 8 2
e 7 11 1
e 8 9 1
t # 4713
v 0 1
v 1 1
v 2 2
v 3 2
v 4 2
v 5 2
v 6 3
v 7 3
v 8 3
v 9 3
v 10 3
v 11 3
v 12 3
v 13 3
v 14 3
v 15 3
v 16 3
v 17 3
v 18 3
v 19 3
v 20 3
v 21 3
v 22 3
v 23 3
v 24 3
v 25 4
v 26 4
v 27 4
v 28 4
v 29 4
v 30 4
v 31 4
v 32 4
v 33 4
v 34 4
v 35 4
v 36 4
v 37 4
v 38 4
v 39 4
v 40 4
e 0 10 2
e 1 19 1
e 1 40 1
e 2 6 1
e 2 7 1
e 2 9 1
e 3 6 1
e 3 8 1
e 3 10 1
e 4 6 2
e 4 11 1
e 5 8 1
e 5 29 1
e 5 30 1
e 7 12 1
e 7 25 1
e 7 26 1
e 8 9 2
e 9 27 1
e 10 11 1
e 11 13 2
e 12 14 2
e 12 15 1
e 13 16 1
e 13 28 1
e 14 17 1
e 14 31 1
e 15 18 2
e 15 32 1
e 16 19 1
e 16 21 2
e 17 20 2
e 17 33 1
e 18 20 1
e 18 34 1
e 19 22 2
e 20 36 1
e 21 23 1
e 21 35 1
e 22 24 1
e 22 37 1
e 23 24 2
e 23 38 1
e 24 39 1
t # 4714
v 0 1
v 1 1
v 2 2
v 3 2
v 4 2
v 5 3
v 6 3
v 7 3
v 8 3
v 9 3
v 10 3
v 11 3
v 12 3
v 13 3
v 14 3
v 15 3
v 16 3
v 17 3
v 18 3
v 19 4
v 20 4
v 21 4
v 22 4
v 23 4
v 24 4
v 25 4
v 26 4
v 27 4
v 28 4
v 29 4
v 30 4
v 31 4
v 32 4
v 33 4
e 0 12 1
e 0 15 1
e 1 18 2
e 2 7 1
e 2 11 2
e 3 4 1
e 3 11 1
e 3 26 1
e 4 16 2
e 5 6 1
e 5 7 2
e 5 8 1
e 6 9 2
e 6 13 1
e 7 10 1
e 8 14 2
e 8 19 1
e 9 11 1
e 9 20 1
e 10 12 2
e 10 21 1
e 12 14 1
e 13 22 1
e 13 23 1
e 13 24 1
e 14 25 1
e 15 27 1
e 15 28 1
e 15 29 1
e 16 17 1
e 16 18 1
e 17 30 1
e 17 31 1
e 17 32 1
e 18 33 1
t # 4715
v 0 1
v 1 2
v 2 2
v 3 2
v 4 2
v 5 2
v 6 3
v 7 3
v 8 3
v 9 3
v 10 3
v 11 3
v 12 3
v 13 3
v 14 3
v 15 3
v 16 3
v 17 3
v 18 3
v 19 3
v 20 3
v 21 3
v 22 3
v 23 4
v 24 4
v 25 4
v 26 4
v 27 4
v 28 4
v 29 4
v 30 4
v 31 4
e 0 9 1
e 0 11 1
e 1 10 1
e 1 17 2
e 2 14 1
e 2 28 1
e 2 29 1
e 3 17 1
e 3 30 1
e 3 31 1
e 6 7 1
e 6 9 1
e 6 10 2
e 7 8 1
e 7 12 2
e 8 11 1
e 8 16 2
e 9 15 2
e 10 13 1
e 11 18 2
e 12 14 1
e 12 23 1
e 13 14 2
e 13 21 1
e 15 17 1
e 15 22 1
e 16 19 1
e 16 24 1
e 18 20 1
e 18 25 1
e 19 20 2
e 19 26 1
e 20 27 1
t # 4716
v 0 1
v 1 1
v 2 2
v 3 2
v 4 2
v 5 3
v 6 3
v 7 3
v 8 3
v 9 3
v 10 3
v 11 3
v 12 3
v 13 3
v 14 3
v 15 3
v 16 3
v 17 3
v 18 3
v 19 3
v 20 4
v 21 4
v 22 4
v 23 4
v 24 4
v 25 4
v 26 4
v 27 4
v 28 4
v 29 4
v 30 4
v 31 4
v 32 4
e 0 9 1
e 0 19 1
e 1 12 2
e 2 3 1
e 2 5 1
e 2 20 1
e 3 7 1
e 3 21 1
e 4 5 2
e 4 7 1
e 5 6 1
e 6 9 1
e 6 10 2
e 7 8 2
e 8 12 1
e 8 13 1
e 9 11 2
e 10 14 1
e 10 22 1
e 11 15 1
e 11 23 1
e 12 16 1
e 13 17 2
e 13 24 1
e 14 15 2
e 14 25 1
e 15 26 1
e 16 18 2
e 16 27 1
e 17 18 1
e 17 28 1
e 18 29 1
e 19 30 1
e 19 31 1
e 19 32 1
t # 4717
v 0 11
v 1 1
v 2 1
v 3 1
v 4 1
v 5 2
v 6 3
v 7 3
v 8 3
v 9 3
v 10 3
v 11 3
v 12 3
v 13 3
v 14 3
v 15 3
v 16 3
v 17 3
v 18 3
v 19 3
v 20 3
v 21 4
v 22 4
v 23 4
v 24 4
v 25 4
v 26 4
v 27 4
v 28 4
v 29 4
v 30 4
v 31 4
v 32 4
v 33 4
v 34 4
v 35 4
e 0 9 1
e 0 18 1
e 1 8 1
e 1 19 1
e 2 15 1
e 3 20 1
e 3 35 1
e 4 20 2
e 5 7 2
e 6 7 1
e 6 8 1
e 6 10 2
e 7 9 1
e 8 11 2
e 9 13 2
e 10 12 1
e 10 21 1
e 11 14 1
e 11 22 1
e 12 14 2
e 12 23 1
e 13 17 1
e 13 24 1
e 14 25 1
e 15 16 1
e 15 26 1
e 15 27 1
e 16 20 1
e 16 28 1
e 16 29 1
e 17 18 2
e 17 30 1
e 18 31 1
e 19 32 1
e 19 33 1
e 19 34 1
t # 4718
v 0 2
v 1 2
v 2 2
v 3 2
v 4 2
v 5 2
v 6 2
v 7 2
v 8 2
v 9 2
v 10 3
v 11 3
v 12 3
v 13 3
v 14 3
v 15 3
v 16 3
v 17 3
v 18 3
v 19 3
v 20 3
v 21 3
v 22 3
v 23 3
v 24 3
v 25 3
v 26 4
v 27 4
v 28 4
v 29 4
v 30 4
v 31 4
v 32 4
v 33 4
v 34 4
v 35 4
v 36 4
v 37 4
v 38 4
v 39 4
v 40 4
v 41 4
v 42 4
v 43 4
v 44 4
v 45 4
v 46 4
v 47 4
v 48 4
v 49 4
v 50 4
v 51 4
v 52 4
v 53 4
e 0 1 1
e 0 10 2
e 1 11 2
e 2 4 1
e 2 12 2
e 3 5 1
e 3 13 2
e 4 16 2
e 5 17 2
e 6 8 1
e 6 20 2
e 7 9 1
e 7 21 2
e 8 50 1
e 8 51 1
e 9 52 1
e 9 53 1
e 10 12 1
e 10 14 1
e 11 13 1
e 11 15 1
e 12 18 1
e 13 19 1
e 14 26 1
e 14 27 1
e 14 28 1
e 15 29 1
e 15 30 1
e 15 31 1
e 16 20 1
e 16 22 1
e 17 21 1
e 17 23 1
e 18 32 1
e 18 33 1
e 18 34 1
e 19 35 1
e 19 36 1
e 19 37 1
e 20 24 1
e 21 25 1
e 22 38 1
e 22 39 1
e 22 40 1
e 23 41 1
e 23 42 1
e 23 43 1
e 24 44 1
e 24 45 1
e 24 46 1
e 25 47 1
e 25 48 1
e 25 49 1
t # 4719
v 0 2
v 1 2
v 2 2
v 3 2
v 4 2
v 5 2
v 6 2
v 7 2
v 8 3
v 9 3
v 10 3
v 11 3
v 12 3
v 13 3
v 14 3
v 15 3
v 16 3
v 17 3
v 18 3
v 19 3
v 20 4
v 21 4
v 22 4
v 23 4
v 24 4
v 25 4
v 26 4
v 27 4
v 28 4
v 29 4
v 30 4
v 31 4
v 32 4
v 33 4
v 34 4
v 35 4
v 36 4
v 37 4
v 38 4
v 39 4
v 40 4
v 41 4
e 0 2 1
e 0 8 2
e 1 3 1
e 1 9 2
e 2 10 2
e 3 11 2
e 4 6 1
e 4 14 2
e 5 7 1
e 5 15 2
e 6 38 1
e 6 39 1
e 7 40 1
e 7 41 1
e 8 9 1
e 8 12 1
e 9 13 1
e 10 14 1
e 10 16 1
e 11 15 1
e 11 17 1
e 12 20 1
e 12 21 1
e 12 22 1
e 13 23 1
e 13 24 1
e 13 25 1
e 14 18 1
e 15 19 1
e 16 26 1
e 16 27 1
e 16 28 1
e 17 29 1
e 17 30 1
e 17 31 1
e 18 32 1
e 18 33 1
e 18 34 1
e 19 35 1
e 19 36 1
e 19 37 1
t # 4720
v 0 2
v 1 2
v 2 2
v 3 2
v 4 2
v 5 2
v 6 3
v 7 3
v 8 3
v 9 3
v 10 3
v 11 3
v 12 3
v 13 3
v 14 4
v 15 4
v 16 4
v 17 4
v 18 4
v 19 4
v 20 4
v 21 4
v 22 4
v 23 4
v 24 4
v 25 4
v 26 4
v 27 4
v 28 4
v 29 4
e 0 1 1
e 0 6 2
e 1 7 2
e 2 4 1
e 2 8 2
e 3 5 1
e 3 9 2
e 4 26 1
e 4 27 1
e 5 28 1
e 5 29 1
e 6 8 1
e 6 10 1
e 7 9 1
e 7 11 1
e 8 12 1
e 9 13 1
e 10 14 1
e 10 15 1
e 10 16 1
e 11 17 1
e 11 18 1
e 11 19 1
e 12 20 1
e 12 21 1
e 12 22 1
e 13 23 1
e 13 24 1
e 13 25 1
t # 4721
v 0 11
v 1 1
v 2 1
v 3 1
v 4 1
v 5 2
v 6 3
v 7 3
v 8 3
v 9 3
v 10 3
v 11 3
v 12 3
v 13 3
v 14 3
v 15 3
v 16 3
v 17 3
v 18 3
v 19 3
v 20 3
v 21 3
v 22 3
v 23 3
v 24 3
v 25 3
v 26 3
v 27 3
v 28 3
v 29 3
v 30 3
v 31 4
v 32 4
v 33 4
v 34 4
v 35 4
v 36 4
v 37 4
v 38 4
v 39 4
v 40 4
v 41 4
v 42 4
v 43 4
v 44 4
v 45 4
v 46 4
v 47 4
v 48 4
v 49 4
v 50 4
v 51 4
v 52 4
v 53 4
v 54 4
v 55 4
e 0 22 1
e 0 23 1
e 1 15 1
e 1 20 1
e 2 14 1
e 2 47 1
e 3 20 2
e 4 29 1
e 4 30 1
e 5 21 1
e 5 23 2
e 6 7 1
e 6 8 1
e 6 31 1
e 6 32 1
e 7 9 1
e 7 33 1
e 7 34 1
e 8 10 1
e 8 35 1
e 8 36 1
e 9 11 1
e 9 37 1
e 9 38 1
e 10 12 1
e 10 14 2
e 11 17 1
e 11 39 1
e 11 40 1
e 12 13 2
e 12 41 1
e 13 15 1
e 13 18 1
e 14 16 1
e 15 16 2
e 16 42 1
e 17 43 1
e 17 44 1
e 17 45 1
e 18 19 2
e 18 46 1
e 19 20 1
e 19 21 1
e 21 22 2
e 22 48 1
e 23 24 1
e 24 25 2
e 24 26 1
e 25 27 1
e 25 49 1
e 26 28 2
e 26 50 1
e 27 29 2
e 27 51 1
e 28 29 1
e 28 52 1
e 30 53 1
e 30 54 1
e 30 55 1
t # 4722
v 0 11
v 1 1
v 2 1
v 3 1
v 4 2
v 5 2
v 6 3
v 7 3
v 8 3
v 9 3
v 10 3
v 11 3
v 12 3
v 13 3
v 14 3
v 15 3
v 16 3
v 17 3
v 18 3
v 19 3
v 20 3
v 21 3
v 22 3
v 23 3
v 24 3
v 25 3
v 26 4
v 27 4
v 28 4
v 29 4
v 30 4
v 31 4
v 32 4
v 33 4
v 34 4
v 35 4
v 36 4
v 37 4
v 38 4
v 39 4
v 40 4
v 41 4
v 42 4
v 43 4
v 44 4
v 45 4
e 0 22 1
e 0 23 1
e 1 15 1
e 1 20 1
e 2 14 1
e 2 42 1
e 3 20 2
e 4 21 1
e 4 23 2
e 6 7 1
e 6 8 1
e 6 26 1
e 6 27 1
e 7 9 1
e 7 28 1
e 7 29 1
e 8 10 1
e 8 30 1
e 8 31 1
e 9 11 1
e 9 32 1
e 9 33 1
e 10 12 1
e 10 14 2
e 11 17 1
e 11 34 1
e 11 35 1
e 12 13 2
e 12 36 1
e 13 15 1
e 13 18 1
e 14 16 1
e 15 16 2
e 16 37 1
e 17 38 1
e 17 39 1
e 17 40 1
e 18 19 2
e 18 41 1
e 19 20 1
e 19 21 1
e 21 22 2
e 22 43 1
e 23 24 1
e 24 25 1
e 24 44 1
e 24 45 1
t # 4723
v 0 11
v 1 1
v 2 1
v 3 1
v 4 2
v 5 2
v 6 3
v 7 3
v 8 3
v 9 3
v 10 3
v 11 3
v 12 3
v 13 3
v 14 3
v 15 3
v 16 3
v 17 3
v 18 3
v 19 3
v 20 4
v 21 4
v 22 4
v 23 4
v 24 4
v 25 4
v 26 4
v 27 4
e 0 16 1
e 0 17 1
e 1 8 1
e 1 11 1
e 2 11 2
e 3 14 1
e 3 27 1
e 4 10 1
e 4 17 2
e 6 8 2
e 6 9 1
e 6 12 1
e 7 9 2
e 7 10 1
e 7 11 1
e 8 13 1
e 9 20 1
e 10 16 2
e 12 15 2
e 12 21 1
e 13 14 2
e 13 22 1
e 14 15 1
e 15 24 1
e 16 23 1
e 17 18 1
e 18 19 1
e 18 25 1
e 18 26 1
t # 4724
v 0 14
v 1 14
v 2 14
v 3 14
v 4 14
v 5 14
v 6 1
v 7 1
v 8 2
v 9 3
v 10 3
v 11 3
v 12 3
v 13 3
v 14 3
v 15 3
v 16 3
v 17 3
v 18 3
v 19 3
v 20 3
v 21 3
v 22 3
v 23 3
v 24 3
v 25 3
v 26 4
v 27 4
v 28 4
v 29 4
v 30 4
v 31 4
v 32 4
v 33 4
v 34 4
v 35 4
v 36 4
v 37 4
v 38 4
e 6 12 1
e 6 18 1
e 7 38 1
e 8 24 2
e 9 12 1
e 9 13 2
e 9 14 1
e 10 14 2
e 10 15 1
e 10 16 1
e 11 13 1
e 11 15 2
e 11 17 1
e 12 26 1
e 12 27 1
e 13 28 1
e 14 29 1
e 15 30 1
e 18 20 2
e 18 21 1
e 19 22 2
e 19 23 1
e 19 24 1
e 20 22 1
e 20 31 1
e 21 23 2
e 21 32 1
e 22 33 1
e 23 34 1
e 24 25 1
e 25 35 1
e 25 36 1
e 25 37 1
t # 4725
v 0 1
v 1 2
v 2 2
v 3 2
v 4 2
v 5 2
v 6 3
v 7 3
v 8 3
v 9 3
v 10 3
v 11 3
v 12 4
v 13 4
v 14 4
v 15 4
v 16 4
v 17 4
v 18 4
e 0 7 1
e 0 9 1
e 1 6 1
e 1 10 1
e 1 12 1
e 2 8 1
e 2 10 2
e 3 5 1
e 3 7 2
e 4 8 1
e 6 7 1
e 6 8 2
e 9 11 1
e 9 13 1
e 9 14 1
e 10 15 1
e 11 16 1
e 11 17 1
e 11 18 1
t # 4726
v 0 1
v 1 2
v 2 2
v 3 2
v 4 2
v 5 2
v 6 2
v 7 2
v 8 3
v 9 3
v 10 3
v 11 3
v 12 3
v 13 4
v 14 4
v 15 4
v 16 4
v 17 4
v 18 4
v 19 4
v 20 4
v 21 4
e 0 11 2
e 1 2 1
e 1 6 1
e 1 10 1
e 2 3 1
e 2 13 1
e 3 8 2
e 4 8 1
e 4 12 2
e 5 9 2
e 5 12 1
e 6 18 1
e 6 19 1
e 7 11 1
e 7 20 1
e 7 21 1
e 8 9 1
e 9 11 1
e 10 14 1
e 10 15 1
e 10 16 1
e 12 17 1
t # 4727
v 0 11
v 1 11
v 2 1
v 3 2
v 4 2
v 5 2
v 6 2
v 7 2
v 8 2
v 9 2
v 10 3
v 11 3
v 12 3
v 13 3
v 14 3
v 15 3
v 16 3
v 17 3
v 18 4
v 19 4
v 20 4
v 21 4
v 22 4
v 23 4
v 24 4
v 25 4
v 26 4
v 27 4
v 28 4
e 2 13 2
e 3 10 1
e 3 12 1
e 3 18 1
e 4 6 1
e 4 11 1
e 4 19 1
e 5 11 1
e 5 12 2
e 6 14 2
e 7 15 1
e 7 17 1
e 7 21 1
e 8 13 1
e 8 25 1
e 8 26 1
e 9 16 1
e 9 27 1
e 9 28 1
e 10 11 2
e 10 13 1
e 12 20 1
e 14 15 1
e 14 16 1
e 17 22 1
e 17 23 1
e 17 24 1
t # 4728
v 0 11
v 1 1
v 2 1
v 3 1
v 4 2
v 5 2
v 6 2
v 7 2
v 8 2
v 9 2
v 10 3
v 11 3
v 12 3
v 13 3
v 14 3
v 15 3
v 16 3
v 17 4
v 18 4
v 19 4
v 20 4
v 21 4
v 22 4
v 23 4
v 24 4
v 25 4
v 26 4
e 0 11 1
e 1 12 1
e 1 24 1
e 2 12 2
e 3 15 2
e 4 10 1
e 4 20 1
e 4 21 1
e 5 6 1
e 5 22 1
e 6 13 2
e 7 13 1
e 7 16 2
e 8 14 2
e 8 16 1
e 9 15 1
e 9 25 1
e 9 26 1
e 10 11 1
e 10 12 1
e 10 17 1
e 11 18 1
e 11 19 1
e 13 14 1
e 14 15 1
e 16 23 1
t # 4729
v 0 1
v 1 1
v 2 2
v 3 2
v 4 2
v 5 2
v 6 2
v 7 2
v 8 2
v 9 3
v 10 3
v 11 3
v 12 3
v 13 4
v 14 4
v 15 4
v 16 4
v 17 4
v 18 4
v 19 4
e 2 3 1
e 2 8 1
e 2 11 1
e 3 4 1
e 3 13 1
e 4 9 2
e 5 9 1
e 5 12 2
e 6 10 2
e 6 12 1
e 7 10 1
e 8 18 1
e 8 19 1
e 9 10 1
e 11 14 1
e 11 15 1
e 11 16 1
e 12 17 1
t # 4730
v 0 12
v 1 1
v 2 1
v 3 2
v 4 2
v 5 2
v 6 3
v 7 3
v 8 3
v 9 3
v 10 3
v 11 3
v 12 3
v 13 3
v 14 3
v 15 3
v 16 3
v 17 3
v 18 3
v 19 3
v 20 3
v 21 3
v 22 3
v 23 3
v 24 3
v 25 3
v 26 4
v 27 4
v 28 4
v 29 4
v 30 4
v 31 4
v 32 4
v 33 4
v 34 4
v 35 4
v 36 4
v 37 4
v 38 4
v 39 4
e 0 23 1
e 1 18 1
e 1 39 1
e 2 22 2
e 3 6 1
e 3 8 1
e 3 26 1
e 4 7 1
e 4 8 1
e 4 27 1
e 5 17 1
e 5 25 2
e 6 7 2
e 6 9 1
e 7 11 1
e 8 10 2
e 9 12 2
e 9 13 1
e 10 14 1
e 10 15 1
e 11 16 1
e 11 17 2
e 12 19 1
e 12 28 1
e 13 20 2
e 13 29 1
e 14 18 2
e 14 30 1
e 15 21 2
e 15 31 1
e 16 24 2
e 16 32 1
e 17 33 1
e 18 22 1
e 19 23 2
e 19 34 1
e 20 23 1
e 20 35 1
e 21 22 1
e 21 36 1
e 24 25 1
e 24 37 1
e 25 38 1
t # 4731
v 0 14
v 1 1
v 2 2
v 3 2
v 4 2
v 5 3
v 6 3
v 7 3
v 8 3
v 9 3
v 10 3
v 11 3
v 12 3
v 13 3
v 14 3
v 15 3
v 16 3
v 17 3
v 18 3
v 19 3
v 20 3
v 21 3
v 22 3
v 23 3
v 24 3
v 25 4
v 26 4
v 27 4
v 28 4
v 29 4
v 30 4
v 31 4
v 32 4
v 33 4
v 34 4
v 35 4
v 36 4
v 37 4
v 38 4
e 1 23 2
e 2 5 1
e 2 7 1
e 2 25 1
e 3 6 1
e 3 7 1
e 3 26 1
e 4 16 1
e 4 24 2
e 5 6 2
e 5 8 1
e 6 9 1
e 7 10 2
e 8 11 2
e 8 12 1
e 9 15 1
e 9 16 2
e 10 13 1
e 10 14 1
e 11 17 1
e 11 27 1
e 12 18 2
e 12 28 1
e 13 19 2
e 13 29 1
e 14 20 2
e 14 30 1
e 15 22 2
e 15 31 1
e 16 32 1
e 17 21 2
e 17 33 1
e 18 21 1
e 18 34 1
e 19 23 1
e 19 35 1
e 20 23 1
e 20 36 1
e 22 24 1
e 22 37 1
e 24 38 1
t # 4732
v 0 12
v 1 1
v 2 2
v 3 2
v 4 2
v 5 3
v 6 3
v 7 3
v 8 3
v 9 3
v 10 3
v 11 3
v 12 3
v 13 3
v 14 3
v 15 3
v 16 3
v 17 3
v 18 3
v 19 3
v 20 3
v 21 3
v 22 3
v 23 3
v 24 3
v 25 4
v 26 4
v 27 4
v 28 4
v 29 4
v 30 4
v 31 4
v 32 4
v 33 4
v 34 4
v 35 4
v 36 4
v 37 4
v 38 4
e 0 21 1
e 1 23 2
e 2 5 1
e 2 7 1
e 2 25 1
e 3 6 1
e 3 7 1
e 3 26 1
e 4 16 1
e 4 24 2
e 5 6 2
e 5 8 1
e 6 9 1
e 7 10 2
e 8 11 2
e 8 12 1
e 9 15 1
e 9 16 2
e 10 13 1
e 10 14 1
e 11 17 1
e 11 27 1
e 12 18 2
e 12 28 1
e 13 19 2
e 13 29 1
e 14 20 2
e 14 30 1
e 15 22 2
e 15 31 1
e 16 32 1
e 17 21 2
e 17 33 1
e 18 21 1
e 18 34 1
e 19 23 1
e 19 35 1
e 20 23 1
e 20 36 1
e 22 24 1
e 22 37 1
e 24 38 1
t # 4733
v 0 1
v 1 1
v 2 2
v 3 2
v 4 2
v 5 2
v 6 2
v 7 2
v 8 2
v 9 3
v 10 3
v 11 3
v 12 3
v 13 3
v 14 3
v 15 3
v 16 3
v 17 3
v 18 3
v 19 3
v 20 3
v 21 3
v 22 3
v 23 4
v 24 4
v 25 4
v 26 4
v 27 4
v 28 4
v 29 4
v 30 4
v 31 4
v 32 4
v 33 4
v 34 4
v 35 4
e 0 18 2
e 1 20 2
e 2 9 1
e 2 18 1
e 2 25 1
e 3 13 1
e 3 19 1
e 3 31 1
e 4 6 1
e 4 14 1
e 4 32 1
e 5 14 1
e 5 19 2
e 6 21 2
e 7 20 1
e 7 34 1
e 7 35 1
e 9 10 1
e 9 11 2
e 10 12 2
e 10 15 1
e 11 16 1
e 11 23 1
e 12 17 1
e 12 24 1
e 13 14 2
e 13 20 1
e 15 26 1
e 15 27 1
e 15 28 1
e 16 17 2
e 16 29 1
e 17 30 1
e 18 21 1
e 19 33 1
e 21 22 1
t # 4734
v 0 1
v 1 1
v 2 2
v 3 2
v 4 2
v 5 2
v 6 2
v 7 2
v 8 2
v 9 3
v 10 3
v 11 3
v 12 3
v 13 3
v 14 3
v 15 3
v 16 3
v 17 3
v 18 3
v 19 3
v 20 3
v 21 3
v 22 4
v 23 4
v 24 4
v 25 4
v 26 4
v 27 4
v 28 4
v 29 4
v 30 4
v 31 4
v 32 4
e 0 13 2
e 1 18 2
e 2 9 1
e 2 12 1
e 2 22 1
e 3 6 1
e 3 10 1
e 3 24 1
e 4 10 1
e 4 12 2
e 5 11 1
e 5 18 1
e 5 25 1
e 6 20 2
e 7 13 1
e 7 31 1
e 7 32 1
e 9 10 2
e 9 13 1
e 11 14 2
e 11 15 1
e 12 23 1
e 14 16 1
e 14 26 1
e 15 17 2
e 15 27 1
e 16 19 2
e 16 28 1
e 17 19 1
e 17 29 1
e 18 20 1
e 19 30 1
e 20 21 1
t # 4735
v 0 1
v 1 1
v 2 2
v 3 2
v 4 2
v 5 3
v 6 3
v 7 3
v 8 3
v 9 3
v 10 3
v 11 3
v 12 3
v 13 3
v 14 3
v 15 3
v 16 3
v 17 3
v 18 3
v 19 3
v 20 3
v 21 4
v 22 4
v 23 4
v 24 4
v 25 4
v 26 4
v 27 4
v 28 4
v 29 4
v 30 4
v 31 4
v 32 4
v 33 4
e 0 11 2
e 1 13 2
e 2 3 1
e 2 6 1
e 2 23 1
e 3 13 1
e 3 26 1
e 4 7 2
e 4 11 1
e 5 6 2
e 5 7 1
e 5 10 1
e 6 11 1
e 7 12 1
e 8 9 1
e 8 13 1
e 8 21 1
e 8 22 1
e 9 16 2
e 9 17 1
e 10 14 2
e 10 24 1
e 12 15 2
e 12 25 1
e 14 15 1
e 14 27 1
e 15 28 1
e 16 18 1
e 16 29 1
e 17 19 2
e 17 30 1
e 18 20 2
e 18 31 1
e 19 20 1
e 19 32 1
e 20 33 1
t # 4736
v 0 11
v 1 14
v 2 14
v 3 14
v 4 1
v 5 1
v 6 2
v 7 2
v 8 3
v 9 3
v 10 3
v 11 3
v 12 3
v 13 3
v 14 3
v 15 3
v 16 3
v 17 3
v 18 4
v 19 4
v 20 4
v 21 4
v 22 4
v 23 4
v 24 4
v 25 4
v 26 4
e 0 11 1
e 0 14 1
e 4 17 1
e 5 15 2
e 6 8 1
e 6 15 1
e 6 21 1
e 7 12 2
e 8 9 1
e 8 10 1
e 8 18 1
e 9 12 1
e 9 19 1
e 9 20 1
e 10 11 2
e 10 13 1
e 11 12 1
e 13 14 2
e 13 22 1
e 14 23 1
e 15 16 1
e 17 24 1
e 17 25 1
e 17 26 1
t # 4737
v 0 11
v 1 1
v 2 1
v 3 1
v 4 1
v 5 2
v 6 2
v 7 2
v 8 3
v 9 3
v 10 3
v 11 3
v 12 3
v 13 3
v 14 3
v 15 3
v 16 3
v 17 3
v 18 3
v 19 3
v 20 3
v 21 3
v 22 3
v 23 4
v 24 4
v 25 4
v 26 4
v 27 4
v 28 4
v 29 4
v 30 4
v 31 4
v 32 4
v 33 4
v 34 4
v 35 4
v 36 4
v 37 4
v 38 4
v 39 4
v 40 4
v 41 4
v 42 4
v 43 4
e 0 11 1
e 0 14 1
e 1 16 1
e 1 21 1
e 2 22 1
e 3 15 2
e 4 21 2
e 5 8 1
e 5 15 1
e 5 26 1
e 6 12 2
e 7 17 1
e 7 21 1
e 7 40 1
e 8 9 1
e 8 10 1
e 8 23 1
e 9 12 1
e 9 24 1
e 9 25 1
e 10 11 2
e 10 13 1
e 11 12 1
e 13 14 2
e 13 27 1
e 14 28 1
e 15 17 1
e 16 18 1
e 16 19 1
e 16 20 1
e 17 29 1
e 17 30 1
e 18 31 1
e 18 32 1
e 18 33 1
e 19 34 1
e 19 35 1
e 19 36 1
e 20 37 1
e 20 38 1
e 20 39 1
e 22 41 1
e 22 42 1
e 22 43 1
t # 4738
v 0 11
v 1 1
v 2 1
v 3 1
v 4 1
v 5 2
v 6 2
v 7 2
v 8 3
v 9 3
v 10 3
v 11 3
v 12 3
v 13 3
v 14 3
v 15 3
v 16 3
v 17 3
v 18 3
v 19 3
v 20 3
v 21 3
v 22 4
v 23 4
v 24 4
v 25 4
v 26 4
v 27 4
v 28 4
v 29 4
v 30 4
v 31 4
v 32 4
v 33 4
v 34 4
v 35 4
v 36 4
v 37 4
v 38 4
v 39 4
v 40 4
e 0 11 1
e 0 15 1
e 1 14 1
e 1 21 1
e 2 16 2
e 3 40 1
e 4 21 2
e 5 8 1
e 5 16 1
e 5 25 1
e 6 12 2
e 7 17 1
e 7 21 1
e 7 39 1
e 8 9 1
e 8 10 1
e 8 22 1
e 9 12 1
e 9 23 1
e 9 24 1
e 10 11 2
e 10 13 1
e 11 12 1
e 13 15 2
e 13 26 1
e 14 18 1
e 14 19 1
e 14 20 1
e 15 27 1
e 16 17 1
e 17 28 1
e 17 29 1
e 18 30 1
e 18 31 1
e 18 32 1
e 19 33 1
e 19 34 1
e 19 35 1
e 20 36 1
e 20 37 1
e 20 38 1
t # 4739
v 0 1
v 1 1
v 2 1
v 3 1
v 4 1
v 5 3
v 6 3
v 7 3
v 8 3
v 9 3
v 10 3
v 11 3
v 12 3
v 13 3
v 14 3
v 15 3
v 16 3
v 17 3
v 18 4
v 19 4
v 20 4
v 21 4
v 22 4
v 23 4
v 24 4
v 25 4
v 26 4
v 27 4
v 28 4
v 29 4
e 0 8 1
e 0 16 1
e 1 10 1
e 1 28 1
e 2 13 1
e 2 29 1
e 3 16 2
e 4 17 2
e 5 6 1
e 5 7 1
e 5 11 2
e 6 9 1
e 6 18 1
e 6 19 1
e 7 8 1
e 7 10 2
e 8 12 2
e 9 15 1
e 9 20 1
e 9 21 1
e 10 14 1
e 11 16 1
e 11 22 1
e 12 13 1
e 12 17 1
e 13 14 2
e 14 23 1
e 15 24 1
e 15 25 1
e 15 26 1
e 17 27 1
t # 4740
v 0 11
v 1 2
v 2 2
v 3 2
v 4 3
v 5 3
v 6 3
v 7 3
v 8 3
v 9 3
v 10 3
v 11 3
v 12 3
v 13 3
v 14 3
v 15 3
v 16 3
v 17 3
v 18 3
v 19 3
v 20 3
v 21 3
v 22 3
v 23 4
v 24 4
v 25 4
v 26 4
v 27 4
v 28 4
v 29 4
v 30 4
v 31 4
v 32 4
v 33 4
v 34 4
v 35 4
v 36 4
v 37 4
v 38 4
v 39 4
v 40 4
v 41 4
v 42 4
v 43 4
v 44 4
v 45 4
e 0 15 1
e 0 17 1
e 1 2 1
e 1 14 2
e 2 15 2
e 3 15 1
e 3 16 1
e 3 18 1
e 4 5 1
e 4 6 1
e 4 7 1
e 4 11 1
e 5 8 1
e 5 23 1
e 5 24 1
e 6 9 1
e 6 13 2
e 7 12 1
e 7 25 1
e 7 26 1
e 8 10 1
e 8 27 1
e 8 28 1
e 9 10 1
e 9 29 1
e 9 30 1
e 10 31 1
e 10 32 1
e 11 33 1
e 11 34 1
e 11 35 1
e 12 14 1
e 12 36 1
e 12 37 1
e 13 14 1
e 13 38 1
e 16 17 1
e 16 19 2
e 17 20 2
e 18 39 1
e 18 40 1
e 18 41 1
e 19 21 1
e 19 42 1
e 20 22 1
e 20 43 1
e 21 22 2
e 21 44 1
e 22 45 1
t # 4741
v 0 1
v 1 1
v 2 2
v 3 2
v 4 2
v 5 3
v 6 3
v 7 3
v 8 3
v 9 3
v 10 3
v 11 3
v 12 3
v 13 3
v 14 3
v 15 3
v 16 4
v 17 4
v 18 4
v 19 4
v 20 4
v 21 4
v 22 4
v 23 4
v 24 4
v 25 4
v 26 4
e 0 10 2
e 1 14 2
e 2 6 1
e 2 10 1
e 2 18 1
e 3 6 1
e 3 11 2
e 4 11 1
e 4 14 1
e 4 23 1
e 5 6 2
e 5 8 1
e 5 9 1
e 7 8 2
e 7 10 1
e 7 13 1
e 8 16 1
e 9 12 2
e 9 17 1
e 11 12 1
e 12 19 1
e 13 20 1
e 13 21 1
e 13 22 1
e 14 15 1
e 15 24 1
e 15 25 1
e 15 26 1
t # 4742
v 0 1
v 1 2
v 2 2
v 3 2
v 4 3
v 5 3
v 6 3
v 7 3
v 8 3
v 9 3
v 10 3
v 11 3
v 12 3
v 13 4
v 14 4
v 15 4
v 16 4
v 17 4
v 18 4
v 19 4
v 20 4
v 21 4
e 0 8 2
e 1 5 1
e 1 8 1
e 1 14 1
e 2 5 1
e 2 12 2
e 3 12 1
e 3 20 1
e 3 21 1
e 4 5 2
e 4 7 1
e 4 9 1
e 6 7 2
e 6 8 1
e 6 10 1
e 7 13 1
e 9 11 2
e 9 15 1
e 10 16 1
e 10 17 1
e 10 18 1
e 11 12 1
e 11 19 1
t # 4743
v 0 1
v 1 2
v 2 2
v 3 2
v 4 2
v 5 3
v 6 3
v 7 3
v 8 3
v 9 3
v 10 3
v 11 3
v 12 3
v 13 3
v 14 3
v 15 3
v 16 3
v 17 4
v 18 4
v 19 4
v 20 4
v 21 4
v 22 4
v 23 4
v 24 4
e 0 11 2
e 1 5 1
e 1 7 1
e 1 17 1
e 5 6 2
e 5 10 1
e 6 8 1
e 6 11 1
e 7 9 1
e 7 12 2
e 8 9 2
e 8 18 1
e 9 14 1
e 10 19 1
e 10 20 1
e 10 21 1
e 11 13 1
e 12 15 1
e 12 16 1
e 13 22 1
e 13 23 1
e 13 24 1
t # 4744
v 0 1
v 1 1
v 2 2
v 3 2
v 4 3
v 5 3
v 6 3
v 7 3
v 8 3
v 9 3
v 10 3
v 11 3
v 12 3
v 13 3
v 14 3
v 15 4
v 16 4
v 17 4
v 18 4
v 19 4
v 20 4
v 21 4
v 22 4
v 23 4
v 24 4
e 0 4 1
e 0 13 1
e 1 13 1
e 2 14 1
e 4 5 1
e 4 7 1
e 4 15 1
e 5 6 1
e 5 16 1
e 5 17 1
e 6 8 1
e 6 18 1
e 6 19 1
e 7 8 1
e 7 9 2
e 8 10 2
e 9 11 1
e 9 20 1
e 10 12 1
e 10 21 1
e 11 12 2
e 11 22 1
e 12 23 1
e 13 14 2
e 14 24 1
t # 4745
v 0 1
v 1 1
v 2 1
v 3 1
v 4 2
v 5 2
v 6 3
v 7 3
v 8 3
v 9 3
v 10 3
v 11 3
v 12 3
v 13 3
v 14 4
v 15 4
v 16 4
v 17 4
v 18 4
v 19 4
v 20 4
v 21 4
v 22 4
v 23 4
v 24 4
v 25 4
e 0 6 1
e 0 7 1
e 1 6 1
e 1 8 1
e 2 9 1
e 2 12 1
e 3 12 1
e 4 13 1
e 6 10 1
e 6 11 1
e 7 8 1
e 7 9 1
e 7 14 1
e 8 15 1
e 8 16 1
e 9 17 1
e 9 18 1
e 10 19 1
e 10 20 1
e 10 21 1
e 11 22 1
e 11 23 1
e 11 24 1
e 12 13 2
e 13 25 1
t # 4746
v 0 1
v 1 1
v 2 1
v 3 1
v 4 2
v 5 2
v 6 3
v 7 3
v 8 3
v 9 3
v 10 3
v 11 3
v 12 3
v 13 3
v 14 3
v 15 3
v 16 3
v 17 3
v 18 3
v 19 3
v 20 3
v 21 3
v 22 3
v 23 3
v 24 4
v 25 4
v 26 4
v 27 4
v 28 4
v 29 4
v 30 4
v 31 4
v 32 4
v 33 4
v 34 4
v 35 4
e 0 6 1
e 1 7 1
e 2 22 2
e 3 23 2
e 4 8 1
e 4 26 1
e 5 9 1
e 5 27 1
e 6 7 1
e 6 10 2
e 7 11 2
e 8 10 1
e 8 12 2
e 9 11 1
e 9 13 2
e 10 24 1
e 11 25 1
e 12 14 1
e 12 15 1
e 13 16 1
e 13 17 1
e 14 18 2
e 14 28 1
e 15 19 2
e 15 29 1
e 16 20 2
e 16 30 1
e 17 21 2
e 17 31 1
e 18 22 1
e 18 32 1
e 19 22 1
e 19 33 1
e 20 23 1
e 20 34 1
e 21 23 1
e 21 35 1
t # 4747
v 0 18
v 1 18
v 2 2
v 3 2
v 4 2
v 5 2
v 6 2
v 7 3
v 8 3
v 9 3
v 10 3
v 11 3
v 12 3
v 13 3
v 14 3
v 15 3
v 16 3
v 17 3
v 18 3
v 19 3
v 20 3
v 21 3
v 22 3
v 23 3
v 24 3
v 25 3
v 26 3
v 27 3
v 28 4
v 29 4
v 30 4
v 31 4
v 32 4
v 33 4
v 34 4
v 35 4
v 36 4
v 37 4
v 38 4
v 39 4
v 40 4
v 41 4
v 42 4
v 43 4
v 44 4
v 45 4
v 46 4
e 2 7 2
e 2 8 1
e 3 5 1
e 3 16 1
e 3 37 1
e 4 6 1
e 4 17 1
e 4 38 1
e 5 9 2
e 6 10 2
e 7 9 1
e 7 11 1
e 8 10 1
e 8 12 2
e 9 14 1
e 10 15 1
e 11 13 2
e 11 28 1
e 12 13 1
e 12 29 1
e 13 30 1
e 14 31 1
e 14 32 1
e 14 33 1
e 15 34 1
e 15 35 1
e 15 36 1
e 16 18 1
e 16 19 2
e 17 20 1
e 17 21 2
e 18 22 2
e 19 23 1
e 19 39 1
e 20 24 2
e 21 25 1
e 21 40 1
e 22 26 1
e 22 41 1
e 23 26 2
e 23 42 1
e 24 27 1
e 24 43 1
e 25 27 2
e 25 44 1
e 26 45 1
e 27 46 1
t # 4748
v 0 1
v 1 1
v 2 1
v 3 1
v 4 1
v 5 1
v 6 1
v 7 3
v 8 3
v 9 3
v 10 3
v 11 3
v 12 3
v 13 3
v 14 3
v 15 3
v 16 3
v 17 3
v 18 3
v 19 3
v 20 3
v 21 3
v 22 3
v 23 3
v 24 3
v 25 4
v 26 4
v 27 4
v 28 4
v 29 4
v 30 4
v 31 4
v 32 4
v 33 4
v 34 4
v 35 4
v 36 4
v 37 4
v 38 4
e 0 7 1
e 0 10 1
e 1 13 1
e 1 22 1
e 2 15 1
e 2 22 1
e 3 11 1
e 3 23 1
e 4 20 1
e 4 24 1
e 5 17 1
e 5 32 1
e 6 12 2
e 7 8 1
e 7 11 2
e 8 14 2
e 8 16 1
e 9 10 1
e 9 12 1
e 9 17 2
e 10 18 2
e 11 12 1
e 13 14 1
e 13 15 2
e 14 25 1
e 15 19 1
e 16 19 2
e 16 26 1
e 17 21 1
e 18 20 1
e 18 27 1
e 19 28 1
e 20 21 2
e 21 29 1
e 22 30 1
e 22 31 1
e 23 33 1
e 23 34 1
e 23 35 1
e 24 36 1
e 24 37 1
e 24 38 1
t # 4749
v 0 1
v 1 2
v 2 3
v 3 3
v 4 3
v 5 3
v 6 3
v 7 3
v 8 3
v 9 3
v 10 3
v 11 3
v 12 3
v 13 3
v 14 4
v 15 4
v 16 4
v 17 4
v 18 4
v 19 4
v 20 4
v 21 4
v 22 4
v 23 4
v 24 4
v 25 4
v 26 4
e 0 26 1
e 1 13 2
e 2 3 1
e 2 4 1
e 2 10 2
e 3 5 1
e 3 11 2
e 4 6 1
e 4 14 1
e 4 15 1
e 5 6 1
e 5 16 1
e 5 17 1
e 6 18 1
e 6 19 1
e 7 8 2
e 7 9 1
e 7 10 1
e 8 11 1
e 8 13 1
e 9 12 1
e 9 20 1
e 9 21 1
e 10 22 1
e 11 23 1
e 12 13 1
e 12 24 1
e 12 25 1
t # 4750
v 0 2
v 1 2
v 2 2
v 3 2
v 4 2
v 5 2
v 6 2
v 7 2
v 8 2
v 9 3
v 10 3
v 11 3
v 12 3
v 13 3
v 14 3
v 15 3
v 16 3
v 17 3
v 18 3
v 19 3
v 20 3
v 21 3
v 22 3
v 23 3
v 24 3
v 25 3
v 26 3
v 27 3
v 28 4
v 29 4
v 30 4
v 31 4
v 32 4
v 33 4
v 34 4
v 35 4
v 36 4
v 37 4
v 38 4
v 39 4
v 40 4
v 41 4
v 42 4
e 0 1 1
e 0 9 1
e 0 11 1
e 1 12 2
e 2 9 2
e 2 14 1
e 3 11 2
e 3 15 1
e 4 6 1
e 4 10 2
e 5 12 1
e 5 28 1
e 5 29 1
e 6 16 1
e 6 30 1
e 7 14 1
e 7 31 1
e 7 32 1
e 9 10 1
e 10 12 1
e 11 13 1
e 13 14 2
e 13 19 1
e 15 17 2
e 15 18 1
e 16 20 2
e 16 21 1
e 17 22 1
e 17 33 1
e 18 23 2
e 18 34 1
e 20 25 1
e 20 35 1
e 21 26 2
e 21 36 1
e 22 24 2
e 22 37 1
e 23 24 1
e 23 38 1
e 24 39 1
e 25 27 2
e 25 40 1
e 26 27 1
e 26 41 1
e 27 42 1
t # 4751
v 0 1
v 1 1
v 2 1
v 3 2
v 4 2
v 5 3
v 6 3
v 7 3
v 8 3
v 9 3
v 10 3
v 11 3
v 12 3
v 13 3
v 14 3
v 15 3
v 16 3
v 17 3
v 18 3
v 19 3
v 20 3
v 21 3
v 22 3
v 23 3
v 24 3
v 25 3
v 26 3
v 27 3
v 28 3
v 29 3
v 30 3
v 31 3
v 32 3
v 33 3
v 34 4
v 35 4
v 36 4
v 37 4
v 38 4
v 39 4
v 40 4
v 41 4
v 42 4
v 43 4
v 44 4
v 45 4
v 46 4
v 47 4
v 48 4
v 49 4
v 50 4
v 51 4
v 52 4
v 53 4
v 54 4
v 55 4
v 56 4
v 57 4
v 58 4
v 59 4
v 60 4
v 61 4
v 62 4
v 63 4
e 0 9 2
e 1 16 1
e 1 50 1
e 2 17 1
e 2 51 1
e 3 22 1
e 3 30 1
e 3 31 1
e 4 23 1
e 4 32 1
e 4 33 1
e 5 7 1
e 5 9 1
e 5 12 2
e 6 8 1
e 6 9 1
e 6 13 2
e 7 14 1
e 7 34 1
e 7 35 1
e 8 15 1
e 8 36 1
e 8 37 1
e 10 11 1
e 10 12 1
e 10 16 2
e 11 13 1
e 11 17 2
e 12 38 1
e 13 39 1
e 14 18 2
e 14 20 1
e 15 19 2
e 15 21 1
e 16 24 1
e 17 25 1
e 18 26 1
e 18 40 1
e 19 27 1
e 19 41 1
e 20 28 2
e 20 42 1
e 21 29 2
e 21 43 1
e 22 26 2
e 22 28 1
e 23 27 2
e 23 29 1
e 24 25 2
e 24 44 1
e 25 45 1
e 26 46 1
e 27 47 1
e 28 48 1
e 29 49 1
e 30 52 1
e 30 53 1
e 30 54 1
e 31 55 1
e 31 56 1
e 31 57 1
e 32 58 1
e 32 59 1
e 32 60 1
e 33 61 1
e 33 62 1
e 33 63 1
t # 4752
v 0 1
v 1 1
v 2 2
v 3 2
v 4 2
v 5 2
v 6 3
v 7 3
v 8 3
v 9 3
v 10 3
v 11 3
v 12 3
v 13 4
v 14 4
v 15 4
v 16 4
v 17 4
v 18 4
v 19 4
v 20 4
v 21 4
v 22 4
v 23 4
v 24 4
e 0 9 2
e 1 12 1
e 1 24 1
e 2 6 1
e 2 8 1
e 2 9 1
e 3 4 1
e 3 9 1
e 3 11 1
e 4 8 1
e 4 19 1
e 5 8 2
e 5 10 1
e 6 7 1
e 6 13 1
e 6 14 1
e 7 10 1
e 7 15 1
e 7 16 1
e 10 17 1
e 10 18 1
e 11 12 1
e 11 20 1
e 11 21 1
e 12 22 1
e 12 23 1
t # 4753
v 0 11
v 1 1
v 2 1
v 3 1
v 4 1
v 5 2
v 6 2
v 7 3
v 8 3
v 9 3
v 10 3
v 11 3
v 12 3
v 13 3
v 14 3
v 15 3
v 16 3
v 17 3
v 18 3
v 19 3
v 20 3
v 21 3
v 22 3
v 23 3
v 24 3
v 25 3
v 26 3
v 27 3
v 28 3
v 29 3
v 30 3
v 31 3
v 32 3
v 33 3
v 34 3
v 35 3
v 36 4
v 37 4
v 38 4
v 39 4
v 40 4
v 41 4
v 42 4
v 43 4
v 44 4
v 45 4
v 46 4
v 47 4
v 48 4
v 49 4
v 50 4
v 51 4
v 52 4
v 53 4
v 54 4
v 55 4
v 56 4
v 57 4
v 58 4
v 59 4
v 60 4
v 61 4
v 62 4
v 63 4
v 64 4
v 65 4
v 66 4
v 67 4
v 68 4
v 69 4
e 0 18 1
e 0 19 1
e 1 20 2
e 2 23 1
e 2 25 1
e 3 23 2
e 4 33 1
e 4 69 1
e 5 17 1
e 5 19 2
e 6 19 1
e 6 20 1
e 6 52 1
e 7 11 1
e 7 12 1
e 7 13 1
e 7 17 1
e 8 11 1
e 8 14 1
e 8 15 1
e 8 36 1
e 9 12 1
e 9 14 1
e 9 16 1
e 9 37 1
e 10 13 1
e 10 15 1
e 10 16 1
e 10 38 1
e 11 39 1
e 11 40 1
e 12 41 1
e 12 42 1
e 13 43 1
e 13 44 1
e 14 45 1
e 14 46 1
e 15 47 1
e 15 48 1
e 16 49 1
e 16 50 1
e 17 18 2
e 18 51 1
e 20 21 1
e 21 22 2
e 21 23 1
e 22 24 1
e 22 53 1
e 24 25 1
e 24 26 2
e 25 32 2
e 26 27 1
e 26 58 1
e 27 28 1
e 27 33 2
e 28 29 1
e 28 54 1
e 28 55 1
e 29 30 1
e 29 56 1
e 29 57 1
e 30 31 1
e 30 59 1
e 30 60 1
e 31 34 1
e 31 61 1
e 31 62 1
e 32 33 1
e 32 63 1
e 34 35 1
e 34 64 1
e 34 65 1
e 35 66 1
e 35 67 1
e 35 68 1
t # 4754
v 0 11
v 1 1
v 2 1
v 3 1
v 4 1
v 5 2
v 6 2
v 7 3
v 8 3
v 9 3
v 10 3
v 11 3
v 12 3
v 13 3
v 14 3
v 15 3
v 16 3
v 17 3
v 18 3
v 19 3
v 20 3
v 21 3
v 22 3
v 23 3
v 24 3
v 25 3
v 26 3
v 27 3
v 28 3
v 29 3
v 30 4
v 31 4
v 32 4
v 33 4
v 34 4
v 35 4
v 36 4
v 37 4
v 38 4
v 39 4
v 40 4
v 41 4
v 42 4
v 43 4
v 44 4
v 45 4
v 46 4
v 47 4
v 48 4
v 49 4
v 50 4
v 51 4
e 0 18 1
e 0 19 1
e 1 20 2
e 2 23 1
e 2 25 1
e 3 23 2
e 4 29 1
e 4 51 1
e 5 17 1
e 5 19 2
e 6 19 1
e 6 20 1
e 6 46 1
e 7 11 1
e 7 12 1
e 7 13 1
e 7 17 1
e 8 11 1
e 8 14 1
e 8 15 1
e 8 30 1
e 9 12 1
e 9 14 1
e 9 16 1
e 9 31 1
e 10 13 1
e 10 15 1
e 10 16 1
e 10 32 1
e 11 33 1
e 11 34 1
e 12 35 1
e 12 36 1
e 13 37 1
e 13 38 1
e 14 39 1
e 14 40 1
e 15 41 1
e 15 42 1
e 16 43 1
e 16 44 1
e 17 18 2
e 18 45 1
e 20 21 1
e 21 22 2
e 21 23 1
e 22 24 1
e 22 47 1
e 24 25 2
e 24 26 1
e 25 27 1
e 26 28 2
e 26 48 1
e 27 29 2
e 27 49 1
e 28 29 1
e 28 50 1
t # 4755
v 0 14
v 1 1
v 2 1
v 3 2
v 4 2
v 5 3
v 6 3
v 7 3
v 8 3
v 9 3
v 10 3
v 11 3
v 12 3
v 13 3
v 14 3
v 15 3
v 16 3
v 17 3
v 18 3
v 19 3
v 20 3
v 21 3
v 22 3
v 23 4
v 24 4
v 25 4
v 26 4
v 27 4
v 28 4
v 29 4
v 30 4
v 31 4
v 32 4
v 33 4
v 34 4
v 35 4
v 36 4
v 37 4
v 38 4
v 39 4
e 1 6 1
e 1 8 1
e 2 13 2
e 3 4 1
e 3 11 2
e 4 17 1
e 4 35 1
e 5 6 2
e 5 12 1
e 5 13 1
e 6 14 1
e 7 8 1
e 7 11 1
e 7 23 1
e 7 24 1
e 8 25 1
e 8 26 1
e 9 10 1
e 9 12 2
e 9 15 1
e 10 14 2
e 10 16 1
e 11 13 1
e 12 27 1
e 14 28 1
e 15 29 1
e 15 30 1
e 15 31 1
e 16 32 1
e 16 33 1
e 16 34 1
e 17 18 2
e 17 19 1
e 18 20 1
e 18 36 1
e 19 21 2
e 19 37 1
e 20 22 2
e 20 38 1
e 21 22 1
e 21 39 1
t # 4756
v 0 1
v 1 1
v 2 1
v 3 2
v 4 2
v 5 3
v 6 3
v 7 3
v 8 3
v 9 3
v 10 3
v 11 3
v 12 3
v 13 3
v 14 3
v 15 3
v 16 3
v 17 3
v 18 3
v 19 3
v 20 3
v 21 3
v 22 3
v 23 4
v 24 4
v 25 4
v 26 4
v 27 4
v 28 4
v 29 4
v 30 4
v 31 4
v 32 4
v 33 4
v 34 4
v 35 4
v 36 4
v 37 4
v 38 4
v 39 4
v 40 4
e 0 7 1
e 0 8 1
e 1 10 2
e 2 19 1
e 2 22 1
e 3 4 1
e 3 9 2
e 4 16 1
e 4 33 1
e 5 7 1
e 5 9 1
e 5 23 1
e 5 24 1
e 6 8 2
e 6 10 1
e 6 11 1
e 7 25 1
e 7 26 1
e 8 13 1
e 9 10 1
e 11 12 2
e 11 27 1
e 12 14 1
e 12 15 1
e 13 14 2
e 13 28 1
e 14 29 1
e 15 30 1
e 15 31 1
e 15 32 1
e 16 17 2
e 16 18 1
e 17 20 1
e 17 34 1
e 18 21 2
e 18 35 1
e 19 20 2
e 19 21 1
e 20 36 1
e 21 37 1
e 22 38 1
e 22 39 1
e 22 40 1
t # 4757
v 0 12
v 1 1
v 2 1
v 3 2
v 4 2
v 5 3
v 6 3
v 7 3
v 8 3
v 9 3
v 10 3
v 11 3
v 12 3
v 13 3
v 14 3
v 15 3
v 16 3
v 17 3
v 18 3
v 19 3
v 20 3
v 21 3
v 22 4
v 23 4
v 24 4
v 25 4
v 26 4
v 27 4
v 28 4
v 29 4
v 30 4
v 31 4
v 32 4
v 33 4
v 34 4
v 35 4
v 36 4
e 0 21 1
e 1 7 1
e 1 8 1
e 2 10 2
e 3 4 1
e 3 9 2
e 4 16 1
e 4 32 1
e 5 7 1
e 5 9 1
e 5 22 1
e 5 23 1
e 6 8 2
e 6 10 1
e 6 11 1
e 7 24 1
e 7 25 1
e 8 13 1
e 9 10 1
e 11 12 2
e 11 26 1
e 12 14 1
e 12 15 1
e 13 14 2
e 13 27 1
e 14 28 1
e 15 29 1
e 15 30 1
e 15 31 1
e 16 17 2
e 16 18 1
e 17 19 1
e 17 33 1
e 18 20 2
e 18 34 1
e 19 21 2
e 19 35 1
e 20 21 1
e 20 36 1
t # 4758
v 0 12
v 1 1
v 2 2
v 3 2
v 4 2
v 5 2
v 6 3
v 7 3
v 8 3
v 9 3
v 10 3
v 11 3
v 12 3
v 13 3
v 14 3
v 15 3
v 16 3
v 17 3
v 18 3
v 19 3
v 20 3
v 21 3
v 22 3
v 23 3
v 24 4
v 25 4
v 26 4
v 27 4
v 28 4
v 29 4
v 30 4
v 31 4
v 32 4
v 33 4
v 34 4
v 35 4
v 36 4
v 37 4
v 38 4
v 39 4
v 40 4
v 41 4
v 42 4
v 43 4
v 44 4
v 45 4
v 46 4
e 0 19 1
e 1 10 2
e 2 8 1
e 2 14 1
e 2 15 1
e 3 9 1
e 3 16 1
e 3 17 1
e 4 5 1
e 4 13 2
e 5 18 1
e 5 42 1
e 6 8 1
e 6 10 1
e 6 11 2
e 7 9 1
e 7 10 1
e 7 12 2
e 8 24 1
e 8 25 1
e 9 26 1
e 9 27 1
e 11 13 1
e 11 28 1
e 12 13 1
e 12 29 1
e 14 30 1
e 14 31 1
e 14 32 1
e 15 33 1
e 15 34 1
e 15 35 1
e 16 36 1
e 16 37 1
e 16 38 1
e 17 39 1
e 17 40 1
e 17 41 1
e 18 19 1
e 18 20 2
e 19 21 2
e 20 22 1
e 20 43 1
e 21 23 1
e 21 44 1
e 22 23 2
e 22 45 1
e 23 46 1
t # 4759
v 0 11
v 1 2
v 2 2
v 3 2
v 4 2
v 5 3
v 6 3
v 7 3
v 8 3
v 9 3
v 10 3
v 11 3
v 12 3
v 13 3
v 14 3
v 15 3
v 16 3
v 17 3
v 18 3
v 19 3
v 20 3
v 21 3
v 22 3
v 23 3
v 24 3
v 25 3
v 26 4
v 27 4
v 28 4
v 29 4
v 30 4
v 31 4
v 32 4
v 33 4
v 34 4
v 35 4
v 36 4
v 37 4
v 38 4
v 39 4
v 40 4
v 41 4
v 42 4
v 43 4
v 44 4
v 45 4
v 46 4
v 47 4
e 1 3 1
e 1 19 2
e 2 4 1
e 2 20 2
e 3 25 1
e 3 46 1
e 4 25 1
e 4 47 1
e 5 7 1
e 5 9 2
e 5 11 1
e 6 8 1
e 6 10 2
e 6 12 1
e 7 13 2
e 7 26 1
e 8 14 2
e 8 27 1
e 9 15 1
e 9 28 1
e 10 16 1
e 10 29 1
e 11 17 2
e 11 30 1
e 12 18 2
e 12 31 1
e 13 19 1
e 13 32 1
e 14 20 1
e 14 33 1
e 15 21 2
e 15 34 1
e 16 22 2
e 16 35 1
e 17 21 1
e 17 36 1
e 18 22 1
e 18 37 1
e 19 23 1
e 20 24 1
e 21 38 1
e 22 39 1
e 23 40 1
e 23 41 1
e 23 42 1
e 24 43 1
e 24 44 1
e 24 45 1
t # 4760
v 0 11
v 1 1
v 2 1
v 3 1
v 4 2
v 5 2
v 6 2
v 7 2
v 8 3
v 9 3
v 10 3
v 11 3
v 12 3
v 13 3
v 14 3
v 15 3
v 16 3
v 17 3
v 18 4
v 19 4
v 20 4
v 21 4
v 22 4
v 23 4
v 24 4
v 25 4
v 26 4
v 27 4
v 28 4
v 29 4
e 1 11 2
e 4 6 1
e 4 12 1
e 4 25 1
e 5 13 1
e 5 16 1
e 5 24 1
e 6 16 1
e 6 26 1
e 7 10 1
e 8 9 1
e 8 11 1
e 8 12 2
e 9 10 2
e 9 18 1
e 10 14 1
e 11 15 1
e 12 19 1
e 13 17 1
e 13 20 1
e 13 21 1
e 14 15 2
e 14 22 1
e 15 23 1
e 17 27 1
e 17 28 1
e 17 29 1
t # 4761
v 0 11
v 1 1
v 2 1
v 3 2
v 4 2
v 5 2
v 6 3
v 7 3
v 8 3
v 9 3
v 10 3
v 11 3
v 12 3
v 13 3
v 14 3
v 15 3
v 16 3
v 17 4
v 18 4
v 19 4
v 20 4
v 21 4
v 22 4
v 23 4
v 24 4
v 25 4
v 26 4
v 27 4
v 28 4
v 29 4
v 30 4
v 31 4
e 1 8 1
e 1 16 1
e 2 9 2
e 3 11 1
e 3 14 1
e 3 23 1
e 4 5 1
e 4 10 1
e 4 24 1
e 5 14 1
e 5 25 1
e 6 7 1
e 6 9 1
e 6 10 2
e 7 8 2
e 7 17 1
e 8 12 1
e 9 13 1
e 10 18 1
e 11 15 1
e 11 19 1
e 11 20 1
e 12 13 2
e 12 21 1
e 13 22 1
e 15 26 1
e 15 27 1
e 15 28 1
e 16 29 1
e 16 30 1
e 16 31 1
t # 4762
v 0 1
v 1 1
v 2 2
v 3 2
v 4 2
v 5 2
v 6 2
v 7 2
v 8 2
v 9 3
v 10 3
v 11 3
v 12 3
v 13 3
v 14 3
v 15 3
v 16 3
v 17 3
v 18 3
v 19 3
v 20 3
v 21 3
v 22 3
v 23 3
v 24 4
v 25 4
v 26 4
v 27 4
v 28 4
v 29 4
v 30 4
v 31 4
v 32 4
v 33 4
v 34 4
v 35 4
v 36 4
e 0 12 2
e 1 13 2
e 2 9 1
e 2 12 1
e 2 18 1
e 3 12 1
e 3 13 1
e 3 20 1
e 4 7 1
e 4 11 1
e 4 15 1
e 5 9 2
e 5 17 1
e 6 10 2
e 6 17 1
e 7 8 1
e 7 33 1
e 8 17 2
e 9 10 1
e 10 13 1
e 11 14 1
e 11 19 2
e 14 16 1
e 14 21 2
e 15 16 2
e 15 24 1
e 16 25 1
e 18 26 1
e 18 27 1
e 18 28 1
e 19 22 1
e 19 29 1
e 20 30 1
e 20 31 1
e 20 32 1
e 21 23 1
e 21 34 1
e 22 23 2
e 22 35 1
e 23 36 1
t # 4763
v 0 1
v 1 1
v 2 1
v 3 1
v 4 1
v 5 2
v 6 3
v 7 3
v 8 3
v 9 3
v 10 3
v 11 3
v 12 3
v 13 3
v 14 3
v 15 3
v 16 3
v 17 3
v 18 3
v 19 4
v 20 4
v 21 4
v 22 4
v 23 4
v 24 4
v 25 4
v 26 4
v 27 4
v 28 4
v 29 4
v 30 4
v 31 4
e 0 9 1
e 0 18 1
e 1 11 1
e 1 30 1
e 2 16 1
e 2 31 1
e 3 16 2
e 4 18 2
e 5 6 1
e 5 8 1
e 5 22 1
e 6 7 1
e 6 19 1
e 6 20 1
e 7 9 1
e 7 11 2
e 8 14 1
e 8 16 1
e 8 21 1
e 9 10 2
e 10 12 1
e 10 15 1
e 11 13 1
e 12 13 2
e 12 23 1
e 13 24 1
e 14 25 1
e 14 26 1
e 14 27 1
e 15 17 2
e 15 28 1
e 17 18 1
e 17 29 1
t # 4764
v 0 11
v 1 1
v 2 1
v 3 1
v 4 1
v 5 1
v 6 2
v 7 3
v 8 3
v 9 3
v 10 3
v 11 3
v 12 3
v 13 3
v 14 3
v 15 3
v 16 3
v 17 3
v 18 3
v 19 3
v 20 3
v 21 3
v 22 4
v 23 4
v 24 4
v 25 4
v 26 4
v 27 4
v 28 4
v 29 4
v 30 4
v 31 4
v 32 4
v 33 4
v 34 4
v 35 4
v 36 4
v 37 4
v 38 4
e 0 12 1
e 0 21 1
e 1 11 1
e 1 20 1
e 2 13 1
e 2 34 1
e 3 15 1
e 3 35 1
e 4 15 2
e 5 20 2
e 6 7 1
e 6 9 1
e 6 27 1
e 7 8 1
e 7 15 1
e 7 22 1
e 8 12 1
e 8 23 1
e 8 24 1
e 9 10 1
e 9 25 1
e 9 26 1
e 10 11 1
e 10 13 2
e 11 14 2
e 12 28 1
e 12 29 1
e 13 16 1
e 14 17 1
e 14 18 1
e 16 17 2
e 16 31 1
e 17 30 1
e 18 19 2
e 18 32 1
e 19 20 1
e 19 33 1
e 21 36 1
e 21 37 1
e 21 38 1
t # 4765
v 0 1
v 1 1
v 2 1
v 3 1
v 4 1
v 5 2
v 6 3
v 7 3
v 8 3
v 9 3
v 10 3
v 11 3
v 12 3
v 13 3
v 14 3
v 15 3
v 16 3
v 17 3
v 18 3
v 19 3
v 20 3
v 21 3
v 22 3
v 23 3
v 24 3
v 25 3
v 26 3
v 27 3
v 28 3
v 29 3
v 30 3
v 31 4
v 32 4
v 33 4
v 34 4
v 35 4
v 36 4
v 37 4
v 38 4
v 39 4
v 40 4
v 41 4
v 42 4
v 43 4
v 44 4
v 45 4
v 46 4
v 47 4
v 48 4
v 49 4
v 50 4
v 51 4
e 0 10 1
e 0 20 1
e 1 13 1
e 1 46 1
e 2 17 1
e 2 50 1
e 3 17 2
e 4 20 2
e 5 6 1
e 5 7 1
e 5 36 1
e 6 9 1
e 6 17 1
e 6 31 1
e 7 8 1
e 7 32 1
e 7 33 1
e 8 10 1
e 8 13 2
e 9 14 1
e 9 34 1
e 9 35 1
e 10 11 2
e 11 12 1
e 11 15 1
e 12 18 1
e 12 19 2
e 13 16 1
e 14 21 2
e 14 22 1
e 15 16 2
e 15 37 1
e 16 38 1
e 18 23 2
e 18 24 1
e 19 20 1
e 19 39 1
e 21 25 1
e 21 40 1
e 22 26 2
e 22 41 1
e 23 28 1
e 23 42 1
e 24 29 2
e 24 43 1
e 25 27 2
e 25 44 1
e 26 27 1
e 26 45 1
e 27 47 1
e 28 30 2
e 28 48 1
e 29 30 1
e 29 49 1
e 30 51 1
t # 4766
v 0 1
v 1 1
v 2 1
v 3 1
v 4 1
v 5 2
v 6 3
v 7 3
v 8 3
v 9 3
v 10 3
v 11 3
v 12 3
v 13 3
v 14 3
v 15 3
v 16 3
v 17 3
v 18 3
v 19 3
v 20 3
v 21 3
v 22 3
v 23 3
v 24 3
v 25 4
v 26 4
v 27 4
v 28 4
v 29 4
v 30 4
v 31 4
v 32 4
v 33 4
v 34 4
v 35 4
v 36 4
v 37 4
v 38 4
v 39 4
v 40 4
v 41 4
e 0 7 1
e 0 17 1
e 1 11 1
e 1 37 1
e 2 17 2
e 3 21 1
e 3 41 1
e 4 21 2
e 5 8 1
e 5 12 1
e 5 27 1
e 6 7 1
e 6 8 1
e 6 11 2
e 7 9 2
e 8 25 1
e 8 26 1
e 9 10 1
e 9 13 1
e 10 15 1
e 10 16 2
e 11 14 1
e 12 18 1
e 12 21 1
e 12 28 1
e 13 14 2
e 13 29 1
e 14 30 1
e 15 19 2
e 15 20 1
e 16 17 1
e 16 31 1
e 18 32 1
e 18 33 1
e 18 34 1
e 19 22 1
e 19 35 1
e 20 23 2
e 20 36 1
e 22 24 2
e 22 38 1
e 23 24 1
e 23 39 1
e 24 40 1
t # 4767
v 0 1
v 1 1
v 2 1
v 3 1
v 4 1
v 5 2
v 6 3
v 7 3
v 8 3
v 9 3
v 10 3
v 11 3
v 12 3
v 13 3
v 14 3
v 15 3
v 16 3
v 17 3
v 18 3
v 19 3
v 20 3
v 21 3
v 22 3
v 23 3
v 24 3
v 25 3
v 26 3
v 27 4
v 28 4
v 29 4
v 30 4
v 31 4
v 32 4
v 33 4
v 34 4
v 35 4
v 36 4
v 37 4
v 38 4
v 39 4
v 40 4
v 41 4
v 42 4
v 43 4
v 44 4
v 45 4
v 46 4
v 47 4
e 0 12 1
e 0 21 1
e 1 14 1
e 1 43 1
e 2 15 1
e 2 44 1
e 3 14 2
e 4 21 2
e 5 6 1
e 5 8 1
e 5 31 1
e 6 7 1
e 6 14 1
e 6 27 1
e 7 10 1
e 7 11 1
e 7 28 1
e 8 9 1
e 8 29 1
e 8 30 1
e 9 12 1
e 9 15 2
e 10 32 1
e 10 33 1
e 10 34 1
e 11 35 1
e 11 36 1
e 11 37 1
e 12 13 2
e 13 16 1
e 13 17 1
e 15 18 1
e 16 19 1
e 16 20 2
e 17 18 2
e 17 38 1
e 18 39 1
e 19 22 2
e 19 23 1
e 20 21 1
e 20 40 1
e 22 24 1
e 22 41 1
e 23 25 2
e 23 42 1
e 24 26 2
e 24 45 1
e 25 26 1
e 25 46 1
e 26 47 1
t # 4768
v 0 11
v 1 1
v 2 1
v 3 1
v 4 1
v 5 1
v 6 2
v 7 3
v 8 3
v 9 3
v 10 3
v 11 3
v 12 3
v 13 3
v 14 3
v 15 3
v 16 3
v 17 3
v 18 3
v 19 3
v 20 3
v 21 3
v 22 3
v 23 3
v 24 3
v 25 3
v 26 3
v 27 3
v 28 4
v 29 4
v 30 4
v 31 4
v 32 4
v 33 4
v 34 4
v 35 4
v 36 4
v 37 4
v 38 4
v 39 4
v 40 4
v 41 4
v 42 4
v 43 4
v 44 4
v 45 4
v 46 4
v 47 4
v 48 4
e 0 15 1
e 0 27 1
e 1 11 1
e 1 21 1
e 2 14 1
e 2 41 1
e 3 18 1
e 3 44 1
e 4 18 2
e 5 21 2
e 6 7 1
e 6 8 1
e 6 33 1
e 7 10 1
e 7 18 1
e 7 28 1
e 8 9 1
e 8 29 1
e 8 30 1
e 9 11 1
e 9 14 2
e 10 15 1
e 10 31 1
e 10 32 1
e 11 12 2
e 12 13 1
e 12 16 1
e 13 19 1
e 13 20 2
e 14 17 1
e 15 34 1
e 15 35 1
e 16 17 2
e 16 36 1
e 17 37 1
e 19 22 2
e 19 23 1
e 20 21 1
e 20 38 1
e 22 24 1
e 22 39 1
e 23 25 2
e 23 40 1
e 24 26 2
e 24 42 1
e 25 26 1
e 25 43 1
e 26 45 1
e 27 46 1
e 27 47 1
e 27 48 1
t # 4769
v 0 1
v 1 1
v 2 1
v 3 1
v 4 1
v 5 1
v 6 2
v 7 3
v 8 3
v 9 3
v 10 3
v 11 3
v 12 3
v 13 3
v 14 3
v 15 3
v 16 3
v 17 3
v 18 3
v 19 3
v 20 3
v 21 3
v 22 4
v 23 4
v 24 4
v 25 4
v 26 4
v 27 4
v 28 4
v 29 4
v 30 4
v 31 4
v 32 4
v 33 4
v 34 4
v 35 4
v 36 4
v 37 4
v 38 4
e 0 11 1
e 0 21 1
e 1 10 1
e 1 33 1
e 2 13 1
e 2 37 1
e 3 16 1
e 3 38 1
e 4 16 2
e 5 21 2
e 6 7 1
e 6 8 1
e 6 26 1
e 7 10 1
e 7 16 1
e 7 22 1
e 8 9 1
e 8 23 1
e 8 24 1
e 9 11 1
e 9 13 2
e 10 14 1
e 10 25 1
e 11 12 2
e 12 15 1
e 12 17 1
e 13 18 1
e 14 27 1
e 14 28 1
e 14 29 1
e 15 19 2
e 15 20 1
e 17 18 2
e 17 30 1
e 18 31 1
e 19 21 1
e 19 32 1
e 20 34 1
e 20 35 1
e 20 36 1
t # 4770
v 0 1
v 1 1
v 2 1
v 3 1
v 4 1
v 5 1
v 6 2
v 7 3
v 8 3
v 9 3
v 10 3
v 11 3
v 12 3
v 13 3
v 14 3
v 15 3
v 16 3
v 17 3
v 18 3
v 19 3
v 20 3
v 21 4
v 22 4
v 23 4
v 24 4
v 25 4
v 26 4
v 27 4
v 28 4
v 29 4
v 30 4
v 31 4
v 32 4
v 33 4
v 34 4
v 35 4
e 0 9 1
e 0 20 1
e 1 12 1
e 1 33 1
e 2 16 1
e 2 34 1
e 3 18 1
e 3 35 1
e 4 18 2
e 5 20 2
e 6 8 1
e 6 11 1
e 6 24 1
e 7 8 1
e 7 9 1
e 7 12 2
e 8 21 1
e 8 22 1
e 9 10 2
e 10 13 1
e 10 14 1
e 11 16 1
e 11 18 1
e 11 23 1
e 12 15 1
e 13 17 2
e 13 19 1
e 14 15 2
e 14 25 1
e 15 26 1
e 16 27 1
e 16 28 1
e 17 20 1
e 17 29 1
e 19 30 1
e 19 31 1
e 19 32 1
t # 4771
v 0 1
v 1 1
v 2 1
v 3 1
v 4 1
v 5 2
v 6 3
v 7 3
v 8 3
v 9 3
v 10 3
v 11 3
v 12 3
v 13 3
v 14 3
v 15 3
v 16 3
v 17 3
v 18 3
v 19 3
v 20 3
v 21 3
v 22 3
v 23 3
v 24 3
v 25 3
v 26 4
v 27 4
v 28 4
v 29 4
v 30 4
v 31 4
v 32 4
v 33 4
v 34 4
v 35 4
v 36 4
v 37 4
v 38 4
v 39 4
v 40 4
v 41 4
v 42 4
v 43 4
v 44 4
e 0 10 1
e 0 22 1
e 1 13 1
e 1 42 1
e 2 15 1
e 2 44 1
e 3 15 2
e 4 22 2
e 5 6 1
e 5 7 1
e 5 31 1
e 6 8 1
e 6 15 1
e 6 26 1
e 7 9 1
e 7 27 1
e 7 28 1
e 8 12 1
e 8 29 1
e 8 30 1
e 9 10 1
e 9 13 2
e 10 11 2
e 11 14 1
e 11 16 1
e 12 18 2
e 12 19 1
e 13 17 1
e 14 20 2
e 14 21 1
e 16 17 2
e 16 32 1
e 17 33 1
e 18 23 1
e 18 34 1
e 19 24 2
e 19 35 1
e 20 22 1
e 20 36 1
e 21 37 1
e 21 38 1
e 21 39 1
e 23 25 2
e 23 40 1
e 24 25 1
e 24 41 1
e 25 43 1
t # 4772
v 0 1
v 1 1
v 2 1
v 3 1
v 4 1
v 5 2
v 6 3
v 7 3
v 8 3
v 9 3
v 10 3
v 11 3
v 12 3
v 13 3
v 14 3
v 15 3
v 16 3
v 17 3
v 18 3
v 19 3
v 20 4
v 21 4
v 22 4
v 23 4
v 24 4
v 25 4
v 26 4
v 27 4
v 28 4
v 29 4
v 30 4
v 31 4
v 32 4
v 33 4
v 34 4
e 0 8 1
e 0 18 1
e 1 11 1
e 1 33 1
e 2 19 1
e 2 34 1
e 3 18 2
e 4 19 2
e 5 7 1
e 5 10 1
e 5 23 1
e 6 7 1
e 6 8 1
e 6 11 2
e 7 20 1
e 7 21 1
e 8 9 2
e 9 12 1
e 9 13 1
e 10 15 1
e 10 19 1
e 10 22 1
e 11 14 1
e 12 16 2
e 12 17 1
e 13 14 2
e 13 24 1
e 14 25 1
e 15 26 1
e 15 27 1
e 15 28 1
e 16 18 1
e 16 29 1
e 17 30 1
e 17 31 1
e 17 32 1
t # 4773
v 0 1
v 1 1
v 2 1
v 3 1
v 4 1
v 5 2
v 6 3
v 7 3
v 8 3
v 9 3
v 10 3
v 11 3
v 12 3
v 13 3
v 14 3
v 15 3
v 16 3
v 17 3
v 18 3
v 19 3
v 20 3
v 21 3
v 22 3
v 23 4
v 24 4
v 25 4
v 26 4
v 27 4
v 28 4
v 29 4
v 30 4
v 31 4
v 32 4
v 33 4
v 34 4
v 35 4
v 36 4
v 37 4
v 38 4
v 39 4
v 40 4
v 41 4
v 42 4
v 43 4
e 0 14 1
e 0 21 1
e 1 13 1
e 1 42 1
e 2 13 2
e 3 16 1
e 3 43 1
e 4 21 2
e 5 7 1
e 5 9 1
e 5 27 1
e 6 7 1
e 6 8 1
e 6 23 1
e 6 24 1
e 7 13 1
e 7 25 1
e 8 11 1
e 8 12 1
e 8 26 1
e 9 10 1
e 9 28 1
e 9 29 1
e 10 14 1
e 10 16 2
e 11 30 1
e 11 31 1
e 11 32 1
e 12 33 1
e 12 34 1
e 12 35 1
e 14 15 2
e 15 17 1
e 15 18 1
e 16 19 1
e 17 20 2
e 17 22 1
e 18 19 2
e 18 36 1
e 19 37 1
e 20 21 1
e 20 38 1
e 22 39 1
e 22 40 1
e 22 41 1
t # 4774
v 0 1
v 1 1
v 2 1
v 3 1
v 4 1
v 5 2
v 6 2
v 7 2
v 8 2
v 9 3
v 10 3
v 11 3
v 12 3
v 13 3
v 14 3
v 15 3
v 16 3
v 17 3
v 18 3
v 19 3
v 20 3
v 21 3
v 22 3
v 23 3
v 24 3
v 25 3
v 26 3
v 27 3
v 28 3
v 29 3
v 30 3
v 31 3
v 32 3
v 33 4
v 34 4
v 35 4
v 36 4
v 37 4
v 38 4
v 39 4
v 40 4
v 41 4
v 42 4
v 43 4
v 44 4
v 45 4
v 46 4
v 47 4
v 48 4
v 49 4
v 50 4
v 51 4
v 52 4
e 0 13 1
e 0 19 1
e 1 11 1
e 1 23 1
e 2 14 1
e 2 25 1
e 3 21 2
e 4 31 1
e 4 32 1
e 5 12 2
e 5 21 1
e 6 7 1
e 6 16 2
e 7 24 1
e 7 39 1
e 9 11 1
e 9 12 1
e 9 14 2
e 10 11 2
e 10 13 1
e 10 18 1
e 12 16 1
e 13 15 2
e 14 15 1
e 15 33 1
e 16 17 1
e 17 20 2
e 17 22 1
e 18 19 2
e 18 34 1
e 19 35 1
e 20 21 1
e 20 26 1
e 22 36 1
e 22 37 1
e 22 38 1
e 23 40 1
e 23 41 1
e 23 42 1
e 24 27 2
e 24 28 1
e 25 43 1
e 25 44 1
e 25 45 1
e 27 29 1
e 27 46 1
e 28 30 2
e 28 47 1
e 29 31 2
e 29 48 1
e 30 31 1
e 30 49 1
e 32 50 1
e 32 51 1
e 32 52 1
t # 4775
v 0 11
v 1 2
v 2 2
v 3 2
v 4 2
v 5 3
v 6 3
v 7 3
v 8 3
v 9 3
v 10 3
v 11 3
v 12 3
v 13 3
v 14 3
v 15 3
v 16 3
v 17 3
v 18 3
v 19 3
v 20 3
v 21 3
v 22 3
v 23 3
v 24 3
v 25 3
v 26 3
v 27 3
v 28 4
v 29 4
v 30 4
v 31 4
v 32 4
v 33 4
v 34 4
v 35 4
v 36 4
v 37 4
v 38 4
v 39 4
v 40 4
v 41 4
v 42 4
v 43 4
v 44 4
v 45 4
v 46 4
v 47 4
v 48 4
v 49 4
v 50 4
v 51 4
v 52 4
v 53 4
e 1 3 1
e 1 7 2
e 2 4 1
e 2 8 2
e 3 27 1
e 3 52 1
e 4 27 1
e 4 53 1
e 5 7 1
e 5 15 1
e 5 28 1
e 5 29 1
e 6 8 1
e 6 16 1
e 6 30 1
e 6 31 1
e 7 11 1
e 8 12 1
e 9 13 1
e 9 17 2
e 9 19 1
e 10 14 1
e 10 18 2
e 10 20 1
e 11 13 2
e 11 32 1
e 12 14 2
e 12 33 1
e 13 34 1
e 14 35 1
e 15 36 1
e 15 37 1
e 15 38 1
e 16 39 1
e 16 40 1
e 16 41 1
e 17 21 1
e 17 42 1
e 18 22 1
e 18 43 1
e 19 23 2
e 19 44 1
e 20 24 2
e 20 45 1
e 21 25 2
e 21 46 1
e 22 26 2
e 22 47 1
e 23 25 1
e 23 48 1
e 24 26 1
e 24 49 1
e 25 50 1
e 26 51 1
t # 4776
v 0 1
v 1 1
v 2 1
v 3 2
v 4 2
v 5 3
v 6 3
v 7 3
v 8 3
v 9 3
v 10 3
v 11 3
v 12 3
v 13 3
v 14 3
v 15 3
v 16 3
v 17 3
v 18 3
v 19 3
v 20 3
v 21 3
v 22 3
v 23 3
v 24 3
v 25 3
v 26 3
v 27 4
v 28 4
v 29 4
v 30 4
v 31 4
v 32 4
v 33 4
v 34 4
v 35 4
v 36 4
v 37 4
v 38 4
v 39 4
v 40 4
v 41 4
v 42 4
e 0 6 1
e 0 7 1
e 1 11 1
e 1 16 1
e 2 14 2
e 3 5 1
e 3 6 1
e 3 27 1
e 4 11 2
e 4 17 1
e 5 7 2
e 5 12 1
e 6 8 2
e 7 10 1
e 8 14 1
e 8 15 1
e 9 11 1
e 9 18 2
e 9 19 1
e 10 13 2
e 10 28 1
e 12 20 2
e 12 29 1
e 13 20 1
e 13 25 1
e 14 18 1
e 15 19 2
e 15 30 1
e 16 17 2
e 16 21 1
e 17 23 1
e 18 31 1
e 19 32 1
e 20 33 1
e 21 22 2
e 21 34 1
e 22 24 1
e 22 26 1
e 23 24 2
e 23 35 1
e 24 36 1
e 25 37 1
e 25 38 1
e 25 39 1
e 26 40 1
e 26 41 1
e 26 42 1
t # 4777
v 0 1
v 1 1
v 2 1
v 3 1
v 4 2
v 5 2
v 6 3
v 7 3
v 8 3
v 9 3
v 10 3
v 11 3
v 12 3
v 13 3
v 14 3
v 15 3
v 16 3
v 17 3
v 18 3
v 19 3
v 20 3
v 21 3
v 22 3
v 23 3
v 24 3
v 25 3
v 26 3
v 27 3
v 28 3
v 29 3
v 30 4
v 31 4
v 32 4
v 33 4
v 34 4
v 35 4
v 36 4
v 37 4
v 38 4
v 39 4
v 40 4
v 41 4
v 42 4
v 43 4
v 44 4
v 45 4
v 46 4
v 47 4
v 48 4
v 49 4
e 0 7 1
e 0 8 1
e 1 16 1
e 1 18 1
e 2 22 1
e 2 49 1
e 3 21 2
e 4 6 1
e 4 7 1
e 4 30 1
e 5 14 1
e 5 16 2
e 6 8 2
e 6 11 1
e 7 9 2
e 8 13 1
e 9 19 1
e 9 21 1
e 10 11 2
e 10 15 1
e 10 17 1
e 11 31 1
e 12 16 1
e 12 22 1
e 12 23 2
e 13 17 2
e 13 32 1
e 14 18 2
e 14 24 1
e 15 28 1
e 15 33 1
e 15 34 1
e 17 35 1
e 18 26 1
e 19 22 2
e 19 36 1
e 20 24 2
e 20 25 1
e 20 27 1
e 21 23 1
e 23 37 1
e 24 38 1
e 25 29 1
e 25 39 1
e 25 40 1
e 26 27 2
e 26 41 1
e 27 42 1
e 28 43 1
e 28 44 1
e 28 45 1
e 29 46 1
e 29 47 1
e 29 48 1
t # 4778
v 0 12
v 1 11
v 2 11
v 3 1
v 4 1
v 5 2
v 6 2
v 7 2
v 8 2
v 9 2
v 10 3
v 11 3
v 12 3
v 13 3
v 14 3
v 15 3
v 16 3
v 17 3
v 18 3
v 19 3
v 20 3
v 21 3
v 22 3
v 23 3
v 24 3
v 25 3
v 26 4
v 27 4
v 28 4
v 29 4
v 30 4
v 31 4
v 32 4
v 33 4
v 34 4
v 35 4
v 36 4
v 37 4
v 38 4
v 39 4
v 40 4
v 41 4
v 42 4
v 43 4
e 0 24 1
e 3 17 1
e 3 19 1
e 4 17 2
e 5 11 1
e 5 12 1
e 5 14 1
e 6 7 1
e 6 11 1
e 6 15 1
e 7 10 1
e 7 26 1
e 8 9 1
e 8 14 2
e 9 18 1
e 9 34 1
e 10 13 2
e 10 16 1
e 12 13 1
e 13 27 1
e 14 17 1
e 15 28 1
e 15 29 1
e 15 30 1
e 16 31 1
e 16 32 1
e 16 33 1
e 18 20 2
e 18 21 1
e 19 25 1
e 19 35 1
e 19 36 1
e 20 22 1
e 20 37 1
e 21 23 2
e 21 38 1
e 22 24 2
e 22 39 1
e 23 24 1
e 23 40 1
e 25 41 1
e 25 42 1
e 25 43 1
t # 4779
v 0 1
v 1 1
v 2 2
v 3 2
v 4 2
v 5 3
v 6 3
v 7 3
v 8 3
v 9 3
v 10 3
v 11 3
v 12 3
v 13 4
v 14 4
v 15 4
v 16 4
v 17 4
v 18 4
v 19 4
e 0 6 1
e 0 11 1
e 1 7 2
e 2 3 1
e 2 6 1
e 2 14 1
e 3 11 2
e 4 11 1
e 4 18 1
e 4 19 1
e 5 6 2
e 5 7 1
e 5 8 1
e 7 9 1
e 8 10 2
e 8 13 1
e 9 12 2
e 9 15 1
e 10 12 1
e 10 16 1
e 12 17 1
t # 4780
v 0 1
v 1 1
v 2 1
v 3 2
v 4 2
v 5 3
v 6 3
v 7 3
v 8 3
v 9 3
v 10 3
v 11 3
v 12 3
v 13 3
v 14 3
v 15 3
v 16 3
v 17 3
v 18 4
v 19 4
v 20 4
v 21 4
v 22 4
v 23 4
v 24 4
v 25 4
v 26 4
v 27 4
e 0 17 2
e 3 5 1
e 3 10 1
e 3 18 1
e 4 9 1
e 5 7 2
e 5 8 1
e 6 10 2
e 6 13 1
e 6 14 1
e 7 11 1
e 7 19 1
e 8 12 2
e 8 20 1
e 9 11 2
e 9 12 1
e 10 21 1
e 11 22 1
e 12 23 1
e 13 15 2
e 13 24 1
e 14 16 2
e 14 25 1
e 15 17 1
e 15 26 1
e 16 17 1
e 16 27 1
t # 4781
v 0 11
v 1 11
v 2 1
v 3 1
v 4 2
v 5 2
v 6 2
v 7 3
v 8 3
v 9 3
v 10 3
v 11 3
v 12 3
v 13 3
v 14 3
v 15 3
v 16 3
v 17 3
v 18 3
v 19 3
v 20 3
v 21 3
v 22 4
v 23 4
v 24 4
v 25 4
v 26 4
v 27 4
v 28 4
v 29 4
v 30 4
v 31 4
v 32 4
v 33 4
v 34 4
v 35 4
v 36 4
e 0 2 2
e 0 3 2
e 0 10 1
e 1 8 1
e 1 9 1
e 4 7 1
e 4 9 1
e 4 12 1
e 5 6 1
e 5 27 1
e 6 9 2
e 7 8 1
e 7 11 2
e 8 13 2
e 10 14 2
e 10 15 1
e 11 17 1
e 11 22 1
e 12 23 1
e 12 24 1
e 12 25 1
e 13 18 1
e 13 26 1
e 14 19 1
e 14 28 1
e 15 20 2
e 15 29 1
e 16 19 2
e 16 20 1
e 16 21 1
e 17 18 2
e 17 30 1
e 18 31 1
e 19 32 1
e 20 33 1
e 21 34 1
e 21 35 1
e 21 36 1
t # 4782
v 0 11
v 1 1
v 2 1
v 3 1
v 4 2
v 5 2
v 6 3
v 7 3
v 8 3
v 9 3
v 10 3
v 11 3
v 12 3
v 13 3
v 14 3
v 15 3
v 16 3
v 17 3
v 18 3
v 19 3
v 20 3
v 21 3
v 22 3
v 23 4
v 24 4
v 25 4
v 26 4
v 27 4
v 28 4
v 29 4
v 30 4
v 31 4
v 32 4
v 33 4
v 34 4
e 0 10 1
e 0 12 1
e 1 18 1
e 1 21 1
e 2 13 2
e 3 18 2
e 4 8 1
e 4 13 1
e 4 23 1
e 5 12 1
e 5 20 2
e 6 7 1
e 6 8 2
e 6 10 1
e 7 9 1
e 7 11 2
e 8 14 1
e 9 12 2
e 9 16 1
e 10 15 2
e 11 13 1
e 11 18 1
e 14 17 2
e 14 24 1
e 15 17 1
e 15 25 1
e 16 19 2
e 16 26 1
e 17 27 1
e 19 20 1
e 19 28 1
e 20 29 1
e 21 22 1
e 21 30 1
e 21 31 1
e 22 32 1
e 22 33 1
e 22 34 1
t # 4783
v 0 11
v 1 1
v 2 1
v 3 1
v 4 2
v 5 2
v 6 2
v 7 2
v 8 2
v 9 3
v 10 3
v 11 3
v 12 3
v 13 3
v 14 3
v 15 3
v 16 3
v 17 3
v 18 3
v 19 3
v 20 3
v 21 3
v 22 3
v 23 3
v 24 4
v 25 4
v 26 4
v 27 4
v 28 4
v 29 4
v 30 4
v 31 4
v 32 4
v 33 4
v 34 4
e 1 13 2
e 4 6 1
e 4 10 1
e 4 25 1
e 5 11 2
e 5 13 1
e 6 20 1
e 6 29 1
e 7 16 1
e 7 20 1
e 7 30 1
e 8 21 1
e 9 10 2
e 9 11 1
e 9 12 1
e 10 13 1
e 11 14 1
e 12 15 2
e 12 24 1
e 14 17 2
e 14 26 1
e 15 17 1
e 15 27 1
e 16 18 2
e 16 19 1
e 17 28 1
e 18 22 1
e 18 31 1
e 19 23 2
e 19 32 1
e 21 22 2
e 21 23 1
e 22 33 1
e 23 34 1
t # 4784
v 0 18
v 1 18
v 2 1
v 3 1
v 4 1
v 5 1
v 6 3
v 7 3
v 8 3
v 9 3
v 10 3
v 11 3
v 12 3
v 13 3
v 14 3
v 15 3
v 16 3
v 17 3
v 18 3
v 19 3
v 20 3
v 21 3
v 22 3
v 23 3
v 24 3
v 25 3
v 26 4
v 27 4
v 28 4
v 29 4
v 30 4
v 31 4
v 32 4
v 33 4
v 34 4
v 35 4
v 36 4
v 37 4
v 38 4
v 39 4
e 2 9 2
e 3 11 2
e 4 13 1
e 4 35 1
e 5 12 2
e 6 7 1
e 6 8 1
e 6 9 1
e 6 26 1
e 7 11 1
e 7 27 1
e 7 28 1
e 8 12 1
e 8 29 1
e 8 30 1
e 9 10 1
e 10 11 1
e 10 13 2
e 12 14 1
e 13 15 1
e 14 16 2
e 14 17 1
e 15 18 2
e 15 19 1
e 16 20 1
e 16 31 1
e 17 21 2
e 17 32 1
e 18 22 1
e 18 33 1
e 19 23 2
e 19 34 1
e 20 24 2
e 20 36 1
e 21 24 1
e 21 37 1
e 22 25 2
e 22 38 1
e 23 25 1
e 23 39 1
t # 4785
v 0 1
v 1 1
v 2 2
v 3 2
v 4 2
v 5 2
v 6 3
v 7 3
v 8 3
v 9 3
v 10 3
v 11 3
v 12 3
v 13 3
v 14 3
v 15 3
v 16 3
v 17 3
v 18 4
v 19 4
v 20 4
v 21 4
v 22 4
v 23 4
v 24 4
v 25 4
v 26 4
v 27 4
v 28 4
v 29 4
e 0 7 2
e 1 8 2
e 2 3 1
e 2 6 1
e 2 19 1
e 3 11 2
e 4 9 2
e 4 11 1
e 5 10 2
e 5 11 1
e 6 7 1
e 6 8 1
e 6 18 1
e 7 12 1
e 8 13 1
e 9 10 1
e 9 14 1
e 10 15 1
e 12 20 1
e 12 21 1
e 12 22 1
e 13 23 1
e 13 24 1
e 13 25 1
e 14 16 2
e 14 26 1
e 15 17 2
e 15 27 1
e 16 17 1
e 16 28 1
e 17 29 1
t # 4786
v 0 12
v 1 11
v 2 1
v 3 2
v 4 2
v 5 3
v 6 3
v 7 3
v 8 3
v 9 3
v 10 3
v 11 3
v 12 3
v 13 3
v 14 3
v 15 3
v 16 3
v 17 3
v 18 3
v 19 3
v 20 3
v 21 4
v 22 4
v 23 4
v 24 4
v 25 4
v 26 4
v 27 4
v 28 4
v 29 4
v 30 4
v 31 4
e 0 15 1
e 2 12 2
e 3 5 1
e 3 10 1
e 3 22 1
e 4 6 1
e 4 10 1
e 4 23 1
e 5 7 1
e 5 8 2
e 6 7 2
e 6 9 1
e 7 21 1
e 8 11 1
e 8 12 1
e 9 13 2
e 9 14 1
e 11 15 2
e 11 24 1
e 12 16 1
e 13 17 1
e 13 25 1
e 14 18 2
e 14 26 1
e 15 19 1
e 16 19 2
e 16 27 1
e 17 20 2
e 17 28 1
e 18 20 1
e 18 29 1
e 19 30 1
e 20 31 1
t # 4787
v 0 12
v 1 12
v 2 11
v 3 1
v 4 2
v 5 2
v 6 3
v 7 3
v 8 3
v 9 3
v 10 3
v 11 3
v 12 3
v 13 3
v 14 3
v 15 3
v 16 3
v 17 3
v 18 3
v 19 3
v 20 3
v 21 3
v 22 4
v 23 4
v 24 4
v 25 4
v 26 4
v 27 4
v 28 4
v 29 4
v 30 4
v 31 4
e 0 8 1
e 1 16 1
e 3 13 2
e 4 6 1
e 4 11 1
e 4 22 1
e 5 7 1
e 5 11 1
e 5 23 1
e 6 8 1
e 6 9 2
e 7 8 2
e 7 10 1
e 9 12 1
e 9 13 1
e 10 14 2
e 10 15 1
e 12 16 2
e 12 24 1
e 13 17 1
e 14 18 1
e 14 25 1
e 15 19 2
e 15 26 1
e 16 20 1
e 17 20 2
e 17 27 1
e 18 21 2
e 18 28 1
e 19 21 1
e 19 29 1
e 20 30 1
e 21 31 1
t # 4788
v 0 11
v 1 1
v 2 1
v 3 2
v 4 2
v 5 3
v 6 3
v 7 3
v 8 3
v 9 3
v 10 3
v 11 3
v 12 3
v 13 3
v 14 3
v 15 3
v 16 3
v 17 3
v 18 3
v 19 3
v 20 3
v 21 3
v 22 3
v 23 3
v 24 3
v 25 4
v 26 4
v 27 4
v 28 4
v 29 4
v 30 4
v 31 4
v 32 4
v 33 4
v 34 4
v 35 4
v 36 4
v 37 4
v 38 4
v 39 4
v 40 4
v 41 4
v 42 4
v 43 4
v 44 4
v 45 4
v 46 4
e 0 1 2
e 0 2 2
e 0 18 1
e 3 4 1
e 3 11 2
e 4 36 1
e 5 7 1
e 5 8 1
e 5 9 1
e 5 25 1
e 6 7 1
e 6 10 1
e 6 11 1
e 6 26 1
e 7 27 1
e 7 28 1
e 8 11 1
e 8 12 1
e 8 29 1
e 9 10 1
e 9 30 1
e 9 31 1
e 10 32 1
e 10 33 1
e 12 13 2
e 12 14 1
e 13 15 1
e 13 34 1
e 14 16 2
e 14 35 1
e 15 17 2
e 15 37 1
e 16 17 1
e 16 38 1
e 17 39 1
e 18 19 2
e 18 20 1
e 19 21 1
e 19 40 1
e 20 22 2
e 20 41 1
e 21 23 2
e 21 42 1
e 22 23 1
e 22 43 1
e 23 24 1
e 24 44 1
e 24 45 1
e 24 46 1
t # 4789
v 0 2
v 1 2
v 2 3
v 3 3
v 4 3
v 5 3
v 6 3
v 7 3
v 8 3
v 9 3
v 10 3
v 11 3
v 12 3
v 13 3
v 14 3
v 15 4
v 16 4
v 17 4
v 18 4
v 19 4
v 20 4
v 21 4
v 22 4
v 23 4
v 24 4
v 25 4
v 26 4
v 27 4
v 28 4
v 29 4
v 30 4
v 31 4
v 32 4
e 0 1 1
e 0 3 2
e 1 14 1
e 1 26 1
e 2 3 1
e 2 4 1
e 2 5 1
e 2 15 1
e 3 6 1
e 4 16 1
e 4 17 1
e 4 18 1
e 5 19 1
e 5 20 1
e 5 21 1
e 6 7 2
e 6 22 1
e 7 8 1
e 7 23 1
e 8 9 2
e 8 10 1
e 9 11 1
e 9 24 1
e 10 12 2
e 10 25 1
e 11 13 2
e 11 27 1
e 12 13 1
e 12 28 1
e 13 29 1
e 14 30 1
e 14 31 1
e 14 32 1
t # 4790
v 0 11
v 1 1
v 2 1
v 3 2
v 4 2
v 5 2
v 6 2
v 7 3
v 8 3
v 9 3
v 10 3
v 11 3
v 12 3
v 13 3
v 14 3
v 15 3
v 16 3
v 17 3
v 18 3
v 19 3
v 20 3
v 21 3
v 22 3
v 23 4
v 24 4
v 25 4
v 26 4
v 27 4
v 28 4
v 29 4
v 30 4
v 31 4
v 32 4
v 33 4
v 34 4
v 35 4
v 36 4
e 1 16 1
e 1 22 1
e 2 11 2
e 3 5 1
e 3 8 1
e 3 24 1
e 4 9 2
e 4 11 1
e 5 17 1
e 5 28 1
e 6 13 1
e 6 17 1
e 6 29 1
e 7 8 2
e 7 9 1
e 7 10 1
e 8 11 1
e 9 12 1
e 10 14 2
e 10 23 1
e 12 15 2
e 12 25 1
e 13 16 1
e 13 18 2
e 14 15 1
e 14 26 1
e 15 27 1
e 16 19 2
e 18 20 1
e 18 30 1
e 19 21 1
e 19 31 1
e 20 21 2
e 20 32 1
e 21 33 1
e 22 34 1
e 22 35 1
e 22 36 1
t # 4791
v 0 11
v 1 1
v 2 2
v 3 2
v 4 2
v 5 2
v 6 3
v 7 3
v 8 3
v 9 3
v 10 3
v 11 3
v 12 3
v 13 3
v 14 3
v 15 3
v 16 3
v 17 3
v 18 3
v 19 3
v 20 3
v 21 3
v 22 4
v 23 4
v 24 4
v 25 4
v 26 4
v 27 4
v 28 4
v 29 4
v 30 4
v 31 4
v 32 4
v 33 4
v 34 4
v 35 4
e 1 10 2
e 2 4 1
e 2 7 1
e 2 23 1
e 3 8 2
e 3 10 1
e 4 20 1
e 4 27 1
e 5 12 1
e 5 20 1
e 5 30 1
e 6 7 2
e 6 8 1
e 6 9 1
e 7 10 1
e 8 11 1
e 9 13 2
e 9 22 1
e 11 14 2
e 11 24 1
e 12 16 2
e 12 17 1
e 13 14 1
e 13 25 1
e 14 26 1
e 15 18 2
e 15 19 1
e 15 21 1
e 16 18 1
e 16 28 1
e 17 19 2
e 17 29 1
e 18 31 1
e 19 32 1
e 21 33 1
e 21 34 1
e 21 35 1
t # 4792
v 0 11
v 1 1
v 2 2
v 3 2
v 4 2
v 5 2
v 6 3
v 7 3
v 8 3
v 9 3
v 10 3
v 11 3
v 12 3
v 13 3
v 14 3
v 15 3
v 16 3
v 17 3
v 18 3
v 19 3
v 20 3
v 21 3
v 22 4
v 23 4
v 24 4
v 25 4
v 26 4
v 27 4
v 28 4
v 29 4
v 30 4
v 31 4
v 32 4
v 33 4
v 34 4
v 35 4
e 1 10 2
e 2 4 1
e 2 7 1
e 2 23 1
e 3 8 2
e 3 10 1
e 4 19 1
e 4 28 1
e 5 12 1
e 5 19 1
e 5 29 1
e 6 7 2
e 6 8 1
e 6 9 1
e 7 10 1
e 8 11 1
e 9 14 2
e 9 22 1
e 11 15 2
e 11 24 1
e 12 16 1
e 12 17 2
e 13 16 2
e 13 18 1
e 13 21 1
e 14 15 1
e 14 25 1
e 15 27 1
e 16 26 1
e 17 20 1
e 17 30 1
e 18 20 2
e 18 31 1
e 20 32 1
e 21 33 1
e 21 34 1
e 21 35 1
t # 4793
v 0 11
v 1 1
v 2 2
v 3 2
v 4 2
v 5 2
v 6 3
v 7 3
v 8 3
v 9 3
v 10 3
v 11 3
v 12 3
v 13 3
v 14 3
v 15 3
v 16 3
v 17 3
v 18 3
v 19 3
v 20 3
v 21 3
v 22 4
v 23 4
v 24 4
v 25 4
v 26 4
v 27 4
v 28 4
v 29 4
v 30 4
v 31 4
v 32 4
v 33 4
v 34 4
v 35 4
e 1 11 2
e 2 5 1
e 2 7 1
e 2 23 1
e 3 8 2
e 3 11 1
e 4 10 1
e 4 18 1
e 4 26 1
e 5 18 1
e 5 29 1
e 6 7 2
e 6 8 1
e 6 9 1
e 7 11 1
e 8 13 1
e 9 14 2
e 9 22 1
e 10 12 1
e 10 16 2
e 12 17 2
e 12 19 1
e 13 15 2
e 13 24 1
e 14 15 1
e 14 25 1
e 15 27 1
e 16 20 1
e 16 28 1
e 17 21 1
e 17 30 1
e 19 31 1
e 19 32 1
e 19 33 1
e 20 21 2
e 20 34 1
e 21 35 1
t # 4794
v 0 12
v 1 11
v 2 1
v 3 2
v 4 2
v 5 2
v 6 2
v 7 3
v 8 3
v 9 3
v 10 3
v 11 3
v 12 3
v 13 3
v 14 3
v 15 3
v 16 3
v 17 3
v 18 3
v 19 3
v 20 3
v 21 3
v 22 4
v 23 4
v 24 4
v 25 4
v 26 4
v 27 4
v 28 4
v 29 4
v 30 4
v 31 4
v 32 4
e 0 21 1
e 2 11 2
e 3 5 1
e 3 8 1
e 3 24 1
e 4 9 2
e 4 11 1
e 5 16 1
e 5 27 1
e 6 15 1
e 6 16 1
e 6 28 1
e 7 8 2
e 7 9 1
e 7 10 1
e 8 11 1
e 9 12 1
e 10 13 2
e 10 22 1
e 12 14 2
e 12 23 1
e 13 14 1
e 13 25 1
e 14 26 1
e 15 17 2
e 15 18 1
e 17 19 1
e 17 29 1
e 18 20 2
e 18 30 1
e 19 21 2
e 19 31 1
e 20 21 1
e 20 32 1
t # 4795
v 0 12
v 1 11
v 2 1
v 3 2
v 4 2
v 5 2
v 6 2
v 7 3
v 8 3
v 9 3
v 10 3
v 11 3
v 12 3
v 13 3
v 14 3
v 15 3
v 16 3
v 17 3
v 18 3
v 19 3
v 20 3
v 21 3
v 22 4
v 23 4
v 24 4
v 25 4
v 26 4
v 27 4
v 28 4
v 29 4
v 30 4
v 31 4
v 32 4
e 0 19 1
e 2 11 2
e 3 5 1
e 3 8 1
e 3 24 1
e 4 9 2
e 4 11 1
e 5 16 1
e 5 27 1
e 6 15 1
e 6 16 1
e 6 28 1
e 7 8 2
e 7 9 1
e 7 10 1
e 8 11 1
e 9 12 1
e 10 13 2
e 10 22 1
e 12 14 2
e 12 23 1
e 13 14 1
e 13 25 1
e 14 26 1
e 15 17 2
e 15 18 1
e 17 19 1
e 17 29 1
e 18 20 2
e 18 30 1
e 19 21 2
e 20 21 1
e 20 31 1
e 21 32 1
t # 4796
v 0 12
v 1 11
v 2 1
v 3 2
v 4 2
v 5 2
v 6 2
v 7 3
v 8 3
v 9 3
v 10 3
v 11 3
v 12 3
v 13 3
v 14 3
v 15 3
v 16 3
v 17 3
v 18 3
v 19 3
v 20 3
v 21 3
v 22 4
v 23 4
v 24 4
v 25 4
v 26 4
v 27 4
v 28 4
v 29 4
v 30 4
v 31 4
v 32 4
e 0 17 1
e 2 11 2
e 3 5 1
e 3 8 1
e 3 23 1
e 4 9 2
e 4 11 1
e 5 16 1
e 5 27 1
e 6 15 1
e 6 16 1
e 6 28 1
e 7 8 2
e 7 9 1
e 7 10 1
e 8 11 1
e 9 12 1
e 10 13 2
e 10 22 1
e 12 14 2
e 12 24 1
e 13 14 1
e 13 25 1
e 14 26 1
e 15 17 1
e 15 18 2
e 17 19 2
e 18 20 1
e 18 29 1
e 19 21 1
e 19 30 1
e 20 21 2
e 20 31 1
e 21 32 1
t # 4797
v 0 11
v 1 1
v 2 2
v 3 2
v 4 2
v 5 2
v 6 3
v 7 3
v 8 3
v 9 3
v 10 3
v 11 3
v 12 3
v 13 3
v 14 3
v 15 3
v 16 3
v 17 3
v 18 4
v 19 4
v 20 4
v 21 4
v 22 4
v 23 4
v 24 4
v 25 4
v 26 4
v 27 4
v 28 4
v 29 4
v 30 4
v 31 4
e 1 12 2
e 2 5 1
e 2 7 1
e 2 23 1
e 3 9 1
e 3 16 1
e 3 25 1
e 4 8 2
e 4 12 1
e 5 16 1
e 5 29 1
e 6 7 2
e 6 8 1
e 6 11 1
e 7 12 1
e 8 13 1
e 9 10 1
e 9 18 1
e 9 19 1
e 10 15 1
e 10 20 1
e 10 21 1
e 11 14 2
e 11 22 1
e 13 17 2
e 13 24 1
e 14 17 1
e 14 30 1
e 15 26 1
e 15 27 1
e 15 28 1
e 17 31 1
t # 4798
v 0 11
v 1 1
v 2 2
v 3 2
v 4 2
v 5 3
v 6 3
v 7 3
v 8 3
v 9 3
v 10 3
v 11 3
v 12 3
v 13 3
v 14 3
v 15 3
v 16 4
v 17 4
v 18 4
v 19 4
v 20 4
v 21 4
v 22 4
v 23 4
v 24 4
v 25 4
v 26 4
v 27 4
v 28 4
v 29 4
v 30 4
e 1 7 2
e 2 4 1
e 2 5 1
e 2 16 1
e 3 10 1
e 3 14 1
e 3 15 1
e 4 10 1
e 4 21 1
e 5 6 2
e 5 9 1
e 6 7 1
e 6 8 1
e 7 11 1
e 8 12 2
e 8 17 1
e 9 18 1
e 9 19 1
e 9 20 1
e 11 13 2
e 11 22 1
e 12 13 1
e 12 23 1
e 13 24 1
e 14 25 1
e 14 26 1
e 14 27 1
e 15 28 1
e 15 29 1
e 15 30 1
t # 4799
v 0 11
v 1 1
v 2 1
v 3 1
v 4 2
v 5 2
v 6 3
v 7 3
v 8 3
v 9 3
v 10 3
v 11 3
v 12 3
v 13 3
v 14 3
v 15 3
v 16 3
v 17 3
v 18 3
v 19 3
v 20 3
v 21 3
v 22 3
v 23 3
v 24 3
v 25 3
v 26 4
v 27 4
v 28 4
v 29 4
v 30 4
v 31 4
v 32 4
v 33 4
v 34 4
v 35 4
v 36 4
v 37 4
v 38 4
v 39 4
v 40 4
v 41 4
v 42 4
v 43 4
v 44 4
v 45 4
e 1 14 1
e 1 19 1
e 2 19 2
e 3 25 1
e 3 45 1
e 4 8 1
e 4 9 1
e 4 12 1
e 5 10 1
e 5 12 1
e 5 31 1
e 6 7 1
e 6 15 2
e 6 16 1
e 7 13 2
e 7 19 1
e 8 20 1
e 8 26 1
e 8 27 1
e 9 21 1
e 9 28 1
e 9 29 1
e 10 17 2
e 10 18 1
e 11 13 1
e 11 14 2
e 11 22 1
e 13 30 1
e 14 23 1
e 15 17 1
e 15 32 1
e 16 18 2
e 16 33 1
e 17 34 1
e 18 35 1
e 20 36 1
e 20 37 1
e 20 38 1
e 21 39 1
e 21 40 1
e 21 41 1
e 22 24 2
e 22 42 1
e 23 25 2
e 23 43 1
e 24 25 1
e 24 44 1
