t # 2300
v 0 1
v 1 1
v 2 1
v 3 1
v 4 1
v 5 2
v 6 2
v 7 2
v 8 2
v 9 2
v 10 3
v 11 3
v 12 3
v 13 4
v 14 4
v 15 4
v 16 4
v 17 4
v 18 4
v 19 4
v 20 4
e 0 11 1
e 1 20 1
e 5 10 1
e 5 12 2
e 6 8 1
e 6 12 1
e 6 17 1
e 7 12 1
e 7 18 1
e 7 19 1
e 10 11 1
e 10 13 1
e 10 14 1
e 11 15 1
e 11 16 1
t # 2301
v 0 12
v 1 1
v 2 1
v 3 2
v 4 2
v 5 2
v 6 2
v 7 3
v 8 3
v 9 3
v 10 3
v 11 3
v 12 4
v 13 4
v 14 4
v 15 4
v 16 4
v 17 4
v 18 4
v 19 4
v 20 4
v 21 4
e 0 11 1
e 1 21 1
e 3 7 1
e 3 9 1
e 3 10 1
e 4 8 1
e 4 10 2
e 5 6 1
e 5 10 1
e 5 20 1
e 7 8 1
e 7 12 1
e 7 13 1
e 8 14 1
e 8 15 1
e 9 11 1
e 9 16 1
e 9 17 1
e 11 18 1
e 11 19 1
t # 2302
v 0 11
v 1 1
v 2 1
v 3 2
v 4 2
v 5 2
v 6 2
v 7 3
v 8 3
v 9 3
v 10 4
v 11 4
v 12 4
v 13 4
v 14 4
v 15 4
v 16 4
v 17 4
v 18 4
e 0 8 1
e 1 18 1
e 3 7 1
e 3 9 2
e 4 6 1
e 4 9 1
e 4 14 1
e 5 9 1
e 5 15 1
e 5 16 1
e 7 8 1
e 7 10 1
e 7 11 1
e 8 12 1
e 8 13 1
t # 2303
v 0 38
v 1 2
v 2 2
v 3 2
v 4 2
v 5 3
v 6 3
v 7 3
v 8 3
v 9 3
v 10 4
v 11 4
v 12 4
e 1 5 1
e 1 8 2
e 2 6 2
e 2 8 1
e 3 6 1
e 3 9 2
e 4 7 2
e 4 9 1
e 5 6 1
e 5 7 1
e 5 10 1
e 8 11 1
e 9 12 1
t # 2304
v 0 1
v 1 1
v 2 1
v 3 1
v 4 2
v 5 2
v 6 3
v 7 3
v 8 3
v 9 3
v 10 3
v 11 3
v 12 3
v 13 3
v 14 3
v 15 3
v 16 3
v 17 3
v 18 3
v 19 3
v 20 3
v 21 3
v 22 4
v 23 4
v 24 4
v 25 4
v 26 4
v 27 4
v 28 4
v 29 4
v 30 4
v 31 4
v 32 4
v 33 4
v 34 4
v 35 4
v 36 4
v 37 4
v 38 4
v 39 4
v 40 4
v 41 4
e 0 15 2
e 1 40 1
e 2 41 1
e 4 6 1
e 4 7 1
e 4 8 1
e 4 9 1
e 6 10 2
e 6 11 1
e 7 22 1
e 7 23 1
e 7 24 1
e 8 25 1
e 8 26 1
e 8 27 1
e 9 28 1
e 9 29 1
e 9 30 1
e 10 13 1
e 10 31 1
e 11 14 2
e 11 32 1
e 12 13 2
e 12 14 1
e 12 15 1
e 13 33 1
e 14 34 1
e 15 16 1
e 16 17 2
e 16 18 1
e 17 19 1
e 17 35 1
e 18 20 2
e 18 36 1
e 19 21 2
e 19 37 1
e 20 21 1
e 20 38 1
e 21 39 1
t # 2305
v 0 1
v 1 2
v 2 2
v 3 2
v 4 2
v 5 2
v 6 2
v 7 3
v 8 3
v 9 3
v 10 3
v 11 3
v 12 4
v 13 4
v 14 4
e 0 9 2
e 1 8 1
e 1 10 1
e 1 13 1
e 2 7 1
e 2 10 2
e 3 8 2
e 3 11 1
e 4 9 1
e 4 11 2
e 5 10 1
e 7 8 1
e 7 9 1
e 7 12 1
e 11 14 1
t # 2306
v 0 1
v 1 1
v 2 1
v 3 2
v 4 2
v 5 2
v 6 2
v 7 2
v 8 3
v 9 3
v 10 3
v 11 3
v 12 3
v 13 3
v 14 4
v 15 4
v 16 4
v 17 4
v 18 4
v 19 4
e 0 9 2
e 1 11 2
e 2 13 2
e 3 9 1
e 3 13 1
e 3 15 1
e 4 10 1
e 4 13 1
e 4 16 1
e 5 12 1
e 7 19 1
e 8 9 1
e 8 10 2
e 8 11 1
e 10 14 1
e 11 12 1
e 12 17 1
e 12 18 1
t # 2307
v 0 1
v 1 1
v 2 2
v 3 2
v 4 2
v 5 2
v 6 3
v 7 3
v 8 3
v 9 3
v 10 3
v 11 3
v 12 3
v 13 3
v 14 3
v 15 4
v 16 4
v 17 4
v 18 4
v 19 4
v 20 4
v 21 4
v 22 4
v 23 4
v 24 4
v 25 4
v 26 4
v 27 4
e 0 27 1
e 2 8 1
e 2 14 2
e 3 5 1
e 3 14 1
e 3 24 1
e 4 14 1
e 4 25 1
e 4 26 1
e 6 7 1
e 6 8 1
e 6 15 1
e 6 16 1
e 7 9 2
e 7 10 1
e 8 17 1
e 8 18 1
e 9 11 1
e 9 19 1
e 10 12 2
e 10 20 1
e 11 13 2
e 11 21 1
e 12 13 1
e 12 22 1
e 13 23 1
t # 2308
v 0 1
v 1 1
v 2 1
v 3 2
v 4 2
v 5 2
v 6 2
v 7 3
v 8 3
v 9 3
v 10 3
v 11 3
v 12 4
v 13 4
v 14 4
v 15 4
v 16 4
v 17 4
v 18 4
v 19 4
v 20 4
v 21 4
v 22 4
e 0 11 1
e 0 21 1
e 1 22 1
e 3 7 1
e 3 8 1
e 3 10 1
e 4 9 1
e 4 10 2
e 5 6 1
e 5 10 1
e 5 20 1
e 7 9 1
e 7 12 1
e 7 13 1
e 8 11 1
e 8 14 1
e 8 15 1
e 9 16 1
e 9 17 1
e 11 18 1
e 11 19 1
t # 2309
v 0 38
v 1 3
v 2 3
v 3 3
v 4 3
v 5 3
v 6 3
v 7 3
v 8 3
v 9 3
v 10 3
v 11 3
v 12 3
v 13 3
v 14 3
v 15 3
v 16 3
v 17 3
v 18 3
v 19 4
v 20 4
v 21 4
v 22 4
v 23 4
v 24 4
v 25 4
v 26 4
v 27 4
v 28 4
v 29 4
v 30 4
v 31 4
v 32 4
v 33 4
e 1 4 2
e 1 7 1
e 2 5 2
e 2 8 1
e 3 6 2
e 3 9 1
e 4 10 1
e 4 19 1
e 5 11 1
e 5 20 1
e 6 12 1
e 6 21 1
e 7 13 2
e 7 22 1
e 8 14 2
e 8 23 1
e 9 15 2
e 9 24 1
e 10 16 2
e 10 25 1
e 11 17 2
e 11 26 1
e 12 18 2
e 12 27 1
e 13 16 1
e 13 28 1
e 14 17 1
e 14 29 1
e 15 18 1
e 15 30 1
e 16 31 1
e 17 32 1
e 18 33 1
t # 2310
v 0 1
v 1 1
v 2 2
v 3 2
v 4 2
v 5 3
v 6 3
v 7 3
v 8 3
v 9 3
v 10 3
v 11 3
v 12 3
v 13 3
v 14 3
v 15 3
v 16 4
v 17 4
v 18 4
v 19 4
v 20 4
v 21 4
v 22 4
v 23 4
v 24 4
v 25 4
v 26 4
v 27 4
v 28 4
v 29 4
v 30 4
v 31 4
v 32 4
v 33 4
v 34 4
v 35 4
v 36 4
v 37 4
v 38 4
v 39 4
v 40 4
v 41 4
v 42 4
v 43 4
e 0 43 1
e 2 5 1
e 2 6 1
e 2 24 1
e 3 4 1
e 3 13 1
e 3 42 1
e 5 7 1
e 5 16 1
e 5 17 1
e 6 8 1
e 6 18 1
e 6 19 1
e 7 9 1
e 7 20 1
e 7 21 1
e 8 10 1
e 8 22 1
e 8 23 1
e 9 11 1
e 9 25 1
e 9 26 1
e 10 12 1
e 10 27 1
e 10 28 1
e 11 29 1
e 11 30 1
e 11 31 1
e 12 32 1
e 12 33 1
e 12 34 1
e 13 14 1
e 13 15 1
e 13 35 1
e 14 36 1
e 14 37 1
e 14 38 1
e 15 39 1
e 15 40 1
e 15 41 1
t # 2311
v 0 1
v 1 1
v 2 2
v 3 2
v 4 2
v 5 3
v 6 3
v 7 3
v 8 3
v 9 3
v 10 3
v 11 3
v 12 3
v 13 3
v 14 4
v 15 4
v 16 4
v 17 4
v 18 4
v 19 4
v 20 4
v 21 4
v 22 4
v 23 4
v 24 4
v 25 4
v 26 4
v 27 4
v 28 4
v 29 4
v 30 4
v 31 4
v 32 4
v 33 4
v 34 4
v 35 4
e 0 35 1
e 2 5 1
e 2 25 1
e 2 26 1
e 3 4 1
e 3 11 1
e 3 34 1
e 5 6 1
e 5 7 1
e 5 14 1
e 6 8 1
e 6 15 1
e 6 16 1
e 7 9 1
e 7 17 1
e 7 18 1
e 8 10 1
e 8 19 1
e 8 20 1
e 9 10 1
e 9 21 1
e 9 22 1
e 10 23 1
e 10 24 1
e 11 12 1
e 11 13 1
e 11 27 1
e 12 28 1
e 12 29 1
e 12 30 1
e 13 31 1
e 13 32 1
e 13 33 1
t # 2312
v 0 1
v 1 1
v 2 2
v 3 2
v 4 2
v 5 3
v 6 3
v 7 3
v 8 3
v 9 3
v 10 3
v 11 3
v 12 3
v 13 3
v 14 4
v 15 4
v 16 4
v 17 4
v 18 4
v 19 4
v 20 4
v 21 4
v 22 4
v 23 4
v 24 4
v 25 4
v 26 4
v 27 4
v 28 4
v 29 4
v 30 4
v 31 4
v 32 4
v 33 4
v 34 4
v 35 4
v 36 4
v 37 4
e 0 37 1
e 2 5 1
e 2 6 1
e 2 16 1
e 3 4 1
e 3 11 1
e 3 36 1
e 5 7 1
e 5 8 1
e 5 14 1
e 6 9 1
e 6 10 1
e 6 15 1
e 7 17 1
e 7 18 1
e 7 19 1
e 8 20 1
e 8 21 1
e 8 22 1
e 9 23 1
e 9 24 1
e 9 25 1
e 10 26 1
e 10 27 1
e 10 28 1
e 11 12 1
e 11 13 1
e 11 29 1
e 12 30 1
e 12 31 1
e 12 32 1
e 13 33 1
e 13 34 1
e 13 35 1
t # 2313
v 0 1
v 1 1
v 2 1
v 3 1
v 4 1
v 5 1
v 6 1
v 7 1
v 8 1
v 9 2
v 10 2
v 11 2
v 12 2
v 13 2
v 14 3
v 15 3
v 16 3
v 17 3
v 18 3
v 19 3
v 20 3
v 21 3
v 22 3
v 23 3
v 24 3
v 25 3
v 26 4
v 27 4
v 28 4
v 29 4
v 30 4
v 31 4
v 32 4
v 33 4
v 34 4
v 35 4
v 36 4
v 37 4
e 0 14 1
e 1 15 1
e 6 36 1
e 7 37 1
e 11 22 2
e 11 24 1
e 12 23 2
e 12 25 1
e 14 15 1
e 14 16 1
e 14 26 1
e 15 17 1
e 15 27 1
e 16 18 2
e 16 20 1
e 17 19 2
e 17 21 1
e 18 22 1
e 18 28 1
e 19 23 1
e 19 29 1
e 20 24 2
e 20 30 1
e 21 25 2
e 21 31 1
e 22 32 1
e 23 33 1
e 24 34 1
e 25 35 1
t # 2314
v 0 1
v 1 2
v 2 2
v 3 2
v 4 2
v 5 2
v 6 2
v 7 3
v 8 3
v 9 3
v 10 4
v 11 4
v 12 4
v 13 4
v 14 4
v 15 4
v 16 4
v 17 4
e 0 7 1
e 0 15 1
e 1 8 1
e 2 9 1
e 5 16 1
e 6 17 1
e 7 8 1
e 7 9 1
e 7 10 1
e 8 11 1
e 8 12 1
e 9 13 1
e 9 14 1
t # 2315
v 0 1
v 1 1
v 2 1
v 3 1
v 4 1
v 5 1
v 6 2
v 7 2
v 8 2
v 9 2
v 10 2
v 11 3
v 12 3
v 13 3
v 14 3
v 15 3
v 16 3
v 17 3
v 18 3
v 19 3
v 20 3
v 21 3
v 22 3
v 23 3
v 24 3
v 25 3
v 26 4
v 27 4
v 28 4
v 29 4
v 30 4
v 31 4
v 32 4
v 33 4
v 34 4
v 35 4
v 36 4
v 37 4
e 0 13 1
e 0 17 1
e 1 17 2
e 6 11 1
e 7 20 1
e 8 21 1
e 10 37 1
e 11 12 1
e 11 13 1
e 11 26 1
e 12 15 2
e 12 16 1
e 13 27 1
e 13 28 1
e 14 17 1
e 14 18 2
e 14 19 1
e 15 22 1
e 15 29 1
e 16 23 2
e 16 30 1
e 18 21 1
e 18 31 1
e 19 20 2
e 19 32 1
e 20 24 1
e 21 24 2
e 22 25 2
e 22 33 1
e 23 25 1
e 23 34 1
e 24 35 1
e 25 36 1
t # 2316
v 0 1
v 1 1
v 2 1
v 3 2
v 4 2
v 5 2
v 6 2
v 7 2
v 8 3
v 9 3
v 10 3
v 11 3
v 12 3
v 13 3
v 14 3
v 15 4
v 16 4
v 17 4
v 18 4
v 19 4
v 20 4
v 21 4
v 22 4
v 23 4
v 24 4
v 25 4
v 26 4
e 0 25 1
e 1 26 1
e 3 8 1
e 3 14 2
e 4 9 1
e 4 19 1
e 4 20 1
e 5 14 1
e 5 21 1
e 5 22 1
e 6 14 1
e 6 23 1
e 6 24 1
e 8 10 2
e 8 11 1
e 9 12 2
e 9 13 1
e 10 12 1
e 10 15 1
e 11 13 2
e 11 16 1
e 12 17 1
e 13 18 1
t # 2317
v 0 1
v 1 1
v 2 1
v 3 2
v 4 2
v 5 3
v 6 3
v 7 3
v 8 3
v 9 3
v 10 3
v 11 3
v 12 3
v 13 3
v 14 3
v 15 4
v 16 4
v 17 4
v 18 4
v 19 4
v 20 4
v 21 4
v 22 4
v 23 4
e 0 13 1
e 0 14 1
e 1 6 2
e 2 13 2
e 3 11 2
e 4 23 1
e 5 6 1
e 5 7 2
e 5 8 1
e 6 11 1
e 7 9 1
e 7 15 1
e 8 10 2
e 8 16 1
e 9 12 2
e 9 17 1
e 10 12 1
e 10 18 1
e 11 13 1
e 12 19 1
e 14 20 1
e 14 21 1
e 14 22 1
t # 2318
v 0 1
v 1 1
v 2 1
v 3 1
v 4 1
v 5 2
v 6 2
v 7 2
v 8 3
v 9 3
v 10 3
v 11 3
v 12 3
v 13 3
v 14 3
v 15 3
v 16 3
v 17 3
v 18 4
v 19 4
v 20 4
v 21 4
v 22 4
v 23 4
v 24 4
v 25 4
e 0 14 2
e 1 16 1
e 1 17 1
e 4 16 2
e 5 11 1
e 6 15 2
e 7 25 1
e 8 9 2
e 8 10 1
e 8 14 1
e 9 12 1
e 9 18 1
e 10 13 2
e 10 19 1
e 11 12 2
e 11 13 1
e 12 20 1
e 13 21 1
e 14 15 1
e 15 16 1
e 17 22 1
e 17 23 1
e 17 24 1
t # 2319
v 0 1
v 1 1
v 2 1
v 3 1
v 4 1
v 5 2
v 6 2
v 7 2
v 8 3
v 9 3
v 10 3
v 11 3
v 12 3
v 13 3
v 14 3
v 15 3
v 16 3
v 17 3
v 18 4
v 19 4
v 20 4
v 21 4
v 22 4
v 23 4
v 24 4
v 25 4
e 0 11 2
e 1 16 1
e 1 17 1
e 4 16 2
e 5 9 1
e 6 15 2
e 7 25 1
e 8 9 1
e 8 10 2
e 8 11 1
e 9 12 2
e 10 13 1
e 10 18 1
e 11 15 1
e 12 14 1
e 12 19 1
e 13 14 2
e 13 20 1
e 14 21 1
e 15 16 1
e 17 22 1
e 17 23 1
e 17 24 1
t # 2320
v 0 1
v 1 1
v 2 1
v 3 1
v 4 1
v 5 2
v 6 2
v 7 2
v 8 3
v 9 3
v 10 3
v 11 3
v 12 3
v 13 3
v 14 3
v 15 3
v 16 3
v 17 3
v 18 4
v 19 4
v 20 4
v 21 4
v 22 4
v 23 4
v 24 4
v 25 4
e 0 12 2
e 1 16 1
e 1 17 1
e 4 16 2
e 5 10 1
e 6 15 2
e 7 25 1
e 8 9 2
e 8 11 1
e 8 12 1
e 9 10 1
e 9 18 1
e 10 13 2
e 11 14 2
e 11 19 1
e 12 15 1
e 13 14 1
e 13 20 1
e 14 21 1
e 15 16 1
e 17 22 1
e 17 23 1
e 17 24 1
t # 2321
v 0 27
v 1 1
v 2 1
v 3 1
v 4 2
v 5 2
v 6 3
v 7 3
v 8 3
v 9 3
v 10 3
v 11 3
v 12 3
v 13 3
v 14 3
v 15 3
v 16 4
v 17 4
v 18 4
v 19 4
v 20 4
v 21 4
v 22 4
v 23 4
e 1 14 1
e 1 15 1
e 2 9 2
e 3 14 2
e 4 12 2
e 5 23 1
e 6 7 1
e 6 8 2
e 6 9 1
e 7 10 2
e 8 11 1
e 8 16 1
e 9 12 1
e 10 13 1
e 10 17 1
e 11 13 2
e 11 18 1
e 12 14 1
e 13 19 1
e 15 20 1
e 15 21 1
e 15 22 1
t # 2322
v 0 12
v 1 1
v 2 1
v 3 1
v 4 2
v 5 2
v 6 3
v 7 3
v 8 3
v 9 3
v 10 3
v 11 3
v 12 3
v 13 3
v 14 3
v 15 3
v 16 4
v 17 4
v 18 4
v 19 4
v 20 4
v 21 4
v 22 4
v 23 4
e 0 12 1
e 1 14 1
e 1 15 1
e 2 9 2
e 3 14 2
e 4 13 2
e 5 23 1
e 6 7 2
e 6 8 1
e 6 9 1
e 7 10 1
e 7 16 1
e 8 11 2
e 8 17 1
e 9 13 1
e 10 12 2
e 10 18 1
e 11 12 1
e 11 19 1
e 13 14 1
e 15 20 1
e 15 21 1
e 15 22 1
t # 2323
v 0 1
v 1 2
v 2 3
v 3 3
v 4 3
v 5 3
v 6 3
v 7 3
v 8 3
v 9 4
v 10 4
v 11 4
v 12 4
v 13 4
v 14 4
v 15 4
v 16 4
v 17 4
v 18 4
e 1 2 1
e 1 3 1
e 2 4 1
e 2 5 1
e 2 9 1
e 3 6 2
e 3 8 1
e 4 7 2
e 4 10 1
e 5 11 1
e 5 12 1
e 5 13 1
e 6 7 1
e 6 14 1
e 7 15 1
e 8 16 1
e 8 17 1
e 8 18 1
t # 2324
v 0 18
v 1 18
v 2 34
v 3 1
v 4 1
v 5 1
v 6 1
v 7 1
v 8 1
v 9 1
v 10 2
v 11 2
v 12 2
v 13 3
v 14 3
v 15 3
v 16 3
v 17 3
v 18 3
v 19 3
v 20 3
v 21 3
v 22 3
v 23 3
v 24 3
v 25 3
v 26 3
v 27 4
v 28 4
v 29 4
v 30 4
v 31 4
v 32 4
v 33 4
v 34 4
v 35 4
v 36 4
v 37 4
v 38 4
v 39 4
v 40 4
e 7 39 1
e 8 40 1
e 10 21 1
e 11 22 1
e 13 17 2
e 13 19 1
e 14 18 2
e 14 20 1
e 15 27 1
e 15 28 1
e 15 29 1
e 16 30 1
e 16 31 1
e 16 32 1
e 17 21 1
e 17 33 1
e 18 22 1
e 18 34 1
e 19 23 2
e 19 35 1
e 20 24 2
e 20 36 1
e 21 25 2
e 22 26 2
e 23 25 1
e 23 37 1
e 24 26 1
e 24 38 1
t # 2325
v 0 34
v 1 2
v 2 3
v 3 3
v 4 3
v 5 3
v 6 3
v 7 3
v 8 3
v 9 3
v 10 3
v 11 4
v 12 4
v 13 4
v 14 4
v 15 4
v 16 4
v 17 4
v 18 4
v 19 4
v 20 4
v 21 4
v 22 4
v 23 4
v 24 4
v 25 4
e 1 8 1
e 1 24 1
e 1 25 1
e 2 6 1
e 2 7 2
e 3 11 1
e 3 12 1
e 3 13 1
e 4 14 1
e 4 15 1
e 4 16 1
e 5 17 1
e 5 18 1
e 5 19 1
e 6 8 2
e 6 20 1
e 7 9 1
e 7 21 1
e 8 10 1
e 9 10 2
e 9 22 1
e 10 23 1
t # 2326
v 0 12
v 1 1
v 2 2
v 3 2
v 4 3
v 5 3
v 6 3
v 7 3
v 8 3
v 9 3
v 10 3
v 11 3
v 12 3
v 13 3
v 14 4
v 15 4
v 16 4
v 17 4
v 18 4
v 19 4
v 20 4
v 21 4
e 0 10 1
e 1 9 2
e 2 8 2
e 3 21 1
e 4 5 1
e 4 6 1
e 4 7 2
e 5 8 1
e 5 14 1
e 5 15 1
e 6 9 1
e 6 10 2
e 7 11 1
e 7 13 1
e 8 9 1
e 10 12 1
e 11 12 2
e 11 16 1
e 12 17 1
e 13 18 1
e 13 19 1
e 13 20 1
t # 2327
v 0 40
v 1 1
v 2 1
v 3 1
v 4 1
v 5 1
v 6 1
v 7 1
v 8 1
v 9 1
v 10 3
v 11 3
v 12 3
v 13 3
v 14 3
v 15 3
v 16 3
v 17 3
v 18 3
v 19 3
v 20 3
v 21 3
v 22 3
v 23 4
v 24 4
v 25 4
v 26 4
v 27 4
v 28 4
v 29 4
v 30 4
v 31 4
v 32 4
v 33 4
v 34 4
v 35 4
v 36 4
v 37 4
v 38 4
v 39 4
v 40 4
v 41 4
v 42 4
v 43 4
v 44 4
v 45 4
e 1 10 1
e 1 25 1
e 2 11 1
e 2 26 1
e 3 28 1
e 3 29 1
e 4 30 1
e 4 31 1
e 5 13 1
e 5 37 1
e 6 14 1
e 6 40 1
e 7 15 1
e 7 41 1
e 8 21 1
e 8 45 1
e 9 21 2
e 10 11 1
e 10 13 1
e 10 23 1
e 11 14 1
e 11 24 1
e 12 16 2
e 12 17 1
e 13 15 1
e 13 27 1
e 14 32 1
e 14 33 1
e 15 21 1
e 15 34 1
e 16 18 1
e 16 35 1
e 17 19 2
e 17 36 1
e 18 20 2
e 18 38 1
e 19 20 1
e 19 39 1
e 20 22 1
e 22 42 1
e 22 43 1
e 22 44 1
t # 2328
v 0 40
v 1 1
v 2 1
v 3 1
v 4 1
v 5 1
v 6 1
v 7 1
v 8 1
v 9 1
v 10 3
v 11 3
v 12 3
v 13 3
v 14 3
v 15 3
v 16 4
v 17 4
v 18 4
v 19 4
v 20 4
v 21 4
v 22 4
v 23 4
v 24 4
v 25 4
v 26 4
v 27 4
v 28 4
v 29 4
v 30 4
v 31 4
v 32 4
v 33 4
e 1 10 1
e 1 18 1
e 2 11 1
e 2 19 1
e 3 21 1
e 3 22 1
e 4 23 1
e 4 24 1
e 5 25 1
e 5 26 1
e 6 12 1
e 6 30 1
e 7 13 1
e 7 31 1
e 8 14 1
e 8 33 1
e 9 15 2
e 10 11 1
e 10 12 1
e 10 16 1
e 11 13 1
e 11 17 1
e 12 14 1
e 12 20 1
e 13 27 1
e 13 28 1
e 14 15 1
e 14 29 1
e 15 32 1
t # 2329
v 0 40
v 1 1
v 2 1
v 3 1
v 4 1
v 5 1
v 6 1
v 7 1
v 8 1
v 9 3
v 10 3
v 11 3
v 12 3
v 13 3
v 14 3
v 15 4
v 16 4
v 17 4
v 18 4
v 19 4
v 20 4
v 21 4
v 22 4
v 23 4
v 24 4
v 25 4
v 26 4
v 27 4
v 28 4
e 1 9 1
e 1 18 1
e 2 10 1
e 2 19 1
e 3 11 1
e 3 23 1
e 4 24 1
e 4 25 1
e 5 12 1
e 5 26 1
e 6 13 1
e 6 27 1
e 7 14 1
e 7 28 1
e 8 14 2
e 9 10 1
e 9 11 1
e 9 15 1
e 10 12 1
e 10 16 1
e 11 13 1
e 11 17 1
e 12 20 1
e 12 21 1
e 13 14 1
e 13 22 1
t # 2330
v 0 40
v 1 1
v 2 1
v 3 1
v 4 1
v 5 1
v 6 1
v 7 1
v 8 1
v 9 1
v 10 1
v 11 3
v 12 3
v 13 3
v 14 3
v 15 3
v 16 4
v 17 4
v 18 4
v 19 4
v 20 4
v 21 4
v 22 4
v 23 4
v 24 4
v 25 4
v 26 4
v 27 4
v 28 4
v 29 4
e 1 11 1
e 1 18 1
e 2 12 1
e 2 19 1
e 3 21 1
e 3 22 1
e 4 23 1
e 4 24 1
e 5 25 1
e 5 26 1
e 6 13 1
e 6 27 1
e 7 14 1
e 7 28 1
e 8 15 1
e 8 29 1
e 9 14 2
e 10 15 2
e 11 13 1
e 11 14 1
e 11 16 1
e 12 13 1
e 12 15 1
e 12 17 1
e 13 20 1
t # 2331
v 0 40
v 1 1
v 2 1
v 3 1
v 4 1
v 5 1
v 6 1
v 7 1
v 8 1
v 9 1
v 10 3
v 11 3
v 12 3
v 13 3
v 14 4
v 15 4
v 16 4
v 17 4
v 18 4
v 19 4
v 20 4
v 21 4
v 22 4
v 23 4
v 24 4
v 25 4
v 26 4
v 27 4
e 1 10 1
e 1 14 1
e 2 11 1
e 2 15 1
e 3 16 1
e 3 17 1
e 4 18 1
e 4 19 1
e 5 20 1
e 5 21 1
e 6 12 1
e 6 26 1
e 7 13 1
e 7 27 1
e 8 12 2
e 9 13 2
e 10 12 1
e 10 22 1
e 10 23 1
e 11 13 1
e 11 24 1
e 11 25 1
t # 2332
v 0 1
v 1 1
v 2 2
v 3 2
v 4 2
v 5 2
v 6 3
v 7 3
v 8 4
v 9 4
v 10 4
v 11 4
v 12 4
v 13 4
v 14 4
e 0 14 1
e 2 4 1
e 2 6 1
e 2 8 1
e 3 6 2
e 3 7 1
e 5 6 1
e 5 9 1
e 5 10 1
e 7 11 1
e 7 12 1
e 7 13 1
t # 2333
v 0 1
v 1 2
v 2 2
v 3 3
v 4 3
v 5 3
v 6 3
v 7 3
v 8 3
v 9 3
v 10 3
v 11 3
v 12 3
v 13 3
v 14 3
v 15 3
v 16 3
v 17 4
v 18 4
v 19 4
v 20 4
v 21 4
v 22 4
v 23 4
v 24 4
v 25 4
v 26 4
v 27 4
e 0 6 2
e 1 5 2
e 2 27 1
e 3 5 1
e 3 7 2
e 3 8 1
e 4 6 1
e 4 9 2
e 4 10 1
e 5 6 1
e 7 11 1
e 7 17 1
e 8 12 2
e 8 18 1
e 9 13 1
e 9 19 1
e 10 14 2
e 10 20 1
e 11 15 2
e 11 21 1
e 12 15 1
e 12 22 1
e 13 16 2
e 13 23 1
e 14 16 1
e 14 24 1
e 15 25 1
e 16 26 1
t # 2334
v 0 1
v 1 1
v 2 2
v 3 2
v 4 2
v 5 2
v 6 3
v 7 3
v 8 3
v 9 3
v 10 3
v 11 3
v 12 3
v 13 3
v 14 4
v 15 4
v 16 4
v 17 4
v 18 4
v 19 4
v 20 4
v 21 4
v 22 4
v 23 4
v 24 4
e 0 24 1
e 2 7 1
e 2 13 2
e 3 5 1
e 3 13 1
e 3 21 1
e 4 13 1
e 4 22 1
e 4 23 1
e 6 7 1
e 6 8 2
e 6 9 1
e 7 14 1
e 7 15 1
e 8 10 1
e 8 16 1
e 9 11 2
e 9 17 1
e 10 12 2
e 10 18 1
e 11 12 1
e 11 19 1
e 12 20 1
t # 2335
v 0 1
v 1 1
v 2 1
v 3 2
v 4 2
v 5 2
v 6 3
v 7 3
v 8 3
v 9 3
v 10 3
v 11 3
v 12 4
v 13 4
v 14 4
v 15 4
v 16 4
v 17 4
v 18 4
v 19 4
v 20 4
v 21 4
e 0 9 1
e 0 20 1
e 1 9 2
e 2 10 2
e 3 7 1
e 3 17 1
e 3 18 1
e 4 11 2
e 5 21 1
e 6 7 1
e 6 8 1
e 6 12 1
e 6 13 1
e 7 9 1
e 7 14 1
e 8 10 1
e 8 15 1
e 8 16 1
e 10 11 1
e 11 19 1
t # 2336
v 0 1
v 1 1
v 2 1
v 3 2
v 4 2
v 5 2
v 6 2
v 7 3
v 8 4
v 9 4
v 10 4
v 11 4
v 12 4
v 13 4
v 14 4
e 0 13 1
e 1 14 1
e 3 7 1
e 3 8 1
e 3 9 1
e 4 7 1
e 4 10 1
e 4 11 1
e 5 7 2
e 5 12 1
t # 2337
v 0 1
v 1 1
v 2 1
v 3 2
v 4 2
v 5 2
v 6 3
v 7 3
v 8 3
v 9 3
v 10 3
v 11 3
v 12 3
v 13 3
v 14 3
v 15 3
v 16 3
v 17 3
v 18 3
v 19 4
v 20 4
v 21 4
v 22 4
v 23 4
v 24 4
v 25 4
v 26 4
v 27 4
v 28 4
v 29 4
v 30 4
v 31 4
v 32 4
v 33 4
v 34 4
v 35 4
v 36 4
v 37 4
v 38 4
e 0 37 1
e 1 38 1
e 3 8 1
e 3 14 1
e 3 15 1
e 6 7 1
e 6 9 1
e 6 10 1
e 6 11 1
e 7 8 1
e 7 19 1
e 7 20 1
e 8 21 1
e 8 22 1
e 9 12 2
e 9 13 1
e 10 23 1
e 10 24 1
e 10 25 1
e 12 16 1
e 12 26 1
e 13 17 2
e 13 27 1
e 14 28 1
e 14 29 1
e 14 30 1
e 15 31 1
e 15 32 1
e 15 33 1
e 16 18 2
e 16 34 1
e 17 18 1
e 17 35 1
e 18 36 1
t # 2338
v 0 1
v 1 1
v 2 1
v 3 2
v 4 2
v 5 3
v 6 3
v 7 3
v 8 3
v 9 3
v 10 3
v 11 3
v 12 4
v 13 4
v 14 4
v 15 4
v 16 4
v 17 4
v 18 4
v 19 4
v 20 4
e 3 5 1
e 3 7 1
e 4 9 1
e 5 6 1
e 5 8 1
e 5 12 1
e 6 9 2
e 6 13 1
e 7 10 2
e 7 11 1
e 8 14 1
e 8 15 1
e 8 16 1
e 9 10 1
e 10 17 1
e 11 18 1
e 11 19 1
e 11 20 1
t # 2339
v 0 62
v 1 1
v 2 1
v 3 1
v 4 1
v 5 1
v 6 1
v 7 3
v 8 3
v 9 3
v 10 3
v 11 3
v 12 3
v 13 3
v 14 3
v 15 3
v 16 3
v 17 3
v 18 3
v 19 3
v 20 3
v 21 3
v 22 4
v 23 4
v 24 4
v 25 4
v 26 4
v 27 4
v 28 4
v 29 4
v 30 4
v 31 4
v 32 4
v 33 4
v 34 4
v 35 4
v 36 4
v 37 4
v 38 4
v 39 4
v 40 4
v 41 4
v 42 4
v 43 4
v 44 4
v 45 4
e 1 7 2
e 2 8 2
e 3 9 2
e 4 10 2
e 5 11 2
e 6 12 2
e 7 13 1
e 7 16 1
e 8 14 1
e 8 17 1
e 9 15 1
e 9 18 1
e 10 15 1
e 10 19 1
e 11 14 1
e 11 20 1
e 12 13 1
e 12 21 1
e 13 22 1
e 13 23 1
e 14 24 1
e 14 25 1
e 15 26 1
e 15 27 1
e 16 28 1
e 16 29 1
e 16 30 1
e 17 31 1
e 17 32 1
e 17 33 1
e 18 34 1
e 18 35 1
e 18 36 1
e 19 37 1
e 19 38 1
e 19 39 1
e 20 40 1
e 20 41 1
e 20 42 1
e 21 43 1
e 21 44 1
e 21 45 1
t # 2340
v 0 1
v 1 2
v 2 3
v 3 3
v 4 3
v 5 3
v 6 3
v 7 3
v 8 3
v 9 3
v 10 4
v 11 4
v 12 4
v 13 4
v 14 4
v 15 4
v 16 4
v 17 4
v 18 4
v 19 4
v 20 4
v 21 4
e 1 2 1
e 1 6 1
e 2 4 1
e 2 8 1
e 2 10 1
e 3 5 1
e 3 6 2
e 3 7 1
e 4 7 2
e 4 11 1
e 5 9 1
e 5 12 1
e 5 13 1
e 6 14 1
e 7 15 1
e 8 16 1
e 8 17 1
e 8 18 1
e 9 19 1
e 9 20 1
e 9 21 1
t # 2341
v 0 19
v 1 2
v 2 2
v 3 2
v 4 4
e 3 4 1
t # 2342
v 0 25
v 1 1
v 2 1
v 3 1
v 4 1
v 5 1
v 6 1
v 7 1
v 8 2
v 9 2
v 10 2
v 11 2
v 12 2
v 13 2
v 14 2
v 15 3
v 16 3
v 17 3
v 18 3
v 19 4
v 20 4
v 21 4
v 22 4
v 23 4
v 24 4
v 25 4
v 26 4
v 27 4
v 28 4
v 29 4
v 30 4
v 31 4
v 32 4
e 5 31 1
e 6 32 1
e 8 15 1
e 8 19 1
e 9 16 1
e 9 20 1
e 10 17 1
e 10 21 1
e 11 18 1
e 11 22 1
e 15 18 1
e 15 23 1
e 15 24 1
e 16 17 1
e 16 25 1
e 16 26 1
e 17 27 1
e 17 28 1
e 18 29 1
e 18 30 1
t # 2343
v 0 62
v 1 1
v 2 1
v 3 1
v 4 1
v 5 1
v 6 1
v 7 1
v 8 1
v 9 1
v 10 1
v 11 1
v 12 1
v 13 3
v 14 3
v 15 3
v 16 3
v 17 3
v 18 3
v 19 4
v 20 4
v 21 4
v 22 4
v 23 4
v 24 4
e 1 13 1
e 1 19 1
e 2 14 1
e 2 20 1
e 3 15 1
e 3 21 1
e 4 16 1
e 4 22 1
e 5 17 1
e 5 23 1
e 6 18 1
e 6 24 1
e 7 13 2
e 8 14 2
e 9 15 2
e 10 16 2
e 11 17 2
e 12 18 2
e 13 14 1
e 15 16 1
e 17 18 1
t # 2344
v 0 25
v 1 14
v 2 14
v 3 14
v 4 1
v 5 1
v 6 1
v 7 1
v 8 1
v 9 2
v 10 2
v 11 2
v 12 2
v 13 2
v 14 2
v 15 3
v 16 3
v 17 4
v 18 4
v 19 4
v 20 4
v 21 4
v 22 4
v 23 4
v 24 4
v 25 4
v 26 4
v 27 4
v 28 4
e 4 15 1
e 5 15 2
e 6 27 1
e 7 28 1
e 9 17 1
e 9 18 1
e 10 19 1
e 10 20 1
e 11 21 1
e 11 22 1
e 12 23 1
e 12 24 1
e 13 25 1
e 13 26 1
e 15 16 1
t # 2345
v 0 25
v 1 14
v 2 14
v 3 1
v 4 1
v 5 1
v 6 2
v 7 2
v 8 2
v 9 2
v 10 2
v 11 3
v 12 3
v 13 3
v 14 3
v 15 4
v 16 4
v 17 4
v 18 4
v 19 4
v 20 4
v 21 4
v 22 4
v 23 4
v 24 4
v 25 4
v 26 4
v 27 4
v 28 4
e 3 27 1
e 4 28 1
e 6 11 1
e 6 15 1
e 7 12 1
e 7 16 1
e 8 13 1
e 8 17 1
e 9 14 1
e 9 18 1
e 11 12 1
e 11 19 1
e 11 20 1
e 12 21 1
e 12 22 1
e 13 14 1
e 13 23 1
e 13 24 1
e 14 25 1
e 14 26 1
t # 2346
v 0 1
v 1 1
v 2 1
v 3 1
v 4 2
v 5 2
v 6 2
v 7 3
v 8 3
v 9 3
v 10 3
v 11 3
v 12 4
v 13 4
v 14 4
v 15 4
v 16 4
v 17 4
v 18 4
v 19 4
e 0 8 1
e 0 10 1
e 1 9 1
e 1 17 1
e 2 9 2
e 3 10 2
e 4 7 1
e 4 15 1
e 4 16 1
e 5 11 2
e 6 19 1
e 7 8 1
e 7 9 1
e 7 12 1
e 8 13 1
e 8 14 1
e 10 11 1
e 11 18 1
t # 2347
v 0 19
v 1 2
v 2 2
v 3 2
v 4 2
v 5 2
v 6 2
v 7 2
v 8 3
v 9 3
v 10 3
v 11 3
v 12 3
v 13 3
v 14 3
v 15 3
v 16 3
v 17 3
v 18 3
v 19 4
v 20 4
v 21 4
e 1 8 1
e 1 12 2
e 2 12 1
e 2 20 1
e 2 21 1
e 8 9 1
e 8 10 2
e 9 11 2
e 9 14 1
e 10 13 1
e 10 15 1
e 11 12 1
e 11 16 1
e 13 17 1
e 13 18 1
e 13 19 1
t # 2348
v 0 11
v 1 8
v 2 1
v 3 1
v 4 1
v 5 1
v 6 3
v 7 3
v 8 3
v 9 3
v 10 3
v 11 3
v 12 3
v 13 3
v 14 3
v 15 3
v 16 3
v 17 3
v 18 3
v 19 3
v 20 3
v 21 3
v 22 3
v 23 3
v 24 3
v 25 3
v 26 3
v 27 3
v 28 3
v 29 3
v 30 3
v 31 3
v 32 3
v 33 3
v 34 3
v 35 3
v 36 3
v 37 3
v 38 3
v 39 3
v 40 3
v 41 3
v 42 3
v 43 3
v 44 3
v 45 4
v 46 4
v 47 4
v 48 4
v 49 4
v 50 4
v 51 4
v 52 4
v 53 4
v 54 4
v 55 4
v 56 4
v 57 4
v 58 4
v 59 4
v 60 4
v 61 4
v 62 4
v 63 4
v 64 4
v 65 4
v 66 4
v 67 4
v 68 4
v 69 4
v 70 4
v 71 4
v 72 4
v 73 4
v 74 4
v 75 4
v 76 4
v 77 4
v 78 4
v 79 4
v 80 4
v 81 4
v 82 4
v 83 4
v 84 4
v 85 4
v 86 4
v 87 4
v 88 4
v 89 4
v 90 4
v 91 4
v 92 4
v 93 4
v 94 4
v 95 4
v 96 4
v 97 4
v 98 4
v 99 4
v 100 4
e 2 18 1
e 2 23 1
e 3 20 1
e 3 27 1
e 21 4 1
e 5 44 1
e 6 7 1
e 6 8 1
e 6 45 1
e 6 46 1
e 7 9 1
e 7 47 1
e 7 48 1
e 8 10 1
e 8 49 1
e 8 50 1
e 9 11 1
e 9 51 1
e 9 52 1
e 10 12 1
e 10 53 1
e 10 54 1
e 11 13 1
e 11 55 1
e 11 56 1
e 12 14 1
e 12 57 1
e 12 58 1
e 13 15 1
e 13 59 1
e 13 60 1
e 14 16 1
e 14 61 1
e 14 62 1
e 15 17 1
e 15 63 1
e 15 64 1
e 16 19 1
e 16 65 1
e 16 66 1
e 17 20 1
e 17 67 1
e 17 68 1
e 18 24 1
e 18 25 1
e 18 26 1
e 19 22 1
e 19 69 1
e 19 70 1
e 20 71 1
e 20 72 1
e 21 23 1
e 21 27 1
e 21 73 1
e 22 28 1
e 22 76 1
e 22 77 1
e 23 74 1
e 23 75 1
e 24 29 2
e 24 32 1
e 25 30 2
e 25 33 1
e 26 31 2
e 26 34 1
e 27 78 1
e 27 79 1
e 28 80 1
e 28 81 1
e 28 82 1
e 29 35 1
e 29 83 1
e 30 36 1
e 30 84 1
e 31 37 1
e 31 85 1
e 32 38 2
e 32 86 1
e 33 39 2
e 33 87 1
e 34 40 2
e 34 88 1
e 35 41 2
e 35 89 1
e 36 42 2
e 36 90 1
e 37 43 2
e 37 91 1
e 38 41 1
e 38 92 1
e 39 42 1
e 39 93 1
e 40 43 1
e 40 94 1
e 41 95 1
e 42 96 1
e 43 97 1
e 44 98 1
e 44 99 1
e 44 100 1
t # 2349
v 0 19
v 1 1
v 2 1
v 3 2
v 4 2
v 5 2
v 6 2
v 7 3
v 8 3
v 9 3
v 10 3
v 11 4
v 12 4
v 13 4
v 14 4
v 15 4
v 16 4
e 1 8 2
e 2 9 2
e 3 4 1
e 3 8 1
e 3 11 1
e 4 5 1
e 4 12 1
e 5 7 2
e 6 9 1
e 6 10 1
e 6 13 1
e 7 8 1
e 7 9 1
e 10 14 1
e 10 15 1
e 10 16 1
t # 2350
v 0 19
v 1 1
v 2 1
v 3 1
v 4 1
v 5 1
v 6 1
v 7 2
v 8 2
v 9 2
v 10 2
v 11 2
v 12 2
v 13 3
v 14 3
v 15 3
v 16 3
v 17 3
v 18 3
v 19 3
v 20 3
v 21 3
v 22 3
v 23 3
v 24 3
v 25 3
v 26 3
v 27 3
v 28 4
v 29 4
v 30 4
v 31 4
v 32 4
v 33 4
v 34 4
v 35 4
v 36 4
v 37 4
e 1 14 2
e 2 18 2
e 7 8 1
e 7 13 1
e 7 14 1
e 8 10 1
e 8 29 1
e 9 18 1
e 9 20 1
e 9 31 1
e 10 15 2
e 11 19 1
e 12 25 1
e 13 16 2
e 13 17 1
e 14 15 1
e 15 18 1
e 16 19 1
e 16 28 1
e 17 21 2
e 17 30 1
e 19 22 2
e 20 23 2
e 20 24 1
e 21 22 1
e 21 32 1
e 22 33 1
e 23 25 1
e 23 34 1
e 24 26 2
e 24 35 1
e 25 27 2
e 26 27 1
e 26 36 1
e 27 37 1
t # 2351
v 0 19
v 1 1
v 2 1
v 3 1
v 4 2
v 5 2
v 6 2
v 7 2
v 8 3
v 9 3
v 10 3
v 11 3
v 12 3
v 13 3
v 14 3
v 15 3
v 16 3
v 17 3
v 18 4
v 19 4
v 20 4
v 21 4
v 22 4
v 23 4
v 24 4
v 25 4
v 26 4
v 27 4
e 1 13 1
e 1 17 1
e 2 9 2
e 3 16 2
e 4 5 1
e 4 8 1
e 4 9 1
e 5 6 1
e 5 20 1
e 6 12 2
e 7 16 1
e 7 26 1
e 7 27 1
e 8 10 2
e 8 11 1
e 9 12 1
e 10 14 1
e 10 18 1
e 11 15 2
e 11 19 1
e 12 16 1
e 13 14 2
e 13 15 1
e 14 21 1
e 15 22 1
e 17 23 1
e 17 24 1
e 17 25 1
t # 2352
v 0 11
v 1 1
v 2 1
v 3 1
v 4 1
v 5 2
v 6 2
v 7 2
v 8 2
v 9 3
v 10 3
v 11 3
v 12 3
v 13 3
v 14 3
v 15 3
v 16 3
v 17 3
v 18 3
v 19 3
v 20 3
v 21 3
v 22 3
v 23 3
v 24 3
v 25 3
v 26 3
v 27 3
v 28 3
v 29 3
v 30 3
v 31 3
v 32 3
v 33 3
v 34 3
v 35 3
v 36 3
v 37 3
v 38 3
v 39 3
v 40 3
v 41 3
v 42 3
v 43 3
v 44 3
v 45 3
v 46 3
v 47 4
v 48 4
v 49 4
v 50 4
v 51 4
v 52 4
v 53 4
v 54 4
v 55 4
v 56 4
v 57 4
v 58 4
v 59 4
v 60 4
v 61 4
v 62 4
v 63 4
v 64 4
v 65 4
v 66 4
v 67 4
v 68 4
v 69 4
v 70 4
v 71 4
v 72 4
v 73 4
v 74 4
v 75 4
v 76 4
v 77 4
v 78 4
v 79 4
v 80 4
v 81 4
v 82 4
e 0 33 1
e 0 44 1
e 1 19 2
e 2 26 2
e 3 37 1
e 3 45 1
e 4 43 1
e 4 46 1
e 5 11 1
e 5 17 1
e 5 52 1
e 6 12 2
e 6 18 1
e 7 17 1
e 7 33 2
e 8 26 1
e 8 33 1
e 8 40 1
e 9 10 1
e 9 11 1
e 9 12 1
e 9 47 1
e 10 13 1
e 10 14 1
e 10 48 1
e 11 15 1
e 11 49 1
e 12 16 1
e 13 19 1
e 13 50 1
e 13 51 1
e 14 20 2
e 14 21 1
e 15 22 2
e 15 23 1
e 16 24 2
e 16 25 1
e 17 18 2
e 18 26 1
e 19 27 1
e 20 28 1
e 20 53 1
e 21 29 2
e 21 54 1
e 22 30 1
e 22 55 1
e 23 31 2
e 23 56 1
e 24 35 1
e 24 57 1
e 25 36 2
e 25 58 1
e 27 38 2
e 27 39 1
e 28 32 2
e 28 59 1
e 29 32 1
e 29 60 1
e 30 34 2
e 30 61 1
e 31 34 1
e 31 62 1
e 32 63 1
e 34 64 1
e 35 37 2
e 35 65 1
e 36 37 1
e 36 66 1
e 38 41 1
e 38 67 1
e 39 42 2
e 39 68 1
e 40 69 1
e 40 70 1
e 40 71 1
e 41 43 2
e 41 72 1
e 42 43 1
e 42 73 1
e 44 74 1
e 44 75 1
e 44 76 1
e 45 77 1
e 45 78 1
e 45 79 1
e 46 80 1
e 46 81 1
e 46 82 1
t # 2353
v 0 11
v 1 1
v 2 1
v 3 2
v 4 2
v 5 2
v 6 2
v 7 3
v 8 3
v 9 3
v 10 3
v 11 3
v 12 3
v 13 3
v 14 3
v 15 3
v 16 3
v 17 3
v 18 3
v 19 3
v 20 3
v 21 3
v 22 3
v 23 3
v 24 3
v 25 3
v 26 3
v 27 3
v 28 3
v 29 3
v 30 3
v 31 3
v 32 3
v 33 3
v 34 3
v 35 3
v 36 3
v 37 3
v 38 3
v 39 3
v 40 3
v 41 3
v 42 3
v 43 4
v 44 4
v 45 4
v 46 4
v 47 4
v 48 4
v 49 4
v 50 4
v 51 4
v 52 4
v 53 4
v 54 4
v 55 4
v 56 4
v 57 4
v 58 4
v 59 4
v 60 4
v 61 4
v 62 4
v 63 4
v 64 4
v 65 4
v 66 4
v 67 4
v 68 4
v 69 4
v 70 4
v 71 4
v 72 4
v 73 4
v 74 4
e 0 31 1
e 0 42 1
e 1 17 2
e 2 24 2
e 3 9 1
e 3 15 1
e 3 48 1
e 4 10 2
e 4 16 1
e 5 15 1
e 5 31 2
e 6 24 1
e 6 31 1
e 6 38 1
e 7 8 1
e 7 9 1
e 7 10 1
e 7 43 1
e 8 11 1
e 8 12 1
e 8 44 1
e 9 13 1
e 9 45 1
e 10 14 1
e 11 17 1
e 11 46 1
e 11 47 1
e 12 18 2
e 12 19 1
e 13 20 2
e 13 21 1
e 14 22 2
e 14 23 1
e 15 16 2
e 16 24 1
e 17 25 1
e 18 26 1
e 18 49 1
e 19 27 2
e 19 50 1
e 20 28 1
e 20 51 1
e 21 29 2
e 21 52 1
e 22 33 1
e 22 53 1
e 23 34 2
e 23 54 1
e 25 35 2
e 25 36 1
e 26 30 2
e 26 55 1
e 27 30 1
e 27 56 1
e 28 32 2
e 28 57 1
e 29 32 1
e 29 58 1
e 30 59 1
e 32 60 1
e 33 37 2
e 33 61 1
e 34 37 1
e 34 62 1
e 35 39 1
e 35 63 1
e 36 40 2
e 36 64 1
e 37 65 1
e 38 66 1
e 38 67 1
e 38 68 1
e 39 41 2
e 39 69 1
e 40 41 1
e 40 70 1
e 41 71 1
e 42 72 1
e 42 73 1
e 42 74 1
t # 2354
v 0 1
v 1 1
v 2 1
v 3 2
v 4 2
v 5 2
v 6 2
v 7 3
v 8 3
v 9 3
v 10 3
v 11 3
v 12 3
v 13 3
v 14 3
v 15 3
v 16 3
v 17 3
v 18 3
v 19 3
v 20 3
v 21 3
v 22 3
v 23 3
v 24 3
v 25 3
v 26 3
v 27 3
v 28 3
v 29 3
v 30 3
v 31 3
v 32 3
v 33 3
v 34 3
v 35 3
v 36 3
v 37 3
v 38 3
v 39 3
v 40 3
v 41 3
v 42 3
v 43 4
v 44 4
v 45 4
v 46 4
v 47 4
v 48 4
v 49 4
v 50 4
v 51 4
v 52 4
v 53 4
v 54 4
v 55 4
v 56 4
v 57 4
v 58 4
v 59 4
v 60 4
v 61 4
v 62 4
v 63 4
v 64 4
v 65 4
v 66 4
v 67 4
v 68 4
v 69 4
v 70 4
v 71 4
v 72 4
v 73 4
v 74 4
e 0 17 2
e 1 24 2
e 2 31 1
e 2 42 1
e 3 9 1
e 3 15 1
e 3 48 1
e 4 10 2
e 4 16 1
e 5 15 1
e 5 31 2
e 6 24 1
e 6 31 1
e 6 38 1
e 7 8 1
e 7 9 1
e 7 10 1
e 7 43 1
e 8 11 1
e 8 12 1
e 8 44 1
e 9 13 1
e 9 45 1
e 10 14 1
e 11 17 1
e 11 46 1
e 11 47 1
e 12 18 2
e 12 19 1
e 13 20 2
e 13 21 1
e 14 22 2
e 14 23 1
e 15 16 2
e 16 24 1
e 17 25 1
e 18 26 1
e 18 49 1
e 19 27 2
e 19 50 1
e 20 28 1
e 20 51 1
e 21 29 2
e 21 52 1
e 22 33 1
e 22 53 1
e 23 34 2
e 23 54 1
e 25 35 2
e 25 36 1
e 26 30 2
e 26 55 1
e 27 30 1
e 27 56 1
e 28 32 2
e 28 57 1
e 29 32 1
e 29 58 1
e 30 59 1
e 32 60 1
e 33 37 2
e 33 61 1
e 34 37 1
e 34 62 1
e 35 39 1
e 35 63 1
e 36 40 2
e 36 64 1
e 37 65 1
e 38 66 1
e 38 67 1
e 38 68 1
e 39 41 2
e 39 69 1
e 40 41 1
e 40 70 1
e 41 71 1
e 42 72 1
e 42 73 1
e 42 74 1
t # 2355
v 0 11
v 1 11
v 2 11
v 3 11
v 4 19
v 5 1
v 6 1
v 7 1
v 8 1
v 9 1
v 10 1
v 11 1
v 12 1
v 13 1
v 14 1
v 15 1
v 16 1
v 17 2
v 18 2
v 19 3
v 20 3
v 21 3
v 22 3
v 23 3
v 24 3
v 25 3
v 26 3
v 27 3
v 28 3
v 29 3
v 30 3
v 31 3
v 32 3
v 33 4
v 34 4
v 35 4
v 36 4
v 37 4
v 38 4
v 39 4
v 40 4
v 41 4
v 42 4
v 43 4
v 44 4
v 45 4
v 46 4
v 47 4
v 48 4
v 49 4
v 50 4
e 0 8 2
e 0 9 2
e 0 19 1
e 1 10 2
e 1 11 2
e 1 19 1
e 2 12 2
e 2 13 2
e 2 21 1
e 3 15 2
e 3 16 2
e 3 21 1
e 5 22 1
e 6 24 1
e 7 25 1
e 14 46 1
e 17 26 1
e 17 27 1
e 17 45 1
e 18 26 2
e 18 28 1
e 19 20 1
e 19 33 1
e 20 22 1
e 20 34 1
e 20 35 1
e 21 23 1
e 21 36 1
e 22 37 1
e 22 38 1
e 23 26 1
e 23 39 1
e 23 40 1
e 24 25 1
e 24 41 1
e 24 42 1
e 25 43 1
e 25 44 1
e 27 28 1
e 27 29 2
e 28 30 2
e 29 31 1
e 29 47 1
e 30 32 1
e 30 48 1
e 31 32 2
e 31 49 1
e 32 50 1
t # 2356
v 0 11
v 1 19
v 2 1
v 3 1
v 4 1
v 5 1
v 6 1
v 7 2
v 8 2
v 9 3
v 10 3
v 11 3
v 12 3
v 13 3
v 14 3
v 15 3
v 16 3
v 17 3
v 18 3
v 19 3
v 20 3
v 21 3
v 22 3
v 23 3
v 24 3
v 25 3
v 26 3
v 27 3
v 28 3
v 29 4
v 30 4
v 31 4
v 32 4
v 33 4
v 34 4
v 35 4
v 36 4
v 37 4
v 38 4
v 39 4
v 40 4
v 41 4
v 42 4
v 43 4
v 44 4
v 45 4
v 46 4
v 47 4
v 48 4
v 49 4
v 50 4
v 51 4
v 52 4
e 0 9 1
e 0 10 1
e 2 13 2
e 3 16 1
e 3 40 1
e 4 16 2
e 5 18 1
e 5 23 1
e 6 17 2
e 7 9 1
e 7 11 1
e 7 13 1
e 12 8 1
e 8 17 1
e 8 38 1
e 9 12 1
e 9 29 1
e 10 11 1
e 10 14 1
e 10 15 1
e 11 16 1
e 11 30 1
e 12 13 1
e 12 31 1
e 14 32 1
e 14 33 1
e 14 34 1
e 15 35 1
e 15 36 1
e 15 37 1
e 17 18 1
e 18 19 1
e 18 39 1
e 19 20 2
e 19 24 1
e 20 21 1
e 20 25 1
e 21 22 1
e 21 41 1
e 21 42 1
e 22 23 1
e 22 43 1
e 22 44 1
e 23 45 1
e 23 46 1
e 24 26 2
e 24 47 1
e 25 27 2
e 25 48 1
e 26 27 1
e 26 28 1
e 27 49 1
e 28 50 1
e 28 51 1
e 28 52 1
t # 2357
v 0 19
v 1 1
v 2 1
v 3 1
v 4 1
v 5 1
v 6 1
v 7 1
v 8 1
v 9 1
v 10 1
v 11 1
v 12 1
v 13 1
v 14 2
v 15 3
v 16 3
v 17 3
v 18 3
v 19 3
v 20 3
v 21 3
v 22 3
v 23 3
v 24 3
v 25 3
v 26 3
v 27 3
v 28 3
v 29 3
v 30 3
v 31 3
v 32 3
v 33 3
v 34 3
v 35 3
v 36 3
v 37 3
v 38 3
v 39 3
v 40 3
v 41 3
v 42 3
v 43 3
v 44 3
v 45 3
v 46 3
v 47 3
v 48 3
v 49 3
v 50 3
v 51 3
v 52 3
v 53 3
v 54 4
v 55 4
v 56 4
v 57 4
v 58 4
v 59 4
v 60 4
v 61 4
v 62 4
v 63 4
v 64 4
v 65 4
v 66 4
v 67 4
v 68 4
v 69 4
v 70 4
v 71 4
v 72 4
v 73 4
v 74 4
v 75 4
v 76 4
v 77 4
v 78 4
v 79 4
v 80 4
v 81 4
v 82 4
v 83 4
v 84 4
v 85 4
v 86 4
v 87 4
v 88 4
v 89 4
v 90 4
v 91 4
v 92 4
v 93 4
v 94 4
v 95 4
v 96 4
v 97 4
v 98 4
v 99 4
v 100 4
v 101 4
v 102 4
v 103 4
v 104 4
v 105 4
v 106 4
v 107 4
v 108 4
v 109 4
v 110 4
v 111 4
v 112 4
v 113 4
v 114 4
v 115 4
v 116 4
v 117 4
v 118 4
v 119 4
v 120 4
v 121 4
v 122 4
v 123 4
v 124 4
v 125 4
v 126 4
v 127 4
v 128 4
e 1 17 1
e 1 19 1
e 2 17 1
e 2 20 1
e 3 15 1
e 3 67 1
e 4 16 1
e 4 70 1
e 5 18 1
e 5 73 1
e 6 21 1
e 6 76 1
e 7 22 1
e 7 81 1
e 8 23 1
e 8 82 1
e 9 25 1
e 9 89 1
e 10 27 1
e 10 104 1
e 11 29 2
e 12 53 1
e 12 128 1
e 13 53 2
e 14 24 1
e 14 26 1
e 14 29 1
e 15 16 1
e 15 17 1
e 15 54 1
e 16 18 1
e 16 55 1
e 17 56 1
e 18 19 1
e 18 57 1
e 19 25 1
e 19 58 1
e 20 21 1
e 20 23 1
e 20 59 1
e 21 22 1
e 21 60 1
e 22 24 1
e 22 61 1
e 23 27 1
e 23 62 1
e 24 63 1
e 24 64 1
e 25 65 1
e 25 66 1
e 26 28 1
e 26 68 1
e 26 69 1
e 27 71 1
e 27 72 1
e 28 30 1
e 28 74 1
e 28 75 1
e 29 31 1
e 30 33 1
e 30 77 1
e 30 78 1
e 31 32 1
e 31 79 1
e 31 80 1
e 32 34 1
e 32 83 1
e 32 84 1
e 33 36 1
e 33 85 1
e 33 86 1
e 34 35 1
e 34 87 1
e 34 88 1
e 35 37 1
e 35 90 1
e 35 91 1
e 36 39 1
e 36 92 1
e 36 93 1
e 37 38 1
e 37 94 1
e 37 95 1
e 38 40 1
e 38 96 1
e 38 97 1
e 39 43 1
e 39 98 1
e 39 99 1
e 40 41 1
e 40 100 1
e 40 101 1
e 41 42 1
e 41 102 1
e 41 103 1
e 42 44 1
e 42 105 1
e 42 106 1
e 43 45 1
e 43 107 1
e 43 108 1
e 44 46 1
e 44 109 1
e 44 110 1
e 45 48 1
e 45 111 1
e 45 112 1
e 46 47 1
e 46 113 1
e 46 114 1
e 47 49 1
e 47 115 1
e 47 116 1
e 48 50 1
e 48 117 1
e 48 118 1
e 49 51 1
e 49 119 1
e 49 120 1
e 50 53 1
e 50 121 1
e 50 122 1
e 51 52 1
e 51 123 1
e 51 124 1
e 52 125 1
e 52 126 1
e 52 127 1
t # 2358
v 0 19
v 1 1
v 2 1
v 3 2
v 4 2
v 5 2
v 6 2
v 7 3
v 8 3
v 9 3
v 10 3
v 11 3
v 12 3
v 13 3
v 14 3
v 15 3
v 16 4
v 17 4
v 18 4
v 19 4
v 20 4
v 21 4
v 22 4
v 23 4
e 1 8 2
e 2 15 2
e 3 4 1
e 3 7 1
e 3 8 1
e 4 5 1
e 4 16 1
e 5 9 2
e 6 15 1
e 6 22 1
e 6 23 1
e 7 10 2
e 7 11 1
e 8 9 1
e 9 15 1
e 10 12 1
e 10 17 1
e 11 13 2
e 11 18 1
e 12 14 2
e 12 19 1
e 13 14 1
e 13 20 1
e 14 21 1
t # 2359
v 0 19
v 1 1
v 2 1
v 3 1
v 4 1
v 5 2
v 6 2
v 7 2
v 8 2
v 9 3
v 10 3
v 11 3
v 12 3
v 13 3
v 14 3
v 15 3
v 16 3
v 17 3
v 18 3
v 19 3
v 20 3
v 21 4
v 22 4
v 23 4
v 24 4
v 25 4
v 26 4
v 27 4
v 28 4
v 29 4
v 30 4
v 31 4
v 32 4
e 1 17 1
e 1 19 1
e 2 13 2
e 3 17 2
e 4 18 2
e 5 6 1
e 5 9 1
e 5 13 1
e 6 7 1
e 6 25 1
e 7 16 2
e 8 18 1
e 8 31 1
e 8 32 1
e 9 10 2
e 9 11 1
e 10 14 1
e 10 21 1
e 11 15 2
e 11 22 1
e 12 14 2
e 12 15 1
e 12 17 1
e 13 16 1
e 14 23 1
e 15 24 1
e 16 18 1
e 19 20 1
e 19 26 1
e 19 27 1
e 20 28 1
e 20 29 1
e 20 30 1
t # 2360
v 0 19
v 1 1
v 2 1
v 3 2
v 4 2
v 5 2
v 6 2
v 7 3
v 8 3
v 9 3
v 10 3
v 11 3
v 12 3
v 13 3
v 14 3
v 15 3
v 16 3
v 17 4
v 18 4
v 19 4
v 20 4
v 21 4
v 22 4
v 23 4
v 24 4
v 25 4
v 26 4
e 1 9 2
e 2 13 2
e 3 7 1
e 3 9 1
e 3 19 1
e 4 6 1
e 4 13 1
e 4 25 1
e 5 6 1
e 5 10 2
e 6 26 1
e 7 8 1
e 7 17 1
e 7 18 1
e 8 11 2
e 8 12 1
e 9 10 1
e 10 13 1
e 11 14 1
e 11 20 1
e 12 15 2
e 12 21 1
e 14 16 2
e 14 22 1
e 15 16 1
e 15 23 1
e 16 24 1
t # 2361
v 0 19
v 1 1
v 2 1
v 3 2
v 4 2
v 5 2
v 6 2
v 7 3
v 8 3
v 9 3
v 10 3
v 11 3
v 12 3
v 13 3
v 14 3
v 15 3
v 16 3
v 17 4
v 18 4
v 19 4
v 20 4
v 21 4
v 22 4
v 23 4
v 24 4
v 25 4
v 26 4
e 1 8 2
e 2 16 2
e 3 4 1
e 3 7 1
e 3 8 1
e 4 5 1
e 4 19 1
e 5 12 2
e 6 16 1
e 6 25 1
e 6 26 1
e 7 9 2
e 7 10 1
e 8 12 1
e 9 13 1
e 9 17 1
e 10 14 2
e 10 18 1
e 11 13 2
e 11 14 1
e 11 15 1
e 12 16 1
e 13 20 1
e 14 21 1
e 15 22 1
e 15 23 1
e 15 24 1
t # 2362
v 0 11
v 1 19
v 2 1
v 3 1
v 4 2
v 5 2
v 6 2
v 7 2
v 8 3
v 9 3
v 10 3
v 11 3
v 12 3
v 13 3
v 14 3
v 15 3
v 16 3
v 17 3
v 18 3
v 19 3
v 20 3
v 21 3
v 22 4
v 23 4
v 24 4
v 25 4
v 26 4
v 27 4
v 28 4
v 29 4
v 30 4
v 31 4
v 32 4
v 33 4
e 0 2 2
e 0 3 2
e 0 8 1
e 4 9 1
e 4 22 1
e 5 9 2
e 5 12 1
e 6 13 1
e 6 17 2
e 7 16 1
e 7 32 1
e 7 33 1
e 8 10 2
e 8 11 1
e 9 17 1
e 10 14 1
e 10 23 1
e 11 15 2
e 11 24 1
e 12 13 1
e 12 18 2
e 13 19 2
e 14 16 2
e 14 25 1
e 15 16 1
e 15 26 1
e 17 27 1
e 18 20 1
e 18 28 1
e 19 21 1
e 19 29 1
e 20 21 2
e 20 30 1
e 21 31 1
t # 2363
v 0 11
v 1 11
v 2 11
v 3 19
v 4 1
v 5 1
v 6 1
v 7 1
v 8 1
v 9 1
v 10 1
v 11 1
v 12 1
v 13 1
v 14 1
v 15 2
v 16 2
v 17 3
v 18 3
v 19 3
v 20 3
v 21 3
v 22 3
v 23 3
v 24 3
v 25 3
v 26 3
v 27 3
v 28 3
v 29 3
v 30 3
v 31 3
v 32 3
v 33 3
v 34 3
v 35 3
v 36 3
v 37 3
v 38 3
v 39 4
v 40 4
v 41 4
v 42 4
v 43 4
v 44 4
v 45 4
v 46 4
v 47 4
v 48 4
v 49 4
v 50 4
v 51 4
v 52 4
v 53 4
v 54 4
v 55 4
v 56 4
v 57 4
v 58 4
e 0 6 2
e 0 7 2
e 0 20 1
e 1 10 2
e 1 11 2
e 1 21 1
e 2 13 2
e 2 14 2
e 2 23 1
e 4 50 1
e 5 51 1
e 8 31 1
e 8 37 1
e 9 52 1
e 12 33 1
e 12 38 1
e 15 19 1
e 15 27 1
e 15 41 1
e 16 29 1
e 16 32 2
e 17 18 1
e 17 19 2
e 17 20 1
e 18 21 2
e 18 22 1
e 19 25 1
e 20 24 2
e 21 26 1
e 22 23 2
e 22 39 1
e 23 24 1
e 24 40 1
e 25 26 2
e 25 42 1
e 26 43 1
e 27 28 1
e 27 30 2
e 28 29 1
e 28 31 2
e 29 33 2
e 30 32 1
e 30 44 1
e 31 34 1
e 32 36 1
e 33 35 1
e 34 35 2
e 34 45 1
e 35 46 1
e 36 47 1
e 36 48 1
e 36 49 1
e 37 53 1
e 37 54 1
e 37 55 1
e 38 56 1
e 38 57 1
e 38 58 1
t # 2364
v 0 11
v 1 11
v 2 11
v 3 11
v 4 19
v 5 1
v 6 1
v 7 1
v 8 1
v 9 1
v 10 1
v 11 1
v 12 1
v 13 1
v 14 1
v 15 1
v 16 1
v 17 1
v 18 1
v 19 1
v 20 1
v 21 1
v 22 1
v 23 1
v 24 1
v 25 1
v 26 2
v 27 2
v 28 2
v 29 2
v 30 2
v 31 2
v 32 2
v 33 2
v 34 3
v 35 3
v 36 3
v 37 3
v 38 3
v 39 3
v 40 3
v 41 3
v 42 3
v 43 3
v 44 3
v 45 3
v 46 3
v 47 3
v 48 3
v 49 3
v 50 3
v 51 3
v 52 3
v 53 3
v 54 3
v 55 3
v 56 3
v 57 3
v 58 3
v 59 3
v 60 3
v 61 3
v 62 3
v 63 3
v 64 3
v 65 3
v 66 3
v 67 3
v 68 3
v 69 3
v 70 3
v 71 3
v 72 3
v 73 3
v 74 3
v 75 3
v 76 3
v 77 3
v 78 3
v 79 3
v 80 3
v 81 3
v 82 3
v 83 4
v 84 4
v 85 4
v 86 4
v 87 4
v 88 4
v 89 4
v 90 4
v 91 4
v 92 4
v 93 4
v 94 4
v 95 4
v 96 4
v 97 4
v 98 4
v 99 4
v 100 4
v 101 4
v 102 4
v 103 4
v 104 4
v 105 4
v 106 4
v 107 4
v 108 4
v 109 4
v 110 4
v 111 4
v 112 4
v 113 4
v 114 4
v 115 4
v 116 4
v 117 4
v 118 4
v 119 4
v 120 4
v 121 4
v 122 4
v 123 4
v 124 4
v 125 4
v 126 4
v 127 4
v 128 4
v 129 4
v 130 4
v 131 4
v 132 4
v 133 4
v 134 4
v 135 4
v 136 4
v 137 4
v 138 4
v 139 4
v 140 4
v 141 4
v 142 4
v 143 4
v 144 4
e 0 18 2
e 0 19 2
e 0 75 1
e 1 20 2
e 1 21 2
e 1 76 1
e 2 22 2
e 2 23 2
e 2 81 1
e 3 24 2
e 3 25 2
e 3 82 1
e 5 44 2
e 6 45 2
e 7 50 2
e 8 51 2
e 9 56 2
e 10 61 1
e 10 139 1
e 11 62 1
e 11 140 1
e 12 61 2
e 13 62 2
e 14 141 1
e 15 142 1
e 16 143 1
e 17 144 1
e 26 36 1
e 26 50 1
e 26 101 1
e 27 37 1
e 27 51 1
e 27 102 1
e 28 44 1
e 28 46 1
e 28 107 1
e 29 45 1
e 29 47 1
e 29 108 1
e 30 42 1
e 30 56 1
e 30 109 1
e 31 43 1
e 31 56 1
e 31 110 1
e 32 48 1
e 32 119 1
e 32 120 1
e 33 49 1
e 33 121 1
e 33 122 1
e 34 36 1
e 34 38 1
e 34 83 1
e 34 84 1
e 35 37 1
e 35 39 1
e 35 85 1
e 35 86 1
e 36 44 1
e 36 87 1
e 37 45 1
e 37 88 1
e 38 40 1
e 38 89 1
e 38 90 1
e 39 41 1
e 39 91 1
e 39 92 1
e 40 42 1
e 40 93 1
e 40 94 1
e 41 43 1
e 41 95 1
e 41 96 1
e 42 97 1
e 42 98 1
e 43 99 1
e 43 100 1
e 46 52 1
e 46 61 1
e 46 103 1
e 47 53 1
e 47 62 1
e 47 104 1
e 48 50 1
e 48 54 1
e 48 105 1
e 49 51 1
e 49 55 1
e 49 106 1
e 52 57 1
e 52 111 1
e 52 112 1
e 53 58 1
e 53 113 1
e 53 114 1
e 54 59 1
e 54 115 1
e 54 116 1
e 55 60 1
e 55 117 1
e 55 118 1
e 57 63 2
e 57 65 1
e 58 64 2
e 58 66 1
e 59 67 2
e 59 69 1
e 60 68 2
e 60 70 1
e 63 71 1
e 63 123 1
e 64 72 1
e 64 124 1
e 65 73 2
e 65 125 1
e 66 74 2
e 66 126 1
e 67 77 1
e 67 127 1
e 68 78 1
e 68 128 1
e 69 79 2
e 69 129 1
e 70 80 2
e 70 130 1
e 71 75 2
e 71 131 1
e 72 76 2
e 72 132 1
e 73 75 1
e 73 133 1
e 74 76 1
e 74 134 1
e 77 81 2
e 77 135 1
e 78 82 2
e 78 136 1
e 79 81 1
e 79 137 1
e 80 82 1
e 80 138 1
t # 2365
v 0 8
v 1 8
v 2 8
v 3 8
v 4 19
v 5 1
v 6 1
v 7 1
v 8 1
v 9 1
v 10 1
v 11 1
v 12 1
v 13 1
v 14 1
v 15 1
v 16 1
v 17 1
v 18 1
v 19 1
v 20 1
v 21 1
v 22 2
v 23 2
v 24 2
v 25 2
v 26 2
v 27 2
v 28 3
v 29 3
v 30 3
v 31 3
v 32 3
v 33 3
v 34 3
v 35 3
v 36 3
v 37 3
v 38 3
v 39 3
v 40 3
v 41 3
v 42 3
v 43 3
v 44 3
v 45 3
v 46 3
v 47 3
v 48 3
v 49 3
v 50 3
v 51 3
v 52 3
v 53 3
v 54 3
v 55 3
v 56 3
v 57 3
v 58 3
v 59 3
v 60 3
v 61 3
v 62 3
v 63 3
v 64 3
v 65 3
v 66 3
v 67 3
v 68 3
v 69 3
v 70 3
v 71 3
v 72 3
v 73 3
v 74 3
v 75 4
v 76 4
v 77 4
v 78 4
v 79 4
v 80 4
v 81 4
v 82 4
v 83 4
v 84 4
v 85 4
v 86 4
v 87 4
v 88 4
v 89 4
v 90 4
v 91 4
v 92 4
v 93 4
v 94 4
v 95 4
v 96 4
v 97 4
v 98 4
v 99 4
v 100 4
v 101 4
v 102 4
v 103 4
v 104 4
v 105 4
v 106 4
v 107 4
v 108 4
v 109 4
v 110 4
v 111 4
v 112 4
v 113 4
v 114 4
v 115 4
v 116 4
v 117 4
v 118 4
v 119 4
v 120 4
v 121 4
v 122 4
e 5 97 1
e 6 98 1
e 7 99 1
e 8 100 1
e 9 101 1
e 10 102 1
e 11 103 1
e 12 104 1
e 17 44 2
e 18 45 2
e 19 60 2
e 20 61 2
e 21 74 2
e 22 34 1
e 22 44 1
e 22 89 1
e 23 35 1
e 23 45 1
e 23 90 1
e 24 48 1
e 24 60 1
e 24 105 1
e 25 49 1
e 25 61 1
e 25 106 1
e 26 66 1
e 26 74 1
e 26 121 1
e 27 67 1
e 27 74 1
e 27 122 1
e 28 32 1
e 28 34 2
e 28 36 1
e 29 33 1
e 29 35 2
e 29 37 1
e 30 36 2
e 30 38 1
e 30 40 1
e 31 37 2
e 31 39 1
e 31 41 1
e 32 75 1
e 32 76 1
e 33 77 1
e 33 78 1
e 34 42 1
e 35 43 1
e 36 79 1
e 37 80 1
e 38 81 1
e 38 82 1
e 39 83 1
e 39 84 1
e 40 42 2
e 40 85 1
e 41 43 2
e 41 86 1
e 42 87 1
e 43 88 1
e 44 46 1
e 45 47 1
e 46 50 2
e 46 54 1
e 47 51 2
e 47 55 1
e 48 50 1
e 48 52 2
e 49 51 1
e 49 53 2
e 50 91 1
e 51 92 1
e 52 56 1
e 52 58 1
e 53 57 1
e 53 59 1
e 54 56 2
e 54 93 1
e 55 57 2
e 55 94 1
e 56 95 1
e 57 96 1
e 58 107 1
e 58 108 1
e 58 109 1
e 59 110 1
e 59 111 1
e 59 112 1
e 60 62 1
e 61 63 1
e 62 64 2
e 62 68 1
e 63 65 2
e 63 69 1
e 64 66 1
e 64 113 1
e 65 67 1
e 65 114 1
e 66 70 2
e 67 71 2
e 68 72 2
e 68 115 1
e 69 73 2
e 69 116 1
e 70 72 1
e 70 117 1
e 71 73 1
e 71 118 1
e 72 119 1
e 73 120 1
t # 2366
v 0 8
v 1 8
v 2 19
v 3 1
v 4 1
v 5 1
v 6 1
v 7 1
v 8 1
v 9 1
v 10 1
v 11 1
v 12 1
v 13 1
v 14 2
v 15 2
v 16 2
v 17 2
v 18 2
v 19 2
v 20 3
v 21 3
v 22 3
v 23 3
v 24 3
v 25 3
v 26 3
v 27 3
v 28 3
v 29 3
v 30 3
v 31 3
v 32 3
v 33 3
v 34 3
v 35 3
v 36 3
v 37 3
v 38 3
v 39 3
v 40 3
v 41 3
v 42 3
v 43 3
v 44 3
v 45 3
v 46 3
v 47 3
v 48 3
v 49 3
v 50 3
v 51 3
v 52 3
v 53 3
v 54 3
v 55 3
v 56 3
v 57 3
v 58 3
v 59 3
v 60 3
v 61 3
v 62 3
v 63 3
v 64 3
v 65 4
v 66 4
v 67 4
v 68 4
v 69 4
v 70 4
v 71 4
v 72 4
v 73 4
v 74 4
v 75 4
v 76 4
v 77 4
v 78 4
v 79 4
v 80 4
v 81 4
v 82 4
v 83 4
v 84 4
v 85 4
v 86 4
v 87 4
v 88 4
v 89 4
v 90 4
v 91 4
v 92 4
v 93 4
v 94 4
v 95 4
v 96 4
v 97 4
v 98 4
v 99 4
v 100 4
v 101 4
v 102 4
v 103 4
v 104 4
v 105 4
v 106 4
e 3 103 1
e 4 104 1
e 5 105 1
e 6 106 1
e 7 42 2
e 8 43 2
e 11 52 2
e 12 53 2
e 13 64 2
e 14 32 1
e 14 42 1
e 14 83 1
e 15 33 1
e 15 43 1
e 15 84 1
e 16 20 1
e 16 52 1
e 16 85 1
e 17 21 1
e 17 53 1
e 17 86 1
e 18 54 1
e 18 64 1
e 18 99 1
e 19 55 1
e 19 64 1
e 19 100 1
e 20 24 2
e 20 30 1
e 21 25 2
e 21 31 1
e 22 28 1
e 22 38 2
e 22 40 1
e 23 29 1
e 23 39 2
e 23 41 1
e 24 34 1
e 24 48 1
e 25 35 1
e 25 49 1
e 26 30 2
e 26 36 1
e 26 42 1
e 27 31 2
e 27 37 1
e 27 43 1
e 28 65 1
e 28 66 1
e 29 67 1
e 29 68 1
e 30 69 1
e 31 70 1
e 32 44 2
e 32 46 1
e 33 45 2
e 33 47 1
e 34 36 2
e 34 71 1
e 35 37 2
e 35 72 1
e 36 73 1
e 37 74 1
e 38 44 1
e 38 75 1
e 39 45 1
e 39 76 1
e 40 46 2
e 40 77 1
e 41 47 2
e 41 78 1
e 44 79 1
e 45 80 1
e 46 81 1
e 47 82 1
e 48 87 1
e 48 88 1
e 48 89 1
e 49 90 1
e 49 91 1
e 49 92 1
e 50 52 1
e 50 56 2
e 50 58 1
e 51 53 1
e 51 57 2
e 51 59 1
e 54 56 1
e 54 60 2
e 55 57 1
e 55 61 2
e 56 93 1
e 57 94 1
e 58 62 2
e 58 95 1
e 59 63 2
e 59 96 1
e 60 62 1
e 60 97 1
e 61 63 1
e 61 98 1
e 62 101 1
e 63 102 1
t # 2367
v 0 8
v 1 8
v 2 19
v 3 1
v 4 1
v 5 1
v 6 1
v 7 1
v 8 1
v 9 1
v 10 1
v 11 1
v 12 2
v 13 2
v 14 2
v 15 2
v 16 3
v 17 3
v 18 3
v 19 3
v 20 3
v 21 3
v 22 3
v 23 3
v 24 3
v 25 3
v 26 3
v 27 3
v 28 3
v 29 3
v 30 3
v 31 3
v 32 3
v 33 3
v 34 3
v 35 3
v 36 3
v 37 3
v 38 3
v 39 3
v 40 3
v 41 3
v 42 3
v 43 3
v 44 3
v 45 3
v 46 3
v 47 4
v 48 4
v 49 4
v 50 4
v 51 4
v 52 4
v 53 4
v 54 4
v 55 4
v 56 4
v 57 4
v 58 4
v 59 4
v 60 4
v 61 4
v 62 4
v 63 4
v 64 4
v 65 4
v 66 4
v 67 4
v 68 4
v 69 4
v 70 4
v 71 4
v 72 4
v 73 4
v 74 4
v 75 4
v 76 4
v 77 4
v 78 4
e 3 75 1
e 4 76 1
e 5 77 1
e 6 78 1
e 7 38 2
e 8 39 2
e 11 44 2
e 12 16 1
e 12 44 1
e 12 57 1
e 13 17 1
e 13 44 1
e 13 58 1
e 14 28 1
e 14 38 1
e 14 67 1
e 15 29 1
e 15 39 1
e 15 68 1
e 16 20 2
e 16 26 1
e 17 21 2
e 17 27 1
e 18 24 1
e 18 34 2
e 18 36 1
e 19 25 1
e 19 35 2
e 19 37 1
e 20 30 1
e 20 45 1
e 21 31 1
e 21 46 1
e 22 26 2
e 22 32 1
e 22 38 1
e 23 27 2
e 23 33 1
e 23 39 1
e 24 47 1
e 24 48 1
e 25 49 1
e 25 50 1
e 26 51 1
e 27 52 1
e 28 40 2
e 28 42 1
e 29 41 2
e 29 43 1
e 30 32 2
e 30 53 1
e 31 33 2
e 31 54 1
e 32 55 1
e 33 56 1
e 34 40 1
e 34 59 1
e 35 41 1
e 35 60 1
e 36 42 2
e 36 61 1
e 37 43 2
e 37 62 1
e 40 63 1
e 41 64 1
e 42 65 1
e 43 66 1
e 45 69 1
e 45 70 1
e 45 71 1
e 46 72 1
e 46 73 1
e 46 74 1
t # 2368
v 0 8
v 1 19
v 2 1
v 3 1
v 4 1
v 5 1
v 6 2
v 7 3
v 8 3
v 9 3
v 10 3
v 11 3
v 12 3
v 13 3
v 14 3
v 15 3
v 16 3
v 17 3
v 18 3
v 19 3
v 20 3
v 21 3
v 22 3
v 23 3
v 24 4
v 25 4
v 26 4
v 27 4
v 28 4
v 29 4
v 30 4
v 31 4
v 32 4
v 33 4
v 34 4
v 35 4
v 36 4
v 37 4
v 38 4
v 39 4
v 40 4
v 41 4
v 42 4
v 43 4
e 2 38 1
e 4 18 1
e 4 22 1
e 5 18 2
e 6 7 1
e 6 8 1
e 6 15 1
e 7 11 2
e 7 12 1
e 8 10 1
e 8 24 1
e 8 25 1
e 9 13 2
e 9 14 1
e 10 16 2
e 10 17 1
e 11 13 1
e 11 26 1
e 12 14 2
e 12 27 1
e 13 28 1
e 14 29 1
e 15 30 1
e 15 31 1
e 15 32 1
e 16 19 1
e 16 33 1
e 17 20 2
e 17 34 1
e 19 21 2
e 19 35 1
e 20 21 1
e 20 36 1
e 21 37 1
e 22 23 1
e 22 39 1
e 22 40 1
e 23 41 1
e 23 42 1
e 23 43 1
t # 2369
v 0 11
v 1 11
v 2 11
v 3 19
v 4 1
v 5 1
v 6 1
v 7 1
v 8 1
v 9 1
v 10 1
v 11 1
v 12 1
v 13 2
v 14 2
v 15 3
v 16 3
v 17 3
v 18 3
v 19 3
v 20 3
v 21 3
v 22 3
v 23 3
v 24 3
v 25 3
v 26 3
v 27 3
v 28 3
v 29 3
v 30 3
v 31 3
v 32 3
v 33 3
v 34 4
v 35 4
v 36 4
v 37 4
v 38 4
v 39 4
v 40 4
v 41 4
v 42 4
v 43 4
v 44 4
v 45 4
v 46 4
v 47 4
e 0 5 2
e 0 6 2
e 0 18 1
e 1 9 2
e 1 10 2
e 1 19 1
e 2 11 2
e 2 12 2
e 2 22 1
e 4 42 1
e 7 45 1
e 8 47 1
e 13 17 1
e 13 25 1
e 13 38 1
e 14 27 1
e 14 30 2
e 15 16 1
e 15 17 2
e 15 18 1
e 16 20 2
e 16 21 1
e 17 23 1
e 18 24 2
e 19 20 1
e 19 23 2
e 20 34 1
e 21 22 2
e 21 35 1
e 22 24 1
e 23 36 1
e 24 37 1
e 25 26 1
e 25 28 2
e 26 27 1
e 26 29 2
e 27 31 2
e 28 30 1
e 28 39 1
e 29 32 1
e 29 40 1
e 30 41 1
e 31 33 1
e 31 43 1
e 32 33 2
e 32 44 1
e 33 46 1
t # 2370
v 0 11
v 1 11
v 2 11
v 3 19
v 4 1
v 5 1
v 6 1
v 7 1
v 8 1
v 9 1
v 10 1
v 11 1
v 12 1
v 13 1
v 14 2
v 15 2
v 16 3
v 17 3
v 18 3
v 19 3
v 20 3
v 21 3
v 22 3
v 23 3
v 24 3
v 25 3
v 26 3
v 27 3
v 28 4
v 29 4
v 30 4
v 31 4
v 32 4
v 33 4
v 34 4
v 35 4
v 36 4
v 37 4
v 38 4
v 39 4
e 0 7 2
e 0 8 2
e 0 18 1
e 1 9 2
e 1 10 2
e 1 19 1
e 2 11 2
e 2 12 2
e 2 22 1
e 4 33 1
e 5 34 1
e 6 37 1
e 13 26 2
e 14 20 1
e 14 26 1
e 14 32 1
e 15 27 1
e 15 38 1
e 15 39 1
e 16 17 1
e 16 18 1
e 16 20 2
e 17 19 2
e 17 21 1
e 18 23 2
e 19 24 1
e 20 25 1
e 21 22 2
e 21 28 1
e 22 23 1
e 23 29 1
e 24 25 2
e 24 30 1
e 25 31 1
e 26 27 1
e 27 35 1
e 27 36 1
t # 2371
v 0 11
v 1 11
v 2 11
v 3 11
v 4 19
v 5 1
v 6 1
v 7 1
v 8 1
v 9 1
v 10 1
v 11 1
v 12 1
v 13 1
v 14 1
v 15 1
v 16 1
v 17 1
v 18 1
v 19 1
v 20 1
v 21 1
v 22 2
v 23 2
v 24 2
v 25 2
v 26 3
v 27 3
v 28 3
v 29 3
v 30 3
v 31 3
v 32 3
v 33 3
v 34 3
v 35 3
v 36 3
v 37 3
v 38 3
v 39 3
v 40 3
v 41 3
v 42 3
v 43 3
v 44 3
v 45 3
v 46 3
v 47 3
v 48 3
v 49 3
v 50 3
v 51 3
v 52 3
v 53 3
v 54 3
v 55 3
v 56 3
v 57 3
v 58 3
v 59 3
v 60 3
v 61 3
v 62 4
v 63 4
v 64 4
v 65 4
v 66 4
v 67 4
v 68 4
v 69 4
v 70 4
v 71 4
v 72 4
v 73 4
v 74 4
v 75 4
v 76 4
v 77 4
v 78 4
v 79 4
v 80 4
v 81 4
v 82 4
v 83 4
v 84 4
v 85 4
v 86 4
v 87 4
v 88 4
v 89 4
v 90 4
v 91 4
v 92 4
v 93 4
v 94 4
v 95 4
v 96 4
v 97 4
v 98 4
v 99 4
e 0 12 2
e 0 13 2
e 0 48 1
e 1 14 2
e 1 15 2
e 1 51 1
e 2 18 2
e 2 19 2
e 2 56 1
e 3 20 2
e 3 21 2
e 3 59 1
e 5 30 2
e 6 31 2
e 7 36 2
e 8 45 1
e 8 95 1
e 9 45 2
e 10 96 1
e 11 97 1
e 16 98 1
e 17 99 1
e 22 26 1
e 22 30 1
e 22 68 1
e 23 27 1
e 23 36 1
e 23 69 1
e 24 31 1
e 24 32 1
e 24 72 1
e 25 35 1
e 25 81 1
e 25 82 1
e 26 28 1
e 26 31 1
e 26 62 1
e 27 29 1
e 27 30 1
e 27 63 1
e 28 33 1
e 28 64 1
e 28 65 1
e 29 34 1
e 29 66 1
e 29 67 1
e 32 37 1
e 32 45 1
e 32 70 1
e 33 40 2
e 33 41 1
e 34 42 2
e 34 43 1
e 35 36 1
e 35 38 1
e 35 71 1
e 37 39 1
e 37 73 1
e 37 74 1
e 38 44 1
e 38 75 1
e 38 76 1
e 39 52 2
e 39 53 1
e 40 46 1
e 40 77 1
e 41 47 2
e 41 78 1
e 42 49 1
e 42 79 1
e 43 50 2
e 43 80 1
e 44 54 2
e 44 55 1
e 46 48 2
e 46 83 1
e 47 48 1
e 47 84 1
e 49 51 2
e 49 85 1
e 50 51 1
e 50 86 1
e 52 57 1
e 52 87 1
e 53 58 2
e 53 88 1
e 54 60 1
e 54 89 1
e 55 61 2
e 55 90 1
e 56 57 2
e 56 58 1
e 57 91 1
e 58 92 1
e 59 60 2
e 59 61 1
e 60 93 1
e 61 94 1
t # 2372
v 0 11
v 1 11
v 2 11
v 3 19
v 4 1
v 5 1
v 6 1
v 7 1
v 8 1
v 9 1
v 10 1
v 11 1
v 12 1
v 13 1
v 14 1
v 15 1
v 16 1
v 17 2
v 18 2
v 19 2
v 20 3
v 21 3
v 22 3
v 23 3
v 24 3
v 25 3
v 26 3
v 27 3
v 28 3
v 29 3
v 30 3
v 31 3
v 32 3
v 33 3
v 34 3
v 35 3
v 36 3
v 37 3
v 38 3
v 39 3
v 40 3
v 41 3
v 42 3
v 43 3
v 44 3
v 45 3
v 46 3
v 47 4
v 48 4
v 49 4
v 50 4
v 51 4
v 52 4
v 53 4
v 54 4
v 55 4
v 56 4
v 57 4
v 58 4
v 59 4
v 60 4
v 61 4
v 62 4
v 63 4
v 64 4
v 65 4
v 66 4
v 67 4
v 68 4
v 69 4
v 70 4
v 71 4
v 72 4
v 73 4
v 74 4
v 75 4
e 0 9 2
e 0 10 2
e 0 34 1
e 1 13 2
e 1 14 2
e 1 41 1
e 2 15 2
e 2 16 2
e 2 44 1
e 4 23 2
e 5 27 2
e 6 33 1
e 6 72 1
e 7 33 2
e 8 73 1
e 11 74 1
e 12 75 1
e 17 20 1
e 17 27 1
e 17 51 1
e 18 22 1
e 18 23 1
e 18 55 1
e 19 24 1
e 19 60 1
e 19 61 1
e 20 21 1
e 20 23 1
e 20 47 1
e 21 25 1
e 21 48 1
e 21 49 1
e 22 26 1
e 22 33 1
e 22 50 1
e 24 27 1
e 24 28 1
e 24 52 1
e 25 31 2
e 25 32 1
e 26 29 1
e 26 53 1
e 26 54 1
e 28 30 1
e 28 56 1
e 28 57 1
e 29 37 2
e 29 38 1
e 30 39 2
e 30 40 1
e 31 35 1
e 31 58 1
e 32 36 2
e 32 59 1
e 34 35 2
e 34 36 1
e 35 62 1
e 36 63 1
e 37 42 1
e 37 64 1
e 38 43 2
e 38 65 1
e 39 45 1
e 39 66 1
e 40 46 2
e 40 67 1
e 41 42 2
e 41 43 1
e 42 68 1
e 43 69 1
e 44 45 2
e 44 46 1
e 45 70 1
e 46 71 1
t # 2373
v 0 11
v 1 11
v 2 19
v 3 1
v 4 1
v 5 1
v 6 1
v 7 1
v 8 1
v 9 1
v 10 1
v 11 1
v 12 2
v 13 2
v 14 3
v 15 3
v 16 3
v 17 3
v 18 3
v 19 3
v 20 3
v 21 3
v 22 3
v 23 3
v 24 3
v 25 3
v 26 3
v 27 3
v 28 3
v 29 3
v 30 3
v 31 3
v 32 4
v 33 4
v 34 4
v 35 4
v 36 4
v 37 4
v 38 4
v 39 4
v 40 4
v 41 4
v 42 4
v 43 4
v 44 4
v 45 4
v 46 4
v 47 4
v 48 4
v 49 4
v 50 4
v 51 4
e 0 8 2
e 0 9 2
e 0 26 1
e 1 10 2
e 1 11 2
e 1 27 1
e 3 18 2
e 4 21 1
e 4 49 1
e 5 21 2
e 6 50 1
e 7 51 1
e 12 14 1
e 12 18 1
e 12 38 1
e 13 15 1
e 13 41 1
e 13 42 1
e 14 16 1
e 14 21 1
e 14 32 1
e 15 17 1
e 15 18 1
e 15 33 1
e 16 19 1
e 16 34 1
e 16 35 1
e 17 20 1
e 17 36 1
e 17 37 1
e 19 22 2
e 19 23 1
e 20 24 2
e 20 25 1
e 22 28 1
e 22 39 1
e 23 29 2
e 23 40 1
e 24 30 1
e 24 43 1
e 25 31 2
e 25 44 1
e 26 28 2
e 26 29 1
e 27 30 2
e 27 31 1
e 28 45 1
e 29 46 1
e 30 47 1
e 31 48 1
t # 2374
v 0 11
v 1 11
v 2 11
v 3 19
v 4 1
v 5 1
v 6 1
v 7 1
v 8 1
v 9 1
v 10 1
v 11 1
v 12 1
v 13 2
v 14 2
v 15 3
v 16 3
v 17 3
v 18 3
v 19 3
v 20 3
v 21 3
v 22 3
v 23 3
v 24 3
v 25 3
v 26 3
v 27 3
v 28 3
v 29 3
v 30 3
v 31 3
v 32 3
v 33 3
v 34 3
v 35 4
v 36 4
v 37 4
v 38 4
v 39 4
v 40 4
v 41 4
v 42 4
v 43 4
v 44 4
v 45 4
v 46 4
v 47 4
v 48 4
v 49 4
v 50 4
e 0 6 2
e 0 7 2
e 0 18 1
e 1 9 2
e 1 10 2
e 1 19 1
e 2 11 2
e 2 12 2
e 2 21 1
e 4 43 1
e 5 45 1
e 8 50 1
e 13 17 1
e 13 25 1
e 13 39 1
e 14 28 1
e 14 29 2
e 15 16 1
e 15 17 2
e 15 18 1
e 16 19 2
e 16 20 1
e 17 23 1
e 18 22 2
e 19 24 1
e 20 21 2
e 20 35 1
e 21 22 1
e 22 36 1
e 23 24 2
e 23 37 1
e 24 38 1
e 25 26 1
e 25 27 2
e 26 28 1
e 26 30 2
e 27 29 1
e 27 40 1
e 28 31 2
e 29 34 1
e 30 32 1
e 30 41 1
e 31 33 1
e 31 42 1
e 32 33 2
e 32 44 1
e 33 46 1
e 34 47 1
e 34 48 1
e 34 49 1
t # 2375
v 0 11
v 1 11
v 2 11
v 3 19
v 4 1
v 5 1
v 6 1
v 7 1
v 8 1
v 9 1
v 10 1
v 11 1
v 12 1
v 13 2
v 14 2
v 15 3
v 16 3
v 17 3
v 18 3
v 19 3
v 20 3
v 21 3
v 22 3
v 23 3
v 24 3
v 25 3
v 26 3
v 27 3
v 28 3
v 29 3
v 30 3
v 31 3
v 32 3
v 33 3
v 34 4
v 35 4
v 36 4
v 37 4
v 38 4
v 39 4
v 40 4
v 41 4
v 42 4
v 43 4
v 44 4
v 45 4
v 46 4
v 47 4
e 0 6 2
e 0 7 2
e 0 17 1
e 1 9 2
e 1 10 2
e 1 19 1
e 2 11 2
e 2 12 2
e 2 21 1
e 4 41 1
e 5 43 1
e 8 46 1
e 13 18 1
e 13 25 1
e 13 38 1
e 14 27 1
e 14 30 2
e 15 16 1
e 15 17 1
e 15 18 2
e 16 19 2
e 16 20 1
e 17 22 2
e 18 23 1
e 19 24 1
e 20 21 2
e 20 34 1
e 21 22 1
e 22 35 1
e 23 24 2
e 23 36 1
e 24 37 1
e 25 26 1
e 25 28 2
e 26 27 1
e 26 29 2
e 27 31 2
e 28 30 1
e 28 39 1
e 29 32 1
e 29 40 1
e 30 42 1
e 31 33 1
e 31 44 1
e 32 33 2
e 32 45 1
e 33 47 1
t # 2376
v 0 11
v 1 11
v 2 11
v 3 11
v 4 19
v 5 1
v 6 1
v 7 1
v 8 1
v 9 1
v 10 1
v 11 1
v 12 1
v 13 1
v 14 1
v 15 1
v 16 1
v 17 1
v 18 1
v 19 1
v 20 1
v 21 1
v 22 1
v 23 2
v 24 2
v 25 2
v 26 2
v 27 2
v 28 2
v 29 3
v 30 3
v 31 3
v 32 3
v 33 3
v 34 3
v 35 3
v 36 3
v 37 3
v 38 3
v 39 3
v 40 3
v 41 3
v 42 3
v 43 3
v 44 3
v 45 3
v 46 3
v 47 3
v 48 3
v 49 3
v 50 3
v 51 3
v 52 3
v 53 3
v 54 3
v 55 3
v 56 3
v 57 3
v 58 3
v 59 3
v 60 3
v 61 3
v 62 3
v 63 3
v 64 3
v 65 3
v 66 3
v 67 3
v 68 3
v 69 3
v 70 3
v 71 3
v 72 3
v 73 3
v 74 3
v 75 3
v 76 3
v 77 4
v 78 4
v 79 4
v 80 4
v 81 4
v 82 4
v 83 4
v 84 4
v 85 4
v 86 4
v 87 4
v 88 4
v 89 4
v 90 4
v 91 4
v 92 4
v 93 4
v 94 4
v 95 4
v 96 4
v 97 4
v 98 4
v 99 4
v 100 4
v 101 4
v 102 4
v 103 4
v 104 4
v 105 4
v 106 4
v 107 4
v 108 4
v 109 4
v 110 4
v 111 4
v 112 4
e 0 15 2
e 0 16 2
e 0 61 1
e 1 17 2
e 1 18 2
e 1 62 1
e 2 19 2
e 2 20 2
e 2 63 1
e 3 21 2
e 3 22 2
e 3 64 1
e 5 44 2
e 6 45 2
e 7 46 2
e 8 47 2
e 9 48 2
e 10 49 2
e 11 109 1
e 12 110 1
e 13 111 1
e 14 112 1
e 23 29 1
e 23 44 1
e 23 83 1
e 24 30 1
e 24 45 1
e 24 84 1
e 25 46 1
e 25 52 1
e 25 88 1
e 26 47 1
e 26 53 1
e 26 89 1
e 27 48 1
e 27 54 1
e 27 90 1
e 28 49 1
e 28 55 1
e 28 91 1
e 29 35 2
e 29 36 1
e 30 37 2
e 30 38 1
e 31 36 2
e 31 39 1
e 31 46 1
e 32 38 2
e 32 40 1
e 32 47 1
e 33 35 1
e 33 39 2
e 33 48 1
e 34 37 1
e 34 40 2
e 34 49 1
e 35 77 1
e 36 78 1
e 37 79 1
e 38 80 1
e 39 81 1
e 40 82 1
e 41 43 2
e 41 44 1
e 41 50 1
e 42 43 1
e 42 45 1
e 42 51 2
e 43 85 1
e 50 56 2
e 50 86 1
e 51 56 1
e 51 87 1
e 52 57 2
e 52 65 1
e 53 58 2
e 53 66 1
e 54 59 2
e 54 67 1
e 55 60 2
e 55 68 1
e 56 92 1
e 57 61 1
e 57 93 1
e 58 62 1
e 58 94 1
e 59 63 1
e 59 95 1
e 60 64 1
e 60 96 1
e 61 69 2
e 62 70 2
e 63 71 2
e 64 72 2
e 65 73 2
e 65 97 1
e 66 74 2
e 66 98 1
e 67 75 2
e 67 99 1
e 68 76 2
e 68 100 1
e 69 73 1
e 69 101 1
e 70 74 1
e 70 102 1
e 71 75 1
e 71 103 1
e 72 76 1
e 72 104 1
e 73 105 1
e 74 106 1
e 75 107 1
e 76 108 1
t # 2377
v 0 12
v 1 11
v 2 11
v 3 19
v 4 2
v 5 2
v 6 3
v 7 3
v 8 3
v 9 3
v 10 3
v 11 3
v 12 3
v 13 3
v 14 3
v 15 3
v 16 3
v 17 4
v 18 4
v 19 4
v 20 4
v 21 4
v 22 4
v 23 4
v 24 4
v 25 4
v 26 4
v 27 4
v 28 4
v 29 4
e 0 14 1
e 1 11 1
e 4 6 1
e 4 7 1
e 4 10 1
e 5 8 1
e 5 9 1
e 5 11 1
e 6 8 1
e 6 17 1
e 6 18 1
e 7 9 1
e 7 19 1
e 7 20 1
e 8 21 1
e 8 22 1
e 9 23 1
e 9 24 1
e 10 12 2
e 10 13 1
e 12 14 1
e 12 25 1
e 13 15 2
e 13 26 1
e 14 16 2
e 15 16 1
e 15 27 1
e 16 28 1
t # 2378
v 0 12
v 1 12
v 2 11
v 3 11
v 4 19
v 5 2
v 6 2
v 7 3
v 8 3
v 9 3
v 10 3
v 11 3
v 12 3
v 13 3
v 14 3
v 15 3
v 16 3
v 17 3
v 18 4
v 19 4
v 20 4
v 21 4
v 22 4
v 23 4
v 24 4
v 25 4
v 26 4
v 27 4
v 28 4
v 29 4
e 0 15 1
e 1 17 1
e 2 12 1
e 5 7 1
e 5 8 1
e 5 11 1
e 6 9 1
e 6 10 1
e 6 12 1
e 7 9 1
e 7 18 1
e 7 19 1
e 8 10 1
e 8 20 1
e 8 21 1
e 9 22 1
e 9 23 1
e 10 24 1
e 10 25 1
e 11 13 2
e 11 14 1
e 13 15 1
e 13 26 1
e 14 16 2
e 14 27 1
e 15 17 2
e 16 17 1
e 16 28 1
t # 2379
v 0 11
v 1 11
v 2 19
v 3 2
v 4 2
v 5 3
v 6 3
v 7 3
v 8 3
v 9 3
v 10 3
v 11 3
v 12 3
v 13 3
v 14 3
v 15 3
v 16 4
v 17 4
v 18 4
v 19 4
v 20 4
v 21 4
v 22 4
v 23 4
v 24 4
v 25 4
v 26 4
v 27 4
v 28 4
v 29 4
e 0 10 1
e 3 5 1
e 3 6 1
e 3 9 1
e 4 7 1
e 4 8 1
e 4 10 1
e 5 7 1
e 5 16 1
e 5 17 1
e 6 8 1
e 6 18 1
e 6 19 1
e 7 20 1
e 7 21 1
e 8 22 1
e 8 23 1
e 9 11 2
e 9 12 1
e 11 13 1
e 11 24 1
e 12 14 2
e 12 25 1
e 13 15 2
e 13 26 1
e 14 15 1
e 14 27 1
e 15 28 1
t # 2380
v 0 11
v 1 19
v 2 1
v 3 1
v 4 1
v 5 1
v 6 1
v 7 2
v 8 3
v 9 3
v 10 3
v 11 3
v 12 3
v 13 3
v 14 3
v 15 3
v 16 3
v 17 3
v 18 3
v 19 3
v 20 3
v 21 3
v 22 3
v 23 3
v 24 3
v 25 3
v 26 3
v 27 3
v 28 3
v 29 3
v 30 3
v 31 3
v 32 3
v 33 3
v 34 4
v 35 4
v 36 4
v 37 4
v 38 4
v 39 4
v 40 4
v 41 4
v 42 4
v 43 4
v 44 4
v 45 4
v 46 4
v 47 4
v 48 4
v 49 4
v 50 4
v 51 4
v 52 4
v 53 4
v 54 4
v 55 4
v 56 4
v 57 4
v 58 4
v 59 4
v 60 4
v 61 4
v 62 4
v 63 4
v 64 4
v 65 4
v 66 4
v 67 4
v 68 4
v 69 4
v 70 4
v 71 4
v 72 4
v 73 4
v 74 4
v 75 4
v 76 4
v 77 4
v 78 4
e 0 5 2
e 0 6 2
e 0 33 1
e 27 2 1
e 2 70 1
e 3 31 2
e 4 78 1
e 7 31 1
e 7 32 1
e 7 73 1
e 8 9 1
e 8 13 1
e 8 14 1
e 8 22 1
e 9 10 1
e 9 17 1
e 9 34 1
e 10 11 1
e 10 18 1
e 10 35 1
e 11 12 1
e 11 16 1
e 11 36 1
e 12 15 1
e 12 21 1
e 12 25 1
e 13 19 1
e 13 23 1
e 13 37 1
e 14 16 1
e 14 38 1
e 14 39 1
e 15 20 1
e 15 24 1
e 15 40 1
e 16 41 1
e 16 42 1
e 17 19 1
e 17 43 1
e 17 44 1
e 18 20 1
e 18 45 1
e 18 46 1
e 19 47 1
e 19 48 1
e 20 49 1
e 20 50 1
e 21 26 1
e 21 51 1
e 21 52 1
e 22 53 1
e 22 54 1
e 22 55 1
e 23 28 1
e 23 29 1
e 23 56 1
e 24 27 1
e 24 57 1
e 24 58 1
e 25 59 1
e 25 60 1
e 25 61 1
e 26 27 1
e 26 62 1
e 26 63 1
e 27 64 1
e 28 30 1
e 28 65 1
e 28 66 1
e 29 67 1
e 29 68 1
e 29 69 1
e 30 31 1
e 30 71 1
e 30 72 1
e 32 33 1
e 32 74 1
e 32 75 1
e 33 76 1
e 33 77 1
t # 2381
v 0 19
v 1 1
v 2 1
v 3 1
v 4 1
v 5 1
v 6 2
v 7 3
v 8 3
v 9 3
v 10 3
v 11 3
v 12 3
v 13 3
v 14 3
v 15 3
v 16 3
v 17 3
v 18 3
v 19 3
v 20 3
v 21 3
v 22 3
v 23 3
v 24 3
v 25 3
v 26 3
v 27 3
v 28 3
v 29 3
v 30 3
v 31 3
v 32 3
v 33 4
v 34 4
v 35 4
v 36 4
v 37 4
v 38 4
v 39 4
v 40 4
v 41 4
v 42 4
v 43 4
v 44 4
v 45 4
v 46 4
v 47 4
v 48 4
v 49 4
v 50 4
v 51 4
v 52 4
v 53 4
v 54 4
v 55 4
v 56 4
v 57 4
v 58 4
v 59 4
v 60 4
v 61 4
v 62 4
v 63 4
v 64 4
v 65 4
v 66 4
v 67 4
v 68 4
v 69 4
v 70 4
v 71 4
v 72 4
v 73 4
v 74 4
v 75 4
e 16 1 1
e 1 65 1
e 26 2 1
e 2 69 1
e 3 30 2
e 4 32 1
e 4 75 1
e 5 32 2
e 6 30 1
e 6 31 1
e 6 72 1
e 7 8 1
e 7 9 1
e 7 17 1
e 7 33 1
e 8 12 1
e 8 14 1
e 8 21 1
e 9 10 1
e 9 16 1
e 9 34 1
e 10 11 1
e 10 15 1
e 10 35 1
e 11 13 1
e 11 20 1
e 11 24 1
e 12 18 1
e 12 22 1
e 12 36 1
e 13 19 1
e 13 23 1
e 13 37 1
e 14 15 1
e 14 38 1
e 14 39 1
e 15 40 1
e 15 41 1
e 16 19 1
e 16 42 1
e 17 18 1
e 17 43 1
e 17 44 1
e 18 45 1
e 18 46 1
e 19 47 1
e 19 48 1
e 20 25 1
e 20 49 1
e 20 50 1
e 21 51 1
e 21 52 1
e 21 53 1
e 22 27 1
e 22 28 1
e 22 54 1
e 23 26 1
e 23 55 1
e 23 56 1
e 24 57 1
e 24 58 1
e 24 59 1
e 25 26 1
e 25 60 1
e 25 61 1
e 26 62 1
e 27 29 1
e 27 63 1
e 27 64 1
e 28 66 1
e 28 67 1
e 28 68 1
e 29 30 1
e 29 70 1
e 29 71 1
e 31 32 1
e 31 73 1
e 31 74 1
t # 2382
v 0 8
v 1 8
v 2 19
v 3 1
v 4 1
v 5 1
v 6 1
v 7 1
v 8 1
v 9 2
v 10 2
v 11 2
v 12 2
v 13 2
v 14 2
v 15 3
v 16 3
v 17 3
v 18 3
v 19 3
v 20 3
v 21 3
v 22 3
v 23 3
v 24 3
v 25 3
v 26 3
v 27 3
v 28 3
v 29 3
v 30 3
v 31 3
v 32 3
v 33 3
v 34 3
v 35 3
v 36 3
v 37 3
v 38 3
v 39 3
v 40 3
v 41 3
v 42 3
v 43 3
v 44 3
v 45 3
v 46 3
v 47 3
v 48 3
v 49 3
v 50 3
v 51 4
v 52 4
v 53 4
v 54 4
v 55 4
v 56 4
v 57 4
v 58 4
v 59 4
v 60 4
v 61 4
v 62 4
v 63 4
v 64 4
v 65 4
v 66 4
v 67 4
v 68 4
v 69 4
v 70 4
v 71 4
v 72 4
v 73 4
v 74 4
v 75 4
v 76 4
v 77 4
v 78 4
v 79 4
v 80 4
v 81 4
v 82 4
v 83 4
v 84 4
v 85 4
v 86 4
v 87 4
v 88 4
e 3 25 1
e 4 26 1
e 5 59 1
e 6 60 1
e 9 15 1
e 9 23 1
e 9 56 1
e 10 16 1
e 10 24 1
e 10 57 1
e 11 37 1
e 12 38 1
e 13 39 1
e 14 40 1
e 15 17 1
e 15 51 1
e 16 18 1
e 16 52 1
e 17 19 2
e 17 20 1
e 18 19 1
e 18 21 2
e 19 53 1
e 20 22 2
e 20 54 1
e 21 22 1
e 21 55 1
e 22 58 1
e 23 27 2
e 23 28 1
e 24 29 2
e 24 30 1
e 25 35 1
e 25 61 1
e 25 62 1
e 26 36 1
e 26 63 1
e 26 64 1
e 27 31 1
e 27 65 1
e 28 32 2
e 28 66 1
e 29 33 1
e 29 67 1
e 30 34 2
e 30 68 1
e 31 37 2
e 31 69 1
e 32 37 1
e 32 70 1
e 33 38 2
e 33 71 1
e 34 38 1
e 34 72 1
e 35 73 1
e 35 74 1
e 35 75 1
e 36 76 1
e 36 77 1
e 36 78 1
e 39 41 2
e 39 42 1
e 40 43 2
e 40 44 1
e 41 45 1
e 41 79 1
e 42 46 2
e 42 80 1
e 43 47 1
e 43 81 1
e 44 48 2
e 44 82 1
e 45 49 2
e 45 83 1
e 46 49 1
e 46 84 1
e 47 50 2
e 47 85 1
e 48 50 1
e 48 86 1
e 49 87 1
e 50 88 1
t # 2383
v 0 8
v 1 8
v 2 19
v 3 1
v 4 1
v 5 1
v 6 1
v 7 1
v 8 1
v 9 2
v 10 2
v 11 2
v 12 2
v 13 2
v 14 2
v 15 3
v 16 3
v 17 3
v 18 3
v 19 3
v 20 3
v 21 3
v 22 3
v 23 3
v 24 3
v 25 3
v 26 3
v 27 3
v 28 3
v 29 3
v 30 3
v 31 3
v 32 3
v 33 3
v 34 3
v 35 3
v 36 3
v 37 3
v 38 3
v 39 3
v 40 3
v 41 3
v 42 3
v 43 3
v 44 3
v 45 3
v 46 3
v 47 3
v 48 3
v 49 3
v 50 3
v 51 4
v 52 4
v 53 4
v 54 4
v 55 4
v 56 4
v 57 4
v 58 4
v 59 4
v 60 4
v 61 4
v 62 4
v 63 4
v 64 4
v 65 4
v 66 4
v 67 4
v 68 4
v 69 4
v 70 4
v 71 4
v 72 4
v 73 4
v 74 4
v 75 4
v 76 4
v 77 4
v 78 4
v 79 4
v 80 4
v 81 4
v 82 4
v 83 4
v 84 4
v 85 4
v 86 4
v 87 4
v 88 4
e 3 25 1
e 4 26 1
e 5 59 1
e 6 60 1
e 9 15 1
e 9 23 1
e 9 57 1
e 10 16 1
e 10 24 1
e 10 58 1
e 11 37 1
e 12 38 1
e 13 39 1
e 14 40 1
e 15 17 1
e 15 51 1
e 16 18 1
e 16 52 1
e 17 19 2
e 17 21 1
e 18 20 2
e 18 22 1
e 19 20 1
e 19 53 1
e 20 54 1
e 21 22 2
e 21 55 1
e 22 56 1
e 23 27 2
e 23 29 1
e 24 28 2
e 24 30 1
e 25 35 1
e 25 61 1
e 25 62 1
e 26 36 1
e 26 63 1
e 26 64 1
e 27 31 1
e 27 65 1
e 28 32 1
e 28 66 1
e 29 33 2
e 29 67 1
e 30 34 2
e 30 68 1
e 31 37 2
e 31 69 1
e 32 38 2
e 32 70 1
e 33 37 1
e 33 71 1
e 34 38 1
e 34 72 1
e 35 73 1
e 35 74 1
e 35 75 1
e 36 76 1
e 36 77 1
e 36 78 1
e 39 41 2
e 39 43 1
e 40 42 2
e 40 44 1
e 41 45 1
e 41 79 1
e 42 46 1
e 42 80 1
e 43 47 2
e 43 81 1
e 44 48 2
e 44 82 1
e 45 49 2
e 45 83 1
e 46 50 2
e 46 84 1
e 47 49 1
e 47 85 1
e 48 50 1
e 48 86 1
e 49 87 1
e 50 88 1
t # 2384
v 0 32
v 1 1
v 2 1
v 3 1
v 4 1
v 5 3
v 6 3
v 7 3
v 8 3
v 9 3
v 10 3
v 11 3
v 12 3
v 13 3
v 14 3
v 15 3
v 16 3
v 17 3
v 18 3
v 19 3
v 20 3
v 21 3
v 22 4
v 23 4
v 24 4
v 25 4
v 26 4
v 27 4
v 28 4
v 29 4
v 30 4
v 31 4
v 32 4
v 33 4
v 34 4
v 35 4
v 36 4
v 37 4
e 1 10 1
e 1 36 1
e 2 10 2
e 3 20 1
e 3 37 1
e 4 20 2
e 5 6 1
e 5 7 1
e 5 10 1
e 5 22 1
e 6 8 1
e 6 23 1
e 6 24 1
e 7 9 1
e 7 25 1
e 7 26 1
e 8 11 1
e 8 12 2
e 9 13 2
e 9 14 1
e 11 15 2
e 11 20 1
e 12 16 1
e 12 27 1
e 13 18 1
e 13 28 1
e 14 19 2
e 14 29 1
e 15 17 1
e 15 30 1
e 16 17 2
e 16 31 1
e 17 32 1
e 18 21 2
e 18 33 1
e 19 21 1
e 19 34 1
e 21 35 1
t # 2385
v 0 8
v 1 19
v 2 1
v 3 1
v 4 1
v 5 1
v 6 1
v 7 1
v 8 1
v 9 3
v 10 3
v 11 3
v 12 3
v 13 3
v 14 3
v 15 3
v 16 3
v 17 3
v 18 3
v 19 3
v 20 3
v 21 3
v 22 3
v 23 3
v 24 3
v 25 3
v 26 3
v 27 3
v 28 3
v 29 3
v 30 4
v 31 4
v 32 4
v 33 4
v 34 4
v 35 4
v 36 4
v 37 4
v 38 4
v 39 4
v 40 4
v 41 4
v 42 4
v 43 4
v 44 4
v 45 4
v 46 4
v 47 4
v 48 4
v 49 4
v 50 4
v 51 4
v 52 4
v 53 4
v 54 4
v 55 4
v 56 4
v 57 4
v 58 4
v 59 4
v 60 4
v 61 4
v 62 4
e 2 10 1
e 2 21 1
e 3 13 1
e 4 17 1
e 4 52 1
e 5 21 2
e 6 54 1
e 7 55 1
e 9 10 1
e 9 11 1
e 9 16 1
e 9 30 1
e 10 15 1
e 10 31 1
e 11 12 1
e 11 32 1
e 11 33 1
e 12 13 1
e 12 34 1
e 12 35 1
e 13 14 1
e 13 36 1
e 14 17 1
e 14 18 1
e 14 37 1
e 15 19 1
e 15 20 1
e 15 38 1
e 16 39 1
e 16 40 1
e 16 41 1
e 17 23 1
e 17 42 1
e 18 43 1
e 18 44 1
e 18 45 1
e 19 46 1
e 19 47 1
e 19 48 1
e 20 22 2
e 20 49 1
e 21 22 1
e 22 50 1
e 23 24 2
e 23 51 1
e 24 25 1
e 24 53 1
e 25 26 2
e 25 56 1
e 26 27 1
e 26 57 1
e 27 28 2
e 27 58 1
e 28 29 1
e 28 59 1
e 29 60 1
e 29 61 1
e 29 62 1
t # 2386
v 0 8
v 1 19
v 2 1
v 3 1
v 4 1
v 5 1
v 6 1
v 7 3
v 8 3
v 9 3
v 10 3
v 11 4
v 12 4
v 13 4
v 14 4
v 15 4
v 16 4
v 17 4
e 2 7 1
e 2 8 1
e 3 9 2
e 4 16 1
e 5 17 1
e 7 8 1
e 7 9 1
e 7 11 1
e 8 10 1
e 8 12 1
e 10 13 1
e 10 14 1
e 10 15 1
t # 2387
v 0 11
v 1 11
v 2 11
v 3 19
v 4 1
v 5 1
v 6 1
v 7 1
v 8 1
v 9 1
v 10 1
v 11 1
v 12 1
v 13 3
v 14 3
v 15 3
v 16 3
v 17 3
v 18 3
v 19 4
v 20 4
v 21 4
v 22 4
v 23 4
v 24 4
v 25 4
v 26 4
v 27 4
v 28 4
v 29 4
v 30 4
e 0 6 2
e 0 7 2
e 0 13 1
e 1 8 2
e 1 9 2
e 1 13 1
e 2 11 2
e 2 12 2
e 2 16 1
e 4 17 1
e 5 18 1
e 10 30 1
e 13 14 1
e 13 19 1
e 14 15 1
e 14 20 1
e 14 21 1
e 15 16 1
e 15 22 1
e 15 23 1
e 16 24 1
e 16 25 1
e 17 18 1
e 17 26 1
e 17 27 1
e 18 28 1
e 18 29 1
t # 2388
v 0 11
v 1 11
v 2 11
v 3 41
v 4 19
v 5 1
v 6 1
v 7 1
v 8 1
v 9 1
v 10 1
v 11 1
v 12 1
v 13 1
v 14 1
v 15 3
v 16 3
v 17 3
v 18 3
v 19 3
v 20 3
v 21 3
v 22 3
v 23 3
v 24 3
v 25 3
v 26 3
v 27 3
v 28 3
v 29 3
v 30 3
v 31 3
v 32 3
v 33 4
v 34 4
v 35 4
v 36 4
v 37 4
v 38 4
v 39 4
v 40 4
v 41 4
v 42 4
v 43 4
v 44 4
v 45 4
v 46 4
v 47 4
v 48 4
v 49 4
v 50 4
v 51 4
v 52 4
v 53 4
v 54 4
v 55 4
v 56 4
e 0 8 2
e 0 9 2
e 0 15 1
e 1 10 2
e 1 11 2
e 1 15 1
e 2 13 2
e 2 14 2
e 2 25 1
e 5 22 1
e 6 20 1
e 7 21 1
e 12 56 1
e 15 16 1
e 16 19 1
e 16 33 1
e 16 34 1
e 17 35 1
e 17 36 1
e 17 37 1
e 18 38 1
e 18 39 1
e 18 40 1
e 19 23 1
e 19 24 2
e 20 21 1
e 20 41 1
e 20 42 1
e 21 43 1
e 21 44 1
e 22 25 1
e 22 45 1
e 22 46 1
e 23 26 1
e 23 28 2
e 24 27 1
e 24 47 1
e 25 48 1
e 25 49 1
e 26 29 1
e 26 30 2
e 27 29 2
e 27 50 1
e 28 31 1
e 28 51 1
e 29 52 1
e 30 32 1
e 30 53 1
e 31 32 2
e 31 54 1
e 32 55 1
t # 2389
v 0 11
v 1 11
v 2 11
v 3 41
v 4 19
v 5 1
v 6 1
v 7 1
v 8 1
v 9 1
v 10 1
v 11 1
v 12 1
v 13 1
v 14 1
v 15 3
v 16 3
v 17 3
v 18 3
v 19 3
v 20 3
v 21 3
v 22 4
v 23 4
v 24 4
v 25 4
v 26 4
v 27 4
v 28 4
v 29 4
v 30 4
v 31 4
v 32 4
v 33 4
v 34 4
v 35 4
v 36 4
v 37 4
e 0 8 2
e 0 9 2
e 0 15 1
e 1 10 2
e 1 11 2
e 1 15 1
e 2 13 2
e 2 14 2
e 2 21 1
e 5 18 1
e 6 19 1
e 7 20 1
e 12 37 1
e 15 22 1
e 16 23 1
e 16 24 1
e 16 25 1
e 17 26 1
e 17 27 1
e 17 28 1
e 18 21 1
e 18 29 1
e 18 30 1
e 19 20 1
e 19 31 1
e 19 32 1
e 20 33 1
e 20 34 1
e 21 35 1
e 21 36 1
t # 2390
v 0 19
v 1 1
v 2 2
v 3 2
v 4 2
v 5 2
v 6 2
v 7 2
v 8 3
v 9 3
v 10 3
v 11 3
v 12 3
v 13 3
v 14 3
v 15 3
v 16 4
v 17 4
v 18 4
v 19 4
v 20 4
v 21 4
v 22 4
v 23 4
v 24 4
v 25 4
e 2 8 1
e 2 10 1
e 2 12 1
e 3 11 1
e 3 12 2
e 4 10 2
e 4 15 1
e 5 14 1
e 5 15 2
e 6 7 1
e 6 14 1
e 6 25 1
e 8 9 1
e 8 16 1
e 8 17 1
e 9 13 1
e 9 18 1
e 9 19 1
e 10 11 1
e 11 14 2
e 12 20 1
e 13 21 1
e 13 22 1
e 13 23 1
e 15 24 1
t # 2391
v 0 11
v 1 1
v 2 1
v 3 1
v 4 1
v 5 1
v 6 2
v 7 2
v 8 2
v 9 2
v 10 3
v 11 3
v 12 3
v 13 3
v 14 3
v 15 3
v 16 3
v 17 3
v 18 3
v 19 3
v 20 3
v 21 3
v 22 3
v 23 3
v 24 3
v 25 3
v 26 3
v 27 3
v 28 3
v 29 42
v 30 4
v 31 4
v 32 4
v 33 4
v 34 4
v 35 4
v 36 4
v 37 4
v 38 4
v 39 4
v 40 4
v 41 4
v 42 4
v 43 4
v 44 4
v 45 4
v 46 4
v 47 4
v 48 4
v 49 4
v 50 4
v 51 4
v 52 4
v 53 4
v 54 4
v 55 4
v 56 4
v 57 4
v 58 4
e 0 13 1
e 0 20 1
e 1 11 1
e 1 47 1
e 2 14 2
e 3 19 2
e 4 22 2
e 5 25 2
e 6 10 1
e 6 19 1
e 6 32 1
e 7 21 1
e 7 22 1
e 7 48 1
e 8 17 1
e 8 25 1
e 8 49 1
e 9 26 1
e 9 27 1
e 9 28 1
e 10 11 1
e 10 12 1
e 10 30 1
e 11 14 1
e 11 31 1
e 12 13 2
e 12 18 1
e 13 14 1
e 15 16 1
e 15 17 1
e 15 33 1
e 15 34 1
e 16 23 1
e 16 24 1
e 16 35 1
e 17 22 1
e 17 36 1
e 18 20 2
e 18 37 1
e 19 21 1
e 20 38 1
e 21 39 1
e 21 40 1
e 23 41 1
e 23 42 1
e 23 43 1
e 24 44 1
e 24 45 1
e 24 46 1
e 26 50 1
e 26 51 1
e 26 52 1
e 27 53 1
e 27 54 1
e 27 55 1
e 28 56 1
e 28 57 1
e 28 58 1
t # 2392
v 0 8
v 1 8
v 2 19
v 3 1
v 4 1
v 5 1
v 6 1
v 7 1
v 8 1
v 9 1
v 10 1
v 11 1
v 12 2
v 13 2
v 14 2
v 15 2
v 16 2
v 17 3
v 18 3
v 19 3
v 20 3
v 21 3
v 22 3
v 23 3
v 24 3
v 25 3
v 26 3
v 27 3
v 28 3
v 29 3
v 30 3
v 31 3
v 32 3
v 33 3
v 34 3
v 35 3
v 36 3
v 37 3
v 38 3
v 39 3
v 40 3
v 41 3
v 42 3
v 43 4
v 44 4
v 45 4
v 46 4
v 47 4
v 48 4
v 49 4
v 50 4
v 51 4
v 52 4
v 53 4
v 54 4
v 55 4
v 56 4
v 57 4
v 58 4
v 59 4
v 60 4
v 61 4
v 62 4
v 63 4
v 64 4
v 65 4
v 66 4
v 67 4
v 68 4
v 69 4
v 70 4
v 71 4
v 72 4
v 73 4
v 74 4
v 75 4
v 76 4
v 77 4
v 78 4
v 79 4
v 80 4
v 81 4
v 82 4
v 83 4
v 84 4
v 85 4
v 86 4
v 87 4
v 88 4
v 89 4
e 3 19 1
e 3 20 1
e 4 17 1
e 4 49 1
e 5 18 1
e 5 50 1
e 6 21 1
e 8 83 1
e 10 86 1
e 12 20 1
e 12 22 1
e 12 23 1
e 13 23 2
e 13 24 1
e 14 22 2
e 14 40 1
e 15 37 1
e 15 40 2
e 16 37 1
e 16 84 1
e 16 85 1
e 17 18 1
e 17 19 1
e 17 43 1
e 18 20 1
e 18 44 1
e 19 21 1
e 19 45 1
e 20 46 1
e 21 47 1
e 21 48 1
e 22 24 1
e 23 51 1
e 24 37 2
e 25 26 1
e 25 27 1
e 25 52 1
e 25 53 1
e 26 28 1
e 26 54 1
e 26 55 1
e 27 29 1
e 27 56 1
e 27 57 1
e 28 30 1
e 28 58 1
e 28 59 1
e 29 31 1
e 29 60 1
e 29 61 1
e 30 32 1
e 30 62 1
e 30 63 1
e 31 33 1
e 31 64 1
e 31 65 1
e 32 34 1
e 32 66 1
e 32 67 1
e 33 36 1
e 33 68 1
e 33 69 1
e 34 35 1
e 34 70 1
e 34 71 1
e 35 74 1
e 35 75 1
e 36 38 1
e 36 72 1
e 36 73 1
e 38 39 1
e 38 76 1
e 38 77 1
e 39 41 1
e 39 78 1
e 39 79 1
e 40 80 1
e 41 42 1
e 41 81 1
e 41 82 1
e 42 87 1
e 42 88 1
e 42 89 1
t # 2393
v 0 8
v 1 8
v 2 19
v 3 1
v 4 1
v 5 1
v 6 1
v 7 1
v 8 1
v 9 1
v 10 1
v 11 1
v 12 1
v 13 2
v 14 2
v 15 2
v 16 2
v 17 2
v 18 2
v 19 2
v 20 2
v 21 2
v 22 3
v 23 3
v 24 3
v 25 3
v 26 3
v 27 3
v 28 3
v 29 3
v 30 3
v 31 3
v 32 3
v 33 3
v 34 3
v 35 3
v 36 3
v 37 3
v 38 3
v 39 3
v 40 3
v 41 3
v 42 3
v 43 4
v 44 4
v 45 4
v 46 4
v 47 4
v 48 4
v 49 4
v 50 4
v 51 4
v 52 4
v 53 4
v 54 4
v 55 4
v 56 4
v 57 4
v 58 4
v 59 4
v 60 4
v 61 4
v 62 4
v 63 4
v 64 4
v 65 4
v 66 4
v 67 4
v 68 4
v 69 4
e 3 57 1
e 4 58 1
e 5 59 1
e 6 60 1
e 7 26 2
e 10 27 1
e 10 64 1
e 11 27 2
e 12 28 2
e 13 24 1
e 13 26 1
e 13 49 1
e 14 23 1
e 14 28 1
e 14 50 1
e 15 30 1
e 15 31 1
e 15 37 1
e 16 36 1
e 16 39 2
e 17 38 1
e 17 40 2
e 18 40 1
e 18 42 2
e 19 41 2
e 19 42 1
e 20 41 1
e 20 66 1
e 20 67 1
e 21 42 1
e 21 68 1
e 21 69 1
e 22 23 1
e 22 25 1
e 22 43 1
e 22 44 1
e 23 27 1
e 23 46 1
e 24 45 1
e 25 26 1
e 25 47 1
e 25 48 1
e 28 29 1
e 29 32 2
e 29 33 1
e 30 34 2
e 30 35 1
e 31 36 1
e 31 51 1
e 31 52 1
e 32 34 1
e 32 53 1
e 33 35 2
e 33 54 1
e 34 55 1
e 35 56 1
e 36 38 2
e 37 61 1
e 37 62 1
e 37 63 1
e 38 65 1
e 39 40 1
e 39 41 1
t # 2394
v 0 32
v 1 11
v 2 1
v 3 1
v 4 1
v 5 1
v 6 1
v 7 1
v 8 1
v 9 3
v 10 3
v 11 3
v 12 3
v 13 3
v 14 3
v 15 3
v 16 3
v 17 4
v 18 4
v 19 4
v 20 4
v 21 4
v 22 4
v 23 4
v 24 4
e 1 7 2
e 1 8 2
e 2 9 1
e 3 10 1
e 3 16 1
e 4 15 1
e 4 23 1
e 5 24 1
e 6 15 2
e 9 10 2
e 9 13 1
e 10 12 1
e 11 12 2
e 11 14 1
e 11 15 1
e 12 17 1
e 13 14 2
e 13 18 1
e 14 19 1
e 16 20 1
e 16 21 1
e 16 22 1
t # 2395
v 0 32
v 1 11
v 2 1
v 3 1
v 4 1
v 5 1
v 6 1
v 7 1
v 8 1
v 9 3
v 10 3
v 11 3
v 12 3
v 13 3
v 14 3
v 15 3
v 16 3
v 17 3
v 18 3
v 19 4
v 20 4
v 21 4
v 22 4
v 23 4
v 24 4
v 25 4
v 26 4
v 27 4
v 28 4
e 1 5 2
e 1 6 2
e 2 11 1
e 3 10 1
e 3 17 1
e 4 27 1
e 7 18 1
e 7 28 1
e 8 18 2
e 9 12 2
e 9 13 1
e 9 15 1
e 10 11 2
e 10 12 1
e 11 14 1
e 12 19 1
e 13 14 2
e 13 20 1
e 14 21 1
e 15 16 2
e 15 22 1
e 16 18 1
e 16 23 1
e 17 24 1
e 17 25 1
e 17 26 1
t # 2396
v 0 32
v 1 11
v 2 1
v 3 1
v 4 1
v 5 1
v 6 1
v 7 1
v 8 3
v 9 3
v 10 3
v 11 3
v 12 3
v 13 3
v 14 3
v 15 3
v 16 3
v 17 4
v 18 4
v 19 4
v 20 4
v 21 4
v 22 4
v 23 4
v 24 4
e 1 4 2
e 1 5 2
e 2 9 1
e 3 23 1
e 6 16 1
e 6 24 1
e 7 16 2
e 8 10 2
e 8 11 1
e 8 14 1
e 9 12 2
e 9 13 1
e 10 12 1
e 10 17 1
e 11 13 2
e 11 18 1
e 12 19 1
e 13 20 1
e 14 15 2
e 14 21 1
e 15 16 1
e 15 22 1
t # 2397
v 0 11
v 1 19
v 2 1
v 3 1
v 4 1
v 5 1
v 6 1
v 7 1
v 8 1
v 9 2
v 10 2
v 11 3
v 12 3
v 13 3
v 14 3
v 15 3
v 16 3
v 17 3
v 18 3
v 19 3
v 20 3
v 21 3
v 22 3
v 23 3
v 24 3
v 25 3
v 26 3
v 27 3
v 28 3
v 29 3
v 30 3
v 31 4
v 32 4
v 33 4
v 34 4
v 35 4
v 36 4
v 37 4
v 38 4
v 39 4
v 40 4
v 41 4
v 42 4
v 43 4
v 44 4
v 45 4
v 46 4
v 47 4
v 48 4
v 49 4
v 50 4
v 51 4
v 52 4
v 53 4
v 54 4
e 0 11 1
e 0 12 1
e 2 15 2
e 3 18 1
e 3 41 1
e 4 18 2
e 5 19 2
e 6 25 1
e 6 28 1
e 7 26 1
e 7 29 1
e 8 27 1
e 8 30 1
e 9 11 1
e 9 13 1
e 9 15 1
e 14 10 1
e 10 19 1
e 10 40 1
e 11 14 1
e 11 31 1
e 12 13 1
e 12 16 1
e 12 17 1
e 13 18 1
e 13 32 1
e 14 15 1
e 14 33 1
e 16 34 1
e 16 35 1
e 16 36 1
e 17 37 1
e 17 38 1
e 17 39 1
e 19 20 1
e 20 21 2
e 20 42 1
e 21 22 1
e 21 43 1
e 22 23 2
e 22 24 1
e 23 26 1
e 23 44 1
e 24 25 2
e 24 45 1
e 25 27 1
e 26 27 2
e 28 46 1
e 28 47 1
e 28 48 1
e 29 49 1
e 29 50 1
e 29 51 1
e 30 52 1
e 30 53 1
e 30 54 1
t # 2398
v 0 11
v 1 19
v 2 1
v 3 1
v 4 1
v 5 1
v 6 1
v 7 1
v 8 2
v 9 2
v 10 3
v 11 3
v 12 3
v 13 3
v 14 3
v 15 3
v 16 3
v 17 3
v 18 3
v 19 3
v 20 3
v 21 3
v 22 3
v 23 3
v 24 3
v 25 3
v 26 3
v 27 3
v 28 3
v 29 4
v 30 4
v 31 4
v 32 4
v 33 4
v 34 4
v 35 4
v 36 4
v 37 4
v 38 4
v 39 4
v 40 4
v 41 4
v 42 4
v 43 4
v 44 4
v 45 4
v 46 4
v 47 4
v 48 4
v 49 4
v 50 4
e 0 10 1
e 0 11 1
e 2 14 2
e 3 17 1
e 3 39 1
e 4 17 2
e 5 18 2
e 6 24 1
e 6 27 1
e 7 26 1
e 7 28 1
e 8 10 1
e 8 12 1
e 8 14 1
e 13 9 1
e 9 18 1
e 9 38 1
e 10 13 1
e 10 29 1
e 11 12 1
e 11 15 1
e 11 16 1
e 12 17 1
e 12 30 1
e 13 14 1
e 13 31 1
e 15 32 1
e 15 33 1
e 15 34 1
e 16 35 1
e 16 36 1
e 16 37 1
e 18 19 1
e 19 20 2
e 19 40 1
e 20 21 1
e 20 41 1
e 21 22 2
e 21 23 1
e 22 24 1
e 22 42 1
e 23 25 2
e 23 43 1
e 24 26 2
e 25 26 1
e 25 44 1
e 27 45 1
e 27 46 1
e 27 47 1
e 28 48 1
e 28 49 1
e 28 50 1
t # 2399
v 0 11
v 1 19
v 2 1
v 3 1
v 4 1
v 5 1
v 6 1
v 7 1
v 8 2
v 9 2
v 10 3
v 11 3
v 12 3
v 13 3
v 14 3
v 15 3
v 16 3
v 17 3
v 18 3
v 19 3
v 20 3
v 21 3
v 22 3
v 23 3
v 24 3
v 25 3
v 26 3
v 27 3
v 28 4
v 29 4
v 30 4
v 31 4
v 32 4
v 33 4
v 34 4
v 35 4
v 36 4
v 37 4
v 38 4
v 39 4
v 40 4
v 41 4
v 42 4
v 43 4
v 44 4
v 45 4
v 46 4
v 47 4
e 0 10 1
e 0 11 1
e 2 14 2
e 3 17 1
e 3 38 1
e 4 17 2
e 5 18 2
e 6 24 1
e 6 27 1
e 7 26 1
e 7 44 1
e 8 10 1
e 8 12 1
e 8 14 1
e 13 9 1
e 9 18 1
e 9 37 1
e 10 13 1
e 10 28 1
e 11 12 1
e 11 15 1
e 11 16 1
e 12 17 1
e 12 29 1
e 13 14 1
e 13 30 1
e 15 31 1
e 15 32 1
e 15 33 1
e 16 34 1
e 16 35 1
e 16 36 1
e 18 19 1
e 19 20 2
e 19 39 1
e 20 21 1
e 20 40 1
e 21 22 2
e 21 23 1
e 22 24 1
e 22 41 1
e 23 25 2
e 23 42 1
e 24 26 2
e 25 26 1
e 25 43 1
e 27 45 1
e 27 46 1
e 27 47 1
