t # 44100
v 0 41
v 1 41
v 2 1
v 3 1
v 4 3
v 5 3
v 6 3
v 7 3
v 8 3
v 9 3
v 10 3
v 11 3
v 12 3
v 13 3
v 14 3
v 15 3
v 16 4
v 17 4
v 18 4
v 19 4
v 20 4
v 21 4
v 22 4
v 23 4
v 24 4
v 25 4
v 26 4
v 27 4
v 28 4
v 29 4
v 30 4
v 31 4
v 32 4
v 33 4
v 34 4
v 35 4
v 36 4
v 37 4
e 2 10 1
e 3 11 1
e 4 16 1
e 4 17 1
e 4 18 1
e 5 19 1
e 5 20 1
e 5 21 1
e 6 22 1
e 6 23 1
e 6 24 1
e 7 25 1
e 7 26 1
e 7 27 1
e 8 28 1
e 8 29 1
e 8 30 1
e 9 31 1
e 9 32 1
e 9 33 1
e 10 12 2
e 10 14 1
e 11 13 2
e 11 15 1
e 12 13 1
e 12 34 1
e 13 35 1
e 14 15 2
e 14 36 1
e 15 37 1
t # 44101
v 0 1
v 1 1
v 2 1
v 3 1
v 4 1
v 5 1
v 6 1
v 7 1
v 8 2
v 9 2
v 10 3
v 11 3
v 12 3
v 13 3
v 14 3
v 15 3
v 16 3
v 17 3
v 18 3
v 19 3
v 20 3
v 21 3
v 22 3
v 23 3
v 24 3
v 25 3
v 26 3
v 27 3
v 28 4
v 29 4
v 30 4
v 31 4
v 32 4
v 33 4
v 34 4
v 35 4
v 36 4
v 37 4
v 38 4
v 39 4
v 40 4
v 41 4
v 42 4
v 43 4
e 0 10 1
e 0 14 1
e 1 11 1
e 1 15 1
e 2 14 2
e 3 15 2
e 8 26 1
e 9 27 1
e 10 11 1
e 10 12 1
e 10 28 1
e 11 13 1
e 11 29 1
e 12 30 1
e 12 31 1
e 12 32 1
e 13 33 1
e 13 34 1
e 13 35 1
e 14 16 1
e 15 17 1
e 16 18 2
e 16 20 1
e 17 19 2
e 17 21 1
e 18 22 1
e 18 36 1
e 19 23 1
e 19 37 1
e 20 24 2
e 20 38 1
e 21 25 2
e 21 39 1
e 22 26 2
e 22 40 1
e 23 27 2
e 23 41 1
e 24 26 1
e 24 42 1
e 25 27 1
e 25 43 1
t # 44102
v 0 1
v 1 1
v 2 2
v 3 3
v 4 3
v 5 3
v 6 3
v 7 3
v 8 3
v 9 3
v 10 3
v 11 3
v 12 3
v 13 3
v 14 3
v 15 3
v 16 3
v 17 3
v 18 3
v 19 4
v 20 4
v 21 4
v 22 4
v 23 4
v 24 4
v 25 4
v 26 4
v 27 4
v 28 4
v 29 4
v 30 4
v 31 4
v 32 4
v 33 4
v 34 4
v 35 4
v 36 4
v 37 4
v 38 4
v 39 4
v 40 4
v 41 4
v 42 4
v 43 4
v 44 4
v 45 4
e 0 15 1
e 0 18 1
e 1 18 2
e 2 18 1
e 2 44 1
e 2 45 1
e 3 5 1
e 3 8 1
e 3 19 1
e 3 20 1
e 4 6 1
e 4 7 1
e 4 21 1
e 4 22 1
e 5 7 2
e 5 10 1
e 6 9 1
e 6 23 1
e 6 24 1
e 7 25 1
e 8 11 1
e 8 26 1
e 8 27 1
e 9 12 1
e 9 13 2
e 10 28 1
e 10 29 1
e 10 30 1
e 11 14 2
e 11 31 1
e 12 32 1
e 12 33 1
e 12 34 1
e 13 15 1
e 13 35 1
e 14 16 1
e 14 17 1
e 15 36 1
e 15 37 1
e 16 38 1
e 16 39 1
e 16 40 1
e 17 41 1
e 17 42 1
e 17 43 1
t # 44103
v 0 1
v 1 1
v 2 1
v 3 2
v 4 2
v 5 3
v 6 3
v 7 3
v 8 3
v 9 3
v 10 3
v 11 3
v 12 3
v 13 3
v 14 4
v 15 4
v 16 4
v 17 4
v 18 4
v 19 4
v 20 4
v 21 4
v 22 4
v 23 4
v 24 4
v 25 4
v 26 4
v 27 4
v 28 4
v 29 4
v 30 4
v 31 4
v 32 4
v 33 4
e 0 6 1
e 0 10 1
e 1 6 1
e 1 11 1
e 2 9 2
e 3 4 1
e 3 5 1
e 3 16 1
e 4 9 1
e 4 23 1
e 5 7 1
e 5 8 1
e 5 14 1
e 6 9 1
e 6 15 1
e 7 17 1
e 7 18 1
e 7 19 1
e 8 20 1
e 8 21 1
e 8 22 1
e 10 12 1
e 10 24 1
e 10 25 1
e 11 13 1
e 11 26 1
e 11 27 1
e 12 28 1
e 12 29 1
e 12 30 1
e 13 31 1
e 13 32 1
e 13 33 1
t # 44104
v 0 1
v 1 1
v 2 1
v 3 1
v 4 1
v 5 1
v 6 1
v 7 1
v 8 2
v 9 2
v 10 2
v 11 3
v 12 3
v 13 3
v 14 3
v 15 3
v 16 3
v 17 3
v 18 3
v 19 3
v 20 3
v 21 3
v 22 3
v 23 3
v 24 3
v 25 3
v 26 3
v 27 3
v 28 3
v 29 3
v 30 3
v 31 3
v 32 3
v 33 3
v 34 3
v 35 4
v 36 4
v 37 4
v 38 4
v 39 4
v 40 4
v 41 4
v 42 4
v 43 4
v 44 4
v 45 4
v 46 4
v 47 4
v 48 4
v 49 4
v 50 4
v 51 4
v 52 4
v 53 4
v 54 4
v 55 4
v 56 4
v 57 4
v 58 4
v 59 4
v 60 4
v 61 4
v 62 4
v 63 4
v 64 4
v 65 4
v 66 4
v 67 4
v 68 4
v 69 4
v 70 4
v 71 4
e 0 13 1
e 0 14 1
e 1 11 1
e 1 16 1
e 2 12 1
e 2 17 1
e 3 15 1
e 3 22 1
e 4 16 1
e 4 26 1
e 5 17 1
e 5 27 1
e 6 22 1
e 6 32 1
e 7 28 2
e 8 14 1
e 8 25 1
e 8 28 1
e 9 28 1
e 9 34 2
e 10 34 1
e 10 70 1
e 10 71 1
e 11 12 1
e 11 13 1
e 11 35 1
e 12 14 1
e 12 36 1
e 13 15 1
e 13 37 1
e 14 38 1
e 15 39 1
e 15 40 1
e 16 18 1
e 16 41 1
e 17 19 1
e 17 42 1
e 18 20 1
e 18 43 1
e 18 44 1
e 19 21 1
e 19 45 1
e 19 46 1
e 20 23 1
e 20 47 1
e 20 48 1
e 21 24 1
e 21 49 1
e 21 50 1
e 22 29 1
e 22 51 1
e 23 26 1
e 23 52 1
e 23 53 1
e 24 27 1
e 24 54 1
e 24 55 1
e 25 33 2
e 25 56 1
e 26 57 1
e 26 58 1
e 27 59 1
e 27 60 1
e 29 30 1
e 29 61 1
e 29 62 1
e 30 31 1
e 30 63 1
e 30 64 1
e 31 32 1
e 31 65 1
e 31 66 1
e 32 67 1
e 32 68 1
e 33 34 1
e 33 69 1
t # 44105
v 0 12
v 1 12
v 2 11
v 3 1
v 4 1
v 5 2
v 6 2
v 7 3
v 8 3
v 9 3
v 10 3
v 11 3
v 12 3
v 13 3
v 14 3
v 15 4
v 16 4
v 17 4
v 18 4
v 19 4
v 20 4
e 2 8 1
e 2 14 1
e 3 9 2
e 4 11 2
e 5 7 1
e 5 11 1
e 6 9 1
e 6 11 1
e 7 8 1
e 7 9 1
e 7 10 1
e 8 12 2
e 10 15 1
e 10 16 1
e 10 17 1
e 12 13 1
e 12 18 1
e 13 14 2
e 13 19 1
e 14 20 1
t # 44106
v 0 1
v 1 1
v 2 2
v 3 3
v 4 3
v 5 3
v 6 3
v 7 3
v 8 3
v 9 3
v 10 3
v 11 3
v 12 3
v 13 3
v 14 3
v 15 3
v 16 3
v 17 3
v 18 3
v 19 3
v 20 3
v 21 4
v 22 4
v 23 4
v 24 4
v 25 4
v 26 4
v 27 4
v 28 4
v 29 4
v 30 4
v 31 4
v 32 4
v 33 4
v 34 4
v 35 4
v 36 4
v 37 4
v 38 4
v 39 4
v 40 4
v 41 4
v 42 4
v 43 4
v 44 4
v 45 4
v 46 4
v 47 4
v 48 4
v 49 4
e 0 8 2
e 1 9 2
e 2 8 1
e 2 9 1
e 2 11 1
e 3 4 1
e 3 5 1
e 3 6 1
e 3 7 1
e 4 8 1
e 4 21 1
e 4 22 1
e 5 9 1
e 5 23 1
e 5 24 1
e 6 10 1
e 6 25 1
e 6 26 1
e 7 27 1
e 7 28 1
e 7 29 1
e 10 30 1
e 10 31 1
e 10 32 1
e 11 12 1
e 11 33 1
e 11 34 1
e 12 13 2
e 12 35 1
e 13 14 1
e 13 16 1
e 14 15 1
e 14 36 1
e 14 37 1
e 15 17 1
e 15 38 1
e 15 39 1
e 16 40 1
e 16 41 1
e 16 42 1
e 17 18 2
e 17 43 1
e 18 19 1
e 18 20 1
e 19 44 1
e 19 45 1
e 19 46 1
e 20 47 1
e 20 48 1
e 20 49 1
t # 44107
v 0 12
v 1 1
v 2 1
v 3 2
v 4 2
v 5 3
v 6 3
v 7 3
v 8 3
v 9 3
v 10 4
v 11 4
v 12 4
v 13 4
v 14 4
v 15 4
v 16 4
e 0 9 1
e 1 7 2
e 2 8 2
e 3 5 1
e 3 7 1
e 3 8 1
e 4 6 1
e 4 8 1
e 4 14 1
e 5 9 1
e 5 10 1
e 5 11 1
e 6 7 1
e 6 12 1
e 6 13 1
e 9 15 1
e 9 16 1
t # 44108
v 0 1
v 1 1
v 2 1
v 3 1
v 4 1
v 5 3
v 6 3
v 7 3
v 8 3
v 9 3
v 10 3
v 11 3
v 12 3
v 13 3
v 14 3
v 15 4
v 16 4
v 17 4
v 18 4
v 19 4
v 20 4
v 21 4
v 22 4
v 23 4
v 24 4
v 25 4
v 26 4
e 0 5 1
e 0 12 1
e 1 6 1
e 1 13 1
e 2 11 1
e 2 26 1
e 3 11 2
e 4 13 2
e 5 6 1
e 5 7 1
e 5 15 1
e 6 8 1
e 6 16 1
e 7 9 2
e 7 11 1
e 8 10 2
e 8 17 1
e 9 10 1
e 9 18 1
e 10 19 1
e 12 20 1
e 12 21 1
e 12 22 1
e 13 14 1
e 14 23 1
e 14 24 1
e 14 25 1
t # 44109
v 0 1
v 1 1
v 2 2
v 3 3
v 4 3
v 5 3
v 6 3
v 7 3
v 8 3
v 9 3
v 10 3
v 11 3
v 12 3
v 13 3
v 14 3
v 15 3
v 16 3
v 17 3
v 18 3
v 19 3
v 20 3
v 21 3
v 22 4
v 23 4
v 24 4
v 25 4
v 26 4
v 27 4
v 28 4
v 29 4
v 30 4
v 31 4
v 32 4
v 33 4
v 34 4
v 35 4
v 36 4
v 37 4
v 38 4
v 39 4
v 40 4
v 41 4
v 42 4
v 43 4
v 44 4
v 45 4
v 46 4
e 0 10 1
e 0 14 1
e 1 14 2
e 2 12 1
e 2 14 1
e 2 39 1
e 3 4 1
e 3 5 1
e 3 22 1
e 3 23 1
e 4 6 1
e 4 24 1
e 4 25 1
e 5 8 1
e 5 9 1
e 5 26 1
e 6 7 1
e 6 27 1
e 6 28 1
e 7 10 1
e 7 29 1
e 7 30 1
e 8 31 1
e 8 32 1
e 8 33 1
e 9 34 1
e 9 35 1
e 9 36 1
e 10 37 1
e 10 38 1
e 11 12 1
e 11 13 1
e 11 16 2
e 12 15 2
e 13 17 1
e 13 18 2
e 15 19 1
e 15 40 1
e 16 20 1
e 16 41 1
e 17 19 2
e 17 42 1
e 18 21 1
e 18 43 1
e 19 44 1
e 20 21 2
e 20 45 1
e 21 46 1
t # 44110
v 0 1
v 1 1
v 2 2
v 3 3
v 4 3
v 5 3
v 6 3
v 7 3
v 8 3
v 9 3
v 10 3
v 11 3
v 12 3
v 13 3
v 14 3
v 15 3
v 16 3
v 17 3
v 18 3
v 19 3
v 20 3
v 21 3
v 22 4
v 23 4
v 24 4
v 25 4
v 26 4
v 27 4
v 28 4
v 29 4
v 30 4
v 31 4
v 32 4
v 33 4
v 34 4
v 35 4
v 36 4
v 37 4
v 38 4
v 39 4
v 40 4
v 41 4
v 42 4
v 43 4
v 44 4
v 45 4
v 46 4
e 0 3 1
e 0 11 1
e 1 11 2
e 2 11 1
e 2 12 1
e 2 39 1
e 3 4 1
e 3 5 1
e 3 6 1
e 4 7 1
e 4 22 1
e 4 23 1
e 5 8 1
e 5 24 1
e 5 25 1
e 6 26 1
e 6 27 1
e 6 28 1
e 7 9 1
e 7 29 1
e 7 30 1
e 8 10 1
e 8 31 1
e 8 32 1
e 9 33 1
e 9 34 1
e 9 35 1
e 10 36 1
e 10 37 1
e 10 38 1
e 12 13 1
e 12 15 2
e 13 14 1
e 13 16 2
e 14 17 1
e 14 19 2
e 15 18 1
e 15 40 1
e 16 20 1
e 16 41 1
e 17 18 2
e 17 42 1
e 18 43 1
e 19 21 1
e 19 44 1
e 20 21 2
e 20 45 1
e 21 46 1
t # 44111
v 0 1
v 1 1
v 2 2
v 3 3
v 4 3
v 5 3
v 6 3
v 7 3
v 8 3
v 9 3
v 10 3
v 11 3
v 12 3
v 13 3
v 14 3
v 15 3
v 16 3
v 17 3
v 18 3
v 19 3
v 20 3
v 21 3
v 22 4
v 23 4
v 24 4
v 25 4
v 26 4
v 27 4
v 28 4
v 29 4
v 30 4
v 31 4
v 32 4
v 33 4
v 34 4
v 35 4
v 36 4
v 37 4
v 38 4
v 39 4
v 40 4
v 41 4
v 42 4
v 43 4
v 44 4
v 45 4
v 46 4
e 0 3 1
e 0 11 1
e 1 11 2
e 2 11 1
e 2 12 1
e 2 39 1
e 3 4 1
e 3 5 1
e 3 22 1
e 4 6 1
e 4 23 1
e 4 24 1
e 5 7 1
e 5 25 1
e 5 26 1
e 6 8 1
e 6 27 1
e 6 28 1
e 7 9 1
e 7 29 1
e 7 30 1
e 8 10 1
e 8 31 1
e 8 32 1
e 9 33 1
e 9 34 1
e 9 35 1
e 10 36 1
e 10 37 1
e 10 38 1
e 12 13 1
e 12 15 2
e 13 14 1
e 13 16 2
e 14 17 1
e 14 19 2
e 15 18 1
e 15 40 1
e 16 20 1
e 16 41 1
e 17 18 2
e 17 42 1
e 18 43 1
e 19 21 1
e 19 44 1
e 20 21 2
e 20 45 1
e 21 46 1
t # 44112
v 0 1
v 1 1
v 2 2
v 3 3
v 4 3
v 5 3
v 6 3
v 7 3
v 8 3
v 9 3
v 10 3
v 11 3
v 12 3
v 13 3
v 14 3
v 15 3
v 16 3
v 17 3
v 18 3
v 19 3
v 20 3
v 21 3
v 22 4
v 23 4
v 24 4
v 25 4
v 26 4
v 27 4
v 28 4
v 29 4
v 30 4
v 31 4
v 32 4
v 33 4
v 34 4
v 35 4
v 36 4
v 37 4
v 38 4
v 39 4
v 40 4
v 41 4
v 42 4
v 43 4
v 44 4
v 45 4
v 46 4
e 0 4 1
e 0 11 1
e 1 11 2
e 2 11 1
e 2 12 1
e 2 39 1
e 3 4 1
e 3 5 1
e 3 22 1
e 3 23 1
e 4 7 1
e 4 24 1
e 5 6 1
e 5 25 1
e 5 26 1
e 6 8 1
e 6 27 1
e 6 28 1
e 7 9 1
e 7 29 1
e 7 30 1
e 8 10 1
e 8 31 1
e 8 32 1
e 9 33 1
e 9 34 1
e 9 35 1
e 10 36 1
e 10 37 1
e 10 38 1
e 12 13 1
e 12 15 2
e 13 14 1
e 13 16 2
e 14 17 1
e 14 19 2
e 15 18 1
e 15 40 1
e 16 20 1
e 16 41 1
e 17 18 2
e 17 42 1
e 18 43 1
e 19 21 1
e 19 44 1
e 20 21 2
e 20 45 1
e 21 46 1
t # 44113
v 0 1
v 1 1
v 2 1
v 3 1
v 4 1
v 5 2
v 6 2
v 7 3
v 8 3
v 9 3
v 10 3
v 11 3
v 12 3
v 13 3
v 14 3
v 15 3
v 16 3
v 17 3
v 18 3
v 19 3
v 20 3
v 21 3
v 22 3
v 23 3
v 24 3
v 25 3
v 26 3
v 27 3
v 28 3
v 29 4
v 30 4
v 31 4
v 32 4
v 33 4
v 34 4
v 35 4
v 36 4
v 37 4
v 38 4
v 39 4
v 40 4
v 41 4
v 42 4
v 43 4
v 44 4
v 45 4
v 46 4
v 47 4
v 48 4
v 49 4
v 50 4
v 51 4
v 52 4
v 53 4
v 54 4
e 0 9 1
e 0 11 1
e 1 13 1
e 1 45 1
e 2 21 1
e 2 27 1
e 3 21 2
e 4 25 1
e 4 28 1
e 5 8 1
e 5 15 1
e 5 17 1
e 6 11 1
e 6 12 1
e 6 19 1
e 7 8 1
e 7 9 1
e 7 10 1
e 7 14 1
e 8 12 1
e 8 29 1
e 9 13 1
e 9 30 1
e 10 11 1
e 10 31 1
e 10 32 1
e 11 21 1
e 12 16 2
e 13 15 1
e 13 33 1
e 14 22 1
e 14 34 1
e 14 35 1
e 15 36 1
e 15 37 1
e 16 18 1
e 16 20 1
e 17 18 1
e 17 38 1
e 17 39 1
e 18 40 1
e 18 41 1
e 19 20 2
e 19 23 1
e 20 24 1
e 22 42 1
e 22 43 1
e 22 44 1
e 23 25 2
e 23 46 1
e 24 26 2
e 24 47 1
e 25 26 1
e 26 48 1
e 27 49 1
e 27 50 1
e 27 51 1
e 28 52 1
e 28 53 1
e 28 54 1
t # 44114
v 0 11
v 1 1
v 2 1
v 3 1
v 4 1
v 5 1
v 6 1
v 7 1
v 8 3
v 9 3
v 10 3
v 11 3
v 12 3
v 13 3
v 14 3
v 15 3
v 16 3
v 17 4
v 18 4
v 19 4
v 20 4
v 21 4
v 22 4
v 23 4
v 24 4
v 25 4
v 26 4
v 27 4
v 28 4
v 29 4
v 30 4
v 31 4
v 32 4
e 0 6 2
e 0 7 2
e 0 16 1
e 1 10 1
e 1 11 1
e 2 8 1
e 2 12 1
e 3 10 1
e 3 12 1
e 4 9 1
e 4 29 1
e 5 13 1
e 8 9 1
e 8 10 1
e 8 17 1
e 9 11 1
e 9 18 1
e 10 19 1
e 11 13 1
e 11 20 1
e 12 14 1
e 12 15 1
e 13 21 1
e 13 22 1
e 14 23 1
e 14 24 1
e 14 25 1
e 15 26 1
e 15 27 1
e 15 28 1
e 16 30 1
e 16 31 1
e 16 32 1
t # 44115
v 0 1
v 1 1
v 2 1
v 3 2
v 4 3
v 5 3
v 6 3
v 7 3
v 8 3
v 9 3
v 10 3
v 11 3
v 12 3
v 13 3
v 14 3
v 15 3
v 16 3
v 17 3
v 18 3
v 19 3
v 20 3
v 21 3
v 22 3
v 23 3
v 24 3
v 25 4
v 26 4
v 27 4
v 28 4
v 29 4
v 30 4
v 31 4
v 32 4
v 33 4
v 34 4
v 35 4
v 36 4
v 37 4
v 38 4
v 39 4
v 40 4
v 41 4
v 42 4
v 43 4
v 44 4
v 45 4
e 0 6 1
e 0 33 1
e 1 10 1
e 1 41 1
e 2 10 2
e 3 4 1
e 3 7 1
e 3 8 1
e 4 5 1
e 4 10 1
e 4 25 1
e 5 6 1
e 5 26 1
e 5 27 1
e 6 7 1
e 6 28 1
e 7 29 1
e 7 30 1
e 8 9 1
e 8 31 1
e 8 32 1
e 9 11 2
e 9 12 1
e 11 13 1
e 11 16 1
e 12 14 1
e 12 17 2
e 13 15 2
e 13 18 1
e 14 15 1
e 14 19 2
e 15 20 1
e 16 21 2
e 16 34 1
e 17 22 1
e 17 35 1
e 18 23 2
e 18 36 1
e 19 24 1
e 19 37 1
e 20 38 1
e 20 39 1
e 20 40 1
e 21 23 1
e 21 42 1
e 22 24 2
e 22 43 1
e 23 44 1
e 24 45 1
t # 44116
v 0 8
v 1 8
v 2 1
v 3 1
v 4 1
v 5 1
v 6 1
v 7 1
v 8 3
v 9 3
v 10 3
v 11 3
v 12 3
v 13 3
v 14 3
v 15 3
v 16 3
v 17 3
v 18 3
v 19 3
v 20 3
v 21 3
v 22 3
v 23 3
v 24 3
v 25 3
v 26 3
v 27 3
v 28 3
v 29 3
v 30 3
v 31 3
v 32 3
v 33 3
v 34 3
v 35 3
v 36 3
v 37 3
v 38 3
v 39 3
v 40 4
v 41 4
v 42 4
v 43 4
v 44 4
v 45 4
v 46 4
v 47 4
v 48 4
v 49 4
v 50 4
v 51 4
v 52 4
v 53 4
v 54 4
v 55 4
v 56 4
v 57 4
v 58 4
v 59 4
v 60 4
v 61 4
v 62 4
v 63 4
v 64 4
v 65 4
v 66 4
v 67 4
v 68 4
v 69 4
v 70 4
v 71 4
v 72 4
v 73 4
v 74 4
v 75 4
v 76 4
v 77 4
v 78 4
v 79 4
v 80 4
v 81 4
e 2 34 1
e 3 35 1
e 4 36 1
e 5 37 1
e 8 9 1
e 8 12 1
e 8 14 1
e 8 40 1
e 9 12 1
e 9 15 1
e 9 41 1
e 10 11 1
e 10 13 1
e 10 16 1
e 10 42 1
e 11 13 1
e 11 17 1
e 11 43 1
e 12 24 1
e 13 25 1
e 14 18 1
e 14 20 1
e 14 44 1
e 15 18 1
e 15 21 1
e 15 45 1
e 16 19 1
e 16 22 1
e 16 46 1
e 17 19 1
e 17 23 1
e 17 47 1
e 18 48 1
e 18 49 1
e 19 50 1
e 19 51 1
e 20 21 1
e 20 52 1
e 20 53 1
e 21 54 1
e 21 55 1
e 22 23 1
e 22 56 1
e 22 57 1
e 23 58 1
e 23 59 1
e 24 26 2
e 24 28 1
e 25 27 2
e 25 29 1
e 26 30 1
e 26 60 1
e 27 31 1
e 27 61 1
e 28 32 2
e 28 62 1
e 29 33 2
e 29 63 1
e 30 38 2
e 30 64 1
e 31 39 2
e 31 65 1
e 32 38 1
e 32 66 1
e 33 39 1
e 33 67 1
e 34 68 1
e 34 69 1
e 34 70 1
e 35 71 1
e 35 72 1
e 35 73 1
e 36 74 1
e 36 75 1
e 36 76 1
e 37 77 1
e 37 78 1
e 37 79 1
e 38 80 1
e 39 81 1
t # 44117
v 0 8
v 1 1
v 2 1
v 3 1
v 4 1
v 5 3
v 6 3
v 7 3
v 8 3
v 9 3
v 10 3
v 11 3
v 12 3
v 13 3
v 14 3
v 15 4
v 16 4
v 17 4
v 18 4
v 19 4
v 20 4
v 21 4
v 22 4
v 23 4
v 24 4
v 25 4
v 26 4
v 27 4
e 1 13 1
e 2 14 1
e 4 6 2
e 5 6 1
e 5 8 2
e 5 9 1
e 7 10 2
e 7 11 1
e 7 12 1
e 8 10 1
e 8 15 1
e 9 11 2
e 9 16 1
e 10 17 1
e 11 18 1
e 12 19 1
e 12 20 1
e 12 21 1
e 13 22 1
e 13 23 1
e 13 24 1
e 14 25 1
e 14 26 1
e 14 27 1
t # 44118
v 0 18
v 1 1
v 2 1
v 3 1
v 4 1
v 5 2
v 6 2
v 7 2
v 8 2
v 9 3
v 10 3
v 11 3
v 12 3
v 13 3
v 14 3
v 15 3
v 16 3
v 17 3
v 18 3
v 19 3
v 20 3
v 21 4
v 22 4
v 23 4
v 24 4
v 25 4
v 26 4
v 27 4
v 28 4
v 29 4
v 30 4
v 31 4
e 1 9 1
e 1 12 1
e 2 10 1
e 2 27 1
e 3 11 1
e 3 28 1
e 4 13 1
e 4 29 1
e 5 9 1
e 5 14 1
e 5 15 1
e 6 14 2
e 6 19 1
e 7 18 1
e 7 19 2
e 9 10 1
e 9 21 1
e 10 11 1
e 10 22 1
e 11 12 1
e 11 23 1
e 12 13 1
e 12 24 1
e 13 25 1
e 13 26 1
e 14 16 1
e 15 17 2
e 16 17 1
e 16 18 2
e 17 20 1
e 18 30 1
e 19 31 1
t # 44119
v 0 11
v 1 1
v 2 1
v 3 1
v 4 2
v 5 3
v 6 3
v 7 3
v 8 3
v 9 3
v 10 3
v 11 3
v 12 3
v 13 4
v 14 4
v 15 4
v 16 4
v 17 4
v 18 4
v 19 4
v 20 4
v 21 4
v 22 4
v 23 4
e 0 2 2
e 0 3 2
e 0 5 1
e 1 12 1
e 4 8 1
e 5 6 2
e 5 7 1
e 6 9 1
e 6 13 1
e 7 10 2
e 7 14 1
e 8 15 1
e 8 16 1
e 8 17 1
e 9 11 2
e 9 18 1
e 10 11 1
e 10 19 1
e 11 20 1
e 12 21 1
e 12 22 1
e 12 23 1
t # 44120
v 0 11
v 1 1
v 2 1
v 3 1
v 4 1
v 5 2
v 6 2
v 7 3
v 8 3
v 9 3
v 10 3
v 11 3
v 12 3
v 13 3
v 14 4
v 15 4
v 16 4
v 17 4
v 18 4
v 19 4
v 20 4
v 21 4
e 0 2 2
e 0 7 1
e 1 13 1
e 5 18 1
e 6 10 1
e 7 8 2
e 7 9 1
e 8 11 1
e 8 14 1
e 9 12 2
e 9 15 1
e 10 11 2
e 10 12 1
e 11 16 1
e 12 17 1
e 13 19 1
e 13 20 1
e 13 21 1
t # 44121
v 0 11
v 1 1
v 2 1
v 3 1
v 4 1
v 5 2
v 6 2
v 7 3
v 8 3
v 9 3
v 10 3
v 11 3
v 12 3
v 13 3
v 14 3
v 15 4
v 16 4
v 17 4
v 18 4
v 19 4
v 20 4
v 21 4
v 22 4
v 23 4
v 24 4
e 0 2 2
e 0 7 1
e 1 14 1
e 5 13 1
e 6 10 1
e 7 8 2
e 7 9 1
e 8 11 1
e 8 15 1
e 9 12 2
e 9 16 1
e 10 11 2
e 10 12 1
e 11 17 1
e 12 18 1
e 13 19 1
e 13 20 1
e 13 21 1
e 14 22 1
e 14 23 1
e 14 24 1
t # 44122
v 0 11
v 1 1
v 2 1
v 3 1
v 4 1
v 5 2
v 6 2
v 7 3
v 8 3
v 9 3
v 10 3
v 11 3
v 12 3
v 13 3
v 14 3
v 15 3
v 16 3
v 17 3
v 18 3
v 19 3
v 20 4
v 21 4
v 22 4
v 23 4
v 24 4
v 25 4
v 26 4
v 27 4
v 28 4
v 29 4
v 30 4
v 31 4
e 0 2 2
e 0 9 1
e 1 8 1
e 5 28 1
e 6 12 1
e 7 8 1
e 7 13 2
e 7 14 1
e 8 20 1
e 8 21 1
e 9 10 2
e 9 11 1
e 10 15 1
e 10 22 1
e 11 16 2
e 11 23 1
e 12 15 2
e 12 16 1
e 13 17 1
e 13 24 1
e 14 18 2
e 14 25 1
e 15 26 1
e 16 27 1
e 17 19 2
e 17 29 1
e 18 19 1
e 18 30 1
e 19 31 1
t # 44123
v 0 12
v 1 11
v 2 1
v 3 1
v 4 1
v 5 2
v 6 3
v 7 3
v 8 3
v 9 3
v 10 3
v 11 3
v 12 3
v 13 3
v 14 4
v 15 4
v 16 4
v 17 4
v 18 4
v 19 4
v 20 4
v 21 4
v 22 4
v 23 4
e 0 12 1
e 1 3 2
e 1 4 2
e 1 6 1
e 2 13 1
e 5 9 1
e 6 7 2
e 6 8 1
e 7 10 1
e 7 14 1
e 8 11 2
e 8 15 1
e 9 16 1
e 9 17 1
e 9 18 1
e 10 12 2
e 10 19 1
e 11 12 1
e 11 20 1
e 13 21 1
e 13 22 1
e 13 23 1
t # 44124
v 0 11
v 1 1
v 2 1
v 3 2
v 4 3
v 5 3
v 6 3
v 7 3
v 8 3
v 9 3
v 10 3
v 11 3
v 12 3
v 13 3
v 14 3
v 15 3
v 16 3
v 17 3
v 18 4
v 19 4
v 20 4
v 21 4
v 22 4
v 23 4
v 24 4
v 25 4
v 26 4
v 27 4
v 28 4
v 29 4
v 30 4
v 31 4
v 32 4
e 0 2 2
e 0 4 1
e 1 7 1
e 3 29 1
e 4 8 2
e 4 9 1
e 5 7 1
e 5 12 2
e 5 13 1
e 6 10 2
e 6 11 1
e 6 14 1
e 7 18 1
e 7 19 1
e 8 10 1
e 8 20 1
e 9 11 2
e 9 21 1
e 10 22 1
e 11 23 1
e 12 15 1
e 12 24 1
e 13 16 2
e 13 25 1
e 14 26 1
e 14 27 1
e 14 28 1
e 15 17 2
e 15 30 1
e 16 17 1
e 16 31 1
e 17 32 1
t # 44125
v 0 1
v 1 1
v 2 1
v 3 2
v 4 2
v 5 2
v 6 3
v 7 3
v 8 3
v 9 3
v 10 3
v 11 3
v 12 3
v 13 4
v 14 4
v 15 4
v 16 4
v 17 4
v 18 4
v 19 4
e 0 9 2
e 1 12 1
e 1 19 1
e 2 12 2
e 3 6 1
e 3 9 1
e 3 15 1
e 4 7 2
e 4 10 1
e 5 8 2
e 5 11 1
e 6 7 1
e 6 13 1
e 6 14 1
e 7 8 1
e 8 16 1
e 9 12 1
e 10 11 2
e 10 17 1
e 11 18 1
t # 44126
v 0 2
v 1 2
v 2 2
v 3 2
v 4 2
v 5 2
v 6 3
v 7 3
v 8 3
v 9 3
v 10 3
v 11 3
v 12 3
v 13 3
v 14 3
v 15 4
v 16 4
v 17 4
v 18 4
v 19 4
v 20 4
v 21 4
v 22 4
e 0 4 1
e 0 6 1
e 0 7 1
e 1 5 1
e 1 7 1
e 1 11 1
e 2 3 1
e 2 6 2
e 3 7 2
e 6 8 1
e 8 9 2
e 8 10 1
e 9 12 1
e 9 15 1
e 10 13 2
e 10 16 1
e 11 17 1
e 11 18 1
e 11 19 1
e 12 14 2
e 12 20 1
e 13 14 1
e 13 21 1
e 14 22 1
t # 44127
v 0 1
v 1 1
v 2 1
v 3 1
v 4 3
v 5 3
v 6 3
v 7 3
v 8 3
v 9 3
v 10 3
v 11 3
v 12 3
v 13 3
v 14 3
v 15 3
v 16 3
v 17 3
v 18 3
v 19 3
v 20 4
v 21 4
v 22 4
v 23 4
v 24 4
v 25 4
v 26 4
v 27 4
v 28 4
v 29 4
v 30 4
v 31 4
v 32 4
v 33 4
v 34 4
v 35 4
e 0 5 1
e 0 9 1
e 1 6 1
e 1 19 1
e 2 15 1
e 2 35 1
e 3 15 2
e 4 7 2
e 4 8 1
e 4 10 1
e 5 6 2
e 5 11 1
e 6 7 1
e 7 20 1
e 8 11 2
e 8 21 1
e 9 12 1
e 9 22 1
e 9 23 1
e 10 15 1
e 10 24 1
e 10 25 1
e 11 26 1
e 12 13 2
e 12 14 1
e 13 16 1
e 13 27 1
e 14 17 2
e 14 28 1
e 16 18 2
e 16 29 1
e 17 18 1
e 17 30 1
e 18 31 1
e 19 32 1
e 19 33 1
e 19 34 1
t # 44128
v 0 1
v 1 1
v 2 2
v 3 3
v 4 3
v 5 3
v 6 3
v 7 3
v 8 3
v 9 3
v 10 3
v 11 3
v 12 3
v 13 3
v 14 3
v 15 3
v 16 3
v 17 3
v 18 3
v 19 4
v 20 4
v 21 4
v 22 4
v 23 4
v 24 4
v 25 4
v 26 4
v 27 4
v 28 4
v 29 4
v 30 4
v 31 4
v 32 4
v 33 4
e 0 3 1
e 0 6 1
e 1 5 1
e 1 17 1
e 3 5 2
e 3 9 1
e 4 8 2
e 4 10 1
e 4 11 1
e 5 8 1
e 6 7 1
e 6 19 1
e 6 20 1
e 7 12 2
e 7 13 1
e 8 21 1
e 9 10 2
e 9 22 1
e 10 23 1
e 11 18 1
e 11 24 1
e 11 25 1
e 12 14 1
e 12 26 1
e 13 15 2
e 13 27 1
e 14 16 2
e 14 28 1
e 15 16 1
e 15 29 1
e 16 30 1
e 17 31 1
e 17 32 1
e 17 33 1
t # 44129
v 0 1
v 1 1
v 2 1
v 3 1
v 4 1
v 5 1
v 6 1
v 7 3
v 8 3
v 9 3
v 10 3
v 11 3
v 12 3
v 13 3
v 14 3
v 15 3
v 16 3
v 17 3
v 18 3
v 19 3
v 20 3
v 21 3
v 22 3
v 23 4
v 24 4
v 25 4
v 26 4
v 27 4
v 28 4
v 29 4
v 30 4
v 31 4
v 32 4
v 33 4
v 34 4
e 0 7 1
e 0 12 1
e 1 11 2
e 2 13 1
e 2 30 1
e 3 14 2
e 4 21 1
e 4 22 1
e 5 18 1
e 5 31 1
e 6 19 2
e 7 8 1
e 7 9 1
e 7 23 1
e 8 11 1
e 8 24 1
e 8 25 1
e 9 14 1
e 9 15 2
e 10 11 1
e 10 12 1
e 10 13 2
e 12 16 2
e 13 17 1
e 14 20 1
e 15 19 1
e 15 26 1
e 16 18 1
e 16 27 1
e 17 18 2
e 17 28 1
e 19 21 1
e 20 21 2
e 20 29 1
e 22 32 1
e 22 33 1
e 22 34 1
t # 44130
v 0 12
v 1 12
v 2 11
v 3 11
v 4 1
v 5 1
v 6 1
v 7 1
v 8 2
v 9 2
v 10 3
v 11 3
v 12 3
v 13 3
v 14 3
v 15 3
v 16 3
v 17 3
v 18 3
v 19 3
v 20 3
v 21 3
v 22 3
v 23 3
v 24 3
v 25 4
v 26 4
v 27 4
v 28 4
v 29 4
v 30 4
v 31 4
v 32 4
v 33 4
v 34 4
v 35 4
v 36 4
v 37 4
v 38 4
e 0 23 1
e 1 24 1
e 2 4 2
e 2 5 2
e 2 13 1
e 3 6 2
e 3 7 2
e 3 14 1
e 8 10 1
e 8 11 1
e 9 10 1
e 9 12 1
e 10 25 1
e 10 26 1
e 11 12 1
e 11 27 1
e 11 28 1
e 12 29 1
e 12 30 1
e 13 15 2
e 13 17 1
e 14 16 2
e 14 18 1
e 15 19 1
e 15 31 1
e 16 20 1
e 16 32 1
e 17 21 2
e 17 33 1
e 18 22 2
e 18 34 1
e 19 23 2
e 19 35 1
e 20 24 2
e 20 36 1
e 21 23 1
e 21 37 1
e 22 24 1
e 22 38 1
t # 44131
v 0 1
v 1 1
v 2 1
v 3 1
v 4 1
v 5 1
v 6 2
v 7 2
v 8 2
v 9 2
v 10 3
v 11 3
v 12 3
v 13 3
v 14 3
v 15 3
v 16 3
v 17 3
v 18 3
v 19 3
v 20 3
v 21 3
v 22 3
v 23 3
v 24 3
v 25 3
v 26 3
v 27 3
v 28 3
v 29 3
v 30 3
v 31 3
v 32 3
v 33 3
v 34 3
v 35 3
v 36 3
v 37 3
v 38 3
v 39 3
v 40 3
v 41 3
v 42 3
v 43 3
v 44 3
v 45 3
v 46 3
v 47 3
v 48 3
v 49 3
v 50 3
v 51 3
v 52 3
v 53 3
v 54 3
v 55 3
v 56 3
v 57 3
v 58 3
v 59 3
v 60 3
v 61 4
v 62 4
v 63 4
v 64 4
v 65 4
v 66 4
v 67 4
v 68 4
v 69 4
v 70 4
v 71 4
v 72 4
v 73 4
v 74 4
v 75 4
v 76 4
v 77 4
v 78 4
v 79 4
v 80 4
v 81 4
v 82 4
v 83 4
v 84 4
v 85 4
v 86 4
v 87 4
v 88 4
v 89 4
v 90 4
v 91 4
v 92 4
v 93 4
v 94 4
v 95 4
v 96 4
v 97 4
v 98 4
v 99 4
v 100 4
e 0 24 1
e 0 35 1
e 1 28 2
e 2 30 2
e 3 41 1
e 3 58 1
e 4 44 1
e 4 59 1
e 5 45 1
e 5 60 1
e 6 10 1
e 6 20 1
e 6 28 1
e 7 11 1
e 7 23 1
e 7 30 1
e 10 12 1
e 10 13 1
e 10 27 1
e 11 14 1
e 11 15 1
e 11 29 1
e 12 16 1
e 12 61 1
e 12 62 1
e 13 17 1
e 13 22 2
e 14 19 1
e 14 63 1
e 14 64 1
e 15 18 1
e 15 26 2
e 16 24 1
e 16 32 2
e 17 21 1
e 17 31 2
e 18 25 1
e 18 34 2
e 19 33 2
e 19 36 1
e 20 21 2
e 20 65 1
e 21 66 1
e 22 37 1
e 22 67 1
e 23 25 2
e 23 68 1
e 24 39 2
e 25 69 1
e 26 40 1
e 26 70 1
e 28 43 1
e 30 47 1
e 31 38 1
e 31 71 1
e 32 41 1
e 32 72 1
e 33 35 1
e 33 73 1
e 34 42 1
e 34 74 1
e 35 44 2
e 36 46 2
e 36 75 1
e 37 38 2
e 37 76 1
e 38 77 1
e 39 45 1
e 39 78 1
e 40 42 2
e 40 79 1
e 41 45 2
e 42 80 1
e 43 48 2
e 43 49 1
e 44 46 1
e 46 81 1
e 47 50 2
e 47 51 1
e 48 52 1
e 48 82 1
e 49 53 2
e 49 83 1
e 50 54 1
e 50 84 1
e 51 55 2
e 51 85 1
e 52 56 2
e 52 86 1
e 53 56 1
e 53 87 1
e 54 57 2
e 54 88 1
e 55 57 1
e 55 89 1
e 56 90 1
e 57 91 1
e 58 92 1
e 58 93 1
e 58 94 1
e 59 95 1
e 59 96 1
e 59 97 1
e 60 98 1
e 60 99 1
e 60 100 1
t # 44132
v 0 1
v 1 1
v 2 1
v 3 1
v 4 1
v 5 1
v 6 2
v 7 2
v 8 2
v 9 2
v 10 3
v 11 3
v 12 3
v 13 3
v 14 3
v 15 3
v 16 3
v 17 3
v 18 3
v 19 3
v 20 3
v 21 3
v 22 3
v 23 3
v 24 3
v 25 3
v 26 3
v 27 3
v 28 3
v 29 3
v 30 3
v 31 3
v 32 3
v 33 3
v 34 3
v 35 3
v 36 3
v 37 3
v 38 3
v 39 3
v 40 3
v 41 3
v 42 3
v 43 3
v 44 3
v 45 3
v 46 3
v 47 3
v 48 3
v 49 3
v 50 3
v 51 3
v 52 3
v 53 3
v 54 4
v 55 4
v 56 4
v 57 4
v 58 4
v 59 4
v 60 4
v 61 4
v 62 4
v 63 4
v 64 4
v 65 4
v 66 4
v 67 4
v 68 4
v 69 4
v 70 4
v 71 4
v 72 4
v 73 4
v 74 4
v 75 4
v 76 4
v 77 4
v 78 4
v 79 4
v 80 4
v 81 4
v 82 4
v 83 4
v 84 4
v 85 4
v 86 4
v 87 4
v 88 4
v 89 4
v 90 4
v 91 4
v 92 4
v 93 4
v 94 4
v 95 4
v 96 4
v 97 4
v 98 4
v 99 4
v 100 4
v 101 4
v 102 4
v 103 4
v 104 4
v 105 4
v 106 4
v 107 4
v 108 4
v 109 4
e 0 16 1
e 0 32 1
e 1 14 1
e 1 68 1
e 2 24 1
e 2 37 1
e 3 24 2
e 4 30 1
e 4 44 1
e 5 32 2
e 6 11 1
e 6 18 1
e 6 22 1
e 7 13 1
e 7 20 1
e 7 26 1
e 8 39 1
e 8 42 1
e 8 45 1
e 9 34 1
e 9 47 1
e 9 91 1
e 10 11 1
e 10 13 1
e 10 15 1
e 10 17 1
e 11 12 1
e 11 54 1
e 12 16 1
e 12 19 1
e 12 21 1
e 13 14 1
e 13 55 1
e 14 16 1
e 14 24 1
e 15 18 1
e 15 56 1
e 15 57 1
e 16 58 1
e 17 20 2
e 17 25 1
e 18 59 1
e 18 60 1
e 19 27 1
e 19 61 1
e 19 62 1
e 20 28 1
e 21 23 2
e 21 63 1
e 22 23 1
e 22 64 1
e 22 65 1
e 23 66 1
e 25 29 2
e 25 67 1
e 26 69 1
e 26 70 1
e 26 71 1
e 27 72 1
e 27 73 1
e 27 74 1
e 28 30 2
e 28 75 1
e 29 30 1
e 29 31 1
e 31 33 1
e 31 34 1
e 31 76 1
e 32 36 1
e 33 35 1
e 33 77 1
e 33 78 1
e 34 40 2
e 35 38 1
e 35 39 1
e 35 79 1
e 36 80 1
e 36 81 1
e 36 82 1
e 37 83 1
e 37 84 1
e 37 85 1
e 38 41 1
e 38 86 1
e 38 87 1
e 39 88 1
e 39 89 1
e 40 43 1
e 40 46 1
e 41 42 1
e 41 48 1
e 41 90 1
e 42 92 1
e 42 93 1
e 43 45 1
e 43 94 1
e 43 95 1
e 44 96 1
e 44 97 1
e 44 98 1
e 45 99 1
e 45 100 1
e 46 47 1
e 46 49 2
e 47 50 2
e 48 51 1
e 48 101 1
e 48 102 1
e 49 52 1
e 49 103 1
e 50 53 1
e 50 104 1
e 51 105 1
e 51 106 1
e 51 107 1
e 52 53 2
e 52 108 1
e 53 109 1
t # 44133
v 0 1
v 1 1
v 2 1
v 3 1
v 4 1
v 5 1
v 6 2
v 7 3
v 8 3
v 9 3
v 10 3
v 11 3
v 12 3
v 13 3
v 14 3
v 15 3
v 16 3
v 17 3
v 18 3
v 19 3
v 20 3
v 21 3
v 22 3
v 23 3
v 24 3
v 25 3
v 26 3
v 27 3
v 28 4
v 29 4
v 30 4
v 31 4
v 32 4
v 33 4
v 34 4
v 35 4
v 36 4
v 37 4
v 38 4
v 39 4
v 40 4
v 41 4
v 42 4
v 43 4
v 44 4
v 45 4
v 46 4
v 47 4
v 48 4
v 49 4
v 50 4
v 51 4
v 52 4
v 53 4
v 54 4
v 55 4
v 56 4
e 0 13 1
e 0 22 1
e 1 14 1
e 1 23 1
e 2 11 2
e 3 12 2
e 4 13 2
e 5 14 2
e 6 19 1
e 6 24 1
e 6 25 1
e 7 8 1
e 7 9 1
e 7 10 1
e 7 28 1
e 8 11 1
e 8 13 1
e 8 29 1
e 9 12 1
e 9 14 1
e 9 30 1
e 10 15 2
e 10 16 1
e 11 20 1
e 12 21 1
e 15 17 1
e 15 31 1
e 16 18 2
e 16 32 1
e 17 19 2
e 17 33 1
e 18 19 1
e 18 34 1
e 20 35 1
e 20 36 1
e 20 37 1
e 21 38 1
e 21 39 1
e 21 40 1
e 22 26 1
e 22 41 1
e 22 42 1
e 23 27 1
e 23 43 1
e 23 44 1
e 24 45 1
e 24 46 1
e 24 47 1
e 25 48 1
e 25 49 1
e 25 50 1
e 26 51 1
e 26 52 1
e 26 53 1
e 27 54 1
e 27 55 1
e 27 56 1
t # 44134
v 0 11
v 1 2
v 2 2
v 3 3
v 4 3
v 5 3
v 6 3
v 7 3
v 8 3
v 9 3
v 10 3
v 11 3
v 12 3
v 13 4
v 14 4
v 15 4
v 16 4
v 17 4
v 18 4
e 1 5 1
e 2 6 1
e 3 4 2
e 3 5 1
e 3 6 1
e 4 7 1
e 4 8 1
e 5 9 2
e 6 10 2
e 7 11 2
e 7 13 1
e 8 12 2
e 8 14 1
e 9 11 1
e 9 15 1
e 10 12 1
e 10 16 1
e 11 17 1
e 12 18 1
t # 44135
v 0 1
v 1 1
v 2 1
v 3 1
v 4 2
v 5 2
v 6 3
v 7 3
v 8 3
v 9 3
v 10 3
v 11 3
v 12 3
v 13 3
v 14 3
v 15 3
v 16 3
v 17 3
v 18 3
v 19 3
v 20 3
v 21 3
v 22 3
v 23 3
v 24 3
v 25 3
v 26 3
v 27 4
v 28 4
v 29 4
v 30 4
v 31 4
v 32 4
v 33 4
v 34 4
v 35 4
v 36 4
v 37 4
v 38 4
v 39 4
v 40 4
v 41 4
v 42 4
v 43 4
v 44 4
v 45 4
v 46 4
v 47 4
v 48 4
v 49 4
v 50 4
v 51 4
v 52 4
e 0 17 1
e 0 23 1
e 1 18 1
e 1 24 1
e 2 17 2
e 3 18 2
e 4 10 2
e 4 11 1
e 5 14 1
e 5 21 1
e 5 22 1
e 6 7 1
e 6 8 2
e 6 9 1
e 7 12 2
e 7 13 1
e 8 10 1
e 8 17 1
e 9 11 2
e 9 18 1
e 10 19 1
e 11 20 1
e 12 15 1
e 12 27 1
e 13 16 2
e 13 28 1
e 14 15 2
e 14 16 1
e 15 29 1
e 16 30 1
e 19 31 1
e 19 32 1
e 19 33 1
e 20 34 1
e 20 35 1
e 20 36 1
e 21 37 1
e 21 38 1
e 21 39 1
e 22 40 1
e 22 41 1
e 22 42 1
e 23 25 1
e 23 43 1
e 23 44 1
e 24 26 1
e 24 45 1
e 24 46 1
e 25 47 1
e 25 48 1
e 25 49 1
e 26 50 1
e 26 51 1
e 26 52 1
t # 44136
v 0 18
v 1 18
v 2 11
v 3 1
v 4 1
v 5 2
v 6 3
v 7 3
v 8 3
v 9 3
v 10 3
v 11 3
v 12 3
v 13 3
v 14 3
v 15 3
v 16 4
v 17 4
v 18 4
v 19 4
v 20 4
v 21 4
v 22 4
v 23 4
v 24 4
v 25 4
v 26 4
v 27 4
v 28 4
e 2 3 2
e 2 4 2
e 2 7 1
e 5 6 1
e 5 18 1
e 6 8 1
e 6 16 1
e 6 17 1
e 7 9 2
e 7 10 1
e 8 11 1
e 8 19 1
e 9 13 1
e 9 20 1
e 10 14 2
e 10 21 1
e 11 22 1
e 11 23 1
e 12 13 2
e 12 14 1
e 12 15 1
e 13 24 1
e 14 25 1
e 15 26 1
e 15 27 1
e 15 28 1
t # 44137
v 0 1
v 1 1
v 2 1
v 3 1
v 4 1
v 5 1
v 6 2
v 7 3
v 8 3
v 9 3
v 10 3
v 11 3
v 12 3
v 13 3
v 14 3
v 15 3
v 16 3
v 17 3
v 18 3
v 19 3
v 20 3
v 21 3
v 22 3
v 23 3
v 24 3
v 25 3
v 26 3
v 27 4
v 28 4
v 29 4
v 30 4
v 31 4
v 32 4
v 33 4
v 34 4
v 35 4
v 36 4
v 37 4
v 38 4
v 39 4
v 40 4
v 41 4
v 42 4
v 43 4
v 44 4
v 45 4
v 46 4
v 47 4
e 0 11 1
e 0 13 1
e 1 12 1
e 1 15 1
e 2 10 1
e 2 39 1
e 3 10 2
e 4 11 2
e 5 12 2
e 6 8 1
e 6 12 1
e 6 32 1
e 7 8 1
e 7 9 1
e 7 27 1
e 7 28 1
e 8 10 1
e 8 29 1
e 9 11 1
e 9 30 1
e 9 31 1
e 13 14 1
e 13 33 1
e 13 34 1
e 14 17 2
e 14 18 1
e 15 16 1
e 15 35 1
e 15 36 1
e 16 19 2
e 16 20 1
e 17 21 1
e 17 37 1
e 18 22 2
e 18 38 1
e 19 24 1
e 19 40 1
e 20 25 2
e 20 41 1
e 21 23 2
e 21 42 1
e 22 23 1
e 22 43 1
e 23 46 1
e 24 26 2
e 24 44 1
e 25 26 1
e 25 45 1
e 26 47 1
t # 44138
v 0 1
v 1 1
v 2 1
v 3 1
v 4 1
v 5 1
v 6 2
v 7 2
v 8 2
v 9 3
v 10 3
v 11 3
v 12 3
v 13 3
v 14 3
v 15 3
v 16 3
v 17 3
v 18 3
v 19 3
v 20 3
v 21 3
v 22 3
v 23 3
v 24 3
v 25 3
v 26 3
v 27 3
v 28 3
v 29 3
v 30 3
v 31 4
v 32 4
v 33 4
v 34 4
v 35 4
v 36 4
v 37 4
v 38 4
v 39 4
v 40 4
v 41 4
v 42 4
v 43 4
v 44 4
v 45 4
v 46 4
v 47 4
v 48 4
v 49 4
v 50 4
v 51 4
v 52 4
v 53 4
v 54 4
v 55 4
e 0 11 1
e 0 14 1
e 1 11 2
e 2 13 2
e 3 21 1
e 3 27 1
e 4 16 2
e 5 27 2
e 6 9 1
e 6 13 1
e 6 32 1
e 7 12 1
e 7 16 1
e 7 40 1
e 8 17 1
e 8 27 1
e 8 47 1
e 9 10 1
e 9 11 1
e 9 31 1
e 10 33 1
e 10 34 1
e 10 35 1
e 12 13 1
e 12 36 1
e 12 37 1
e 14 15 1
e 14 38 1
e 14 39 1
e 15 18 2
e 15 19 1
e 16 17 1
e 17 41 1
e 17 42 1
e 18 22 1
e 18 43 1
e 19 23 2
e 19 44 1
e 20 21 1
e 20 25 2
e 20 26 1
e 21 45 1
e 21 46 1
e 22 24 2
e 22 48 1
e 23 24 1
e 23 49 1
e 24 50 1
e 25 28 1
e 25 51 1
e 26 29 2
e 26 52 1
e 28 30 2
e 28 53 1
e 29 30 1
e 29 54 1
e 30 55 1
t # 44139
v 0 1
v 1 1
v 2 1
v 3 1
v 4 1
v 5 1
v 6 2
v 7 2
v 8 2
v 9 3
v 10 3
v 11 3
v 12 3
v 13 3
v 14 3
v 15 3
v 16 3
v 17 3
v 18 3
v 19 3
v 20 3
v 21 3
v 22 3
v 23 4
v 24 4
v 25 4
v 26 4
v 27 4
v 28 4
v 29 4
v 30 4
v 31 4
v 32 4
v 33 4
v 34 4
v 35 4
v 36 4
v 37 4
v 38 4
v 39 4
e 0 12 1
e 0 17 1
e 1 13 2
e 2 14 2
e 3 17 2
e 4 22 1
e 4 39 1
e 5 22 2
e 6 9 1
e 6 13 1
e 6 29 1
e 7 10 1
e 7 17 1
e 7 30 1
e 8 14 1
e 8 18 1
e 8 33 1
e 9 14 1
e 9 23 1
e 9 24 1
e 10 13 1
e 10 25 1
e 10 26 1
e 11 12 1
e 11 15 2
e 11 16 1
e 12 27 1
e 12 28 1
e 15 19 1
e 15 31 1
e 16 20 2
e 16 32 1
e 18 22 1
e 18 34 1
e 18 35 1
e 19 21 2
e 19 36 1
e 20 21 1
e 20 37 1
e 21 38 1
t # 44140
v 0 1
v 1 1
v 2 1
v 3 1
v 4 1
v 5 1
v 6 2
v 7 3
v 8 3
v 9 3
v 10 3
v 11 3
v 12 3
v 13 3
v 14 3
v 15 3
v 16 3
v 17 3
v 18 3
v 19 3
v 20 3
v 21 3
v 22 3
v 23 3
v 24 4
v 25 4
v 26 4
v 27 4
v 28 4
v 29 4
v 30 4
v 31 4
v 32 4
v 33 4
v 34 4
v 35 4
v 36 4
v 37 4
v 38 4
v 39 4
v 40 4
v 41 4
v 42 4
v 43 4
v 44 4
v 45 4
v 46 4
e 0 7 1
e 0 10 1
e 1 10 2
e 2 15 1
e 2 17 1
e 3 16 1
e 3 43 1
e 4 15 2
e 5 16 2
e 6 8 1
e 6 15 1
e 6 38 1
e 7 11 1
e 7 12 1
e 7 13 1
e 8 9 1
e 8 10 1
e 8 24 1
e 9 14 1
e 9 25 1
e 9 26 1
e 11 27 1
e 11 28 1
e 11 29 1
e 12 30 1
e 12 31 1
e 12 32 1
e 13 33 1
e 13 34 1
e 13 35 1
e 14 16 1
e 14 36 1
e 14 37 1
e 17 18 1
e 17 39 1
e 17 40 1
e 18 19 2
e 18 20 1
e 19 21 1
e 19 41 1
e 20 22 2
e 20 42 1
e 21 23 2
e 21 44 1
e 22 23 1
e 22 45 1
e 23 46 1
t # 44141
v 0 1
v 1 1
v 2 1
v 3 1
v 4 1
v 5 1
v 6 2
v 7 2
v 8 2
v 9 3
v 10 3
v 11 3
v 12 3
v 13 3
v 14 3
v 15 3
v 16 3
v 17 3
v 18 3
v 19 3
v 20 3
v 21 3
v 22 3
v 23 3
v 24 3
v 25 3
v 26 3
v 27 4
v 28 4
v 29 4
v 30 4
v 31 4
v 32 4
v 33 4
v 34 4
v 35 4
v 36 4
v 37 4
v 38 4
v 39 4
v 40 4
v 41 4
v 42 4
v 43 4
v 44 4
v 45 4
v 46 4
v 47 4
v 48 4
v 49 4
v 50 4
v 51 4
e 0 14 1
e 0 41 1
e 1 14 2
e 2 15 2
e 3 20 1
e 3 21 1
e 4 17 2
e 5 21 2
e 6 11 1
e 6 15 1
e 6 37 1
e 7 16 1
e 7 17 1
e 7 40 1
e 8 18 1
e 8 21 1
e 8 44 1
e 9 10 1
e 9 12 1
e 9 13 1
e 9 27 1
e 10 11 1
e 10 28 1
e 10 29 1
e 11 14 1
e 11 30 1
e 12 31 1
e 12 32 1
e 12 33 1
e 13 34 1
e 13 35 1
e 13 36 1
e 15 16 1
e 16 38 1
e 16 39 1
e 17 18 1
e 18 42 1
e 18 43 1
e 19 20 1
e 19 22 2
e 19 23 1
e 20 45 1
e 20 46 1
e 22 24 1
e 22 47 1
e 23 25 2
e 23 48 1
e 24 26 2
e 24 49 1
e 25 26 1
e 25 50 1
e 26 51 1
t # 44142
v 0 1
v 1 1
v 2 1
v 3 1
v 4 1
v 5 1
v 6 2
v 7 2
v 8 2
v 9 3
v 10 3
v 11 3
v 12 3
v 13 3
v 14 3
v 15 3
v 16 3
v 17 3
v 18 3
v 19 3
v 20 3
v 21 3
v 22 3
v 23 3
v 24 3
v 25 3
v 26 4
v 27 4
v 28 4
v 29 4
v 30 4
v 31 4
v 32 4
v 33 4
v 34 4
v 35 4
v 36 4
v 37 4
v 38 4
v 39 4
v 40 4
v 41 4
v 42 4
v 43 4
v 44 4
v 45 4
v 46 4
e 0 14 1
e 0 36 1
e 1 13 2
e 2 14 2
e 3 16 2
e 4 18 1
e 4 20 1
e 5 20 2
e 6 9 1
e 6 12 1
e 6 13 1
e 7 15 1
e 7 16 1
e 7 35 1
e 8 17 1
e 8 20 1
e 8 39 1
e 9 10 1
e 9 14 1
e 9 26 1
e 10 11 1
e 10 27 1
e 10 28 1
e 11 12 1
e 11 29 1
e 11 30 1
e 12 31 1
e 12 32 1
e 13 15 1
e 15 33 1
e 15 34 1
e 16 17 1
e 17 37 1
e 17 38 1
e 18 19 1
e 18 40 1
e 18 41 1
e 19 21 2
e 19 22 1
e 21 23 1
e 21 42 1
e 22 24 2
e 22 43 1
e 23 25 2
e 23 44 1
e 24 25 1
e 24 45 1
e 25 46 1
t # 44143
v 0 11
v 1 1
v 2 1
v 3 1
v 4 1
v 5 2
v 6 2
v 7 2
v 8 3
v 9 3
v 10 3
v 11 3
v 12 3
v 13 3
v 14 3
v 15 3
v 16 3
v 17 3
v 18 3
v 19 3
v 20 3
v 21 3
v 22 3
v 23 3
v 24 3
v 25 3
v 26 3
v 27 3
v 28 3
v 29 3
v 30 3
v 31 4
v 32 4
v 33 4
v 34 4
v 35 4
v 36 4
v 37 4
v 38 4
v 39 4
v 40 4
v 41 4
v 42 4
v 43 4
v 44 4
v 45 4
v 46 4
v 47 4
v 48 4
v 49 4
v 50 4
v 51 4
v 52 4
v 53 4
v 54 4
v 55 4
v 56 4
v 57 4
v 58 4
v 59 4
e 0 15 1
e 0 16 1
e 1 13 2
e 2 14 2
e 3 17 1
e 3 19 1
e 4 17 2
e 5 9 1
e 5 13 1
e 5 33 1
e 6 10 1
e 6 17 1
e 6 43 1
e 7 14 1
e 7 44 1
e 7 45 1
e 8 9 1
e 8 11 1
e 8 12 1
e 8 31 1
e 9 14 1
e 9 32 1
e 10 13 1
e 10 15 1
e 10 34 1
e 11 35 1
e 11 36 1
e 11 37 1
e 12 38 1
e 12 39 1
e 12 40 1
e 15 41 1
e 15 42 1
e 16 18 1
e 16 46 1
e 16 47 1
e 18 20 2
e 18 21 1
e 19 22 1
e 19 48 1
e 19 49 1
e 20 23 1
e 20 50 1
e 21 24 2
e 21 51 1
e 22 26 2
e 22 27 1
e 23 25 2
e 23 52 1
e 24 25 1
e 24 53 1
e 25 54 1
e 26 28 1
e 26 55 1
e 27 29 2
e 27 56 1
e 28 30 2
e 28 57 1
e 29 30 1
e 29 58 1
e 30 59 1
t # 44144
v 0 12
v 1 12
v 2 14
v 3 14
v 4 14
v 5 14
v 6 14
v 7 14
v 8 1
v 9 1
v 10 2
v 11 2
v 12 3
v 13 3
v 14 3
v 15 3
v 16 3
v 17 3
v 18 3
v 19 3
v 20 3
v 21 3
v 22 3
v 23 3
v 24 3
v 25 3
v 26 3
v 27 3
v 28 3
v 29 4
v 30 4
v 31 4
v 32 4
v 33 4
v 34 4
v 35 4
v 36 4
e 8 15 2
e 9 16 2
e 10 12 1
e 10 16 1
e 11 15 1
e 11 16 1
e 12 13 1
e 12 14 1
e 12 15 1
e 13 17 2
e 13 19 1
e 14 18 2
e 14 20 1
e 17 21 1
e 17 29 1
e 18 22 1
e 18 30 1
e 19 23 2
e 19 31 1
e 20 24 2
e 20 32 1
e 21 25 2
e 21 33 1
e 22 26 2
e 22 34 1
e 23 25 1
e 23 35 1
e 24 26 1
e 24 36 1
e 25 27 1
e 26 28 1
t # 44145
v 0 8
v 1 14
v 2 14
v 3 14
v 4 14
v 5 14
v 6 14
v 7 1
v 8 1
v 9 1
v 10 2
v 11 3
v 12 3
v 13 3
v 14 3
v 15 3
v 16 3
v 17 3
v 18 3
v 19 3
v 20 3
v 21 3
v 22 3
v 23 3
v 24 3
v 25 4
v 26 4
v 27 4
v 28 4
v 29 4
v 30 4
v 31 4
v 32 4
v 33 4
v 34 4
v 35 4
v 36 4
v 37 4
v 38 4
v 39 4
v 40 4
v 41 4
v 42 4
v 43 4
v 44 4
v 45 4
v 46 4
e 7 11 1
e 8 13 1
e 10 15 1
e 10 16 1
e 11 12 1
e 11 14 1
e 11 25 1
e 12 19 1
e 12 20 1
e 12 21 1
e 13 14 1
e 13 17 1
e 13 18 1
e 14 26 1
e 14 27 1
e 15 22 1
e 15 28 1
e 15 29 1
e 16 23 1
e 16 30 1
e 16 31 1
e 19 32 1
e 19 33 1
e 19 34 1
e 20 35 1
e 20 36 1
e 20 37 1
e 21 38 1
e 21 39 1
e 21 40 1
e 22 24 1
e 22 41 1
e 22 42 1
e 23 24 1
e 23 43 1
e 23 44 1
e 24 45 1
e 24 46 1
t # 44146
v 0 18
v 1 1
v 2 2
v 3 2
v 4 2
v 5 3
v 6 3
v 7 3
v 8 3
v 9 3
v 10 3
v 11 3
v 12 3
v 13 3
v 14 4
v 15 4
v 16 4
v 17 4
v 18 4
v 19 4
v 20 4
v 21 4
v 22 4
v 23 4
e 1 7 2
e 2 5 1
e 2 7 1
e 2 16 1
e 3 6 1
e 3 7 1
e 3 17 1
e 4 6 1
e 4 12 2
e 5 10 1
e 5 14 1
e 5 15 1
e 6 8 2
e 8 9 1
e 8 18 1
e 9 11 2
e 9 19 1
e 10 13 2
e 11 12 1
e 11 20 1
e 12 21 1
e 13 22 1
e 13 23 1
t # 44147
v 0 1
v 1 1
v 2 2
v 3 2
v 4 2
v 5 2
v 6 3
v 7 3
v 8 3
v 9 3
v 10 3
v 11 3
v 12 3
v 13 3
v 14 3
v 15 3
v 16 3
v 17 3
v 18 3
v 19 3
v 20 3
v 21 3
v 22 3
v 23 3
v 24 3
v 25 3
v 26 4
v 27 4
v 28 4
v 29 4
v 30 4
v 31 4
v 32 4
v 33 4
v 34 4
v 35 4
v 36 4
v 37 4
v 38 4
v 39 4
v 40 4
v 41 4
v 42 4
v 43 4
v 44 4
v 45 4
v 46 4
v 47 4
v 48 4
v 49 4
v 50 4
v 51 4
v 52 4
v 53 4
v 54 4
v 55 4
v 56 4
v 57 4
v 58 4
v 59 4
v 60 4
v 61 4
v 62 4
v 63 4
v 64 4
v 65 4
e 0 22 2
e 1 23 2
e 2 12 1
e 2 22 1
e 2 50 1
e 3 13 1
e 3 23 1
e 3 51 1
e 4 22 1
e 4 24 1
e 4 58 1
e 5 23 1
e 5 25 1
e 5 59 1
e 6 8 1
e 6 9 1
e 6 18 1
e 6 26 1
e 7 10 1
e 7 11 1
e 7 19 1
e 7 27 1
e 8 14 1
e 8 28 1
e 8 29 1
e 9 15 1
e 9 30 1
e 9 31 1
e 10 16 1
e 10 32 1
e 10 33 1
e 11 17 1
e 11 34 1
e 11 35 1
e 12 14 1
e 12 15 1
e 12 36 1
e 13 16 1
e 13 17 1
e 13 37 1
e 14 38 1
e 14 39 1
e 15 40 1
e 15 41 1
e 16 42 1
e 16 43 1
e 17 44 1
e 17 45 1
e 18 20 1
e 18 46 1
e 18 47 1
e 19 21 1
e 19 48 1
e 19 49 1
e 20 52 1
e 20 53 1
e 20 54 1
e 21 55 1
e 21 56 1
e 21 57 1
e 24 60 1
e 24 61 1
e 24 62 1
e 25 63 1
e 25 64 1
e 25 65 1
t # 44148
v 0 18
v 1 1
v 2 1
v 3 2
v 4 3
v 5 3
v 6 3
v 7 3
v 8 3
v 9 3
v 10 3
v 11 3
v 12 3
v 13 3
v 14 3
v 15 3
v 16 3
v 17 3
v 18 3
v 19 3
v 20 3
v 21 4
v 22 4
v 23 4
v 24 4
v 25 4
v 26 4
v 27 4
v 28 4
v 29 4
v 30 4
v 31 4
v 32 4
v 33 4
v 34 4
v 35 4
v 36 4
e 1 4 1
e 1 26 1
e 2 7 2
e 3 7 1
e 3 16 1
e 3 25 1
e 4 5 1
e 4 6 1
e 4 7 1
e 5 8 2
e 5 10 1
e 6 9 2
e 6 11 1
e 8 12 1
e 8 21 1
e 9 13 1
e 9 22 1
e 10 14 2
e 10 23 1
e 11 15 2
e 11 24 1
e 12 17 2
e 12 27 1
e 13 18 2
e 13 28 1
e 14 17 1
e 14 29 1
e 15 18 1
e 15 30 1
e 16 19 1
e 16 31 1
e 16 32 1
e 17 33 1
e 18 34 1
e 19 20 2
e 20 35 1
e 20 36 1
t # 44149
v 0 1
v 1 1
v 2 2
v 3 2
v 4 3
v 5 3
v 6 3
v 7 3
v 8 3
v 9 3
v 10 3
v 11 3
v 12 3
v 13 3
v 14 3
v 15 3
v 16 3
v 17 3
v 18 3
v 19 4
v 20 4
v 21 4
v 22 4
v 23 4
v 24 4
v 25 4
v 26 4
v 27 4
v 28 4
v 29 4
v 30 4
v 31 4
v 32 4
v 33 4
v 34 4
v 35 4
v 36 4
v 37 4
v 38 4
e 0 8 2
e 1 14 2
e 2 4 1
e 2 8 1
e 2 28 1
e 3 9 1
e 3 14 1
e 3 30 1
e 4 5 1
e 4 6 1
e 4 7 1
e 5 19 1
e 5 20 1
e 5 21 1
e 6 22 1
e 6 23 1
e 6 24 1
e 7 25 1
e 7 26 1
e 7 27 1
e 8 9 1
e 9 10 2
e 10 11 1
e 10 29 1
e 11 12 2
e 11 13 1
e 12 15 1
e 12 31 1
e 13 16 2
e 13 32 1
e 14 18 1
e 15 17 2
e 15 33 1
e 16 17 1
e 16 34 1
e 17 35 1
e 18 36 1
e 18 37 1
e 18 38 1
t # 44150
v 0 1
v 1 1
v 2 1
v 3 2
v 4 3
v 5 3
v 6 3
v 7 3
v 8 3
v 9 3
v 10 3
v 11 3
v 12 3
v 13 3
v 14 3
v 15 3
v 16 3
v 17 3
v 18 4
v 19 4
v 20 4
v 21 4
v 22 4
v 23 4
v 24 4
v 25 4
v 26 4
v 27 4
v 28 4
v 29 4
v 30 4
v 31 4
v 32 4
v 33 4
v 34 4
v 35 4
v 36 4
e 0 9 1
e 0 17 1
e 1 11 1
e 1 33 1
e 2 10 2
e 3 4 1
e 3 10 1
e 3 21 1
e 4 5 1
e 4 18 1
e 4 19 1
e 5 6 2
e 5 7 1
e 6 9 1
e 6 20 1
e 7 12 2
e 7 22 1
e 8 10 1
e 8 13 1
e 8 23 1
e 8 24 1
e 9 11 2
e 11 12 1
e 12 25 1
e 13 15 2
e 13 26 1
e 14 15 1
e 14 16 1
e 14 27 1
e 14 28 1
e 15 29 1
e 16 30 1
e 16 31 1
e 16 32 1
e 17 34 1
e 17 35 1
e 17 36 1
t # 44151
v 0 12
v 1 1
v 2 1
v 3 2
v 4 2
v 5 3
v 6 3
v 7 3
v 8 3
v 9 3
v 10 3
v 11 3
v 12 3
v 13 3
v 14 3
v 15 3
v 16 3
v 17 4
v 18 4
v 19 4
v 20 4
v 21 4
v 22 4
v 23 4
v 24 4
v 25 4
v 26 4
v 27 4
v 28 4
v 29 4
e 0 8 1
e 1 10 2
e 2 14 2
e 3 6 1
e 3 14 1
e 3 19 1
e 4 10 1
e 4 15 1
e 4 23 1
e 5 7 1
e 5 8 1
e 5 9 2
e 6 7 2
e 6 10 1
e 7 17 1
e 8 11 2
e 9 12 1
e 9 18 1
e 11 13 1
e 11 20 1
e 12 13 2
e 12 21 1
e 13 22 1
e 14 16 1
e 15 24 1
e 15 25 1
e 15 26 1
e 16 27 1
e 16 28 1
e 16 29 1
t # 44152
v 0 18
v 1 14
v 2 14
v 3 14
v 4 14
v 5 14
v 6 14
v 7 1
v 8 2
v 9 2
v 10 3
v 11 3
v 12 3
v 13 3
v 14 3
v 15 3
v 16 3
v 17 3
v 18 3
v 19 3
v 20 3
v 21 3
v 22 3
v 23 3
v 24 3
v 25 3
v 26 3
v 27 4
v 28 4
v 29 4
v 30 4
v 31 4
v 32 4
v 33 4
v 34 4
v 35 4
v 36 4
v 37 4
v 38 4
v 39 4
e 7 10 1
e 7 29 1
e 8 9 1
e 8 14 2
e 9 21 1
e 9 32 1
e 10 11 1
e 10 12 1
e 10 13 1
e 11 14 1
e 11 27 1
e 11 28 1
e 14 15 1
e 15 16 2
e 15 17 1
e 16 18 1
e 16 30 1
e 17 19 2
e 17 31 1
e 18 20 2
e 18 33 1
e 19 20 1
e 19 34 1
e 21 22 2
e 21 23 1
e 22 24 1
e 22 35 1
e 23 25 2
e 23 36 1
e 24 26 2
e 24 37 1
e 25 26 1
e 25 38 1
e 26 39 1
t # 44153
v 0 2
v 1 2
v 2 3
v 3 3
v 4 3
v 5 3
v 6 3
v 7 3
v 8 3
v 9 3
v 10 3
v 11 3
v 12 3
v 13 3
v 14 3
v 15 3
v 16 3
v 17 3
v 18 3
v 19 4
v 20 4
v 21 4
v 22 4
v 23 4
v 24 4
v 25 4
v 26 4
v 27 4
v 28 4
v 29 4
v 30 4
v 31 4
v 32 4
v 33 4
v 34 4
e 0 6 1
e 0 16 2
e 1 16 1
e 1 17 1
e 1 18 1
e 2 4 1
e 2 6 2
e 2 8 1
e 3 5 1
e 3 6 1
e 3 9 2
e 4 7 2
e 4 10 1
e 5 7 1
e 5 11 2
e 7 19 1
e 8 12 2
e 8 20 1
e 9 13 1
e 9 21 1
e 10 14 2
e 10 22 1
e 11 15 1
e 11 23 1
e 12 14 1
e 12 24 1
e 13 15 2
e 13 25 1
e 14 26 1
e 15 27 1
e 16 28 1
e 17 29 1
e 17 30 1
e 17 31 1
e 18 32 1
e 18 33 1
e 18 34 1
t # 44154
v 0 12
v 1 1
v 2 2
v 3 2
v 4 2
v 5 3
v 6 3
v 7 3
v 8 3
v 9 3
v 10 3
v 11 3
v 12 3
v 13 4
v 14 4
v 15 4
v 16 4
v 17 4
v 18 4
v 19 4
v 20 4
v 21 4
v 22 4
v 23 4
v 24 4
v 25 4
v 26 4
v 27 4
v 28 4
e 0 12 1
e 1 10 2
e 2 7 1
e 2 8 1
e 2 9 1
e 3 5 1
e 3 6 1
e 3 10 1
e 4 10 1
e 4 11 1
e 4 24 1
e 5 7 1
e 5 13 1
e 5 14 1
e 6 8 1
e 6 15 1
e 6 16 1
e 7 17 1
e 7 18 1
e 8 19 1
e 8 20 1
e 9 21 1
e 9 22 1
e 9 23 1
e 11 12 1
e 11 25 1
e 11 26 1
e 12 27 1
e 12 28 1
t # 44155
v 0 18
v 1 18
v 2 18
v 3 18
v 4 14
v 5 14
v 6 14
v 7 14
v 8 14
v 9 14
v 10 1
v 11 1
v 12 2
v 13 2
v 14 3
v 15 3
v 16 3
v 17 3
v 18 3
v 19 3
v 20 3
v 21 3
v 22 3
v 23 3
v 24 4
v 25 4
v 26 4
v 27 4
v 28 4
v 29 4
v 30 4
v 31 4
e 10 16 2
e 11 17 2
e 12 14 1
e 12 16 1
e 12 28 1
e 13 15 1
e 13 17 1
e 13 29 1
e 14 18 1
e 14 24 1
e 14 25 1
e 15 19 1
e 15 26 1
e 15 27 1
e 16 20 1
e 17 21 1
e 18 22 2
e 19 23 2
e 22 30 1
e 23 31 1
t # 44156
v 0 12
v 1 1
v 2 2
v 3 2
v 4 3
v 5 3
v 6 3
v 7 3
v 8 3
v 9 3
v 10 3
v 11 4
v 12 4
v 13 4
v 14 4
v 15 4
v 16 4
v 17 4
v 18 4
v 19 4
v 20 4
v 21 4
e 0 10 1
e 1 7 2
e 2 4 1
e 2 5 1
e 2 7 1
e 3 7 1
e 3 9 1
e 3 15 1
e 4 6 1
e 4 11 1
e 4 12 1
e 5 6 1
e 5 13 1
e 5 14 1
e 6 8 2
e 8 18 1
e 8 19 1
e 9 10 1
e 9 16 1
e 9 17 1
e 10 20 1
e 10 21 1
t # 44157
v 0 1
v 1 1
v 2 1
v 3 1
v 4 2
v 5 2
v 6 3
v 7 3
v 8 3
v 9 3
v 10 3
v 11 3
v 12 3
v 13 3
v 14 3
v 15 3
v 16 3
v 17 3
v 18 3
v 19 3
v 20 3
v 21 3
v 22 3
v 23 3
v 24 3
v 25 3
v 26 3
v 27 3
v 28 3
v 29 3
v 30 3
v 31 3
v 32 4
v 33 4
v 34 4
v 35 4
v 36 4
v 37 4
v 38 4
v 39 4
v 40 4
v 41 4
v 42 4
v 43 4
v 44 4
v 45 4
v 46 4
v 47 4
v 48 4
v 49 4
v 50 4
v 51 4
v 52 4
v 53 4
v 54 4
v 55 4
v 56 4
v 57 4
v 58 4
v 59 4
v 60 4
v 61 4
v 62 4
v 63 4
v 64 4
v 65 4
v 66 4
v 67 4
v 68 4
v 69 4
v 70 4
v 71 4
v 72 4
v 73 4
v 74 4
v 75 4
v 76 4
v 77 4
v 78 4
v 79 4
v 80 4
v 81 4
e 0 16 1
e 0 26 1
e 1 17 1
e 1 27 1
e 2 26 2
e 3 27 2
e 4 26 1
e 4 30 1
e 4 74 1
e 5 27 1
e 5 31 1
e 5 75 1
e 6 8 1
e 6 9 1
e 6 18 1
e 6 32 1
e 7 10 1
e 7 11 1
e 7 19 1
e 7 33 1
e 8 12 1
e 8 34 1
e 8 35 1
e 9 13 1
e 9 36 1
e 9 37 1
e 10 14 1
e 10 38 1
e 10 39 1
e 11 15 1
e 11 40 1
e 11 41 1
e 12 16 1
e 12 42 1
e 12 43 1
e 13 16 1
e 13 44 1
e 13 45 1
e 14 17 1
e 14 46 1
e 14 47 1
e 15 17 1
e 15 48 1
e 15 49 1
e 16 50 1
e 17 51 1
e 18 20 1
e 18 52 1
e 18 53 1
e 19 21 1
e 19 54 1
e 19 55 1
e 20 22 1
e 20 56 1
e 20 57 1
e 21 23 1
e 21 58 1
e 21 59 1
e 22 24 1
e 22 60 1
e 22 61 1
e 23 25 1
e 23 62 1
e 23 63 1
e 24 28 1
e 24 64 1
e 24 65 1
e 25 29 1
e 25 66 1
e 25 67 1
e 28 68 1
e 28 69 1
e 28 70 1
e 29 71 1
e 29 72 1
e 29 73 1
e 30 76 1
e 30 77 1
e 30 78 1
e 31 79 1
e 31 80 1
e 31 81 1
t # 44158
v 0 12
v 1 11
v 2 14
v 3 14
v 4 14
v 5 2
v 6 2
v 7 3
v 8 3
v 9 3
v 10 3
v 11 3
v 12 3
v 13 3
v 14 3
v 15 3
v 16 3
v 17 4
v 18 4
v 19 4
v 20 4
v 21 4
v 22 4
v 23 4
v 24 4
e 0 13 1
e 1 8 1
e 1 10 1
e 5 7 1
e 5 10 1
e 5 21 1
e 6 9 1
e 6 10 2
e 7 12 1
e 7 13 2
e 8 9 1
e 8 17 1
e 8 18 1
e 9 19 1
e 9 20 1
e 11 12 2
e 11 14 1
e 11 16 1
e 12 22 1
e 13 15 1
e 14 15 2
e 14 23 1
e 15 24 1
t # 44159
v 0 1
v 1 2
v 2 3
v 3 3
v 4 3
v 5 3
v 6 3
v 7 3
v 8 3
v 9 3
v 10 3
v 11 3
v 12 3
v 13 3
v 14 3
v 15 3
v 16 3
v 17 4
v 18 4
v 19 4
v 20 4
v 21 4
v 22 4
v 23 4
v 24 4
v 25 4
v 26 4
v 27 4
v 28 4
v 29 4
v 30 4
v 31 4
e 0 15 2
e 1 6 1
e 1 15 1
e 1 25 1
e 2 3 1
e 2 4 1
e 2 17 1
e 2 18 1
e 3 5 2
e 3 7 1
e 4 9 2
e 4 10 1
e 5 6 1
e 5 19 1
e 6 8 2
e 7 11 2
e 7 20 1
e 8 11 1
e 8 21 1
e 9 12 1
e 9 22 1
e 10 13 2
e 10 23 1
e 11 24 1
e 12 14 2
e 12 26 1
e 13 14 1
e 13 27 1
e 14 28 1
e 15 16 1
e 16 29 1
e 16 30 1
e 16 31 1
t # 44160
v 0 2
v 1 2
v 2 3
v 3 3
v 4 3
v 5 3
v 6 3
v 7 3
v 8 3
v 9 3
v 10 3
v 11 3
v 12 3
v 13 4
v 14 4
v 15 4
v 16 4
v 17 4
v 18 4
v 19 4
v 20 4
v 21 4
v 22 4
v 23 4
v 24 4
v 25 4
v 26 4
v 27 4
v 28 4
v 29 4
v 30 4
e 1 12 1
e 1 29 1
e 1 30 1
e 2 4 1
e 2 5 1
e 2 7 1
e 2 13 1
e 3 5 1
e 3 6 1
e 3 8 1
e 3 14 1
e 4 6 1
e 4 9 1
e 4 15 1
e 5 16 1
e 5 17 1
e 6 11 1
e 6 18 1
e 7 8 1
e 7 19 1
e 7 20 1
e 8 21 1
e 8 22 1
e 9 10 1
e 9 23 1
e 9 24 1
e 10 12 1
e 10 25 1
e 10 26 1
e 12 27 1
e 12 28 1
t # 44161
v 0 1
v 1 2
v 2 3
v 3 3
v 4 3
v 5 3
v 6 3
v 7 3
v 8 3
v 9 3
v 10 3
v 11 3
v 12 3
v 13 3
v 14 3
v 15 3
v 16 3
v 17 4
v 18 4
v 19 4
v 20 4
v 21 4
v 22 4
v 23 4
v 24 4
v 25 4
v 26 4
v 27 4
v 28 4
v 29 4
v 30 4
v 31 4
v 32 4
v 33 4
v 34 4
v 35 4
v 36 4
v 37 4
v 38 4
v 39 4
v 40 4
v 41 4
v 42 4
v 43 4
e 0 15 2
e 1 7 1
e 1 15 1
e 1 40 1
e 2 4 1
e 2 5 1
e 2 6 1
e 2 17 1
e 3 4 1
e 3 8 1
e 3 9 1
e 3 18 1
e 4 19 1
e 4 20 1
e 5 7 1
e 5 21 1
e 5 22 1
e 6 10 1
e 6 23 1
e 6 24 1
e 7 11 1
e 7 25 1
e 8 12 1
e 8 26 1
e 8 27 1
e 9 13 1
e 9 28 1
e 9 29 1
e 10 11 1
e 10 30 1
e 10 31 1
e 11 32 1
e 11 33 1
e 12 14 1
e 12 34 1
e 12 35 1
e 13 14 1
e 13 36 1
e 13 37 1
e 14 38 1
e 14 39 1
e 15 16 1
e 16 41 1
e 16 42 1
e 16 43 1
t # 44162
v 0 1
v 1 1
v 2 3
v 3 3
v 4 3
v 5 3
v 6 3
v 7 3
v 8 3
v 9 3
v 10 3
v 11 3
v 12 3
v 13 3
v 14 3
v 15 3
v 16 3
v 17 3
v 18 4
v 19 4
v 20 4
v 21 4
v 22 4
v 23 4
v 24 4
v 25 4
v 26 4
v 27 4
v 28 4
v 29 4
v 30 4
v 31 4
v 32 4
v 33 4
v 34 4
v 35 4
v 36 4
v 37 4
v 38 4
v 39 4
v 40 4
v 41 4
v 42 4
v 43 4
v 44 4
v 45 4
v 46 4
v 47 4
e 0 11 1
e 0 42 1
e 1 11 2
e 2 3 1
e 2 4 1
e 2 8 1
e 2 18 1
e 3 6 1
e 3 19 1
e 3 20 1
e 4 7 1
e 4 21 1
e 4 22 1
e 5 6 1
e 5 7 1
e 5 11 1
e 5 23 1
e 6 24 1
e 6 25 1
e 7 26 1
e 7 27 1
e 8 9 1
e 8 28 1
e 8 29 1
e 9 10 1
e 9 30 1
e 9 31 1
e 10 12 1
e 10 32 1
e 10 33 1
e 12 13 1
e 12 34 1
e 12 35 1
e 13 14 1
e 13 36 1
e 13 37 1
e 14 15 1
e 14 38 1
e 14 39 1
e 15 16 1
e 15 40 1
e 15 41 1
e 16 17 1
e 16 43 1
e 16 44 1
e 17 45 1
e 17 46 1
e 17 47 1
t # 44163
v 0 12
v 1 12
v 2 1
v 3 1
v 4 3
v 5 3
v 6 3
v 7 3
v 8 3
v 9 3
v 10 3
v 11 3
v 12 3
v 13 4
v 14 4
v 15 4
v 16 4
v 17 4
v 18 4
e 0 4 1
e 1 11 1
e 2 6 1
e 2 7 1
e 3 8 2
e 4 6 1
e 4 8 1
e 4 13 1
e 5 7 2
e 5 8 1
e 5 9 1
e 6 14 1
e 6 15 1
e 7 10 1
e 9 11 2
e 9 16 1
e 10 12 2
e 10 17 1
e 11 12 1
e 12 18 1
t # 44164
v 0 12
v 1 1
v 2 1
v 3 1
v 4 1
v 5 1
v 6 3
v 7 3
v 8 3
v 9 3
v 10 3
v 11 3
v 12 3
v 13 3
v 14 3
v 15 3
v 16 4
v 17 4
v 18 4
v 19 4
v 20 4
v 21 4
v 22 4
v 23 4
v 24 4
e 0 12 1
e 1 6 1
e 1 10 1
e 2 14 1
e 2 15 1
e 3 13 1
e 3 24 1
e 4 13 2
e 5 14 2
e 6 7 2
e 6 8 1
e 7 9 1
e 7 13 1
e 8 11 2
e 8 16 1
e 9 12 2
e 9 17 1
e 10 14 1
e 10 18 1
e 10 19 1
e 11 12 1
e 11 20 1
e 15 21 1
e 15 22 1
e 15 23 1
t # 44165
v 0 12
v 1 1
v 2 1
v 3 1
v 4 1
v 5 2
v 6 3
v 7 3
v 8 3
v 9 3
v 10 3
v 11 3
v 12 3
v 13 3
v 14 3
v 15 3
v 16 3
v 17 3
v 18 3
v 19 3
v 20 3
v 21 4
v 22 4
v 23 4
v 24 4
v 25 4
v 26 4
v 27 4
v 28 4
v 29 4
v 30 4
v 31 4
v 32 4
v 33 4
v 34 4
v 35 4
v 36 4
v 37 4
v 38 4
e 0 17 1
e 1 8 1
e 1 11 1
e 2 10 1
e 2 14 1
e 3 15 1
e 3 38 1
e 4 14 2
e 5 6 1
e 5 9 1
e 5 12 1
e 6 7 1
e 6 8 2
e 7 10 2
e 7 13 1
e 8 14 1
e 9 15 1
e 9 21 1
e 9 22 1
e 10 16 1
e 11 18 1
e 11 19 1
e 11 23 1
e 12 24 1
e 12 25 1
e 12 26 1
e 13 17 2
e 13 27 1
e 15 28 1
e 15 29 1
e 16 20 2
e 16 30 1
e 17 20 1
e 18 31 1
e 18 32 1
e 18 33 1
e 19 34 1
e 19 35 1
e 19 36 1
e 20 37 1
t # 44166
v 0 12
v 1 12
v 2 1
v 3 1
v 4 1
v 5 3
v 6 3
v 7 3
v 8 3
v 9 3
v 10 3
v 11 3
v 12 3
v 13 3
v 14 3
v 15 3
v 16 3
v 17 4
v 18 4
v 19 4
v 20 4
v 21 4
v 22 4
v 23 4
v 24 4
v 25 4
v 26 4
e 0 9 1
e 1 13 1
e 2 7 1
e 2 15 1
e 3 11 1
e 3 16 1
e 4 15 2
e 5 6 1
e 5 7 2
e 5 11 1
e 6 9 2
e 6 12 1
e 7 10 1
e 8 9 1
e 8 10 2
e 8 14 1
e 10 17 1
e 11 13 2
e 12 18 1
e 12 19 1
e 12 20 1
e 13 15 1
e 14 21 1
e 14 22 1
e 14 23 1
e 16 24 1
e 16 25 1
e 16 26 1
t # 44167
v 0 12
v 1 12
v 2 1
v 3 1
v 4 2
v 5 3
v 6 3
v 7 3
v 8 3
v 9 3
v 10 3
v 11 3
v 12 3
v 13 3
v 14 3
v 15 3
v 16 3
v 17 3
v 18 3
v 19 3
v 20 4
v 21 4
v 22 4
v 23 4
v 24 4
v 25 4
v 26 4
v 27 4
v 28 4
e 0 9 1
e 1 12 1
e 2 7 1
e 2 13 1
e 3 13 2
e 4 6 1
e 4 10 1
e 4 20 1
e 5 6 1
e 5 7 2
e 5 8 1
e 6 9 2
e 7 11 1
e 8 12 2
e 8 21 1
e 9 13 1
e 10 15 2
e 10 16 1
e 11 14 2
e 11 22 1
e 12 14 1
e 14 23 1
e 15 17 1
e 15 24 1
e 16 18 2
e 16 25 1
e 17 19 2
e 17 26 1
e 18 19 1
e 18 27 1
e 19 28 1
t # 44168
v 0 12
v 1 12
v 2 1
v 3 1
v 4 1
v 5 1
v 6 3
v 7 3
v 8 3
v 9 3
v 10 3
v 11 3
v 12 3
v 13 3
v 14 3
v 15 3
v 16 3
v 17 4
v 18 4
v 19 4
v 20 4
v 21 4
v 22 4
v 23 4
v 24 4
e 0 10 1
e 1 13 1
e 2 7 1
e 2 11 1
e 3 8 1
e 3 15 1
e 4 16 1
e 4 24 1
e 5 15 2
e 6 7 1
e 6 8 2
e 6 9 1
e 7 10 2
e 8 12 1
e 9 13 2
e 9 17 1
e 10 15 1
e 11 16 1
e 11 18 1
e 11 19 1
e 12 14 2
e 12 20 1
e 13 14 1
e 14 21 1
e 16 22 1
e 16 23 1
t # 44169
v 0 12
v 1 1
v 2 1
v 3 1
v 4 1
v 5 2
v 6 3
v 7 3
v 8 3
v 9 3
v 10 3
v 11 3
v 12 3
v 13 3
v 14 3
v 15 3
v 16 3
v 17 3
v 18 3
v 19 4
v 20 4
v 21 4
v 22 4
v 23 4
v 24 4
v 25 4
v 26 4
v 27 4
v 28 4
v 29 4
v 30 4
v 31 4
v 32 4
e 0 15 1
e 1 9 1
e 1 12 1
e 2 8 1
e 2 17 1
e 3 14 1
e 3 32 1
e 4 12 2
e 5 6 1
e 5 10 1
e 5 19 1
e 6 7 1
e 6 8 2
e 7 9 2
e 7 11 1
e 8 12 1
e 9 13 1
e 10 14 1
e 10 20 1
e 10 21 1
e 11 15 2
e 11 22 1
e 13 16 2
e 13 23 1
e 14 24 1
e 14 25 1
e 15 16 1
e 16 26 1
e 17 18 1
e 17 27 1
e 17 28 1
e 18 29 1
e 18 30 1
e 18 31 1
t # 44170
v 0 12
v 1 12
v 2 1
v 3 1
v 4 1
v 5 1
v 6 1
v 7 1
v 8 3
v 9 3
v 10 3
v 11 3
v 12 3
v 13 3
v 14 3
v 15 3
v 16 3
v 17 3
v 18 3
v 19 3
v 20 3
v 21 3
v 22 3
v 23 3
v 24 3
v 25 3
v 26 4
v 27 4
v 28 4
v 29 4
v 30 4
v 31 4
v 32 4
v 33 4
v 34 4
v 35 4
v 36 4
v 37 4
v 38 4
v 39 4
v 40 4
v 41 4
v 42 4
v 43 4
e 0 15 1
e 1 20 1
e 2 12 1
e 2 22 1
e 3 13 1
e 3 23 1
e 4 16 1
e 4 18 1
e 5 12 2
e 6 13 2
e 7 18 2
e 8 9 1
e 8 10 1
e 8 12 1
e 8 13 1
e 9 14 1
e 9 26 1
e 9 27 1
e 10 11 1
e 10 15 2
e 11 16 2
e 11 17 1
e 14 28 1
e 14 29 1
e 14 30 1
e 15 18 1
e 16 19 1
e 17 20 2
e 17 31 1
e 19 21 2
e 19 32 1
e 20 21 1
e 21 33 1
e 22 24 1
e 22 34 1
e 22 35 1
e 23 25 1
e 23 36 1
e 23 37 1
e 24 38 1
e 24 39 1
e 24 40 1
e 25 41 1
e 25 42 1
e 25 43 1
t # 44171
v 0 1
v 1 1
v 2 1
v 3 1
v 4 1
v 5 3
v 6 3
v 7 3
v 8 3
v 9 3
v 10 3
v 11 3
v 12 3
v 13 3
v 14 3
v 15 3
v 16 3
v 17 3
v 18 3
v 19 3
v 20 3
v 21 3
v 22 3
v 23 3
v 24 3
v 25 3
v 26 3
v 27 3
v 28 3
v 29 3
v 30 3
v 31 3
v 32 3
v 33 4
v 34 4
v 35 4
v 36 4
v 37 4
v 38 4
v 39 4
v 40 4
v 41 4
v 42 4
v 43 4
v 44 4
v 45 4
v 46 4
v 47 4
v 48 4
v 49 4
v 50 4
e 0 5 1
e 0 9 1
e 1 5 1
e 1 16 1
e 2 9 2
e 3 16 2
e 4 24 2
e 5 6 1
e 5 7 1
e 6 8 1
e 6 10 2
e 7 12 2
e 7 13 1
e 8 9 1
e 8 11 2
e 10 14 1
e 10 33 1
e 11 15 1
e 11 34 1
e 12 18 1
e 12 35 1
e 13 19 2
e 13 36 1
e 14 15 2
e 14 37 1
e 15 38 1
e 16 17 1
e 17 21 1
e 17 22 2
e 18 20 2
e 18 39 1
e 19 20 1
e 19 40 1
e 20 41 1
e 21 23 2
e 21 24 1
e 22 25 1
e 22 42 1
e 23 26 1
e 23 43 1
e 24 27 1
e 25 26 2
e 25 44 1
e 26 45 1
e 27 28 2
e 27 29 1
e 28 30 1
e 28 46 1
e 29 31 2
e 29 47 1
e 30 32 2
e 30 48 1
e 31 32 1
e 31 49 1
e 32 50 1
t # 44172
v 0 1
v 1 1
v 2 1
v 3 1
v 4 1
v 5 2
v 6 3
v 7 3
v 8 3
v 9 3
v 10 3
v 11 3
v 12 3
v 13 3
v 14 3
v 15 3
v 16 3
v 17 3
v 18 3
v 19 3
v 20 3
v 21 3
v 22 3
v 23 3
v 24 3
v 25 3
v 26 3
v 27 4
v 28 4
v 29 4
v 30 4
v 31 4
v 32 4
v 33 4
v 34 4
v 35 4
v 36 4
v 37 4
v 38 4
v 39 4
v 40 4
v 41 4
v 42 4
v 43 4
v 44 4
v 45 4
v 46 4
v 47 4
v 48 4
v 49 4
e 0 6 1
e 1 8 1
e 1 10 1
e 2 9 1
e 2 11 1
e 3 10 2
e 4 11 2
e 5 14 2
e 6 7 1
e 6 8 1
e 6 27 1
e 7 9 1
e 7 28 1
e 7 29 1
e 8 30 1
e 8 31 1
e 9 32 1
e 9 33 1
e 10 12 1
e 11 13 1
e 12 15 2
e 12 16 1
e 13 17 2
e 13 18 1
e 14 19 1
e 14 20 1
e 15 21 1
e 15 34 1
e 16 22 2
e 16 35 1
e 17 23 1
e 17 36 1
e 18 24 2
e 18 37 1
e 19 38 1
e 19 39 1
e 19 40 1
e 20 41 1
e 20 42 1
e 20 43 1
e 21 25 2
e 21 44 1
e 22 25 1
e 22 45 1
e 23 26 2
e 23 46 1
e 24 26 1
e 24 47 1
e 25 48 1
e 26 49 1
t # 44173
v 0 18
v 1 18
v 2 2
v 3 2
v 4 3
v 5 3
v 6 3
v 7 3
v 8 3
v 9 3
v 10 3
v 11 3
v 12 3
v 13 3
v 14 3
v 15 3
v 16 4
v 17 4
v 18 4
v 19 4
v 20 4
v 21 4
v 22 4
v 23 4
e 2 4 1
e 3 5 1
e 4 6 1
e 4 8 2
e 5 7 1
e 5 9 2
e 6 10 2
e 7 11 2
e 8 12 1
e 8 16 1
e 9 13 1
e 9 17 1
e 10 14 1
e 10 18 1
e 11 15 1
e 11 19 1
e 12 14 2
e 12 20 1
e 13 15 2
e 13 21 1
e 14 22 1
e 15 23 1
t # 44174
v 0 1
v 1 1
v 2 3
v 3 3
v 4 3
v 5 3
v 6 3
v 7 3
v 8 3
v 9 3
v 10 3
v 11 3
v 12 3
v 13 3
v 14 3
v 15 3
v 16 3
v 17 3
v 18 3
v 19 3
v 20 3
v 21 3
v 22 4
v 23 4
v 24 4
v 25 4
v 26 4
v 27 4
v 28 4
v 29 4
v 30 4
v 31 4
v 32 4
v 33 4
v 34 4
v 35 4
e 0 11 1
e 0 32 1
e 1 11 2
e 2 3 1
e 2 5 1
e 2 11 1
e 2 22 1
e 3 4 1
e 3 8 2
e 4 6 1
e 4 7 2
e 5 6 1
e 5 9 2
e 6 10 2
e 7 12 1
e 7 13 1
e 8 14 1
e 8 23 1
e 9 15 1
e 9 24 1
e 10 16 1
e 10 25 1
e 12 14 2
e 12 26 1
e 13 17 2
e 13 18 1
e 14 27 1
e 15 16 2
e 15 28 1
e 16 29 1
e 17 19 1
e 17 30 1
e 18 20 2
e 18 31 1
e 19 21 2
e 19 33 1
e 20 21 1
e 20 34 1
e 21 35 1
t # 44175
v 0 1
v 1 1
v 2 1
v 3 1
v 4 1
v 5 1
v 6 1
v 7 1
v 8 1
v 9 1
v 10 2
v 11 2
v 12 2
v 13 3
v 14 3
v 15 3
v 16 3
v 17 3
v 18 3
v 19 3
v 20 3
v 21 3
v 22 3
v 23 3
v 24 3
v 25 3
v 26 3
v 27 3
v 28 3
v 29 3
v 30 3
v 31 3
v 32 3
v 33 3
v 34 3
v 35 3
v 36 3
v 37 3
v 38 3
v 39 3
v 40 3
v 41 3
v 42 3
v 43 3
v 44 4
v 45 4
v 46 4
v 47 4
v 48 4
v 49 4
v 50 4
v 51 4
v 52 4
v 53 4
v 54 4
v 55 4
v 56 4
v 57 4
v 58 4
v 59 4
v 60 4
e 0 17 2
e 7 32 2
e 8 43 1
e 8 60 1
e 9 43 2
e 10 18 1
e 11 22 1
e 12 24 1
e 13 14 1
e 13 15 2
e 13 18 1
e 14 16 2
e 14 20 1
e 15 17 1
e 15 19 1
e 16 17 1
e 16 21 1
e 18 23 2
e 19 22 2
e 19 44 1
e 20 25 2
e 20 45 1
e 21 24 2
e 21 46 1
e 22 23 1
e 23 47 1
e 24 25 1
e 25 48 1
e 26 27 1
e 26 29 1
e 26 34 2
e 27 30 1
e 27 35 2
e 28 29 2
e 28 31 1
e 28 32 1
e 29 49 1
e 30 31 2
e 30 50 1
e 31 51 1
e 32 33 1
e 33 36 1
e 33 39 2
e 34 37 1
e 34 52 1
e 35 38 1
e 35 53 1
e 36 40 2
e 36 43 1
e 37 38 2
e 37 54 1
e 38 55 1
e 39 41 1
e 39 56 1
e 40 42 1
e 40 57 1
e 41 42 2
e 41 58 1
e 42 59 1
t # 44176
v 0 14
v 1 1
v 2 1
v 3 1
v 4 3
v 5 3
v 6 3
v 7 3
v 8 3
v 9 3
v 10 3
v 11 3
v 12 3
v 13 3
v 14 3
v 15 3
v 16 3
v 17 3
v 18 3
v 19 3
v 20 3
v 21 3
v 22 3
v 23 3
v 24 3
v 25 4
v 26 4
v 27 4
v 28 4
v 29 4
v 30 4
v 31 4
v 32 4
v 33 4
v 34 4
v 35 4
v 36 4
v 37 4
e 1 6 1
e 1 16 1
e 2 7 1
e 2 16 1
e 3 16 2
e 4 6 1
e 4 8 1
e 4 10 1
e 4 25 1
e 5 7 1
e 5 9 1
e 5 11 1
e 5 26 1
e 6 7 1
e 6 27 1
e 7 28 1
e 8 9 2
e 8 12 1
e 9 13 1
e 10 11 1
e 10 14 2
e 11 15 2
e 12 17 1
e 12 21 2
e 13 18 2
e 13 29 1
e 14 19 1
e 14 30 1
e 15 20 1
e 15 31 1
e 17 18 1
e 17 22 2
e 19 20 2
e 19 32 1
e 20 33 1
e 21 23 1
e 21 34 1
e 22 24 1
e 22 35 1
e 23 24 2
e 23 36 1
e 24 37 1
t # 44177
v 0 1
v 1 1
v 2 1
v 3 3
v 4 3
v 5 3
v 6 3
v 7 3
v 8 3
v 9 3
v 10 3
v 11 3
v 12 3
v 13 3
v 14 3
v 15 3
v 16 3
v 17 3
v 18 3
v 19 3
v 20 3
v 21 3
v 22 3
v 23 3
v 24 4
v 25 4
v 26 4
v 27 4
v 28 4
v 29 4
v 30 4
v 31 4
v 32 4
v 33 4
v 34 4
v 35 4
v 36 4
v 37 4
e 0 5 1
e 0 15 1
e 1 6 1
e 1 15 1
e 2 15 2
e 3 5 1
e 3 7 1
e 3 9 1
e 3 24 1
e 4 6 1
e 4 8 1
e 4 10 1
e 4 25 1
e 5 6 1
e 5 26 1
e 6 27 1
e 7 8 2
e 7 11 1
e 8 12 1
e 9 10 1
e 9 13 2
e 10 14 2
e 11 16 1
e 11 20 2
e 12 17 2
e 12 28 1
e 13 18 1
e 13 29 1
e 14 19 1
e 14 30 1
e 16 17 1
e 16 21 2
e 17 31 1
e 18 19 2
e 18 32 1
e 19 33 1
e 20 22 1
e 20 34 1
e 21 23 1
e 21 35 1
e 22 23 2
e 22 36 1
e 23 37 1
t # 44178
v 0 1
v 1 1
v 2 3
v 3 3
v 4 3
v 5 3
v 6 3
v 7 3
v 8 3
v 9 3
v 10 3
v 11 3
v 12 3
v 13 3
v 14 3
v 15 3
v 16 3
v 17 3
v 18 3
v 19 3
v 20 3
v 21 3
v 22 4
v 23 4
v 24 4
v 25 4
v 26 4
v 27 4
v 28 4
v 29 4
v 30 4
v 31 4
v 32 4
v 33 4
v 34 4
v 35 4
v 36 4
v 37 4
v 38 4
v 39 4
e 0 9 1
e 0 37 1
e 1 10 1
e 1 38 1
e 2 4 1
e 2 6 1
e 2 9 1
e 2 22 1
e 3 5 1
e 3 7 1
e 3 10 1
e 3 23 1
e 4 5 2
e 4 8 1
e 5 11 1
e 6 7 1
e 6 13 2
e 7 14 2
e 8 12 1
e 8 16 2
e 9 24 1
e 9 25 1
e 10 26 1
e 10 27 1
e 11 15 2
e 11 28 1
e 12 15 1
e 12 19 2
e 13 17 1
e 13 29 1
e 14 18 1
e 14 30 1
e 15 31 1
e 16 20 1
e 16 32 1
e 17 18 2
e 17 33 1
e 18 34 1
e 19 21 1
e 19 35 1
e 20 21 2
e 20 36 1
e 21 39 1
t # 44179
v 0 1
v 1 1
v 2 3
v 3 3
v 4 3
v 5 3
v 6 3
v 7 3
v 8 3
v 9 3
v 10 3
v 11 3
v 12 3
v 13 3
v 14 3
v 15 3
v 16 3
v 17 3
v 18 4
v 19 4
v 20 4
v 21 4
v 22 4
v 23 4
v 24 4
v 25 4
v 26 4
v 27 4
v 28 4
v 29 4
v 30 4
v 31 4
v 32 4
v 33 4
v 34 4
v 35 4
e 0 3 1
e 0 5 1
e 1 4 1
e 1 5 1
e 2 3 1
e 2 4 1
e 2 6 1
e 2 7 1
e 3 18 1
e 3 19 1
e 4 20 1
e 4 21 1
e 5 8 1
e 5 22 1
e 6 23 1
e 6 24 1
e 6 25 1
e 7 26 1
e 7 27 1
e 7 28 1
e 8 9 2
e 8 10 1
e 9 11 1
e 9 29 1
e 10 13 2
e 10 30 1
e 11 12 1
e 11 14 2
e 12 13 1
e 12 15 2
e 13 31 1
e 14 16 1
e 14 32 1
e 15 17 1
e 15 33 1
e 16 17 2
e 16 34 1
e 17 35 1
t # 44180
v 0 1
v 1 1
v 2 3
v 3 3
v 4 3
v 5 3
v 6 3
v 7 3
v 8 3
v 9 3
v 10 3
v 11 3
v 12 3
v 13 3
v 14 3
v 15 3
v 16 4
v 17 4
v 18 4
v 19 4
v 20 4
v 21 4
v 22 4
v 23 4
v 24 4
v 25 4
v 26 4
v 27 4
v 28 4
v 29 4
e 0 2 1
e 0 5 1
e 1 2 1
e 1 6 1
e 2 3 1
e 2 16 1
e 3 7 2
e 3 10 1
e 4 5 1
e 4 6 1
e 4 17 1
e 4 18 1
e 5 19 1
e 5 20 1
e 6 21 1
e 6 22 1
e 7 8 1
e 7 23 1
e 8 9 1
e 8 12 2
e 9 11 1
e 9 13 2
e 10 11 2
e 10 24 1
e 11 25 1
e 12 14 1
e 12 26 1
e 13 15 1
e 13 27 1
e 14 15 2
e 14 28 1
e 15 29 1
t # 44181
v 0 1
v 1 1
v 2 3
v 3 3
v 4 3
v 5 3
v 6 3
v 7 3
v 8 3
v 9 3
v 10 3
v 11 3
v 12 3
v 13 3
v 14 3
v 15 3
v 16 3
v 17 3
v 18 3
v 19 4
v 20 4
v 21 4
v 22 4
v 23 4
v 24 4
v 25 4
v 26 4
v 27 4
v 28 4
v 29 4
v 30 4
v 31 4
v 32 4
v 33 4
v 34 4
v 35 4
v 36 4
e 0 6 1
e 0 8 1
e 1 7 1
e 1 8 1
e 2 3 1
e 2 4 1
e 2 6 1
e 2 7 1
e 3 5 1
e 3 19 1
e 3 20 1
e 4 5 1
e 4 21 1
e 4 22 1
e 5 23 1
e 5 24 1
e 6 25 1
e 6 26 1
e 7 27 1
e 7 28 1
e 8 9 1
e 8 29 1
e 9 10 1
e 9 11 2
e 10 12 1
e 10 13 2
e 11 14 1
e 11 30 1
e 12 15 1
e 12 16 2
e 13 17 1
e 13 31 1
e 14 15 2
e 14 32 1
e 15 33 1
e 16 18 1
e 16 34 1
e 17 18 2
e 17 35 1
e 18 36 1
t # 44182
v 0 1
v 1 1
v 2 3
v 3 3
v 4 3
v 5 3
v 6 3
v 7 3
v 8 3
v 9 3
v 10 3
v 11 3
v 12 3
v 13 3
v 14 3
v 15 3
v 16 3
v 17 3
v 18 3
v 19 4
v 20 4
v 21 4
v 22 4
v 23 4
v 24 4
v 25 4
v 26 4
v 27 4
v 28 4
v 29 4
v 30 4
v 31 4
v 32 4
v 33 4
v 34 4
v 35 4
v 36 4
e 0 6 1
e 0 8 1
e 1 7 1
e 1 8 1
e 2 3 1
e 2 4 1
e 2 6 1
e 2 7 1
e 3 5 1
e 3 19 1
e 3 20 1
e 4 5 1
e 4 21 1
e 4 22 1
e 5 23 1
e 5 24 1
e 6 25 1
e 6 26 1
e 7 27 1
e 7 28 1
e 8 9 1
e 8 29 1
e 9 10 2
e 9 11 1
e 10 12 1
e 10 30 1
e 11 14 2
e 11 31 1
e 12 13 1
e 12 15 2
e 13 14 1
e 13 16 2
e 14 32 1
e 15 17 1
e 15 33 1
e 16 18 1
e 16 34 1
e 17 18 2
e 17 35 1
e 18 36 1
t # 44183
v 0 1
v 1 3
v 2 3
v 3 3
v 4 3
v 5 3
v 6 3
v 7 3
v 8 3
v 9 3
v 10 3
v 11 3
v 12 3
v 13 3
v 14 3
v 15 3
v 16 3
v 17 3
v 18 3
v 19 4
v 20 4
v 21 4
v 22 4
v 23 4
v 24 4
v 25 4
v 26 4
v 27 4
v 28 4
v 29 4
v 30 4
v 31 4
v 32 4
v 33 4
v 34 4
e 0 5 2
e 1 2 1
e 1 3 1
e 1 4 1
e 1 5 1
e 2 3 1
e 2 19 1
e 2 20 1
e 3 21 1
e 3 22 1
e 4 6 2
e 4 7 1
e 5 8 1
e 6 9 1
e 6 23 1
e 7 10 2
e 7 24 1
e 8 11 2
e 8 25 1
e 9 12 2
e 9 26 1
e 10 12 1
e 10 27 1
e 11 13 1
e 11 28 1
e 12 29 1
e 13 14 2
e 13 15 1
e 14 16 1
e 14 30 1
e 15 17 2
e 15 31 1
e 16 18 2
e 16 32 1
e 17 18 1
e 17 33 1
e 18 34 1
t # 44184
v 0 12
v 1 1
v 2 1
v 3 1
v 4 3
v 5 3
v 6 3
v 7 3
v 8 3
v 9 3
v 10 3
v 11 3
v 12 3
v 13 3
v 14 3
v 15 3
v 16 3
v 17 3
v 18 3
v 19 3
v 20 3
v 21 3
v 22 3
v 23 3
v 24 3
v 25 4
v 26 4
v 27 4
v 28 4
v 29 4
v 30 4
v 31 4
v 32 4
v 33 4
v 34 4
v 35 4
v 36 4
v 37 4
v 38 4
v 39 4
e 0 7 1
e 1 4 1
e 1 7 1
e 2 4 1
e 3 7 1
e 4 5 1
e 4 9 1
e 5 6 1
e 5 10 1
e 5 25 1
e 6 8 1
e 6 11 2
e 7 8 1
e 8 12 2
e 9 13 2
e 9 14 1
e 10 15 2
e 10 16 1
e 11 17 1
e 11 26 1
e 12 18 1
e 12 27 1
e 13 19 1
e 13 28 1
e 14 20 2
e 14 29 1
e 15 21 1
e 15 30 1
e 16 22 2
e 16 31 1
e 17 18 2
e 17 32 1
e 18 33 1
e 19 23 2
e 19 34 1
e 20 23 1
e 20 35 1
e 21 24 2
e 21 36 1
e 22 24 1
e 22 37 1
e 23 38 1
e 24 39 1
t # 44185
v 0 11
v 1 1
v 2 1
v 3 1
v 4 1
v 5 1
v 6 1
v 7 1
v 8 2
v 9 2
v 10 3
v 11 3
v 12 3
v 13 3
v 14 3
v 15 3
v 16 3
v 17 3
v 18 3
v 19 4
v 20 4
v 21 4
v 22 4
v 23 4
v 24 4
v 25 4
v 26 4
v 27 4
v 28 4
e 0 2 2
e 0 3 2
e 0 10 1
e 4 16 1
e 4 17 1
e 7 17 2
e 8 13 1
e 9 17 1
e 9 23 1
e 10 11 2
e 10 12 1
e 11 14 1
e 11 19 1
e 12 15 2
e 12 20 1
e 13 14 2
e 13 15 1
e 14 21 1
e 15 22 1
e 16 18 1
e 16 24 1
e 16 25 1
e 18 26 1
e 18 27 1
e 18 28 1
t # 44186
v 0 1
v 1 1
v 2 1
v 3 1
v 4 1
v 5 2
v 6 3
v 7 3
v 8 3
v 9 3
v 10 3
v 11 3
v 12 3
v 13 3
v 14 3
v 15 3
v 16 3
v 17 3
v 18 3
v 19 3
v 20 3
v 21 3
v 22 3
v 23 3
v 24 4
v 25 4
v 26 4
v 27 4
v 28 4
v 29 4
v 30 4
v 31 4
v 32 4
v 33 4
v 34 4
v 35 4
v 36 4
v 37 4
v 38 4
v 39 4
v 40 4
v 41 4
v 42 4
v 43 4
v 44 4
v 45 4
v 46 4
v 47 4
v 48 4
e 0 9 2
e 1 13 1
e 1 20 1
e 2 16 1
e 2 21 1
e 3 13 2
e 4 16 2
e 5 8 1
e 5 9 1
e 5 10 1
e 6 7 1
e 6 9 1
e 6 24 1
e 6 25 1
e 7 11 1
e 7 26 1
e 7 27 1
e 8 12 1
e 8 28 1
e 8 29 1
e 10 13 1
e 10 30 1
e 10 31 1
e 11 16 1
e 11 32 1
e 11 33 1
e 12 14 2
e 12 15 1
e 14 17 1
e 14 34 1
e 15 18 2
e 15 35 1
e 17 19 2
e 17 36 1
e 18 19 1
e 18 37 1
e 19 38 1
e 20 22 1
e 20 39 1
e 20 40 1
e 21 23 1
e 21 41 1
e 21 42 1
e 22 43 1
e 22 44 1
e 22 45 1
e 23 46 1
e 23 47 1
e 23 48 1
t # 44187
v 0 18
v 1 18
v 2 1
v 3 1
v 4 3
v 5 3
v 6 3
v 7 3
v 8 3
v 9 3
v 10 4
v 11 4
v 12 4
v 13 4
v 14 4
v 15 4
v 16 4
v 17 4
e 2 7 1
e 2 9 1
e 3 8 1
e 3 9 1
e 4 5 1
e 4 6 1
e 4 7 1
e 4 10 1
e 5 6 1
e 5 8 1
e 5 11 1
e 7 12 1
e 7 13 1
e 8 14 1
e 8 15 1
e 9 16 1
e 9 17 1
t # 44188
v 0 18
v 1 14
v 2 14
v 3 14
v 4 14
v 5 14
v 6 1
v 7 3
v 8 3
v 9 3
v 10 3
v 11 3
v 12 3
v 13 3
v 14 3
v 15 3
v 16 3
v 17 4
v 18 4
v 19 4
v 20 4
v 21 4
v 22 4
e 6 9 1
e 6 10 1
e 7 8 1
e 7 9 1
e 7 13 1
e 8 10 1
e 8 14 1
e 9 11 1
e 9 17 1
e 10 12 1
e 10 18 1
e 11 12 1
e 11 19 1
e 11 20 1
e 12 21 1
e 12 22 1
e 13 15 2
e 14 16 2
e 15 16 1
t # 44189
v 0 14
v 1 14
v 2 14
v 3 14
v 4 14
v 5 14
v 6 14
v 7 14
v 8 14
v 9 14
v 10 14
v 11 14
v 12 1
v 13 1
v 14 1
v 15 1
v 16 1
v 17 1
v 18 3
v 19 3
v 20 3
v 21 3
v 22 3
v 23 3
v 24 3
v 25 3
v 26 3
v 27 3
v 28 3
v 29 3
v 30 3
v 31 3
v 32 3
v 33 3
v 34 3
v 35 3
v 36 3
v 37 3
v 38 4
v 39 4
e 12 18 1
e 12 21 1
e 13 19 1
e 13 22 1
e 14 36 1
e 14 38 1
e 15 37 1
e 15 39 1
e 16 36 2
e 17 37 2
e 18 20 2
e 18 24 1
e 19 20 1
e 19 23 2
e 21 26 2
e 21 28 1
e 22 27 2
e 22 29 1
e 23 25 1
e 24 25 2
e 26 34 1
e 27 35 1
e 28 32 2
e 29 33 2
e 30 32 1
e 30 34 2
e 30 36 1
e 31 33 1
e 31 35 2
e 31 37 1
t # 44190
v 0 14
v 1 14
v 2 14
v 3 14
v 4 14
v 5 14
v 6 14
v 7 14
v 8 14
v 9 1
v 10 1
v 11 1
v 12 3
v 13 3
v 14 3
v 15 3
v 16 3
v 17 3
v 18 3
v 19 3
v 20 3
v 21 3
v 22 3
v 23 3
v 24 3
v 25 4
e 9 12 1
e 9 13 1
e 10 24 1
e 10 25 1
e 11 24 2
e 12 14 2
e 12 15 1
e 13 17 2
e 13 18 1
e 14 20 1
e 15 19 2
e 16 19 1
e 16 20 2
e 16 24 1
e 17 22 1
e 18 21 2
e 21 23 1
e 22 23 2
t # 44191
v 0 14
v 1 14
v 2 14
v 3 14
v 4 14
v 5 14
v 6 14
v 7 14
v 8 14
v 9 14
v 10 14
v 11 14
v 12 14
v 13 1
v 14 1
v 15 2
v 16 3
v 17 3
v 18 3
v 19 3
v 20 3
v 21 3
v 22 3
v 23 3
v 24 3
v 25 3
v 26 3
v 27 3
v 28 3
v 29 3
v 30 3
v 31 3
v 32 3
v 33 3
v 34 3
e 13 16 1
e 13 22 1
e 14 17 1
e 14 21 1
e 16 18 1
e 16 19 2
e 17 18 2
e 17 20 1
e 19 23 1
e 19 34 1
e 20 23 2
e 21 24 2
e 21 25 1
e 22 26 2
e 22 27 1
e 24 29 1
e 25 28 2
e 26 31 1
e 27 30 2
e 28 32 1
e 29 32 2
e 30 33 1
e 31 33 2
t # 44192
v 0 14
v 1 14
v 2 14
v 3 14
v 4 14
v 5 14
v 6 14
v 7 14
v 8 14
v 9 1
v 10 1
v 11 1
v 12 3
v 13 3
v 14 3
v 15 3
v 16 3
v 17 3
v 18 3
v 19 3
v 20 3
v 21 3
v 22 3
v 23 3
v 24 3
v 25 3
v 26 3
v 27 4
v 28 4
v 29 4
v 30 4
v 31 4
e 9 12 1
e 9 14 1
e 10 21 1
e 10 25 1
e 11 21 2
e 12 15 2
e 12 16 1
e 13 17 2
e 13 18 1
e 13 21 1
e 14 19 2
e 14 20 1
e 15 17 1
e 16 18 2
e 19 23 1
e 20 22 2
e 22 24 1
e 23 24 2
e 25 26 1
e 25 27 1
e 25 28 1
e 26 29 1
e 26 30 1
e 26 31 1
t # 44193
v 0 12
v 1 14
v 2 14
v 3 14
v 4 14
v 5 14
v 6 14
v 7 14
v 8 14
v 9 14
v 10 1
v 11 3
v 12 3
v 13 3
v 14 3
v 15 3
v 16 3
v 17 3
v 18 3
v 19 3
v 20 3
v 21 3
v 22 3
e 0 21 1
e 10 11 1
e 10 12 1
e 11 13 2
e 11 14 1
e 12 15 2
e 12 16 1
e 13 18 1
e 14 17 2
e 15 20 1
e 16 19 2
e 17 21 1
e 18 21 2
e 19 22 1
e 20 22 2
t # 44194
v 0 14
v 1 14
v 2 14
v 3 14
v 4 1
v 5 1
v 6 1
v 7 1
v 8 3
v 9 3
v 10 3
v 11 3
v 12 3
v 13 3
v 14 3
v 15 3
v 16 4
v 17 4
e 4 14 1
e 4 16 1
e 5 15 1
e 5 17 1
e 6 14 2
e 7 15 2
e 8 10 2
e 8 12 1
e 8 14 1
e 9 10 1
e 9 11 2
e 9 15 1
e 11 13 1
e 12 13 2
t # 44195
v 0 14
v 1 14
v 2 14
v 3 14
v 4 14
v 5 14
v 6 14
v 7 14
v 8 1
v 9 1
v 10 1
v 11 1
v 12 3
v 13 3
v 14 3
v 15 3
v 16 3
v 17 3
v 18 3
v 19 3
v 20 3
v 21 3
v 22 3
v 23 3
v 24 3
v 25 3
v 26 4
v 27 4
e 8 24 1
e 8 26 1
e 9 25 1
e 9 27 1
e 10 24 2
e 11 25 2
e 12 13 1
e 12 14 2
e 12 16 1
e 13 15 2
e 13 17 1
e 14 22 1
e 15 23 1
e 16 20 2
e 17 21 2
e 18 20 1
e 18 22 2
e 18 24 1
e 19 21 1
e 19 23 2
e 19 25 1
t # 44196
v 0 14
v 1 14
v 2 14
v 3 14
v 4 2
v 5 2
v 6 2
v 7 3
v 8 3
v 9 3
v 10 3
v 11 3
v 12 3
v 13 3
v 14 4
v 15 4
v 16 4
e 4 5 1
e 4 7 1
e 4 14 1
e 5 15 1
e 5 16 1
e 7 8 2
e 7 9 1
e 8 12 1
e 9 11 2
e 10 11 1
e 10 12 2
e 10 13 1
t # 44197
v 0 11
v 1 14
v 2 14
v 3 14
v 4 14
v 5 1
v 6 1
v 7 3
v 8 3
v 9 3
v 10 3
v 11 3
v 12 3
v 13 3
v 14 4
v 15 4
e 0 10 1
e 5 13 1
e 5 15 1
e 6 13 2
e 7 8 2
e 7 9 1
e 7 13 1
e 8 12 1
e 9 11 2
e 10 11 1
e 10 12 2
t # 44198
v 0 41
v 1 41
v 2 3
v 3 3
v 4 3
v 5 3
v 6 3
v 7 3
v 8 3
v 9 3
v 10 3
v 11 3
v 12 3
v 13 3
v 14 3
v 15 3
v 16 3
v 17 3
v 18 3
v 19 3
v 20 3
v 21 3
v 22 3
v 23 3
v 24 3
v 25 3
v 26 3
v 27 3
v 28 3
v 29 3
v 30 3
v 31 3
v 32 3
v 33 3
v 34 3
v 35 3
v 36 3
v 37 3
v 38 3
v 39 3
v 40 3
v 41 3
v 42 3
v 43 3
v 44 3
v 45 3
v 46 3
v 47 3
v 48 3
v 49 3
v 50 4
v 51 4
v 52 4
v 53 4
v 54 4
v 55 4
v 56 4
v 57 4
v 58 4
v 59 4
v 60 4
v 61 4
v 62 4
v 63 4
v 64 4
v 65 4
v 66 4
v 67 4
v 68 4
v 69 4
v 70 4
v 71 4
v 72 4
v 73 4
v 74 4
v 75 4
v 76 4
v 77 4
v 78 4
v 79 4
v 80 4
v 81 4
v 82 4
v 83 4
v 84 4
v 85 4
v 86 4
v 87 4
e 2 10 2
e 2 12 1
e 3 11 2
e 3 13 1
e 4 20 2
e 4 26 1
e 5 21 2
e 5 27 1
e 6 22 2
e 6 28 1
e 7 23 2
e 7 29 1
e 8 24 2
e 8 30 1
e 9 25 2
e 9 31 1
e 10 16 1
e 10 50 1
e 11 17 1
e 11 51 1
e 12 18 2
e 12 52 1
e 13 19 2
e 13 53 1
e 14 15 1
e 14 16 2
e 14 18 1
e 15 17 2
e 15 19 1
e 16 54 1
e 17 55 1
e 18 56 1
e 19 57 1
e 20 32 1
e 20 58 1
e 21 33 1
e 21 59 1
e 22 34 1
e 22 60 1
e 23 35 1
e 23 61 1
e 24 36 1
e 24 62 1
e 25 37 1
e 25 63 1
e 26 38 2
e 26 64 1
e 27 39 2
e 27 65 1
e 28 40 2
e 28 66 1
e 29 41 2
e 29 67 1
e 30 42 2
e 30 68 1
e 31 43 2
e 31 69 1
e 32 44 2
e 32 70 1
e 33 45 2
e 33 71 1
e 34 46 2
e 34 72 1
e 35 47 2
e 35 73 1
e 36 48 2
e 36 74 1
e 37 49 2
e 37 75 1
e 38 44 1
e 38 76 1
e 39 45 1
e 39 77 1
e 40 46 1
e 40 78 1
e 41 47 1
e 41 79 1
e 42 48 1
e 42 80 1
e 43 49 1
e 43 81 1
e 44 82 1
e 45 83 1
e 46 84 1
e 47 85 1
e 48 86 1
e 49 87 1
t # 44199
v 0 11
v 1 11
v 2 41
v 3 3
v 4 3
v 5 3
v 6 3
v 7 3
v 8 3
v 9 3
v 10 3
v 11 3
v 12 3
v 13 3
v 14 3
v 15 3
v 16 3
v 17 3
v 18 3
v 19 3
v 20 3
v 21 3
v 22 3
v 23 4
v 24 4
v 25 4
v 26 4
v 27 4
v 28 4
v 29 4
v 30 4
v 31 4
v 32 4
v 33 4
v 34 4
v 35 4
v 36 4
v 37 4
v 38 4
e 0 5 1
e 0 19 1
e 1 6 1
e 1 20 1
e 3 7 2
e 3 9 1
e 4 8 2
e 4 10 1
e 5 11 2
e 6 12 2
e 7 15 1
e 7 23 1
e 8 16 1
e 8 24 1
e 9 17 2
e 9 25 1
e 10 18 2
e 10 26 1
e 11 13 1
e 11 27 1
e 12 14 1
e 12 28 1
e 13 19 2
e 13 29 1
e 14 20 2
e 14 30 1
e 15 21 2
e 15 31 1
e 16 22 2
e 16 32 1
e 17 21 1
e 17 33 1
e 18 22 1
e 18 34 1
e 19 35 1
e 20 36 1
e 21 37 1
e 22 38 1
