t # 2400
v 0 11
v 1 19
v 2 1
v 3 1
v 4 1
v 5 1
v 6 1
v 7 2
v 8 2
v 9 3
v 10 3
v 11 3
v 12 3
v 13 3
v 14 3
v 15 3
v 16 3
v 17 3
v 18 3
v 19 3
v 20 3
v 21 3
v 22 3
v 23 3
v 24 3
v 25 3
v 26 3
v 27 4
v 28 4
v 29 4
v 30 4
v 31 4
v 32 4
v 33 4
v 34 4
v 35 4
v 36 4
v 37 4
v 38 4
v 39 4
v 40 4
v 41 4
v 42 4
v 43 4
v 44 4
v 45 4
v 46 4
e 0 9 1
e 0 10 1
e 2 13 2
e 3 16 1
e 3 37 1
e 4 16 2
e 5 17 2
e 6 25 1
e 6 26 1
e 7 9 1
e 7 11 1
e 7 13 1
e 12 8 1
e 8 17 1
e 8 36 1
e 9 12 1
e 9 27 1
e 10 11 1
e 10 14 1
e 10 15 1
e 11 16 1
e 11 28 1
e 12 13 1
e 12 29 1
e 14 30 1
e 14 31 1
e 14 32 1
e 15 33 1
e 15 34 1
e 15 35 1
e 17 18 1
e 18 19 2
e 18 38 1
e 19 20 1
e 19 39 1
e 20 21 2
e 20 22 1
e 21 23 1
e 21 40 1
e 22 24 2
e 22 41 1
e 23 25 2
e 23 42 1
e 24 25 1
e 24 43 1
e 26 44 1
e 26 45 1
e 26 46 1
t # 2401
v 0 11
v 1 19
v 2 1
v 3 1
v 4 1
v 5 1
v 6 2
v 7 2
v 8 2
v 9 3
v 10 3
v 11 3
v 12 3
v 13 3
v 14 3
v 15 3
v 16 3
v 17 3
v 18 3
v 19 3
v 20 3
v 21 3
v 22 3
v 23 3
v 24 3
v 25 3
v 26 3
v 27 3
v 28 4
v 29 4
v 30 4
v 31 4
v 32 4
v 33 4
v 34 4
v 35 4
v 36 4
v 37 4
v 38 4
v 39 4
v 40 4
v 41 4
v 42 4
v 43 4
v 44 4
v 45 4
v 46 4
v 47 4
v 48 4
v 49 4
v 50 4
e 0 9 1
e 0 10 1
e 2 13 2
e 3 16 1
e 3 38 1
e 4 16 2
e 5 17 2
e 6 9 1
e 6 11 1
e 6 13 1
e 12 7 1
e 7 17 1
e 7 37 1
e 8 23 1
e 8 26 1
e 8 27 1
e 9 12 1
e 9 28 1
e 10 11 1
e 10 14 1
e 10 15 1
e 11 16 1
e 11 29 1
e 12 13 1
e 12 30 1
e 14 31 1
e 14 32 1
e 14 33 1
e 15 34 1
e 15 35 1
e 15 36 1
e 17 18 1
e 18 19 2
e 18 39 1
e 19 20 1
e 19 40 1
e 20 21 2
e 20 22 1
e 21 24 1
e 21 41 1
e 22 25 2
e 22 42 1
e 23 24 2
e 23 25 1
e 24 43 1
e 25 44 1
e 26 45 1
e 26 46 1
e 26 47 1
e 27 48 1
e 27 49 1
e 27 50 1
t # 2402
v 0 11
v 1 19
v 2 1
v 3 1
v 4 1
v 5 1
v 6 2
v 7 2
v 8 3
v 9 3
v 10 3
v 11 3
v 12 3
v 13 3
v 14 3
v 15 3
v 16 3
v 17 3
v 18 3
v 19 3
v 20 3
v 21 3
v 22 3
v 23 3
v 24 3
v 25 4
v 26 4
v 27 4
v 28 4
v 29 4
v 30 4
v 31 4
v 32 4
v 33 4
v 34 4
v 35 4
v 36 4
v 37 4
v 38 4
v 39 4
v 40 4
v 41 4
v 42 4
e 0 8 1
e 0 9 1
e 2 12 2
e 3 15 1
e 3 35 1
e 4 15 2
e 5 16 2
e 6 8 1
e 6 10 1
e 6 12 1
e 11 7 1
e 7 16 1
e 7 34 1
e 8 11 1
e 8 25 1
e 9 10 1
e 9 13 1
e 9 14 1
e 10 15 1
e 10 26 1
e 11 12 1
e 11 27 1
e 13 28 1
e 13 29 1
e 13 30 1
e 14 31 1
e 14 32 1
e 14 33 1
e 16 17 1
e 17 18 2
e 17 36 1
e 18 19 1
e 18 37 1
e 19 20 2
e 19 21 1
e 20 22 1
e 20 38 1
e 21 23 2
e 21 39 1
e 22 24 2
e 22 40 1
e 23 24 1
e 23 41 1
e 24 42 1
t # 2403
v 0 8
v 1 19
v 2 1
v 3 1
v 4 1
v 5 1
v 6 2
v 7 2
v 8 3
v 9 3
v 10 3
v 11 3
v 12 3
v 13 3
v 14 3
v 15 3
v 16 3
v 17 3
v 18 3
v 19 3
v 20 3
v 21 3
v 22 3
v 23 3
v 24 3
v 25 3
v 26 3
v 27 3
v 28 3
v 29 4
v 30 4
v 31 4
v 32 4
v 33 4
v 34 4
v 35 4
v 36 4
v 37 4
v 38 4
v 39 4
v 40 4
v 41 4
v 42 4
v 43 4
v 44 4
v 45 4
v 46 4
v 47 4
v 48 4
v 49 4
e 2 10 1
e 3 49 1
e 5 16 2
e 6 8 1
e 6 29 1
e 7 12 1
e 7 16 1
e 7 34 1
e 8 14 2
e 8 15 1
e 9 11 2
e 9 16 1
e 9 17 1
e 10 11 1
e 10 20 2
e 11 30 1
e 12 23 2
e 12 24 1
e 13 18 2
e 13 19 1
e 13 27 1
e 14 18 1
e 14 31 1
e 15 19 2
e 15 32 1
e 17 22 2
e 17 33 1
e 18 35 1
e 19 36 1
e 20 22 1
e 20 37 1
e 21 25 2
e 21 26 1
e 21 28 1
e 22 38 1
e 23 25 1
e 23 39 1
e 24 26 2
e 24 40 1
e 25 41 1
e 26 42 1
e 27 43 1
e 27 44 1
e 27 45 1
e 28 46 1
e 28 47 1
e 28 48 1
t # 2404
v 0 8
v 1 19
v 2 1
v 3 1
v 4 1
v 5 1
v 6 2
v 7 2
v 8 3
v 9 3
v 10 3
v 11 3
v 12 3
v 13 3
v 14 3
v 15 3
v 16 3
v 17 3
v 18 3
v 19 3
v 20 3
v 21 3
v 22 3
v 23 3
v 24 3
v 25 3
v 26 3
v 27 3
v 28 3
v 29 4
v 30 4
v 31 4
v 32 4
v 33 4
v 34 4
v 35 4
v 36 4
v 37 4
v 38 4
v 39 4
v 40 4
v 41 4
v 42 4
v 43 4
v 44 4
v 45 4
v 46 4
v 47 4
v 48 4
v 49 4
e 2 10 1
e 3 49 1
e 5 19 2
e 6 8 1
e 6 29 1
e 7 11 1
e 7 19 1
e 7 38 1
e 8 13 2
e 8 14 1
e 9 15 2
e 9 16 1
e 9 19 1
e 10 17 2
e 10 18 1
e 11 23 2
e 11 24 1
e 12 20 2
e 12 21 1
e 12 27 1
e 13 20 1
e 13 30 1
e 14 21 2
e 14 31 1
e 15 17 1
e 15 32 1
e 16 18 2
e 16 33 1
e 17 34 1
e 18 35 1
e 20 36 1
e 21 37 1
e 22 25 2
e 22 26 1
e 22 28 1
e 23 25 1
e 23 39 1
e 24 26 2
e 24 40 1
e 25 41 1
e 26 42 1
e 27 43 1
e 27 44 1
e 27 45 1
e 28 46 1
e 28 47 1
e 28 48 1
t # 2405
v 0 11
v 1 8
v 2 1
v 3 1
v 4 2
v 5 3
v 6 3
v 7 3
v 8 3
v 9 3
v 10 3
v 11 3
v 12 3
v 13 3
v 14 3
v 15 3
v 16 3
v 17 3
v 18 3
v 19 3
v 20 3
v 21 3
v 22 4
v 23 4
v 24 4
v 25 4
v 26 4
v 27 4
v 28 4
v 29 4
v 30 4
v 31 4
v 32 4
v 33 4
v 34 4
v 35 4
v 36 4
v 37 4
v 38 4
v 39 4
v 40 4
v 41 4
v 42 4
e 0 10 1
e 0 21 1
e 2 39 1
e 4 5 1
e 4 6 1
e 4 24 1
e 5 8 1
e 5 9 1
e 5 22 1
e 6 7 1
e 6 23 1
e 7 10 1
e 7 25 1
e 7 26 1
e 8 11 2
e 8 13 1
e 9 12 2
e 9 14 1
e 10 27 1
e 10 28 1
e 11 15 1
e 11 29 1
e 12 16 1
e 12 30 1
e 13 17 2
e 13 31 1
e 14 18 2
e 14 32 1
e 15 19 2
e 15 33 1
e 16 20 2
e 16 34 1
e 17 19 1
e 17 35 1
e 18 20 1
e 18 36 1
e 19 37 1
e 20 38 1
e 21 40 1
e 21 41 1
e 21 42 1
t # 2406
v 0 8
v 1 8
v 2 19
v 3 1
v 4 1
v 5 1
v 6 1
v 7 1
v 8 1
v 9 1
v 10 1
v 11 1
v 12 1
v 13 2
v 14 2
v 15 2
v 16 2
v 17 2
v 18 2
v 19 2
v 20 2
v 21 2
v 22 3
v 23 3
v 24 3
v 25 3
v 26 3
v 27 3
v 28 3
v 29 3
v 30 3
v 31 3
v 32 3
v 33 3
v 34 3
v 35 3
v 36 3
v 37 3
v 38 3
v 39 3
v 40 3
v 41 3
v 42 3
v 43 3
v 44 4
v 45 4
v 46 4
v 47 4
v 48 4
v 49 4
v 50 4
v 51 4
v 52 4
v 53 4
v 54 4
v 55 4
v 56 4
v 57 4
v 58 4
v 59 4
v 60 4
v 61 4
v 62 4
v 63 4
v 64 4
v 65 4
v 66 4
v 67 4
v 68 4
v 69 4
v 70 4
v 71 4
v 72 4
e 3 54 1
e 4 55 1
e 5 56 1
e 6 57 1
e 9 27 2
e 10 28 1
e 10 67 1
e 11 28 2
e 12 29 2
e 13 23 1
e 13 27 1
e 13 52 1
e 14 26 1
e 14 29 1
e 14 53 1
e 15 31 1
e 15 32 1
e 15 38 1
e 16 37 1
e 16 40 2
e 17 39 1
e 17 41 2
e 18 41 1
e 18 43 2
e 19 42 2
e 19 43 1
e 20 42 1
e 20 69 1
e 20 70 1
e 21 43 1
e 21 71 1
e 21 72 1
e 22 23 1
e 22 44 1
e 23 45 1
e 23 46 1
e 24 25 1
e 24 26 1
e 24 47 1
e 24 48 1
e 25 27 1
e 25 49 1
e 25 50 1
e 26 28 1
e 26 51 1
e 29 30 1
e 30 33 2
e 30 34 1
e 31 35 2
e 31 36 1
e 32 37 1
e 32 58 1
e 32 59 1
e 33 35 1
e 33 60 1
e 34 36 2
e 34 61 1
e 35 62 1
e 36 63 1
e 37 39 2
e 38 64 1
e 38 65 1
e 38 66 1
e 39 68 1
e 40 41 1
e 40 42 1
t # 2407
v 0 8
v 1 8
v 2 19
v 3 1
v 4 1
v 5 1
v 6 1
v 7 1
v 8 1
v 9 1
v 10 1
v 11 1
v 12 1
v 13 1
v 14 1
v 15 2
v 16 2
v 17 2
v 18 2
v 19 2
v 20 2
v 21 2
v 22 2
v 23 2
v 24 3
v 25 3
v 26 3
v 27 3
v 28 3
v 29 3
v 30 3
v 31 3
v 32 3
v 33 3
v 34 3
v 35 3
v 36 3
v 37 3
v 38 3
v 39 3
v 40 3
v 41 3
v 42 3
v 43 3
v 44 3
v 45 3
v 46 3
v 47 3
v 48 4
v 49 4
v 50 4
v 51 4
v 52 4
v 53 4
v 54 4
v 55 4
v 56 4
v 57 4
v 58 4
v 59 4
v 60 4
v 61 4
v 62 4
v 63 4
v 64 4
v 65 4
v 66 4
v 67 4
v 68 4
v 69 4
v 70 4
v 71 4
v 72 4
v 73 4
v 74 4
v 75 4
v 76 4
v 77 4
v 78 4
e 3 58 1
e 4 59 1
e 5 60 1
e 6 61 1
e 9 27 1
e 9 63 1
e 10 27 2
e 11 29 2
e 12 32 1
e 12 70 1
e 13 32 2
e 14 33 2
e 15 26 1
e 15 29 1
e 15 52 1
e 16 31 1
e 16 33 1
e 16 62 1
e 17 35 1
e 17 38 1
e 17 41 1
e 18 42 1
e 18 44 2
e 19 43 1
e 19 45 2
e 20 45 1
e 20 47 2
e 21 46 2
e 21 47 1
e 22 46 1
e 22 75 1
e 22 76 1
e 23 47 1
e 23 77 1
e 23 78 1
e 24 25 1
e 24 48 1
e 25 26 1
e 25 49 1
e 25 50 1
e 26 27 1
e 26 51 1
e 28 29 1
e 28 30 1
e 28 53 1
e 28 54 1
e 30 31 1
e 30 55 1
e 30 56 1
e 31 32 1
e 31 57 1
e 33 34 1
e 34 36 2
e 34 37 1
e 35 39 2
e 35 40 1
e 36 39 1
e 36 64 1
e 37 40 2
e 37 65 1
e 38 42 1
e 38 66 1
e 38 67 1
e 39 68 1
e 40 69 1
e 41 71 1
e 41 72 1
e 41 73 1
e 42 43 2
e 43 74 1
e 44 45 1
e 44 46 1
t # 2408
v 0 8
v 1 8
v 2 19
v 3 1
v 4 1
v 5 1
v 6 1
v 7 1
v 8 1
v 9 1
v 10 1
v 11 1
v 12 1
v 13 2
v 14 2
v 15 2
v 16 3
v 17 3
v 18 3
v 19 3
v 20 3
v 21 3
v 22 3
v 23 3
v 24 3
v 25 3
v 26 3
v 27 3
v 28 3
v 29 3
v 30 3
v 31 3
v 32 3
v 33 3
v 34 3
v 35 3
v 36 3
v 37 3
v 38 3
v 39 3
v 40 3
v 41 4
v 42 4
v 43 4
v 44 4
v 45 4
v 46 4
v 47 4
v 48 4
v 49 4
v 50 4
v 51 4
v 52 4
v 53 4
v 54 4
v 55 4
v 56 4
v 57 4
v 58 4
v 59 4
v 60 4
v 61 4
v 62 4
v 63 4
v 64 4
v 65 4
v 66 4
v 67 4
v 68 4
v 69 4
v 70 4
v 71 4
v 72 4
v 73 4
v 74 4
v 75 4
v 76 4
v 77 4
v 78 4
v 79 4
v 80 4
v 81 4
v 82 4
v 83 4
v 84 4
v 85 4
v 86 4
v 87 4
e 3 18 1
e 3 19 1
e 4 16 1
e 4 47 1
e 5 17 1
e 5 48 1
e 6 20 1
e 8 27 2
e 9 81 1
e 11 82 1
e 13 19 1
e 13 24 1
e 13 27 1
e 14 27 1
e 14 38 2
e 15 38 1
e 15 83 1
e 15 84 1
e 16 17 1
e 16 18 1
e 16 41 1
e 17 19 1
e 17 42 1
e 18 20 1
e 18 43 1
e 19 44 1
e 20 45 1
e 20 46 1
e 21 22 1
e 21 23 1
e 21 49 1
e 21 50 1
e 22 25 1
e 22 51 1
e 22 52 1
e 23 26 1
e 23 53 1
e 23 54 1
e 24 36 2
e 24 55 1
e 25 28 1
e 25 56 1
e 25 57 1
e 26 29 1
e 26 58 1
e 26 59 1
e 28 30 1
e 28 60 1
e 28 61 1
e 29 31 1
e 29 62 1
e 29 63 1
e 30 32 1
e 30 64 1
e 30 65 1
e 31 33 1
e 31 66 1
e 31 67 1
e 32 34 1
e 32 68 1
e 32 69 1
e 33 35 1
e 33 70 1
e 33 71 1
e 34 72 1
e 34 73 1
e 35 37 1
e 35 74 1
e 35 75 1
e 36 38 1
e 36 76 1
e 37 39 1
e 37 77 1
e 37 78 1
e 39 40 1
e 39 79 1
e 39 80 1
e 40 85 1
e 40 86 1
e 40 87 1
t # 2409
v 0 8
v 1 8
v 2 19
v 3 1
v 4 1
v 5 1
v 6 1
v 7 1
v 8 1
v 9 1
v 10 1
v 11 1
v 12 1
v 13 2
v 14 2
v 15 2
v 16 3
v 17 3
v 18 3
v 19 3
v 20 3
v 21 3
v 22 3
v 23 3
v 24 3
v 25 3
v 26 3
v 27 3
v 28 3
v 29 3
v 30 3
v 31 3
v 32 3
v 33 4
v 34 4
v 35 4
v 36 4
v 37 4
v 38 4
v 39 4
v 40 4
v 41 4
v 42 4
v 43 4
v 44 4
v 45 4
v 46 4
v 47 4
v 48 4
v 49 4
v 50 4
v 51 4
v 52 4
v 53 4
v 54 4
v 55 4
v 56 4
v 57 4
v 58 4
v 59 4
v 60 4
v 61 4
v 62 4
v 63 4
e 3 18 1
e 3 19 1
e 4 16 1
e 4 39 1
e 5 17 1
e 5 40 1
e 6 20 1
e 8 22 2
e 9 57 1
e 11 61 1
e 13 19 1
e 13 21 1
e 13 22 1
e 14 22 1
e 14 30 2
e 15 30 1
e 15 62 1
e 15 63 1
e 16 17 1
e 16 18 1
e 16 33 1
e 17 19 1
e 17 34 1
e 18 20 1
e 18 35 1
e 19 36 1
e 20 37 1
e 20 38 1
e 21 28 2
e 21 41 1
e 23 24 1
e 23 25 1
e 23 42 1
e 23 43 1
e 24 26 1
e 24 44 1
e 24 45 1
e 25 27 1
e 25 46 1
e 25 47 1
e 26 48 1
e 26 49 1
e 27 29 1
e 27 50 1
e 27 51 1
e 28 30 1
e 28 52 1
e 29 31 1
e 29 53 1
e 29 54 1
e 31 32 1
e 31 55 1
e 31 56 1
e 32 58 1
e 32 59 1
e 32 60 1
t # 2410
v 0 8
v 1 8
v 2 19
v 3 1
v 4 1
v 5 1
v 6 1
v 7 1
v 8 1
v 9 1
v 10 1
v 11 1
v 12 1
v 13 1
v 14 2
v 15 2
v 16 2
v 17 3
v 18 3
v 19 3
v 20 3
v 21 3
v 22 3
v 23 3
v 24 3
v 25 3
v 26 3
v 27 3
v 28 3
v 29 3
v 30 3
v 31 3
v 32 3
v 33 3
v 34 4
v 35 4
v 36 4
v 37 4
v 38 4
v 39 4
v 40 4
v 41 4
v 42 4
v 43 4
v 44 4
v 45 4
v 46 4
v 47 4
v 48 4
v 49 4
v 50 4
v 51 4
v 52 4
v 53 4
v 54 4
v 55 4
v 56 4
v 57 4
v 58 4
v 59 4
v 60 4
v 61 4
v 62 4
v 63 4
v 64 4
e 3 19 1
e 3 20 1
e 4 17 1
e 4 40 1
e 5 18 1
e 5 41 1
e 6 21 1
e 8 23 2
e 9 58 1
e 10 31 1
e 12 64 1
e 14 20 1
e 14 22 1
e 14 23 1
e 15 23 1
e 15 28 2
e 16 28 1
e 16 59 1
e 16 60 1
e 17 18 1
e 17 19 1
e 17 34 1
e 18 20 1
e 18 35 1
e 19 21 1
e 19 36 1
e 20 37 1
e 21 38 1
e 21 39 1
e 22 24 2
e 22 42 1
e 24 28 1
e 24 43 1
e 25 26 1
e 25 27 1
e 25 44 1
e 25 45 1
e 26 29 1
e 26 46 1
e 26 47 1
e 27 30 1
e 27 48 1
e 27 49 1
e 29 31 1
e 29 50 1
e 29 51 1
e 30 32 1
e 30 52 1
e 30 53 1
e 31 54 1
e 31 55 1
e 32 33 1
e 32 56 1
e 32 57 1
e 33 61 1
e 33 62 1
e 33 63 1
t # 2411
v 0 8
v 1 8
v 2 19
v 3 1
v 4 1
v 5 1
v 6 1
v 7 1
v 8 1
v 9 1
v 10 1
v 11 1
v 12 1
v 13 1
v 14 2
v 15 2
v 16 2
v 17 3
v 18 3
v 19 3
v 20 3
v 21 3
v 22 3
v 23 3
v 24 3
v 25 3
v 26 3
v 27 3
v 28 3
v 29 3
v 30 3
v 31 3
v 32 3
v 33 3
v 34 3
v 35 3
v 36 3
v 37 3
v 38 3
v 39 3
v 40 3
v 41 3
v 42 4
v 43 4
v 44 4
v 45 4
v 46 4
v 47 4
v 48 4
v 49 4
v 50 4
v 51 4
v 52 4
v 53 4
v 54 4
v 55 4
v 56 4
v 57 4
v 58 4
v 59 4
v 60 4
v 61 4
v 62 4
v 63 4
v 64 4
v 65 4
v 66 4
v 67 4
v 68 4
v 69 4
v 70 4
v 71 4
v 72 4
v 73 4
v 74 4
v 75 4
v 76 4
v 77 4
v 78 4
v 79 4
v 80 4
v 81 4
v 82 4
v 83 4
v 84 4
v 85 4
v 86 4
v 87 4
v 88 4
e 3 19 1
e 3 20 1
e 4 17 1
e 4 48 1
e 5 18 1
e 5 49 1
e 6 21 1
e 8 23 2
e 9 82 1
e 10 39 1
e 12 88 1
e 14 20 1
e 14 22 1
e 14 23 1
e 15 23 1
e 15 38 2
e 16 38 1
e 16 83 1
e 16 84 1
e 17 18 1
e 17 19 1
e 17 42 1
e 18 20 1
e 18 43 1
e 19 21 1
e 19 44 1
e 20 45 1
e 21 46 1
e 21 47 1
e 22 35 2
e 22 50 1
e 24 25 1
e 24 26 1
e 24 51 1
e 24 52 1
e 25 27 1
e 25 53 1
e 25 54 1
e 26 28 1
e 26 55 1
e 26 56 1
e 27 29 1
e 27 57 1
e 27 58 1
e 28 30 1
e 28 59 1
e 28 60 1
e 29 31 1
e 29 61 1
e 29 62 1
e 30 32 1
e 30 63 1
e 30 64 1
e 31 33 1
e 31 65 1
e 31 66 1
e 32 34 1
e 32 67 1
e 32 68 1
e 33 36 1
e 33 69 1
e 33 70 1
e 34 37 1
e 34 71 1
e 34 72 1
e 35 38 1
e 35 73 1
e 36 39 1
e 36 74 1
e 36 75 1
e 37 40 1
e 37 76 1
e 37 77 1
e 39 78 1
e 39 79 1
e 40 41 1
e 40 80 1
e 40 81 1
e 41 85 1
e 41 86 1
e 41 87 1
t # 2412
v 0 8
v 1 8
v 2 19
v 3 1
v 4 1
v 5 1
v 6 1
v 7 1
v 8 1
v 9 1
v 10 1
v 11 1
v 12 1
v 13 2
v 14 2
v 15 2
v 16 3
v 17 3
v 18 3
v 19 3
v 20 3
v 21 3
v 22 3
v 23 3
v 24 3
v 25 3
v 26 3
v 27 3
v 28 3
v 29 3
v 30 3
v 31 3
v 32 3
v 33 3
v 34 3
v 35 3
v 36 3
v 37 4
v 38 4
v 39 4
v 40 4
v 41 4
v 42 4
v 43 4
v 44 4
v 45 4
v 46 4
v 47 4
v 48 4
v 49 4
v 50 4
v 51 4
v 52 4
v 53 4
v 54 4
v 55 4
v 56 4
v 57 4
v 58 4
v 59 4
v 60 4
v 61 4
v 62 4
v 63 4
v 64 4
v 65 4
v 66 4
v 67 4
v 68 4
v 69 4
v 70 4
v 71 4
v 72 4
v 73 4
v 74 4
v 75 4
e 3 17 1
e 3 19 1
e 4 16 1
e 4 44 1
e 5 20 1
e 7 25 2
e 8 35 1
e 9 72 1
e 11 75 1
e 13 19 1
e 13 21 1
e 13 25 1
e 14 25 1
e 14 33 2
e 15 33 1
e 15 73 1
e 15 74 1
e 16 17 1
e 16 18 1
e 16 37 1
e 17 20 1
e 17 38 1
e 18 19 1
e 18 39 1
e 18 40 1
e 19 41 1
e 20 42 1
e 20 43 1
e 21 32 2
e 21 47 1
e 22 23 1
e 22 24 1
e 22 45 1
e 22 46 1
e 23 26 1
e 23 48 1
e 23 49 1
e 24 27 1
e 24 50 1
e 24 51 1
e 26 29 1
e 26 52 1
e 26 53 1
e 27 28 1
e 27 54 1
e 27 55 1
e 28 30 1
e 28 56 1
e 28 57 1
e 29 31 1
e 29 58 1
e 29 59 1
e 30 34 1
e 30 60 1
e 30 61 1
e 31 35 1
e 31 62 1
e 31 63 1
e 32 33 1
e 32 64 1
e 34 36 1
e 34 65 1
e 34 66 1
e 35 67 1
e 35 68 1
e 36 69 1
e 36 70 1
e 36 71 1
t # 2413
v 0 8
v 1 8
v 2 19
v 3 1
v 4 1
v 5 1
v 6 1
v 7 1
v 8 1
v 9 1
v 10 1
v 11 1
v 12 1
v 13 2
v 14 2
v 15 2
v 16 3
v 17 3
v 18 3
v 19 3
v 20 3
v 21 3
v 22 3
v 23 3
v 24 3
v 25 3
v 26 3
v 27 3
v 28 3
v 29 3
v 30 3
v 31 3
v 32 3
v 33 3
v 34 3
v 35 3
v 36 3
v 37 3
v 38 3
v 39 3
v 40 3
v 41 4
v 42 4
v 43 4
v 44 4
v 45 4
v 46 4
v 47 4
v 48 4
v 49 4
v 50 4
v 51 4
v 52 4
v 53 4
v 54 4
v 55 4
v 56 4
v 57 4
v 58 4
v 59 4
v 60 4
v 61 4
v 62 4
v 63 4
v 64 4
v 65 4
v 66 4
v 67 4
v 68 4
v 69 4
v 70 4
v 71 4
v 72 4
v 73 4
v 74 4
v 75 4
v 76 4
v 77 4
v 78 4
v 79 4
v 80 4
v 81 4
v 82 4
v 83 4
v 84 4
v 85 4
v 86 4
v 87 4
e 3 17 1
e 3 19 1
e 4 16 1
e 4 48 1
e 5 20 1
e 7 29 2
e 8 38 1
e 9 84 1
e 11 87 1
e 13 19 1
e 13 28 1
e 13 29 1
e 14 29 1
e 14 37 2
e 15 37 1
e 15 85 1
e 15 86 1
e 16 17 1
e 16 18 1
e 16 41 1
e 17 20 1
e 17 42 1
e 18 19 1
e 18 43 1
e 18 44 1
e 19 45 1
e 20 46 1
e 20 47 1
e 21 22 1
e 21 23 1
e 21 49 1
e 21 50 1
e 22 24 1
e 22 51 1
e 22 52 1
e 23 25 1
e 23 53 1
e 23 54 1
e 24 26 1
e 24 55 1
e 24 56 1
e 25 27 1
e 25 57 1
e 25 58 1
e 26 30 1
e 26 59 1
e 26 60 1
e 27 31 1
e 27 61 1
e 27 62 1
e 28 36 2
e 28 63 1
e 30 32 1
e 30 64 1
e 30 65 1
e 31 33 1
e 31 66 1
e 31 67 1
e 32 34 1
e 32 68 1
e 32 69 1
e 33 35 1
e 33 70 1
e 33 71 1
e 34 38 1
e 34 72 1
e 34 73 1
e 35 39 1
e 35 74 1
e 35 75 1
e 36 37 1
e 36 76 1
e 38 77 1
e 38 78 1
e 39 40 1
e 39 79 1
e 39 80 1
e 40 81 1
e 40 82 1
e 40 83 1
t # 2414
v 0 8
v 1 8
v 2 19
v 3 1
v 4 1
v 5 1
v 6 1
v 7 1
v 8 1
v 9 1
v 10 1
v 11 1
v 12 1
v 13 1
v 14 2
v 15 2
v 16 3
v 17 3
v 18 3
v 19 3
v 20 3
v 21 3
v 22 3
v 23 3
v 24 3
v 25 3
v 26 3
v 27 3
v 28 3
v 29 3
v 30 3
v 31 3
v 32 3
v 33 3
v 34 3
v 35 3
v 36 3
v 37 3
v 38 4
v 39 4
v 40 4
v 41 4
v 42 4
v 43 4
v 44 4
v 45 4
v 46 4
v 47 4
v 48 4
v 49 4
v 50 4
v 51 4
v 52 4
v 53 4
v 54 4
v 55 4
v 56 4
v 57 4
v 58 4
v 59 4
v 60 4
v 61 4
v 62 4
v 63 4
v 64 4
v 65 4
v 66 4
v 67 4
v 68 4
v 69 4
v 70 4
v 71 4
v 72 4
v 73 4
v 74 4
v 75 4
v 76 4
v 77 4
e 3 17 1
e 3 19 1
e 4 16 1
e 4 45 1
e 5 20 1
e 6 22 2
e 8 35 1
e 9 76 1
e 11 31 2
e 12 77 1
e 14 19 1
e 14 21 1
e 14 22 1
e 15 22 1
e 15 31 1
e 15 61 1
e 16 17 1
e 16 18 1
e 16 38 1
e 17 20 1
e 17 39 1
e 18 19 1
e 18 40 1
e 18 41 1
e 19 42 1
e 20 43 1
e 20 44 1
e 21 26 2
e 21 46 1
e 23 24 1
e 23 25 1
e 23 47 1
e 23 48 1
e 24 27 1
e 24 49 1
e 24 50 1
e 25 28 1
e 25 51 1
e 25 52 1
e 26 31 1
e 26 34 1
e 27 29 1
e 27 53 1
e 27 54 1
e 28 30 1
e 28 55 1
e 28 56 1
e 29 32 1
e 29 57 1
e 29 58 1
e 30 33 1
e 30 59 1
e 30 60 1
e 32 35 1
e 32 62 1
e 32 63 1
e 33 36 1
e 33 64 1
e 33 65 1
e 34 66 1
e 34 67 1
e 34 68 1
e 35 69 1
e 35 70 1
e 36 37 1
e 36 71 1
e 36 72 1
e 37 73 1
e 37 74 1
e 37 75 1
t # 2415
v 0 12
v 1 8
v 2 8
v 3 19
v 4 1
v 5 1
v 6 1
v 7 1
v 8 1
v 9 1
v 10 1
v 11 1
v 12 1
v 13 1
v 14 1
v 15 1
v 16 2
v 17 2
v 18 2
v 19 3
v 20 3
v 21 3
v 22 3
v 23 3
v 24 3
v 25 3
v 26 3
v 27 3
v 28 3
v 29 3
v 30 3
v 31 3
v 32 3
v 33 3
v 34 3
v 35 3
v 36 3
v 37 3
v 38 3
v 39 3
v 40 3
v 41 3
v 42 3
v 43 3
v 44 3
v 45 3
v 46 3
v 47 4
v 48 4
v 49 4
v 50 4
v 51 4
v 52 4
v 53 4
v 54 4
v 55 4
v 56 4
v 57 4
v 58 4
v 59 4
v 60 4
v 61 4
v 62 4
v 63 4
v 64 4
v 65 4
v 66 4
v 67 4
v 68 4
v 69 4
v 70 4
v 71 4
v 72 4
v 73 4
v 74 4
v 75 4
v 76 4
v 77 4
v 78 4
v 79 4
v 80 4
v 81 4
v 82 4
v 83 4
v 84 4
v 85 4
v 86 4
v 87 4
v 88 4
v 89 4
v 90 4
v 91 4
v 92 4
v 93 4
v 94 4
v 95 4
v 96 4
v 97 4
v 98 4
e 0 46 1
e 4 21 1
e 4 22 1
e 5 19 1
e 5 53 1
e 6 20 1
e 6 54 1
e 7 23 1
e 8 25 2
e 10 87 1
e 12 41 1
e 12 44 1
e 13 43 1
e 14 98 1
e 16 22 1
e 16 24 1
e 16 25 1
e 17 25 1
e 17 38 2
e 18 38 1
e 18 88 1
e 18 89 1
e 19 20 1
e 19 21 1
e 19 47 1
e 20 22 1
e 20 48 1
e 21 23 1
e 21 49 1
e 22 50 1
e 23 51 1
e 23 52 1
e 24 35 2
e 24 55 1
e 26 27 1
e 26 28 1
e 26 56 1
e 26 57 1
e 27 29 1
e 27 58 1
e 27 59 1
e 28 30 1
e 28 60 1
e 28 61 1
e 29 31 1
e 29 62 1
e 29 63 1
e 30 32 1
e 30 64 1
e 30 65 1
e 31 33 1
e 31 66 1
e 31 67 1
e 32 34 1
e 32 68 1
e 32 69 1
e 33 36 1
e 33 70 1
e 33 71 1
e 34 37 1
e 34 72 1
e 34 73 1
e 35 38 1
e 35 74 1
e 36 39 1
e 36 75 1
e 36 76 1
e 37 40 1
e 37 77 1
e 37 78 1
e 39 41 1
e 39 79 1
e 39 80 1
e 40 42 1
e 40 81 1
e 40 82 1
e 41 83 1
e 41 84 1
e 42 45 1
e 42 85 1
e 42 86 1
e 43 44 1
e 43 46 1
e 43 90 1
e 44 91 1
e 44 92 1
e 45 93 1
e 45 94 1
e 45 95 1
e 46 96 1
e 46 97 1
t # 2416
v 0 11
v 1 19
v 2 1
v 3 1
v 4 1
v 5 1
v 6 1
v 7 1
v 8 1
v 9 2
v 10 3
v 11 3
v 12 3
v 13 3
v 14 3
v 15 3
v 16 3
v 17 3
v 18 4
v 19 4
v 20 4
v 21 4
v 22 4
v 23 4
v 24 4
v 25 4
v 26 4
v 27 4
v 28 4
v 29 4
v 30 4
v 31 4
v 32 4
e 0 4 2
e 0 5 2
e 0 12 1
e 2 10 1
e 2 16 1
e 3 31 1
e 6 17 1
e 6 32 1
e 7 16 2
e 8 17 2
e 9 11 1
e 9 16 1
e 9 30 1
e 10 13 1
e 10 14 1
e 10 15 1
e 11 12 1
e 11 17 1
e 11 18 1
e 12 19 1
e 12 20 1
e 13 21 1
e 13 22 1
e 13 23 1
e 14 24 1
e 14 25 1
e 14 26 1
e 15 27 1
e 15 28 1
e 15 29 1
t # 2417
v 0 19
v 1 1
v 2 1
v 3 1
v 4 1
v 5 1
v 6 1
v 7 2
v 8 3
v 9 3
v 10 3
v 11 3
v 12 3
v 13 3
v 14 3
v 15 3
v 16 3
v 17 3
v 18 3
v 19 3
v 20 3
v 21 4
v 22 4
v 23 4
v 24 4
v 25 4
v 26 4
v 27 4
v 28 4
v 29 4
v 30 4
v 31 4
v 32 4
v 33 4
v 34 4
v 35 4
e 1 10 1
e 1 12 1
e 2 11 1
e 2 16 1
e 3 15 1
e 3 35 1
e 4 11 2
e 5 12 2
e 6 15 2
e 7 8 1
e 7 12 1
e 7 24 1
e 8 11 1
e 8 15 1
e 8 21 1
e 9 10 1
e 9 13 2
e 9 14 1
e 10 22 1
e 10 23 1
e 13 17 1
e 13 25 1
e 14 18 2
e 14 26 1
e 16 20 1
e 16 27 1
e 16 28 1
e 17 19 2
e 17 29 1
e 18 19 1
e 18 30 1
e 19 31 1
e 20 32 1
e 20 33 1
e 20 34 1
t # 2418
v 0 32
v 1 11
v 2 11
v 3 11
v 4 11
v 5 1
v 6 1
v 7 1
v 8 1
v 9 1
v 10 1
v 11 1
v 12 1
v 13 1
v 14 1
v 15 1
v 16 1
v 17 1
v 18 1
v 19 1
v 20 1
v 21 1
v 22 2
v 23 2
v 24 2
v 25 2
v 26 2
v 27 2
v 28 2
v 29 2
v 30 2
v 31 2
v 32 2
v 33 2
v 34 2
v 35 2
v 36 3
v 37 3
v 38 3
v 39 3
v 40 3
v 41 3
v 42 3
v 43 3
v 44 3
v 45 3
v 46 3
v 47 3
v 48 3
v 49 3
v 50 3
v 51 3
v 52 3
v 53 3
v 54 3
v 55 3
v 56 3
v 57 3
v 58 3
v 59 3
v 60 3
v 61 3
v 62 3
v 63 3
v 64 3
v 65 3
v 66 3
v 67 3
v 68 3
v 69 3
v 70 3
v 71 3
v 72 3
v 73 3
v 74 3
v 75 3
v 76 3
v 77 4
v 78 4
v 79 4
v 80 4
v 81 4
v 82 4
v 83 4
v 84 4
v 85 4
v 86 4
v 87 4
v 88 4
v 89 4
v 90 4
v 91 4
v 92 4
v 93 4
v 94 4
v 95 4
v 96 4
v 97 4
v 98 4
v 99 4
v 100 4
v 101 4
v 102 4
v 103 4
v 104 4
v 105 4
v 106 4
v 107 4
v 108 4
v 109 4
v 110 4
v 111 4
v 112 4
e 1 9 2
e 1 10 2
e 1 40 1
e 2 11 2
e 2 12 2
e 2 41 1
e 3 13 2
e 3 14 2
e 3 42 1
e 4 15 2
e 4 16 2
e 4 43 1
e 5 91 1
e 6 92 1
e 7 93 1
e 8 94 1
e 17 56 2
e 18 57 2
e 19 68 2
e 20 69 2
e 21 76 2
e 22 50 1
e 22 56 1
e 22 87 1
e 23 51 1
e 23 57 1
e 23 88 1
e 24 26 1
e 24 58 1
e 24 64 1
e 25 27 1
e 25 59 1
e 25 65 1
e 26 62 2
e 27 63 2
e 28 62 1
e 28 68 1
e 28 101 1
e 29 63 1
e 29 69 1
e 29 102 1
e 30 32 1
e 30 66 1
e 30 74 1
e 31 33 1
e 31 67 1
e 31 75 1
e 32 72 2
e 33 73 2
e 34 72 1
e 34 76 1
e 34 105 1
e 35 73 1
e 35 76 1
e 35 106 1
e 36 38 1
e 36 40 2
e 36 46 1
e 37 39 1
e 37 41 2
e 37 47 1
e 38 44 2
e 38 52 1
e 39 45 2
e 39 53 1
e 40 48 1
e 41 49 1
e 42 44 1
e 42 48 2
e 43 45 1
e 43 49 2
e 44 77 1
e 45 78 1
e 46 50 2
e 46 79 1
e 47 51 2
e 47 80 1
e 48 81 1
e 49 82 1
e 50 54 1
e 51 55 1
e 52 54 2
e 52 83 1
e 53 55 2
e 53 84 1
e 54 85 1
e 55 86 1
e 56 58 1
e 57 59 1
e 58 60 2
e 59 61 2
e 60 62 1
e 60 89 1
e 61 63 1
e 61 90 1
e 64 95 1
e 64 96 1
e 64 97 1
e 65 98 1
e 65 99 1
e 65 100 1
e 66 68 1
e 66 70 2
e 67 69 1
e 67 71 2
e 70 72 1
e 70 103 1
e 71 73 1
e 71 104 1
e 74 107 1
e 74 108 1
e 74 109 1
e 75 110 1
e 75 111 1
e 75 112 1
t # 2419
v 0 32
v 1 12
v 2 11
v 3 11
v 4 1
v 5 1
v 6 1
v 7 1
v 8 1
v 9 1
v 10 1
v 11 1
v 12 2
v 13 2
v 14 2
v 15 2
v 16 2
v 17 2
v 18 2
v 19 3
v 20 3
v 21 3
v 22 3
v 23 3
v 24 3
v 25 3
v 26 3
v 27 3
v 28 3
v 29 3
v 30 3
v 31 3
v 32 3
v 33 3
v 34 3
v 35 3
v 36 3
v 37 3
v 38 3
v 39 4
v 40 4
v 41 4
v 42 4
v 43 4
v 44 4
v 45 4
v 46 4
v 47 4
v 48 4
v 49 4
v 50 4
v 51 4
v 52 4
v 53 4
v 54 4
v 55 4
v 56 4
v 57 4
v 58 4
e 2 6 2
e 2 7 2
e 2 21 1
e 3 8 2
e 3 9 2
e 3 22 1
e 4 50 1
e 5 51 1
e 10 30 2
e 11 35 2
e 12 26 1
e 12 30 1
e 12 44 1
e 13 14 1
e 13 29 1
e 13 33 1
e 14 32 2
e 15 32 1
e 15 35 1
e 15 46 1
e 16 17 1
e 16 34 1
e 16 38 1
e 17 37 2
e 18 37 1
e 18 56 1
e 18 57 1
e 19 20 1
e 19 21 2
e 19 23 1
e 20 24 2
e 20 27 1
e 21 25 1
e 22 24 1
e 22 25 2
e 23 26 2
e 23 39 1
e 24 40 1
e 25 41 1
e 26 28 1
e 27 28 2
e 27 42 1
e 28 43 1
e 29 30 1
e 29 31 2
e 31 32 1
e 31 45 1
e 33 47 1
e 33 48 1
e 33 49 1
e 34 35 1
e 34 36 2
e 36 37 1
e 36 52 1
e 38 53 1
e 38 54 1
e 38 55 1
t # 2420
v 0 32
v 1 1
v 2 1
v 3 2
v 4 2
v 5 2
v 6 2
v 7 3
v 8 3
v 9 3
v 10 3
v 11 3
v 12 3
v 13 3
v 14 3
v 15 3
v 16 3
v 17 4
v 18 4
v 19 4
v 20 4
v 21 4
v 22 4
e 1 11 2
e 2 12 2
e 3 7 1
e 3 11 1
e 3 17 1
e 4 8 1
e 4 12 1
e 4 18 1
e 5 7 2
e 5 9 1
e 6 8 2
e 6 10 1
e 7 8 1
e 9 10 1
e 9 13 2
e 10 14 2
e 11 12 1
e 13 15 1
e 13 19 1
e 14 16 1
e 14 20 1
e 15 16 2
e 15 21 1
e 16 22 1
t # 2421
v 0 18
v 1 18
v 2 18
v 3 18
v 4 19
v 5 1
v 6 1
v 7 1
v 8 1
v 9 1
v 10 3
v 11 3
v 12 3
v 13 3
v 14 3
v 15 3
v 16 3
v 17 3
v 18 3
v 19 3
v 20 3
v 21 3
v 22 3
v 23 3
v 24 3
v 25 3
v 26 3
v 27 3
v 28 3
v 29 3
v 30 4
v 31 4
v 32 4
v 33 4
v 34 4
v 35 4
v 36 4
v 37 4
e 5 14 1
e 5 15 1
e 6 23 1
e 6 36 1
e 7 25 2
e 8 29 1
e 8 37 1
e 9 29 2
e 10 11 1
e 10 12 2
e 10 13 1
e 11 14 1
e 11 16 2
e 12 15 1
e 12 17 1
e 13 18 1
e 13 21 2
e 14 19 2
e 15 20 2
e 16 22 1
e 16 30 1
e 17 24 2
e 17 31 1
e 18 26 2
e 18 29 1
e 19 23 1
e 20 25 1
e 21 27 1
e 21 32 1
e 22 23 2
e 24 25 1
e 26 28 1
e 26 33 1
e 27 28 2
e 27 34 1
e 28 35 1
t # 2422
v 0 12
v 1 12
v 2 19
v 3 1
v 4 1
v 5 1
v 6 1
v 7 1
v 8 1
v 9 3
v 10 3
v 11 3
v 12 3
v 13 3
v 14 3
v 15 3
v 16 3
v 17 3
v 18 3
v 19 3
v 20 3
v 21 3
v 22 3
v 23 3
v 24 3
v 25 3
v 26 3
v 27 3
v 28 3
v 29 3
v 30 3
v 31 3
v 32 3
v 33 3
v 34 3
v 35 3
v 36 3
v 37 3
v 38 3
v 39 3
v 40 3
v 41 3
v 42 3
v 43 3
v 44 3
v 45 3
v 46 3
v 47 3
v 48 3
v 49 3
v 50 3
v 51 3
v 52 3
v 53 3
v 54 4
v 55 4
v 56 4
v 57 4
v 58 4
v 59 4
v 60 4
v 61 4
v 62 4
v 63 4
v 64 4
v 65 4
v 66 4
v 67 4
v 68 4
v 69 4
v 70 4
v 71 4
v 72 4
v 73 4
v 74 4
v 75 4
v 76 4
v 77 4
v 78 4
v 79 4
v 80 4
v 81 4
v 82 4
v 83 4
v 84 4
v 85 4
v 86 4
v 87 4
v 88 4
v 89 4
v 90 4
v 91 4
v 92 4
v 93 4
v 94 4
v 95 4
v 96 4
v 97 4
v 98 4
v 99 4
v 100 4
v 101 4
v 102 4
v 103 4
v 104 4
v 105 4
v 106 4
v 107 4
v 108 4
v 109 4
v 110 4
v 111 4
v 112 4
v 113 4
e 0 48 1
e 1 49 1
e 3 50 1
e 3 110 1
e 4 51 1
e 4 111 1
e 5 52 1
e 5 112 1
e 6 53 1
e 6 113 1
e 7 52 2
e 8 53 2
e 9 10 1
e 9 11 1
e 9 18 1
e 9 54 1
e 10 14 1
e 10 16 1
e 10 24 1
e 11 12 1
e 11 19 1
e 11 55 1
e 12 13 1
e 12 17 1
e 12 56 1
e 13 15 1
e 13 22 1
e 13 26 1
e 14 20 1
e 14 25 1
e 14 57 1
e 15 21 1
e 15 23 1
e 15 58 1
e 16 17 1
e 16 59 1
e 16 60 1
e 17 61 1
e 17 62 1
e 18 20 1
e 18 63 1
e 18 64 1
e 19 21 1
e 19 65 1
e 19 66 1
e 20 67 1
e 20 68 1
e 21 69 1
e 21 70 1
e 22 28 1
e 22 71 1
e 22 72 1
e 23 27 1
e 23 73 1
e 23 74 1
e 24 75 1
e 24 76 1
e 24 77 1
e 25 29 1
e 25 31 1
e 25 78 1
e 26 79 1
e 26 80 1
e 26 81 1
e 27 28 1
e 27 30 1
e 27 82 1
e 28 83 1
e 28 84 1
e 29 32 1
e 29 85 1
e 29 86 1
e 30 33 1
e 30 87 1
e 30 88 1
e 31 89 1
e 31 90 1
e 31 91 1
e 32 34 1
e 32 92 1
e 32 93 1
e 33 35 1
e 33 94 1
e 33 95 1
e 34 36 1
e 34 96 1
e 34 97 1
e 35 37 2
e 35 98 1
e 36 38 1
e 36 39 1
e 36 99 1
e 37 40 1
e 37 41 1
e 38 100 1
e 38 101 1
e 38 102 1
e 39 103 1
e 39 104 1
e 39 105 1
e 40 42 2
e 40 44 1
e 41 43 2
e 41 45 1
e 42 46 1
e 42 106 1
e 43 47 1
e 43 107 1
e 44 48 2
e 44 108 1
e 45 49 2
e 45 109 1
e 46 50 2
e 46 52 1
e 47 51 2
e 47 53 1
e 48 50 1
e 49 51 1
t # 2423
v 0 31
v 1 14
v 2 14
v 3 14
v 4 1
v 5 1
v 6 1
v 7 1
v 8 3
v 9 3
v 10 3
v 11 3
v 12 3
v 13 3
v 14 3
v 15 3
v 16 3
v 17 3
v 18 3
v 19 3
v 20 3
v 21 3
v 22 3
v 23 3
v 24 4
v 25 4
v 26 4
v 27 4
v 28 4
v 29 4
v 30 4
v 31 4
v 32 4
v 33 4
v 34 4
v 35 4
v 36 4
v 37 4
v 38 4
v 39 4
v 40 4
v 41 4
v 42 4
v 43 4
v 44 4
e 4 14 1
e 5 15 1
e 5 21 1
e 6 14 2
e 7 21 2
e 8 11 1
e 8 24 1
e 8 25 1
e 9 12 1
e 9 26 1
e 9 27 1
e 10 13 1
e 10 28 1
e 10 29 1
e 11 30 1
e 11 31 1
e 11 32 1
e 12 33 1
e 12 34 1
e 12 35 1
e 13 36 1
e 13 37 1
e 13 38 1
e 14 15 1
e 15 16 1
e 15 39 1
e 16 17 2
e 16 18 1
e 17 19 1
e 17 40 1
e 18 20 2
e 18 41 1
e 19 22 2
e 19 42 1
e 20 22 1
e 20 43 1
e 21 23 1
e 22 44 1
t # 2424
v 0 31
v 1 1
v 2 1
v 3 1
v 4 1
v 5 1
v 6 1
v 7 2
v 8 3
v 9 3
v 10 3
v 11 3
v 12 3
v 13 3
v 14 3
v 15 3
v 16 3
v 17 3
v 18 3
v 19 3
v 20 4
v 21 4
v 22 4
v 23 4
v 24 4
v 25 4
v 26 4
v 27 4
v 28 4
v 29 4
v 30 4
v 31 4
v 32 4
v 33 4
v 34 4
v 35 4
v 36 4
v 37 4
v 38 4
v 39 4
v 40 4
e 1 9 1
e 2 10 1
e 2 13 1
e 3 17 1
e 4 18 1
e 5 19 1
e 6 13 2
e 7 14 1
e 7 15 1
e 7 16 1
e 8 9 1
e 8 10 1
e 8 11 1
e 8 12 1
e 9 13 1
e 9 20 1
e 10 21 1
e 10 22 1
e 11 23 1
e 11 24 1
e 11 25 1
e 12 26 1
e 12 27 1
e 12 28 1
e 14 17 1
e 14 29 1
e 14 30 1
e 15 18 1
e 15 31 1
e 15 32 1
e 16 19 1
e 16 33 1
e 16 34 1
e 17 35 1
e 17 36 1
e 18 37 1
e 18 38 1
e 19 39 1
e 19 40 1
t # 2425
v 0 31
v 1 1
v 2 1
v 3 1
v 4 1
v 5 1
v 6 2
v 7 3
v 8 3
v 9 3
v 10 3
v 11 3
v 12 3
v 13 3
v 14 3
v 15 3
v 16 4
v 17 4
v 18 4
v 19 4
v 20 4
v 21 4
v 22 4
v 23 4
v 24 4
v 25 4
v 26 4
v 27 4
v 28 4
v 29 4
v 30 4
v 31 4
v 32 4
e 1 10 1
e 2 11 1
e 3 12 1
e 4 14 1
e 4 15 1
e 5 14 2
e 6 7 1
e 6 8 1
e 6 9 1
e 7 10 1
e 7 16 1
e 7 17 1
e 8 11 1
e 8 18 1
e 8 19 1
e 9 12 1
e 9 20 1
e 9 21 1
e 10 22 1
e 10 23 1
e 11 24 1
e 11 25 1
e 12 26 1
e 12 27 1
e 13 14 1
e 13 28 1
e 13 29 1
e 15 30 1
e 15 31 1
e 15 32 1
t # 2426
v 0 8
v 1 1
v 2 1
v 3 1
v 4 1
v 5 1
v 6 1
v 7 1
v 8 2
v 9 2
v 10 2
v 11 2
v 12 2
v 13 2
v 14 3
v 15 3
v 16 3
v 17 3
v 18 3
v 19 3
v 20 3
v 21 3
v 22 3
v 23 3
v 24 3
v 25 3
v 26 3
v 27 3
v 28 3
v 29 3
v 30 3
v 31 3
v 32 3
v 33 3
v 34 3
v 35 3
v 36 3
v 37 3
v 38 3
v 39 3
v 40 3
v 41 3
v 42 3
v 43 3
v 44 3
v 45 3
v 46 3
v 47 3
v 48 3
v 49 3
v 50 3
v 51 3
v 52 3
v 53 3
v 54 3
v 55 3
v 56 4
v 57 4
v 58 4
v 59 4
v 60 4
v 61 4
v 62 4
v 63 4
v 64 4
v 65 4
v 66 4
v 67 4
v 68 4
v 69 4
v 70 4
v 71 4
v 72 4
v 73 4
v 74 4
v 75 4
v 76 4
v 77 4
v 78 4
v 79 4
v 80 4
v 81 4
v 82 4
v 83 4
v 84 4
v 85 4
v 86 4
v 87 4
v 88 4
v 89 4
v 90 4
v 91 4
v 92 4
v 93 4
v 94 4
v 95 4
v 96 4
v 97 4
v 98 4
v 99 4
v 100 4
v 101 4
v 102 4
v 103 4
v 104 4
v 105 4
v 106 4
v 107 4
v 108 4
v 109 4
v 110 4
v 111 4
v 112 4
v 113 4
v 114 4
v 115 4
v 116 4
v 117 4
v 118 4
v 119 4
e 33 1 1
e 2 43 1
e 3 44 1
e 5 45 1
e 5 49 1
e 6 51 2
e 7 54 2
e 8 46 1
e 9 47 1
e 10 49 1
e 10 50 1
e 10 51 1
e 12 51 1
e 12 54 1
e 12 116 1
e 14 15 1
e 14 18 1
e 14 19 1
e 14 25 1
e 15 16 1
e 15 21 1
e 15 56 1
e 16 17 1
e 16 24 1
e 16 57 1
e 17 20 1
e 17 22 1
e 17 58 1
e 18 23 1
e 18 27 1
e 18 59 1
e 19 22 1
e 19 60 1
e 19 61 1
e 20 26 1
e 20 28 1
e 20 30 1
e 21 23 1
e 21 62 1
e 21 63 1
e 22 64 1
e 22 65 1
e 23 66 1
e 23 67 1
e 24 29 1
e 24 68 1
e 24 69 1
e 25 70 1
e 25 71 1
e 25 72 1
e 26 29 2
e 26 31 1
e 27 34 1
e 27 35 1
e 27 73 1
e 28 32 1
e 28 74 1
e 28 75 1
e 29 76 1
e 30 77 1
e 30 78 1
e 30 79 1
e 31 33 1
e 31 80 1
e 31 81 1
e 32 33 1
e 32 82 1
e 32 83 1
e 33 84 1
e 34 85 1
e 34 86 1
e 34 87 1
e 35 36 2
e 35 88 1
e 36 37 1
e 36 89 1
e 37 38 1
e 37 39 1
e 37 90 1
e 38 40 1
e 38 41 1
e 38 91 1
e 39 42 1
e 39 92 1
e 39 93 1
e 40 94 1
e 40 95 1
e 40 96 1
e 41 97 1
e 41 98 1
e 41 99 1
e 42 100 1
e 42 101 1
e 42 102 1
e 43 45 1
e 43 103 1
e 43 104 1
e 44 46 1
e 44 105 1
e 44 106 1
e 45 47 1
e 45 107 1
e 46 108 1
e 46 109 1
e 47 48 1
e 47 110 1
e 48 49 1
e 48 111 1
e 48 112 1
e 49 113 1
e 50 53 2
e 50 114 1
e 52 115 1
e 53 54 1
e 53 55 1
e 55 117 1
e 55 118 1
e 55 119 1
t # 2427
v 0 8
v 1 1
v 2 1
v 3 1
v 4 1
v 5 1
v 6 1
v 7 1
v 8 2
v 9 2
v 10 2
v 11 2
v 12 2
v 13 2
v 14 3
v 15 3
v 16 3
v 17 3
v 18 3
v 19 3
v 20 3
v 21 3
v 22 3
v 23 3
v 24 3
v 25 3
v 26 3
v 27 3
v 28 3
v 29 3
v 30 3
v 31 3
v 32 3
v 33 3
v 34 3
v 35 3
v 36 3
v 37 3
v 38 3
v 39 3
v 40 3
v 41 3
v 42 3
v 43 3
v 44 3
v 45 3
v 46 3
v 47 3
v 48 3
v 49 3
v 50 3
v 51 3
v 52 3
v 53 3
v 54 4
v 55 4
v 56 4
v 57 4
v 58 4
v 59 4
v 60 4
v 61 4
v 62 4
v 63 4
v 64 4
v 65 4
v 66 4
v 67 4
v 68 4
v 69 4
v 70 4
v 71 4
v 72 4
v 73 4
v 74 4
v 75 4
v 76 4
v 77 4
v 78 4
v 79 4
v 80 4
v 81 4
v 82 4
v 83 4
v 84 4
v 85 4
v 86 4
v 87 4
v 88 4
v 89 4
v 90 4
v 91 4
v 92 4
v 93 4
v 94 4
v 95 4
v 96 4
v 97 4
v 98 4
v 99 4
v 100 4
v 101 4
v 102 4
v 103 4
v 104 4
v 105 4
v 106 4
v 107 4
v 108 4
v 109 4
v 110 4
v 111 4
v 112 4
v 113 4
v 114 4
v 115 4
e 34 1 1
e 2 41 1
e 3 42 1
e 5 43 1
e 5 47 1
e 6 49 2
e 7 52 2
e 8 44 1
e 9 45 1
e 10 47 1
e 10 48 1
e 10 49 1
e 12 49 1
e 12 52 1
e 12 112 1
e 14 15 1
e 14 18 1
e 14 19 1
e 14 26 1
e 15 16 1
e 15 21 1
e 15 54 1
e 16 17 1
e 16 24 1
e 16 55 1
e 17 20 1
e 17 22 1
e 17 56 1
e 18 23 1
e 18 25 1
e 18 57 1
e 19 22 1
e 19 58 1
e 19 59 1
e 20 27 1
e 20 28 1
e 20 30 1
e 21 23 1
e 21 60 1
e 21 61 1
e 22 62 1
e 22 63 1
e 23 64 1
e 23 65 1
e 24 29 1
e 24 66 1
e 24 67 1
e 25 33 1
e 25 35 1
e 25 68 1
e 26 69 1
e 26 70 1
e 26 71 1
e 27 29 2
e 27 31 1
e 28 32 1
e 28 72 1
e 28 73 1
e 29 74 1
e 30 75 1
e 30 76 1
e 30 77 1
e 31 34 1
e 31 78 1
e 31 79 1
e 32 34 1
e 32 80 1
e 32 81 1
e 33 36 1
e 33 82 1
e 33 83 1
e 34 84 1
e 35 85 1
e 35 86 1
e 35 87 1
e 36 37 1
e 36 88 1
e 36 89 1
e 37 38 1
e 37 90 1
e 37 91 1
e 38 39 1
e 38 40 1
e 38 92 1
e 39 93 1
e 39 94 1
e 39 95 1
e 40 96 1
e 40 97 1
e 40 98 1
e 41 43 1
e 41 99 1
e 41 100 1
e 42 44 1
e 42 101 1
e 42 102 1
e 43 45 1
e 43 103 1
e 44 104 1
e 44 105 1
e 45 46 1
e 45 106 1
e 46 47 1
e 46 107 1
e 46 108 1
e 47 109 1
e 48 51 2
e 48 110 1
e 50 111 1
e 51 52 1
e 51 53 1
e 53 113 1
e 53 114 1
e 53 115 1
t # 2428
v 0 11
v 1 11
v 2 11
v 3 11
v 4 19
v 5 1
v 6 1
v 7 1
v 8 1
v 9 1
v 10 1
v 11 1
v 12 1
v 13 1
v 14 1
v 15 1
v 16 1
v 17 1
v 18 1
v 19 1
v 20 2
v 21 2
v 22 2
v 23 2
v 24 2
v 25 2
v 26 3
v 27 3
v 28 3
v 29 3
v 30 3
v 31 3
v 32 3
v 33 3
v 34 3
v 35 3
v 36 3
v 37 3
v 38 3
v 39 3
v 40 3
v 41 3
v 42 3
v 43 3
v 44 3
v 45 3
v 46 3
v 47 3
v 48 3
v 49 3
v 50 3
v 51 3
v 52 3
v 53 3
v 54 3
v 55 3
v 56 3
v 57 3
v 58 3
v 59 4
v 60 4
v 61 4
v 62 4
v 63 4
v 64 4
v 65 4
v 66 4
v 67 4
v 68 4
v 69 4
v 70 4
v 71 4
v 72 4
v 73 4
v 74 4
v 75 4
v 76 4
v 77 4
v 78 4
v 79 4
v 80 4
v 81 4
v 82 4
v 83 4
v 84 4
v 85 4
v 86 4
e 0 9 2
e 0 10 2
e 0 30 1
e 1 11 2
e 1 12 2
e 1 31 1
e 2 13 2
e 2 14 2
e 2 32 1
e 3 15 2
e 3 16 2
e 3 33 1
e 5 83 1
e 6 84 1
e 7 85 1
e 8 86 1
e 17 48 2
e 18 49 2
e 19 58 2
e 20 38 1
e 20 48 1
e 20 69 1
e 21 39 1
e 21 49 1
e 21 70 1
e 22 46 1
e 22 54 1
e 22 56 1
e 23 47 1
e 23 55 1
e 23 57 1
e 24 50 1
e 24 58 1
e 24 75 1
e 25 51 1
e 25 58 1
e 25 76 1
e 26 28 1
e 26 30 2
e 26 34 1
e 27 29 1
e 27 31 2
e 27 35 1
e 28 36 2
e 28 42 1
e 29 37 2
e 29 43 1
e 30 40 1
e 31 41 1
e 32 36 1
e 32 40 2
e 33 37 1
e 33 41 2
e 34 38 2
e 34 59 1
e 35 39 2
e 35 60 1
e 36 61 1
e 37 62 1
e 38 44 1
e 39 45 1
e 40 63 1
e 41 64 1
e 42 44 2
e 42 65 1
e 43 45 2
e 43 66 1
e 44 67 1
e 45 68 1
e 46 48 1
e 46 52 2
e 47 49 1
e 47 53 2
e 50 52 1
e 50 54 2
e 51 53 1
e 51 55 2
e 52 71 1
e 53 72 1
e 54 73 1
e 55 74 1
e 56 77 1
e 56 78 1
e 56 79 1
e 57 80 1
e 57 81 1
e 57 82 1
t # 2429
v 0 31
v 1 1
v 2 1
v 3 1
v 4 1
v 5 1
v 6 1
v 7 1
v 8 1
v 9 2
v 10 3
v 11 3
v 12 3
v 13 3
v 14 3
v 15 3
v 16 3
v 17 3
v 18 3
v 19 3
v 20 4
v 21 4
v 22 4
v 23 4
v 24 4
v 25 4
v 26 4
v 27 4
v 28 4
v 29 4
v 30 4
v 31 4
v 32 4
v 33 4
v 34 4
v 35 4
v 36 4
e 1 10 1
e 2 11 1
e 3 12 1
e 4 13 1
e 5 16 1
e 6 17 1
e 7 16 2
e 8 17 2
e 9 34 1
e 9 35 1
e 9 36 1
e 10 13 1
e 10 14 1
e 10 18 1
e 11 12 1
e 11 15 1
e 11 19 1
e 12 20 1
e 12 21 1
e 13 22 1
e 13 23 1
e 14 16 1
e 14 24 1
e 14 25 1
e 15 17 1
e 15 26 1
e 15 27 1
e 18 28 1
e 18 29 1
e 18 30 1
e 19 31 1
e 19 32 1
e 19 33 1
t # 2430
v 0 31
v 1 1
v 2 1
v 3 1
v 4 1
v 5 1
v 6 1
v 7 1
v 8 1
v 9 2
v 10 3
v 11 3
v 12 3
v 13 3
v 14 3
v 15 3
v 16 3
v 17 3
v 18 4
v 19 4
v 20 4
v 21 4
v 22 4
v 23 4
v 24 4
v 25 4
v 26 4
v 27 4
v 28 4
v 29 4
v 30 4
e 1 10 1
e 2 11 1
e 3 12 1
e 4 13 1
e 5 16 1
e 6 17 1
e 7 16 2
e 8 17 2
e 9 28 1
e 9 29 1
e 9 30 1
e 10 13 1
e 10 14 1
e 10 18 1
e 11 12 1
e 11 15 1
e 11 19 1
e 12 20 1
e 12 21 1
e 13 22 1
e 13 23 1
e 14 16 1
e 14 24 1
e 14 25 1
e 15 17 1
e 15 26 1
e 15 27 1
t # 2431
v 0 11
v 1 19
v 2 1
v 3 1
v 4 1
v 5 1
v 6 1
v 7 1
v 8 1
v 9 1
v 10 1
v 11 1
v 12 2
v 13 2
v 14 2
v 15 3
v 16 3
v 17 3
v 18 3
v 19 3
v 20 3
v 21 3
v 22 3
v 23 3
v 24 3
v 25 3
v 26 3
v 27 3
v 28 3
v 29 3
v 30 3
v 31 3
v 32 3
v 33 3
v 34 3
v 35 3
v 36 3
v 37 3
v 38 3
v 39 3
v 40 3
v 41 3
v 42 3
v 43 3
v 44 3
v 45 3
v 46 3
v 47 3
v 48 3
v 49 3
v 50 3
v 51 3
v 52 3
v 53 3
v 54 3
v 55 4
v 56 4
v 57 4
v 58 4
v 59 4
v 60 4
v 61 4
v 62 4
v 63 4
v 64 4
v 65 4
v 66 4
v 67 4
v 68 4
v 69 4
v 70 4
v 71 4
v 72 4
v 73 4
v 74 4
v 75 4
v 76 4
v 77 4
v 78 4
v 79 4
v 80 4
v 81 4
v 82 4
v 83 4
v 84 4
v 85 4
v 86 4
v 87 4
v 88 4
v 89 4
v 90 4
v 91 4
e 0 46 1
e 0 49 1
e 2 25 1
e 2 44 1
e 3 26 1
e 3 46 1
e 4 44 2
e 5 46 2
e 6 51 1
e 6 88 1
e 7 50 2
e 8 51 2
e 9 52 2
e 10 54 1
e 10 91 1
e 11 54 2
e 12 43 1
e 12 44 1
e 12 80 1
e 13 48 1
e 13 50 1
e 13 86 1
e 14 52 1
e 14 53 1
e 14 87 1
e 15 17 1
e 15 18 1
e 15 25 1
e 15 55 1
e 16 19 1
e 16 20 1
e 16 26 1
e 16 56 1
e 17 21 1
e 17 27 2
e 18 22 1
e 18 28 2
e 19 23 1
e 19 29 2
e 20 24 1
e 20 30 2
e 21 22 1
e 21 31 2
e 22 32 2
e 23 24 1
e 23 33 2
e 24 34 2
e 25 57 1
e 25 58 1
e 26 59 1
e 26 60 1
e 27 35 1
e 27 61 1
e 28 36 1
e 28 62 1
e 29 39 1
e 29 63 1
e 30 40 1
e 30 64 1
e 31 37 1
e 31 65 1
e 32 38 1
e 32 66 1
e 33 41 1
e 33 67 1
e 34 42 1
e 34 68 1
e 35 37 2
e 35 69 1
e 36 38 2
e 36 70 1
e 37 71 1
e 38 72 1
e 39 41 2
e 39 73 1
e 40 42 2
e 40 74 1
e 41 75 1
e 42 76 1
e 43 45 1
e 43 51 1
e 43 77 1
e 45 47 1
e 45 78 1
e 45 79 1
e 47 50 1
e 47 81 1
e 47 82 1
e 48 49 1
e 48 52 1
e 48 83 1
e 49 84 1
e 49 85 1
e 53 54 1
e 53 89 1
e 53 90 1
t # 2432
v 0 31
v 1 1
v 2 1
v 3 1
v 4 1
v 5 1
v 6 1
v 7 1
v 8 1
v 9 1
v 10 1
v 11 1
v 12 1
v 13 1
v 14 1
v 15 2
v 16 3
v 17 3
v 18 3
v 19 3
v 20 3
v 21 3
v 22 3
v 23 3
v 24 3
v 25 3
v 26 3
v 27 3
v 28 3
v 29 3
v 30 4
v 31 4
v 32 4
v 33 4
v 34 4
v 35 4
v 36 4
v 37 4
v 38 4
v 39 4
v 40 4
v 41 4
v 42 4
v 43 4
v 44 4
v 45 4
v 46 4
e 1 16 1
e 2 17 1
e 3 18 1
e 4 19 1
e 5 22 1
e 6 23 1
e 7 18 2
e 8 19 2
e 9 22 2
e 10 23 2
e 11 26 1
e 11 28 1
e 12 27 1
e 12 29 1
e 13 26 2
e 14 27 2
e 15 44 1
e 15 45 1
e 15 46 1
e 16 18 1
e 16 20 1
e 16 24 1
e 17 19 1
e 17 21 1
e 17 25 1
e 20 23 1
e 20 30 1
e 20 31 1
e 21 22 1
e 21 32 1
e 21 33 1
e 24 26 1
e 24 34 1
e 24 35 1
e 25 27 1
e 25 36 1
e 25 37 1
e 28 38 1
e 28 39 1
e 28 40 1
e 29 41 1
e 29 42 1
e 29 43 1
t # 2433
v 0 12
v 1 12
v 2 11
v 3 19
v 4 1
v 5 1
v 6 2
v 7 2
v 8 2
v 9 2
v 10 2
v 11 3
v 12 3
v 13 3
v 14 3
v 15 3
v 16 3
v 17 3
v 18 3
v 19 3
v 20 4
v 21 4
v 22 4
v 23 4
v 24 4
v 25 4
v 26 4
v 27 4
v 28 4
e 0 14 1
e 1 15 1
e 2 4 2
e 2 5 2
e 2 11 1
e 6 17 1
e 6 21 1
e 7 17 1
e 7 19 2
e 8 9 1
e 8 17 2
e 9 19 1
e 9 26 1
e 10 19 1
e 10 27 1
e 10 28 1
e 11 12 1
e 11 14 2
e 12 13 2
e 12 20 1
e 13 15 1
e 13 18 1
e 14 16 1
e 15 16 2
e 16 22 1
e 18 23 1
e 18 24 1
e 18 25 1
t # 2434
v 0 19
v 1 1
v 2 1
v 3 1
v 4 1
v 5 1
v 6 3
v 7 3
v 8 3
v 9 3
v 10 3
v 11 3
v 12 3
v 13 3
v 14 3
v 15 3
v 16 3
v 17 3
v 18 4
v 19 4
v 20 4
v 21 4
v 22 4
v 23 4
v 24 4
v 25 4
v 26 4
v 27 4
v 28 4
v 29 4
e 1 9 1
e 1 15 1
e 2 12 1
e 2 23 1
e 3 16 1
e 3 17 1
e 4 14 2
e 5 16 2
e 6 7 2
e 6 8 1
e 6 12 1
e 7 10 1
e 7 18 1
e 8 11 2
e 8 19 1
e 9 10 2
e 9 11 1
e 10 20 1
e 11 21 1
e 12 13 2
e 13 14 1
e 13 22 1
e 14 16 1
e 15 24 1
e 15 25 1
e 15 26 1
e 17 27 1
e 17 28 1
e 17 29 1
t # 2435
v 0 19
v 1 1
v 2 1
v 3 1
v 4 1
v 5 2
v 6 3
v 7 3
v 8 3
v 9 3
v 10 3
v 11 3
v 12 3
v 13 3
v 14 3
v 15 3
v 16 3
v 17 3
v 18 3
v 19 3
v 20 4
v 21 4
v 22 4
v 23 4
v 24 4
v 25 4
v 26 4
v 27 4
v 28 4
v 29 4
v 30 4
v 31 4
v 32 4
e 1 12 1
e 1 29 1
e 2 17 2
e 3 18 1
e 3 19 1
e 4 18 2
e 5 8 1
e 5 9 1
e 5 20 1
e 6 7 1
e 6 8 1
e 6 10 2
e 7 9 2
e 7 12 1
e 8 11 2
e 9 13 1
e 10 14 1
e 10 21 1
e 11 15 1
e 11 22 1
e 12 16 2
e 13 23 1
e 13 24 1
e 13 25 1
e 14 15 2
e 14 26 1
e 15 27 1
e 16 17 1
e 16 28 1
e 17 18 1
e 19 30 1
e 19 31 1
e 19 32 1
t # 2436
v 0 12
v 1 19
v 2 1
v 3 1
v 4 1
v 5 1
v 6 3
v 7 3
v 8 3
v 9 3
v 10 3
v 11 3
v 12 3
v 13 3
v 14 3
v 15 3
v 16 3
v 17 4
v 18 4
v 19 4
v 20 4
v 21 4
v 22 4
v 23 4
v 24 4
v 25 4
e 0 12 1
e 2 7 1
e 2 22 1
e 3 15 1
e 3 16 1
e 4 14 2
e 5 15 2
e 6 7 1
e 6 8 2
e 6 9 1
e 7 13 2
e 8 10 1
e 8 17 1
e 9 11 2
e 9 18 1
e 10 12 2
e 10 19 1
e 11 12 1
e 11 20 1
e 13 14 1
e 13 21 1
e 14 15 1
e 16 23 1
e 16 24 1
e 16 25 1
t # 2437
v 0 11
v 1 11
v 2 19
v 3 2
v 4 3
v 5 3
v 6 3
v 7 3
v 8 3
v 9 3
v 10 3
v 11 3
v 12 3
v 13 3
v 14 3
v 15 3
v 16 3
v 17 3
v 18 3
v 19 4
v 20 4
v 21 4
v 22 4
v 23 4
v 24 4
v 25 4
v 26 4
v 27 4
v 28 4
v 29 4
v 30 4
v 31 4
v 32 4
v 33 4
e 0 12 1
e 3 4 1
e 3 5 1
e 3 12 1
e 4 6 1
e 4 19 1
e 4 20 1
e 5 7 1
e 5 21 1
e 5 22 1
e 6 8 2
e 6 10 1
e 7 9 2
e 7 11 1
e 8 13 1
e 8 23 1
e 9 14 1
e 9 24 1
e 10 15 2
e 10 25 1
e 11 16 2
e 11 26 1
e 13 17 2
e 13 27 1
e 14 18 2
e 14 28 1
e 15 17 1
e 15 29 1
e 16 18 1
e 16 30 1
e 17 31 1
e 18 32 1
t # 2438
v 0 11
v 1 11
v 2 19
v 3 2
v 4 3
v 5 3
v 6 3
v 7 3
v 8 3
v 9 3
v 10 3
v 11 3
v 12 3
v 13 4
v 14 4
v 15 4
v 16 4
v 17 4
v 18 4
v 19 4
v 20 4
v 21 4
v 22 4
v 23 4
v 24 4
v 25 4
v 26 4
v 27 4
v 28 4
v 29 4
v 30 4
v 31 4
e 0 10 1
e 3 4 1
e 3 5 1
e 3 10 1
e 4 6 1
e 4 13 1
e 4 14 1
e 5 7 1
e 5 15 1
e 5 16 1
e 6 8 1
e 6 17 1
e 6 18 1
e 7 9 1
e 7 19 1
e 7 20 1
e 8 11 1
e 8 21 1
e 8 22 1
e 9 12 1
e 9 23 1
e 9 24 1
e 11 25 1
e 11 26 1
e 11 27 1
e 12 28 1
e 12 29 1
e 12 30 1
t # 2439
v 0 11
v 1 11
v 2 19
v 3 2
v 4 3
v 5 3
v 6 3
v 7 3
v 8 3
v 9 3
v 10 3
v 11 4
v 12 4
v 13 4
v 14 4
v 15 4
v 16 4
v 17 4
v 18 4
v 19 4
v 20 4
v 21 4
v 22 4
v 23 4
v 24 4
v 25 4
e 0 10 1
e 3 4 1
e 3 5 1
e 3 10 1
e 4 6 1
e 4 11 1
e 4 12 1
e 5 7 1
e 5 13 1
e 5 14 1
e 6 8 1
e 6 15 1
e 6 16 1
e 7 9 1
e 7 17 1
e 7 18 1
e 8 19 1
e 8 20 1
e 8 21 1
e 9 22 1
e 9 23 1
e 9 24 1
t # 2440
v 0 19
v 1 1
v 2 1
v 3 1
v 4 1
v 5 1
v 6 1
v 7 2
v 8 3
v 9 3
v 10 3
v 11 3
v 12 4
v 13 4
v 14 4
e 1 10 1
e 1 14 1
e 2 9 2
e 3 10 2
e 6 11 2
e 7 8 1
e 8 9 1
e 8 10 1
e 8 12 1
e 9 11 1
e 11 13 1
t # 2441
v 0 19
v 1 1
v 2 1
v 3 1
v 4 1
v 5 2
v 6 3
v 7 3
v 8 3
v 9 3
v 10 3
v 11 3
v 12 3
v 13 3
v 14 3
v 15 3
v 16 3
v 17 3
v 18 3
v 19 3
v 20 4
v 21 4
v 22 4
v 23 4
v 24 4
v 25 4
v 26 4
v 27 4
v 28 4
v 29 4
v 30 4
v 31 4
v 32 4
e 1 8 2
e 2 9 2
e 3 10 2
e 4 12 2
e 5 7 1
e 5 8 1
e 5 10 1
e 6 8 1
e 6 9 1
e 6 12 1
e 6 20 1
e 7 11 1
e 7 14 2
e 9 10 1
e 11 13 2
e 11 15 1
e 12 18 1
e 13 16 1
e 13 19 1
e 14 17 1
e 14 21 1
e 15 22 1
e 15 23 1
e 15 24 1
e 16 17 2
e 16 25 1
e 17 26 1
e 18 27 1
e 18 28 1
e 18 29 1
e 19 30 1
e 19 31 1
e 19 32 1
t # 2442
v 0 12
v 1 12
v 2 19
v 3 1
v 4 1
v 5 1
v 6 1
v 7 2
v 8 3
v 9 3
v 10 3
v 11 3
v 12 3
v 13 3
v 14 3
v 15 3
v 16 3
v 17 3
v 18 3
v 19 3
v 20 4
v 21 4
v 22 4
v 23 4
v 24 4
v 25 4
v 26 4
e 0 17 1
e 1 19 1
e 3 9 2
e 4 10 2
e 5 11 2
e 6 13 2
e 7 9 1
e 7 11 1
e 7 12 1
e 8 9 1
e 8 10 1
e 8 13 1
e 8 20 1
e 10 11 1
e 12 14 2
e 12 15 1
e 13 16 1
e 14 17 1
e 14 21 1
e 15 18 2
e 15 22 1
e 16 23 1
e 16 24 1
e 16 25 1
e 17 19 2
e 18 19 1
e 18 26 1
t # 2443
v 0 18
v 1 19
v 2 1
v 3 1
v 4 1
v 5 1
v 6 2
v 7 3
v 8 3
v 9 3
v 10 3
v 11 3
v 12 3
v 13 3
v 14 3
v 15 3
v 16 3
v 17 3
v 18 3
v 19 4
v 20 4
v 21 4
v 22 4
v 23 4
v 24 4
v 25 4
v 26 4
e 2 8 2
e 3 9 2
e 4 10 2
e 5 12 2
e 6 8 1
e 6 10 1
e 6 11 1
e 7 8 1
e 7 9 1
e 7 12 1
e 7 19 1
e 9 10 1
e 11 13 2
e 11 14 1
e 12 15 1
e 13 16 1
e 13 20 1
e 14 17 2
e 14 21 1
e 15 22 1
e 15 23 1
e 15 24 1
e 16 18 2
e 16 25 1
e 17 18 1
e 17 26 1
t # 2444
v 0 19
v 1 1
v 2 1
v 3 1
v 4 1
v 5 1
v 6 1
v 7 2
v 8 2
v 9 3
v 10 3
v 11 3
v 12 3
v 13 3
v 14 3
v 15 3
v 16 3
v 17 3
v 18 3
v 19 3
v 20 3
v 21 4
v 22 4
v 23 4
v 24 4
v 25 4
v 26 4
v 27 4
v 28 4
e 1 10 2
e 2 11 2
e 3 12 2
e 4 14 2
e 7 10 1
e 7 12 1
e 7 13 1
e 8 18 1
e 9 10 1
e 9 11 1
e 9 14 1
e 9 21 1
e 11 12 1
e 13 15 2
e 13 16 1
e 14 17 1
e 15 18 1
e 15 22 1
e 16 19 2
e 16 23 1
e 17 24 1
e 17 25 1
e 17 26 1
e 18 20 2
e 19 20 1
e 19 27 1
e 20 28 1
t # 2445
v 0 19
v 1 1
v 2 1
v 3 1
v 4 1
v 5 1
v 6 1
v 7 1
v 8 1
v 9 2
v 10 2
v 11 2
v 12 3
v 13 3
v 14 3
v 15 3
v 16 3
v 17 3
v 18 3
v 19 3
v 20 3
v 21 3
v 22 3
v 23 3
v 24 4
v 25 4
v 26 4
v 27 4
v 28 4
v 29 4
v 30 4
e 1 13 2
e 2 14 2
e 3 16 2
e 4 17 2
e 9 13 1
e 9 15 1
e 9 16 1
e 10 18 1
e 11 22 1
e 12 13 1
e 12 14 1
e 12 17 1
e 12 24 1
e 14 16 1
e 15 18 2
e 15 19 1
e 17 23 1
e 18 20 1
e 19 21 2
e 19 25 1
e 20 22 2
e 20 26 1
e 21 22 1
e 21 27 1
e 23 28 1
e 23 29 1
e 23 30 1
t # 2446
v 0 12
v 1 19
v 2 1
v 3 1
v 4 1
v 5 1
v 6 1
v 7 1
v 8 2
v 9 2
v 10 3
v 11 3
v 12 3
v 13 3
v 14 3
v 15 3
v 16 3
v 17 3
v 18 3
v 19 3
v 20 3
v 21 3
v 22 4
v 23 4
v 24 4
v 25 4
v 26 4
v 27 4
v 28 4
e 0 16 1
e 2 11 2
e 3 12 2
e 4 13 2
e 5 15 2
e 8 11 1
e 8 13 1
e 8 14 1
e 9 21 1
e 10 11 1
e 10 12 1
e 10 15 1
e 10 22 1
e 12 13 1
e 14 16 2
e 14 17 1
e 15 18 1
e 16 19 1
e 17 20 2
e 17 23 1
e 18 24 1
e 18 25 1
e 18 26 1
e 19 21 2
e 19 27 1
e 20 21 1
e 20 28 1
t # 2447
v 0 19
v 1 1
v 2 1
v 3 1
v 4 1
v 5 1
v 6 1
v 7 2
v 8 2
v 9 3
v 10 3
v 11 3
v 12 3
v 13 3
v 14 3
v 15 3
v 16 3
v 17 3
v 18 3
v 19 3
v 20 3
v 21 4
v 22 4
v 23 4
v 24 4
v 25 4
v 26 4
v 27 4
v 28 4
e 1 10 2
e 2 11 2
e 3 12 2
e 4 14 2
e 7 10 1
e 7 12 1
e 7 13 1
e 8 20 1
e 9 10 1
e 9 11 1
e 9 14 1
e 9 21 1
e 11 12 1
e 13 15 2
e 13 16 1
e 14 17 1
e 15 18 1
e 15 22 1
e 16 19 2
e 16 23 1
e 17 24 1
e 17 25 1
e 17 26 1
e 18 20 2
e 18 27 1
e 19 20 1
e 19 28 1
t # 2448
v 0 19
v 1 1
v 2 1
v 3 1
v 4 1
v 5 2
v 6 3
v 7 3
v 8 3
v 9 3
v 10 3
v 11 3
v 12 3
v 13 3
v 14 3
v 15 3
v 16 3
v 17 3
v 18 4
v 19 4
v 20 4
v 21 4
v 22 4
v 23 4
v 24 4
v 25 4
v 26 4
e 1 7 2
e 2 8 2
e 3 9 2
e 4 11 2
e 5 7 1
e 5 9 1
e 5 10 1
e 6 7 1
e 6 8 1
e 6 11 1
e 6 18 1
e 8 9 1
e 10 12 2
e 10 13 1
e 11 14 1
e 12 15 1
e 12 19 1
e 13 16 2
e 13 20 1
e 14 21 1
e 14 22 1
e 14 23 1
e 15 17 2
e 15 24 1
e 16 17 1
e 16 25 1
e 17 26 1
t # 2449
v 0 19
v 1 1
v 2 1
v 3 2
v 4 2
v 5 3
v 6 3
v 7 3
v 8 3
v 9 3
v 10 3
v 11 3
v 12 3
v 13 3
v 14 3
v 15 3
v 16 4
v 17 4
v 18 4
v 19 4
v 20 4
v 21 4
v 22 4
v 23 4
v 24 4
v 25 4
v 26 4
v 27 4
v 28 4
v 29 4
e 1 9 1
e 1 29 1
e 2 9 2
e 5 3 1
e 3 12 2
e 4 12 1
e 4 14 1
e 4 15 1
e 5 6 1
e 5 9 1
e 5 16 1
e 6 7 2
e 6 8 1
e 7 10 1
e 7 17 1
e 8 11 2
e 8 18 1
e 10 13 2
e 10 19 1
e 11 13 1
e 11 20 1
e 12 21 1
e 13 22 1
e 14 23 1
e 14 24 1
e 14 25 1
e 15 26 1
e 15 27 1
e 15 28 1
t # 2450
v 0 19
v 1 1
v 2 1
v 3 1
v 4 1
v 5 2
v 6 3
v 7 3
v 8 3
v 9 3
v 10 3
v 11 3
v 12 3
v 13 3
v 14 3
v 15 3
v 16 3
v 17 3
v 18 3
v 19 3
v 20 3
v 21 3
v 22 3
v 23 3
v 24 3
v 25 3
v 26 3
v 27 3
v 28 3
v 29 3
v 30 3
v 31 3
v 32 3
v 33 3
v 34 3
v 35 3
v 36 4
v 37 4
v 38 4
v 39 4
v 40 4
v 41 4
v 42 4
v 43 4
v 44 4
v 45 4
v 46 4
v 47 4
v 48 4
v 49 4
v 50 4
v 51 4
v 52 4
v 53 4
v 54 4
v 55 4
v 56 4
v 57 4
v 58 4
v 59 4
v 60 4
v 61 4
v 62 4
v 63 4
v 64 4
v 65 4
v 66 4
v 67 4
v 68 4
v 69 4
v 70 4
v 71 4
v 72 4
e 1 23 2
e 2 24 2
e 3 27 1
e 3 67 1
e 4 27 2
e 5 23 1
e 5 24 1
e 5 30 1
e 6 7 1
e 6 10 1
e 6 14 1
e 6 18 1
e 7 8 1
e 7 12 1
e 7 36 1
e 8 9 1
e 8 17 1
e 8 20 1
e 9 15 1
e 9 16 1
e 9 37 1
e 10 13 1
e 10 23 1
e 10 38 1
e 11 12 1
e 11 13 1
e 11 19 1
e 11 39 1
e 12 40 1
e 12 41 1
e 13 24 1
e 13 42 1
e 14 15 1
e 14 43 1
e 14 44 1
e 15 45 1
e 15 46 1
e 16 21 1
e 16 26 1
e 16 27 1
e 17 22 1
e 17 47 1
e 17 48 1
e 18 19 2
e 18 49 1
e 19 25 1
e 20 50 1
e 20 51 1
e 20 52 1
e 21 22 1
e 21 53 1
e 21 54 1
e 22 55 1
e 22 56 1
e 25 28 1
e 25 29 1
e 25 57 1
e 26 58 1
e 26 59 1
e 26 60 1
e 28 61 1
e 28 62 1
e 28 63 1
e 29 64 1
e 29 65 1
e 29 66 1
e 30 31 2
e 30 32 1
e 31 33 1
e 31 68 1
e 32 34 2
e 32 69 1
e 33 35 2
e 33 70 1
e 34 35 1
e 34 71 1
e 35 72 1
t # 2451
v 0 19
v 1 1
v 2 1
v 3 1
v 4 1
v 5 1
v 6 1
v 7 1
v 8 1
v 9 2
v 10 2
v 11 3
v 12 3
v 13 3
v 14 3
v 15 3
v 16 3
v 17 3
v 18 3
v 19 3
v 20 3
v 21 3
v 22 3
v 23 3
v 24 3
v 25 3
v 26 3
v 27 3
v 28 3
v 29 3
v 30 3
v 31 3
v 32 3
v 33 3
v 34 3
v 35 3
v 36 3
v 37 3
v 38 3
v 39 3
v 40 3
v 41 3
v 42 3
v 43 3
v 44 3
v 45 3
v 46 3
v 47 3
v 48 3
v 49 3
v 50 3
v 51 3
v 52 3
v 53 3
v 54 3
v 55 3
v 56 3
v 57 3
v 58 3
v 59 3
v 60 3
v 61 3
v 62 3
v 63 3
v 64 3
v 65 4
v 66 4
v 67 4
v 68 4
v 69 4
v 70 4
v 71 4
v 72 4
v 73 4
v 74 4
v 75 4
v 76 4
v 77 4
v 78 4
v 79 4
v 80 4
v 81 4
v 82 4
v 83 4
v 84 4
v 85 4
v 86 4
v 87 4
v 88 4
v 89 4
v 90 4
v 91 4
v 92 4
v 93 4
v 94 4
v 95 4
v 96 4
v 97 4
v 98 4
v 99 4
v 100 4
v 101 4
v 102 4
v 103 4
v 104 4
v 105 4
v 106 4
v 107 4
v 108 4
v 109 4
v 110 4
v 111 4
v 112 4
v 113 4
v 114 4
v 115 4
v 116 4
v 117 4
v 118 4
v 119 4
v 120 4
v 121 4
v 122 4
v 123 4
v 124 4
v 125 4
v 126 4
v 127 4
v 128 4
v 129 4
v 130 4
v 131 4
v 132 4
e 1 41 2
e 2 42 2
e 3 47 2
e 4 48 2
e 5 53 1
e 5 129 1
e 6 54 1
e 6 130 1
e 7 53 2
e 8 54 2
e 9 41 1
e 9 47 1
e 9 55 1
e 10 42 1
e 10 48 1
e 10 56 1
e 11 13 1
e 11 17 1
e 11 27 1
e 11 33 1
e 12 14 1
e 12 18 1
e 12 28 1
e 12 34 1
e 13 15 1
e 13 23 1
e 13 65 1
e 14 16 1
e 14 24 1
e 14 66 1
e 15 19 1
e 15 35 1
e 15 39 1
e 16 20 1
e 16 36 1
e 16 40 1
e 17 25 1
e 17 41 1
e 17 67 1
e 18 26 1
e 18 42 1
e 18 68 1
e 19 29 1
e 19 31 1
e 19 69 1
e 20 30 1
e 20 32 1
e 20 70 1
e 21 23 1
e 21 25 1
e 21 37 1
e 21 71 1
e 22 24 1
e 22 26 1
e 22 38 1
e 22 72 1
e 23 73 1
e 23 74 1
e 24 75 1
e 24 76 1
e 25 47 1
e 25 77 1
e 26 48 1
e 26 78 1
e 27 29 1
e 27 79 1
e 27 80 1
e 28 30 1
e 28 81 1
e 28 82 1
e 29 83 1
e 29 84 1
e 30 85 1
e 30 86 1
e 31 43 1
e 31 51 1
e 31 53 1
e 32 44 1
e 32 52 1
e 32 54 1
e 33 37 2
e 33 87 1
e 34 38 2
e 34 88 1
e 35 45 1
e 35 89 1
e 35 90 1
e 36 46 1
e 36 91 1
e 36 92 1
e 37 49 1
e 38 50 1
e 39 93 1
e 39 94 1
e 39 95 1
e 40 96 1
e 40 97 1
e 40 98 1
e 43 45 1
e 43 99 1
e 43 100 1
e 44 46 1
e 44 101 1
e 44 102 1
e 45 103 1
e 45 104 1
e 46 105 1
e 46 106 1
e 49 57 1
e 49 58 1
e 49 107 1
e 50 59 1
e 50 60 1
e 50 108 1
e 51 109 1
e 51 110 1
e 51 111 1
e 52 112 1
e 52 113 1
e 52 114 1
e 55 56 1
e 55 61 2
e 56 62 2
e 57 115 1
e 57 116 1
e 57 117 1
e 58 118 1
e 58 119 1
e 58 120 1
e 59 121 1
e 59 122 1
e 59 123 1
e 60 124 1
e 60 125 1
e 60 126 1
e 61 63 1
e 61 127 1
e 62 64 1
e 62 128 1
e 63 64 2
e 63 131 1
e 64 132 1
t # 2452
v 0 19
v 1 1
v 2 1
v 3 1
v 4 1
v 5 1
v 6 1
v 7 1
v 8 1
v 9 2
v 10 2
v 11 3
v 12 3
v 13 3
v 14 3
v 15 3
v 16 3
v 17 3
v 18 3
v 19 3
v 20 3
v 21 3
v 22 3
v 23 3
v 24 3
v 25 3
v 26 3
v 27 3
v 28 3
v 29 3
v 30 3
v 31 3
v 32 3
v 33 3
v 34 3
v 35 3
v 36 3
v 37 3
v 38 3
v 39 3
v 40 3
v 41 3
v 42 3
v 43 3
v 44 3
v 45 3
v 46 3
v 47 3
v 48 3
v 49 3
v 50 3
v 51 3
v 52 3
v 53 3
v 54 3
v 55 3
v 56 3
v 57 3
v 58 3
v 59 3
v 60 3
v 61 3
v 62 3
v 63 3
v 64 3
v 65 3
v 66 3
v 67 3
v 68 3
v 69 3
v 70 3
v 71 3
v 72 4
v 73 4
v 74 4
v 75 4
v 76 4
v 77 4
v 78 4
v 79 4
v 80 4
v 81 4
v 82 4
v 83 4
v 84 4
v 85 4
v 86 4
v 87 4
v 88 4
v 89 4
v 90 4
v 91 4
v 92 4
v 93 4
v 94 4
v 95 4
v 96 4
v 97 4
v 98 4
v 99 4
v 100 4
v 101 4
v 102 4
v 103 4
v 104 4
v 105 4
v 106 4
v 107 4
v 108 4
v 109 4
v 110 4
v 111 4
v 112 4
v 113 4
v 114 4
v 115 4
v 116 4
v 117 4
v 118 4
v 119 4
v 120 4
v 121 4
v 122 4
v 123 4
v 124 4
v 125 4
v 126 4
v 127 4
v 128 4
v 129 4
v 130 4
v 131 4
v 132 4
v 133 4
v 134 4
v 135 4
v 136 4
v 137 4
v 138 4
v 139 4
v 140 4
v 141 4
v 142 4
v 143 4
v 144 4
v 145 4
e 1 45 2
e 2 46 2
e 3 47 2
e 4 48 2
e 5 53 1
e 5 134 1
e 6 54 1
e 6 135 1
e 7 53 2
e 8 54 2
e 9 45 1
e 9 47 1
e 9 59 1
e 10 46 1
e 10 48 1
e 10 60 1
e 11 13 1
e 11 19 1
e 11 27 1
e 11 35 1
e 12 14 1
e 12 20 1
e 12 28 1
e 12 36 1
e 13 15 1
e 13 23 1
e 13 72 1
e 14 16 1
e 14 24 1
e 14 73 1
e 15 17 1
e 15 33 1
e 15 39 1
e 16 18 1
e 16 34 1
e 16 40 1
e 17 29 1
e 17 31 1
e 17 74 1
e 18 30 1
e 18 32 1
e 18 75 1
e 19 25 1
e 19 45 1
e 19 76 1
e 20 26 1
e 20 46 1
e 20 77 1
e 21 23 1
e 21 25 1
e 21 37 1
e 21 78 1
e 22 24 1
e 22 26 1
e 22 38 1
e 22 79 1
e 23 80 1
e 23 81 1
e 24 82 1
e 24 83 1
e 25 47 1
e 25 84 1
e 26 48 1
e 26 85 1
e 27 29 1
e 27 86 1
e 27 87 1
e 28 30 1
e 28 88 1
e 28 89 1
e 29 90 1
e 29 91 1
e 30 92 1
e 30 93 1
e 31 41 1
e 31 51 1
e 31 53 1
e 32 42 1
e 32 52 1
e 32 54 1
e 33 43 1
e 33 94 1
e 33 95 1
e 34 44 1
e 34 96 1
e 34 97 1
e 35 37 2
e 35 98 1
e 36 38 2
e 36 99 1
e 37 49 1
e 38 50 1
e 39 100 1
e 39 101 1
e 39 102 1
e 40 103 1
e 40 104 1
e 40 105 1
e 41 43 1
e 41 106 1
e 41 107 1
e 42 44 1
e 42 108 1
e 42 109 1
e 43 110 1
e 43 111 1
e 44 112 1
e 44 113 1
e 49 55 1
e 49 56 1
e 49 114 1
e 50 57 1
e 50 58 1
e 50 115 1
e 51 116 1
e 51 117 1
e 51 118 1
e 52 119 1
e 52 120 1
e 52 121 1
e 55 122 1
e 55 123 1
e 55 124 1
e 56 125 1
e 56 126 1
e 56 127 1
e 57 128 1
e 57 129 1
e 57 130 1
e 58 131 1
e 58 132 1
e 58 133 1
e 59 61 2
e 59 62 1
e 60 63 2
e 60 64 1
e 61 65 1
e 61 136 1
e 62 66 2
e 62 137 1
e 63 67 1
e 63 138 1
e 64 68 2
e 64 139 1
e 65 69 2
e 65 140 1
e 66 69 1
e 66 141 1
e 67 70 2
e 67 142 1
e 68 70 1
e 68 143 1
e 69 71 1
e 70 71 1
e 71 144 1
e 71 145 1
t # 2453
v 0 11
v 1 11
v 2 19
v 3 1
v 4 1
v 5 1
v 6 1
v 7 1
v 8 1
v 9 1
v 10 1
v 11 1
v 12 1
v 13 2
v 14 2
v 15 2
v 16 2
v 17 2
v 18 3
v 19 3
v 20 3
v 21 3
v 22 3
v 23 3
v 24 3
v 25 3
v 26 3
v 27 3
v 28 3
v 29 3
v 30 3
v 31 3
v 32 3
v 33 3
v 34 3
v 35 3
v 36 3
v 37 3
v 38 3
v 39 3
v 40 4
v 41 4
v 42 4
v 43 4
v 44 4
v 45 4
v 46 4
v 47 4
v 48 4
v 49 4
v 50 4
v 51 4
v 52 4
v 53 4
v 54 4
v 55 4
v 56 4
v 57 4
v 58 4
e 0 5 2
e 0 6 2
e 0 21 1
e 1 8 2
e 1 9 2
e 1 24 1
e 3 57 1
e 4 30 2
e 7 58 1
e 10 35 2
e 13 20 1
e 13 30 1
e 13 44 1
e 14 27 1
e 14 32 1
e 14 34 1
e 15 29 1
e 15 35 1
e 15 48 1
e 16 33 1
e 16 37 1
e 16 39 1
e 17 38 1
e 18 19 1
e 18 21 2
e 18 22 1
e 19 20 2
e 19 23 1
e 20 25 1
e 21 26 1
e 22 24 2
e 22 40 1
e 23 28 2
e 23 41 1
e 24 28 1
e 25 26 2
e 25 42 1
e 26 43 1
e 27 30 1
e 27 31 2
e 28 45 1
e 29 31 1
e 29 32 2
e 31 46 1
e 32 47 1
e 33 35 1
e 33 36 2
e 34 49 1
e 34 50 1
e 34 51 1
e 36 38 1
e 36 52 1
e 37 38 2
e 37 53 1
e 39 54 1
e 39 55 1
e 39 56 1
t # 2454
v 0 11
v 1 11
v 2 19
v 3 1
v 4 1
v 5 1
v 6 1
v 7 1
v 8 1
v 9 1
v 10 1
v 11 1
v 12 2
v 13 2
v 14 2
v 15 3
v 16 3
v 17 3
v 18 3
v 19 3
v 20 3
v 21 3
v 22 3
v 23 3
v 24 3
v 25 3
v 26 3
v 27 3
v 28 3
v 29 3
v 30 3
v 31 4
v 32 4
v 33 4
v 34 4
v 35 4
v 36 4
v 37 4
v 38 4
v 39 4
v 40 4
v 41 4
v 42 4
v 43 4
e 0 4 2
e 0 5 2
e 0 18 1
e 1 8 2
e 1 9 2
e 1 20 1
e 3 42 1
e 6 43 1
e 7 26 2
e 12 17 1
e 12 26 1
e 12 36 1
e 13 25 1
e 13 28 1
e 13 30 1
e 14 29 1
e 15 16 1
e 15 18 2
e 15 19 1
e 16 17 2
e 16 21 1
e 17 22 1
e 18 23 1
e 19 20 2
e 19 31 1
e 20 24 1
e 21 24 2
e 21 32 1
e 22 23 2
e 22 33 1
e 23 34 1
e 24 35 1
e 25 26 1
e 25 27 2
e 27 29 1
e 27 37 1
e 28 29 2
e 28 38 1
e 30 39 1
e 30 40 1
e 30 41 1
t # 2455
v 0 12
v 1 12
v 2 11
v 3 11
v 4 19
v 5 1
v 6 1
v 7 1
v 8 1
v 9 2
v 10 2
v 11 2
v 12 3
v 13 3
v 14 3
v 15 3
v 16 3
v 17 3
v 18 3
v 19 3
v 20 3
v 21 3
v 22 3
v 23 3
v 24 3
v 25 3
v 26 3
v 27 3
v 28 3
v 29 3
v 30 4
v 31 4
v 32 4
v 33 4
v 34 4
v 35 4
v 36 4
v 37 4
v 38 4
v 39 4
v 40 4
v 41 4
v 42 4
v 43 4
v 44 4
v 45 4
v 46 4
e 0 27 1
e 1 29 1
e 2 13 1
e 2 22 1
e 3 7 2
e 3 8 2
e 3 26 1
e 5 20 2
e 6 46 1
e 9 12 1
e 9 17 1
e 9 21 1
e 10 17 1
e 10 39 1
e 10 40 1
e 12 13 1
e 12 14 1
e 12 16 1
e 13 15 1
e 13 30 1
e 14 18 1
e 14 19 2
e 15 20 1
e 15 31 1
e 15 32 1
e 16 33 1
e 16 34 1
e 16 35 1
e 17 18 2
e 18 25 1
e 19 20 1
e 19 36 1
e 21 23 2
e 21 24 1
e 22 26 1
e 22 37 1
e 22 38 1
e 23 27 1
e 23 41 1
e 24 28 2
e 24 42 1
e 26 43 1
e 26 44 1
e 27 29 2
e 28 29 1
e 28 45 1
t # 2456
v 0 8
v 1 19
v 2 1
v 3 1
v 4 1
v 5 1
v 6 2
v 7 2
v 8 2
v 9 2
v 10 2
v 11 3
v 12 3
v 13 3
v 14 3
v 15 3
v 16 3
v 17 3
v 18 3
v 19 3
v 20 3
v 21 3
v 22 3
v 23 3
v 24 3
v 25 3
v 26 3
v 27 4
v 28 4
v 29 4
v 30 4
v 31 4
v 32 4
v 33 4
v 34 4
v 35 4
v 36 4
v 37 4
v 38 4
v 39 4
v 40 4
v 41 4
v 42 4
v 43 4
v 44 4
v 45 4
v 46 4
e 2 15 1
e 2 38 1
e 3 39 1
e 4 40 1
e 6 14 1
e 6 17 1
e 6 20 1
e 7 20 2
e 7 21 1
e 8 17 2
e 8 26 1
e 9 25 1
e 9 26 2
e 10 25 1
e 10 45 1
e 10 46 1
e 11 12 1
e 11 14 1
e 11 15 1
e 11 27 1
e 12 13 1
e 12 28 1
e 12 29 1
e 13 16 1
e 13 30 1
e 14 31 1
e 14 32 1
e 15 33 1
e 15 34 1
e 16 18 2
e 16 19 1
e 17 21 1
e 18 22 1
e 18 35 1
e 19 23 2
e 19 36 1
e 20 37 1
e 21 25 2
e 22 24 2
e 22 41 1
e 23 24 1
e 23 42 1
e 24 43 1
e 26 44 1
t # 2457
v 0 11
v 1 11
v 2 11
v 3 11
v 4 19
v 5 1
v 6 1
v 7 1
v 8 1
v 9 1
v 10 1
v 11 1
v 12 1
v 13 1
v 14 1
v 15 1
v 16 1
v 17 1
v 18 1
v 19 1
v 20 1
v 21 1
v 22 2
v 23 2
v 24 2
v 25 2
v 26 2
v 27 2
v 28 2
v 29 2
v 30 2
v 31 2
v 32 3
v 33 3
v 34 3
v 35 3
v 36 3
v 37 3
v 38 3
v 39 3
v 40 3
v 41 3
v 42 3
v 43 3
v 44 3
v 45 3
v 46 3
v 47 3
v 48 3
v 49 3
v 50 3
v 51 3
v 52 3
v 53 3
v 54 3
v 55 3
v 56 3
v 57 3
v 58 3
v 59 3
v 60 3
v 61 3
v 62 3
v 63 3
v 64 3
v 65 3
v 66 3
v 67 3
v 68 3
v 69 3
v 70 3
v 71 3
v 72 3
v 73 3
v 74 3
v 75 3
v 76 3
v 77 4
v 78 4
v 79 4
v 80 4
v 81 4
v 82 4
v 83 4
v 84 4
v 85 4
v 86 4
v 87 4
v 88 4
v 89 4
v 90 4
v 91 4
v 92 4
v 93 4
v 94 4
v 95 4
v 96 4
v 97 4
v 98 4
v 99 4
v 100 4
v 101 4
v 102 4
v 103 4
v 104 4
v 105 4
v 106 4
v 107 4
v 108 4
v 109 4
v 110 4
v 111 4
v 112 4
v 113 4
v 114 4
v 115 4
v 116 4
e 0 7 2
e 0 8 2
e 0 38 1
e 1 9 2
e 1 10 2
e 1 39 1
e 2 15 2
e 2 16 2
e 2 42 1
e 3 17 2
e 3 18 2
e 3 43 1
e 5 113 1
e 6 114 1
e 11 115 1
e 12 116 1
e 13 54 2
e 14 55 2
e 19 68 2
e 20 69 2
e 21 76 2
e 22 36 1
e 22 54 1
e 22 85 1
e 23 37 1
e 23 55 1
e 23 86 1
e 24 50 1
e 24 60 1
e 24 64 1
e 25 51 1
e 25 61 1
e 25 65 1
e 26 56 1
e 26 68 1
e 26 93 1
e 27 57 1
e 27 69 1
e 27 94 1
e 28 62 1
e 28 72 1
e 28 74 1
e 29 63 1
e 29 73 1
e 29 75 1
e 30 66 1
e 30 76 1
e 30 105 1
e 31 67 1
e 31 76 1
e 31 106 1
e 32 34 1
e 32 38 2
e 32 40 1
e 33 35 1
e 33 39 2
e 33 41 1
e 34 36 2
e 34 44 1
e 35 37 2
e 35 45 1
e 36 46 1
e 37 47 1
e 38 48 1
e 39 49 1
e 40 42 2
e 40 77 1
e 41 43 2
e 41 78 1
e 42 52 1
e 43 53 1
e 44 52 2
e 44 79 1
e 45 53 2
e 45 80 1
e 46 48 2
e 46 81 1
e 47 49 2
e 47 82 1
e 48 83 1
e 49 84 1
e 50 54 1
e 50 58 2
e 51 55 1
e 51 59 2
e 52 87 1
e 53 88 1
e 56 58 1
e 56 60 2
e 57 59 1
e 57 61 2
e 58 89 1
e 59 90 1
e 60 91 1
e 61 92 1
e 62 68 1
e 62 70 2
e 63 69 1
e 63 71 2
e 64 95 1
e 64 96 1
e 64 97 1
e 65 98 1
e 65 99 1
e 65 100 1
e 66 70 1
e 66 72 2
e 67 71 1
e 67 73 2
e 70 101 1
e 71 102 1
e 72 103 1
e 73 104 1
e 74 107 1
e 74 108 1
e 74 109 1
e 75 110 1
e 75 111 1
e 75 112 1
t # 2458
v 0 11
v 1 11
v 2 8
v 3 19
v 4 1
v 5 1
v 6 2
v 7 3
v 8 3
v 9 3
v 10 3
v 11 3
v 12 3
v 13 3
v 14 3
v 15 3
v 16 3
v 17 3
v 18 3
v 19 3
v 20 4
v 21 4
v 22 4
v 23 4
v 24 4
v 25 4
v 26 4
v 27 4
v 28 4
v 29 4
v 30 4
v 31 4
v 32 4
v 33 4
v 34 4
v 35 4
v 36 4
v 37 4
v 38 4
v 39 4
e 4 7 1
e 5 8 1
e 6 13 1
e 6 22 1
e 7 9 1
e 7 10 1
e 7 20 1
e 8 11 1
e 8 12 1
e 8 21 1
e 9 23 1
e 9 24 1
e 9 25 1
e 10 26 1
e 10 27 1
e 10 28 1
e 11 29 1
e 11 30 1
e 11 31 1
e 12 32 1
e 12 33 1
e 12 34 1
e 13 14 1
e 14 15 2
e 14 16 1
e 15 17 1
e 15 35 1
e 16 18 2
e 16 36 1
e 17 19 2
e 17 37 1
e 18 19 1
e 18 38 1
e 19 39 1
t # 2459
v 0 31
v 1 1
v 2 1
v 3 1
v 4 1
v 5 2
v 6 3
v 7 3
v 8 3
v 9 3
v 10 3
v 11 4
v 12 4
v 13 4
v 14 4
v 15 4
v 16 4
v 17 4
v 18 4
v 19 4
v 20 4
v 21 4
v 22 4
v 23 4
e 1 8 1
e 2 9 1
e 3 22 1
e 4 23 1
e 5 6 1
e 5 7 1
e 5 10 1
e 6 8 1
e 6 11 1
e 6 12 1
e 7 9 1
e 7 13 1
e 7 14 1
e 8 15 1
e 8 16 1
e 9 17 1
e 9 18 1
e 10 19 1
e 10 20 1
e 10 21 1
t # 2460
v 0 31
v 1 11
v 2 11
v 3 11
v 4 11
v 5 1
v 6 1
v 7 3
v 8 3
v 9 3
v 10 3
v 11 3
v 12 3
v 13 3
v 14 3
v 15 4
v 16 4
v 17 4
v 18 4
v 19 4
v 20 4
v 21 4
v 22 4
v 23 4
v 24 4
v 25 4
v 26 4
v 27 4
v 28 4
v 29 4
v 30 4
e 1 7 1
e 2 8 1
e 3 9 1
e 4 10 1
e 5 11 1
e 5 12 1
e 6 13 1
e 6 14 1
e 7 11 1
e 7 15 1
e 7 16 1
e 8 12 1
e 8 17 1
e 8 18 1
e 9 13 1
e 9 19 1
e 9 20 1
e 10 14 1
e 10 21 1
e 10 22 1
e 11 23 1
e 11 24 1
e 12 25 1
e 12 26 1
e 13 27 1
e 13 28 1
e 14 29 1
e 14 30 1
t # 2461
v 0 31
v 1 11
v 2 11
v 3 11
v 4 11
v 5 11
v 6 11
v 7 3
v 8 3
v 9 3
v 10 3
v 11 3
v 12 3
v 13 3
v 14 3
v 15 4
v 16 4
v 17 4
v 18 4
v 19 4
v 20 4
v 21 4
v 22 4
v 23 4
v 24 4
v 25 4
v 26 4
v 27 4
v 28 4
v 29 4
v 30 4
e 1 7 1
e 2 8 1
e 3 9 1
e 4 10 1
e 5 11 1
e 5 12 1
e 6 13 1
e 6 14 1
e 7 11 1
e 7 15 1
e 7 16 1
e 8 12 1
e 8 17 1
e 8 18 1
e 9 13 1
e 9 19 1
e 9 20 1
e 10 14 1
e 10 21 1
e 10 22 1
e 11 23 1
e 11 24 1
e 12 25 1
e 12 26 1
e 13 27 1
e 13 28 1
e 14 29 1
e 14 30 1
t # 2462
v 0 19
v 1 1
v 2 1
v 3 2
v 4 2
v 5 3
v 6 3
v 7 3
v 8 3
v 9 3
v 10 3
v 11 3
v 12 3
v 13 3
v 14 3
v 15 3
v 16 3
v 17 3
v 18 3
v 19 3
v 20 3
v 21 4
v 22 4
v 23 4
v 24 4
v 25 4
v 26 4
v 27 4
v 28 4
v 29 4
v 30 4
v 31 4
v 32 4
v 33 4
v 34 4
v 35 4
v 36 4
v 37 4
v 38 4
v 39 4
v 40 4
v 41 4
v 42 4
e 1 17 1
e 1 42 1
e 2 19 2
e 3 5 1
e 3 15 1
e 3 36 1
e 4 19 1
e 4 20 1
e 4 41 1
e 5 9 1
e 5 10 1
e 5 11 1
e 6 9 1
e 6 12 1
e 6 13 1
e 6 21 1
e 7 10 1
e 7 12 1
e 7 14 1
e 7 22 1
e 8 11 1
e 8 13 1
e 8 14 1
e 8 23 1
e 9 24 1
e 9 25 1
e 10 26 1
e 10 27 1
e 11 28 1
e 11 29 1
e 12 30 1
e 12 31 1
e 13 32 1
e 13 33 1
e 14 34 1
e 14 35 1
e 15 16 1
e 15 37 1
e 15 38 1
e 16 17 2
e 16 18 1
e 17 19 1
e 18 20 2
e 18 39 1
e 20 40 1
t # 2463
v 0 19
v 1 1
v 2 1
v 3 1
v 4 1
v 5 2
v 6 3
v 7 3
v 8 3
v 9 3
v 10 3
v 11 3
v 12 3
v 13 3
v 14 3
v 15 3
v 16 3
v 17 3
v 18 3
v 19 3
v 20 3
v 21 3
v 22 3
v 23 3
v 24 4
v 25 4
v 26 4
v 27 4
v 28 4
v 29 4
v 30 4
v 31 4
v 32 4
v 33 4
v 34 4
v 35 4
v 36 4
v 37 4
v 38 4
v 39 4
v 40 4
e 1 6 1
e 1 9 1
e 2 12 2
e 3 23 1
e 3 40 1
e 4 23 2
e 5 10 1
e 5 21 1
e 5 22 1
e 6 7 2
e 6 8 1
e 7 12 1
e 7 14 1
e 8 10 2
e 8 16 1
e 9 11 1
e 9 13 2
e 10 15 1
e 11 12 1
e 11 17 2
e 13 18 1
e 13 19 1
e 14 15 2
e 14 24 1
e 15 25 1
e 16 26 1
e 16 27 1
e 16 28 1
e 17 20 1
e 17 29 1
e 18 23 1
e 18 30 1
e 18 31 1
e 19 20 2
e 19 32 1
e 20 33 1
e 21 34 1
e 21 35 1
e 21 36 1
e 22 37 1
e 22 38 1
e 22 39 1
t # 2464
v 0 8
v 1 19
v 2 1
v 3 1
v 4 1
v 5 1
v 6 1
v 7 1
v 8 1
v 9 1
v 10 2
v 11 3
v 12 3
v 13 3
v 14 3
v 15 3
v 16 3
v 17 3
v 18 3
v 19 3
v 20 3
v 21 3
v 22 3
v 23 4
v 24 4
v 25 4
v 26 4
v 27 4
v 28 4
v 29 4
v 30 4
v 31 4
v 32 4
v 33 4
v 34 4
v 35 4
v 36 4
v 37 4
v 38 4
e 2 13 1
e 2 14 1
e 3 11 1
e 3 29 1
e 4 12 1
e 4 30 1
e 5 15 1
e 6 35 1
e 7 36 1
e 9 22 2
e 10 22 1
e 10 37 1
e 10 38 1
e 11 12 1
e 11 13 1
e 11 23 1
e 12 14 1
e 12 24 1
e 13 15 1
e 13 25 1
e 14 16 1
e 14 26 1
e 15 27 1
e 15 28 1
e 16 17 2
e 16 18 1
e 17 19 1
e 17 31 1
e 18 20 2
e 18 32 1
e 19 21 2
e 19 22 1
e 20 21 1
e 20 33 1
e 21 34 1
t # 2465
v 0 19
v 1 1
v 2 1
v 3 1
v 4 1
v 5 2
v 6 2
v 7 2
v 8 3
v 9 3
v 10 3
v 11 3
v 12 3
v 13 4
v 14 4
v 15 4
v 16 4
v 17 4
e 1 11 1
e 1 16 1
e 2 12 1
e 2 17 1
e 3 11 2
e 4 12 2
e 5 6 1
e 5 8 1
e 5 13 1
e 6 9 1
e 6 14 1
e 7 9 2
e 7 10 1
e 8 10 2
e 8 11 1
e 9 12 1
e 10 15 1
t # 2466
v 0 19
v 1 1
v 2 1
v 3 1
v 4 1
v 5 1
v 6 1
v 7 1
v 8 3
v 9 3
v 10 3
v 11 3
v 12 3
v 13 3
v 14 3
v 15 3
v 16 3
v 17 3
v 18 3
v 19 3
v 20 3
v 21 3
v 22 3
v 23 3
v 24 3
v 25 3
v 26 3
v 27 3
v 28 4
v 29 4
v 30 4
v 31 4
v 32 4
v 33 4
v 34 4
v 35 4
v 36 4
v 37 4
v 38 4
v 39 4
v 40 4
v 41 4
v 42 4
v 43 4
v 44 4
v 45 4
v 46 4
v 47 4
v 48 4
v 49 4
e 1 12 1
e 1 23 1
e 2 13 1
e 2 24 1
e 3 14 1
e 3 25 1
e 4 18 1
e 4 22 1
e 5 20 1
e 5 26 1
e 6 27 1
e 6 49 1
e 7 27 2
e 8 10 2
e 8 11 1
e 8 15 1
e 9 16 1
e 9 17 2
e 9 19 1
e 10 13 1
e 10 28 1
e 11 12 2
e 11 29 1
e 12 14 1
e 13 14 2
e 15 16 2
e 15 30 1
e 16 31 1
e 17 18 1
e 17 32 1
e 18 20 2
e 19 21 2
e 19 33 1
e 20 21 1
e 21 34 1
e 22 27 1
e 22 35 1
e 22 36 1
e 23 37 1
e 23 38 1
e 23 39 1
e 24 40 1
e 24 41 1
e 24 42 1
e 25 43 1
e 25 44 1
e 25 45 1
e 26 46 1
e 26 47 1
e 26 48 1
t # 2467
v 0 8
v 1 19
v 2 1
v 3 1
v 4 1
v 5 1
v 6 1
v 7 1
v 8 1
v 9 1
v 10 3
v 11 3
v 12 3
v 13 3
v 14 3
v 15 3
v 16 3
v 17 3
v 18 3
v 19 3
v 20 3
v 21 3
v 22 3
v 23 3
v 24 3
v 25 3
v 26 3
v 27 3
v 28 4
v 29 4
v 30 4
v 31 4
v 32 4
v 33 4
v 34 4
v 35 4
v 36 4
v 37 4
v 38 4
v 39 4
v 40 4
v 41 4
v 42 4
v 43 4
v 44 4
v 45 4
v 46 4
v 47 4
v 48 4
e 2 14 1
e 2 24 1
e 3 15 1
e 3 25 1
e 4 16 1
e 4 26 1
e 5 20 1
e 6 22 1
e 6 27 1
e 7 47 1
e 8 48 1
e 10 12 2
e 10 13 1
e 10 17 1
e 11 18 1
e 11 19 2
e 11 21 1
e 12 15 1
e 12 28 1
e 13 14 2
e 13 29 1
e 14 16 1
e 15 16 2
e 17 18 2
e 17 30 1
e 18 31 1
e 19 20 1
e 19 32 1
e 20 22 2
e 21 23 2
e 21 33 1
e 22 23 1
e 23 34 1
e 24 35 1
e 24 36 1
e 24 37 1
e 25 38 1
e 25 39 1
e 25 40 1
e 26 41 1
e 26 42 1
e 26 43 1
e 27 44 1
e 27 45 1
e 27 46 1
t # 2468
v 0 19
v 1 1
v 2 1
v 3 2
v 4 3
v 5 3
v 6 3
v 7 3
v 8 3
v 9 3
v 10 3
v 11 3
v 12 3
v 13 3
v 14 3
v 15 4
v 16 4
v 17 4
v 18 4
v 19 4
v 20 4
v 21 4
v 22 4
v 23 4
v 24 4
v 25 4
v 26 4
v 27 4
e 1 14 1
e 1 27 1
e 2 14 2
e 3 4 1
e 3 10 1
e 3 11 1
e 4 5 2
e 4 6 1
e 5 8 1
e 5 15 1
e 6 9 2
e 6 16 1
e 7 8 2
e 7 9 1
e 7 12 1
e 8 17 1
e 9 18 1
e 10 19 1
e 10 20 1
e 10 21 1
e 11 22 1
e 11 23 1
e 11 24 1
e 12 13 2
e 12 25 1
e 13 14 1
e 13 26 1
t # 2469
v 0 8
v 1 1
v 2 1
v 3 1
v 4 3
v 5 3
v 6 3
v 7 3
v 8 3
v 9 3
v 10 3
v 11 3
v 12 3
v 13 3
v 14 3
v 15 3
v 16 3
v 17 3
v 18 3
v 19 3
v 20 3
v 21 3
v 22 3
v 23 3
v 24 3
v 25 3
v 26 3
v 27 4
v 28 4
v 29 4
v 30 4
v 31 4
v 32 4
v 33 4
v 34 4
v 35 4
v 36 4
v 37 4
v 38 4
v 39 4
v 40 4
v 41 4
v 42 4
v 43 4
v 44 4
v 45 4
v 46 4
v 47 4
v 48 4
v 49 4
v 50 4
v 51 4
v 52 4
v 53 4
v 54 4
v 55 4
v 56 4
e 1 11 1
e 2 12 1
e 4 6 1
e 4 13 1
e 4 14 1
e 4 15 1
e 5 7 1
e 5 16 1
e 5 17 1
e 5 18 1
e 6 11 1
e 6 19 2
e 7 12 1
e 7 20 2
e 8 9 1
e 8 10 1
e 8 27 1
e 8 28 1
e 9 11 2
e 9 21 1
e 10 12 2
e 10 22 1
e 13 29 1
e 13 30 1
e 13 31 1
e 14 32 1
e 14 33 1
e 14 34 1
e 15 35 1
e 15 36 1
e 15 37 1
e 16 38 1
e 16 39 1
e 16 40 1
e 17 41 1
e 17 42 1
e 17 43 1
e 18 44 1
e 18 45 1
e 18 46 1
e 19 23 1
e 19 47 1
e 20 24 1
e 20 48 1
e 21 23 2
e 21 49 1
e 22 24 2
e 22 50 1
e 23 25 1
e 24 26 1
e 25 51 1
e 25 52 1
e 25 53 1
e 26 54 1
e 26 55 1
e 26 56 1
t # 2470
v 0 8
v 1 8
v 2 19
v 3 1
v 4 1
v 5 1
v 6 1
v 7 1
v 8 1
v 9 1
v 10 3
v 11 3
v 12 3
v 13 3
v 14 3
v 15 3
v 16 3
v 17 3
v 18 3
v 19 3
v 20 3
v 21 3
v 22 3
v 23 3
v 24 3
v 25 4
v 26 4
v 27 4
v 28 4
v 29 4
v 30 4
v 31 4
v 32 4
v 33 4
v 34 4
v 35 4
v 36 4
v 37 4
v 38 4
v 39 4
v 40 4
v 41 4
v 42 4
v 43 4
v 44 4
v 45 4
v 46 4
v 47 4
v 48 4
e 3 14 2
e 4 45 1
e 5 46 1
e 6 47 1
e 7 48 1
e 10 12 1
e 10 18 1
e 10 19 1
e 10 20 1
e 11 13 1
e 11 21 1
e 11 22 1
e 11 23 1
e 12 14 1
e 12 16 2
e 13 14 1
e 13 17 2
e 15 16 1
e 15 17 1
e 15 24 2
e 16 25 1
e 17 26 1
e 18 27 1
e 18 28 1
e 18 29 1
e 19 30 1
e 19 31 1
e 19 32 1
e 20 33 1
e 20 34 1
e 20 35 1
e 21 36 1
e 21 37 1
e 21 38 1
e 22 39 1
e 22 40 1
e 22 41 1
e 23 42 1
e 23 43 1
e 23 44 1
t # 2471
v 0 8
v 1 8
v 2 8
v 3 19
v 4 1
v 5 1
v 6 1
v 7 1
v 8 1
v 9 1
v 10 1
v 11 1
v 12 1
v 13 1
v 14 3
v 15 3
v 16 3
v 17 3
v 18 3
v 19 3
v 20 3
v 21 3
v 22 3
v 23 3
v 24 3
v 25 3
v 26 3
v 27 3
v 28 3
v 29 4
v 30 4
v 31 4
v 32 4
v 33 4
v 34 4
v 35 4
v 36 4
v 37 4
v 38 4
v 39 4
v 40 4
v 41 4
v 42 4
v 43 4
v 44 4
v 45 4
v 46 4
v 47 4
v 48 4
v 49 4
v 50 4
v 51 4
v 52 4
v 53 4
v 54 4
v 55 4
e 4 49 1
e 5 50 1
e 6 51 1
e 7 52 1
e 8 53 1
e 9 54 1
e 10 22 1
e 10 55 1
e 14 15 1
e 15 20 2
e 15 21 1
e 16 18 1
e 16 23 1
e 16 24 1
e 16 25 1
e 17 19 1
e 17 26 1
e 17 27 1
e 17 28 1
e 18 21 2
e 18 22 1
e 19 20 1
e 19 22 2
e 20 29 1
e 21 30 1
e 23 31 1
e 23 32 1
e 23 33 1
e 24 34 1
e 24 35 1
e 24 36 1
e 25 37 1
e 25 38 1
e 25 39 1
e 26 40 1
e 26 41 1
e 26 42 1
e 27 43 1
e 27 44 1
e 27 45 1
e 28 46 1
e 28 47 1
e 28 48 1
t # 2472
v 0 8
v 1 8
v 2 19
v 3 1
v 4 1
v 5 1
v 6 1
v 7 1
v 8 1
v 9 1
v 10 3
v 11 3
v 12 3
v 13 3
v 14 3
v 15 3
v 16 3
v 17 3
v 18 3
v 19 3
v 20 3
v 21 3
v 22 3
v 23 3
v 24 3
v 25 4
v 26 4
v 27 4
v 28 4
v 29 4
v 30 4
v 31 4
v 32 4
v 33 4
v 34 4
v 35 4
v 36 4
v 37 4
v 38 4
v 39 4
v 40 4
v 41 4
v 42 4
v 43 4
v 44 4
v 45 4
v 46 4
v 47 4
v 48 4
v 49 4
v 50 4
e 3 15 1
e 3 46 1
e 4 47 1
e 5 48 1
e 6 49 1
e 7 50 1
e 10 12 1
e 10 19 1
e 10 20 1
e 10 21 1
e 11 13 1
e 11 22 1
e 11 23 1
e 11 24 1
e 12 15 2
e 12 17 1
e 13 15 1
e 13 18 2
e 14 16 1
e 14 17 2
e 14 18 1
e 16 25 1
e 17 26 1
e 18 27 1
e 19 28 1
e 19 29 1
e 19 30 1
e 20 31 1
e 20 32 1
e 20 33 1
e 21 34 1
e 21 35 1
e 21 36 1
e 22 37 1
e 22 38 1
e 22 39 1
e 23 40 1
e 23 41 1
e 23 42 1
e 24 43 1
e 24 44 1
e 24 45 1
t # 2473
v 0 19
v 1 1
v 2 1
v 3 1
v 4 1
v 5 1
v 6 2
v 7 2
v 8 3
v 9 3
v 10 3
v 11 3
v 12 3
v 13 3
v 14 3
v 15 3
v 16 3
v 17 3
v 18 3
v 19 4
v 20 4
v 21 4
v 22 4
v 23 4
v 24 4
v 25 4
v 26 4
e 1 13 2
e 2 18 1
e 2 26 1
e 3 18 2
e 6 8 1
e 6 10 1
e 6 12 1
e 7 15 1
e 8 9 2
e 8 11 1
e 9 13 1
e 9 14 1
e 10 18 1
e 10 19 1
e 10 20 1
e 11 15 2
e 11 21 1
e 12 16 2
e 12 22 1
e 13 16 1
e 14 17 2
e 14 23 1
e 15 17 1
e 16 24 1
e 17 25 1
t # 2474
v 0 19
v 1 1
v 2 1
v 3 1
v 4 1
v 5 1
v 6 2
v 7 2
v 8 3
v 9 3
v 10 3
v 11 3
v 12 3
v 13 3
v 14 3
v 15 3
v 16 3
v 17 3
v 18 3
v 19 4
v 20 4
v 21 4
v 22 4
v 23 4
v 24 4
v 25 4
v 26 4
e 1 14 2
e 2 18 1
e 2 26 1
e 3 18 2
e 6 8 1
e 6 10 1
e 6 12 1
e 7 15 1
e 8 9 2
e 8 11 1
e 9 13 1
e 9 14 1
e 10 18 1
e 10 19 1
e 10 20 1
e 11 17 2
e 11 21 1
e 12 16 2
e 12 22 1
e 13 15 2
e 13 23 1
e 14 16 1
e 15 17 1
e 16 24 1
e 17 25 1
t # 2475
v 0 19
v 1 1
v 2 1
v 3 1
v 4 1
v 5 1
v 6 2
v 7 2
v 8 3
v 9 3
v 10 3
v 11 3
v 12 3
v 13 3
v 14 3
v 15 3
v 16 3
v 17 3
v 18 3
v 19 4
v 20 4
v 21 4
v 22 4
v 23 4
v 24 4
v 25 4
v 26 4
e 1 14 2
e 2 18 1
e 2 26 1
e 3 18 2
e 6 8 1
e 6 10 1
e 6 13 1
e 7 11 1
e 8 9 2
e 8 12 1
e 9 11 1
e 9 14 1
e 10 18 1
e 10 19 1
e 10 20 1
e 11 16 2
e 12 17 2
e 12 22 1
e 13 15 2
e 13 21 1
e 14 15 1
e 15 23 1
e 16 17 1
e 16 24 1
e 17 25 1
t # 2476
v 0 19
v 1 1
v 2 1
v 3 1
v 4 1
v 5 1
v 6 2
v 7 2
v 8 3
v 9 3
v 10 3
v 11 3
v 12 3
v 13 3
v 14 3
v 15 3
v 16 3
v 17 3
v 18 3
v 19 4
v 20 4
v 21 4
v 22 4
v 23 4
v 24 4
v 25 4
v 26 4
e 1 12 2
e 2 18 1
e 2 26 1
e 3 18 2
e 6 8 1
e 6 10 1
e 6 11 1
e 7 13 1
e 8 9 1
e 8 14 2
e 9 12 1
e 9 15 2
e 10 18 1
e 10 19 1
e 10 20 1
e 11 13 2
e 11 21 1
e 12 13 1
e 14 16 1
e 14 22 1
e 15 17 1
e 15 23 1
e 16 17 2
e 16 24 1
e 17 25 1
t # 2477
v 0 31
v 1 31
v 2 31
v 3 31
v 4 31
v 5 31
v 6 31
v 7 31
v 8 31
v 9 31
v 10 1
v 11 1
v 12 1
v 13 1
v 14 1
v 15 1
v 16 1
v 17 1
v 18 1
v 19 1
v 20 1
v 21 1
v 22 1
v 23 1
v 24 1
v 25 1
v 26 1
v 27 1
v 28 1
v 29 2
v 30 2
v 31 3
v 32 4
v 33 4
v 34 4
v 35 4
v 36 4
v 37 4
v 38 4
v 39 4
v 40 4
v 41 4
v 42 4
v 43 4
v 44 4
v 45 4
v 46 4
v 47 4
v 48 4
v 49 4
v 50 4
v 51 4
v 52 4
v 53 4
v 54 4
v 55 4
v 56 4
v 57 4
v 58 4
e 10 32 1
e 10 33 1
e 11 34 1
e 11 35 1
e 12 36 1
e 12 37 1
e 13 38 1
e 13 39 1
e 14 40 1
e 14 41 1
e 15 42 1
e 15 43 1
e 18 44 1
e 18 45 1
e 19 46 1
e 19 47 1
e 20 48 1
e 20 49 1
e 21 50 1
e 21 51 1
e 22 52 1
e 22 53 1
e 25 54 1
e 27 58 1
e 28 31 2
e 29 31 1
e 29 55 1
e 30 31 1
e 30 56 1
e 30 57 1
t # 2478
v 0 31
v 1 31
v 2 31
v 3 31
v 4 31
v 5 31
v 6 31
v 7 1
v 8 1
v 9 1
v 10 1
v 11 1
v 12 1
v 13 1
v 14 1
v 15 1
v 16 2
v 17 3
v 18 3
v 19 3
v 20 3
v 21 3
v 22 3
v 23 4
v 24 4
v 25 4
v 26 4
v 27 4
v 28 4
v 29 4
v 30 4
v 31 4
e 12 30 1
e 13 31 1
e 16 21 2
e 16 22 1
e 17 18 2
e 17 19 1
e 17 20 1
e 18 21 1
e 18 23 1
e 19 22 2
e 19 24 1
e 20 25 1
e 20 26 1
e 20 27 1
e 21 28 1
e 22 29 1
t # 2479
v 0 31
v 1 31
v 2 31
v 3 31
v 4 31
v 5 1
v 6 1
v 7 1
v 8 1
v 9 1
v 10 1
v 11 1
v 12 1
v 13 2
v 14 3
v 15 3
v 16 4
v 17 4
v 18 4
v 19 4
v 20 4
v 21 4
v 22 4
e 8 16 1
e 9 17 1
e 12 15 2
e 13 14 1
e 13 15 1
e 13 21 1
e 14 18 1
e 14 19 1
e 14 20 1
e 15 22 1
t # 2480
v 0 31
v 1 31
v 2 31
v 3 31
v 4 1
v 5 1
v 6 1
v 7 1
v 8 1
v 9 1
v 10 2
v 11 3
v 12 3
v 13 3
v 14 3
v 15 3
v 16 3
v 17 4
v 18 4
v 19 4
v 20 4
v 21 4
v 22 4
v 23 4
v 24 4
v 25 4
v 26 4
v 27 4
v 28 4
v 29 4
v 30 4
v 31 4
e 4 30 1
e 5 31 1
e 10 11 1
e 10 28 1
e 10 29 1
e 11 12 1
e 11 13 1
e 11 17 1
e 12 14 1
e 12 18 1
e 12 19 1
e 13 15 1
e 13 20 1
e 13 21 1
e 14 16 1
e 14 22 1
e 14 23 1
e 15 16 1
e 15 24 1
e 15 25 1
e 16 26 1
e 16 27 1
t # 2481
v 0 19
v 1 1
v 2 1
v 3 1
v 4 1
v 5 1
v 6 1
v 7 2
v 8 3
v 9 3
v 10 3
v 11 3
v 12 3
v 13 3
v 14 3
v 15 3
v 16 3
v 17 3
v 18 3
v 19 3
v 20 3
v 21 3
v 22 3
v 23 4
v 24 4
v 25 4
v 26 4
v 27 4
v 28 4
v 29 4
v 30 4
v 31 4
e 1 8 1
e 1 12 1
e 2 13 2
e 3 22 1
e 3 31 1
e 4 22 2
e 7 16 1
e 8 9 1
e 8 10 2
e 9 13 1
e 9 14 2
e 10 15 1
e 10 17 1
e 11 12 2
e 11 13 1
e 11 18 1
e 12 16 1
e 14 19 1
e 14 23 1
e 15 22 1
e 15 24 1
e 15 25 1
e 16 20 2
e 17 19 2
e 17 26 1
e 18 21 2
e 18 27 1
e 19 28 1
e 20 21 1
e 20 29 1
e 21 30 1
t # 2482
v 0 19
v 1 1
v 2 1
v 3 1
v 4 1
v 5 1
v 6 3
v 7 3
v 8 3
v 9 3
v 10 3
v 11 3
v 12 3
v 13 3
v 14 3
v 15 3
v 16 3
v 17 3
v 18 3
v 19 3
v 20 3
v 21 3
v 22 3
v 23 3
v 24 4
v 25 4
v 26 4
v 27 4
v 28 4
v 29 4
v 30 4
v 31 4
v 32 4
v 33 4
v 34 4
v 35 4
v 36 4
v 37 4
v 38 4
v 39 4
v 40 4
v 41 4
v 42 4
v 43 4
e 1 7 1
e 1 20 1
e 2 8 1
e 2 21 1
e 3 9 1
e 3 22 1
e 4 18 1
e 4 23 1
e 5 17 1
e 5 40 1
e 6 10 2
e 6 11 1
e 6 12 1
e 7 8 2
e 7 9 1
e 8 10 1
e 9 11 2
e 10 24 1
e 11 25 1
e 12 14 2
e 12 26 1
e 13 14 1
e 13 15 2
e 13 16 1
e 14 27 1
e 15 17 1
e 15 28 1
e 16 19 2
e 16 29 1
e 17 18 2
e 18 19 1
e 19 30 1
e 20 31 1
e 20 32 1
e 20 33 1
e 21 34 1
e 21 35 1
e 21 36 1
e 22 37 1
e 22 38 1
e 22 39 1
e 23 41 1
e 23 42 1
e 23 43 1
t # 2483
v 0 11
v 1 11
v 2 19
v 3 1
v 4 1
v 5 1
v 6 1
v 7 1
v 8 1
v 9 1
v 10 1
v 11 1
v 12 3
v 13 3
v 14 3
v 15 3
v 16 3
v 17 3
v 18 3
v 19 4
v 20 4
v 21 4
v 22 4
v 23 4
v 24 4
v 25 4
v 26 4
v 27 4
v 28 4
e 0 6 2
e 0 7 2
e 0 12 1
e 1 8 2
e 1 9 2
e 1 12 1
e 3 15 1
e 4 16 1
e 5 13 1
e 5 27 1
e 10 18 1
e 10 28 1
e 11 18 2
e 12 13 2
e 13 14 1
e 14 17 1
e 14 19 1
e 14 20 1
e 15 16 1
e 15 21 1
e 15 22 1
e 16 23 1
e 16 24 1
e 17 18 1
e 17 25 1
e 17 26 1
t # 2484
v 0 11
v 1 19
v 2 1
v 3 1
v 4 1
v 5 1
v 6 1
v 7 2
v 8 2
v 9 2
v 10 3
v 11 3
v 12 3
v 13 3
v 14 3
v 15 3
v 16 3
v 17 3
v 18 3
v 19 3
v 20 3
v 21 3
v 22 3
v 23 4
v 24 4
v 25 4
v 26 4
v 27 4
v 28 4
v 29 4
v 30 4
v 31 4
v 32 4
v 33 4
e 0 3 2
e 0 4 2
e 0 10 1
e 2 33 1
e 7 8 1
e 7 11 1
e 7 27 1
e 8 20 2
e 9 18 1
e 10 12 2
e 10 13 1
e 11 14 2
e 11 15 1
e 12 14 1
e 12 23 1
e 13 15 2
e 13 24 1
e 14 25 1
e 15 26 1
e 16 17 2
e 16 19 1
e 16 20 1
e 17 18 1
e 17 28 1
e 18 21 2
e 19 22 2
e 19 29 1
e 20 30 1
e 21 22 1
e 21 31 1
e 22 32 1
t # 2485
v 0 11
v 1 11
v 2 19
v 3 1
v 4 1
v 5 1
v 6 1
v 7 1
v 8 1
v 9 2
v 10 2
v 11 3
v 12 3
v 13 3
v 14 3
v 15 3
v 16 3
v 17 3
v 18 3
v 19 3
v 20 3
v 21 4
v 22 4
v 23 4
v 24 4
v 25 4
v 26 4
v 27 4
v 28 4
v 29 4
v 30 4
e 0 5 2
e 0 6 2
e 0 13 1
e 1 7 2
e 1 8 2
e 1 14 1
e 3 27 1
e 4 28 1
e 9 10 1
e 9 19 1
e 9 26 1
e 10 29 1
e 10 30 1
e 11 12 1
e 11 13 2
e 11 17 1
e 12 15 2
e 12 18 1
e 13 16 1
e 14 15 1
e 14 16 2
e 15 21 1
e 16 22 1
e 17 19 2
e 17 23 1
e 18 20 2
e 18 24 1
e 19 20 1
e 20 25 1
t # 2486
v 0 11
v 1 19
v 2 1
v 3 1
v 4 1
v 5 1
v 6 2
v 7 2
v 8 3
v 9 3
v 10 3
v 11 3
v 12 3
v 13 3
v 14 3
v 15 3
v 16 3
v 17 3
v 18 3
v 19 3
v 20 3
v 21 3
v 22 4
v 23 4
v 24 4
v 25 4
v 26 4
v 27 4
v 28 4
v 29 4
v 30 4
v 31 4
v 32 4
v 33 4
v 34 4
v 35 4
e 0 4 2
e 0 5 2
e 0 8 1
e 2 32 1
e 3 17 1
e 3 21 1
e 6 7 1
e 6 9 1
e 6 26 1
e 7 20 2
e 8 10 2
e 8 11 1
e 9 12 2
e 9 13 1
e 10 12 1
e 10 22 1
e 11 13 2
e 11 23 1
e 12 24 1
e 13 25 1
e 14 15 2
e 14 16 1
e 14 20 1
e 15 18 1
e 15 27 1
e 16 19 2
e 16 28 1
e 17 18 2
e 17 19 1
e 18 29 1
e 19 30 1
e 20 31 1
e 21 33 1
e 21 34 1
e 21 35 1
t # 2487
v 0 11
v 1 19
v 2 1
v 3 1
v 4 1
v 5 2
v 6 2
v 7 3
v 8 3
v 9 3
v 10 3
v 11 3
v 12 3
v 13 3
v 14 3
v 15 3
v 16 3
v 17 3
v 18 3
v 19 3
v 20 4
v 21 4
v 22 4
v 23 4
v 24 4
v 25 4
v 26 4
v 27 4
v 28 4
v 29 4
v 30 4
v 31 4
e 0 3 2
e 0 4 2
e 0 7 1
e 2 31 1
e 5 6 1
e 5 8 1
e 5 24 1
e 6 14 2
e 7 9 2
e 7 10 1
e 8 11 2
e 8 12 1
e 9 11 1
e 9 20 1
e 10 12 2
e 10 21 1
e 11 22 1
e 12 23 1
e 13 14 1
e 13 15 2
e 13 16 1
e 14 25 1
e 15 17 1
e 15 26 1
e 16 18 2
e 16 27 1
e 17 19 2
e 17 28 1
e 18 19 1
e 18 29 1
e 19 30 1
t # 2488
v 0 11
v 1 19
v 2 1
v 3 1
v 4 1
v 5 1
v 6 1
v 7 1
v 8 1
v 9 1
v 10 1
v 11 2
v 12 2
v 13 2
v 14 3
v 15 3
v 16 3
v 17 3
v 18 3
v 19 3
v 20 3
v 21 3
v 22 3
v 23 4
v 24 4
v 25 4
v 26 4
v 27 4
v 28 4
v 29 4
v 30 4
v 31 4
e 0 4 2
e 0 5 2
e 0 15 1
e 2 30 1
e 3 17 1
e 3 31 1
e 6 17 2
e 11 14 1
e 11 16 1
e 11 26 1
e 12 18 1
e 13 21 1
e 14 15 1
e 14 17 1
e 14 23 1
e 15 24 1
e 15 25 1
e 16 18 2
e 16 19 1
e 18 20 1
e 19 22 2
e 19 27 1
e 20 21 2
e 20 28 1
e 21 22 1
e 22 29 1
t # 2489
v 0 11
v 1 11
v 2 11
v 3 11
v 4 19
v 5 1
v 6 1
v 7 1
v 8 1
v 9 1
v 10 1
v 11 1
v 12 1
v 13 1
v 14 1
v 15 1
v 16 1
v 17 1
v 18 1
v 19 2
v 20 2
v 21 2
v 22 2
v 23 2
v 24 2
v 25 3
v 26 3
v 27 3
v 28 3
v 29 3
v 30 3
v 31 3
v 32 3
v 33 3
v 34 3
v 35 3
v 36 3
v 37 3
v 38 3
v 39 3
v 40 3
v 41 3
v 42 3
v 43 3
v 44 3
v 45 3
v 46 3
v 47 3
v 48 3
v 49 3
v 50 3
v 51 3
v 52 3
v 53 3
v 54 3
v 55 3
v 56 3
v 57 4
v 58 4
v 59 4
v 60 4
v 61 4
v 62 4
v 63 4
v 64 4
v 65 4
v 66 4
v 67 4
v 68 4
v 69 4
v 70 4
v 71 4
v 72 4
v 73 4
v 74 4
v 75 4
v 76 4
v 77 4
v 78 4
e 0 11 2
e 0 12 2
e 0 27 1
e 1 13 2
e 1 14 2
e 1 28 1
e 2 15 2
e 2 16 2
e 2 31 1
e 3 17 2
e 3 18 2
e 3 32 1
e 5 75 1
e 6 76 1
e 7 77 1
e 8 78 1
e 9 47 2
e 10 48 2
e 19 21 1
e 19 33 1
e 19 69 1
e 20 22 1
e 20 34 1
e 20 70 1
e 21 41 2
e 22 42 2
e 23 35 1
e 23 55 2
e 24 36 1
e 24 56 2
e 25 27 2
e 25 39 1
e 25 43 1
e 26 28 2
e 26 40 1
e 26 44 1
e 27 37 1
e 28 38 1
e 29 31 1
e 29 35 2
e 29 51 1
e 30 32 1
e 30 36 2
e 30 52 1
e 31 45 2
e 32 46 2
e 33 37 2
e 33 49 1
e 34 38 2
e 34 50 1
e 35 47 1
e 36 48 1
e 37 57 1
e 38 58 1
e 39 40 2
e 39 59 1
e 40 60 1
e 41 45 1
e 41 47 1
e 42 46 1
e 42 48 1
e 43 49 2
e 43 63 1
e 44 50 2
e 44 64 1
e 45 61 1
e 46 62 1
e 49 65 1
e 50 66 1
e 51 53 2
e 51 67 1
e 52 54 2
e 52 68 1
e 53 55 1
e 53 71 1
e 54 56 1
e 54 72 1
e 55 73 1
e 56 74 1
t # 2490
v 0 31
v 1 1
v 2 1
v 3 1
v 4 1
v 5 2
v 6 3
v 7 3
v 8 3
v 9 3
v 10 3
v 11 3
v 12 4
v 13 4
v 14 4
v 15 4
v 16 4
v 17 4
v 18 4
v 19 4
v 20 4
v 21 4
v 22 4
v 23 4
v 24 4
e 1 9 1
e 2 10 1
e 3 11 1
e 4 24 1
e 5 6 1
e 5 7 1
e 5 8 1
e 6 9 1
e 6 12 1
e 6 13 1
e 7 10 1
e 7 14 1
e 7 15 1
e 8 11 1
e 8 16 1
e 8 17 1
e 9 18 1
e 9 19 1
e 10 20 1
e 10 21 1
e 11 22 1
e 11 23 1
t # 2491
v 0 32
v 1 1
v 2 2
v 3 2
v 4 2
v 5 2
v 6 2
v 7 3
v 8 3
v 9 3
v 10 3
v 11 3
v 12 4
v 13 4
v 14 4
v 15 4
v 16 4
e 1 9 2
e 2 8 1
e 2 10 1
e 2 12 1
e 3 7 1
e 3 11 1
e 3 13 1
e 4 8 1
e 4 11 2
e 5 9 1
e 5 10 2
e 6 10 1
e 6 15 1
e 6 16 1
e 7 8 2
e 7 9 1
e 11 14 1
t # 2492
v 0 19
v 1 1
v 2 2
v 3 2
v 4 2
v 5 3
v 6 3
v 7 3
v 8 3
v 9 4
v 10 4
v 11 4
v 12 4
v 13 4
e 1 7 2
e 2 5 1
e 2 7 1
e 2 9 1
e 3 5 1
e 3 12 1
e 3 13 1
e 4 7 1
e 4 8 2
e 5 6 2
e 6 8 1
e 6 10 1
e 8 11 1
t # 2493
v 0 26
v 1 26
v 2 8
v 3 8
v 4 8
v 5 8
v 6 8
v 7 8
v 8 8
v 9 8
v 10 8
v 11 8
v 12 14
v 13 14
v 14 14
v 15 14
v 16 14
v 17 14
v 18 14
v 19 14
v 20 14
v 21 14
v 22 14
v 23 14
v 24 14
v 25 14
v 26 14
v 27 14
v 28 14
v 29 14
v 30 14
v 31 14
v 32 2
v 33 2
v 34 2
v 35 2
v 36 2
v 37 3
v 38 3
v 39 3
v 40 3
v 41 3
v 42 4
v 43 4
v 44 4
v 45 4
v 46 4
v 47 4
v 48 4
v 49 4
v 50 4
v 51 4
v 52 4
v 53 4
v 54 4
v 55 4
v 56 4
v 57 4
v 58 4
v 59 4
v 60 4
v 61 4
v 62 4
v 63 4
v 64 4
v 65 4
v 66 4
e 32 37 1
e 33 38 1
e 34 39 1
e 35 40 1
e 36 41 1
e 37 52 1
e 37 53 1
e 37 54 1
e 38 55 1
e 38 56 1
e 38 57 1
e 39 58 1
e 39 59 1
e 39 60 1
e 40 61 1
e 40 62 1
e 40 63 1
e 41 64 1
e 41 65 1
e 41 66 1
t # 2494
v 0 57
v 1 8
v 2 8
v 3 8
v 4 8
v 5 8
v 6 8
v 7 14
v 8 14
v 9 14
v 10 14
v 11 14
v 12 14
v 13 14
v 14 14
v 15 14
v 16 14
v 17 14
v 18 14
v 19 2
v 20 2
v 21 2
v 22 3
v 23 3
v 24 3
v 25 3
v 26 3
v 27 3
v 28 3
v 29 3
v 30 3
v 31 3
v 32 3
v 33 3
v 34 3
v 35 3
v 36 3
v 37 3
v 38 3
v 39 3
v 40 4
v 41 4
v 42 4
v 43 4
v 44 4
v 45 4
v 46 4
v 47 4
v 48 4
v 49 4
v 50 4
v 51 4
v 52 4
v 53 4
v 54 4
v 55 4
v 56 4
v 57 4
v 58 4
v 59 4
v 60 4
e 19 22 1
e 20 23 1
e 21 24 1
e 22 25 2
e 22 28 1
e 23 26 2
e 23 29 1
e 24 27 2
e 24 30 1
e 25 31 1
e 25 46 1
e 26 32 1
e 26 47 1
e 27 33 1
e 27 48 1
e 28 34 2
e 28 49 1
e 29 35 2
e 29 50 1
e 30 36 2
e 30 51 1
e 31 37 2
e 31 52 1
e 32 38 2
e 32 53 1
e 33 39 2
e 33 54 1
e 34 37 1
e 34 55 1
e 35 38 1
e 35 56 1
e 36 39 1
e 36 57 1
e 37 58 1
e 38 59 1
e 39 60 1
t # 2495
v 0 7
v 1 8
v 2 8
v 3 8
v 4 8
v 5 3
v 6 3
v 7 3
v 8 3
v 9 3
v 10 3
v 11 3
v 12 3
v 13 3
v 14 3
v 15 3
v 16 3
v 17 3
v 18 3
v 19 3
v 20 3
v 21 3
v 22 3
v 23 3
v 24 3
v 25 3
v 26 3
v 27 3
v 28 3
v 29 3
v 30 3
v 31 3
v 32 3
v 33 3
v 34 3
v 35 3
v 36 3
v 37 3
v 38 3
v 39 3
v 40 3
v 41 3
v 42 3
v 43 3
v 44 3
v 45 3
v 46 3
v 47 4
v 48 4
v 49 4
v 50 4
v 51 4
v 52 4
v 53 4
v 54 4
v 55 4
v 56 4
v 57 4
v 58 4
v 59 4
v 60 4
v 61 4
v 62 4
v 63 4
v 64 4
v 65 4
v 66 4
v 67 4
v 68 4
v 69 4
v 70 4
v 71 4
v 72 4
v 73 4
v 74 4
v 75 4
v 76 4
v 77 4
v 78 4
v 79 4
v 80 4
v 81 4
v 82 4
v 83 4
v 84 4
v 85 4
v 86 4
v 87 4
v 88 4
v 89 4
v 90 4
v 91 4
v 92 4
e 5 6 1
e 5 51 1
e 5 52 1
e 6 53 1
e 6 54 1
e 7 9 1
e 7 55 1
e 7 56 1
e 8 10 1
e 8 57 1
e 8 58 1
e 9 59 1
e 9 60 1
e 10 61 1
e 10 62 1
e 11 17 2
e 11 19 1
e 12 18 2
e 12 20 1
e 13 21 2
e 13 25 1
e 14 22 2
e 14 26 1
e 15 23 2
e 15 27 1
e 16 24 2
e 16 28 1
e 17 29 1
e 17 63 1
e 18 30 1
e 18 64 1
e 19 31 2
e 19 65 1
e 20 32 2
e 20 66 1
e 21 33 1
e 21 67 1
e 22 34 1
e 22 68 1
e 23 35 1
e 23 69 1
e 24 36 1
e 24 70 1
e 25 37 2
e 25 71 1
e 26 38 2
e 26 72 1
e 27 39 2
e 27 73 1
e 28 40 2
e 28 74 1
e 29 41 2
e 29 75 1
e 30 42 2
e 30 76 1
e 31 41 1
e 31 77 1
e 32 42 1
e 32 78 1
e 33 43 2
e 33 79 1
e 34 44 2
e 34 80 1
e 35 45 2
e 35 81 1
e 36 46 2
e 36 82 1
e 37 43 1
e 37 83 1
e 38 44 1
e 38 84 1
e 39 45 1
e 39 85 1
e 40 46 1
e 40 86 1
e 41 87 1
e 42 88 1
e 43 89 1
e 44 90 1
e 45 91 1
e 46 92 1
t # 2496
v 0 26
v 1 26
v 2 8
v 3 8
v 4 8
v 5 8
v 6 8
v 7 8
v 8 8
v 9 8
v 10 14
v 11 14
v 12 14
v 13 14
v 14 14
v 15 14
v 16 14
v 17 14
v 18 14
v 19 14
v 20 14
v 21 14
v 22 1
v 23 1
v 24 1
v 25 1
v 26 1
v 27 1
v 28 2
v 29 2
v 30 2
v 31 3
v 32 3
v 33 3
v 34 3
v 35 3
v 36 3
v 37 3
v 38 3
v 39 3
v 40 4
v 41 4
v 42 4
v 43 4
v 44 4
v 45 4
v 46 4
v 47 4
v 48 4
v 49 4
v 50 4
v 51 4
v 52 4
v 53 4
v 54 4
v 55 4
v 56 4
v 57 4
v 58 4
v 59 4
v 60 4
v 61 4
v 62 4
v 63 4
v 64 4
v 65 4
v 66 4
v 67 4
v 68 4
v 69 4
v 70 4
v 71 4
v 72 4
v 73 4
v 74 4
e 22 34 1
e 23 35 1
e 24 36 1
e 25 37 1
e 26 38 1
e 27 39 1
e 28 31 1
e 29 32 1
e 30 33 1
e 31 48 1
e 31 49 1
e 31 50 1
e 32 51 1
e 32 52 1
e 32 53 1
e 33 54 1
e 33 55 1
e 33 56 1
e 34 57 1
e 34 58 1
e 34 59 1
e 35 60 1
e 35 61 1
e 35 62 1
e 36 63 1
e 36 64 1
e 36 65 1
e 37 66 1
e 37 67 1
e 37 68 1
e 38 69 1
e 38 70 1
e 38 71 1
e 39 72 1
e 39 73 1
e 39 74 1
t # 2497
v 0 26
v 1 26
v 2 8
v 3 8
v 4 8
v 5 8
v 6 8
v 7 8
v 8 8
v 9 8
v 10 14
v 11 14
v 12 14
v 13 14
v 14 14
v 15 14
v 16 14
v 17 14
v 18 14
v 19 14
v 20 14
v 21 14
v 22 2
v 23 2
v 24 2
v 25 3
v 26 3
v 27 3
v 28 3
v 29 3
v 30 3
v 31 3
v 32 3
v 33 3
v 34 3
v 35 3
v 36 3
v 37 3
v 38 3
v 39 3
v 40 3
v 41 3
v 42 3
v 43 3
v 44 3
v 45 3
v 46 3
v 47 3
v 48 3
v 49 3
v 50 3
v 51 3
v 52 3
v 53 3
v 54 3
v 55 3
v 56 3
v 57 3
v 58 3
v 59 3
v 60 3
v 61 3
v 62 3
v 63 3
v 64 4
v 65 4
v 66 4
v 67 4
v 68 4
v 69 4
v 70 4
v 71 4
v 72 4
v 73 4
v 74 4
v 75 4
v 76 4
v 77 4
v 78 4
v 79 4
v 80 4
v 81 4
v 82 4
v 83 4
v 84 4
v 85 4
v 86 4
v 87 4
v 88 4
v 89 4
v 90 4
v 91 4
v 92 4
v 93 4
v 94 4
v 95 4
v 96 4
v 97 4
v 98 4
v 99 4
v 100 4
v 101 4
v 102 4
v 103 4
v 104 4
v 105 4
v 106 4
v 107 4
v 108 4
v 109 4
v 110 4
e 22 31 1
e 23 32 1
e 24 33 1
e 25 34 2
e 25 40 1
e 26 35 2
e 26 41 1
e 27 36 2
e 27 42 1
e 28 37 2
e 28 43 1
e 29 38 2
e 29 44 1
e 30 39 2
e 30 45 1
e 31 72 1
e 31 73 1
e 31 74 1
e 32 75 1
e 32 76 1
e 32 77 1
e 33 78 1
e 33 79 1
e 33 80 1
e 34 46 1
e 34 81 1
e 35 47 1
e 35 82 1
e 36 48 1
e 36 83 1
e 37 49 1
e 37 84 1
e 38 50 1
e 38 85 1
e 39 51 1
e 39 86 1
e 40 52 2
e 40 87 1
e 41 53 2
e 41 88 1
e 42 54 2
e 42 89 1
e 43 55 2
e 43 90 1
e 44 56 2
e 44 91 1
e 45 57 2
e 45 92 1
e 46 58 2
e 46 93 1
e 47 59 2
e 47 94 1
e 48 60 2
e 48 95 1
e 49 61 2
e 49 96 1
e 50 62 2
e 50 97 1
e 51 63 2
e 51 98 1
e 52 58 1
e 52 99 1
e 53 59 1
e 53 100 1
e 54 60 1
e 54 101 1
e 55 61 1
e 55 102 1
e 56 62 1
e 56 103 1
e 57 63 1
e 57 104 1
e 58 105 1
e 59 106 1
e 60 107 1
e 61 108 1
e 62 109 1
e 63 110 1
t # 2498
v 0 19
v 1 1
v 2 1
v 3 2
v 4 2
v 5 2
v 6 3
v 7 3
v 8 3
v 9 3
v 10 4
v 11 4
v 12 4
v 13 4
v 14 4
v 15 4
v 16 4
v 17 4
v 18 4
v 19 4
v 20 4
e 1 20 1
e 3 4 1
e 3 6 1
e 3 7 1
e 4 5 1
e 6 8 1
e 6 10 1
e 6 11 1
e 7 9 1
e 7 12 1
e 7 13 1
e 8 14 1
e 8 15 1
e 8 16 1
e 9 17 1
e 9 18 1
e 9 19 1
t # 2499
v 0 9
v 1 1
v 2 1
v 3 1
v 4 1
v 5 2
v 6 2
v 7 2
v 8 2
v 9 2
v 10 3
v 11 3
v 12 3
v 13 3
v 14 3
v 15 3
v 16 3
v 17 3
v 18 3
v 19 3
v 20 4
v 21 4
v 22 4
v 23 4
v 24 4
v 25 4
v 26 4
v 27 4
v 28 4
v 29 4
v 30 4
v 31 4
v 32 4
v 33 4
v 34 4
v 35 4
v 36 4
e 1 12 1
e 1 13 1
e 2 10 1
e 2 26 1
e 3 11 1
e 3 27 1
e 4 16 1
e 4 36 1
e 5 12 1
e 5 14 1
e 5 18 1
e 6 15 1
e 6 18 2
e 7 14 1
e 7 19 2
e 8 17 1
e 8 19 1
e 8 32 1
e 9 17 1
e 9 34 1
e 9 35 1
e 10 11 1
e 10 12 1
e 10 20 1
e 11 13 1
e 11 22 1
e 12 21 1
e 13 16 1
e 13 23 1
e 14 15 1
e 14 24 1
e 15 17 1
e 15 25 1
e 16 28 1
e 16 29 1
e 17 30 1
e 18 31 1
e 19 33 1
