t # 23800
v 0 12
v 1 12
v 2 1
v 3 1
v 4 2
v 5 2
v 6 2
v 7 3
v 8 3
v 9 3
v 10 3
v 11 3
v 12 3
v 13 3
v 14 3
v 15 3
v 16 3
v 17 3
v 18 3
v 19 3
v 20 3
v 21 3
v 22 3
v 23 3
v 24 3
v 25 3
v 26 3
v 27 3
v 28 3
v 29 3
v 30 4
v 31 4
v 32 4
v 33 4
v 34 4
v 35 4
v 36 4
v 37 4
v 38 4
v 39 4
v 40 4
v 41 4
v 42 4
v 43 4
v 44 4
e 0 13 1
e 1 15 1
e 2 8 1
e 2 12 1
e 3 25 2
e 4 5 1
e 4 19 2
e 5 25 1
e 5 40 1
e 6 28 2
e 6 29 1
e 7 8 2
e 7 9 1
e 7 11 1
e 8 10 1
e 9 13 1
e 9 14 2
e 10 15 1
e 10 16 2
e 11 12 2
e 11 30 1
e 12 19 1
e 13 17 2
e 14 18 1
e 14 31 1
e 15 20 2
e 16 21 1
e 16 32 1
e 17 22 1
e 17 33 1
e 18 22 2
e 18 34 1
e 19 35 1
e 20 23 1
e 20 36 1
e 21 23 2
e 21 37 1
e 22 38 1
e 23 39 1
e 24 25 1
e 24 26 2
e 24 27 1
e 26 28 1
e 26 41 1
e 27 29 2
e 27 42 1
e 28 43 1
e 29 44 1
t # 23801
v 0 1
v 1 1
v 2 1
v 3 1
v 4 2
v 5 2
v 6 2
v 7 2
v 8 2
v 9 2
v 10 2
v 11 3
v 12 3
v 13 3
v 14 3
v 15 3
v 16 4
v 17 4
v 18 4
v 19 4
v 20 4
v 21 4
v 22 4
v 23 4
v 24 4
e 2 14 2
e 3 15 2
e 4 11 1
e 5 7 1
e 5 12 2
e 6 8 1
e 6 13 2
e 7 14 1
e 7 19 1
e 8 15 1
e 8 20 1
e 9 14 1
e 9 21 1
e 9 22 1
e 10 15 1
e 10 23 1
e 10 24 1
e 11 12 1
e 11 13 1
e 11 16 1
e 12 17 1
e 13 18 1
t # 23802
v 0 12
v 1 1
v 2 1
v 3 1
v 4 1
v 5 1
v 6 1
v 7 1
v 8 2
v 9 2
v 10 2
v 11 2
v 12 3
v 13 3
v 14 3
v 15 3
v 16 3
v 17 3
v 18 3
v 19 3
v 20 3
v 21 3
v 22 3
v 23 3
v 24 3
v 25 3
v 26 3
v 27 3
v 28 3
v 29 3
v 30 3
v 31 3
v 32 3
v 33 3
v 34 3
v 35 3
v 36 3
v 37 3
v 38 3
v 39 4
v 40 4
v 41 4
v 42 4
v 43 4
v 44 4
v 45 4
v 46 4
v 47 4
v 48 4
v 49 4
v 50 4
v 51 4
v 52 4
v 53 4
v 54 4
v 55 4
v 56 4
v 57 4
v 58 4
v 59 4
v 60 4
v 61 4
v 62 4
v 63 4
v 64 4
v 65 4
v 66 4
v 67 4
v 68 4
v 69 4
v 70 4
v 71 4
e 1 19 1
e 1 21 1
e 2 29 1
e 2 35 1
e 3 30 1
e 3 36 1
e 4 32 1
e 4 37 1
e 5 34 1
e 5 38 1
e 8 12 1
e 8 13 1
e 8 14 1
e 8 15 1
e 9 10 1
e 9 16 1
e 9 50 1
e 10 24 2
e 11 20 1
e 12 16 1
e 12 39 1
e 12 40 1
e 13 41 1
e 13 42 1
e 13 43 1
e 14 44 1
e 14 45 1
e 14 46 1
e 15 47 1
e 15 48 1
e 15 49 1
e 16 18 2
e 17 19 2
e 17 20 1
e 17 22 1
e 18 51 1
e 18 52 1
e 19 23 1
e 20 21 2
e 21 24 1
e 22 25 2
e 22 26 1
e 23 27 2
e 23 28 1
e 24 53 1
e 25 29 1
e 25 54 1
e 26 31 2
e 26 55 1
e 27 30 1
e 27 56 1
e 28 33 2
e 28 57 1
e 29 32 2
e 30 34 2
e 31 32 1
e 31 58 1
e 33 34 1
e 33 59 1
e 35 60 1
e 35 61 1
e 35 62 1
e 36 63 1
e 36 64 1
e 36 65 1
e 37 66 1
e 37 67 1
e 37 68 1
e 38 69 1
e 38 70 1
e 38 71 1
t # 23803
v 0 1
v 1 2
v 2 2
v 3 2
v 4 2
v 5 3
v 6 3
v 7 3
v 8 3
v 9 3
v 10 3
v 11 3
v 12 3
v 13 3
v 14 3
v 15 3
v 16 3
v 17 3
v 18 3
v 19 3
v 20 3
v 21 3
v 22 3
v 23 3
v 24 3
v 25 3
v 26 3
v 27 3
v 28 3
v 29 4
v 30 4
v 31 4
v 32 4
v 33 4
v 34 4
v 35 4
v 36 4
v 37 4
v 38 4
v 39 4
v 40 4
v 41 4
v 42 4
v 43 4
v 44 4
v 45 4
v 46 4
v 47 4
v 48 4
v 49 4
v 50 4
v 51 4
v 52 4
v 53 4
v 54 4
e 0 23 2
e 1 6 1
e 1 13 1
e 1 14 1
e 2 3 1
e 2 7 2
e 3 23 1
e 3 47 1
e 4 27 2
e 4 28 1
e 5 6 1
e 5 7 1
e 5 8 1
e 5 29 1
e 6 30 1
e 6 31 1
e 7 9 1
e 8 11 2
e 8 12 1
e 9 10 1
e 9 32 1
e 9 33 1
e 10 17 2
e 10 18 1
e 11 15 1
e 11 34 1
e 12 16 2
e 12 35 1
e 13 36 1
e 13 37 1
e 13 38 1
e 14 39 1
e 14 40 1
e 14 41 1
e 15 19 2
e 15 42 1
e 16 19 1
e 16 43 1
e 17 20 1
e 17 44 1
e 18 21 2
e 18 45 1
e 19 46 1
e 20 22 2
e 20 48 1
e 21 22 1
e 21 49 1
e 22 50 1
e 23 24 1
e 24 25 2
e 24 26 1
e 25 27 1
e 25 51 1
e 26 28 2
e 26 52 1
e 27 53 1
e 28 54 1
t # 23804
v 0 1
v 1 1
v 2 1
v 3 1
v 4 1
v 5 1
v 6 2
v 7 2
v 8 2
v 9 2
v 10 3
v 11 3
v 12 3
v 13 3
v 14 3
v 15 3
v 16 3
v 17 3
v 18 3
v 19 3
v 20 3
v 21 3
v 22 3
v 23 3
v 24 3
v 25 3
v 26 3
v 27 3
v 28 3
v 29 3
v 30 3
v 31 3
v 32 3
v 33 3
v 34 3
v 35 3
v 36 4
v 37 4
v 38 4
v 39 4
v 40 4
v 41 4
v 42 4
v 43 4
v 44 4
v 45 4
v 46 4
v 47 4
v 48 4
v 49 4
v 50 4
v 51 4
v 52 4
v 53 4
v 54 4
v 55 4
v 56 4
v 57 4
e 0 15 1
e 0 25 1
e 1 14 1
e 1 28 1
e 2 21 1
e 2 29 1
e 5 30 2
e 6 24 1
e 7 8 1
e 7 27 2
e 8 30 1
e 8 53 1
e 9 34 2
e 9 35 1
e 10 11 1
e 10 13 1
e 10 14 2
e 11 17 2
e 11 18 1
e 12 13 2
e 12 15 1
e 12 16 1
e 13 36 1
e 14 19 1
e 15 23 2
e 16 19 2
e 16 37 1
e 17 21 1
e 17 38 1
e 18 22 2
e 18 39 1
e 19 40 1
e 20 21 2
e 20 22 1
e 20 26 1
e 22 41 1
e 23 24 1
e 23 42 1
e 24 25 2
e 25 27 1
e 26 43 1
e 26 44 1
e 26 45 1
e 27 46 1
e 28 47 1
e 28 48 1
e 28 49 1
e 29 50 1
e 29 51 1
e 29 52 1
e 30 31 1
e 31 32 2
e 31 33 1
e 32 34 1
e 32 54 1
e 33 35 2
e 33 55 1
e 34 56 1
e 35 57 1
t # 23805
v 0 1
v 1 1
v 2 1
v 3 1
v 4 1
v 5 1
v 6 1
v 7 1
v 8 1
v 9 2
v 10 2
v 11 2
v 12 2
v 13 2
v 14 3
v 15 3
v 16 3
v 17 3
v 18 3
v 19 3
v 20 3
v 21 3
v 22 3
v 23 3
v 24 3
v 25 3
v 26 3
v 27 3
v 28 3
v 29 3
v 30 3
v 31 3
v 32 3
v 33 4
v 34 4
v 35 4
v 36 4
v 37 4
v 38 4
v 39 4
v 40 4
v 41 4
v 42 4
v 43 4
v 44 4
v 45 4
e 0 15 1
e 0 19 1
e 7 31 1
e 7 32 1
e 8 31 2
e 9 16 1
e 10 24 1
e 11 25 1
e 12 13 1
e 12 28 2
e 13 31 1
e 13 42 1
e 14 15 2
e 14 16 1
e 14 17 1
e 15 18 1
e 16 19 2
e 17 20 2
e 17 21 1
e 18 22 2
e 18 23 1
e 19 28 1
e 20 24 1
e 20 33 1
e 21 26 2
e 21 34 1
e 22 25 1
e 22 35 1
e 23 29 2
e 23 36 1
e 24 27 2
e 25 30 2
e 26 27 1
e 26 37 1
e 27 38 1
e 28 39 1
e 29 30 1
e 29 40 1
e 30 41 1
e 32 43 1
e 32 44 1
e 32 45 1
t # 23806
v 0 1
v 1 1
v 2 1
v 3 1
v 4 1
v 5 1
v 6 1
v 7 3
v 8 3
v 9 3
v 10 3
v 11 3
v 12 3
v 13 3
v 14 3
v 15 3
v 16 3
v 17 4
v 18 4
v 19 4
v 20 4
v 21 4
v 22 4
v 23 4
v 24 4
v 25 4
v 26 4
v 27 4
v 28 4
v 29 4
v 30 4
e 0 10 1
e 0 14 1
e 1 12 1
e 1 15 1
e 2 10 2
e 3 11 2
e 4 12 2
e 5 13 1
e 5 16 1
e 6 13 2
e 7 8 1
e 7 9 1
e 7 10 1
e 7 17 1
e 8 11 1
e 8 18 1
e 8 19 1
e 9 12 1
e 9 20 1
e 9 21 1
e 11 13 1
e 14 22 1
e 14 23 1
e 14 24 1
e 15 25 1
e 15 26 1
e 15 27 1
e 16 28 1
e 16 29 1
e 16 30 1
t # 23807
v 0 1
v 1 1
v 2 1
v 3 1
v 4 1
v 5 1
v 6 3
v 7 3
v 8 3
v 9 3
v 10 3
v 11 3
v 12 3
v 13 3
v 14 3
v 15 3
v 16 3
v 17 3
v 18 3
v 19 3
v 20 3
v 21 3
v 22 3
v 23 3
v 24 3
v 25 3
v 26 4
v 27 4
v 28 4
v 29 4
v 30 4
v 31 4
v 32 4
v 33 4
v 34 4
v 35 4
v 36 4
v 37 4
v 38 4
v 39 4
v 40 4
v 41 4
v 42 4
v 43 4
e 0 8 1
e 0 18 1
e 1 9 1
e 1 19 1
e 2 12 2
e 3 13 2
e 4 18 2
e 5 19 2
e 6 8 1
e 6 14 2
e 6 16 1
e 7 9 1
e 7 15 2
e 7 17 1
e 8 26 1
e 8 27 1
e 9 28 1
e 9 29 1
e 10 12 1
e 10 18 1
e 10 30 1
e 10 31 1
e 11 13 1
e 11 19 1
e 11 32 1
e 11 33 1
e 12 13 1
e 14 20 1
e 14 34 1
e 15 21 1
e 15 35 1
e 16 22 2
e 16 36 1
e 17 23 2
e 17 37 1
e 20 24 2
e 20 38 1
e 21 25 2
e 21 39 1
e 22 24 1
e 22 40 1
e 23 25 1
e 23 41 1
e 24 42 1
e 25 43 1
t # 23808
v 0 1
v 1 1
v 2 1
v 3 1
v 4 2
v 5 2
v 6 3
v 7 3
v 8 3
v 9 3
v 10 3
v 11 3
v 12 3
v 13 3
v 14 3
v 15 3
v 16 3
v 17 3
v 18 3
v 19 3
v 20 3
v 21 3
v 22 3
v 23 4
v 24 4
v 25 4
v 26 4
v 27 4
v 28 4
v 29 4
v 30 4
v 31 4
v 32 4
v 33 4
v 34 4
v 35 4
v 36 4
v 37 4
v 38 4
e 0 12 2
e 1 13 2
e 2 16 1
e 2 21 1
e 3 16 2
e 4 6 1
e 4 10 1
e 4 12 1
e 5 8 1
e 5 15 1
e 5 29 1
e 6 7 1
e 6 8 1
e 6 23 1
e 7 13 1
e 7 16 1
e 7 24 1
e 8 9 2
e 9 11 1
e 9 14 1
e 10 11 1
e 10 25 1
e 10 26 1
e 11 27 1
e 11 28 1
e 12 13 1
e 14 15 1
e 14 17 2
e 15 18 2
e 17 19 1
e 17 30 1
e 18 20 1
e 18 31 1
e 19 20 2
e 19 32 1
e 20 33 1
e 21 22 1
e 21 34 1
e 21 35 1
e 22 36 1
e 22 37 1
e 22 38 1
t # 23809
v 0 1
v 1 1
v 2 1
v 3 1
v 4 1
v 5 2
v 6 2
v 7 3
v 8 3
v 9 3
v 10 3
v 11 3
v 12 3
v 13 3
v 14 3
v 15 3
v 16 3
v 17 3
v 18 3
v 19 3
v 20 3
v 21 3
v 22 3
v 23 3
v 24 3
v 25 3
v 26 3
v 27 4
v 28 4
v 29 4
v 30 4
v 31 4
v 32 4
v 33 4
v 34 4
v 35 4
v 36 4
v 37 4
v 38 4
v 39 4
v 40 4
v 41 4
v 42 4
v 43 4
v 44 4
v 45 4
v 46 4
v 47 4
v 48 4
e 0 15 1
e 0 23 1
e 1 14 2
e 2 18 1
e 2 24 1
e 3 15 2
e 4 18 2
e 5 7 1
e 5 10 1
e 5 11 1
e 6 9 1
e 6 17 1
e 6 34 1
e 7 8 1
e 7 9 1
e 7 15 1
e 8 14 1
e 8 18 1
e 8 27 1
e 9 12 2
e 10 13 1
e 10 28 1
e 10 29 1
e 11 14 1
e 11 30 1
e 11 31 1
e 12 13 1
e 12 16 1
e 13 32 1
e 13 33 1
e 16 17 1
e 16 19 2
e 17 20 2
e 19 21 1
e 19 35 1
e 20 22 1
e 20 36 1
e 21 22 2
e 21 37 1
e 22 38 1
e 23 25 1
e 23 39 1
e 23 40 1
e 24 26 1
e 24 41 1
e 24 42 1
e 25 43 1
e 25 44 1
e 25 45 1
e 26 46 1
e 26 47 1
e 26 48 1
t # 23810
v 0 1
v 1 1
v 2 1
v 3 1
v 4 1
v 5 2
v 6 2
v 7 3
v 8 3
v 9 3
v 10 3
v 11 3
v 12 3
v 13 3
v 14 3
v 15 3
v 16 3
v 17 3
v 18 3
v 19 3
v 20 3
v 21 3
v 22 3
v 23 3
v 24 3
v 25 3
v 26 4
v 27 4
v 28 4
v 29 4
v 30 4
v 31 4
v 32 4
v 33 4
v 34 4
v 35 4
v 36 4
v 37 4
v 38 4
v 39 4
v 40 4
v 41 4
v 42 4
v 43 4
v 44 4
v 45 4
e 0 12 2
e 1 15 1
e 1 24 1
e 2 15 2
e 3 20 1
e 3 25 1
e 4 20 2
e 5 7 1
e 5 11 1
e 5 12 1
e 6 10 1
e 6 18 1
e 6 35 1
e 7 8 1
e 7 10 1
e 7 15 1
e 8 9 1
e 8 26 1
e 8 27 1
e 9 12 1
e 9 16 1
e 9 28 1
e 10 13 2
e 11 14 1
e 11 29 1
e 11 30 1
e 13 14 1
e 13 17 1
e 14 31 1
e 14 32 1
e 16 20 1
e 16 33 1
e 16 34 1
e 17 18 1
e 17 19 2
e 18 21 2
e 19 22 1
e 19 36 1
e 21 23 1
e 21 37 1
e 22 23 2
e 22 38 1
e 23 39 1
e 24 40 1
e 24 41 1
e 24 42 1
e 25 43 1
e 25 44 1
e 25 45 1
t # 23811
v 0 1
v 1 1
v 2 1
v 3 1
v 4 2
v 5 2
v 6 3
v 7 3
v 8 3
v 9 3
v 10 3
v 11 3
v 12 3
v 13 3
v 14 3
v 15 3
v 16 3
v 17 3
v 18 3
v 19 3
v 20 3
v 21 3
v 22 3
v 23 3
v 24 3
v 25 3
v 26 3
v 27 3
v 28 3
v 29 3
v 30 3
v 31 4
v 32 4
v 33 4
v 34 4
v 35 4
v 36 4
v 37 4
v 38 4
v 39 4
v 40 4
v 41 4
v 42 4
v 43 4
v 44 4
v 45 4
v 46 4
v 47 4
v 48 4
v 49 4
v 50 4
v 51 4
v 52 4
v 53 4
v 54 4
v 55 4
v 56 4
v 57 4
v 58 4
e 0 14 1
e 0 24 1
e 1 14 2
e 2 17 1
e 2 27 1
e 3 17 2
e 4 6 1
e 4 9 1
e 4 13 1
e 5 7 1
e 5 15 1
e 5 39 1
e 6 7 1
e 6 11 1
e 6 14 1
e 7 8 2
e 8 10 1
e 8 12 1
e 9 10 1
e 9 31 1
e 9 32 1
e 10 33 1
e 10 34 1
e 11 17 1
e 11 35 1
e 11 36 1
e 12 15 1
e 12 18 2
e 13 16 1
e 13 37 1
e 13 38 1
e 15 19 2
e 16 22 2
e 16 23 1
e 18 20 1
e 18 40 1
e 19 21 1
e 19 41 1
e 20 21 2
e 20 42 1
e 21 43 1
e 22 25 1
e 22 44 1
e 23 26 2
e 23 45 1
e 24 28 1
e 24 46 1
e 24 47 1
e 25 29 2
e 25 48 1
e 26 29 1
e 26 49 1
e 27 30 1
e 27 50 1
e 27 51 1
e 28 52 1
e 28 53 1
e 28 54 1
e 29 55 1
e 30 56 1
e 30 57 1
e 30 58 1
t # 23812
v 0 1
v 1 1
v 2 2
v 3 2
v 4 3
v 5 3
v 6 3
v 7 3
v 8 3
v 9 3
v 10 3
v 11 3
v 12 3
v 13 3
v 14 3
v 15 3
v 16 3
v 17 3
v 18 3
v 19 3
v 20 3
v 21 3
v 22 3
v 23 3
v 24 4
v 25 4
v 26 4
v 27 4
v 28 4
v 29 4
v 30 4
v 31 4
v 32 4
v 33 4
v 34 4
v 35 4
v 36 4
v 37 4
v 38 4
v 39 4
v 40 4
v 41 4
v 42 4
v 43 4
v 44 4
v 45 4
e 0 5 1
e 0 38 1
e 1 13 1
e 1 19 1
e 2 15 2
e 2 17 1
e 3 16 2
e 3 18 1
e 4 5 1
e 4 6 1
e 4 7 1
e 4 24 1
e 5 11 1
e 5 12 1
e 6 8 1
e 6 25 1
e 6 26 1
e 7 9 1
e 7 27 1
e 7 28 1
e 8 10 1
e 8 29 1
e 8 30 1
e 9 10 1
e 9 13 2
e 10 14 2
e 11 31 1
e 11 32 1
e 11 33 1
e 12 34 1
e 12 35 1
e 12 36 1
e 13 15 1
e 14 16 1
e 14 37 1
e 15 16 1
e 17 18 1
e 17 20 2
e 18 21 2
e 19 39 1
e 19 40 1
e 19 41 1
e 20 22 1
e 20 42 1
e 21 23 1
e 21 43 1
e 22 23 2
e 22 44 1
e 23 45 1
t # 23813
v 0 1
v 1 1
v 2 1
v 3 2
v 4 2
v 5 2
v 6 2
v 7 3
v 8 3
v 9 3
v 10 3
v 11 3
v 12 3
v 13 3
v 14 3
v 15 3
v 16 3
v 17 3
v 18 3
v 19 3
v 20 3
v 21 3
v 22 3
v 23 3
v 24 3
v 25 3
v 26 3
v 27 3
v 28 3
v 29 4
v 30 4
v 31 4
v 32 4
v 33 4
v 34 4
v 35 4
v 36 4
v 37 4
v 38 4
v 39 4
v 40 4
v 41 4
v 42 4
v 43 4
v 44 4
v 45 4
v 46 4
v 47 4
v 48 4
v 49 4
v 50 4
v 51 4
v 52 4
v 53 4
v 54 4
e 0 17 1
e 0 18 1
e 1 19 1
e 1 20 1
e 2 26 2
e 3 7 1
e 3 11 1
e 3 12 1
e 4 8 1
e 4 13 1
e 4 14 1
e 5 21 1
e 5 23 1
e 5 51 1
e 6 22 1
e 6 24 2
e 7 9 1
e 7 29 1
e 7 30 1
e 8 10 1
e 8 31 1
e 8 32 1
e 9 10 1
e 9 15 2
e 10 16 2
e 11 17 1
e 11 33 1
e 11 34 1
e 12 18 1
e 12 35 1
e 12 36 1
e 13 19 1
e 13 37 1
e 13 38 1
e 14 20 1
e 14 39 1
e 14 40 1
e 15 21 1
e 15 41 1
e 16 22 1
e 16 42 1
e 17 43 1
e 17 44 1
e 18 45 1
e 18 46 1
e 19 47 1
e 19 48 1
e 20 49 1
e 20 50 1
e 21 22 2
e 23 24 1
e 23 25 2
e 24 26 1
e 25 27 1
e 25 52 1
e 26 28 1
e 27 28 2
e 27 53 1
e 28 54 1
t # 23814
v 0 18
v 1 1
v 2 1
v 3 1
v 4 3
v 5 3
v 6 3
v 7 3
v 8 3
v 9 3
v 10 3
v 11 3
v 12 3
v 13 3
v 14 3
v 15 3
v 16 4
v 17 4
v 18 4
v 19 4
v 20 4
v 21 4
v 22 4
v 23 4
v 24 4
v 25 4
v 26 4
v 27 4
v 28 4
e 1 10 1
e 1 15 1
e 2 11 1
e 2 25 1
e 3 11 2
e 4 5 1
e 4 6 1
e 4 11 1
e 4 16 1
e 5 7 1
e 5 17 1
e 5 18 1
e 6 8 1
e 6 19 1
e 6 20 1
e 7 9 1
e 7 21 1
e 7 22 1
e 8 9 1
e 8 10 2
e 9 12 2
e 10 13 1
e 12 14 1
e 13 14 2
e 13 23 1
e 14 24 1
e 15 26 1
e 15 27 1
e 15 28 1
t # 23815
v 0 1
v 1 2
v 2 2
v 3 3
v 4 3
v 5 3
v 6 3
v 7 3
v 8 3
v 9 3
v 10 3
v 11 3
v 12 3
v 13 3
v 14 3
v 15 3
v 16 3
v 17 3
v 18 4
v 19 4
v 20 4
v 21 4
v 22 4
v 23 4
v 24 4
v 25 4
v 26 4
v 27 4
v 28 4
v 29 4
v 30 4
v 31 4
e 0 11 1
e 0 17 1
e 1 3 2
e 1 8 1
e 2 4 2
e 2 10 1
e 3 4 1
e 3 7 1
e 4 9 1
e 5 6 1
e 5 7 2
e 5 12 1
e 6 9 2
e 6 13 1
e 7 18 1
e 8 10 2
e 8 11 1
e 9 19 1
e 10 14 1
e 11 15 2
e 12 20 1
e 12 21 1
e 12 22 1
e 13 23 1
e 13 24 1
e 13 25 1
e 14 16 2
e 14 26 1
e 15 16 1
e 15 27 1
e 16 28 1
e 17 29 1
e 17 30 1
e 17 31 1
t # 23816
v 0 1
v 1 1
v 2 2
v 3 2
v 4 2
v 5 2
v 6 2
v 7 3
v 8 3
v 9 3
v 10 3
v 11 3
v 12 3
v 13 3
v 14 3
v 15 3
v 16 3
v 17 3
v 18 3
v 19 3
v 20 3
v 21 3
v 22 4
v 23 4
v 24 4
v 25 4
v 26 4
v 27 4
v 28 4
v 29 4
v 30 4
v 31 4
v 32 4
v 33 4
v 34 4
v 35 4
v 36 4
e 2 5 1
e 2 8 1
e 2 29 1
e 3 6 1
e 3 9 1
e 3 30 1
e 4 7 1
e 5 10 2
e 6 11 2
e 7 10 1
e 7 11 1
e 7 22 1
e 8 12 2
e 8 14 1
e 9 13 2
e 9 15 1
e 10 23 1
e 11 24 1
e 12 16 1
e 12 25 1
e 13 17 1
e 13 26 1
e 14 18 2
e 14 27 1
e 15 19 2
e 15 28 1
e 16 20 2
e 16 31 1
e 17 21 2
e 17 32 1
e 18 20 1
e 18 33 1
e 19 21 1
e 19 34 1
e 20 35 1
e 21 36 1
t # 23817
v 0 12
v 1 1
v 2 1
v 3 2
v 4 2
v 5 2
v 6 2
v 7 2
v 8 3
v 9 3
v 10 3
v 11 3
v 12 3
v 13 3
v 14 3
v 15 3
v 16 3
v 17 3
v 18 3
v 19 3
v 20 3
v 21 3
v 22 3
v 23 3
v 24 3
v 25 3
v 26 3
v 27 3
v 28 3
v 29 3
v 30 3
v 31 3
v 32 3
v 33 3
v 34 3
v 35 3
v 36 4
v 37 4
v 38 4
v 39 4
v 40 4
v 41 4
v 42 4
v 43 4
v 44 4
v 45 4
v 46 4
v 47 4
v 48 4
v 49 4
v 50 4
v 51 4
v 52 4
v 53 4
v 54 4
v 55 4
v 56 4
v 57 4
v 58 4
v 59 4
v 60 4
v 61 4
v 62 4
v 63 4
v 64 4
v 65 4
v 66 4
v 67 4
v 68 4
v 69 4
v 70 4
v 71 4
v 72 4
v 73 4
v 74 4
v 75 4
v 76 4
v 77 4
e 1 19 2
e 2 29 2
e 3 8 1
e 3 9 1
e 3 10 1
e 4 19 1
e 4 21 1
e 4 60 1
e 5 6 1
e 5 18 2
e 6 24 1
e 6 29 1
e 7 24 1
e 7 31 2
e 7 32 1
e 8 11 1
e 8 36 1
e 8 37 1
e 9 12 1
e 9 38 1
e 9 39 1
e 10 13 1
e 10 40 1
e 10 41 1
e 11 14 1
e 11 15 1
e 11 42 1
e 12 16 1
e 12 17 1
e 12 43 1
e 13 18 1
e 13 19 1
e 13 44 1
e 14 45 1
e 14 46 1
e 14 47 1
e 15 48 1
e 15 49 1
e 15 50 1
e 16 51 1
e 16 52 1
e 16 53 1
e 17 54 1
e 17 55 1
e 17 56 1
e 18 20 1
e 20 57 1
e 20 58 1
e 20 59 1
e 21 22 2
e 21 23 1
e 22 25 1
e 22 28 1
e 23 27 2
e 23 61 1
e 24 62 1
e 24 63 1
e 25 26 2
e 25 64 1
e 26 27 1
e 26 30 1
e 27 65 1
e 28 66 1
e 28 67 1
e 28 68 1
e 29 69 1
e 30 70 1
e 30 71 1
e 30 72 1
e 31 33 1
e 31 73 1
e 32 34 2
e 32 74 1
e 33 35 2
e 33 75 1
e 34 35 1
e 34 76 1
e 35 77 1
t # 23818
v 0 12
v 1 12
v 2 11
v 3 1
v 4 1
v 5 1
v 6 1
v 7 1
v 8 2
v 9 2
v 10 2
v 11 3
v 12 3
v 13 3
v 14 3
v 15 3
v 16 3
v 17 3
v 18 3
v 19 3
v 20 3
v 21 3
v 22 3
v 23 3
v 24 3
v 25 3
v 26 3
v 27 3
v 28 3
v 29 3
v 30 3
v 31 3
v 32 3
v 33 3
v 34 3
v 35 4
v 36 4
v 37 4
v 38 4
v 39 4
v 40 4
v 41 4
v 42 4
v 43 4
v 44 4
v 45 4
v 46 4
v 47 4
v 48 4
v 49 4
v 50 4
v 51 4
e 0 17 1
e 1 19 1
e 2 4 2
e 2 5 2
e 2 22 1
e 3 12 1
e 3 15 1
e 8 13 1
e 9 10 1
e 9 45 1
e 10 21 2
e 11 12 2
e 11 13 1
e 11 14 1
e 12 16 1
e 13 15 2
e 14 17 1
e 14 18 2
e 15 21 1
e 16 19 1
e 16 20 2
e 17 23 2
e 18 24 1
e 18 35 1
e 19 25 2
e 20 26 1
e 20 36 1
e 21 37 1
e 22 28 2
e 22 29 1
e 23 27 1
e 23 38 1
e 24 27 2
e 24 39 1
e 25 31 1
e 25 40 1
e 26 31 2
e 26 41 1
e 27 42 1
e 28 32 1
e 28 43 1
e 29 33 2
e 29 44 1
e 30 32 2
e 30 33 1
e 30 34 1
e 31 46 1
e 32 47 1
e 33 48 1
e 34 49 1
e 34 50 1
e 34 51 1
t # 23819
v 0 11
v 1 1
v 2 1
v 3 1
v 4 1
v 5 1
v 6 2
v 7 2
v 8 2
v 9 2
v 10 2
v 11 3
v 12 3
v 13 3
v 14 3
v 15 3
v 16 3
v 17 3
v 18 3
v 19 3
v 20 3
v 21 3
v 22 3
v 23 3
v 24 3
v 25 3
v 26 3
v 27 3
v 28 3
v 29 3
v 30 3
v 31 3
v 32 3
v 33 4
v 34 4
v 35 4
v 36 4
v 37 4
v 38 4
v 39 4
v 40 4
v 41 4
v 42 4
v 43 4
v 44 4
v 45 4
v 46 4
v 47 4
v 48 4
v 49 4
e 0 2 2
e 0 3 2
e 0 17 1
e 1 12 1
e 1 14 1
e 6 13 1
e 7 8 1
e 7 40 1
e 8 18 2
e 9 28 2
e 9 29 1
e 10 30 2
e 10 31 1
e 11 12 2
e 11 13 1
e 11 15 1
e 12 16 1
e 13 14 2
e 14 18 1
e 15 19 2
e 15 20 1
e 16 21 2
e 16 22 1
e 17 23 2
e 17 24 1
e 18 33 1
e 19 28 1
e 19 34 1
e 20 29 2
e 20 35 1
e 21 30 1
e 21 36 1
e 22 31 2
e 22 37 1
e 23 26 1
e 23 38 1
e 24 27 2
e 24 39 1
e 25 26 2
e 25 27 1
e 25 32 1
e 26 41 1
e 27 42 1
e 28 43 1
e 29 44 1
e 30 45 1
e 31 46 1
e 32 47 1
e 32 48 1
e 32 49 1
t # 23820
v 0 11
v 1 1
v 2 1
v 3 1
v 4 1
v 5 1
v 6 1
v 7 1
v 8 2
v 9 2
v 10 2
v 11 3
v 12 3
v 13 3
v 14 3
v 15 3
v 16 3
v 17 3
v 18 3
v 19 3
v 20 3
v 21 3
v 22 3
v 23 3
v 24 3
v 25 3
v 26 3
v 27 3
v 28 3
v 29 3
v 30 3
v 31 3
v 32 3
v 33 3
v 34 3
v 35 3
v 36 3
v 37 3
v 38 3
v 39 4
v 40 4
v 41 4
v 42 4
v 43 4
v 44 4
v 45 4
v 46 4
v 47 4
v 48 4
v 49 4
v 50 4
v 51 4
v 52 4
v 53 4
v 54 4
v 55 4
v 56 4
v 57 4
v 58 4
v 59 4
v 60 4
v 61 4
v 62 4
v 63 4
v 64 4
v 65 4
e 0 6 2
e 0 7 2
e 0 28 1
e 1 12 1
e 1 16 1
e 2 24 1
e 2 34 1
e 3 27 1
e 3 35 1
e 8 13 1
e 9 10 1
e 9 48 1
e 10 21 2
e 11 12 2
e 11 13 1
e 11 14 1
e 12 15 1
e 13 16 2
e 14 17 2
e 14 18 1
e 15 19 2
e 15 20 1
e 16 21 1
e 17 22 1
e 17 39 1
e 18 23 2
e 18 40 1
e 19 25 1
e 19 41 1
e 20 26 2
e 20 42 1
e 21 43 1
e 22 24 2
e 22 44 1
e 23 24 1
e 23 45 1
e 25 27 2
e 25 46 1
e 26 27 1
e 26 47 1
e 28 29 2
e 28 30 1
e 29 32 1
e 29 49 1
e 30 33 2
e 30 50 1
e 31 32 2
e 31 33 1
e 31 36 1
e 32 51 1
e 33 52 1
e 34 37 1
e 34 53 1
e 34 54 1
e 35 38 1
e 35 55 1
e 35 56 1
e 36 57 1
e 36 58 1
e 36 59 1
e 37 60 1
e 37 61 1
e 37 62 1
e 38 63 1
e 38 64 1
e 38 65 1
t # 23821
v 0 12
v 1 1
v 2 1
v 3 2
v 4 2
v 5 2
v 6 2
v 7 2
v 8 3
v 9 3
v 10 3
v 11 3
v 12 3
v 13 3
v 14 3
v 15 3
v 16 3
v 17 3
v 18 3
v 19 3
v 20 3
v 21 3
v 22 3
v 23 3
v 24 3
v 25 3
v 26 4
v 27 4
v 28 4
v 29 4
v 30 4
v 31 4
v 32 4
v 33 4
v 34 4
v 35 4
v 36 4
v 37 4
v 38 4
v 39 4
v 40 4
v 41 4
v 42 4
v 43 4
v 44 4
v 45 4
v 46 4
v 47 4
v 48 4
v 49 4
v 50 4
v 51 4
v 52 4
v 53 4
v 54 4
v 55 4
e 1 14 2
e 2 16 2
e 3 8 1
e 3 9 1
e 3 10 1
e 3 11 1
e 4 13 1
e 4 18 1
e 4 19 1
e 5 6 1
e 5 14 1
e 5 40 1
e 6 15 2
e 7 16 1
e 7 20 1
e 7 50 1
e 8 14 1
e 8 26 1
e 8 27 1
e 9 28 1
e 9 29 1
e 9 30 1
e 10 31 1
e 10 32 1
e 10 33 1
e 11 34 1
e 11 35 1
e 11 36 1
e 12 13 1
e 12 15 1
e 12 16 1
e 12 37 1
e 13 38 1
e 13 39 1
e 15 17 1
e 17 41 1
e 17 42 1
e 17 43 1
e 18 44 1
e 18 45 1
e 18 46 1
e 19 47 1
e 19 48 1
e 19 49 1
e 20 21 2
e 20 22 1
e 21 23 1
e 21 51 1
e 22 24 2
e 22 52 1
e 23 25 2
e 23 53 1
e 24 25 1
e 24 54 1
e 25 55 1
t # 23822
v 0 1
v 1 1
v 2 2
v 3 2
v 4 2
v 5 2
v 6 2
v 7 3
v 8 3
v 9 3
v 10 3
v 11 3
v 12 3
v 13 3
v 14 3
v 15 3
v 16 3
v 17 3
v 18 3
v 19 4
v 20 4
v 21 4
v 22 4
v 23 4
v 24 4
v 25 4
v 26 4
v 27 4
v 28 4
v 29 4
v 30 4
v 31 4
v 32 4
v 33 4
e 2 5 1
e 2 7 1
e 2 10 1
e 3 4 1
e 3 8 1
e 3 21 1
e 4 14 1
e 4 15 1
e 5 11 2
e 6 9 1
e 7 8 1
e 7 19 1
e 7 20 1
e 8 9 2
e 9 11 1
e 10 12 2
e 10 13 1
e 11 22 1
e 12 16 1
e 12 23 1
e 13 17 2
e 13 24 1
e 14 25 1
e 14 26 1
e 14 27 1
e 15 28 1
e 15 29 1
e 15 30 1
e 16 18 2
e 16 31 1
e 17 18 1
e 17 32 1
e 18 33 1
t # 23823
v 0 12
v 1 1
v 2 1
v 3 1
v 4 1
v 5 1
v 6 2
v 7 2
v 8 2
v 9 2
v 10 2
v 11 2
v 12 3
v 13 3
v 14 3
v 15 3
v 16 3
v 17 3
v 18 3
v 19 3
v 20 3
v 21 3
v 22 3
v 23 3
v 24 3
v 25 3
v 26 3
v 27 3
v 28 3
v 29 3
v 30 3
v 31 3
v 32 3
v 33 3
v 34 4
v 35 4
v 36 4
v 37 4
v 38 4
v 39 4
v 40 4
v 41 4
v 42 4
v 43 4
v 44 4
v 45 4
v 46 4
v 47 4
v 48 4
v 49 4
v 50 4
v 51 4
v 52 4
v 53 4
v 54 4
e 1 16 2
e 2 19 1
e 2 21 1
e 3 25 2
e 4 26 2
e 6 12 1
e 6 13 1
e 6 14 1
e 6 15 1
e 7 8 1
e 7 16 1
e 7 45 1
e 8 17 1
e 8 46 1
e 9 25 1
e 9 27 1
e 9 51 1
e 10 32 1
e 12 16 1
e 12 34 1
e 12 35 1
e 13 36 1
e 13 37 1
e 13 38 1
e 14 39 1
e 14 40 1
e 14 41 1
e 15 42 1
e 15 43 1
e 15 44 1
e 17 18 2
e 17 20 1
e 18 19 1
e 18 22 1
e 19 23 2
e 20 21 2
e 20 47 1
e 21 25 1
e 22 24 2
e 22 48 1
e 23 26 1
e 23 49 1
e 24 26 1
e 24 50 1
e 27 28 2
e 27 29 1
e 28 30 1
e 28 33 1
e 29 31 2
e 29 52 1
e 30 32 2
e 30 53 1
e 31 32 1
e 31 54 1
t # 23824
v 0 1
v 1 1
v 2 1
v 3 1
v 4 1
v 5 2
v 6 2
v 7 2
v 8 3
v 9 3
v 10 3
v 11 3
v 12 3
v 13 3
v 14 3
v 15 3
v 16 3
v 17 3
v 18 3
v 19 3
v 20 3
v 21 3
v 22 3
v 23 3
v 24 3
v 25 3
v 26 3
v 27 3
v 28 4
v 29 4
v 30 4
v 31 4
v 32 4
v 33 4
v 34 4
v 35 4
v 36 4
v 37 4
v 38 4
v 39 4
v 40 4
v 41 4
v 42 4
v 43 4
v 44 4
v 45 4
v 46 4
e 0 10 1
e 0 11 1
e 1 18 2
e 2 23 2
e 3 26 1
e 3 27 1
e 4 26 2
e 5 13 1
e 5 18 1
e 5 31 1
e 6 7 1
e 6 9 1
e 6 35 1
e 7 26 1
e 7 43 1
e 8 9 2
e 8 10 1
e 8 17 1
e 9 12 1
e 10 19 2
e 11 12 2
e 11 18 1
e 12 28 1
e 13 16 2
e 13 20 1
e 14 15 2
e 14 16 1
e 14 24 1
e 15 21 1
e 15 25 1
e 16 29 1
e 17 22 2
e 17 30 1
e 19 23 1
e 19 32 1
e 20 21 2
e 20 33 1
e 21 34 1
e 22 23 1
e 22 36 1
e 24 37 1
e 24 38 1
e 24 39 1
e 25 40 1
e 25 41 1
e 25 42 1
e 27 44 1
e 27 45 1
e 27 46 1
t # 23825
v 0 12
v 1 12
v 2 12
v 3 1
v 4 1
v 5 1
v 6 1
v 7 1
v 8 2
v 9 2
v 10 2
v 11 2
v 12 2
v 13 2
v 14 3
v 15 3
v 16 3
v 17 3
v 18 3
v 19 3
v 20 3
v 21 3
v 22 3
v 23 3
v 24 3
v 25 3
v 26 3
v 27 3
v 28 3
v 29 3
v 30 3
v 31 3
v 32 3
v 33 3
v 34 3
v 35 3
v 36 3
v 37 3
v 38 3
v 39 3
v 40 3
v 41 3
v 42 3
v 43 3
v 44 4
v 45 4
v 46 4
v 47 4
v 48 4
v 49 4
v 50 4
v 51 4
v 52 4
v 53 4
v 54 4
v 55 4
v 56 4
v 57 4
v 58 4
v 59 4
v 60 4
v 61 4
v 62 4
v 63 4
v 64 4
v 65 4
v 66 4
v 67 4
v 68 4
e 0 41 1
e 1 43 1
e 3 18 2
e 4 24 2
e 5 26 2
e 6 31 2
e 7 37 2
e 8 14 1
e 8 15 1
e 8 16 1
e 8 17 1
e 9 12 1
e 9 18 1
e 9 59 1
e 10 22 1
e 10 31 1
e 10 60 1
e 11 20 1
e 11 28 2
e 12 32 2
e 13 37 1
e 13 38 1
e 13 65 1
e 14 18 1
e 14 44 1
e 14 45 1
e 15 46 1
e 15 47 1
e 15 48 1
e 16 49 1
e 16 50 1
e 16 51 1
e 17 52 1
e 17 53 1
e 17 54 1
e 19 20 1
e 19 21 2
e 19 24 1
e 20 22 2
e 21 26 1
e 21 27 1
e 22 29 1
e 23 24 1
e 23 25 1
e 23 33 2
e 25 26 1
e 25 34 2
e 27 29 2
e 27 55 1
e 28 30 1
e 28 31 1
e 29 56 1
e 30 32 1
e 30 57 1
e 30 58 1
e 32 37 1
e 33 35 1
e 33 61 1
e 34 36 1
e 34 62 1
e 35 36 2
e 35 63 1
e 36 64 1
e 38 39 2
e 38 40 1
e 39 41 1
e 39 66 1
e 40 42 2
e 40 67 1
e 41 43 2
e 42 43 1
e 42 68 1
t # 23826
v 0 1
v 1 1
v 2 1
v 3 1
v 4 2
v 5 2
v 6 3
v 7 3
v 8 3
v 9 3
v 10 3
v 11 3
v 12 3
v 13 3
v 14 3
v 15 3
v 16 3
v 17 3
v 18 3
v 19 3
v 20 3
v 21 3
v 22 3
v 23 4
v 24 4
v 25 4
v 26 4
v 27 4
v 28 4
v 29 4
v 30 4
v 31 4
v 32 4
v 33 4
v 34 4
v 35 4
v 36 4
e 0 9 2
e 1 10 2
e 2 11 2
e 3 16 2
e 4 9 1
e 4 16 1
e 4 28 1
e 5 10 1
e 5 16 1
e 5 29 1
e 6 7 1
e 6 9 1
e 6 10 1
e 6 23 1
e 7 8 1
e 7 24 1
e 7 25 1
e 8 11 1
e 8 26 1
e 8 27 1
e 11 12 1
e 12 14 2
e 12 17 1
e 13 14 1
e 13 15 1
e 13 19 2
e 14 30 1
e 15 18 1
e 15 20 2
e 17 18 2
e 17 31 1
e 18 32 1
e 19 21 1
e 19 33 1
e 20 22 1
e 20 34 1
e 21 22 2
e 21 35 1
e 22 36 1
t # 23827
v 0 1
v 1 1
v 2 1
v 3 1
v 4 1
v 5 1
v 6 2
v 7 2
v 8 3
v 9 3
v 10 3
v 11 3
v 12 3
v 13 3
v 14 3
v 15 3
v 16 3
v 17 3
v 18 3
v 19 3
v 20 3
v 21 3
v 22 3
v 23 3
v 24 3
v 25 3
v 26 3
v 27 3
v 28 3
v 29 4
v 30 4
v 31 4
v 32 4
v 33 4
v 34 4
v 35 4
v 36 4
v 37 4
v 38 4
v 39 4
v 40 4
v 41 4
v 42 4
v 43 4
v 44 4
v 45 4
v 46 4
v 47 4
v 48 4
e 0 12 2
e 1 13 2
e 2 14 2
e 3 21 1
e 3 27 1
e 4 18 2
e 5 26 1
e 5 28 1
e 6 13 1
e 6 18 1
e 6 35 1
e 7 14 1
e 7 18 1
e 7 36 1
e 8 9 1
e 8 11 1
e 8 12 1
e 8 29 1
e 9 10 1
e 9 30 1
e 9 31 1
e 10 13 1
e 10 14 1
e 10 32 1
e 11 16 2
e 11 17 1
e 12 15 1
e 15 22 2
e 15 23 1
e 16 19 1
e 16 33 1
e 17 20 2
e 17 34 1
e 19 21 2
e 19 37 1
e 20 21 1
e 20 38 1
e 22 24 1
e 22 39 1
e 23 25 2
e 23 40 1
e 24 26 2
e 24 41 1
e 25 26 1
e 25 42 1
e 27 43 1
e 27 44 1
e 27 45 1
e 28 46 1
e 28 47 1
e 28 48 1
t # 23828
v 0 1
v 1 1
v 2 1
v 3 1
v 4 3
v 5 3
v 6 3
v 7 3
v 8 3
v 9 3
v 10 3
v 11 3
v 12 3
v 13 3
v 14 3
v 15 3
v 16 3
v 17 3
v 18 3
v 19 3
v 20 3
v 21 3
v 22 4
v 23 4
v 24 4
v 25 4
v 26 4
v 27 4
v 28 4
v 29 4
v 30 4
v 31 4
v 32 4
v 33 4
v 34 4
v 35 4
v 36 4
v 37 4
v 38 4
v 39 4
e 0 9 2
e 1 10 2
e 2 14 2
e 3 15 2
e 4 6 1
e 4 7 1
e 4 12 1
e 4 13 1
e 5 8 1
e 5 9 1
e 5 10 1
e 5 22 1
e 6 9 1
e 6 23 1
e 6 24 1
e 7 10 1
e 7 25 1
e 7 26 1
e 8 11 1
e 8 27 1
e 8 28 1
e 11 14 1
e 11 15 1
e 11 29 1
e 12 30 1
e 12 31 1
e 12 32 1
e 13 33 1
e 13 34 1
e 13 35 1
e 14 16 1
e 15 17 1
e 16 17 1
e 16 18 2
e 17 19 2
e 18 20 1
e 18 36 1
e 19 21 1
e 19 37 1
e 20 21 2
e 20 38 1
e 21 39 1
t # 23829
v 0 1
v 1 1
v 2 1
v 3 1
v 4 3
v 5 3
v 6 3
v 7 3
v 8 3
v 9 3
v 10 3
v 11 3
v 12 3
v 13 3
v 14 3
v 15 3
v 16 3
v 17 3
v 18 3
v 19 4
v 20 4
v 21 4
v 22 4
v 23 4
v 24 4
v 25 4
v 26 4
v 27 4
v 28 4
v 29 4
v 30 4
v 31 4
v 32 4
v 33 4
v 34 4
v 35 4
v 36 4
v 37 4
v 38 4
e 0 10 2
e 1 11 2
e 2 14 2
e 3 15 2
e 4 6 1
e 4 7 1
e 4 12 1
e 4 13 1
e 5 8 1
e 5 10 1
e 5 11 1
e 5 19 1
e 6 10 1
e 6 20 1
e 6 21 1
e 7 11 1
e 7 22 1
e 7 23 1
e 8 9 1
e 8 24 1
e 8 25 1
e 9 14 1
e 9 15 1
e 9 26 1
e 12 27 1
e 12 28 1
e 12 29 1
e 13 30 1
e 13 31 1
e 13 32 1
e 14 16 1
e 15 17 1
e 16 18 1
e 16 33 1
e 16 34 1
e 17 18 1
e 17 35 1
e 17 36 1
e 18 37 1
e 18 38 1
t # 23830
v 0 1
v 1 1
v 2 1
v 3 1
v 4 1
v 5 1
v 6 2
v 7 3
v 8 3
v 9 3
v 10 3
v 11 3
v 12 3
v 13 3
v 14 3
v 15 3
v 16 3
v 17 3
v 18 3
v 19 3
v 20 3
v 21 3
v 22 3
v 23 3
v 24 3
v 25 3
v 26 3
v 27 3
v 28 3
v 29 3
v 30 3
v 31 3
v 32 3
v 33 3
v 34 4
v 35 4
v 36 4
v 37 4
v 38 4
v 39 4
v 40 4
v 41 4
v 42 4
v 43 4
v 44 4
v 45 4
v 46 4
v 47 4
v 48 4
v 49 4
v 50 4
v 51 4
v 52 4
v 53 4
v 54 4
e 0 13 1
e 0 17 1
e 1 13 1
e 1 48 1
e 2 11 2
e 3 12 2
e 4 24 2
e 5 27 2
e 6 27 1
e 6 28 1
e 6 49 1
e 7 8 1
e 7 9 1
e 7 10 1
e 7 34 1
e 8 12 1
e 8 35 1
e 8 36 1
e 9 11 1
e 9 13 2
e 10 15 2
e 10 16 1
e 11 14 1
e 12 18 1
e 14 17 1
e 14 21 2
e 15 19 1
e 15 37 1
e 16 20 2
e 16 38 1
e 17 22 2
e 18 24 1
e 18 39 1
e 18 40 1
e 19 23 2
e 19 41 1
e 20 23 1
e 20 42 1
e 21 25 1
e 21 43 1
e 22 26 1
e 22 44 1
e 23 45 1
e 24 27 1
e 25 26 2
e 25 46 1
e 26 47 1
e 28 29 2
e 28 30 1
e 29 31 1
e 29 50 1
e 30 32 2
e 30 51 1
e 31 33 2
e 31 52 1
e 32 33 1
e 32 53 1
e 33 54 1
t # 23831
v 0 1
v 1 1
v 2 1
v 3 1
v 4 1
v 5 1
v 6 2
v 7 2
v 8 2
v 9 2
v 10 2
v 11 2
v 12 3
v 13 3
v 14 3
v 15 3
v 16 3
v 17 3
v 18 3
v 19 3
v 20 3
v 21 3
v 22 3
v 23 3
v 24 3
v 25 3
v 26 3
v 27 3
v 28 3
v 29 3
v 30 3
v 31 3
v 32 3
v 33 3
v 34 4
v 35 4
v 36 4
v 37 4
v 38 4
v 39 4
v 40 4
v 41 4
v 42 4
v 43 4
v 44 4
v 45 4
v 46 4
v 47 4
v 48 4
v 49 4
v 50 4
v 51 4
v 52 4
v 53 4
v 54 4
v 55 4
e 0 24 2
e 5 31 2
e 6 14 1
e 6 24 1
e 6 42 1
e 7 10 1
e 7 23 2
e 8 26 1
e 9 27 1
e 10 31 1
e 10 53 1
e 12 13 1
e 12 16 1
e 12 17 1
e 12 34 1
e 13 14 1
e 13 18 2
e 14 15 2
e 15 19 1
e 15 25 1
e 16 35 1
e 16 36 1
e 16 37 1
e 17 38 1
e 17 39 1
e 17 40 1
e 18 20 1
e 18 41 1
e 19 20 2
e 19 43 1
e 20 44 1
e 21 22 1
e 21 23 1
e 21 45 1
e 21 46 1
e 22 26 2
e 22 27 1
e 23 24 1
e 25 47 1
e 25 48 1
e 25 49 1
e 26 28 1
e 27 29 2
e 28 30 2
e 28 50 1
e 29 30 1
e 29 51 1
e 30 52 1
e 31 32 1
e 32 33 1
e 32 54 1
e 32 55 1
t # 23832
v 0 1
v 1 1
v 2 1
v 3 1
v 4 1
v 5 2
v 6 2
v 7 2
v 8 2
v 9 3
v 10 3
v 11 3
v 12 3
v 13 3
v 14 3
v 15 3
v 16 3
v 17 3
v 18 3
v 19 3
v 20 3
v 21 3
v 22 3
v 23 3
v 24 3
v 25 3
v 26 3
v 27 3
v 28 3
v 29 3
v 30 3
v 31 3
v 32 4
v 33 4
v 34 4
v 35 4
v 36 4
v 37 4
v 38 4
v 39 4
v 40 4
v 41 4
v 42 4
v 43 4
v 44 4
v 45 4
v 46 4
v 47 4
v 48 4
v 49 4
v 50 4
v 51 4
v 52 4
v 53 4
v 54 4
v 55 4
e 0 21 2
e 1 23 2
e 2 27 2
e 5 13 1
e 5 21 1
e 5 49 1
e 6 25 1
e 6 27 1
e 6 52 1
e 7 24 2
e 7 26 1
e 8 30 1
e 9 11 1
e 9 13 2
e 9 14 1
e 10 12 1
e 10 13 1
e 10 15 2
e 11 16 1
e 11 17 1
e 11 32 1
e 12 18 1
e 12 19 1
e 12 33 1
e 14 20 2
e 14 34 1
e 15 20 1
e 15 35 1
e 16 36 1
e 16 37 1
e 16 38 1
e 17 39 1
e 17 40 1
e 17 41 1
e 18 42 1
e 18 43 1
e 18 44 1
e 19 45 1
e 19 46 1
e 19 47 1
e 20 48 1
e 21 23 1
e 22 23 1
e 22 24 1
e 22 50 1
e 22 51 1
e 24 27 1
e 25 26 2
e 25 28 1
e 26 29 1
e 28 30 2
e 28 53 1
e 29 31 2
e 29 54 1
e 30 31 1
e 31 55 1
t # 23833
v 0 1
v 1 1
v 2 1
v 3 1
v 4 1
v 5 1
v 6 1
v 7 2
v 8 2
v 9 2
v 10 2
v 11 3
v 12 3
v 13 3
v 14 3
v 15 3
v 16 3
v 17 3
v 18 3
v 19 3
v 20 3
v 21 3
v 22 3
v 23 3
v 24 3
v 25 3
v 26 3
v 27 3
v 28 3
v 29 3
v 30 4
v 31 4
v 32 4
v 33 4
v 34 4
v 35 4
v 36 4
v 37 4
v 38 4
v 39 4
v 40 4
v 41 4
v 42 4
v 43 4
v 44 4
v 45 4
e 0 23 1
e 0 28 1
e 1 15 2
e 2 26 1
e 2 29 1
e 3 19 2
e 4 22 2
e 7 11 1
e 7 15 1
e 7 32 1
e 8 12 2
e 8 13 1
e 9 21 1
e 9 22 1
e 9 36 1
e 10 18 1
e 11 13 2
e 11 16 1
e 12 14 1
e 12 15 1
e 13 17 1
e 14 19 1
e 14 30 1
e 14 31 1
e 16 18 2
e 16 33 1
e 17 20 2
e 17 34 1
e 18 20 1
e 19 22 1
e 20 35 1
e 21 23 2
e 21 24 1
e 23 25 1
e 24 27 2
e 24 37 1
e 25 26 2
e 25 38 1
e 26 27 1
e 27 39 1
e 28 40 1
e 28 41 1
e 28 42 1
e 29 43 1
e 29 44 1
e 29 45 1
t # 23834
v 0 1
v 1 1
v 2 1
v 3 1
v 4 1
v 5 1
v 6 1
v 7 2
v 8 2
v 9 2
v 10 2
v 11 2
v 12 3
v 13 3
v 14 3
v 15 3
v 16 3
v 17 3
v 18 3
v 19 3
v 20 3
v 21 3
v 22 3
v 23 3
v 24 3
v 25 3
v 26 3
v 27 3
v 28 3
v 29 4
v 30 4
v 31 4
v 32 4
v 33 4
v 34 4
v 35 4
v 36 4
v 37 4
v 38 4
v 39 4
e 0 16 2
e 1 20 2
e 2 23 2
e 7 12 1
e 7 16 1
e 7 31 1
e 8 13 1
e 8 14 2
e 9 22 1
e 9 23 1
e 9 35 1
e 10 19 1
e 11 24 1
e 12 13 2
e 12 17 1
e 13 18 1
e 14 15 1
e 14 16 1
e 15 20 1
e 15 29 1
e 15 30 1
e 17 19 2
e 17 32 1
e 18 21 2
e 18 33 1
e 19 21 1
e 20 23 1
e 21 34 1
e 22 24 1
e 22 25 2
e 24 26 2
e 25 27 1
e 25 36 1
e 26 28 1
e 26 37 1
e 27 28 2
e 27 38 1
e 28 39 1
t # 23835
v 0 1
v 1 1
v 2 1
v 3 1
v 4 1
v 5 1
v 6 1
v 7 1
v 8 2
v 9 3
v 10 3
v 11 3
v 12 3
v 13 3
v 14 3
v 15 3
v 16 3
v 17 3
v 18 3
v 19 3
v 20 3
v 21 3
v 22 3
v 23 3
v 24 3
v 25 3
v 26 3
v 27 3
v 28 3
v 29 3
v 30 3
v 31 3
v 32 3
v 33 3
v 34 3
v 35 3
v 36 3
v 37 3
v 38 4
v 39 4
v 40 4
v 41 4
v 42 4
v 43 4
v 44 4
v 45 4
v 46 4
v 47 4
v 48 4
v 49 4
v 50 4
v 51 4
v 52 4
v 53 4
v 54 4
v 55 4
v 56 4
v 57 4
v 58 4
v 59 4
v 60 4
e 0 15 1
e 0 20 1
e 1 15 1
e 1 52 1
e 2 13 2
e 3 14 2
e 4 26 2
e 5 29 2
e 6 36 1
e 6 37 1
e 7 36 2
e 8 29 1
e 8 30 1
e 8 53 1
e 9 10 1
e 9 11 1
e 9 12 1
e 9 38 1
e 10 14 1
e 10 39 1
e 10 40 1
e 11 13 1
e 11 15 2
e 12 17 2
e 12 18 1
e 13 16 1
e 14 19 1
e 16 20 1
e 16 23 2
e 17 21 1
e 17 41 1
e 18 22 2
e 18 42 1
e 19 26 1
e 19 43 1
e 19 44 1
e 20 25 2
e 21 24 2
e 21 45 1
e 22 24 1
e 22 46 1
e 23 27 1
e 23 47 1
e 24 49 1
e 25 28 1
e 25 48 1
e 26 29 1
e 27 28 2
e 27 50 1
e 28 51 1
e 30 31 1
e 30 32 2
e 31 33 2
e 31 36 1
e 32 34 1
e 32 54 1
e 33 35 1
e 33 55 1
e 34 35 2
e 34 56 1
e 35 57 1
e 37 58 1
e 37 59 1
e 37 60 1
t # 23836
v 0 1
v 1 1
v 2 1
v 3 1
v 4 1
v 5 1
v 6 2
v 7 3
v 8 3
v 9 3
v 10 3
v 11 3
v 12 3
v 13 3
v 14 3
v 15 3
v 16 3
v 17 3
v 18 3
v 19 3
v 20 3
v 21 3
v 22 3
v 23 3
v 24 3
v 25 3
v 26 3
v 27 4
v 28 4
v 29 4
v 30 4
v 31 4
v 32 4
v 33 4
v 34 4
v 35 4
v 36 4
v 37 4
v 38 4
v 39 4
v 40 4
v 41 4
v 42 4
v 43 4
v 44 4
v 45 4
v 46 4
v 47 4
e 0 14 1
e 0 20 1
e 1 15 1
e 1 21 1
e 2 14 2
e 3 15 2
e 4 25 1
e 4 26 1
e 5 25 2
e 6 11 1
e 6 31 1
e 6 32 1
e 7 8 1
e 7 9 2
e 7 12 1
e 8 10 1
e 8 13 2
e 9 11 1
e 9 14 1
e 10 11 2
e 10 15 1
e 12 16 2
e 12 27 1
e 13 17 1
e 13 28 1
e 16 18 1
e 16 29 1
e 17 18 2
e 17 30 1
e 18 19 1
e 19 22 2
e 19 33 1
e 20 23 1
e 20 34 1
e 20 35 1
e 21 24 1
e 21 36 1
e 21 37 1
e 22 25 1
e 22 38 1
e 23 39 1
e 23 40 1
e 23 41 1
e 24 42 1
e 24 43 1
e 24 44 1
e 26 45 1
e 26 46 1
e 26 47 1
t # 23837
v 0 1
v 1 1
v 2 1
v 3 1
v 4 2
v 5 2
v 6 3
v 7 3
v 8 3
v 9 3
v 10 3
v 11 3
v 12 3
v 13 3
v 14 3
v 15 3
v 16 3
v 17 3
v 18 3
v 19 3
v 20 3
v 21 3
v 22 3
v 23 3
v 24 3
v 25 3
v 26 3
v 27 3
v 28 3
v 29 4
v 30 4
v 31 4
v 32 4
v 33 4
v 34 4
v 35 4
v 36 4
v 37 4
v 38 4
v 39 4
v 40 4
v 41 4
v 42 4
v 43 4
v 44 4
v 45 4
v 46 4
v 47 4
v 48 4
v 49 4
v 50 4
e 0 16 1
e 0 19 1
e 1 17 1
e 1 20 1
e 2 16 2
e 3 17 2
e 4 10 1
e 4 33 1
e 4 34 1
e 5 24 1
e 5 27 2
e 6 7 1
e 6 8 2
e 6 11 1
e 7 9 1
e 7 12 2
e 8 10 1
e 8 16 1
e 9 10 2
e 9 17 1
e 11 14 2
e 11 29 1
e 12 15 1
e 12 30 1
e 13 14 1
e 13 15 2
e 13 18 1
e 14 31 1
e 15 32 1
e 18 21 2
e 18 35 1
e 19 22 1
e 19 36 1
e 19 37 1
e 20 23 1
e 20 38 1
e 20 39 1
e 21 24 1
e 21 40 1
e 22 41 1
e 22 42 1
e 22 43 1
e 23 44 1
e 23 45 1
e 23 46 1
e 24 25 2
e 25 26 1
e 25 47 1
e 26 28 2
e 26 48 1
e 27 28 1
e 27 49 1
e 28 50 1
t # 23838
v 0 1
v 1 1
v 2 1
v 3 1
v 4 2
v 5 3
v 6 3
v 7 3
v 8 3
v 9 3
v 10 3
v 11 3
v 12 3
v 13 3
v 14 3
v 15 3
v 16 3
v 17 3
v 18 3
v 19 3
v 20 3
v 21 3
v 22 3
v 23 3
v 24 3
v 25 3
v 26 3
v 27 3
v 28 3
v 29 4
v 30 4
v 31 4
v 32 4
v 33 4
v 34 4
v 35 4
v 36 4
v 37 4
v 38 4
v 39 4
v 40 4
v 41 4
v 42 4
v 43 4
v 44 4
v 45 4
v 46 4
v 47 4
v 48 4
v 49 4
v 50 4
v 51 4
e 0 15 1
e 0 19 1
e 1 16 1
e 1 20 1
e 2 15 2
e 3 16 2
e 4 9 1
e 4 33 1
e 4 34 1
e 5 6 1
e 5 7 2
e 5 10 1
e 6 8 1
e 6 11 2
e 7 9 1
e 7 15 1
e 8 9 2
e 8 16 1
e 10 13 2
e 10 29 1
e 11 14 1
e 11 30 1
e 12 13 1
e 12 14 2
e 12 17 1
e 13 31 1
e 14 32 1
e 17 18 2
e 17 35 1
e 18 21 1
e 18 36 1
e 19 22 1
e 19 37 1
e 19 38 1
e 20 23 1
e 20 39 1
e 20 40 1
e 21 24 2
e 21 25 1
e 22 41 1
e 22 42 1
e 22 43 1
e 23 44 1
e 23 45 1
e 23 46 1
e 24 26 1
e 24 47 1
e 25 27 2
e 25 48 1
e 26 28 2
e 26 49 1
e 27 28 1
e 27 50 1
e 28 51 1
t # 23839
v 0 11
v 1 1
v 2 2
v 3 2
v 4 3
v 5 3
v 6 3
v 7 3
v 8 3
v 9 3
v 10 3
v 11 3
v 12 3
v 13 3
v 14 3
v 15 3
v 16 4
v 17 4
v 18 4
v 19 4
v 20 4
v 21 4
e 1 6 1
e 1 7 1
e 2 8 2
e 3 9 2
e 4 5 1
e 4 6 2
e 4 8 1
e 5 7 1
e 5 11 2
e 6 10 1
e 7 13 2
e 8 9 1
e 9 12 1
e 10 12 2
e 10 16 1
e 11 14 1
e 11 17 1
e 12 18 1
e 13 15 1
e 13 19 1
e 14 15 2
e 14 20 1
e 15 21 1
t # 23840
v 0 14
v 1 14
v 2 14
v 3 14
v 4 14
v 5 14
v 6 1
v 7 1
v 8 2
v 9 3
v 10 3
v 11 3
v 12 3
v 13 3
v 14 3
v 15 3
v 16 3
v 17 3
v 18 3
v 19 3
v 20 3
v 21 3
v 22 3
v 23 4
v 24 4
v 25 4
v 26 4
v 27 4
e 6 15 1
e 7 18 2
e 8 12 2
e 9 11 1
e 9 12 1
e 9 16 2
e 10 12 1
e 10 14 1
e 10 15 2
e 11 13 1
e 11 17 2
e 13 14 2
e 13 18 1
e 14 23 1
e 15 21 1
e 16 19 1
e 16 24 1
e 17 20 1
e 17 25 1
e 18 22 1
e 19 20 2
e 19 26 1
e 20 27 1
t # 23841
v 0 1
v 1 1
v 2 1
v 3 1
v 4 2
v 5 3
v 6 3
v 7 3
v 8 3
v 9 3
v 10 3
v 11 3
v 12 3
v 13 3
v 14 3
v 15 3
v 16 3
v 17 4
v 18 4
v 19 4
v 20 4
v 21 4
v 22 4
v 23 4
v 24 4
v 25 4
v 26 4
v 27 4
e 0 8 2
e 1 14 1
e 1 15 1
e 2 9 2
e 3 14 2
e 4 7 1
e 4 8 1
e 4 18 1
e 5 6 1
e 5 8 1
e 5 9 1
e 5 17 1
e 6 7 1
e 6 10 2
e 7 11 2
e 9 14 1
e 10 12 1
e 10 19 1
e 11 13 1
e 11 20 1
e 12 13 2
e 12 21 1
e 13 22 1
e 15 16 1
e 15 23 1
e 15 24 1
e 16 25 1
e 16 26 1
e 16 27 1
t # 23842
v 0 1
v 1 1
v 2 2
v 3 2
v 4 3
v 5 3
v 6 3
v 7 3
v 8 3
v 9 3
v 10 3
v 11 3
v 12 3
v 13 3
v 14 3
v 15 3
v 16 3
v 17 3
v 18 3
v 19 3
v 20 3
v 21 3
v 22 3
v 23 3
v 24 3
v 25 4
v 26 4
v 27 4
v 28 4
v 29 4
v 30 4
v 31 4
v 32 4
v 33 4
v 34 4
v 35 4
v 36 4
v 37 4
v 38 4
v 39 4
v 40 4
v 41 4
v 42 4
v 43 4
v 44 4
v 45 4
v 46 4
v 47 4
v 48 4
e 0 20 1
e 0 24 1
e 1 20 2
e 2 5 1
e 2 9 1
e 2 15 1
e 3 8 1
e 3 16 1
e 3 37 1
e 4 5 1
e 4 7 1
e 4 8 1
e 4 11 1
e 5 6 1
e 5 25 1
e 6 10 1
e 6 13 1
e 6 14 1
e 7 9 1
e 7 26 1
e 7 27 1
e 8 12 2
e 9 28 1
e 9 29 1
e 10 12 1
e 10 30 1
e 10 31 1
e 11 16 1
e 11 18 2
e 12 20 1
e 13 19 1
e 13 32 1
e 13 33 1
e 14 17 2
e 14 34 1
e 15 17 1
e 15 35 1
e 15 36 1
e 16 21 2
e 17 38 1
e 18 22 1
e 18 39 1
e 19 40 1
e 19 41 1
e 19 42 1
e 21 23 1
e 21 43 1
e 22 23 2
e 22 44 1
e 23 45 1
e 24 46 1
e 24 47 1
e 24 48 1
t # 23843
v 0 18
v 1 1
v 2 1
v 3 2
v 4 2
v 5 3
v 6 3
v 7 3
v 8 3
v 9 3
v 10 3
v 11 3
v 12 3
v 13 3
v 14 3
v 15 3
v 16 3
v 17 3
v 18 3
v 19 3
v 20 3
v 21 3
v 22 3
v 23 4
v 24 4
v 25 4
v 26 4
v 27 4
v 28 4
v 29 4
v 30 4
v 31 4
v 32 4
v 33 4
v 34 4
v 35 4
v 36 4
v 37 4
v 38 4
v 39 4
v 40 4
v 41 4
v 42 4
v 43 4
v 44 4
v 45 4
e 1 18 1
e 1 22 1
e 2 19 1
e 2 42 1
e 3 7 1
e 3 9 1
e 3 30 1
e 4 10 1
e 4 13 2
e 4 16 1
e 5 6 1
e 5 7 1
e 5 8 1
e 5 23 1
e 6 10 1
e 6 24 1
e 6 25 1
e 7 26 1
e 7 27 1
e 8 9 1
e 8 11 2
e 9 12 2
e 10 28 1
e 10 29 1
e 11 14 1
e 11 31 1
e 12 15 1
e 12 32 1
e 13 17 1
e 13 33 1
e 14 15 2
e 14 34 1
e 15 35 1
e 16 18 2
e 16 36 1
e 17 19 1
e 17 20 2
e 18 20 1
e 19 21 1
e 19 37 1
e 20 38 1
e 21 39 1
e 21 40 1
e 21 41 1
e 22 43 1
e 22 44 1
e 22 45 1
t # 23844
v 0 27
v 1 1
v 2 2
v 3 2
v 4 3
v 5 3
v 6 3
v 7 3
v 8 3
v 9 3
v 10 3
v 11 3
v 12 3
v 13 3
v 14 3
v 15 3
v 16 3
v 17 3
v 18 3
v 19 3
v 20 4
v 21 4
v 22 4
v 23 4
v 24 4
v 25 4
v 26 4
v 27 4
v 28 4
v 29 4
v 30 4
v 31 4
v 32 4
v 33 4
v 34 4
e 1 8 2
e 2 6 1
e 2 7 1
e 2 12 1
e 3 9 1
e 3 15 2
e 3 16 1
e 4 5 1
e 4 6 1
e 4 10 2
e 5 7 2
e 5 8 1
e 6 11 2
e 7 20 1
e 8 9 1
e 9 21 1
e 9 22 1
e 10 13 1
e 10 23 1
e 11 14 1
e 11 24 1
e 12 25 1
e 12 26 1
e 12 27 1
e 13 14 2
e 13 28 1
e 14 29 1
e 15 17 1
e 15 30 1
e 16 18 2
e 16 31 1
e 17 19 2
e 17 32 1
e 18 19 1
e 18 33 1
e 19 34 1
t # 23845
v 0 18
v 1 1
v 2 1
v 3 2
v 4 2
v 5 3
v 6 3
v 7 3
v 8 3
v 9 3
v 10 3
v 11 3
v 12 3
v 13 3
v 14 3
v 15 3
v 16 3
v 17 3
v 18 3
v 19 3
v 20 3
v 21 3
v 22 3
v 23 4
v 24 4
v 25 4
v 26 4
v 27 4
v 28 4
v 29 4
v 30 4
v 31 4
v 32 4
v 33 4
v 34 4
v 35 4
v 36 4
v 37 4
v 38 4
v 39 4
v 40 4
v 41 4
v 42 4
v 43 4
e 1 17 1
e 1 22 1
e 2 14 1
e 2 40 1
e 3 6 1
e 3 12 2
e 3 13 1
e 4 9 1
e 4 11 1
e 4 30 1
e 5 6 1
e 5 7 1
e 5 23 1
e 5 24 1
e 6 25 1
e 6 26 1
e 7 8 1
e 7 11 2
e 8 9 1
e 8 15 2
e 9 18 2
e 10 12 1
e 10 14 1
e 10 16 2
e 11 27 1
e 12 28 1
e 13 17 2
e 13 29 1
e 14 20 1
e 14 31 1
e 15 19 1
e 15 33 1
e 16 17 1
e 16 32 1
e 18 21 1
e 18 34 1
e 19 21 2
e 19 35 1
e 20 36 1
e 20 37 1
e 20 38 1
e 21 39 1
e 22 41 1
e 22 42 1
e 22 43 1
t # 23846
v 0 1
v 1 1
v 2 1
v 3 2
v 4 2
v 5 3
v 6 3
v 7 3
v 8 3
v 9 3
v 10 3
v 11 3
v 12 3
v 13 3
v 14 3
v 15 3
v 16 3
v 17 3
v 18 3
v 19 4
v 20 4
v 21 4
v 22 4
v 23 4
v 24 4
v 25 4
v 26 4
v 27 4
v 28 4
v 29 4
v 30 4
v 31 4
v 32 4
v 33 4
v 34 4
e 0 12 1
e 0 34 1
e 1 11 2
e 2 12 2
e 3 9 1
e 3 10 1
e 3 23 1
e 4 11 1
e 4 17 1
e 4 18 1
e 5 6 1
e 5 7 1
e 5 12 1
e 5 19 1
e 6 8 1
e 6 10 2
e 7 11 1
e 7 20 1
e 7 21 1
e 8 9 1
e 8 13 2
e 9 14 2
e 10 22 1
e 13 15 1
e 13 24 1
e 14 16 1
e 14 25 1
e 15 16 2
e 15 26 1
e 16 27 1
e 17 28 1
e 17 29 1
e 17 30 1
e 18 31 1
e 18 32 1
e 18 33 1
t # 23847
v 0 1
v 1 1
v 2 1
v 3 1
v 4 1
v 5 1
v 6 1
v 7 1
v 8 1
v 9 1
v 10 1
v 11 1
v 12 3
v 13 3
v 14 3
v 15 3
v 16 3
v 17 3
v 18 3
v 19 3
v 20 3
v 21 3
v 22 3
v 23 3
v 24 3
v 25 3
v 26 3
v 27 3
v 28 3
v 29 3
v 30 3
v 31 3
v 32 3
v 33 3
v 34 3
v 35 3
v 36 3
v 37 3
v 38 3
v 39 3
v 40 3
v 41 3
v 42 3
v 43 3
v 44 3
v 45 3
v 46 3
v 47 3
v 48 3
v 49 3
v 50 3
v 51 3
v 52 3
v 53 4
v 54 4
v 55 4
v 56 4
v 57 4
v 58 4
v 59 4
v 60 4
v 61 4
v 62 4
v 63 4
v 64 4
v 65 4
v 66 4
v 67 4
v 68 4
v 69 4
v 70 4
v 71 4
v 72 4
v 73 4
v 74 4
v 75 4
v 76 4
v 77 4
v 78 4
v 79 4
v 80 4
v 81 4
v 82 4
v 83 4
v 84 4
v 85 4
v 86 4
v 87 4
v 88 4
v 89 4
v 90 4
v 91 4
v 92 4
v 93 4
v 94 4
v 95 4
v 96 4
v 97 4
v 98 4
v 99 4
v 100 4
e 0 19 1
e 0 23 1
e 1 20 1
e 1 24 1
e 2 29 1
e 2 43 1
e 3 30 1
e 3 44 1
e 4 33 1
e 4 43 1
e 5 34 1
e 5 44 1
e 6 39 1
e 6 47 1
e 7 40 1
e 7 48 1
e 8 41 1
e 8 49 1
e 9 42 1
e 9 50 1
e 10 45 1
e 10 51 1
e 11 46 1
e 11 52 1
e 12 14 1
e 12 21 1
e 12 27 1
e 12 53 1
e 13 15 1
e 13 22 1
e 13 28 1
e 13 54 1
e 14 19 1
e 14 25 2
e 15 20 1
e 15 26 2
e 16 17 1
e 16 18 1
e 16 55 1
e 16 56 1
e 17 23 1
e 17 57 1
e 17 58 1
e 18 24 1
e 18 59 1
e 18 60 1
e 19 31 2
e 20 32 2
e 21 35 2
e 21 37 1
e 22 36 2
e 22 38 1
e 23 61 1
e 23 62 1
e 24 63 1
e 24 64 1
e 25 29 1
e 25 65 1
e 26 30 1
e 26 66 1
e 27 67 1
e 27 68 1
e 27 69 1
e 28 70 1
e 28 71 1
e 28 72 1
e 29 33 2
e 30 34 2
e 31 33 1
e 31 73 1
e 32 34 1
e 32 74 1
e 35 41 1
e 35 75 1
e 36 42 1
e 36 76 1
e 37 39 2
e 37 77 1
e 38 40 2
e 38 78 1
e 39 45 1
e 40 46 1
e 41 45 2
e 42 46 2
e 43 79 1
e 43 80 1
e 44 81 1
e 44 82 1
e 47 83 1
e 47 84 1
e 47 85 1
e 48 86 1
e 48 87 1
e 48 88 1
e 49 89 1
e 49 90 1
e 49 91 1
e 50 92 1
e 50 93 1
e 50 94 1
e 51 95 1
e 51 96 1
e 51 97 1
e 52 98 1
e 52 99 1
e 52 100 1
t # 23848
v 0 1
v 1 1
v 2 1
v 3 1
v 4 2
v 5 2
v 6 3
v 7 3
v 8 3
v 9 3
v 10 3
v 11 3
v 12 3
v 13 3
v 14 3
v 15 3
v 16 3
v 17 3
v 18 3
v 19 3
v 20 3
v 21 3
v 22 3
v 23 3
v 24 4
v 25 4
v 26 4
v 27 4
v 28 4
v 29 4
v 30 4
v 31 4
v 32 4
v 33 4
v 34 4
v 35 4
v 36 4
v 37 4
v 38 4
v 39 4
v 40 4
v 41 4
v 42 4
v 43 4
e 0 13 1
e 0 20 1
e 1 14 1
e 1 21 1
e 2 16 1
e 2 22 1
e 3 17 1
e 3 23 1
e 4 9 1
e 4 17 2
e 6 7 1
e 6 8 1
e 6 10 2
e 7 11 2
e 7 12 1
e 8 9 2
e 8 15 1
e 9 18 1
e 10 17 1
e 10 19 1
e 11 14 1
e 11 24 1
e 12 13 2
e 12 25 1
e 13 16 1
e 14 16 2
e 15 26 1
e 15 27 1
e 15 28 1
e 18 29 1
e 18 30 1
e 18 31 1
e 20 32 1
e 20 33 1
e 20 34 1
e 21 35 1
e 21 36 1
e 21 37 1
e 22 38 1
e 22 39 1
e 22 40 1
e 23 41 1
e 23 42 1
e 23 43 1
t # 23849
v 0 9
v 1 12
v 2 8
v 3 8
v 4 1
v 5 1
v 6 1
v 7 1
v 8 1
v 9 1
v 10 3
v 11 3
v 12 3
v 13 3
v 14 3
v 15 3
v 16 3
v 17 3
v 18 3
v 19 3
v 20 3
v 21 3
v 22 3
v 23 3
v 24 3
v 25 3
v 26 4
v 27 4
v 28 4
v 29 4
v 30 4
v 31 4
v 32 4
v 33 4
v 34 4
v 35 4
v 36 4
v 37 4
v 38 4
v 39 4
v 40 4
v 41 4
v 42 4
v 43 4
v 44 4
v 45 4
v 46 4
v 47 4
v 48 4
v 49 4
v 50 4
v 51 4
v 52 4
v 53 4
v 54 4
v 55 4
v 56 4
v 57 4
v 58 4
v 59 4
v 60 4
v 61 4
v 62 4
e 4 14 1
e 5 15 1
e 6 16 1
e 7 17 1
e 10 11 1
e 10 26 1
e 11 27 1
e 11 28 1
e 12 29 1
e 12 30 1
e 12 31 1
e 13 32 1
e 13 33 1
e 13 34 1
e 14 18 1
e 14 19 1
e 14 35 1
e 15 20 1
e 15 21 1
e 15 36 1
e 16 22 1
e 16 23 1
e 16 37 1
e 17 24 1
e 17 25 1
e 17 38 1
e 18 39 1
e 18 40 1
e 18 41 1
e 19 42 1
e 19 43 1
e 19 44 1
e 20 45 1
e 20 46 1
e 20 47 1
e 21 48 1
e 21 49 1
e 21 50 1
e 22 51 1
e 22 52 1
e 22 53 1
e 23 54 1
e 23 55 1
e 23 56 1
e 24 57 1
e 24 58 1
e 24 59 1
e 25 60 1
e 25 61 1
e 25 62 1
t # 23850
v 0 1
v 1 1
v 2 1
v 3 1
v 4 1
v 5 1
v 6 2
v 7 2
v 8 2
v 9 2
v 10 2
v 11 2
v 12 2
v 13 2
v 14 3
v 15 3
v 16 3
v 17 3
v 18 3
v 19 3
v 20 3
v 21 3
v 22 3
v 23 3
v 24 3
v 25 3
v 26 3
v 27 3
v 28 4
v 29 4
v 30 4
v 31 4
v 32 4
v 33 4
v 34 4
v 35 4
v 36 4
v 37 4
v 38 4
v 39 4
v 40 4
v 41 4
v 42 4
v 43 4
v 44 4
v 45 4
e 0 24 2
e 1 25 2
e 6 16 1
e 6 20 1
e 6 22 1
e 7 17 1
e 7 21 1
e 7 23 1
e 8 18 1
e 8 24 1
e 8 40 1
e 9 19 1
e 9 25 1
e 9 41 1
e 10 20 2
e 10 26 1
e 11 21 2
e 11 27 1
e 12 20 1
e 13 21 1
e 14 16 1
e 14 18 1
e 14 28 1
e 14 29 1
e 15 17 1
e 15 19 1
e 15 30 1
e 15 31 1
e 16 32 1
e 16 33 1
e 17 34 1
e 17 35 1
e 18 36 1
e 18 37 1
e 19 38 1
e 19 39 1
e 22 26 2
e 22 42 1
e 23 27 2
e 23 43 1
e 24 25 1
e 26 44 1
e 27 45 1
t # 23851
v 0 12
v 1 1
v 2 1
v 3 2
v 4 2
v 5 2
v 6 2
v 7 3
v 8 3
v 9 3
v 10 3
v 11 3
v 12 3
v 13 3
v 14 3
v 15 3
v 16 3
v 17 3
v 18 3
v 19 3
v 20 3
v 21 3
v 22 3
v 23 4
v 24 4
v 25 4
v 26 4
v 27 4
v 28 4
v 29 4
v 30 4
v 31 4
v 32 4
v 33 4
v 34 4
v 35 4
v 36 4
v 37 4
v 38 4
v 39 4
v 40 4
v 41 4
v 42 4
v 43 4
v 44 4
v 45 4
e 3 7 1
e 3 9 1
e 3 29 1
e 4 11 1
e 4 20 1
e 4 21 1
e 5 13 2
e 5 14 1
e 6 15 1
e 7 10 2
e 7 12 1
e 8 9 1
e 8 11 1
e 8 23 1
e 8 24 1
e 9 25 1
e 9 26 1
e 10 13 1
e 10 15 1
e 11 27 1
e 11 28 1
e 12 14 2
e 12 16 1
e 13 17 1
e 14 19 1
e 15 18 2
e 16 30 1
e 16 31 1
e 16 32 1
e 17 22 2
e 17 33 1
e 18 22 1
e 18 34 1
e 19 35 1
e 19 36 1
e 19 37 1
e 20 38 1
e 20 39 1
e 20 40 1
e 21 41 1
e 21 42 1
e 21 43 1
e 22 44 1
t # 23852
v 0 12
v 1 1
v 2 1
v 3 2
v 4 2
v 5 2
v 6 2
v 7 3
v 8 3
v 9 3
v 10 3
v 11 3
v 12 3
v 13 3
v 14 3
v 15 3
v 16 3
v 17 3
v 18 3
v 19 3
v 20 3
v 21 3
v 22 3
v 23 3
v 24 4
v 25 4
v 26 4
v 27 4
v 28 4
v 29 4
v 30 4
v 31 4
v 32 4
v 33 4
v 34 4
v 35 4
v 36 4
v 37 4
v 38 4
v 39 4
v 40 4
v 41 4
v 42 4
v 43 4
v 44 4
v 45 4
v 46 4
v 47 4
v 48 4
e 3 7 1
e 3 9 1
e 3 28 1
e 4 13 1
e 4 22 1
e 4 23 1
e 5 12 1
e 5 14 2
e 6 15 1
e 7 8 1
e 7 11 2
e 8 12 1
e 8 15 2
e 9 10 1
e 9 24 1
e 9 25 1
e 10 13 1
e 10 26 1
e 10 27 1
e 11 14 1
e 11 17 1
e 12 16 2
e 13 29 1
e 13 30 1
e 14 20 1
e 15 18 1
e 16 19 1
e 16 21 1
e 17 31 1
e 17 32 1
e 17 33 1
e 18 19 2
e 18 34 1
e 19 35 1
e 20 36 1
e 20 37 1
e 20 38 1
e 21 39 1
e 21 40 1
e 21 41 1
e 22 42 1
e 22 43 1
e 22 44 1
e 23 45 1
e 23 46 1
e 23 47 1
t # 23853
v 0 12
v 1 1
v 2 1
v 3 1
v 4 2
v 5 2
v 6 2
v 7 2
v 8 3
v 9 3
v 10 3
v 11 3
v 12 3
v 13 3
v 14 3
v 15 3
v 16 3
v 17 3
v 18 3
v 19 3
v 20 3
v 21 3
v 22 3
v 23 4
v 24 4
v 25 4
v 26 4
v 27 4
v 28 4
v 29 4
v 30 4
v 31 4
v 32 4
v 33 4
v 34 4
v 35 4
v 36 4
v 37 4
v 38 4
v 39 4
v 40 4
v 41 4
e 1 11 1
e 1 12 1
e 4 8 1
e 4 9 1
e 4 10 1
e 5 13 1
e 5 14 1
e 5 35 1
e 6 16 2
e 6 20 1
e 7 18 1
e 8 11 1
e 8 23 1
e 8 24 1
e 9 12 1
e 9 25 1
e 9 26 1
e 10 13 1
e 10 27 1
e 10 28 1
e 11 29 1
e 11 30 1
e 12 31 1
e 12 32 1
e 13 33 1
e 13 34 1
e 14 15 2
e 14 17 1
e 15 16 1
e 15 18 1
e 16 19 1
e 17 20 2
e 17 36 1
e 18 21 2
e 19 22 2
e 19 37 1
e 20 38 1
e 21 22 1
e 21 39 1
e 22 40 1
t # 23854
v 0 12
v 1 1
v 2 1
v 3 1
v 4 1
v 5 2
v 6 2
v 7 2
v 8 3
v 9 3
v 10 3
v 11 3
v 12 3
v 13 3
v 14 3
v 15 3
v 16 3
v 17 3
v 18 3
v 19 3
v 20 4
v 21 4
v 22 4
v 23 4
v 24 4
v 25 4
v 26 4
v 27 4
v 28 4
v 29 4
v 30 4
v 31 4
v 32 4
v 33 4
e 1 9 1
e 1 31 1
e 2 14 1
e 2 32 1
e 5 8 1
e 5 10 1
e 5 23 1
e 6 12 2
e 6 18 1
e 7 13 1
e 8 9 1
e 8 20 1
e 8 21 1
e 9 14 1
e 9 22 1
e 10 11 2
e 10 15 1
e 11 12 1
e 11 13 1
e 12 16 1
e 13 17 2
e 14 24 1
e 14 25 1
e 15 18 2
e 15 26 1
e 16 19 2
e 16 27 1
e 17 19 1
e 17 28 1
e 18 29 1
e 19 30 1
t # 23855
v 0 12
v 1 1
v 2 1
v 3 1
v 4 1
v 5 2
v 6 2
v 7 2
v 8 2
v 9 2
v 10 2
v 11 2
v 12 3
v 13 3
v 14 3
v 15 3
v 16 3
v 17 3
v 18 3
v 19 3
v 20 3
v 21 3
v 22 3
v 23 3
v 24 4
v 25 4
v 26 4
v 27 4
v 28 4
v 29 4
v 30 4
v 31 4
v 32 4
v 33 4
v 34 4
v 35 4
v 36 4
v 37 4
v 38 4
v 39 4
v 40 4
v 41 4
e 5 13 1
e 5 14 1
e 5 34 1
e 6 15 1
e 6 17 1
e 6 18 1
e 7 16 1
e 7 19 1
e 7 20 1
e 8 17 2
e 8 21 1
e 9 18 1
e 10 19 2
e 10 23 1
e 11 19 1
e 12 13 1
e 12 16 1
e 12 24 1
e 12 25 1
e 13 26 1
e 13 27 1
e 14 15 1
e 14 28 1
e 14 29 1
e 15 30 1
e 15 31 1
e 16 32 1
e 16 33 1
e 17 22 1
e 18 21 2
e 20 23 2
e 20 35 1
e 21 36 1
e 22 37 1
e 22 38 1
e 22 39 1
e 23 40 1
t # 23856
v 0 1
v 1 1
v 2 2
v 3 2
v 4 2
v 5 3
v 6 3
v 7 3
v 8 3
v 9 3
v 10 3
v 11 3
v 12 3
v 13 3
v 14 3
v 15 3
v 16 4
v 17 4
v 18 4
v 19 4
v 20 4
v 21 4
v 22 4
v 23 4
v 24 4
e 0 8 2
e 1 11 2
e 2 5 1
e 2 6 1
e 2 8 1
e 3 6 1
e 3 7 1
e 3 16 1
e 4 8 1
e 4 11 1
e 4 15 1
e 5 7 1
e 5 10 2
e 6 9 2
e 7 12 2
e 9 11 1
e 9 17 1
e 10 13 1
e 10 18 1
e 12 14 1
e 12 19 1
e 13 14 2
e 13 20 1
e 14 24 1
e 15 21 1
e 15 22 1
e 15 23 1
t # 23857
v 0 1
v 1 1
v 2 1
v 3 1
v 4 1
v 5 1
v 6 1
v 7 1
v 8 1
v 9 1
v 10 1
v 11 1
v 12 1
v 13 3
v 14 3
v 15 3
v 16 3
v 17 3
v 18 3
v 19 3
v 20 3
v 21 3
v 22 3
v 23 3
v 24 3
v 25 3
v 26 3
v 27 3
v 28 3
v 29 3
v 30 3
v 31 3
v 32 3
v 33 3
v 34 3
v 35 3
v 36 3
v 37 3
v 38 3
v 39 3
v 40 3
v 41 3
v 42 3
v 43 3
v 44 3
v 45 3
v 46 3
v 47 3
v 48 3
v 49 3
v 50 3
v 51 3
v 52 3
v 53 4
v 54 4
v 55 4
v 56 4
v 57 4
v 58 4
v 59 4
v 60 4
v 61 4
v 62 4
v 63 4
v 64 4
v 65 4
v 66 4
v 67 4
v 68 4
v 69 4
v 70 4
v 71 4
v 72 4
v 73 4
v 74 4
v 75 4
v 76 4
v 77 4
v 78 4
v 79 4
v 80 4
v 81 4
v 82 4
v 83 4
v 84 4
v 85 4
v 86 4
v 87 4
v 88 4
v 89 4
v 90 4
v 91 4
v 92 4
v 93 4
v 94 4
v 95 4
v 96 4
v 97 4
v 98 4
e 0 19 1
e 0 41 1
e 1 20 1
e 1 42 1
e 2 25 1
e 2 43 1
e 3 26 1
e 3 44 1
e 4 27 1
e 4 43 1
e 5 28 1
e 5 44 1
e 6 45 1
e 6 46 1
e 7 35 1
e 7 47 1
e 8 36 1
e 8 48 1
e 9 37 1
e 9 49 1
e 10 38 1
e 10 50 1
e 11 39 1
e 11 51 1
e 12 40 1
e 12 52 1
e 13 15 1
e 13 17 1
e 13 21 1
e 13 53 1
e 14 16 1
e 14 18 1
e 14 22 1
e 14 54 1
e 15 19 1
e 15 23 2
e 16 20 1
e 16 24 2
e 17 31 2
e 17 33 1
e 18 32 2
e 18 34 1
e 19 29 2
e 20 30 2
e 21 55 1
e 21 56 1
e 21 57 1
e 22 58 1
e 22 59 1
e 22 60 1
e 23 25 1
e 23 61 1
e 24 26 1
e 24 62 1
e 25 27 2
e 26 28 2
e 27 29 1
e 28 30 1
e 29 63 1
e 30 64 1
e 31 37 1
e 31 65 1
e 32 38 1
e 32 66 1
e 33 35 2
e 33 67 1
e 34 36 2
e 34 68 1
e 35 39 1
e 36 40 1
e 37 39 2
e 38 40 2
e 41 45 1
e 41 69 1
e 41 70 1
e 42 46 1
e 42 71 1
e 42 72 1
e 43 73 1
e 43 74 1
e 44 75 1
e 44 76 1
e 45 77 1
e 45 78 1
e 46 79 1
e 46 80 1
e 47 81 1
e 47 82 1
e 47 83 1
e 48 84 1
e 48 85 1
e 48 86 1
e 49 87 1
e 49 88 1
e 49 89 1
e 50 90 1
e 50 91 1
e 50 92 1
e 51 93 1
e 51 94 1
e 51 95 1
e 52 96 1
e 52 97 1
e 52 98 1
t # 23858
v 0 1
v 1 1
v 2 1
v 3 1
v 4 1
v 5 1
v 6 2
v 7 2
v 8 2
v 9 3
v 10 3
v 11 3
v 12 3
v 13 3
v 14 3
v 15 3
v 16 3
v 17 3
v 18 3
v 19 3
v 20 3
v 21 3
v 22 3
v 23 3
v 24 3
v 25 3
v 26 4
v 27 4
v 28 4
v 29 4
v 30 4
v 31 4
v 32 4
v 33 4
v 34 4
v 35 4
v 36 4
v 37 4
v 38 4
e 0 9 1
e 0 34 1
e 1 17 1
e 1 25 1
e 2 11 2
e 3 19 1
e 3 35 1
e 6 12 1
e 6 15 2
e 7 16 2
e 7 20 1
e 8 23 1
e 9 10 1
e 9 11 1
e 9 26 1
e 10 13 2
e 10 14 1
e 11 12 1
e 12 20 2
e 13 17 1
e 13 27 1
e 14 18 2
e 14 28 1
e 15 16 1
e 15 22 1
e 16 21 1
e 17 19 2
e 18 19 1
e 18 29 1
e 20 30 1
e 21 23 2
e 21 31 1
e 22 24 2
e 22 32 1
e 23 24 1
e 24 33 1
e 25 36 1
e 25 37 1
e 25 38 1
t # 23859
v 0 12
v 1 1
v 2 1
v 3 1
v 4 1
v 5 2
v 6 2
v 7 3
v 8 3
v 9 3
v 10 3
v 11 3
v 12 3
v 13 3
v 14 3
v 15 3
v 16 3
v 17 3
v 18 3
v 19 3
v 20 3
v 21 4
v 22 4
v 23 4
v 24 4
v 25 4
v 26 4
v 27 4
v 28 4
v 29 4
e 0 17 1
e 1 12 1
e 1 20 1
e 2 7 1
e 2 29 1
e 3 10 2
e 4 13 2
e 5 9 1
e 5 13 1
e 5 22 1
e 6 8 2
e 6 11 1
e 7 10 1
e 7 12 1
e 7 21 1
e 8 10 1
e 8 13 1
e 9 11 2
e 9 14 1
e 11 15 1
e 12 16 2
e 14 17 2
e 14 23 1
e 15 18 2
e 15 24 1
e 16 19 1
e 16 25 1
e 17 18 1
e 18 26 1
e 19 20 2
e 19 27 1
e 20 28 1
t # 23860
v 0 1
v 1 1
v 2 1
v 3 1
v 4 1
v 5 1
v 6 1
v 7 2
v 8 2
v 9 2
v 10 3
v 11 3
v 12 3
v 13 3
v 14 3
v 15 3
v 16 3
v 17 3
v 18 3
v 19 3
v 20 3
v 21 3
v 22 3
v 23 3
v 24 3
v 25 3
v 26 3
v 27 4
v 28 4
v 29 4
v 30 4
v 31 4
v 32 4
v 33 4
v 34 4
v 35 4
v 36 4
v 37 4
e 0 12 1
e 0 22 1
e 1 15 1
e 1 22 1
e 2 10 1
e 2 37 1
e 3 14 2
e 4 21 2
e 7 18 1
e 7 21 1
e 7 31 1
e 8 16 2
e 8 19 1
e 9 25 1
e 10 11 1
e 10 14 1
e 10 27 1
e 11 13 2
e 11 17 1
e 12 13 1
e 12 15 2
e 13 28 1
e 14 16 1
e 15 20 1
e 16 21 1
e 17 20 2
e 17 29 1
e 18 19 2
e 18 23 1
e 19 24 1
e 20 30 1
e 22 32 1
e 22 33 1
e 23 25 2
e 23 34 1
e 24 26 2
e 24 35 1
e 25 26 1
e 26 36 1
t # 23861
v 0 1
v 1 1
v 2 1
v 3 1
v 4 1
v 5 1
v 6 1
v 7 2
v 8 2
v 9 2
v 10 3
v 11 3
v 12 3
v 13 3
v 14 3
v 15 3
v 16 3
v 17 3
v 18 3
v 19 3
v 20 3
v 21 3
v 22 3
v 23 3
v 24 3
v 25 3
v 26 3
v 27 3
v 28 3
v 29 3
v 30 3
v 31 3
v 32 4
v 33 4
v 34 4
v 35 4
v 36 4
v 37 4
v 38 4
v 39 4
v 40 4
v 41 4
v 42 4
v 43 4
v 44 4
v 45 4
v 46 4
v 47 4
v 48 4
e 0 14 2
e 1 15 2
e 2 16 2
e 3 19 2
e 4 23 1
e 4 31 1
e 5 23 2
e 6 29 2
e 7 12 1
e 7 14 1
e 7 33 1
e 8 11 2
e 8 13 1
e 9 19 1
e 9 20 1
e 9 36 1
e 10 11 1
e 10 15 1
e 10 16 1
e 10 32 1
e 11 14 1
e 12 13 1
e 12 17 2
e 13 18 2
e 15 19 1
e 16 23 1
e 17 21 1
e 17 34 1
e 18 22 1
e 18 35 1
e 20 24 1
e 20 26 2
e 21 22 2
e 21 37 1
e 22 38 1
e 24 25 2
e 24 39 1
e 25 27 1
e 25 29 1
e 26 28 1
e 26 40 1
e 27 28 2
e 27 41 1
e 28 42 1
e 29 30 1
e 30 43 1
e 30 44 1
e 30 45 1
e 31 46 1
e 31 47 1
e 31 48 1
t # 23862
v 0 11
v 1 1
v 2 1
v 3 1
v 4 1
v 5 1
v 6 2
v 7 2
v 8 3
v 9 3
v 10 3
v 11 3
v 12 3
v 13 3
v 14 3
v 15 3
v 16 3
v 17 3
v 18 3
v 19 3
v 20 3
v 21 3
v 22 3
v 23 3
v 24 3
v 25 4
v 26 4
v 27 4
v 28 4
v 29 4
v 30 4
v 31 4
v 32 4
v 33 4
v 34 4
v 35 4
v 36 4
v 37 4
v 38 4
e 0 1 2
e 0 8 1
e 0 9 1
e 2 11 2
e 3 12 2
e 4 15 2
e 5 19 1
e 5 24 1
e 6 10 1
e 6 11 1
e 6 26 1
e 7 15 1
e 7 18 1
e 7 31 1
e 8 11 1
e 8 12 1
e 8 25 1
e 9 10 1
e 9 13 2
e 10 14 2
e 12 15 1
e 13 16 1
e 13 27 1
e 14 17 1
e 14 28 1
e 16 17 2
e 16 29 1
e 17 30 1
e 18 19 1
e 18 20 2
e 19 21 2
e 20 22 1
e 20 32 1
e 21 23 1
e 21 33 1
e 22 23 2
e 22 34 1
e 23 35 1
e 24 36 1
e 24 37 1
e 24 38 1
t # 23863
v 0 1
v 1 1
v 2 1
v 3 1
v 4 1
v 5 1
v 6 1
v 7 1
v 8 2
v 9 2
v 10 2
v 11 2
v 12 2
v 13 3
v 14 3
v 15 3
v 16 3
v 17 3
v 18 3
v 19 3
v 20 3
v 21 3
v 22 3
v 23 3
v 24 3
v 25 3
v 26 3
v 27 3
v 28 3
v 29 3
v 30 3
v 31 3
v 32 3
v 33 3
v 34 4
v 35 4
v 36 4
v 37 4
v 38 4
v 39 4
v 40 4
v 41 4
v 42 4
v 43 4
v 44 4
v 45 4
v 46 4
e 0 17 2
e 1 18 2
e 2 19 2
e 3 26 1
e 3 33 1
e 4 22 2
e 5 26 2
e 8 15 1
e 8 17 1
e 8 35 1
e 9 14 2
e 9 16 1
e 10 22 1
e 10 23 1
e 10 38 1
e 11 29 1
e 13 14 1
e 13 18 1
e 13 19 1
e 13 34 1
e 14 17 1
e 15 16 1
e 15 20 2
e 16 21 2
e 18 22 1
e 19 26 1
e 20 24 1
e 20 36 1
e 21 25 1
e 21 37 1
e 23 27 1
e 23 28 2
e 24 25 2
e 24 39 1
e 25 40 1
e 27 29 2
e 27 41 1
e 28 30 1
e 28 32 1
e 29 31 1
e 30 31 2
e 30 42 1
e 31 43 1
e 33 44 1
e 33 45 1
e 33 46 1
t # 23864
v 0 1
v 1 1
v 2 1
v 3 1
v 4 2
v 5 2
v 6 2
v 7 2
v 8 2
v 9 3
v 10 3
v 11 3
v 12 3
v 13 3
v 14 3
v 15 3
v 16 3
v 17 3
v 18 3
v 19 3
v 20 3
v 21 3
v 22 3
v 23 3
v 24 3
v 25 3
v 26 3
v 27 3
v 28 3
v 29 3
v 30 3
v 31 3
v 32 3
v 33 3
v 34 4
v 35 4
v 36 4
v 37 4
v 38 4
v 39 4
v 40 4
v 41 4
v 42 4
v 43 4
v 44 4
v 45 4
v 46 4
v 47 4
v 48 4
v 49 4
v 50 4
e 0 15 2
e 1 20 2
e 2 22 2
e 3 24 2
e 4 9 1
e 4 15 1
e 4 37 1
e 5 10 1
e 5 11 2
e 6 18 1
e 6 21 1
e 6 40 1
e 7 21 1
e 7 24 1
e 7 41 1
e 8 19 1
e 8 21 2
e 9 10 2
e 9 13 1
e 10 16 1
e 11 14 1
e 11 15 1
e 12 13 2
e 12 17 1
e 12 20 1
e 13 34 1
e 14 22 1
e 14 35 1
e 14 36 1
e 16 17 2
e 16 38 1
e 17 39 1
e 18 19 1
e 18 25 2
e 19 26 2
e 20 23 1
e 22 24 1
e 23 29 2
e 23 30 1
e 25 27 1
e 25 42 1
e 26 28 1
e 26 43 1
e 27 28 2
e 27 44 1
e 28 45 1
e 29 31 1
e 29 46 1
e 30 32 2
e 30 47 1
e 31 33 2
e 31 48 1
e 32 33 1
e 32 49 1
e 33 50 1
t # 23865
v 0 1
v 1 1
v 2 1
v 3 1
v 4 1
v 5 2
v 6 2
v 7 2
v 8 2
v 9 3
v 10 3
v 11 3
v 12 3
v 13 3
v 14 3
v 15 3
v 16 3
v 17 3
v 18 3
v 19 3
v 20 3
v 21 3
v 22 3
v 23 3
v 24 3
v 25 4
v 26 4
v 27 4
v 28 4
v 29 4
v 30 4
v 31 4
v 32 4
v 33 4
v 34 4
v 35 4
v 36 4
v 37 4
v 38 4
e 0 15 1
e 0 24 1
e 1 15 2
e 2 16 2
e 3 18 2
e 4 19 2
e 5 9 1
e 5 16 1
e 5 27 1
e 6 7 1
e 6 18 1
e 6 30 1
e 7 19 1
e 7 31 1
e 8 22 2
e 8 23 1
e 9 10 1
e 9 11 2
e 10 12 2
e 10 15 1
e 11 13 1
e 11 25 1
e 12 14 1
e 12 26 1
e 13 14 2
e 13 28 1
e 14 29 1
e 16 18 1
e 17 19 1
e 17 20 2
e 17 21 1
e 20 22 1
e 20 32 1
e 21 23 2
e 21 33 1
e 22 34 1
e 23 35 1
e 24 36 1
e 24 37 1
e 24 38 1
t # 23866
v 0 1
v 1 1
v 2 1
v 3 1
v 4 1
v 5 1
v 6 2
v 7 2
v 8 2
v 9 2
v 10 3
v 11 3
v 12 3
v 13 3
v 14 3
v 15 3
v 16 3
v 17 3
v 18 3
v 19 3
v 20 3
v 21 3
v 22 3
v 23 3
v 24 3
v 25 3
v 26 3
v 27 3
v 28 3
v 29 3
v 30 3
v 31 3
v 32 3
v 33 3
v 34 3
v 35 4
v 36 4
v 37 4
v 38 4
v 39 4
v 40 4
v 41 4
v 42 4
v 43 4
v 44 4
v 45 4
v 46 4
v 47 4
v 48 4
v 49 4
v 50 4
v 51 4
v 52 4
e 0 16 2
e 1 20 2
e 2 21 2
e 3 24 2
e 6 10 1
e 6 16 1
e 6 38 1
e 7 11 1
e 7 12 2
e 8 19 1
e 8 24 1
e 8 41 1
e 9 27 1
e 10 11 2
e 10 14 1
e 11 17 1
e 12 15 1
e 12 16 1
e 13 14 2
e 13 18 1
e 13 20 1
e 14 37 1
e 15 21 1
e 15 35 1
e 15 36 1
e 17 18 2
e 17 39 1
e 18 40 1
e 19 22 2
e 19 25 1
e 20 23 1
e 21 24 1
e 22 26 1
e 22 29 1
e 23 30 2
e 23 31 1
e 25 27 2
e 25 42 1
e 26 28 2
e 26 43 1
e 27 28 1
e 28 44 1
e 29 45 1
e 29 46 1
e 29 47 1
e 30 32 1
e 30 48 1
e 31 33 2
e 31 49 1
e 32 34 2
e 32 50 1
e 33 34 1
e 33 51 1
e 34 52 1
t # 23867
v 0 12
v 1 1
v 2 1
v 3 1
v 4 1
v 5 2
v 6 2
v 7 2
v 8 3
v 9 3
v 10 3
v 11 3
v 12 3
v 13 3
v 14 3
v 15 3
v 16 3
v 17 3
v 18 3
v 19 3
v 20 3
v 21 3
v 22 3
v 23 3
v 24 3
v 25 3
v 26 3
v 27 3
v 28 3
v 29 3
v 30 3
v 31 3
v 32 3
v 33 4
v 34 4
v 35 4
v 36 4
v 37 4
v 38 4
v 39 4
v 40 4
v 41 4
v 42 4
v 43 4
v 44 4
v 45 4
v 46 4
v 47 4
v 48 4
v 49 4
v 50 4
e 0 29 1
e 1 14 2
e 2 17 2
e 3 18 2
e 4 22 2
e 5 8 1
e 5 14 1
e 5 36 1
e 6 9 1
e 6 10 2
e 7 19 1
e 7 22 1
e 7 39 1
e 8 9 2
e 8 12 1
e 9 15 1
e 10 13 1
e 10 14 1
e 11 12 2
e 11 16 1
e 11 17 1
e 12 33 1
e 13 18 1
e 13 34 1
e 13 35 1
e 15 16 2
e 15 37 1
e 16 38 1
e 17 20 1
e 18 22 1
e 19 21 2
e 19 23 1
e 20 25 2
e 20 26 1
e 21 24 1
e 21 27 1
e 23 28 2
e 23 40 1
e 24 29 2
e 24 41 1
e 25 30 1
e 25 45 1
e 26 31 2
e 26 46 1
e 27 42 1
e 27 43 1
e 27 44 1
e 28 29 1
e 28 47 1
e 30 32 2
e 30 48 1
e 31 32 1
e 31 49 1
e 32 50 1
t # 23868
v 0 14
v 1 14
v 2 14
v 3 1
v 4 1
v 5 1
v 6 1
v 7 1
v 8 1
v 9 2
v 10 2
v 11 2
v 12 2
v 13 3
v 14 3
v 15 3
v 16 3
v 17 3
v 18 3
v 19 3
v 20 3
v 21 3
v 22 3
v 23 3
v 24 3
v 25 3
v 26 3
v 27 3
v 28 3
v 29 3
v 30 3
v 31 3
v 32 3
v 33 3
v 34 3
v 35 3
v 36 3
v 37 3
v 38 4
v 39 4
v 40 4
v 41 4
v 42 4
v 43 4
v 44 4
v 45 4
v 46 4
v 47 4
v 48 4
v 49 4
v 50 4
v 51 4
v 52 4
e 3 19 2
e 4 23 2
e 5 24 2
e 6 28 2
e 9 13 1
e 9 19 1
e 9 41 1
e 10 14 1
e 10 15 2
e 11 22 1
e 11 28 1
e 11 44 1
e 12 25 1
e 13 14 2
e 13 18 1
e 14 20 1
e 15 17 1
e 15 19 1
e 16 18 2
e 16 21 1
e 16 23 1
e 17 24 1
e 17 38 1
e 17 39 1
e 18 40 1
e 20 21 2
e 20 42 1
e 21 43 1
e 22 25 2
e 22 30 1
e 23 27 1
e 24 28 1
e 25 29 1
e 26 29 2
e 26 31 1
e 26 32 1
e 27 33 2
e 27 34 1
e 29 45 1
e 30 31 2
e 30 46 1
e 31 47 1
e 33 35 1
e 33 48 1
e 34 36 2
e 34 49 1
e 35 37 2
e 35 50 1
e 36 37 1
e 36 51 1
e 37 52 1
t # 23869
v 0 14
v 1 1
v 2 1
v 3 1
v 4 1
v 5 1
v 6 2
v 7 2
v 8 2
v 9 3
v 10 3
v 11 3
v 12 3
v 13 3
v 14 3
v 15 3
v 16 3
v 17 3
v 18 3
v 19 3
v 20 3
v 21 3
v 22 3
v 23 3
v 24 3
v 25 3
v 26 3
v 27 3
v 28 3
v 29 4
v 30 4
v 31 4
v 32 4
v 33 4
v 34 4
v 35 4
v 36 4
v 37 4
v 38 4
v 39 4
v 40 4
v 41 4
v 42 4
v 43 4
v 44 4
e 1 16 1
e 1 25 1
e 2 12 2
e 3 13 2
e 4 16 2
e 5 17 2
e 6 11 2
e 6 14 1
e 7 13 1
e 7 15 1
e 7 32 1
e 8 17 1
e 8 22 1
e 8 35 1
e 9 10 1
e 9 12 1
e 9 16 1
e 9 29 1
e 10 11 1
e 10 30 1
e 10 31 1
e 11 13 1
e 12 17 1
e 14 15 1
e 14 18 2
e 15 19 2
e 18 20 1
e 18 33 1
e 19 21 1
e 19 34 1
e 20 21 2
e 20 36 1
e 21 37 1
e 22 23 2
e 22 24 1
e 23 26 1
e 23 38 1
e 24 27 2
e 24 39 1
e 25 40 1
e 25 41 1
e 25 42 1
e 26 28 2
e 26 43 1
e 27 28 1
e 27 44 1
t # 23870
v 0 1
v 1 1
v 2 1
v 3 2
v 4 2
v 5 2
v 6 2
v 7 2
v 8 2
v 9 3
v 10 3
v 11 3
v 12 3
v 13 3
v 14 3
v 15 3
v 16 3
v 17 3
v 18 3
v 19 3
v 20 3
v 21 3
v 22 3
v 23 3
v 24 3
v 25 3
v 26 3
v 27 4
v 28 4
v 29 4
v 30 4
v 31 4
v 32 4
v 33 4
v 34 4
v 35 4
v 36 4
v 37 4
v 38 4
v 39 4
v 40 4
v 41 4
v 42 4
v 43 4
v 44 4
e 0 14 2
e 1 23 2
e 2 24 2
e 3 5 1
e 3 14 1
e 3 15 1
e 4 9 1
e 4 23 1
e 4 27 1
e 5 24 1
e 5 31 1
e 6 13 1
e 6 15 2
e 7 8 1
e 7 15 1
e 7 42 1
e 8 43 1
e 8 44 1
e 9 11 2
e 9 12 1
e 10 13 1
e 10 14 1
e 10 18 2
e 11 16 1
e 11 21 1
e 12 17 2
e 12 22 1
e 13 19 2
e 16 20 2
e 16 28 1
e 17 20 1
e 17 29 1
e 18 25 1
e 18 30 1
e 19 26 1
e 19 32 1
e 20 33 1
e 21 34 1
e 21 35 1
e 21 36 1
e 22 37 1
e 22 38 1
e 22 39 1
e 23 24 1
e 25 26 2
e 25 40 1
e 26 41 1
t # 23871
v 0 11
v 1 1
v 2 1
v 3 1
v 4 1
v 5 1
v 6 2
v 7 2
v 8 3
v 9 3
v 10 3
v 11 3
v 12 3
v 13 3
v 14 3
v 15 3
v 16 3
v 17 3
v 18 3
v 19 3
v 20 3
v 21 3
v 22 3
v 23 3
v 24 3
v 25 3
v 26 4
v 27 4
v 28 4
v 29 4
v 30 4
v 31 4
v 32 4
v 33 4
v 34 4
v 35 4
v 36 4
v 37 4
v 38 4
v 39 4
v 40 4
v 41 4
e 0 1 2
e 0 8 1
e 0 9 1
e 2 11 2
e 3 12 2
e 4 19 1
e 4 24 1
e 5 15 2
e 6 10 1
e 6 11 1
e 6 27 1
e 7 15 1
e 7 18 1
e 7 32 1
e 8 11 1
e 8 12 1
e 8 26 1
e 9 10 1
e 9 13 2
e 10 14 2
e 12 15 1
e 13 16 1
e 13 28 1
e 14 17 1
e 14 29 1
e 16 17 2
e 16 30 1
e 17 31 1
e 18 19 1
e 18 20 2
e 19 21 2
e 20 22 1
e 20 33 1
e 21 23 1
e 21 34 1
e 22 23 2
e 22 35 1
e 23 36 1
e 24 25 1
e 24 37 1
e 24 38 1
e 25 39 1
e 25 40 1
e 25 41 1
t # 23872
v 0 1
v 1 1
v 2 1
v 3 1
v 4 2
v 5 2
v 6 2
v 7 3
v 8 3
v 9 3
v 10 3
v 11 3
v 12 3
v 13 3
v 14 3
v 15 3
v 16 3
v 17 3
v 18 3
v 19 3
v 20 3
v 21 3
v 22 3
v 23 3
v 24 3
v 25 3
v 26 3
v 27 3
v 28 3
v 29 3
v 30 3
v 31 4
v 32 4
v 33 4
v 34 4
v 35 4
v 36 4
v 37 4
v 38 4
v 39 4
v 40 4
v 41 4
v 42 4
v 43 4
v 44 4
v 45 4
v 46 4
v 47 4
v 48 4
v 49 4
v 50 4
v 51 4
v 52 4
v 53 4
v 54 4
v 55 4
e 0 11 2
e 1 13 2
e 2 19 2
e 3 24 2
e 4 7 1
e 4 10 1
e 4 11 1
e 5 17 1
e 5 19 1
e 5 47 1
e 6 14 2
e 6 18 1
e 7 8 1
e 7 31 1
e 7 32 1
e 8 9 1
e 8 33 1
e 8 34 1
e 9 15 1
e 9 35 1
e 9 36 1
e 10 16 1
e 10 37 1
e 10 38 1
e 11 13 1
e 12 13 1
e 12 14 1
e 12 39 1
e 12 40 1
e 14 19 1
e 15 41 1
e 15 42 1
e 15 43 1
e 16 44 1
e 16 45 1
e 16 46 1
e 17 18 2
e 17 20 1
e 18 22 1
e 20 21 2
e 20 48 1
e 21 23 1
e 21 24 1
e 22 23 2
e 22 49 1
e 23 50 1
e 24 25 1
e 25 26 2
e 25 27 1
e 26 28 1
e 26 51 1
e 27 29 2
e 27 52 1
e 28 30 2
e 28 53 1
e 29 30 1
e 29 54 1
e 30 55 1
t # 23873
v 0 1
v 1 1
v 2 1
v 3 1
v 4 1
v 5 1
v 6 1
v 7 1
v 8 2
v 9 2
v 10 2
v 11 2
v 12 3
v 13 3
v 14 3
v 15 3
v 16 3
v 17 3
v 18 3
v 19 3
v 20 3
v 21 3
v 22 3
v 23 3
v 24 3
v 25 3
v 26 3
v 27 3
v 28 3
v 29 3
v 30 3
v 31 3
v 32 4
v 33 4
v 34 4
v 35 4
v 36 4
v 37 4
v 38 4
v 39 4
v 40 4
v 41 4
v 42 4
v 43 4
v 44 4
v 45 4
e 0 16 2
e 1 17 2
e 2 18 2
e 3 25 1
e 3 31 1
e 4 21 2
e 5 25 2
e 8 14 1
e 8 16 1
e 8 33 1
e 9 13 2
e 9 15 1
e 10 21 1
e 10 24 1
e 10 38 1
e 11 28 1
e 12 13 1
e 12 17 1
e 12 18 1
e 12 32 1
e 13 16 1
e 14 15 1
e 14 19 2
e 15 20 2
e 17 21 1
e 18 25 1
e 19 22 1
e 19 34 1
e 20 23 1
e 20 35 1
e 22 23 2
e 22 36 1
e 23 37 1
e 24 26 2
e 24 27 1
e 26 29 1
e 26 39 1
e 27 30 2
e 27 40 1
e 28 29 2
e 28 30 1
e 29 41 1
e 30 42 1
e 31 43 1
e 31 44 1
e 31 45 1
t # 23874
v 0 1
v 1 1
v 2 1
v 3 2
v 4 2
v 5 2
v 6 3
v 7 3
v 8 3
v 9 3
v 10 3
v 11 3
v 12 3
v 13 3
v 14 3
v 15 3
v 16 3
v 17 3
v 18 3
v 19 3
v 20 3
v 21 3
v 22 3
v 23 3
v 24 3
v 25 3
v 26 4
v 27 4
v 28 4
v 29 4
v 30 4
v 31 4
v 32 4
v 33 4
v 34 4
v 35 4
v 36 4
v 37 4
v 38 4
v 39 4
v 40 4
v 41 4
v 42 4
v 43 4
v 44 4
e 0 8 2
e 1 9 2
e 2 12 2
e 3 4 1
e 3 8 1
e 3 10 1
e 4 7 2
e 5 12 1
e 5 13 1
e 5 30 1
e 6 7 1
e 6 8 1
e 6 9 1
e 6 26 1
e 7 11 1
e 9 12 1
e 10 15 2
e 10 16 1
e 11 27 1
e 11 28 1
e 11 29 1
e 13 14 2
e 13 17 1
e 14 19 1
e 14 21 1
e 15 22 1
e 15 31 1
e 16 23 2
e 16 32 1
e 17 20 2
e 17 34 1
e 18 19 2
e 18 20 1
e 18 25 1
e 19 33 1
e 20 35 1
e 21 36 1
e 21 37 1
e 21 38 1
e 22 24 2
e 22 39 1
e 23 24 1
e 23 40 1
e 24 41 1
e 25 42 1
e 25 43 1
e 25 44 1
t # 23875
v 0 12
v 1 12
v 2 11
v 3 1
v 4 1
v 5 1
v 6 1
v 7 1
v 8 2
v 9 2
v 10 2
v 11 2
v 12 2
v 13 3
v 14 3
v 15 3
v 16 3
v 17 3
v 18 3
v 19 3
v 20 3
v 21 3
v 22 3
v 23 3
v 24 3
v 25 3
v 26 3
v 27 3
v 28 3
v 29 3
v 30 3
v 31 3
v 32 3
v 33 3
v 34 3
v 35 3
v 36 3
v 37 4
v 38 4
v 39 4
v 40 4
v 41 4
v 42 4
v 43 4
v 44 4
v 45 4
v 46 4
v 47 4
v 48 4
v 49 4
v 50 4
v 51 4
v 52 4
v 53 4
v 54 4
v 55 4
e 0 33 1
e 1 35 1
e 2 13 1
e 2 18 1
e 3 20 1
e 3 30 1
e 4 26 1
e 4 27 1
e 5 16 2
e 6 19 2
e 7 22 2
e 8 17 1
e 8 22 1
e 8 39 1
e 9 15 1
e 9 18 2
e 10 18 1
e 10 26 1
e 10 43 1
e 11 12 1
e 11 26 2
e 12 27 2
e 13 15 2
e 13 16 1
e 14 16 1
e 14 19 1
e 14 37 1
e 14 38 1
e 15 21 1
e 17 20 1
e 17 23 2
e 19 22 1
e 20 24 2
e 21 40 1
e 21 41 1
e 21 42 1
e 23 28 1
e 23 44 1
e 24 29 1
e 24 45 1
e 25 27 1
e 25 31 2
e 25 32 1
e 28 29 2
e 28 46 1
e 29 47 1
e 30 36 1
e 30 48 1
e 30 49 1
e 31 33 1
e 31 50 1
e 32 34 2
e 32 51 1
e 33 35 2
e 34 35 1
e 34 52 1
e 36 53 1
e 36 54 1
e 36 55 1
t # 23876
v 0 27
v 1 11
v 2 1
v 3 1
v 4 2
v 5 2
v 6 3
v 7 3
v 8 3
v 9 3
v 10 3
v 11 3
v 12 3
v 13 3
v 14 3
v 15 3
v 16 3
v 17 3
v 18 3
v 19 3
v 20 3
v 21 3
v 22 3
v 23 4
v 24 4
v 25 4
v 26 4
v 27 4
v 28 4
v 29 4
v 30 4
v 31 4
v 32 4
v 33 4
v 34 4
v 35 4
v 36 4
v 37 4
v 38 4
v 39 4
v 40 4
v 41 4
e 1 13 1
e 1 22 1
e 2 7 1
e 2 12 1
e 3 15 2
e 4 6 1
e 4 13 1
e 4 27 1
e 5 13 2
e 5 15 1
e 6 8 2
e 6 9 1
e 7 10 2
e 7 11 1
e 8 10 1
e 8 23 1
e 9 11 2
e 9 24 1
e 10 25 1
e 11 26 1
e 12 18 1
e 12 28 1
e 12 29 1
e 14 15 1
e 14 16 2
e 14 17 1
e 16 19 1
e 16 30 1
e 17 20 2
e 17 31 1
e 18 32 1
e 18 33 1
e 18 34 1
e 19 21 2
e 19 35 1
e 20 21 1
e 20 36 1
e 21 37 1
e 22 38 1
e 22 39 1
e 22 40 1
t # 23877
v 0 11
v 1 1
v 2 1
v 3 2
v 4 2
v 5 2
v 6 3
v 7 3
v 8 3
v 9 3
v 10 3
v 11 3
v 12 3
v 13 3
v 14 3
v 15 3
v 16 3
v 17 3
v 18 3
v 19 3
v 20 3
v 21 3
v 22 3
v 23 3
v 24 3
v 25 3
v 26 3
v 27 3
v 28 3
v 29 3
v 30 3
v 31 3
v 32 3
v 33 4
v 34 4
v 35 4
v 36 4
v 37 4
v 38 4
v 39 4
v 40 4
v 41 4
v 42 4
v 43 4
v 44 4
v 45 4
v 46 4
v 47 4
v 48 4
v 49 4
v 50 4
v 51 4
v 52 4
v 53 4
e 0 12 1
e 0 23 1
e 1 21 2
e 2 24 2
e 3 7 1
e 3 24 1
e 3 40 1
e 4 10 1
e 4 12 2
e 6 10 1
e 6 15 2
e 6 16 1
e 7 8 2
e 7 20 1
e 8 14 1
e 8 25 1
e 9 12 1
e 9 21 1
e 9 31 1
e 9 33 1
e 10 23 2
e 11 17 1
e 11 18 2
e 11 19 1
e 13 14 2
e 13 22 1
e 13 26 1
e 14 34 1
e 15 18 1
e 15 35 1
e 16 19 2
e 16 36 1
e 17 27 2
e 17 28 1
e 18 37 1
e 19 38 1
e 20 22 2
e 20 39 1
e 21 24 1
e 22 41 1
e 23 42 1
e 25 43 1
e 25 44 1
e 25 45 1
e 26 46 1
e 26 47 1
e 26 48 1
e 27 29 1
e 27 49 1
e 28 30 2
e 28 50 1
e 29 32 2
e 29 51 1
e 30 32 1
e 30 52 1
e 32 53 1
t # 23878
v 0 12
v 1 12
v 2 1
v 3 1
v 4 1
v 5 1
v 6 1
v 7 1
v 8 1
v 9 1
v 10 2
v 11 2
v 12 2
v 13 2
v 14 2
v 15 2
v 16 3
v 17 3
v 18 3
v 19 3
v 20 3
v 21 3
v 22 3
v 23 3
v 24 3
v 25 3
v 26 3
v 27 3
v 28 3
v 29 3
v 30 3
v 31 3
v 32 3
v 33 3
v 34 3
v 35 3
v 36 3
v 37 3
v 38 3
v 39 3
v 40 3
v 41 3
v 42 3
v 43 4
v 44 4
v 45 4
v 46 4
v 47 4
v 48 4
v 49 4
v 50 4
v 51 4
v 52 4
v 53 4
v 54 4
v 55 4
v 56 4
v 57 4
v 58 4
v 59 4
v 60 4
v 61 4
v 62 4
v 63 4
v 64 4
v 65 4
v 66 4
e 0 29 1
e 1 30 1
e 2 37 2
e 3 38 2
e 4 35 2
e 5 36 2
e 6 39 2
e 7 40 2
e 8 41 2
e 9 42 2
e 10 23 1
e 10 35 1
e 10 53 1
e 11 24 1
e 11 36 1
e 11 54 1
e 12 31 1
e 12 41 1
e 12 63 1
e 13 32 1
e 13 42 1
e 13 64 1
e 14 39 1
e 14 41 1
e 14 65 1
e 15 40 1
e 15 42 1
e 15 66 1
e 16 17 1
e 16 18 1
e 16 43 1
e 16 44 1
e 17 21 2
e 17 25 1
e 18 22 2
e 18 26 1
e 19 21 1
e 19 23 2
e 19 27 1
e 20 22 1
e 20 24 2
e 20 28 1
e 21 45 1
e 22 46 1
e 23 29 1
e 24 30 1
e 25 29 2
e 25 47 1
e 26 30 2
e 26 48 1
e 27 33 1
e 27 49 1
e 27 50 1
e 28 34 1
e 28 51 1
e 28 52 1
e 31 37 1
e 31 39 1
e 31 55 1
e 32 38 1
e 32 40 1
e 32 56 1
e 33 57 1
e 33 58 1
e 33 59 1
e 34 60 1
e 34 61 1
e 34 62 1
e 35 37 1
e 36 38 1
t # 23879
v 0 11
v 1 1
v 2 1
v 3 1
v 4 2
v 5 2
v 6 3
v 7 3
v 8 3
v 9 3
v 10 3
v 11 3
v 12 3
v 13 3
v 14 3
v 15 3
v 16 3
v 17 3
v 18 3
v 19 3
v 20 3
v 21 3
v 22 3
v 23 3
v 24 3
v 25 3
v 26 3
v 27 3
v 28 3
v 29 3
v 30 3
v 31 3
v 32 4
v 33 4
v 34 4
v 35 4
v 36 4
v 37 4
v 38 4
v 39 4
v 40 4
v 41 4
v 42 4
v 43 4
v 44 4
v 45 4
v 46 4
v 47 4
v 48 4
v 49 4
v 50 4
v 51 4
v 52 4
v 53 4
v 54 4
v 55 4
v 56 4
v 57 4
v 58 4
v 59 4
e 0 11 1
e 0 20 1
e 1 10 2
e 2 12 2
e 3 19 2
e 4 9 1
e 4 18 1
e 4 37 1
e 5 13 1
e 5 19 1
e 5 40 1
e 6 7 1
e 6 10 1
e 6 12 1
e 6 32 1
e 7 8 1
e 7 33 1
e 7 34 1
e 8 9 1
e 8 35 1
e 8 36 1
e 9 11 2
e 10 11 1
e 12 19 1
e 13 14 2
e 13 15 1
e 14 16 1
e 14 21 1
e 15 17 1
e 15 22 2
e 16 23 1
e 16 24 1
e 16 38 1
e 17 25 1
e 17 26 1
e 17 39 1
e 18 20 1
e 18 28 2
e 20 29 2
e 21 27 2
e 21 41 1
e 22 27 1
e 22 42 1
e 23 43 1
e 23 44 1
e 23 45 1
e 24 46 1
e 24 47 1
e 24 48 1
e 25 49 1
e 25 50 1
e 25 51 1
e 26 52 1
e 26 53 1
e 26 54 1
e 27 55 1
e 28 30 1
e 28 56 1
e 29 31 1
e 29 57 1
e 30 31 2
e 30 58 1
e 31 59 1
t # 23880
v 0 12
v 1 12
v 2 12
v 3 12
v 4 1
v 5 1
v 6 1
v 7 1
v 8 1
v 9 1
v 10 1
v 11 1
v 12 2
v 13 2
v 14 2
v 15 2
v 16 3
v 17 3
v 18 3
v 19 3
v 20 3
v 21 3
v 22 3
v 23 3
v 24 3
v 25 3
v 26 3
v 27 3
v 28 3
v 29 3
v 30 3
v 31 3
v 32 3
v 33 3
v 34 3
v 35 3
v 36 3
v 37 3
v 38 3
v 39 3
v 40 4
v 41 4
v 42 4
v 43 4
v 44 4
v 45 4
v 46 4
v 47 4
v 48 4
v 49 4
v 50 4
v 51 4
v 52 4
v 53 4
e 0 30 1
e 1 32 1
e 2 34 1
e 3 36 1
e 4 24 2
e 5 25 2
e 10 26 2
e 11 27 2
e 12 19 1
e 13 22 1
e 14 26 1
e 14 28 1
e 14 46 1
e 15 27 1
e 15 29 1
e 15 47 1
e 16 17 2
e 16 18 1
e 16 19 1
e 17 20 1
e 17 21 1
e 18 24 1
e 18 40 1
e 18 41 1
e 19 22 2
e 20 25 1
e 20 42 1
e 20 43 1
e 21 23 2
e 21 44 1
e 22 23 1
e 23 45 1
e 24 26 1
e 25 27 1
e 28 30 2
e 28 31 1
e 29 32 2
e 29 33 1
e 30 35 1
e 31 34 2
e 31 48 1
e 32 37 1
e 33 36 2
e 33 49 1
e 34 38 1
e 35 38 2
e 35 50 1
e 36 39 1
e 37 39 2
e 37 51 1
e 38 52 1
e 39 53 1
t # 23881
v 0 12
v 1 12
v 2 1
v 3 1
v 4 1
v 5 1
v 6 2
v 7 2
v 8 2
v 9 2
v 10 3
v 11 3
v 12 3
v 13 3
v 14 3
v 15 3
v 16 3
v 17 3
v 18 3
v 19 3
v 20 3
v 21 3
v 22 3
v 23 3
v 24 3
v 25 3
v 26 3
v 27 3
v 28 3
v 29 3
v 30 3
v 31 3
v 32 3
v 33 3
v 34 3
v 35 3
v 36 3
v 37 3
v 38 3
v 39 3
v 40 3
v 41 3
v 42 3
v 43 3
v 44 3
v 45 3
v 46 3
v 47 4
v 48 4
v 49 4
v 50 4
v 51 4
v 52 4
v 53 4
v 54 4
v 55 4
v 56 4
v 57 4
v 58 4
v 59 4
v 60 4
v 61 4
v 62 4
v 63 4
v 64 4
v 65 4
v 66 4
v 67 4
v 68 4
v 69 4
v 70 4
v 71 4
v 72 4
v 73 4
v 74 4
v 75 4
v 76 4
v 77 4
v 78 4
v 79 4
v 80 4
v 81 4
v 82 4
v 83 4
v 84 4
e 0 19 1
e 1 20 1
e 2 31 2
e 3 32 2
e 4 33 2
e 5 34 2
e 6 17 1
e 6 31 1
e 6 59 1
e 7 18 1
e 7 32 1
e 7 60 1
e 8 37 1
e 8 43 2
e 9 38 1
e 9 44 2
e 10 11 1
e 10 12 1
e 10 47 1
e 10 48 1
e 11 19 2
e 11 21 1
e 12 20 2
e 12 22 1
e 13 17 2
e 13 19 1
e 13 23 1
e 14 18 2
e 14 20 1
e 14 24 1
e 15 17 1
e 15 21 2
e 15 25 1
e 16 18 1
e 16 22 2
e 16 26 1
e 21 49 1
e 22 50 1
e 23 27 1
e 23 51 1
e 23 52 1
e 24 28 1
e 24 53 1
e 24 54 1
e 25 29 1
e 25 55 1
e 25 56 1
e 26 30 1
e 26 57 1
e 26 58 1
e 27 61 1
e 27 62 1
e 27 63 1
e 28 64 1
e 28 65 1
e 28 66 1
e 29 67 1
e 29 68 1
e 29 69 1
e 30 70 1
e 30 71 1
e 30 72 1
e 31 33 1
e 32 34 1
e 33 35 1
e 34 36 1
e 35 37 1
e 35 73 1
e 35 74 1
e 36 38 1
e 36 75 1
e 36 76 1
e 37 39 2
e 38 40 2
e 39 41 1
e 39 77 1
e 40 42 1
e 40 78 1
e 41 45 2
e 41 79 1
e 42 46 2
e 42 80 1
e 43 45 1
e 43 81 1
e 44 46 1
e 44 82 1
e 45 83 1
e 46 84 1
t # 23882
v 0 1
v 1 1
v 2 1
v 3 1
v 4 1
v 5 1
v 6 3
v 7 3
v 8 3
v 9 3
v 10 3
v 11 3
v 12 3
v 13 3
v 14 3
v 15 3
v 16 3
v 17 3
v 18 3
v 19 3
v 20 4
v 21 4
v 22 4
v 23 4
v 24 4
v 25 4
v 26 4
v 27 4
v 28 4
v 29 4
e 0 6 1
e 0 8 1
e 1 8 1
e 1 9 1
e 2 17 1
e 2 28 1
e 3 17 2
e 4 19 1
e 4 29 1
e 5 19 2
e 6 7 1
e 6 10 2
e 7 13 2
e 7 17 1
e 8 11 2
e 9 12 2
e 9 16 1
e 10 14 1
e 10 20 1
e 11 12 1
e 11 21 1
e 12 22 1
e 13 15 1
e 13 23 1
e 14 15 2
e 14 24 1
e 15 25 1
e 16 18 2
e 16 26 1
e 18 19 1
e 18 27 1
t # 23883
v 0 12
v 1 8
v 2 1
v 3 1
v 4 2
v 5 2
v 6 2
v 7 2
v 8 3
v 9 3
v 10 3
v 11 3
v 12 3
v 13 3
v 14 3
v 15 3
v 16 3
v 17 3
v 18 3
v 19 3
v 20 3
v 21 3
v 22 3
v 23 3
v 24 3
v 25 3
v 26 3
v 27 3
v 28 3
v 29 3
v 30 4
v 31 4
v 32 4
v 33 4
v 34 4
v 35 4
v 36 4
v 37 4
v 38 4
v 39 4
v 40 4
v 41 4
v 42 4
v 43 4
v 44 4
v 45 4
e 0 25 1
e 2 18 1
e 2 29 1
e 3 29 2
e 4 11 1
e 5 18 1
e 8 12 2
e 8 15 1
e 9 13 2
e 9 16 1
e 10 14 2
e 10 17 1
e 11 18 1
e 11 25 2
e 12 19 1
e 12 30 1
e 13 20 1
e 13 31 1
e 14 21 1
e 14 32 1
e 15 22 2
e 15 33 1
e 16 23 2
e 16 34 1
e 17 24 2
e 17 35 1
e 18 36 1
e 19 26 2
e 19 37 1
e 20 27 2
e 20 38 1
e 21 28 2
e 21 39 1
e 22 26 1
e 22 40 1
e 23 27 1
e 23 41 1
e 24 28 1
e 24 42 1
e 25 29 1
e 26 43 1
e 27 44 1
e 28 45 1
t # 23884
v 0 1
v 1 1
v 2 2
v 3 3
v 4 3
v 5 3
v 6 3
v 7 3
v 8 3
v 9 3
v 10 3
v 11 3
v 12 3
v 13 3
v 14 3
v 15 3
v 16 3
v 17 3
v 18 4
v 19 4
v 20 4
v 21 4
v 22 4
v 23 4
v 24 4
v 25 4
v 26 4
v 27 4
v 28 4
e 0 4 1
e 0 5 1
e 1 7 1
e 1 28 1
e 2 5 2
e 2 14 1
e 3 4 1
e 3 7 1
e 3 8 2
e 4 9 2
e 5 6 1
e 6 12 2
e 6 13 1
e 7 14 2
e 8 10 1
e 8 18 1
e 9 11 1
e 9 19 1
e 10 11 2
e 10 20 1
e 11 21 1
e 12 15 1
e 12 22 1
e 13 16 2
e 13 23 1
e 14 24 1
e 15 17 2
e 15 25 1
e 16 17 1
e 16 26 1
e 17 27 1
t # 23885
v 0 1
v 1 1
v 2 2
v 3 3
v 4 3
v 5 3
v 6 3
v 7 3
v 8 3
v 9 3
v 10 3
v 11 3
v 12 3
v 13 4
v 14 4
v 15 4
v 16 4
v 17 4
v 18 4
v 19 4
v 20 4
v 21 4
e 0 4 1
e 0 9 1
e 1 5 1
e 1 21 1
e 2 9 2
e 2 11 1
e 3 4 1
e 3 5 1
e 3 6 2
e 4 7 2
e 5 11 2
e 6 8 1
e 6 13 1
e 7 10 1
e 7 14 1
e 8 10 2
e 8 15 1
e 9 12 1
e 10 16 1
e 11 17 1
e 12 18 1
e 12 19 1
e 12 20 1
t # 23886
v 0 12
v 1 12
v 2 1
v 3 2
v 4 2
v 5 2
v 6 3
v 7 3
v 8 3
v 9 3
v 10 3
v 11 3
v 12 3
v 13 3
v 14 3
v 15 3
v 16 3
v 17 3
v 18 3
v 19 3
v 20 3
v 21 4
v 22 4
v 23 4
v 24 4
v 25 4
v 26 4
v 27 4
v 28 4
v 29 4
v 30 4
v 31 4
e 0 16 1
e 1 20 1
e 2 12 2
e 3 8 1
e 3 11 1
e 3 23 1
e 4 5 1
e 4 7 2
e 5 12 1
e 5 26 1
e 6 7 1
e 6 9 1
e 6 10 2
e 7 8 1
e 8 21 1
e 8 22 1
e 9 12 1
e 9 13 2
e 10 14 1
e 10 24 1
e 11 16 2
e 11 17 1
e 13 15 1
e 13 25 1
e 14 15 2
e 14 27 1
e 15 28 1
e 16 18 1
e 17 19 2
e 17 29 1
e 18 20 2
e 18 30 1
e 19 20 1
e 19 31 1
t # 23887
v 0 1
v 1 1
v 2 1
v 3 2
v 4 2
v 5 3
v 6 3
v 7 3
v 8 3
v 9 3
v 10 3
v 11 3
v 12 3
v 13 3
v 14 3
v 15 3
v 16 3
v 17 3
v 18 3
v 19 3
v 20 3
v 21 3
v 22 3
v 23 3
v 24 3
v 25 3
v 26 4
v 27 4
v 28 4
v 29 4
v 30 4
v 31 4
v 32 4
v 33 4
v 34 4
v 35 4
v 36 4
v 37 4
v 38 4
v 39 4
v 40 4
v 41 4
v 42 4
v 43 4
v 44 4
v 45 4
e 0 9 1
e 0 14 1
e 1 18 1
e 1 25 1
e 2 18 2
e 3 7 1
e 3 10 1
e 3 15 1
e 4 12 1
e 4 20 2
e 5 6 1
e 5 7 1
e 5 9 1
e 5 26 1
e 6 8 1
e 6 11 1
e 6 27 1
e 7 28 1
e 7 29 1
e 8 10 1
e 8 30 1
e 8 31 1
e 9 13 1
e 9 32 1
e 10 12 2
e 11 14 2
e 11 18 1
e 12 16 1
e 13 33 1
e 13 34 1
e 13 35 1
e 14 36 1
e 15 17 2
e 15 37 1
e 16 17 1
e 16 19 2
e 17 38 1
e 19 20 1
e 19 21 1
e 20 22 1
e 21 23 2
e 21 39 1
e 22 24 2
e 22 40 1
e 23 24 1
e 23 41 1
e 24 42 1
e 25 43 1
e 25 44 1
e 25 45 1
t # 23888
v 0 1
v 1 1
v 2 1
v 3 1
v 4 2
v 5 3
v 6 3
v 7 3
v 8 3
v 9 3
v 10 3
v 11 3
v 12 3
v 13 3
v 14 3
v 15 3
v 16 3
v 17 3
v 18 3
v 19 3
v 20 3
v 21 3
v 22 4
v 23 4
v 24 4
v 25 4
v 26 4
v 27 4
v 28 4
v 29 4
v 30 4
v 31 4
v 32 4
v 33 4
v 34 4
e 0 9 2
e 1 14 1
e 1 20 1
e 2 21 1
e 2 34 1
e 3 21 2
e 4 5 1
e 4 6 1
e 4 15 1
e 5 7 2
e 5 10 1
e 6 8 1
e 6 12 2
e 7 9 1
e 7 11 1
e 8 9 1
e 8 13 2
e 10 16 2
e 10 22 1
e 11 14 2
e 11 23 1
e 12 17 1
e 12 24 1
e 13 18 1
e 13 25 1
e 14 16 1
e 15 19 2
e 15 26 1
e 16 27 1
e 17 18 2
e 17 28 1
e 18 29 1
e 19 21 1
e 19 30 1
e 20 31 1
e 20 32 1
e 20 33 1
t # 23889
v 0 1
v 1 1
v 2 1
v 3 1
v 4 2
v 5 3
v 6 3
v 7 3
v 8 3
v 9 3
v 10 3
v 11 3
v 12 3
v 13 3
v 14 3
v 15 3
v 16 3
v 17 3
v 18 3
v 19 3
v 20 3
v 21 3
v 22 3
v 23 3
v 24 4
v 25 4
v 26 4
v 27 4
v 28 4
v 29 4
v 30 4
v 31 4
v 32 4
v 33 4
v 34 4
v 35 4
v 36 4
v 37 4
v 38 4
v 39 4
v 40 4
e 0 9 2
e 1 15 1
e 1 21 1
e 2 20 1
e 2 22 1
e 3 20 2
e 4 5 1
e 4 6 1
e 4 14 1
e 5 7 2
e 5 10 1
e 6 8 1
e 6 12 2
e 7 9 1
e 7 11 1
e 8 9 1
e 8 13 2
e 10 16 2
e 10 24 1
e 11 15 2
e 11 25 1
e 12 17 1
e 12 26 1
e 13 18 1
e 13 27 1
e 14 19 2
e 14 28 1
e 15 16 1
e 16 29 1
e 17 18 2
e 17 30 1
e 18 31 1
e 19 20 1
e 19 32 1
e 21 33 1
e 21 34 1
e 21 35 1
e 22 23 1
e 22 36 1
e 22 37 1
e 23 38 1
e 23 39 1
e 23 40 1
t # 23890
v 0 1
v 1 1
v 2 1
v 3 2
v 4 3
v 5 3
v 6 3
v 7 3
v 8 3
v 9 3
v 10 3
v 11 3
v 12 3
v 13 3
v 14 3
v 15 3
v 16 3
v 17 3
v 18 3
v 19 3
v 20 4
v 21 4
v 22 4
v 23 4
v 24 4
v 25 4
v 26 4
v 27 4
v 28 4
v 29 4
v 30 4
e 0 8 2
e 1 19 1
e 1 30 1
e 2 19 2
e 3 4 1
e 3 5 1
e 3 13 1
e 4 6 1
e 4 9 2
e 5 7 1
e 5 10 2
e 6 8 1
e 6 11 2
e 7 8 1
e 7 12 2
e 9 14 1
e 9 20 1
e 10 15 1
e 10 21 1
e 11 16 1
e 11 22 1
e 12 17 1
e 12 23 1
e 13 18 2
e 13 24 1
e 14 16 2
e 14 25 1
e 15 17 2
e 15 26 1
e 16 27 1
e 17 28 1
e 18 19 1
e 18 29 1
t # 23891
v 0 1
v 1 1
v 2 1
v 3 2
v 4 3
v 5 3
v 6 3
v 7 3
v 8 3
v 9 3
v 10 3
v 11 3
v 12 3
v 13 3
v 14 3
v 15 3
v 16 3
v 17 3
v 18 3
v 19 3
v 20 3
v 21 3
v 22 4
v 23 4
v 24 4
v 25 4
v 26 4
v 27 4
v 28 4
v 29 4
v 30 4
v 31 4
v 32 4
v 33 4
v 34 4
v 35 4
v 36 4
e 0 8 2
e 1 19 1
e 1 20 1
e 2 19 2
e 3 4 1
e 3 5 1
e 3 13 1
e 4 6 1
e 4 9 2
e 5 7 1
e 5 10 2
e 6 8 1
e 6 11 2
e 7 8 1
e 7 12 2
e 9 14 1
e 9 22 1
e 10 15 1
e 10 23 1
e 11 16 1
e 11 24 1
e 12 17 1
e 12 25 1
e 13 18 2
e 13 26 1
e 14 16 2
e 14 27 1
e 15 17 2
e 15 28 1
e 16 29 1
e 17 30 1
e 18 19 1
e 18 31 1
e 20 21 1
e 20 32 1
e 20 33 1
e 21 34 1
e 21 35 1
e 21 36 1
t # 23892
v 0 18
v 1 1
v 2 2
v 3 2
v 4 3
v 5 3
v 6 3
v 7 3
v 8 3
v 9 3
v 10 3
v 11 3
v 12 4
v 13 4
v 14 4
v 15 4
v 16 4
v 17 4
v 18 4
v 19 4
v 20 4
e 1 7 2
e 2 4 1
e 2 6 1
e 2 8 1
e 3 5 1
e 3 7 1
e 3 10 1
e 4 5 1
e 4 12 1
e 4 13 1
e 5 14 1
e 5 15 1
e 6 7 1
e 6 9 2
e 8 11 2
e 9 11 1
e 9 16 1
e 10 17 1
e 10 18 1
e 10 19 1
e 11 20 1
t # 23893
v 0 12
v 1 12
v 2 1
v 3 1
v 4 1
v 5 1
v 6 2
v 7 2
v 8 3
v 9 3
v 10 3
v 11 3
v 12 3
v 13 3
v 14 3
v 15 3
v 16 3
v 17 3
v 18 3
v 19 3
v 20 3
v 21 3
v 22 3
v 23 3
v 24 3
v 25 3
v 26 3
v 27 3
v 28 3
v 29 3
v 30 3
v 31 3
v 32 4
v 33 4
v 34 4
v 35 4
v 36 4
v 37 4
v 38 4
v 39 4
v 40 4
v 41 4
v 42 4
v 43 4
v 44 4
v 45 4
v 46 4
v 47 4
v 48 4
v 49 4
v 50 4
v 51 4
e 0 30 1
e 1 31 1
e 2 18 1
e 2 20 1
e 3 19 1
e 3 21 1
e 4 14 2
e 5 15 2
e 6 8 1
e 6 10 1
e 6 14 1
e 7 9 1
e 7 11 1
e 7 15 1
e 8 9 1
e 8 32 1
e 8 33 1
e 9 34 1
e 9 35 1
e 10 11 1
e 10 12 2
e 11 13 2
e 12 16 1
e 12 36 1
e 13 17 1
e 13 37 1
e 14 18 1
e 15 19 1
e 16 17 2
e 16 38 1
e 17 39 1
e 18 40 1
e 18 41 1
e 19 42 1
e 19 43 1
e 20 22 2
e 20 24 1
e 21 23 2
e 21 25 1
e 22 26 1
e 22 44 1
e 23 27 1
e 23 45 1
e 24 28 2
e 24 46 1
e 25 29 2
e 25 47 1
e 26 30 2
e 26 48 1
e 27 31 2
e 27 49 1
e 28 30 1
e 28 50 1
e 29 31 1
e 29 51 1
t # 23894
v 0 11
v 1 1
v 2 2
v 3 2
v 4 3
v 5 3
v 6 3
v 7 3
v 8 3
v 9 3
v 10 3
v 11 3
v 12 3
v 13 3
v 14 3
v 15 3
v 16 3
v 17 3
v 18 3
v 19 3
v 20 3
v 21 3
v 22 3
v 23 3
v 24 3
v 25 3
v 26 3
v 27 4
v 28 4
v 29 4
v 30 4
v 31 4
v 32 4
v 33 4
v 34 4
v 35 4
v 36 4
v 37 4
v 38 4
v 39 4
v 40 4
v 41 4
v 42 4
e 0 6 1
e 0 11 1
e 1 6 1
e 1 10 1
e 2 3 1
e 2 5 1
e 2 13 1
e 3 7 2
e 4 5 2
e 4 6 1
e 4 7 1
e 5 8 1
e 6 27 1
e 7 9 1
e 8 10 2
e 8 12 1
e 9 11 1
e 9 16 2
e 10 14 1
e 11 17 2
e 12 15 2
e 12 28 1
e 13 20 2
e 13 21 1
e 14 18 2
e 14 29 1
e 15 18 1
e 15 23 1
e 16 19 1
e 16 30 1
e 17 22 1
e 17 31 1
e 18 32 1
e 19 22 2
e 19 33 1
e 20 24 1
e 20 34 1
e 21 25 2
e 21 35 1
e 22 36 1
e 23 37 1
e 23 38 1
e 23 39 1
e 24 26 2
e 24 40 1
e 25 26 1
e 25 41 1
e 26 42 1
t # 23895
v 0 11
v 1 1
v 2 2
v 3 2
v 4 3
v 5 3
v 6 3
v 7 3
v 8 3
v 9 3
v 10 3
v 11 3
v 12 3
v 13 3
v 14 3
v 15 3
v 16 3
v 17 3
v 18 3
v 19 3
v 20 3
v 21 3
v 22 4
v 23 4
v 24 4
v 25 4
v 26 4
v 27 4
v 28 4
v 29 4
v 30 4
v 31 4
v 32 4
v 33 4
v 34 4
v 35 4
e 0 6 1
e 0 11 1
e 1 6 1
e 1 10 1
e 2 3 1
e 2 5 1
e 2 14 1
e 3 7 2
e 4 5 2
e 4 6 1
e 4 7 1
e 5 8 1
e 6 22 1
e 7 9 1
e 8 10 2
e 8 12 1
e 9 11 1
e 9 16 2
e 10 13 1
e 11 17 2
e 12 15 2
e 12 23 1
e 13 18 2
e 13 24 1
e 14 25 1
e 14 26 1
e 14 27 1
e 15 18 1
e 15 21 1
e 16 19 1
e 16 28 1
e 17 20 1
e 17 29 1
e 18 30 1
e 19 20 2
e 19 31 1
e 20 32 1
e 21 33 1
e 21 34 1
e 21 35 1
t # 23896
v 0 11
v 1 14
v 2 1
v 3 2
v 4 2
v 5 3
v 6 3
v 7 3
v 8 3
v 9 3
v 10 3
v 11 3
v 12 3
v 13 3
v 14 3
v 15 3
v 16 3
v 17 3
v 18 3
v 19 3
v 20 3
v 21 3
v 22 3
v 23 3
v 24 3
v 25 3
v 26 3
v 27 4
v 28 4
v 29 4
v 30 4
v 31 4
v 32 4
v 33 4
v 34 4
v 35 4
v 36 4
v 37 4
v 38 4
v 39 4
e 0 7 1
e 0 12 1
e 2 7 1
e 2 11 1
e 3 4 1
e 3 6 1
e 3 13 1
e 4 8 2
e 5 6 2
e 5 7 1
e 5 8 1
e 6 9 1
e 7 27 1
e 8 10 1
e 9 11 1
e 9 14 2
e 10 12 2
e 10 15 1
e 11 16 2
e 12 17 1
e 13 21 2
e 13 22 1
e 14 18 1
e 14 28 1
e 15 20 2
e 15 29 1
e 16 19 1
e 16 30 1
e 17 23 2
e 17 31 1
e 18 19 2
e 18 32 1
e 19 33 1
e 20 23 1
e 20 34 1
e 21 24 1
e 21 35 1
e 22 25 2
e 22 36 1
e 24 26 2
e 24 37 1
e 25 26 1
e 25 38 1
e 26 39 1
t # 23897
v 0 12
v 1 11
v 2 1
v 3 2
v 4 2
v 5 3
v 6 3
v 7 3
v 8 3
v 9 3
v 10 3
v 11 3
v 12 3
v 13 3
v 14 3
v 15 3
v 16 3
v 17 3
v 18 3
v 19 3
v 20 3
v 21 3
v 22 3
v 23 3
v 24 3
v 25 3
v 26 3
v 27 4
v 28 4
v 29 4
v 30 4
v 31 4
v 32 4
v 33 4
v 34 4
v 35 4
v 36 4
v 37 4
v 38 4
v 39 4
e 0 18 1
e 1 7 1
e 1 12 1
e 2 7 1
e 2 11 1
e 3 4 1
e 3 6 1
e 3 13 1
e 4 8 2
e 5 6 2
e 5 7 1
e 5 8 1
e 6 9 1
e 7 27 1
e 8 10 1
e 9 11 2
e 9 14 1
e 10 12 1
e 10 15 2
e 11 16 1
e 12 17 2
e 13 21 2
e 13 22 1
e 14 18 2
e 14 28 1
e 15 20 1
e 15 29 1
e 16 19 2
e 16 30 1
e 17 23 1
e 17 31 1
e 18 19 1
e 19 32 1
e 20 23 2
e 20 33 1
e 21 24 1
e 21 34 1
e 22 25 2
e 22 35 1
e 23 36 1
e 24 26 2
e 24 37 1
e 25 26 1
e 25 38 1
e 26 39 1
t # 23898
v 0 1
v 1 1
v 2 1
v 3 2
v 4 2
v 5 2
v 6 3
v 7 3
v 8 3
v 9 3
v 10 3
v 11 3
v 12 3
v 13 3
v 14 3
v 15 3
v 16 3
v 17 3
v 18 3
v 19 3
v 20 3
v 21 3
v 22 3
v 23 3
v 24 3
v 25 3
v 26 3
v 27 3
v 28 4
v 29 4
v 30 4
v 31 4
v 32 4
v 33 4
v 34 4
v 35 4
v 36 4
v 37 4
v 38 4
v 39 4
v 40 4
v 41 4
v 42 4
v 43 4
v 44 4
e 0 8 1
e 0 11 1
e 3 4 1
e 3 7 1
e 3 13 1
e 4 9 2
e 5 22 1
e 6 7 1
e 6 8 1
e 6 9 1
e 6 28 1
e 7 10 1
e 7 29 1
e 8 30 1
e 8 31 1
e 9 12 1
e 10 11 1
e 10 14 2
e 11 15 2
e 12 17 2
e 12 18 1
e 13 20 2
e 13 21 1
e 14 16 1
e 14 32 1
e 15 19 1
e 15 33 1
e 16 19 2
e 16 34 1
e 17 22 1
e 17 35 1
e 18 23 2
e 18 36 1
e 19 37 1
e 20 24 1
e 20 38 1
e 21 25 2
e 21 39 1
e 22 26 2
e 23 26 1
e 23 40 1
e 24 27 2
e 24 41 1
e 25 27 1
e 25 42 1
e 26 43 1
e 27 44 1
t # 23899
v 0 1
v 1 2
v 2 2
v 3 3
v 4 3
v 5 3
v 6 3
v 7 3
v 8 3
v 9 3
v 10 3
v 11 3
v 12 3
v 13 3
v 14 3
v 15 3
v 16 3
v 17 3
v 18 3
v 19 3
v 20 3
v 21 3
v 22 3
v 23 3
v 24 3
v 25 3
v 26 4
v 27 4
v 28 4
v 29 4
v 30 4
v 31 4
v 32 4
v 33 4
v 34 4
v 35 4
v 36 4
v 37 4
v 38 4
v 39 4
v 40 4
v 41 4
v 42 4
v 43 4
v 44 4
v 45 4
e 0 6 1
e 0 8 1
e 1 2 1
e 1 3 1
e 1 10 1
e 2 7 2
e 3 4 1
e 3 5 1
e 3 26 1
e 4 6 1
e 4 7 1
e 4 27 1
e 5 8 2
e 5 9 1
e 6 28 1
e 6 29 1
e 7 11 1
e 8 12 1
e 9 13 2
e 9 30 1
e 10 15 2
e 10 16 1
e 11 17 2
e 11 18 1
e 12 14 2
e 12 31 1
e 13 14 1
e 13 19 1
e 14 32 1
e 15 20 1
e 15 33 1
e 16 21 2
e 16 34 1
e 17 22 1
e 17 35 1
e 18 23 2
e 18 36 1
e 19 37 1
e 19 38 1
e 19 39 1
e 20 24 2
e 20 40 1
e 21 24 1
e 21 41 1
e 22 25 2
e 22 42 1
e 23 25 1
e 23 43 1
e 24 44 1
e 25 45 1
