t # 66800
v 0 12
v 1 2
v 2 3
v 3 3
v 4 3
v 5 3
v 6 3
v 7 3
v 8 3
v 9 3
v 10 3
v 11 3
v 12 3
v 13 3
v 14 3
v 15 3
v 16 4
v 17 4
v 18 4
v 19 4
v 20 4
v 21 4
v 22 4
v 23 4
v 24 4
v 25 4
v 26 4
v 27 4
v 28 4
v 29 4
v 30 4
v 31 4
v 32 4
v 33 4
v 34 4
v 35 4
v 36 4
v 37 4
v 38 4
v 39 4
v 40 4
v 41 4
e 0 15 1
e 1 2 1
e 1 3 1
e 1 14 1
e 2 4 1
e 2 5 1
e 2 16 1
e 3 6 1
e 3 7 1
e 3 17 1
e 4 8 1
e 4 18 1
e 4 19 1
e 5 9 1
e 5 20 1
e 5 21 1
e 6 10 1
e 6 22 1
e 6 23 1
e 7 11 1
e 7 24 1
e 7 25 1
e 8 12 1
e 8 26 1
e 8 27 1
e 9 12 1
e 9 28 1
e 9 29 1
e 10 13 1
e 10 30 1
e 10 31 1
e 11 13 1
e 11 32 1
e 11 33 1
e 12 34 1
e 12 35 1
e 13 36 1
e 13 37 1
e 14 15 1
e 14 38 1
e 14 39 1
e 15 40 1
e 15 41 1
t # 66801
v 0 1
v 1 1
v 2 2
v 3 2
v 4 2
v 5 2
v 6 3
v 7 3
v 8 3
v 9 3
v 10 4
v 11 4
v 12 4
v 13 4
v 14 4
v 15 4
e 2 6 1
e 2 8 1
e 2 9 1
e 3 7 1
e 3 8 2
e 4 6 1
e 4 14 1
e 4 15 1
e 5 7 1
e 6 7 2
e 8 10 1
e 9 11 1
e 9 12 1
e 9 13 1
t # 66802
v 0 12
v 1 1
v 2 1
v 3 3
v 4 3
v 5 3
v 6 3
v 7 3
v 8 3
v 9 3
v 10 3
v 11 4
v 12 4
v 13 4
v 14 4
v 15 4
v 16 4
v 17 4
e 0 4 1
e 1 3 1
e 1 9 1
e 2 9 2
e 3 4 1
e 3 5 2
e 4 6 2
e 5 7 1
e 5 11 1
e 6 8 1
e 6 12 1
e 7 8 2
e 7 13 1
e 8 14 1
e 9 10 1
e 10 15 1
e 10 16 1
e 10 17 1
t # 66803
v 0 1
v 1 2
v 2 2
v 3 2
v 4 3
v 5 3
v 6 3
v 7 3
v 8 3
v 9 3
v 10 3
v 11 3
v 12 3
v 13 3
v 14 3
v 15 3
v 16 3
v 17 3
v 18 3
v 19 4
v 20 4
v 21 4
v 22 4
v 23 4
v 24 4
v 25 4
v 26 4
v 27 4
v 28 4
v 29 4
e 0 18 2
e 1 4 2
e 1 18 1
e 2 3 1
e 2 5 2
e 3 18 1
e 3 29 1
e 4 5 1
e 4 6 1
e 5 7 1
e 6 8 2
e 6 9 1
e 7 10 2
e 7 11 1
e 8 12 1
e 8 19 1
e 9 13 2
e 9 20 1
e 10 14 1
e 10 21 1
e 11 15 2
e 11 22 1
e 12 16 2
e 12 23 1
e 13 16 1
e 13 24 1
e 14 17 2
e 14 25 1
e 15 17 1
e 15 26 1
e 16 27 1
e 17 28 1
t # 66804
v 0 1
v 1 1
v 2 1
v 3 3
v 4 3
v 5 3
v 6 3
v 7 3
v 8 3
v 9 4
v 10 4
v 11 4
v 12 4
v 13 4
v 14 4
e 0 5 2
e 1 6 2
e 2 7 2
e 3 5 1
e 3 6 1
e 3 8 1
e 3 9 1
e 4 5 1
e 4 7 1
e 4 10 1
e 4 11 1
e 6 7 1
e 8 12 1
e 8 13 1
e 8 14 1
t # 66805
v 0 2
v 1 3
v 2 3
v 3 3
v 4 3
v 5 3
v 6 3
v 7 3
v 8 3
v 9 4
v 10 4
v 11 4
v 12 4
v 13 4
v 14 4
v 15 4
v 16 4
v 17 4
v 18 4
v 19 4
v 20 4
v 21 4
v 22 4
v 23 4
e 0 2 1
e 0 6 1
e 0 7 1
e 1 3 1
e 1 4 1
e 1 6 1
e 1 9 1
e 2 3 1
e 2 5 1
e 2 10 1
e 3 11 1
e 3 12 1
e 4 5 1
e 4 13 1
e 4 14 1
e 5 15 1
e 5 16 1
e 6 17 1
e 6 18 1
e 7 8 1
e 7 19 1
e 7 20 1
e 8 21 1
e 8 22 1
e 8 23 1
t # 66806
v 0 2
v 1 3
v 2 3
v 3 3
v 4 3
v 5 3
v 6 3
v 7 3
v 8 3
v 9 4
v 10 4
v 11 4
v 12 4
v 13 4
v 14 4
v 15 4
v 16 4
v 17 4
v 18 4
v 19 4
v 20 4
v 21 4
v 22 4
v 23 4
v 24 4
e 0 1 1
e 0 4 1
e 0 7 1
e 0 8 1
e 1 3 1
e 1 5 1
e 1 9 1
e 2 3 1
e 2 4 1
e 2 6 1
e 2 10 1
e 3 11 1
e 3 12 1
e 4 13 1
e 4 14 1
e 5 6 1
e 5 15 1
e 5 16 1
e 6 17 1
e 6 18 1
e 7 19 1
e 7 20 1
e 7 21 1
e 8 22 1
e 8 23 1
e 8 24 1
t # 66807
v 0 2
v 1 2
v 2 3
v 3 3
v 4 3
v 5 3
v 6 3
v 7 3
v 8 3
v 9 3
v 10 3
v 11 3
v 12 3
v 13 3
v 14 3
v 15 3
v 16 3
v 17 3
v 18 3
v 19 3
v 20 3
v 21 3
v 22 4
v 23 4
v 24 4
v 25 4
v 26 4
v 27 4
v 28 4
v 29 4
v 30 4
v 31 4
v 32 4
v 33 4
v 34 4
v 35 4
v 36 4
v 37 4
e 0 8 1
e 0 34 1
e 0 35 1
e 1 9 1
e 1 36 1
e 1 37 1
e 2 3 1
e 2 4 1
e 2 8 2
e 3 5 1
e 3 9 2
e 4 6 1
e 4 14 2
e 5 7 1
e 5 15 2
e 6 10 1
e 6 16 2
e 7 11 1
e 7 17 2
e 8 12 1
e 9 13 1
e 10 12 2
e 10 22 1
e 11 13 2
e 11 23 1
e 12 24 1
e 13 25 1
e 14 18 1
e 14 26 1
e 15 19 1
e 15 27 1
e 16 20 1
e 16 28 1
e 17 21 1
e 17 29 1
e 18 20 2
e 18 30 1
e 19 21 2
e 19 31 1
e 20 32 1
e 21 33 1
t # 66808
v 0 1
v 1 1
v 2 3
v 3 3
v 4 3
v 5 3
v 6 3
v 7 3
v 8 4
v 9 4
v 10 4
v 11 4
v 12 4
v 13 4
v 14 4
v 15 4
v 16 4
v 17 4
v 18 4
v 19 4
v 20 4
v 21 4
e 0 6 1
e 0 20 1
e 1 7 1
e 1 21 1
e 2 3 1
e 2 4 1
e 2 5 1
e 2 8 1
e 3 6 1
e 3 9 1
e 3 10 1
e 4 7 1
e 4 11 1
e 4 12 1
e 5 13 1
e 5 14 1
e 5 15 1
e 6 16 1
e 6 17 1
e 7 18 1
e 7 19 1
t # 66809
v 0 1
v 1 1
v 2 1
v 3 3
v 4 3
v 5 3
v 6 3
v 7 3
v 8 3
v 9 3
v 10 3
v 11 3
v 12 3
v 13 3
v 14 3
v 15 3
v 16 3
v 17 3
v 18 3
v 19 4
v 20 4
v 21 4
v 22 4
v 23 4
v 24 4
v 25 4
v 26 4
v 27 4
v 28 4
v 29 4
v 30 4
e 0 3 1
e 0 4 1
e 1 5 2
e 2 6 2
e 3 4 1
e 3 5 1
e 3 19 1
e 4 6 1
e 4 20 1
e 5 7 1
e 6 8 1
e 7 9 2
e 7 11 1
e 8 10 2
e 8 12 1
e 9 13 1
e 9 21 1
e 10 14 1
e 10 22 1
e 11 15 2
e 11 23 1
e 12 16 2
e 12 24 1
e 13 17 2
e 13 25 1
e 14 18 2
e 14 26 1
e 15 17 1
e 15 27 1
e 16 18 1
e 16 28 1
e 17 29 1
e 18 30 1
t # 66810
v 0 2
v 1 3
v 2 3
v 3 3
v 4 3
v 5 3
v 6 3
v 7 3
v 8 3
v 9 3
v 10 3
v 11 3
v 12 3
v 13 3
v 14 4
v 15 4
v 16 4
v 17 4
v 18 4
v 19 4
v 20 4
v 21 4
v 22 4
e 0 5 2
e 0 22 1
e 1 2 1
e 1 3 1
e 1 6 2
e 2 4 1
e 2 7 2
e 3 5 1
e 3 8 2
e 4 5 1
e 4 9 2
e 6 10 1
e 6 14 1
e 7 11 1
e 7 15 1
e 8 12 1
e 8 16 1
e 9 13 1
e 9 17 1
e 10 12 2
e 10 18 1
e 11 13 2
e 11 19 1
e 12 20 1
e 13 21 1
t # 66811
v 0 18
v 1 3
v 2 3
v 3 3
v 4 3
v 5 3
v 6 3
v 7 3
v 8 3
v 9 3
v 10 3
v 11 3
v 12 3
v 13 3
v 14 3
v 15 3
v 16 3
v 17 3
v 18 3
v 19 3
v 20 4
v 21 4
v 22 4
v 23 4
v 24 4
v 25 4
v 26 4
v 27 4
v 28 4
v 29 4
v 30 4
v 31 4
v 32 4
v 33 4
v 34 4
v 35 4
v 36 4
v 37 4
v 38 4
v 39 4
v 40 4
v 41 4
v 42 4
v 43 4
v 44 4
v 45 4
v 46 4
v 47 4
v 48 4
v 49 4
v 50 4
v 51 4
v 52 4
v 53 4
v 54 4
v 55 4
v 56 4
v 57 4
v 58 4
e 1 2 1
e 1 3 1
e 1 20 1
e 1 21 1
e 2 4 1
e 2 22 1
e 2 23 1
e 3 5 1
e 3 24 1
e 3 25 1
e 4 6 1
e 4 26 1
e 4 27 1
e 5 7 1
e 5 28 1
e 5 29 1
e 6 8 1
e 6 30 1
e 6 31 1
e 7 9 1
e 7 32 1
e 7 33 1
e 8 10 1
e 8 34 1
e 8 35 1
e 9 11 1
e 9 36 1
e 9 37 1
e 10 12 1
e 10 38 1
e 10 39 1
e 11 13 1
e 11 40 1
e 11 41 1
e 12 14 1
e 12 42 1
e 12 43 1
e 13 15 1
e 13 44 1
e 13 45 1
e 14 16 1
e 14 46 1
e 14 47 1
e 15 17 1
e 15 48 1
e 15 49 1
e 16 18 1
e 16 50 1
e 16 51 1
e 17 19 1
e 17 52 1
e 17 53 1
e 18 54 1
e 18 55 1
e 19 56 1
e 19 57 1
e 19 58 1
t # 66812
v 0 1
v 1 1
v 2 1
v 3 1
v 4 1
v 5 1
v 6 1
v 7 1
v 8 1
v 9 1
v 10 1
v 11 1
v 12 1
v 13 1
v 14 1
v 15 1
v 16 1
v 17 1
v 18 1
v 19 1
v 20 2
v 21 2
v 22 2
v 23 2
v 24 2
v 25 3
v 26 3
v 27 3
v 28 3
v 29 3
v 30 3
v 31 3
v 32 3
v 33 3
v 34 3
v 35 3
v 36 3
v 37 3
v 38 3
v 39 3
v 40 3
v 41 3
v 42 3
v 43 3
v 44 3
v 45 3
v 46 3
v 47 3
v 48 3
v 49 3
v 50 3
v 51 3
v 52 3
v 53 3
v 54 3
v 55 3
v 56 3
v 57 3
v 58 3
v 59 3
v 60 3
v 61 3
v 62 3
v 63 3
v 64 3
v 65 3
v 66 3
v 67 3
v 68 3
v 69 3
v 70 3
v 71 3
v 72 3
v 73 3
v 74 3
v 75 3
v 76 3
v 77 3
v 78 3
v 79 3
v 80 4
v 81 4
v 82 4
v 83 4
v 84 4
v 85 4
v 86 4
v 87 4
v 88 4
v 89 4
v 90 4
v 91 4
v 92 4
v 93 4
v 94 4
v 95 4
v 96 4
v 97 4
v 98 4
v 99 4
v 100 4
v 101 4
v 102 4
v 103 4
v 104 4
v 105 4
v 106 4
v 107 4
v 108 4
v 109 4
v 110 4
v 111 4
v 112 4
v 113 4
v 114 4
v 115 4
v 116 4
v 117 4
v 118 4
v 119 4
v 120 4
v 121 4
v 122 4
v 123 4
v 124 4
v 125 4
v 126 4
v 127 4
v 128 4
v 129 4
v 130 4
v 131 4
v 132 4
v 133 4
v 134 4
v 135 4
v 136 4
v 137 4
v 138 4
e 0 25 1
e 0 33 1
e 1 26 1
e 1 34 1
e 2 27 1
e 2 39 1
e 3 28 1
e 3 40 1
e 4 29 1
e 4 41 1
e 5 30 1
e 5 42 1
e 6 33 1
e 6 43 1
e 7 34 1
e 7 44 1
e 8 31 1
e 8 100 1
e 9 32 1
e 9 101 1
e 10 41 2
e 11 42 2
e 12 51 1
e 12 69 1
e 13 52 1
e 13 70 1
e 14 65 2
e 15 66 2
e 16 69 1
e 16 132 1
e 17 70 1
e 17 133 1
e 18 73 2
e 19 74 2
e 20 47 1
e 20 61 1
e 20 118 1
e 21 48 1
e 21 62 1
e 21 119 1
e 22 67 1
e 22 73 1
e 22 130 1
e 23 68 1
e 23 74 1
e 23 131 1
e 24 75 1
e 24 78 1
e 24 134 1
e 25 27 1
e 25 35 1
e 25 36 1
e 26 28 1
e 26 37 1
e 26 38 1
e 27 29 1
e 27 80 1
e 28 30 1
e 28 81 1
e 29 31 1
e 29 82 1
e 30 32 1
e 30 83 1
e 31 33 1
e 31 84 1
e 32 34 1
e 32 85 1
e 33 86 1
e 34 87 1
e 35 88 1
e 35 89 1
e 35 90 1
e 36 91 1
e 36 92 1
e 36 93 1
e 37 94 1
e 37 95 1
e 37 96 1
e 38 97 1
e 38 98 1
e 38 99 1
e 39 102 1
e 39 103 1
e 39 104 1
e 40 105 1
e 40 106 1
e 40 107 1
e 41 47 1
e 42 48 1
e 43 45 2
e 43 49 1
e 44 46 2
e 44 50 1
e 45 51 1
e 45 57 1
e 46 52 1
e 46 58 1
e 47 59 2
e 48 60 2
e 49 53 2
e 49 108 1
e 50 54 2
e 50 109 1
e 51 55 2
e 52 56 2
e 53 55 1
e 53 110 1
e 54 56 1
e 54 111 1
e 55 65 1
e 56 66 1
e 57 112 1
e 57 113 1
e 57 114 1
e 58 115 1
e 58 116 1
e 58 117 1
e 59 63 1
e 59 120 1
e 60 64 1
e 60 121 1
e 61 63 2
e 61 71 1
e 62 64 2
e 62 72 1
e 63 122 1
e 64 123 1
e 65 67 1
e 66 68 1
e 67 69 2
e 68 70 2
e 71 124 1
e 71 125 1
e 71 126 1
e 72 127 1
e 72 128 1
e 72 129 1
e 73 75 1
e 74 76 1
e 75 77 2
e 76 77 1
e 76 78 2
e 77 79 1
e 78 135 1
e 79 136 1
e 79 137 1
e 79 138 1
t # 66813
v 0 1
v 1 1
v 2 2
v 3 3
v 4 3
v 5 3
v 6 3
v 7 3
v 8 3
v 9 3
v 10 3
v 11 3
v 12 3
v 13 3
v 14 3
v 15 4
v 16 4
v 17 4
v 18 4
v 19 4
v 20 4
v 21 4
v 22 4
v 23 4
v 24 4
v 25 4
v 26 4
v 27 4
v 28 4
v 29 4
v 30 4
v 31 4
e 0 7 1
e 0 8 1
e 1 6 1
e 1 28 1
e 2 3 1
e 2 4 1
e 2 5 1
e 3 6 1
e 3 15 1
e 3 16 1
e 4 7 1
e 4 17 1
e 4 18 1
e 5 8 1
e 5 19 1
e 5 20 1
e 6 9 1
e 6 21 1
e 7 22 1
e 7 23 1
e 8 24 1
e 8 25 1
e 9 10 2
e 9 11 1
e 10 12 1
e 10 26 1
e 11 13 2
e 11 27 1
e 12 14 2
e 12 29 1
e 13 14 1
e 13 30 1
e 14 31 1
t # 66814
v 0 11
v 1 1
v 2 1
v 3 1
v 4 3
v 5 3
v 6 3
v 7 3
v 8 4
v 9 4
v 10 4
v 11 4
v 12 4
v 13 4
v 14 4
v 15 4
e 0 3 2
e 1 4 1
e 2 6 1
e 4 5 1
e 4 7 1
e 4 8 1
e 5 6 1
e 5 9 1
e 5 10 1
e 6 11 1
e 6 12 1
e 7 13 1
e 7 14 1
e 7 15 1
t # 66815
v 0 2
v 1 2
v 2 2
v 3 3
v 4 3
v 5 3
v 6 3
v 7 3
v 8 3
v 9 3
v 10 3
v 11 3
v 12 4
v 13 4
v 14 4
v 15 4
v 16 4
v 17 4
v 18 4
e 0 3 1
e 0 5 1
e 0 12 1
e 1 4 1
e 1 5 2
e 3 4 1
e 3 6 2
e 4 7 2
e 5 8 1
e 6 9 1
e 6 13 1
e 7 10 1
e 7 14 1
e 8 11 1
e 8 15 1
e 8 16 1
e 9 10 2
e 9 17 1
e 10 18 1
t # 66816
v 0 2
v 1 2
v 2 3
v 3 3
v 4 3
v 5 3
v 6 3
v 7 3
v 8 3
v 9 3
v 10 3
v 11 3
v 12 3
v 13 3
v 14 4
v 15 4
v 16 4
v 17 4
v 18 4
v 19 4
v 20 4
v 21 4
v 22 4
v 23 4
v 24 4
v 25 4
e 0 2 1
e 0 4 2
e 1 3 1
e 1 5 2
e 2 3 1
e 2 6 2
e 3 7 2
e 4 8 1
e 4 12 1
e 5 9 1
e 5 13 1
e 6 10 1
e 6 14 1
e 7 11 1
e 7 15 1
e 8 10 2
e 8 16 1
e 9 11 2
e 9 17 1
e 10 18 1
e 11 19 1
e 12 20 1
e 12 21 1
e 12 22 1
e 13 23 1
e 13 24 1
e 13 25 1
t # 66817
v 0 1
v 1 1
v 2 1
v 3 1
v 4 2
v 5 3
v 6 3
v 7 3
v 8 3
v 9 3
v 10 4
v 11 4
v 12 4
v 13 4
v 14 4
v 15 4
v 16 4
v 17 4
v 18 4
e 0 8 1
e 0 17 1
e 1 9 1
e 1 18 1
e 2 8 2
e 3 9 2
e 4 5 1
e 4 6 1
e 4 7 1
e 5 8 1
e 5 10 1
e 5 11 1
e 6 9 1
e 6 12 1
e 6 13 1
e 7 14 1
e 7 15 1
e 7 16 1
t # 66818
v 0 1
v 1 2
v 2 3
v 3 3
v 4 3
v 5 3
v 6 3
v 7 3
v 8 3
v 9 3
v 10 3
v 11 3
v 12 4
v 13 4
v 14 4
v 15 4
v 16 4
v 17 4
v 18 4
v 19 4
v 20 4
v 21 4
v 22 4
v 23 4
v 24 4
e 0 3 2
e 1 3 1
e 1 6 1
e 1 19 1
e 2 3 1
e 2 4 1
e 2 5 1
e 2 12 1
e 4 13 1
e 4 14 1
e 4 15 1
e 5 16 1
e 5 17 1
e 5 18 1
e 6 7 2
e 6 8 1
e 7 9 1
e 7 20 1
e 8 10 2
e 8 21 1
e 9 11 2
e 9 22 1
e 10 11 1
e 10 23 1
e 11 24 1
t # 66819
v 0 1
v 1 1
v 2 2
v 3 3
v 4 3
v 5 3
v 6 3
v 7 3
v 8 4
v 9 4
v 10 4
v 11 4
v 12 4
v 13 4
v 14 4
v 15 4
v 16 4
e 0 5 1
e 0 6 1
e 1 7 2
e 2 3 1
e 2 4 1
e 2 7 1
e 3 5 1
e 3 8 1
e 3 9 1
e 4 6 1
e 4 10 1
e 4 11 1
e 5 12 1
e 5 13 1
e 6 14 1
e 6 15 1
e 7 16 1
t # 66820
v 0 1
v 1 1
v 2 2
v 3 3
v 4 3
v 5 3
v 6 3
v 7 3
v 8 3
v 9 3
v 10 3
v 11 4
v 12 4
v 13 4
v 14 4
v 15 4
v 16 4
v 17 4
v 18 4
v 19 4
v 20 4
v 21 4
v 22 4
v 23 4
v 24 4
v 25 4
v 26 4
v 27 4
v 28 4
e 0 4 1
e 0 9 1
e 1 5 1
e 1 9 1
e 2 3 1
e 2 6 1
e 2 7 1
e 2 8 1
e 3 4 1
e 3 11 1
e 3 12 1
e 4 5 1
e 4 13 1
e 5 14 1
e 5 15 1
e 6 16 1
e 6 17 1
e 6 18 1
e 7 19 1
e 7 20 1
e 7 21 1
e 8 22 1
e 8 23 1
e 8 24 1
e 9 10 1
e 9 25 1
e 10 26 1
e 10 27 1
e 10 28 1
t # 66821
v 0 1
v 1 1
v 2 1
v 3 1
v 4 1
v 5 1
v 6 1
v 7 3
v 8 3
v 9 3
v 10 3
v 11 3
v 12 3
v 13 3
v 14 3
v 15 3
v 16 3
v 17 3
v 18 3
v 19 3
v 20 3
v 21 3
v 22 4
v 23 4
v 24 4
v 25 4
v 26 4
v 27 4
v 28 4
v 29 4
v 30 4
v 31 4
v 32 4
v 33 4
e 0 7 1
e 0 12 1
e 1 8 1
e 1 28 1
e 2 10 2
e 3 17 1
e 3 30 1
e 4 18 1
e 4 31 1
e 5 19 1
e 5 32 1
e 6 21 1
e 6 33 1
e 7 8 1
e 7 9 1
e 7 22 1
e 8 10 1
e 8 23 1
e 9 13 2
e 9 14 1
e 10 11 1
e 11 12 2
e 11 15 1
e 12 16 1
e 13 18 1
e 13 24 1
e 14 17 2
e 14 25 1
e 15 20 2
e 15 26 1
e 16 19 2
e 16 27 1
e 17 21 1
e 18 21 2
e 19 20 1
e 20 29 1
t # 66822
v 0 1
v 1 1
v 2 2
v 3 2
v 4 2
v 5 2
v 6 2
v 7 3
v 8 3
v 9 4
v 10 4
v 11 4
v 12 4
v 13 4
v 14 4
v 15 4
e 0 7 2
e 1 8 2
e 2 3 1
e 2 7 1
e 2 9 1
e 3 8 1
e 3 10 1
e 4 5 1
e 4 7 1
e 4 11 1
e 5 12 1
e 5 13 1
e 6 8 1
e 6 14 1
e 6 15 1
t # 66823
v 0 1
v 1 1
v 2 1
v 3 3
v 4 3
v 5 3
v 6 3
v 7 3
v 8 3
v 9 3
v 10 3
v 11 3
v 12 3
v 13 3
v 14 3
v 15 3
v 16 4
v 17 4
v 18 4
v 19 4
v 20 4
v 21 4
v 22 4
v 23 4
v 24 4
v 25 4
v 26 4
v 27 4
v 28 4
v 29 4
v 30 4
v 31 4
v 32 4
v 33 4
e 0 3 1
e 0 4 1
e 1 3 1
e 1 6 1
e 2 9 1
e 2 33 1
e 3 5 1
e 3 7 1
e 4 6 1
e 4 9 1
e 4 16 1
e 5 8 1
e 5 17 1
e 5 18 1
e 6 19 1
e 6 20 1
e 7 10 2
e 7 11 1
e 8 12 1
e 8 21 1
e 8 22 1
e 9 23 1
e 9 24 1
e 10 13 1
e 10 25 1
e 11 14 2
e 11 26 1
e 12 27 1
e 12 28 1
e 12 29 1
e 13 15 2
e 13 30 1
e 14 15 1
e 14 31 1
e 15 32 1
t # 66824
v 0 12
v 1 2
v 2 3
v 3 3
v 4 3
v 5 3
v 6 3
v 7 3
v 8 3
v 9 3
v 10 3
v 11 3
v 12 4
v 13 4
v 14 4
v 15 4
v 16 4
v 17 4
v 18 4
v 19 4
e 0 11 1
e 1 3 1
e 1 4 2
e 2 3 1
e 2 5 1
e 2 7 2
e 3 8 2
e 4 6 1
e 4 11 1
e 5 6 2
e 5 12 1
e 6 13 1
e 7 9 1
e 7 14 1
e 8 10 1
e 8 15 1
e 9 10 2
e 9 16 1
e 10 17 1
e 11 18 1
e 11 19 1
t # 66825
v 0 1
v 1 1
v 2 1
v 3 1
v 4 3
v 5 3
v 6 3
v 7 3
v 8 3
v 9 3
v 10 3
v 11 3
v 12 3
v 13 4
v 14 4
v 15 4
v 16 4
v 17 4
v 18 4
v 19 4
v 20 4
e 0 10 1
e 0 12 1
e 1 11 1
e 1 20 1
e 2 10 2
e 3 11 2
e 4 5 1
e 4 6 2
e 4 10 1
e 5 7 2
e 5 11 1
e 6 8 1
e 6 13 1
e 7 9 1
e 7 14 1
e 8 9 2
e 8 15 1
e 9 16 1
e 12 17 1
e 12 18 1
e 12 19 1
t # 66826
v 0 1
v 1 1
v 2 1
v 3 1
v 4 3
v 5 3
v 6 3
v 7 3
v 8 3
v 9 3
v 10 3
v 11 3
v 12 3
v 13 3
v 14 3
v 15 3
v 16 4
v 17 4
v 18 4
v 19 4
v 20 4
v 21 4
v 22 4
v 23 4
v 24 4
v 25 4
e 0 6 1
e 0 22 1
e 1 7 1
e 1 23 1
e 2 14 1
e 2 24 1
e 3 15 1
e 3 25 1
e 4 5 1
e 4 6 2
e 4 8 1
e 5 7 2
e 5 9 1
e 6 10 1
e 7 11 1
e 8 12 2
e 8 16 1
e 9 13 2
e 9 17 1
e 10 14 2
e 10 18 1
e 11 15 2
e 11 19 1
e 12 14 1
e 12 20 1
e 13 15 1
e 13 21 1
t # 66827
v 0 1
v 1 1
v 2 3
v 3 3
v 4 3
v 5 3
v 6 3
v 7 3
v 8 3
v 9 3
v 10 3
v 11 3
v 12 4
v 13 4
v 14 4
v 15 4
v 16 4
v 17 4
v 18 4
v 19 4
v 20 4
v 21 4
v 22 4
v 23 4
v 24 4
v 25 4
v 26 4
v 27 4
v 28 4
v 29 4
v 30 4
v 31 4
e 0 2 1
e 0 5 1
e 1 2 1
e 1 7 1
e 2 3 1
e 2 12 1
e 3 4 1
e 3 13 1
e 3 14 1
e 4 6 1
e 4 15 1
e 4 16 1
e 5 7 1
e 5 9 1
e 5 17 1
e 6 8 1
e 6 18 1
e 6 19 1
e 7 20 1
e 7 21 1
e 8 10 1
e 8 22 1
e 8 23 1
e 9 24 1
e 9 25 1
e 9 26 1
e 10 11 1
e 10 27 1
e 10 28 1
e 11 29 1
e 11 30 1
e 11 31 1
t # 66828
v 0 1
v 1 2
v 2 3
v 3 3
v 4 3
v 5 3
v 6 3
v 7 3
v 8 3
v 9 3
v 10 3
v 11 3
v 12 4
v 13 4
v 14 4
v 15 4
v 16 4
v 17 4
v 18 4
v 19 4
v 20 4
v 21 4
v 22 4
v 23 4
v 24 4
v 25 4
v 26 4
e 0 4 1
e 0 6 1
e 1 9 1
e 1 25 1
e 1 26 1
e 2 3 1
e 2 4 1
e 2 12 1
e 2 13 1
e 3 5 1
e 3 14 1
e 3 15 1
e 4 16 1
e 4 17 1
e 5 18 1
e 5 19 1
e 5 20 1
e 6 7 2
e 6 8 1
e 7 10 1
e 7 21 1
e 8 11 2
e 8 22 1
e 9 10 2
e 9 11 1
e 10 23 1
e 11 24 1
t # 66829
v 0 12
v 1 2
v 2 2
v 3 3
v 4 3
v 5 3
v 6 3
v 7 3
v 8 3
v 9 3
v 10 3
v 11 3
v 12 3
v 13 3
v 14 3
v 15 4
v 16 4
v 17 4
v 18 4
v 19 4
v 20 4
v 21 4
v 22 4
v 23 4
e 0 11 1
e 1 3 1
e 2 4 1
e 3 5 2
e 3 6 1
e 4 7 2
e 4 8 1
e 5 9 1
e 5 15 1
e 6 10 2
e 6 16 1
e 7 12 1
e 7 17 1
e 8 13 2
e 8 18 1
e 9 11 2
e 9 19 1
e 10 11 1
e 10 20 1
e 12 14 2
e 12 21 1
e 13 14 1
e 13 22 1
e 14 23 1
t # 66830
v 0 1
v 1 1
v 2 3
v 3 3
v 4 3
v 5 3
v 6 3
v 7 3
v 8 3
v 9 3
v 10 4
v 11 4
v 12 4
v 13 4
v 14 4
v 15 4
v 16 4
v 17 4
v 18 4
v 19 4
v 20 4
v 21 4
v 22 4
v 23 4
e 0 9 1
e 0 23 1
e 1 9 2
e 2 4 1
e 2 5 1
e 2 8 1
e 2 10 1
e 3 6 1
e 3 7 1
e 3 9 1
e 3 11 1
e 4 6 1
e 4 12 1
e 4 13 1
e 5 7 1
e 5 14 1
e 5 15 1
e 6 16 1
e 6 17 1
e 7 18 1
e 7 19 1
e 8 20 1
e 8 21 1
e 8 22 1
t # 66831
v 0 1
v 1 1
v 2 1
v 3 1
v 4 1
v 5 1
v 6 2
v 7 2
v 8 2
v 9 2
v 10 2
v 11 3
v 12 3
v 13 3
v 14 3
v 15 3
v 16 3
v 17 3
v 18 3
v 19 3
v 20 3
v 21 3
v 22 4
v 23 4
v 24 4
v 25 4
v 26 4
v 27 4
v 28 4
v 29 4
v 30 4
v 31 4
v 32 4
v 33 4
v 34 4
v 35 4
v 36 4
v 37 4
v 38 4
v 39 4
v 40 4
v 41 4
v 42 4
v 43 4
v 44 4
e 0 18 1
e 0 38 1
e 1 18 2
e 2 19 1
e 2 39 1
e 3 20 1
e 3 40 1
e 4 19 2
e 5 20 2
e 6 13 1
e 6 34 1
e 6 35 1
e 7 14 1
e 7 21 2
e 8 16 1
e 8 36 1
e 8 37 1
e 9 21 1
e 9 41 1
e 9 42 1
e 10 21 1
e 10 43 1
e 10 44 1
e 11 12 1
e 11 13 1
e 11 22 1
e 11 23 1
e 12 14 1
e 12 24 1
e 12 25 1
e 13 18 1
e 13 26 1
e 14 27 1
e 14 28 1
e 15 16 1
e 15 17 1
e 15 29 1
e 15 30 1
e 16 19 1
e 16 31 1
e 17 20 1
e 17 32 1
e 17 33 1
t # 66832
v 0 12
v 1 12
v 2 1
v 3 1
v 4 2
v 5 2
v 6 2
v 7 3
v 8 3
v 9 3
v 10 3
v 11 4
e 0 8 1
e 1 9 1
e 4 7 1
e 5 8 2
e 5 10 1
e 6 9 1
e 6 10 2
e 7 8 1
e 7 9 2
e 10 11 1
t # 66833
v 0 1
v 1 1
v 2 1
v 3 1
v 4 3
v 5 3
v 6 3
v 7 3
v 8 3
v 9 3
v 10 3
v 11 3
v 12 3
v 13 4
v 14 4
v 15 4
v 16 4
v 17 4
v 18 4
v 19 4
v 20 4
e 0 11 1
e 0 19 1
e 1 12 1
e 1 20 1
e 2 11 2
e 3 12 2
e 4 7 2
e 4 8 1
e 4 10 1
e 5 6 2
e 5 7 1
e 5 11 1
e 6 9 1
e 6 12 1
e 7 13 1
e 8 9 2
e 8 14 1
e 9 15 1
e 10 16 1
e 10 17 1
e 10 18 1
t # 66834
v 0 1
v 1 1
v 2 1
v 3 3
v 4 3
v 5 3
v 6 3
v 7 3
v 8 3
v 9 3
v 10 3
v 11 4
v 12 4
v 13 4
v 14 4
v 15 4
v 16 4
v 17 4
v 18 4
v 19 4
v 20 4
v 21 4
v 22 4
v 23 4
v 24 4
e 0 6 1
e 0 9 1
e 1 7 2
e 2 9 2
e 3 4 1
e 3 5 1
e 3 11 1
e 3 12 1
e 4 6 1
e 4 13 1
e 4 14 1
e 5 7 1
e 5 15 1
e 5 16 1
e 6 17 1
e 6 18 1
e 7 8 1
e 8 19 1
e 8 20 1
e 8 21 1
e 9 10 1
e 10 22 1
e 10 23 1
e 10 24 1
t # 66835
v 0 3
v 1 3
v 2 3
v 3 3
v 4 3
v 5 3
v 6 3
v 7 3
v 8 3
v 9 3
v 10 3
v 11 3
v 12 4
v 13 4
v 14 4
v 15 4
v 16 4
v 17 4
v 18 4
v 19 4
v 20 4
v 21 4
v 22 4
v 23 4
v 24 4
v 25 4
v 26 4
v 27 4
v 28 4
v 29 4
v 30 4
v 31 4
v 32 4
v 33 4
v 34 4
v 35 4
e 0 1 1
e 0 2 1
e 0 3 1
e 0 12 1
e 1 4 1
e 1 13 1
e 1 14 1
e 2 5 1
e 2 15 1
e 2 16 1
e 3 7 1
e 3 17 1
e 3 18 1
e 4 6 1
e 4 19 1
e 4 20 1
e 5 6 1
e 5 21 1
e 5 22 1
e 6 23 1
e 6 24 1
e 7 8 1
e 7 25 1
e 7 26 1
e 8 9 1
e 8 27 1
e 8 28 1
e 9 10 1
e 9 29 1
e 9 30 1
e 10 11 1
e 10 31 1
e 10 32 1
e 11 33 1
e 11 34 1
e 11 35 1
t # 66836
v 0 27
v 1 3
v 2 3
v 3 3
v 4 3
v 5 3
v 6 3
v 7 3
v 8 3
v 9 3
v 10 4
v 11 4
v 12 4
v 13 4
v 14 4
v 15 4
v 16 4
v 17 4
v 18 4
v 19 4
v 20 4
v 21 4
v 22 4
v 23 4
v 24 4
v 25 4
v 26 4
v 27 4
v 28 4
e 1 2 1
e 1 3 1
e 1 10 1
e 1 11 1
e 2 4 1
e 2 12 1
e 2 13 1
e 3 5 1
e 3 14 1
e 3 15 1
e 4 6 1
e 4 16 1
e 4 17 1
e 5 7 1
e 5 18 1
e 5 19 1
e 6 8 1
e 6 20 1
e 6 21 1
e 7 9 1
e 7 22 1
e 7 23 1
e 8 24 1
e 8 25 1
e 9 26 1
e 9 27 1
e 9 28 1
t # 66837
v 0 27
v 1 3
v 2 3
v 3 3
v 4 3
v 5 3
v 6 3
v 7 3
v 8 4
v 9 4
v 10 4
v 11 4
v 12 4
v 13 4
v 14 4
v 15 4
v 16 4
v 17 4
v 18 4
v 19 4
v 20 4
v 21 4
v 22 4
e 1 2 1
e 1 3 1
e 1 8 1
e 1 9 1
e 2 4 1
e 2 10 1
e 2 11 1
e 3 5 1
e 3 12 1
e 3 13 1
e 4 6 1
e 4 14 1
e 4 15 1
e 5 7 1
e 5 16 1
e 5 17 1
e 6 18 1
e 6 19 1
e 7 20 1
e 7 21 1
e 7 22 1
t # 66838
v 0 11
v 1 1
v 2 1
v 3 1
v 4 1
v 5 3
v 6 3
v 7 3
v 8 3
v 9 3
v 10 3
v 11 4
v 12 4
v 13 4
v 14 4
e 0 5 1
e 0 6 1
e 1 9 1
e 1 13 1
e 2 10 1
e 2 14 1
e 3 9 2
e 4 10 2
e 5 7 2
e 5 9 1
e 6 8 2
e 6 10 1
e 7 8 1
e 7 11 1
e 8 12 1
t # 66839
v 0 1
v 1 2
v 2 3
v 3 3
v 4 3
v 5 3
v 6 3
v 7 3
v 8 3
v 9 3
v 10 3
v 11 3
v 12 3
v 13 3
v 14 3
v 15 4
v 16 4
v 17 4
v 18 4
v 19 4
v 20 4
v 21 4
v 22 4
v 23 4
e 0 6 2
e 1 7 1
e 1 22 1
e 1 23 1
e 2 3 1
e 2 4 2
e 2 7 1
e 3 5 1
e 3 8 2
e 4 6 1
e 4 9 1
e 5 6 1
e 5 10 2
e 7 11 2
e 8 13 1
e 8 15 1
e 9 12 2
e 9 16 1
e 10 14 1
e 10 17 1
e 11 12 1
e 11 18 1
e 12 19 1
e 13 14 2
e 13 20 1
e 14 21 1
t # 66840
v 0 11
v 1 11
v 2 1
v 3 1
v 4 1
v 5 1
v 6 1
v 7 1
v 8 3
v 9 3
v 10 3
v 11 3
v 12 3
v 13 3
v 14 3
v 15 3
v 16 3
v 17 3
v 18 3
v 19 4
v 20 4
v 21 4
v 22 4
v 23 4
v 24 4
v 25 4
v 26 4
v 27 4
v 28 4
v 29 4
v 30 4
v 31 4
v 32 4
v 33 4
v 34 4
v 35 4
v 36 4
v 37 4
v 38 4
v 39 4
v 40 4
v 41 4
v 42 4
e 0 4 2
e 0 5 2
e 0 17 1
e 1 6 2
e 1 7 2
e 1 18 1
e 2 15 1
e 3 16 1
e 8 9 1
e 8 10 1
e 8 19 1
e 8 20 1
e 9 11 1
e 9 21 1
e 9 22 1
e 10 12 1
e 10 23 1
e 10 24 1
e 11 13 1
e 11 25 1
e 11 26 1
e 12 14 1
e 12 27 1
e 12 28 1
e 13 15 1
e 13 29 1
e 13 30 1
e 14 16 1
e 14 31 1
e 14 32 1
e 15 33 1
e 15 34 1
e 16 35 1
e 16 36 1
e 17 37 1
e 17 38 1
e 17 39 1
e 18 40 1
e 18 41 1
e 18 42 1
t # 66841
v 0 1
v 1 1
v 2 3
v 3 3
v 4 3
v 5 3
v 6 3
v 7 4
v 8 4
v 9 4
v 10 4
v 11 4
v 12 4
v 13 4
v 14 4
v 15 4
v 16 4
e 0 5 1
e 0 16 1
e 1 6 2
e 2 3 1
e 2 4 1
e 2 7 1
e 2 8 1
e 3 5 1
e 3 9 1
e 3 10 1
e 4 6 1
e 4 11 1
e 4 12 1
e 5 13 1
e 5 14 1
e 6 15 1
t # 66842
v 0 1
v 1 1
v 2 1
v 3 3
v 4 3
v 5 3
v 6 3
v 7 3
v 8 3
v 9 3
v 10 3
v 11 3
v 12 3
v 13 4
v 14 4
v 15 4
v 16 4
v 17 4
v 18 4
v 19 4
v 20 4
v 21 4
v 22 4
v 23 4
v 24 4
e 0 3 1
e 0 7 1
e 1 7 2
e 2 12 1
e 2 24 1
e 3 4 1
e 3 5 1
e 3 13 1
e 4 14 1
e 4 15 1
e 4 16 1
e 5 17 1
e 5 18 1
e 5 19 1
e 6 7 1
e 6 8 2
e 6 9 1
e 8 10 1
e 8 20 1
e 9 11 2
e 9 21 1
e 10 12 2
e 10 22 1
e 11 12 1
e 11 23 1
t # 66843
v 0 1
v 1 3
v 2 3
v 3 3
v 4 3
v 5 3
v 6 3
v 7 3
v 8 3
v 9 3
v 10 4
v 11 4
v 12 4
v 13 4
v 14 4
v 15 4
v 16 4
v 17 4
e 0 2 1
e 0 16 1
e 1 2 1
e 1 3 2
e 1 4 1
e 2 8 1
e 2 10 1
e 3 5 1
e 3 11 1
e 4 6 2
e 4 12 1
e 5 7 2
e 5 13 1
e 6 7 1
e 6 14 1
e 7 15 1
e 9 17 1
t # 66844
v 0 2
v 1 3
v 2 3
v 3 3
v 4 3
v 5 3
v 6 3
v 7 3
v 8 3
v 9 3
v 10 4
v 11 4
v 12 4
v 13 4
v 14 4
v 15 4
v 16 4
v 17 4
v 18 4
v 19 4
v 20 4
v 21 4
v 22 4
v 23 4
v 24 4
v 25 4
v 26 4
v 27 4
v 28 4
v 29 4
e 0 1 1
e 0 2 1
e 0 3 1
e 0 4 1
e 1 5 1
e 1 10 1
e 1 11 1
e 2 6 1
e 2 12 1
e 2 13 1
e 3 7 1
e 3 14 1
e 3 15 1
e 4 8 1
e 4 16 1
e 4 17 1
e 5 18 1
e 5 19 1
e 5 20 1
e 6 21 1
e 6 22 1
e 6 23 1
e 7 24 1
e 7 25 1
e 7 26 1
e 8 9 2
e 8 27 1
e 9 28 1
e 9 29 1
t # 66845
v 0 3
v 1 3
v 2 3
v 3 3
v 4 3
v 5 3
v 6 3
v 7 3
v 8 3
v 9 3
v 10 3
v 11 4
v 12 4
v 13 4
v 14 4
v 15 4
v 16 4
v 17 4
v 18 4
v 19 4
v 20 4
v 21 4
v 22 4
v 23 4
v 24 4
e 0 2 1
e 0 3 1
e 0 5 1
e 0 11 1
e 1 2 1
e 1 4 1
e 1 6 1
e 1 12 1
e 2 13 1
e 2 14 1
e 3 4 1
e 3 7 2
e 4 8 2
e 5 15 1
e 5 16 1
e 5 17 1
e 6 18 1
e 6 19 1
e 6 20 1
e 7 9 1
e 7 21 1
e 8 10 1
e 8 22 1
e 9 10 2
e 9 23 1
e 10 24 1
t # 66846
v 0 1
v 1 1
v 2 1
v 3 1
v 4 2
v 5 2
v 6 2
v 7 2
v 8 3
v 9 3
v 10 3
v 11 3
v 12 4
v 13 4
v 14 4
v 15 4
v 16 4
v 17 4
v 18 4
v 19 4
e 4 6 1
e 4 8 1
e 4 9 1
e 5 7 1
e 5 10 1
e 5 11 1
e 8 10 1
e 8 12 1
e 8 13 1
e 9 11 1
e 9 14 1
e 9 15 1
e 10 16 1
e 10 17 1
e 11 18 1
e 11 19 1
t # 66847
v 0 1
v 1 3
v 2 3
v 3 3
v 4 3
v 5 3
v 6 3
v 7 3
v 8 3
v 9 3
v 10 3
v 11 3
v 12 3
v 13 3
v 14 3
v 15 3
v 16 3
v 17 4
v 18 4
v 19 4
v 20 4
v 21 4
v 22 4
v 23 4
v 24 4
v 25 4
v 26 4
v 27 4
v 28 4
v 29 4
v 30 4
v 31 4
v 32 4
v 33 4
v 34 4
v 35 4
v 36 4
v 37 4
v 38 4
v 39 4
v 40 4
v 41 4
v 42 4
e 0 5 1
e 0 39 1
e 1 3 1
e 1 9 1
e 1 10 1
e 1 11 1
e 2 4 1
e 2 12 1
e 2 13 1
e 2 14 1
e 3 5 2
e 3 6 1
e 4 5 1
e 4 7 2
e 6 8 2
e 6 17 1
e 7 8 1
e 7 18 1
e 8 15 1
e 9 19 1
e 9 20 1
e 9 21 1
e 10 22 1
e 10 23 1
e 10 24 1
e 11 25 1
e 11 26 1
e 11 27 1
e 12 28 1
e 12 29 1
e 12 30 1
e 13 31 1
e 13 32 1
e 13 33 1
e 14 34 1
e 14 35 1
e 14 36 1
e 15 16 1
e 15 37 1
e 15 38 1
e 16 40 1
e 16 41 1
e 16 42 1
t # 66848
v 0 1
v 1 2
v 2 2
v 3 2
v 4 3
v 5 3
v 6 3
v 7 3
v 8 3
v 9 3
v 10 3
v 11 3
v 12 3
v 13 3
v 14 3
v 15 3
v 16 3
v 17 3
v 18 4
v 19 4
v 20 4
v 21 4
v 22 4
v 23 4
v 24 4
v 25 4
v 26 4
v 27 4
v 28 4
v 29 4
v 30 4
e 0 11 2
e 1 4 1
e 1 11 1
e 1 22 1
e 2 5 1
e 3 10 1
e 4 6 2
e 4 7 1
e 5 8 2
e 5 9 1
e 6 8 1
e 6 18 1
e 7 9 2
e 7 19 1
e 8 20 1
e 9 21 1
e 10 12 2
e 10 13 1
e 11 17 1
e 12 14 1
e 12 23 1
e 13 15 2
e 13 24 1
e 14 16 2
e 14 25 1
e 15 16 1
e 15 26 1
e 16 27 1
e 17 28 1
e 17 29 1
e 17 30 1
t # 66849
v 0 1
v 1 3
v 2 3
v 3 3
v 4 3
v 5 3
v 6 3
v 7 3
v 8 3
v 9 4
v 10 4
v 11 4
v 12 4
v 13 4
v 14 4
v 15 4
v 16 4
v 17 4
v 18 4
v 19 4
v 20 4
v 21 4
v 22 4
v 23 4
v 24 4
v 25 4
v 26 4
e 0 5 1
e 0 26 1
e 1 2 1
e 1 3 1
e 1 9 1
e 1 10 1
e 2 4 1
e 2 11 1
e 2 12 1
e 3 5 1
e 3 13 1
e 3 14 1
e 4 6 1
e 4 15 1
e 4 16 1
e 5 7 1
e 5 17 1
e 6 8 1
e 6 18 1
e 6 19 1
e 7 20 1
e 7 21 1
e 7 22 1
e 8 23 1
e 8 24 1
e 8 25 1
t # 66850
v 0 1
v 1 2
v 2 3
v 3 3
v 4 3
v 5 3
v 6 3
v 7 3
v 8 3
v 9 3
v 10 3
v 11 3
v 12 3
v 13 3
v 14 3
v 15 3
v 16 3
v 17 3
v 18 4
v 19 4
v 20 4
v 21 4
v 22 4
v 23 4
v 24 4
v 25 4
v 26 4
v 27 4
v 28 4
v 29 4
v 30 4
e 0 16 2
e 1 9 1
e 1 16 1
e 1 27 1
e 2 3 1
e 2 4 2
e 2 6 1
e 3 5 1
e 3 11 2
e 4 7 1
e 4 10 1
e 5 8 1
e 5 13 2
e 6 9 2
e 6 18 1
e 7 8 2
e 7 19 1
e 8 20 1
e 9 12 1
e 10 12 2
e 10 21 1
e 11 14 1
e 11 22 1
e 12 23 1
e 13 15 1
e 13 24 1
e 14 15 2
e 14 25 1
e 15 26 1
e 16 17 1
e 17 28 1
e 17 29 1
e 17 30 1
t # 66851
v 0 1
v 1 1
v 2 1
v 3 3
v 4 3
v 5 3
v 6 3
v 7 3
v 8 3
v 9 3
v 10 3
v 11 3
v 12 3
v 13 3
v 14 4
v 15 4
v 16 4
v 17 4
v 18 4
v 19 4
v 20 4
v 21 4
v 22 4
v 23 4
v 24 4
v 25 4
v 26 4
v 27 4
e 0 4 1
e 0 6 1
e 1 3 1
e 1 27 1
e 2 6 2
e 3 5 1
e 3 6 1
e 3 14 1
e 4 7 1
e 4 8 1
e 4 15 1
e 5 9 2
e 5 10 1
e 7 16 1
e 7 17 1
e 7 18 1
e 8 19 1
e 8 20 1
e 8 21 1
e 9 11 1
e 9 22 1
e 10 12 2
e 10 23 1
e 11 13 2
e 11 24 1
e 12 13 1
e 12 25 1
e 13 26 1
t # 66852
v 0 1
v 1 1
v 2 2
v 3 2
v 4 3
v 5 3
v 6 3
v 7 4
v 8 4
v 9 4
v 10 4
v 11 4
v 12 4
v 13 4
v 14 4
e 0 4 1
e 0 6 1
e 1 6 2
e 2 3 1
e 2 6 1
e 2 12 1
e 3 13 1
e 3 14 1
e 4 5 1
e 4 7 1
e 4 8 1
e 5 9 1
e 5 10 1
e 5 11 1
t # 66853
v 0 11
v 1 1
v 2 1
v 3 2
v 4 2
v 5 3
v 6 3
v 7 3
v 8 3
v 9 3
v 10 4
v 11 4
v 12 4
v 13 4
v 14 4
v 15 4
v 16 4
v 17 4
v 18 4
v 19 4
v 20 4
v 21 4
e 0 6 1
e 0 7 1
e 1 9 1
e 1 21 1
e 2 9 2
e 3 5 1
e 3 17 1
e 3 18 1
e 4 8 1
e 4 19 1
e 4 20 1
e 5 6 1
e 5 9 1
e 5 10 1
e 6 11 1
e 6 12 1
e 7 8 1
e 7 13 1
e 7 14 1
e 8 15 1
e 8 16 1
t # 66854
v 0 1
v 1 2
v 2 3
v 3 3
v 4 3
v 5 3
v 6 3
v 7 3
v 8 3
v 9 3
v 10 3
v 11 3
v 12 3
v 13 3
v 14 3
v 15 3
v 16 4
v 17 4
v 18 4
v 19 4
v 20 4
v 21 4
v 22 4
v 23 4
v 24 4
v 25 4
v 26 4
v 27 4
v 28 4
e 0 14 2
e 1 4 1
e 1 14 1
e 1 22 1
e 2 3 1
e 2 5 2
e 2 6 1
e 3 9 2
e 3 10 1
e 4 7 2
e 4 8 1
e 5 7 1
e 5 16 1
e 6 8 2
e 6 17 1
e 7 18 1
e 8 19 1
e 9 11 1
e 9 20 1
e 10 12 2
e 10 21 1
e 11 13 2
e 11 23 1
e 12 13 1
e 12 24 1
e 13 25 1
e 14 15 1
e 15 26 1
e 15 27 1
e 15 28 1
t # 66855
v 0 1
v 1 1
v 2 3
v 3 3
v 4 3
v 5 3
v 6 3
v 7 3
v 8 3
v 9 3
v 10 3
v 11 3
v 12 3
v 13 3
v 14 3
v 15 3
v 16 3
v 17 3
v 18 4
v 19 4
v 20 4
v 21 4
v 22 4
v 23 4
v 24 4
v 25 4
v 26 4
v 27 4
v 28 4
v 29 4
e 0 4 2
e 1 5 2
e 2 4 1
e 2 6 2
e 2 8 1
e 3 5 1
e 3 7 2
e 3 9 1
e 4 10 1
e 5 11 1
e 6 12 1
e 6 18 1
e 7 13 1
e 7 19 1
e 8 14 2
e 8 20 1
e 9 15 2
e 9 21 1
e 10 11 2
e 10 22 1
e 11 23 1
e 12 16 2
e 12 24 1
e 13 17 2
e 13 25 1
e 14 16 1
e 14 26 1
e 15 17 1
e 15 27 1
e 16 28 1
e 17 29 1
t # 66856
v 0 11
v 1 1
v 2 1
v 3 1
v 4 1
v 5 1
v 6 1
v 7 3
v 8 3
v 9 3
v 10 3
v 11 3
v 12 3
v 13 3
v 14 3
v 15 3
v 16 3
v 17 3
v 18 3
v 19 3
v 20 3
v 21 4
v 22 4
v 23 4
v 24 4
v 25 4
v 26 4
v 27 4
v 28 4
v 29 4
v 30 4
v 31 4
v 32 4
e 0 5 2
e 0 6 2
e 0 7 1
e 1 10 1
e 1 20 1
e 2 11 1
e 2 27 1
e 3 32 1
e 4 13 2
e 7 9 1
e 7 10 2
e 8 9 2
e 8 11 1
e 8 13 1
e 9 21 1
e 10 12 1
e 11 12 2
e 12 22 1
e 13 14 1
e 14 15 2
e 14 16 1
e 15 17 1
e 15 23 1
e 16 18 2
e 16 24 1
e 17 19 2
e 17 25 1
e 18 19 1
e 18 26 1
e 19 28 1
e 20 29 1
e 20 30 1
e 20 31 1
t # 66857
v 0 1
v 1 2
v 2 3
v 3 3
v 4 3
v 5 3
v 6 3
v 7 3
v 8 4
v 9 4
v 10 4
v 11 4
v 12 4
v 13 4
v 14 4
v 15 4
v 16 4
v 17 4
v 18 4
v 19 4
v 20 4
v 21 4
v 22 4
e 0 7 1
e 0 22 1
e 1 6 1
e 1 20 1
e 1 21 1
e 2 3 1
e 2 4 1
e 2 8 1
e 2 9 1
e 3 5 1
e 3 10 1
e 3 11 1
e 4 6 1
e 4 12 1
e 4 13 1
e 5 7 1
e 5 14 1
e 5 15 1
e 6 16 1
e 6 17 1
e 7 18 1
e 7 19 1
t # 66858
v 0 1
v 1 2
v 2 2
v 3 2
v 4 2
v 5 2
v 6 3
v 7 3
v 8 3
v 9 3
v 10 3
v 11 3
v 12 3
v 13 3
v 14 3
v 15 3
v 16 3
v 17 3
v 18 3
v 19 4
v 20 4
v 21 4
v 22 4
v 23 4
v 24 4
v 25 4
v 26 4
v 27 4
v 28 4
v 29 4
v 30 4
v 31 4
v 32 4
v 33 4
e 0 18 1
e 0 33 1
e 1 6 1
e 1 8 1
e 1 12 1
e 2 8 1
e 2 14 2
e 3 13 1
e 3 14 1
e 3 28 1
e 4 9 1
e 5 14 1
e 6 7 1
e 6 10 2
e 7 9 1
e 7 11 2
e 8 9 2
e 10 16 1
e 10 19 1
e 11 17 1
e 11 20 1
e 12 21 1
e 12 22 1
e 12 23 1
e 13 15 1
e 13 24 1
e 13 25 1
e 15 18 1
e 15 26 1
e 15 27 1
e 16 17 2
e 16 29 1
e 17 30 1
e 18 31 1
e 18 32 1
t # 66859
v 0 11
v 1 1
v 2 1
v 3 1
v 4 1
v 5 2
v 6 3
v 7 3
v 8 3
v 9 3
v 10 3
v 11 3
v 12 4
v 13 4
v 14 4
v 15 4
v 16 4
v 17 4
v 18 4
v 19 4
v 20 4
v 21 4
v 22 4
e 0 7 1
e 0 8 1
e 1 10 1
e 1 21 1
e 2 10 2
e 3 11 1
e 3 22 1
e 4 11 2
e 5 6 1
e 5 19 1
e 5 20 1
e 6 7 1
e 6 10 1
e 6 12 1
e 7 13 1
e 7 14 1
e 8 9 1
e 8 15 1
e 8 16 1
e 9 11 1
e 9 17 1
e 9 18 1
t # 66860
v 0 12
v 1 2
v 2 2
v 3 2
v 4 2
v 5 2
v 6 3
v 7 3
v 8 3
v 9 3
v 10 3
v 11 3
v 12 3
v 13 3
v 14 4
v 15 4
v 16 4
v 17 4
v 18 4
v 19 4
v 20 4
v 21 4
v 22 4
v 23 4
e 0 11 1
e 1 6 1
e 1 12 2
e 2 12 1
e 2 13 2
e 3 12 1
e 3 18 1
e 3 19 1
e 4 13 1
e 4 20 1
e 4 21 1
e 5 13 1
e 5 22 1
e 5 23 1
e 6 7 2
e 6 8 1
e 7 9 1
e 7 14 1
e 8 10 2
e 8 15 1
e 9 11 2
e 9 16 1
e 10 11 1
e 10 17 1
t # 66861
v 0 2
v 1 2
v 2 2
v 3 2
v 4 2
v 5 2
v 6 3
v 7 4
v 8 4
v 9 4
v 10 4
v 11 4
v 12 4
v 13 4
v 14 4
e 0 3 1
e 0 6 1
e 0 7 1
e 1 4 1
e 1 6 1
e 1 8 1
e 2 5 1
e 2 6 2
e 3 9 1
e 3 10 1
e 4 11 1
e 4 12 1
e 5 13 1
e 5 14 1
t # 66862
v 0 2
v 1 3
v 2 3
v 3 3
v 4 3
v 5 3
v 6 3
v 7 3
v 8 3
v 9 3
v 10 3
v 11 3
v 12 3
v 13 3
v 14 3
v 15 3
v 16 3
v 17 3
v 18 3
v 19 3
v 20 3
v 21 3
v 22 3
v 23 3
v 24 4
v 25 4
v 26 4
v 27 4
v 28 4
v 29 4
v 30 4
v 31 4
v 32 4
v 33 4
v 34 4
v 35 4
v 36 4
v 37 4
v 38 4
v 39 4
v 40 4
v 41 4
v 42 4
v 43 4
v 44 4
v 45 4
v 46 4
v 47 4
v 48 4
v 49 4
v 50 4
v 51 4
v 52 4
e 0 7 1
e 0 8 1
e 0 9 1
e 1 3 1
e 1 4 1
e 1 7 1
e 1 24 1
e 2 5 1
e 2 6 1
e 2 8 1
e 2 25 1
e 3 5 1
e 3 26 1
e 3 27 1
e 4 6 1
e 4 28 1
e 4 29 1
e 5 30 1
e 5 31 1
e 6 32 1
e 6 33 1
e 7 34 1
e 7 35 1
e 8 36 1
e 8 37 1
e 9 10 1
e 9 38 1
e 9 39 1
e 10 11 1
e 10 40 1
e 10 41 1
e 11 12 1
e 11 13 1
e 11 42 1
e 12 14 2
e 12 16 1
e 13 15 2
e 13 17 1
e 14 18 1
e 14 43 1
e 15 19 1
e 15 44 1
e 16 20 2
e 16 45 1
e 17 21 2
e 17 46 1
e 18 22 2
e 18 47 1
e 19 23 2
e 19 48 1
e 20 22 1
e 20 49 1
e 21 23 1
e 21 50 1
e 22 51 1
e 23 52 1
t # 66863
v 0 12
v 1 1
v 2 1
v 3 2
v 4 2
v 5 2
v 6 3
v 7 3
v 8 3
v 9 3
v 10 3
v 11 3
v 12 3
v 13 3
v 14 3
v 15 3
v 16 3
v 17 4
v 18 4
v 19 4
v 20 4
v 21 4
v 22 4
v 23 4
v 24 4
v 25 4
v 26 4
e 0 11 1
e 1 12 1
e 1 15 1
e 2 15 2
e 3 4 1
e 3 6 1
e 3 21 1
e 4 14 2
e 6 7 2
e 6 8 1
e 7 9 1
e 7 17 1
e 8 10 2
e 8 18 1
e 9 11 2
e 9 19 1
e 10 11 1
e 10 20 1
e 12 13 1
e 12 22 1
e 12 23 1
e 13 24 1
e 13 25 1
e 13 26 1
e 14 15 1
e 14 16 1
t # 66864
v 0 2
v 1 3
v 2 3
v 3 3
v 4 3
v 5 3
v 6 3
v 7 3
v 8 3
v 9 3
v 10 4
v 11 4
v 12 4
v 13 4
v 14 4
v 15 4
v 16 4
v 17 4
v 18 4
v 19 4
v 20 4
v 21 4
v 22 4
e 0 8 2
e 0 9 1
e 1 2 1
e 1 3 1
e 1 4 1
e 1 5 1
e 2 6 2
e 2 7 1
e 3 10 1
e 3 11 1
e 3 12 1
e 4 13 1
e 4 14 1
e 4 15 1
e 5 16 1
e 5 17 1
e 5 18 1
e 6 8 1
e 6 19 1
e 7 9 2
e 7 20 1
e 8 21 1
e 9 22 1
t # 66865
v 0 12
v 1 1
v 2 1
v 3 1
v 4 1
v 5 2
v 6 3
v 7 3
v 8 3
v 9 3
v 10 3
v 11 3
v 12 3
v 13 4
v 14 4
v 15 4
v 16 4
e 0 8 1
e 1 12 1
e 1 16 1
e 2 12 2
e 5 7 1
e 6 8 2
e 6 9 1
e 6 12 1
e 7 8 1
e 7 10 2
e 9 11 2
e 9 13 1
e 10 11 1
e 10 14 1
e 11 15 1
t # 66866
v 0 12
v 1 1
v 2 1
v 3 1
v 4 3
v 5 3
v 6 3
v 7 3
v 8 3
v 9 3
v 10 3
v 11 4
v 12 4
v 13 4
v 14 4
v 15 4
e 0 8 1
e 1 7 1
e 1 14 1
e 2 10 1
e 2 15 1
e 3 10 2
e 4 5 2
e 4 6 1
e 4 10 1
e 5 8 1
e 5 11 1
e 6 9 2
e 6 12 1
e 7 8 2
e 7 9 1
e 9 13 1
t # 66867
v 0 2
v 1 3
v 2 3
v 3 3
v 4 3
v 5 3
v 6 3
v 7 3
v 8 3
v 9 3
v 10 3
v 11 4
v 12 4
v 13 4
v 14 4
v 15 4
v 16 4
v 17 4
v 18 4
v 19 4
v 20 4
e 0 3 2
e 0 5 1
e 0 8 1
e 1 2 1
e 1 3 1
e 1 6 2
e 2 4 1
e 2 7 2
e 3 11 1
e 4 5 2
e 4 12 1
e 5 13 1
e 6 9 1
e 6 14 1
e 7 10 1
e 7 15 1
e 8 16 1
e 8 17 1
e 8 18 1
e 9 10 2
e 9 19 1
e 10 20 1
t # 66868
v 0 2
v 1 3
v 2 3
v 3 3
v 4 3
v 5 3
v 6 3
v 7 3
v 8 3
v 9 3
v 10 3
v 11 4
v 12 4
v 13 4
v 14 4
v 15 4
v 16 4
v 17 4
v 18 4
v 19 4
v 20 4
e 0 1 1
e 0 5 2
e 0 8 1
e 1 2 1
e 1 3 2
e 2 4 1
e 2 6 2
e 3 9 1
e 3 11 1
e 4 7 2
e 4 12 1
e 5 7 1
e 5 13 1
e 6 10 1
e 6 14 1
e 7 15 1
e 8 16 1
e 8 17 1
e 8 18 1
e 9 10 2
e 9 19 1
e 10 20 1
t # 66869
v 0 1
v 1 1
v 2 3
v 3 3
v 4 3
v 5 3
v 6 3
v 7 3
v 8 4
v 9 4
v 10 4
v 11 4
v 12 4
v 13 4
v 14 4
v 15 4
v 16 4
v 17 4
v 18 4
v 19 4
v 20 4
v 21 4
e 0 2 1
e 0 3 1
e 1 4 1
e 1 21 1
e 2 5 1
e 2 6 1
e 2 8 1
e 3 4 1
e 3 10 1
e 3 11 1
e 4 7 1
e 4 9 1
e 5 12 1
e 5 13 1
e 5 14 1
e 6 15 1
e 6 16 1
e 6 17 1
e 7 18 1
e 7 19 1
e 7 20 1
t # 66870
v 0 1
v 1 1
v 2 1
v 3 1
v 4 3
v 5 3
v 6 3
v 7 3
v 8 3
v 9 3
v 10 3
v 11 3
v 12 3
v 13 4
v 14 4
v 15 4
v 16 4
v 17 4
v 18 4
v 19 4
v 20 4
v 21 4
v 22 4
e 0 5 1
e 0 11 1
e 1 7 1
e 1 19 1
e 2 10 1
e 2 12 1
e 3 10 2
e 4 6 2
e 4 8 1
e 4 10 1
e 5 6 1
e 5 7 2
e 6 13 1
e 7 9 1
e 8 9 2
e 8 14 1
e 9 15 1
e 11 16 1
e 11 17 1
e 11 18 1
e 12 20 1
e 12 21 1
e 12 22 1
t # 66871
v 0 1
v 1 1
v 2 3
v 3 3
v 4 3
v 5 3
v 6 3
v 7 3
v 8 3
v 9 3
v 10 3
v 11 4
v 12 4
v 13 4
v 14 4
v 15 4
v 16 4
v 17 4
v 18 4
v 19 4
v 20 4
v 21 4
v 22 4
v 23 4
v 24 4
v 25 4
v 26 4
v 27 4
v 28 4
v 29 4
v 30 4
e 0 9 1
e 0 29 1
e 1 10 1
e 1 30 1
e 2 3 1
e 2 4 1
e 2 11 1
e 2 12 1
e 3 5 1
e 3 13 1
e 3 14 1
e 4 6 1
e 4 15 1
e 4 16 1
e 5 7 1
e 5 17 1
e 5 18 1
e 6 8 1
e 6 19 1
e 6 20 1
e 7 9 1
e 7 21 1
e 7 22 1
e 8 10 1
e 8 23 1
e 8 24 1
e 9 25 1
e 9 26 1
e 10 27 1
e 10 28 1
t # 66872
v 0 1
v 1 1
v 2 1
v 3 2
v 4 3
v 5 3
v 6 3
v 7 3
v 8 4
v 9 4
v 10 4
v 11 4
v 12 4
v 13 4
v 14 4
v 15 4
v 16 4
e 0 4 1
e 0 7 1
e 1 5 1
e 2 7 2
e 3 15 1
e 3 16 1
e 4 6 1
e 4 8 1
e 4 9 1
e 5 7 1
e 5 10 1
e 5 11 1
e 6 12 1
e 6 13 1
e 6 14 1
t # 66873
v 0 1
v 1 3
v 2 3
v 3 3
v 4 3
v 5 3
v 6 3
v 7 3
v 8 3
v 9 3
v 10 3
v 11 3
v 12 3
v 13 4
v 14 4
v 15 4
v 16 4
v 17 4
v 18 4
v 19 4
v 20 4
v 21 4
v 22 4
v 23 4
v 24 4
v 25 4
v 26 4
v 27 4
v 28 4
v 29 4
v 30 4
v 31 4
v 32 4
v 33 4
v 34 4
v 35 4
v 36 4
v 37 4
v 38 4
e 0 7 1
e 0 35 1
e 1 2 1
e 1 3 1
e 1 7 1
e 1 13 1
e 2 4 1
e 2 14 1
e 2 15 1
e 3 6 1
e 3 16 1
e 3 17 1
e 4 5 1
e 4 18 1
e 4 19 1
e 5 8 1
e 5 20 1
e 5 21 1
e 6 9 1
e 6 22 1
e 6 23 1
e 7 24 1
e 7 25 1
e 8 10 1
e 8 26 1
e 8 27 1
e 9 11 1
e 9 28 1
e 9 29 1
e 10 12 1
e 10 30 1
e 10 31 1
e 11 32 1
e 11 33 1
e 11 34 1
e 12 36 1
e 12 37 1
e 12 38 1
t # 66874
v 0 11
v 1 11
v 2 11
v 3 11
v 4 1
v 5 1
v 6 1
v 7 1
v 8 2
v 9 2
v 10 2
v 11 2
v 12 3
v 13 3
v 14 3
v 15 3
v 16 3
v 17 3
v 18 3
v 19 3
v 20 3
v 21 3
v 22 3
v 23 3
v 24 4
v 25 4
v 26 4
v 27 4
v 28 4
v 29 4
v 30 4
v 31 4
v 32 4
v 33 4
v 34 4
v 35 4
v 36 4
v 37 4
e 0 4 2
e 0 5 2
e 0 12 1
e 1 6 2
e 1 7 2
e 1 13 1
e 2 16 1
e 3 17 1
e 8 14 1
e 8 30 1
e 8 31 1
e 9 15 1
e 9 32 1
e 9 33 1
e 10 34 1
e 10 35 1
e 11 36 1
e 11 37 1
e 12 18 2
e 12 20 1
e 13 19 2
e 13 21 1
e 14 16 2
e 14 18 1
e 15 17 2
e 15 19 1
e 16 22 1
e 17 23 1
e 18 24 1
e 19 25 1
e 20 22 2
e 20 26 1
e 21 23 2
e 21 27 1
e 22 28 1
e 23 29 1
t # 66875
v 0 12
v 1 1
v 2 2
v 3 2
v 4 3
v 5 3
v 6 3
v 7 3
v 8 3
v 9 3
v 10 3
v 11 3
v 12 3
v 13 4
v 14 4
v 15 4
v 16 4
v 17 4
v 18 4
v 19 4
v 20 4
v 21 4
e 0 12 1
e 1 4 1
e 1 9 1
e 2 5 1
e 2 9 2
e 3 9 1
e 3 20 1
e 3 21 1
e 4 5 1
e 4 6 1
e 4 13 1
e 5 14 1
e 5 15 1
e 6 7 2
e 6 8 1
e 7 10 1
e 7 16 1
e 8 11 2
e 8 17 1
e 10 12 2
e 10 18 1
e 11 12 1
e 11 19 1
t # 66876
v 0 8
v 1 1
v 2 1
v 3 1
v 4 1
v 5 3
v 6 3
v 7 3
v 8 3
v 9 3
v 10 3
v 11 3
v 12 3
v 13 3
v 14 3
v 15 3
v 16 3
v 17 3
v 18 3
v 19 3
v 20 3
v 21 3
v 22 3
v 23 3
v 24 3
v 25 3
v 26 3
v 27 3
v 28 3
v 29 4
v 30 4
v 31 4
v 32 4
v 33 4
v 34 4
v 35 4
v 36 4
v 37 4
v 38 4
v 39 4
v 40 4
v 41 4
v 42 4
v 43 4
v 44 4
v 45 4
v 46 4
v 47 4
v 48 4
v 49 4
v 50 4
v 51 4
v 52 4
v 53 4
v 54 4
v 55 4
e 1 5 1
e 2 6 1
e 3 7 1
e 5 8 2
e 5 17 1
e 6 9 2
e 6 18 1
e 7 10 2
e 7 19 1
e 8 14 1
e 8 23 1
e 9 15 1
e 9 24 1
e 10 16 1
e 10 25 1
e 11 14 2
e 11 20 1
e 11 26 1
e 12 15 2
e 12 21 1
e 12 27 1
e 13 16 2
e 13 22 1
e 13 28 1
e 14 29 1
e 15 30 1
e 16 31 1
e 17 20 2
e 17 32 1
e 18 21 2
e 18 33 1
e 19 22 2
e 19 34 1
e 20 35 1
e 21 36 1
e 22 37 1
e 23 38 1
e 23 39 1
e 23 40 1
e 24 41 1
e 24 42 1
e 24 43 1
e 25 44 1
e 25 45 1
e 25 46 1
e 26 47 1
e 26 48 1
e 26 49 1
e 27 50 1
e 27 51 1
e 27 52 1
e 28 53 1
e 28 54 1
e 28 55 1
t # 66877
v 0 1
v 1 1
v 2 1
v 3 1
v 4 2
v 5 2
v 6 2
v 7 2
v 8 2
v 9 2
v 10 3
v 11 3
v 12 3
v 13 3
v 14 4
v 15 4
v 16 4
v 17 4
v 18 4
v 19 4
v 20 4
v 21 4
e 0 10 2
e 1 11 2
e 4 5 1
e 4 10 1
e 4 14 1
e 5 11 1
e 5 15 1
e 6 8 1
e 6 10 1
e 6 12 1
e 7 9 1
e 7 11 1
e 7 13 1
e 12 16 1
e 12 17 1
e 12 18 1
e 13 19 1
e 13 20 1
e 13 21 1
t # 66878
v 0 1
v 1 2
v 2 3
v 3 3
v 4 3
v 5 3
v 6 3
v 7 3
v 8 3
v 9 3
v 10 3
v 11 3
v 12 3
v 13 3
v 14 3
v 15 4
v 16 4
v 17 4
v 18 4
v 19 4
v 20 4
v 21 4
v 22 4
v 23 4
v 24 4
v 25 4
v 26 4
v 27 4
e 0 2 1
e 0 4 1
e 1 5 1
e 1 26 1
e 1 27 1
e 2 3 1
e 2 6 2
e 3 7 2
e 3 8 1
e 4 5 1
e 4 9 2
e 5 12 2
e 6 10 1
e 6 15 1
e 7 11 1
e 7 16 1
e 8 17 1
e 8 18 1
e 8 19 1
e 9 13 1
e 9 20 1
e 10 11 2
e 10 21 1
e 11 22 1
e 12 14 1
e 12 23 1
e 13 14 2
e 13 24 1
e 14 25 1
t # 66879
v 0 12
v 1 1
v 2 3
v 3 3
v 4 3
v 5 3
v 6 3
v 7 3
v 8 3
v 9 4
v 10 4
v 11 4
v 12 4
v 13 4
e 0 2 1
e 1 3 2
e 2 3 1
e 2 4 2
e 3 5 1
e 4 6 1
e 4 9 1
e 5 7 2
e 5 10 1
e 6 8 2
e 6 11 1
e 7 8 1
e 7 12 1
e 8 13 1
t # 66880
v 0 1
v 1 1
v 2 2
v 3 2
v 4 2
v 5 2
v 6 3
v 7 3
v 8 3
v 9 3
v 10 3
v 11 3
v 12 3
v 13 3
v 14 3
v 15 3
v 16 3
v 17 3
v 18 3
v 19 3
v 20 4
v 21 4
v 22 4
v 23 4
v 24 4
v 25 4
v 26 4
v 27 4
v 28 4
v 29 4
v 30 4
v 31 4
v 32 4
v 33 4
e 2 6 1
e 2 12 1
e 2 13 1
e 3 9 1
e 4 14 1
e 5 15 1
e 6 7 2
e 6 8 1
e 7 10 1
e 7 20 1
e 8 11 2
e 8 21 1
e 9 10 2
e 9 11 1
e 10 22 1
e 11 23 1
e 12 24 1
e 12 25 1
e 12 26 1
e 13 27 1
e 13 28 1
e 13 29 1
e 14 16 2
e 14 17 1
e 15 16 1
e 15 18 2
e 16 30 1
e 17 19 2
e 17 31 1
e 18 19 1
e 18 32 1
e 19 33 1
t # 66881
v 0 1
v 1 2
v 2 3
v 3 3
v 4 3
v 5 3
v 6 3
v 7 3
v 8 3
v 9 3
v 10 3
v 11 3
v 12 3
v 13 3
v 14 3
v 15 3
v 16 3
v 17 3
v 18 3
v 19 4
v 20 4
v 21 4
v 22 4
v 23 4
v 24 4
v 25 4
v 26 4
v 27 4
v 28 4
v 29 4
v 30 4
v 31 4
v 32 4
v 33 4
v 34 4
v 35 4
v 36 4
v 37 4
v 38 4
v 39 4
v 40 4
e 0 6 1
e 0 12 1
e 1 2 1
e 1 3 1
e 1 4 1
e 1 5 1
e 2 6 1
e 2 19 1
e 2 20 1
e 3 7 1
e 3 21 1
e 3 22 1
e 4 23 1
e 4 24 1
e 4 25 1
e 5 26 1
e 5 27 1
e 5 28 1
e 6 29 1
e 6 30 1
e 7 8 2
e 7 9 1
e 8 10 1
e 8 31 1
e 9 11 2
e 9 32 1
e 10 13 2
e 10 33 1
e 11 13 1
e 11 34 1
e 12 14 2
e 12 15 1
e 13 35 1
e 14 16 1
e 14 36 1
e 15 17 2
e 15 37 1
e 16 18 2
e 16 38 1
e 17 18 1
e 17 39 1
e 18 40 1
t # 66882
v 0 11
v 1 1
v 2 1
v 3 1
v 4 1
v 5 1
v 6 1
v 7 2
v 8 2
v 9 3
v 10 3
v 11 3
v 12 3
v 13 3
v 14 3
v 15 3
v 16 3
v 17 3
v 18 3
v 19 3
v 20 3
v 21 4
v 22 4
v 23 4
v 24 4
v 25 4
v 26 4
v 27 4
v 28 4
v 29 4
v 30 4
v 31 4
v 32 4
v 33 4
v 34 4
e 0 1 2
e 0 2 2
e 0 9 1
e 3 16 2
e 4 19 1
e 4 34 1
e 5 18 2
e 6 19 2
e 7 10 1
e 7 16 1
e 7 27 1
e 8 18 1
e 8 30 1
e 9 11 2
e 9 12 1
e 10 13 2
e 10 14 1
e 11 13 1
e 11 21 1
e 12 14 2
e 12 22 1
e 13 23 1
e 14 24 1
e 15 16 1
e 15 17 1
e 15 25 1
e 15 26 1
e 17 19 1
e 17 28 1
e 17 29 1
e 18 20 1
e 20 31 1
e 20 32 1
e 20 33 1
t # 66883
v 0 12
v 1 2
v 2 2
v 3 2
v 4 3
v 5 3
v 6 3
v 7 3
v 8 3
v 9 3
v 10 3
v 11 3
v 12 3
v 13 3
v 14 3
v 15 3
v 16 3
v 17 3
v 18 4
v 19 4
v 20 4
v 21 4
v 22 4
v 23 4
v 24 4
v 25 4
v 26 4
v 27 4
v 28 4
v 29 4
v 30 4
v 31 4
e 0 15 1
e 1 4 1
e 1 10 1
e 1 11 1
e 2 7 1
e 3 12 1
e 4 5 2
e 4 6 1
e 5 8 1
e 5 18 1
e 6 9 2
e 6 19 1
e 7 8 2
e 7 9 1
e 8 20 1
e 9 21 1
e 10 22 1
e 10 23 1
e 10 24 1
e 11 25 1
e 11 26 1
e 11 27 1
e 12 13 2
e 12 14 1
e 13 15 1
e 13 28 1
e 14 16 2
e 14 29 1
e 15 17 2
e 16 17 1
e 16 30 1
e 17 31 1
t # 66884
v 0 2
v 1 2
v 2 2
v 3 2
v 4 2
v 5 2
v 6 2
v 7 2
v 8 2
v 9 3
v 10 3
v 11 3
v 12 3
v 13 3
v 14 3
v 15 3
v 16 3
v 17 3
v 18 3
v 19 3
v 20 3
v 21 3
v 22 3
v 23 3
v 24 3
v 25 3
v 26 3
v 27 3
v 28 3
v 29 3
v 30 4
v 31 4
v 32 4
v 33 4
v 34 4
v 35 4
v 36 4
v 37 4
v 38 4
v 39 4
v 40 4
v 41 4
v 42 4
v 43 4
v 44 4
v 45 4
v 46 4
v 47 4
v 48 4
v 49 4
v 50 4
e 0 9 1
e 0 10 1
e 0 13 1
e 1 11 1
e 1 12 1
e 1 14 1
e 2 13 2
e 2 14 1
e 3 14 2
e 3 19 1
e 4 13 1
e 4 19 2
e 9 15 1
e 9 30 1
e 9 31 1
e 10 16 1
e 10 32 1
e 10 33 1
e 11 17 1
e 11 34 1
e 11 35 1
e 12 18 1
e 12 36 1
e 12 37 1
e 15 23 1
e 15 38 1
e 15 39 1
e 16 24 1
e 16 40 1
e 16 41 1
e 17 25 1
e 17 42 1
e 17 43 1
e 18 26 1
e 18 44 1
e 18 45 1
e 19 20 1
e 20 21 2
e 20 22 1
e 21 27 1
e 21 46 1
e 22 28 2
e 22 47 1
e 27 29 2
e 27 48 1
e 28 29 1
e 28 49 1
e 29 50 1
t # 66885
v 0 18
v 1 18
v 2 1
v 3 1
v 4 1
v 5 1
v 6 3
v 7 3
v 8 3
v 9 3
v 10 3
v 11 3
v 12 4
v 13 4
v 14 4
v 15 4
v 16 4
v 17 4
v 18 4
v 19 4
e 2 6 1
e 2 8 1
e 3 7 1
e 3 9 1
e 4 8 2
e 5 9 2
e 6 7 1
e 6 12 1
e 6 13 1
e 7 14 1
e 7 15 1
e 8 10 1
e 9 11 1
e 10 16 1
e 10 17 1
e 11 18 1
e 11 19 1
t # 66886
v 0 1
v 1 3
v 2 3
v 3 3
v 4 3
v 5 3
v 6 3
v 7 3
v 8 3
v 9 4
v 10 4
v 11 4
v 12 4
v 13 4
v 14 4
v 15 4
v 16 4
v 17 4
v 18 4
v 19 4
v 20 4
v 21 4
v 22 4
v 23 4
v 24 4
e 0 2 1
e 0 24 1
e 1 2 1
e 1 3 1
e 1 7 1
e 1 9 1
e 2 4 1
e 2 10 1
e 3 5 1
e 3 11 1
e 3 12 1
e 4 6 1
e 4 13 1
e 4 14 1
e 5 6 1
e 5 15 1
e 5 16 1
e 6 17 1
e 6 18 1
e 7 8 1
e 7 19 1
e 7 20 1
e 8 21 1
e 8 22 1
e 8 23 1
t # 66887
v 0 1
v 1 1
v 2 1
v 3 2
v 4 2
v 5 3
v 6 3
v 7 3
v 8 3
v 9 3
v 10 3
v 11 3
v 12 3
v 13 4
v 14 4
v 15 4
v 16 4
v 17 4
v 18 4
v 19 4
v 20 4
v 21 4
v 22 4
v 23 4
v 24 4
e 0 7 2
e 1 9 2
e 2 10 2
e 3 8 1
e 3 10 1
e 3 17 1
e 4 9 1
e 4 20 1
e 4 21 1
e 5 6 1
e 5 7 1
e 5 13 1
e 5 14 1
e 6 9 1
e 6 15 1
e 6 16 1
e 7 8 1
e 8 11 2
e 10 12 1
e 11 18 1
e 11 19 1
e 12 22 1
e 12 23 1
e 12 24 1
t # 66888
v 0 12
v 1 1
v 2 1
v 3 2
v 4 3
v 5 3
v 6 3
v 7 3
v 8 3
v 9 3
v 10 3
v 11 3
v 12 3
v 13 4
v 14 4
v 15 4
v 16 4
v 17 4
v 18 4
v 19 4
v 20 4
v 21 4
v 22 4
e 0 12 1
e 1 7 1
e 1 11 1
e 2 11 2
e 3 4 1
e 3 11 1
e 3 15 1
e 4 5 2
e 4 6 1
e 5 8 1
e 5 13 1
e 6 9 2
e 6 14 1
e 7 12 1
e 7 16 1
e 7 17 1
e 8 10 2
e 8 18 1
e 9 10 1
e 9 19 1
e 10 20 1
e 12 21 1
e 12 22 1
t # 66889
v 0 1
v 1 1
v 2 1
v 3 3
v 4 3
v 5 3
v 6 3
v 7 3
v 8 3
v 9 3
v 10 3
v 11 3
v 12 3
v 13 3
v 14 4
v 15 4
v 16 4
v 17 4
v 18 4
v 19 4
v 20 4
v 21 4
v 22 4
v 23 4
e 0 7 1
e 0 8 1
e 1 8 1
e 1 23 1
e 2 6 2
e 3 4 1
e 3 5 1
e 3 14 1
e 3 15 1
e 4 6 1
e 4 8 2
e 5 9 2
e 5 10 1
e 6 7 1
e 7 16 1
e 7 17 1
e 9 11 1
e 9 18 1
e 10 12 2
e 10 19 1
e 11 13 2
e 11 20 1
e 12 13 1
e 12 21 1
e 13 22 1
t # 66890
v 0 1
v 1 2
v 2 3
v 3 3
v 4 3
v 5 3
v 6 3
v 7 3
v 8 3
v 9 4
v 10 4
v 11 4
v 12 4
v 13 4
v 14 4
v 15 4
v 16 4
v 17 4
v 18 4
v 19 4
e 0 8 2
e 1 5 1
e 1 6 1
e 1 7 1
e 2 3 1
e 2 4 1
e 2 8 1
e 2 9 1
e 3 5 1
e 3 10 1
e 3 11 1
e 4 6 1
e 4 12 1
e 4 13 1
e 5 14 1
e 5 15 1
e 6 16 1
e 6 17 1
e 7 8 1
e 7 18 1
e 7 19 1
t # 66891
v 0 1
v 1 3
v 2 3
v 3 3
v 4 3
v 5 3
v 6 3
v 7 3
v 8 3
v 9 4
v 10 4
v 11 4
v 12 4
v 13 4
v 14 4
v 15 4
v 16 4
v 17 4
v 18 4
v 19 4
v 20 4
v 21 4
v 22 4
v 23 4
v 24 4
v 25 4
v 26 4
e 0 2 1
e 0 26 1
e 1 2 1
e 1 3 1
e 1 9 1
e 1 10 1
e 2 5 1
e 2 6 1
e 3 4 1
e 3 11 1
e 3 12 1
e 4 7 1
e 4 8 1
e 4 13 1
e 5 14 1
e 5 15 1
e 5 16 1
e 6 17 1
e 6 18 1
e 6 19 1
e 7 20 1
e 7 21 1
e 7 22 1
e 8 23 1
e 8 24 1
e 8 25 1
t # 66892
v 0 11
v 1 1
v 2 1
v 3 3
v 4 3
v 5 3
v 6 3
v 7 3
v 8 3
v 9 3
v 10 3
v 11 4
v 12 4
v 13 4
v 14 4
v 15 4
v 16 4
v 17 4
v 18 4
e 0 4 1
e 0 10 1
e 1 9 1
e 1 18 1
e 2 9 2
e 3 4 1
e 3 5 2
e 3 9 1
e 4 6 2
e 5 7 1
e 5 11 1
e 6 8 1
e 6 12 1
e 7 8 2
e 7 13 1
e 8 14 1
e 10 15 1
e 10 16 1
e 10 17 1
t # 66893
v 0 1
v 1 1
v 2 2
v 3 2
v 4 2
v 5 2
v 6 2
v 7 3
v 8 3
v 9 3
v 10 3
v 11 3
v 12 3
v 13 3
v 14 3
v 15 3
v 16 4
v 17 4
v 18 4
v 19 4
v 20 4
e 2 7 1
e 3 8 1
e 4 13 1
e 7 9 2
e 7 10 1
e 8 11 2
e 8 12 1
e 9 11 1
e 9 16 1
e 10 12 2
e 10 17 1
e 11 18 1
e 12 19 1
e 13 14 1
e 13 15 1
e 13 20 1
t # 66894
v 0 1
v 1 1
v 2 3
v 3 3
v 4 3
v 5 3
v 6 3
v 7 4
v 8 4
v 9 4
v 10 4
v 11 4
v 12 4
v 13 4
v 14 4
e 0 6 1
e 0 14 1
e 1 6 2
e 2 3 1
e 2 4 1
e 2 6 1
e 2 7 1
e 3 5 1
e 3 8 1
e 3 9 1
e 4 5 1
e 4 10 1
e 4 11 1
e 5 12 1
e 5 13 1
t # 66895
v 0 11
v 1 1
v 2 1
v 3 1
v 4 3
v 5 3
v 6 3
v 7 3
v 8 3
v 9 3
v 10 3
v 11 3
v 12 3
v 13 4
v 14 4
v 15 4
v 16 4
v 17 4
v 18 4
v 19 4
v 20 4
v 21 4
v 22 4
e 0 1 2
e 0 2 2
e 0 4 1
e 0 7 1
e 3 5 2
e 4 5 1
e 4 13 1
e 4 14 1
e 5 6 1
e 6 8 2
e 6 9 1
e 7 15 1
e 7 16 1
e 7 17 1
e 8 10 1
e 8 18 1
e 9 11 2
e 9 19 1
e 10 12 2
e 10 20 1
e 11 12 1
e 11 21 1
e 12 22 1
t # 66896
v 0 1
v 1 1
v 2 1
v 3 1
v 4 2
v 5 2
v 6 3
v 7 3
v 8 3
v 9 3
v 10 3
v 11 3
v 12 3
v 13 4
v 14 4
v 15 4
v 16 4
v 17 4
v 18 4
v 19 4
v 20 4
v 21 4
v 22 4
v 23 4
v 24 4
v 25 4
v 26 4
e 0 7 1
e 0 9 1
e 1 8 1
e 1 10 1
e 2 9 2
e 3 10 2
e 4 6 1
e 4 9 1
e 4 15 1
e 5 6 1
e 5 10 1
e 5 16 1
e 6 13 1
e 6 14 1
e 7 11 1
e 7 17 1
e 7 18 1
e 8 12 1
e 8 19 1
e 8 20 1
e 11 21 1
e 11 22 1
e 11 23 1
e 12 24 1
e 12 25 1
e 12 26 1
t # 66897
v 0 11
v 1 11
v 2 8
v 3 8
v 4 1
v 5 1
v 6 1
v 7 1
v 8 1
v 9 3
v 10 3
v 11 3
v 12 3
v 13 3
v 14 3
v 15 3
v 16 3
v 17 4
v 18 4
v 19 4
v 20 4
v 21 4
v 22 4
v 23 4
v 24 4
v 25 4
v 26 4
v 27 4
v 28 4
v 29 4
v 30 4
v 31 4
v 32 4
v 33 4
v 34 4
v 35 4
v 36 4
e 5 9 1
e 6 10 1
e 7 11 1
e 8 12 1
e 9 13 1
e 9 17 1
e 9 18 1
e 10 14 1
e 10 19 1
e 10 20 1
e 11 15 1
e 11 21 1
e 11 22 1
e 12 16 1
e 12 23 1
e 12 24 1
e 13 25 1
e 13 26 1
e 13 27 1
e 14 28 1
e 14 29 1
e 14 30 1
e 15 31 1
e 15 32 1
e 15 33 1
e 16 34 1
e 16 35 1
e 16 36 1
t # 66898
v 0 12
v 1 12
v 2 1
v 3 1
v 4 2
v 5 2
v 6 3
v 7 3
v 8 3
v 9 3
v 10 3
v 11 3
v 12 3
v 13 3
v 14 3
v 15 3
v 16 3
v 17 3
v 18 3
v 19 3
v 20 4
v 21 4
v 22 4
v 23 4
v 24 4
v 25 4
v 26 4
v 27 4
v 28 4
v 29 4
v 30 4
v 31 4
v 32 4
v 33 4
v 34 4
v 35 4
v 36 4
v 37 4
v 38 4
v 39 4
e 0 17 1
e 1 18 1
e 2 19 1
e 2 39 1
e 3 19 2
e 4 9 1
e 4 11 1
e 4 12 1
e 5 10 1
e 5 37 1
e 5 38 1
e 6 7 1
e 6 8 1
e 6 20 1
e 6 21 1
e 7 10 1
e 7 22 1
e 7 23 1
e 8 13 2
e 8 14 1
e 9 15 2
e 9 16 1
e 10 19 1
e 10 24 1
e 11 17 1
e 11 25 1
e 11 26 1
e 12 18 1
e 12 27 1
e 12 28 1
e 13 15 1
e 13 29 1
e 14 16 2
e 14 30 1
e 15 31 1
e 16 32 1
e 17 33 1
e 17 34 1
e 18 35 1
e 18 36 1
t # 66899
v 0 1
v 1 1
v 2 2
v 3 3
v 4 3
v 5 3
v 6 3
v 7 3
v 8 3
v 9 3
v 10 3
v 11 3
v 12 3
v 13 3
v 14 3
v 15 3
v 16 3
v 17 4
v 18 4
v 19 4
v 20 4
v 21 4
v 22 4
v 23 4
v 24 4
v 25 4
v 26 4
v 27 4
v 28 4
v 29 4
e 0 8 1
e 0 29 1
e 1 8 2
e 2 3 1
e 2 5 1
e 2 18 1
e 3 4 1
e 3 8 1
e 3 17 1
e 4 6 2
e 4 7 1
e 5 9 2
e 5 10 1
e 6 11 1
e 6 19 1
e 7 12 2
e 7 20 1
e 9 14 1
e 9 21 1
e 10 15 2
e 10 22 1
e 11 13 2
e 11 23 1
e 12 13 1
e 12 24 1
e 13 25 1
e 14 16 2
e 14 26 1
e 15 16 1
e 15 27 1
e 16 28 1
