t # 40600
v 0 1
v 1 1
v 2 2
v 3 2
v 4 3
v 5 3
v 6 3
v 7 3
v 8 3
v 9 3
v 10 3
v 11 3
v 12 3
v 13 3
v 14 3
v 15 4
v 16 4
v 17 4
v 18 4
v 19 4
v 20 4
v 21 4
v 22 4
v 23 4
v 24 4
v 25 4
v 26 4
v 27 4
v 28 4
v 29 4
v 30 4
e 0 11 1
e 0 30 1
e 1 11 2
e 2 7 1
e 2 23 1
e 2 24 1
e 3 9 1
e 3 28 1
e 3 29 1
e 4 5 1
e 4 6 1
e 4 15 1
e 4 16 1
e 5 7 1
e 5 17 1
e 5 18 1
e 6 8 1
e 6 19 1
e 6 20 1
e 7 11 1
e 7 21 1
e 8 9 1
e 8 10 2
e 9 12 2
e 10 13 1
e 10 22 1
e 12 14 1
e 12 25 1
e 13 14 2
e 13 26 1
e 14 27 1
t # 40601
v 0 1
v 1 1
v 2 1
v 3 1
v 4 2
v 5 3
v 6 3
v 7 3
v 8 3
v 9 3
v 10 3
v 11 3
v 12 3
v 13 3
v 14 3
v 15 3
v 16 4
v 17 4
v 18 4
v 19 4
v 20 4
v 21 4
v 22 4
v 23 4
v 24 4
v 25 4
v 26 4
v 27 4
v 28 4
e 0 10 1
e 0 15 1
e 1 12 1
e 1 15 1
e 2 14 1
e 2 28 1
e 3 14 2
e 4 8 1
e 4 24 1
e 4 25 1
e 5 6 1
e 5 7 1
e 5 16 1
e 5 17 1
e 6 8 1
e 6 18 1
e 6 19 1
e 7 9 2
e 7 11 1
e 8 14 1
e 8 20 1
e 9 10 1
e 9 21 1
e 10 12 2
e 11 13 2
e 11 22 1
e 12 13 1
e 13 23 1
e 15 26 1
e 15 27 1
t # 40602
v 0 1
v 1 1
v 2 1
v 3 2
v 4 2
v 5 3
v 6 3
v 7 3
v 8 3
v 9 3
v 10 3
v 11 3
v 12 3
v 13 3
v 14 3
v 15 3
v 16 3
v 17 3
v 18 3
v 19 3
v 20 3
v 21 4
v 22 4
v 23 4
v 24 4
v 25 4
v 26 4
v 27 4
v 28 4
v 29 4
v 30 4
v 31 4
v 32 4
v 33 4
v 34 4
v 35 4
v 36 4
e 0 9 1
e 0 33 1
e 1 9 2
e 2 11 2
e 3 5 1
e 3 11 1
e 3 24 1
e 4 12 1
e 4 31 1
e 4 32 1
e 5 6 1
e 5 9 1
e 5 21 1
e 6 7 1
e 6 22 1
e 6 23 1
e 7 8 2
e 7 10 1
e 8 12 1
e 8 25 1
e 10 13 2
e 10 26 1
e 11 14 1
e 12 15 2
e 13 15 1
e 13 27 1
e 14 16 2
e 14 17 1
e 15 28 1
e 16 18 1
e 16 29 1
e 17 19 2
e 17 30 1
e 18 20 2
e 18 34 1
e 19 20 1
e 19 35 1
e 20 36 1
t # 40603
v 0 1
v 1 1
v 2 2
v 3 3
v 4 3
v 5 3
v 6 3
v 7 3
v 8 3
v 9 3
v 10 4
v 11 4
v 12 4
v 13 4
v 14 4
v 15 4
v 16 4
v 17 4
v 18 4
v 19 4
v 20 4
v 21 4
v 22 4
e 0 9 1
e 0 22 1
e 1 9 2
e 2 3 1
e 2 8 1
e 2 19 1
e 3 4 1
e 3 5 1
e 3 10 1
e 4 6 1
e 4 11 1
e 4 12 1
e 5 7 1
e 5 13 1
e 5 14 1
e 6 7 1
e 6 15 1
e 6 16 1
e 7 17 1
e 7 18 1
e 8 9 1
e 8 20 1
e 8 21 1
t # 40604
v 0 1
v 1 1
v 2 2
v 3 2
v 4 3
v 5 3
v 6 3
v 7 3
v 8 3
v 9 3
v 10 3
v 11 3
v 12 4
v 13 4
v 14 4
v 15 4
v 16 4
v 17 4
v 18 4
v 19 4
v 20 4
v 21 4
e 0 8 1
e 0 21 1
e 1 8 2
e 2 5 1
e 2 16 1
e 2 17 1
e 3 9 1
e 3 11 2
e 4 5 1
e 4 6 1
e 4 12 1
e 4 13 1
e 5 8 1
e 5 14 1
e 6 7 1
e 6 9 2
e 7 10 2
e 7 15 1
e 9 18 1
e 10 11 1
e 10 19 1
e 11 20 1
t # 40605
v 0 1
v 1 1
v 2 1
v 3 1
v 4 2
v 5 2
v 6 3
v 7 3
v 8 3
v 9 3
v 10 3
v 11 3
v 12 3
v 13 3
v 14 3
v 15 3
v 16 4
v 17 4
v 18 4
v 19 4
v 20 4
v 21 4
v 22 4
v 23 4
v 24 4
v 25 4
v 26 4
v 27 4
e 0 9 1
e 0 10 1
e 1 8 1
e 1 27 1
e 2 8 2
e 3 9 2
e 4 7 1
e 4 9 1
e 4 19 1
e 5 6 1
e 5 20 1
e 5 21 1
e 6 7 1
e 6 8 1
e 6 16 1
e 7 17 1
e 7 18 1
e 10 11 2
e 10 12 1
e 11 13 1
e 11 22 1
e 12 14 2
e 12 23 1
e 13 15 2
e 13 24 1
e 14 15 1
e 14 25 1
e 15 26 1
t # 40606
v 0 8
v 1 1
v 2 1
v 3 3
v 4 3
v 5 3
v 6 3
v 7 3
v 8 3
v 9 3
v 10 3
v 11 3
v 12 3
v 13 3
v 14 3
v 15 3
v 16 3
v 17 3
v 18 3
v 19 3
v 20 3
v 21 3
v 22 3
v 23 3
v 24 4
v 25 4
v 26 4
v 27 4
v 28 4
v 29 4
v 30 4
v 31 4
v 32 4
v 33 4
v 34 4
v 35 4
v 36 4
v 37 4
v 38 4
v 39 4
v 40 4
v 41 4
v 42 4
v 43 4
v 44 4
v 45 4
v 46 4
e 2 8 1
e 2 15 1
e 3 4 1
e 3 5 1
e 3 24 1
e 4 6 1
e 4 8 1
e 4 25 1
e 5 7 1
e 5 26 1
e 5 27 1
e 6 7 1
e 6 28 1
e 6 29 1
e 7 30 1
e 7 31 1
e 8 9 2
e 9 11 1
e 10 12 1
e 10 32 1
e 10 33 1
e 11 13 2
e 11 14 1
e 12 16 2
e 12 17 1
e 13 18 1
e 13 34 1
e 14 19 2
e 14 35 1
e 15 36 1
e 15 37 1
e 15 38 1
e 16 20 1
e 16 39 1
e 17 21 2
e 17 40 1
e 18 22 2
e 18 41 1
e 19 22 1
e 19 42 1
e 20 23 2
e 20 43 1
e 21 23 1
e 21 44 1
e 22 45 1
e 23 46 1
t # 40607
v 0 8
v 1 1
v 2 1
v 3 3
v 4 3
v 5 3
v 6 3
v 7 3
v 8 3
v 9 3
v 10 3
v 11 3
v 12 3
v 13 3
v 14 3
v 15 3
v 16 3
v 17 3
v 18 3
v 19 3
v 20 3
v 21 3
v 22 4
v 23 4
v 24 4
v 25 4
v 26 4
v 27 4
v 28 4
v 29 4
v 30 4
v 31 4
v 32 4
v 33 4
v 34 4
v 35 4
v 36 4
v 37 4
v 38 4
v 39 4
v 40 4
v 41 4
v 42 4
e 2 6 2
e 3 6 1
e 3 8 1
e 3 9 1
e 4 5 1
e 4 22 1
e 4 23 1
e 5 6 1
e 5 10 1
e 5 24 1
e 7 11 1
e 7 25 1
e 7 26 1
e 8 27 1
e 8 28 1
e 8 29 1
e 9 12 2
e 9 13 1
e 10 30 1
e 10 31 1
e 10 32 1
e 11 14 2
e 11 15 1
e 12 16 1
e 12 33 1
e 13 17 2
e 13 34 1
e 14 19 1
e 14 35 1
e 15 20 2
e 15 36 1
e 16 18 2
e 16 37 1
e 17 18 1
e 17 38 1
e 18 39 1
e 19 21 2
e 19 40 1
e 20 21 1
e 20 41 1
e 21 42 1
t # 40608
v 0 8
v 1 1
v 2 1
v 3 3
v 4 3
v 5 3
v 6 3
v 7 3
v 8 3
v 9 3
v 10 3
v 11 3
v 12 3
v 13 3
v 14 3
v 15 3
v 16 3
v 17 3
v 18 3
v 19 3
v 20 3
v 21 3
v 22 4
v 23 4
v 24 4
v 25 4
v 26 4
v 27 4
v 28 4
v 29 4
v 30 4
v 31 4
v 32 4
v 33 4
v 34 4
v 35 4
v 36 4
v 37 4
v 38 4
v 39 4
v 40 4
v 41 4
v 42 4
e 2 7 1
e 2 15 1
e 3 4 1
e 3 8 1
e 3 22 1
e 4 7 1
e 4 23 1
e 4 24 1
e 5 7 2
e 5 9 1
e 6 10 1
e 6 25 1
e 6 26 1
e 8 27 1
e 8 28 1
e 8 29 1
e 9 11 2
e 9 12 1
e 10 13 2
e 10 14 1
e 11 16 1
e 11 30 1
e 12 17 2
e 12 31 1
e 13 18 1
e 13 32 1
e 14 19 2
e 14 33 1
e 15 34 1
e 15 35 1
e 15 36 1
e 16 20 2
e 16 37 1
e 17 20 1
e 17 38 1
e 18 21 2
e 18 39 1
e 19 21 1
e 19 40 1
e 20 41 1
e 21 42 1
t # 40609
v 0 8
v 1 1
v 2 1
v 3 3
v 4 3
v 5 3
v 6 3
v 7 3
v 8 3
v 9 3
v 10 3
v 11 3
v 12 3
v 13 3
v 14 3
v 15 3
v 16 3
v 17 3
v 18 3
v 19 3
v 20 3
v 21 4
v 22 4
v 23 4
v 24 4
v 25 4
v 26 4
v 27 4
v 28 4
v 29 4
v 30 4
v 31 4
v 32 4
v 33 4
v 34 4
v 35 4
v 36 4
v 37 4
v 38 4
v 39 4
e 2 7 1
e 2 29 1
e 3 4 1
e 3 8 1
e 3 21 1
e 4 7 1
e 4 22 1
e 4 23 1
e 5 7 2
e 5 9 1
e 6 10 1
e 6 24 1
e 6 25 1
e 8 26 1
e 8 27 1
e 8 28 1
e 9 11 2
e 9 12 1
e 10 13 2
e 10 14 1
e 11 15 1
e 11 30 1
e 12 16 2
e 12 31 1
e 13 17 1
e 13 32 1
e 14 18 2
e 14 33 1
e 15 19 2
e 15 34 1
e 16 19 1
e 16 35 1
e 17 20 2
e 17 36 1
e 18 20 1
e 18 37 1
e 19 38 1
e 20 39 1
t # 40610
v 0 8
v 1 1
v 2 1
v 3 3
v 4 3
v 5 3
v 6 3
v 7 3
v 8 3
v 9 3
v 10 3
v 11 3
v 12 3
v 13 3
v 14 3
v 15 3
v 16 3
v 17 3
v 18 3
v 19 3
v 20 3
v 21 3
v 22 3
v 23 3
v 24 3
v 25 3
v 26 4
v 27 4
v 28 4
v 29 4
v 30 4
v 31 4
v 32 4
v 33 4
v 34 4
v 35 4
v 36 4
v 37 4
v 38 4
v 39 4
v 40 4
v 41 4
v 42 4
v 43 4
v 44 4
v 45 4
v 46 4
e 2 7 1
e 2 33 1
e 3 4 1
e 3 8 1
e 3 26 1
e 4 7 1
e 4 27 1
e 4 28 1
e 5 7 2
e 5 9 1
e 6 10 1
e 6 29 1
e 6 30 1
e 8 11 2
e 8 12 1
e 9 13 2
e 9 14 1
e 10 15 2
e 10 16 1
e 11 17 1
e 11 31 1
e 12 18 2
e 12 32 1
e 13 20 1
e 13 34 1
e 14 21 2
e 14 35 1
e 15 22 1
e 15 36 1
e 16 23 2
e 16 37 1
e 17 19 2
e 17 38 1
e 18 19 1
e 18 39 1
e 19 40 1
e 20 24 2
e 20 41 1
e 21 24 1
e 21 42 1
e 22 25 2
e 22 43 1
e 23 25 1
e 23 44 1
e 24 45 1
e 25 46 1
t # 40611
v 0 1
v 1 3
v 2 3
v 3 3
v 4 3
v 5 3
v 6 3
v 7 3
v 8 3
v 9 3
v 10 3
v 11 3
v 12 3
v 13 3
v 14 3
v 15 3
v 16 3
v 17 3
v 18 3
v 19 3
v 20 3
v 21 3
v 22 3
v 23 3
v 24 4
v 25 4
v 26 4
v 27 4
v 28 4
v 29 4
v 30 4
v 31 4
v 32 4
v 33 4
v 34 4
v 35 4
v 36 4
v 37 4
v 38 4
v 39 4
e 0 6 2
e 1 2 1
e 1 3 1
e 1 11 2
e 2 4 1
e 2 7 2
e 3 5 1
e 3 8 2
e 4 6 1
e 4 9 2
e 5 6 1
e 5 10 2
e 7 12 1
e 7 24 1
e 8 13 1
e 8 25 1
e 9 14 1
e 9 26 1
e 10 15 1
e 10 27 1
e 11 16 1
e 11 28 1
e 12 14 2
e 12 29 1
e 13 15 2
e 13 30 1
e 14 31 1
e 15 32 1
e 16 17 2
e 16 33 1
e 17 18 1
e 17 34 1
e 18 19 2
e 18 20 1
e 19 21 1
e 19 35 1
e 20 22 2
e 20 36 1
e 21 23 2
e 21 37 1
e 22 23 1
e 22 38 1
e 23 39 1
t # 40612
v 0 1
v 1 1
v 2 1
v 3 1
v 4 2
v 5 2
v 6 3
v 7 3
v 8 3
v 9 3
v 10 3
v 11 3
v 12 3
v 13 3
v 14 3
v 15 3
v 16 3
v 17 3
v 18 4
v 19 4
v 20 4
v 21 4
v 22 4
v 23 4
v 24 4
v 25 4
v 26 4
v 27 4
v 28 4
v 29 4
v 30 4
v 31 4
e 0 8 1
e 0 28 1
e 1 9 2
e 2 14 1
e 2 17 1
e 3 15 1
e 3 17 1
e 4 5 1
e 4 6 1
e 4 8 1
e 5 9 1
e 5 22 1
e 6 7 1
e 6 10 1
e 6 18 1
e 7 9 1
e 7 19 1
e 7 20 1
e 8 11 1
e 8 21 1
e 10 23 1
e 10 24 1
e 10 25 1
e 11 12 2
e 11 13 1
e 12 14 1
e 12 26 1
e 13 16 2
e 13 27 1
e 14 15 2
e 15 16 1
e 16 29 1
e 17 30 1
e 17 31 1
t # 40613
v 0 1
v 1 1
v 2 3
v 3 3
v 4 3
v 5 3
v 6 3
v 7 3
v 8 3
v 9 3
v 10 3
v 11 3
v 12 3
v 13 3
v 14 3
v 15 3
v 16 3
v 17 3
v 18 3
v 19 3
v 20 3
v 21 3
v 22 3
v 23 3
v 24 3
v 25 3
v 26 3
v 27 3
v 28 3
v 29 3
v 30 3
v 31 3
v 32 3
v 33 3
v 34 3
v 35 3
v 36 3
v 37 3
v 38 3
v 39 3
v 40 4
v 41 4
v 42 4
v 43 4
v 44 4
v 45 4
v 46 4
v 47 4
v 48 4
v 49 4
v 50 4
v 51 4
v 52 4
v 53 4
v 54 4
v 55 4
v 56 4
v 57 4
v 58 4
v 59 4
v 60 4
v 61 4
v 62 4
v 63 4
v 64 4
v 65 4
e 0 6 2
e 1 13 2
e 2 4 1
e 2 6 1
e 2 7 1
e 2 9 1
e 3 5 1
e 3 6 1
e 3 8 1
e 3 10 1
e 4 5 1
e 4 13 1
e 4 40 1
e 5 41 1
e 5 42 1
e 7 8 2
e 7 11 1
e 8 12 1
e 9 16 2
e 9 17 1
e 10 18 2
e 10 19 1
e 11 14 1
e 11 20 2
e 12 15 1
e 12 21 2
e 13 22 1
e 14 15 1
e 14 23 2
e 15 24 2
e 16 25 1
e 16 43 1
e 17 26 2
e 17 44 1
e 18 27 1
e 18 45 1
e 19 28 2
e 19 46 1
e 20 29 1
e 20 47 1
e 21 30 1
e 21 48 1
e 22 34 2
e 22 35 1
e 23 31 1
e 23 49 1
e 24 32 1
e 24 50 1
e 25 33 2
e 25 51 1
e 26 33 1
e 26 52 1
e 27 36 2
e 27 53 1
e 28 36 1
e 28 54 1
e 29 31 2
e 29 55 1
e 30 32 2
e 30 56 1
e 31 57 1
e 32 58 1
e 33 59 1
e 34 37 1
e 34 60 1
e 35 38 2
e 35 61 1
e 36 62 1
e 37 39 2
e 37 63 1
e 38 39 1
e 38 64 1
e 39 65 1
t # 40614
v 0 1
v 1 1
v 2 1
v 3 1
v 4 2
v 5 2
v 6 2
v 7 2
v 8 3
v 9 3
v 10 3
v 11 3
v 12 3
v 13 3
v 14 3
v 15 3
v 16 3
v 17 3
v 18 3
v 19 3
v 20 3
v 21 3
v 22 3
v 23 3
v 24 3
v 25 3
v 26 4
v 27 4
v 28 4
v 29 4
v 30 4
v 31 4
v 32 4
v 33 4
v 34 4
v 35 4
v 36 4
v 37 4
v 38 4
v 39 4
v 40 4
v 41 4
v 42 4
v 43 4
e 4 5 1
e 4 15 1
e 4 36 1
e 5 14 2
e 6 16 1
e 7 21 1
e 8 9 1
e 8 10 1
e 8 26 1
e 8 27 1
e 9 12 1
e 9 28 1
e 9 29 1
e 10 11 2
e 10 14 1
e 11 13 1
e 11 30 1
e 12 31 1
e 12 32 1
e 12 33 1
e 13 19 2
e 13 20 1
e 14 34 1
e 15 16 2
e 15 17 1
e 16 18 1
e 17 22 2
e 17 35 1
e 18 21 2
e 18 37 1
e 19 23 1
e 19 38 1
e 20 24 2
e 20 39 1
e 21 22 1
e 22 40 1
e 23 25 2
e 23 41 1
e 24 25 1
e 24 42 1
e 25 43 1
t # 40615
v 0 1
v 1 1
v 2 1
v 3 1
v 4 2
v 5 2
v 6 2
v 7 2
v 8 3
v 9 3
v 10 3
v 11 3
v 12 3
v 13 3
v 14 3
v 15 3
v 16 3
v 17 3
v 18 3
v 19 3
v 20 3
v 21 4
v 22 4
v 23 4
v 24 4
v 25 4
v 26 4
v 27 4
v 28 4
v 29 4
v 30 4
v 31 4
v 32 4
v 33 4
v 34 4
e 4 5 1
e 4 14 2
e 5 15 1
e 5 31 1
e 6 16 1
e 7 19 1
e 8 9 1
e 8 10 1
e 8 21 1
e 8 22 1
e 9 12 1
e 9 14 1
e 9 23 1
e 10 11 1
e 10 24 1
e 10 25 1
e 11 13 1
e 11 26 1
e 11 27 1
e 12 13 2
e 12 28 1
e 13 29 1
e 14 30 1
e 15 16 2
e 15 17 1
e 16 18 1
e 17 20 2
e 17 32 1
e 18 19 2
e 18 33 1
e 19 20 1
e 20 34 1
t # 40616
v 0 1
v 1 1
v 2 1
v 3 1
v 4 2
v 5 2
v 6 2
v 7 2
v 8 3
v 9 3
v 10 3
v 11 3
v 12 3
v 13 3
v 14 3
v 15 3
v 16 3
v 17 3
v 18 3
v 19 3
v 20 3
v 21 3
v 22 3
v 23 3
v 24 4
v 25 4
v 26 4
v 27 4
v 28 4
v 29 4
v 30 4
v 31 4
v 32 4
v 33 4
v 34 4
v 35 4
v 36 4
v 37 4
e 4 5 1
e 4 11 2
e 5 15 1
e 5 31 1
e 6 19 1
e 7 23 1
e 8 9 1
e 8 10 1
e 8 11 1
e 8 24 1
e 9 10 1
e 9 25 1
e 9 26 1
e 10 27 1
e 10 28 1
e 11 12 1
e 12 13 2
e 12 14 1
e 13 16 1
e 13 29 1
e 14 17 2
e 14 30 1
e 15 19 2
e 15 20 1
e 16 18 2
e 16 32 1
e 17 18 1
e 17 33 1
e 18 34 1
e 19 21 1
e 20 22 2
e 20 35 1
e 21 23 2
e 21 36 1
e 22 23 1
e 22 37 1
t # 40617
v 0 1
v 1 1
v 2 1
v 3 1
v 4 1
v 5 1
v 6 2
v 7 2
v 8 2
v 9 2
v 10 3
v 11 3
v 12 3
v 13 3
v 14 3
v 15 3
v 16 3
v 17 3
v 18 3
v 19 3
v 20 3
v 21 3
v 22 3
v 23 3
v 24 3
v 25 3
v 26 4
v 27 4
v 28 4
v 29 4
v 30 4
v 31 4
v 32 4
v 33 4
v 34 4
v 35 4
v 36 4
v 37 4
v 38 4
v 39 4
e 0 22 1
e 0 39 1
e 1 22 2
e 6 7 1
e 6 14 1
e 6 30 1
e 7 11 2
e 8 15 1
e 9 20 1
e 10 11 1
e 10 13 1
e 10 26 1
e 10 27 1
e 11 12 1
e 12 16 2
e 12 17 1
e 13 22 1
e 13 28 1
e 13 29 1
e 14 15 2
e 14 18 1
e 15 19 1
e 16 23 1
e 16 31 1
e 17 24 2
e 17 32 1
e 18 21 2
e 18 33 1
e 19 20 2
e 19 34 1
e 20 21 1
e 21 35 1
e 23 25 2
e 23 36 1
e 24 25 1
e 24 37 1
e 25 38 1
t # 40618
v 0 12
v 1 1
v 2 1
v 3 1
v 4 1
v 5 2
v 6 2
v 7 2
v 8 2
v 9 3
v 10 3
v 11 3
v 12 3
v 13 3
v 14 3
v 15 3
v 16 3
v 17 3
v 18 3
v 19 3
v 20 3
v 21 3
v 22 3
v 23 3
v 24 3
v 25 3
v 26 3
v 27 3
v 28 3
v 29 3
v 30 3
v 31 3
v 32 4
v 33 4
v 34 4
v 35 4
v 36 4
v 37 4
v 38 4
v 39 4
v 40 4
v 41 4
v 42 4
v 43 4
v 44 4
v 45 4
v 46 4
v 47 4
v 48 4
e 0 14 1
e 5 6 1
e 5 12 2
e 6 26 1
e 6 42 1
e 7 27 1
e 8 31 1
e 9 10 1
e 9 11 1
e 9 13 1
e 9 32 1
e 10 12 1
e 10 33 1
e 10 34 1
e 11 14 2
e 11 15 1
e 12 14 1
e 13 16 2
e 13 17 1
e 15 18 2
e 15 19 1
e 16 20 1
e 16 35 1
e 17 21 2
e 17 36 1
e 18 23 1
e 18 37 1
e 19 24 2
e 19 38 1
e 20 22 2
e 20 39 1
e 21 22 1
e 21 40 1
e 22 41 1
e 23 25 2
e 23 43 1
e 24 25 1
e 24 44 1
e 25 45 1
e 26 27 2
e 26 28 1
e 27 29 1
e 28 30 2
e 28 46 1
e 29 31 2
e 29 47 1
e 30 31 1
e 30 48 1
t # 40619
v 0 1
v 1 1
v 2 1
v 3 1
v 4 2
v 5 2
v 6 2
v 7 2
v 8 3
v 9 3
v 10 3
v 11 3
v 12 3
v 13 3
v 14 3
v 15 3
v 16 3
v 17 3
v 18 3
v 19 3
v 20 3
v 21 3
v 22 3
v 23 3
v 24 3
v 25 3
v 26 3
v 27 3
v 28 3
v 29 3
v 30 3
v 31 3
v 32 4
v 33 4
v 34 4
v 35 4
v 36 4
v 37 4
v 38 4
v 39 4
v 40 4
v 41 4
v 42 4
v 43 4
v 44 4
v 45 4
v 46 4
v 47 4
v 48 4
v 49 4
v 50 4
v 51 4
v 52 4
v 53 4
v 54 4
v 55 4
e 4 5 1
e 4 12 2
e 5 21 1
e 5 47 1
e 6 22 1
e 7 27 1
e 8 9 1
e 8 10 1
e 8 32 1
e 8 33 1
e 9 11 1
e 9 34 1
e 9 35 1
e 10 12 1
e 10 36 1
e 10 37 1
e 11 14 1
e 11 38 1
e 11 39 1
e 12 13 1
e 13 15 2
e 13 16 1
e 14 40 1
e 14 41 1
e 14 42 1
e 15 18 1
e 15 43 1
e 16 19 2
e 16 44 1
e 17 18 2
e 17 19 1
e 17 20 1
e 18 45 1
e 19 46 1
e 20 23 2
e 20 24 1
e 21 22 2
e 21 25 1
e 22 26 1
e 23 29 1
e 23 48 1
e 24 30 2
e 24 49 1
e 25 28 2
e 25 50 1
e 26 27 2
e 26 51 1
e 27 28 1
e 28 52 1
e 29 31 2
e 29 53 1
e 30 31 1
e 30 54 1
e 31 55 1
t # 40620
v 0 1
v 1 1
v 2 1
v 3 1
v 4 2
v 5 2
v 6 2
v 7 2
v 8 3
v 9 3
v 10 3
v 11 3
v 12 3
v 13 3
v 14 3
v 15 3
v 16 3
v 17 3
v 18 3
v 19 3
v 20 3
v 21 3
v 22 3
v 23 3
v 24 3
v 25 3
v 26 3
v 27 3
v 28 3
v 29 3
v 30 3
v 31 3
v 32 3
v 33 4
v 34 4
v 35 4
v 36 4
v 37 4
v 38 4
v 39 4
v 40 4
v 41 4
v 42 4
v 43 4
v 44 4
v 45 4
v 46 4
v 47 4
v 48 4
v 49 4
v 50 4
v 51 4
v 52 4
e 4 5 1
e 4 12 2
e 5 25 1
e 5 43 1
e 6 28 1
e 7 31 1
e 8 9 1
e 8 10 2
e 8 13 1
e 9 11 2
e 9 14 1
e 10 12 1
e 10 15 1
e 11 12 1
e 11 16 1
e 13 17 2
e 13 19 1
e 14 18 2
e 14 20 1
e 15 33 1
e 15 34 1
e 15 35 1
e 16 36 1
e 16 37 1
e 16 38 1
e 17 21 1
e 17 39 1
e 18 22 1
e 18 40 1
e 19 23 2
e 19 41 1
e 20 24 2
e 20 42 1
e 21 26 2
e 21 44 1
e 22 27 2
e 22 45 1
e 23 26 1
e 23 46 1
e 24 27 1
e 24 47 1
e 25 28 2
e 25 29 1
e 26 48 1
e 27 49 1
e 28 30 1
e 29 32 2
e 29 50 1
e 30 31 2
e 30 51 1
e 31 32 1
e 32 52 1
t # 40621
v 0 1
v 1 1
v 2 1
v 3 1
v 4 2
v 5 2
v 6 2
v 7 2
v 8 3
v 9 3
v 10 3
v 11 3
v 12 3
v 13 3
v 14 3
v 15 3
v 16 3
v 17 3
v 18 3
v 19 3
v 20 3
v 21 3
v 22 3
v 23 3
v 24 3
v 25 3
v 26 3
v 27 4
v 28 4
v 29 4
v 30 4
v 31 4
v 32 4
v 33 4
v 34 4
v 35 4
v 36 4
v 37 4
v 38 4
v 39 4
v 40 4
v 41 4
v 42 4
v 43 4
v 44 4
v 45 4
v 46 4
v 47 4
v 48 4
v 49 4
v 50 4
v 51 4
v 52 4
v 53 4
v 54 4
v 55 4
v 56 4
e 4 5 1
e 4 18 2
e 5 21 1
e 5 53 1
e 6 22 1
e 7 25 1
e 8 9 1
e 8 10 1
e 8 27 1
e 8 28 1
e 9 11 1
e 9 29 1
e 9 30 1
e 10 12 1
e 10 31 1
e 10 32 1
e 11 13 1
e 11 33 1
e 11 34 1
e 12 14 1
e 12 35 1
e 12 36 1
e 13 15 1
e 13 37 1
e 13 38 1
e 14 16 1
e 14 39 1
e 14 40 1
e 15 17 1
e 15 41 1
e 15 42 1
e 16 18 1
e 16 43 1
e 16 44 1
e 17 19 1
e 17 45 1
e 17 46 1
e 18 20 1
e 19 47 1
e 19 48 1
e 19 49 1
e 20 50 1
e 20 51 1
e 20 52 1
e 21 22 2
e 21 23 1
e 22 24 1
e 23 26 2
e 23 54 1
e 24 25 2
e 24 55 1
e 25 26 1
e 26 56 1
t # 40622
v 0 1
v 1 1
v 2 1
v 3 1
v 4 2
v 5 2
v 6 2
v 7 2
v 8 3
v 9 3
v 10 3
v 11 3
v 12 3
v 13 3
v 14 3
v 15 3
v 16 3
v 17 3
v 18 3
v 19 3
v 20 3
v 21 3
v 22 3
v 23 4
v 24 4
v 25 4
v 26 4
v 27 4
v 28 4
v 29 4
v 30 4
v 31 4
v 32 4
v 33 4
v 34 4
v 35 4
v 36 4
v 37 4
v 38 4
v 39 4
v 40 4
e 4 5 1
e 4 14 2
e 5 17 1
e 5 37 1
e 6 18 1
e 7 22 1
e 8 9 1
e 8 10 1
e 8 11 1
e 8 12 1
e 9 13 1
e 9 23 1
e 9 24 1
e 10 14 1
e 10 25 1
e 10 26 1
e 11 27 1
e 11 28 1
e 11 29 1
e 12 30 1
e 12 31 1
e 12 32 1
e 13 15 2
e 13 16 1
e 14 15 1
e 15 33 1
e 16 34 1
e 16 35 1
e 16 36 1
e 17 18 2
e 17 19 1
e 18 20 1
e 19 21 2
e 19 38 1
e 20 22 2
e 20 39 1
e 21 22 1
e 21 40 1
t # 40623
v 0 1
v 1 1
v 2 1
v 3 1
v 4 2
v 5 2
v 6 2
v 7 2
v 8 3
v 9 3
v 10 3
v 11 3
v 12 3
v 13 3
v 14 3
v 15 3
v 16 3
v 17 3
v 18 3
v 19 3
v 20 3
v 21 3
v 22 3
v 23 3
v 24 3
v 25 3
v 26 3
v 27 4
v 28 4
v 29 4
v 30 4
v 31 4
v 32 4
v 33 4
v 34 4
v 35 4
v 36 4
v 37 4
v 38 4
v 39 4
v 40 4
v 41 4
v 42 4
v 43 4
v 44 4
e 4 5 1
e 4 13 2
e 5 16 1
e 5 36 1
e 6 19 1
e 7 24 1
e 8 9 1
e 8 10 1
e 8 27 1
e 8 28 1
e 9 11 1
e 9 29 1
e 9 30 1
e 10 12 1
e 10 31 1
e 10 32 1
e 11 13 1
e 11 33 1
e 11 34 1
e 12 13 1
e 12 14 2
e 14 15 1
e 14 35 1
e 15 17 2
e 15 18 1
e 16 19 2
e 16 20 1
e 17 21 1
e 17 37 1
e 18 22 2
e 18 38 1
e 19 23 1
e 20 25 2
e 20 39 1
e 21 26 2
e 21 40 1
e 22 26 1
e 22 41 1
e 23 24 2
e 23 42 1
e 24 25 1
e 25 43 1
e 26 44 1
t # 40624
v 0 1
v 1 1
v 2 1
v 3 1
v 4 1
v 5 1
v 6 1
v 7 1
v 8 2
v 9 2
v 10 2
v 11 2
v 12 2
v 13 2
v 14 2
v 15 2
v 16 3
v 17 3
v 18 3
v 19 3
v 20 3
v 21 3
v 22 3
v 23 3
v 24 3
v 25 3
v 26 3
v 27 3
v 28 3
v 29 3
v 30 3
v 31 3
v 32 3
v 33 3
v 34 3
v 35 3
v 36 3
v 37 3
v 38 3
v 39 3
v 40 3
v 41 3
v 42 3
v 43 3
v 44 4
v 45 4
v 46 4
v 47 4
v 48 4
v 49 4
v 50 4
v 51 4
v 52 4
v 53 4
v 54 4
v 55 4
v 56 4
v 57 4
v 58 4
v 59 4
v 60 4
v 61 4
v 62 4
v 63 4
v 64 4
v 65 4
v 66 4
v 67 4
v 68 4
v 69 4
v 70 4
v 71 4
v 72 4
v 73 4
v 74 4
v 75 4
v 76 4
v 77 4
v 78 4
v 79 4
v 80 4
v 81 4
e 8 10 1
e 8 28 2
e 9 11 1
e 9 29 2
e 10 32 1
e 10 74 1
e 11 33 1
e 11 75 1
e 12 34 1
e 13 35 1
e 14 42 1
e 15 43 1
e 16 17 1
e 16 18 1
e 16 44 1
e 16 45 1
e 17 19 1
e 17 46 1
e 17 47 1
e 18 20 1
e 18 48 1
e 18 49 1
e 19 21 1
e 19 50 1
e 19 51 1
e 20 22 1
e 20 52 1
e 20 53 1
e 21 23 1
e 21 54 1
e 21 55 1
e 22 24 1
e 22 56 1
e 22 57 1
e 23 25 1
e 23 58 1
e 23 59 1
e 24 26 1
e 24 60 1
e 24 61 1
e 25 27 1
e 25 62 1
e 25 63 1
e 26 28 1
e 26 64 1
e 26 65 1
e 27 29 1
e 27 66 1
e 27 67 1
e 28 30 1
e 29 31 1
e 30 68 1
e 30 69 1
e 30 70 1
e 31 71 1
e 31 72 1
e 31 73 1
e 32 34 2
e 32 36 1
e 33 35 2
e 33 37 1
e 34 38 1
e 35 39 1
e 36 40 2
e 36 76 1
e 37 41 2
e 37 77 1
e 38 42 2
e 38 78 1
e 39 43 2
e 39 79 1
e 40 42 1
e 40 80 1
e 41 43 1
e 41 81 1
t # 40625
v 0 1
v 1 1
v 2 1
v 3 1
v 4 1
v 5 1
v 6 1
v 7 1
v 8 2
v 9 2
v 10 2
v 11 2
v 12 2
v 13 2
v 14 2
v 15 2
v 16 3
v 17 3
v 18 3
v 19 3
v 20 3
v 21 3
v 22 3
v 23 3
v 24 3
v 25 3
v 26 3
v 27 3
v 28 3
v 29 3
v 30 3
v 31 3
v 32 3
v 33 3
v 34 4
v 35 4
v 36 4
v 37 4
v 38 4
v 39 4
v 40 4
v 41 4
v 42 4
v 43 4
v 44 4
v 45 4
v 46 4
v 47 4
v 48 4
v 49 4
v 50 4
v 51 4
e 8 10 1
e 8 18 2
e 9 11 1
e 9 19 2
e 10 22 1
e 10 44 1
e 11 23 1
e 11 45 1
e 12 24 1
e 13 25 1
e 14 30 1
e 15 31 1
e 16 17 1
e 16 18 1
e 16 34 1
e 16 35 1
e 17 19 1
e 17 36 1
e 17 37 1
e 18 20 1
e 19 21 1
e 20 38 1
e 20 39 1
e 20 40 1
e 21 41 1
e 21 42 1
e 21 43 1
e 22 24 2
e 22 26 1
e 23 25 2
e 23 27 1
e 24 28 1
e 25 29 1
e 26 32 2
e 26 46 1
e 27 33 2
e 27 47 1
e 28 30 2
e 28 48 1
e 29 31 2
e 29 49 1
e 30 32 1
e 31 33 1
e 32 50 1
e 33 51 1
t # 40626
v 0 12
v 1 12
v 2 12
v 3 12
v 4 1
v 5 1
v 6 1
v 7 1
v 8 3
v 9 3
v 10 3
v 11 3
v 12 3
v 13 3
v 14 3
v 15 3
v 16 3
v 17 3
v 18 3
v 19 3
v 20 3
v 21 3
v 22 3
v 23 3
v 24 3
v 25 3
v 26 3
v 27 3
v 28 3
v 29 3
v 30 3
v 31 3
v 32 3
v 33 3
v 34 3
v 35 3
v 36 3
v 37 4
v 38 4
v 39 4
v 40 4
v 41 4
v 42 4
v 43 4
v 44 4
v 45 4
v 46 4
v 47 4
v 48 4
v 49 4
v 50 4
v 51 4
v 52 4
v 53 4
v 54 4
v 55 4
v 56 4
v 57 4
v 58 4
v 59 4
v 60 4
e 0 33 1
e 1 34 1
e 2 35 1
e 3 36 1
e 4 9 1
e 4 13 1
e 5 10 1
e 5 14 1
e 6 11 1
e 6 15 1
e 7 12 1
e 7 16 1
e 8 9 1
e 8 10 1
e 8 11 1
e 8 12 1
e 9 37 1
e 9 38 1
e 10 39 1
e 10 40 1
e 11 41 1
e 11 42 1
e 12 43 1
e 12 44 1
e 13 17 2
e 13 21 1
e 14 18 2
e 14 22 1
e 15 19 2
e 15 23 1
e 16 20 2
e 16 24 1
e 17 25 1
e 17 45 1
e 18 26 1
e 18 46 1
e 19 27 1
e 19 47 1
e 20 28 1
e 20 48 1
e 21 29 2
e 21 49 1
e 22 30 2
e 22 50 1
e 23 31 2
e 23 51 1
e 24 32 2
e 24 52 1
e 25 33 2
e 25 53 1
e 26 34 2
e 26 54 1
e 27 35 2
e 27 55 1
e 28 36 2
e 28 56 1
e 29 33 1
e 29 57 1
e 30 34 1
e 30 58 1
e 31 35 1
e 31 59 1
e 32 36 1
e 32 60 1
t # 40627
v 0 11
v 1 1
v 2 1
v 3 3
v 4 3
v 5 3
v 6 3
v 7 3
v 8 3
v 9 3
v 10 3
v 11 3
v 12 3
v 13 4
v 14 4
v 15 4
v 16 4
v 17 4
v 18 4
v 19 4
v 20 4
v 21 4
v 22 4
v 23 4
v 24 4
e 0 1 2
e 0 2 2
e 0 4 1
e 0 6 1
e 3 4 1
e 3 5 1
e 3 7 1
e 3 13 1
e 4 14 1
e 4 15 1
e 5 6 1
e 5 16 1
e 5 17 1
e 6 18 1
e 6 19 1
e 7 8 2
e 7 9 1
e 8 10 1
e 8 20 1
e 9 11 2
e 9 21 1
e 10 12 2
e 10 22 1
e 11 12 1
e 11 23 1
e 12 24 1
t # 40628
v 0 1
v 1 1
v 2 1
v 3 2
v 4 3
v 5 3
v 6 3
v 7 3
v 8 3
v 9 3
v 10 3
v 11 3
v 12 3
v 13 3
v 14 3
v 15 4
v 16 4
v 17 4
v 18 4
v 19 4
v 20 4
v 21 4
v 22 4
v 23 4
v 24 4
v 25 4
v 26 4
v 27 4
v 28 4
v 29 4
e 0 10 2
e 1 11 2
e 2 12 1
e 2 29 1
e 3 10 1
e 3 11 1
e 3 25 1
e 4 5 1
e 4 6 1
e 4 10 1
e 4 15 1
e 5 7 1
e 5 11 1
e 5 16 1
e 6 8 1
e 6 13 1
e 6 17 1
e 7 9 1
e 7 12 1
e 7 18 1
e 8 9 2
e 8 14 1
e 9 19 1
e 12 20 1
e 12 21 1
e 13 22 1
e 13 23 1
e 13 24 1
e 14 26 1
e 14 27 1
e 14 28 1
t # 40629
v 0 1
v 1 1
v 2 1
v 3 2
v 4 3
v 5 3
v 6 3
v 7 3
v 8 3
v 9 3
v 10 3
v 11 3
v 12 3
v 13 3
v 14 3
v 15 3
v 16 3
v 17 4
v 18 4
v 19 4
v 20 4
v 21 4
v 22 4
v 23 4
v 24 4
v 25 4
v 26 4
v 27 4
v 28 4
v 29 4
e 0 6 2
e 1 9 1
e 1 28 1
e 2 10 2
e 3 4 1
e 3 9 1
e 3 20 1
e 4 5 1
e 4 6 1
e 4 17 1
e 5 8 1
e 5 18 1
e 5 19 1
e 6 7 1
e 7 9 2
e 7 10 1
e 8 11 2
e 8 12 1
e 10 15 1
e 11 13 1
e 11 21 1
e 12 14 2
e 12 22 1
e 13 16 2
e 13 23 1
e 14 16 1
e 14 24 1
e 15 25 1
e 15 26 1
e 15 27 1
e 16 29 1
t # 40630
v 0 1
v 1 1
v 2 1
v 3 2
v 4 2
v 5 3
v 6 3
v 7 3
v 8 3
v 9 3
v 10 3
v 11 3
v 12 3
v 13 3
v 14 3
v 15 3
v 16 3
v 17 3
v 18 3
v 19 3
v 20 3
v 21 3
v 22 3
v 23 4
v 24 4
v 25 4
v 26 4
v 27 4
v 28 4
v 29 4
v 30 4
v 31 4
v 32 4
v 33 4
v 34 4
v 35 4
v 36 4
v 37 4
v 38 4
v 39 4
v 40 4
v 41 4
v 42 4
e 0 10 2
e 1 16 1
e 1 21 1
e 2 21 2
e 3 5 1
e 3 9 1
e 3 10 1
e 4 8 1
e 4 15 1
e 4 33 1
e 5 6 1
e 5 8 1
e 5 23 1
e 6 7 1
e 6 24 1
e 6 25 1
e 7 10 1
e 7 13 1
e 7 26 1
e 8 11 2
e 9 12 1
e 9 27 1
e 9 28 1
e 11 12 1
e 11 14 1
e 12 29 1
e 12 30 1
e 13 16 1
e 13 31 1
e 13 32 1
e 14 15 1
e 14 17 2
e 15 18 2
e 16 34 1
e 16 35 1
e 17 19 1
e 17 36 1
e 18 20 1
e 18 37 1
e 19 20 2
e 19 38 1
e 20 39 1
e 21 22 1
e 22 40 1
e 22 41 1
e 22 42 1
t # 40631
v 0 11
v 1 1
v 2 1
v 3 1
v 4 1
v 5 1
v 6 3
v 7 3
v 8 3
v 9 3
v 10 3
v 11 3
v 12 3
v 13 3
v 14 3
v 15 4
v 16 4
v 17 4
v 18 4
v 19 4
v 20 4
v 21 4
v 22 4
v 23 4
v 24 4
e 0 1 2
e 0 2 2
e 0 6 1
e 0 9 1
e 3 7 2
e 4 10 1
e 4 23 1
e 5 14 1
e 5 24 1
e 6 7 1
e 6 15 1
e 6 16 1
e 7 8 1
e 8 10 2
e 8 11 1
e 9 17 1
e 9 18 1
e 9 19 1
e 10 12 1
e 11 13 2
e 11 20 1
e 12 14 2
e 12 21 1
e 13 14 1
e 13 22 1
t # 40632
v 0 11
v 1 1
v 2 1
v 3 1
v 4 1
v 5 2
v 6 3
v 7 3
v 8 3
v 9 3
v 10 3
v 11 3
v 12 4
v 13 4
v 14 4
v 15 4
v 16 4
v 17 4
v 18 4
v 19 4
v 20 4
e 0 2 2
e 0 3 2
e 0 6 1
e 0 7 1
e 1 8 1
e 1 9 1
e 4 8 2
e 6 8 1
e 6 10 1
e 6 12 1
e 7 13 1
e 7 14 1
e 7 15 1
e 9 11 1
e 9 16 1
e 9 17 1
e 11 18 1
e 11 19 1
e 11 20 1
t # 40633
v 0 1
v 1 1
v 2 1
v 3 1
v 4 1
v 5 1
v 6 2
v 7 2
v 8 3
v 9 3
v 10 3
v 11 3
v 12 3
v 13 3
v 14 3
v 15 3
v 16 3
v 17 3
v 18 3
v 19 3
v 20 3
v 21 4
v 22 4
v 23 4
v 24 4
v 25 4
v 26 4
v 27 4
v 28 4
v 29 4
v 30 4
v 31 4
v 32 4
v 33 4
v 34 4
v 35 4
v 36 4
e 0 12 1
e 0 30 1
e 1 14 1
e 1 20 1
e 2 11 2
e 3 12 2
e 4 15 1
e 4 33 1
e 5 15 2
e 6 8 1
e 6 11 1
e 6 26 1
e 7 18 1
e 7 31 1
e 7 32 1
e 8 9 1
e 8 12 1
e 8 21 1
e 9 10 1
e 9 22 1
e 9 23 1
e 10 15 1
e 10 24 1
e 10 25 1
e 11 13 1
e 13 14 2
e 13 16 1
e 14 17 1
e 16 19 2
e 16 27 1
e 17 18 2
e 17 28 1
e 18 19 1
e 19 29 1
e 20 34 1
e 20 35 1
e 20 36 1
t # 40634
v 0 1
v 1 1
v 2 1
v 3 1
v 4 1
v 5 1
v 6 1
v 7 1
v 8 2
v 9 2
v 10 3
v 11 3
v 12 3
v 13 3
v 14 3
v 15 3
v 16 3
v 17 3
v 18 3
v 19 3
v 20 3
v 21 3
v 22 3
v 23 4
v 24 4
v 25 4
v 26 4
v 27 4
v 28 4
v 29 4
v 30 4
v 31 4
v 32 4
v 33 4
v 34 4
v 35 4
v 36 4
e 0 14 1
e 0 32 1
e 1 16 1
e 1 22 1
e 2 13 2
e 3 14 2
e 4 17 1
e 4 33 1
e 5 17 2
e 8 10 1
e 8 13 1
e 8 28 1
e 9 20 1
e 10 11 1
e 10 14 1
e 10 23 1
e 11 12 1
e 11 24 1
e 11 25 1
e 12 17 1
e 12 26 1
e 12 27 1
e 13 15 1
e 15 16 2
e 15 18 1
e 16 19 1
e 18 21 2
e 18 29 1
e 19 20 2
e 19 30 1
e 20 21 1
e 21 31 1
e 22 34 1
e 22 35 1
e 22 36 1
t # 40635
v 0 11
v 1 1
v 2 1
v 3 3
v 4 3
v 5 3
v 6 3
v 7 3
v 8 3
v 9 3
v 10 3
v 11 3
v 12 3
v 13 3
v 14 4
v 15 4
v 16 4
v 17 4
v 18 4
v 19 4
v 20 4
v 21 4
v 22 4
v 23 4
v 24 4
v 25 4
v 26 4
v 27 4
e 0 1 2
e 0 2 2
e 0 3 1
e 0 4 1
e 3 5 1
e 3 14 1
e 3 15 1
e 4 6 1
e 4 16 1
e 4 17 1
e 5 7 2
e 5 8 1
e 6 11 2
e 6 18 1
e 7 9 1
e 7 19 1
e 8 10 2
e 8 20 1
e 9 12 2
e 9 21 1
e 10 12 1
e 10 22 1
e 11 13 1
e 11 23 1
e 12 24 1
e 13 25 1
e 13 26 1
e 13 27 1
t # 40636
v 0 11
v 1 1
v 2 1
v 3 1
v 4 3
v 5 3
v 6 3
v 7 3
v 8 3
v 9 3
v 10 3
v 11 3
v 12 3
v 13 3
v 14 3
v 15 3
v 16 3
v 17 4
v 18 4
v 19 4
v 20 4
v 21 4
v 22 4
v 23 4
v 24 4
v 25 4
v 26 4
v 27 4
v 28 4
v 29 4
v 30 4
v 31 4
v 32 4
v 33 4
v 34 4
v 35 4
v 36 4
e 0 1 2
e 0 2 2
e 0 4 1
e 0 9 1
e 3 8 1
e 3 31 1
e 4 5 1
e 4 6 1
e 4 7 1
e 5 8 1
e 5 17 1
e 5 18 1
e 6 19 1
e 6 20 1
e 6 21 1
e 7 22 1
e 7 23 1
e 7 24 1
e 8 11 1
e 8 25 1
e 9 10 1
e 9 26 1
e 9 27 1
e 10 12 2
e 10 13 1
e 11 28 1
e 11 29 1
e 11 30 1
e 12 14 1
e 12 32 1
e 13 15 2
e 13 33 1
e 14 16 2
e 14 34 1
e 15 16 1
e 15 35 1
e 16 36 1
t # 40637
v 0 11
v 1 1
v 2 1
v 3 1
v 4 3
v 5 3
v 6 3
v 7 3
v 8 3
v 9 3
v 10 3
v 11 3
v 12 3
v 13 3
v 14 3
v 15 3
v 16 3
v 17 4
v 18 4
v 19 4
v 20 4
v 21 4
v 22 4
v 23 4
v 24 4
v 25 4
v 26 4
v 27 4
v 28 4
v 29 4
v 30 4
v 31 4
v 32 4
v 33 4
v 34 4
e 0 1 2
e 0 2 2
e 0 4 1
e 0 8 1
e 3 9 2
e 4 5 1
e 4 6 1
e 4 7 1
e 5 9 1
e 5 17 1
e 5 18 1
e 6 19 1
e 6 20 1
e 6 21 1
e 7 22 1
e 7 23 1
e 7 24 1
e 8 10 1
e 8 25 1
e 8 26 1
e 9 11 1
e 10 12 2
e 10 13 1
e 11 27 1
e 11 28 1
e 11 29 1
e 12 14 1
e 12 30 1
e 13 15 2
e 13 31 1
e 14 16 2
e 14 32 1
e 15 16 1
e 15 33 1
e 16 34 1
t # 40638
v 0 12
v 1 12
v 2 12
v 3 2
v 4 2
v 5 2
v 6 2
v 7 3
v 8 3
v 9 3
v 10 3
v 11 3
v 12 4
v 13 4
v 14 4
v 15 4
v 16 4
v 17 4
v 18 4
v 19 4
v 20 4
e 0 10 1
e 1 10 1
e 2 10 1
e 3 7 1
e 3 9 2
e 4 8 2
e 4 9 1
e 5 8 1
e 5 17 1
e 5 18 1
e 6 9 1
e 6 19 1
e 6 20 1
e 7 11 1
e 7 12 1
e 7 13 1
e 8 10 1
e 11 14 1
e 11 15 1
e 11 16 1
t # 40639
v 0 11
v 1 1
v 2 1
v 3 3
v 4 3
v 5 3
v 6 3
v 7 3
v 8 3
v 9 3
v 10 3
v 11 3
v 12 3
v 13 3
v 14 4
v 15 4
v 16 4
v 17 4
v 18 4
v 19 4
v 20 4
v 21 4
v 22 4
v 23 4
v 24 4
v 25 4
v 26 4
v 27 4
e 0 1 2
e 0 2 2
e 0 3 1
e 0 5 1
e 3 4 1
e 3 14 1
e 3 15 1
e 4 6 1
e 4 7 2
e 5 11 1
e 5 16 1
e 5 17 1
e 6 8 2
e 6 18 1
e 7 9 1
e 7 19 1
e 8 10 1
e 8 12 1
e 9 10 2
e 9 20 1
e 10 21 1
e 11 13 2
e 11 22 1
e 12 23 1
e 12 24 1
e 12 25 1
e 13 26 1
e 13 27 1
t # 40640
v 0 2
v 1 2
v 2 3
v 3 3
v 4 3
v 5 3
v 6 3
v 7 3
v 8 3
v 9 3
v 10 3
v 11 3
v 12 3
v 13 3
v 14 3
v 15 3
v 16 3
v 17 3
v 18 3
v 19 3
v 20 3
v 21 3
v 22 3
v 23 3
v 24 3
v 25 3
v 26 3
v 27 3
v 28 3
v 29 3
v 30 3
v 31 3
v 32 3
v 33 3
v 34 3
v 35 3
v 36 3
v 37 3
v 38 3
v 39 3
v 40 3
v 41 3
v 42 3
v 43 3
v 44 4
v 45 4
v 46 4
v 47 4
v 48 4
v 49 4
v 50 4
v 51 4
v 52 4
v 53 4
v 54 4
v 55 4
v 56 4
v 57 4
v 58 4
v 59 4
v 60 4
v 61 4
v 62 4
v 63 4
v 64 4
v 65 4
v 66 4
v 67 4
v 68 4
v 69 4
v 70 4
v 71 4
v 72 4
v 73 4
v 74 4
v 75 4
v 76 4
v 77 4
v 78 4
v 79 4
v 80 4
v 81 4
v 82 4
v 83 4
v 84 4
v 85 4
v 86 4
v 87 4
v 88 4
v 89 4
v 90 4
v 91 4
v 92 4
v 93 4
v 94 4
v 95 4
v 96 4
v 97 4
v 98 4
v 99 4
v 100 4
v 101 4
v 102 4
v 103 4
v 104 4
v 105 4
v 106 4
v 107 4
v 108 4
v 109 4
v 110 4
v 111 4
v 112 4
v 113 4
v 114 4
v 115 4
v 116 4
v 117 4
v 118 4
v 119 4
v 120 4
v 121 4
v 122 4
v 123 4
v 124 4
v 125 4
v 126 4
v 127 4
e 0 1 1
e 0 18 2
e 1 19 2
e 2 6 1
e 2 10 1
e 2 44 1
e 2 45 1
e 3 7 1
e 3 11 1
e 3 46 1
e 3 47 1
e 4 8 1
e 4 12 1
e 4 48 1
e 4 49 1
e 5 9 1
e 5 13 1
e 5 50 1
e 5 51 1
e 6 14 1
e 6 52 1
e 6 53 1
e 7 15 1
e 7 54 1
e 7 55 1
e 8 16 1
e 8 56 1
e 8 57 1
e 9 17 1
e 9 58 1
e 9 59 1
e 10 20 1
e 10 60 1
e 10 61 1
e 11 21 1
e 11 62 1
e 11 63 1
e 12 22 1
e 12 64 1
e 12 65 1
e 13 23 1
e 13 66 1
e 13 67 1
e 14 18 1
e 14 68 1
e 14 69 1
e 15 18 1
e 15 70 1
e 15 71 1
e 16 19 1
e 16 72 1
e 16 73 1
e 17 19 1
e 17 74 1
e 17 75 1
e 20 24 1
e 20 76 1
e 20 77 1
e 21 25 1
e 21 78 1
e 21 79 1
e 22 26 1
e 22 80 1
e 22 81 1
e 23 27 1
e 23 82 1
e 23 83 1
e 24 28 1
e 24 84 1
e 24 85 1
e 25 29 1
e 25 86 1
e 25 87 1
e 26 30 1
e 26 88 1
e 26 89 1
e 27 31 1
e 27 90 1
e 27 91 1
e 28 32 1
e 28 92 1
e 28 93 1
e 29 33 1
e 29 94 1
e 29 95 1
e 30 34 1
e 30 96 1
e 30 97 1
e 31 35 1
e 31 98 1
e 31 99 1
e 32 36 1
e 32 100 1
e 32 101 1
e 33 37 1
e 33 102 1
e 33 103 1
e 34 38 1
e 34 104 1
e 34 105 1
e 35 39 1
e 35 106 1
e 35 107 1
e 36 40 1
e 36 108 1
e 36 109 1
e 37 41 1
e 37 110 1
e 37 111 1
e 38 42 1
e 38 112 1
e 38 113 1
e 39 43 1
e 39 114 1
e 39 115 1
e 40 116 1
e 40 117 1
e 40 118 1
e 41 119 1
e 41 120 1
e 41 121 1
e 42 122 1
e 42 123 1
e 42 124 1
e 43 125 1
e 43 126 1
e 43 127 1
t # 40641
v 0 1
v 1 1
v 2 3
v 3 3
v 4 3
v 5 3
v 6 3
v 7 3
v 8 3
v 9 3
v 10 3
v 11 3
v 12 3
v 13 3
v 14 3
v 15 3
v 16 3
v 17 3
v 18 3
v 19 3
v 20 3
v 21 3
v 22 3
v 23 3
v 24 3
v 25 3
v 26 3
v 27 3
v 28 3
v 29 3
v 30 3
v 31 3
v 32 3
v 33 3
v 34 4
v 35 4
v 36 4
v 37 4
v 38 4
v 39 4
v 40 4
v 41 4
v 42 4
v 43 4
v 44 4
v 45 4
v 46 4
v 47 4
v 48 4
v 49 4
v 50 4
v 51 4
v 52 4
v 53 4
v 54 4
v 55 4
v 56 4
v 57 4
v 58 4
v 59 4
e 0 2 1
e 0 38 1
e 1 3 1
e 1 39 1
e 2 4 1
e 2 6 1
e 2 7 1
e 3 5 1
e 3 8 1
e 3 9 1
e 4 5 1
e 4 10 2
e 5 11 2
e 6 14 2
e 6 18 1
e 7 15 2
e 7 19 1
e 8 16 2
e 8 20 1
e 9 17 2
e 9 21 1
e 10 12 1
e 10 34 1
e 11 13 1
e 11 35 1
e 12 13 2
e 12 36 1
e 13 37 1
e 14 22 1
e 14 40 1
e 15 23 1
e 15 41 1
e 16 24 1
e 16 42 1
e 17 25 1
e 17 43 1
e 18 26 2
e 18 44 1
e 19 27 2
e 19 45 1
e 20 28 2
e 20 46 1
e 21 29 2
e 21 47 1
e 22 30 2
e 22 48 1
e 23 31 2
e 23 49 1
e 24 32 2
e 24 50 1
e 25 33 2
e 25 51 1
e 26 30 1
e 26 52 1
e 27 31 1
e 27 53 1
e 28 32 1
e 28 54 1
e 29 33 1
e 29 55 1
e 30 56 1
e 31 57 1
e 32 58 1
e 33 59 1
t # 40642
v 0 18
v 1 18
v 2 18
v 3 18
v 4 18
v 5 18
v 6 1
v 7 1
v 8 3
v 9 3
v 10 3
v 11 3
v 12 3
v 13 3
v 14 3
v 15 3
v 16 3
v 17 3
v 18 3
v 19 3
v 20 3
v 21 3
v 22 3
v 23 3
v 24 3
v 25 3
v 26 4
v 27 4
v 28 4
v 29 4
v 30 4
v 31 4
v 32 4
v 33 4
v 34 4
v 35 4
v 36 4
v 37 4
v 38 4
v 39 4
v 40 4
v 41 4
v 42 4
v 43 4
v 44 4
v 45 4
v 46 4
v 47 4
v 48 4
v 49 4
v 50 4
v 51 4
v 52 4
v 53 4
v 54 4
v 55 4
e 6 25 1
e 6 55 1
e 7 25 2
e 8 9 1
e 8 10 1
e 8 26 1
e 9 11 1
e 9 27 1
e 10 12 1
e 10 28 1
e 10 29 1
e 11 13 1
e 11 30 1
e 11 31 1
e 12 14 1
e 12 32 1
e 13 15 1
e 13 33 1
e 14 16 1
e 14 34 1
e 15 17 1
e 15 35 1
e 16 18 1
e 16 36 1
e 16 37 1
e 17 19 1
e 17 38 1
e 17 39 1
e 18 20 1
e 18 40 1
e 18 41 1
e 19 21 1
e 19 42 1
e 19 43 1
e 20 22 1
e 20 44 1
e 20 45 1
e 21 23 1
e 21 46 1
e 21 47 1
e 22 24 1
e 22 48 1
e 22 49 1
e 23 25 1
e 23 50 1
e 23 51 1
e 24 52 1
e 24 53 1
e 24 54 1
t # 40643
v 0 11
v 1 1
v 2 1
v 3 3
v 4 3
v 5 3
v 6 3
v 7 3
v 8 3
v 9 3
v 10 3
v 11 3
v 12 3
v 13 3
v 14 4
v 15 4
v 16 4
v 17 4
v 18 4
v 19 4
v 20 4
v 21 4
v 22 4
v 23 4
v 24 4
v 25 4
v 26 4
v 27 4
e 0 1 2
e 0 2 2
e 0 3 1
e 0 4 1
e 3 5 1
e 3 14 1
e 3 15 1
e 4 6 1
e 4 16 1
e 4 17 1
e 5 7 2
e 5 8 1
e 6 9 1
e 6 13 2
e 7 10 1
e 7 18 1
e 8 11 2
e 8 19 1
e 9 20 1
e 9 21 1
e 9 22 1
e 10 12 2
e 10 23 1
e 11 12 1
e 11 24 1
e 12 25 1
e 13 26 1
e 13 27 1
t # 40644
v 0 1
v 1 1
v 2 3
v 3 3
v 4 3
v 5 3
v 6 3
v 7 3
v 8 3
v 9 3
v 10 3
v 11 3
v 12 3
v 13 4
v 14 4
v 15 4
v 16 4
v 17 4
v 18 4
v 19 4
v 20 4
v 21 4
v 22 4
v 23 4
v 24 4
e 0 5 1
e 0 21 1
e 1 11 2
e 2 4 1
e 2 5 2
e 2 8 1
e 3 4 2
e 3 6 1
e 3 9 1
e 4 13 1
e 5 7 1
e 6 7 2
e 6 14 1
e 7 15 1
e 8 10 2
e 8 16 1
e 9 17 1
e 9 18 1
e 9 19 1
e 10 11 1
e 10 20 1
e 11 12 1
e 12 22 1
e 12 23 1
e 12 24 1
t # 40645
v 0 18
v 1 1
v 2 3
v 3 3
v 4 3
v 5 3
v 6 3
v 7 3
v 8 3
v 9 3
v 10 3
v 11 3
v 12 4
v 13 4
v 14 4
v 15 4
v 16 4
v 17 4
v 18 4
v 19 4
v 20 4
e 1 6 2
e 2 3 1
e 2 4 1
e 2 12 1
e 2 13 1
e 3 5 1
e 3 7 2
e 4 6 1
e 4 14 1
e 4 15 1
e 5 6 1
e 5 8 2
e 7 9 1
e 7 11 1
e 8 10 1
e 9 10 2
e 9 16 1
e 10 17 1
e 11 18 1
e 11 19 1
e 11 20 1
t # 40646
v 0 38
v 1 1
v 2 1
v 3 1
v 4 1
v 5 3
v 6 3
v 7 3
v 8 3
v 9 3
v 10 3
v 11 3
v 12 3
v 13 4
v 14 4
v 15 4
v 16 4
v 17 4
v 18 4
v 19 4
v 20 4
v 21 4
v 22 4
v 23 4
v 24 4
v 25 4
v 26 4
e 1 7 1
e 1 9 1
e 2 8 1
e 2 10 1
e 3 9 2
e 4 10 2
e 5 9 1
e 5 13 1
e 5 14 1
e 6 10 1
e 6 15 1
e 6 16 1
e 7 11 1
e 7 17 1
e 7 18 1
e 8 12 1
e 8 19 1
e 8 20 1
e 11 21 1
e 11 22 1
e 11 23 1
e 12 24 1
e 12 25 1
e 12 26 1
t # 40647
v 0 1
v 1 1
v 2 2
v 3 2
v 4 2
v 5 3
v 6 3
v 7 3
v 8 3
v 9 3
v 10 3
v 11 3
v 12 3
v 13 3
v 14 4
v 15 4
v 16 4
v 17 4
v 18 4
v 19 4
v 20 4
v 21 4
v 22 4
v 23 4
v 24 4
v 25 4
v 26 4
v 27 4
v 28 4
e 0 11 2
e 1 13 2
e 2 3 1
e 2 8 1
e 2 11 1
e 3 12 2
e 4 11 1
e 4 13 1
e 4 27 1
e 5 6 1
e 5 7 1
e 5 14 1
e 5 15 1
e 6 8 1
e 6 16 1
e 6 17 1
e 7 9 1
e 7 18 1
e 7 19 1
e 8 20 1
e 8 21 1
e 9 10 1
e 9 22 1
e 9 23 1
e 10 24 1
e 10 25 1
e 10 26 1
e 12 13 1
e 12 28 1
t # 40648
v 0 1
v 1 1
v 2 1
v 3 1
v 4 1
v 5 2
v 6 2
v 7 3
v 8 3
v 9 3
v 10 3
v 11 3
v 12 3
v 13 3
v 14 3
v 15 3
v 16 3
v 17 3
v 18 3
v 19 3
v 20 4
v 21 4
v 22 4
v 23 4
v 24 4
v 25 4
v 26 4
v 27 4
v 28 4
v 29 4
v 30 4
v 31 4
e 0 11 1
e 0 18 1
e 1 13 1
e 1 19 1
e 2 15 2
e 3 16 2
e 4 17 2
e 5 15 1
e 5 17 1
e 5 24 1
e 6 16 1
e 6 17 1
e 6 25 1
e 7 9 1
e 7 10 2
e 7 12 1
e 8 9 2
e 8 15 1
e 8 16 1
e 9 20 1
e 10 11 1
e 10 21 1
e 11 13 2
e 12 14 2
e 12 22 1
e 13 14 1
e 14 23 1
e 18 26 1
e 18 27 1
e 18 28 1
e 19 29 1
e 19 30 1
e 19 31 1
t # 40649
v 0 1
v 1 1
v 2 1
v 3 1
v 4 1
v 5 1
v 6 2
v 7 2
v 8 2
v 9 2
v 10 3
v 11 3
v 12 3
v 13 3
v 14 3
v 15 3
v 16 3
v 17 3
v 18 3
v 19 3
v 20 4
v 21 4
v 22 4
v 23 4
v 24 4
v 25 4
v 26 4
v 27 4
v 28 4
v 29 4
v 30 4
v 31 4
e 1 16 1
e 1 30 1
e 2 17 1
e 2 31 1
e 6 10 1
e 6 11 1
e 6 12 1
e 7 13 2
e 8 14 2
e 9 18 1
e 10 13 1
e 10 15 2
e 11 16 1
e 11 20 1
e 11 21 1
e 12 17 1
e 12 22 1
e 12 23 1
e 13 14 1
e 14 18 1
e 15 19 1
e 15 24 1
e 16 25 1
e 16 26 1
e 17 27 1
e 17 28 1
e 18 19 2
e 19 29 1
t # 40650
v 0 18
v 1 1
v 2 1
v 3 1
v 4 1
v 5 2
v 6 3
v 7 3
v 8 3
v 9 3
v 10 3
v 11 3
v 12 3
v 13 4
v 14 4
v 15 4
v 16 4
e 1 12 1
e 1 16 1
e 2 12 2
e 5 7 1
e 6 8 2
e 6 9 1
e 6 12 1
e 7 10 2
e 7 11 1
e 8 10 1
e 9 11 2
e 9 13 1
e 10 14 1
e 11 15 1
t # 40651
v 0 11
v 1 11
v 2 11
v 3 1
v 4 1
v 5 1
v 6 1
v 7 1
v 8 1
v 9 3
v 10 3
v 11 3
v 12 3
v 13 3
v 14 3
v 15 3
v 16 4
v 17 4
v 18 4
v 19 4
v 20 4
v 21 4
v 22 4
v 23 4
v 24 4
v 25 4
v 26 4
v 27 4
v 28 4
v 29 4
v 30 4
v 31 4
e 0 3 2
e 0 4 2
e 0 9 1
e 0 10 1
e 1 5 2
e 1 6 2
e 1 9 1
e 1 11 1
e 2 7 2
e 2 8 2
e 2 9 1
e 2 14 1
e 9 16 1
e 10 12 1
e 10 13 1
e 10 17 1
e 11 15 1
e 11 18 1
e 11 19 1
e 12 20 1
e 12 21 1
e 12 22 1
e 13 23 1
e 13 24 1
e 13 25 1
e 14 26 1
e 14 27 1
e 14 28 1
e 15 29 1
e 15 30 1
e 15 31 1
t # 40652
v 0 1
v 1 1
v 2 1
v 3 2
v 4 2
v 5 2
v 6 3
v 7 3
v 8 3
v 9 3
v 10 3
v 11 3
v 12 3
v 13 4
v 14 4
v 15 4
v 16 4
v 17 4
v 18 4
v 19 4
e 2 12 2
e 3 6 1
e 3 12 1
e 3 17 1
e 4 7 1
e 5 12 1
e 5 18 1
e 5 19 1
e 6 8 2
e 6 9 1
e 7 10 2
e 7 11 1
e 8 10 1
e 8 13 1
e 9 11 2
e 9 14 1
e 10 15 1
e 11 16 1
t # 40653
v 0 1
v 1 1
v 2 1
v 3 3
v 4 3
v 5 3
v 6 3
v 7 3
v 8 3
v 9 3
v 10 4
v 11 4
v 12 4
v 13 4
v 14 4
v 15 4
v 16 4
v 17 4
v 18 4
v 19 4
v 20 4
v 21 4
v 22 4
v 23 4
e 0 3 1
e 0 22 1
e 1 8 1
e 1 23 1
e 2 8 2
e 3 4 1
e 3 6 1
e 3 7 1
e 4 5 1
e 4 8 1
e 4 10 1
e 5 9 1
e 5 11 1
e 5 12 1
e 6 13 1
e 6 14 1
e 6 15 1
e 7 16 1
e 7 17 1
e 7 18 1
e 9 19 1
e 9 20 1
e 9 21 1
t # 40654
v 0 12
v 1 11
v 2 1
v 3 1
v 4 2
v 5 2
v 6 3
v 7 3
v 8 3
v 9 3
v 10 3
v 11 4
v 12 4
v 13 4
v 14 4
v 15 4
v 16 4
v 17 4
v 18 4
v 19 4
v 20 4
v 21 4
e 0 10 1
e 1 2 2
e 1 3 2
e 1 6 1
e 4 8 1
e 4 10 1
e 4 19 1
e 5 20 1
e 5 21 1
e 6 7 1
e 6 8 1
e 6 11 1
e 7 9 1
e 7 12 1
e 7 13 1
e 8 14 1
e 8 15 1
e 9 10 1
e 9 16 1
e 9 17 1
e 10 18 1
t # 40655
v 0 11
v 1 11
v 2 2
v 3 3
v 4 3
v 5 3
v 6 3
v 7 3
v 8 3
v 9 3
v 10 3
v 11 3
v 12 3
v 13 3
v 14 3
v 15 3
v 16 3
v 17 4
v 18 4
v 19 4
v 20 4
v 21 4
v 22 4
v 23 4
v 24 4
v 25 4
v 26 4
v 27 4
v 28 4
v 29 4
v 30 4
v 31 4
v 32 4
v 33 4
v 34 4
v 35 4
v 36 4
v 37 4
e 0 8 1
e 0 10 1
e 1 9 1
e 1 11 1
e 2 12 2
e 2 13 1
e 3 4 1
e 3 5 1
e 3 17 1
e 3 18 1
e 4 6 1
e 4 19 1
e 4 20 1
e 5 7 1
e 5 21 1
e 5 22 1
e 6 8 1
e 6 23 1
e 6 24 1
e 7 9 1
e 7 25 1
e 7 26 1
e 8 27 1
e 8 28 1
e 9 29 1
e 9 30 1
e 10 12 1
e 10 31 1
e 10 32 1
e 11 13 1
e 11 33 1
e 11 34 1
e 12 14 1
e 13 15 2
e 14 16 2
e 14 35 1
e 15 16 1
e 15 36 1
e 16 37 1
t # 40656
v 0 11
v 1 11
v 2 2
v 3 3
v 4 3
v 5 3
v 6 3
v 7 3
v 8 3
v 9 3
v 10 3
v 11 3
v 12 3
v 13 3
v 14 3
v 15 3
v 16 3
v 17 3
v 18 4
v 19 4
v 20 4
v 21 4
v 22 4
v 23 4
v 24 4
v 25 4
v 26 4
v 27 4
v 28 4
v 29 4
v 30 4
v 31 4
v 32 4
v 33 4
v 34 4
v 35 4
v 36 4
v 37 4
v 38 4
v 39 4
v 40 4
e 0 9 1
e 0 11 1
e 1 10 1
e 1 12 1
e 2 13 2
e 2 14 1
e 3 4 1
e 3 5 1
e 3 18 1
e 3 19 1
e 4 6 1
e 4 20 1
e 4 21 1
e 5 7 1
e 5 22 1
e 5 23 1
e 6 8 1
e 6 24 1
e 6 25 1
e 7 9 1
e 7 26 1
e 7 27 1
e 8 10 1
e 8 28 1
e 8 29 1
e 9 30 1
e 9 31 1
e 10 32 1
e 10 33 1
e 11 13 1
e 11 34 1
e 11 35 1
e 12 14 1
e 12 36 1
e 12 37 1
e 13 15 1
e 14 16 2
e 15 17 2
e 15 38 1
e 16 17 1
e 16 39 1
e 17 40 1
t # 40657
v 0 11
v 1 1
v 2 1
v 3 1
v 4 1
v 5 2
v 6 2
v 7 2
v 8 3
v 9 3
v 10 3
v 11 3
v 12 3
v 13 3
v 14 3
v 15 4
v 16 4
v 17 4
v 18 4
v 19 4
v 20 4
v 21 4
v 22 4
v 23 4
v 24 4
v 25 4
e 0 3 2
e 0 4 2
e 1 24 1
e 2 25 1
e 5 8 1
e 5 14 2
e 6 14 1
e 6 20 1
e 6 21 1
e 7 14 1
e 7 22 1
e 7 23 1
e 8 9 2
e 8 10 1
e 9 11 1
e 9 15 1
e 10 12 2
e 10 16 1
e 11 13 2
e 11 17 1
e 12 13 1
e 12 18 1
e 13 19 1
t # 40658
v 0 27
v 1 40
v 2 3
v 3 3
v 4 3
v 5 3
v 6 3
v 7 3
v 8 3
v 9 4
v 10 4
v 11 4
v 12 4
v 13 4
v 14 4
v 15 4
v 16 4
v 17 4
v 18 4
v 19 4
v 20 4
v 21 4
v 22 4
v 23 4
v 24 4
e 2 4 1
e 2 9 1
e 2 10 1
e 3 5 1
e 3 11 1
e 3 12 1
e 4 8 1
e 4 13 1
e 4 14 1
e 5 8 1
e 5 15 1
e 5 16 1
e 6 17 1
e 6 18 1
e 6 19 1
e 7 20 1
e 7 21 1
e 7 22 1
e 8 23 1
e 8 24 1
t # 40659
v 0 27
v 1 40
v 2 3
v 3 3
v 4 3
v 5 3
v 6 3
v 7 3
v 8 4
v 9 4
v 10 4
v 11 4
v 12 4
v 13 4
v 14 4
v 15 4
v 16 4
v 17 4
v 18 4
v 19 4
v 20 4
v 21 4
e 2 4 1
e 2 8 1
e 2 9 1
e 3 5 1
e 3 10 1
e 3 11 1
e 4 5 1
e 4 12 1
e 4 13 1
e 5 14 1
e 5 15 1
e 6 16 1
e 6 17 1
e 6 18 1
e 7 19 1
e 7 20 1
e 7 21 1
t # 40660
v 0 9
v 1 18
v 2 18
v 3 18
v 4 18
v 5 3
v 6 3
v 7 3
v 8 4
v 9 4
v 10 4
v 11 4
v 12 4
v 13 4
e 5 6 1
e 5 8 1
e 5 9 1
e 6 7 1
e 6 10 1
e 6 11 1
e 7 12 1
e 7 13 1
t # 40661
v 0 11
v 1 1
v 2 1
v 3 1
v 4 1
v 5 2
v 6 2
v 7 2
v 8 3
v 9 3
v 10 3
v 11 3
v 12 3
v 13 3
v 14 3
v 15 3
v 16 3
v 17 3
v 18 3
v 19 3
v 20 3
v 21 3
v 22 4
v 23 4
v 24 4
v 25 4
v 26 4
v 27 4
v 28 4
v 29 4
v 30 4
v 31 4
v 32 4
v 33 4
v 34 4
v 35 4
v 36 4
v 37 4
v 38 4
v 39 4
v 40 4
v 41 4
v 42 4
e 0 9 1
e 0 11 1
e 1 10 1
e 1 37 1
e 2 14 2
e 3 19 2
e 4 21 2
e 5 8 1
e 5 14 1
e 5 28 1
e 6 17 1
e 6 21 1
e 6 38 1
e 7 19 1
e 7 21 1
e 7 42 1
e 8 9 1
e 8 10 1
e 8 22 1
e 9 23 1
e 9 24 1
e 10 25 1
e 10 26 1
e 11 12 1
e 11 13 1
e 11 27 1
e 12 29 1
e 12 30 1
e 12 31 1
e 13 32 1
e 13 33 1
e 13 34 1
e 14 16 1
e 15 17 2
e 15 18 1
e 15 19 1
e 16 18 2
e 16 35 1
e 17 20 1
e 18 36 1
e 20 39 1
e 20 40 1
e 20 41 1
t # 40662
v 0 1
v 1 1
v 2 2
v 3 2
v 4 2
v 5 3
v 6 3
v 7 3
v 8 3
v 9 3
v 10 3
v 11 3
v 12 3
v 13 3
v 14 3
v 15 3
v 16 3
v 17 3
v 18 4
v 19 4
v 20 4
v 21 4
v 22 4
v 23 4
v 24 4
v 25 4
v 26 4
v 27 4
v 28 4
v 29 4
v 30 4
v 31 4
v 32 4
v 33 4
v 34 4
v 35 4
v 36 4
v 37 4
v 38 4
e 0 15 1
e 0 38 1
e 1 15 2
e 2 5 1
e 2 29 1
e 2 30 1
e 3 4 1
e 3 16 1
e 3 17 1
e 4 14 2
e 5 6 1
e 5 7 1
e 5 18 1
e 6 19 1
e 6 20 1
e 6 21 1
e 7 22 1
e 7 23 1
e 7 24 1
e 8 10 2
e 8 11 1
e 8 14 1
e 9 12 2
e 9 13 1
e 9 15 1
e 10 12 1
e 10 25 1
e 11 13 2
e 11 26 1
e 12 27 1
e 13 28 1
e 14 31 1
e 16 32 1
e 16 33 1
e 16 34 1
e 17 35 1
e 17 36 1
e 17 37 1
t # 40663
v 0 18
v 1 1
v 2 1
v 3 3
v 4 3
v 5 3
v 6 3
v 7 3
v 8 3
v 9 3
v 10 3
v 11 3
v 12 3
v 13 3
v 14 4
v 15 4
v 16 4
v 17 4
v 18 4
v 19 4
v 20 4
v 21 4
v 22 4
v 23 4
v 24 4
v 25 4
v 26 4
e 1 3 1
e 1 4 1
e 2 4 1
e 2 10 1
e 3 4 1
e 3 5 1
e 3 6 1
e 4 7 1
e 5 14 1
e 5 15 1
e 5 16 1
e 6 17 1
e 6 18 1
e 6 19 1
e 7 8 2
e 7 9 1
e 8 11 1
e 8 20 1
e 9 12 2
e 9 21 1
e 10 22 1
e 10 23 1
e 10 24 1
e 11 13 2
e 11 25 1
e 12 13 1
e 12 26 1
t # 40664
v 0 1
v 1 1
v 2 1
v 3 1
v 4 3
v 5 3
v 6 3
v 7 3
v 8 3
v 9 3
v 10 3
v 11 3
v 12 3
v 13 3
v 14 3
v 15 3
v 16 3
v 17 3
v 18 3
v 19 3
v 20 3
v 21 3
v 22 3
v 23 3
v 24 3
v 25 3
v 26 4
v 27 4
v 28 4
v 29 4
v 30 4
v 31 4
v 32 4
v 33 4
v 34 4
v 35 4
v 36 4
v 37 4
v 38 4
v 39 4
v 40 4
v 41 4
v 42 4
v 43 4
e 0 6 1
e 0 22 1
e 1 7 1
e 1 23 1
e 2 22 2
e 3 23 2
e 4 6 2
e 4 8 1
e 4 10 1
e 5 7 1
e 5 9 2
e 5 11 1
e 6 9 1
e 7 8 2
e 8 26 1
e 9 27 1
e 10 12 2
e 10 13 1
e 11 14 2
e 11 15 1
e 12 16 1
e 12 28 1
e 13 17 2
e 13 29 1
e 14 18 1
e 14 30 1
e 15 19 2
e 15 31 1
e 16 20 2
e 16 32 1
e 17 20 1
e 17 33 1
e 18 21 2
e 18 34 1
e 19 21 1
e 19 35 1
e 20 36 1
e 21 37 1
e 22 24 1
e 23 25 1
e 24 38 1
e 24 39 1
e 24 40 1
e 25 41 1
e 25 42 1
e 25 43 1
t # 40665
v 0 1
v 1 1
v 2 1
v 3 1
v 4 3
v 5 3
v 6 3
v 7 3
v 8 3
v 9 3
v 10 3
v 11 3
v 12 3
v 13 3
v 14 3
v 15 3
v 16 3
v 17 3
v 18 3
v 19 3
v 20 3
v 21 3
v 22 3
v 23 3
v 24 4
v 25 4
v 26 4
v 27 4
v 28 4
v 29 4
v 30 4
v 31 4
v 32 4
v 33 4
v 34 4
v 35 4
v 36 4
v 37 4
v 38 4
v 39 4
e 0 12 1
e 0 22 1
e 1 13 1
e 1 23 1
e 2 8 2
e 3 9 2
e 4 5 2
e 4 8 1
e 4 10 1
e 5 9 1
e 5 11 1
e 6 7 1
e 6 8 1
e 6 12 2
e 7 9 1
e 7 13 2
e 10 16 1
e 10 24 1
e 10 25 1
e 11 17 1
e 11 26 1
e 11 27 1
e 12 14 1
e 13 15 1
e 14 15 1
e 14 18 2
e 15 19 2
e 16 17 2
e 16 28 1
e 17 29 1
e 18 20 1
e 18 30 1
e 19 21 1
e 19 31 1
e 20 21 2
e 20 32 1
e 21 33 1
e 22 34 1
e 22 35 1
e 22 36 1
e 23 37 1
e 23 38 1
e 23 39 1
t # 40666
v 0 1
v 1 1
v 2 1
v 3 1
v 4 1
v 5 1
v 6 1
v 7 1
v 8 1
v 9 3
v 10 3
v 11 3
v 12 3
v 13 3
v 14 3
v 15 3
v 16 3
v 17 3
v 18 3
v 19 3
v 20 3
v 21 3
v 22 3
v 23 3
v 24 3
v 25 3
v 26 3
v 27 3
v 28 3
v 29 3
v 30 4
v 31 4
v 32 4
v 33 4
v 34 4
v 35 4
v 36 4
v 37 4
v 38 4
v 39 4
v 40 4
v 41 4
v 42 4
v 43 4
v 44 4
v 45 4
v 46 4
v 47 4
v 48 4
v 49 4
v 50 4
v 51 4
e 0 9 1
e 0 14 1
e 1 11 1
e 1 39 1
e 2 12 1
e 2 41 1
e 3 13 1
e 3 42 1
e 4 18 1
e 4 46 1
e 5 20 2
e 6 23 1
e 6 49 1
e 7 24 1
e 7 50 1
e 8 29 1
e 8 51 1
e 9 10 1
e 9 11 1
e 9 30 1
e 10 15 1
e 10 16 1
e 10 31 1
e 11 12 1
e 11 32 1
e 12 13 1
e 12 33 1
e 13 14 1
e 13 34 1
e 14 18 1
e 14 35 1
e 15 17 2
e 15 21 1
e 16 19 2
e 16 22 1
e 17 20 1
e 17 23 1
e 18 36 1
e 18 37 1
e 19 20 1
e 19 24 1
e 21 25 2
e 21 38 1
e 22 27 2
e 22 40 1
e 23 26 2
e 24 28 2
e 25 26 1
e 25 29 1
e 26 43 1
e 27 28 1
e 27 44 1
e 28 45 1
e 29 47 1
e 29 48 1
t # 40667
v 0 12
v 1 1
v 2 1
v 3 1
v 4 1
v 5 1
v 6 1
v 7 1
v 8 1
v 9 1
v 10 1
v 11 1
v 12 2
v 13 2
v 14 3
v 15 3
v 16 3
v 17 3
v 18 3
v 19 3
v 20 3
v 21 3
v 22 3
v 23 3
v 24 3
v 25 3
v 26 3
v 27 3
v 28 3
v 29 3
v 30 3
v 31 3
v 32 3
v 33 3
v 34 3
v 35 3
v 36 3
v 37 3
v 38 3
v 39 3
v 40 3
v 41 3
v 42 3
v 43 3
v 44 3
v 45 3
v 46 3
v 47 3
v 48 3
v 49 4
v 50 4
v 51 4
v 52 4
v 53 4
v 54 4
v 55 4
v 56 4
v 57 4
v 58 4
v 59 4
v 60 4
v 61 4
v 62 4
v 63 4
v 64 4
v 65 4
v 66 4
v 67 4
v 68 4
v 69 4
v 70 4
v 71 4
v 72 4
v 73 4
v 74 4
v 75 4
v 76 4
v 77 4
v 78 4
v 79 4
v 80 4
v 81 4
v 82 4
v 83 4
v 84 4
v 85 4
e 0 25 1
e 1 14 1
e 1 18 1
e 2 15 1
e 2 21 1
e 3 16 1
e 3 22 1
e 4 18 1
e 4 23 1
e 5 17 1
e 5 59 1
e 6 22 2
e 7 27 1
e 7 36 1
e 8 33 2
e 9 36 1
e 9 72 1
e 10 37 2
e 11 43 1
e 11 79 1
e 12 24 1
e 12 31 1
e 12 64 1
e 13 35 1
e 13 37 1
e 13 71 1
e 14 15 1
e 14 19 1
e 14 20 1
e 15 16 1
e 15 49 1
e 16 17 1
e 16 50 1
e 17 18 1
e 17 51 1
e 18 52 1
e 19 53 1
e 19 54 1
e 19 55 1
e 20 56 1
e 20 57 1
e 20 58 1
e 21 60 1
e 21 61 1
e 21 62 1
e 22 24 1
e 23 25 2
e 23 26 1
e 24 28 2
e 25 27 1
e 26 29 2
e 26 63 1
e 27 30 2
e 28 32 1
e 28 65 1
e 29 30 1
e 29 66 1
e 30 33 1
e 31 32 2
e 31 34 1
e 32 67 1
e 33 35 1
e 34 68 1
e 34 69 1
e 34 70 1
e 35 36 2
e 37 38 1
e 38 40 2
e 38 41 1
e 39 40 1
e 39 42 1
e 39 43 2
e 40 73 1
e 41 44 2
e 41 74 1
e 42 45 1
e 42 75 1
e 42 76 1
e 43 44 1
e 44 77 1
e 45 46 2
e 45 78 1
e 46 47 1
e 46 48 1
e 47 80 1
e 47 81 1
e 47 82 1
e 48 83 1
e 48 84 1
e 48 85 1
t # 40668
v 0 1
v 1 1
v 2 2
v 3 2
v 4 3
v 5 3
v 6 3
v 7 3
v 8 3
v 9 4
v 10 4
v 11 4
v 12 4
v 13 4
v 14 4
v 15 4
v 16 4
v 17 4
v 18 4
v 19 4
v 20 4
e 0 6 1
e 1 8 2
e 2 8 1
e 2 18 1
e 3 8 1
e 3 19 1
e 3 20 1
e 4 5 1
e 4 6 1
e 4 9 1
e 4 10 1
e 5 7 1
e 5 11 1
e 5 12 1
e 6 13 1
e 6 14 1
e 7 15 1
e 7 16 1
e 7 17 1
t # 40669
v 0 1
v 1 1
v 2 1
v 3 2
v 4 2
v 5 2
v 6 2
v 7 3
v 8 3
v 9 3
v 10 3
v 11 3
v 12 3
v 13 3
v 14 3
v 15 3
v 16 3
v 17 3
v 18 3
v 19 3
v 20 3
v 21 3
v 22 3
v 23 3
v 24 3
v 25 3
v 26 3
v 27 4
v 28 4
v 29 4
v 30 4
v 31 4
v 32 4
v 33 4
v 34 4
v 35 4
v 36 4
v 37 4
v 38 4
v 39 4
v 40 4
v 41 4
v 42 4
v 43 4
v 44 4
v 45 4
v 46 4
v 47 4
v 48 4
v 49 4
v 50 4
e 0 10 1
e 1 14 1
e 2 12 2
e 3 7 1
e 3 12 1
e 3 30 1
e 4 7 1
e 4 31 1
e 5 9 1
e 5 36 1
e 6 9 2
e 6 12 1
e 7 8 1
e 7 27 1
e 8 9 1
e 8 28 1
e 8 29 1
e 10 11 1
e 10 32 1
e 10 33 1
e 11 15 1
e 11 34 1
e 11 35 1
e 13 14 1
e 13 16 1
e 13 37 1
e 13 38 1
e 14 39 1
e 14 40 1
e 15 17 2
e 15 18 1
e 16 19 2
e 16 20 1
e 17 21 1
e 17 41 1
e 18 22 2
e 18 42 1
e 19 23 1
e 19 43 1
e 20 24 2
e 20 44 1
e 21 25 2
e 21 45 1
e 22 25 1
e 22 46 1
e 23 26 2
e 23 47 1
e 24 26 1
e 24 48 1
e 25 49 1
e 26 50 1
t # 40670
v 0 1
v 1 1
v 2 1
v 3 1
v 4 1
v 5 1
v 6 3
v 7 3
v 8 3
v 9 3
v 10 3
v 11 3
v 12 3
v 13 3
v 14 3
v 15 3
v 16 3
v 17 3
v 18 4
v 19 4
v 20 4
v 21 4
v 22 4
v 23 4
v 24 4
v 25 4
v 26 4
v 27 4
v 28 4
v 29 4
v 30 4
v 31 4
v 32 4
v 33 4
v 34 4
v 35 4
v 36 4
v 37 4
v 38 4
v 39 4
e 0 6 1
e 0 7 1
e 1 7 1
e 1 11 1
e 2 8 1
e 2 36 1
e 3 9 1
e 3 37 1
e 4 10 1
e 4 38 1
e 5 17 1
e 5 39 1
e 6 12 1
e 6 13 1
e 6 18 1
e 7 8 1
e 7 19 1
e 8 9 1
e 8 20 1
e 9 10 1
e 9 21 1
e 10 11 1
e 10 22 1
e 11 17 1
e 11 23 1
e 12 14 1
e 12 24 1
e 12 25 1
e 13 15 1
e 13 26 1
e 13 27 1
e 14 16 1
e 14 28 1
e 14 29 1
e 15 16 1
e 15 30 1
e 15 31 1
e 16 32 1
e 16 33 1
e 17 34 1
e 17 35 1
t # 40671
v 0 11
v 1 11
v 2 11
v 3 11
v 4 1
v 5 1
v 6 1
v 7 1
v 8 1
v 9 1
v 10 1
v 11 1
v 12 1
v 13 1
v 14 1
v 15 1
v 16 1
v 17 1
v 18 3
v 19 3
v 20 3
v 21 3
v 22 3
v 23 3
v 24 3
v 25 3
v 26 3
v 27 3
v 28 3
v 29 3
v 30 3
v 31 3
v 32 3
v 33 3
v 34 3
v 35 3
v 36 3
v 37 3
v 38 3
v 39 3
v 40 3
v 41 3
v 42 3
v 43 3
v 44 3
v 45 3
v 46 3
v 47 3
v 48 3
v 49 3
v 50 3
v 51 3
v 52 3
v 53 4
v 54 4
v 55 4
v 56 4
v 57 4
v 58 4
v 59 4
v 60 4
v 61 4
v 62 4
v 63 4
v 64 4
v 65 4
v 66 4
v 67 4
v 68 4
v 69 4
v 70 4
v 71 4
v 72 4
v 73 4
v 74 4
v 75 4
v 76 4
v 77 4
v 78 4
v 79 4
v 80 4
v 81 4
v 82 4
v 83 4
v 84 4
v 85 4
v 86 4
v 87 4
v 88 4
v 89 4
v 90 4
e 0 10 2
e 0 11 2
e 0 25 1
e 1 12 2
e 1 13 2
e 1 26 1
e 2 14 2
e 2 15 2
e 2 27 1
e 3 16 2
e 3 17 2
e 3 28 1
e 4 21 1
e 4 22 1
e 5 18 1
e 6 19 1
e 7 20 1
e 8 22 1
e 8 24 1
e 9 23 1
e 18 19 1
e 18 20 1
e 18 53 1
e 19 21 1
e 19 54 1
e 20 22 1
e 20 55 1
e 21 23 1
e 21 56 1
e 22 57 1
e 23 58 1
e 23 59 1
e 24 60 1
e 24 61 1
e 24 62 1
e 25 29 2
e 25 30 1
e 26 31 2
e 26 32 1
e 27 33 2
e 27 34 1
e 28 43 2
e 28 44 1
e 29 35 1
e 29 63 1
e 30 36 2
e 30 64 1
e 31 37 1
e 31 65 1
e 32 38 2
e 32 66 1
e 33 39 1
e 33 67 1
e 34 40 2
e 34 68 1
e 35 41 2
e 35 69 1
e 36 41 1
e 36 70 1
e 37 42 2
e 37 71 1
e 38 42 1
e 38 72 1
e 39 45 2
e 39 73 1
e 40 45 1
e 40 74 1
e 41 48 1
e 42 50 1
e 43 46 1
e 43 75 1
e 44 47 2
e 44 76 1
e 45 51 1
e 46 49 2
e 46 77 1
e 47 49 1
e 47 78 1
e 48 79 1
e 48 80 1
e 48 81 1
e 49 52 1
e 50 82 1
e 50 83 1
e 50 84 1
e 51 85 1
e 51 86 1
e 51 87 1
e 52 88 1
e 52 89 1
e 52 90 1
t # 40672
v 0 1
v 1 1
v 2 1
v 3 1
v 4 1
v 5 1
v 6 3
v 7 3
v 8 3
v 9 3
v 10 3
v 11 3
v 12 3
v 13 3
v 14 3
v 15 3
v 16 3
v 17 3
v 18 4
v 19 4
v 20 4
v 21 4
v 22 4
v 23 4
v 24 4
v 25 4
v 26 4
v 27 4
v 28 4
v 29 4
v 30 4
v 31 4
v 32 4
v 33 4
e 0 9 1
e 0 10 1
e 1 6 1
e 1 25 1
e 2 7 1
e 2 26 1
e 3 10 1
e 3 12 1
e 4 8 1
e 4 27 1
e 5 11 1
e 5 28 1
e 6 7 1
e 6 8 1
e 6 18 1
e 7 9 1
e 7 19 1
e 8 10 1
e 8 20 1
e 9 11 1
e 9 21 1
e 10 22 1
e 11 23 1
e 11 24 1
e 12 13 2
e 12 14 1
e 13 15 1
e 13 29 1
e 14 16 2
e 14 30 1
e 15 17 2
e 15 31 1
e 16 17 1
e 16 32 1
e 17 33 1
t # 40673
v 0 1
v 1 1
v 2 1
v 3 1
v 4 1
v 5 3
v 6 3
v 7 3
v 8 3
v 9 3
v 10 3
v 11 4
v 12 4
v 13 4
v 14 4
v 15 4
v 16 4
v 17 4
v 18 4
v 19 4
v 20 4
e 0 6 1
e 0 9 1
e 1 5 1
e 1 18 1
e 2 7 1
e 2 19 1
e 3 8 1
e 3 20 1
e 4 9 2
e 5 6 1
e 5 7 1
e 5 11 1
e 6 9 1
e 6 12 1
e 7 8 1
e 7 13 1
e 8 10 1
e 8 14 1
e 10 15 1
e 10 16 1
e 10 17 1
t # 40674
v 0 11
v 1 1
v 2 1
v 3 1
v 4 1
v 5 1
v 6 1
v 7 1
v 8 1
v 9 1
v 10 2
v 11 2
v 12 3
v 13 3
v 14 3
v 15 3
v 16 3
v 17 3
v 18 3
v 19 3
v 20 3
v 21 3
v 22 3
v 23 3
v 24 4
v 25 4
v 26 4
v 27 4
v 28 4
v 29 4
v 30 4
v 31 4
v 32 4
v 33 4
v 34 4
v 35 4
v 36 4
v 37 4
e 0 16 1
e 0 18 1
e 1 15 1
e 1 16 1
e 2 12 1
e 2 31 1
e 3 13 1
e 3 32 1
e 4 14 1
e 4 33 1
e 5 17 1
e 5 34 1
e 10 19 1
e 11 23 1
e 12 13 1
e 12 14 1
e 12 24 1
e 13 15 1
e 13 25 1
e 14 16 1
e 14 26 1
e 15 17 1
e 15 27 1
e 16 28 1
e 17 29 1
e 17 30 1
e 18 19 2
e 18 20 1
e 19 21 1
e 20 22 2
e 20 35 1
e 21 23 2
e 21 36 1
e 22 23 1
e 22 37 1
t # 40675
v 0 1
v 1 1
v 2 1
v 3 1
v 4 1
v 5 1
v 6 2
v 7 3
v 8 3
v 9 3
v 10 3
v 11 3
v 12 3
v 13 3
v 14 3
v 15 3
v 16 3
v 17 3
v 18 3
v 19 3
v 20 3
v 21 3
v 22 3
v 23 3
v 24 3
v 25 3
v 26 3
v 27 3
v 28 3
v 29 3
v 30 3
v 31 3
v 32 3
v 33 3
v 34 3
v 35 3
v 36 4
v 37 4
v 38 4
v 39 4
v 40 4
v 41 4
v 42 4
v 43 4
v 44 4
v 45 4
v 46 4
v 47 4
v 48 4
v 49 4
v 50 4
v 51 4
v 52 4
v 53 4
v 54 4
v 55 4
v 56 4
v 57 4
v 58 4
v 59 4
v 60 4
v 61 4
v 62 4
v 63 4
v 64 4
v 65 4
v 66 4
v 67 4
v 68 4
e 0 10 1
e 0 11 1
e 1 7 1
e 1 13 1
e 2 8 1
e 2 14 1
e 3 11 1
e 3 48 1
e 4 12 1
e 4 18 1
e 5 15 2
e 6 9 1
e 6 15 1
e 6 43 1
e 7 8 1
e 7 9 1
e 7 36 1
e 8 10 1
e 8 37 1
e 9 11 1
e 9 38 1
e 10 12 1
e 10 39 1
e 11 40 1
e 12 41 1
e 12 42 1
e 13 16 1
e 13 44 1
e 13 45 1
e 14 17 1
e 14 46 1
e 14 47 1
e 15 19 1
e 16 21 2
e 16 22 1
e 17 23 2
e 17 24 1
e 18 20 1
e 18 49 1
e 18 50 1
e 19 51 1
e 19 52 1
e 19 53 1
e 20 29 2
e 20 30 1
e 21 25 1
e 21 54 1
e 22 26 2
e 22 55 1
e 23 27 1
e 23 56 1
e 24 28 2
e 24 57 1
e 25 31 2
e 25 58 1
e 26 31 1
e 26 59 1
e 27 32 2
e 27 60 1
e 28 32 1
e 28 61 1
e 29 33 1
e 29 62 1
e 30 34 2
e 30 63 1
e 31 64 1
e 32 65 1
e 33 35 2
e 33 66 1
e 34 35 1
e 34 67 1
e 35 68 1
t # 40676
v 0 11
v 1 1
v 2 1
v 3 1
v 4 1
v 5 1
v 6 1
v 7 2
v 8 3
v 9 3
v 10 3
v 11 3
v 12 3
v 13 3
v 14 3
v 15 3
v 16 3
v 17 3
v 18 3
v 19 3
v 20 3
v 21 3
v 22 3
v 23 3
v 24 3
v 25 3
v 26 3
v 27 3
v 28 3
v 29 3
v 30 3
v 31 3
v 32 4
v 33 4
v 34 4
v 35 4
v 36 4
v 37 4
v 38 4
v 39 4
v 40 4
v 41 4
v 42 4
v 43 4
v 44 4
v 45 4
v 46 4
v 47 4
v 48 4
v 49 4
v 50 4
v 51 4
v 52 4
v 53 4
v 54 4
v 55 4
v 56 4
v 57 4
v 58 4
v 59 4
v 60 4
e 0 11 1
e 0 29 1
e 1 13 1
e 1 55 1
e 2 18 2
e 3 24 2
e 4 27 2
e 5 28 1
e 5 30 1
e 6 30 2
e 8 9 1
e 8 10 1
e 8 14 1
e 8 32 1
e 9 11 1
e 9 16 1
e 9 33 1
e 10 13 1
e 10 18 1
e 10 21 1
e 11 12 1
e 11 15 1
e 12 19 1
e 12 22 1
e 12 23 1
e 13 17 1
e 13 24 1
e 14 17 1
e 14 34 1
e 14 35 1
e 15 18 1
e 15 36 1
e 15 37 1
e 16 20 1
e 16 38 1
e 16 39 1
e 17 40 1
e 17 41 1
e 19 20 1
e 19 26 2
e 20 42 1
e 20 43 1
e 21 44 1
e 21 45 1
e 21 46 1
e 22 25 1
e 22 47 1
e 22 48 1
e 23 49 1
e 23 50 1
e 23 51 1
e 24 28 1
e 25 27 1
e 25 52 1
e 25 53 1
e 26 27 1
e 26 54 1
e 28 56 1
e 28 57 1
e 30 31 1
e 31 58 1
e 31 59 1
e 31 60 1
t # 40677
v 0 1
v 1 1
v 2 1
v 3 1
v 4 1
v 5 1
v 6 1
v 7 1
v 8 1
v 9 2
v 10 2
v 11 2
v 12 2
v 13 3
v 14 3
v 15 3
v 16 3
v 17 3
v 18 3
v 19 3
v 20 3
v 21 3
v 22 3
v 23 3
v 24 3
v 25 3
v 26 3
v 27 3
v 28 3
v 29 4
v 30 4
v 31 4
v 32 4
v 33 4
v 34 4
v 35 4
v 36 4
v 37 4
v 38 4
v 39 4
v 40 4
e 0 15 2
e 9 21 1
e 10 22 1
e 11 26 1
e 12 27 1
e 13 14 1
e 13 15 1
e 13 16 1
e 13 17 1
e 14 19 2
e 14 20 1
e 15 18 1
e 16 29 1
e 16 30 1
e 16 31 1
e 17 32 1
e 17 33 1
e 17 34 1
e 18 23 2
e 18 24 1
e 19 22 1
e 19 35 1
e 20 21 2
e 20 36 1
e 21 25 1
e 22 25 2
e 23 27 1
e 23 37 1
e 24 26 2
e 24 38 1
e 25 39 1
e 26 28 1
e 27 28 2
e 28 40 1
t # 40678
v 0 1
v 1 1
v 2 1
v 3 3
v 4 3
v 5 3
v 6 3
v 7 3
v 8 3
v 9 3
v 10 3
v 11 3
v 12 3
v 13 3
v 14 3
v 15 3
v 16 3
v 17 3
v 18 3
v 19 3
v 20 3
v 21 3
v 22 3
v 23 3
v 24 3
v 25 3
v 26 3
v 27 3
v 28 3
v 29 3
v 30 4
v 31 4
v 32 4
v 33 4
v 34 4
v 35 4
v 36 4
v 37 4
v 38 4
v 39 4
v 40 4
v 41 4
v 42 4
v 43 4
v 44 4
v 45 4
v 46 4
v 47 4
v 48 4
v 49 4
v 50 4
v 51 4
v 52 4
v 53 4
v 54 4
v 55 4
v 56 4
v 57 4
v 58 4
v 59 4
v 60 4
v 61 4
v 62 4
v 63 4
v 64 4
v 65 4
v 66 4
v 67 4
v 68 4
v 69 4
v 70 4
v 71 4
e 0 8 1
e 0 16 1
e 1 16 1
e 1 27 1
e 2 25 2
e 3 4 1
e 3 5 1
e 3 11 1
e 3 17 1
e 4 6 1
e 4 9 1
e 4 30 1
e 5 8 1
e 5 12 1
e 5 31 1
e 6 7 1
e 6 14 1
e 6 32 1
e 7 10 1
e 7 13 1
e 7 33 1
e 8 9 1
e 8 34 1
e 9 35 1
e 9 36 1
e 10 15 1
e 10 19 1
e 10 20 1
e 11 13 1
e 11 37 1
e 11 38 1
e 12 16 1
e 12 22 1
e 12 39 1
e 13 40 1
e 13 41 1
e 14 18 1
e 14 42 1
e 14 43 1
e 15 18 1
e 15 21 1
e 15 44 1
e 16 23 1
e 17 45 1
e 17 46 1
e 17 47 1
e 18 48 1
e 18 49 1
e 19 24 1
e 19 50 1
e 19 51 1
e 20 52 1
e 20 53 1
e 20 54 1
e 21 25 1
e 21 55 1
e 21 56 1
e 22 57 1
e 22 58 1
e 22 59 1
e 23 26 1
e 23 60 1
e 23 61 1
e 24 25 1
e 24 62 1
e 24 63 1
e 26 28 1
e 26 64 1
e 26 65 1
e 27 28 1
e 27 66 1
e 27 67 1
e 28 29 1
e 28 68 1
e 29 69 1
e 29 70 1
e 29 71 1
t # 40679
v 0 1
v 1 1
v 2 1
v 3 3
v 4 3
v 5 3
v 6 3
v 7 3
v 8 3
v 9 3
v 10 3
v 11 3
v 12 3
v 13 3
v 14 3
v 15 3
v 16 3
v 17 3
v 18 3
v 19 3
v 20 3
v 21 3
v 22 3
v 23 3
v 24 3
v 25 3
v 26 4
v 27 4
v 28 4
v 29 4
v 30 4
v 31 4
v 32 4
v 33 4
v 34 4
v 35 4
v 36 4
v 37 4
v 38 4
v 39 4
v 40 4
v 41 4
v 42 4
v 43 4
v 44 4
v 45 4
v 46 4
v 47 4
v 48 4
v 49 4
v 50 4
v 51 4
v 52 4
v 53 4
v 54 4
v 55 4
v 56 4
v 57 4
e 0 22 1
e 0 24 1
e 1 18 2
e 2 24 2
e 3 4 1
e 3 6 1
e 3 8 1
e 3 13 1
e 4 9 1
e 4 11 1
e 4 26 1
e 5 7 1
e 5 9 1
e 5 10 1
e 5 27 1
e 6 12 1
e 6 18 1
e 6 28 1
e 7 14 1
e 7 15 1
e 7 17 1
e 8 10 1
e 8 29 1
e 8 30 1
e 9 16 2
e 10 31 1
e 10 32 1
e 11 12 1
e 11 33 1
e 11 34 1
e 12 35 1
e 12 36 1
e 13 37 1
e 13 38 1
e 13 39 1
e 14 19 1
e 14 21 2
e 15 20 1
e 15 40 1
e 15 41 1
e 16 21 1
e 16 42 1
e 17 43 1
e 17 44 1
e 17 45 1
e 18 23 1
e 19 22 1
e 19 46 1
e 19 47 1
e 20 22 1
e 20 48 1
e 20 49 1
e 21 50 1
e 22 51 1
e 23 52 1
e 23 53 1
e 23 54 1
e 24 25 1
e 25 55 1
e 25 56 1
e 25 57 1
t # 40680
v 0 1
v 1 1
v 2 3
v 3 3
v 4 3
v 5 3
v 6 3
v 7 3
v 8 3
v 9 3
v 10 3
v 11 3
v 12 3
v 13 3
v 14 3
v 15 3
v 16 3
v 17 3
v 18 3
v 19 3
v 20 3
v 21 3
v 22 3
v 23 4
v 24 4
v 25 4
v 26 4
v 27 4
v 28 4
v 29 4
v 30 4
v 31 4
v 32 4
v 33 4
v 34 4
v 35 4
v 36 4
v 37 4
v 38 4
v 39 4
v 40 4
v 41 4
v 42 4
v 43 4
v 44 4
v 45 4
v 46 4
v 47 4
v 48 4
v 49 4
v 50 4
v 51 4
v 52 4
e 0 16 2
e 1 20 1
e 1 52 1
e 2 3 1
e 2 6 1
e 2 7 1
e 2 13 1
e 3 4 1
e 3 8 1
e 3 23 1
e 4 5 1
e 4 12 1
e 4 24 1
e 5 9 1
e 5 10 1
e 5 25 1
e 6 11 1
e 6 16 1
e 6 26 1
e 7 9 1
e 7 27 1
e 7 28 1
e 8 11 1
e 8 29 1
e 8 30 1
e 9 31 1
e 9 32 1
e 10 14 1
e 10 17 1
e 10 18 1
e 11 33 1
e 11 34 1
e 12 15 1
e 12 35 1
e 12 36 1
e 13 37 1
e 13 38 1
e 13 39 1
e 14 15 2
e 14 19 1
e 15 40 1
e 16 22 1
e 17 41 1
e 17 42 1
e 17 43 1
e 18 21 2
e 18 44 1
e 19 20 1
e 19 45 1
e 19 46 1
e 20 21 1
e 20 47 1
e 21 48 1
e 22 49 1
e 22 50 1
e 22 51 1
t # 40681
v 0 1
v 1 2
v 2 3
v 3 3
v 4 3
v 5 3
v 6 3
v 7 3
v 8 3
v 9 3
v 10 3
v 11 3
v 12 3
v 13 3
v 14 3
v 15 3
v 16 3
v 17 4
v 18 4
v 19 4
v 20 4
v 21 4
v 22 4
v 23 4
v 24 4
v 25 4
v 26 4
v 27 4
v 28 4
v 29 4
v 30 4
v 31 4
v 32 4
v 33 4
v 34 4
v 35 4
e 0 16 2
e 1 16 1
e 1 34 1
e 1 35 1
e 2 3 2
e 2 4 1
e 2 5 1
e 3 6 1
e 3 7 1
e 4 8 1
e 4 14 2
e 5 9 1
e 5 17 1
e 5 18 1
e 6 10 1
e 6 15 2
e 7 11 1
e 7 19 1
e 7 20 1
e 8 12 1
e 8 21 1
e 8 22 1
e 9 12 1
e 9 23 1
e 9 24 1
e 10 13 1
e 10 25 1
e 10 26 1
e 11 13 1
e 11 27 1
e 11 28 1
e 12 29 1
e 12 30 1
e 13 31 1
e 13 32 1
e 14 15 1
e 14 16 1
e 15 33 1
t # 40682
v 0 1
v 1 1
v 2 1
v 3 1
v 4 1
v 5 1
v 6 3
v 7 3
v 8 3
v 9 3
v 10 3
v 11 3
v 12 3
v 13 3
v 14 3
v 15 3
v 16 3
v 17 3
v 18 3
v 19 3
v 20 3
v 21 3
v 22 3
v 23 3
v 24 3
v 25 3
v 26 3
v 27 3
v 28 3
v 29 3
v 30 3
v 31 3
v 32 3
v 33 4
v 34 4
v 35 4
v 36 4
v 37 4
v 38 4
v 39 4
v 40 4
v 41 4
v 42 4
v 43 4
v 44 4
v 45 4
v 46 4
v 47 4
v 48 4
v 49 4
v 50 4
v 51 4
v 52 4
v 53 4
v 54 4
v 55 4
v 56 4
v 57 4
v 58 4
v 59 4
v 60 4
v 61 4
v 62 4
v 63 4
v 64 4
v 65 4
v 66 4
v 67 4
v 68 4
v 69 4
v 70 4
v 71 4
v 72 4
v 73 4
v 74 4
e 0 20 1
e 0 25 1
e 1 16 2
e 2 23 2
e 3 25 2
e 4 29 1
e 4 31 1
e 5 31 2
e 6 8 1
e 6 10 1
e 6 12 1
e 6 17 1
e 7 9 1
e 7 10 1
e 7 14 1
e 7 18 1
e 8 11 1
e 8 13 1
e 8 33 1
e 9 11 1
e 9 15 1
e 9 34 1
e 10 35 1
e 10 36 1
e 11 37 1
e 11 38 1
e 12 16 1
e 12 21 1
e 12 39 1
e 13 16 1
e 13 40 1
e 13 41 1
e 14 19 1
e 14 42 1
e 14 43 1
e 15 20 1
e 15 44 1
e 15 45 1
e 17 46 1
e 17 47 1
e 17 48 1
e 18 49 1
e 18 50 1
e 18 51 1
e 19 20 1
e 19 52 1
e 19 53 1
e 20 54 1
e 21 22 1
e 21 23 1
e 21 55 1
e 22 56 1
e 22 57 1
e 22 58 1
e 23 24 1
e 24 26 1
e 24 59 1
e 24 60 1
e 25 28 1
e 26 27 1
e 26 61 1
e 26 62 1
e 27 29 1
e 27 30 1
e 27 63 1
e 28 64 1
e 28 65 1
e 28 66 1
e 29 67 1
e 29 68 1
e 30 69 1
e 30 70 1
e 30 71 1
e 31 32 1
e 32 72 1
e 32 73 1
e 32 74 1
t # 40683
v 0 1
v 1 2
v 2 3
v 3 3
v 4 3
v 5 3
v 6 3
v 7 3
v 8 3
v 9 3
v 10 3
v 11 3
v 12 3
v 13 3
v 14 3
v 15 3
v 16 3
v 17 3
v 18 3
v 19 4
v 20 4
v 21 4
v 22 4
v 23 4
v 24 4
v 25 4
v 26 4
v 27 4
v 28 4
v 29 4
v 30 4
v 31 4
e 0 12 1
e 0 18 1
e 1 6 2
e 1 11 1
e 2 3 1
e 2 4 1
e 2 19 1
e 2 20 1
e 3 6 1
e 3 7 2
e 4 5 2
e 4 9 1
e 5 6 1
e 5 10 1
e 7 8 1
e 7 21 1
e 8 11 1
e 8 14 2
e 9 12 2
e 9 22 1
e 10 13 2
e 10 23 1
e 11 15 2
e 12 13 1
e 13 24 1
e 14 16 1
e 14 25 1
e 15 17 1
e 15 26 1
e 16 17 2
e 16 27 1
e 17 28 1
e 18 29 1
e 18 30 1
e 18 31 1
t # 40684
v 0 1
v 1 1
v 2 2
v 3 3
v 4 3
v 5 3
v 6 3
v 7 3
v 8 3
v 9 3
v 10 3
v 11 3
v 12 3
v 13 3
v 14 4
v 15 4
v 16 4
v 17 4
v 18 4
v 19 4
v 20 4
v 21 4
v 22 4
e 0 11 1
e 0 13 1
e 1 11 2
e 2 10 2
e 2 12 1
e 3 4 2
e 3 5 1
e 3 8 1
e 4 6 1
e 4 10 1
e 5 7 2
e 5 11 1
e 6 9 2
e 6 14 1
e 7 9 1
e 7 15 1
e 8 12 2
e 8 16 1
e 9 17 1
e 10 18 1
e 12 19 1
e 13 20 1
e 13 21 1
e 13 22 1
t # 40685
v 0 1
v 1 1
v 2 1
v 3 1
v 4 1
v 5 1
v 6 2
v 7 2
v 8 3
v 9 3
v 10 3
v 11 3
v 12 3
v 13 3
v 14 3
v 15 3
v 16 3
v 17 3
v 18 3
v 19 3
v 20 3
v 21 3
v 22 3
v 23 3
v 24 3
v 25 3
v 26 3
v 27 3
v 28 3
v 29 3
v 30 3
v 31 3
v 32 3
v 33 3
v 34 3
v 35 3
v 36 3
v 37 3
v 38 3
v 39 3
v 40 3
v 41 3
v 42 4
v 43 4
v 44 4
v 45 4
v 46 4
v 47 4
v 48 4
v 49 4
v 50 4
v 51 4
v 52 4
v 53 4
v 54 4
v 55 4
v 56 4
v 57 4
v 58 4
v 59 4
v 60 4
v 61 4
v 62 4
v 63 4
v 64 4
v 65 4
v 66 4
v 67 4
v 68 4
v 69 4
v 70 4
v 71 4
v 72 4
v 73 4
v 74 4
v 75 4
v 76 4
v 77 4
v 78 4
v 79 4
v 80 4
v 81 4
v 82 4
v 83 4
v 84 4
v 85 4
v 86 4
v 87 4
e 0 29 1
e 0 33 1
e 1 33 2
e 6 39 1
e 7 40 1
e 8 9 1
e 8 10 1
e 8 12 1
e 8 19 1
e 9 13 1
e 9 14 1
e 9 42 1
e 10 15 1
e 10 18 1
e 10 43 1
e 11 14 1
e 11 16 1
e 11 17 1
e 11 44 1
e 12 17 1
e 12 45 1
e 12 46 1
e 13 15 1
e 13 47 1
e 13 48 1
e 14 22 2
e 15 49 1
e 15 50 1
e 16 20 1
e 16 21 1
e 16 23 1
e 17 51 1
e 17 52 1
e 18 24 1
e 18 28 1
e 18 53 1
e 19 54 1
e 19 55 1
e 19 56 1
e 20 25 2
e 20 26 1
e 21 27 1
e 21 57 1
e 21 58 1
e 22 25 1
e 22 59 1
e 23 60 1
e 23 61 1
e 23 62 1
e 24 30 1
e 24 63 1
e 24 64 1
e 25 65 1
e 26 29 1
e 26 66 1
e 26 67 1
e 27 29 1
e 27 68 1
e 27 69 1
e 28 70 1
e 28 71 1
e 28 72 1
e 29 73 1
e 30 31 1
e 30 74 1
e 30 75 1
e 31 32 1
e 31 76 1
e 31 77 1
e 32 34 1
e 32 35 1
e 32 78 1
e 33 36 1
e 34 79 1
e 34 80 1
e 34 81 1
e 35 82 1
e 35 83 1
e 35 84 1
e 36 37 2
e 36 38 1
e 37 40 1
e 37 85 1
e 38 39 2
e 38 86 1
e 39 41 1
e 40 41 2
e 41 87 1
t # 40686
v 0 1
v 1 1
v 2 3
v 3 3
v 4 3
v 5 3
v 6 3
v 7 3
v 8 3
v 9 3
v 10 3
v 11 3
v 12 3
v 13 3
v 14 3
v 15 3
v 16 3
v 17 3
v 18 3
v 19 3
v 20 3
v 21 3
v 22 3
v 23 3
v 24 3
v 25 3
v 26 3
v 27 3
v 28 3
v 29 3
v 30 3
v 31 3
v 32 4
v 33 4
v 34 4
v 35 4
v 36 4
v 37 4
v 38 4
v 39 4
v 40 4
v 41 4
v 42 4
v 43 4
v 44 4
v 45 4
v 46 4
v 47 4
v 48 4
v 49 4
v 50 4
v 51 4
v 52 4
v 53 4
v 54 4
v 55 4
v 56 4
v 57 4
v 58 4
v 59 4
v 60 4
v 61 4
v 62 4
v 63 4
v 64 4
v 65 4
v 66 4
v 67 4
v 68 4
v 69 4
v 70 4
v 71 4
v 72 4
v 73 4
v 74 4
v 75 4
v 76 4
v 77 4
v 78 4
v 79 4
v 80 4
v 81 4
e 0 22 1
e 0 27 1
e 1 27 2
e 2 3 1
e 2 6 1
e 2 7 1
e 2 14 1
e 3 4 1
e 3 9 1
e 3 32 1
e 4 5 1
e 4 12 1
e 4 33 1
e 5 8 1
e 5 10 1
e 5 34 1
e 6 11 1
e 6 13 1
e 6 35 1
e 7 10 1
e 7 36 1
e 7 37 1
e 8 15 1
e 8 16 1
e 8 18 1
e 9 11 1
e 9 38 1
e 9 39 1
e 10 40 1
e 10 41 1
e 11 42 1
e 11 43 1
e 12 17 1
e 12 44 1
e 12 45 1
e 13 21 1
e 13 23 1
e 13 46 1
e 14 47 1
e 14 48 1
e 14 49 1
e 15 17 2
e 15 19 1
e 16 20 1
e 16 50 1
e 16 51 1
e 17 52 1
e 18 53 1
e 18 54 1
e 18 55 1
e 19 22 1
e 19 56 1
e 19 57 1
e 20 22 1
e 20 58 1
e 20 59 1
e 21 24 1
e 21 60 1
e 21 61 1
e 22 62 1
e 23 63 1
e 23 64 1
e 23 65 1
e 24 25 1
e 24 66 1
e 24 67 1
e 25 26 1
e 25 68 1
e 25 69 1
e 26 28 1
e 26 29 1
e 26 70 1
e 27 30 1
e 28 71 1
e 28 72 1
e 28 73 1
e 29 74 1
e 29 75 1
e 29 76 1
e 30 31 1
e 30 77 1
e 30 78 1
e 31 79 1
e 31 80 1
e 31 81 1
t # 40687
v 0 1
v 1 1
v 2 1
v 3 1
v 4 1
v 5 1
v 6 1
v 7 3
v 8 3
v 9 3
v 10 3
v 11 3
v 12 3
v 13 3
v 14 3
v 15 3
v 16 3
v 17 3
v 18 3
v 19 3
v 20 3
v 21 4
v 22 4
v 23 4
v 24 4
v 25 4
v 26 4
v 27 4
v 28 4
v 29 4
v 30 4
v 31 4
v 32 4
v 33 4
v 34 4
v 35 4
v 36 4
v 37 4
v 38 4
v 39 4
v 40 4
e 0 7 1
e 0 11 1
e 1 8 1
e 1 29 1
e 2 11 1
e 2 14 1
e 3 9 1
e 3 30 1
e 4 10 1
e 4 31 1
e 5 12 1
e 5 32 1
e 6 13 1
e 6 35 1
e 7 8 1
e 7 12 1
e 7 21 1
e 8 9 1
e 8 22 1
e 9 10 1
e 9 23 1
e 10 11 1
e 10 24 1
e 11 25 1
e 12 13 1
e 12 26 1
e 13 27 1
e 13 28 1
e 14 15 1
e 14 33 1
e 14 34 1
e 15 16 2
e 15 17 1
e 16 18 1
e 16 36 1
e 17 19 2
e 17 37 1
e 18 20 2
e 18 38 1
e 19 20 1
e 19 39 1
e 20 40 1
t # 40688
v 0 1
v 1 1
v 2 1
v 3 1
v 4 1
v 5 1
v 6 1
v 7 1
v 8 1
v 9 1
v 10 1
v 11 1
v 12 3
v 13 3
v 14 3
v 15 3
v 16 3
v 17 3
v 18 3
v 19 3
v 20 3
v 21 3
v 22 3
v 23 3
v 24 3
v 25 3
v 26 3
v 27 3
v 28 3
v 29 3
v 30 3
v 31 3
v 32 3
v 33 3
v 34 3
v 35 3
v 36 4
v 37 4
v 38 4
v 39 4
v 40 4
v 41 4
v 42 4
v 43 4
v 44 4
v 45 4
v 46 4
v 47 4
v 48 4
v 49 4
v 50 4
v 51 4
v 52 4
v 53 4
v 54 4
v 55 4
v 56 4
v 57 4
v 58 4
v 59 4
v 60 4
v 61 4
v 62 4
v 63 4
v 64 4
v 65 4
e 0 13 1
e 0 16 1
e 1 12 1
e 1 20 1
e 2 14 1
e 2 21 1
e 3 15 1
e 3 22 1
e 4 16 1
e 4 19 1
e 5 17 1
e 5 23 1
e 6 18 1
e 6 28 1
e 7 20 2
e 8 21 2
e 9 22 2
e 10 23 2
e 11 28 2
e 12 13 1
e 12 14 1
e 12 36 1
e 13 17 1
e 13 37 1
e 14 15 1
e 14 38 1
e 15 16 1
e 15 39 1
e 16 40 1
e 17 18 1
e 17 41 1
e 18 42 1
e 18 43 1
e 19 24 1
e 19 44 1
e 19 45 1
e 20 25 1
e 21 26 1
e 22 27 1
e 23 29 1
e 24 30 2
e 24 31 1
e 25 46 1
e 25 47 1
e 25 48 1
e 26 49 1
e 26 50 1
e 26 51 1
e 27 52 1
e 27 53 1
e 27 54 1
e 28 32 1
e 29 55 1
e 29 56 1
e 29 57 1
e 30 33 1
e 30 58 1
e 31 34 2
e 31 59 1
e 32 60 1
e 32 61 1
e 32 62 1
e 33 35 2
e 33 63 1
e 34 35 1
e 34 64 1
e 35 65 1
t # 40689
v 0 1
v 1 1
v 2 1
v 3 1
v 4 1
v 5 1
v 6 1
v 7 1
v 8 1
v 9 1
v 10 1
v 11 1
v 12 3
v 13 3
v 14 3
v 15 3
v 16 3
v 17 3
v 18 3
v 19 3
v 20 3
v 21 3
v 22 3
v 23 3
v 24 3
v 25 3
v 26 3
v 27 3
v 28 3
v 29 3
v 30 3
v 31 3
v 32 3
v 33 3
v 34 3
v 35 4
v 36 4
v 37 4
v 38 4
v 39 4
v 40 4
v 41 4
v 42 4
v 43 4
v 44 4
v 45 4
v 46 4
v 47 4
v 48 4
v 49 4
v 50 4
v 51 4
v 52 4
v 53 4
v 54 4
v 55 4
v 56 4
v 57 4
v 58 4
v 59 4
v 60 4
v 61 4
v 62 4
v 63 4
v 64 4
v 65 4
v 66 4
v 67 4
v 68 4
e 0 13 1
e 0 16 1
e 1 16 1
e 1 17 1
e 2 12 1
e 2 25 1
e 3 14 1
e 3 26 1
e 4 15 1
e 4 27 1
e 5 20 1
e 5 28 1
e 6 24 1
e 6 32 1
e 7 25 2
e 8 26 2
e 9 27 2
e 10 28 2
e 11 32 2
e 12 13 1
e 12 14 1
e 12 35 1
e 13 20 1
e 13 36 1
e 14 15 1
e 14 37 1
e 15 16 1
e 15 38 1
e 16 39 1
e 17 18 1
e 17 19 1
e 17 40 1
e 18 21 1
e 18 42 1
e 18 43 1
e 19 22 1
e 19 44 1
e 19 45 1
e 20 24 1
e 20 41 1
e 21 23 1
e 21 46 1
e 21 47 1
e 22 23 1
e 22 48 1
e 22 49 1
e 23 50 1
e 23 51 1
e 24 52 1
e 24 53 1
e 25 29 1
e 26 30 1
e 27 31 1
e 28 33 1
e 29 54 1
e 29 55 1
e 29 56 1
e 30 57 1
e 30 58 1
e 30 59 1
e 31 60 1
e 31 61 1
e 31 62 1
e 32 34 1
e 33 63 1
e 33 64 1
e 33 65 1
e 34 66 1
e 34 67 1
e 34 68 1
t # 40690
v 0 1
v 1 1
v 2 1
v 3 1
v 4 1
v 5 1
v 6 1
v 7 3
v 8 3
v 9 3
v 10 3
v 11 3
v 12 3
v 13 3
v 14 3
v 15 3
v 16 3
v 17 3
v 18 3
v 19 3
v 20 4
v 21 4
v 22 4
v 23 4
v 24 4
v 25 4
v 26 4
v 27 4
v 28 4
v 29 4
v 30 4
v 31 4
v 32 4
v 33 4
v 34 4
v 35 4
v 36 4
v 37 4
v 38 4
v 39 4
v 40 4
v 41 4
v 42 4
v 43 4
e 0 7 1
e 0 9 1
e 1 9 1
e 1 12 1
e 2 8 1
e 2 39 1
e 3 10 1
e 3 40 1
e 4 11 1
e 4 41 1
e 5 17 1
e 5 42 1
e 6 19 1
e 6 43 1
e 7 8 1
e 7 17 1
e 7 20 1
e 8 10 1
e 8 21 1
e 9 11 1
e 9 22 1
e 10 11 1
e 10 23 1
e 11 24 1
e 12 13 1
e 12 14 1
e 12 25 1
e 13 15 1
e 13 26 1
e 13 27 1
e 14 16 1
e 14 28 1
e 14 29 1
e 15 18 1
e 15 31 1
e 15 32 1
e 16 18 1
e 16 33 1
e 16 34 1
e 17 19 1
e 17 30 1
e 18 35 1
e 18 36 1
e 19 37 1
e 19 38 1
t # 40691
v 0 1
v 1 1
v 2 1
v 3 1
v 4 1
v 5 1
v 6 1
v 7 3
v 8 3
v 9 3
v 10 3
v 11 3
v 12 3
v 13 3
v 14 3
v 15 3
v 16 4
v 17 4
v 18 4
v 19 4
v 20 4
v 21 4
v 22 4
v 23 4
v 24 4
v 25 4
v 26 4
v 27 4
v 28 4
v 29 4
v 30 4
v 31 4
v 32 4
v 33 4
e 0 7 1
e 0 11 1
e 1 8 1
e 1 24 1
e 2 11 1
e 2 14 1
e 3 9 1
e 3 25 1
e 4 10 1
e 4 26 1
e 5 12 1
e 5 27 1
e 6 13 1
e 6 30 1
e 7 8 1
e 7 12 1
e 7 16 1
e 8 9 1
e 8 17 1
e 9 10 1
e 9 18 1
e 10 11 1
e 10 19 1
e 11 20 1
e 12 13 1
e 12 21 1
e 13 22 1
e 13 23 1
e 14 15 1
e 14 28 1
e 14 29 1
e 15 31 1
e 15 32 1
e 15 33 1
t # 40692
v 0 1
v 1 1
v 2 1
v 3 1
v 4 1
v 5 1
v 6 1
v 7 1
v 8 3
v 9 3
v 10 3
v 11 3
v 12 3
v 13 3
v 14 3
v 15 3
v 16 4
v 17 4
v 18 4
v 19 4
v 20 4
v 21 4
v 22 4
v 23 4
v 24 4
v 25 4
v 26 4
v 27 4
v 28 4
v 29 4
v 30 4
v 31 4
e 0 8 1
e 0 23 1
e 1 9 1
e 1 24 1
e 2 10 1
e 2 25 1
e 3 11 1
e 3 26 1
e 4 12 1
e 4 27 1
e 5 13 1
e 5 28 1
e 6 14 1
e 6 15 1
e 7 14 2
e 8 9 1
e 8 10 1
e 8 16 1
e 9 11 1
e 9 17 1
e 10 12 1
e 10 18 1
e 11 13 1
e 11 19 1
e 12 14 1
e 12 20 1
e 13 21 1
e 13 22 1
e 15 29 1
e 15 30 1
e 15 31 1
t # 40693
v 0 1
v 1 1
v 2 1
v 3 1
v 4 1
v 5 1
v 6 1
v 7 1
v 8 1
v 9 1
v 10 1
v 11 1
v 12 3
v 13 3
v 14 3
v 15 3
v 16 3
v 17 3
v 18 3
v 19 3
v 20 3
v 21 3
v 22 3
v 23 3
v 24 3
v 25 3
v 26 3
v 27 3
v 28 3
v 29 3
v 30 3
v 31 4
v 32 4
v 33 4
v 34 4
v 35 4
v 36 4
v 37 4
v 38 4
v 39 4
v 40 4
v 41 4
v 42 4
v 43 4
v 44 4
v 45 4
v 46 4
v 47 4
v 48 4
v 49 4
v 50 4
v 51 4
v 52 4
v 53 4
v 54 4
v 55 4
v 56 4
v 57 4
v 58 4
e 0 13 1
e 0 16 1
e 1 12 1
e 1 20 1
e 2 14 1
e 2 21 1
e 3 15 1
e 3 22 1
e 4 16 1
e 4 19 1
e 5 17 1
e 5 23 1
e 6 18 1
e 6 28 1
e 7 20 2
e 8 21 2
e 9 22 2
e 10 23 2
e 11 28 2
e 12 13 1
e 12 14 1
e 12 31 1
e 13 17 1
e 13 32 1
e 14 15 1
e 14 33 1
e 15 16 1
e 15 34 1
e 16 35 1
e 17 18 1
e 17 36 1
e 18 37 1
e 18 38 1
e 19 24 1
e 19 39 1
e 19 40 1
e 20 25 1
e 21 26 1
e 22 27 1
e 23 29 1
e 24 41 1
e 24 42 1
e 24 43 1
e 25 44 1
e 25 45 1
e 25 46 1
e 26 47 1
e 26 48 1
e 26 49 1
e 27 50 1
e 27 51 1
e 27 52 1
e 28 30 1
e 29 53 1
e 29 54 1
e 29 55 1
e 30 56 1
e 30 57 1
e 30 58 1
t # 40694
v 0 11
v 1 11
v 2 1
v 3 1
v 4 1
v 5 1
v 6 1
v 7 1
v 8 1
v 9 1
v 10 3
v 11 3
v 12 3
v 13 3
v 14 3
v 15 3
v 16 3
v 17 3
v 18 3
v 19 3
v 20 3
v 21 3
v 22 3
v 23 4
v 24 4
v 25 4
v 26 4
v 27 4
v 28 4
v 29 4
v 30 4
v 31 4
v 32 4
v 33 4
v 34 4
v 35 4
v 36 4
v 37 4
v 38 4
v 39 4
v 40 4
v 41 4
v 42 4
e 0 13 1
e 1 13 1
e 2 10 1
e 2 15 1
e 3 11 1
e 3 16 1
e 4 12 1
e 4 17 1
e 5 14 1
e 5 19 1
e 6 15 2
e 7 16 2
e 8 17 2
e 9 19 2
e 10 11 1
e 10 12 1
e 10 23 1
e 11 13 1
e 11 24 1
e 12 14 1
e 12 25 1
e 13 26 1
e 14 27 1
e 14 28 1
e 15 18 1
e 16 20 1
e 17 21 1
e 18 31 1
e 18 32 1
e 18 33 1
e 19 22 1
e 20 34 1
e 20 35 1
e 20 36 1
e 21 37 1
e 21 38 1
e 21 39 1
e 22 40 1
e 22 41 1
e 22 42 1
t # 40695
v 0 1
v 1 1
v 2 1
v 3 1
v 4 1
v 5 1
v 6 1
v 7 1
v 8 1
v 9 3
v 10 3
v 11 3
v 12 3
v 13 3
v 14 3
v 15 3
v 16 3
v 17 3
v 18 3
v 19 4
v 20 4
v 21 4
v 22 4
v 23 4
v 24 4
v 25 4
v 26 4
v 27 4
v 28 4
v 29 4
v 30 4
v 31 4
v 32 4
v 33 4
v 34 4
v 35 4
v 36 4
v 37 4
v 38 4
e 0 9 1
e 0 13 1
e 1 10 1
e 1 27 1
e 2 11 1
e 2 28 1
e 3 13 1
e 3 16 1
e 4 12 1
e 4 29 1
e 5 14 1
e 5 30 1
e 6 15 1
e 6 34 1
e 7 18 1
e 7 38 1
e 8 18 2
e 9 10 1
e 9 14 1
e 9 19 1
e 10 11 1
e 10 20 1
e 11 12 1
e 11 21 1
e 12 13 1
e 12 22 1
e 13 23 1
e 14 15 1
e 14 24 1
e 15 25 1
e 15 26 1
e 16 31 1
e 16 32 1
e 16 33 1
e 17 18 1
e 17 35 1
e 17 36 1
e 17 37 1
t # 40696
v 0 1
v 1 1
v 2 1
v 3 1
v 4 1
v 5 1
v 6 1
v 7 3
v 8 3
v 9 3
v 10 3
v 11 3
v 12 3
v 13 3
v 14 3
v 15 3
v 16 3
v 17 3
v 18 3
v 19 3
v 20 3
v 21 3
v 22 3
v 23 4
v 24 4
v 25 4
v 26 4
v 27 4
v 28 4
v 29 4
v 30 4
v 31 4
v 32 4
v 33 4
v 34 4
v 35 4
v 36 4
v 37 4
v 38 4
v 39 4
v 40 4
v 41 4
v 42 4
v 43 4
v 44 4
v 45 4
v 46 4
v 47 4
v 48 4
e 0 10 1
e 0 17 1
e 1 18 1
e 1 22 1
e 2 17 2
e 3 19 1
e 3 45 1
e 4 20 1
e 4 46 1
e 5 21 1
e 5 47 1
e 6 22 1
e 6 48 1
e 7 8 1
e 7 10 1
e 7 11 1
e 7 14 1
e 8 9 1
e 8 15 1
e 8 16 1
e 9 12 1
e 9 13 1
e 9 23 1
e 10 12 1
e 10 24 1
e 11 13 1
e 11 25 1
e 11 26 1
e 12 27 1
e 12 28 1
e 13 29 1
e 13 30 1
e 14 31 1
e 14 32 1
e 14 33 1
e 15 34 1
e 15 35 1
e 15 36 1
e 16 37 1
e 16 38 1
e 16 39 1
e 17 18 1
e 18 19 1
e 18 40 1
e 19 20 1
e 19 41 1
e 20 21 1
e 20 42 1
e 21 22 1
e 21 43 1
e 22 44 1
t # 40697
v 0 18
v 1 18
v 2 18
v 3 1
v 4 1
v 5 1
v 6 1
v 7 1
v 8 1
v 9 1
v 10 1
v 11 1
v 12 1
v 13 3
v 14 3
v 15 3
v 16 3
v 17 3
v 18 3
v 19 3
v 20 3
v 21 3
v 22 3
v 23 3
v 24 3
v 25 3
v 26 3
v 27 3
v 28 3
v 29 3
v 30 3
v 31 3
v 32 3
v 33 4
v 34 4
v 35 4
v 36 4
v 37 4
v 38 4
v 39 4
v 40 4
v 41 4
v 42 4
v 43 4
v 44 4
v 45 4
v 46 4
v 47 4
v 48 4
v 49 4
v 50 4
v 51 4
v 52 4
v 53 4
e 3 16 1
e 3 17 1
e 4 13 1
e 4 19 1
e 5 14 1
e 5 20 1
e 6 15 1
e 6 22 1
e 7 17 1
e 7 21 1
e 8 18 1
e 8 25 1
e 9 19 2
e 10 20 2
e 11 22 2
e 12 25 2
e 13 14 1
e 13 15 1
e 13 33 1
e 14 16 1
e 14 34 1
e 15 17 1
e 15 35 1
e 16 18 1
e 16 36 1
e 17 37 1
e 18 38 1
e 18 39 1
e 19 23 1
e 20 24 1
e 21 27 2
e 21 28 1
e 22 26 1
e 23 40 1
e 23 41 1
e 23 42 1
e 24 43 1
e 24 44 1
e 24 45 1
e 25 31 1
e 26 46 1
e 26 47 1
e 26 48 1
e 27 29 1
e 28 30 2
e 29 32 2
e 29 49 1
e 30 32 1
e 30 50 1
e 31 51 1
e 31 52 1
e 31 53 1
t # 40698
v 0 1
v 1 1
v 2 1
v 3 2
v 4 3
v 5 3
v 6 3
v 7 3
v 8 3
v 9 3
v 10 3
v 11 3
v 12 3
v 13 3
v 14 3
v 15 3
v 16 3
v 17 3
v 18 3
v 19 3
v 20 3
v 21 3
v 22 3
v 23 3
v 24 3
v 25 4
v 26 4
v 27 4
v 28 4
v 29 4
v 30 4
v 31 4
v 32 4
v 33 4
v 34 4
v 35 4
v 36 4
v 37 4
v 38 4
v 39 4
v 40 4
v 41 4
v 42 4
v 43 4
v 44 4
v 45 4
v 46 4
v 47 4
v 48 4
v 49 4
v 50 4
v 51 4
v 52 4
v 53 4
v 54 4
v 55 4
v 56 4
v 57 4
v 58 4
v 59 4
e 0 22 1
e 0 59 1
e 3 24 1
e 4 5 1
e 4 6 1
e 4 25 1
e 4 26 1
e 5 7 1
e 5 27 1
e 5 28 1
e 6 8 1
e 6 29 1
e 6 30 1
e 7 9 1
e 7 31 1
e 7 32 1
e 8 10 1
e 8 33 1
e 8 34 1
e 9 11 1
e 9 35 1
e 9 36 1
e 10 12 1
e 10 37 1
e 10 38 1
e 11 13 1
e 11 39 1
e 11 40 1
e 12 14 1
e 12 41 1
e 12 42 1
e 13 15 1
e 13 43 1
e 13 44 1
e 14 16 1
e 14 45 1
e 14 46 1
e 15 17 1
e 15 47 1
e 15 48 1
e 16 18 1
e 16 49 1
e 16 50 1
e 17 19 1
e 17 51 1
e 17 52 1
e 18 20 2
e 18 21 1
e 19 53 1
e 19 54 1
e 19 55 1
e 20 22 1
e 20 56 1
e 21 23 2
e 21 57 1
e 22 24 2
e 23 24 1
e 23 58 1
t # 40699
v 0 1
v 1 1
v 2 3
v 3 3
v 4 3
v 5 3
v 6 3
v 7 3
v 8 3
v 9 3
v 10 3
v 11 3
v 12 3
v 13 3
v 14 3
v 15 3
v 16 3
v 17 3
v 18 3
v 19 4
v 20 4
v 21 4
v 22 4
v 23 4
v 24 4
v 25 4
v 26 4
v 27 4
v 28 4
v 29 4
v 30 4
v 31 4
v 32 4
e 0 14 1
e 0 17 1
e 1 14 2
e 2 3 1
e 2 4 1
e 2 8 2
e 3 5 1
e 3 10 2
e 4 6 1
e 4 9 2
e 5 7 1
e 5 11 2
e 6 7 2
e 6 14 1
e 7 19 1
e 8 12 1
e 8 20 1
e 9 13 1
e 9 21 1
e 10 15 1
e 10 22 1
e 11 16 1
e 11 23 1
e 12 13 2
e 12 24 1
e 13 25 1
e 15 16 2
e 15 26 1
e 16 27 1
e 17 18 1
e 17 28 1
e 17 29 1
e 18 30 1
e 18 31 1
e 18 32 1
