t # 56100
v 0 1
v 1 1
v 2 1
v 3 1
v 4 3
v 5 3
v 6 3
v 7 3
v 8 3
v 9 3
v 10 42
v 11 42
v 12 4
v 13 4
v 14 4
v 15 4
v 16 4
v 17 4
v 18 4
v 19 4
e 0 16 1
e 1 17 1
e 2 18 1
e 3 19 1
e 4 6 2
e 4 7 1
e 5 6 1
e 5 8 2
e 6 12 1
e 7 9 2
e 7 13 1
e 8 9 1
e 8 14 1
e 9 15 1
t # 56101
v 0 1
v 1 2
v 2 2
v 3 3
v 4 3
v 5 3
v 6 3
v 7 3
v 8 3
v 9 3
v 10 3
v 11 4
v 12 4
v 13 4
v 14 4
v 15 4
v 16 4
v 17 4
v 18 4
v 19 4
v 20 4
e 0 10 2
e 1 2 1
e 1 8 2
e 2 10 1
e 2 20 1
e 3 4 1
e 3 5 1
e 3 11 1
e 3 12 1
e 4 6 1
e 4 13 1
e 4 14 1
e 5 7 1
e 5 15 1
e 5 16 1
e 6 8 1
e 6 17 1
e 6 18 1
e 7 8 1
e 7 9 2
e 9 10 1
e 9 19 1
t # 56102
v 0 2
v 1 2
v 2 2
v 3 3
v 4 3
v 5 3
v 6 3
v 7 3
v 8 3
v 9 3
v 10 3
v 11 4
v 12 4
v 13 4
v 14 4
v 15 4
v 16 4
v 17 4
v 18 4
v 19 4
e 0 5 2
e 0 7 1
e 1 7 1
e 1 18 1
e 1 19 1
e 3 4 2
e 3 6 1
e 3 8 1
e 4 5 1
e 4 11 1
e 5 9 1
e 6 7 2
e 6 10 1
e 8 12 1
e 8 13 1
e 8 14 1
e 9 15 1
e 9 16 1
e 9 17 1
t # 56103
v 0 27
v 1 1
v 2 1
v 3 1
v 4 1
v 5 3
v 6 3
v 7 3
v 8 3
v 9 3
v 10 3
v 11 3
v 12 3
v 13 3
v 14 4
v 15 4
v 16 4
v 17 4
v 18 4
v 19 4
v 20 4
v 21 4
v 22 4
e 1 5 1
e 1 12 1
e 2 6 1
e 2 13 1
e 3 11 1
e 3 22 1
e 4 11 2
e 5 6 2
e 5 8 1
e 6 9 1
e 7 8 2
e 7 10 1
e 7 11 1
e 8 14 1
e 9 10 2
e 10 15 1
e 12 16 1
e 12 17 1
e 12 18 1
e 13 19 1
e 13 20 1
e 13 21 1
t # 56104
v 0 1
v 1 1
v 2 1
v 3 1
v 4 3
v 5 3
v 6 3
v 7 3
v 8 3
v 9 3
v 10 3
v 11 3
v 12 3
v 13 3
v 14 4
v 15 4
v 16 4
v 17 4
v 18 4
v 19 4
v 20 4
v 21 4
v 22 4
v 23 4
v 24 4
v 25 4
v 26 4
v 27 4
e 0 12 1
e 0 26 1
e 1 12 2
e 2 13 1
e 2 27 1
e 3 13 2
e 4 5 1
e 4 6 1
e 4 14 1
e 4 15 1
e 5 7 1
e 5 16 1
e 5 17 1
e 6 8 1
e 6 18 1
e 6 19 1
e 7 9 1
e 7 20 1
e 7 21 1
e 8 9 1
e 8 22 1
e 8 23 1
e 9 10 2
e 10 11 1
e 10 12 1
e 11 13 1
e 11 24 1
e 11 25 1
t # 56105
v 0 18
v 1 18
v 2 1
v 3 1
v 4 1
v 5 1
v 6 3
v 7 3
v 8 3
v 9 3
v 10 3
v 11 4
v 12 4
v 13 4
v 14 4
v 15 4
v 16 4
e 2 9 1
e 2 15 1
e 3 10 1
e 3 16 1
e 4 9 2
e 5 10 2
e 6 7 1
e 6 8 1
e 6 9 1
e 7 10 1
e 7 11 1
e 8 12 1
e 8 13 1
e 8 14 1
t # 56106
v 0 1
v 1 1
v 2 1
v 3 1
v 4 1
v 5 1
v 6 2
v 7 3
v 8 3
v 9 3
v 10 3
v 11 3
v 12 3
v 13 3
v 14 3
v 15 4
v 16 4
v 17 4
v 18 4
v 19 4
v 20 4
v 21 4
v 22 4
v 23 4
v 24 4
v 25 4
v 26 4
v 27 4
e 0 7 1
e 0 11 1
e 1 8 1
e 1 22 1
e 2 10 1
e 2 23 1
e 3 11 2
e 4 12 1
e 4 24 1
e 5 13 2
e 6 9 1
e 6 13 1
e 6 19 1
e 7 8 1
e 7 10 1
e 7 15 1
e 8 9 1
e 8 16 1
e 9 11 1
e 9 17 1
e 10 12 1
e 10 18 1
e 12 20 1
e 12 21 1
e 13 14 1
e 14 25 1
e 14 26 1
e 14 27 1
t # 56107
v 0 11
v 1 11
v 2 11
v 3 1
v 4 1
v 5 1
v 6 1
v 7 1
v 8 1
v 9 1
v 10 1
v 11 3
v 12 3
v 13 3
v 14 3
v 15 3
v 16 3
v 17 3
v 18 3
v 19 3
v 20 3
v 21 3
v 22 3
v 23 3
v 24 3
v 25 3
v 26 3
v 27 3
v 28 3
v 29 3
v 30 3
v 31 3
v 32 3
v 33 3
v 34 3
v 35 3
v 36 3
v 37 3
v 38 3
v 39 3
v 40 3
v 41 3
v 42 3
v 43 3
v 44 3
v 45 3
v 46 3
v 47 3
v 48 3
v 49 3
v 50 3
v 51 4
v 52 4
v 53 4
v 54 4
v 55 4
v 56 4
v 57 4
v 58 4
v 59 4
v 60 4
v 61 4
v 62 4
v 63 4
v 64 4
v 65 4
v 66 4
v 67 4
v 68 4
v 69 4
v 70 4
v 71 4
v 72 4
v 73 4
v 74 4
v 75 4
v 76 4
v 77 4
v 78 4
v 79 4
v 80 4
v 81 4
v 82 4
v 83 4
v 84 4
v 85 4
v 86 4
v 87 4
v 88 4
v 89 4
v 90 4
v 91 4
v 92 4
e 0 13 1
e 0 17 1
e 1 15 1
e 1 20 1
e 2 15 1
e 2 21 1
e 3 11 1
e 3 18 1
e 4 12 1
e 4 19 1
e 5 14 1
e 5 22 1
e 6 16 1
e 6 28 1
e 7 18 2
e 8 19 2
e 9 22 2
e 10 28 2
e 11 12 1
e 11 13 1
e 11 51 1
e 12 14 1
e 12 52 1
e 13 15 1
e 13 53 1
e 14 16 1
e 14 54 1
e 15 55 1
e 16 56 1
e 16 57 1
e 17 23 1
e 17 58 1
e 17 59 1
e 18 24 1
e 19 25 1
e 20 26 1
e 20 60 1
e 20 61 1
e 21 27 1
e 21 62 1
e 21 63 1
e 22 29 1
e 23 64 1
e 23 65 1
e 23 66 1
e 24 30 2
e 24 31 1
e 25 32 2
e 25 33 1
e 26 67 1
e 26 68 1
e 26 69 1
e 27 70 1
e 27 71 1
e 27 72 1
e 28 34 1
e 29 35 2
e 29 36 1
e 30 37 1
e 30 73 1
e 31 38 2
e 31 74 1
e 32 39 1
e 32 75 1
e 33 40 2
e 33 76 1
e 34 45 2
e 34 46 1
e 35 43 1
e 35 77 1
e 36 44 2
e 36 78 1
e 37 41 2
e 37 79 1
e 38 41 1
e 38 80 1
e 39 42 2
e 39 81 1
e 40 42 1
e 40 82 1
e 41 83 1
e 42 84 1
e 43 47 2
e 43 85 1
e 44 47 1
e 44 86 1
e 45 48 1
e 45 87 1
e 46 49 2
e 46 88 1
e 47 89 1
e 48 50 2
e 48 90 1
e 49 50 1
e 49 91 1
e 50 92 1
t # 56108
v 0 1
v 1 1
v 2 1
v 3 2
v 4 3
v 5 3
v 6 3
v 7 3
v 8 3
v 9 3
v 10 3
v 11 3
v 12 3
v 13 3
v 14 3
v 15 3
v 16 3
v 17 3
v 18 3
v 19 3
v 20 3
v 21 3
v 22 3
v 23 3
v 24 3
v 25 4
v 26 4
v 27 4
v 28 4
v 29 4
v 30 4
v 31 4
v 32 4
v 33 4
v 34 4
v 35 4
v 36 4
v 37 4
v 38 4
v 39 4
v 40 4
v 41 4
v 42 4
v 43 4
v 44 4
v 45 4
v 46 4
v 47 4
v 48 4
v 49 4
e 0 9 1
e 0 12 1
e 1 11 1
e 1 39 1
e 2 12 2
e 3 6 1
e 3 8 1
e 3 10 1
e 4 5 1
e 4 6 1
e 4 9 1
e 4 25 1
e 5 7 1
e 5 26 1
e 5 27 1
e 6 28 1
e 6 29 1
e 7 8 1
e 7 30 1
e 7 31 1
e 8 32 1
e 8 33 1
e 9 34 1
e 9 35 1
e 10 36 1
e 10 37 1
e 10 38 1
e 11 12 1
e 11 13 1
e 11 14 1
e 13 15 2
e 13 17 1
e 14 16 2
e 14 18 1
e 15 19 1
e 15 40 1
e 16 20 1
e 16 41 1
e 17 21 2
e 17 42 1
e 18 22 2
e 18 43 1
e 19 23 2
e 19 44 1
e 20 24 2
e 20 45 1
e 21 23 1
e 21 46 1
e 22 24 1
e 22 47 1
e 23 48 1
e 24 49 1
t # 56109
v 0 1
v 1 1
v 2 1
v 3 1
v 4 2
v 5 2
v 6 2
v 7 2
v 8 3
v 9 3
v 10 3
v 11 3
v 12 3
v 13 3
v 14 3
v 15 3
v 16 3
v 17 3
v 18 3
v 19 4
v 20 4
v 21 4
v 22 4
v 23 4
v 24 4
v 25 4
v 26 4
v 27 4
v 28 4
v 29 4
v 30 4
e 4 5 1
e 4 12 2
e 5 13 1
e 5 27 1
e 6 14 1
e 7 17 1
e 8 9 1
e 8 10 1
e 8 19 1
e 8 20 1
e 9 11 1
e 9 21 1
e 9 22 1
e 10 12 1
e 10 23 1
e 10 24 1
e 11 12 1
e 11 25 1
e 11 26 1
e 13 14 2
e 13 15 1
e 14 16 1
e 15 18 2
e 15 28 1
e 16 17 2
e 16 29 1
e 17 18 1
e 18 30 1
t # 56110
v 0 12
v 1 1
v 2 1
v 3 2
v 4 2
v 5 3
v 6 3
v 7 3
v 8 3
v 9 3
v 10 3
v 11 3
v 12 3
v 13 3
v 14 3
v 15 3
v 16 4
v 17 4
v 18 4
v 19 4
v 20 4
v 21 4
v 22 4
v 23 4
v 24 4
v 25 4
v 26 4
e 0 14 1
e 1 8 1
e 1 9 1
e 2 7 2
e 3 6 1
e 3 7 1
e 3 9 1
e 4 9 2
e 4 26 1
e 5 7 1
e 5 10 1
e 5 11 1
e 5 16 1
e 6 8 2
e 6 12 1
e 8 13 1
e 10 17 1
e 10 18 1
e 10 19 1
e 11 20 1
e 11 21 1
e 11 22 1
e 12 14 2
e 12 23 1
e 13 15 2
e 13 24 1
e 14 15 1
e 15 25 1
t # 56111
v 0 12
v 1 12
v 2 1
v 3 1
v 4 2
v 5 2
v 6 2
v 7 2
v 8 3
v 9 3
v 10 3
v 11 3
v 12 3
v 13 3
v 14 3
v 15 3
v 16 3
v 17 3
v 18 3
v 19 3
v 20 3
v 21 3
v 22 3
v 23 3
v 24 3
v 25 3
v 26 3
v 27 4
v 28 4
v 29 4
v 30 4
v 31 4
v 32 4
v 33 4
v 34 4
v 35 4
v 36 4
v 37 4
v 38 4
v 39 4
v 40 4
v 41 4
v 42 4
v 43 4
v 44 4
e 0 23 1
e 1 24 1
e 2 11 1
e 2 17 1
e 3 12 1
e 3 18 1
e 4 9 1
e 4 11 1
e 4 12 1
e 5 10 1
e 5 13 1
e 5 14 1
e 6 11 2
e 6 15 1
e 7 12 2
e 7 16 1
e 8 9 1
e 8 10 1
e 8 27 1
e 8 28 1
e 9 29 1
e 9 30 1
e 10 31 1
e 10 32 1
e 13 33 1
e 13 34 1
e 13 35 1
e 14 36 1
e 14 37 1
e 14 38 1
e 15 17 2
e 15 19 1
e 16 18 2
e 16 20 1
e 17 21 1
e 18 22 1
e 19 23 2
e 19 39 1
e 20 24 2
e 20 40 1
e 21 25 2
e 21 41 1
e 22 26 2
e 22 42 1
e 23 25 1
e 24 26 1
e 25 43 1
e 26 44 1
t # 56112
v 0 27
v 1 1
v 2 1
v 3 2
v 4 3
v 5 3
v 6 3
v 7 3
v 8 3
v 9 3
v 10 3
v 11 3
v 12 3
v 13 3
v 14 3
v 15 3
v 16 4
v 17 4
v 18 4
v 19 4
v 20 4
v 21 4
v 22 4
v 23 4
v 24 4
v 25 4
v 26 4
v 27 4
e 1 9 2
e 2 10 2
e 3 4 1
e 3 9 1
e 3 10 1
e 4 5 1
e 4 16 1
e 4 17 1
e 5 8 1
e 5 18 1
e 5 19 1
e 6 7 1
e 6 9 1
e 6 11 2
e 7 10 1
e 7 12 2
e 8 13 1
e 8 20 1
e 8 21 1
e 11 14 1
e 11 22 1
e 12 15 1
e 12 23 1
e 13 24 1
e 13 25 1
e 14 15 2
e 14 26 1
e 15 27 1
t # 56113
v 0 11
v 1 11
v 2 11
v 3 11
v 4 1
v 5 2
v 6 2
v 7 3
v 8 3
v 9 3
v 10 3
v 11 3
v 12 3
v 13 3
v 14 3
v 15 3
v 16 3
v 17 3
v 18 3
v 19 3
v 20 3
v 21 3
v 22 3
v 23 4
v 24 4
v 25 4
v 26 4
v 27 4
v 28 4
v 29 4
v 30 4
v 31 4
v 32 4
v 33 4
v 34 4
v 35 4
v 36 4
v 37 4
v 38 4
v 39 4
v 40 4
v 41 4
v 42 4
v 43 4
v 44 4
v 45 4
v 46 4
e 0 11 1
e 0 17 1
e 1 16 1
e 1 18 1
e 4 8 1
e 4 14 1
e 5 17 1
e 5 19 1
e 5 20 1
e 6 18 1
e 6 21 1
e 6 22 1
e 7 8 2
e 7 9 1
e 7 11 1
e 8 12 1
e 9 10 2
e 9 23 1
e 10 13 1
e 10 15 1
e 11 24 1
e 11 25 1
e 12 13 2
e 12 26 1
e 13 27 1
e 14 16 1
e 14 28 1
e 14 29 1
e 15 30 1
e 15 31 1
e 15 32 1
e 16 33 1
e 16 34 1
e 19 35 1
e 19 36 1
e 19 37 1
e 20 38 1
e 20 39 1
e 20 40 1
e 21 41 1
e 21 42 1
e 21 43 1
e 22 44 1
e 22 45 1
e 22 46 1
t # 56114
v 0 1
v 1 1
v 2 2
v 3 3
v 4 3
v 5 3
v 6 3
v 7 3
v 8 3
v 9 3
v 10 3
v 11 3
v 12 3
v 13 3
v 14 3
v 15 3
v 16 4
v 17 4
v 18 4
v 19 4
v 20 4
v 21 4
v 22 4
v 23 4
v 24 4
v 25 4
v 26 4
v 27 4
v 28 4
e 0 6 1
e 0 14 1
e 1 14 2
e 2 13 1
e 2 14 1
e 2 25 1
e 3 4 1
e 3 5 1
e 3 8 2
e 4 7 1
e 4 9 2
e 5 6 2
e 5 16 1
e 6 10 1
e 7 10 2
e 7 17 1
e 8 11 1
e 8 18 1
e 9 12 1
e 9 19 1
e 10 20 1
e 11 12 2
e 11 21 1
e 12 22 1
e 13 15 1
e 13 23 1
e 13 24 1
e 15 26 1
e 15 27 1
e 15 28 1
t # 56115
v 0 12
v 1 1
v 2 1
v 3 2
v 4 3
v 5 3
v 6 3
v 7 3
v 8 3
v 9 3
v 10 3
v 11 3
v 12 3
v 13 4
v 14 4
v 15 4
v 16 4
v 17 4
v 18 4
v 19 4
v 20 4
v 21 4
v 22 4
e 0 6 1
e 1 5 1
e 1 9 1
e 2 9 2
e 3 4 1
e 3 9 1
e 3 15 1
e 4 6 1
e 4 13 1
e 4 14 1
e 5 7 2
e 5 8 1
e 6 16 1
e 6 17 1
e 7 10 1
e 7 18 1
e 8 11 2
e 8 19 1
e 10 12 2
e 10 20 1
e 11 12 1
e 11 21 1
e 12 22 1
t # 56116
v 0 12
v 1 1
v 2 1
v 3 1
v 4 2
v 5 2
v 6 3
v 7 3
v 8 3
v 9 3
v 10 3
v 11 3
v 12 3
v 13 3
v 14 3
v 15 4
v 16 4
v 17 4
v 18 4
v 19 4
v 20 4
v 21 4
v 22 4
v 23 4
e 0 7 1
e 1 8 1
e 1 9 1
e 2 9 2
e 4 5 1
e 4 6 1
e 4 9 1
e 6 7 1
e 6 15 1
e 6 16 1
e 7 17 1
e 7 18 1
e 8 10 2
e 8 11 1
e 10 12 1
e 10 19 1
e 11 13 2
e 11 20 1
e 12 14 2
e 12 21 1
e 13 14 1
e 13 22 1
e 14 23 1
t # 56117
v 0 12
v 1 1
v 2 1
v 3 1
v 4 2
v 5 2
v 6 3
v 7 3
v 8 3
v 9 3
v 10 3
v 11 3
v 12 3
v 13 3
v 14 3
v 15 3
v 16 3
v 17 3
v 18 3
v 19 4
v 20 4
v 21 4
v 22 4
v 23 4
v 24 4
v 25 4
v 26 4
v 27 4
v 28 4
v 29 4
e 0 18 1
e 1 9 1
e 1 17 1
e 2 17 2
e 4 5 1
e 4 16 1
e 4 17 1
e 6 7 1
e 6 8 1
e 6 11 2
e 7 10 1
e 7 13 2
e 8 9 2
e 8 19 1
e 9 12 1
e 10 12 2
e 10 20 1
e 11 14 1
e 11 22 1
e 12 21 1
e 13 15 1
e 13 23 1
e 14 15 2
e 14 26 1
e 15 27 1
e 16 18 1
e 16 24 1
e 16 25 1
e 18 28 1
e 18 29 1
t # 56118
v 0 1
v 1 1
v 2 1
v 3 1
v 4 1
v 5 1
v 6 1
v 7 1
v 8 1
v 9 1
v 10 1
v 11 2
v 12 2
v 13 2
v 14 2
v 15 3
v 16 3
v 17 3
v 18 3
v 19 3
v 20 3
v 21 3
v 22 3
v 23 3
v 24 3
v 25 3
v 26 3
v 27 3
v 28 3
v 29 3
v 30 3
v 31 3
v 32 3
v 33 3
v 34 3
v 35 4
v 36 4
v 37 4
v 38 4
v 39 4
v 40 4
v 41 4
v 42 4
v 43 4
v 44 4
v 45 4
v 46 4
v 47 4
v 48 4
v 49 4
v 50 4
v 51 4
v 52 4
v 53 4
v 54 4
v 55 4
v 56 4
v 57 4
v 58 4
v 59 4
v 60 4
e 0 18 1
e 0 19 1
e 1 16 1
e 1 24 1
e 2 17 1
e 2 25 1
e 3 20 1
e 3 30 1
e 4 23 1
e 4 32 1
e 5 22 2
e 6 23 2
e 7 24 2
e 8 25 2
e 9 30 2
e 10 33 2
e 11 18 1
e 11 21 1
e 11 22 1
e 12 15 1
e 12 23 1
e 12 42 1
e 13 22 1
e 13 27 2
e 14 27 1
e 14 33 1
e 14 51 1
e 15 16 1
e 15 18 1
e 15 35 1
e 16 17 1
e 16 36 1
e 17 19 1
e 17 37 1
e 18 38 1
e 19 20 1
e 19 39 1
e 20 40 1
e 20 41 1
e 21 26 2
e 21 43 1
e 24 28 1
e 25 29 1
e 26 27 1
e 26 44 1
e 28 45 1
e 28 46 1
e 28 47 1
e 29 48 1
e 29 49 1
e 29 50 1
e 30 31 1
e 31 52 1
e 31 53 1
e 31 54 1
e 32 55 1
e 32 56 1
e 32 57 1
e 33 34 1
e 34 58 1
e 34 59 1
e 34 60 1
t # 56119
v 0 1
v 1 3
v 2 3
v 3 3
v 4 3
v 5 3
v 6 3
v 7 3
v 8 3
v 9 3
v 10 3
v 11 3
v 12 3
v 13 3
v 14 3
v 15 3
v 16 3
v 17 4
v 18 4
v 19 4
v 20 4
v 21 4
v 22 4
v 23 4
v 24 4
v 25 4
v 26 4
v 27 4
v 28 4
v 29 4
v 30 4
v 31 4
v 32 4
e 0 2 2
e 1 2 1
e 1 5 1
e 1 6 1
e 1 17 1
e 2 3 1
e 3 7 2
e 3 8 1
e 4 9 2
e 4 10 1
e 4 11 1
e 5 18 1
e 5 19 1
e 5 20 1
e 6 21 1
e 6 22 1
e 6 23 1
e 7 9 1
e 7 24 1
e 8 10 2
e 8 25 1
e 9 26 1
e 10 27 1
e 11 12 2
e 11 13 1
e 12 14 1
e 12 28 1
e 13 15 2
e 13 29 1
e 14 16 2
e 14 30 1
e 15 16 1
e 15 31 1
e 16 32 1
t # 56120
v 0 1
v 1 1
v 2 3
v 3 3
v 4 3
v 5 3
v 6 3
v 7 3
v 8 3
v 9 3
v 10 3
v 11 3
v 12 3
v 13 3
v 14 3
v 15 3
v 16 4
v 17 4
v 18 4
v 19 4
v 20 4
v 21 4
v 22 4
v 23 4
v 24 4
v 25 4
v 26 4
v 27 4
v 28 4
v 29 4
v 30 4
v 31 4
v 32 4
v 33 4
e 0 2 1
e 0 12 1
e 1 8 2
e 2 3 1
e 2 8 1
e 2 9 1
e 3 4 1
e 3 16 1
e 3 17 1
e 4 5 1
e 4 18 1
e 4 19 1
e 5 6 1
e 5 20 1
e 5 21 1
e 6 7 1
e 6 22 1
e 6 23 1
e 7 8 1
e 7 24 1
e 7 25 1
e 9 10 2
e 9 11 1
e 10 13 1
e 10 26 1
e 11 14 2
e 11 27 1
e 12 28 1
e 12 29 1
e 12 30 1
e 13 15 2
e 13 31 1
e 14 15 1
e 14 32 1
e 15 33 1
t # 56121
v 0 1
v 1 1
v 2 1
v 3 1
v 4 1
v 5 1
v 6 1
v 7 2
v 8 2
v 9 2
v 10 2
v 11 3
v 12 3
v 13 3
v 14 3
v 15 3
v 16 3
v 17 3
v 18 3
v 19 3
v 20 3
v 21 3
v 22 3
v 23 3
v 24 4
v 25 4
v 26 4
v 27 4
v 28 4
v 29 4
v 30 4
v 31 4
e 0 17 2
e 7 11 1
e 7 17 1
e 7 26 1
e 8 12 1
e 9 13 1
e 10 14 1
e 11 12 2
e 11 13 1
e 12 15 1
e 13 16 2
e 14 15 2
e 14 16 1
e 15 24 1
e 16 25 1
e 17 18 1
e 18 19 2
e 18 20 1
e 19 21 1
e 19 27 1
e 20 22 2
e 20 28 1
e 21 23 2
e 21 29 1
e 22 23 1
e 22 30 1
e 23 31 1
t # 56122
v 0 1
v 1 1
v 2 2
v 3 3
v 4 3
v 5 3
v 6 3
v 7 3
v 8 3
v 9 3
v 10 3
v 11 3
v 12 3
v 13 3
v 14 3
v 15 3
v 16 3
v 17 3
v 18 3
v 19 4
v 20 4
v 21 4
v 22 4
v 23 4
v 24 4
v 25 4
v 26 4
v 27 4
v 28 4
v 29 4
v 30 4
v 31 4
v 32 4
v 33 4
v 34 4
v 35 4
v 36 4
v 37 4
v 38 4
v 39 4
v 40 4
v 41 4
v 42 4
v 43 4
e 0 18 1
e 0 43 1
e 1 18 2
e 2 3 1
e 2 30 1
e 2 31 1
e 3 4 1
e 3 5 1
e 3 19 1
e 4 6 1
e 4 20 1
e 4 21 1
e 5 7 1
e 5 22 1
e 5 23 1
e 6 8 1
e 6 24 1
e 6 25 1
e 7 8 1
e 7 26 1
e 7 27 1
e 8 28 1
e 8 29 1
e 9 11 2
e 9 13 1
e 9 15 1
e 10 11 1
e 10 14 2
e 10 16 1
e 11 18 1
e 12 13 2
e 12 14 1
e 12 17 1
e 13 32 1
e 14 33 1
e 15 34 1
e 15 35 1
e 15 36 1
e 16 37 1
e 16 38 1
e 16 39 1
e 17 40 1
e 17 41 1
e 17 42 1
t # 56123
v 0 1
v 1 1
v 2 3
v 3 3
v 4 3
v 5 3
v 6 3
v 7 3
v 8 3
v 9 3
v 10 3
v 11 3
v 12 3
v 13 3
v 14 3
v 15 3
v 16 4
v 17 4
v 18 4
v 19 4
v 20 4
v 21 4
v 22 4
v 23 4
v 24 4
v 25 4
v 26 4
v 27 4
v 28 4
v 29 4
v 30 4
v 31 4
v 32 4
v 33 4
v 34 4
v 35 4
v 36 4
v 37 4
v 38 4
v 39 4
e 0 3 1
e 0 5 1
e 1 3 1
e 1 8 1
e 2 3 1
e 2 4 1
e 2 7 1
e 2 16 1
e 3 17 1
e 4 9 1
e 4 10 1
e 4 18 1
e 5 6 1
e 5 12 1
e 5 13 1
e 6 8 1
e 6 19 1
e 6 20 1
e 7 11 1
e 7 21 1
e 7 22 1
e 8 15 1
e 8 23 1
e 9 14 1
e 9 24 1
e 9 25 1
e 10 26 1
e 10 27 1
e 10 28 1
e 11 14 2
e 11 29 1
e 12 30 1
e 12 31 1
e 12 32 1
e 13 33 1
e 13 34 1
e 13 35 1
e 14 36 1
e 15 37 1
e 15 38 1
e 15 39 1
t # 56124
v 0 1
v 1 1
v 2 1
v 3 3
v 4 3
v 5 3
v 6 3
v 7 3
v 8 3
v 9 3
v 10 3
v 11 3
v 12 3
v 13 3
v 14 4
v 15 4
v 16 4
v 17 4
v 18 4
v 19 4
v 20 4
v 21 4
v 22 4
v 23 4
v 24 4
v 25 4
v 26 4
v 27 4
e 0 5 1
e 0 11 1
e 1 10 1
e 1 13 1
e 2 11 2
e 3 6 2
e 3 7 1
e 3 11 1
e 4 8 2
e 4 9 1
e 4 12 1
e 5 10 1
e 5 14 1
e 5 15 1
e 6 8 1
e 6 16 1
e 7 9 2
e 7 17 1
e 8 18 1
e 9 19 1
e 10 20 1
e 10 21 1
e 12 22 1
e 12 23 1
e 12 24 1
e 13 25 1
e 13 26 1
e 13 27 1
t # 56125
v 0 1
v 1 1
v 2 3
v 3 3
v 4 3
v 5 3
v 6 3
v 7 3
v 8 3
v 9 3
v 10 3
v 11 3
v 12 4
v 13 4
v 14 4
v 15 4
v 16 4
v 17 4
v 18 4
v 19 4
v 20 4
v 21 4
v 22 4
v 23 4
v 24 4
v 25 4
v 26 4
v 27 4
e 0 4 1
e 0 10 1
e 1 4 1
e 1 11 1
e 2 3 1
e 2 4 1
e 2 5 1
e 2 12 1
e 3 6 1
e 3 7 1
e 3 13 1
e 4 14 1
e 5 8 1
e 5 15 1
e 5 16 1
e 6 9 1
e 6 17 1
e 6 18 1
e 7 19 1
e 7 20 1
e 7 21 1
e 8 9 2
e 8 22 1
e 9 23 1
e 10 11 1
e 10 24 1
e 10 25 1
e 11 26 1
e 11 27 1
t # 56126
v 0 18
v 1 18
v 2 1
v 3 1
v 4 1
v 5 3
v 6 3
v 7 3
v 8 3
v 9 3
v 10 3
v 11 3
v 12 3
v 13 3
v 14 3
v 15 3
v 16 3
v 17 3
v 18 3
v 19 3
v 20 4
v 21 4
v 22 4
v 23 4
v 24 4
v 25 4
v 26 4
v 27 4
v 28 4
v 29 4
v 30 4
v 31 4
v 32 4
v 33 4
v 34 4
v 35 4
v 36 4
v 37 4
v 38 4
v 39 4
e 2 5 1
e 2 9 1
e 3 14 1
e 3 19 1
e 4 16 1
e 4 19 1
e 5 6 1
e 5 7 1
e 5 20 1
e 6 11 2
e 6 13 1
e 7 15 1
e 7 21 1
e 8 9 1
e 8 10 1
e 8 22 1
e 8 23 1
e 9 24 1
e 9 25 1
e 10 12 1
e 10 26 1
e 10 27 1
e 11 14 1
e 11 28 1
e 12 18 1
e 12 29 1
e 12 30 1
e 13 17 2
e 14 16 2
e 15 31 1
e 15 32 1
e 15 33 1
e 16 17 1
e 17 34 1
e 18 35 1
e 18 36 1
e 18 37 1
e 19 38 1
e 19 39 1
t # 56127
v 0 1
v 1 1
v 2 3
v 3 3
v 4 3
v 5 3
v 6 3
v 7 3
v 8 3
v 9 3
v 10 3
v 11 3
v 12 3
v 13 3
v 14 3
v 15 3
v 16 3
v 17 3
v 18 3
v 19 3
v 20 3
v 21 4
v 22 4
v 23 4
v 24 4
v 25 4
v 26 4
v 27 4
v 28 4
v 29 4
v 30 4
v 31 4
v 32 4
v 33 4
v 34 4
v 35 4
v 36 4
v 37 4
v 38 4
v 39 4
v 40 4
v 41 4
v 42 4
v 43 4
v 44 4
v 45 4
v 46 4
v 47 4
v 48 4
v 49 4
v 50 4
v 51 4
v 52 4
v 53 4
v 54 4
v 55 4
v 56 4
e 0 3 1
e 0 5 1
e 1 4 1
e 1 5 1
e 2 3 1
e 2 4 1
e 2 7 1
e 2 21 1
e 3 6 1
e 3 22 1
e 4 23 1
e 4 24 1
e 5 8 1
e 5 25 1
e 6 10 1
e 6 26 1
e 6 27 1
e 7 12 1
e 7 28 1
e 7 29 1
e 8 9 1
e 8 30 1
e 8 31 1
e 9 11 1
e 9 32 1
e 9 33 1
e 10 15 1
e 10 34 1
e 10 35 1
e 11 13 1
e 11 36 1
e 11 37 1
e 12 38 1
e 12 39 1
e 12 40 1
e 13 14 1
e 13 41 1
e 13 42 1
e 14 16 1
e 14 43 1
e 14 44 1
e 15 45 1
e 15 46 1
e 15 47 1
e 16 17 1
e 16 48 1
e 16 49 1
e 17 18 1
e 17 50 1
e 17 51 1
e 18 19 1
e 18 52 1
e 18 53 1
e 19 20 2
e 19 54 1
e 20 55 1
e 20 56 1
t # 56128
v 0 1
v 1 1
v 2 3
v 3 3
v 4 3
v 5 3
v 6 3
v 7 3
v 8 3
v 9 3
v 10 3
v 11 3
v 12 3
v 13 3
v 14 3
v 15 3
v 16 3
v 17 3
v 18 3
v 19 3
v 20 4
v 21 4
v 22 4
v 23 4
v 24 4
v 25 4
v 26 4
v 27 4
v 28 4
v 29 4
v 30 4
v 31 4
v 32 4
v 33 4
v 34 4
v 35 4
v 36 4
v 37 4
v 38 4
v 39 4
v 40 4
v 41 4
v 42 4
v 43 4
v 44 4
v 45 4
v 46 4
v 47 4
v 48 4
v 49 4
v 50 4
v 51 4
e 0 10 1
e 0 14 1
e 1 14 2
e 2 3 1
e 2 4 1
e 2 5 1
e 2 20 1
e 3 6 1
e 3 7 1
e 3 21 1
e 4 8 1
e 4 22 1
e 4 23 1
e 5 9 1
e 5 24 1
e 5 25 1
e 6 11 1
e 6 26 1
e 6 27 1
e 7 12 1
e 7 28 1
e 7 29 1
e 8 10 1
e 8 30 1
e 8 31 1
e 9 10 1
e 9 32 1
e 9 33 1
e 10 34 1
e 11 13 1
e 11 35 1
e 11 36 1
e 12 13 1
e 12 37 1
e 12 38 1
e 13 39 1
e 13 40 1
e 14 15 1
e 15 16 1
e 15 41 1
e 15 42 1
e 16 17 1
e 16 43 1
e 16 44 1
e 17 18 1
e 17 45 1
e 17 46 1
e 18 19 1
e 18 47 1
e 18 48 1
e 19 49 1
e 19 50 1
e 19 51 1
t # 56129
v 0 12
v 1 1
v 2 1
v 3 3
v 4 3
v 5 3
v 6 3
v 7 3
v 8 3
v 9 3
v 10 3
v 11 3
v 12 3
v 13 3
v 14 3
v 15 3
v 16 3
v 17 4
v 18 4
v 19 4
v 20 4
v 21 4
v 22 4
v 23 4
v 24 4
v 25 4
v 26 4
v 27 4
v 28 4
v 29 4
v 30 4
v 31 4
v 32 4
v 33 4
v 34 4
v 35 4
v 36 4
v 37 4
v 38 4
v 39 4
e 0 16 1
e 1 5 1
e 1 15 1
e 2 15 2
e 3 4 1
e 3 5 1
e 3 6 1
e 3 17 1
e 4 7 1
e 4 8 1
e 4 18 1
e 5 9 1
e 5 19 1
e 6 10 1
e 6 20 1
e 6 21 1
e 7 11 1
e 7 22 1
e 7 23 1
e 8 12 1
e 8 24 1
e 8 25 1
e 9 13 1
e 9 26 1
e 9 27 1
e 10 13 1
e 10 28 1
e 10 29 1
e 11 14 1
e 11 30 1
e 11 31 1
e 12 14 1
e 12 32 1
e 12 33 1
e 13 34 1
e 13 35 1
e 14 36 1
e 14 37 1
e 15 16 1
e 16 38 1
e 16 39 1
t # 56130
v 0 12
v 1 12
v 2 12
v 3 12
v 4 1
v 5 1
v 6 2
v 7 2
v 8 3
v 9 3
v 10 3
v 11 3
v 12 3
v 13 3
v 14 3
v 15 3
v 16 3
v 17 3
v 18 3
v 19 3
v 20 3
v 21 3
v 22 3
v 23 3
v 24 3
v 25 3
v 26 4
v 27 4
v 28 4
v 29 4
v 30 4
v 31 4
v 32 4
v 33 4
v 34 4
v 35 4
v 36 4
v 37 4
v 38 4
v 39 4
v 40 4
v 41 4
v 42 4
v 43 4
v 44 4
v 45 4
v 46 4
v 47 4
v 48 4
v 49 4
e 0 24 1
e 1 24 1
e 2 25 1
e 3 25 1
e 4 20 2
e 5 21 2
e 6 8 1
e 6 12 1
e 6 20 1
e 7 9 1
e 7 13 1
e 7 21 1
e 8 10 1
e 8 26 1
e 8 27 1
e 9 11 1
e 9 28 1
e 9 29 1
e 10 14 2
e 10 16 1
e 11 15 2
e 11 17 1
e 12 18 1
e 12 30 1
e 12 31 1
e 13 19 1
e 13 32 1
e 13 33 1
e 14 15 1
e 14 38 1
e 15 39 1
e 16 17 2
e 16 40 1
e 17 41 1
e 18 22 1
e 18 34 1
e 18 35 1
e 19 23 1
e 19 36 1
e 19 37 1
e 20 24 1
e 21 25 1
e 22 42 1
e 22 43 1
e 22 44 1
e 23 45 1
e 23 46 1
e 23 47 1
e 24 48 1
e 25 49 1
t # 56131
v 0 12
v 1 12
v 2 12
v 3 12
v 4 1
v 5 1
v 6 2
v 7 3
v 8 3
v 9 3
v 10 3
v 11 3
v 12 3
v 13 3
v 14 3
v 15 3
v 16 3
v 17 3
v 18 3
v 19 4
v 20 4
v 21 4
v 22 4
v 23 4
v 24 4
v 25 4
v 26 4
v 27 4
v 28 4
v 29 4
v 30 4
v 31 4
e 0 13 1
e 1 15 1
e 2 15 1
e 3 18 1
e 4 12 1
e 4 31 1
e 5 11 2
e 6 7 1
e 6 9 1
e 6 11 1
e 7 8 1
e 7 19 1
e 7 20 1
e 8 10 1
e 8 21 1
e 8 22 1
e 9 12 1
e 9 23 1
e 9 24 1
e 10 13 2
e 10 14 1
e 11 15 1
e 12 25 1
e 12 26 1
e 13 16 1
e 14 17 2
e 14 27 1
e 15 28 1
e 16 18 2
e 16 29 1
e 17 18 1
e 17 30 1
t # 56132
v 0 12
v 1 12
v 2 1
v 3 2
v 4 3
v 5 3
v 6 3
v 7 3
v 8 3
v 9 3
v 10 3
v 11 3
v 12 3
v 13 3
v 14 4
v 15 4
v 16 4
v 17 4
v 18 4
v 19 4
v 20 4
v 21 4
v 22 4
v 23 4
v 24 4
e 0 9 1
e 1 11 1
e 2 12 2
e 3 5 1
e 3 12 1
e 3 20 1
e 4 5 1
e 4 6 1
e 4 14 1
e 4 15 1
e 5 16 1
e 5 17 1
e 6 7 2
e 6 8 1
e 7 9 1
e 7 18 1
e 8 10 2
e 8 19 1
e 9 11 2
e 10 11 1
e 10 21 1
e 12 13 1
e 13 22 1
e 13 23 1
e 13 24 1
t # 56133
v 0 1
v 1 1
v 2 1
v 3 1
v 4 1
v 5 1
v 6 3
v 7 3
v 8 3
v 9 3
v 10 3
v 11 3
v 12 4
v 13 4
v 14 4
v 15 4
v 16 4
v 17 4
e 0 9 1
e 0 15 1
e 1 10 1
e 1 16 1
e 2 11 1
e 2 17 1
e 3 9 2
e 4 10 2
e 5 11 2
e 6 7 1
e 6 8 1
e 6 9 1
e 6 10 1
e 7 8 1
e 7 11 1
e 7 12 1
e 8 13 1
e 8 14 1
t # 56134
v 0 11
v 1 1
v 2 1
v 3 1
v 4 1
v 5 2
v 6 3
v 7 3
v 8 3
v 9 3
v 10 3
v 11 3
v 12 3
v 13 3
v 14 3
v 15 3
v 16 3
v 17 3
v 18 3
v 19 3
v 20 3
v 21 3
v 22 3
v 23 4
v 24 4
v 25 4
v 26 4
v 27 4
v 28 4
v 29 4
v 30 4
v 31 4
v 32 4
v 33 4
v 34 4
v 35 4
v 36 4
v 37 4
e 0 7 1
e 0 12 1
e 1 9 1
e 1 36 1
e 2 8 2
e 3 9 2
e 4 12 2
e 5 6 1
e 5 8 1
e 5 26 1
e 6 7 1
e 6 9 1
e 6 23 1
e 7 24 1
e 7 25 1
e 8 10 1
e 10 13 2
e 10 14 1
e 11 12 1
e 11 17 2
e 11 18 1
e 13 15 1
e 13 27 1
e 14 16 2
e 14 28 1
e 15 19 2
e 15 29 1
e 16 19 1
e 16 30 1
e 17 20 1
e 17 31 1
e 18 21 2
e 18 32 1
e 19 33 1
e 20 22 2
e 20 34 1
e 21 22 1
e 21 35 1
e 22 37 1
t # 56135
v 0 1
v 1 1
v 2 2
v 3 3
v 4 3
v 5 3
v 6 3
v 7 3
v 8 3
v 9 3
v 10 3
v 11 3
v 12 3
v 13 3
v 14 3
v 15 4
v 16 4
v 17 4
v 18 4
v 19 4
v 20 4
v 21 4
v 22 4
v 23 4
v 24 4
v 25 4
v 26 4
v 27 4
v 28 4
v 29 4
v 30 4
v 31 4
v 32 4
v 33 4
v 34 4
v 35 4
v 36 4
v 37 4
v 38 4
v 39 4
e 0 14 1
e 0 39 1
e 1 14 2
e 2 10 1
e 2 13 1
e 2 33 1
e 3 4 1
e 3 5 1
e 3 15 1
e 3 16 1
e 4 6 1
e 4 17 1
e 4 18 1
e 5 7 1
e 5 19 1
e 5 20 1
e 6 8 1
e 6 21 1
e 6 22 1
e 7 9 1
e 7 23 1
e 7 24 1
e 8 10 1
e 8 25 1
e 8 26 1
e 9 11 1
e 9 27 1
e 9 28 1
e 10 29 1
e 10 30 1
e 11 12 1
e 11 31 1
e 11 32 1
e 12 34 1
e 12 35 1
e 12 36 1
e 13 14 1
e 13 37 1
e 13 38 1
t # 56136
v 0 1
v 1 1
v 2 1
v 3 1
v 4 1
v 5 1
v 6 1
v 7 1
v 8 1
v 9 1
v 10 1
v 11 1
v 12 1
v 13 1
v 14 1
v 15 1
v 16 1
v 17 1
v 18 1
v 19 1
v 20 1
v 21 1
v 22 1
v 23 1
v 24 3
v 25 3
v 26 3
v 27 3
v 28 3
v 29 3
v 30 3
v 31 3
v 32 3
v 33 3
v 34 3
v 35 3
v 36 3
v 37 3
v 38 3
v 39 3
v 40 3
v 41 3
v 42 3
v 43 3
v 44 3
v 45 3
v 46 3
v 47 3
v 48 3
v 49 3
v 50 3
v 51 3
v 52 3
v 53 3
v 54 3
v 55 3
v 56 3
v 57 3
v 58 3
v 59 3
v 60 3
v 61 3
v 62 3
v 63 3
v 64 3
v 65 3
v 66 3
v 67 3
v 68 3
v 69 3
v 70 3
v 71 3
v 72 3
v 73 3
v 74 3
v 75 3
v 76 4
v 77 4
v 78 4
v 79 4
v 80 4
v 81 4
v 82 4
v 83 4
v 84 4
v 85 4
v 86 4
v 87 4
v 88 4
v 89 4
v 90 4
v 91 4
v 92 4
v 93 4
v 94 4
v 95 4
v 96 4
v 97 4
v 98 4
v 99 4
v 100 4
v 101 4
v 102 4
v 103 4
v 104 4
v 105 4
v 106 4
v 107 4
v 108 4
v 109 4
v 110 4
v 111 4
v 112 4
v 113 4
v 114 4
v 115 4
v 116 4
v 117 4
v 118 4
v 119 4
v 120 4
v 121 4
v 122 4
v 123 4
v 124 4
v 125 4
v 126 4
v 127 4
v 128 4
v 129 4
v 130 4
v 131 4
v 132 4
v 133 4
v 134 4
v 135 4
v 136 4
v 137 4
v 138 4
v 139 4
v 140 4
v 141 4
v 142 4
v 143 4
v 144 4
v 145 4
v 146 4
v 147 4
v 148 4
v 149 4
v 150 4
v 151 4
e 0 24 1
e 0 29 1
e 1 25 1
e 1 35 1
e 2 31 1
e 2 34 1
e 3 29 1
e 3 37 1
e 4 34 1
e 4 39 1
e 5 35 1
e 5 41 1
e 6 30 1
e 6 112 1
e 7 32 1
e 7 114 1
e 8 33 1
e 8 113 1
e 9 38 1
e 9 118 1
e 10 42 1
e 10 72 1
e 11 53 1
e 11 61 1
e 12 58 1
e 12 59 1
e 13 44 2
e 14 58 1
e 14 68 1
e 15 61 1
e 15 65 1
e 16 52 1
e 16 136 1
e 17 50 2
e 18 56 1
e 18 137 1
e 19 60 1
e 19 141 1
e 20 63 1
e 20 148 1
e 21 64 1
e 21 149 1
e 22 67 1
e 22 150 1
e 23 70 1
e 23 151 1
e 24 28 1
e 24 33 1
e 24 76 1
e 25 27 1
e 25 32 1
e 25 77 1
e 26 31 1
e 26 40 1
e 26 42 1
e 26 78 1
e 27 29 1
e 27 79 1
e 27 80 1
e 28 34 1
e 28 81 1
e 28 82 1
e 29 83 1
e 30 36 1
e 30 38 1
e 30 46 1
e 31 44 1
e 31 84 1
e 32 37 1
e 32 85 1
e 33 39 1
e 33 86 1
e 34 87 1
e 35 36 1
e 35 88 1
e 36 89 1
e 36 90 1
e 37 47 1
e 37 91 1
e 38 41 1
e 38 92 1
e 39 48 1
e 39 93 1
e 40 43 1
e 40 94 1
e 40 95 1
e 41 49 1
e 41 96 1
e 42 50 1
e 42 97 1
e 43 45 2
e 43 51 1
e 44 45 1
e 45 52 1
e 46 98 1
e 46 99 1
e 46 100 1
e 47 101 1
e 47 102 1
e 47 103 1
e 48 104 1
e 48 105 1
e 48 106 1
e 49 107 1
e 49 108 1
e 49 109 1
e 50 60 1
e 51 54 2
e 51 110 1
e 52 55 2
e 53 56 1
e 53 57 1
e 53 111 1
e 54 55 1
e 54 66 1
e 55 67 1
e 56 59 1
e 56 115 1
e 57 58 1
e 57 116 1
e 57 117 1
e 58 119 1
e 59 71 1
e 59 120 1
e 60 70 1
e 60 121 1
e 61 62 1
e 61 122 1
e 62 63 1
e 62 123 1
e 62 124 1
e 63 64 1
e 63 125 1
e 64 65 1
e 64 126 1
e 65 73 1
e 65 127 1
e 66 68 2
e 66 128 1
e 67 69 2
e 68 69 1
e 69 74 1
e 70 75 1
e 70 129 1
e 71 130 1
e 71 131 1
e 71 132 1
e 72 133 1
e 72 134 1
e 72 135 1
e 73 138 1
e 73 139 1
e 73 140 1
e 74 142 1
e 74 143 1
e 74 144 1
e 75 145 1
e 75 146 1
e 75 147 1
t # 56137
v 0 12
v 1 2
v 2 2
v 3 2
v 4 2
v 5 2
v 6 2
v 7 3
v 8 3
v 9 3
v 10 3
v 11 3
v 12 3
v 13 3
v 14 3
v 15 3
v 16 3
v 17 3
v 18 3
v 19 3
v 20 3
v 21 3
v 22 3
v 23 3
v 24 3
v 25 3
v 26 3
v 27 3
v 28 3
v 29 3
v 30 4
v 31 4
v 32 4
v 33 4
v 34 4
v 35 4
v 36 4
v 37 4
v 38 4
v 39 4
v 40 4
v 41 4
v 42 4
v 43 4
v 44 4
v 45 4
v 46 4
v 47 4
v 48 4
v 49 4
v 50 4
v 51 4
v 52 4
e 0 23 1
e 1 8 1
e 1 15 1
e 1 16 1
e 2 9 1
e 2 10 1
e 2 36 1
e 3 11 1
e 3 12 2
e 4 13 2
e 4 14 1
e 5 10 2
e 5 23 1
e 6 14 1
e 6 23 2
e 7 8 1
e 7 9 1
e 7 30 1
e 7 31 1
e 8 32 1
e 8 33 1
e 9 34 1
e 9 35 1
e 10 11 1
e 11 14 2
e 12 13 1
e 12 17 1
e 13 18 1
e 15 37 1
e 15 38 1
e 15 39 1
e 16 40 1
e 16 41 1
e 16 42 1
e 17 19 2
e 17 20 1
e 18 21 2
e 18 22 1
e 19 24 1
e 19 43 1
e 20 25 2
e 20 44 1
e 21 26 1
e 21 45 1
e 22 27 2
e 22 46 1
e 24 28 2
e 24 47 1
e 25 28 1
e 25 48 1
e 26 29 2
e 26 49 1
e 27 29 1
e 27 50 1
e 28 51 1
e 29 52 1
t # 56138
v 0 1
v 1 1
v 2 2
v 3 2
v 4 2
v 5 2
v 6 2
v 7 2
v 8 3
v 9 3
v 10 3
v 11 3
v 12 3
v 13 3
v 14 3
v 15 3
v 16 3
v 17 3
v 18 3
v 19 3
v 20 3
v 21 3
v 22 3
v 23 3
v 24 3
v 25 3
v 26 3
v 27 3
v 28 3
v 29 3
v 30 4
v 31 4
v 32 4
v 33 4
v 34 4
v 35 4
v 36 4
v 37 4
v 38 4
v 39 4
v 40 4
v 41 4
v 42 4
v 43 4
v 44 4
v 45 4
v 46 4
v 47 4
v 48 4
v 49 4
v 50 4
v 51 4
e 0 22 1
e 0 50 1
e 1 27 1
e 1 51 1
e 2 8 1
e 2 9 2
e 3 10 2
e 3 11 1
e 4 12 1
e 4 16 1
e 4 30 1
e 5 11 1
e 5 15 2
e 6 12 2
e 6 15 1
e 7 15 1
e 7 21 1
e 7 35 1
e 8 11 2
e 8 12 1
e 9 10 1
e 9 13 1
e 10 14 1
e 13 17 2
e 13 18 1
e 14 19 2
e 14 20 1
e 16 22 1
e 16 31 1
e 16 32 1
e 17 23 1
e 17 33 1
e 18 24 2
e 18 34 1
e 19 25 1
e 19 36 1
e 20 26 2
e 20 37 1
e 21 27 1
e 21 38 1
e 21 39 1
e 22 40 1
e 22 41 1
e 23 28 2
e 23 42 1
e 24 28 1
e 24 43 1
e 25 29 2
e 25 44 1
e 26 29 1
e 26 45 1
e 27 46 1
e 27 47 1
e 28 48 1
e 29 49 1
t # 56139
v 0 2
v 1 2
v 2 2
v 3 2
v 4 2
v 5 2
v 6 3
v 7 3
v 8 3
v 9 3
v 10 3
v 11 3
v 12 3
v 13 3
v 14 3
v 15 3
v 16 3
v 17 3
v 18 3
v 19 3
v 20 3
v 21 3
v 22 3
v 23 3
v 24 3
v 25 3
v 26 4
v 27 4
v 28 4
v 29 4
v 30 4
v 31 4
v 32 4
v 33 4
v 34 4
v 35 4
v 36 4
v 37 4
v 38 4
v 39 4
v 40 4
v 41 4
v 42 4
v 43 4
e 0 6 2
e 0 8 1
e 1 7 2
e 1 9 1
e 2 13 1
e 2 22 1
e 2 23 1
e 3 9 2
e 3 13 1
e 4 12 1
e 4 13 2
e 5 12 1
e 5 42 1
e 5 43 1
e 6 7 1
e 6 10 1
e 7 11 1
e 8 9 1
e 8 12 2
e 10 14 2
e 10 15 1
e 11 16 2
e 11 17 1
e 14 18 1
e 14 26 1
e 15 19 2
e 15 27 1
e 16 20 1
e 16 28 1
e 17 21 2
e 17 29 1
e 18 24 2
e 18 30 1
e 19 24 1
e 19 31 1
e 20 25 2
e 20 32 1
e 21 25 1
e 21 33 1
e 22 34 1
e 22 35 1
e 22 36 1
e 23 37 1
e 23 38 1
e 23 39 1
e 24 40 1
e 25 41 1
t # 56140
v 0 1
v 1 1
v 2 1
v 3 1
v 4 1
v 5 1
v 6 1
v 7 1
v 8 1
v 9 2
v 10 2
v 11 2
v 12 2
v 13 3
v 14 3
v 15 3
v 16 3
v 17 3
v 18 3
v 19 3
v 20 3
v 21 3
v 22 3
v 23 3
v 24 3
v 25 3
v 26 3
v 27 3
v 28 3
v 29 3
v 30 42
v 31 4
v 32 4
v 33 4
v 34 4
v 35 4
v 36 4
v 37 4
v 38 4
v 39 4
v 40 4
v 41 4
v 42 4
v 43 4
v 44 4
v 45 4
v 46 4
v 47 4
v 48 4
v 49 4
v 50 4
v 51 4
v 52 4
v 53 4
e 0 13 1
e 0 40 1
e 1 15 1
e 1 41 1
e 2 16 1
e 2 42 1
e 3 22 1
e 3 50 1
e 4 26 2
e 5 29 2
e 6 51 1
e 7 52 1
e 8 53 1
e 9 14 1
e 9 17 1
e 9 18 1
e 10 19 1
e 10 21 2
e 11 18 2
e 11 29 1
e 12 26 1
e 12 29 1
e 12 49 1
e 13 14 1
e 13 15 1
e 13 31 1
e 14 32 1
e 14 33 1
e 15 16 1
e 15 34 1
e 16 22 1
e 16 35 1
e 17 19 2
e 17 20 1
e 18 21 1
e 19 24 1
e 20 23 2
e 20 36 1
e 21 26 1
e 22 37 1
e 22 38 1
e 23 25 1
e 23 27 1
e 24 25 2
e 24 39 1
e 25 28 1
e 27 43 1
e 27 44 1
e 27 45 1
e 28 46 1
e 28 47 1
e 28 48 1
t # 56141
v 0 18
v 1 1
v 2 1
v 3 1
v 4 3
v 5 3
v 6 3
v 7 3
v 8 3
v 9 3
v 10 3
v 11 3
v 12 3
v 13 3
v 14 4
v 15 4
v 16 4
v 17 4
v 18 4
v 19 4
v 20 4
v 21 4
v 22 4
v 23 4
v 24 4
e 1 4 1
e 1 20 1
e 2 9 1
e 2 13 1
e 3 9 2
e 4 5 1
e 4 6 1
e 4 14 1
e 5 7 2
e 5 8 1
e 6 9 1
e 6 15 1
e 7 10 1
e 7 16 1
e 8 11 2
e 8 17 1
e 10 12 2
e 10 18 1
e 11 12 1
e 11 19 1
e 12 21 1
e 13 22 1
e 13 23 1
e 13 24 1
t # 56142
v 0 18
v 1 1
v 2 1
v 3 1
v 4 3
v 5 3
v 6 3
v 7 3
v 8 3
v 9 3
v 10 3
v 11 3
v 12 3
v 13 4
v 14 4
v 15 4
v 16 4
v 17 4
v 18 4
v 19 4
v 20 4
v 21 4
e 1 4 1
e 1 19 1
e 2 11 1
e 2 21 1
e 3 11 2
e 4 5 1
e 4 6 1
e 4 13 1
e 5 7 2
e 5 8 1
e 6 11 1
e 6 14 1
e 7 9 1
e 7 15 1
e 8 10 2
e 8 16 1
e 9 12 2
e 9 17 1
e 10 12 1
e 10 18 1
e 12 20 1
t # 56143
v 0 1
v 1 2
v 2 2
v 3 2
v 4 2
v 5 3
v 6 3
v 7 3
v 8 3
v 9 3
v 10 3
v 11 4
v 12 4
v 13 4
v 14 4
v 15 4
v 16 4
v 17 4
v 18 4
v 19 4
v 20 4
e 0 10 2
e 1 5 1
e 1 7 1
e 1 8 1
e 2 5 1
e 2 6 1
e 2 11 1
e 3 5 2
e 3 10 1
e 4 6 1
e 4 19 1
e 4 20 1
e 6 9 2
e 7 12 1
e 7 13 1
e 7 14 1
e 8 15 1
e 8 16 1
e 8 17 1
e 9 10 1
e 9 18 1
t # 56144
v 0 1
v 1 1
v 2 2
v 3 3
v 4 3
v 5 3
v 6 3
v 7 3
v 8 3
v 9 3
v 10 3
v 11 3
v 12 3
v 13 3
v 14 3
v 15 3
v 16 3
v 17 3
v 18 3
v 19 3
v 20 3
v 21 3
v 22 3
v 23 3
v 24 3
v 25 4
v 26 4
v 27 4
v 28 4
v 29 4
v 30 4
v 31 4
v 32 4
v 33 4
v 34 4
v 35 4
v 36 4
v 37 4
v 38 4
v 39 4
v 40 4
v 41 4
v 42 4
v 43 4
v 44 4
v 45 4
v 46 4
v 47 4
e 0 3 1
e 0 31 1
e 1 17 1
e 1 24 1
e 2 8 1
e 2 22 2
e 3 4 1
e 3 5 1
e 3 6 1
e 4 7 1
e 4 8 1
e 4 25 1
e 5 9 1
e 5 26 1
e 5 27 1
e 6 10 2
e 6 11 1
e 7 12 2
e 7 13 1
e 8 14 2
e 9 28 1
e 9 29 1
e 9 30 1
e 10 15 1
e 10 32 1
e 11 16 2
e 11 33 1
e 12 18 1
e 12 34 1
e 13 19 2
e 13 35 1
e 14 20 1
e 14 36 1
e 15 17 2
e 15 37 1
e 16 17 1
e 16 38 1
e 18 21 2
e 18 39 1
e 19 21 1
e 19 40 1
e 20 23 2
e 20 41 1
e 21 42 1
e 22 23 1
e 22 43 1
e 23 44 1
e 24 45 1
e 24 46 1
e 24 47 1
t # 56145
v 0 1
v 1 1
v 2 2
v 3 2
v 4 2
v 5 2
v 6 3
v 7 3
v 8 3
v 9 3
v 10 3
v 11 3
v 12 3
v 13 3
v 14 4
v 15 4
v 16 4
v 17 4
v 18 4
v 19 4
v 20 4
v 21 4
v 22 4
v 23 4
v 24 4
v 25 4
e 0 9 2
e 1 12 2
e 2 6 1
e 2 9 1
e 2 21 1
e 3 9 1
e 3 10 1
e 3 22 1
e 4 12 1
e 4 24 1
e 4 25 1
e 6 7 1
e 6 8 1
e 6 14 1
e 7 15 1
e 7 16 1
e 7 17 1
e 8 18 1
e 8 19 1
e 8 20 1
e 10 11 2
e 10 23 1
e 11 12 1
e 11 13 1
t # 56146
v 0 1
v 1 1
v 2 1
v 3 3
v 4 3
v 5 3
v 6 3
v 7 3
v 8 3
v 9 3
v 10 3
v 11 3
v 12 3
v 13 3
v 14 3
v 15 3
v 16 3
v 17 4
v 18 4
v 19 4
v 20 4
v 21 4
v 22 4
v 23 4
v 24 4
v 25 4
v 26 4
v 27 4
v 28 4
v 29 4
v 30 4
v 31 4
v 32 4
v 33 4
v 34 4
v 35 4
v 36 4
v 37 4
v 38 4
v 39 4
v 40 4
v 41 4
v 42 4
e 0 7 1
e 0 11 1
e 1 12 1
e 1 13 1
e 2 13 2
e 3 4 1
e 3 5 1
e 3 7 1
e 3 17 1
e 4 6 1
e 4 18 1
e 4 19 1
e 5 9 1
e 5 20 1
e 5 21 1
e 6 8 1
e 6 22 1
e 6 23 1
e 7 24 1
e 7 25 1
e 8 10 1
e 8 26 1
e 8 27 1
e 9 28 1
e 9 29 1
e 9 30 1
e 10 31 1
e 10 32 1
e 10 33 1
e 11 12 1
e 11 34 1
e 11 35 1
e 12 36 1
e 12 37 1
e 13 14 1
e 14 15 1
e 14 16 2
e 15 38 1
e 15 39 1
e 15 40 1
e 16 41 1
e 16 42 1
t # 56147
v 0 12
v 1 12
v 2 11
v 3 1
v 4 2
v 5 3
v 6 3
v 7 3
v 8 3
v 9 3
v 10 3
v 11 3
v 12 3
v 13 3
v 14 3
v 15 3
v 16 3
v 17 4
v 18 4
v 19 4
v 20 4
v 21 4
v 22 4
v 23 4
v 24 4
v 25 4
v 26 4
v 27 4
v 28 4
v 29 4
e 0 12 1
e 1 14 1
e 3 7 1
e 3 8 1
e 4 5 1
e 4 6 1
e 4 9 1
e 5 7 1
e 5 17 1
e 5 18 1
e 6 8 1
e 6 19 1
e 6 20 1
e 7 21 1
e 7 22 1
e 8 23 1
e 8 24 1
e 9 10 1
e 10 11 1
e 10 25 1
e 10 26 1
e 11 12 2
e 11 13 1
e 12 15 1
e 13 14 2
e 13 27 1
e 14 16 1
e 15 16 2
e 15 28 1
e 16 29 1
t # 56148
v 0 12
v 1 2
v 2 2
v 3 2
v 4 2
v 5 2
v 6 3
v 7 3
v 8 3
v 9 3
v 10 3
v 11 3
v 12 3
v 13 3
v 14 3
v 15 3
v 16 3
v 17 3
v 18 4
v 19 4
v 20 4
v 21 4
v 22 4
v 23 4
v 24 4
v 25 4
v 26 4
v 27 4
e 0 17 1
e 1 6 1
e 1 9 1
e 1 11 1
e 2 7 1
e 2 10 1
e 2 18 1
e 3 8 1
e 3 9 2
e 4 7 2
e 4 14 1
e 5 8 1
e 5 14 2
e 6 7 1
e 6 8 2
e 9 19 1
e 10 12 2
e 10 13 1
e 11 20 1
e 11 21 1
e 11 22 1
e 12 15 1
e 12 23 1
e 13 16 2
e 13 24 1
e 14 25 1
e 15 17 2
e 15 26 1
e 16 17 1
e 16 27 1
t # 56149
v 0 12
v 1 12
v 2 1
v 3 1
v 4 1
v 5 1
v 6 3
v 7 3
v 8 3
v 9 3
v 10 3
v 11 3
v 12 3
v 13 3
v 14 3
v 15 3
v 16 3
v 17 3
v 18 3
v 19 3
v 20 3
v 21 4
v 22 4
v 23 4
v 24 4
v 25 4
v 26 4
v 27 4
v 28 4
v 29 4
v 30 4
v 31 4
v 32 4
e 0 12 1
e 1 20 1
e 2 6 1
e 2 9 1
e 3 7 1
e 3 10 1
e 4 11 1
e 4 32 1
e 5 10 2
e 6 7 1
e 6 21 1
e 6 22 1
e 7 23 1
e 7 24 1
e 8 10 1
e 8 11 1
e 8 14 2
e 9 12 2
e 9 13 1
e 11 15 2
e 12 16 1
e 13 17 2
e 13 25 1
e 14 18 1
e 14 26 1
e 15 19 1
e 15 27 1
e 16 20 2
e 16 28 1
e 17 20 1
e 17 29 1
e 18 19 2
e 18 30 1
e 19 31 1
t # 56150
v 0 27
v 1 1
v 2 1
v 3 2
v 4 2
v 5 3
v 6 3
v 7 3
v 8 3
v 9 3
v 10 3
v 11 4
v 12 4
v 13 4
v 14 4
v 15 4
e 3 5 1
e 4 6 1
e 4 14 1
e 4 15 1
e 5 7 2
e 5 8 1
e 6 7 1
e 6 9 2
e 7 11 1
e 8 10 2
e 8 12 1
e 9 10 1
e 10 13 1
t # 56151
v 0 1
v 1 1
v 2 1
v 3 1
v 4 1
v 5 2
v 6 2
v 7 2
v 8 3
v 9 3
v 10 3
v 11 3
v 12 3
v 13 3
v 14 3
v 15 3
v 16 3
v 17 3
v 18 3
v 19 3
v 20 3
v 21 3
v 22 3
v 23 3
v 24 3
v 25 3
v 26 3
v 27 3
v 28 3
v 29 3
v 30 3
v 31 3
v 32 3
v 33 3
v 34 3
v 35 4
v 36 4
v 37 4
v 38 4
v 39 4
v 40 4
v 41 4
v 42 4
v 43 4
v 44 4
v 45 4
v 46 4
v 47 4
v 48 4
v 49 4
v 50 4
v 51 4
v 52 4
v 53 4
v 54 4
v 55 4
e 0 9 1
e 0 45 1
e 5 13 1
e 5 17 1
e 5 18 1
e 6 33 1
e 7 34 1
e 8 9 1
e 8 10 2
e 8 14 1
e 9 11 1
e 9 35 1
e 10 12 1
e 10 15 1
e 11 12 1
e 11 19 2
e 12 20 2
e 13 14 2
e 13 16 1
e 14 36 1
e 15 16 2
e 15 37 1
e 16 38 1
e 17 23 1
e 17 39 1
e 17 40 1
e 18 24 1
e 18 41 1
e 18 42 1
e 19 21 1
e 19 43 1
e 20 22 1
e 20 44 1
e 21 22 2
e 21 46 1
e 22 47 1
e 23 25 2
e 23 27 1
e 24 26 2
e 24 28 1
e 25 29 1
e 25 48 1
e 26 30 1
e 26 49 1
e 27 31 2
e 27 50 1
e 28 32 2
e 28 51 1
e 29 33 2
e 29 52 1
e 30 34 2
e 30 53 1
e 31 33 1
e 31 54 1
e 32 34 1
e 32 55 1
t # 56152
v 0 1
v 1 2
v 2 2
v 3 3
v 4 3
v 5 3
v 6 3
v 7 3
v 8 3
v 9 3
v 10 3
v 11 3
v 12 3
v 13 3
v 14 3
v 15 3
v 16 3
v 17 3
v 18 3
v 19 3
v 20 3
v 21 3
v 22 3
v 23 3
v 24 3
v 25 3
v 26 3
v 27 4
v 28 4
v 29 4
v 30 4
v 31 4
v 32 4
v 33 4
v 34 4
v 35 4
v 36 4
v 37 4
v 38 4
v 39 4
v 40 4
v 41 4
v 42 4
v 43 4
v 44 4
v 45 4
v 46 4
v 47 4
v 48 4
e 0 23 2
e 1 13 1
e 1 23 1
e 1 37 1
e 2 20 1
e 2 24 1
e 2 25 1
e 3 4 2
e 3 5 1
e 3 8 1
e 4 6 1
e 4 9 1
e 5 7 1
e 5 10 2
e 6 7 1
e 6 11 2
e 7 12 2
e 8 13 2
e 8 27 1
e 9 14 2
e 9 28 1
e 10 15 1
e 10 29 1
e 11 17 1
e 11 31 1
e 12 16 1
e 12 30 1
e 13 14 1
e 14 32 1
e 15 18 2
e 15 19 1
e 16 17 2
e 16 33 1
e 17 34 1
e 18 21 1
e 18 35 1
e 19 22 2
e 19 36 1
e 20 21 2
e 20 22 1
e 21 38 1
e 22 39 1
e 23 26 1
e 24 40 1
e 24 41 1
e 24 42 1
e 25 43 1
e 25 44 1
e 25 45 1
e 26 46 1
e 26 47 1
e 26 48 1
t # 56153
v 0 1
v 1 1
v 2 3
v 3 3
v 4 3
v 5 3
v 6 3
v 7 3
v 8 3
v 9 3
v 10 3
v 11 3
v 12 3
v 13 3
v 14 4
v 15 4
v 16 4
v 17 4
v 18 4
v 19 4
v 20 4
v 21 4
v 22 4
v 23 4
v 24 4
v 25 4
v 26 4
v 27 4
v 28 4
v 29 4
v 30 4
v 31 4
e 0 8 1
e 0 10 1
e 1 9 1
e 1 31 1
e 2 3 1
e 2 4 1
e 2 5 1
e 2 14 1
e 3 6 2
e 3 7 1
e 4 15 1
e 4 16 1
e 4 17 1
e 5 18 1
e 5 19 1
e 5 20 1
e 6 11 1
e 6 21 1
e 7 12 2
e 7 22 1
e 8 11 2
e 8 12 1
e 9 10 1
e 9 13 1
e 9 23 1
e 10 24 1
e 10 25 1
e 11 26 1
e 12 27 1
e 13 28 1
e 13 29 1
e 13 30 1
t # 56154
v 0 18
v 1 12
v 2 1
v 3 1
v 4 3
v 5 3
v 6 3
v 7 3
v 8 4
v 9 4
v 10 4
v 11 4
v 12 4
v 13 4
e 1 5 1
e 2 4 1
e 2 6 1
e 3 6 2
e 4 5 1
e 4 8 1
e 4 9 1
e 5 10 1
e 5 11 1
e 6 7 1
e 7 12 1
e 7 13 1
t # 56155
v 0 1
v 1 1
v 2 1
v 3 1
v 4 1
v 5 1
v 6 1
v 7 2
v 8 3
v 9 3
v 10 3
v 11 3
v 12 3
v 13 3
v 14 3
v 15 3
v 16 3
v 17 3
v 18 3
v 19 3
v 20 3
v 21 3
v 22 3
v 23 3
v 24 3
v 25 3
v 26 3
v 27 3
v 28 3
v 29 3
v 30 3
v 31 3
v 32 3
v 33 3
v 34 3
v 35 3
v 36 3
v 37 3
v 38 4
v 39 4
v 40 4
v 41 4
v 42 4
v 43 4
v 44 4
v 45 4
v 46 4
v 47 4
v 48 4
v 49 4
v 50 4
v 51 4
v 52 4
v 53 4
v 54 4
v 55 4
v 56 4
v 57 4
v 58 4
v 59 4
v 60 4
v 61 4
v 62 4
v 63 4
v 64 4
v 65 4
v 66 4
v 67 4
v 68 4
v 69 4
v 70 4
v 71 4
v 72 4
v 73 4
v 74 4
e 0 10 1
e 0 56 1
e 1 22 1
e 1 29 1
e 2 24 1
e 2 30 1
e 3 26 1
e 3 63 1
e 4 28 1
e 4 31 1
e 5 28 2
e 6 29 2
e 7 8 1
e 7 11 1
e 7 18 1
e 8 9 1
e 8 13 1
e 8 14 1
e 9 15 1
e 9 16 1
e 9 38 1
e 10 12 1
e 10 13 1
e 10 15 1
e 11 12 1
e 11 16 1
e 11 39 1
e 12 19 1
e 12 40 1
e 13 20 2
e 14 17 1
e 14 23 1
e 14 41 1
e 15 42 1
e 15 43 1
e 16 44 1
e 16 45 1
e 17 22 1
e 17 24 1
e 17 46 1
e 18 21 1
e 18 27 1
e 18 47 1
e 19 21 1
e 19 48 1
e 19 49 1
e 20 22 1
e 20 28 1
e 21 50 1
e 21 51 1
e 22 52 1
e 23 25 1
e 23 53 1
e 23 54 1
e 24 26 1
e 24 55 1
e 25 26 1
e 25 57 1
e 25 58 1
e 26 59 1
e 27 60 1
e 27 61 1
e 27 62 1
e 29 32 1
e 30 64 1
e 30 65 1
e 30 66 1
e 31 67 1
e 31 68 1
e 31 69 1
e 32 33 2
e 32 34 1
e 33 35 1
e 33 70 1
e 34 36 2
e 34 71 1
e 35 37 2
e 35 72 1
e 36 37 1
e 36 73 1
e 37 74 1
t # 56156
v 0 1
v 1 1
v 2 1
v 3 1
v 4 1
v 5 1
v 6 2
v 7 3
v 8 3
v 9 3
v 10 3
v 11 3
v 12 3
v 13 3
v 14 3
v 15 3
v 16 3
v 17 3
v 18 3
v 19 3
v 20 3
v 21 3
v 22 3
v 23 3
v 24 3
v 25 3
v 26 3
v 27 3
v 28 3
v 29 3
v 30 3
v 31 3
v 32 3
v 33 3
v 34 3
v 35 3
v 36 3
v 37 4
v 38 4
v 39 4
v 40 4
v 41 4
v 42 4
v 43 4
v 44 4
v 45 4
v 46 4
v 47 4
v 48 4
v 49 4
v 50 4
v 51 4
v 52 4
v 53 4
v 54 4
v 55 4
v 56 4
v 57 4
v 58 4
v 59 4
v 60 4
v 61 4
v 62 4
v 63 4
v 64 4
v 65 4
v 66 4
v 67 4
v 68 4
v 69 4
v 70 4
v 71 4
v 72 4
v 73 4
e 0 9 1
e 0 55 1
e 1 21 1
e 1 28 1
e 2 23 1
e 2 29 1
e 3 27 1
e 3 30 1
e 4 27 2
e 5 28 2
e 6 7 1
e 6 10 1
e 6 16 1
e 7 8 1
e 7 12 1
e 7 13 1
e 8 14 1
e 8 15 1
e 8 37 1
e 9 11 1
e 9 12 1
e 9 14 1
e 10 11 1
e 10 15 1
e 10 38 1
e 11 18 1
e 11 39 1
e 12 19 2
e 13 17 1
e 13 22 1
e 13 40 1
e 14 41 1
e 14 42 1
e 15 43 1
e 15 44 1
e 16 20 1
e 16 25 1
e 16 45 1
e 17 21 1
e 17 23 1
e 17 46 1
e 18 20 1
e 18 47 1
e 18 48 1
e 19 21 1
e 19 27 1
e 20 49 1
e 20 50 1
e 21 51 1
e 22 24 1
e 22 52 1
e 22 53 1
e 23 26 1
e 23 54 1
e 24 26 1
e 24 56 1
e 24 57 1
e 25 58 1
e 25 59 1
e 25 60 1
e 26 61 1
e 26 62 1
e 28 31 1
e 29 63 1
e 29 64 1
e 29 65 1
e 30 66 1
e 30 67 1
e 30 68 1
e 31 32 2
e 31 33 1
e 32 34 1
e 32 69 1
e 33 35 2
e 33 70 1
e 34 36 2
e 34 71 1
e 35 36 1
e 35 72 1
e 36 73 1
t # 56157
v 0 1
v 1 1
v 2 3
v 3 3
v 4 3
v 5 3
v 6 3
v 7 3
v 8 3
v 9 3
v 10 3
v 11 3
v 12 3
v 13 3
v 14 3
v 15 3
v 16 3
v 17 4
v 18 4
v 19 4
v 20 4
v 21 4
v 22 4
v 23 4
v 24 4
v 25 4
v 26 4
v 27 4
v 28 4
v 29 4
v 30 4
v 31 4
v 32 4
v 33 4
v 34 4
v 35 4
v 36 4
v 37 4
v 38 4
e 0 9 1
e 0 10 1
e 1 9 2
e 2 3 1
e 2 4 1
e 2 17 1
e 2 18 1
e 3 5 1
e 3 19 1
e 3 20 1
e 4 6 1
e 4 21 1
e 4 22 1
e 5 7 1
e 5 23 1
e 5 24 1
e 6 8 1
e 6 25 1
e 6 26 1
e 7 9 1
e 7 27 1
e 7 28 1
e 8 29 1
e 8 30 1
e 8 31 1
e 10 11 1
e 10 13 2
e 11 12 2
e 11 32 1
e 12 14 1
e 12 16 1
e 13 15 1
e 13 33 1
e 14 15 2
e 14 34 1
e 15 35 1
e 16 36 1
e 16 37 1
e 16 38 1
t # 56158
v 0 1
v 1 1
v 2 3
v 3 3
v 4 3
v 5 3
v 6 3
v 7 3
v 8 3
v 9 3
v 10 3
v 11 3
v 12 3
v 13 3
v 14 3
v 15 3
v 16 4
v 17 4
v 18 4
v 19 4
v 20 4
v 21 4
v 22 4
v 23 4
v 24 4
v 25 4
v 26 4
v 27 4
v 28 4
v 29 4
v 30 4
v 31 4
v 32 4
v 33 4
v 34 4
v 35 4
e 0 9 1
e 0 10 1
e 1 9 2
e 2 3 1
e 2 4 1
e 2 16 1
e 2 17 1
e 3 5 1
e 3 18 1
e 3 19 1
e 4 6 1
e 4 20 1
e 4 21 1
e 5 7 1
e 5 22 1
e 5 23 1
e 6 8 1
e 6 24 1
e 6 25 1
e 7 9 1
e 7 26 1
e 7 27 1
e 8 28 1
e 8 29 1
e 8 30 1
e 10 11 2
e 10 12 1
e 11 13 1
e 11 31 1
e 12 14 2
e 12 32 1
e 13 15 2
e 13 33 1
e 14 15 1
e 14 34 1
e 15 35 1
t # 56159
v 0 1
v 1 1
v 2 3
v 3 3
v 4 3
v 5 3
v 6 3
v 7 3
v 8 3
v 9 3
v 10 3
v 11 3
v 12 3
v 13 3
v 14 3
v 15 3
v 16 3
v 17 4
v 18 4
v 19 4
v 20 4
v 21 4
v 22 4
v 23 4
v 24 4
v 25 4
v 26 4
v 27 4
v 28 4
v 29 4
v 30 4
v 31 4
v 32 4
v 33 4
v 34 4
v 35 4
v 36 4
v 37 4
v 38 4
v 39 4
v 40 4
v 41 4
v 42 4
v 43 4
v 44 4
v 45 4
v 46 4
e 0 2 1
e 0 12 1
e 1 12 2
e 2 3 1
e 2 8 1
e 2 17 1
e 3 4 1
e 3 18 1
e 3 19 1
e 4 11 1
e 4 22 1
e 4 23 1
e 5 6 1
e 5 7 1
e 5 20 1
e 5 21 1
e 6 10 1
e 6 24 1
e 6 25 1
e 7 9 1
e 7 26 1
e 7 27 1
e 8 14 1
e 8 28 1
e 8 29 1
e 9 12 1
e 9 32 1
e 9 33 1
e 10 13 1
e 10 30 1
e 10 31 1
e 11 15 1
e 11 34 1
e 11 35 1
e 13 16 1
e 13 36 1
e 13 37 1
e 14 38 1
e 14 39 1
e 14 40 1
e 15 41 1
e 15 42 1
e 15 43 1
e 16 44 1
e 16 45 1
e 16 46 1
t # 56160
v 0 12
v 1 1
v 2 1
v 3 1
v 4 1
v 5 3
v 6 3
v 7 3
v 8 3
v 9 3
v 10 3
v 11 3
v 12 3
v 13 3
v 14 3
v 15 4
v 16 4
v 17 4
v 18 4
v 19 4
v 20 4
v 21 4
v 22 4
v 23 4
e 0 14 1
e 1 6 1
e 1 12 1
e 2 7 1
e 2 12 1
e 3 10 1
e 3 13 1
e 4 13 2
e 5 8 2
e 5 9 1
e 5 10 1
e 6 7 2
e 6 8 1
e 7 11 1
e 8 15 1
e 9 11 2
e 9 16 1
e 10 17 1
e 10 18 1
e 11 19 1
e 12 20 1
e 12 21 1
e 13 14 1
e 14 22 1
e 14 23 1
t # 56161
v 0 1
v 1 1
v 2 3
v 3 3
v 4 3
v 5 3
v 6 3
v 7 3
v 8 3
v 9 3
v 10 3
v 11 3
v 12 3
v 13 3
v 14 3
v 15 3
v 16 3
v 17 3
v 18 4
v 19 4
v 20 4
v 21 4
v 22 4
v 23 4
v 24 4
v 25 4
v 26 4
v 27 4
v 28 4
v 29 4
v 30 4
v 31 4
v 32 4
v 33 4
v 34 4
v 35 4
v 36 4
v 37 4
v 38 4
v 39 4
v 40 4
v 41 4
e 0 9 1
e 0 11 1
e 1 9 2
e 2 3 1
e 2 4 1
e 2 20 1
e 2 21 1
e 3 5 1
e 3 18 1
e 3 19 1
e 4 6 1
e 4 22 1
e 4 23 1
e 5 7 1
e 5 24 1
e 5 25 1
e 6 8 1
e 6 26 1
e 6 27 1
e 7 9 1
e 7 28 1
e 7 29 1
e 8 30 1
e 8 31 1
e 8 32 1
e 10 11 1
e 10 12 1
e 10 33 1
e 10 34 1
e 11 35 1
e 11 36 1
e 12 13 2
e 12 14 1
e 13 15 1
e 13 37 1
e 14 16 2
e 14 38 1
e 15 17 2
e 15 39 1
e 16 17 1
e 16 40 1
e 17 41 1
t # 56162
v 0 18
v 1 1
v 2 1
v 3 1
v 4 3
v 5 3
v 6 3
v 7 3
v 8 3
v 9 3
v 10 3
v 11 3
v 12 3
v 13 3
v 14 3
v 15 4
v 16 4
v 17 4
v 18 4
v 19 4
v 20 4
v 21 4
v 22 4
v 23 4
v 24 4
v 25 4
v 26 4
v 27 4
e 1 4 1
e 1 14 1
e 2 8 1
e 2 13 1
e 3 10 1
e 3 13 1
e 4 5 1
e 4 6 1
e 4 15 1
e 5 7 2
e 5 9 1
e 6 12 1
e 6 16 1
e 7 8 1
e 7 17 1
e 8 10 2
e 9 11 2
e 9 18 1
e 10 11 1
e 11 19 1
e 12 20 1
e 12 21 1
e 12 22 1
e 13 23 1
e 13 24 1
e 14 25 1
e 14 26 1
e 14 27 1
t # 56163
v 0 1
v 1 1
v 2 1
v 3 1
v 4 1
v 5 3
v 6 3
v 7 3
v 8 3
v 9 3
v 10 3
v 11 3
v 12 3
v 13 3
v 14 3
v 15 3
v 16 3
v 17 3
v 18 3
v 19 3
v 20 3
v 21 3
v 22 3
v 23 3
v 24 3
v 25 3
v 26 3
v 27 3
v 28 3
v 29 3
v 30 3
v 31 3
v 32 3
v 33 3
v 34 3
v 35 3
v 36 3
v 37 3
v 38 4
v 39 4
v 40 4
v 41 4
v 42 4
v 43 4
v 44 4
v 45 4
v 46 4
v 47 4
v 48 4
v 49 4
v 50 4
v 51 4
v 52 4
v 53 4
v 54 4
v 55 4
v 56 4
v 57 4
v 58 4
v 59 4
v 60 4
v 61 4
v 62 4
v 63 4
v 64 4
v 65 4
v 66 4
v 67 4
v 68 4
v 69 4
v 70 4
v 71 4
v 72 4
v 73 4
v 74 4
v 75 4
v 76 4
v 77 4
v 78 4
v 79 4
v 80 4
v 81 4
v 82 4
v 83 4
v 84 4
v 85 4
e 0 20 2
e 1 29 2
e 2 34 2
e 3 35 1
e 3 36 1
e 4 36 2
e 5 6 1
e 5 7 1
e 5 10 1
e 5 19 1
e 6 12 1
e 6 14 1
e 6 22 1
e 7 8 1
e 7 20 1
e 7 38 1
e 8 9 1
e 8 18 1
e 8 25 1
e 9 15 1
e 9 17 1
e 9 39 1
e 10 15 1
e 10 40 1
e 10 41 1
e 11 12 1
e 11 13 1
e 11 21 1
e 11 42 1
e 12 24 2
e 13 16 1
e 13 23 1
e 13 30 1
e 14 16 1
e 14 43 1
e 14 44 1
e 15 45 1
e 15 46 1
e 16 47 1
e 16 48 1
e 17 29 1
e 17 31 1
e 17 32 1
e 18 27 1
e 18 49 1
e 18 50 1
e 19 51 1
e 19 52 1
e 19 53 1
e 20 24 1
e 21 26 1
e 21 54 1
e 21 55 1
e 22 56 1
e 22 57 1
e 22 58 1
e 23 28 1
e 23 59 1
e 23 60 1
e 24 61 1
e 25 62 1
e 25 63 1
e 25 64 1
e 26 28 1
e 26 33 1
e 26 34 1
e 27 29 1
e 27 65 1
e 27 66 1
e 28 67 1
e 28 68 1
e 30 69 1
e 30 70 1
e 30 71 1
e 31 72 1
e 31 73 1
e 31 74 1
e 32 75 1
e 32 76 1
e 32 77 1
e 33 78 1
e 33 79 1
e 33 80 1
e 34 35 1
e 35 81 1
e 35 82 1
e 36 37 1
e 37 83 1
e 37 84 1
e 37 85 1
t # 56164
v 0 1
v 1 1
v 2 1
v 3 1
v 4 3
v 5 3
v 6 3
v 7 3
v 8 3
v 9 3
v 10 3
v 11 3
v 12 3
v 13 3
v 14 3
v 15 3
v 16 3
v 17 3
v 18 3
v 19 3
v 20 3
v 21 3
v 22 3
v 23 3
v 24 3
v 25 3
v 26 3
v 27 3
v 28 3
v 29 3
v 30 3
v 31 3
v 32 3
v 33 3
v 34 4
v 35 4
v 36 4
v 37 4
v 38 4
v 39 4
v 40 4
v 41 4
v 42 4
v 43 4
v 44 4
v 45 4
v 46 4
v 47 4
v 48 4
v 49 4
v 50 4
v 51 4
v 52 4
v 53 4
v 54 4
v 55 4
v 56 4
v 57 4
v 58 4
v 59 4
v 60 4
v 61 4
v 62 4
v 63 4
v 64 4
v 65 4
v 66 4
v 67 4
v 68 4
v 69 4
v 70 4
v 71 4
v 72 4
v 73 4
v 74 4
v 75 4
v 76 4
v 77 4
e 0 19 2
e 1 28 2
e 2 33 1
e 2 77 1
e 3 33 2
e 4 5 1
e 4 6 1
e 4 9 1
e 4 18 1
e 5 10 1
e 5 13 1
e 5 20 1
e 6 7 1
e 6 19 1
e 6 34 1
e 7 8 1
e 7 17 1
e 7 24 1
e 8 14 1
e 8 15 1
e 8 35 1
e 9 14 1
e 9 36 1
e 9 37 1
e 10 11 1
e 10 22 2
e 11 12 1
e 11 21 1
e 11 38 1
e 12 16 1
e 12 23 1
e 12 29 1
e 13 16 1
e 13 39 1
e 13 40 1
e 14 41 1
e 14 42 1
e 15 28 1
e 15 30 1
e 15 31 1
e 16 43 1
e 16 44 1
e 17 26 1
e 17 45 1
e 17 46 1
e 18 47 1
e 18 48 1
e 18 49 1
e 19 22 1
e 20 50 1
e 20 51 1
e 20 52 1
e 21 25 1
e 21 53 1
e 21 54 1
e 22 55 1
e 23 27 1
e 23 56 1
e 23 57 1
e 24 58 1
e 24 59 1
e 24 60 1
e 25 27 1
e 25 32 1
e 25 33 1
e 26 28 1
e 26 61 1
e 26 62 1
e 27 63 1
e 27 64 1
e 29 65 1
e 29 66 1
e 29 67 1
e 30 68 1
e 30 69 1
e 30 70 1
e 31 71 1
e 31 72 1
e 31 73 1
e 32 74 1
e 32 75 1
e 32 76 1
t # 56165
v 0 1
v 1 1
v 2 1
v 3 1
v 4 2
v 5 3
v 6 3
v 7 3
v 8 3
v 9 3
v 10 4
v 11 4
v 12 4
v 13 4
v 14 4
v 15 4
v 16 4
v 17 4
v 18 4
v 19 4
v 20 4
v 21 4
v 22 4
e 0 5 1
e 0 17 1
e 1 6 1
e 1 18 1
e 2 7 1
e 2 19 1
e 3 9 1
e 3 22 1
e 4 8 1
e 4 20 1
e 4 21 1
e 5 6 1
e 5 7 1
e 5 10 1
e 6 8 1
e 6 11 1
e 7 9 1
e 7 12 1
e 8 13 1
e 8 14 1
e 9 15 1
e 9 16 1
t # 56166
v 0 1
v 1 1
v 2 2
v 3 3
v 4 3
v 5 3
v 6 3
v 7 3
v 8 3
v 9 3
v 10 3
v 11 3
v 12 3
v 13 3
v 14 3
v 15 3
v 16 3
v 17 3
v 18 3
v 19 3
v 20 3
v 21 3
v 22 3
v 23 3
v 24 3
v 25 3
v 26 3
v 27 3
v 28 3
v 29 3
v 30 4
v 31 4
v 32 4
v 33 4
v 34 4
v 35 4
v 36 4
v 37 4
v 38 4
v 39 4
v 40 4
v 41 4
v 42 4
v 43 4
v 44 4
v 45 4
v 46 4
v 47 4
v 48 4
v 49 4
v 50 4
v 51 4
v 52 4
v 53 4
v 54 4
v 55 4
v 56 4
v 57 4
v 58 4
v 59 4
v 60 4
v 61 4
v 62 4
v 63 4
v 64 4
v 65 4
v 66 4
v 67 4
v 68 4
e 0 16 1
e 0 55 1
e 1 24 1
e 1 68 1
e 2 22 1
e 2 28 1
e 2 59 1
e 3 4 1
e 3 5 1
e 3 6 1
e 3 30 1
e 4 7 1
e 4 8 1
e 4 12 1
e 5 9 1
e 5 10 1
e 5 31 1
e 6 11 1
e 6 32 1
e 6 33 1
e 7 13 1
e 7 15 2
e 8 14 1
e 8 34 1
e 8 35 1
e 9 15 1
e 9 36 1
e 9 37 1
e 10 11 2
e 10 18 1
e 11 17 1
e 12 38 1
e 12 39 1
e 12 40 1
e 13 16 1
e 13 41 1
e 13 42 1
e 14 16 1
e 14 43 1
e 14 44 1
e 15 45 1
e 16 46 1
e 17 19 2
e 17 23 1
e 18 21 2
e 18 47 1
e 19 20 1
e 19 21 1
e 20 22 1
e 20 27 1
e 20 48 1
e 21 50 1
e 22 24 1
e 22 49 1
e 23 51 1
e 23 52 1
e 23 53 1
e 24 25 1
e 24 54 1
e 25 26 1
e 25 56 1
e 25 57 1
e 26 28 1
e 26 29 1
e 26 58 1
e 27 60 1
e 27 61 1
e 27 62 1
e 28 63 1
e 28 64 1
e 29 65 1
e 29 66 1
e 29 67 1
t # 56167
v 0 1
v 1 1
v 2 1
v 3 3
v 4 3
v 5 3
v 6 3
v 7 3
v 8 3
v 9 3
v 10 3
v 11 3
v 12 3
v 13 3
v 14 3
v 15 3
v 16 3
v 17 3
v 18 3
v 19 3
v 20 3
v 21 4
v 22 4
v 23 4
v 24 4
v 25 4
v 26 4
v 27 4
v 28 4
v 29 4
v 30 4
v 31 4
v 32 4
v 33 4
v 34 4
v 35 4
v 36 4
v 37 4
v 38 4
e 0 3 1
e 0 9 1
e 1 5 1
e 1 18 1
e 2 9 2
e 3 4 1
e 3 7 1
e 3 8 1
e 4 5 1
e 4 21 1
e 4 22 1
e 5 6 1
e 5 23 1
e 6 9 1
e 6 24 1
e 6 25 1
e 7 10 2
e 7 12 1
e 8 11 2
e 8 13 1
e 10 14 1
e 10 26 1
e 11 15 1
e 11 27 1
e 12 16 2
e 12 28 1
e 13 17 2
e 13 29 1
e 14 19 2
e 14 30 1
e 15 20 2
e 15 31 1
e 16 19 1
e 16 32 1
e 17 20 1
e 17 33 1
e 18 34 1
e 18 35 1
e 18 36 1
e 19 37 1
e 20 38 1
t # 56168
v 0 11
v 1 1
v 2 1
v 3 1
v 4 2
v 5 2
v 6 3
v 7 3
v 8 3
v 9 3
v 10 3
v 11 3
v 12 3
v 13 3
v 14 3
v 15 3
v 16 3
v 17 3
v 18 3
v 19 3
v 20 3
v 21 3
v 22 3
v 23 3
v 24 3
v 25 4
v 26 4
v 27 4
v 28 4
v 29 4
v 30 4
v 31 4
v 32 4
v 33 4
v 34 4
v 35 4
v 36 4
v 37 4
v 38 4
v 39 4
v 40 4
v 41 4
v 42 4
v 43 4
v 44 4
v 45 4
v 46 4
e 0 2 2
e 0 3 2
e 0 15 1
e 1 12 2
e 4 9 1
e 4 10 1
e 5 12 1
e 5 35 1
e 5 36 1
e 6 7 1
e 6 8 1
e 6 11 1
e 6 12 1
e 7 9 1
e 7 25 1
e 7 26 1
e 8 10 1
e 8 27 1
e 8 28 1
e 9 29 1
e 9 30 1
e 10 31 1
e 10 32 1
e 11 13 2
e 11 14 1
e 13 16 1
e 13 33 1
e 14 17 2
e 14 34 1
e 15 18 2
e 15 19 1
e 16 20 2
e 16 37 1
e 17 20 1
e 17 38 1
e 18 21 1
e 18 39 1
e 19 22 2
e 19 40 1
e 20 41 1
e 21 23 2
e 21 42 1
e 22 23 1
e 22 43 1
e 23 24 1
e 24 44 1
e 24 45 1
e 24 46 1
t # 56169
v 0 11
v 1 1
v 2 1
v 3 1
v 4 1
v 5 2
v 6 3
v 7 3
v 8 3
v 9 3
v 10 3
v 11 3
v 12 3
v 13 3
v 14 3
v 15 3
v 16 3
v 17 3
v 18 3
v 19 3
v 20 3
v 21 3
v 22 3
v 23 3
v 24 3
v 25 4
v 26 4
v 27 4
v 28 4
v 29 4
v 30 4
v 31 4
v 32 4
v 33 4
v 34 4
v 35 4
v 36 4
v 37 4
v 38 4
v 39 4
v 40 4
v 41 4
v 42 4
v 43 4
v 44 4
v 45 4
e 0 4 2
e 0 18 1
e 2 12 1
e 2 37 1
e 3 12 2
e 5 9 1
e 5 10 1
e 6 7 1
e 6 8 1
e 6 11 1
e 6 12 1
e 7 9 1
e 7 25 1
e 7 26 1
e 8 10 1
e 8 27 1
e 8 28 1
e 9 29 1
e 9 30 1
e 10 31 1
e 10 32 1
e 11 13 2
e 11 14 1
e 13 15 1
e 13 33 1
e 14 16 2
e 14 34 1
e 15 17 2
e 15 35 1
e 16 17 1
e 16 36 1
e 17 38 1
e 18 19 2
e 18 20 1
e 19 21 1
e 19 39 1
e 20 22 2
e 20 40 1
e 21 23 2
e 21 41 1
e 22 23 1
e 22 42 1
e 23 24 1
e 24 43 1
e 24 44 1
e 24 45 1
t # 56170
v 0 2
v 1 3
v 2 3
v 3 3
v 4 3
v 5 3
v 6 3
v 7 3
v 8 3
v 9 3
v 10 3
v 11 3
v 12 3
v 13 3
v 14 3
v 15 3
v 16 3
v 17 3
v 18 3
v 19 4
v 20 4
v 21 4
v 22 4
v 23 4
v 24 4
v 25 4
v 26 4
v 27 4
v 28 4
v 29 4
v 30 4
v 31 4
e 1 2 1
e 1 3 1
e 1 6 2
e 2 5 1
e 2 15 1
e 2 19 1
e 3 4 1
e 3 7 2
e 4 8 1
e 4 10 2
e 5 11 2
e 5 12 1
e 6 9 1
e 6 20 1
e 7 13 1
e 7 21 1
e 8 9 2
e 8 22 1
e 9 23 1
e 10 14 1
e 10 24 1
e 11 16 1
e 11 25 1
e 12 17 2
e 12 26 1
e 13 14 2
e 13 27 1
e 14 28 1
e 16 18 2
e 16 29 1
e 17 18 1
e 17 30 1
e 18 31 1
t # 56171
v 0 11
v 1 11
v 2 1
v 3 1
v 4 1
v 5 2
v 6 3
v 7 3
v 8 3
v 9 3
v 10 3
v 11 3
v 12 3
v 13 3
v 14 3
v 15 3
v 16 3
v 17 3
v 18 3
v 19 3
v 20 3
v 21 4
v 22 4
v 23 4
v 24 4
v 25 4
v 26 4
v 27 4
v 28 4
v 29 4
v 30 4
v 31 4
v 32 4
v 33 4
v 34 4
v 35 4
v 36 4
v 37 4
v 38 4
v 39 4
v 40 4
v 41 4
v 42 4
v 43 4
e 0 3 2
e 0 12 1
e 1 18 1
e 1 19 1
e 4 18 2
e 5 6 1
e 5 7 1
e 6 8 1
e 6 21 1
e 6 22 1
e 7 9 1
e 7 23 1
e 7 24 1
e 8 10 1
e 8 25 1
e 8 26 1
e 9 11 1
e 9 27 1
e 9 28 1
e 10 29 1
e 10 30 1
e 10 31 1
e 11 32 1
e 11 33 1
e 11 34 1
e 12 13 2
e 12 14 1
e 13 16 1
e 13 35 1
e 14 17 2
e 14 36 1
e 15 16 2
e 15 17 1
e 15 18 1
e 16 37 1
e 17 38 1
e 19 20 1
e 19 39 1
e 19 40 1
e 20 41 1
e 20 42 1
e 20 43 1
t # 56172
v 0 1
v 1 1
v 2 1
v 3 1
v 4 3
v 5 3
v 6 3
v 7 3
v 8 3
v 9 3
v 10 3
v 11 3
v 12 3
v 13 3
v 14 3
v 15 3
v 16 3
v 17 3
v 18 4
v 19 4
v 20 4
v 21 4
v 22 4
v 23 4
v 24 4
v 25 4
v 26 4
v 27 4
v 28 4
v 29 4
v 30 4
v 31 4
e 0 8 1
e 0 14 1
e 1 9 1
e 1 15 1
e 2 14 2
e 3 15 2
e 4 5 1
e 4 6 1
e 4 8 2
e 5 7 1
e 5 9 2
e 6 10 1
e 6 18 1
e 6 19 1
e 7 11 1
e 7 20 1
e 7 21 1
e 8 12 1
e 9 13 1
e 10 11 2
e 10 22 1
e 11 23 1
e 12 13 2
e 12 24 1
e 13 25 1
e 14 16 1
e 15 17 1
e 16 26 1
e 16 27 1
e 16 28 1
e 17 29 1
e 17 30 1
e 17 31 1
t # 56173
v 0 12
v 1 12
v 2 12
v 3 1
v 4 1
v 5 2
v 6 2
v 7 3
v 8 3
v 9 3
v 10 3
v 11 3
v 12 3
v 13 3
v 14 3
v 15 3
v 16 3
v 17 3
v 18 3
v 19 3
v 20 3
v 21 4
v 22 4
v 23 4
v 24 4
v 25 4
v 26 4
v 27 4
v 28 4
v 29 4
e 0 15 1
e 1 17 1
e 2 20 1
e 3 9 2
e 4 14 2
e 5 8 1
e 5 14 1
e 5 23 1
e 6 9 1
e 6 14 1
e 6 26 1
e 7 9 1
e 7 10 2
e 7 11 1
e 8 12 2
e 8 13 1
e 10 15 1
e 10 21 1
e 11 16 2
e 11 22 1
e 12 18 1
e 12 24 1
e 13 19 2
e 13 25 1
e 15 17 2
e 16 17 1
e 16 27 1
e 18 20 2
e 18 28 1
e 19 20 1
e 19 29 1
t # 56174
v 0 1
v 1 1
v 2 2
v 3 2
v 4 3
v 5 3
v 6 3
v 7 3
v 8 3
v 9 3
v 10 3
v 11 3
v 12 3
v 13 3
v 14 3
v 15 4
v 16 4
v 17 4
v 18 4
v 19 4
v 20 4
v 21 4
v 22 4
v 23 4
v 24 4
v 25 4
v 26 4
v 27 4
v 28 4
e 0 10 1
e 0 14 1
e 1 11 2
e 2 5 1
e 2 11 1
e 2 20 1
e 4 5 1
e 4 6 1
e 4 15 1
e 4 16 1
e 5 8 2
e 6 12 1
e 6 17 1
e 6 18 1
e 7 8 1
e 7 9 2
e 7 10 1
e 8 19 1
e 9 11 1
e 9 13 1
e 10 21 1
e 10 22 1
e 12 23 1
e 12 24 1
e 12 25 1
e 14 26 1
e 14 27 1
e 14 28 1
t # 56175
v 0 1
v 1 1
v 2 3
v 3 3
v 4 3
v 5 3
v 6 3
v 7 3
v 8 3
v 9 3
v 10 3
v 11 3
v 12 3
v 13 3
v 14 3
v 15 3
v 16 3
v 17 3
v 18 3
v 19 4
v 20 4
v 21 4
v 22 4
v 23 4
v 24 4
v 25 4
v 26 4
v 27 4
v 28 4
v 29 4
v 30 4
v 31 4
v 32 4
v 33 4
v 34 4
v 35 4
v 36 4
v 37 4
v 38 4
v 39 4
v 40 4
v 41 4
v 42 4
v 43 4
v 44 4
v 45 4
v 46 4
v 47 4
v 48 4
e 0 10 1
e 0 14 1
e 1 14 2
e 2 3 1
e 2 4 1
e 2 5 1
e 2 19 1
e 3 6 1
e 3 7 1
e 3 20 1
e 4 8 1
e 4 21 1
e 4 22 1
e 5 9 1
e 5 23 1
e 5 24 1
e 6 11 1
e 6 25 1
e 6 26 1
e 7 12 1
e 7 27 1
e 7 28 1
e 8 10 1
e 8 29 1
e 8 30 1
e 9 10 1
e 9 31 1
e 9 32 1
e 10 33 1
e 11 13 1
e 11 34 1
e 11 35 1
e 12 13 1
e 12 36 1
e 12 37 1
e 13 38 1
e 13 39 1
e 14 15 1
e 15 16 1
e 15 40 1
e 15 41 1
e 16 17 1
e 16 42 1
e 16 43 1
e 17 18 1
e 17 44 1
e 17 45 1
e 18 46 1
e 18 47 1
e 18 48 1
t # 56176
v 0 12
v 1 1
v 2 1
v 3 3
v 4 3
v 5 3
v 6 3
v 7 3
v 8 3
v 9 3
v 10 3
v 11 3
v 12 3
v 13 3
v 14 3
v 15 3
v 16 3
v 17 4
v 18 4
v 19 4
v 20 4
v 21 4
v 22 4
v 23 4
v 24 4
v 25 4
v 26 4
v 27 4
v 28 4
v 29 4
v 30 4
v 31 4
v 32 4
v 33 4
v 34 4
v 35 4
e 0 12 1
e 1 8 1
e 1 10 1
e 2 10 2
e 3 4 1
e 3 5 1
e 3 17 1
e 3 18 1
e 4 6 1
e 4 19 1
e 4 20 1
e 5 7 1
e 5 21 1
e 5 22 1
e 6 8 1
e 6 23 1
e 6 24 1
e 7 9 1
e 7 25 1
e 7 26 1
e 8 27 1
e 8 28 1
e 9 29 1
e 9 30 1
e 9 31 1
e 10 11 1
e 11 12 1
e 11 13 2
e 12 14 2
e 13 15 1
e 13 32 1
e 14 16 1
e 14 33 1
e 15 16 2
e 15 34 1
e 16 35 1
t # 56177
v 0 18
v 1 18
v 2 1
v 3 1
v 4 3
v 5 3
v 6 3
v 7 3
v 8 3
v 9 3
v 10 3
v 11 3
v 12 3
v 13 3
v 14 4
v 15 4
v 16 4
v 17 4
v 18 4
v 19 4
v 20 4
v 21 4
v 22 4
v 23 4
e 2 8 1
e 2 13 1
e 3 9 1
e 3 13 1
e 4 5 1
e 4 6 1
e 4 14 1
e 4 15 1
e 5 7 2
e 5 10 1
e 6 12 1
e 6 16 1
e 7 8 1
e 7 17 1
e 8 9 2
e 9 11 1
e 10 11 2
e 10 18 1
e 11 19 1
e 12 20 1
e 12 21 1
e 13 22 1
e 13 23 1
t # 56178
v 0 14
v 1 14
v 2 14
v 3 14
v 4 14
v 5 14
v 6 1
v 7 1
v 8 2
v 9 2
v 10 3
v 11 3
v 12 3
v 13 3
v 14 4
v 15 4
e 6 10 2
e 7 11 2
e 8 9 1
e 8 10 1
e 8 14 1
e 9 11 1
e 9 15 1
e 10 12 1
e 11 13 1
t # 56179
v 0 1
v 1 2
v 2 2
v 3 2
v 4 2
v 5 3
v 6 3
v 7 3
v 8 3
v 9 3
v 10 3
v 11 3
v 12 3
v 13 3
v 14 3
v 15 3
v 16 3
v 17 3
v 18 3
v 19 3
v 20 3
v 21 3
v 22 3
v 23 3
v 24 3
v 25 3
v 26 3
v 27 3
v 28 3
v 29 3
v 30 3
v 31 3
v 32 3
v 33 3
v 34 4
v 35 4
v 36 4
v 37 4
v 38 4
v 39 4
v 40 4
v 41 4
v 42 4
v 43 4
v 44 4
v 45 4
v 46 4
v 47 4
v 48 4
v 49 4
v 50 4
v 51 4
v 52 4
v 53 4
v 54 4
v 55 4
v 56 4
v 57 4
v 58 4
v 59 4
v 60 4
v 61 4
v 62 4
v 63 4
v 64 4
v 65 4
v 66 4
v 67 4
v 68 4
v 69 4
v 70 4
v 71 4
v 72 4
v 73 4
v 74 4
v 75 4
v 76 4
v 77 4
v 78 4
v 79 4
e 0 12 1
e 0 55 1
e 1 9 1
e 1 10 1
e 1 16 1
e 2 15 1
e 2 20 1
e 2 53 1
e 3 14 1
e 3 21 1
e 3 54 1
e 4 29 1
e 4 30 1
e 4 31 1
e 5 6 1
e 5 7 1
e 5 8 1
e 5 34 1
e 6 10 1
e 6 11 1
e 6 35 1
e 7 12 1
e 7 14 1
e 7 36 1
e 8 9 1
e 8 37 1
e 8 38 1
e 9 15 1
e 9 39 1
e 10 40 1
e 10 41 1
e 11 13 1
e 11 42 1
e 11 43 1
e 12 13 1
e 12 44 1
e 13 45 1
e 13 46 1
e 14 47 1
e 14 48 1
e 15 18 2
e 16 17 1
e 16 49 1
e 16 50 1
e 17 18 1
e 17 51 1
e 17 52 1
e 18 19 1
e 19 20 1
e 19 22 2
e 20 24 2
e 21 23 1
e 21 25 1
e 21 56 1
e 22 26 1
e 22 57 1
e 23 27 1
e 23 58 1
e 23 59 1
e 24 28 1
e 24 60 1
e 25 61 1
e 25 62 1
e 25 63 1
e 26 28 2
e 26 64 1
e 27 29 1
e 27 65 1
e 27 66 1
e 28 67 1
e 29 68 1
e 29 69 1
e 30 32 1
e 30 70 1
e 30 71 1
e 31 33 1
e 31 72 1
e 31 73 1
e 32 74 1
e 32 75 1
e 32 76 1
e 33 77 1
e 33 78 1
e 33 79 1
t # 56180
v 0 1
v 1 2
v 2 2
v 3 2
v 4 3
v 5 3
v 6 3
v 7 3
v 8 3
v 9 3
v 10 3
v 11 3
v 12 3
v 13 3
v 14 3
v 15 3
v 16 3
v 17 3
v 18 3
v 19 3
v 20 3
v 21 3
v 22 3
v 23 3
v 24 3
v 25 3
v 26 3
v 27 3
v 28 4
v 29 4
v 30 4
v 31 4
v 32 4
v 33 4
v 34 4
v 35 4
v 36 4
v 37 4
v 38 4
v 39 4
v 40 4
v 41 4
v 42 4
v 43 4
v 44 4
v 45 4
v 46 4
v 47 4
v 48 4
v 49 4
v 50 4
v 51 4
v 52 4
v 53 4
v 54 4
v 55 4
v 56 4
v 57 4
v 58 4
v 59 4
v 60 4
v 61 4
v 62 4
e 0 11 1
e 0 48 1
e 1 8 1
e 1 9 1
e 1 15 1
e 2 13 1
e 2 19 1
e 2 47 1
e 3 14 1
e 3 20 1
e 3 49 1
e 4 5 1
e 4 6 1
e 4 7 1
e 4 28 1
e 5 9 1
e 5 10 1
e 5 29 1
e 6 11 1
e 6 14 1
e 6 30 1
e 7 8 1
e 7 31 1
e 7 32 1
e 8 13 1
e 8 33 1
e 9 34 1
e 9 35 1
e 10 12 1
e 10 36 1
e 10 37 1
e 11 12 1
e 11 38 1
e 12 39 1
e 12 40 1
e 13 16 2
e 14 41 1
e 14 42 1
e 15 17 1
e 15 43 1
e 15 44 1
e 16 17 1
e 16 18 1
e 17 45 1
e 17 46 1
e 18 19 1
e 18 21 2
e 19 22 2
e 20 23 1
e 20 50 1
e 20 51 1
e 21 24 1
e 21 52 1
e 22 25 1
e 22 53 1
e 23 26 1
e 23 54 1
e 23 55 1
e 24 25 2
e 24 56 1
e 25 57 1
e 26 27 1
e 26 58 1
e 26 59 1
e 27 60 1
e 27 61 1
e 27 62 1
t # 56181
v 0 1
v 1 1
v 2 1
v 3 1
v 4 2
v 5 2
v 6 3
v 7 3
v 8 3
v 9 3
v 10 3
v 11 3
v 12 3
v 13 3
v 14 3
v 15 3
v 16 3
v 17 3
v 18 4
v 19 4
v 20 4
v 21 4
v 22 4
v 23 4
v 24 4
v 25 4
v 26 4
v 27 4
v 28 4
v 29 4
v 30 4
v 31 4
e 0 9 1
e 0 10 1
e 1 11 2
e 4 6 1
e 4 7 1
e 4 8 1
e 5 17 1
e 6 9 1
e 6 18 1
e 6 19 1
e 7 10 1
e 7 20 1
e 7 21 1
e 8 11 1
e 8 22 1
e 8 23 1
e 9 24 1
e 9 25 1
e 10 26 1
e 10 27 1
e 11 12 1
e 12 13 2
e 12 14 1
e 13 15 1
e 13 28 1
e 14 16 2
e 14 29 1
e 15 17 2
e 15 30 1
e 16 17 1
e 16 31 1
t # 56182
v 0 1
v 1 1
v 2 1
v 3 1
v 4 3
v 5 3
v 6 3
v 7 3
v 8 3
v 9 3
v 10 4
v 11 4
v 12 4
v 13 4
v 14 4
v 15 4
v 16 4
v 17 4
v 18 4
v 19 4
e 0 4 1
e 0 5 1
e 1 6 1
e 1 7 1
e 2 7 1
e 2 9 1
e 3 8 1
e 3 19 1
e 4 5 1
e 4 6 1
e 4 10 1
e 5 7 1
e 5 11 1
e 6 8 1
e 6 12 1
e 7 13 1
e 8 14 1
e 8 15 1
e 9 16 1
e 9 17 1
e 9 18 1
t # 56183
v 0 11
v 1 1
v 2 1
v 3 1
v 4 1
v 5 2
v 6 2
v 7 2
v 8 2
v 9 3
v 10 3
v 11 3
v 12 3
v 13 3
v 14 3
v 15 3
v 16 3
v 17 3
v 18 4
v 19 4
v 20 4
v 21 4
v 22 4
v 23 4
v 24 4
v 25 4
v 26 4
v 27 4
e 0 13 1
e 0 16 1
e 1 11 2
e 2 12 2
e 3 17 1
e 3 27 1
e 4 17 2
e 5 10 1
e 5 12 1
e 5 14 1
e 6 11 1
e 6 12 1
e 6 15 1
e 7 9 1
e 7 13 1
e 7 18 1
e 8 10 1
e 8 13 2
e 9 10 2
e 9 11 1
e 14 19 1
e 14 20 1
e 14 21 1
e 15 22 1
e 15 23 1
e 15 24 1
e 16 17 1
e 16 25 1
e 16 26 1
t # 56184
v 0 1
v 1 1
v 2 1
v 3 1
v 4 2
v 5 2
v 6 2
v 7 2
v 8 2
v 9 2
v 10 2
v 11 2
v 12 3
v 13 3
v 14 3
v 15 3
v 16 3
v 17 3
v 18 3
v 19 3
v 20 3
v 21 3
v 22 3
v 23 3
v 24 3
v 25 3
v 26 3
v 27 3
v 28 3
v 29 3
v 30 3
v 31 4
v 32 4
v 33 4
v 34 4
v 35 4
v 36 4
v 37 4
v 38 4
v 39 4
v 40 4
v 41 4
v 42 4
v 43 4
v 44 4
v 45 4
v 46 4
v 47 4
v 48 4
v 49 4
v 50 4
v 51 4
v 52 4
v 53 4
v 54 4
e 0 20 2
e 1 23 2
e 2 26 2
e 3 27 2
e 4 13 1
e 4 15 1
e 4 18 1
e 5 13 2
e 5 16 1
e 6 16 1
e 6 23 1
e 6 25 1
e 7 20 1
e 7 23 1
e 7 28 1
e 8 19 1
e 8 21 1
e 8 39 1
e 9 19 2
e 9 22 1
e 10 22 1
e 10 27 1
e 10 29 1
e 11 26 1
e 11 27 1
e 11 30 1
e 12 13 1
e 12 14 1
e 12 31 1
e 12 32 1
e 14 17 1
e 14 33 1
e 14 34 1
e 15 16 2
e 15 20 1
e 17 19 1
e 17 35 1
e 17 36 1
e 18 24 1
e 18 37 1
e 18 38 1
e 21 22 2
e 21 26 1
e 24 40 1
e 24 41 1
e 24 42 1
e 25 43 1
e 25 44 1
e 25 45 1
e 28 46 1
e 28 47 1
e 28 48 1
e 29 49 1
e 29 50 1
e 29 51 1
e 30 52 1
e 30 53 1
e 30 54 1
t # 56185
v 0 1
v 1 1
v 2 1
v 3 1
v 4 2
v 5 2
v 6 3
v 7 3
v 8 3
v 9 3
v 10 3
v 11 3
v 12 3
v 13 3
v 14 3
v 15 3
v 16 3
v 17 3
v 18 3
v 19 3
v 20 3
v 21 3
v 22 3
v 23 3
v 24 3
v 25 4
v 26 4
v 27 4
v 28 4
v 29 4
v 30 4
v 31 4
v 32 4
v 33 4
v 34 4
v 35 4
v 36 4
v 37 4
v 38 4
e 0 22 1
e 0 38 1
e 1 22 2
e 4 6 1
e 4 7 1
e 4 8 1
e 5 11 1
e 6 9 2
e 6 10 1
e 7 13 2
e 7 15 1
e 8 14 2
e 8 16 1
e 9 12 1
e 9 22 1
e 10 11 2
e 10 25 1
e 11 17 1
e 12 17 2
e 12 26 1
e 13 18 1
e 13 27 1
e 14 19 1
e 14 28 1
e 15 20 2
e 15 29 1
e 16 21 2
e 16 30 1
e 17 31 1
e 18 23 2
e 18 32 1
e 19 24 2
e 19 33 1
e 20 23 1
e 20 34 1
e 21 24 1
e 21 35 1
e 23 36 1
e 24 37 1
t # 56186
v 0 1
v 1 1
v 2 3
v 3 3
v 4 3
v 5 3
v 6 3
v 7 3
v 8 3
v 9 3
v 10 3
v 11 3
v 12 3
v 13 3
v 14 3
v 15 3
v 16 3
v 17 4
v 18 4
v 19 4
v 20 4
v 21 4
v 22 4
v 23 4
v 24 4
v 25 4
v 26 4
v 27 4
v 28 4
v 29 4
v 30 4
v 31 4
v 32 4
v 33 4
v 34 4
v 35 4
v 36 4
v 37 4
v 38 4
e 0 4 1
e 0 9 1
e 1 9 2
e 2 3 1
e 2 4 1
e 2 5 1
e 2 6 1
e 3 7 1
e 3 17 1
e 3 18 1
e 4 19 1
e 4 20 1
e 5 21 1
e 5 22 1
e 5 23 1
e 6 24 1
e 6 25 1
e 6 26 1
e 7 8 1
e 7 27 1
e 7 28 1
e 8 29 1
e 8 30 1
e 8 31 1
e 9 10 1
e 10 11 1
e 10 32 1
e 10 33 1
e 11 12 2
e 11 13 1
e 12 14 1
e 12 34 1
e 13 15 2
e 13 35 1
e 14 16 2
e 14 36 1
e 15 16 1
e 15 37 1
e 16 38 1
t # 56187
v 0 12
v 1 1
v 2 1
v 3 3
v 4 3
v 5 3
v 6 3
v 7 3
v 8 3
v 9 3
v 10 3
v 11 3
v 12 3
v 13 3
v 14 3
v 15 3
v 16 4
v 17 4
v 18 4
v 19 4
v 20 4
v 21 4
v 22 4
v 23 4
v 24 4
v 25 4
v 26 4
v 27 4
v 28 4
v 29 4
v 30 4
v 31 4
v 32 4
v 33 4
v 34 4
v 35 4
v 36 4
v 37 4
v 38 4
v 39 4
v 40 4
e 0 15 1
e 1 12 1
e 1 14 1
e 2 14 2
e 3 4 1
e 3 5 1
e 3 16 1
e 3 17 1
e 4 6 1
e 4 18 1
e 4 19 1
e 5 7 1
e 5 20 1
e 5 21 1
e 6 8 1
e 6 22 1
e 6 23 1
e 7 9 1
e 7 24 1
e 7 25 1
e 8 10 1
e 8 26 1
e 8 27 1
e 9 11 1
e 9 28 1
e 9 29 1
e 10 12 1
e 10 30 1
e 10 31 1
e 11 13 1
e 11 32 1
e 11 33 1
e 12 34 1
e 12 35 1
e 13 36 1
e 13 37 1
e 13 38 1
e 14 15 1
e 15 39 1
e 15 40 1
t # 56188
v 0 1
v 1 1
v 2 3
v 3 3
v 4 3
v 5 3
v 6 3
v 7 3
v 8 3
v 9 3
v 10 4
v 11 4
v 12 4
v 13 4
v 14 4
v 15 4
v 16 4
v 17 4
v 18 4
v 19 4
v 20 4
v 21 4
v 22 4
v 23 4
e 0 5 1
e 0 6 1
e 1 5 1
e 1 8 1
e 2 3 1
e 2 4 1
e 2 5 1
e 2 10 1
e 3 4 1
e 3 11 1
e 3 12 1
e 4 13 1
e 4 14 1
e 5 7 1
e 6 8 1
e 6 9 1
e 6 15 1
e 7 16 1
e 7 17 1
e 7 18 1
e 8 19 1
e 8 20 1
e 9 21 1
e 9 22 1
e 9 23 1
t # 56189
v 0 1
v 1 3
v 2 3
v 3 3
v 4 3
v 5 3
v 6 3
v 7 3
v 8 3
v 9 3
v 10 3
v 11 3
v 12 3
v 13 3
v 14 3
v 15 3
v 16 3
v 17 4
v 18 4
v 19 4
v 20 4
v 21 4
v 22 4
v 23 4
v 24 4
v 25 4
v 26 4
v 27 4
v 28 4
v 29 4
v 30 4
v 31 4
v 32 4
v 33 4
v 34 4
v 35 4
v 36 4
v 37 4
v 38 4
v 39 4
v 40 4
v 41 4
v 42 4
e 0 1 1
e 0 35 1
e 1 3 1
e 1 4 1
e 1 6 1
e 2 3 1
e 2 5 1
e 2 7 1
e 2 8 1
e 3 17 1
e 3 18 1
e 4 9 1
e 4 10 1
e 4 19 1
e 5 11 2
e 5 12 1
e 6 20 1
e 6 21 1
e 6 22 1
e 7 23 1
e 7 24 1
e 7 25 1
e 8 26 1
e 8 27 1
e 8 28 1
e 9 29 1
e 9 30 1
e 9 31 1
e 10 32 1
e 10 33 1
e 10 34 1
e 11 13 1
e 11 36 1
e 12 14 2
e 12 37 1
e 13 15 2
e 13 38 1
e 14 15 1
e 14 39 1
e 15 16 1
e 16 40 1
e 16 41 1
e 16 42 1
t # 56190
v 0 1
v 1 1
v 2 1
v 3 1
v 4 2
v 5 2
v 6 3
v 7 3
v 8 3
v 9 3
v 10 3
v 11 3
v 12 3
v 13 3
v 14 3
v 15 3
v 16 3
v 17 3
v 18 3
v 19 3
v 20 3
v 21 3
v 22 4
v 23 4
v 24 4
v 25 4
v 26 4
v 27 4
v 28 4
v 29 4
v 30 4
v 31 4
v 32 4
v 33 4
v 34 4
v 35 4
v 36 4
v 37 4
v 38 4
v 39 4
v 40 4
v 41 4
v 42 4
v 43 4
e 4 17 1
e 5 20 1
e 6 7 1
e 6 10 1
e 6 12 1
e 6 13 1
e 7 9 1
e 7 14 1
e 7 22 1
e 8 9 1
e 8 11 1
e 8 15 1
e 8 16 1
e 9 23 1
e 9 24 1
e 10 11 1
e 10 17 2
e 11 18 2
e 12 25 1
e 12 26 1
e 12 27 1
e 13 28 1
e 13 29 1
e 13 30 1
e 14 31 1
e 14 32 1
e 14 33 1
e 15 34 1
e 15 35 1
e 15 36 1
e 16 37 1
e 16 38 1
e 16 39 1
e 17 19 1
e 18 20 1
e 18 40 1
e 19 20 2
e 19 21 1
e 21 41 1
e 21 42 1
e 21 43 1
t # 56191
v 0 1
v 1 1
v 2 3
v 3 3
v 4 3
v 5 3
v 6 3
v 7 3
v 8 3
v 9 3
v 10 3
v 11 3
v 12 3
v 13 3
v 14 3
v 15 3
v 16 4
v 17 4
v 18 4
v 19 4
v 20 4
v 21 4
v 22 4
v 23 4
v 24 4
v 25 4
v 26 4
v 27 4
v 28 4
v 29 4
v 30 4
v 31 4
v 32 4
v 33 4
v 34 4
v 35 4
v 36 4
v 37 4
v 38 4
v 39 4
v 40 4
v 41 4
v 42 4
v 43 4
e 0 3 1
e 0 6 1
e 1 5 1
e 1 6 1
e 2 3 1
e 2 5 1
e 2 7 1
e 2 8 1
e 3 4 1
e 3 16 1
e 4 10 1
e 4 11 1
e 4 17 1
e 5 18 1
e 5 19 1
e 6 9 1
e 6 20 1
e 7 21 1
e 7 22 1
e 7 23 1
e 8 24 1
e 8 25 1
e 8 26 1
e 9 12 1
e 9 27 1
e 9 28 1
e 10 29 1
e 10 30 1
e 10 31 1
e 11 32 1
e 11 33 1
e 11 34 1
e 12 13 1
e 12 35 1
e 12 36 1
e 13 14 1
e 13 37 1
e 13 38 1
e 14 15 1
e 14 39 1
e 14 40 1
e 15 41 1
e 15 42 1
e 15 43 1
t # 56192
v 0 1
v 1 1
v 2 3
v 3 3
v 4 3
v 5 3
v 6 3
v 7 3
v 8 3
v 9 3
v 10 3
v 11 3
v 12 3
v 13 3
v 14 3
v 15 3
v 16 4
v 17 4
v 18 4
v 19 4
v 20 4
v 21 4
v 22 4
v 23 4
v 24 4
v 25 4
v 26 4
v 27 4
v 28 4
v 29 4
v 30 4
v 31 4
v 32 4
v 33 4
v 34 4
v 35 4
e 0 2 1
e 0 5 1
e 1 6 1
e 1 9 1
e 2 3 1
e 2 6 1
e 2 16 1
e 3 4 1
e 3 17 1
e 3 18 1
e 4 5 1
e 4 19 1
e 4 20 1
e 5 21 1
e 5 22 1
e 6 23 1
e 6 24 1
e 7 8 1
e 7 14 1
e 7 15 1
e 7 25 1
e 8 10 2
e 8 11 1
e 9 12 2
e 9 13 1
e 10 12 1
e 10 26 1
e 11 13 2
e 11 27 1
e 12 28 1
e 13 29 1
e 14 30 1
e 14 31 1
e 14 32 1
e 15 33 1
e 15 34 1
e 15 35 1
t # 56193
v 0 1
v 1 1
v 2 3
v 3 3
v 4 3
v 5 3
v 6 3
v 7 3
v 8 3
v 9 3
v 10 3
v 11 3
v 12 3
v 13 3
v 14 3
v 15 4
v 16 4
v 17 4
v 18 4
v 19 4
v 20 4
v 21 4
v 22 4
v 23 4
v 24 4
v 25 4
v 26 4
v 27 4
v 28 4
v 29 4
v 30 4
v 31 4
v 32 4
v 33 4
v 34 4
v 35 4
v 36 4
v 37 4
v 38 4
v 39 4
v 40 4
e 0 3 1
e 0 6 1
e 1 5 1
e 1 6 1
e 2 3 1
e 2 5 1
e 2 7 1
e 2 8 1
e 3 4 1
e 3 15 1
e 4 10 1
e 4 11 1
e 4 16 1
e 5 17 1
e 5 18 1
e 6 9 1
e 6 19 1
e 7 20 1
e 7 21 1
e 7 22 1
e 8 23 1
e 8 24 1
e 8 25 1
e 9 12 1
e 9 26 1
e 9 27 1
e 10 28 1
e 10 29 1
e 10 30 1
e 11 31 1
e 11 32 1
e 11 33 1
e 12 13 1
e 12 14 1
e 12 34 1
e 13 35 1
e 13 36 1
e 13 37 1
e 14 38 1
e 14 39 1
e 14 40 1
t # 56194
v 0 1
v 1 1
v 2 3
v 3 3
v 4 3
v 5 3
v 6 3
v 7 3
v 8 3
v 9 3
v 10 3
v 11 3
v 12 3
v 13 3
v 14 3
v 15 4
v 16 4
v 17 4
v 18 4
v 19 4
v 20 4
v 21 4
v 22 4
v 23 4
v 24 4
v 25 4
v 26 4
v 27 4
v 28 4
v 29 4
v 30 4
v 31 4
v 32 4
e 0 2 1
e 0 5 1
e 1 6 1
e 1 7 1
e 2 3 1
e 2 6 1
e 2 15 1
e 3 4 1
e 3 16 1
e 3 17 1
e 4 5 1
e 4 18 1
e 4 19 1
e 5 20 1
e 5 21 1
e 6 22 1
e 6 23 1
e 7 9 2
e 7 10 1
e 8 11 1
e 8 12 2
e 8 13 1
e 9 12 1
e 9 24 1
e 10 13 2
e 10 25 1
e 11 14 1
e 11 26 1
e 11 27 1
e 12 28 1
e 13 29 1
e 14 30 1
e 14 31 1
e 14 32 1
t # 56195
v 0 1
v 1 1
v 2 1
v 3 3
v 4 3
v 5 3
v 6 3
v 7 3
v 8 3
v 9 3
v 10 3
v 11 3
v 12 3
v 13 3
v 14 4
v 15 4
v 16 4
v 17 4
v 18 4
v 19 4
v 20 4
v 21 4
v 22 4
v 23 4
v 24 4
v 25 4
v 26 4
v 27 4
v 28 4
v 29 4
v 30 4
v 31 4
v 32 4
v 33 4
v 34 4
v 35 4
e 0 3 1
e 0 5 1
e 1 3 1
e 1 7 1
e 2 10 1
e 2 13 1
e 3 4 1
e 3 14 1
e 4 6 1
e 4 15 1
e 4 16 1
e 5 7 1
e 5 10 1
e 5 17 1
e 6 8 1
e 6 18 1
e 6 19 1
e 7 20 1
e 7 21 1
e 8 9 1
e 8 22 1
e 8 23 1
e 9 11 1
e 9 24 1
e 9 25 1
e 10 26 1
e 10 27 1
e 11 12 1
e 11 28 1
e 11 29 1
e 12 30 1
e 12 31 1
e 12 32 1
e 13 33 1
e 13 34 1
e 13 35 1
t # 56196
v 0 1
v 1 1
v 2 3
v 3 3
v 4 3
v 5 3
v 6 3
v 7 3
v 8 3
v 9 3
v 10 3
v 11 3
v 12 3
v 13 4
v 14 4
v 15 4
v 16 4
v 17 4
v 18 4
v 19 4
v 20 4
v 21 4
v 22 4
v 23 4
v 24 4
v 25 4
v 26 4
v 27 4
v 28 4
v 29 4
v 30 4
v 31 4
v 32 4
v 33 4
v 34 4
e 0 3 1
e 0 5 1
e 1 4 1
e 1 5 1
e 2 3 1
e 2 4 1
e 2 7 1
e 2 8 1
e 3 13 1
e 3 14 1
e 4 15 1
e 4 16 1
e 5 6 1
e 5 17 1
e 6 9 1
e 6 18 1
e 6 19 1
e 7 20 1
e 7 21 1
e 7 22 1
e 8 23 1
e 8 24 1
e 8 25 1
e 9 10 1
e 9 26 1
e 9 27 1
e 10 11 1
e 10 28 1
e 10 29 1
e 11 12 1
e 11 30 1
e 11 31 1
e 12 32 1
e 12 33 1
e 12 34 1
t # 56197
v 0 1
v 1 1
v 2 3
v 3 3
v 4 3
v 5 3
v 6 3
v 7 3
v 8 3
v 9 3
v 10 3
v 11 3
v 12 3
v 13 4
v 14 4
v 15 4
v 16 4
v 17 4
v 18 4
v 19 4
v 20 4
v 21 4
v 22 4
v 23 4
v 24 4
v 25 4
v 26 4
v 27 4
v 28 4
v 29 4
v 30 4
v 31 4
v 32 4
e 6 0 1
e 0 11 1
e 1 11 2
e 2 3 1
e 2 5 1
e 2 8 1
e 2 9 1
e 3 4 1
e 3 13 1
e 3 14 1
e 4 7 1
e 4 10 1
e 4 15 1
e 5 6 1
e 5 16 1
e 5 17 1
e 6 7 1
e 6 18 1
e 7 19 1
e 7 20 1
e 8 21 1
e 8 22 1
e 8 23 1
e 9 24 1
e 9 25 1
e 9 26 1
e 10 27 1
e 10 28 1
e 10 29 1
e 11 12 1
e 12 30 1
e 12 31 1
e 12 32 1
t # 56198
v 0 1
v 1 1
v 2 3
v 3 3
v 4 3
v 5 3
v 6 3
v 7 3
v 8 3
v 9 3
v 10 3
v 11 3
v 12 4
v 13 4
v 14 4
v 15 4
v 16 4
v 17 4
v 18 4
v 19 4
v 20 4
v 21 4
v 22 4
v 23 4
v 24 4
v 25 4
v 26 4
v 27 4
v 28 4
v 29 4
v 30 4
v 31 4
e 0 3 1
e 0 5 1
e 1 4 1
e 1 5 1
e 2 3 1
e 2 4 1
e 2 7 1
e 2 8 1
e 3 12 1
e 3 13 1
e 4 14 1
e 4 15 1
e 5 6 1
e 5 16 1
e 6 9 1
e 6 17 1
e 6 18 1
e 7 20 1
e 7 21 1
e 7 22 1
e 8 23 1
e 8 24 1
e 8 25 1
e 9 10 1
e 9 11 1
e 9 19 1
e 10 26 1
e 10 27 1
e 10 28 1
e 11 29 1
e 11 30 1
e 11 31 1
t # 56199
v 0 8
v 1 1
v 2 1
v 3 1
v 4 1
v 5 2
v 6 3
v 7 3
v 8 3
v 9 3
v 10 3
v 11 3
v 12 3
v 13 3
v 14 3
v 15 3
v 16 3
v 17 3
v 18 3
v 19 3
v 20 3
v 21 4
v 22 4
v 23 4
v 24 4
v 25 4
v 26 4
v 27 4
v 28 4
v 29 4
v 30 4
v 31 4
v 32 4
v 33 4
v 34 4
v 35 4
v 36 4
v 37 4
v 38 4
v 39 4
v 40 4
e 1 19 1
e 2 20 1
e 3 11 2
e 5 8 1
e 5 9 1
e 5 13 1
e 6 7 1
e 6 9 2
e 6 11 1
e 7 8 1
e 7 14 2
e 8 15 2
e 9 23 1
e 10 11 1
e 10 12 1
e 10 21 1
e 10 22 1
e 12 24 1
e 12 25 1
e 13 16 1
e 13 26 1
e 13 27 1
e 14 17 1
e 14 28 1
e 15 18 1
e 15 29 1
e 16 30 1
e 16 31 1
e 16 32 1
e 17 18 2
e 17 33 1
e 18 34 1
e 19 35 1
e 19 36 1
e 19 37 1
e 20 38 1
e 20 39 1
e 20 40 1
