t # 60700
v 0 2
v 1 3
v 2 3
v 3 3
v 4 3
v 5 3
v 6 3
v 7 3
v 8 3
v 9 3
v 10 4
v 11 4
v 12 4
v 13 4
v 14 4
v 15 4
v 16 4
v 17 4
v 18 4
v 19 4
v 20 4
v 21 4
v 22 4
e 0 8 2
e 0 9 1
e 1 2 1
e 1 3 1
e 1 10 1
e 1 11 1
e 2 4 1
e 2 12 1
e 2 13 1
e 3 5 1
e 3 14 1
e 3 15 1
e 4 6 2
e 4 7 1
e 5 16 1
e 5 17 1
e 5 18 1
e 6 8 1
e 6 19 1
e 7 9 2
e 7 20 1
e 8 21 1
e 9 22 1
t # 60701
v 0 1
v 1 3
v 2 3
v 3 3
v 4 3
v 5 3
v 6 3
v 7 3
v 8 3
v 9 3
v 10 3
v 11 3
v 12 3
v 13 3
v 14 3
v 15 3
v 16 3
v 17 4
v 18 4
v 19 4
v 20 4
v 21 4
v 22 4
v 23 4
v 24 4
v 25 4
v 26 4
v 27 4
v 28 4
v 29 4
v 30 4
v 31 4
v 32 4
v 33 4
v 34 4
e 0 1 1
e 0 21 1
e 1 2 1
e 1 3 1
e 1 4 1
e 2 5 1
e 2 17 1
e 2 18 1
e 3 6 2
e 3 8 1
e 4 7 2
e 4 9 1
e 5 10 1
e 5 19 1
e 5 20 1
e 6 11 1
e 6 22 1
e 7 12 1
e 7 23 1
e 8 13 2
e 8 24 1
e 9 14 2
e 9 25 1
e 10 26 1
e 10 27 1
e 10 28 1
e 11 15 2
e 11 29 1
e 12 16 2
e 12 30 1
e 13 15 1
e 13 31 1
e 14 16 1
e 14 32 1
e 15 33 1
e 16 34 1
t # 60702
v 0 1
v 1 1
v 2 2
v 3 3
v 4 3
v 5 3
v 6 3
v 7 3
v 8 3
v 9 3
v 10 4
v 11 4
v 12 4
v 13 4
v 14 4
v 15 4
v 16 4
v 17 4
v 18 4
v 19 4
v 20 4
e 2 9 1
e 3 4 1
e 3 5 1
e 3 10 1
e 3 11 1
e 4 7 1
e 4 12 1
e 4 13 1
e 5 6 1
e 5 14 1
e 5 15 1
e 6 8 1
e 6 16 1
e 6 17 1
e 7 8 2
e 7 9 1
e 8 18 1
e 9 19 1
e 9 20 1
t # 60703
v 0 12
v 1 1
v 2 2
v 3 3
v 4 3
v 5 3
v 6 3
v 7 3
v 8 3
v 9 3
v 10 3
v 11 4
v 12 4
v 13 4
v 14 4
v 15 4
v 16 4
v 17 4
v 18 4
v 19 4
v 20 4
v 21 4
v 22 4
v 23 4
v 24 4
v 25 4
v 26 4
e 0 10 1
e 1 9 2
e 2 7 1
e 2 9 1
e 2 24 1
e 3 4 1
e 3 5 1
e 3 11 1
e 3 12 1
e 4 7 1
e 4 13 1
e 4 14 1
e 5 6 1
e 5 15 1
e 5 16 1
e 6 8 1
e 6 19 1
e 6 20 1
e 7 17 1
e 7 18 1
e 8 21 1
e 8 22 1
e 8 23 1
e 9 10 1
e 10 25 1
e 10 26 1
t # 60704
v 0 1
v 1 1
v 2 1
v 3 1
v 4 1
v 5 1
v 6 2
v 7 2
v 8 2
v 9 3
v 10 3
v 11 3
v 12 3
v 13 3
v 14 4
v 15 4
v 16 4
v 17 4
v 18 4
v 19 4
v 20 4
v 21 4
v 22 4
e 6 9 1
e 7 10 1
e 8 10 1
e 9 10 1
e 9 11 1
e 9 12 1
e 10 13 1
e 11 14 1
e 11 15 1
e 11 16 1
e 12 17 1
e 12 18 1
e 12 19 1
e 13 20 1
e 13 21 1
e 13 22 1
t # 60705
v 0 11
v 1 11
v 2 2
v 3 3
v 4 3
v 5 3
v 6 3
v 7 3
v 8 4
v 9 4
v 10 4
v 11 4
v 12 4
v 13 4
v 14 4
e 0 5 1
e 0 6 1
e 2 3 1
e 2 4 1
e 2 5 1
e 3 6 2
e 3 7 1
e 4 8 1
e 4 9 1
e 4 10 1
e 6 11 1
e 7 12 1
e 7 13 1
e 7 14 1
t # 60706
v 0 1
v 1 1
v 2 1
v 3 1
v 4 2
v 5 3
v 6 3
v 7 3
v 8 3
v 9 3
v 10 3
v 11 3
v 12 3
v 13 3
v 14 3
v 15 3
v 16 3
v 17 3
v 18 4
v 19 4
v 20 4
v 21 4
v 22 4
v 23 4
v 24 4
v 25 4
v 26 4
v 27 4
v 28 4
v 29 4
v 30 4
e 0 7 2
e 1 8 2
e 2 13 1
e 2 30 1
e 3 13 2
e 4 5 1
e 4 7 1
e 4 8 1
e 5 6 1
e 5 13 1
e 5 18 1
e 6 9 1
e 6 10 1
e 6 19 1
e 7 11 1
e 8 12 1
e 9 20 1
e 9 21 1
e 9 22 1
e 10 23 1
e 10 24 1
e 10 25 1
e 11 12 1
e 11 14 2
e 12 15 2
e 14 16 1
e 14 26 1
e 15 17 1
e 15 27 1
e 16 17 2
e 16 28 1
e 17 29 1
t # 60707
v 0 1
v 1 2
v 2 2
v 3 3
v 4 3
v 5 3
v 6 3
v 7 4
v 8 4
v 9 4
v 10 4
v 11 4
v 12 4
e 1 3 2
e 2 4 2
e 3 4 1
e 3 5 1
e 4 6 1
e 5 7 1
e 5 8 1
e 5 9 1
e 6 10 1
e 6 11 1
e 6 12 1
t # 60708
v 0 1
v 1 2
v 2 3
v 3 3
v 4 3
v 5 3
v 6 3
v 7 3
v 8 3
v 9 3
v 10 3
v 11 3
v 12 3
v 13 3
v 14 3
v 15 3
v 16 3
v 17 3
v 18 3
v 19 3
v 20 3
v 21 3
v 22 4
v 23 4
v 24 4
v 25 4
v 26 4
v 27 4
v 28 4
v 29 4
v 30 4
v 31 4
v 32 4
v 33 4
v 34 4
v 35 4
v 36 4
e 0 21 2
e 1 2 1
e 1 21 2
e 2 3 1
e 2 4 1
e 2 5 1
e 3 6 2
e 3 9 1
e 4 7 2
e 4 10 1
e 5 8 2
e 5 11 1
e 6 12 1
e 6 22 1
e 7 13 1
e 7 23 1
e 8 14 1
e 8 24 1
e 9 15 2
e 9 25 1
e 10 16 2
e 10 26 1
e 11 17 2
e 11 27 1
e 12 18 2
e 12 28 1
e 13 19 2
e 13 29 1
e 14 20 2
e 14 30 1
e 15 18 1
e 15 31 1
e 16 19 1
e 16 32 1
e 17 20 1
e 17 33 1
e 18 34 1
e 19 35 1
e 20 36 1
t # 60709
v 0 1
v 1 2
v 2 2
v 3 3
v 4 3
v 5 3
v 6 3
v 7 3
v 8 4
v 9 4
v 10 4
v 11 4
v 12 4
v 13 4
v 14 4
v 15 4
v 16 4
v 17 4
e 0 7 2
e 1 5 1
e 1 6 1
e 1 7 1
e 2 7 1
e 2 16 1
e 2 17 1
e 3 4 1
e 3 5 1
e 3 8 1
e 3 9 1
e 4 6 1
e 4 10 1
e 4 11 1
e 5 12 1
e 5 13 1
e 6 14 1
e 6 15 1
t # 60710
v 0 1
v 1 3
v 2 3
v 3 3
v 4 3
v 5 3
v 6 3
v 7 3
v 8 3
v 9 3
v 10 3
v 11 3
v 12 3
v 13 3
v 14 3
v 15 3
v 16 3
v 17 3
v 18 3
v 19 4
v 20 4
v 21 4
v 22 4
v 23 4
v 24 4
v 25 4
v 26 4
v 27 4
v 28 4
v 29 4
v 30 4
v 31 4
v 32 4
v 33 4
v 34 4
v 35 4
v 36 4
e 0 8 2
e 1 2 1
e 1 3 1
e 1 6 1
e 1 7 1
e 2 4 1
e 2 19 1
e 2 20 1
e 3 5 1
e 3 21 1
e 3 22 1
e 4 8 1
e 4 23 1
e 4 24 1
e 5 8 1
e 5 25 1
e 5 26 1
e 6 9 2
e 6 11 1
e 7 10 2
e 7 12 1
e 9 13 1
e 9 27 1
e 10 14 1
e 10 28 1
e 11 15 2
e 11 29 1
e 12 16 2
e 12 30 1
e 13 17 2
e 13 31 1
e 14 18 2
e 14 32 1
e 15 17 1
e 15 33 1
e 16 18 1
e 16 34 1
e 17 35 1
e 18 36 1
t # 60711
v 0 1
v 1 1
v 2 1
v 3 1
v 4 3
v 5 3
v 6 3
v 7 3
v 8 3
v 9 3
v 10 3
v 11 3
v 12 3
v 13 3
v 14 3
v 15 3
v 16 3
v 17 3
v 18 4
v 19 4
v 20 4
v 21 4
v 22 4
v 23 4
v 24 4
v 25 4
v 26 4
v 27 4
v 28 4
v 29 4
v 30 4
v 31 4
v 32 4
v 33 4
v 34 4
v 35 4
v 36 4
v 37 4
v 38 4
v 39 4
v 40 4
v 41 4
v 42 4
v 43 4
e 0 16 1
e 0 42 1
e 1 17 1
e 1 43 1
e 2 16 2
e 3 17 2
e 4 5 1
e 4 6 1
e 4 18 1
e 4 19 1
e 5 7 1
e 5 20 1
e 5 21 1
e 6 8 1
e 6 22 1
e 6 23 1
e 7 9 1
e 7 24 1
e 7 25 1
e 8 10 1
e 8 26 1
e 8 27 1
e 9 11 1
e 9 28 1
e 9 29 1
e 10 12 1
e 10 30 1
e 10 31 1
e 11 13 1
e 11 32 1
e 11 33 1
e 12 14 1
e 12 34 1
e 12 35 1
e 13 16 1
e 13 17 1
e 13 36 1
e 14 15 1
e 14 37 1
e 14 38 1
e 15 39 1
e 15 40 1
e 15 41 1
t # 60712
v 0 1
v 1 1
v 2 1
v 3 3
v 4 3
v 5 3
v 6 3
v 7 3
v 8 3
v 9 4
v 10 4
v 11 4
v 12 4
v 13 4
v 14 4
e 0 7 1
e 0 8 1
e 1 7 2
e 2 8 2
e 3 4 1
e 3 5 1
e 3 7 1
e 3 9 1
e 4 6 1
e 4 8 1
e 4 10 1
e 5 6 1
e 5 11 1
e 5 12 1
e 6 13 1
e 6 14 1
t # 60713
v 0 1
v 1 3
v 2 3
v 3 3
v 4 3
v 5 3
v 6 3
v 7 3
v 8 3
v 9 3
v 10 3
v 11 3
v 12 4
v 13 4
v 14 4
v 15 4
v 16 4
v 17 4
v 18 4
v 19 4
e 0 11 2
e 1 2 1
e 1 3 2
e 1 5 1
e 2 4 2
e 2 6 1
e 3 7 1
e 3 12 1
e 4 8 1
e 4 13 1
e 5 9 2
e 5 14 1
e 6 10 2
e 6 15 1
e 7 8 2
e 7 16 1
e 8 17 1
e 9 11 1
e 9 18 1
e 10 11 1
e 10 19 1
t # 60714
v 0 1
v 1 1
v 2 1
v 3 3
v 4 3
v 5 3
v 6 3
v 7 3
v 8 3
v 9 3
v 10 3
v 11 3
v 12 3
v 13 4
v 14 4
v 15 4
v 16 4
v 17 4
v 18 4
v 19 4
v 20 4
v 21 4
v 22 4
v 23 4
v 24 4
v 25 4
v 26 4
v 27 4
v 28 4
e 0 4 1
e 0 9 1
e 1 9 2
e 2 11 2
e 3 4 1
e 3 5 1
e 3 6 1
e 3 13 1
e 4 7 1
e 4 8 1
e 5 9 1
e 5 14 1
e 5 15 1
e 6 10 1
e 6 16 1
e 6 17 1
e 7 18 1
e 7 19 1
e 7 20 1
e 8 21 1
e 8 22 1
e 8 23 1
e 10 11 1
e 10 24 1
e 10 25 1
e 11 12 1
e 12 26 1
e 12 27 1
e 12 28 1
t # 60715
v 0 2
v 1 3
v 2 3
v 3 3
v 4 3
v 5 3
v 6 3
v 7 3
v 8 3
v 9 3
v 10 3
v 11 4
v 12 4
v 13 4
v 14 4
v 15 4
v 16 4
v 17 4
v 18 4
v 19 4
v 20 4
v 21 4
v 22 4
v 23 4
v 24 4
v 25 4
e 0 10 1
e 0 24 1
e 0 25 1
e 1 2 1
e 1 3 1
e 1 4 1
e 1 11 1
e 2 5 2
e 2 6 1
e 3 12 1
e 3 13 1
e 3 14 1
e 4 15 1
e 4 16 1
e 4 17 1
e 5 8 1
e 5 18 1
e 6 9 2
e 6 19 1
e 7 8 2
e 7 9 1
e 7 10 1
e 8 20 1
e 9 21 1
e 10 22 1
e 10 23 1
t # 60716
v 0 1
v 1 1
v 2 3
v 3 3
v 4 3
v 5 3
v 6 3
v 7 3
v 8 3
v 9 3
v 10 3
v 11 3
v 12 4
v 13 4
v 14 4
v 15 4
v 16 4
v 17 4
v 18 4
v 19 4
v 20 4
v 21 4
v 22 4
v 23 4
v 24 4
v 25 4
v 26 4
v 27 4
v 28 4
v 29 4
e 0 4 2
e 1 5 2
e 2 4 1
e 2 6 1
e 2 7 1
e 2 8 1
e 3 5 1
e 3 9 1
e 3 10 1
e 3 11 1
e 4 5 1
e 6 12 1
e 6 13 1
e 6 14 1
e 7 15 1
e 7 16 1
e 7 17 1
e 8 18 1
e 8 19 1
e 8 20 1
e 9 21 1
e 9 22 1
e 9 23 1
e 10 24 1
e 10 25 1
e 10 26 1
e 11 27 1
e 11 28 1
e 11 29 1
t # 60717
v 0 1
v 1 3
v 2 3
v 3 3
v 4 3
v 5 3
v 6 3
v 7 3
v 8 3
v 9 3
v 10 3
v 11 3
v 12 4
v 13 4
v 14 4
v 15 4
v 16 4
v 17 4
v 18 4
v 19 4
v 20 4
v 21 4
v 22 4
v 23 4
v 24 4
v 25 4
v 26 4
v 27 4
e 0 1 1
e 0 22 1
e 1 2 1
e 1 3 1
e 1 4 1
e 2 5 1
e 2 6 1
e 2 12 1
e 3 7 2
e 3 8 1
e 4 13 1
e 4 14 1
e 4 15 1
e 5 16 1
e 5 17 1
e 5 18 1
e 6 19 1
e 6 20 1
e 6 21 1
e 7 9 1
e 7 23 1
e 8 10 2
e 8 24 1
e 9 11 2
e 9 25 1
e 10 11 1
e 10 26 1
e 11 27 1
t # 60718
v 0 1
v 1 1
v 2 3
v 3 3
v 4 3
v 5 3
v 6 3
v 7 3
v 8 3
v 9 3
v 10 3
v 11 3
v 12 3
v 13 3
v 14 4
v 15 4
v 16 4
v 17 4
v 18 4
v 19 4
v 20 4
v 21 4
v 22 4
v 23 4
v 24 4
v 25 4
v 26 4
v 27 4
v 28 4
v 29 4
v 30 4
v 31 4
e 0 2 1
e 0 7 1
e 1 2 1
e 1 8 1
e 2 3 1
e 2 4 1
e 3 5 2
e 3 6 1
e 4 14 1
e 4 15 1
e 4 16 1
e 5 9 1
e 5 17 1
e 6 10 2
e 6 18 1
e 7 12 1
e 7 19 1
e 7 20 1
e 8 13 1
e 8 21 1
e 8 22 1
e 9 11 2
e 9 23 1
e 10 11 1
e 10 24 1
e 11 25 1
e 12 26 1
e 12 27 1
e 12 28 1
e 13 29 1
e 13 30 1
e 13 31 1
t # 60719
v 0 3
v 1 3
v 2 3
v 3 3
v 4 3
v 5 3
v 6 3
v 7 3
v 8 4
v 9 4
v 10 4
v 11 4
v 12 4
v 13 4
v 14 4
v 15 4
v 16 4
v 17 4
e 0 1 1
e 0 2 1
e 0 3 1
e 0 8 1
e 1 9 1
e 1 10 1
e 1 11 1
e 2 4 2
e 2 12 1
e 3 5 2
e 3 13 1
e 4 6 1
e 4 14 1
e 5 7 1
e 5 15 1
e 6 7 2
e 6 16 1
e 7 17 1
t # 60720
v 0 11
v 1 11
v 2 1
v 3 1
v 4 1
v 5 1
v 6 3
v 7 3
v 8 3
v 9 3
v 10 3
v 11 3
v 12 3
v 13 3
v 14 3
v 15 3
v 16 3
v 17 3
v 18 4
v 19 4
v 20 4
v 21 4
v 22 4
v 23 4
v 24 4
v 25 4
v 26 4
v 27 4
v 28 4
v 29 4
v 30 4
v 31 4
v 32 4
v 33 4
v 34 4
v 35 4
v 36 4
v 37 4
e 0 6 1
e 0 12 1
e 1 6 1
e 1 13 1
e 2 16 1
e 2 36 1
e 3 17 1
e 3 37 1
e 4 16 2
e 5 17 2
e 6 7 1
e 6 8 1
e 7 9 1
e 7 18 1
e 7 19 1
e 8 10 1
e 8 20 1
e 8 21 1
e 9 11 1
e 9 22 1
e 9 23 1
e 10 11 1
e 10 24 1
e 10 25 1
e 11 26 1
e 11 27 1
e 12 14 1
e 12 28 1
e 12 29 1
e 13 15 1
e 13 30 1
e 13 31 1
e 14 16 1
e 14 32 1
e 14 33 1
e 15 17 1
e 15 34 1
e 15 35 1
t # 60721
v 0 1
v 1 1
v 2 2
v 3 2
v 4 3
v 5 3
v 6 3
v 7 3
v 8 3
v 9 3
v 10 4
v 11 4
v 12 4
v 13 4
v 14 4
v 15 4
v 16 4
v 17 4
v 18 4
v 19 4
v 20 4
v 21 4
v 22 4
v 23 4
e 2 3 1
e 2 4 1
e 2 5 1
e 4 6 1
e 4 10 1
e 4 11 1
e 5 7 1
e 5 12 1
e 5 13 1
e 6 8 1
e 6 14 1
e 6 15 1
e 7 9 1
e 7 16 1
e 7 17 1
e 8 18 1
e 8 19 1
e 8 20 1
e 9 21 1
e 9 22 1
e 9 23 1
t # 60722
v 0 8
v 1 1
v 2 3
v 3 3
v 4 3
v 5 3
v 6 3
v 7 3
v 8 3
v 9 3
v 10 3
v 11 3
v 12 3
v 13 3
v 14 3
v 15 3
v 16 3
v 17 4
v 18 4
v 19 4
v 20 4
v 21 4
v 22 4
v 23 4
v 24 4
v 25 4
v 26 4
v 27 4
v 28 4
v 29 4
v 30 4
v 31 4
e 2 9 1
e 2 17 1
e 2 18 1
e 3 5 2
e 3 7 1
e 4 6 2
e 4 8 1
e 5 10 1
e 5 19 1
e 6 11 1
e 6 20 1
e 7 12 2
e 7 21 1
e 8 13 2
e 8 22 1
e 9 16 2
e 9 23 1
e 10 14 2
e 10 24 1
e 11 15 2
e 11 25 1
e 12 14 1
e 12 26 1
e 13 15 1
e 13 27 1
e 14 28 1
e 15 29 1
e 16 30 1
e 16 31 1
t # 60723
v 0 11
v 1 2
v 2 2
v 3 3
v 4 3
v 5 3
v 6 3
v 7 4
v 8 4
e 0 4 1
e 1 5 2
e 3 4 2
e 3 5 1
e 3 6 1
e 4 7 1
e 5 8 1
t # 60724
v 0 14
v 1 14
v 2 1
v 3 2
v 4 3
v 5 3
v 6 3
v 7 3
v 8 3
v 9 3
v 10 3
v 11 3
v 12 4
v 13 4
v 14 4
v 15 4
v 16 4
v 17 4
v 18 4
e 2 10 2
e 3 4 1
e 3 10 1
e 3 12 1
e 4 5 2
e 4 6 1
e 5 7 1
e 6 8 2
e 7 9 2
e 7 13 1
e 8 9 1
e 8 14 1
e 9 15 1
e 10 11 1
e 11 16 1
e 11 17 1
e 11 18 1
t # 60725
v 0 1
v 1 1
v 2 1
v 3 1
v 4 1
v 5 1
v 6 1
v 7 2
v 8 2
v 9 2
v 10 2
v 11 2
v 12 2
v 13 3
v 14 3
v 15 3
v 16 3
v 17 3
v 18 3
v 19 3
v 20 3
v 21 3
v 22 3
v 23 3
v 24 3
v 25 4
v 26 4
v 27 4
v 28 4
v 29 4
v 30 4
v 31 4
v 32 4
v 33 4
v 34 4
v 35 4
v 36 4
v 37 4
v 38 4
v 39 4
v 40 4
v 41 4
v 42 4
v 43 4
v 44 4
e 0 15 2
e 1 17 2
e 2 19 2
e 3 20 2
e 4 21 2
e 5 24 1
e 5 44 1
e 6 24 2
e 7 13 1
e 7 15 1
e 7 29 1
e 8 14 1
e 8 19 1
e 8 34 1
e 9 16 1
e 9 17 1
e 9 35 1
e 10 18 1
e 10 21 1
e 10 36 1
e 11 20 1
e 11 22 1
e 11 37 1
e 12 23 1
e 12 42 1
e 12 43 1
e 13 17 1
e 13 25 1
e 13 26 1
e 14 15 1
e 14 27 1
e 14 28 1
e 16 20 1
e 16 30 1
e 16 31 1
e 18 19 1
e 18 32 1
e 18 33 1
e 21 23 1
e 22 24 1
e 22 38 1
e 22 39 1
e 23 40 1
e 23 41 1
t # 60726
v 0 11
v 1 1
v 2 3
v 3 3
v 4 3
v 5 3
v 6 3
v 7 3
v 8 3
v 9 3
v 10 4
v 11 4
v 12 4
v 13 4
v 14 4
v 15 4
v 16 4
v 17 4
v 18 4
v 19 4
e 0 4 1
e 0 9 1
e 1 5 1
e 1 19 1
e 2 3 1
e 2 5 2
e 2 8 1
e 3 4 2
e 3 10 1
e 4 6 1
e 5 7 1
e 6 7 2
e 6 11 1
e 7 12 1
e 8 13 1
e 8 14 1
e 8 15 1
e 9 16 1
e 9 17 1
e 9 18 1
t # 60727
v 0 11
v 1 1
v 2 1
v 3 2
v 4 2
v 5 3
v 6 3
v 7 3
v 8 3
v 9 4
v 10 4
v 11 4
v 12 4
v 13 4
v 14 4
v 15 4
v 16 4
v 17 4
v 18 4
v 19 4
v 20 4
e 0 1 2
e 0 2 2
e 3 5 1
e 3 6 1
e 4 7 1
e 4 8 1
e 5 9 1
e 5 10 1
e 5 11 1
e 6 12 1
e 6 13 1
e 6 14 1
e 7 15 1
e 7 16 1
e 7 17 1
e 8 18 1
e 8 19 1
e 8 20 1
t # 60728
v 0 1
v 1 1
v 2 1
v 3 1
v 4 2
v 5 2
v 6 3
v 7 3
v 8 3
v 9 3
v 10 3
v 11 3
v 12 3
v 13 3
v 14 4
v 15 4
v 16 4
v 17 4
v 18 4
v 19 4
v 20 4
v 21 4
e 0 10 2
e 1 11 2
e 2 12 2
e 3 13 2
e 4 5 1
e 4 10 1
e 4 11 1
e 5 12 1
e 5 13 1
e 6 7 1
e 6 10 1
e 6 14 1
e 6 15 1
e 7 11 1
e 7 16 1
e 7 17 1
e 8 9 1
e 8 12 1
e 8 18 1
e 8 19 1
e 9 13 1
e 9 20 1
e 9 21 1
t # 60729
v 0 1
v 1 1
v 2 3
v 3 3
v 4 3
v 5 3
v 6 3
v 7 3
v 8 3
v 9 3
v 10 3
v 11 3
v 12 4
v 13 4
v 14 4
v 15 4
v 16 4
v 17 4
v 18 4
v 19 4
v 20 4
v 21 4
v 22 4
v 23 4
e 0 2 1
e 0 4 1
e 1 2 1
e 1 5 1
e 2 3 1
e 2 6 1
e 3 7 2
e 3 8 1
e 4 5 1
e 4 12 1
e 4 13 1
e 5 14 1
e 5 15 1
e 6 16 1
e 6 17 1
e 6 18 1
e 7 9 1
e 7 19 1
e 8 10 2
e 8 20 1
e 9 11 2
e 9 21 1
e 10 11 1
e 10 22 1
e 11 23 1
t # 60730
v 0 1
v 1 1
v 2 1
v 3 3
v 4 3
v 5 3
v 6 3
v 7 3
v 8 3
v 9 3
v 10 3
v 11 3
v 12 3
v 13 4
v 14 4
v 15 4
v 16 4
v 17 4
v 18 4
v 19 4
v 20 4
v 21 4
v 22 4
e 0 10 1
e 0 12 1
e 1 9 2
e 2 10 2
e 3 5 2
e 3 6 1
e 3 9 1
e 4 7 2
e 4 8 1
e 4 10 1
e 5 7 1
e 5 13 1
e 6 8 2
e 6 14 1
e 7 15 1
e 8 16 1
e 9 11 1
e 11 17 1
e 11 18 1
e 11 19 1
e 12 20 1
e 12 21 1
e 12 22 1
t # 60731
v 0 1
v 1 1
v 2 1
v 3 3
v 4 3
v 5 3
v 6 3
v 7 3
v 8 3
v 9 4
v 10 4
v 11 4
v 12 4
v 13 4
v 14 4
v 15 4
v 16 4
v 17 4
v 18 4
e 0 4 1
e 0 8 1
e 1 5 1
e 1 8 1
e 2 8 2
e 3 4 1
e 3 5 1
e 3 6 1
e 3 7 1
e 4 9 1
e 4 10 1
e 5 11 1
e 5 12 1
e 6 13 1
e 6 14 1
e 6 15 1
e 7 16 1
e 7 17 1
e 7 18 1
t # 60732
v 0 12
v 1 12
v 2 12
v 3 8
v 4 1
v 5 2
v 6 2
v 7 3
v 8 3
v 9 3
v 10 4
v 11 4
v 12 4
v 13 4
v 14 4
v 15 4
e 4 7 2
e 5 7 1
e 5 8 1
e 6 7 1
e 6 9 1
e 8 10 1
e 8 11 1
e 8 12 1
e 9 13 1
e 9 14 1
e 9 15 1
t # 60733
v 0 1
v 1 1
v 2 3
v 3 3
v 4 3
v 5 3
v 6 3
v 7 3
v 8 3
v 9 3
v 10 3
v 11 4
v 12 4
v 13 4
v 14 4
v 15 4
v 16 4
v 17 4
v 18 4
v 19 4
v 20 4
v 21 4
v 22 4
v 23 4
v 24 4
e 0 7 2
e 1 8 2
e 2 3 1
e 2 7 1
e 2 8 1
e 2 11 1
e 3 9 1
e 3 10 1
e 3 12 1
e 4 5 1
e 4 6 1
e 4 13 1
e 4 14 1
e 5 7 1
e 5 15 1
e 5 16 1
e 6 8 1
e 6 17 1
e 6 18 1
e 9 19 1
e 9 20 1
e 9 21 1
e 10 22 1
e 10 23 1
e 10 24 1
t # 60734
v 0 1
v 1 3
v 2 3
v 3 3
v 4 3
v 5 3
v 6 3
v 7 3
v 8 3
v 9 3
v 10 3
v 11 3
v 12 4
v 13 4
v 14 4
v 15 4
v 16 4
v 17 4
v 18 4
v 19 4
v 20 4
v 21 4
v 22 4
v 23 4
v 24 4
v 25 4
v 26 4
v 27 4
v 28 4
v 29 4
v 30 4
v 31 4
v 32 4
v 33 4
v 34 4
v 35 4
e 0 4 1
e 0 32 1
e 1 2 1
e 1 3 1
e 1 12 1
e 1 13 1
e 2 4 1
e 2 14 1
e 2 15 1
e 3 5 1
e 3 16 1
e 3 17 1
e 4 8 1
e 4 9 1
e 5 6 1
e 5 18 1
e 5 19 1
e 6 7 1
e 6 20 1
e 6 21 1
e 7 10 1
e 7 22 1
e 7 23 1
e 8 24 1
e 8 25 1
e 8 26 1
e 9 27 1
e 9 28 1
e 9 29 1
e 10 11 1
e 10 30 1
e 10 31 1
e 11 33 1
e 11 34 1
e 11 35 1
t # 60735
v 0 1
v 1 1
v 2 1
v 3 1
v 4 3
v 5 3
v 6 3
v 7 3
v 8 3
v 9 3
v 10 3
v 11 3
v 12 3
v 13 3
v 14 3
v 15 3
v 16 3
v 17 3
v 18 3
v 19 3
v 20 3
v 21 3
v 22 3
v 23 3
v 24 3
v 25 3
v 26 4
v 27 4
v 28 4
v 29 4
v 30 4
v 31 4
v 32 4
v 33 4
v 34 4
v 35 4
v 36 4
v 37 4
v 38 4
v 39 4
e 0 10 2
e 1 11 2
e 2 14 2
e 3 15 2
e 4 6 2
e 4 8 1
e 4 10 1
e 5 7 2
e 5 9 1
e 5 11 1
e 6 7 1
e 6 26 1
e 7 27 1
e 8 9 2
e 8 28 1
e 9 29 1
e 10 14 1
e 11 15 1
e 12 14 1
e 12 16 2
e 12 18 1
e 13 15 1
e 13 17 2
e 13 19 1
e 16 20 1
e 16 30 1
e 17 21 1
e 17 31 1
e 18 22 2
e 18 32 1
e 19 23 2
e 19 33 1
e 20 24 2
e 20 34 1
e 21 25 2
e 21 35 1
e 22 24 1
e 22 36 1
e 23 25 1
e 23 37 1
e 24 38 1
e 25 39 1
t # 60736
v 0 1
v 1 1
v 2 1
v 3 2
v 4 3
v 5 3
v 6 3
v 7 3
v 8 3
v 9 3
v 10 3
v 11 4
v 12 4
v 13 4
v 14 4
v 15 4
v 16 4
v 17 4
v 18 4
v 19 4
v 20 4
v 21 4
v 22 4
v 23 4
e 0 4 1
e 0 23 1
e 3 10 1
e 4 5 1
e 4 6 1
e 4 10 1
e 5 7 1
e 5 11 1
e 5 12 1
e 6 8 1
e 6 13 1
e 6 14 1
e 7 9 1
e 7 15 1
e 7 16 1
e 8 9 1
e 8 17 1
e 8 18 1
e 9 19 1
e 9 20 1
e 10 21 1
e 10 22 1
t # 60737
v 0 1
v 1 3
v 2 3
v 3 3
v 4 3
v 5 3
v 6 3
v 7 3
v 8 3
v 9 3
v 10 3
v 11 3
v 12 4
v 13 4
v 14 4
v 15 4
v 16 4
v 17 4
v 18 4
v 19 4
v 20 4
v 21 4
v 22 4
v 23 4
v 24 4
v 25 4
v 26 4
v 27 4
v 28 4
v 29 4
v 30 4
v 31 4
v 32 4
v 33 4
e 0 3 1
e 0 33 1
e 1 2 1
e 1 3 1
e 1 4 1
e 1 12 1
e 2 8 1
e 2 9 1
e 2 10 1
e 3 6 1
e 3 13 1
e 4 7 1
e 4 14 1
e 4 15 1
e 5 6 1
e 5 7 1
e 5 11 1
e 5 16 1
e 6 17 1
e 6 18 1
e 7 19 1
e 7 20 1
e 8 21 1
e 8 22 1
e 8 23 1
e 9 24 1
e 9 25 1
e 9 26 1
e 10 27 1
e 10 28 1
e 10 29 1
e 11 30 1
e 11 31 1
e 11 32 1
t # 60738
v 0 1
v 1 3
v 2 3
v 3 3
v 4 3
v 5 3
v 6 3
v 7 3
v 8 3
v 9 4
v 10 4
v 11 4
v 12 4
v 13 4
v 14 4
v 15 4
v 16 4
v 17 4
v 18 4
v 19 4
v 20 4
v 21 4
v 22 4
v 23 4
v 24 4
e 0 7 1
e 0 24 1
e 1 2 1
e 1 3 1
e 1 7 1
e 1 9 1
e 2 4 1
e 2 10 1
e 2 11 1
e 3 5 1
e 3 12 1
e 3 13 1
e 4 6 1
e 4 14 1
e 4 15 1
e 5 6 1
e 5 16 1
e 5 17 1
e 6 18 1
e 6 19 1
e 7 8 1
e 7 20 1
e 8 21 1
e 8 22 1
e 8 23 1
t # 60739
v 0 1
v 1 2
v 2 3
v 3 3
v 4 3
v 5 3
v 6 3
v 7 3
v 8 3
v 9 3
v 10 3
v 11 4
v 12 4
v 13 4
v 14 4
v 15 4
v 16 4
v 17 4
v 18 4
v 19 4
v 20 4
v 21 4
v 22 4
v 23 4
v 24 4
v 25 4
e 0 8 2
e 1 2 1
e 1 8 1
e 1 22 1
e 2 3 1
e 2 4 1
e 2 11 1
e 3 5 1
e 3 12 1
e 3 13 1
e 4 6 1
e 4 14 1
e 4 15 1
e 5 7 1
e 5 16 1
e 5 17 1
e 6 7 1
e 6 18 1
e 6 19 1
e 7 20 1
e 7 21 1
e 8 9 1
e 9 10 2
e 9 23 1
e 10 24 1
e 10 25 1
t # 60740
v 0 3
v 1 3
v 2 3
v 3 3
v 4 3
v 5 3
v 6 3
v 7 3
v 8 3
v 9 3
v 10 3
v 11 3
v 12 3
v 13 4
v 14 4
v 15 4
v 16 4
v 17 4
v 18 4
v 19 4
v 20 4
v 21 4
v 22 4
v 23 4
v 24 4
v 25 4
v 26 4
v 27 4
v 28 4
v 29 4
v 30 4
v 31 4
v 32 4
e 0 2 1
e 0 8 1
e 0 9 1
e 0 13 1
e 1 3 1
e 1 10 1
e 1 11 1
e 1 14 1
e 2 4 2
e 2 5 1
e 3 4 1
e 3 6 2
e 4 15 1
e 5 7 2
e 5 16 1
e 6 7 1
e 6 17 1
e 7 12 1
e 8 18 1
e 8 19 1
e 8 20 1
e 9 21 1
e 9 22 1
e 9 23 1
e 10 24 1
e 10 25 1
e 10 26 1
e 11 27 1
e 11 28 1
e 11 29 1
e 12 30 1
e 12 31 1
e 12 32 1
t # 60741
v 0 11
v 1 1
v 2 1
v 3 2
v 4 2
v 5 3
v 6 3
v 7 3
v 8 3
v 9 3
v 10 3
v 11 3
v 12 3
v 13 3
v 14 4
v 15 4
v 16 4
v 17 4
v 18 4
v 19 4
v 20 4
v 21 4
e 0 7 1
e 0 12 1
e 1 13 1
e 1 21 1
e 2 13 2
e 3 5 1
e 3 7 1
e 3 14 1
e 4 6 1
e 4 7 2
e 5 6 1
e 5 8 2
e 6 9 2
e 8 10 1
e 8 15 1
e 9 11 1
e 9 16 1
e 10 11 2
e 10 17 1
e 11 18 1
e 12 13 1
e 12 19 1
e 12 20 1
t # 60742
v 0 2
v 1 3
v 2 3
v 3 3
v 4 3
v 5 3
v 6 3
v 7 3
v 8 3
v 9 3
v 10 3
v 11 3
v 12 3
v 13 3
v 14 3
v 15 4
v 16 4
v 17 4
v 18 4
v 19 4
v 20 4
v 21 4
v 22 4
v 23 4
v 24 4
v 25 4
v 26 4
v 27 4
v 28 4
v 29 4
v 30 4
v 31 4
v 32 4
v 33 4
v 34 4
v 35 4
v 36 4
v 37 4
e 0 6 1
e 0 13 2
e 1 2 1
e 1 3 1
e 1 6 1
e 1 15 1
e 2 4 1
e 2 16 1
e 2 17 1
e 3 5 1
e 3 18 1
e 3 19 1
e 4 7 1
e 4 20 1
e 4 21 1
e 5 8 1
e 5 22 1
e 5 23 1
e 6 9 2
e 7 10 1
e 7 24 1
e 7 25 1
e 8 11 1
e 8 26 1
e 8 27 1
e 9 12 1
e 9 28 1
e 10 29 1
e 10 30 1
e 10 31 1
e 11 32 1
e 11 33 1
e 11 34 1
e 12 14 2
e 12 35 1
e 13 14 1
e 13 36 1
e 14 37 1
t # 60743
v 0 12
v 1 2
v 2 2
v 3 3
v 4 3
v 5 3
v 6 3
v 7 3
v 8 3
v 9 3
v 10 3
v 11 3
v 12 3
v 13 3
v 14 3
v 15 3
v 16 3
v 17 3
v 18 3
v 19 3
v 20 4
v 21 4
v 22 4
v 23 4
v 24 4
v 25 4
v 26 4
v 27 4
v 28 4
v 29 4
v 30 4
v 31 4
v 32 4
v 33 4
v 34 4
e 0 18 1
e 1 3 1
e 1 12 1
e 1 13 1
e 3 5 2
e 3 6 1
e 4 7 2
e 4 8 1
e 4 9 1
e 5 7 1
e 5 20 1
e 6 8 2
e 6 21 1
e 7 22 1
e 8 23 1
e 9 10 2
e 9 24 1
e 10 11 1
e 10 19 1
e 11 14 2
e 11 15 1
e 12 25 1
e 12 26 1
e 12 27 1
e 13 28 1
e 13 29 1
e 13 30 1
e 14 16 1
e 14 31 1
e 15 17 2
e 15 32 1
e 16 18 2
e 16 33 1
e 17 18 1
e 17 34 1
t # 60744
v 0 1
v 1 3
v 2 3
v 3 3
v 4 3
v 5 3
v 6 3
v 7 3
v 8 3
v 9 3
v 10 4
v 11 4
v 12 4
v 13 4
v 14 4
v 15 4
v 16 4
v 17 4
v 18 4
v 19 4
v 20 4
v 21 4
v 22 4
v 23 4
e 0 1 1
e 0 22 1
e 1 2 1
e 1 3 1
e 1 8 1
e 2 4 1
e 2 10 1
e 2 11 1
e 3 5 1
e 3 12 1
e 3 13 1
e 4 6 1
e 4 14 1
e 4 15 1
e 5 7 1
e 5 16 1
e 5 17 1
e 6 7 1
e 6 18 1
e 6 19 1
e 7 20 1
e 7 21 1
e 9 23 1
t # 60745
v 0 2
v 1 2
v 2 2
v 3 2
v 4 2
v 5 2
v 6 2
v 7 2
v 8 3
v 9 3
v 10 4
v 11 4
e 0 4 1
e 0 8 2
e 1 5 1
e 1 9 2
e 2 8 1
e 3 9 1
e 4 6 1
e 4 10 1
e 5 7 1
e 5 11 1
e 8 9 1
t # 60746
v 0 12
v 1 1
v 2 2
v 3 3
v 4 3
v 5 3
v 6 3
v 7 3
v 8 3
v 9 3
v 10 3
v 11 3
v 12 4
v 13 4
v 14 4
v 15 4
v 16 4
v 17 4
v 18 4
v 19 4
v 20 4
v 21 4
e 0 6 1
e 1 5 2
e 2 3 1
e 2 5 1
e 2 14 1
e 3 6 1
e 3 7 2
e 4 5 1
e 4 8 1
e 4 12 1
e 4 13 1
e 6 9 2
e 7 10 1
e 7 15 1
e 8 16 1
e 8 17 1
e 8 18 1
e 9 11 1
e 9 19 1
e 10 11 2
e 10 20 1
e 11 21 1
t # 60747
v 0 8
v 1 3
v 2 3
v 3 3
v 4 3
v 5 3
v 6 3
v 7 3
v 8 3
v 9 3
v 10 3
v 11 3
v 12 3
v 13 3
v 14 3
v 15 3
v 16 4
v 17 4
v 18 4
v 19 4
v 20 4
v 21 4
v 22 4
v 23 4
v 24 4
v 25 4
v 26 4
v 27 4
v 28 4
v 29 4
v 30 4
e 1 4 2
e 1 6 1
e 2 5 2
e 2 7 1
e 3 8 1
e 3 16 1
e 3 17 1
e 4 9 1
e 4 18 1
e 5 10 1
e 5 19 1
e 6 11 2
e 6 20 1
e 7 12 2
e 7 21 1
e 8 15 2
e 8 22 1
e 9 13 2
e 9 23 1
e 10 14 2
e 10 24 1
e 11 13 1
e 11 25 1
e 12 14 1
e 12 26 1
e 13 27 1
e 14 28 1
e 15 29 1
e 15 30 1
t # 60748
v 0 3
v 1 3
v 2 3
v 3 3
v 4 3
v 5 3
v 6 3
v 7 3
v 8 3
v 9 3
v 10 3
v 11 3
v 12 3
v 13 3
v 14 3
v 15 3
v 16 4
v 17 4
v 18 4
v 19 4
v 20 4
v 21 4
v 22 4
v 23 4
v 24 4
v 25 4
v 26 4
v 27 4
e 0 2 1
e 0 3 1
e 0 6 1
e 0 16 1
e 1 4 1
e 1 5 1
e 1 7 1
e 1 17 1
e 2 4 1
e 2 8 2
e 3 5 1
e 3 9 2
e 4 10 2
e 5 11 2
e 6 7 2
e 6 18 1
e 7 19 1
e 8 12 1
e 8 20 1
e 9 13 1
e 9 21 1
e 10 14 1
e 10 22 1
e 11 15 1
e 11 23 1
e 12 14 2
e 12 24 1
e 13 15 2
e 13 25 1
e 14 26 1
e 15 27 1
t # 60749
v 0 11
v 1 1
v 2 1
v 3 2
v 4 2
v 5 3
v 6 3
v 7 3
v 8 3
v 9 3
v 10 3
v 11 3
v 12 4
v 13 4
v 14 4
v 15 4
e 3 5 1
e 4 6 1
e 4 11 2
e 5 6 1
e 5 7 2
e 6 8 2
e 7 9 1
e 7 12 1
e 8 10 1
e 8 13 1
e 9 10 2
e 9 14 1
e 10 15 1
t # 60750
v 0 2
v 1 3
v 2 3
v 3 3
v 4 3
v 5 3
v 6 3
v 7 3
v 8 3
v 9 3
v 10 4
v 11 4
v 12 4
v 13 4
v 14 4
v 15 4
v 16 4
v 17 4
v 18 4
v 19 4
v 20 4
v 21 4
v 22 4
v 23 4
v 24 4
v 25 4
v 26 4
e 1 2 1
e 1 4 1
e 1 5 1
e 1 10 1
e 2 3 1
e 2 11 1
e 2 12 1
e 3 6 1
e 3 13 1
e 3 14 1
e 4 7 1
e 4 15 1
e 4 16 1
e 5 9 1
e 5 17 1
e 5 18 1
e 6 8 1
e 6 19 1
e 6 20 1
e 7 21 1
e 7 22 1
e 7 23 1
e 8 24 1
e 8 25 1
e 8 26 1
t # 60751
v 0 1
v 1 3
v 2 3
v 3 3
v 4 3
v 5 3
v 6 3
v 7 3
v 8 3
v 9 3
v 10 4
v 11 4
v 12 4
v 13 4
v 14 4
v 15 4
v 16 4
v 17 4
v 18 4
v 19 4
v 20 4
v 21 4
v 22 4
v 23 4
e 0 9 2
e 1 3 1
e 1 4 1
e 1 6 1
e 1 10 1
e 2 3 1
e 2 5 1
e 2 9 1
e 2 11 1
e 3 12 1
e 3 13 1
e 4 7 1
e 4 14 1
e 4 15 1
e 5 7 1
e 5 16 1
e 5 17 1
e 6 8 1
e 6 18 1
e 6 19 1
e 7 20 1
e 7 21 1
e 8 9 1
e 8 22 1
e 8 23 1
t # 60752
v 0 11
v 1 1
v 2 1
v 3 3
v 4 3
v 5 3
v 6 3
v 7 3
v 8 3
v 9 3
v 10 3
v 11 3
v 12 4
v 13 4
v 14 4
v 15 4
v 16 4
v 17 4
v 18 4
v 19 4
e 0 1 2
e 0 2 2
e 0 3 1
e 0 9 1
e 3 4 2
e 3 5 1
e 4 6 1
e 4 12 1
e 5 7 2
e 5 13 1
e 6 8 2
e 6 14 1
e 7 8 1
e 7 15 1
e 8 16 1
e 10 11 1
e 11 17 1
e 11 18 1
e 11 19 1
t # 60753
v 0 1
v 1 3
v 2 3
v 3 3
v 4 3
v 5 3
v 6 3
v 7 3
v 8 3
v 9 3
v 10 3
v 11 3
v 12 3
v 13 3
v 14 4
v 15 4
v 16 4
v 17 4
v 18 4
v 19 4
v 20 4
v 21 4
v 22 4
v 23 4
v 24 4
v 25 4
e 0 7 2
e 1 2 1
e 1 5 1
e 1 8 2
e 2 6 1
e 2 9 2
e 3 5 2
e 3 7 1
e 3 10 1
e 4 6 2
e 4 7 1
e 4 11 1
e 5 14 1
e 6 15 1
e 8 12 1
e 8 16 1
e 9 13 1
e 9 17 1
e 10 18 1
e 10 19 1
e 10 20 1
e 11 21 1
e 11 22 1
e 11 23 1
e 12 13 2
e 12 24 1
e 13 25 1
t # 60754
v 0 2
v 1 2
v 2 2
v 3 2
v 4 3
v 5 3
v 6 3
v 7 3
v 8 3
v 9 3
v 10 3
v 11 4
v 12 4
e 4 5 1
e 4 6 1
e 4 7 1
e 4 8 1
e 5 6 1
e 5 9 1
e 5 10 1
e 6 11 1
e 6 12 1
t # 60755
v 0 1
v 1 1
v 2 1
v 3 1
v 4 2
v 5 2
v 6 3
v 7 3
v 8 3
v 9 3
v 10 3
v 11 3
v 12 3
v 13 3
v 14 3
v 15 3
v 16 3
v 17 3
v 18 3
v 19 3
v 20 3
v 21 3
v 22 3
v 23 3
v 24 3
v 25 4
v 26 4
v 27 4
v 28 4
v 29 4
v 30 4
v 31 4
v 32 4
v 33 4
v 34 4
v 35 4
v 36 4
v 37 4
v 38 4
v 39 4
v 40 4
v 41 4
v 42 4
v 43 4
v 44 4
v 45 4
v 46 4
v 47 4
v 48 4
e 0 17 1
e 0 21 1
e 1 20 1
e 1 22 1
e 2 17 2
e 3 20 2
e 4 6 1
e 4 9 1
e 4 25 1
e 5 10 1
e 5 14 2
e 6 7 2
e 6 11 1
e 7 8 1
e 7 15 1
e 8 9 2
e 8 17 1
e 9 16 1
e 10 11 2
e 10 12 1
e 11 26 1
e 12 13 2
e 12 18 1
e 13 14 1
e 13 20 1
e 14 19 1
e 15 27 1
e 15 28 1
e 15 29 1
e 16 30 1
e 16 31 1
e 16 32 1
e 18 33 1
e 18 34 1
e 18 35 1
e 19 36 1
e 19 37 1
e 19 38 1
e 21 23 1
e 21 39 1
e 21 40 1
e 22 24 1
e 22 41 1
e 22 42 1
e 23 43 1
e 23 44 1
e 23 45 1
e 24 46 1
e 24 47 1
e 24 48 1
t # 60756
v 0 12
v 1 12
v 2 11
v 3 11
v 4 3
v 5 3
v 6 3
v 7 3
v 8 3
v 9 3
v 10 3
v 11 3
v 12 3
v 13 3
v 14 3
v 15 3
v 16 3
v 17 4
v 18 4
v 19 4
v 20 4
v 21 4
v 22 4
v 23 4
v 24 4
v 25 4
v 26 4
e 0 15 1
e 1 16 1
e 2 4 1
e 2 6 1
e 3 5 1
e 3 6 1
e 4 7 2
e 4 9 1
e 5 8 2
e 5 10 1
e 6 17 1
e 6 18 1
e 7 11 1
e 7 19 1
e 8 12 1
e 8 20 1
e 9 13 2
e 9 21 1
e 10 14 2
e 10 22 1
e 11 15 2
e 11 23 1
e 12 16 2
e 12 24 1
e 13 15 1
e 13 25 1
e 14 16 1
e 14 26 1
t # 60757
v 0 1
v 1 1
v 2 1
v 3 2
v 4 3
v 5 3
v 6 3
v 7 3
v 8 3
v 9 3
v 10 3
v 11 4
v 12 4
v 13 4
v 14 4
v 15 4
v 16 4
v 17 4
e 0 6 1
e 0 16 1
e 1 10 1
e 1 17 1
e 2 10 2
e 3 5 1
e 3 14 1
e 3 15 1
e 4 7 2
e 4 8 1
e 4 10 1
e 5 6 2
e 5 9 1
e 6 7 1
e 7 11 1
e 8 9 2
e 8 12 1
e 9 13 1
t # 60758
v 0 1
v 1 3
v 2 3
v 3 3
v 4 3
v 5 3
v 6 3
v 7 3
v 8 3
v 9 4
v 10 4
v 11 4
v 12 4
v 13 4
v 14 4
v 15 4
v 16 4
v 17 4
v 18 4
v 19 4
v 20 4
v 21 4
v 22 4
e 0 6 2
e 1 3 1
e 1 4 1
e 1 7 1
e 1 9 1
e 2 3 1
e 2 5 1
e 2 8 1
e 2 10 1
e 3 11 1
e 3 12 1
e 4 6 1
e 4 13 1
e 4 14 1
e 5 6 1
e 5 15 1
e 5 16 1
e 7 17 1
e 7 18 1
e 7 19 1
e 8 20 1
e 8 21 1
e 8 22 1
t # 60759
v 0 12
v 1 1
v 2 1
v 3 3
v 4 3
v 5 3
v 6 3
v 7 3
v 8 3
v 9 3
v 10 3
v 11 3
v 12 4
v 13 4
v 14 4
v 15 4
v 16 4
v 17 4
v 18 4
v 19 4
v 20 4
e 0 7 1
e 1 3 1
e 1 4 1
e 2 5 1
e 2 6 1
e 3 4 1
e 3 5 1
e 3 12 1
e 4 13 1
e 4 14 1
e 5 15 1
e 5 16 1
e 6 7 1
e 6 8 2
e 7 9 2
e 8 10 1
e 8 17 1
e 9 11 1
e 9 18 1
e 10 11 2
e 10 19 1
e 11 20 1
t # 60760
v 0 1
v 1 1
v 2 1
v 3 2
v 4 3
v 5 3
v 6 3
v 7 3
v 8 3
v 9 3
v 10 3
v 11 3
v 12 3
v 13 3
v 14 4
v 15 4
v 16 4
v 17 4
v 18 4
v 19 4
v 20 4
v 21 4
v 22 4
v 23 4
v 24 4
v 25 4
v 26 4
e 0 10 1
e 0 12 1
e 1 10 2
e 2 11 2
e 3 5 1
e 3 7 1
e 3 14 1
e 4 5 2
e 4 6 1
e 4 8 1
e 5 10 1
e 6 7 2
e 6 11 1
e 7 9 1
e 8 15 1
e 8 16 1
e 8 17 1
e 9 18 1
e 9 19 1
e 9 20 1
e 11 21 1
e 12 13 1
e 12 22 1
e 12 23 1
e 13 24 1
e 13 25 1
e 13 26 1
t # 60761
v 0 1
v 1 1
v 2 1
v 3 2
v 4 3
v 5 3
v 6 3
v 7 3
v 8 3
v 9 3
v 10 3
v 11 3
v 12 3
v 13 3
v 14 4
v 15 4
v 16 4
v 17 4
v 18 4
v 19 4
v 20 4
v 21 4
v 22 4
v 23 4
v 24 4
v 25 4
v 26 4
e 0 10 1
e 0 12 1
e 1 10 2
e 2 11 2
e 3 6 1
e 3 7 1
e 3 14 1
e 4 5 1
e 4 6 2
e 4 10 1
e 5 7 2
e 5 8 1
e 6 9 1
e 7 11 1
e 8 15 1
e 8 16 1
e 8 17 1
e 9 18 1
e 9 19 1
e 9 20 1
e 11 21 1
e 12 13 1
e 12 22 1
e 12 23 1
e 13 24 1
e 13 25 1
e 13 26 1
t # 60762
v 0 1
v 1 1
v 2 2
v 3 3
v 4 3
v 5 3
v 6 3
v 7 3
v 8 3
v 9 3
v 10 3
v 11 3
v 12 4
v 13 4
v 14 4
v 15 4
v 16 4
v 17 4
v 18 4
v 19 4
v 20 4
v 21 4
v 22 4
v 23 4
v 24 4
e 0 9 1
e 0 10 1
e 1 9 2
e 2 4 1
e 2 6 1
e 2 12 1
e 3 4 2
e 3 5 1
e 3 7 1
e 4 8 1
e 5 6 2
e 5 9 1
e 6 13 1
e 7 14 1
e 7 15 1
e 7 16 1
e 8 17 1
e 8 18 1
e 8 19 1
e 10 11 1
e 10 20 1
e 10 21 1
e 11 22 1
e 11 23 1
e 11 24 1
t # 60763
v 0 1
v 1 1
v 2 2
v 3 3
v 4 3
v 5 3
v 6 3
v 7 3
v 8 3
v 9 3
v 10 3
v 11 3
v 12 4
v 13 4
v 14 4
v 15 4
v 16 4
v 17 4
v 18 4
v 19 4
v 20 4
v 21 4
v 22 4
v 23 4
v 24 4
e 0 8 1
e 0 10 1
e 1 8 2
e 2 3 1
e 2 5 1
e 2 12 1
e 3 4 2
e 3 7 1
e 4 6 1
e 4 8 1
e 5 6 2
e 5 9 1
e 6 13 1
e 7 14 1
e 7 15 1
e 7 16 1
e 9 17 1
e 9 18 1
e 9 19 1
e 10 11 1
e 10 20 1
e 10 21 1
e 11 22 1
e 11 23 1
e 11 24 1
t # 60764
v 0 1
v 1 1
v 2 2
v 3 3
v 4 3
v 5 3
v 6 3
v 7 3
v 8 3
v 9 3
v 10 3
v 11 3
v 12 4
v 13 4
v 14 4
v 15 4
v 16 4
v 17 4
v 18 4
v 19 4
v 20 4
v 21 4
v 22 4
v 23 4
v 24 4
e 0 9 1
e 0 10 1
e 1 9 2
e 2 4 1
e 2 6 1
e 2 12 1
e 3 4 2
e 3 5 1
e 3 9 1
e 4 7 1
e 5 6 2
e 5 8 1
e 6 13 1
e 7 14 1
e 7 15 1
e 7 16 1
e 8 17 1
e 8 18 1
e 8 19 1
e 10 11 1
e 10 20 1
e 10 21 1
e 11 22 1
e 11 23 1
e 11 24 1
t # 60765
v 0 1
v 1 1
v 2 2
v 3 3
v 4 3
v 5 3
v 6 3
v 7 3
v 8 3
v 9 3
v 10 3
v 11 3
v 12 3
v 13 4
v 14 4
v 15 4
v 16 4
v 17 4
v 18 4
v 19 4
v 20 4
v 21 4
v 22 4
v 23 4
v 24 4
v 25 4
v 26 4
v 27 4
e 0 10 1
e 0 11 1
e 1 10 2
e 2 5 1
e 2 6 1
e 2 13 1
e 3 4 1
e 3 5 2
e 3 7 1
e 4 6 2
e 4 8 1
e 5 9 1
e 6 10 1
e 7 14 1
e 7 15 1
e 7 16 1
e 8 17 1
e 8 18 1
e 8 19 1
e 9 20 1
e 9 21 1
e 9 22 1
e 11 12 1
e 11 23 1
e 11 24 1
e 12 25 1
e 12 26 1
e 12 27 1
t # 60766
v 0 1
v 1 1
v 2 2
v 3 3
v 4 3
v 5 3
v 6 3
v 7 3
v 8 3
v 9 3
v 10 3
v 11 3
v 12 4
v 13 4
v 14 4
v 15 4
v 16 4
v 17 4
v 18 4
v 19 4
v 20 4
v 21 4
v 22 4
v 23 4
v 24 4
e 0 8 1
e 0 10 1
e 1 8 2
e 2 4 1
e 2 5 1
e 2 13 1
e 3 4 2
e 3 6 1
e 3 7 1
e 4 8 1
e 5 6 2
e 5 9 1
e 6 12 1
e 7 14 1
e 7 15 1
e 7 16 1
e 9 17 1
e 9 18 1
e 9 19 1
e 10 11 1
e 10 20 1
e 10 21 1
e 11 22 1
e 11 23 1
e 11 24 1
t # 60767
v 0 3
v 1 3
v 2 3
v 3 3
v 4 3
v 5 3
v 6 3
v 7 3
v 8 4
v 9 4
v 10 4
v 11 4
v 12 4
v 13 4
v 14 4
v 15 4
v 16 4
v 17 4
e 0 1 2
e 0 2 1
e 0 3 1
e 1 4 1
e 1 5 1
e 2 6 2
e 2 8 1
e 3 7 2
e 3 9 1
e 4 10 1
e 4 11 1
e 4 12 1
e 5 13 1
e 5 14 1
e 5 15 1
e 6 7 1
e 6 16 1
e 7 17 1
t # 60768
v 0 1
v 1 2
v 2 3
v 3 3
v 4 3
v 5 3
v 6 3
v 7 3
v 8 3
v 9 4
v 10 4
v 11 4
v 12 4
v 13 4
v 14 4
v 15 4
v 16 4
v 17 4
v 18 4
v 19 4
v 20 4
v 21 4
e 0 21 1
e 1 8 2
e 2 3 1
e 2 4 1
e 2 9 1
e 2 10 1
e 3 5 1
e 3 11 1
e 3 12 1
e 4 6 1
e 4 13 1
e 4 14 1
e 5 7 1
e 5 15 1
e 5 16 1
e 6 8 1
e 6 17 1
e 6 18 1
e 7 8 1
e 7 19 1
e 7 20 1
t # 60769
v 0 1
v 1 1
v 2 1
v 3 1
v 4 3
v 5 3
v 6 3
v 7 3
v 8 3
v 9 3
v 10 3
v 11 3
v 12 3
v 13 4
v 14 4
v 15 4
v 16 4
v 17 4
v 18 4
v 19 4
v 20 4
v 21 4
v 22 4
v 23 4
v 24 4
v 25 4
v 26 4
v 27 4
v 28 4
e 0 9 1
e 0 11 1
e 1 10 1
e 1 12 1
e 2 9 2
e 3 10 2
e 4 5 1
e 4 6 1
e 4 13 1
e 4 14 1
e 5 7 1
e 5 9 1
e 5 15 1
e 6 8 1
e 6 10 1
e 6 16 1
e 7 17 1
e 7 18 1
e 7 19 1
e 8 20 1
e 8 21 1
e 8 22 1
e 11 23 1
e 11 24 1
e 11 25 1
e 12 26 1
e 12 27 1
e 12 28 1
t # 60770
v 0 1
v 1 3
v 2 3
v 3 3
v 4 3
v 5 3
v 6 3
v 7 3
v 8 3
v 9 3
v 10 3
v 11 4
v 12 4
v 13 4
v 14 4
v 15 4
v 16 4
v 17 4
v 18 4
v 19 4
v 20 4
v 21 4
v 22 4
e 0 8 2
e 1 2 1
e 1 4 2
e 1 5 1
e 2 8 1
e 2 11 1
e 2 12 1
e 3 6 2
e 3 7 1
e 3 9 1
e 4 6 1
e 4 13 1
e 5 7 2
e 5 14 1
e 6 15 1
e 7 16 1
e 8 10 1
e 9 17 1
e 9 18 1
e 9 19 1
e 10 20 1
e 10 21 1
e 10 22 1
t # 60771
v 0 1
v 1 2
v 2 3
v 3 3
v 4 3
v 5 3
v 6 3
v 7 3
v 8 3
v 9 3
v 10 3
v 11 3
v 12 3
v 13 3
v 14 3
v 15 3
v 16 3
v 17 4
v 18 4
v 19 4
v 20 4
v 21 4
v 22 4
v 23 4
v 24 4
v 25 4
v 26 4
v 27 4
e 0 2 1
e 1 3 2
e 2 4 1
e 2 6 2
e 3 5 1
e 3 6 1
e 4 7 2
e 4 8 1
e 5 9 2
e 5 10 1
e 6 17 1
e 7 11 1
e 7 18 1
e 8 12 2
e 8 19 1
e 9 13 1
e 9 20 1
e 10 14 2
e 10 21 1
e 11 15 2
e 11 22 1
e 12 15 1
e 12 23 1
e 13 16 2
e 13 24 1
e 14 16 1
e 14 25 1
e 15 26 1
e 16 27 1
t # 60772
v 0 1
v 1 1
v 2 1
v 3 2
v 4 2
v 5 3
v 6 3
v 7 3
v 8 3
v 9 3
v 10 3
v 11 3
v 12 3
v 13 4
v 14 4
v 15 4
v 16 4
v 17 4
v 18 4
v 19 4
v 20 4
v 21 4
v 22 4
v 23 4
v 24 4
v 25 4
v 26 4
v 27 4
v 28 4
e 0 11 1
e 0 28 1
e 1 10 2
e 2 11 2
e 3 6 1
e 3 10 1
e 3 15 1
e 4 9 1
e 4 26 1
e 4 27 1
e 5 6 1
e 5 7 1
e 5 8 1
e 5 13 1
e 6 11 1
e 6 14 1
e 7 16 1
e 7 17 1
e 7 18 1
e 8 19 1
e 8 20 1
e 8 21 1
e 9 10 1
e 9 12 1
e 9 22 1
e 12 23 1
e 12 24 1
e 12 25 1
t # 60773
v 0 1
v 1 2
v 2 3
v 3 3
v 4 3
v 5 3
v 6 3
v 7 3
v 8 3
v 9 4
v 10 4
v 11 4
v 12 4
v 13 4
v 14 4
v 15 4
v 16 4
v 17 4
v 18 4
v 19 4
v 20 4
v 21 4
e 0 8 2
e 1 2 1
e 1 8 1
e 1 18 1
e 2 3 1
e 2 7 1
e 2 9 1
e 3 4 1
e 3 10 1
e 3 11 1
e 4 5 1
e 4 12 1
e 4 13 1
e 5 6 1
e 5 14 1
e 5 15 1
e 6 8 1
e 6 16 1
e 6 17 1
e 7 19 1
e 7 20 1
e 7 21 1
t # 60774
v 0 14
v 1 14
v 2 14
v 3 1
v 4 2
v 5 3
v 6 3
v 7 3
v 8 3
v 9 3
v 10 3
v 11 3
v 12 3
v 13 3
v 14 3
v 15 3
v 16 3
v 17 3
v 18 3
v 19 3
v 20 4
v 21 4
v 22 4
v 23 4
v 24 4
v 25 4
v 26 4
v 27 4
v 28 4
v 29 4
v 30 4
v 31 4
e 3 9 2
e 4 6 1
e 4 9 1
e 4 23 1
e 5 7 1
e 5 9 1
e 5 20 1
e 5 21 1
e 6 10 1
e 6 11 2
e 7 13 2
e 7 14 1
e 8 10 2
e 8 12 1
e 8 16 1
e 10 22 1
e 11 15 1
e 11 24 1
e 12 15 2
e 12 25 1
e 13 17 1
e 13 26 1
e 14 18 2
e 14 27 1
e 15 28 1
e 17 19 2
e 17 29 1
e 18 19 1
e 18 30 1
e 19 31 1
t # 60775
v 0 1
v 1 1
v 2 2
v 3 3
v 4 3
v 5 3
v 6 3
v 7 3
v 8 3
v 9 3
v 10 3
v 11 3
v 12 3
v 13 3
v 14 3
v 15 3
v 16 4
v 17 4
v 18 4
v 19 4
v 20 4
v 21 4
v 22 4
v 23 4
v 24 4
v 25 4
v 26 4
e 2 12 1
e 3 4 1
e 3 5 1
e 3 16 1
e 3 17 1
e 4 6 2
e 4 7 1
e 5 8 2
e 5 9 1
e 6 10 1
e 6 18 1
e 7 11 2
e 7 19 1
e 8 13 1
e 8 20 1
e 9 14 2
e 9 21 1
e 10 12 2
e 10 22 1
e 11 12 1
e 11 23 1
e 13 15 2
e 13 24 1
e 14 15 1
e 14 25 1
e 15 26 1
t # 60776
v 0 9
v 1 1
v 2 3
v 3 3
v 4 3
v 5 3
v 6 3
v 7 3
v 8 3
v 9 3
v 10 3
v 11 3
v 12 3
v 13 3
v 14 3
v 15 3
v 16 4
v 17 4
v 18 4
v 19 4
v 20 4
v 21 4
v 22 4
v 23 4
v 24 4
v 25 4
v 26 4
v 27 4
v 28 4
v 29 4
e 1 6 1
e 1 7 1
e 2 6 1
e 2 8 2
e 3 7 1
e 3 9 2
e 4 16 1
e 4 17 1
e 4 18 1
e 5 19 1
e 5 20 1
e 5 21 1
e 6 10 2
e 7 11 2
e 8 12 1
e 8 22 1
e 9 13 1
e 9 23 1
e 10 14 1
e 10 24 1
e 11 15 1
e 11 25 1
e 12 14 2
e 12 26 1
e 13 15 2
e 13 27 1
e 14 28 1
e 15 29 1
t # 60777
v 0 27
v 1 1
v 2 1
v 3 3
v 4 3
v 5 3
v 6 3
v 7 3
v 8 3
v 9 3
v 10 3
v 11 4
v 12 4
v 13 4
v 14 4
v 15 4
v 16 4
v 17 4
e 1 10 1
e 1 17 1
e 2 10 2
e 3 4 1
e 3 5 2
e 3 6 1
e 4 10 1
e 4 11 1
e 4 12 1
e 5 7 1
e 5 13 1
e 6 8 2
e 6 14 1
e 7 9 2
e 7 15 1
e 8 9 1
e 8 16 1
t # 60778
v 0 3
v 1 3
v 2 3
v 3 3
v 4 3
v 5 3
v 6 3
v 7 3
v 8 3
v 9 3
v 10 3
v 11 3
v 12 3
v 13 3
v 14 3
v 15 3
v 16 3
v 17 3
v 18 4
v 19 4
v 20 4
v 21 4
v 22 4
v 23 4
v 24 4
v 25 4
v 26 4
v 27 4
v 28 4
v 29 4
v 30 4
v 31 4
v 32 4
v 33 4
v 34 4
v 35 4
v 36 4
v 37 4
v 38 4
v 39 4
v 40 4
v 41 4
v 42 4
v 43 4
v 44 4
v 45 4
v 46 4
v 47 4
v 48 4
v 49 4
e 0 2 1
e 0 4 1
e 0 5 1
e 0 18 1
e 1 3 1
e 1 6 1
e 1 7 1
e 1 19 1
e 2 8 1
e 2 9 1
e 2 20 1
e 3 10 1
e 3 11 1
e 3 21 1
e 4 6 1
e 4 22 1
e 4 23 1
e 5 7 1
e 5 24 1
e 5 25 1
e 6 26 1
e 6 27 1
e 7 28 1
e 7 29 1
e 8 12 1
e 8 30 1
e 8 31 1
e 9 13 1
e 9 32 1
e 9 33 1
e 10 14 1
e 10 34 1
e 10 35 1
e 11 15 1
e 11 36 1
e 11 37 1
e 12 16 1
e 12 38 1
e 12 39 1
e 13 16 1
e 13 40 1
e 13 41 1
e 14 17 1
e 14 42 1
e 14 43 1
e 15 17 1
e 15 44 1
e 15 45 1
e 16 46 1
e 16 47 1
e 17 48 1
e 17 49 1
t # 60779
v 0 1
v 1 1
v 2 1
v 3 1
v 4 3
v 5 3
v 6 3
v 7 3
v 8 3
v 9 3
v 10 3
v 11 3
v 12 3
v 13 3
v 14 4
v 15 4
v 16 4
v 17 4
v 18 4
v 19 4
v 20 4
v 21 4
v 22 4
v 23 4
v 24 4
v 25 4
v 26 4
v 27 4
v 28 4
v 29 4
e 0 4 1
e 0 10 1
e 1 5 1
e 1 11 1
e 2 10 2
e 3 11 2
e 4 5 1
e 4 6 1
e 4 14 1
e 5 7 1
e 5 15 1
e 6 8 1
e 6 16 1
e 6 17 1
e 7 9 1
e 7 18 1
e 7 19 1
e 8 9 1
e 8 20 1
e 8 21 1
e 9 22 1
e 9 23 1
e 10 12 1
e 11 13 1
e 12 24 1
e 12 25 1
e 12 26 1
e 13 27 1
e 13 28 1
e 13 29 1
t # 60780
v 0 1
v 1 3
v 2 3
v 3 3
v 4 3
v 5 3
v 6 3
v 7 3
v 8 3
v 9 3
v 10 3
v 11 4
v 12 4
v 13 4
v 14 4
v 15 4
v 16 4
v 17 4
v 18 4
v 19 4
v 20 4
v 21 4
v 22 4
v 23 4
v 24 4
v 25 4
v 26 4
v 27 4
v 28 4
e 0 1 1
e 0 28 1
e 1 2 1
e 1 3 1
e 1 4 1
e 2 5 1
e 2 6 1
e 2 11 1
e 3 7 1
e 3 12 1
e 3 13 1
e 4 8 1
e 4 14 1
e 4 15 1
e 5 9 1
e 5 16 1
e 5 17 1
e 6 10 1
e 6 18 1
e 6 19 1
e 7 9 1
e 7 20 1
e 7 21 1
e 8 10 1
e 8 22 1
e 8 23 1
e 9 24 1
e 9 25 1
e 10 26 1
e 10 27 1
t # 60781
v 0 3
v 1 3
v 2 3
v 3 3
v 4 3
v 5 3
v 6 3
v 7 3
v 8 3
v 9 3
v 10 3
v 11 4
v 12 4
v 13 4
v 14 4
v 15 4
v 16 4
v 17 4
v 18 4
v 19 4
v 20 4
v 21 4
v 22 4
v 23 4
v 24 4
e 0 1 1
e 0 3 1
e 0 4 1
e 0 11 1
e 1 2 1
e 1 12 1
e 1 13 1
e 2 5 2
e 2 6 1
e 3 14 1
e 3 15 1
e 3 16 1
e 4 10 2
e 4 17 1
e 5 7 1
e 5 18 1
e 6 8 2
e 6 19 1
e 7 9 2
e 7 20 1
e 8 9 1
e 8 21 1
e 9 22 1
e 10 23 1
e 10 24 1
t # 60782
v 0 2
v 1 2
v 2 2
v 3 2
v 4 3
v 5 3
v 6 3
v 7 3
v 8 3
v 9 3
v 10 3
v 11 3
v 12 42
v 13 42
v 14 4
v 15 4
v 16 4
v 17 4
v 18 4
v 19 4
v 20 4
v 21 4
v 22 4
v 23 4
v 24 4
v 25 4
v 26 4
v 27 4
v 28 4
v 29 4
v 30 4
v 31 4
v 32 4
v 33 4
v 34 4
v 35 4
v 36 4
v 37 4
e 0 4 1
e 0 5 1
e 1 6 1
e 1 7 1
e 2 8 1
e 2 9 1
e 3 10 1
e 3 11 1
e 4 14 1
e 4 15 1
e 4 16 1
e 5 17 1
e 5 18 1
e 5 19 1
e 6 20 1
e 6 21 1
e 6 22 1
e 7 23 1
e 7 24 1
e 7 25 1
e 8 26 1
e 8 27 1
e 8 28 1
e 9 29 1
e 9 30 1
e 9 31 1
e 10 32 1
e 10 33 1
e 10 34 1
e 11 35 1
e 11 36 1
e 11 37 1
t # 60783
v 0 3
v 1 3
v 2 3
v 3 3
v 4 3
v 5 3
v 6 3
v 7 3
v 8 3
v 9 3
v 10 3
v 11 3
v 12 3
v 13 3
v 14 3
v 15 3
v 16 3
v 17 3
v 18 3
v 19 4
v 20 4
v 21 4
v 22 4
v 23 4
v 24 4
v 25 4
v 26 4
v 27 4
v 28 4
v 29 4
v 30 4
v 31 4
v 32 4
v 33 4
v 34 4
v 35 4
v 36 4
v 37 4
v 38 4
v 39 4
v 40 4
v 41 4
v 42 4
v 43 4
v 44 4
v 45 4
v 46 4
v 47 4
v 48 4
v 49 4
v 50 4
v 51 4
v 52 4
e 0 1 1
e 0 2 1
e 0 3 1
e 0 19 1
e 1 4 1
e 1 5 1
e 1 20 1
e 2 6 1
e 2 7 1
e 2 21 1
e 3 8 1
e 3 9 1
e 3 22 1
e 4 10 1
e 4 23 1
e 4 24 1
e 5 11 1
e 5 25 1
e 5 26 1
e 6 12 1
e 6 27 1
e 6 28 1
e 7 13 1
e 7 29 1
e 7 30 1
e 8 14 1
e 8 31 1
e 8 32 1
e 9 15 1
e 9 33 1
e 9 34 1
e 10 16 1
e 10 35 1
e 10 36 1
e 11 16 1
e 11 37 1
e 11 38 1
e 12 17 1
e 12 39 1
e 12 40 1
e 13 17 1
e 13 41 1
e 13 42 1
e 14 18 1
e 14 43 1
e 14 44 1
e 15 18 1
e 15 45 1
e 15 46 1
e 16 47 1
e 16 48 1
e 17 49 1
e 17 50 1
e 18 51 1
e 18 52 1
t # 60784
v 0 2
v 1 2
v 2 3
v 3 3
v 4 3
v 5 3
v 6 4
v 7 4
v 8 4
v 9 4
v 10 4
v 11 4
v 12 4
v 13 4
e 0 3 1
e 0 5 1
e 0 12 1
e 1 4 1
e 1 5 2
e 2 3 1
e 2 4 1
e 2 6 1
e 2 7 1
e 3 8 1
e 3 9 1
e 4 10 1
e 4 11 1
e 5 13 1
t # 60785
v 0 3
v 1 3
v 2 3
v 3 3
v 4 3
v 5 3
v 6 3
v 7 3
v 8 3
v 9 3
v 10 3
v 11 4
v 12 4
v 13 4
v 14 4
v 15 4
v 16 4
v 17 4
v 18 4
v 19 4
v 20 4
v 21 4
v 22 4
v 23 4
v 24 4
v 25 4
v 26 4
v 27 4
v 28 4
v 29 4
v 30 4
e 0 1 1
e 0 2 1
e 0 3 1
e 0 11 1
e 1 4 1
e 1 5 1
e 1 12 1
e 2 6 1
e 2 13 1
e 2 14 1
e 3 7 1
e 3 15 1
e 3 16 1
e 4 8 1
e 4 17 1
e 4 18 1
e 5 9 1
e 5 19 1
e 5 20 1
e 6 7 1
e 6 21 1
e 6 22 1
e 7 23 1
e 7 24 1
e 8 10 1
e 8 25 1
e 8 26 1
e 9 10 1
e 9 27 1
e 9 28 1
e 10 29 1
e 10 30 1
t # 60786
v 0 12
v 1 12
v 2 3
v 3 3
v 4 3
v 5 3
v 6 3
v 7 3
v 8 3
v 9 3
v 10 3
v 11 3
v 12 3
v 13 4
v 14 4
v 15 4
v 16 4
v 17 4
v 18 4
v 19 4
v 20 4
v 21 4
v 22 4
v 23 4
v 24 4
v 25 4
v 26 4
e 0 9 1
e 1 10 1
e 2 3 2
e 2 4 1
e 2 8 1
e 3 5 1
e 3 9 1
e 4 6 2
e 4 10 1
e 5 7 2
e 5 11 1
e 6 7 1
e 6 12 1
e 7 13 1
e 8 14 1
e 8 15 1
e 8 16 1
e 9 17 1
e 9 18 1
e 10 19 1
e 10 20 1
e 11 21 1
e 11 22 1
e 11 23 1
e 12 24 1
e 12 25 1
e 12 26 1
t # 60787
v 0 1
v 1 3
v 2 3
v 3 3
v 4 3
v 5 3
v 6 3
v 7 3
v 8 3
v 9 3
v 10 3
v 11 3
v 12 3
v 13 3
v 14 3
v 15 3
v 16 3
v 17 4
v 18 4
v 19 4
v 20 4
v 21 4
v 22 4
v 23 4
v 24 4
v 25 4
v 26 4
v 27 4
v 28 4
v 29 4
v 30 4
v 31 4
v 32 4
e 0 5 2
e 1 2 1
e 1 3 1
e 1 4 1
e 1 17 1
e 2 5 1
e 2 18 1
e 2 19 1
e 3 6 2
e 3 7 1
e 4 20 1
e 4 21 1
e 4 22 1
e 5 8 1
e 6 9 1
e 6 23 1
e 7 10 2
e 7 24 1
e 8 12 2
e 8 13 1
e 9 11 2
e 9 25 1
e 10 11 1
e 10 26 1
e 11 29 1
e 12 14 1
e 12 27 1
e 13 15 2
e 13 28 1
e 14 16 2
e 14 30 1
e 15 16 1
e 15 31 1
e 16 32 1
t # 60788
v 0 1
v 1 3
v 2 3
v 3 3
v 4 3
v 5 3
v 6 3
v 7 3
v 8 3
v 9 3
v 10 4
v 11 4
v 12 4
v 13 4
v 14 4
v 15 4
v 16 4
v 17 4
v 18 4
v 19 4
v 20 4
v 21 4
v 22 4
v 23 4
v 24 4
v 25 4
v 26 4
v 27 4
e 0 1 1
e 0 22 1
e 1 2 1
e 1 3 1
e 1 6 1
e 2 4 1
e 2 10 1
e 2 11 1
e 3 5 1
e 3 12 1
e 3 13 1
e 4 5 1
e 4 14 1
e 4 15 1
e 5 16 1
e 5 17 1
e 6 7 1
e 6 18 1
e 6 19 1
e 7 8 1
e 7 20 1
e 7 21 1
e 8 9 1
e 8 23 1
e 8 24 1
e 9 25 1
e 9 26 1
e 9 27 1
t # 60789
v 0 1
v 1 3
v 2 3
v 3 3
v 4 3
v 5 3
v 6 3
v 7 3
v 8 4
v 9 4
v 10 4
v 11 4
v 12 4
v 13 4
v 14 4
v 15 4
v 16 4
v 17 4
v 18 4
v 19 4
v 20 4
v 21 4
e 0 1 1
e 0 18 1
e 1 2 1
e 1 3 1
e 1 6 1
e 2 4 1
e 2 8 1
e 2 9 1
e 3 5 1
e 3 10 1
e 3 11 1
e 4 5 1
e 4 12 1
e 4 13 1
e 5 14 1
e 5 15 1
e 6 7 1
e 6 16 1
e 6 17 1
e 7 19 1
e 7 20 1
e 7 21 1
t # 60790
v 0 2
v 1 2
v 2 3
v 3 3
v 4 3
v 5 3
v 6 3
v 7 3
v 8 3
v 9 3
v 10 3
v 11 3
v 12 3
v 13 3
v 14 3
v 15 3
v 16 3
v 17 3
v 18 3
v 19 4
v 20 4
v 21 4
v 22 4
v 23 4
v 24 4
v 25 4
v 26 4
v 27 4
v 28 4
v 29 4
v 30 4
v 31 4
v 32 4
v 33 4
v 34 4
e 0 2 1
e 0 11 1
e 0 12 1
e 2 4 2
e 2 5 1
e 3 6 2
e 3 7 1
e 3 8 1
e 4 6 1
e 4 19 1
e 5 7 2
e 5 20 1
e 6 21 1
e 7 22 1
e 8 9 2
e 8 23 1
e 9 10 1
e 9 18 1
e 10 13 2
e 10 14 1
e 11 24 1
e 11 25 1
e 11 26 1
e 12 27 1
e 12 28 1
e 12 29 1
e 13 15 1
e 13 30 1
e 14 16 2
e 14 31 1
e 15 17 2
e 15 32 1
e 16 17 1
e 16 33 1
e 17 34 1
t # 60791
v 0 12
v 1 1
v 2 2
v 3 2
v 4 3
v 5 3
v 6 3
v 7 3
v 8 3
v 9 3
v 10 3
v 11 3
v 12 3
v 13 3
v 14 3
v 15 3
v 16 4
v 17 4
v 18 4
v 19 4
v 20 4
v 21 4
v 22 4
e 0 13 1
e 2 4 2
e 2 5 1
e 3 6 2
e 3 7 1
e 4 6 1
e 4 8 1
e 5 7 1
e 5 9 2
e 6 10 1
e 7 11 2
e 8 12 2
e 8 16 1
e 9 14 1
e 9 17 1
e 10 13 2
e 10 18 1
e 11 15 1
e 11 19 1
e 12 13 1
e 12 20 1
e 14 15 2
e 14 21 1
e 15 22 1
t # 60792
v 0 1
v 1 1
v 2 2
v 3 2
v 4 2
v 5 3
v 6 3
v 7 3
v 8 3
v 9 3
v 10 3
v 11 3
v 12 3
v 13 3
v 14 4
v 15 4
v 16 4
v 17 4
v 18 4
v 19 4
v 20 4
v 21 4
v 22 4
v 23 4
v 24 4
e 2 11 1
e 2 12 1
e 2 13 1
e 3 5 1
e 3 11 2
e 4 6 1
e 5 7 2
e 5 8 1
e 6 9 2
e 6 10 1
e 7 9 1
e 7 14 1
e 8 10 2
e 8 15 1
e 9 16 1
e 10 17 1
e 11 18 1
e 12 19 1
e 12 20 1
e 12 21 1
e 13 22 1
e 13 23 1
e 13 24 1
t # 60793
v 0 18
v 1 18
v 2 3
v 3 3
v 4 3
v 5 3
v 6 3
v 7 3
v 8 3
v 9 3
v 10 3
v 11 4
v 12 4
v 13 4
v 14 4
v 15 4
v 16 4
v 17 4
v 18 4
v 19 4
v 20 4
v 21 4
v 22 4
v 23 4
v 24 4
e 2 3 1
e 2 4 1
e 2 5 1
e 2 11 1
e 3 4 1
e 3 6 1
e 3 12 1
e 5 7 1
e 5 13 1
e 5 14 1
e 6 8 1
e 6 15 1
e 6 16 1
e 7 9 1
e 7 17 1
e 7 18 1
e 8 10 1
e 8 19 1
e 8 20 1
e 9 10 1
e 9 21 1
e 9 22 1
e 10 23 1
e 10 24 1
t # 60794
v 0 1
v 1 3
v 2 3
v 3 3
v 4 3
v 5 3
v 6 3
v 7 3
v 8 3
v 9 4
v 10 4
v 11 4
v 12 4
v 13 4
v 14 4
v 15 4
v 16 4
v 17 4
v 18 4
v 19 4
v 20 4
v 21 4
v 22 4
e 0 5 2
e 1 2 1
e 1 5 1
e 1 7 1
e 1 8 1
e 2 3 1
e 2 9 1
e 2 10 1
e 3 4 1
e 3 11 1
e 3 12 1
e 4 6 1
e 4 13 1
e 4 14 1
e 5 6 1
e 6 15 1
e 6 16 1
e 7 17 1
e 7 18 1
e 7 19 1
e 8 20 1
e 8 21 1
e 8 22 1
t # 60795
v 0 1
v 1 1
v 2 1
v 3 1
v 4 2
v 5 3
v 6 3
v 7 3
v 8 3
v 9 3
v 10 3
v 11 3
v 12 3
v 13 3
v 14 3
v 15 4
v 16 4
v 17 4
v 18 4
v 19 4
v 20 4
v 21 4
v 22 4
v 23 4
v 24 4
v 25 4
e 0 12 1
e 0 24 1
e 1 13 1
e 1 25 1
e 2 12 2
e 3 13 2
e 4 5 1
e 4 6 1
e 4 7 1
e 5 8 2
e 5 9 1
e 6 12 1
e 6 15 1
e 6 16 1
e 7 13 1
e 7 17 1
e 7 18 1
e 8 10 1
e 8 19 1
e 9 11 2
e 9 20 1
e 10 14 2
e 10 21 1
e 11 14 1
e 11 22 1
e 14 23 1
t # 60796
v 0 1
v 1 3
v 2 3
v 3 3
v 4 3
v 5 3
v 6 3
v 7 3
v 8 3
v 9 4
v 10 4
v 11 4
v 12 4
v 13 4
v 14 4
v 15 4
v 16 4
v 17 4
v 18 4
v 19 4
v 20 4
v 21 4
v 22 4
e 0 7 2
e 1 2 1
e 1 3 1
e 1 6 1
e 1 9 1
e 2 4 1
e 2 10 1
e 2 11 1
e 3 5 1
e 3 12 1
e 3 13 1
e 4 5 1
e 4 14 1
e 4 15 1
e 5 16 1
e 5 17 1
e 6 7 1
e 6 18 1
e 6 19 1
e 7 8 1
e 8 20 1
e 8 21 1
e 8 22 1
t # 60797
v 0 1
v 1 1
v 2 2
v 3 3
v 4 3
v 5 3
v 6 3
v 7 3
v 8 4
v 9 4
v 10 4
v 11 4
v 12 4
v 13 4
v 14 4
v 15 4
v 16 4
e 0 3 1
e 0 7 1
e 1 7 2
e 2 4 1
e 2 7 1
e 2 16 1
e 3 4 1
e 3 5 1
e 3 6 1
e 4 8 1
e 4 9 1
e 5 10 1
e 5 11 1
e 5 12 1
e 6 13 1
e 6 14 1
e 6 15 1
t # 60798
v 0 1
v 1 3
v 2 3
v 3 3
v 4 3
v 5 3
v 6 3
v 7 3
v 8 4
v 9 4
v 10 4
v 11 4
v 12 4
v 13 4
v 14 4
v 15 4
v 16 4
v 17 4
e 0 5 2
e 1 2 1
e 1 3 1
e 1 8 1
e 1 9 1
e 2 5 1
e 2 10 1
e 2 11 1
e 3 6 1
e 3 12 1
e 3 13 1
e 4 5 1
e 4 6 2
e 4 7 1
e 6 14 1
e 7 15 1
e 7 16 1
e 7 17 1
t # 60799
v 0 2
v 1 2
v 2 3
v 3 3
v 4 3
v 5 3
v 6 3
v 7 4
v 8 4
v 9 4
v 10 4
v 11 4
v 12 4
e 0 5 1
e 1 6 1
e 2 3 1
e 2 4 1
e 2 5 2
e 3 7 1
e 3 8 1
e 3 9 1
e 4 6 2
e 4 10 1
e 5 11 1
e 6 12 1
