t # 28100
v 0 1
v 1 3
v 2 3
v 3 3
v 4 3
v 5 3
v 6 3
v 7 3
v 8 3
v 9 3
v 10 3
v 11 3
v 12 3
v 13 3
v 14 3
v 15 3
v 16 3
v 17 4
v 18 4
v 19 4
v 20 4
v 21 4
v 22 4
v 23 4
v 24 4
v 25 4
v 26 4
v 27 4
v 28 4
v 29 4
v 30 4
v 31 4
v 32 4
v 33 4
v 34 4
v 35 4
v 36 4
v 37 4
v 38 4
e 0 7 2
e 1 2 1
e 1 3 1
e 1 7 1
e 1 17 1
e 2 8 1
e 2 9 1
e 2 10 1
e 3 5 1
e 3 18 1
e 3 19 1
e 4 5 1
e 4 6 1
e 4 11 1
e 4 20 1
e 5 21 1
e 5 22 1
e 6 7 1
e 6 23 1
e 6 24 1
e 8 12 2
e 8 13 1
e 9 25 1
e 9 26 1
e 9 27 1
e 10 28 1
e 10 29 1
e 10 30 1
e 11 31 1
e 11 32 1
e 11 33 1
e 12 14 1
e 12 34 1
e 13 15 2
e 13 35 1
e 14 16 2
e 14 36 1
e 15 16 1
e 15 37 1
e 16 38 1
t # 28101
v 0 1
v 1 1
v 2 1
v 3 3
v 4 3
v 5 3
v 6 3
v 7 3
v 8 3
v 9 3
v 10 3
v 11 3
v 12 3
v 13 3
v 14 3
v 15 3
v 16 3
v 17 4
v 18 4
v 19 4
v 20 4
v 21 4
v 22 4
v 23 4
v 24 4
v 25 4
v 26 4
v 27 4
v 28 4
v 29 4
v 30 4
v 31 4
v 32 4
e 0 7 1
e 0 9 1
e 1 6 2
e 2 9 2
e 3 4 1
e 3 6 1
e 3 17 1
e 3 18 1
e 4 12 1
e 4 19 1
e 4 20 1
e 5 6 1
e 5 9 1
e 5 21 1
e 5 22 1
e 7 8 1
e 7 23 1
e 7 24 1
e 8 10 2
e 8 11 1
e 10 13 1
e 10 25 1
e 11 14 2
e 11 26 1
e 12 16 2
e 12 27 1
e 13 15 2
e 13 28 1
e 14 15 1
e 14 29 1
e 15 30 1
e 16 31 1
e 16 32 1
t # 28102
v 0 8
v 1 1
v 2 1
v 3 1
v 4 1
v 5 1
v 6 3
v 7 3
v 8 3
v 9 3
v 10 3
v 11 3
v 12 4
v 13 4
v 14 4
v 15 4
v 16 4
v 17 4
v 18 4
v 19 4
v 20 4
v 21 4
v 22 4
v 23 4
v 24 4
e 1 9 1
e 2 10 1
e 4 8 1
e 4 11 1
e 5 7 2
e 6 7 1
e 6 12 1
e 6 13 1
e 7 8 1
e 8 14 1
e 8 15 1
e 9 16 1
e 9 17 1
e 9 18 1
e 10 19 1
e 10 20 1
e 10 21 1
e 11 22 1
e 11 23 1
e 11 24 1
t # 28103
v 0 1
v 1 3
v 2 3
v 3 3
v 4 3
v 5 3
v 6 3
v 7 3
v 8 3
v 9 3
v 10 3
v 11 3
v 12 3
v 13 3
v 14 4
v 15 4
v 16 4
v 17 4
v 18 4
v 19 4
v 20 4
v 21 4
v 22 4
v 23 4
v 24 4
v 25 4
v 26 4
v 27 4
v 28 4
v 29 4
v 30 4
v 31 4
e 0 10 2
e 1 2 1
e 1 3 1
e 1 4 1
e 1 14 1
e 2 5 1
e 2 8 2
e 3 6 1
e 3 15 1
e 3 16 1
e 4 9 1
e 4 17 1
e 4 18 1
e 5 7 1
e 5 19 1
e 5 20 1
e 6 7 1
e 6 21 1
e 6 22 1
e 7 23 1
e 7 24 1
e 8 10 1
e 8 11 1
e 9 10 1
e 9 25 1
e 9 26 1
e 11 12 1
e 11 27 1
e 11 28 1
e 12 13 2
e 12 29 1
e 13 30 1
e 13 31 1
t # 28104
v 0 1
v 1 3
v 2 3
v 3 3
v 4 3
v 5 3
v 6 3
v 7 3
v 8 3
v 9 3
v 10 3
v 11 3
v 12 3
v 13 3
v 14 4
v 15 4
v 16 4
v 17 4
v 18 4
v 19 4
v 20 4
v 21 4
v 22 4
v 23 4
v 24 4
v 25 4
v 26 4
v 27 4
v 28 4
v 29 4
e 0 9 2
e 1 2 1
e 1 3 1
e 1 4 1
e 1 14 1
e 2 6 1
e 2 15 1
e 2 16 1
e 3 5 1
e 3 8 2
e 4 7 1
e 4 17 1
e 4 18 1
e 5 6 2
e 5 10 1
e 6 11 1
e 7 9 1
e 7 19 1
e 7 20 1
e 8 9 1
e 8 21 1
e 10 12 1
e 10 22 1
e 10 23 1
e 11 24 1
e 11 25 1
e 11 26 1
e 12 13 2
e 12 27 1
e 13 28 1
e 13 29 1
t # 28105
v 0 1
v 1 1
v 2 1
v 3 3
v 4 3
v 5 3
v 6 3
v 7 3
v 8 3
v 9 3
v 10 3
v 11 3
v 12 3
v 13 3
v 14 3
v 15 3
v 16 4
v 17 4
v 18 4
v 19 4
v 20 4
v 21 4
v 22 4
v 23 4
v 24 4
v 25 4
v 26 4
v 27 4
v 28 4
v 29 4
v 30 4
v 31 4
v 32 4
v 33 4
e 0 13 1
e 0 14 1
e 1 12 2
e 2 13 2
e 3 4 1
e 3 5 1
e 3 6 1
e 3 16 1
e 4 10 1
e 4 13 1
e 4 17 1
e 5 7 1
e 5 18 1
e 5 19 1
e 6 8 1
e 6 11 2
e 7 9 1
e 7 20 1
e 7 21 1
e 8 9 1
e 8 22 1
e 8 23 1
e 9 24 1
e 9 25 1
e 10 12 1
e 10 26 1
e 10 27 1
e 11 12 1
e 11 28 1
e 14 15 1
e 14 29 1
e 14 30 1
e 15 31 1
e 15 32 1
e 15 33 1
t # 28106
v 0 1
v 1 1
v 2 3
v 3 3
v 4 3
v 5 3
v 6 3
v 7 3
v 8 3
v 9 4
v 10 4
v 11 4
v 12 4
v 13 4
v 14 4
v 15 4
v 16 4
e 0 2 1
e 0 7 1
e 1 7 2
e 2 3 1
e 2 5 1
e 2 9 1
e 3 4 1
e 3 10 1
e 3 11 1
e 4 6 1
e 4 7 1
e 4 12 1
e 5 8 1
e 5 13 1
e 5 14 1
e 6 8 2
e 6 15 1
e 8 16 1
t # 28107
v 0 11
v 1 1
v 2 1
v 3 1
v 4 1
v 5 1
v 6 2
v 7 3
v 8 3
v 9 3
v 10 3
v 11 3
v 12 3
v 13 3
v 14 3
v 15 3
v 16 3
v 17 3
v 18 3
v 19 3
v 20 3
v 21 4
v 22 4
v 23 4
v 24 4
v 25 4
v 26 4
v 27 4
v 28 4
v 29 4
v 30 4
v 31 4
v 32 4
v 33 4
v 34 4
v 35 4
v 36 4
v 37 4
v 38 4
v 39 4
v 40 4
v 41 4
e 0 3 2
e 0 4 2
e 0 8 1
e 1 7 1
e 1 20 1
e 5 20 2
e 6 20 1
e 6 41 1
e 7 11 1
e 7 12 1
e 7 13 1
e 8 9 2
e 8 10 1
e 9 15 1
e 9 17 1
e 10 16 2
e 10 18 1
e 11 21 1
e 11 22 1
e 11 23 1
e 12 24 1
e 12 25 1
e 12 26 1
e 13 27 1
e 13 28 1
e 13 29 1
e 14 15 2
e 14 16 1
e 14 19 1
e 15 30 1
e 16 31 1
e 17 32 1
e 17 33 1
e 17 34 1
e 18 35 1
e 18 36 1
e 18 37 1
e 19 38 1
e 19 39 1
e 19 40 1
t # 28108
v 0 1
v 1 1
v 2 1
v 3 1
v 4 2
v 5 3
v 6 3
v 7 3
v 8 3
v 9 3
v 10 3
v 11 3
v 12 3
v 13 3
v 14 3
v 15 3
v 16 3
v 17 3
v 18 3
v 19 3
v 20 3
v 21 4
v 22 4
v 23 4
v 24 4
v 25 4
v 26 4
v 27 4
v 28 4
v 29 4
e 0 7 1
e 0 8 1
e 1 9 2
e 2 12 2
e 3 13 2
e 4 13 1
e 4 15 1
e 4 22 1
e 5 6 1
e 5 7 2
e 5 9 1
e 6 8 2
e 6 13 1
e 7 12 1
e 8 14 1
e 9 10 1
e 10 11 1
e 10 16 2
e 11 12 1
e 11 17 2
e 14 15 2
e 14 21 1
e 15 18 1
e 16 19 1
e 16 23 1
e 17 20 1
e 17 24 1
e 18 25 1
e 18 26 1
e 18 27 1
e 19 20 2
e 19 28 1
e 20 29 1
t # 28109
v 0 11
v 1 11
v 2 1
v 3 2
v 4 2
v 5 2
v 6 2
v 7 3
v 8 3
v 9 3
v 10 3
v 11 3
v 12 3
v 13 3
v 14 3
v 15 3
v 16 3
v 17 3
v 18 3
v 19 3
v 20 3
v 21 3
v 22 3
v 23 3
v 24 3
v 25 3
v 26 3
v 27 3
v 28 3
v 29 3
v 30 3
v 31 3
v 32 3
v 33 3
v 34 4
v 35 4
v 36 4
v 37 4
v 38 4
v 39 4
v 40 4
v 41 4
v 42 4
v 43 4
v 44 4
v 45 4
v 46 4
v 47 4
v 48 4
v 49 4
v 50 4
v 51 4
v 52 4
v 53 4
v 54 4
v 55 4
v 56 4
v 57 4
v 58 4
v 59 4
v 60 4
v 61 4
e 0 10 1
e 0 15 1
e 1 11 1
e 1 16 1
e 2 9 1
e 2 57 1
e 3 19 1
e 3 21 1
e 3 48 1
e 4 20 1
e 4 22 1
e 4 49 1
e 5 19 2
e 5 23 1
e 6 20 2
e 6 24 1
e 7 9 2
e 7 10 1
e 7 17 1
e 8 9 1
e 8 11 1
e 8 18 2
e 10 34 1
e 10 35 1
e 11 36 1
e 11 37 1
e 12 15 1
e 12 19 1
e 12 38 1
e 12 39 1
e 13 16 1
e 13 20 1
e 13 40 1
e 13 41 1
e 14 17 2
e 14 18 1
e 14 25 1
e 15 42 1
e 15 43 1
e 16 44 1
e 16 45 1
e 17 46 1
e 18 47 1
e 21 23 1
e 21 26 2
e 22 24 1
e 22 27 2
e 23 28 2
e 24 29 2
e 25 50 1
e 25 51 1
e 25 52 1
e 26 30 1
e 26 53 1
e 27 31 1
e 27 54 1
e 28 32 1
e 28 55 1
e 29 33 1
e 29 56 1
e 30 32 2
e 30 58 1
e 31 33 2
e 31 59 1
e 32 60 1
e 33 61 1
t # 28110
v 0 41
v 1 1
v 2 1
v 3 3
v 4 3
v 5 3
v 6 3
v 7 3
v 8 3
v 9 3
v 10 3
v 11 3
v 12 3
v 13 3
v 14 4
v 15 4
v 16 4
v 17 4
v 18 4
v 19 4
v 20 4
v 21 4
v 22 4
v 23 4
v 24 4
v 25 4
v 26 4
v 27 4
v 28 4
v 29 4
v 30 4
v 31 4
v 32 4
v 33 4
e 1 3 1
e 1 4 1
e 2 6 1
e 2 24 1
e 3 4 1
e 3 6 1
e 3 7 1
e 4 5 1
e 4 14 1
e 5 8 1
e 5 15 1
e 5 16 1
e 6 17 1
e 6 18 1
e 7 19 1
e 7 20 1
e 7 21 1
e 8 9 1
e 8 22 1
e 8 23 1
e 11 25 1
e 11 26 1
e 11 27 1
e 12 28 1
e 12 29 1
e 12 30 1
e 13 31 1
e 13 32 1
e 13 33 1
t # 28111
v 0 41
v 1 1
v 2 1
v 3 3
v 4 3
v 5 3
v 6 3
v 7 3
v 8 3
v 9 3
v 10 3
v 11 3
v 12 3
v 13 3
v 14 3
v 15 4
v 16 4
v 17 4
v 18 4
v 19 4
v 20 4
v 21 4
v 22 4
v 23 4
v 24 4
v 25 4
v 26 4
v 27 4
v 28 4
v 29 4
v 30 4
v 31 4
v 32 4
v 33 4
v 34 4
v 35 4
v 36 4
v 37 4
v 38 4
e 1 9 1
e 2 14 1
e 2 38 1
e 3 4 1
e 3 5 1
e 3 6 1
e 4 15 1
e 4 16 1
e 4 17 1
e 5 18 1
e 5 19 1
e 5 20 1
e 6 21 1
e 6 22 1
e 6 23 1
e 7 24 1
e 7 25 1
e 7 26 1
e 8 27 1
e 8 28 1
e 8 29 1
e 9 10 1
e 9 30 1
e 9 31 1
e 10 11 1
e 10 32 1
e 10 33 1
e 11 12 1
e 11 34 1
e 11 35 1
e 13 14 1
e 14 36 1
e 14 37 1
t # 28112
v 0 1
v 1 1
v 2 3
v 3 3
v 4 3
v 5 3
v 6 3
v 7 3
v 8 3
v 9 4
v 10 4
v 11 4
v 12 4
v 13 4
v 14 4
v 15 4
v 16 4
v 17 4
v 18 4
v 19 4
v 20 4
e 0 2 1
e 0 4 1
e 1 2 1
e 1 7 1
e 2 5 1
e 2 9 1
e 3 4 1
e 3 6 1
e 3 10 1
e 3 11 1
e 4 12 1
e 4 13 1
e 5 6 2
e 5 14 1
e 6 15 1
e 7 8 1
e 7 16 1
e 7 17 1
e 8 18 1
e 8 19 1
e 8 20 1
t # 28113
v 0 8
v 1 1
v 2 1
v 3 1
v 4 1
v 5 1
v 6 2
v 7 2
v 8 2
v 9 3
v 10 3
v 11 3
v 12 3
v 13 3
v 14 3
v 15 3
v 16 3
v 17 3
v 18 3
v 19 3
v 20 3
v 21 3
v 22 3
v 23 3
v 24 4
v 25 4
v 26 4
v 27 4
v 28 4
v 29 4
v 30 4
v 31 4
v 32 4
v 33 4
v 34 4
v 35 4
v 36 4
v 37 4
v 38 4
v 39 4
v 40 4
v 41 4
v 42 4
v 43 4
v 44 4
v 45 4
v 46 4
v 47 4
e 1 18 1
e 1 23 1
e 2 45 1
e 3 46 1
e 4 47 1
e 6 9 1
e 6 13 1
e 6 29 1
e 7 14 1
e 7 37 1
e 7 38 1
e 8 15 1
e 8 22 2
e 9 10 1
e 9 12 1
e 9 24 1
e 10 11 1
e 10 25 1
e 10 26 1
e 11 14 1
e 11 27 1
e 11 28 1
e 12 30 1
e 12 31 1
e 12 32 1
e 13 15 2
e 13 16 1
e 14 33 1
e 14 34 1
e 15 17 1
e 16 18 2
e 16 35 1
e 17 19 2
e 17 20 1
e 18 19 1
e 19 36 1
e 20 21 2
e 20 39 1
e 21 22 1
e 21 40 1
e 22 41 1
e 23 42 1
e 23 43 1
e 23 44 1
t # 28114
v 0 1
v 1 1
v 2 3
v 3 3
v 4 3
v 5 3
v 6 3
v 7 3
v 8 3
v 9 3
v 10 3
v 11 4
v 12 4
v 13 4
v 14 4
v 15 4
v 16 4
v 17 4
v 18 4
v 19 4
v 20 4
v 21 4
v 22 4
e 0 9 1
e 0 22 1
e 1 10 2
e 2 3 1
e 2 4 1
e 2 7 1
e 2 11 1
e 3 5 1
e 3 12 1
e 3 13 1
e 4 6 1
e 4 9 2
e 5 8 1
e 5 14 1
e 5 15 1
e 6 8 1
e 6 16 1
e 6 17 1
e 7 10 1
e 7 18 1
e 7 19 1
e 8 20 1
e 8 21 1
e 9 10 1
t # 28115
v 0 11
v 1 11
v 2 1
v 3 3
v 4 3
v 5 3
v 6 3
v 7 3
v 8 3
v 9 3
v 10 3
v 11 3
v 12 3
v 13 3
v 14 4
v 15 4
v 16 4
v 17 4
v 18 4
v 19 4
v 20 4
v 21 4
v 22 4
v 23 4
v 24 4
v 25 4
v 26 4
v 27 4
v 28 4
v 29 4
e 0 5 1
e 0 12 1
e 1 5 1
e 1 13 1
e 2 9 2
e 3 4 1
e 3 5 1
e 3 6 1
e 3 14 1
e 4 7 1
e 4 8 1
e 4 15 1
e 5 9 1
e 6 10 1
e 6 16 1
e 6 17 1
e 7 9 1
e 7 18 1
e 7 19 1
e 8 11 1
e 8 20 1
e 8 21 1
e 10 11 1
e 10 22 1
e 10 23 1
e 11 24 1
e 11 25 1
e 12 13 1
e 12 26 1
e 12 27 1
e 13 28 1
e 13 29 1
t # 28116
v 0 1
v 1 1
v 2 1
v 3 1
v 4 2
v 5 3
v 6 3
v 7 3
v 8 3
v 9 3
v 10 3
v 11 3
v 12 3
v 13 3
v 14 3
v 15 3
v 16 3
v 17 3
v 18 3
v 19 3
v 20 4
v 21 4
v 22 4
v 23 4
v 24 4
v 25 4
v 26 4
v 27 4
v 28 4
v 29 4
v 30 4
v 31 4
v 32 4
v 33 4
v 34 4
v 35 4
v 36 4
v 37 4
v 38 4
v 39 4
v 40 4
e 0 9 1
e 0 16 1
e 1 9 1
e 1 17 1
e 2 10 1
e 2 18 1
e 3 10 1
e 3 19 1
e 5 6 1
e 5 7 1
e 5 8 1
e 5 15 1
e 6 11 1
e 6 12 1
e 6 20 1
e 7 9 1
e 7 21 1
e 7 22 1
e 8 10 1
e 8 23 1
e 8 24 1
e 9 13 1
e 10 14 1
e 11 13 1
e 11 25 1
e 11 26 1
e 12 14 1
e 12 27 1
e 12 28 1
e 13 29 1
e 13 30 1
e 14 31 1
e 14 32 1
e 16 17 1
e 16 33 1
e 16 34 1
e 17 35 1
e 17 36 1
e 18 19 1
e 18 37 1
e 18 38 1
e 19 39 1
e 19 40 1
t # 28117
v 0 1
v 1 1
v 2 1
v 3 3
v 4 3
v 5 3
v 6 3
v 7 3
v 8 3
v 9 3
v 10 3
v 11 3
v 12 3
v 13 3
v 14 3
v 15 3
v 16 3
v 17 3
v 18 4
v 19 4
v 20 4
v 21 4
v 22 4
v 23 4
v 24 4
v 25 4
v 26 4
v 27 4
v 28 4
v 29 4
v 30 4
v 31 4
v 32 4
v 33 4
v 34 4
v 35 4
v 36 4
v 37 4
e 0 5 1
e 0 14 1
e 1 5 1
e 1 15 1
e 2 13 2
e 3 4 1
e 3 6 1
e 3 7 1
e 3 10 1
e 4 5 1
e 4 18 1
e 4 19 1
e 5 8 1
e 6 9 1
e 6 12 2
e 7 11 1
e 7 20 1
e 7 21 1
e 8 9 1
e 8 22 1
e 8 23 1
e 9 24 1
e 9 25 1
e 10 16 1
e 10 26 1
e 10 27 1
e 11 13 1
e 11 28 1
e 11 29 1
e 12 13 1
e 12 30 1
e 14 15 1
e 14 31 1
e 14 32 1
e 15 33 1
e 15 34 1
e 16 17 2
e 16 35 1
e 17 36 1
e 17 37 1
t # 28118
v 0 1
v 1 1
v 2 2
v 3 3
v 4 3
v 5 3
v 6 3
v 7 3
v 8 3
v 9 3
v 10 3
v 11 3
v 12 3
v 13 3
v 14 3
v 15 3
v 16 3
v 17 3
v 18 4
v 19 4
v 20 4
v 21 4
v 22 4
v 23 4
v 24 4
v 25 4
v 26 4
v 27 4
v 28 4
v 29 4
v 30 4
v 31 4
v 32 4
v 33 4
v 34 4
v 35 4
v 36 4
v 37 4
v 38 4
v 39 4
v 40 4
v 41 4
v 42 4
v 43 4
v 44 4
v 45 4
v 46 4
e 0 13 1
e 0 14 1
e 1 13 2
e 2 7 1
e 2 13 1
e 2 37 1
e 3 4 1
e 3 5 1
e 3 6 1
e 3 18 1
e 4 10 1
e 4 11 1
e 4 12 1
e 5 8 1
e 5 19 1
e 5 20 1
e 6 9 1
e 6 21 1
e 6 22 1
e 7 8 1
e 7 9 1
e 7 23 1
e 8 24 1
e 8 25 1
e 9 26 1
e 9 27 1
e 10 28 1
e 10 29 1
e 10 30 1
e 11 31 1
e 11 32 1
e 11 33 1
e 12 34 1
e 12 35 1
e 12 36 1
e 14 15 1
e 14 16 1
e 14 17 1
e 15 38 1
e 15 39 1
e 15 40 1
e 16 41 1
e 16 42 1
e 16 43 1
e 17 44 1
e 17 45 1
e 17 46 1
t # 28119
v 0 11
v 1 1
v 2 1
v 3 1
v 4 2
v 5 3
v 6 3
v 7 3
v 8 3
v 9 3
v 10 3
v 11 3
v 12 3
v 13 3
v 14 3
v 15 3
v 16 3
v 17 3
v 18 3
v 19 3
v 20 3
v 21 3
v 22 3
v 23 4
v 24 4
v 25 4
v 26 4
v 27 4
v 28 4
v 29 4
v 30 4
v 31 4
v 32 4
v 33 4
v 34 4
v 35 4
v 36 4
v 37 4
v 38 4
v 39 4
v 40 4
v 41 4
v 42 4
v 43 4
v 44 4
v 45 4
v 46 4
v 47 4
e 0 2 2
e 0 3 2
e 0 16 1
e 1 15 2
e 4 7 1
e 4 39 1
e 5 6 1
e 5 7 1
e 5 8 1
e 5 23 1
e 6 9 1
e 6 10 1
e 6 24 1
e 7 11 1
e 7 15 1
e 8 13 1
e 8 25 1
e 8 26 1
e 9 12 1
e 9 27 1
e 9 28 1
e 10 14 1
e 10 29 1
e 10 30 1
e 11 12 1
e 11 31 1
e 11 32 1
e 12 33 1
e 12 34 1
e 13 14 1
e 13 35 1
e 13 36 1
e 14 37 1
e 14 38 1
e 15 40 1
e 16 17 2
e 16 18 1
e 17 19 1
e 17 41 1
e 18 20 2
e 18 42 1
e 19 21 2
e 19 43 1
e 20 21 1
e 20 44 1
e 21 22 1
e 22 45 1
e 22 46 1
e 22 47 1
t # 28120
v 0 1
v 1 1
v 2 1
v 3 1
v 4 2
v 5 3
v 6 3
v 7 3
v 8 3
v 9 3
v 10 3
v 11 3
v 12 3
v 13 3
v 14 3
v 15 4
v 16 4
v 17 4
v 18 4
v 19 4
v 20 4
v 21 4
v 22 4
v 23 4
v 24 4
v 25 4
v 26 4
v 27 4
v 28 4
v 29 4
v 30 4
v 31 4
e 0 5 1
e 0 13 1
e 1 5 1
e 1 14 1
e 4 11 1
e 5 8 1
e 5 9 1
e 6 8 1
e 6 10 1
e 6 11 1
e 6 15 1
e 7 9 1
e 7 10 1
e 7 12 1
e 7 16 1
e 8 17 1
e 8 18 1
e 9 19 1
e 9 20 1
e 10 21 1
e 10 22 1
e 11 23 1
e 11 24 1
e 12 25 1
e 12 26 1
e 12 27 1
e 13 14 1
e 13 28 1
e 13 29 1
e 14 30 1
e 14 31 1
t # 28121
v 0 1
v 1 3
v 2 3
v 3 3
v 4 3
v 5 3
v 6 3
v 7 3
v 8 4
v 9 4
v 10 4
v 11 4
v 12 4
v 13 4
v 14 4
v 15 4
v 16 4
v 17 4
v 18 4
v 19 4
e 0 4 1
e 0 19 1
e 1 2 1
e 1 3 1
e 1 5 1
e 1 8 1
e 2 4 1
e 2 9 1
e 2 10 1
e 3 6 1
e 3 11 1
e 3 12 1
e 4 7 1
e 4 13 1
e 5 14 1
e 5 15 1
e 5 16 1
e 6 7 2
e 6 17 1
e 7 18 1
t # 28122
v 0 1
v 1 1
v 2 1
v 3 1
v 4 1
v 5 1
v 6 3
v 7 3
v 8 3
v 9 3
v 10 3
v 11 3
v 12 3
v 13 3
v 14 3
v 15 3
v 16 3
v 17 3
v 18 3
v 19 4
v 20 4
v 21 4
v 22 4
v 23 4
v 24 4
v 25 4
v 26 4
v 27 4
v 28 4
v 29 4
v 30 4
v 31 4
v 32 4
e 6 0 1
e 0 8 1
e 11 1 1
e 1 17 1
e 2 15 1
e 2 16 1
e 3 15 2
e 4 16 2
e 5 17 2
e 6 7 1
e 6 8 1
e 6 10 1
e 7 9 1
e 7 13 1
e 7 19 1
e 8 11 1
e 8 20 1
e 9 12 1
e 9 15 1
e 9 21 1
e 10 14 1
e 10 22 1
e 10 23 1
e 11 12 1
e 11 24 1
e 12 16 1
e 12 25 1
e 13 14 1
e 13 26 1
e 13 27 1
e 14 28 1
e 14 29 1
e 17 18 1
e 18 30 1
e 18 31 1
e 18 32 1
t # 28123
v 0 12
v 1 1
v 2 1
v 3 1
v 4 1
v 5 1
v 6 3
v 7 3
v 8 3
v 9 3
v 10 3
v 11 3
v 12 3
v 13 3
v 14 3
v 15 3
v 16 3
v 17 3
v 18 3
v 19 4
v 20 4
v 21 4
v 22 4
v 23 4
v 24 4
v 25 4
v 26 4
v 27 4
v 28 4
v 29 4
v 30 4
v 31 4
v 32 4
v 33 4
v 34 4
v 35 4
v 36 4
v 37 4
v 38 4
v 39 4
e 0 18 1
e 1 9 1
e 1 17 1
e 12 2 1
e 2 33 1
e 14 3 1
e 3 34 1
e 4 16 1
e 4 18 1
e 5 16 2
e 6 7 1
e 6 8 1
e 6 11 1
e 6 19 1
e 7 9 1
e 7 10 1
e 7 20 1
e 8 13 1
e 8 16 1
e 8 21 1
e 9 12 1
e 9 22 1
e 10 14 1
e 10 23 1
e 10 24 1
e 11 15 1
e 11 25 1
e 11 26 1
e 12 13 1
e 12 27 1
e 13 28 1
e 13 29 1
e 14 15 1
e 14 30 1
e 15 31 1
e 15 32 1
e 17 35 1
e 17 36 1
e 17 37 1
e 18 38 1
e 18 39 1
t # 28124
v 0 1
v 1 1
v 2 1
v 3 1
v 4 2
v 5 3
v 6 3
v 7 3
v 8 3
v 9 3
v 10 3
v 11 3
v 12 3
v 13 3
v 14 3
v 15 3
v 16 3
v 17 3
v 18 3
v 19 3
v 20 3
v 21 4
v 22 4
v 23 4
v 24 4
v 25 4
v 26 4
v 27 4
v 28 4
v 29 4
v 30 4
v 31 4
v 32 4
v 33 4
v 34 4
v 35 4
e 0 6 1
e 0 14 1
e 1 14 2
e 2 15 2
e 3 16 2
e 4 11 1
e 4 15 1
e 4 16 1
e 5 6 1
e 5 7 1
e 5 21 1
e 5 22 1
e 6 9 1
e 6 23 1
e 7 8 1
e 7 24 1
e 7 25 1
e 8 10 1
e 8 26 1
e 8 27 1
e 9 10 2
e 9 28 1
e 10 29 1
e 11 14 1
e 11 30 1
e 11 31 1
e 12 13 1
e 12 15 1
e 12 17 2
e 13 16 1
e 13 18 2
e 17 19 1
e 17 32 1
e 18 20 1
e 18 33 1
e 19 20 2
e 19 34 1
e 20 35 1
t # 28125
v 0 1
v 1 1
v 2 2
v 3 3
v 4 3
v 5 3
v 6 3
v 7 3
v 8 3
v 9 3
v 10 3
v 11 3
v 12 3
v 13 3
v 14 3
v 15 3
v 16 3
v 17 3
v 18 3
v 19 3
v 20 3
v 21 3
v 22 4
v 23 4
v 24 4
v 25 4
v 26 4
v 27 4
v 28 4
v 29 4
v 30 4
v 31 4
v 32 4
v 33 4
v 34 4
v 35 4
v 36 4
v 37 4
v 38 4
v 39 4
v 40 4
e 0 8 2
e 1 9 2
e 2 3 1
e 2 7 1
e 2 9 1
e 3 4 1
e 3 8 1
e 3 22 1
e 4 5 1
e 4 23 1
e 4 24 1
e 5 6 1
e 5 25 1
e 5 26 1
e 6 7 1
e 6 27 1
e 6 28 1
e 7 29 1
e 7 30 1
e 8 10 1
e 9 11 1
e 10 12 2
e 10 13 1
e 11 14 2
e 11 15 1
e 12 16 1
e 12 31 1
e 13 17 2
e 13 32 1
e 14 18 1
e 14 33 1
e 15 19 2
e 15 34 1
e 16 20 2
e 16 35 1
e 17 20 1
e 17 36 1
e 18 21 2
e 18 37 1
e 19 21 1
e 19 38 1
e 20 39 1
e 21 40 1
t # 28126
v 0 1
v 1 1
v 2 1
v 3 2
v 4 3
v 5 3
v 6 3
v 7 3
v 8 3
v 9 3
v 10 3
v 11 3
v 12 3
v 13 3
v 14 3
v 15 3
v 16 4
v 17 4
v 18 4
v 19 4
v 20 4
v 21 4
v 22 4
v 23 4
v 24 4
e 0 6 2
e 1 7 2
e 2 15 1
e 2 24 1
e 3 6 1
e 3 7 1
e 3 8 1
e 4 5 1
e 4 6 1
e 4 9 2
e 5 7 1
e 5 10 2
e 8 13 1
e 8 16 1
e 8 17 1
e 9 11 1
e 9 18 1
e 10 12 1
e 10 19 1
e 11 12 2
e 11 20 1
e 12 21 1
e 14 15 1
e 15 22 1
e 15 23 1
t # 28127
v 0 1
v 1 1
v 2 1
v 3 1
v 4 2
v 5 3
v 6 3
v 7 3
v 8 3
v 9 3
v 10 3
v 11 3
v 12 3
v 13 3
v 14 3
v 15 3
v 16 3
v 17 3
v 18 3
v 19 3
v 20 3
v 21 4
v 22 4
v 23 4
v 24 4
v 25 4
v 26 4
v 27 4
v 28 4
v 29 4
v 30 4
v 31 4
v 32 4
v 33 4
v 34 4
v 35 4
v 36 4
v 37 4
v 38 4
v 39 4
v 40 4
v 41 4
e 0 10 1
e 0 13 1
e 1 11 1
e 1 12 1
e 2 10 2
e 3 11 2
e 4 5 1
e 4 9 1
e 4 11 1
e 5 6 1
e 5 10 1
e 5 21 1
e 6 7 1
e 6 22 1
e 6 23 1
e 7 8 1
e 7 24 1
e 7 25 1
e 8 9 1
e 8 26 1
e 8 27 1
e 9 28 1
e 9 29 1
e 12 14 1
e 12 30 1
e 12 31 1
e 13 15 1
e 13 32 1
e 13 33 1
e 14 16 2
e 14 17 1
e 15 34 1
e 15 35 1
e 15 36 1
e 16 18 1
e 16 37 1
e 17 19 2
e 17 38 1
e 18 20 2
e 18 39 1
e 19 20 1
e 19 40 1
e 20 41 1
t # 28128
v 0 14
v 1 14
v 2 14
v 3 1
v 4 1
v 5 2
v 6 3
v 7 3
v 8 3
v 9 3
v 10 3
v 11 3
v 12 4
v 13 4
v 14 4
v 15 4
v 16 4
v 17 4
e 3 7 2
e 4 10 1
e 4 17 1
e 5 6 1
e 5 7 1
e 5 14 1
e 6 9 1
e 6 12 1
e 6 13 1
e 7 8 1
e 10 11 1
e 10 15 1
e 10 16 1
t # 28129
v 0 1
v 1 1
v 2 1
v 3 2
v 4 3
v 5 3
v 6 3
v 7 3
v 8 3
v 9 3
v 10 3
v 11 3
v 12 3
v 13 3
v 14 4
v 15 4
v 16 4
v 17 4
v 18 4
v 19 4
v 20 4
v 21 4
v 22 4
v 23 4
v 24 4
v 25 4
v 26 4
v 27 4
v 28 4
v 29 4
v 30 4
e 0 10 2
e 1 12 1
e 1 13 1
e 2 12 2
e 3 6 1
e 3 10 1
e 3 24 1
e 4 5 1
e 4 6 1
e 4 8 1
e 4 14 1
e 5 7 1
e 5 9 1
e 5 15 1
e 6 16 1
e 6 17 1
e 7 10 1
e 7 18 1
e 7 19 1
e 8 11 1
e 8 20 1
e 8 21 1
e 9 12 1
e 9 22 1
e 9 23 1
e 11 25 1
e 11 26 1
e 11 27 1
e 13 28 1
e 13 29 1
e 13 30 1
t # 28130
v 0 1
v 1 2
v 2 2
v 3 3
v 4 3
v 5 3
v 6 3
v 7 3
v 8 3
v 9 3
v 10 3
v 11 3
v 12 3
v 13 4
v 14 4
v 15 4
v 16 4
v 17 4
v 18 4
v 19 4
v 20 4
v 21 4
v 22 4
v 23 4
v 24 4
v 25 4
v 26 4
e 0 11 2
e 1 7 1
e 1 9 1
e 1 12 1
e 3 4 1
e 3 6 1
e 3 7 1
e 3 13 1
e 4 5 1
e 4 8 1
e 4 14 1
e 5 9 1
e 5 15 1
e 5 16 1
e 6 10 1
e 6 17 1
e 6 18 1
e 7 19 1
e 7 20 1
e 8 11 1
e 8 21 1
e 8 22 1
e 9 23 1
e 9 24 1
e 10 11 1
e 10 25 1
e 10 26 1
t # 28131
v 0 1
v 1 1
v 2 2
v 3 3
v 4 3
v 5 3
v 6 3
v 7 3
v 8 3
v 9 3
v 10 3
v 11 3
v 12 3
v 13 3
v 14 3
v 15 3
v 16 4
v 17 4
v 18 4
v 19 4
v 20 4
v 21 4
v 22 4
v 23 4
v 24 4
v 25 4
v 26 4
v 27 4
v 28 4
v 29 4
v 30 4
v 31 4
v 32 4
e 0 3 1
e 0 10 1
e 1 8 2
e 2 3 1
e 2 7 1
e 2 8 1
e 3 4 1
e 3 16 1
e 4 5 1
e 4 17 1
e 4 18 1
e 5 6 1
e 5 19 1
e 5 20 1
e 6 7 1
e 6 21 1
e 6 22 1
e 7 23 1
e 7 24 1
e 8 9 1
e 9 11 2
e 9 12 1
e 10 25 1
e 10 26 1
e 10 27 1
e 11 13 1
e 11 28 1
e 12 14 2
e 12 29 1
e 13 15 2
e 13 30 1
e 14 15 1
e 14 31 1
e 15 32 1
t # 28132
v 0 27
v 1 1
v 2 2
v 3 3
v 4 3
v 5 3
v 6 3
v 7 3
v 8 3
v 9 3
v 10 4
v 11 4
v 12 4
v 13 4
v 14 4
v 15 4
v 16 4
v 17 4
v 18 4
v 19 4
e 1 3 1
e 1 9 1
e 2 4 2
e 2 5 1
e 2 8 1
e 3 6 2
e 3 7 1
e 4 6 1
e 4 10 1
e 5 7 2
e 5 11 1
e 6 12 1
e 7 13 1
e 8 14 1
e 8 15 1
e 8 16 1
e 9 17 1
e 9 18 1
e 9 19 1
t # 28133
v 0 38
v 1 1
v 2 1
v 3 1
v 4 1
v 5 3
v 6 3
v 7 3
v 8 3
v 9 3
v 10 3
v 11 3
v 12 3
v 13 3
v 14 3
v 15 3
v 16 3
v 17 3
v 18 3
v 19 3
v 20 3
v 21 3
v 22 3
v 23 3
v 24 3
v 25 3
v 26 4
v 27 4
v 28 4
v 29 4
v 30 4
v 31 4
v 32 4
v 33 4
v 34 4
v 35 4
v 36 4
v 37 4
v 38 4
v 39 4
v 40 4
v 41 4
v 42 4
v 43 4
v 44 4
v 45 4
v 46 4
v 47 4
v 48 4
v 49 4
e 1 6 1
e 1 16 1
e 2 9 1
e 2 43 1
e 13 3 1
e 3 44 1
e 4 16 2
e 5 6 1
e 5 8 1
e 5 12 1
e 5 26 1
e 6 7 1
e 6 27 1
e 7 9 1
e 7 10 1
e 7 28 1
e 8 11 1
e 8 14 1
e 8 29 1
e 9 15 1
e 9 30 1
e 10 16 1
e 10 17 1
e 10 31 1
e 11 13 1
e 11 32 1
e 11 33 1
e 12 13 1
e 12 18 2
e 13 34 1
e 14 15 1
e 14 19 2
e 15 35 1
e 15 36 1
e 17 37 1
e 17 38 1
e 18 39 1
e 18 40 1
e 19 41 1
e 19 42 1
e 20 21 2
e 20 22 1
e 21 23 1
e 21 45 1
e 22 24 2
e 22 46 1
e 23 25 2
e 23 47 1
e 24 25 1
e 24 48 1
e 25 49 1
t # 28134
v 0 38
v 1 1
v 2 1
v 3 1
v 4 1
v 5 3
v 6 3
v 7 3
v 8 3
v 9 3
v 10 3
v 11 3
v 12 3
v 13 3
v 14 3
v 15 3
v 16 3
v 17 3
v 18 3
v 19 3
v 20 3
v 21 3
v 22 3
v 23 3
v 24 3
v 25 3
v 26 4
v 27 4
v 28 4
v 29 4
v 30 4
v 31 4
v 32 4
v 33 4
v 34 4
v 35 4
v 36 4
v 37 4
v 38 4
v 39 4
v 40 4
v 41 4
v 42 4
v 43 4
v 44 4
v 45 4
v 46 4
v 47 4
v 48 4
v 49 4
v 50 4
v 51 4
e 1 7 1
e 1 17 1
e 2 11 1
e 2 43 1
e 12 3 1
e 3 46 1
e 4 17 2
e 5 6 1
e 5 7 1
e 5 8 1
e 5 26 1
e 6 10 1
e 6 14 1
e 6 27 1
e 7 9 1
e 7 28 1
e 8 11 1
e 8 16 1
e 8 29 1
e 9 12 1
e 9 13 1
e 9 30 1
e 10 11 1
e 10 31 1
e 10 32 1
e 11 33 1
e 12 15 1
e 12 34 1
e 13 17 1
e 13 18 1
e 13 35 1
e 14 15 1
e 14 19 2
e 15 36 1
e 15 37 1
e 16 38 1
e 16 39 1
e 16 40 1
e 18 41 1
e 18 42 1
e 19 44 1
e 19 45 1
e 20 21 2
e 20 22 1
e 21 23 1
e 21 47 1
e 22 24 2
e 22 48 1
e 23 25 2
e 23 49 1
e 24 25 1
e 24 50 1
e 25 51 1
t # 28135
v 0 38
v 1 1
v 2 1
v 3 1
v 4 1
v 5 3
v 6 3
v 7 3
v 8 3
v 9 3
v 10 3
v 11 3
v 12 3
v 13 3
v 14 3
v 15 3
v 16 3
v 17 3
v 18 3
v 19 3
v 20 3
v 21 3
v 22 3
v 23 3
v 24 3
v 25 3
v 26 4
v 27 4
v 28 4
v 29 4
v 30 4
v 31 4
v 32 4
v 33 4
v 34 4
v 35 4
v 36 4
v 37 4
v 38 4
v 39 4
v 40 4
v 41 4
v 42 4
v 43 4
v 44 4
v 45 4
v 46 4
v 47 4
v 48 4
v 49 4
e 1 6 1
e 1 16 1
e 10 2 1
e 2 44 1
e 3 15 2
e 4 16 2
e 5 6 1
e 5 8 1
e 5 9 1
e 5 26 1
e 6 7 1
e 6 27 1
e 7 10 1
e 7 11 1
e 7 28 1
e 8 12 1
e 8 13 1
e 8 29 1
e 9 15 1
e 9 17 1
e 9 30 1
e 10 14 1
e 10 31 1
e 11 16 1
e 11 18 1
e 11 32 1
e 12 15 1
e 12 33 1
e 12 34 1
e 13 14 1
e 13 19 2
e 14 35 1
e 14 36 1
e 17 37 1
e 17 38 1
e 17 39 1
e 18 40 1
e 18 41 1
e 19 42 1
e 19 43 1
e 20 21 2
e 20 22 1
e 21 23 1
e 21 45 1
e 22 24 2
e 22 46 1
e 23 25 2
e 23 47 1
e 24 25 1
e 24 48 1
e 25 49 1
t # 28136
v 0 2
v 1 2
v 2 2
v 3 2
v 4 2
v 5 2
v 6 3
v 7 3
v 8 3
v 9 3
v 10 3
v 11 3
v 12 3
v 13 3
v 14 3
v 15 3
v 16 4
v 17 4
v 18 4
v 19 4
v 20 4
v 21 4
v 22 4
v 23 4
e 0 12 2
e 0 14 1
e 1 13 2
e 1 15 1
e 2 12 1
e 2 18 1
e 2 19 1
e 3 13 1
e 3 20 1
e 3 21 1
e 4 14 2
e 4 22 1
e 5 15 2
e 5 23 1
e 6 8 2
e 6 10 1
e 6 12 1
e 7 9 1
e 7 10 2
e 7 13 1
e 8 11 1
e 8 14 1
e 9 11 2
e 9 15 1
e 10 16 1
e 11 17 1
t # 28137
v 0 12
v 1 12
v 2 1
v 3 1
v 4 1
v 5 2
v 6 3
v 7 3
v 8 3
v 9 3
v 10 3
v 11 3
v 12 3
v 13 3
v 14 3
v 15 3
v 16 3
v 17 3
v 18 3
v 19 3
v 20 3
v 21 3
v 22 3
v 23 4
v 24 4
v 25 4
v 26 4
v 27 4
v 28 4
v 29 4
v 30 4
v 31 4
v 32 4
v 33 4
v 34 4
v 35 4
e 0 17 1
e 1 22 1
e 2 7 2
e 3 9 2
e 4 11 2
e 5 11 1
e 5 14 1
e 5 29 1
e 6 7 1
e 6 8 1
e 6 9 1
e 6 23 1
e 7 10 1
e 8 24 1
e 8 25 1
e 8 26 1
e 9 11 1
e 10 12 2
e 10 13 1
e 12 15 1
e 12 27 1
e 13 16 2
e 13 28 1
e 14 18 2
e 14 19 1
e 15 17 2
e 15 30 1
e 16 17 1
e 16 31 1
e 18 20 1
e 18 32 1
e 19 21 2
e 19 33 1
e 20 22 2
e 20 34 1
e 21 22 1
e 21 35 1
t # 28138
v 0 11
v 1 1
v 2 1
v 3 2
v 4 2
v 5 2
v 6 3
v 7 3
v 8 3
v 9 3
v 10 3
v 11 3
v 12 3
v 13 3
v 14 3
v 15 3
v 16 3
v 17 3
v 18 3
v 19 4
v 20 4
v 21 4
v 22 4
v 23 4
v 24 4
v 25 4
v 26 4
v 27 4
e 0 16 1
e 0 17 1
e 1 8 2
e 2 11 2
e 3 11 1
e 3 16 1
e 3 25 1
e 4 16 2
e 4 18 1
e 6 7 1
e 6 8 1
e 6 15 1
e 6 19 1
e 7 9 2
e 7 10 1
e 8 11 1
e 9 12 1
e 9 20 1
e 10 13 2
e 10 21 1
e 12 14 2
e 12 22 1
e 13 14 1
e 13 23 1
e 14 24 1
e 17 18 2
e 17 26 1
e 18 27 1
t # 28139
v 0 1
v 1 1
v 2 1
v 3 1
v 4 1
v 5 1
v 6 2
v 7 2
v 8 3
v 9 3
v 10 3
v 11 3
v 12 3
v 13 3
v 14 3
v 15 3
v 16 3
v 17 3
v 18 3
v 19 3
v 20 3
v 21 3
v 22 3
v 23 3
v 24 4
v 25 4
v 26 4
v 27 4
v 28 4
v 29 4
v 30 4
v 31 4
v 32 4
v 33 4
v 34 4
v 35 4
v 36 4
v 37 4
v 38 4
v 39 4
v 40 4
v 41 4
v 42 4
v 43 4
v 44 4
v 45 4
v 46 4
v 47 4
e 0 12 2
e 1 13 2
e 2 14 2
e 3 15 2
e 4 20 2
e 5 21 2
e 6 10 1
e 6 20 1
e 6 40 1
e 7 11 1
e 7 21 1
e 7 41 1
e 8 12 1
e 8 14 1
e 8 16 1
e 8 24 1
e 9 13 1
e 9 15 1
e 9 17 1
e 9 25 1
e 10 11 1
e 10 26 1
e 10 27 1
e 11 28 1
e 11 29 1
e 12 18 1
e 13 19 1
e 14 20 1
e 15 21 1
e 16 30 1
e 16 31 1
e 16 32 1
e 17 33 1
e 17 34 1
e 17 35 1
e 18 22 1
e 18 36 1
e 18 37 1
e 19 23 1
e 19 38 1
e 19 39 1
e 22 42 1
e 22 43 1
e 22 44 1
e 23 45 1
e 23 46 1
e 23 47 1
t # 28140
v 0 12
v 1 12
v 2 1
v 3 1
v 4 1
v 5 1
v 6 2
v 7 3
v 8 3
v 9 3
v 10 3
v 11 3
v 12 3
v 13 3
v 14 3
v 15 3
v 16 3
v 17 3
v 18 3
v 19 3
v 20 3
v 21 3
v 22 3
v 23 3
v 24 3
v 25 4
v 26 4
v 27 4
v 28 4
v 29 4
v 30 4
v 31 4
v 32 4
v 33 4
v 34 4
v 35 4
v 36 4
v 37 4
v 38 4
v 39 4
e 0 13 1
e 1 16 1
e 2 7 1
e 2 31 1
e 3 11 2
e 4 14 2
e 5 23 1
e 5 24 1
e 6 10 1
e 6 11 1
e 6 15 1
e 7 8 1
e 7 9 1
e 7 11 1
e 8 10 2
e 8 12 1
e 9 14 1
e 9 25 1
e 9 26 1
e 10 13 1
e 12 16 2
e 12 27 1
e 13 17 2
e 14 18 1
e 15 28 1
e 15 29 1
e 15 30 1
e 16 17 1
e 17 32 1
e 18 19 2
e 18 20 1
e 19 21 1
e 19 33 1
e 20 22 2
e 20 34 1
e 21 23 2
e 21 35 1
e 22 23 1
e 22 36 1
e 24 37 1
e 24 38 1
e 24 39 1
t # 28141
v 0 12
v 1 12
v 2 1
v 3 1
v 4 2
v 5 2
v 6 3
v 7 3
v 8 3
v 9 3
v 10 3
v 11 3
v 12 3
v 13 3
v 14 3
v 15 3
v 16 3
v 17 3
v 18 3
v 19 3
v 20 3
v 21 3
v 22 3
v 23 4
v 24 4
v 25 4
v 26 4
v 27 4
v 28 4
v 29 4
v 30 4
v 31 4
v 32 4
v 33 4
v 34 4
e 0 20 1
e 1 22 1
e 2 10 2
e 3 15 2
e 4 15 1
e 4 16 1
e 4 31 1
e 6 7 1
e 6 8 1
e 6 9 2
e 7 10 1
e 7 17 1
e 7 23 1
e 8 11 2
e 8 12 1
e 9 13 1
e 9 24 1
e 10 15 1
e 11 14 1
e 11 25 1
e 12 26 1
e 12 27 1
e 12 28 1
e 13 14 2
e 13 29 1
e 14 30 1
e 16 18 2
e 16 19 1
e 18 20 1
e 18 32 1
e 19 21 2
e 19 33 1
e 20 22 2
e 21 22 1
e 21 34 1
t # 28142
v 0 11
v 1 1
v 2 1
v 3 1
v 4 1
v 5 1
v 6 2
v 7 2
v 8 2
v 9 3
v 10 3
v 11 3
v 12 3
v 13 3
v 14 3
v 15 3
v 16 3
v 17 3
v 18 3
v 19 3
v 20 3
v 21 4
v 22 4
v 23 4
v 24 4
v 25 4
v 26 4
v 27 4
v 28 4
v 29 4
v 30 4
v 31 4
v 32 4
v 33 4
v 34 4
v 35 4
e 0 18 1
e 0 20 1
e 1 11 2
e 2 14 2
e 3 17 2
e 6 17 1
e 6 18 1
e 6 34 1
e 7 18 2
e 7 19 1
e 8 19 1
e 9 10 1
e 9 11 1
e 9 14 1
e 9 21 1
e 10 15 1
e 10 22 1
e 10 23 1
e 11 12 1
e 12 13 1
e 12 24 1
e 12 25 1
e 13 16 1
e 13 26 1
e 13 27 1
e 14 17 1
e 15 28 1
e 15 29 1
e 15 30 1
e 16 31 1
e 16 32 1
e 16 33 1
e 19 20 2
e 20 35 1
t # 28143
v 0 11
v 1 11
v 2 1
v 3 2
v 4 2
v 5 2
v 6 3
v 7 3
v 8 3
v 9 3
v 10 3
v 11 3
v 12 3
v 13 3
v 14 3
v 15 3
v 16 3
v 17 3
v 18 4
v 19 4
v 20 4
v 21 4
v 22 4
v 23 4
v 24 4
v 25 4
v 26 4
e 0 2 2
e 1 7 1
e 3 6 1
e 3 20 1
e 4 9 1
e 5 12 1
e 6 7 2
e 6 8 1
e 7 10 1
e 8 9 2
e 8 18 1
e 9 11 1
e 10 11 2
e 10 19 1
e 11 21 1
e 12 13 2
e 12 14 1
e 13 15 1
e 13 22 1
e 14 16 2
e 14 23 1
e 15 17 2
e 15 24 1
e 16 17 1
e 16 25 1
e 17 26 1
t # 28144
v 0 11
v 1 11
v 2 1
v 3 1
v 4 2
v 5 3
v 6 3
v 7 3
v 8 3
v 9 3
v 10 3
v 11 3
v 12 3
v 13 4
v 14 4
v 15 4
v 16 4
v 17 4
v 18 4
v 19 4
v 20 4
v 21 4
e 0 3 2
e 1 7 1
e 2 6 1
e 2 11 1
e 4 5 1
e 4 13 1
e 5 6 2
e 5 7 1
e 6 8 1
e 7 9 2
e 8 10 2
e 8 14 1
e 9 10 1
e 9 15 1
e 10 16 1
e 11 12 1
e 11 17 1
e 11 18 1
e 12 19 1
e 12 20 1
e 12 21 1
t # 28145
v 0 12
v 1 11
v 2 11
v 3 1
v 4 2
v 5 3
v 6 3
v 7 3
v 8 3
v 9 3
v 10 3
v 11 3
v 12 4
v 13 4
v 14 4
v 15 4
v 16 4
v 17 4
e 0 8 1
e 1 3 2
e 2 7 1
e 4 5 1
e 4 12 1
e 5 6 1
e 5 7 2
e 6 8 2
e 6 10 1
e 7 9 1
e 8 11 1
e 9 11 2
e 9 13 1
e 10 14 1
e 10 15 1
e 10 16 1
e 11 17 1
t # 28146
v 0 11
v 1 11
v 2 1
v 3 2
v 4 3
v 5 3
v 6 3
v 7 3
v 8 3
v 9 3
v 10 3
v 11 3
v 12 3
v 13 3
v 14 4
v 15 4
v 16 4
v 17 4
v 18 4
v 19 4
v 20 4
e 0 2 2
e 1 7 1
e 3 5 1
e 3 16 1
e 4 6 1
e 4 8 1
e 4 10 2
e 5 7 1
e 5 8 2
e 6 9 1
e 6 11 2
e 7 9 2
e 8 14 1
e 9 15 1
e 10 12 1
e 10 17 1
e 11 13 1
e 11 18 1
e 12 13 2
e 12 19 1
e 13 20 1
t # 28147
v 0 12
v 1 12
v 2 11
v 3 11
v 4 1
v 5 2
v 6 3
v 7 3
v 8 3
v 9 3
v 10 3
v 11 3
v 12 4
v 13 4
v 14 4
e 0 10 1
e 1 11 1
e 2 4 2
e 3 7 1
e 5 6 1
e 5 13 1
e 6 7 1
e 6 8 2
e 7 9 2
e 8 10 1
e 8 12 1
e 9 11 1
e 9 14 1
e 10 11 2
t # 28148
v 0 18
v 1 11
v 2 11
v 3 1
v 4 2
v 5 3
v 6 3
v 7 3
v 8 3
v 9 3
v 10 3
v 11 4
v 12 4
v 13 4
v 14 4
e 1 3 2
e 2 6 1
e 4 5 1
e 4 11 1
e 5 6 2
e 5 7 1
e 6 8 1
e 7 9 2
e 7 12 1
e 8 10 2
e 8 13 1
e 9 10 1
e 9 14 1
t # 28149
v 0 14
v 1 1
v 2 1
v 3 2
v 4 2
v 5 2
v 6 3
v 7 3
v 8 3
v 9 3
v 10 3
v 11 3
v 12 3
v 13 3
v 14 3
v 15 3
v 16 3
v 17 3
v 18 3
v 19 3
v 20 3
v 21 3
v 22 3
v 23 3
v 24 3
v 25 3
v 26 3
v 27 3
v 28 3
v 29 3
v 30 3
v 31 3
v 32 3
v 33 3
v 34 3
v 35 4
v 36 4
v 37 4
v 38 4
v 39 4
v 40 4
v 41 4
v 42 4
v 43 4
v 44 4
v 45 4
v 46 4
v 47 4
v 48 4
v 49 4
v 50 4
v 51 4
v 52 4
v 53 4
v 54 4
v 55 4
v 56 4
v 57 4
v 58 4
v 59 4
v 60 4
v 61 4
v 62 4
e 1 12 2
e 2 13 2
e 3 10 1
e 3 11 1
e 3 36 1
e 4 12 1
e 4 21 1
e 4 44 1
e 5 13 1
e 5 22 1
e 5 45 1
e 6 7 1
e 6 8 1
e 6 9 1
e 6 35 1
e 7 10 2
e 7 12 1
e 8 11 2
e 8 13 1
e 9 16 1
e 9 17 2
e 10 14 1
e 11 15 1
e 14 37 1
e 14 38 1
e 14 39 1
e 15 40 1
e 15 41 1
e 15 42 1
e 16 18 2
e 17 19 1
e 17 43 1
e 18 20 1
e 18 46 1
e 19 20 2
e 19 47 1
e 20 48 1
e 21 23 1
e 21 25 2
e 22 24 1
e 22 26 2
e 23 27 2
e 23 29 1
e 24 28 2
e 24 30 1
e 25 31 1
e 25 49 1
e 26 32 1
e 26 50 1
e 27 33 1
e 27 51 1
e 28 34 1
e 28 52 1
e 29 53 1
e 29 54 1
e 29 55 1
e 30 56 1
e 30 57 1
e 30 58 1
e 31 33 2
e 31 59 1
e 32 34 2
e 32 60 1
e 33 61 1
e 34 62 1
t # 28150
v 0 14
v 1 1
v 2 1
v 3 2
v 4 2
v 5 2
v 6 3
v 7 3
v 8 3
v 9 3
v 10 3
v 11 3
v 12 3
v 13 3
v 14 3
v 15 3
v 16 3
v 17 3
v 18 3
v 19 3
v 20 3
v 21 3
v 22 3
v 23 3
v 24 3
v 25 3
v 26 3
v 27 3
v 28 3
v 29 3
v 30 3
v 31 3
v 32 3
v 33 3
v 34 3
v 35 4
v 36 4
v 37 4
v 38 4
v 39 4
v 40 4
v 41 4
v 42 4
v 43 4
v 44 4
v 45 4
v 46 4
v 47 4
v 48 4
v 49 4
v 50 4
v 51 4
v 52 4
v 53 4
v 54 4
v 55 4
v 56 4
v 57 4
v 58 4
v 59 4
v 60 4
v 61 4
v 62 4
e 1 12 2
e 2 13 2
e 3 10 1
e 3 11 1
e 3 36 1
e 4 12 1
e 4 20 1
e 4 44 1
e 5 13 1
e 5 21 1
e 5 45 1
e 6 7 1
e 6 8 1
e 6 9 1
e 6 35 1
e 7 10 2
e 7 12 1
e 8 11 2
e 8 13 1
e 9 16 1
e 9 17 2
e 10 14 1
e 11 15 1
e 14 37 1
e 14 38 1
e 14 39 1
e 15 40 1
e 15 41 1
e 15 42 1
e 16 18 2
e 17 19 1
e 17 43 1
e 18 22 1
e 18 46 1
e 19 22 2
e 19 47 1
e 20 23 1
e 20 48 1
e 20 49 1
e 21 24 1
e 21 50 1
e 21 51 1
e 22 52 1
e 23 25 2
e 23 27 1
e 24 26 2
e 24 28 1
e 25 29 1
e 25 53 1
e 26 30 1
e 26 54 1
e 27 31 2
e 27 55 1
e 28 32 2
e 28 56 1
e 29 33 2
e 29 57 1
e 30 34 2
e 30 58 1
e 31 33 1
e 31 59 1
e 32 34 1
e 32 60 1
e 33 61 1
e 34 62 1
t # 28151
v 0 12
v 1 1
v 2 1
v 3 1
v 4 1
v 5 1
v 6 2
v 7 2
v 8 2
v 9 3
v 10 3
v 11 3
v 12 3
v 13 3
v 14 3
v 15 3
v 16 3
v 17 3
v 18 3
v 19 3
v 20 3
v 21 3
v 22 3
v 23 3
v 24 3
v 25 3
v 26 3
v 27 3
v 28 4
v 29 4
v 30 4
v 31 4
v 32 4
v 33 4
v 34 4
v 35 4
e 0 27 1
e 1 10 1
e 1 16 1
e 2 11 2
e 3 12 2
e 4 13 2
e 5 14 2
e 6 13 1
e 6 14 1
e 6 15 1
e 7 10 2
e 7 17 1
e 9 10 1
e 9 11 1
e 9 12 1
e 9 18 1
e 11 13 1
e 12 14 1
e 15 21 2
e 15 22 1
e 16 17 1
e 16 19 2
e 17 20 2
e 19 23 1
e 19 30 1
e 20 24 1
e 20 31 1
e 21 25 1
e 21 28 1
e 22 26 2
e 22 29 1
e 23 24 2
e 23 32 1
e 24 33 1
e 25 27 2
e 25 34 1
e 26 27 1
e 26 35 1
t # 28152
v 0 1
v 1 1
v 2 2
v 3 2
v 4 3
v 5 3
v 6 3
v 7 3
v 8 3
v 9 3
v 10 3
v 11 3
v 12 3
v 13 3
v 14 3
v 15 3
v 16 3
v 17 3
v 18 3
v 19 3
v 20 4
v 21 4
v 22 4
v 23 4
v 24 4
v 25 4
v 26 4
v 27 4
v 28 4
v 29 4
v 30 4
v 31 4
v 32 4
v 33 4
v 34 4
v 35 4
v 36 4
v 37 4
v 38 4
v 39 4
v 40 4
v 41 4
e 0 5 2
e 1 10 2
e 2 5 1
e 2 7 1
e 2 10 1
e 3 4 1
e 3 10 1
e 3 25 1
e 4 5 1
e 4 6 1
e 4 9 1
e 6 12 1
e 6 20 1
e 6 21 1
e 7 8 1
e 7 22 1
e 7 23 1
e 8 11 1
e 8 13 1
e 8 24 1
e 9 26 1
e 9 27 1
e 9 28 1
e 11 14 1
e 11 29 1
e 11 30 1
e 12 15 2
e 12 16 1
e 13 31 1
e 13 32 1
e 13 33 1
e 14 34 1
e 14 35 1
e 14 36 1
e 15 17 1
e 15 37 1
e 16 18 2
e 16 38 1
e 17 19 2
e 17 39 1
e 18 19 1
e 18 40 1
e 19 41 1
t # 28153
v 0 1
v 1 1
v 2 2
v 3 2
v 4 3
v 5 3
v 6 3
v 7 3
v 8 3
v 9 3
v 10 3
v 11 3
v 12 3
v 13 3
v 14 3
v 15 3
v 16 3
v 17 3
v 18 3
v 19 4
v 20 4
v 21 4
v 22 4
v 23 4
v 24 4
v 25 4
v 26 4
v 27 4
v 28 4
v 29 4
v 30 4
v 31 4
v 32 4
v 33 4
v 34 4
v 35 4
v 36 4
v 37 4
v 38 4
e 0 7 2
e 1 10 2
e 2 6 1
e 2 7 1
e 2 10 1
e 3 5 1
e 3 10 1
e 3 27 1
e 4 6 1
e 4 9 1
e 4 11 1
e 4 19 1
e 5 7 1
e 5 8 1
e 5 20 1
e 6 21 1
e 6 22 1
e 8 12 1
e 8 23 1
e 8 24 1
e 9 13 1
e 9 25 1
e 9 26 1
e 11 28 1
e 11 29 1
e 11 30 1
e 12 14 2
e 12 15 1
e 13 31 1
e 13 32 1
e 13 33 1
e 14 16 1
e 14 34 1
e 15 17 2
e 15 35 1
e 16 18 2
e 16 36 1
e 17 18 1
e 17 37 1
e 18 38 1
t # 28154
v 0 1
v 1 1
v 2 2
v 3 2
v 4 3
v 5 3
v 6 3
v 7 3
v 8 3
v 9 3
v 10 3
v 11 3
v 12 3
v 13 3
v 14 3
v 15 3
v 16 3
v 17 3
v 18 4
v 19 4
v 20 4
v 21 4
v 22 4
v 23 4
v 24 4
v 25 4
v 26 4
v 27 4
v 28 4
v 29 4
v 30 4
v 31 4
v 32 4
v 33 4
v 34 4
v 35 4
e 0 6 2
e 1 8 2
e 2 6 1
e 2 7 1
e 2 8 1
e 3 4 1
e 3 8 1
e 3 23 1
e 4 5 1
e 4 6 1
e 4 18 1
e 5 10 1
e 5 19 1
e 5 20 1
e 7 9 1
e 7 21 1
e 7 22 1
e 9 11 1
e 9 24 1
e 9 25 1
e 10 12 2
e 10 13 1
e 11 14 1
e 11 26 1
e 11 27 1
e 12 15 1
e 12 28 1
e 13 16 2
e 13 29 1
e 14 30 1
e 14 31 1
e 14 32 1
e 15 17 2
e 15 33 1
e 16 17 1
e 16 34 1
e 17 35 1
t # 28155
v 0 11
v 1 11
v 2 11
v 3 3
v 4 3
v 5 3
v 6 3
v 7 3
v 8 3
v 9 3
v 10 3
v 11 3
v 12 3
v 13 3
v 14 3
v 15 3
v 16 3
v 17 3
v 18 3
v 19 3
v 20 3
v 21 3
v 22 3
v 23 3
v 24 3
v 25 3
v 26 4
v 27 4
v 28 4
v 29 4
v 30 4
v 31 4
v 32 4
v 33 4
v 34 4
v 35 4
v 36 4
v 37 4
v 38 4
v 39 4
v 40 4
v 41 4
v 42 4
v 43 4
v 44 4
v 45 4
v 46 4
v 47 4
v 48 4
v 49 4
e 0 5 1
e 0 13 1
e 1 5 1
e 2 13 1
e 3 5 1
e 3 8 1
e 3 9 1
e 3 26 1
e 4 5 1
e 4 10 1
e 4 11 1
e 4 27 1
e 6 8 1
e 6 10 1
e 6 12 1
e 6 28 1
e 7 9 1
e 7 11 1
e 7 12 1
e 7 29 1
e 8 30 1
e 8 31 1
e 9 32 1
e 9 33 1
e 10 34 1
e 10 35 1
e 11 36 1
e 11 37 1
e 12 38 1
e 12 39 1
e 13 14 1
e 13 15 1
e 14 16 2
e 14 18 1
e 15 17 2
e 15 19 1
e 16 20 1
e 16 40 1
e 17 21 1
e 17 41 1
e 18 22 2
e 18 42 1
e 19 23 2
e 19 43 1
e 20 24 2
e 20 44 1
e 21 25 2
e 21 45 1
e 22 24 1
e 22 46 1
e 23 25 1
e 23 47 1
e 24 48 1
e 25 49 1
t # 28156
v 0 18
v 1 1
v 2 1
v 3 1
v 4 2
v 5 2
v 6 3
v 7 3
v 8 3
v 9 3
v 10 3
v 11 3
v 12 3
v 13 3
v 14 3
v 15 4
v 16 4
v 17 4
v 18 4
v 19 4
e 1 9 2
e 2 10 2
e 3 11 2
e 4 6 1
e 4 8 1
e 4 15 1
e 5 8 2
e 5 11 1
e 6 7 2
e 6 9 1
e 7 10 1
e 7 11 1
e 8 14 1
e 9 12 1
e 10 13 1
e 12 13 2
e 12 16 1
e 13 17 1
e 14 18 1
e 14 19 1
t # 28157
v 0 18
v 1 1
v 2 1
v 3 1
v 4 2
v 5 2
v 6 2
v 7 2
v 8 3
v 9 3
v 10 3
v 11 3
v 12 3
v 13 3
v 14 3
v 15 3
v 16 3
v 17 3
v 18 3
v 19 4
v 20 4
v 21 4
v 22 4
v 23 4
v 24 4
v 25 4
e 1 11 2
e 2 14 2
e 3 17 2
e 4 8 1
e 4 12 1
e 4 15 1
e 5 9 1
e 5 12 2
e 6 10 1
e 6 18 1
e 6 24 1
e 7 17 1
e 7 18 2
e 8 9 2
e 8 11 1
e 9 14 1
e 10 11 1
e 10 13 2
e 12 16 1
e 13 14 1
e 13 17 1
e 15 19 1
e 15 20 1
e 15 21 1
e 16 22 1
e 16 23 1
e 18 25 1
t # 28158
v 0 27
v 1 27
v 2 1
v 3 1
v 4 1
v 5 1
v 6 1
v 7 2
v 8 3
v 9 3
v 10 3
v 11 3
v 12 3
v 13 3
v 14 3
v 15 3
v 16 3
v 17 3
v 18 3
v 19 3
v 20 3
v 21 3
v 22 3
v 23 4
v 24 4
v 25 4
v 26 4
v 27 4
v 28 4
v 29 4
v 30 4
v 31 4
v 32 4
v 33 4
v 34 4
v 35 4
e 2 10 1
e 2 22 1
e 3 12 1
e 3 18 1
e 4 18 2
e 5 19 2
e 6 22 2
e 7 19 1
e 7 22 1
e 7 35 1
e 8 9 1
e 8 10 1
e 8 23 1
e 8 24 1
e 9 15 1
e 9 25 1
e 9 26 1
e 10 27 1
e 10 28 1
e 11 12 1
e 11 14 1
e 11 16 2
e 12 17 2
e 13 14 2
e 13 18 1
e 13 19 1
e 14 29 1
e 15 30 1
e 15 31 1
e 15 32 1
e 16 20 1
e 16 33 1
e 17 21 1
e 20 21 2
e 21 34 1
t # 28159
v 0 12
v 1 12
v 2 1
v 3 1
v 4 1
v 5 1
v 6 1
v 7 2
v 8 3
v 9 3
v 10 3
v 11 3
v 12 3
v 13 3
v 14 3
v 15 3
v 16 3
v 17 3
v 18 3
v 19 3
v 20 3
v 21 3
v 22 3
v 23 3
v 24 3
v 25 4
v 26 4
v 27 4
v 28 4
v 29 4
v 30 4
v 31 4
v 32 4
v 33 4
e 0 13 1
e 1 15 1
e 2 9 1
e 2 14 1
e 3 18 1
e 3 19 1
e 4 14 2
e 5 17 2
e 6 19 2
e 7 17 1
e 7 19 1
e 7 28 1
e 8 9 1
e 8 10 1
e 8 12 2
e 9 13 2
e 10 11 2
e 10 25 1
e 11 14 1
e 11 17 1
e 12 15 1
e 12 26 1
e 13 16 1
e 15 16 2
e 16 27 1
e 18 20 2
e 18 21 1
e 20 22 1
e 20 29 1
e 21 23 2
e 21 30 1
e 22 24 2
e 22 31 1
e 23 24 1
e 23 32 1
e 24 33 1
t # 28160
v 0 1
v 1 1
v 2 1
v 3 1
v 4 1
v 5 2
v 6 2
v 7 3
v 8 3
v 9 3
v 10 3
v 11 3
v 12 3
v 13 3
v 14 3
v 15 3
v 16 3
v 17 3
v 18 3
v 19 3
v 20 3
v 21 3
v 22 3
v 23 3
v 24 3
v 25 3
v 26 3
v 27 3
v 28 4
v 29 4
v 30 4
v 31 4
v 32 4
v 33 4
v 34 4
v 35 4
v 36 4
v 37 4
v 38 4
v 39 4
v 40 4
v 41 4
v 42 4
v 43 4
v 44 4
v 45 4
v 46 4
v 47 4
e 0 12 1
e 0 19 1
e 1 19 2
e 2 20 2
e 3 21 1
e 3 22 1
e 4 21 2
e 5 7 1
e 5 8 1
e 5 9 1
e 6 20 1
e 6 21 1
e 6 42 1
e 7 10 2
e 7 13 1
e 8 15 1
e 8 28 1
e 8 29 1
e 9 16 1
e 9 30 1
e 9 31 1
e 10 12 1
e 10 32 1
e 11 12 2
e 11 14 1
e 11 17 1
e 13 14 2
e 13 33 1
e 14 34 1
e 15 35 1
e 15 36 1
e 15 37 1
e 16 38 1
e 16 39 1
e 16 40 1
e 17 18 2
e 17 41 1
e 18 19 1
e 18 20 1
e 22 23 2
e 22 24 1
e 23 25 1
e 23 43 1
e 24 26 2
e 24 44 1
e 25 27 2
e 25 45 1
e 26 27 1
e 26 46 1
e 27 47 1
t # 28161
v 0 18
v 1 18
v 2 1
v 3 1
v 4 1
v 5 1
v 6 1
v 7 2
v 8 3
v 9 3
v 10 3
v 11 3
v 12 3
v 13 3
v 14 3
v 15 3
v 16 3
v 17 3
v 18 3
v 19 3
v 20 3
v 21 3
v 22 3
v 23 3
v 24 3
v 25 4
v 26 4
v 27 4
v 28 4
v 29 4
v 30 4
v 31 4
v 32 4
v 33 4
e 2 9 1
e 2 14 1
e 3 18 1
e 3 19 1
e 4 14 2
e 5 17 2
e 6 19 2
e 7 17 1
e 7 19 1
e 7 28 1
e 8 9 1
e 8 10 1
e 8 12 2
e 9 13 2
e 10 11 2
e 10 25 1
e 11 14 1
e 11 17 1
e 12 15 1
e 12 26 1
e 13 16 1
e 15 16 2
e 16 27 1
e 18 20 2
e 18 21 1
e 20 22 1
e 20 29 1
e 21 23 2
e 21 30 1
e 22 24 2
e 22 31 1
e 23 24 1
e 23 32 1
e 24 33 1
t # 28162
v 0 1
v 1 1
v 2 1
v 3 1
v 4 1
v 5 2
v 6 2
v 7 3
v 8 3
v 9 3
v 10 3
v 11 3
v 12 3
v 13 3
v 14 3
v 15 3
v 16 3
v 17 3
v 18 3
v 19 3
v 20 3
v 21 3
v 22 3
v 23 3
v 24 3
v 25 3
v 26 4
v 27 4
v 28 4
v 29 4
v 30 4
v 31 4
v 32 4
v 33 4
v 34 4
v 35 4
v 36 4
v 37 4
v 38 4
v 39 4
v 40 4
v 41 4
v 42 4
v 43 4
v 44 4
v 45 4
v 46 4
v 47 4
v 48 4
v 49 4
e 0 12 1
e 0 21 1
e 1 22 1
e 1 25 1
e 2 21 2
e 3 23 2
e 4 25 2
e 5 7 1
e 5 8 1
e 5 9 1
e 6 23 1
e 6 25 1
e 6 49 1
e 7 10 2
e 7 13 1
e 8 15 1
e 8 26 1
e 8 27 1
e 9 16 1
e 9 28 1
e 9 29 1
e 10 12 1
e 10 30 1
e 11 12 2
e 11 14 1
e 11 17 1
e 13 14 2
e 13 31 1
e 14 32 1
e 15 33 1
e 15 34 1
e 15 35 1
e 16 36 1
e 16 37 1
e 16 38 1
e 17 18 2
e 17 39 1
e 18 21 1
e 18 23 1
e 19 20 1
e 19 22 1
e 19 40 1
e 19 41 1
e 20 24 1
e 20 42 1
e 20 43 1
e 22 44 1
e 22 45 1
e 24 46 1
e 24 47 1
e 24 48 1
t # 28163
v 0 12
v 1 1
v 2 1
v 3 1
v 4 1
v 5 1
v 6 2
v 7 3
v 8 3
v 9 3
v 10 3
v 11 3
v 12 3
v 13 3
v 14 3
v 15 3
v 16 3
v 17 3
v 18 3
v 19 3
v 20 3
v 21 3
v 22 4
v 23 4
v 24 4
v 25 4
v 26 4
v 27 4
v 28 4
v 29 4
v 30 4
v 31 4
v 32 4
v 33 4
v 34 4
v 35 4
e 0 19 1
e 1 9 1
e 1 21 1
e 2 11 1
e 2 17 1
e 3 17 2
e 4 18 2
e 5 21 2
e 6 18 1
e 6 21 1
e 6 35 1
e 7 8 1
e 7 9 1
e 7 22 1
e 7 23 1
e 8 12 1
e 8 24 1
e 8 25 1
e 9 26 1
e 9 27 1
e 10 11 2
e 10 14 1
e 10 15 1
e 11 16 1
e 12 28 1
e 12 29 1
e 12 30 1
e 13 14 2
e 13 17 1
e 13 18 1
e 14 31 1
e 15 19 2
e 15 32 1
e 16 20 2
e 16 33 1
e 19 20 1
e 20 34 1
t # 28164
v 0 18
v 1 18
v 2 1
v 3 1
v 4 1
v 5 1
v 6 1
v 7 2
v 8 3
v 9 3
v 10 3
v 11 3
v 12 3
v 13 3
v 14 3
v 15 3
v 16 3
v 17 3
v 18 3
v 19 3
v 20 3
v 21 3
v 22 3
v 23 4
v 24 4
v 25 4
v 26 4
v 27 4
v 28 4
v 29 4
v 30 4
v 31 4
v 32 4
v 33 4
v 34 4
v 35 4
e 2 10 1
e 2 22 1
e 3 12 1
e 3 18 1
e 4 18 2
e 5 19 2
e 6 22 2
e 7 19 1
e 7 22 1
e 7 35 1
e 8 9 1
e 8 10 1
e 8 23 1
e 8 24 1
e 9 15 1
e 9 25 1
e 9 26 1
e 10 27 1
e 10 28 1
e 11 12 1
e 11 14 1
e 11 16 2
e 12 17 2
e 13 14 2
e 13 18 1
e 13 19 1
e 14 29 1
e 15 30 1
e 15 31 1
e 15 32 1
e 16 20 1
e 16 33 1
e 17 21 1
e 20 21 2
e 21 34 1
t # 28165
v 0 1
v 1 1
v 2 1
v 3 1
v 4 1
v 5 1
v 6 2
v 7 3
v 8 3
v 9 3
v 10 3
v 11 3
v 12 3
v 13 3
v 14 3
v 15 3
v 16 3
v 17 3
v 18 3
v 19 3
v 20 3
v 21 3
v 22 3
v 23 4
v 24 4
v 25 4
v 26 4
v 27 4
v 28 4
v 29 4
v 30 4
v 31 4
v 32 4
v 33 4
v 34 4
v 35 4
v 36 4
v 37 4
v 38 4
v 39 4
e 0 11 1
e 0 17 1
e 1 10 1
e 1 21 1
e 2 14 1
e 2 22 1
e 3 17 2
e 4 20 2
e 5 21 2
e 6 20 1
e 6 21 1
e 6 36 1
e 7 8 1
e 7 10 1
e 7 23 1
e 7 24 1
e 8 15 1
e 8 25 1
e 8 26 1
e 9 11 2
e 9 12 1
e 9 16 1
e 10 27 1
e 10 28 1
e 11 14 1
e 12 13 2
e 12 29 1
e 13 17 1
e 13 20 1
e 14 18 2
e 15 30 1
e 15 31 1
e 15 32 1
e 16 19 2
e 16 33 1
e 18 19 1
e 18 34 1
e 19 35 1
e 22 37 1
e 22 38 1
e 22 39 1
t # 28166
v 0 1
v 1 1
v 2 1
v 3 1
v 4 1
v 5 1
v 6 1
v 7 1
v 8 1
v 9 1
v 10 1
v 11 1
v 12 1
v 13 1
v 14 1
v 15 1
v 16 1
v 17 1
v 18 1
v 19 3
v 20 3
v 21 3
v 22 3
v 23 3
v 24 3
v 25 3
v 26 3
v 27 3
v 28 3
v 29 3
v 30 3
v 31 3
v 32 3
v 33 3
v 34 3
v 35 3
v 36 3
v 37 3
v 38 3
v 39 3
v 40 3
v 41 3
v 42 3
v 43 3
v 44 3
v 45 3
v 46 3
v 47 3
v 48 3
v 49 3
v 50 3
v 51 3
v 52 3
v 53 3
v 54 3
v 55 3
v 56 3
v 57 3
v 58 3
v 59 3
v 60 3
v 61 4
v 62 4
v 63 4
v 64 4
v 65 4
v 66 4
v 67 4
v 68 4
v 69 4
v 70 4
v 71 4
v 72 4
v 73 4
v 74 4
v 75 4
v 76 4
v 77 4
v 78 4
v 79 4
v 80 4
v 81 4
v 82 4
v 83 4
v 84 4
v 85 4
v 86 4
v 87 4
v 88 4
v 89 4
v 90 4
v 91 4
v 92 4
v 93 4
v 94 4
v 95 4
v 96 4
v 97 4
v 98 4
v 99 4
v 100 4
v 101 4
v 102 4
e 0 20 1
e 0 26 1
e 1 23 1
e 1 24 1
e 2 20 1
e 2 68 1
e 3 30 1
e 3 38 1
e 4 24 2
e 5 35 1
e 5 49 1
e 6 30 1
e 6 76 1
e 7 36 1
e 7 49 1
e 8 32 1
e 8 55 1
e 9 39 1
e 9 81 1
e 10 41 1
e 10 56 1
e 11 40 1
e 11 82 1
e 12 47 1
e 12 54 1
e 13 50 1
e 13 54 1
e 14 44 1
e 14 57 1
e 15 40 2
e 16 46 1
e 16 58 1
e 17 51 1
e 17 59 1
e 18 53 1
e 18 60 1
e 19 20 1
e 19 21 1
e 19 24 1
e 19 61 1
e 20 23 1
e 21 22 1
e 21 25 1
e 21 62 1
e 22 26 1
e 22 29 2
e 23 63 1
e 23 64 1
e 25 32 2
e 25 34 1
e 26 31 2
e 27 28 1
e 27 30 1
e 27 40 1
e 27 65 1
e 28 33 1
e 28 37 1
e 28 66 1
e 29 35 1
e 29 67 1
e 30 39 1
e 31 36 1
e 31 69 1
e 32 41 1
e 33 38 1
e 33 42 2
e 34 43 2
e 34 70 1
e 35 36 2
e 37 46 2
e 37 48 1
e 38 45 2
e 39 71 1
e 39 72 1
e 41 44 2
e 42 47 1
e 42 73 1
e 43 44 1
e 43 74 1
e 45 50 1
e 45 75 1
e 46 51 1
e 47 50 2
e 48 52 2
e 48 77 1
e 49 78 1
e 49 79 1
e 51 53 2
e 52 53 1
e 52 80 1
e 54 83 1
e 54 84 1
e 55 85 1
e 55 86 1
e 55 87 1
e 56 88 1
e 56 89 1
e 56 90 1
e 57 94 1
e 57 95 1
e 57 96 1
e 58 91 1
e 58 92 1
e 58 93 1
e 59 97 1
e 59 98 1
e 59 99 1
e 60 100 1
e 60 101 1
e 60 102 1
t # 28167
v 0 1
v 1 1
v 2 1
v 3 1
v 4 1
v 5 1
v 6 1
v 7 1
v 8 1
v 9 1
v 10 1
v 11 1
v 12 1
v 13 1
v 14 1
v 15 3
v 16 3
v 17 3
v 18 3
v 19 3
v 20 3
v 21 3
v 22 3
v 23 3
v 24 3
v 25 3
v 26 3
v 27 3
v 28 3
v 29 3
v 30 3
v 31 3
v 32 3
v 33 3
v 34 3
v 35 3
v 36 3
v 37 3
v 38 3
v 39 3
v 40 3
v 41 3
v 42 3
v 43 3
v 44 3
v 45 3
v 46 3
v 47 3
v 48 3
v 49 3
v 50 3
v 51 3
v 52 3
v 53 3
v 54 3
v 55 3
v 56 3
v 57 3
v 58 3
v 59 3
v 60 3
v 61 3
v 62 3
v 63 3
v 64 3
v 65 3
v 66 3
v 67 4
v 68 4
v 69 4
v 70 4
v 71 4
v 72 4
v 73 4
v 74 4
v 75 4
v 76 4
v 77 4
v 78 4
v 79 4
v 80 4
v 81 4
v 82 4
v 83 4
v 84 4
v 85 4
v 86 4
v 87 4
v 88 4
v 89 4
v 90 4
v 91 4
v 92 4
v 93 4
v 94 4
v 95 4
v 96 4
v 97 4
v 98 4
v 99 4
v 100 4
v 101 4
v 102 4
v 103 4
v 104 4
v 105 4
v 106 4
v 107 4
v 108 4
v 109 4
v 110 4
v 111 4
v 112 4
v 113 4
v 114 4
v 115 4
v 116 4
v 117 4
v 118 4
v 119 4
v 120 4
v 121 4
v 122 4
v 123 4
v 124 4
v 125 4
v 126 4
v 127 4
v 128 4
e 0 17 1
e 0 22 1
e 1 20 1
e 1 21 1
e 2 17 1
e 2 76 1
e 3 32 1
e 3 41 1
e 4 21 2
e 5 37 1
e 5 64 1
e 6 32 1
e 6 102 1
e 7 38 1
e 7 64 1
e 8 33 1
e 8 123 1
e 9 52 1
e 9 124 1
e 10 53 1
e 10 125 1
e 11 54 1
e 11 126 1
e 12 57 1
e 12 66 1
e 13 65 1
e 13 66 1
e 14 54 2
e 15 16 1
e 15 17 1
e 15 21 1
e 15 67 1
e 16 18 1
e 16 19 1
e 16 68 1
e 17 20 1
e 18 22 1
e 18 31 2
e 19 24 2
e 19 25 1
e 20 69 1
e 20 70 1
e 22 35 2
e 23 26 1
e 23 34 1
e 23 36 1
e 23 71 1
e 24 27 1
e 24 72 1
e 25 28 2
e 25 73 1
e 26 32 1
e 26 54 1
e 26 74 1
e 27 29 1
e 27 33 2
e 28 30 1
e 28 33 1
e 29 46 1
e 29 47 1
e 29 48 1
e 30 49 1
e 30 50 1
e 30 51 1
e 31 37 1
e 31 75 1
e 32 52 1
e 34 44 2
e 34 45 1
e 35 38 1
e 35 77 1
e 36 41 1
e 36 55 2
e 37 38 2
e 39 42 1
e 39 45 2
e 39 53 1
e 40 43 1
e 40 44 1
e 40 53 2
e 41 56 2
e 42 58 1
e 42 59 1
e 42 60 1
e 43 61 1
e 43 62 1
e 43 63 1
e 44 78 1
e 45 79 1
e 46 80 1
e 46 81 1
e 46 82 1
e 47 83 1
e 47 84 1
e 47 85 1
e 48 86 1
e 48 87 1
e 48 88 1
e 49 89 1
e 49 90 1
e 49 91 1
e 50 92 1
e 50 93 1
e 50 94 1
e 51 95 1
e 51 96 1
e 51 97 1
e 52 98 1
e 52 99 1
e 55 57 1
e 55 100 1
e 56 65 1
e 56 101 1
e 57 65 2
e 58 103 1
e 58 104 1
e 58 105 1
e 59 106 1
e 59 107 1
e 59 108 1
e 60 109 1
e 60 110 1
e 60 111 1
e 61 112 1
e 61 113 1
e 61 114 1
e 62 115 1
e 62 116 1
e 62 117 1
e 63 118 1
e 63 119 1
e 63 120 1
e 64 121 1
e 64 122 1
e 66 127 1
e 66 128 1
t # 28168
v 0 1
v 1 1
v 2 1
v 3 1
v 4 1
v 5 1
v 6 1
v 7 1
v 8 1
v 9 1
v 10 1
v 11 1
v 12 1
v 13 1
v 14 1
v 15 3
v 16 3
v 17 3
v 18 3
v 19 3
v 20 3
v 21 3
v 22 3
v 23 3
v 24 3
v 25 3
v 26 3
v 27 3
v 28 3
v 29 3
v 30 3
v 31 3
v 32 3
v 33 3
v 34 3
v 35 3
v 36 3
v 37 3
v 38 3
v 39 3
v 40 3
v 41 3
v 42 3
v 43 3
v 44 3
v 45 3
v 46 3
v 47 3
v 48 3
v 49 3
v 50 3
v 51 3
v 52 3
v 53 4
v 54 4
v 55 4
v 56 4
v 57 4
v 58 4
v 59 4
v 60 4
v 61 4
v 62 4
v 63 4
v 64 4
v 65 4
v 66 4
v 67 4
v 68 4
v 69 4
v 70 4
v 71 4
v 72 4
v 73 4
v 74 4
v 75 4
v 76 4
v 77 4
v 78 4
v 79 4
v 80 4
v 81 4
v 82 4
v 83 4
v 84 4
v 85 4
v 86 4
e 0 16 1
e 0 21 1
e 1 19 1
e 1 20 1
e 2 16 1
e 2 60 1
e 3 25 1
e 3 33 1
e 4 20 2
e 5 25 1
e 5 69 1
e 6 30 1
e 6 45 1
e 7 34 1
e 7 45 1
e 8 29 1
e 8 51 1
e 9 35 1
e 9 75 1
e 10 41 1
e 10 49 1
e 11 36 1
e 11 77 1
e 12 43 1
e 12 49 1
e 13 36 2
e 14 42 1
e 14 52 1
e 15 16 1
e 15 17 1
e 15 20 1
e 15 53 1
e 16 19 1
e 17 18 1
e 17 22 1
e 17 54 1
e 18 21 1
e 18 26 2
e 19 55 1
e 19 56 1
e 21 28 2
e 22 29 1
e 22 32 2
e 23 24 1
e 23 25 1
e 23 36 1
e 23 57 1
e 24 27 1
e 24 31 1
e 24 58 1
e 25 35 1
e 26 30 1
e 26 59 1
e 27 33 1
e 27 37 2
e 28 34 1
e 28 61 1
e 29 39 2
e 30 34 2
e 31 42 1
e 31 44 2
e 32 40 1
e 32 62 1
e 33 38 2
e 35 63 1
e 35 64 1
e 37 41 1
e 37 65 1
e 38 43 1
e 38 66 1
e 39 46 1
e 39 67 1
e 40 46 2
e 40 68 1
e 41 43 2
e 42 47 2
e 44 48 1
e 44 70 1
e 45 71 1
e 45 72 1
e 46 73 1
e 47 50 1
e 47 74 1
e 48 50 2
e 48 76 1
e 49 78 1
e 49 79 1
e 50 80 1
e 51 81 1
e 51 82 1
e 51 83 1
e 52 84 1
e 52 85 1
e 52 86 1
t # 28169
v 0 1
v 1 1
v 2 1
v 3 1
v 4 1
v 5 1
v 6 1
v 7 1
v 8 3
v 9 3
v 10 3
v 11 3
v 12 3
v 13 3
v 14 3
v 15 3
v 16 3
v 17 3
v 18 3
v 19 3
v 20 3
v 21 3
v 22 3
v 23 3
v 24 3
v 25 3
v 26 3
v 27 3
v 28 4
v 29 4
v 30 4
v 31 4
v 32 4
v 33 4
v 34 4
v 35 4
v 36 4
v 37 4
v 38 4
v 39 4
v 40 4
v 41 4
v 42 4
v 43 4
v 44 4
v 45 4
e 0 12 1
e 0 13 1
e 1 15 1
e 1 24 1
e 2 17 1
e 2 24 1
e 3 18 1
e 3 26 1
e 4 22 1
e 4 27 1
e 5 20 1
e 5 38 1
e 6 21 1
e 6 39 1
e 7 21 2
e 8 9 1
e 8 10 1
e 8 11 1
e 8 28 1
e 9 12 1
e 9 14 2
e 10 13 2
e 10 21 1
e 11 18 2
e 11 19 1
e 12 16 2
e 13 20 1
e 14 15 1
e 14 29 1
e 15 17 2
e 16 17 1
e 16 30 1
e 18 22 1
e 19 23 2
e 19 31 1
e 20 32 1
e 20 33 1
e 22 25 2
e 23 25 1
e 23 34 1
e 24 35 1
e 24 36 1
e 25 37 1
e 26 40 1
e 26 41 1
e 26 42 1
e 27 43 1
e 27 44 1
e 27 45 1
t # 28170
v 0 1
v 1 1
v 2 1
v 3 1
v 4 1
v 5 1
v 6 1
v 7 3
v 8 3
v 9 3
v 10 3
v 11 3
v 12 3
v 13 3
v 14 3
v 15 3
v 16 3
v 17 3
v 18 3
v 19 3
v 20 3
v 21 3
v 22 3
v 23 3
v 24 3
v 25 3
v 26 4
v 27 4
v 28 4
v 29 4
v 30 4
v 31 4
v 32 4
v 33 4
v 34 4
v 35 4
v 36 4
v 37 4
v 38 4
v 39 4
v 40 4
v 41 4
e 0 11 1
e 0 12 1
e 1 14 1
e 1 22 1
e 2 16 1
e 2 22 1
e 3 19 1
e 3 37 1
e 4 20 1
e 4 38 1
e 5 21 1
e 5 25 1
e 6 20 2
e 7 8 1
e 7 9 1
e 7 10 1
e 7 26 1
e 8 11 1
e 8 13 2
e 9 12 2
e 9 20 1
e 10 17 2
e 10 18 1
e 11 15 2
e 12 19 1
e 13 14 1
e 13 27 1
e 14 16 2
e 15 16 1
e 15 28 1
e 17 21 1
e 17 29 1
e 18 23 2
e 18 30 1
e 19 31 1
e 19 32 1
e 21 24 2
e 22 33 1
e 22 34 1
e 23 24 1
e 23 35 1
e 24 36 1
e 25 39 1
e 25 40 1
e 25 41 1
t # 28171
v 0 1
v 1 1
v 2 1
v 3 1
v 4 1
v 5 1
v 6 1
v 7 1
v 8 1
v 9 1
v 10 3
v 11 3
v 12 3
v 13 3
v 14 3
v 15 3
v 16 3
v 17 3
v 18 3
v 19 3
v 20 3
v 21 3
v 22 3
v 23 3
v 24 3
v 25 3
v 26 3
v 27 3
v 28 3
v 29 3
v 30 3
v 31 3
v 32 3
v 33 3
v 34 3
v 35 3
v 36 4
v 37 4
v 38 4
v 39 4
v 40 4
v 41 4
v 42 4
v 43 4
v 44 4
v 45 4
v 46 4
v 47 4
v 48 4
v 49 4
v 50 4
v 51 4
v 52 4
v 53 4
v 54 4
v 55 4
v 56 4
v 57 4
v 58 4
v 59 4
v 60 4
v 61 4
v 62 4
v 63 4
v 64 4
v 65 4
e 0 17 1
e 0 28 1
e 1 18 1
e 1 29 1
e 2 19 1
e 2 30 1
e 3 20 1
e 3 31 1
e 4 22 1
e 4 32 1
e 5 18 2
e 6 24 1
e 6 33 1
e 7 25 1
e 7 34 1
e 8 24 2
e 9 27 1
e 9 35 1
e 10 11 1
e 10 12 1
e 10 13 1
e 10 36 1
e 11 14 1
e 11 18 1
e 11 37 1
e 12 15 2
e 12 17 1
e 13 20 1
e 13 21 2
e 14 16 2
e 14 24 1
e 15 16 1
e 15 19 1
e 16 38 1
e 17 22 2
e 19 23 2
e 20 26 2
e 21 25 1
e 21 39 1
e 22 23 1
e 23 40 1
e 25 27 2
e 26 27 1
e 26 41 1
e 28 42 1
e 28 43 1
e 28 44 1
e 29 45 1
e 29 46 1
e 29 47 1
e 30 48 1
e 30 49 1
e 30 50 1
e 31 51 1
e 31 52 1
e 31 53 1
e 32 54 1
e 32 55 1
e 32 56 1
e 33 57 1
e 33 58 1
e 33 59 1
e 34 60 1
e 34 61 1
e 34 62 1
e 35 63 1
e 35 64 1
e 35 65 1
t # 28172
v 0 12
v 1 1
v 2 1
v 3 2
v 4 2
v 5 2
v 6 2
v 7 2
v 8 3
v 9 3
v 10 3
v 11 3
v 12 3
v 13 3
v 14 3
v 15 3
v 16 3
v 17 3
v 18 4
v 19 4
v 20 4
v 21 4
v 22 4
v 23 4
v 24 4
v 25 4
v 26 4
v 27 4
v 28 4
v 29 4
e 0 17 1
e 1 8 1
e 1 11 1
e 2 12 1
e 2 27 1
e 3 8 1
e 3 13 1
e 3 14 1
e 4 14 2
e 4 15 1
e 5 13 2
e 5 17 1
e 6 16 1
e 6 17 2
e 7 16 1
e 7 28 1
e 7 29 1
e 8 9 1
e 8 18 1
e 9 10 1
e 9 19 1
e 9 20 1
e 10 11 1
e 10 21 1
e 10 22 1
e 11 12 1
e 11 23 1
e 12 24 1
e 12 25 1
e 13 15 1
e 14 26 1
e 15 16 2
t # 28173
v 0 12
v 1 8
v 2 1
v 3 1
v 4 1
v 5 2
v 6 2
v 7 2
v 8 3
v 9 3
v 10 3
v 11 3
v 12 3
v 13 3
v 14 3
v 15 3
v 16 3
v 17 3
v 18 4
v 19 4
v 20 4
v 21 4
v 22 4
v 23 4
v 24 4
v 25 4
v 26 4
v 27 4
v 28 4
v 29 4
v 30 4
v 31 4
v 32 4
v 33 4
v 34 4
v 35 4
v 36 4
e 0 15 1
e 3 16 1
e 3 17 1
e 4 16 2
e 5 8 1
e 5 9 1
e 6 10 1
e 6 11 1
e 7 12 1
e 7 13 1
e 8 9 1
e 8 18 1
e 8 19 1
e 9 20 1
e 9 21 1
e 10 11 1
e 10 22 1
e 10 23 1
e 11 24 1
e 11 25 1
e 12 14 1
e 12 16 1
e 12 26 1
e 13 15 1
e 13 27 1
e 13 28 1
e 14 29 1
e 14 30 1
e 14 31 1
e 15 32 1
e 15 33 1
e 17 34 1
e 17 35 1
e 17 36 1
t # 28174
v 0 12
v 1 12
v 2 8
v 3 1
v 4 1
v 5 1
v 6 1
v 7 2
v 8 2
v 9 3
v 10 3
v 11 3
v 12 3
v 13 3
v 14 3
v 15 3
v 16 3
v 17 3
v 18 3
v 19 4
v 20 4
v 21 4
v 22 4
v 23 4
v 24 4
v 25 4
v 26 4
v 27 4
v 28 4
v 29 4
v 30 4
v 31 4
v 32 4
v 33 4
v 34 4
v 35 4
v 36 4
v 37 4
e 0 15 1
e 1 16 1
e 3 11 1
e 5 17 1
e 5 18 1
e 6 17 2
e 7 9 1
e 7 12 1
e 8 13 1
e 8 14 1
e 9 10 1
e 9 19 1
e 9 20 1
e 10 11 1
e 10 21 1
e 10 22 1
e 11 23 1
e 11 24 1
e 12 15 1
e 12 25 1
e 12 26 1
e 13 16 1
e 13 27 1
e 13 28 1
e 14 17 1
e 14 29 1
e 14 30 1
e 15 31 1
e 15 32 1
e 16 33 1
e 16 34 1
e 18 35 1
e 18 36 1
e 18 37 1
t # 28175
v 0 12
v 1 12
v 2 8
v 3 1
v 4 1
v 5 1
v 6 1
v 7 2
v 8 2
v 9 3
v 10 3
v 11 3
v 12 3
v 13 3
v 14 3
v 15 3
v 16 3
v 17 3
v 18 3
v 19 3
v 20 4
v 21 4
v 22 4
v 23 4
v 24 4
v 25 4
v 26 4
v 27 4
v 28 4
v 29 4
v 30 4
v 31 4
v 32 4
v 33 4
v 34 4
v 35 4
v 36 4
v 37 4
v 38 4
v 39 4
v 40 4
e 0 16 1
e 1 17 1
e 3 12 1
e 5 18 1
e 5 19 1
e 6 18 2
e 7 9 1
e 7 13 1
e 8 11 1
e 8 14 1
e 9 10 1
e 9 20 1
e 9 21 1
e 10 12 1
e 10 22 1
e 10 23 1
e 11 15 1
e 11 18 1
e 11 24 1
e 12 25 1
e 12 26 1
e 13 16 1
e 13 27 1
e 13 28 1
e 14 17 1
e 14 29 1
e 14 30 1
e 15 31 1
e 15 32 1
e 15 33 1
e 16 34 1
e 16 35 1
e 17 36 1
e 17 37 1
e 19 38 1
e 19 39 1
e 19 40 1
t # 28176
v 0 11
v 1 1
v 2 2
v 3 2
v 4 3
v 5 3
v 6 3
v 7 3
v 8 3
v 9 3
v 10 3
v 11 3
v 12 3
v 13 4
v 14 4
v 15 4
v 16 4
v 17 4
v 18 4
v 19 4
v 20 4
v 21 4
v 22 4
e 0 4 1
e 0 8 1
e 1 9 2
e 2 4 1
e 2 9 1
e 2 13 1
e 3 8 1
e 3 12 2
e 4 5 1
e 4 6 1
e 5 14 1
e 5 15 1
e 5 16 1
e 6 17 1
e 6 18 1
e 6 19 1
e 7 8 2
e 7 9 1
e 7 10 1
e 10 11 2
e 10 20 1
e 11 12 1
e 11 21 1
e 12 22 1
t # 28177
v 0 11
v 1 1
v 2 2
v 3 2
v 4 2
v 5 3
v 6 3
v 7 3
v 8 3
v 9 3
v 10 3
v 11 3
v 12 3
v 13 4
v 14 4
v 15 4
v 16 4
v 17 4
v 18 4
v 19 4
e 0 7 1
e 0 8 1
e 1 11 2
e 2 7 1
e 2 12 2
e 3 6 1
e 3 15 1
e 3 16 1
e 4 11 1
e 4 18 1
e 4 19 1
e 5 6 1
e 5 7 2
e 5 9 1
e 6 8 2
e 8 11 1
e 9 10 2
e 9 13 1
e 10 12 1
e 10 14 1
e 12 17 1
t # 28178
v 0 12
v 1 12
v 2 1
v 3 1
v 4 1
v 5 2
v 6 2
v 7 3
v 8 3
v 9 3
v 10 3
v 11 3
v 12 3
v 13 3
v 14 3
v 15 3
v 16 3
v 17 3
v 18 3
v 19 3
v 20 3
v 21 3
v 22 3
v 23 3
v 24 3
v 25 3
v 26 3
v 27 3
v 28 4
v 29 4
v 30 4
v 31 4
v 32 4
v 33 4
v 34 4
v 35 4
v 36 4
v 37 4
v 38 4
v 39 4
v 40 4
v 41 4
v 42 4
v 43 4
v 44 4
v 45 4
v 46 4
v 47 4
v 48 4
v 49 4
e 0 26 1
e 1 27 1
e 2 10 2
e 3 22 2
e 4 24 2
e 5 12 1
e 5 22 1
e 5 38 1
e 6 15 1
e 6 24 1
e 6 40 1
e 7 8 1
e 7 9 1
e 7 28 1
e 7 29 1
e 8 10 1
e 8 30 1
e 8 31 1
e 9 13 2
e 9 14 1
e 10 11 1
e 11 12 1
e 11 18 2
e 12 19 2
e 13 16 1
e 13 32 1
e 14 17 2
e 14 33 1
e 15 16 2
e 15 17 1
e 16 34 1
e 17 35 1
e 18 20 1
e 18 36 1
e 19 21 1
e 19 37 1
e 20 21 2
e 20 39 1
e 21 41 1
e 22 23 1
e 23 26 1
e 23 42 1
e 23 43 1
e 24 25 1
e 25 27 1
e 25 44 1
e 25 45 1
e 26 46 1
e 26 47 1
e 27 48 1
e 27 49 1
t # 28179
v 0 12
v 1 12
v 2 1
v 3 1
v 4 1
v 5 2
v 6 2
v 7 3
v 8 3
v 9 3
v 10 3
v 11 3
v 12 3
v 13 3
v 14 3
v 15 3
v 16 3
v 17 3
v 18 3
v 19 3
v 20 3
v 21 3
v 22 3
v 23 3
v 24 3
v 25 3
v 26 3
v 27 3
v 28 4
v 29 4
v 30 4
v 31 4
v 32 4
v 33 4
v 34 4
v 35 4
v 36 4
v 37 4
v 38 4
v 39 4
v 40 4
v 41 4
v 42 4
v 43 4
v 44 4
v 45 4
v 46 4
v 47 4
v 48 4
v 49 4
e 0 26 1
e 1 27 1
e 2 10 2
e 3 22 2
e 4 24 2
e 5 13 1
e 5 22 1
e 5 38 1
e 6 19 1
e 6 24 1
e 6 41 1
e 7 8 1
e 7 9 1
e 7 28 1
e 7 29 1
e 8 10 1
e 8 30 1
e 8 31 1
e 9 11 2
e 9 14 1
e 10 12 1
e 11 13 1
e 11 32 1
e 12 17 2
e 12 18 1
e 13 15 2
e 14 16 2
e 14 33 1
e 15 16 1
e 15 34 1
e 16 35 1
e 17 20 1
e 17 36 1
e 18 21 2
e 18 37 1
e 19 20 2
e 19 21 1
e 20 39 1
e 21 40 1
e 22 23 1
e 23 26 1
e 23 42 1
e 23 43 1
e 24 25 1
e 25 27 1
e 25 44 1
e 25 45 1
e 26 46 1
e 26 47 1
e 27 48 1
e 27 49 1
t # 28180
v 0 1
v 1 2
v 2 2
v 3 3
v 4 3
v 5 3
v 6 3
v 7 3
v 8 3
v 9 3
v 10 3
v 11 3
v 12 3
v 13 3
v 14 3
v 15 3
v 16 3
v 17 3
v 18 3
v 19 3
v 20 3
v 21 4
v 22 4
v 23 4
v 24 4
v 25 4
v 26 4
v 27 4
v 28 4
v 29 4
v 30 4
v 31 4
v 32 4
v 33 4
v 34 4
v 35 4
v 36 4
v 37 4
v 38 4
e 0 7 2
e 1 8 1
e 1 9 1
e 1 26 1
e 2 10 1
e 2 19 1
e 2 20 1
e 3 4 1
e 3 5 1
e 3 21 1
e 3 22 1
e 4 7 1
e 4 9 2
e 5 11 2
e 5 12 1
e 6 7 1
e 6 8 1
e 6 15 2
e 8 16 2
e 9 23 1
e 10 13 2
e 10 14 1
e 11 13 1
e 11 24 1
e 12 14 2
e 12 25 1
e 13 27 1
e 14 28 1
e 15 17 1
e 15 29 1
e 16 18 1
e 16 30 1
e 17 18 2
e 17 31 1
e 18 32 1
e 19 33 1
e 19 34 1
e 19 35 1
e 20 36 1
e 20 37 1
e 20 38 1
t # 28181
v 0 1
v 1 1
v 2 1
v 3 2
v 4 3
v 5 3
v 6 3
v 7 3
v 8 3
v 9 3
v 10 3
v 11 3
v 12 3
v 13 3
v 14 3
v 15 3
v 16 3
v 17 3
v 18 3
v 19 3
v 20 3
v 21 3
v 22 4
v 23 4
v 24 4
v 25 4
v 26 4
v 27 4
v 28 4
v 29 4
v 30 4
v 31 4
v 32 4
v 33 4
v 34 4
v 35 4
v 36 4
v 37 4
v 38 4
e 0 8 2
e 1 14 1
e 1 20 1
e 2 16 1
e 2 21 1
e 3 9 1
e 3 10 1
e 3 25 1
e 4 5 1
e 4 6 1
e 4 22 1
e 4 23 1
e 5 8 1
e 5 10 2
e 6 11 2
e 6 12 1
e 7 8 1
e 7 9 1
e 7 13 2
e 9 15 2
e 10 24 1
e 11 14 1
e 11 26 1
e 12 17 2
e 12 27 1
e 13 18 1
e 13 28 1
e 14 16 2
e 15 19 1
e 15 29 1
e 16 17 1
e 17 30 1
e 18 19 2
e 18 31 1
e 19 32 1
e 20 33 1
e 20 34 1
e 20 35 1
e 21 36 1
e 21 37 1
e 21 38 1
t # 28182
v 0 1
v 1 1
v 2 1
v 3 1
v 4 2
v 5 2
v 6 2
v 7 3
v 8 3
v 9 3
v 10 3
v 11 3
v 12 3
v 13 3
v 14 3
v 15 3
v 16 3
v 17 3
v 18 3
v 19 3
v 20 3
v 21 3
v 22 3
v 23 3
v 24 3
v 25 4
v 26 4
v 27 4
v 28 4
v 29 4
v 30 4
v 31 4
v 32 4
v 33 4
v 34 4
v 35 4
v 36 4
v 37 4
e 0 10 1
e 0 15 1
e 1 12 2
e 4 7 1
e 4 9 1
e 4 14 1
e 5 11 1
e 5 14 2
e 6 18 1
e 7 8 1
e 7 25 1
e 7 26 1
e 8 10 2
e 8 12 1
e 9 11 2
e 9 16 1
e 10 19 1
e 11 17 1
e 12 13 1
e 13 15 1
e 13 20 2
e 14 27 1
e 15 22 2
e 16 18 2
e 16 28 1
e 17 21 2
e 17 29 1
e 18 21 1
e 19 30 1
e 19 31 1
e 19 32 1
e 20 23 1
e 20 33 1
e 21 34 1
e 22 24 1
e 22 35 1
e 23 24 2
e 23 36 1
e 24 37 1
t # 28183
v 0 12
v 1 12
v 2 1
v 3 2
v 4 2
v 5 2
v 6 2
v 7 3
v 8 3
v 9 3
v 10 3
v 11 3
v 12 3
v 13 3
v 14 3
v 15 3
v 16 3
v 17 3
v 18 3
v 19 4
v 20 4
v 21 4
v 22 4
v 23 4
v 24 4
v 25 4
v 26 4
v 27 4
v 28 4
v 29 4
v 30 4
v 31 4
v 32 4
e 0 13 1
e 1 14 1
e 2 10 2
e 3 8 1
e 3 9 1
e 3 10 1
e 4 5 1
e 4 7 1
e 4 11 1
e 6 12 1
e 7 10 1
e 7 19 1
e 7 20 1
e 8 13 1
e 8 21 1
e 8 22 1
e 9 14 1
e 9 23 1
e 9 24 1
e 11 12 1
e 11 15 2
e 12 16 2
e 13 25 1
e 13 26 1
e 14 27 1
e 14 28 1
e 15 17 1
e 15 29 1
e 16 18 1
e 16 30 1
e 17 18 2
e 17 31 1
e 18 32 1
t # 28184
v 0 11
v 1 1
v 2 1
v 3 1
v 4 1
v 5 1
v 6 1
v 7 3
v 8 3
v 9 3
v 10 3
v 11 3
v 12 3
v 13 3
v 14 3
v 15 3
v 16 3
v 17 3
v 18 3
v 19 3
v 20 3
v 21 3
v 22 3
v 23 3
v 24 4
v 25 4
v 26 4
v 27 4
v 28 4
v 29 4
v 30 4
v 31 4
v 32 4
v 33 4
v 34 4
v 35 4
v 36 4
v 37 4
e 0 2 2
e 0 3 2
e 0 7 1
e 0 8 1
e 1 11 1
e 1 12 1
e 4 12 1
e 4 34 1
e 5 10 2
e 6 20 1
e 6 23 1
e 7 10 1
e 7 12 2
e 8 13 2
e 8 14 1
e 9 10 1
e 9 11 2
e 9 15 1
e 11 16 1
e 13 18 1
e 13 24 1
e 14 19 2
e 14 25 1
e 15 21 2
e 15 26 1
e 16 20 2
e 16 27 1
e 17 18 2
e 17 19 1
e 17 22 1
e 18 28 1
e 19 29 1
e 20 21 1
e 21 30 1
e 22 31 1
e 22 32 1
e 22 33 1
e 23 35 1
e 23 36 1
e 23 37 1
t # 28185
v 0 12
v 1 11
v 2 1
v 3 1
v 4 1
v 5 1
v 6 1
v 7 1
v 8 3
v 9 3
v 10 3
v 11 3
v 12 3
v 13 3
v 14 3
v 15 3
v 16 3
v 17 3
v 18 3
v 19 3
v 20 3
v 21 3
v 22 3
v 23 3
v 24 4
v 25 4
v 26 4
v 27 4
v 28 4
v 29 4
v 30 4
v 31 4
v 32 4
v 33 4
v 34 4
e 0 22 1
e 1 3 2
e 1 4 2
e 1 8 1
e 1 11 1
e 2 12 1
e 2 13 1
e 5 13 1
e 5 31 1
e 6 10 2
e 7 18 1
e 7 23 1
e 8 10 1
e 8 13 2
e 9 10 1
e 9 12 2
e 9 14 1
e 11 16 2
e 11 17 1
e 12 15 1
e 14 19 2
e 14 24 1
e 15 18 2
e 15 25 1
e 16 20 1
e 16 26 1
e 17 21 2
e 17 27 1
e 18 19 1
e 19 28 1
e 20 22 2
e 20 29 1
e 21 22 1
e 21 30 1
e 23 32 1
e 23 33 1
e 23 34 1
t # 28186
v 0 12
v 1 1
v 2 1
v 3 1
v 4 1
v 5 2
v 6 3
v 7 3
v 8 3
v 9 3
v 10 3
v 11 3
v 12 3
v 13 3
v 14 3
v 15 3
v 16 3
v 17 3
v 18 3
v 19 3
v 20 3
v 21 3
v 22 3
v 23 3
v 24 3
v 25 3
v 26 3
v 27 3
v 28 3
v 29 3
v 30 3
v 31 4
v 32 4
v 33 4
v 34 4
v 35 4
v 36 4
v 37 4
v 38 4
v 39 4
v 40 4
v 41 4
v 42 4
v 43 4
v 44 4
v 45 4
v 46 4
e 0 29 1
e 1 18 1
e 1 19 1
e 2 15 1
e 2 30 1
e 3 13 2
e 4 18 2
e 5 8 1
e 5 9 1
e 5 13 1
e 6 7 1
e 6 8 2
e 6 11 1
e 7 9 2
e 7 10 1
e 8 12 1
e 9 31 1
e 10 14 2
e 10 18 1
e 11 15 2
e 11 32 1
e 12 16 2
e 12 33 1
e 13 20 1
e 14 17 1
e 14 34 1
e 15 16 1
e 16 35 1
e 17 19 1
e 17 21 2
e 19 22 2
e 20 23 2
e 20 24 1
e 21 25 1
e 21 36 1
e 22 26 1
e 22 37 1
e 23 27 1
e 23 38 1
e 24 28 2
e 24 39 1
e 25 26 2
e 25 40 1
e 26 41 1
e 27 29 2
e 27 42 1
e 28 29 1
e 28 43 1
e 30 44 1
e 30 45 1
e 30 46 1
t # 28187
v 0 1
v 1 1
v 2 2
v 3 3
v 4 3
v 5 3
v 6 3
v 7 3
v 8 3
v 9 3
v 10 3
v 11 3
v 12 3
v 13 3
v 14 3
v 15 3
v 16 3
v 17 3
v 18 3
v 19 3
v 20 3
v 21 3
v 22 3
v 23 3
v 24 4
v 25 4
v 26 4
v 27 4
v 28 4
v 29 4
v 30 4
v 31 4
v 32 4
v 33 4
v 34 4
v 35 4
v 36 4
e 0 10 1
e 0 13 1
e 1 13 2
e 2 9 1
e 2 12 1
e 2 26 1
e 3 5 1
e 3 6 1
e 3 12 2
e 4 7 1
e 4 8 1
e 4 10 2
e 5 8 2
e 5 13 1
e 6 9 1
e 6 16 2
e 7 11 1
e 7 17 2
e 8 24 1
e 9 18 2
e 10 14 1
e 11 15 1
e 11 19 2
e 12 25 1
e 14 15 2
e 14 27 1
e 15 28 1
e 16 20 1
e 16 29 1
e 17 22 1
e 17 30 1
e 18 21 1
e 18 31 1
e 19 23 1
e 19 32 1
e 20 21 2
e 20 33 1
e 21 34 1
e 22 23 2
e 22 35 1
e 23 36 1
t # 28188
v 0 1
v 1 1
v 2 1
v 3 2
v 4 3
v 5 3
v 6 3
v 7 3
v 8 3
v 9 3
v 10 3
v 11 3
v 12 3
v 13 3
v 14 3
v 15 3
v 16 3
v 17 3
v 18 3
v 19 3
v 20 3
v 21 3
v 22 4
v 23 4
v 24 4
v 25 4
v 26 4
v 27 4
v 28 4
v 29 4
v 30 4
v 31 4
v 32 4
v 33 4
v 34 4
e 0 11 1
e 0 13 1
e 1 15 1
e 1 21 1
e 2 13 2
e 3 7 1
e 3 8 1
e 3 24 1
e 4 5 1
e 4 6 1
e 4 8 2
e 5 7 1
e 5 12 2
e 6 10 2
e 6 13 1
e 7 14 2
e 8 22 1
e 9 10 1
e 9 11 2
e 9 16 1
e 10 23 1
e 11 15 1
e 12 17 1
e 12 25 1
e 14 18 1
e 14 26 1
e 15 19 2
e 16 20 2
e 16 27 1
e 17 18 2
e 17 28 1
e 18 29 1
e 19 20 1
e 19 30 1
e 20 31 1
e 21 32 1
e 21 33 1
e 21 34 1
t # 28189
v 0 11
v 1 1
v 2 1
v 3 1
v 4 2
v 5 3
v 6 3
v 7 3
v 8 3
v 9 3
v 10 3
v 11 3
v 12 3
v 13 4
v 14 4
v 15 4
v 16 4
v 17 4
v 18 4
v 19 4
v 20 4
v 21 4
v 22 4
v 23 4
v 24 4
v 25 4
v 26 4
v 27 4
e 0 5 1
e 1 9 1
e 1 27 1
e 2 9 2
e 3 10 2
e 4 6 1
e 4 10 1
e 4 20 1
e 5 6 1
e 5 7 1
e 5 8 1
e 6 9 1
e 6 13 1
e 7 14 1
e 7 15 1
e 7 16 1
e 8 17 1
e 8 18 1
e 8 19 1
e 10 11 1
e 11 12 1
e 11 22 1
e 11 23 1
e 12 24 1
e 12 25 1
e 12 26 1
t # 28190
v 0 11
v 1 14
v 2 14
v 3 14
v 4 1
v 5 1
v 6 1
v 7 2
v 8 3
v 9 3
v 10 3
v 11 3
v 12 3
v 13 3
v 14 3
v 15 4
v 16 4
v 17 4
v 18 4
v 19 4
v 20 4
v 21 4
v 22 4
v 23 4
v 24 4
e 0 8 1
e 4 12 1
e 4 24 1
e 5 12 2
e 6 13 2
e 7 9 1
e 7 13 1
e 7 22 1
e 8 9 1
e 8 10 1
e 8 11 1
e 9 12 1
e 9 15 1
e 10 16 1
e 10 17 1
e 10 18 1
e 11 19 1
e 11 20 1
e 11 21 1
e 13 14 1
t # 28191
v 0 1
v 1 1
v 2 1
v 3 1
v 4 3
v 5 3
v 6 3
v 7 3
v 8 3
v 9 3
v 10 3
v 11 3
v 12 3
v 13 3
v 14 3
v 15 3
v 16 3
v 17 3
v 18 3
v 19 3
v 20 3
v 21 3
v 22 4
v 23 4
v 24 4
v 25 4
v 26 4
v 27 4
v 28 4
v 29 4
v 30 4
v 31 4
v 32 4
v 33 4
v 34 4
v 35 4
e 0 18 1
e 0 20 1
e 1 19 1
e 1 21 1
e 2 18 2
e 3 19 2
e 4 5 1
e 4 8 2
e 4 10 1
e 5 9 2
e 5 11 1
e 6 7 1
e 6 8 1
e 6 14 2
e 7 9 1
e 7 15 2
e 8 22 1
e 9 23 1
e 10 12 2
e 10 24 1
e 11 13 2
e 11 25 1
e 12 13 1
e 12 18 1
e 13 19 1
e 14 16 1
e 14 26 1
e 15 17 1
e 15 27 1
e 16 17 2
e 16 28 1
e 17 29 1
e 20 30 1
e 20 31 1
e 20 32 1
e 21 33 1
e 21 34 1
e 21 35 1
t # 28192
v 0 1
v 1 1
v 2 1
v 3 1
v 4 1
v 5 1
v 6 3
v 7 3
v 8 3
v 9 3
v 10 3
v 11 3
v 12 3
v 13 3
v 14 3
v 15 3
v 16 3
v 17 3
v 18 3
v 19 3
v 20 3
v 21 3
v 22 3
v 23 3
v 24 4
v 25 4
v 26 4
v 27 4
v 28 4
v 29 4
v 30 4
v 31 4
v 32 4
v 33 4
v 34 4
v 35 4
e 0 10 2
e 1 11 2
e 2 20 1
e 2 22 1
e 3 21 1
e 3 23 1
e 4 20 2
e 5 21 2
e 6 7 1
e 6 10 1
e 6 12 2
e 7 11 1
e 7 13 2
e 8 9 1
e 8 10 1
e 8 16 2
e 9 11 1
e 9 17 2
e 12 14 1
e 12 24 1
e 13 15 1
e 13 25 1
e 14 15 2
e 14 20 1
e 15 21 1
e 16 18 1
e 16 26 1
e 17 19 1
e 17 27 1
e 18 19 2
e 18 28 1
e 19 29 1
e 22 30 1
e 22 31 1
e 22 32 1
e 23 33 1
e 23 34 1
e 23 35 1
t # 28193
v 0 1
v 1 1
v 2 1
v 3 1
v 4 1
v 5 1
v 6 1
v 7 1
v 8 1
v 9 1
v 10 1
v 11 1
v 12 2
v 13 2
v 14 2
v 15 2
v 16 2
v 17 2
v 18 2
v 19 2
v 20 2
v 21 2
v 22 2
v 23 2
v 24 2
v 25 2
v 26 2
v 27 2
v 28 2
v 29 2
v 30 3
v 31 3
v 32 3
v 33 3
v 34 3
v 35 3
v 36 3
v 37 3
v 38 3
v 39 3
v 40 3
v 41 3
v 42 3
v 43 3
v 44 3
v 45 3
v 46 3
v 47 3
v 48 3
v 49 3
v 50 3
v 51 3
v 52 3
v 53 3
v 54 3
v 55 3
v 56 3
v 57 3
v 58 3
v 59 3
v 60 3
v 61 3
v 62 3
v 63 3
v 64 3
v 65 3
v 66 3
v 67 3
v 68 3
v 69 3
v 70 3
v 71 4
v 72 4
v 73 4
v 74 4
v 75 4
v 76 4
v 77 4
v 78 4
v 79 4
v 80 4
v 81 4
v 82 4
v 83 4
v 84 4
v 85 4
v 86 4
v 87 4
v 88 4
v 89 4
v 90 4
v 91 4
v 92 4
v 93 4
v 94 4
v 95 4
v 96 4
v 97 4
v 98 4
v 99 4
v 100 4
v 101 4
v 102 4
v 103 4
v 104 4
v 105 4
v 106 4
v 107 4
v 108 4
v 109 4
v 110 4
v 111 4
v 112 4
v 113 4
v 114 4
v 115 4
v 116 4
v 117 4
v 118 4
v 119 4
v 120 4
v 121 4
v 122 4
v 123 4
v 124 4
v 125 4
v 126 4
v 127 4
v 128 4
v 129 4
v 130 4
v 131 4
v 132 4
v 133 4
v 134 4
v 135 4
v 136 4
v 137 4
v 138 4
v 139 4
v 140 4
v 141 4
v 142 4
v 143 4
v 144 4
e 0 40 1
e 0 116 1
e 1 46 1
e 1 117 1
e 2 38 2
e 3 41 2
e 4 47 1
e 4 118 1
e 5 42 2
e 6 43 2
e 7 48 2
e 8 53 2
e 9 62 1
e 9 131 1
e 10 62 2
e 11 69 1
e 11 140 1
e 12 31 1
e 12 41 1
e 12 85 1
e 13 30 1
e 13 43 1
e 13 86 1
e 14 32 1
e 14 38 1
e 14 87 1
e 15 36 1
e 15 42 1
e 15 92 1
e 16 33 1
e 16 53 1
e 16 95 1
e 17 48 1
e 17 57 1
e 17 111 1
e 18 49 1
e 18 119 1
e 18 120 1
e 19 50 1
e 19 121 1
e 19 122 1
e 20 52 1
e 20 123 1
e 20 124 1
e 21 54 1
e 21 65 2
e 22 55 1
e 22 66 2
e 23 60 1
e 23 70 2
e 24 65 1
e 24 132 1
e 24 133 1
e 25 65 1
e 25 134 1
e 25 135 1
e 26 66 1
e 26 136 1
e 26 137 1
e 27 66 1
e 27 138 1
e 27 139 1
e 28 70 1
e 28 141 1
e 28 142 1
e 29 70 1
e 29 143 1
e 29 144 1
e 30 34 1
e 30 38 1
e 30 71 1
e 31 35 1
e 31 42 1
e 31 72 1
e 32 40 1
e 32 41 1
e 32 73 1
e 33 37 1
e 33 43 1
e 33 74 1
e 34 44 1
e 34 75 1
e 34 76 1
e 35 45 1
e 35 77 1
e 35 78 1
e 36 39 1
e 36 48 1
e 36 79 1
e 37 46 1
e 37 80 1
e 37 81 1
e 39 47 1
e 39 82 1
e 39 83 1
e 40 51 1
e 40 84 1
e 44 50 1
e 44 88 1
e 44 89 1
e 45 52 1
e 45 90 1
e 45 91 1
e 46 54 1
e 46 93 1
e 47 55 1
e 47 94 1
e 49 53 1
e 49 56 1
e 49 96 1
e 50 97 1
e 50 98 1
e 51 99 1
e 51 100 1
e 51 101 1
e 52 102 1
e 52 103 1
e 54 104 1
e 54 105 1
e 55 106 1
e 55 107 1
e 56 58 1
e 56 108 1
e 56 109 1
e 57 59 1
e 57 62 1
e 57 110 1
e 58 60 1
e 58 112 1
e 58 113 1
e 59 61 1
e 59 114 1
e 59 115 1
e 60 125 1
e 60 126 1
e 61 63 2
e 61 64 1
e 63 67 1
e 63 127 1
e 64 68 2
e 64 128 1
e 67 69 2
e 67 129 1
e 68 69 1
e 68 130 1
t # 28194
v 0 1
v 1 1
v 2 1
v 3 1
v 4 1
v 5 1
v 6 1
v 7 1
v 8 3
v 9 3
v 10 3
v 11 3
v 12 3
v 13 3
v 14 3
v 15 3
v 16 3
v 17 3
v 18 3
v 19 3
v 20 3
v 21 3
v 22 3
v 23 3
v 24 3
v 25 3
v 26 3
v 27 3
v 28 3
v 29 3
v 30 3
v 31 3
v 32 4
v 33 4
v 34 4
v 35 4
v 36 4
v 37 4
v 38 4
v 39 4
v 40 4
v 41 4
v 42 4
v 43 4
v 44 4
v 45 4
v 46 4
v 47 4
v 48 4
v 49 4
v 50 4
v 51 4
v 52 4
v 53 4
v 54 4
v 55 4
v 56 4
v 57 4
e 0 16 1
e 0 26 1
e 1 20 1
e 1 27 1
e 2 16 2
e 3 21 1
e 3 28 1
e 4 22 1
e 4 29 1
e 5 23 1
e 5 30 1
e 6 22 2
e 7 25 1
e 7 31 1
e 8 9 1
e 8 10 1
e 8 12 1
e 8 32 1
e 9 11 1
e 9 16 1
e 9 33 1
e 10 13 1
e 10 15 2
e 11 14 2
e 11 22 1
e 12 18 2
e 12 19 1
e 13 14 1
e 13 17 2
e 14 34 1
e 15 20 1
e 15 35 1
e 17 21 1
e 17 36 1
e 18 23 1
e 18 37 1
e 19 24 2
e 19 38 1
e 20 21 2
e 23 25 2
e 24 25 1
e 24 39 1
e 26 40 1
e 26 41 1
e 26 42 1
e 27 43 1
e 27 44 1
e 27 45 1
e 28 46 1
e 28 47 1
e 28 48 1
e 29 49 1
e 29 50 1
e 29 51 1
e 30 52 1
e 30 53 1
e 30 54 1
e 31 55 1
e 31 56 1
e 31 57 1
t # 28195
v 0 1
v 1 1
v 2 1
v 3 1
v 4 1
v 5 1
v 6 1
v 7 1
v 8 1
v 9 1
v 10 3
v 11 3
v 12 3
v 13 3
v 14 3
v 15 3
v 16 3
v 17 3
v 18 3
v 19 3
v 20 3
v 21 3
v 22 3
v 23 3
v 24 3
v 25 3
v 26 3
v 27 3
v 28 3
v 29 3
v 30 3
v 31 3
v 32 3
v 33 3
v 34 3
v 35 3
v 36 4
v 37 4
v 38 4
v 39 4
v 40 4
v 41 4
v 42 4
v 43 4
v 44 4
v 45 4
v 46 4
v 47 4
v 48 4
v 49 4
v 50 4
v 51 4
v 52 4
v 53 4
v 54 4
v 55 4
v 56 4
v 57 4
v 58 4
v 59 4
v 60 4
v 61 4
v 62 4
v 63 4
v 64 4
v 65 4
e 0 17 1
e 0 28 1
e 1 18 1
e 1 29 1
e 2 22 1
e 2 30 1
e 3 18 2
e 4 23 1
e 4 31 1
e 5 24 1
e 5 32 1
e 6 25 1
e 6 33 1
e 7 26 1
e 7 34 1
e 8 24 2
e 9 27 1
e 9 35 1
e 10 11 1
e 10 12 1
e 10 13 1
e 10 36 1
e 11 14 1
e 11 18 1
e 11 37 1
e 12 15 1
e 12 17 2
e 13 20 2
e 13 21 1
e 14 16 2
e 14 24 1
e 15 16 1
e 15 19 2
e 16 38 1
e 17 22 1
e 19 23 1
e 19 39 1
e 20 26 1
e 20 40 1
e 21 25 2
e 21 41 1
e 22 23 2
e 25 27 1
e 26 27 2
e 28 42 1
e 28 43 1
e 28 44 1
e 29 45 1
e 29 46 1
e 29 47 1
e 30 48 1
e 30 49 1
e 30 50 1
e 31 51 1
e 31 52 1
e 31 53 1
e 32 54 1
e 32 55 1
e 32 56 1
e 33 57 1
e 33 58 1
e 33 59 1
e 34 60 1
e 34 61 1
e 34 62 1
e 35 63 1
e 35 64 1
e 35 65 1
t # 28196
v 0 1
v 1 1
v 2 1
v 3 1
v 4 2
v 5 3
v 6 3
v 7 3
v 8 3
v 9 3
v 10 3
v 11 3
v 12 3
v 13 3
v 14 3
v 15 3
v 16 3
v 17 3
v 18 3
v 19 4
v 20 4
v 21 4
v 22 4
v 23 4
v 24 4
v 25 4
v 26 4
v 27 4
v 28 4
v 29 4
v 30 4
v 31 4
v 32 4
v 33 4
e 0 5 1
e 0 8 1
e 1 8 1
e 1 11 1
e 2 12 1
e 2 16 1
e 3 12 2
e 4 5 2
e 4 7 1
e 5 6 1
e 6 9 2
e 6 10 1
e 7 8 2
e 7 12 1
e 9 13 1
e 9 19 1
e 10 14 2
e 10 20 1
e 11 17 1
e 11 21 1
e 11 22 1
e 13 15 2
e 13 23 1
e 14 15 1
e 14 24 1
e 15 25 1
e 16 18 1
e 16 26 1
e 16 27 1
e 17 28 1
e 17 29 1
e 17 30 1
e 18 31 1
e 18 32 1
e 18 33 1
t # 28197
v 0 1
v 1 2
v 2 3
v 3 3
v 4 3
v 5 3
v 6 3
v 7 3
v 8 3
v 9 3
v 10 3
v 11 3
v 12 3
v 13 3
v 14 3
v 15 3
v 16 3
v 17 3
v 18 3
v 19 3
v 20 3
v 21 4
v 22 4
v 23 4
v 24 4
v 25 4
v 26 4
v 27 4
v 28 4
v 29 4
v 30 4
v 31 4
v 32 4
v 33 4
v 34 4
v 35 4
v 36 4
v 37 4
v 38 4
v 39 4
v 40 4
v 41 4
e 0 6 2
e 1 2 1
e 1 3 1
e 1 4 1
e 2 3 1
e 2 5 1
e 2 21 1
e 3 6 1
e 3 22 1
e 4 7 1
e 4 8 1
e 4 9 1
e 5 10 2
e 5 11 1
e 6 12 1
e 7 23 1
e 7 24 1
e 7 25 1
e 8 26 1
e 8 27 1
e 8 28 1
e 9 29 1
e 9 30 1
e 9 31 1
e 10 13 1
e 10 32 1
e 11 14 2
e 11 33 1
e 12 15 2
e 12 16 1
e 13 17 2
e 13 34 1
e 14 17 1
e 14 35 1
e 15 18 1
e 15 36 1
e 16 19 2
e 16 37 1
e 17 38 1
e 18 20 2
e 18 39 1
e 19 20 1
e 19 40 1
e 20 41 1
t # 28198
v 0 12
v 1 1
v 2 2
v 3 2
v 4 2
v 5 2
v 6 3
v 7 3
v 8 3
v 9 3
v 10 3
v 11 3
v 12 3
v 13 3
v 14 4
v 15 4
v 16 4
v 17 4
v 18 4
v 19 4
v 20 4
v 21 4
v 22 4
v 23 4
v 24 4
v 25 4
v 26 4
e 0 12 1
e 1 9 1
e 1 24 1
e 2 7 1
e 2 10 1
e 2 20 1
e 3 10 1
e 3 13 2
e 4 12 2
e 4 13 1
e 5 13 1
e 5 25 1
e 5 26 1
e 6 7 1
e 6 8 1
e 6 14 1
e 6 15 1
e 7 16 1
e 7 17 1
e 8 9 1
e 8 18 1
e 8 19 1
e 9 21 1
e 9 22 1
e 10 11 2
e 11 12 1
e 11 23 1
t # 28199
v 0 12
v 1 1
v 2 1
v 3 2
v 4 2
v 5 2
v 6 2
v 7 3
v 8 3
v 9 3
v 10 3
v 11 3
v 12 3
v 13 3
v 14 4
v 15 4
v 16 4
v 17 4
v 18 4
v 19 4
v 20 4
v 21 4
v 22 4
v 23 4
v 24 4
e 0 12 1
e 1 7 1
e 1 20 1
e 2 9 1
e 2 22 1
e 3 8 1
e 3 10 1
e 3 19 1
e 4 10 1
e 4 13 2
e 5 12 2
e 5 13 1
e 6 13 1
e 6 23 1
e 6 24 1
e 7 8 1
e 7 9 1
e 7 14 1
e 8 15 1
e 8 16 1
e 9 17 1
e 9 18 1
e 10 11 2
e 11 12 1
e 11 21 1
