t # 33300
v 0 1
v 1 1
v 2 2
v 3 2
v 4 2
v 5 2
v 6 2
v 7 3
v 8 3
v 9 3
v 10 3
v 11 3
v 12 3
v 13 3
v 14 3
v 15 4
v 16 4
v 17 4
v 18 4
v 19 4
v 20 4
v 21 4
v 22 4
v 23 4
e 0 9 2
e 1 11 2
e 2 9 1
e 2 10 1
e 2 13 1
e 3 7 2
e 3 10 1
e 4 5 1
e 4 10 2
e 5 13 2
e 6 13 1
e 6 22 1
e 6 23 1
e 7 8 1
e 7 9 1
e 8 11 1
e 8 15 1
e 8 16 1
e 11 12 1
e 12 14 1
e 12 17 1
e 12 18 1
e 14 19 1
e 14 20 1
e 14 21 1
t # 33301
v 0 1
v 1 1
v 2 2
v 3 2
v 4 2
v 5 2
v 6 2
v 7 3
v 8 3
v 9 3
v 10 3
v 11 3
v 12 3
v 13 3
v 14 3
v 15 3
v 16 3
v 17 4
v 18 4
v 19 4
v 20 4
v 21 4
v 22 4
v 23 4
v 24 4
v 25 4
v 26 4
v 27 4
v 28 4
v 29 4
e 0 10 2
e 1 14 2
e 2 14 1
e 2 15 1
e 2 16 1
e 3 11 2
e 3 15 1
e 4 5 1
e 4 15 2
e 5 16 2
e 6 16 1
e 6 28 1
e 6 29 1
e 7 8 1
e 7 12 1
e 7 13 1
e 7 17 1
e 8 10 1
e 8 18 1
e 8 19 1
e 9 10 1
e 9 11 1
e 9 20 1
e 9 21 1
e 11 14 1
e 12 22 1
e 12 23 1
e 12 24 1
e 13 25 1
e 13 26 1
e 13 27 1
t # 33302
v 0 1
v 1 1
v 2 1
v 3 2
v 4 2
v 5 2
v 6 2
v 7 2
v 8 2
v 9 2
v 10 2
v 11 2
v 12 2
v 13 3
v 14 3
v 15 3
v 16 3
v 17 3
v 18 3
v 19 3
v 20 3
v 21 3
v 22 3
v 23 3
v 24 3
v 25 3
v 26 3
v 27 3
v 28 3
v 29 3
v 30 3
v 31 3
v 32 3
v 33 4
v 34 4
v 35 4
v 36 4
v 37 4
v 38 4
v 39 4
v 40 4
v 41 4
v 42 4
v 43 4
v 44 4
e 0 16 2
e 1 18 2
e 2 19 2
e 3 18 1
e 3 21 1
e 3 25 1
e 4 19 1
e 4 22 1
e 4 26 1
e 5 14 2
e 5 21 1
e 6 15 2
e 6 22 1
e 7 9 1
e 7 21 2
e 8 10 1
e 8 22 2
e 9 25 2
e 10 26 2
e 11 25 1
e 11 41 1
e 11 42 1
e 12 26 1
e 12 43 1
e 12 44 1
e 13 14 1
e 13 15 1
e 13 16 1
e 13 33 1
e 14 18 1
e 15 19 1
e 16 17 1
e 17 20 1
e 17 24 2
e 20 23 1
e 20 27 2
e 23 28 1
e 23 30 2
e 24 29 1
e 24 34 1
e 27 31 1
e 27 35 1
e 28 29 2
e 28 36 1
e 29 37 1
e 30 32 1
e 30 38 1
e 31 32 2
e 31 39 1
e 32 40 1
t # 33303
v 0 12
v 1 12
v 2 1
v 3 1
v 4 2
v 5 2
v 6 2
v 7 2
v 8 2
v 9 3
v 10 3
v 11 3
v 12 3
v 13 3
v 14 3
v 15 3
v 16 3
v 17 3
v 18 3
v 19 3
v 20 3
v 21 4
v 22 4
v 23 4
v 24 4
v 25 4
v 26 4
v 27 4
e 0 16 1
e 1 20 1
e 2 11 2
e 3 13 2
e 4 11 1
e 4 12 1
e 4 14 1
e 5 9 2
e 5 12 1
e 6 7 1
e 6 12 2
e 7 14 2
e 8 14 1
e 8 26 1
e 8 27 1
e 9 10 1
e 9 11 1
e 10 13 1
e 10 21 1
e 10 22 1
e 13 15 1
e 15 16 2
e 15 17 1
e 16 18 1
e 17 19 2
e 17 23 1
e 18 20 2
e 18 24 1
e 19 20 1
e 19 25 1
t # 33304
v 0 1
v 1 1
v 2 1
v 3 1
v 4 1
v 5 1
v 6 2
v 7 2
v 8 2
v 9 2
v 10 2
v 11 2
v 12 2
v 13 2
v 14 3
v 15 3
v 16 3
v 17 3
v 18 3
v 19 3
v 20 3
v 21 3
v 22 3
v 23 3
v 24 3
v 25 3
v 26 3
v 27 3
v 28 3
v 29 3
v 30 3
v 31 3
v 32 3
v 33 3
v 34 4
v 35 4
v 36 4
v 37 4
v 38 4
v 39 4
v 40 4
v 41 4
v 42 4
v 43 4
v 44 4
v 45 4
v 46 4
v 47 4
e 0 18 2
e 1 19 2
e 6 7 1
e 6 20 1
e 6 23 1
e 7 14 2
e 8 15 2
e 8 20 1
e 9 10 1
e 9 20 2
e 10 23 2
e 11 23 1
e 11 46 1
e 11 47 1
e 12 32 1
e 13 33 1
e 14 15 1
e 14 16 1
e 15 17 1
e 16 18 1
e 16 34 1
e 16 35 1
e 17 19 1
e 17 36 1
e 17 37 1
e 18 21 1
e 19 22 1
e 21 24 2
e 21 25 1
e 22 26 2
e 22 27 1
e 24 28 1
e 24 38 1
e 25 29 2
e 25 39 1
e 26 30 1
e 26 40 1
e 27 31 2
e 27 41 1
e 28 32 2
e 28 42 1
e 29 32 1
e 29 43 1
e 30 33 2
e 30 44 1
e 31 33 1
e 31 45 1
t # 33305
v 0 1
v 1 1
v 2 2
v 3 2
v 4 2
v 5 2
v 6 2
v 7 2
v 8 3
v 9 3
v 10 3
v 11 3
v 12 3
v 13 3
v 14 3
v 15 3
v 16 3
v 17 3
v 18 3
v 19 3
v 20 3
v 21 3
v 22 3
v 23 3
v 24 3
v 25 3
v 26 3
v 27 3
v 28 4
v 29 4
v 30 4
v 31 4
v 32 4
v 33 4
v 34 4
v 35 4
v 36 4
v 37 4
v 38 4
v 39 4
v 40 4
v 41 4
v 42 4
v 43 4
v 44 4
v 45 4
v 46 4
v 47 4
v 48 4
v 49 4
v 50 4
v 51 4
v 52 4
v 53 4
v 54 4
v 55 4
e 0 14 2
e 1 15 2
e 2 3 1
e 2 18 1
e 2 21 1
e 3 8 2
e 4 9 2
e 4 18 1
e 5 6 1
e 5 18 2
e 6 21 2
e 7 21 1
e 7 54 1
e 7 55 1
e 8 9 1
e 8 10 1
e 9 11 1
e 10 14 1
e 10 28 1
e 10 29 1
e 11 15 1
e 11 30 1
e 11 31 1
e 12 14 1
e 12 16 1
e 12 32 1
e 12 33 1
e 13 15 1
e 13 17 1
e 13 34 1
e 13 35 1
e 16 19 1
e 16 36 1
e 16 37 1
e 17 20 1
e 17 38 1
e 17 39 1
e 19 22 2
e 19 40 1
e 20 23 2
e 20 41 1
e 22 24 1
e 22 25 1
e 23 26 1
e 23 27 1
e 24 42 1
e 24 43 1
e 24 44 1
e 25 45 1
e 25 46 1
e 25 47 1
e 26 48 1
e 26 49 1
e 26 50 1
e 27 51 1
e 27 52 1
e 27 53 1
t # 33306
v 0 14
v 1 14
v 2 1
v 3 1
v 4 2
v 5 2
v 6 2
v 7 2
v 8 2
v 9 2
v 10 3
v 11 3
v 12 3
v 13 3
v 14 3
v 15 3
v 16 3
v 17 3
v 18 3
v 19 3
v 20 3
v 21 3
v 22 3
v 23 3
v 24 3
v 25 3
v 26 3
v 27 3
v 28 3
v 29 3
v 30 4
v 31 4
v 32 4
v 33 4
v 34 4
v 35 4
v 36 4
v 37 4
v 38 4
v 39 4
v 40 4
v 41 4
v 42 4
v 43 4
e 2 15 2
e 3 16 2
e 4 5 1
e 4 14 1
e 4 19 1
e 5 10 2
e 6 11 2
e 6 14 1
e 7 8 1
e 7 14 2
e 8 19 2
e 9 19 1
e 9 42 1
e 9 43 1
e 10 11 1
e 10 12 1
e 11 13 1
e 12 15 1
e 12 30 1
e 12 31 1
e 13 16 1
e 13 32 1
e 13 33 1
e 15 17 1
e 16 18 1
e 17 20 2
e 17 21 1
e 18 22 2
e 18 23 1
e 20 24 1
e 20 34 1
e 21 25 2
e 21 35 1
e 22 26 1
e 22 36 1
e 23 27 2
e 23 37 1
e 24 28 2
e 24 38 1
e 25 28 1
e 25 39 1
e 26 29 2
e 26 40 1
e 27 29 1
e 27 41 1
t # 33307
v 0 1
v 1 1
v 2 1
v 3 1
v 4 1
v 5 1
v 6 1
v 7 2
v 8 2
v 9 2
v 10 3
v 11 3
v 12 3
v 13 3
v 14 3
v 15 3
v 16 3
v 17 3
v 18 3
v 19 3
v 20 3
v 21 3
v 22 3
v 23 3
v 24 3
v 25 3
v 26 3
v 27 3
v 28 3
v 29 3
v 30 3
v 31 3
v 32 3
v 33 3
v 34 3
v 35 3
v 36 3
v 37 3
v 38 3
v 39 4
v 40 4
v 41 4
v 42 4
v 43 4
v 44 4
v 45 4
v 46 4
v 47 4
v 48 4
v 49 4
v 50 4
v 51 4
v 52 4
v 53 4
v 54 4
v 55 4
v 56 4
v 57 4
v 58 4
v 59 4
v 60 4
v 61 4
v 62 4
v 63 4
e 0 14 2
e 1 18 2
e 2 19 2
e 3 31 1
e 3 37 1
e 4 33 1
e 4 38 1
e 5 34 1
e 5 56 1
e 6 36 1
e 6 57 1
e 7 8 1
e 7 10 1
e 7 40 1
e 8 14 1
e 8 17 1
e 9 10 1
e 9 13 2
e 10 11 1
e 10 39 1
e 11 12 2
e 11 14 1
e 12 13 1
e 12 15 1
e 13 16 1
e 15 18 1
e 15 41 1
e 15 42 1
e 16 19 1
e 16 43 1
e 16 44 1
e 17 20 2
e 17 21 1
e 18 22 1
e 19 23 1
e 20 24 1
e 20 45 1
e 21 25 2
e 21 46 1
e 22 26 2
e 22 27 1
e 23 29 2
e 23 30 1
e 24 28 2
e 24 47 1
e 25 28 1
e 25 48 1
e 26 31 1
e 26 49 1
e 27 32 2
e 27 50 1
e 28 51 1
e 29 33 1
e 29 52 1
e 30 35 2
e 30 53 1
e 31 34 2
e 32 34 1
e 32 54 1
e 33 36 2
e 35 36 1
e 35 55 1
e 37 58 1
e 37 59 1
e 37 60 1
e 38 61 1
e 38 62 1
e 38 63 1
t # 33308
v 0 14
v 1 14
v 2 1
v 3 1
v 4 1
v 5 2
v 6 2
v 7 2
v 8 3
v 9 3
v 10 3
v 11 3
v 12 3
v 13 3
v 14 3
v 15 3
v 16 3
v 17 3
v 18 3
v 19 3
v 20 3
v 21 3
v 22 3
v 23 3
v 24 3
v 25 3
v 26 3
v 27 3
v 28 3
v 29 3
v 30 3
v 31 3
v 32 3
v 33 3
v 34 3
v 35 4
v 36 4
v 37 4
v 38 4
v 39 4
v 40 4
v 41 4
v 42 4
v 43 4
v 44 4
v 45 4
v 46 4
v 47 4
v 48 4
v 49 4
v 50 4
v 51 4
v 52 4
v 53 4
e 2 12 2
e 3 16 2
e 4 17 2
e 5 6 1
e 5 8 1
e 5 36 1
e 6 12 1
e 6 15 1
e 7 8 1
e 7 11 2
e 8 9 1
e 8 35 1
e 9 10 2
e 9 12 1
e 10 11 1
e 10 13 1
e 11 14 1
e 13 16 1
e 13 37 1
e 13 38 1
e 14 17 1
e 14 39 1
e 14 40 1
e 15 18 2
e 15 19 1
e 16 20 1
e 17 21 1
e 18 22 1
e 18 41 1
e 19 23 2
e 19 42 1
e 20 25 2
e 20 26 1
e 21 27 2
e 21 28 1
e 22 24 2
e 22 43 1
e 23 24 1
e 23 44 1
e 24 47 1
e 25 29 1
e 25 45 1
e 26 30 2
e 26 46 1
e 27 31 1
e 27 48 1
e 28 32 2
e 28 49 1
e 29 33 2
e 29 50 1
e 30 33 1
e 30 51 1
e 31 34 2
e 31 52 1
e 32 34 1
e 32 53 1
t # 33309
v 0 1
v 1 1
v 2 1
v 3 2
v 4 2
v 5 2
v 6 3
v 7 3
v 8 3
v 9 3
v 10 3
v 11 3
v 12 3
v 13 3
v 14 3
v 15 3
v 16 3
v 17 3
v 18 3
v 19 3
v 20 3
v 21 3
v 22 3
v 23 3
v 24 3
v 25 3
v 26 3
v 27 3
v 28 3
v 29 3
v 30 3
v 31 3
v 32 3
v 33 3
v 34 3
v 35 4
v 36 4
v 37 4
v 38 4
v 39 4
v 40 4
v 41 4
v 42 4
v 43 4
v 44 4
v 45 4
v 46 4
v 47 4
v 48 4
v 49 4
v 50 4
v 51 4
v 52 4
v 53 4
v 54 4
v 55 4
v 56 4
v 57 4
v 58 4
v 59 4
e 0 10 2
e 1 14 2
e 2 15 2
e 3 4 1
e 3 6 1
e 3 36 1
e 4 10 1
e 4 13 1
e 5 6 1
e 5 9 2
e 6 7 1
e 6 35 1
e 7 8 2
e 7 10 1
e 8 9 1
e 8 11 1
e 9 12 1
e 11 14 1
e 11 37 1
e 11 38 1
e 12 15 1
e 12 39 1
e 12 40 1
e 13 16 2
e 13 17 1
e 14 18 1
e 15 19 1
e 16 20 1
e 16 41 1
e 17 21 2
e 17 42 1
e 18 22 2
e 18 23 1
e 19 25 2
e 19 26 1
e 20 24 2
e 20 43 1
e 21 24 1
e 21 44 1
e 22 27 1
e 22 45 1
e 23 28 2
e 23 46 1
e 24 49 1
e 25 30 1
e 25 47 1
e 26 31 2
e 26 48 1
e 27 29 2
e 27 50 1
e 28 29 1
e 28 51 1
e 29 33 1
e 30 32 2
e 30 52 1
e 31 32 1
e 31 53 1
e 32 34 1
e 33 54 1
e 33 55 1
e 33 56 1
e 34 57 1
e 34 58 1
e 34 59 1
t # 33310
v 0 12
v 1 12
v 2 12
v 3 12
v 4 1
v 5 1
v 6 1
v 7 2
v 8 2
v 9 2
v 10 3
v 11 3
v 12 3
v 13 3
v 14 3
v 15 3
v 16 3
v 17 3
v 18 3
v 19 3
v 20 3
v 21 3
v 22 3
v 23 3
v 24 3
v 25 3
v 26 3
v 27 3
v 28 3
v 29 3
v 30 3
v 31 3
v 32 3
v 33 3
v 34 3
v 35 3
v 36 3
v 37 4
v 38 4
v 39 4
v 40 4
v 41 4
v 42 4
v 43 4
v 44 4
v 45 4
v 46 4
v 47 4
v 48 4
v 49 4
v 50 4
v 51 4
v 52 4
v 53 4
e 0 31 1
e 1 33 1
e 2 35 1
e 3 36 1
e 4 14 2
e 5 18 2
e 6 19 2
e 7 8 1
e 7 10 1
e 7 38 1
e 8 14 1
e 8 17 1
e 9 10 1
e 9 13 2
e 10 11 1
e 10 37 1
e 11 12 2
e 11 14 1
e 12 13 1
e 12 15 1
e 13 16 1
e 15 18 1
e 15 39 1
e 15 40 1
e 16 19 1
e 16 41 1
e 16 42 1
e 17 20 2
e 17 21 1
e 18 22 1
e 19 23 1
e 20 24 1
e 20 43 1
e 21 25 2
e 21 44 1
e 22 26 2
e 22 27 1
e 23 29 2
e 23 30 1
e 24 28 2
e 24 45 1
e 25 28 1
e 25 46 1
e 26 31 1
e 26 47 1
e 27 32 2
e 27 48 1
e 28 49 1
e 29 33 1
e 29 50 1
e 30 34 2
e 30 51 1
e 31 35 2
e 32 35 1
e 32 52 1
e 33 36 2
e 34 36 1
e 34 53 1
t # 33311
v 0 1
v 1 1
v 2 1
v 3 2
v 4 2
v 5 2
v 6 3
v 7 3
v 8 3
v 9 3
v 10 3
v 11 3
v 12 3
v 13 3
v 14 3
v 15 3
v 16 3
v 17 3
v 18 3
v 19 3
v 20 3
v 21 3
v 22 3
v 23 3
v 24 3
v 25 3
v 26 3
v 27 3
v 28 3
v 29 3
v 30 3
v 31 3
v 32 3
v 33 4
v 34 4
v 35 4
v 36 4
v 37 4
v 38 4
v 39 4
v 40 4
v 41 4
v 42 4
v 43 4
v 44 4
v 45 4
v 46 4
v 47 4
v 48 4
v 49 4
v 50 4
v 51 4
v 52 4
v 53 4
e 0 10 2
e 1 14 2
e 2 15 2
e 3 4 1
e 3 6 1
e 3 34 1
e 4 10 1
e 4 13 1
e 5 6 1
e 5 9 2
e 6 7 1
e 6 33 1
e 7 8 2
e 7 10 1
e 8 9 1
e 8 11 1
e 9 12 1
e 11 14 1
e 11 35 1
e 11 36 1
e 12 15 1
e 12 37 1
e 12 38 1
e 13 16 2
e 13 17 1
e 14 18 1
e 15 19 1
e 16 20 1
e 16 39 1
e 17 21 2
e 17 40 1
e 18 23 2
e 18 24 1
e 19 25 2
e 19 26 1
e 20 22 2
e 20 41 1
e 21 22 1
e 21 42 1
e 22 43 1
e 23 27 1
e 23 44 1
e 24 28 2
e 24 45 1
e 25 29 1
e 25 46 1
e 26 30 2
e 26 47 1
e 27 31 2
e 27 48 1
e 28 31 1
e 28 49 1
e 29 32 2
e 29 50 1
e 30 32 1
e 30 51 1
e 31 52 1
e 32 53 1
t # 33312
v 0 1
v 1 1
v 2 1
v 3 1
v 4 1
v 5 2
v 6 2
v 7 2
v 8 3
v 9 3
v 10 3
v 11 3
v 12 3
v 13 3
v 14 3
v 15 3
v 16 3
v 17 3
v 18 3
v 19 3
v 20 3
v 21 3
v 22 3
v 23 3
v 24 3
v 25 3
v 26 3
v 27 3
v 28 3
v 29 3
v 30 3
v 31 3
v 32 3
v 33 3
v 34 3
v 35 3
v 36 3
v 37 4
v 38 4
v 39 4
v 40 4
v 41 4
v 42 4
v 43 4
v 44 4
v 45 4
v 46 4
v 47 4
v 48 4
v 49 4
v 50 4
v 51 4
v 52 4
v 53 4
v 54 4
v 55 4
v 56 4
v 57 4
v 58 4
v 59 4
v 60 4
v 61 4
e 0 12 2
e 1 16 2
e 2 17 2
e 3 31 1
e 3 35 1
e 4 34 1
e 4 36 1
e 5 6 1
e 5 8 1
e 5 38 1
e 6 12 1
e 6 15 1
e 7 8 1
e 7 11 2
e 8 9 1
e 8 37 1
e 9 10 2
e 9 12 1
e 10 11 1
e 10 13 1
e 11 14 1
e 13 16 1
e 13 39 1
e 13 40 1
e 14 17 1
e 14 41 1
e 14 42 1
e 15 18 2
e 15 19 1
e 16 20 1
e 17 21 1
e 18 22 1
e 18 43 1
e 19 23 2
e 19 44 1
e 20 24 2
e 20 25 1
e 21 27 2
e 21 28 1
e 22 26 2
e 22 45 1
e 23 26 1
e 23 46 1
e 24 29 1
e 24 47 1
e 25 30 2
e 25 48 1
e 26 49 1
e 27 32 1
e 27 50 1
e 28 33 2
e 28 51 1
e 29 31 2
e 29 52 1
e 30 31 1
e 30 53 1
e 32 34 2
e 32 54 1
e 33 34 1
e 33 55 1
e 35 56 1
e 35 57 1
e 35 58 1
e 36 59 1
e 36 60 1
e 36 61 1
t # 33313
v 0 1
v 1 1
v 2 1
v 3 2
v 4 2
v 5 2
v 6 3
v 7 3
v 8 3
v 9 3
v 10 3
v 11 3
v 12 3
v 13 3
v 14 3
v 15 3
v 16 3
v 17 3
v 18 3
v 19 3
v 20 3
v 21 3
v 22 3
v 23 3
v 24 3
v 25 3
v 26 3
v 27 3
v 28 3
v 29 3
v 30 3
v 31 3
v 32 3
v 33 3
v 34 3
v 35 3
v 36 3
v 37 4
v 38 4
v 39 4
v 40 4
v 41 4
v 42 4
v 43 4
v 44 4
v 45 4
v 46 4
v 47 4
v 48 4
v 49 4
v 50 4
v 51 4
v 52 4
v 53 4
v 54 4
v 55 4
v 56 4
v 57 4
v 58 4
v 59 4
v 60 4
v 61 4
e 0 10 2
e 1 14 2
e 2 15 2
e 3 4 1
e 3 6 1
e 3 38 1
e 4 10 1
e 4 13 1
e 5 6 1
e 5 9 2
e 6 7 1
e 6 37 1
e 7 8 2
e 7 10 1
e 8 9 1
e 8 11 1
e 9 12 1
e 11 14 1
e 11 39 1
e 11 40 1
e 12 15 1
e 12 41 1
e 12 42 1
e 13 16 2
e 13 17 1
e 14 18 1
e 15 21 1
e 16 19 1
e 16 43 1
e 17 20 2
e 17 44 1
e 18 23 2
e 18 45 1
e 19 22 2
e 19 46 1
e 20 22 1
e 20 47 1
e 21 24 2
e 21 48 1
e 22 49 1
e 23 25 1
e 23 50 1
e 24 26 1
e 24 51 1
e 25 27 2
e 25 28 1
e 26 29 2
e 26 30 1
e 27 31 1
e 27 52 1
e 28 32 2
e 28 53 1
e 29 33 1
e 29 54 1
e 30 34 2
e 30 55 1
e 31 35 2
e 31 56 1
e 32 35 1
e 32 57 1
e 33 36 2
e 33 58 1
e 34 36 1
e 34 59 1
e 35 60 1
e 36 61 1
t # 33314
v 0 1
v 1 1
v 2 1
v 3 2
v 4 2
v 5 2
v 6 3
v 7 3
v 8 3
v 9 3
v 10 3
v 11 3
v 12 3
v 13 3
v 14 3
v 15 3
v 16 3
v 17 3
v 18 3
v 19 3
v 20 3
v 21 3
v 22 3
v 23 3
v 24 3
v 25 3
v 26 3
v 27 3
v 28 3
v 29 3
v 30 3
v 31 3
v 32 3
v 33 3
v 34 3
v 35 3
v 36 3
v 37 3
v 38 3
v 39 3
v 40 3
v 41 3
v 42 3
v 43 3
v 44 3
v 45 3
v 46 3
v 47 4
v 48 4
v 49 4
v 50 4
v 51 4
v 52 4
v 53 4
v 54 4
v 55 4
v 56 4
v 57 4
v 58 4
v 59 4
v 60 4
v 61 4
v 62 4
v 63 4
v 64 4
v 65 4
v 66 4
v 67 4
v 68 4
v 69 4
v 70 4
v 71 4
v 72 4
v 73 4
v 74 4
v 75 4
v 76 4
v 77 4
v 78 4
v 79 4
e 0 11 2
e 1 13 2
e 2 15 2
e 3 4 1
e 3 6 1
e 3 50 1
e 4 11 1
e 4 17 1
e 5 6 1
e 5 9 2
e 6 7 1
e 6 47 1
e 7 8 2
e 7 11 1
e 8 9 1
e 8 10 1
e 9 12 1
e 10 13 1
e 10 48 1
e 10 49 1
e 12 15 1
e 12 51 1
e 12 52 1
e 13 14 1
e 14 18 1
e 14 19 1
e 14 53 1
e 15 16 1
e 16 20 1
e 16 21 1
e 16 54 1
e 17 22 2
e 17 23 1
e 18 24 2
e 18 26 1
e 19 25 2
e 19 27 1
e 20 28 2
e 20 30 1
e 21 29 2
e 21 31 1
e 22 32 1
e 22 55 1
e 23 33 2
e 23 56 1
e 24 35 1
e 24 57 1
e 25 36 1
e 25 58 1
e 26 37 2
e 26 59 1
e 27 38 2
e 27 60 1
e 28 39 1
e 28 61 1
e 29 40 1
e 29 62 1
e 30 41 2
e 30 63 1
e 31 42 2
e 31 64 1
e 32 34 2
e 32 65 1
e 33 34 1
e 33 66 1
e 34 67 1
e 35 43 2
e 35 68 1
e 36 44 2
e 36 69 1
e 37 43 1
e 37 70 1
e 38 44 1
e 38 71 1
e 39 45 2
e 39 72 1
e 40 46 2
e 40 73 1
e 41 45 1
e 41 74 1
e 42 46 1
e 42 75 1
e 43 76 1
e 44 77 1
e 45 78 1
e 46 79 1
t # 33315
v 0 1
v 1 1
v 2 1
v 3 1
v 4 1
v 5 2
v 6 2
v 7 2
v 8 2
v 9 2
v 10 2
v 11 3
v 12 3
v 13 3
v 14 3
v 15 3
v 16 3
v 17 3
v 18 3
v 19 3
v 20 3
v 21 3
v 22 3
v 23 3
v 24 3
v 25 3
v 26 4
v 27 4
v 28 4
v 29 4
v 30 4
v 31 4
v 32 4
v 33 4
v 34 4
v 35 4
v 36 4
v 37 4
e 0 13 2
e 1 15 2
e 2 19 1
e 2 22 1
e 3 16 2
e 4 19 2
e 5 13 1
e 5 14 1
e 5 17 1
e 6 12 2
e 6 14 1
e 7 8 1
e 7 14 2
e 8 17 2
e 9 17 1
e 9 28 1
e 9 29 1
e 10 18 1
e 10 23 2
e 11 12 1
e 11 15 1
e 11 16 1
e 11 26 1
e 12 13 1
e 15 18 1
e 16 19 1
e 18 20 2
e 20 21 1
e 20 27 1
e 21 24 2
e 21 30 1
e 22 25 1
e 22 31 1
e 22 32 1
e 23 24 1
e 23 33 1
e 24 34 1
e 25 35 1
e 25 36 1
e 25 37 1
t # 33316
v 0 1
v 1 1
v 2 1
v 3 1
v 4 1
v 5 1
v 6 2
v 7 2
v 8 2
v 9 3
v 10 3
v 11 3
v 12 3
v 13 3
v 14 3
v 15 3
v 16 3
v 17 3
v 18 3
v 19 3
v 20 3
v 21 3
v 22 3
v 23 3
v 24 3
v 25 3
v 26 3
v 27 3
v 28 3
v 29 3
v 30 3
v 31 3
v 32 3
v 33 3
v 34 4
v 35 4
v 36 4
v 37 4
v 38 4
v 39 4
v 40 4
v 41 4
v 42 4
v 43 4
v 44 4
v 45 4
v 46 4
v 47 4
v 48 4
v 49 4
v 50 4
v 51 4
v 52 4
v 53 4
v 54 4
e 0 15 2
e 1 19 1
e 1 32 1
e 2 17 2
e 3 21 1
e 3 33 1
e 4 19 2
e 5 21 2
e 6 7 1
e 6 15 1
e 6 18 1
e 7 13 1
e 7 35 1
e 8 13 2
e 8 14 1
e 9 10 1
e 9 16 1
e 9 17 1
e 9 34 1
e 10 12 1
e 10 14 2
e 11 12 2
e 11 13 1
e 11 15 1
e 12 19 1
e 14 21 1
e 16 36 1
e 16 37 1
e 16 38 1
e 17 20 1
e 18 22 2
e 18 23 1
e 20 24 2
e 20 25 1
e 22 26 1
e 22 39 1
e 23 27 2
e 23 40 1
e 24 28 1
e 24 41 1
e 25 29 2
e 25 42 1
e 26 30 2
e 26 43 1
e 27 30 1
e 27 44 1
e 28 31 2
e 28 45 1
e 29 31 1
e 29 46 1
e 30 47 1
e 31 48 1
e 32 49 1
e 32 50 1
e 32 51 1
e 33 52 1
e 33 53 1
e 33 54 1
t # 33317
v 0 1
v 1 1
v 2 1
v 3 1
v 4 1
v 5 1
v 6 2
v 7 2
v 8 2
v 9 3
v 10 3
v 11 3
v 12 3
v 13 3
v 14 3
v 15 3
v 16 3
v 17 3
v 18 3
v 19 3
v 20 3
v 21 3
v 22 3
v 23 3
v 24 3
v 25 3
v 26 3
v 27 3
v 28 3
v 29 4
v 30 4
v 31 4
v 32 4
v 33 4
v 34 4
v 35 4
v 36 4
v 37 4
v 38 4
v 39 4
v 40 4
v 41 4
v 42 4
v 43 4
v 44 4
v 45 4
e 0 17 2
e 1 18 2
e 2 19 1
e 2 27 1
e 3 20 1
e 3 28 1
e 4 19 2
e 5 20 2
e 6 8 1
e 6 18 1
e 6 21 1
e 7 15 2
e 7 16 1
e 8 16 1
e 8 34 1
e 9 10 1
e 9 11 1
e 9 17 1
e 9 29 1
e 10 13 2
e 10 14 1
e 11 12 1
e 11 30 1
e 11 31 1
e 12 13 1
e 12 32 1
e 12 33 1
e 13 15 1
e 14 16 2
e 14 18 1
e 15 19 1
e 17 20 1
e 21 22 2
e 21 23 1
e 22 24 1
e 22 35 1
e 23 25 2
e 23 36 1
e 24 26 2
e 24 37 1
e 25 26 1
e 25 38 1
e 26 39 1
e 27 40 1
e 27 41 1
e 27 42 1
e 28 43 1
e 28 44 1
e 28 45 1
t # 33318
v 0 14
v 1 1
v 2 1
v 3 1
v 4 1
v 5 1
v 6 2
v 7 2
v 8 2
v 9 2
v 10 2
v 11 3
v 12 3
v 13 3
v 14 3
v 15 3
v 16 3
v 17 3
v 18 3
v 19 3
v 20 3
v 21 3
v 22 3
v 23 3
v 24 3
v 25 3
v 26 4
v 27 4
v 28 4
v 29 4
v 30 4
v 31 4
v 32 4
v 33 4
v 34 4
v 35 4
e 1 13 2
e 2 14 2
e 3 16 2
e 4 21 1
e 4 25 1
e 5 21 2
e 6 13 1
e 6 15 1
e 6 18 1
e 7 12 2
e 7 15 1
e 8 9 1
e 8 15 2
e 9 18 2
e 10 18 1
e 10 31 1
e 10 32 1
e 11 12 1
e 11 14 1
e 11 16 1
e 11 26 1
e 12 13 1
e 14 17 1
e 16 21 1
e 17 19 2
e 17 20 1
e 19 22 1
e 19 27 1
e 20 23 2
e 20 28 1
e 22 24 2
e 22 29 1
e 23 24 1
e 23 30 1
e 25 33 1
e 25 34 1
e 25 35 1
t # 33319
v 0 1
v 1 1
v 2 1
v 3 1
v 4 1
v 5 1
v 6 1
v 7 2
v 8 2
v 9 2
v 10 3
v 11 3
v 12 3
v 13 3
v 14 3
v 15 3
v 16 3
v 17 3
v 18 3
v 19 3
v 20 3
v 21 3
v 22 3
v 23 3
v 24 3
v 25 3
v 26 3
v 27 3
v 28 3
v 29 3
v 30 3
v 31 3
v 32 4
v 33 4
v 34 4
v 35 4
v 36 4
v 37 4
v 38 4
v 39 4
v 40 4
v 41 4
v 42 4
v 43 4
v 44 4
v 45 4
v 46 4
v 47 4
v 48 4
e 0 14 2
e 1 15 2
e 2 23 1
e 2 30 1
e 3 18 2
e 4 25 1
e 4 42 1
e 5 28 1
e 5 31 1
e 6 28 2
e 7 9 1
e 7 14 1
e 7 17 1
e 8 10 1
e 8 12 1
e 8 32 1
e 9 10 1
e 9 33 1
e 10 11 2
e 11 14 1
e 11 15 1
e 12 13 2
e 12 16 1
e 13 15 1
e 13 18 1
e 16 19 2
e 16 20 1
e 17 21 2
e 17 22 1
e 18 28 1
e 19 23 1
e 19 34 1
e 20 24 2
e 20 35 1
e 21 26 1
e 21 36 1
e 22 27 2
e 22 37 1
e 23 25 2
e 24 25 1
e 24 38 1
e 26 29 2
e 26 39 1
e 27 29 1
e 27 40 1
e 29 41 1
e 30 43 1
e 30 44 1
e 30 45 1
e 31 46 1
e 31 47 1
e 31 48 1
t # 33320
v 0 1
v 1 1
v 2 1
v 3 1
v 4 1
v 5 2
v 6 2
v 7 2
v 8 3
v 9 3
v 10 3
v 11 3
v 12 3
v 13 3
v 14 3
v 15 3
v 16 3
v 17 3
v 18 3
v 19 3
v 20 3
v 21 3
v 22 3
v 23 3
v 24 3
v 25 3
v 26 4
v 27 4
v 28 4
v 29 4
v 30 4
v 31 4
v 32 4
v 33 4
v 34 4
v 35 4
v 36 4
v 37 4
v 38 4
v 39 4
v 40 4
e 0 15 2
e 1 17 2
e 2 16 2
e 3 19 1
e 3 25 1
e 4 19 2
e 5 11 1
e 5 13 1
e 5 31 1
e 6 7 1
e 6 13 1
e 6 32 1
e 7 17 1
e 7 18 1
e 8 9 1
e 8 10 1
e 8 11 1
e 8 26 1
e 9 10 1
e 9 27 1
e 9 28 1
e 10 29 1
e 10 30 1
e 11 12 2
e 12 15 1
e 12 16 1
e 13 14 2
e 14 15 1
e 14 17 1
e 16 19 1
e 18 20 2
e 18 21 1
e 20 22 1
e 20 33 1
e 21 23 2
e 21 34 1
e 22 24 2
e 22 35 1
e 23 24 1
e 23 36 1
e 24 37 1
e 25 38 1
e 25 39 1
e 25 40 1
t # 33321
v 0 1
v 1 1
v 2 1
v 3 1
v 4 1
v 5 2
v 6 2
v 7 2
v 8 2
v 9 2
v 10 3
v 11 3
v 12 3
v 13 3
v 14 3
v 15 3
v 16 3
v 17 3
v 18 3
v 19 3
v 20 3
v 21 3
v 22 3
v 23 4
v 24 4
v 25 4
v 26 4
v 27 4
v 28 4
v 29 4
v 30 4
v 31 4
v 32 4
v 33 4
v 34 4
v 35 4
e 0 12 2
e 1 14 2
e 2 15 2
e 3 19 1
e 3 22 1
e 4 19 2
e 5 12 1
e 5 13 1
e 5 16 1
e 6 11 2
e 6 13 1
e 7 8 1
e 7 13 2
e 8 16 2
e 9 16 1
e 9 25 1
e 9 26 1
e 10 11 1
e 10 14 1
e 10 15 1
e 10 23 1
e 11 12 1
e 14 17 1
e 15 19 1
e 17 18 2
e 17 24 1
e 18 20 1
e 18 21 1
e 20 27 1
e 20 28 1
e 20 29 1
e 21 30 1
e 21 31 1
e 21 32 1
e 22 33 1
e 22 34 1
e 22 35 1
t # 33322
v 0 1
v 1 1
v 2 1
v 3 1
v 4 1
v 5 2
v 6 2
v 7 2
v 8 2
v 9 2
v 10 3
v 11 3
v 12 3
v 13 3
v 14 3
v 15 3
v 16 3
v 17 3
v 18 3
v 19 3
v 20 3
v 21 3
v 22 3
v 23 3
v 24 3
v 25 3
v 26 3
v 27 3
v 28 3
v 29 4
v 30 4
v 31 4
v 32 4
v 33 4
v 34 4
v 35 4
v 36 4
v 37 4
v 38 4
v 39 4
v 40 4
v 41 4
e 0 12 2
e 1 15 2
e 2 17 2
e 3 26 1
e 3 28 1
e 4 26 2
e 5 15 1
e 5 16 1
e 5 20 1
e 6 11 2
e 6 16 1
e 7 8 1
e 7 16 2
e 8 20 2
e 9 20 1
e 9 37 1
e 9 38 1
e 10 11 1
e 10 12 1
e 10 17 1
e 10 29 1
e 11 15 1
e 12 13 1
e 13 14 1
e 13 19 2
e 14 18 1
e 14 21 2
e 17 26 1
e 18 22 1
e 18 24 2
e 19 23 1
e 19 30 1
e 21 25 1
e 21 31 1
e 22 23 2
e 22 32 1
e 23 33 1
e 24 27 1
e 24 34 1
e 25 27 2
e 25 35 1
e 27 36 1
e 28 39 1
e 28 40 1
e 28 41 1
t # 33323
v 0 12
v 1 1
v 2 1
v 3 2
v 4 2
v 5 2
v 6 2
v 7 2
v 8 3
v 9 3
v 10 3
v 11 3
v 12 3
v 13 3
v 14 3
v 15 3
v 16 3
v 17 3
v 18 3
v 19 3
v 20 3
v 21 4
v 22 4
v 23 4
v 24 4
v 25 4
v 26 4
v 27 4
v 28 4
v 29 4
v 30 4
e 0 14 1
e 1 19 1
e 1 20 1
e 2 19 2
e 3 8 1
e 3 10 1
e 3 12 1
e 4 10 1
e 4 13 2
e 5 6 1
e 5 10 2
e 6 12 2
e 7 12 1
e 7 26 1
e 7 27 1
e 8 9 1
e 8 11 2
e 9 14 1
e 9 15 2
e 11 13 1
e 11 21 1
e 13 19 1
e 14 16 2
e 15 17 1
e 15 22 1
e 16 18 1
e 16 23 1
e 17 18 2
e 17 24 1
e 18 25 1
e 20 28 1
e 20 29 1
e 20 30 1
t # 33324
v 0 12
v 1 1
v 2 1
v 3 2
v 4 2
v 5 2
v 6 2
v 7 2
v 8 3
v 9 3
v 10 3
v 11 3
v 12 3
v 13 3
v 14 3
v 15 3
v 16 3
v 17 3
v 18 3
v 19 3
v 20 3
v 21 4
v 22 4
v 23 4
v 24 4
v 25 4
v 26 4
v 27 4
v 28 4
v 29 4
v 30 4
e 0 18 1
e 1 19 1
e 1 20 1
e 2 19 2
e 3 8 1
e 3 10 1
e 3 12 1
e 4 10 1
e 4 13 2
e 5 6 1
e 5 10 2
e 6 12 2
e 7 12 1
e 7 26 1
e 7 27 1
e 8 9 1
e 8 11 2
e 9 14 2
e 9 15 1
e 11 13 1
e 11 21 1
e 13 19 1
e 14 16 1
e 14 22 1
e 15 17 2
e 15 23 1
e 16 18 2
e 16 24 1
e 17 18 1
e 17 25 1
e 20 28 1
e 20 29 1
e 20 30 1
t # 33325
v 0 1
v 1 1
v 2 2
v 3 2
v 4 2
v 5 2
v 6 2
v 7 2
v 8 3
v 9 3
v 10 3
v 11 3
v 12 3
v 13 3
v 14 3
v 15 3
v 16 3
v 17 3
v 18 3
v 19 3
v 20 3
v 21 4
v 22 4
v 23 4
v 24 4
v 25 4
v 26 4
v 27 4
v 28 4
v 29 4
v 30 4
v 31 4
v 32 4
e 0 19 1
e 0 20 1
e 1 19 2
e 2 8 1
e 2 10 1
e 2 12 1
e 3 10 1
e 3 13 2
e 4 5 1
e 4 10 2
e 5 12 2
e 6 12 1
e 6 26 1
e 6 27 1
e 7 18 1
e 7 28 1
e 7 29 1
e 8 9 1
e 8 11 2
e 9 14 2
e 9 15 1
e 11 13 1
e 11 21 1
e 13 19 1
e 14 16 1
e 14 22 1
e 15 17 2
e 15 23 1
e 16 18 2
e 16 24 1
e 17 18 1
e 17 25 1
e 20 30 1
e 20 31 1
e 20 32 1
t # 33326
v 0 1
v 1 1
v 2 1
v 3 1
v 4 1
v 5 2
v 6 2
v 7 2
v 8 2
v 9 2
v 10 3
v 11 3
v 12 3
v 13 3
v 14 3
v 15 3
v 16 3
v 17 3
v 18 3
v 19 3
v 20 3
v 21 3
v 22 3
v 23 4
v 24 4
v 25 4
v 26 4
v 27 4
v 28 4
v 29 4
v 30 4
v 31 4
v 32 4
v 33 4
v 34 4
v 35 4
e 0 18 2
e 1 19 1
e 1 21 1
e 2 20 1
e 2 22 1
e 3 19 2
e 4 20 2
e 5 13 1
e 5 15 1
e 5 17 1
e 6 15 1
e 6 16 2
e 7 8 1
e 7 15 2
e 8 17 2
e 9 17 1
e 9 28 1
e 9 29 1
e 10 11 1
e 10 12 1
e 10 13 1
e 10 23 1
e 11 12 1
e 11 24 1
e 11 25 1
e 12 26 1
e 12 27 1
e 13 14 2
e 14 16 1
e 14 18 1
e 16 19 1
e 18 20 1
e 21 30 1
e 21 31 1
e 21 32 1
e 22 33 1
e 22 34 1
e 22 35 1
t # 33327
v 0 1
v 1 1
v 2 1
v 3 1
v 4 1
v 5 1
v 6 2
v 7 2
v 8 2
v 9 2
v 10 2
v 11 3
v 12 3
v 13 3
v 14 3
v 15 3
v 16 3
v 17 3
v 18 3
v 19 3
v 20 3
v 21 3
v 22 3
v 23 3
v 24 3
v 25 3
v 26 3
v 27 3
v 28 4
v 29 4
v 30 4
v 31 4
v 32 4
v 33 4
v 34 4
v 35 4
v 36 4
v 37 4
v 38 4
v 39 4
v 40 4
v 41 4
v 42 4
e 0 22 1
e 0 25 1
e 1 23 1
e 1 26 1
e 2 19 2
e 3 24 1
e 3 27 1
e 4 23 2
e 5 24 2
e 6 11 1
e 6 14 1
e 6 16 1
e 7 14 1
e 7 15 2
e 8 9 1
e 8 14 2
e 9 16 2
e 10 16 1
e 10 32 1
e 10 33 1
e 11 12 2
e 11 13 1
e 12 15 1
e 12 19 1
e 13 17 2
e 13 18 1
e 15 23 1
e 17 20 1
e 17 28 1
e 18 21 2
e 18 29 1
e 19 24 1
e 20 22 2
e 20 30 1
e 21 22 1
e 21 31 1
e 25 34 1
e 25 35 1
e 25 36 1
e 26 37 1
e 26 38 1
e 26 39 1
e 27 40 1
e 27 41 1
e 27 42 1
t # 33328
v 0 12
v 1 12
v 2 1
v 3 1
v 4 1
v 5 1
v 6 1
v 7 2
v 8 2
v 9 2
v 10 2
v 11 2
v 12 3
v 13 3
v 14 3
v 15 3
v 16 3
v 17 3
v 18 3
v 19 3
v 20 3
v 21 3
v 22 3
v 23 3
v 24 3
v 25 3
v 26 3
v 27 3
v 28 4
v 29 4
v 30 4
v 31 4
v 32 4
v 33 4
v 34 4
v 35 4
v 36 4
v 37 4
v 38 4
e 0 22 1
e 1 24 1
e 2 21 1
e 2 26 1
e 3 20 2
e 4 25 1
e 4 27 1
e 5 21 2
e 6 25 2
e 7 12 1
e 7 15 1
e 7 17 1
e 8 15 1
e 8 16 2
e 9 10 1
e 9 15 2
e 10 17 2
e 11 17 1
e 11 31 1
e 11 32 1
e 12 13 2
e 12 14 1
e 13 16 1
e 13 20 1
e 14 18 2
e 14 19 1
e 16 21 1
e 18 22 1
e 18 28 1
e 19 23 2
e 19 29 1
e 20 25 1
e 22 24 2
e 23 24 1
e 23 30 1
e 26 33 1
e 26 34 1
e 26 35 1
e 27 36 1
e 27 37 1
e 27 38 1
t # 33329
v 0 1
v 1 1
v 2 1
v 3 1
v 4 1
v 5 2
v 6 2
v 7 2
v 8 2
v 9 2
v 10 3
v 11 3
v 12 3
v 13 3
v 14 3
v 15 3
v 16 3
v 17 3
v 18 3
v 19 3
v 20 3
v 21 3
v 22 3
v 23 4
v 24 4
v 25 4
v 26 4
v 27 4
v 28 4
v 29 4
v 30 4
v 31 4
v 32 4
v 33 4
v 34 4
v 35 4
e 0 16 2
e 1 19 1
e 1 21 1
e 2 20 1
e 2 22 1
e 3 19 2
e 4 20 2
e 5 12 1
e 5 17 1
e 5 18 1
e 6 15 2
e 6 17 1
e 7 8 1
e 7 17 2
e 8 18 2
e 9 18 1
e 9 28 1
e 9 29 1
e 10 11 1
e 10 12 1
e 10 16 1
e 10 23 1
e 11 13 1
e 11 24 1
e 11 25 1
e 12 14 2
e 13 14 1
e 13 26 1
e 13 27 1
e 14 15 1
e 15 19 1
e 16 20 1
e 21 30 1
e 21 31 1
e 21 32 1
e 22 33 1
e 22 34 1
e 22 35 1
t # 33330
v 0 1
v 1 1
v 2 1
v 3 1
v 4 1
v 5 1
v 6 1
v 7 2
v 8 2
v 9 2
v 10 2
v 11 2
v 12 2
v 13 3
v 14 3
v 15 3
v 16 3
v 17 3
v 18 3
v 19 3
v 20 3
v 21 3
v 22 3
v 23 3
v 24 3
v 25 3
v 26 3
v 27 3
v 28 3
v 29 4
v 30 4
v 31 4
v 32 4
v 33 4
v 34 4
v 35 4
v 36 4
v 37 4
v 38 4
v 39 4
v 40 4
e 0 25 1
e 0 27 1
e 1 21 2
e 2 26 1
e 2 28 1
e 3 25 2
e 4 26 2
e 7 13 1
e 7 16 1
e 7 18 1
e 8 16 1
e 8 17 2
e 9 10 1
e 9 16 2
e 10 18 2
e 11 18 1
e 11 33 1
e 11 34 1
e 12 22 1
e 13 14 2
e 13 15 1
e 14 17 1
e 14 21 1
e 15 19 2
e 15 20 1
e 17 25 1
e 19 22 1
e 19 29 1
e 20 23 2
e 20 30 1
e 21 26 1
e 22 24 2
e 23 24 1
e 23 31 1
e 24 32 1
e 27 35 1
e 27 36 1
e 27 37 1
e 28 38 1
e 28 39 1
e 28 40 1
t # 33331
v 0 14
v 1 1
v 2 1
v 3 1
v 4 1
v 5 1
v 6 2
v 7 2
v 8 2
v 9 2
v 10 2
v 11 3
v 12 3
v 13 3
v 14 3
v 15 3
v 16 3
v 17 3
v 18 3
v 19 3
v 20 3
v 21 3
v 22 3
v 23 3
v 24 3
v 25 3
v 26 3
v 27 4
v 28 4
v 29 4
v 30 4
v 31 4
v 32 4
v 33 4
v 34 4
v 35 4
v 36 4
v 37 4
v 38 4
e 1 20 1
e 1 25 1
e 2 19 2
e 3 24 1
e 3 26 1
e 4 20 2
e 5 24 2
e 6 11 1
e 6 14 1
e 6 16 1
e 7 14 1
e 7 15 2
e 8 9 1
e 8 14 2
e 9 16 2
e 10 16 1
e 10 31 1
e 10 32 1
e 11 12 2
e 11 13 1
e 12 15 1
e 12 19 1
e 13 17 2
e 13 18 1
e 15 20 1
e 17 21 1
e 17 27 1
e 18 22 2
e 18 28 1
e 19 24 1
e 21 23 2
e 21 29 1
e 22 23 1
e 22 30 1
e 25 33 1
e 25 34 1
e 25 35 1
e 26 36 1
e 26 37 1
e 26 38 1
t # 33332
v 0 1
v 1 1
v 2 2
v 3 2
v 4 2
v 5 2
v 6 3
v 7 3
v 8 3
v 9 3
v 10 3
v 11 3
v 12 3
v 13 3
v 14 3
v 15 3
v 16 3
v 17 3
v 18 3
v 19 3
v 20 3
v 21 3
v 22 3
v 23 3
v 24 4
v 25 4
v 26 4
v 27 4
v 28 4
v 29 4
v 30 4
v 31 4
v 32 4
v 33 4
v 34 4
v 35 4
v 36 4
v 37 4
v 38 4
v 39 4
v 40 4
v 41 4
v 42 4
v 43 4
v 44 4
v 45 4
v 46 4
v 47 4
v 48 4
v 49 4
e 0 22 1
e 0 23 1
e 1 22 2
e 2 19 2
e 2 20 1
e 3 4 1
e 3 21 1
e 3 44 1
e 4 20 2
e 5 21 1
e 5 45 1
e 5 46 1
e 6 7 1
e 6 9 1
e 6 24 1
e 6 25 1
e 7 8 1
e 7 26 1
e 7 27 1
e 8 10 1
e 8 30 1
e 8 31 1
e 9 12 1
e 9 28 1
e 9 29 1
e 10 11 1
e 10 32 1
e 10 33 1
e 11 13 1
e 11 34 1
e 11 35 1
e 12 17 2
e 12 18 1
e 13 14 1
e 13 36 1
e 13 37 1
e 14 15 1
e 14 38 1
e 14 39 1
e 15 16 1
e 15 40 1
e 15 41 1
e 16 17 1
e 16 42 1
e 16 43 1
e 17 19 1
e 18 20 1
e 18 21 2
e 19 22 1
e 23 47 1
e 23 48 1
e 23 49 1
t # 33333
v 0 1
v 1 1
v 2 1
v 3 2
v 4 2
v 5 2
v 6 2
v 7 3
v 8 3
v 9 3
v 10 3
v 11 3
v 12 3
v 13 3
v 14 3
v 15 3
v 16 3
v 17 3
v 18 3
v 19 3
v 20 3
v 21 3
v 22 3
v 23 3
v 24 3
v 25 3
v 26 3
v 27 4
v 28 4
v 29 4
v 30 4
v 31 4
v 32 4
v 33 4
v 34 4
v 35 4
v 36 4
v 37 4
v 38 4
v 39 4
v 40 4
v 41 4
v 42 4
e 0 10 2
e 1 22 1
e 1 26 1
e 2 22 2
e 3 4 1
e 3 10 1
e 3 13 1
e 4 9 1
e 4 27 1
e 5 9 1
e 5 14 2
e 6 21 1
e 6 38 1
e 6 39 1
e 7 8 1
e 7 9 2
e 7 10 1
e 8 11 1
e 8 12 2
e 11 15 2
e 11 16 1
e 12 14 1
e 12 28 1
e 13 17 2
e 13 18 1
e 14 22 1
e 15 19 1
e 15 29 1
e 16 20 2
e 16 30 1
e 17 23 1
e 17 31 1
e 18 24 2
e 18 32 1
e 19 21 2
e 19 33 1
e 20 21 1
e 20 34 1
e 23 25 2
e 23 35 1
e 24 25 1
e 24 36 1
e 25 37 1
e 26 40 1
e 26 41 1
e 26 42 1
t # 33334
v 0 1
v 1 1
v 2 1
v 3 1
v 4 2
v 5 2
v 6 2
v 7 2
v 8 2
v 9 2
v 10 3
v 11 3
v 12 3
v 13 3
v 14 3
v 15 3
v 16 3
v 17 3
v 18 3
v 19 3
v 20 3
v 21 3
v 22 3
v 23 4
v 24 4
v 25 4
v 26 4
v 27 4
v 28 4
v 29 4
v 30 4
v 31 4
v 32 4
e 0 21 1
e 0 22 1
e 1 21 2
e 4 10 1
e 4 12 1
e 4 14 1
e 5 12 1
e 5 15 2
e 6 7 1
e 6 12 2
e 7 14 2
e 8 14 1
e 8 28 1
e 8 29 1
e 9 20 1
e 10 11 1
e 10 13 2
e 11 16 2
e 11 17 1
e 13 15 1
e 13 23 1
e 15 21 1
e 16 18 1
e 16 24 1
e 17 19 2
e 17 25 1
e 18 20 2
e 18 26 1
e 19 20 1
e 19 27 1
e 22 30 1
e 22 31 1
e 22 32 1
t # 33335
v 0 1
v 1 1
v 2 1
v 3 1
v 4 2
v 5 2
v 6 2
v 7 3
v 8 3
v 9 3
v 10 3
v 11 3
v 12 3
v 13 3
v 14 3
v 15 3
v 16 3
v 17 3
v 18 3
v 19 3
v 20 3
v 21 3
v 22 3
v 23 3
v 24 3
v 25 3
v 26 3
v 27 3
v 28 4
v 29 4
v 30 4
v 31 4
v 32 4
v 33 4
v 34 4
v 35 4
v 36 4
v 37 4
v 38 4
v 39 4
v 40 4
v 41 4
v 42 4
v 43 4
v 44 4
e 0 10 2
e 1 21 1
e 1 26 1
e 2 22 1
e 2 27 1
e 3 22 2
e 4 5 1
e 4 10 1
e 4 13 1
e 5 9 1
e 5 28 1
e 6 9 1
e 6 14 2
e 7 8 1
e 7 9 2
e 7 10 1
e 8 11 1
e 8 12 2
e 11 15 2
e 11 16 1
e 12 14 1
e 12 29 1
e 13 17 2
e 13 18 1
e 14 22 1
e 15 19 1
e 15 30 1
e 16 20 2
e 16 31 1
e 17 23 1
e 17 32 1
e 18 24 2
e 18 33 1
e 19 21 2
e 19 34 1
e 20 21 1
e 20 35 1
e 23 25 2
e 23 36 1
e 24 25 1
e 24 37 1
e 25 38 1
e 26 39 1
e 26 40 1
e 26 41 1
e 27 42 1
e 27 43 1
e 27 44 1
t # 33336
v 0 12
v 1 1
v 2 1
v 3 2
v 4 2
v 5 2
v 6 2
v 7 2
v 8 3
v 9 3
v 10 3
v 11 3
v 12 3
v 13 3
v 14 3
v 15 3
v 16 3
v 17 3
v 18 3
v 19 3
v 20 3
v 21 3
v 22 4
v 23 4
v 24 4
v 25 4
v 26 4
v 27 4
v 28 4
v 29 4
v 30 4
v 31 4
v 32 4
v 33 4
e 0 20 1
e 1 17 1
e 1 21 1
e 2 17 2
e 3 8 1
e 3 11 1
e 3 13 1
e 4 11 1
e 4 12 2
e 5 6 1
e 5 11 2
e 6 13 2
e 7 13 1
e 7 29 1
e 7 30 1
e 8 9 2
e 8 10 1
e 9 12 1
e 9 14 1
e 10 15 2
e 10 16 1
e 12 17 1
e 14 22 1
e 14 23 1
e 14 24 1
e 15 18 1
e 15 25 1
e 16 19 2
e 16 26 1
e 18 20 2
e 18 27 1
e 19 20 1
e 19 28 1
e 21 31 1
e 21 32 1
e 21 33 1
t # 33337
v 0 1
v 1 1
v 2 1
v 3 2
v 4 2
v 5 2
v 6 3
v 7 3
v 8 3
v 9 3
v 10 3
v 11 3
v 12 3
v 13 3
v 14 3
v 15 3
v 16 3
v 17 3
v 18 3
v 19 3
v 20 3
v 21 3
v 22 3
v 23 3
v 24 3
v 25 3
v 26 4
v 27 4
v 28 4
v 29 4
v 30 4
v 31 4
v 32 4
v 33 4
v 34 4
v 35 4
v 36 4
v 37 4
v 38 4
v 39 4
v 40 4
e 0 9 2
e 1 18 1
e 1 25 1
e 2 18 2
e 3 4 1
e 3 9 1
e 3 11 1
e 4 8 1
e 4 26 1
e 5 8 1
e 5 13 2
e 6 7 1
e 6 8 2
e 6 9 1
e 7 10 1
e 7 12 2
e 10 14 2
e 10 15 1
e 11 16 2
e 11 17 1
e 12 13 1
e 12 27 1
e 13 18 1
e 14 19 1
e 14 28 1
e 15 20 2
e 15 29 1
e 16 21 1
e 16 30 1
e 17 22 2
e 17 31 1
e 19 23 2
e 19 32 1
e 20 23 1
e 20 33 1
e 21 24 2
e 21 34 1
e 22 24 1
e 22 35 1
e 23 36 1
e 24 37 1
e 25 38 1
e 25 39 1
e 25 40 1
t # 33338
v 0 1
v 1 1
v 2 2
v 3 2
v 4 2
v 5 3
v 6 3
v 7 3
v 8 3
v 9 3
v 10 3
v 11 3
v 12 3
v 13 3
v 14 3
v 15 3
v 16 3
v 17 3
v 18 3
v 19 3
v 20 3
v 21 3
v 22 3
v 23 4
v 24 4
v 25 4
v 26 4
v 27 4
v 28 4
v 29 4
v 30 4
v 31 4
v 32 4
v 33 4
v 34 4
v 35 4
e 0 7 2
e 1 9 2
e 2 3 1
e 2 7 1
e 2 10 1
e 3 5 1
e 3 23 1
e 4 5 1
e 4 8 1
e 4 24 1
e 5 6 2
e 6 7 1
e 6 9 1
e 8 11 2
e 8 12 1
e 9 11 1
e 10 13 2
e 10 14 1
e 11 25 1
e 12 15 2
e 12 16 1
e 13 17 1
e 13 26 1
e 14 18 2
e 14 27 1
e 15 19 1
e 15 28 1
e 16 20 2
e 16 29 1
e 17 21 2
e 17 30 1
e 18 21 1
e 18 31 1
e 19 22 2
e 19 32 1
e 20 22 1
e 20 33 1
e 21 34 1
e 22 35 1
t # 33339
v 0 1
v 1 1
v 2 2
v 3 2
v 4 2
v 5 3
v 6 3
v 7 3
v 8 3
v 9 3
v 10 3
v 11 3
v 12 3
v 13 3
v 14 3
v 15 3
v 16 3
v 17 3
v 18 4
v 19 4
v 20 4
v 21 4
v 22 4
v 23 4
v 24 4
v 25 4
v 26 4
v 27 4
v 28 4
e 0 7 2
e 1 10 2
e 2 3 1
e 2 7 1
e 2 8 1
e 3 5 1
e 3 18 1
e 4 5 1
e 4 9 1
e 4 19 1
e 5 6 2
e 6 7 1
e 6 10 1
e 8 12 2
e 8 13 1
e 9 11 2
e 9 14 1
e 10 11 1
e 11 20 1
e 12 15 1
e 12 21 1
e 13 16 2
e 13 22 1
e 14 23 1
e 14 24 1
e 14 25 1
e 15 17 2
e 15 26 1
e 16 17 1
e 16 27 1
e 17 28 1
t # 33340
v 0 1
v 1 1
v 2 1
v 3 1
v 4 1
v 5 3
v 6 3
v 7 3
v 8 3
v 9 3
v 10 3
v 11 3
v 12 3
v 13 3
v 14 3
v 15 3
v 16 3
v 17 3
v 18 3
v 19 3
v 20 3
v 21 3
v 22 3
v 23 3
v 24 3
v 25 4
v 26 4
v 27 4
v 28 4
v 29 4
v 30 4
v 31 4
v 32 4
v 33 4
v 34 4
v 35 4
v 36 4
v 37 4
v 38 4
v 39 4
v 40 4
e 0 6 1
e 0 29 1
e 1 7 2
e 2 11 2
e 3 15 1
e 3 24 1
e 4 15 2
e 5 6 1
e 5 7 1
e 5 8 1
e 5 11 1
e 6 10 1
e 6 25 1
e 7 9 1
e 8 13 2
e 8 14 1
e 9 10 2
e 9 12 1
e 10 26 1
e 11 15 1
e 12 18 2
e 12 19 1
e 13 16 1
e 13 27 1
e 14 17 2
e 14 28 1
e 16 20 2
e 16 30 1
e 17 20 1
e 17 31 1
e 18 21 1
e 18 32 1
e 19 22 2
e 19 33 1
e 20 34 1
e 21 23 2
e 21 35 1
e 22 23 1
e 22 36 1
e 23 37 1
e 24 38 1
e 24 39 1
e 24 40 1
t # 33341
v 0 1
v 1 1
v 2 1
v 3 1
v 4 1
v 5 1
v 6 1
v 7 1
v 8 3
v 9 3
v 10 3
v 11 3
v 12 3
v 13 3
v 14 3
v 15 3
v 16 3
v 17 3
v 18 3
v 19 3
v 20 3
v 21 3
v 22 3
v 23 3
v 24 3
v 25 3
v 26 3
v 27 3
v 28 3
v 29 3
v 30 3
v 31 3
v 32 4
v 33 4
v 34 4
v 35 4
v 36 4
v 37 4
v 38 4
v 39 4
v 40 4
v 41 4
v 42 4
v 43 4
v 44 4
v 45 4
v 46 4
v 47 4
v 48 4
v 49 4
v 50 4
v 51 4
v 52 4
v 53 4
v 54 4
v 55 4
v 56 4
v 57 4
v 58 4
v 59 4
v 60 4
v 61 4
e 0 8 1
e 0 22 1
e 1 9 1
e 1 23 1
e 2 16 2
e 3 17 2
e 4 18 2
e 5 19 2
e 6 22 2
e 7 23 2
e 8 9 1
e 8 10 1
e 8 32 1
e 9 11 1
e 9 33 1
e 10 12 1
e 10 16 1
e 10 34 1
e 11 13 1
e 11 17 1
e 11 35 1
e 12 14 1
e 12 18 1
e 12 36 1
e 13 15 1
e 13 19 1
e 13 37 1
e 14 20 1
e 14 38 1
e 14 39 1
e 15 21 1
e 15 40 1
e 15 41 1
e 16 22 1
e 17 23 1
e 18 24 1
e 19 25 1
e 20 26 1
e 20 42 1
e 20 43 1
e 21 27 1
e 21 44 1
e 21 45 1
e 24 28 1
e 24 46 1
e 24 47 1
e 25 29 1
e 25 48 1
e 25 49 1
e 26 30 1
e 26 50 1
e 26 51 1
e 27 31 1
e 27 52 1
e 27 53 1
e 28 30 1
e 28 54 1
e 28 55 1
e 29 31 1
e 29 56 1
e 29 57 1
e 30 58 1
e 30 59 1
e 31 60 1
e 31 61 1
t # 33342
v 0 1
v 1 1
v 2 1
v 3 1
v 4 1
v 5 1
v 6 1
v 7 1
v 8 3
v 9 3
v 10 3
v 11 3
v 12 3
v 13 3
v 14 3
v 15 3
v 16 3
v 17 3
v 18 3
v 19 3
v 20 3
v 21 3
v 22 3
v 23 3
v 24 3
v 25 3
v 26 3
v 27 3
v 28 3
v 29 3
v 30 3
v 31 3
v 32 4
v 33 4
v 34 4
v 35 4
v 36 4
v 37 4
v 38 4
v 39 4
v 40 4
v 41 4
v 42 4
v 43 4
v 44 4
v 45 4
v 46 4
v 47 4
v 48 4
v 49 4
e 0 8 1
e 0 16 1
e 1 9 1
e 1 17 1
e 2 12 2
e 3 13 2
e 4 14 2
e 5 15 2
e 6 16 2
e 7 17 2
e 8 9 1
e 8 10 1
e 8 32 1
e 9 11 1
e 9 33 1
e 10 12 1
e 10 14 1
e 10 34 1
e 11 13 1
e 11 15 1
e 11 35 1
e 12 16 1
e 13 17 1
e 14 18 1
e 15 19 1
e 18 20 2
e 18 22 1
e 19 21 2
e 19 23 1
e 20 24 1
e 20 36 1
e 21 25 1
e 21 37 1
e 22 26 2
e 22 38 1
e 23 27 2
e 23 39 1
e 24 28 2
e 24 40 1
e 25 29 2
e 25 41 1
e 26 28 1
e 26 42 1
e 27 29 1
e 27 43 1
e 28 30 1
e 29 31 1
e 30 44 1
e 30 45 1
e 30 46 1
e 31 47 1
e 31 48 1
e 31 49 1
t # 33343
v 0 12
v 1 12
v 2 1
v 3 1
v 4 1
v 5 1
v 6 1
v 7 1
v 8 1
v 9 1
v 10 3
v 11 3
v 12 3
v 13 3
v 14 3
v 15 3
v 16 3
v 17 3
v 18 3
v 19 3
v 20 3
v 21 3
v 22 3
v 23 3
v 24 3
v 25 3
v 26 3
v 27 3
v 28 3
v 29 3
v 30 3
v 31 3
v 32 4
v 33 4
v 34 4
v 35 4
v 36 4
v 37 4
v 38 4
v 39 4
v 40 4
v 41 4
v 42 4
v 43 4
e 0 22 1
e 1 23 1
e 2 10 1
e 2 18 1
e 3 11 1
e 3 19 1
e 4 14 2
e 5 15 2
e 6 16 2
e 7 17 2
e 8 18 2
e 9 19 2
e 10 11 1
e 10 12 1
e 10 32 1
e 11 13 1
e 11 33 1
e 12 14 1
e 12 16 1
e 12 34 1
e 13 15 1
e 13 17 1
e 13 35 1
e 14 18 1
e 15 19 1
e 16 20 1
e 17 21 1
e 20 22 1
e 20 24 2
e 21 23 1
e 21 25 2
e 22 26 2
e 23 27 2
e 24 28 1
e 24 36 1
e 25 29 1
e 25 37 1
e 26 30 1
e 26 38 1
e 27 31 1
e 27 39 1
e 28 30 2
e 28 40 1
e 29 31 2
e 29 41 1
e 30 42 1
e 31 43 1
t # 33344
v 0 1
v 1 1
v 2 1
v 3 1
v 4 1
v 5 1
v 6 1
v 7 1
v 8 1
v 9 1
v 10 1
v 11 1
v 12 2
v 13 2
v 14 3
v 15 3
v 16 3
v 17 3
v 18 3
v 19 3
v 20 3
v 21 3
v 22 3
v 23 3
v 24 3
v 25 3
v 26 3
v 27 3
v 28 3
v 29 3
v 30 3
v 31 3
v 32 3
v 33 3
v 34 3
v 35 3
v 36 4
v 37 4
v 38 4
v 39 4
v 40 4
v 41 4
v 42 4
v 43 4
v 44 4
v 45 4
v 46 4
v 47 4
e 0 14 1
e 0 22 1
e 1 15 1
e 1 23 1
e 2 18 2
e 3 19 2
e 4 20 2
e 5 21 2
e 6 22 2
e 7 23 2
e 12 34 1
e 13 35 1
e 14 15 1
e 14 16 1
e 14 36 1
e 15 17 1
e 15 37 1
e 16 18 1
e 16 20 1
e 16 38 1
e 17 19 1
e 17 21 1
e 17 39 1
e 18 22 1
e 19 23 1
e 20 24 1
e 21 25 1
e 24 26 2
e 24 28 1
e 25 27 2
e 25 29 1
e 26 30 1
e 26 40 1
e 27 31 1
e 27 41 1
e 28 32 2
e 28 42 1
e 29 33 2
e 29 43 1
e 30 34 2
e 30 44 1
e 31 35 2
e 31 45 1
e 32 34 1
e 32 46 1
e 33 35 1
e 33 47 1
t # 33345
v 0 1
v 1 1
v 2 1
v 3 1
v 4 1
v 5 1
v 6 1
v 7 1
v 8 1
v 9 1
v 10 3
v 11 3
v 12 3
v 13 3
v 14 3
v 15 3
v 16 3
v 17 3
v 18 3
v 19 3
v 20 3
v 21 3
v 22 3
v 23 3
v 24 3
v 25 3
v 26 3
v 27 3
v 28 3
v 29 3
v 30 3
v 31 3
v 32 3
v 33 3
v 34 4
v 35 4
v 36 4
v 37 4
v 38 4
v 39 4
v 40 4
v 41 4
v 42 4
v 43 4
v 44 4
v 45 4
v 46 4
v 47 4
v 48 4
v 49 4
v 50 4
v 51 4
e 0 10 1
e 0 18 1
e 1 11 1
e 1 19 1
e 2 14 2
e 3 15 2
e 4 16 2
e 5 17 2
e 6 18 2
e 7 19 2
e 8 30 1
e 8 32 1
e 9 31 1
e 9 33 1
e 10 11 1
e 10 12 1
e 10 34 1
e 11 13 1
e 11 35 1
e 12 14 1
e 12 16 1
e 12 36 1
e 13 15 1
e 13 17 1
e 13 37 1
e 14 18 1
e 15 19 1
e 16 20 1
e 17 21 1
e 20 22 2
e 20 24 1
e 21 23 2
e 21 25 1
e 22 26 1
e 22 38 1
e 23 27 1
e 23 39 1
e 24 28 2
e 24 40 1
e 25 29 2
e 25 41 1
e 26 30 2
e 26 42 1
e 27 31 2
e 27 43 1
e 28 30 1
e 28 44 1
e 29 31 1
e 29 45 1
e 32 46 1
e 32 47 1
e 32 48 1
e 33 49 1
e 33 50 1
e 33 51 1
t # 33346
v 0 12
v 1 12
v 2 1
v 3 1
v 4 1
v 5 1
v 6 1
v 7 1
v 8 1
v 9 1
v 10 3
v 11 3
v 12 3
v 13 3
v 14 3
v 15 3
v 16 3
v 17 3
v 18 3
v 19 3
v 20 3
v 21 3
v 22 3
v 23 3
v 24 3
v 25 3
v 26 3
v 27 3
v 28 3
v 29 3
v 30 3
v 31 3
v 32 4
v 33 4
v 34 4
v 35 4
v 36 4
v 37 4
v 38 4
v 39 4
v 40 4
v 41 4
v 42 4
v 43 4
e 0 30 1
e 1 31 1
e 2 10 1
e 2 18 1
e 3 11 1
e 3 19 1
e 4 14 2
e 5 15 2
e 6 16 2
e 7 17 2
e 8 18 2
e 9 19 2
e 10 11 1
e 10 12 1
e 10 32 1
e 11 13 1
e 11 33 1
e 12 14 1
e 12 16 1
e 12 34 1
e 13 15 1
e 13 17 1
e 13 35 1
e 14 18 1
e 15 19 1
e 16 20 1
e 17 21 1
e 20 22 2
e 20 24 1
e 21 23 2
e 21 25 1
e 22 26 1
e 22 36 1
e 23 27 1
e 23 37 1
e 24 28 2
e 24 38 1
e 25 29 2
e 25 39 1
e 26 30 2
e 26 40 1
e 27 31 2
e 27 41 1
e 28 30 1
e 28 42 1
e 29 31 1
e 29 43 1
t # 33347
v 0 1
v 1 1
v 2 1
v 3 1
v 4 1
v 5 1
v 6 1
v 7 1
v 8 3
v 9 3
v 10 3
v 11 3
v 12 3
v 13 3
v 14 3
v 15 3
v 16 3
v 17 3
v 18 3
v 19 3
v 20 3
v 21 3
v 22 3
v 23 3
v 24 3
v 25 3
v 26 3
v 27 3
v 28 3
v 29 3
v 30 4
v 31 4
v 32 4
v 33 4
v 34 4
v 35 4
v 36 4
v 37 4
v 38 4
v 39 4
v 40 4
v 41 4
v 42 4
v 43 4
e 0 8 1
e 0 16 1
e 1 9 1
e 1 17 1
e 2 12 2
e 3 13 2
e 4 14 2
e 5 15 2
e 6 16 2
e 7 17 2
e 8 9 1
e 8 10 1
e 8 30 1
e 9 11 1
e 9 31 1
e 10 12 1
e 10 14 1
e 10 32 1
e 11 13 1
e 11 15 1
e 11 33 1
e 12 16 1
e 13 17 1
e 14 18 1
e 15 19 1
e 18 20 2
e 18 22 1
e 19 21 2
e 19 23 1
e 20 24 1
e 20 34 1
e 21 25 1
e 21 35 1
e 22 26 2
e 22 36 1
e 23 27 2
e 23 37 1
e 24 28 2
e 24 38 1
e 25 29 2
e 25 39 1
e 26 28 1
e 26 40 1
e 27 29 1
e 27 41 1
e 28 42 1
e 29 43 1
t # 33348
v 0 12
v 1 12
v 2 1
v 3 1
v 4 1
v 5 2
v 6 2
v 7 3
v 8 3
v 9 3
v 10 3
v 11 3
v 12 4
v 13 4
e 0 9 1
e 1 10 1
e 2 8 2
e 3 11 1
e 3 13 1
e 4 11 2
e 5 8 1
e 5 9 1
e 5 12 1
e 6 7 2
e 6 10 1
e 7 8 1
e 7 11 1
e 9 10 2
t # 33349
v 0 12
v 1 12
v 2 1
v 3 1
v 4 2
v 5 2
v 6 2
v 7 3
v 8 3
v 9 3
v 10 3
v 11 3
v 12 4
v 13 4
v 14 4
e 0 9 1
e 1 10 1
e 2 11 1
e 2 14 1
e 3 11 2
e 4 7 1
e 4 9 2
e 5 8 1
e 5 10 2
e 6 8 1
e 6 12 1
e 6 13 1
e 7 8 2
e 7 11 1
e 9 10 1
t # 33350
v 0 1
v 1 1
v 2 1
v 3 1
v 4 2
v 5 3
v 6 3
v 7 3
v 8 3
v 9 3
v 10 3
v 11 3
v 12 3
v 13 3
v 14 3
v 15 3
v 16 3
v 17 4
v 18 4
v 19 4
v 20 4
v 21 4
v 22 4
v 23 4
v 24 4
v 25 4
v 26 4
v 27 4
v 28 4
v 29 4
e 0 5 1
e 0 25 1
e 1 7 2
e 2 9 2
e 3 14 1
e 3 16 1
e 4 9 1
e 4 10 1
e 4 19 1
e 5 6 1
e 5 7 1
e 5 9 1
e 6 11 1
e 6 17 1
e 6 18 1
e 7 8 1
e 8 10 2
e 8 12 1
e 10 13 1
e 11 20 1
e 11 21 1
e 11 22 1
e 12 14 2
e 12 23 1
e 13 15 2
e 13 24 1
e 14 15 1
e 15 26 1
e 16 27 1
e 16 28 1
e 16 29 1
t # 33351
v 0 1
v 1 1
v 2 1
v 3 1
v 4 2
v 5 3
v 6 3
v 7 3
v 8 3
v 9 3
v 10 3
v 11 3
v 12 3
v 13 3
v 14 3
v 15 3
v 16 3
v 17 3
v 18 3
v 19 3
v 20 3
v 21 3
v 22 4
v 23 4
v 24 4
v 25 4
v 26 4
v 27 4
v 28 4
v 29 4
v 30 4
v 31 4
v 32 4
v 33 4
v 34 4
v 35 4
v 36 4
e 0 5 1
e 0 27 1
e 1 7 2
e 2 8 2
e 3 16 1
e 3 21 1
e 4 8 1
e 4 10 1
e 4 24 1
e 5 6 1
e 5 7 1
e 5 8 1
e 6 11 1
e 6 22 1
e 6 23 1
e 7 9 1
e 9 10 2
e 9 12 1
e 10 13 1
e 11 14 2
e 11 15 1
e 12 17 2
e 12 25 1
e 13 16 2
e 13 26 1
e 14 18 1
e 14 28 1
e 15 19 2
e 15 29 1
e 16 17 1
e 17 30 1
e 18 20 2
e 18 31 1
e 19 20 1
e 19 32 1
e 20 33 1
e 21 34 1
e 21 35 1
e 21 36 1
t # 33352
v 0 1
v 1 1
v 2 2
v 3 3
v 4 3
v 5 3
v 6 3
v 7 3
v 8 3
v 9 3
v 10 3
v 11 3
v 12 3
v 13 3
v 14 3
v 15 4
v 16 4
v 17 4
v 18 4
v 19 4
v 20 4
v 21 4
v 22 4
v 23 4
v 24 4
v 25 4
e 0 5 1
e 0 12 1
e 1 9 2
e 2 4 1
e 2 9 1
e 2 15 1
e 3 4 1
e 3 5 1
e 3 6 2
e 4 7 2
e 5 8 2
e 6 10 1
e 6 16 1
e 7 11 1
e 7 17 1
e 8 9 1
e 8 18 1
e 10 11 2
e 10 19 1
e 11 20 1
e 12 13 1
e 12 21 1
e 12 22 1
e 13 14 2
e 13 23 1
e 14 24 1
e 14 25 1
t # 33353
v 0 27
v 1 1
v 2 1
v 3 2
v 4 3
v 5 3
v 6 3
v 7 3
v 8 3
v 9 3
v 10 3
v 11 3
v 12 3
v 13 3
v 14 3
v 15 3
v 16 3
v 17 3
v 18 3
v 19 4
v 20 4
v 21 4
v 22 4
v 23 4
v 24 4
v 25 4
v 26 4
v 27 4
v 28 4
e 1 6 1
e 1 13 1
e 2 10 2
e 3 5 1
e 3 10 1
e 3 19 1
e 4 5 1
e 4 6 1
e 4 7 2
e 5 9 2
e 6 8 2
e 7 11 1
e 7 20 1
e 8 10 1
e 9 12 1
e 9 21 1
e 11 12 2
e 11 22 1
e 12 23 1
e 13 14 2
e 13 15 1
e 14 16 1
e 14 24 1
e 15 17 2
e 15 25 1
e 16 18 2
e 16 26 1
e 17 18 1
e 17 27 1
e 18 28 1
t # 33354
v 0 1
v 1 1
v 2 2
v 3 2
v 4 3
v 5 3
v 6 3
v 7 3
v 8 3
v 9 3
v 10 3
v 11 3
v 12 3
v 13 3
v 14 3
v 15 3
v 16 3
v 17 3
v 18 3
v 19 3
v 20 3
v 21 3
v 22 3
v 23 3
v 24 3
v 25 3
v 26 3
v 27 3
v 28 3
v 29 4
v 30 4
v 31 4
v 32 4
v 33 4
v 34 4
v 35 4
v 36 4
v 37 4
v 38 4
v 39 4
v 40 4
v 41 4
v 42 4
v 43 4
v 44 4
v 45 4
v 46 4
v 47 4
v 48 4
e 0 6 2
e 1 7 2
e 2 4 1
e 2 6 1
e 2 9 1
e 3 4 1
e 3 7 1
e 3 12 1
e 4 10 1
e 4 29 1
e 5 6 1
e 5 7 1
e 5 8 1
e 5 30 1
e 8 14 1
e 8 31 1
e 8 32 1
e 9 11 1
e 9 15 2
e 10 13 2
e 10 33 1
e 11 13 1
e 11 16 2
e 12 17 2
e 12 18 1
e 13 34 1
e 14 21 2
e 14 22 1
e 15 19 1
e 15 35 1
e 16 20 1
e 16 36 1
e 17 23 1
e 17 37 1
e 18 24 2
e 18 38 1
e 19 20 2
e 19 39 1
e 20 40 1
e 21 26 1
e 21 41 1
e 22 27 2
e 22 42 1
e 23 25 2
e 23 43 1
e 24 25 1
e 24 44 1
e 25 45 1
e 26 28 2
e 26 46 1
e 27 28 1
e 27 47 1
e 28 48 1
t # 33355
v 0 1
v 1 1
v 2 2
v 3 2
v 4 2
v 5 2
v 6 3
v 7 3
v 8 3
v 9 3
v 10 3
v 11 3
v 12 3
v 13 3
v 14 3
v 15 3
v 16 4
v 17 4
v 18 4
v 19 4
v 20 4
v 21 4
v 22 4
v 23 4
v 24 4
v 25 4
v 26 4
v 27 4
v 28 4
v 29 4
v 30 4
v 31 4
v 32 4
v 33 4
v 34 4
v 35 4
v 36 4
v 37 4
e 0 12 2
e 1 13 2
e 2 10 1
e 2 12 1
e 2 28 1
e 3 11 1
e 3 13 1
e 3 29 1
e 4 12 1
e 4 14 1
e 4 30 1
e 5 13 1
e 5 15 1
e 5 31 1
e 6 7 1
e 6 8 1
e 6 16 1
e 6 17 1
e 7 9 1
e 7 18 1
e 7 19 1
e 8 10 1
e 8 20 1
e 8 21 1
e 9 11 1
e 9 22 1
e 9 23 1
e 10 24 1
e 10 25 1
e 11 26 1
e 11 27 1
e 14 32 1
e 14 33 1
e 14 34 1
e 15 35 1
e 15 36 1
e 15 37 1
t # 33356
v 0 1
v 1 1
v 2 1
v 3 1
v 4 1
v 5 1
v 6 3
v 7 3
v 8 3
v 9 3
v 10 3
v 11 3
v 12 3
v 13 3
v 14 3
v 15 3
v 16 3
v 17 3
v 18 3
v 19 3
v 20 3
v 21 3
v 22 3
v 23 3
v 24 3
v 25 3
v 26 3
v 27 3
v 28 4
v 29 4
v 30 4
v 31 4
v 32 4
v 33 4
v 34 4
v 35 4
v 36 4
v 37 4
v 38 4
v 39 4
v 40 4
v 41 4
e 0 6 1
e 0 12 1
e 1 7 1
e 1 13 1
e 2 6 1
e 2 14 1
e 3 7 1
e 3 15 1
e 4 14 2
e 5 15 2
e 6 8 1
e 6 28 1
e 7 9 1
e 7 29 1
e 8 10 1
e 8 16 2
e 9 11 1
e 9 17 2
e 10 14 1
e 10 18 2
e 11 15 1
e 11 19 2
e 12 13 1
e 12 22 2
e 13 23 2
e 16 20 1
e 16 30 1
e 17 21 1
e 17 31 1
e 18 24 1
e 18 32 1
e 19 25 1
e 19 33 1
e 20 24 2
e 20 34 1
e 21 25 2
e 21 35 1
e 22 26 1
e 22 36 1
e 23 27 1
e 23 37 1
e 24 38 1
e 25 39 1
e 26 27 2
e 26 40 1
e 27 41 1
t # 33357
v 0 1
v 1 1
v 2 1
v 3 1
v 4 1
v 5 1
v 6 3
v 7 3
v 8 3
v 9 3
v 10 3
v 11 3
v 12 3
v 13 3
v 14 3
v 15 3
v 16 3
v 17 3
v 18 3
v 19 3
v 20 3
v 21 3
v 22 3
v 23 3
v 24 3
v 25 3
v 26 3
v 27 3
v 28 3
v 29 3
v 30 3
v 31 3
v 32 3
v 33 3
v 34 3
v 35 3
v 36 4
v 37 4
v 38 4
v 39 4
v 40 4
v 41 4
v 42 4
v 43 4
v 44 4
v 45 4
v 46 4
v 47 4
v 48 4
v 49 4
v 50 4
v 51 4
v 52 4
v 53 4
v 54 4
v 55 4
v 56 4
v 57 4
v 58 4
v 59 4
v 60 4
v 61 4
v 62 4
v 63 4
v 64 4
v 65 4
v 66 4
v 67 4
v 68 4
v 69 4
v 70 4
v 71 4
v 72 4
v 73 4
v 74 4
v 75 4
v 76 4
v 77 4
v 78 4
v 79 4
v 80 4
v 81 4
e 0 16 1
e 0 29 1
e 1 12 1
e 1 64 1
e 2 15 2
e 3 27 1
e 3 74 1
e 4 25 2
e 5 33 1
e 5 81 1
e 6 7 1
e 6 8 1
e 6 11 1
e 6 18 1
e 7 9 1
e 7 13 1
e 7 19 1
e 8 10 1
e 8 17 1
e 8 36 1
e 9 12 1
e 9 16 1
e 9 37 1
e 10 14 1
e 10 15 1
e 10 21 1
e 11 12 1
e 11 38 1
e 11 39 1
e 12 40 1
e 13 15 1
e 13 41 1
e 13 42 1
e 14 20 1
e 14 22 1
e 14 43 1
e 16 25 1
e 16 28 1
e 17 23 1
e 17 44 1
e 17 45 1
e 18 46 1
e 18 47 1
e 18 48 1
e 19 49 1
e 19 50 1
e 19 51 1
e 20 23 2
e 20 24 1
e 21 52 1
e 21 53 1
e 21 54 1
e 22 26 1
e 22 55 1
e 22 56 1
e 23 57 1
e 24 27 1
e 24 31 1
e 24 32 1
e 25 30 1
e 26 27 1
e 26 58 1
e 26 59 1
e 27 60 1
e 28 61 1
e 28 62 1
e 28 63 1
e 29 30 1
e 29 33 1
e 29 65 1
e 30 66 1
e 30 67 1
e 31 68 1
e 31 69 1
e 31 70 1
e 32 71 1
e 32 72 1
e 32 73 1
e 33 34 1
e 33 35 1
e 34 75 1
e 34 76 1
e 34 77 1
e 35 78 1
e 35 79 1
e 35 80 1
t # 33358
v 0 1
v 1 1
v 2 1
v 3 1
v 4 1
v 5 1
v 6 3
v 7 3
v 8 3
v 9 3
v 10 3
v 11 3
v 12 3
v 13 3
v 14 3
v 15 3
v 16 3
v 17 3
v 18 3
v 19 3
v 20 3
v 21 3
v 22 3
v 23 3
v 24 3
v 25 3
v 26 3
v 27 3
v 28 3
v 29 3
v 30 3
v 31 3
v 32 3
v 33 3
v 34 3
v 35 3
v 36 3
v 37 3
v 38 4
v 39 4
v 40 4
v 41 4
v 42 4
v 43 4
v 44 4
v 45 4
v 46 4
v 47 4
v 48 4
v 49 4
v 50 4
v 51 4
v 52 4
v 53 4
v 54 4
v 55 4
v 56 4
v 57 4
v 58 4
v 59 4
v 60 4
v 61 4
v 62 4
v 63 4
v 64 4
v 65 4
v 66 4
v 67 4
v 68 4
v 69 4
v 70 4
v 71 4
v 72 4
v 73 4
v 74 4
v 75 4
v 76 4
v 77 4
v 78 4
v 79 4
v 80 4
v 81 4
v 82 4
v 83 4
e 0 12 1
e 0 66 1
e 1 18 1
e 1 31 1
e 2 15 2
e 3 26 1
e 3 34 1
e 4 28 2
e 5 34 2
e 6 7 1
e 6 8 1
e 6 11 1
e 6 17 1
e 7 10 1
e 7 13 1
e 7 19 1
e 8 9 1
e 8 16 1
e 8 38 1
e 9 14 1
e 9 15 1
e 9 21 1
e 10 12 1
e 10 18 1
e 10 39 1
e 11 12 1
e 11 40 1
e 11 41 1
e 12 42 1
e 13 15 1
e 13 43 1
e 13 44 1
e 14 20 1
e 14 22 1
e 14 45 1
e 16 23 1
e 16 46 1
e 16 47 1
e 17 48 1
e 17 49 1
e 17 50 1
e 18 27 1
e 18 28 1
e 19 51 1
e 19 52 1
e 19 53 1
e 20 23 2
e 20 24 1
e 21 54 1
e 21 55 1
e 21 56 1
e 22 25 1
e 22 57 1
e 22 58 1
e 23 59 1
e 24 26 1
e 24 29 1
e 24 30 1
e 25 26 1
e 25 60 1
e 25 61 1
e 26 62 1
e 27 63 1
e 27 64 1
e 27 65 1
e 28 32 1
e 29 67 1
e 29 68 1
e 29 69 1
e 30 70 1
e 30 71 1
e 30 72 1
e 31 32 2
e 31 33 1
e 32 73 1
e 33 35 1
e 33 36 1
e 33 74 1
e 34 37 1
e 35 75 1
e 35 76 1
e 35 77 1
e 36 78 1
e 36 79 1
e 36 80 1
e 37 81 1
e 37 82 1
e 37 83 1
t # 33359
v 0 12
v 1 1
v 2 1
v 3 1
v 4 2
v 5 2
v 6 3
v 7 3
v 8 3
v 9 3
v 10 3
v 11 3
v 12 3
v 13 3
v 14 3
v 15 3
v 16 3
v 17 3
v 18 3
v 19 3
v 20 3
v 21 3
v 22 3
v 23 3
v 24 3
v 25 3
v 26 4
v 27 4
v 28 4
v 29 4
v 30 4
v 31 4
v 32 4
v 33 4
v 34 4
v 35 4
v 36 4
v 37 4
v 38 4
v 39 4
v 40 4
v 41 4
v 42 4
v 43 4
v 44 4
e 0 20 1
e 1 13 1
e 1 24 1
e 2 14 1
e 2 25 1
e 3 16 2
e 4 5 1
e 4 10 1
e 4 16 1
e 5 9 2
e 6 7 1
e 6 8 1
e 6 11 2
e 7 9 1
e 7 12 2
e 8 10 1
e 8 26 1
e 8 27 1
e 9 15 1
e 10 19 2
e 11 13 1
e 11 28 1
e 12 14 1
e 12 29 1
e 13 14 2
e 15 17 2
e 15 18 1
e 16 22 1
e 17 20 1
e 17 30 1
e 18 21 2
e 18 31 1
e 19 32 1
e 19 33 1
e 20 23 2
e 21 23 1
e 21 34 1
e 22 35 1
e 22 36 1
e 22 37 1
e 23 38 1
e 24 39 1
e 24 40 1
e 24 41 1
e 25 42 1
e 25 43 1
e 25 44 1
t # 33360
v 0 1
v 1 1
v 2 1
v 3 1
v 4 1
v 5 2
v 6 2
v 7 3
v 8 3
v 9 3
v 10 3
v 11 3
v 12 3
v 13 3
v 14 3
v 15 3
v 16 3
v 17 3
v 18 3
v 19 3
v 20 3
v 21 3
v 22 3
v 23 3
v 24 3
v 25 3
v 26 3
v 27 3
v 28 3
v 29 3
v 30 3
v 31 4
v 32 4
v 33 4
v 34 4
v 35 4
v 36 4
v 37 4
v 38 4
v 39 4
v 40 4
v 41 4
v 42 4
v 43 4
v 44 4
v 45 4
v 46 4
v 47 4
v 48 4
v 49 4
v 50 4
v 51 4
v 52 4
v 53 4
v 54 4
v 55 4
v 56 4
v 57 4
v 58 4
e 0 16 1
e 0 27 1
e 1 17 1
e 1 28 1
e 2 23 1
e 2 29 1
e 3 20 2
e 4 25 1
e 4 30 1
e 5 6 1
e 5 10 1
e 5 20 1
e 6 12 2
e 7 8 1
e 7 10 2
e 7 11 1
e 8 9 1
e 8 13 2
e 9 12 1
e 9 14 2
e 10 18 1
e 11 19 1
e 11 31 1
e 11 32 1
e 12 15 1
e 13 16 1
e 13 33 1
e 14 17 1
e 14 34 1
e 15 21 2
e 15 22 1
e 16 17 2
e 18 35 1
e 18 36 1
e 18 37 1
e 19 38 1
e 19 39 1
e 19 40 1
e 20 26 1
e 21 23 1
e 21 41 1
e 22 24 2
e 22 42 1
e 23 25 2
e 24 25 1
e 24 43 1
e 26 44 1
e 26 45 1
e 26 46 1
e 27 47 1
e 27 48 1
e 27 49 1
e 28 50 1
e 28 51 1
e 28 52 1
e 29 53 1
e 29 54 1
e 29 55 1
e 30 56 1
e 30 57 1
e 30 58 1
t # 33361
v 0 1
v 1 1
v 2 1
v 3 1
v 4 1
v 5 1
v 6 2
v 7 2
v 8 2
v 9 3
v 10 3
v 11 3
v 12 3
v 13 3
v 14 3
v 15 3
v 16 3
v 17 3
v 18 3
v 19 3
v 20 3
v 21 3
v 22 4
v 23 4
v 24 4
v 25 4
v 26 4
v 27 4
v 28 4
v 29 4
v 30 4
v 31 4
v 32 4
e 0 15 1
e 0 17 1
e 1 16 1
e 1 18 1
e 2 15 1
e 2 28 1
e 3 16 1
e 3 29 1
e 4 13 2
e 5 14 2
e 6 19 2
e 6 21 1
e 7 19 1
e 7 30 1
e 7 31 1
e 8 20 1
e 8 21 2
e 9 10 1
e 9 11 1
e 9 12 1
e 9 22 1
e 10 13 1
e 10 15 2
e 11 14 1
e 11 16 2
e 12 19 1
e 12 20 2
e 13 17 1
e 14 18 1
e 17 23 1
e 17 24 1
e 18 25 1
e 18 26 1
e 20 27 1
e 21 32 1
t # 33362
v 0 1
v 1 1
v 2 1
v 3 1
v 4 2
v 5 2
v 6 2
v 7 2
v 8 3
v 9 3
v 10 3
v 11 3
v 12 3
v 13 3
v 14 4
v 15 4
v 16 4
v 17 4
e 0 10 2
e 1 11 2
e 2 12 2
e 3 13 2
e 4 8 1
e 4 12 1
e 4 14 1
e 5 9 1
e 5 13 1
e 5 15 1
e 6 7 1
e 6 10 1
e 6 16 1
e 7 11 1
e 7 17 1
e 8 9 2
e 8 10 1
e 9 11 1
e 12 13 1
t # 33363
v 0 1
v 1 1
v 2 1
v 3 2
v 4 2
v 5 2
v 6 3
v 7 3
v 8 3
v 9 3
v 10 3
v 11 3
v 12 3
v 13 4
v 14 4
v 15 4
v 16 4
v 17 4
e 0 16 1
e 1 11 1
e 1 17 1
e 2 12 2
e 3 8 1
e 3 10 1
e 4 11 1
e 5 12 1
e 6 7 1
e 6 9 1
e 6 11 2
e 7 8 2
e 7 12 1
e 8 13 1
e 9 10 2
e 9 14 1
e 10 15 1
t # 33364
v 0 1
v 1 1
v 2 1
v 3 1
v 4 1
v 5 1
v 6 2
v 7 2
v 8 3
v 9 3
v 10 3
v 11 3
v 12 3
v 13 3
v 14 3
v 15 3
v 16 3
v 17 3
v 18 3
v 19 4
v 20 4
v 21 4
v 22 4
v 23 4
v 24 4
v 25 4
v 26 4
v 27 4
v 28 4
v 29 4
v 30 4
v 31 4
v 32 4
e 0 10 1
e 0 11 1
e 1 8 1
e 1 13 1
e 2 9 1
e 2 26 1
e 3 12 1
e 3 27 1
e 4 13 1
e 4 16 1
e 5 14 2
e 6 11 1
e 6 14 1
e 6 25 1
e 8 9 1
e 8 11 1
e 8 19 1
e 9 10 1
e 9 20 1
e 10 12 1
e 10 21 1
e 11 22 1
e 12 23 1
e 12 24 1
e 13 15 2
e 14 15 1
e 15 17 1
e 16 18 1
e 16 28 1
e 16 29 1
e 18 30 1
e 18 31 1
e 18 32 1
t # 33365
v 0 27
v 1 12
v 2 1
v 3 1
v 4 1
v 5 1
v 6 2
v 7 2
v 8 2
v 9 3
v 10 3
v 11 3
v 12 3
v 13 3
v 14 3
v 15 3
v 16 3
v 17 3
v 18 4
v 19 4
v 20 4
v 21 4
v 22 4
v 23 4
v 24 4
v 25 4
v 26 4
v 27 4
v 28 4
e 1 10 1
e 2 11 1
e 2 12 1
e 3 9 1
e 3 24 1
e 4 13 1
e 4 26 1
e 5 15 2
e 6 11 1
e 6 14 1
e 6 15 1
e 7 15 1
e 7 17 2
e 8 17 1
e 8 27 1
e 8 28 1
e 9 10 1
e 9 12 1
e 9 18 1
e 10 11 1
e 10 19 1
e 11 20 1
e 12 13 1
e 12 21 1
e 13 22 1
e 13 23 1
e 14 16 2
e 14 25 1
e 16 17 1
t # 33366
v 0 1
v 1 1
v 2 1
v 3 1
v 4 2
v 5 2
v 6 2
v 7 2
v 8 3
v 9 3
v 10 3
v 11 3
v 12 3
v 13 3
v 14 3
v 15 3
v 16 3
v 17 3
v 18 3
v 19 3
v 20 3
v 21 3
v 22 3
v 23 3
v 24 3
v 25 3
v 26 3
v 27 3
v 28 3
v 29 3
v 30 3
v 31 3
v 32 3
v 33 3
v 34 3
v 35 3
v 36 3
v 37 3
v 38 3
v 39 3
v 40 3
v 41 3
v 42 3
v 43 3
v 44 4
v 45 4
v 46 4
v 47 4
v 48 4
v 49 4
v 50 4
v 51 4
v 52 4
v 53 4
v 54 4
v 55 4
v 56 4
v 57 4
v 58 4
v 59 4
v 60 4
v 61 4
v 62 4
v 63 4
v 64 4
v 65 4
v 66 4
v 67 4
v 68 4
v 69 4
v 70 4
v 71 4
v 72 4
v 73 4
v 74 4
v 75 4
v 76 4
v 77 4
e 0 16 2
e 1 17 2
e 2 22 2
e 3 23 2
e 4 10 1
e 4 16 1
e 4 22 1
e 5 11 1
e 5 17 1
e 5 23 1
e 6 8 1
e 6 22 1
e 6 56 1
e 7 9 1
e 7 23 1
e 7 57 1
e 8 16 1
e 8 18 1
e 8 19 1
e 9 17 1
e 9 20 1
e 9 21 1
e 10 12 1
e 10 44 1
e 10 45 1
e 11 13 1
e 11 46 1
e 11 47 1
e 12 14 1
e 12 48 1
e 12 49 1
e 13 15 1
e 13 50 1
e 13 51 1
e 14 15 1
e 14 52 1
e 14 53 1
e 15 54 1
e 15 55 1
e 18 24 2
e 18 28 1
e 19 25 2
e 19 29 1
e 20 26 2
e 20 30 1
e 21 27 2
e 21 31 1
e 24 32 1
e 24 58 1
e 25 33 1
e 25 59 1
e 26 34 1
e 26 60 1
e 27 35 1
e 27 61 1
e 28 36 2
e 28 62 1
e 29 37 2
e 29 63 1
e 30 38 2
e 30 64 1
e 31 39 2
e 31 65 1
e 32 40 2
e 32 66 1
e 33 41 2
e 33 67 1
e 34 42 2
e 34 68 1
e 35 43 2
e 35 69 1
e 36 40 1
e 36 70 1
e 37 41 1
e 37 71 1
e 38 42 1
e 38 72 1
e 39 43 1
e 39 73 1
e 40 74 1
e 41 75 1
e 42 76 1
e 43 77 1
t # 33367
v 0 1
v 1 1
v 2 1
v 3 1
v 4 2
v 5 2
v 6 3
v 7 3
v 8 3
v 9 3
v 10 3
v 11 3
v 12 3
v 13 3
v 14 3
v 15 3
v 16 3
v 17 3
v 18 3
v 19 3
v 20 4
v 21 4
v 22 4
v 23 4
v 24 4
v 25 4
v 26 4
v 27 4
e 0 7 2
e 1 8 2
e 4 6 1
e 5 11 1
e 5 18 2
e 6 7 1
e 6 8 1
e 6 11 1
e 7 9 1
e 8 10 1
e 9 10 1
e 9 12 2
e 10 13 2
e 11 14 2
e 12 15 1
e 12 20 1
e 13 16 1
e 13 21 1
e 14 17 1
e 14 22 1
e 15 16 2
e 15 23 1
e 16 24 1
e 17 19 2
e 17 25 1
e 18 19 1
e 18 26 1
e 19 27 1
t # 33368
v 0 1
v 1 1
v 2 1
v 3 1
v 4 2
v 5 3
v 6 3
v 7 3
v 8 3
v 9 3
v 10 3
v 11 3
v 12 3
v 13 3
v 14 3
v 15 3
v 16 3
v 17 3
v 18 3
v 19 4
v 20 4
v 21 4
v 22 4
v 23 4
v 24 4
v 25 4
v 26 4
v 27 4
v 28 4
v 29 4
v 30 4
v 31 4
v 32 4
v 33 4
e 0 11 1
e 0 15 1
e 1 12 1
e 1 16 1
e 2 11 2
e 3 12 2
e 4 5 1
e 4 8 1
e 4 10 1
e 5 6 2
e 5 9 1
e 6 7 1
e 6 11 1
e 7 8 2
e 7 12 1
e 8 19 1
e 9 13 2
e 9 20 1
e 10 14 2
e 10 21 1
e 13 14 1
e 13 22 1
e 14 23 1
e 15 17 1
e 15 24 1
e 15 25 1
e 16 18 1
e 16 26 1
e 16 27 1
e 17 28 1
e 17 29 1
e 17 30 1
e 18 31 1
e 18 32 1
e 18 33 1
t # 33369
v 0 11
v 1 1
v 2 1
v 3 1
v 4 1
v 5 1
v 6 2
v 7 2
v 8 2
v 9 2
v 10 2
v 11 3
v 12 3
v 13 3
v 14 3
v 15 3
v 16 3
v 17 3
v 18 3
v 19 3
v 20 3
v 21 4
v 22 4
v 23 4
v 24 4
v 25 4
v 26 4
v 27 4
v 28 4
v 29 4
v 30 4
v 31 4
v 32 4
v 33 4
e 0 2 2
e 0 3 2
e 0 18 1
e 1 33 1
e 6 12 1
e 6 19 2
e 7 15 2
e 7 19 1
e 8 14 1
e 9 15 1
e 9 29 1
e 9 30 1
e 10 19 1
e 10 31 1
e 10 32 1
e 11 12 2
e 11 13 1
e 11 15 1
e 12 16 1
e 13 14 2
e 13 21 1
e 14 17 1
e 16 17 2
e 16 22 1
e 17 23 1
e 18 20 1
e 18 24 1
e 18 25 1
e 20 26 1
e 20 27 1
e 20 28 1
t # 33370
v 0 1
v 1 1
v 2 1
v 3 2
v 4 2
v 5 3
v 6 3
v 7 3
v 8 3
v 9 3
v 10 3
v 11 3
v 12 3
v 13 3
v 14 3
v 15 4
v 16 4
v 17 4
v 18 4
v 19 4
v 20 4
v 21 4
v 22 4
v 23 4
v 24 4
v 25 4
v 26 4
e 0 8 1
e 0 14 1
e 1 11 1
e 1 26 1
e 2 14 2
e 3 4 1
e 3 5 1
e 3 7 1
e 4 8 2
e 5 6 2
e 5 10 1
e 6 8 1
e 6 9 1
e 7 11 1
e 7 15 1
e 7 16 1
e 9 12 2
e 9 13 1
e 10 17 1
e 10 18 1
e 10 19 1
e 11 20 1
e 11 21 1
e 12 14 1
e 12 22 1
e 13 23 1
e 13 24 1
e 13 25 1
t # 33371
v 0 1
v 1 1
v 2 1
v 3 3
v 4 3
v 5 3
v 6 3
v 7 3
v 8 3
v 9 3
v 10 3
v 11 3
v 12 3
v 13 4
v 14 4
v 15 4
v 16 4
v 17 4
v 18 4
v 19 4
v 20 4
v 21 4
v 22 4
v 23 4
v 24 4
v 25 4
v 26 4
e 0 5 1
e 0 11 1
e 1 5 1
e 1 12 1
e 2 8 1
e 2 26 1
e 3 4 1
e 3 5 1
e 3 6 2
e 4 7 2
e 4 8 1
e 5 13 1
e 6 9 1
e 6 14 1
e 7 10 1
e 7 15 1
e 8 16 1
e 8 17 1
e 9 10 2
e 9 18 1
e 10 19 1
e 11 20 1
e 11 21 1
e 11 22 1
e 12 23 1
e 12 24 1
e 12 25 1
t # 33372
v 0 1
v 1 1
v 2 1
v 3 1
v 4 1
v 5 1
v 6 2
v 7 2
v 8 3
v 9 3
v 10 3
v 11 3
v 12 3
v 13 3
v 14 3
v 15 3
v 16 3
v 17 3
v 18 3
v 19 3
v 20 3
v 21 3
v 22 3
v 23 3
v 24 3
v 25 3
v 26 3
v 27 3
v 28 4
v 29 4
v 30 4
v 31 4
v 32 4
v 33 4
v 34 4
v 35 4
v 36 4
v 37 4
v 38 4
v 39 4
v 40 4
v 41 4
v 42 4
v 43 4
v 44 4
v 45 4
e 0 12 1
e 0 25 1
e 1 13 1
e 1 26 1
e 2 12 2
e 3 13 2
e 4 21 1
e 4 27 1
e 5 21 2
e 6 7 1
e 6 11 1
e 6 21 1
e 7 10 2
e 8 9 1
e 8 10 1
e 8 12 1
e 8 13 1
e 9 11 1
e 9 15 2
e 10 14 1
e 11 16 2
e 14 19 2
e 14 20 1
e 15 17 1
e 15 28 1
e 16 18 1
e 16 29 1
e 17 18 2
e 17 30 1
e 18 31 1
e 19 22 1
e 19 32 1
e 20 23 2
e 20 33 1
e 22 24 2
e 22 34 1
e 23 24 1
e 23 35 1
e 24 36 1
e 25 37 1
e 25 38 1
e 25 39 1
e 26 40 1
e 26 41 1
e 26 42 1
e 27 43 1
e 27 44 1
e 27 45 1
t # 33373
v 0 2
v 1 2
v 2 3
v 3 3
v 4 3
v 5 3
v 6 3
v 7 3
v 8 3
v 9 3
v 10 3
v 11 3
v 12 3
v 13 3
v 14 3
v 15 3
v 16 3
v 17 3
v 18 4
v 19 4
v 20 4
v 21 4
v 22 4
v 23 4
v 24 4
v 25 4
v 26 4
v 27 4
v 28 4
v 29 4
v 30 4
v 31 4
v 32 4
v 33 4
e 0 1 1
e 0 5 1
e 0 11 1
e 1 4 2
e 2 3 1
e 2 4 1
e 2 6 1
e 2 18 1
e 3 5 1
e 3 8 2
e 4 7 1
e 5 9 2
e 6 19 1
e 6 20 1
e 6 21 1
e 7 13 2
e 7 14 1
e 8 10 1
e 8 22 1
e 9 12 1
e 9 23 1
e 10 12 2
e 10 24 1
e 11 25 1
e 11 26 1
e 11 27 1
e 12 28 1
e 13 15 1
e 13 29 1
e 14 16 2
e 14 30 1
e 15 17 2
e 15 31 1
e 16 17 1
e 16 32 1
e 17 33 1
t # 33374
v 0 1
v 1 1
v 2 2
v 3 2
v 4 2
v 5 3
v 6 3
v 7 3
v 8 3
v 9 3
v 10 3
v 11 3
v 12 3
v 13 3
v 14 3
v 15 3
v 16 3
v 17 3
v 18 3
v 19 3
v 20 3
v 21 4
v 22 4
v 23 4
v 24 4
v 25 4
v 26 4
v 27 4
v 28 4
v 29 4
v 30 4
v 31 4
v 32 4
v 33 4
v 34 4
v 35 4
v 36 4
v 37 4
e 0 7 2
e 1 13 2
e 2 5 1
e 2 6 1
e 2 7 1
e 3 14 2
e 3 16 1
e 4 19 2
e 4 20 1
e 5 10 1
e 5 21 1
e 5 22 1
e 6 11 1
e 6 23 1
e 6 24 1
e 7 8 1
e 8 9 2
e 8 12 1
e 9 13 1
e 9 14 1
e 10 25 1
e 10 26 1
e 10 27 1
e 11 28 1
e 11 29 1
e 11 30 1
e 12 16 2
e 12 31 1
e 13 15 1
e 14 32 1
e 15 17 2
e 15 18 1
e 16 33 1
e 17 19 1
e 17 34 1
e 18 20 2
e 18 35 1
e 19 36 1
e 20 37 1
t # 33375
v 0 1
v 1 1
v 2 2
v 3 2
v 4 2
v 5 3
v 6 3
v 7 3
v 8 3
v 9 3
v 10 3
v 11 3
v 12 3
v 13 3
v 14 3
v 15 3
v 16 3
v 17 3
v 18 3
v 19 3
v 20 3
v 21 3
v 22 3
v 23 4
v 24 4
v 25 4
v 26 4
v 27 4
v 28 4
v 29 4
v 30 4
v 31 4
v 32 4
v 33 4
v 34 4
v 35 4
v 36 4
v 37 4
v 38 4
v 39 4
v 40 4
v 41 4
v 42 4
v 43 4
e 0 11 2
e 1 15 2
e 2 5 1
e 2 6 1
e 2 11 1
e 3 12 1
e 3 16 2
e 4 18 1
e 4 21 2
e 5 7 1
e 5 8 1
e 5 23 1
e 6 9 1
e 6 10 1
e 6 24 1
e 7 25 1
e 7 26 1
e 7 27 1
e 8 28 1
e 8 29 1
e 8 30 1
e 9 31 1
e 9 32 1
e 9 33 1
e 10 34 1
e 10 35 1
e 10 36 1
e 11 12 1
e 12 13 2
e 13 14 1
e 13 15 1
e 14 17 2
e 14 37 1
e 15 18 1
e 16 17 1
e 16 38 1
e 17 39 1
e 18 19 2
e 19 20 1
e 19 40 1
e 20 22 2
e 20 41 1
e 21 22 1
e 21 42 1
e 22 43 1
t # 33376
v 0 1
v 1 1
v 2 1
v 3 1
v 4 1
v 5 2
v 6 2
v 7 3
v 8 3
v 9 3
v 10 3
v 11 3
v 12 3
v 13 3
v 14 3
v 15 3
v 16 3
v 17 3
v 18 3
v 19 3
v 20 3
v 21 3
v 22 3
v 23 3
v 24 3
v 25 4
v 26 4
v 27 4
v 28 4
v 29 4
v 30 4
v 31 4
v 32 4
v 33 4
v 34 4
v 35 4
v 36 4
v 37 4
v 38 4
v 39 4
v 40 4
v 41 4
v 42 4
v 43 4
v 44 4
e 0 9 1
e 0 12 1
e 1 11 1
e 1 15 1
e 2 8 1
e 2 38 1
e 3 9 2
e 4 15 2
e 5 7 1
e 5 15 1
e 5 28 1
e 6 14 1
e 6 23 2
e 7 8 1
e 7 9 1
e 7 25 1
e 8 26 1
e 8 27 1
e 10 11 1
e 10 14 1
e 10 29 1
e 10 30 1
e 11 31 1
e 11 32 1
e 12 13 1
e 12 33 1
e 12 34 1
e 13 16 2
e 13 17 1
e 14 18 2
e 16 19 1
e 16 35 1
e 17 20 2
e 17 36 1
e 18 21 1
e 18 37 1
e 19 22 2
e 19 39 1
e 20 22 1
e 20 40 1
e 21 24 2
e 21 41 1
e 22 42 1
e 23 24 1
e 23 43 1
e 24 44 1
t # 33377
v 0 1
v 1 1
v 2 1
v 3 2
v 4 2
v 5 2
v 6 2
v 7 2
v 8 3
v 9 3
v 10 3
v 11 3
v 12 3
v 13 3
v 14 3
v 15 3
v 16 3
v 17 3
v 18 4
v 19 4
v 20 4
v 21 4
v 22 4
v 23 4
v 24 4
v 25 4
v 26 4
v 27 4
v 28 4
v 29 4
v 30 4
v 31 4
v 32 4
e 0 9 1
e 0 11 1
e 1 12 1
e 1 28 1
e 2 15 1
e 2 32 1
e 3 8 1
e 3 10 1
e 3 14 1
e 4 13 1
e 4 14 2
e 5 10 2
e 5 17 1
e 6 16 1
e 6 17 2
e 7 16 1
e 7 30 1
e 7 31 1
e 8 9 1
e 8 18 1
e 8 19 1
e 9 20 1
e 9 21 1
e 10 13 1
e 11 12 1
e 11 22 1
e 11 23 1
e 12 15 1
e 12 24 1
e 13 16 2
e 14 25 1
e 15 26 1
e 15 27 1
e 17 29 1
t # 33378
v 0 1
v 1 1
v 2 1
v 3 1
v 4 1
v 5 2
v 6 2
v 7 2
v 8 3
v 9 3
v 10 3
v 11 3
v 12 3
v 13 3
v 14 3
v 15 3
v 16 3
v 17 3
v 18 3
v 19 3
v 20 3
v 21 3
v 22 3
v 23 3
v 24 3
v 25 3
v 26 3
v 27 3
v 28 3
v 29 3
v 30 3
v 31 3
v 32 3
v 33 3
v 34 3
v 35 4
v 36 4
v 37 4
v 38 4
v 39 4
v 40 4
v 41 4
v 42 4
v 43 4
v 44 4
v 45 4
v 46 4
v 47 4
v 48 4
v 49 4
v 50 4
v 51 4
v 52 4
v 53 4
v 54 4
v 55 4
v 56 4
v 57 4
v 58 4
v 59 4
v 60 4
v 61 4
v 62 4
v 63 4
v 64 4
v 65 4
v 66 4
v 67 4
v 68 4
v 69 4
v 70 4
v 71 4
e 0 16 1
e 0 17 1
e 1 12 2
e 2 17 2
e 3 22 1
e 3 27 1
e 4 22 2
e 5 11 1
e 5 12 1
e 5 40 1
e 6 9 1
e 6 22 1
e 6 49 1
e 7 30 1
e 7 33 2
e 8 9 1
e 8 10 1
e 8 35 1
e 8 36 1
e 9 12 1
e 9 37 1
e 10 14 1
e 10 15 1
e 10 38 1
e 11 13 1
e 11 17 1
e 11 39 1
e 13 18 1
e 13 41 1
e 13 42 1
e 14 43 1
e 14 44 1
e 14 45 1
e 15 46 1
e 15 47 1
e 15 48 1
e 16 19 1
e 16 20 1
e 16 21 1
e 18 23 2
e 18 24 1
e 19 50 1
e 19 51 1
e 19 52 1
e 20 53 1
e 20 54 1
e 20 55 1
e 21 56 1
e 21 57 1
e 21 58 1
e 23 25 1
e 23 59 1
e 24 26 2
e 24 60 1
e 25 28 2
e 25 61 1
e 26 28 1
e 26 62 1
e 27 29 1
e 27 63 1
e 27 64 1
e 28 65 1
e 29 30 1
e 29 66 1
e 29 67 1
e 30 31 2
e 31 32 1
e 31 68 1
e 32 34 2
e 32 69 1
e 33 34 1
e 33 70 1
e 34 71 1
t # 33379
v 0 1
v 1 1
v 2 1
v 3 1
v 4 2
v 5 3
v 6 3
v 7 3
v 8 3
v 9 3
v 10 3
v 11 3
v 12 3
v 13 3
v 14 3
v 15 3
v 16 3
v 17 3
v 18 3
v 19 3
v 20 3
v 21 3
v 22 3
v 23 3
v 24 4
v 25 4
v 26 4
v 27 4
v 28 4
v 29 4
v 30 4
v 31 4
v 32 4
v 33 4
v 34 4
v 35 4
v 36 4
v 37 4
v 38 4
v 39 4
v 40 4
v 41 4
v 42 4
v 43 4
v 44 4
v 45 4
v 46 4
v 47 4
v 48 4
v 49 4
v 50 4
v 51 4
v 52 4
e 0 19 1
e 0 21 1
e 1 20 1
e 1 21 1
e 2 19 2
e 3 20 2
e 4 5 1
e 4 6 1
e 4 17 1
e 5 7 1
e 5 8 1
e 5 24 1
e 6 9 1
e 6 10 1
e 6 25 1
e 7 11 1
e 7 26 1
e 7 27 1
e 8 12 1
e 8 28 1
e 8 29 1
e 9 13 1
e 9 30 1
e 9 31 1
e 10 14 1
e 10 32 1
e 10 33 1
e 11 15 1
e 11 34 1
e 11 35 1
e 12 15 1
e 12 36 1
e 12 37 1
e 13 16 1
e 13 38 1
e 13 39 1
e 14 16 1
e 14 40 1
e 14 41 1
e 15 42 1
e 15 43 1
e 16 44 1
e 16 45 1
e 17 18 2
e 17 46 1
e 18 19 1
e 18 20 1
e 21 22 1
e 21 23 1
e 22 47 1
e 22 48 1
e 22 49 1
e 23 50 1
e 23 51 1
e 23 52 1
t # 33380
v 0 11
v 1 2
v 2 2
v 3 3
v 4 3
v 5 3
v 6 3
v 7 3
v 8 3
v 9 3
v 10 3
v 11 3
v 12 3
v 13 3
v 14 3
v 15 3
v 16 3
v 17 3
v 18 3
v 19 3
v 20 3
v 21 3
v 22 4
v 23 4
v 24 4
v 25 4
v 26 4
v 27 4
v 28 4
v 29 4
v 30 4
v 31 4
v 32 4
v 33 4
v 34 4
v 35 4
v 36 4
v 37 4
v 38 4
v 39 4
v 40 4
v 41 4
e 0 3 1
e 0 9 1
e 1 5 1
e 1 10 1
e 1 31 1
e 2 9 2
e 2 13 1
e 3 4 1
e 3 6 1
e 3 7 1
e 4 5 1
e 4 22 1
e 4 23 1
e 5 8 2
e 6 24 1
e 6 25 1
e 6 26 1
e 7 27 1
e 7 28 1
e 7 29 1
e 8 9 1
e 8 30 1
e 10 11 2
e 10 12 1
e 11 14 1
e 11 32 1
e 12 15 2
e 12 33 1
e 13 16 2
e 13 17 1
e 14 18 2
e 14 34 1
e 15 18 1
e 15 35 1
e 16 19 1
e 16 36 1
e 17 20 2
e 17 37 1
e 18 38 1
e 19 21 2
e 19 39 1
e 20 21 1
e 20 40 1
e 21 41 1
t # 33381
v 0 11
v 1 2
v 2 2
v 3 3
v 4 3
v 5 3
v 6 3
v 7 3
v 8 3
v 9 3
v 10 3
v 11 3
v 12 3
v 13 3
v 14 3
v 15 3
v 16 3
v 17 3
v 18 4
v 19 4
v 20 4
v 21 4
v 22 4
v 23 4
v 24 4
v 25 4
v 26 4
v 27 4
v 28 4
v 29 4
v 30 4
v 31 4
v 32 4
v 33 4
v 34 4
v 35 4
v 36 4
v 37 4
e 0 3 1
e 0 9 1
e 1 5 1
e 1 10 1
e 1 11 1
e 2 9 2
e 2 12 1
e 3 4 1
e 3 6 1
e 3 7 1
e 4 5 1
e 4 18 1
e 4 19 1
e 5 8 2
e 6 20 1
e 6 21 1
e 6 22 1
e 7 23 1
e 7 24 1
e 7 25 1
e 8 9 1
e 8 26 1
e 10 27 1
e 10 28 1
e 10 29 1
e 11 30 1
e 11 31 1
e 11 32 1
e 12 13 2
e 12 14 1
e 13 15 1
e 13 33 1
e 14 16 2
e 14 34 1
e 15 17 2
e 15 35 1
e 16 17 1
e 16 36 1
e 17 37 1
t # 33382
v 0 11
v 1 11
v 2 1
v 3 1
v 4 1
v 5 1
v 6 3
v 7 3
v 8 3
v 9 3
v 10 3
v 11 3
v 12 3
v 13 3
v 14 3
v 15 3
v 16 3
v 17 3
v 18 3
v 19 3
v 20 3
v 21 3
v 22 3
v 23 3
v 24 3
v 25 3
v 26 3
v 27 3
v 28 4
v 29 4
v 30 4
v 31 4
v 32 4
v 33 4
v 34 4
v 35 4
v 36 4
v 37 4
v 38 4
v 39 4
v 40 4
v 41 4
v 42 4
v 43 4
e 0 6 1
e 0 8 1
e 1 7 1
e 1 9 1
e 2 14 1
e 2 36 1
e 3 15 1
e 3 37 1
e 4 12 2
e 5 13 2
e 6 9 1
e 6 10 1
e 6 12 1
e 7 8 1
e 7 11 1
e 7 13 1
e 8 28 1
e 8 29 1
e 9 30 1
e 9 31 1
e 10 14 2
e 10 16 1
e 11 15 2
e 11 17 1
e 12 14 1
e 13 15 1
e 16 18 2
e 16 20 1
e 17 19 2
e 17 21 1
e 18 22 1
e 18 32 1
e 19 23 1
e 19 33 1
e 20 24 2
e 20 34 1
e 21 25 2
e 21 35 1
e 22 26 2
e 22 38 1
e 23 27 2
e 23 39 1
e 24 26 1
e 24 40 1
e 25 27 1
e 25 41 1
e 26 42 1
e 27 43 1
t # 33383
v 0 11
v 1 1
v 2 1
v 3 1
v 4 3
v 5 3
v 6 3
v 7 3
v 8 3
v 9 3
v 10 3
v 11 3
v 12 3
v 13 3
v 14 4
v 15 4
v 16 4
v 17 4
v 18 4
v 19 4
v 20 4
v 21 4
v 22 4
v 23 4
v 24 4
v 25 4
v 26 4
v 27 4
e 0 2 2
e 0 4 1
e 0 6 1
e 1 5 1
e 1 23 1
e 3 8 1
e 3 27 1
e 4 5 1
e 4 14 1
e 4 15 1
e 5 8 1
e 5 16 1
e 6 7 1
e 6 17 1
e 6 18 1
e 7 9 2
e 7 10 1
e 8 19 1
e 8 20 1
e 9 11 1
e 9 21 1
e 10 12 2
e 10 22 1
e 11 13 2
e 11 24 1
e 12 13 1
e 12 25 1
e 13 26 1
t # 33384
v 0 11
v 1 1
v 2 1
v 3 1
v 4 3
v 5 3
v 6 3
v 7 3
v 8 3
v 9 3
v 10 3
v 11 3
v 12 3
v 13 3
v 14 3
v 15 4
v 16 4
v 17 4
v 18 4
v 19 4
v 20 4
v 21 4
v 22 4
v 23 4
v 24 4
v 25 4
v 26 4
v 27 4
v 28 4
e 0 2 2
e 0 4 1
e 0 5 1
e 1 7 1
e 1 13 1
e 3 13 2
e 4 6 1
e 4 15 1
e 4 16 1
e 5 7 1
e 5 17 1
e 5 18 1
e 6 8 2
e 6 9 1
e 7 19 1
e 7 20 1
e 8 10 1
e 8 21 1
e 9 11 2
e 9 22 1
e 10 12 2
e 10 23 1
e 11 12 1
e 11 24 1
e 12 25 1
e 13 14 1
e 14 26 1
e 14 27 1
e 14 28 1
t # 33385
v 0 1
v 1 1
v 2 1
v 3 1
v 4 2
v 5 3
v 6 3
v 7 3
v 8 3
v 9 3
v 10 3
v 11 3
v 12 3
v 13 3
v 14 3
v 15 3
v 16 3
v 17 3
v 18 3
v 19 3
v 20 3
v 21 3
v 22 3
v 23 4
v 24 4
v 25 4
v 26 4
v 27 4
v 28 4
v 29 4
v 30 4
v 31 4
v 32 4
v 33 4
v 34 4
v 35 4
e 0 19 1
e 0 20 1
e 1 20 1
e 1 35 1
e 2 14 2
e 3 16 2
e 4 7 1
e 4 17 2
e 5 6 1
e 5 7 1
e 5 8 2
e 6 9 1
e 6 11 2
e 7 12 2
e 8 15 1
e 8 23 1
e 9 13 2
e 9 24 1
e 10 14 1
e 10 16 1
e 10 20 2
e 11 17 1
e 11 25 1
e 12 18 1
e 12 26 1
e 13 14 1
e 13 27 1
e 15 18 2
e 15 28 1
e 16 21 1
e 17 29 1
e 18 30 1
e 19 21 2
e 19 22 1
e 21 31 1
e 22 32 1
e 22 33 1
e 22 34 1
t # 33386
v 0 12
v 1 12
v 2 1
v 3 2
v 4 2
v 5 2
v 6 2
v 7 3
v 8 3
v 9 3
v 10 3
v 11 3
v 12 3
v 13 3
v 14 3
v 15 3
v 16 3
v 17 3
v 18 3
v 19 3
v 20 3
v 21 3
v 22 3
v 23 3
v 24 3
v 25 4
v 26 4
v 27 4
v 28 4
v 29 4
v 30 4
v 31 4
v 32 4
v 33 4
v 34 4
v 35 4
v 36 4
v 37 4
v 38 4
v 39 4
v 40 4
e 0 21 1
e 1 22 1
e 2 7 1
e 2 30 1
e 3 8 1
e 3 13 1
e 3 17 1
e 4 9 1
e 4 14 1
e 4 18 1
e 5 21 2
e 5 23 1
e 6 22 2
e 6 24 1
e 7 8 1
e 7 9 1
e 7 10 1
e 8 11 2
e 9 12 2
e 10 25 1
e 10 26 1
e 10 27 1
e 11 15 1
e 11 28 1
e 12 16 1
e 12 29 1
e 13 15 2
e 13 19 1
e 14 16 2
e 14 20 1
e 15 21 1
e 16 22 1
e 17 31 1
e 17 32 1
e 17 33 1
e 18 34 1
e 18 35 1
e 18 36 1
e 19 23 2
e 19 37 1
e 20 24 2
e 20 38 1
e 23 39 1
e 24 40 1
t # 33387
v 0 12
v 1 1
v 2 2
v 3 2
v 4 3
v 5 3
v 6 3
v 7 3
v 8 3
v 9 3
v 10 3
v 11 3
v 12 3
v 13 4
v 14 4
v 15 4
v 16 4
v 17 4
v 18 4
v 19 4
e 0 10 1
e 1 12 2
e 2 4 1
e 2 6 1
e 2 8 1
e 3 10 2
e 3 11 1
e 4 5 2
e 4 9 1
e 5 7 1
e 5 10 1
e 6 7 2
e 6 12 1
e 7 13 1
e 8 14 1
e 8 15 1
e 8 16 1
e 9 11 2
e 9 17 1
e 11 18 1
e 12 19 1
t # 33388
v 0 12
v 1 1
v 2 1
v 3 2
v 4 3
v 5 3
v 6 3
v 7 3
v 8 3
v 9 3
v 10 3
v 11 3
v 12 4
v 13 4
v 14 4
v 15 4
e 0 9 1
e 1 5 1
e 1 7 1
e 2 11 2
e 3 9 2
e 3 10 1
e 4 5 2
e 4 6 1
e 4 9 1
e 5 8 1
e 6 7 2
e 6 12 1
e 7 11 1
e 8 10 2
e 8 13 1
e 10 14 1
e 11 15 1
t # 33389
v 0 14
v 1 14
v 2 14
v 3 1
v 4 1
v 5 1
v 6 2
v 7 2
v 8 2
v 9 3
v 10 3
v 11 3
v 12 3
v 13 3
v 14 3
v 15 3
v 16 3
v 17 3
v 18 3
v 19 3
v 20 3
v 21 3
v 22 3
v 23 4
v 24 4
v 25 4
v 26 4
v 27 4
v 28 4
v 29 4
v 30 4
v 31 4
v 32 4
v 33 4
v 34 4
e 3 13 2
e 4 14 2
e 5 15 2
e 6 9 1
e 6 11 1
e 6 14 1
e 7 9 1
e 7 15 1
e 7 17 1
e 8 14 1
e 8 15 1
e 8 21 1
e 9 10 1
e 9 23 1
e 10 13 1
e 10 24 1
e 10 25 1
e 11 12 2
e 11 16 1
e 12 13 1
e 12 18 1
e 16 19 2
e 16 26 1
e 17 27 1
e 17 28 1
e 17 29 1
e 18 20 2
e 18 30 1
e 19 20 1
e 19 22 1
e 20 31 1
e 21 32 1
e 21 33 1
e 21 34 1
t # 33390
v 0 1
v 1 1
v 2 1
v 3 2
v 4 2
v 5 2
v 6 2
v 7 2
v 8 3
v 9 3
v 10 3
v 11 3
v 12 3
v 13 3
v 14 3
v 15 3
v 16 3
v 17 3
v 18 3
v 19 3
v 20 3
v 21 3
v 22 3
v 23 4
v 24 4
v 25 4
v 26 4
v 27 4
v 28 4
v 29 4
v 30 4
v 31 4
v 32 4
v 33 4
v 34 4
v 35 4
v 36 4
v 37 4
e 0 12 2
e 1 13 2
e 2 15 2
e 3 8 1
e 3 10 1
e 3 13 1
e 4 8 1
e 4 15 1
e 4 18 1
e 5 13 1
e 5 15 1
e 5 20 1
e 6 17 1
e 6 21 1
e 6 22 1
e 7 14 1
e 7 21 2
e 8 9 1
e 8 23 1
e 9 12 1
e 9 24 1
e 9 25 1
e 10 11 2
e 10 16 1
e 11 12 1
e 11 14 1
e 14 17 2
e 16 19 2
e 16 26 1
e 17 19 1
e 18 27 1
e 18 28 1
e 18 29 1
e 19 30 1
e 20 31 1
e 20 32 1
e 20 33 1
e 21 34 1
e 22 35 1
e 22 36 1
e 22 37 1
t # 33391
v 0 11
v 1 11
v 2 11
v 3 1
v 4 1
v 5 1
v 6 1
v 7 2
v 8 2
v 9 3
v 10 3
v 11 3
v 12 3
v 13 3
v 14 3
v 15 3
v 16 3
v 17 3
v 18 3
v 19 3
v 20 3
v 21 4
v 22 4
v 23 4
v 24 4
v 25 4
v 26 4
v 27 4
v 28 4
v 29 4
v 30 4
v 31 4
v 32 4
e 0 3 2
e 0 4 2
e 0 9 1
e 0 10 1
e 1 9 1
e 1 13 1
e 2 10 1
e 2 14 1
e 5 17 2
e 6 18 2
e 7 13 1
e 7 17 1
e 7 25 1
e 8 14 1
e 8 18 1
e 8 26 1
e 9 11 2
e 10 12 2
e 11 15 1
e 11 21 1
e 12 16 1
e 12 22 1
e 13 15 2
e 14 16 2
e 15 23 1
e 16 24 1
e 17 19 1
e 18 20 1
e 19 27 1
e 19 28 1
e 19 29 1
e 20 30 1
e 20 31 1
e 20 32 1
t # 33392
v 0 12
v 1 1
v 2 2
v 3 2
v 4 2
v 5 2
v 6 2
v 7 3
v 8 3
v 9 3
v 10 3
v 11 3
v 12 3
v 13 3
v 14 3
v 15 3
v 16 3
v 17 4
v 18 4
v 19 4
v 20 4
v 21 4
v 22 4
v 23 4
v 24 4
v 25 4
v 26 4
v 27 4
v 28 4
v 29 4
v 30 4
v 31 4
v 32 4
e 0 15 1
e 1 10 1
e 1 11 1
e 2 7 1
e 2 8 1
e 2 9 1
e 3 12 1
e 3 13 1
e 3 29 1
e 4 13 1
e 4 16 2
e 5 14 1
e 5 30 1
e 5 31 1
e 6 15 2
e 6 16 1
e 7 10 1
e 7 17 1
e 7 18 1
e 8 11 1
e 8 19 1
e 8 20 1
e 9 12 1
e 9 21 1
e 9 22 1
e 10 23 1
e 10 24 1
e 11 25 1
e 11 26 1
e 12 27 1
e 12 28 1
e 13 14 2
e 14 15 1
e 16 32 1
t # 33393
v 0 1
v 1 1
v 2 2
v 3 2
v 4 2
v 5 2
v 6 2
v 7 3
v 8 3
v 9 3
v 10 3
v 11 3
v 12 3
v 13 3
v 14 3
v 15 3
v 16 3
v 17 3
v 18 3
v 19 3
v 20 4
v 21 4
v 22 4
v 23 4
v 24 4
v 25 4
v 26 4
v 27 4
v 28 4
v 29 4
v 30 4
v 31 4
v 32 4
v 33 4
v 34 4
v 35 4
v 36 4
e 0 11 1
e 0 12 1
e 1 14 2
e 2 7 1
e 2 8 1
e 2 9 1
e 3 10 1
e 3 13 1
e 3 14 1
e 4 15 1
e 4 16 2
e 5 13 2
e 5 19 1
e 6 18 1
e 6 19 2
e 7 10 1
e 7 20 1
e 7 21 1
e 8 11 1
e 8 22 1
e 8 23 1
e 9 12 1
e 9 24 1
e 9 25 1
e 10 26 1
e 10 27 1
e 11 28 1
e 11 29 1
e 12 30 1
e 12 31 1
e 13 15 1
e 14 16 1
e 15 18 2
e 16 17 1
e 17 32 1
e 17 33 1
e 17 34 1
e 18 35 1
e 19 36 1
t # 33394
v 0 1
v 1 1
v 2 1
v 3 1
v 4 2
v 5 3
v 6 3
v 7 3
v 8 3
v 9 3
v 10 3
v 11 4
v 12 4
v 13 4
v 14 4
v 15 4
v 16 4
v 17 4
v 18 4
v 19 4
e 0 8 1
e 0 18 1
e 1 8 2
e 2 10 1
e 2 19 1
e 3 10 2
e 4 5 1
e 4 14 1
e 4 15 1
e 5 6 1
e 5 8 1
e 5 11 1
e 6 7 1
e 6 9 2
e 7 10 1
e 7 12 1
e 7 13 1
e 9 16 1
e 9 17 1
t # 33395
v 0 1
v 1 1
v 2 2
v 3 2
v 4 3
v 5 3
v 6 3
v 7 3
v 8 3
v 9 3
v 10 4
v 11 4
v 12 4
v 13 4
v 14 4
v 15 4
v 16 4
v 17 4
v 18 4
v 19 4
v 20 4
v 21 4
e 0 9 1
e 0 21 1
e 1 9 2
e 2 3 1
e 2 7 1
e 2 8 1
e 3 5 2
e 4 5 1
e 4 6 1
e 4 10 1
e 4 11 1
e 5 9 1
e 6 12 1
e 6 13 1
e 6 14 1
e 7 15 1
e 7 16 1
e 7 17 1
e 8 18 1
e 8 19 1
e 8 20 1
t # 33396
v 0 1
v 1 3
v 2 3
v 3 3
v 4 3
v 5 3
v 6 3
v 7 3
v 8 3
v 9 3
v 10 3
v 11 3
v 12 4
v 13 4
v 14 4
v 15 4
v 16 4
v 17 4
v 18 4
v 19 4
v 20 4
v 21 4
v 22 4
v 23 4
v 24 4
v 25 4
v 26 4
v 27 4
v 28 4
v 29 4
e 0 9 1
e 0 11 1
e 1 2 1
e 1 4 1
e 1 5 1
e 1 6 1
e 2 3 1
e 2 7 2
e 3 9 1
e 3 12 1
e 3 13 1
e 4 14 1
e 4 15 1
e 4 16 1
e 5 17 1
e 5 18 1
e 5 19 1
e 6 20 1
e 6 21 1
e 6 22 1
e 7 8 1
e 7 23 1
e 8 10 1
e 8 24 1
e 8 25 1
e 9 10 2
e 10 26 1
e 11 27 1
e 11 28 1
e 11 29 1
t # 33397
v 0 12
v 1 1
v 2 1
v 3 2
v 4 3
v 5 3
v 6 3
v 7 3
v 8 3
v 9 3
v 10 3
v 11 3
v 12 3
v 13 3
v 14 3
v 15 4
v 16 4
v 17 4
v 18 4
v 19 4
v 20 4
v 21 4
v 22 4
v 23 4
v 24 4
e 0 10 1
e 1 6 1
e 1 13 1
e 2 7 1
e 2 14 1
e 3 5 2
e 3 12 1
e 4 5 1
e 4 8 1
e 4 10 2
e 5 6 1
e 6 7 2
e 7 9 1
e 8 9 2
e 8 15 1
e 9 16 1
e 10 11 1
e 11 12 2
e 11 17 1
e 12 18 1
e 13 19 1
e 13 20 1
e 13 21 1
e 14 22 1
e 14 23 1
e 14 24 1
t # 33398
v 0 1
v 1 1
v 2 1
v 3 2
v 4 3
v 5 3
v 6 3
v 7 3
v 8 3
v 9 3
v 10 3
v 11 3
v 12 3
v 13 3
v 14 3
v 15 4
v 16 4
v 17 4
v 18 4
v 19 4
v 20 4
v 21 4
v 22 4
v 23 4
v 24 4
v 25 4
e 0 6 1
e 0 13 1
e 1 7 1
e 1 14 1
e 2 9 2
e 3 4 1
e 3 11 1
e 3 16 1
e 4 5 2
e 4 6 1
e 5 8 1
e 5 9 1
e 6 7 2
e 7 10 1
e 8 10 2
e 8 15 1
e 9 12 1
e 10 17 1
e 11 12 2
e 11 18 1
e 12 19 1
e 13 20 1
e 13 21 1
e 13 22 1
e 14 23 1
e 14 24 1
e 14 25 1
t # 33399
v 0 1
v 1 1
v 2 2
v 3 2
v 4 2
v 5 3
v 6 3
v 7 3
v 8 3
v 9 3
v 10 3
v 11 3
v 12 3
v 13 3
v 14 3
v 15 3
v 16 3
v 17 3
v 18 3
v 19 3
v 20 4
v 21 4
v 22 4
v 23 4
v 24 4
v 25 4
v 26 4
v 27 4
v 28 4
v 29 4
v 30 4
v 31 4
v 32 4
v 33 4
v 34 4
v 35 4
v 36 4
v 37 4
v 38 4
v 39 4
v 40 4
v 41 4
v 42 4
e 0 13 2
e 1 14 2
e 2 5 1
e 2 13 1
e 2 38 1
e 3 6 1
e 3 14 1
e 3 39 1
e 4 15 2
e 4 16 1
e 5 7 1
e 5 8 1
e 5 9 1
e 6 10 1
e 6 11 1
e 6 12 1
e 7 20 1
e 7 21 1
e 7 22 1
e 8 23 1
e 8 24 1
e 8 25 1
e 9 26 1
e 9 27 1
e 9 28 1
e 10 29 1
e 10 30 1
e 10 31 1
e 11 32 1
e 11 33 1
e 11 34 1
e 12 35 1
e 12 36 1
e 12 37 1
e 13 15 1
e 14 16 1
e 15 17 1
e 16 18 2
e 17 19 2
e 17 40 1
e 18 19 1
e 18 41 1
e 19 42 1
